"age", "time", "value"
0.00000000,1765.00000000,2.02500000
0.00000000,1766.00000000,2.02500000
0.00000000,1767.00000000,2.02500000
0.00000000,1768.00000000,2.02500000
0.00000000,1769.00000000,2.02500000
0.00000000,1770.00000000,2.02500000
0.00000000,1771.00000000,2.02500000
0.00000000,1772.00000000,2.02500000
0.00000000,1773.00000000,2.02500000
0.00000000,1774.00000000,2.02500000
0.00000000,1775.00000000,2.02500000
0.00000000,1776.00000000,2.02500000
0.00000000,1777.00000000,2.02500000
0.00000000,1778.00000000,2.02500000
0.00000000,1779.00000000,2.02500000
0.00000000,1780.00000000,2.02500000
0.00000000,1781.00000000,2.02500000
0.00000000,1782.00000000,2.02500000
0.00000000,1783.00000000,2.02500000
0.00000000,1784.00000000,2.02500000
0.00000000,1785.00000000,2.02500000
0.00000000,1786.00000000,2.02500000
0.00000000,1787.00000000,2.02500000
0.00000000,1788.00000000,2.02500000
0.00000000,1789.00000000,2.02500000
0.00000000,1790.00000000,2.02500000
0.00000000,1791.00000000,2.02500000
0.00000000,1792.00000000,2.02500000
0.00000000,1793.00000000,2.02500000
0.00000000,1794.00000000,2.02500000
0.00000000,1795.00000000,2.02500000
0.00000000,1796.00000000,2.02500000
0.00000000,1797.00000000,2.02500000
0.00000000,1798.00000000,2.02500000
0.00000000,1799.00000000,2.02500000
0.00000000,1800.00000000,2.02500000
0.00000000,1801.00000000,2.02500000
0.00000000,1802.00000000,2.02500000
0.00000000,1803.00000000,2.02500000
0.00000000,1804.00000000,2.02500000
0.00000000,1805.00000000,2.02500000
0.00000000,1806.00000000,2.02500000
0.00000000,1807.00000000,2.02500000
0.00000000,1808.00000000,2.02500000
0.00000000,1809.00000000,2.02500000
0.00000000,1810.00000000,2.02500000
0.00000000,1811.00000000,2.02500000
0.00000000,1812.00000000,2.02500000
0.00000000,1813.00000000,2.02500000
0.00000000,1814.00000000,2.02500000
0.00000000,1815.00000000,2.02500000
0.00000000,1816.00000000,2.02500000
0.00000000,1817.00000000,2.02500000
0.00000000,1818.00000000,2.02500000
0.00000000,1819.00000000,2.02500000
0.00000000,1820.00000000,2.02500000
0.00000000,1821.00000000,2.02500000
0.00000000,1822.00000000,2.02500000
0.00000000,1823.00000000,2.02500000
0.00000000,1824.00000000,2.02500000
0.00000000,1825.00000000,2.02500000
0.00000000,1826.00000000,2.02500000
0.00000000,1827.00000000,2.02500000
0.00000000,1828.00000000,2.02500000
0.00000000,1829.00000000,2.02500000
0.00000000,1830.00000000,2.02500000
0.00000000,1831.00000000,2.02500000
0.00000000,1832.00000000,2.02500000
0.00000000,1833.00000000,2.02500000
0.00000000,1834.00000000,2.02500000
0.00000000,1835.00000000,2.02500000
0.00000000,1836.00000000,2.02500000
0.00000000,1837.00000000,2.02500000
0.00000000,1838.00000000,2.02500000
0.00000000,1839.00000000,2.02500000
0.00000000,1840.00000000,2.02500000
0.00000000,1841.00000000,2.02500000
0.00000000,1842.00000000,2.02500000
0.00000000,1843.00000000,2.02500000
0.00000000,1844.00000000,2.02500000
0.00000000,1845.00000000,2.02500000
0.00000000,1846.00000000,2.02500000
0.00000000,1847.00000000,2.02500000
0.00000000,1848.00000000,2.02500000
0.00000000,1849.00000000,2.02500000
0.00000000,1850.00000000,2.02500000
0.00000000,1851.00000000,2.02500000
0.00000000,1852.00000000,2.02500000
0.00000000,1853.00000000,2.02500000
0.00000000,1854.00000000,2.02500000
0.00000000,1855.00000000,2.02500000
0.00000000,1856.00000000,2.02500000
0.00000000,1857.00000000,2.02500000
0.00000000,1858.00000000,2.02500000
0.00000000,1859.00000000,2.02500000
0.00000000,1860.00000000,2.02500000
0.00000000,1861.00000000,2.02500000
0.00000000,1862.00000000,2.02500000
0.00000000,1863.00000000,2.02500000
0.00000000,1864.00000000,2.02500000
0.00000000,1865.00000000,2.02500000
0.00000000,1866.00000000,2.02500000
0.00000000,1867.00000000,2.02500000
0.00000000,1868.00000000,2.02500000
0.00000000,1869.00000000,2.02500000
0.00000000,1870.00000000,2.02500000
0.00000000,1871.00000000,2.02500000
0.00000000,1872.00000000,2.02500000
0.00000000,1873.00000000,2.02500000
0.00000000,1874.00000000,2.02500000
0.00000000,1875.00000000,2.02500000
0.00000000,1876.00000000,2.02500000
0.00000000,1877.00000000,2.02500000
0.00000000,1878.00000000,2.02500000
0.00000000,1879.00000000,2.02500000
0.00000000,1880.00000000,2.02500000
0.00000000,1881.00000000,2.02500000
0.00000000,1882.00000000,2.02500000
0.00000000,1883.00000000,2.02500000
0.00000000,1884.00000000,2.02500000
0.00000000,1885.00000000,2.02500000
0.00000000,1886.00000000,2.02500000
0.00000000,1887.00000000,2.02500000
0.00000000,1888.00000000,2.02500000
0.00000000,1889.00000000,2.02500000
0.00000000,1890.00000000,2.02500000
0.00000000,1891.00000000,2.02500000
0.00000000,1892.00000000,2.02500000
0.00000000,1893.00000000,2.02500000
0.00000000,1894.00000000,2.02500000
0.00000000,1895.00000000,2.02500000
0.00000000,1896.00000000,2.02500000
0.00000000,1897.00000000,2.02500000
0.00000000,1898.00000000,2.02500000
0.00000000,1899.00000000,2.02500000
0.00000000,1900.00000000,2.02500000
0.00000000,1901.00000000,2.02500000
0.00000000,1902.00000000,2.02500000
0.00000000,1903.00000000,2.02500000
0.00000000,1904.00000000,2.02500000
0.00000000,1905.00000000,2.02500000
0.00000000,1906.00000000,2.02500000
0.00000000,1907.00000000,2.02500000
0.00000000,1908.00000000,2.02500000
0.00000000,1909.00000000,2.02500000
0.00000000,1910.00000000,2.02500000
0.00000000,1911.00000000,2.02500000
0.00000000,1912.00000000,2.02500000
0.00000000,1913.00000000,2.02500000
0.00000000,1914.00000000,2.02500000
0.00000000,1915.00000000,2.02500000
0.00000000,1916.00000000,2.02500000
0.00000000,1917.00000000,2.02500000
0.00000000,1918.00000000,2.02500000
0.00000000,1919.00000000,2.02500000
0.00000000,1920.00000000,2.02500000
0.00000000,1921.00000000,2.02500000
0.00000000,1922.00000000,2.02500000
0.00000000,1923.00000000,2.02500000
0.00000000,1924.00000000,2.02500000
0.00000000,1925.00000000,2.02500000
0.00000000,1926.00000000,2.02500000
0.00000000,1927.00000000,2.02500000
0.00000000,1928.00000000,2.02500000
0.00000000,1929.00000000,2.02500000
0.00000000,1930.00000000,2.02500000
0.00000000,1931.00000000,2.02500000
0.00000000,1932.00000000,2.02500000
0.00000000,1933.00000000,2.02500000
0.00000000,1934.00000000,2.02500000
0.00000000,1935.00000000,2.02500000
0.00000000,1936.00000000,2.02500000
0.00000000,1937.00000000,2.02500000
0.00000000,1938.00000000,2.02500000
0.00000000,1939.00000000,2.02500000
0.00000000,1940.00000000,2.02500000
0.00000000,1941.00000000,2.02500000
0.00000000,1942.00000000,2.02500000
0.00000000,1943.00000000,2.02500000
0.00000000,1944.00000000,2.02500000
0.00000000,1945.00000000,2.02500000
0.00000000,1946.00000000,2.02500000
0.00000000,1947.00000000,2.02500000
0.00000000,1948.00000000,2.02500000
0.00000000,1949.00000000,2.02500000
0.00000000,1950.00000000,2.02500000
0.00000000,1951.00000000,2.02500000
0.00000000,1952.00000000,2.02500000
0.00000000,1953.00000000,2.02500000
0.00000000,1954.00000000,2.02500000
0.00000000,1955.00000000,2.02500000
0.00000000,1956.00000000,2.02500000
0.00000000,1957.00000000,2.02500000
0.00000000,1958.00000000,2.02500000
0.00000000,1959.00000000,2.02500000
0.00000000,1960.00000000,2.02500000
0.00000000,1961.00000000,2.02500000
0.00000000,1962.00000000,2.02500000
0.00000000,1963.00000000,2.02500000
0.00000000,1964.00000000,2.02500000
0.00000000,1965.00000000,2.02500000
0.00000000,1966.00000000,2.02500000
0.00000000,1967.00000000,2.02500000
0.00000000,1968.00000000,2.02500000
0.00000000,1969.00000000,2.02500000
0.00000000,1970.00000000,2.02500000
0.00000000,1971.00000000,2.02500000
0.00000000,1972.00000000,2.02500000
0.00000000,1973.00000000,2.02500000
0.00000000,1974.00000000,2.02500000
0.00000000,1975.00000000,2.02500000
0.00000000,1976.00000000,2.02500000
0.00000000,1977.00000000,2.02500000
0.00000000,1978.00000000,2.02500000
0.00000000,1979.00000000,2.02500000
0.00000000,1980.00000000,2.02500000
0.00000000,1981.00000000,2.02500000
0.00000000,1982.00000000,2.02500000
0.00000000,1983.00000000,2.02500000
0.00000000,1984.00000000,2.02500000
0.00000000,1985.00000000,2.02500000
0.00000000,1986.00000000,2.02500000
0.00000000,1987.00000000,2.02500000
0.00000000,1988.00000000,2.02500000
0.00000000,1989.00000000,2.02500000
0.00000000,1990.00000000,2.02500000
0.00000000,1991.00000000,2.02500000
0.00000000,1992.00000000,2.02500000
0.00000000,1993.00000000,2.02500000
0.00000000,1994.00000000,2.02500000
0.00000000,1995.00000000,2.02500000
0.00000000,1996.00000000,2.02500000
0.00000000,1997.00000000,2.02500000
0.00000000,1998.00000000,2.02500000
0.00000000,1999.00000000,2.02500000
0.00000000,2000.00000000,2.02500000
0.00000000,2001.00000000,2.02500000
0.00000000,2002.00000000,2.02500000
0.00000000,2003.00000000,2.02500000
0.00000000,2004.00000000,2.02500000
0.00000000,2005.00000000,2.02500000
0.00000000,2006.00000000,2.02500000
0.00000000,2007.00000000,2.02500000
0.00000000,2008.00000000,2.02500000
0.00000000,2009.00000000,2.02500000
0.00000000,2010.00000000,2.02500000
0.00000000,2011.00000000,2.02500000
0.00000000,2012.00000000,2.02500000
0.00000000,2013.00000000,2.02500000
0.00000000,2014.00000000,2.02500000
0.00000000,2015.00000000,2.02500000
0.00000000,2016.00000000,2.02500000
0.00000000,2017.00000000,2.02500000
0.00000000,2018.00000000,2.02500000
0.00000000,2019.00000000,2.02500000
0.00000000,2020.00000000,2.02500000
0.00000000,2021.00000000,2.02500000
0.00000000,2022.00000000,2.02500000
0.00000000,2023.00000000,2.02500000
0.00000000,2024.00000000,2.02500000
0.00000000,2025.00000000,2.02500000
0.00000000,2026.00000000,2.02500000
0.00000000,2027.00000000,2.02500000
0.00000000,2028.00000000,2.02500000
0.00000000,2029.00000000,2.02500000
0.00000000,2030.00000000,2.02500000
0.00000000,2031.00000000,2.02500000
0.00000000,2032.00000000,2.02500000
0.00000000,2033.00000000,2.02500000
0.00000000,2034.00000000,2.02500000
0.00000000,2035.00000000,2.02500000
0.00000000,2036.00000000,2.02500000
0.00000000,2037.00000000,2.02500000
0.00000000,2038.00000000,2.02500000
0.00000000,2039.00000000,2.02500000
0.00000000,2040.00000000,2.02500000
0.00000000,2041.00000000,2.02500000
0.00000000,2042.00000000,2.02500000
0.00000000,2043.00000000,2.02500000
0.00000000,2044.00000000,2.02500000
0.00000000,2045.00000000,2.02500000
0.00000000,2046.00000000,2.02500000
0.00000000,2047.00000000,2.02500000
0.00000000,2048.00000000,2.02500000
0.00000000,2049.00000000,2.02500000
0.00000000,2050.00000000,2.02500000
0.00000000,2051.00000000,2.02500000
0.00000000,2052.00000000,2.02500000
0.00000000,2053.00000000,2.02500000
0.00000000,2054.00000000,2.02500000
0.00000000,2055.00000000,2.02500000
0.00000000,2056.00000000,2.02500000
0.00000000,2057.00000000,2.02500000
0.00000000,2058.00000000,2.02500000
0.00000000,2059.00000000,2.02500000
0.00000000,2060.00000000,2.02500000
0.00000000,2061.00000000,2.02500000
0.00000000,2062.00000000,2.02500000
0.00000000,2063.00000000,2.02500000
0.00000000,2064.00000000,2.02500000
0.00000000,2065.00000000,2.02500000
0.00000000,2066.00000000,2.02500000
0.00000000,2067.00000000,2.02500000
0.00000000,2068.00000000,2.02500000
0.00000000,2069.00000000,2.02500000
0.00000000,2070.00000000,2.02500000
0.00000000,2071.00000000,2.02500000
0.00000000,2072.00000000,2.02500000
0.00000000,2073.00000000,2.02500000
0.00000000,2074.00000000,2.02500000
0.00000000,2075.00000000,2.02500000
0.00000000,2076.00000000,2.02500000
0.00000000,2077.00000000,2.02500000
0.00000000,2078.00000000,2.02500000
0.00000000,2079.00000000,2.02500000
0.00000000,2080.00000000,2.02500000
0.00000000,2081.00000000,2.02500000
0.00000000,2082.00000000,2.02500000
0.00000000,2083.00000000,2.02500000
0.00000000,2084.00000000,2.02500000
0.00000000,2085.00000000,2.02500000
0.00000000,2086.00000000,2.02500000
0.00000000,2087.00000000,2.02500000
0.00000000,2088.00000000,2.02500000
0.00000000,2089.00000000,2.02500000
0.00000000,2090.00000000,2.02500000
0.00000000,2091.00000000,2.02500000
0.00000000,2092.00000000,2.02500000
0.00000000,2093.00000000,2.02500000
0.00000000,2094.00000000,2.02500000
0.00000000,2095.00000000,2.02500000
0.00000000,2096.00000000,2.02500000
0.00000000,2097.00000000,2.02500000
0.00000000,2098.00000000,2.02500000
0.00000000,2099.00000000,2.02500000
0.00000000,2100.00000000,2.02500000
0.00000000,2101.00000000,2.02500000
0.00000000,2102.00000000,2.02500000
0.00000000,2103.00000000,2.02500000
0.00000000,2104.00000000,2.02500000
0.00000000,2105.00000000,2.02500000
0.00000000,2106.00000000,2.02500000
0.00000000,2107.00000000,2.02500000
0.00000000,2108.00000000,2.02500000
0.00000000,2109.00000000,2.02500000
0.00000000,2110.00000000,2.02500000
0.00000000,2111.00000000,2.02500000
0.00000000,2112.00000000,2.02500000
0.00000000,2113.00000000,2.02500000
0.00000000,2114.00000000,2.02500000
0.00000000,2115.00000000,2.02500000
0.00000000,2116.00000000,2.02500000
0.00000000,2117.00000000,2.02500000
0.00000000,2118.00000000,2.02500000
0.00000000,2119.00000000,2.02500000
0.00000000,2120.00000000,2.02500000
0.00000000,2121.00000000,2.02500000
0.00000000,2122.00000000,2.02500000
0.00000000,2123.00000000,2.02500000
0.00000000,2124.00000000,2.02500000
0.00000000,2125.00000000,2.02500000
0.00000000,2126.00000000,2.02500000
0.00000000,2127.00000000,2.02500000
0.00000000,2128.00000000,2.02500000
0.00000000,2129.00000000,2.02500000
0.00000000,2130.00000000,2.02500000
0.00000000,2131.00000000,2.02500000
0.00000000,2132.00000000,2.02500000
0.00000000,2133.00000000,2.02500000
0.00000000,2134.00000000,2.02500000
0.00000000,2135.00000000,2.02500000
0.00000000,2136.00000000,2.02500000
0.00000000,2137.00000000,2.02500000
0.00000000,2138.00000000,2.02500000
0.00000000,2139.00000000,2.02500000
0.00000000,2140.00000000,2.02500000
0.00000000,2141.00000000,2.02500000
0.00000000,2142.00000000,2.02500000
0.00000000,2143.00000000,2.02500000
0.00000000,2144.00000000,2.02500000
0.00000000,2145.00000000,2.02500000
0.00000000,2146.00000000,2.02500000
0.00000000,2147.00000000,2.02500000
0.00000000,2148.00000000,2.02500000
0.00000000,2149.00000000,2.02500000
0.00000000,2150.00000000,2.02500000
0.00000000,2151.00000000,2.02500000
0.00000000,2152.00000000,2.02500000
0.00000000,2153.00000000,2.02500000
0.00000000,2154.00000000,2.02500000
0.00000000,2155.00000000,2.02500000
0.00000000,2156.00000000,2.02500000
0.00000000,2157.00000000,2.02500000
0.00000000,2158.00000000,2.02500000
0.00000000,2159.00000000,2.02500000
0.00000000,2160.00000000,2.02500000
0.00000000,2161.00000000,2.02500000
0.00000000,2162.00000000,2.02500000
0.00000000,2163.00000000,2.02500000
0.00000000,2164.00000000,2.02500000
0.00000000,2165.00000000,2.02500000
0.00000000,2166.00000000,2.02500000
0.00000000,2167.00000000,2.02500000
0.00000000,2168.00000000,2.02500000
0.00000000,2169.00000000,2.02500000
0.00000000,2170.00000000,2.02500000
0.00000000,2171.00000000,2.02500000
0.00000000,2172.00000000,2.02500000
0.00000000,2173.00000000,2.02500000
0.00000000,2174.00000000,2.02500000
0.00000000,2175.00000000,2.02500000
0.00000000,2176.00000000,2.02500000
0.00000000,2177.00000000,2.02500000
0.00000000,2178.00000000,2.02500000
0.00000000,2179.00000000,2.02500000
0.00000000,2180.00000000,2.02500000
0.00000000,2181.00000000,2.02500000
0.00000000,2182.00000000,2.02500000
0.00000000,2183.00000000,2.02500000
0.00000000,2184.00000000,2.02500000
0.00000000,2185.00000000,2.02500000
0.00000000,2186.00000000,2.02500000
0.00000000,2187.00000000,2.02500000
0.00000000,2188.00000000,2.02500000
0.00000000,2189.00000000,2.02500000
0.00000000,2190.00000000,2.02500000
0.00000000,2191.00000000,2.02500000
0.00000000,2192.00000000,2.02500000
0.00000000,2193.00000000,2.02500000
0.00000000,2194.00000000,2.02500000
0.00000000,2195.00000000,2.02500000
0.00000000,2196.00000000,2.02500000
0.00000000,2197.00000000,2.02500000
0.00000000,2198.00000000,2.02500000
0.00000000,2199.00000000,2.02500000
0.00000000,2200.00000000,2.02500000
0.00000000,2201.00000000,2.02500000
0.00000000,2202.00000000,2.02500000
0.00000000,2203.00000000,2.02500000
0.00000000,2204.00000000,2.02500000
0.00000000,2205.00000000,2.02500000
0.00000000,2206.00000000,2.02500000
0.00000000,2207.00000000,2.02500000
0.00000000,2208.00000000,2.02500000
0.00000000,2209.00000000,2.02500000
0.00000000,2210.00000000,2.02500000
0.00000000,2211.00000000,2.02500000
0.00000000,2212.00000000,2.02500000
0.00000000,2213.00000000,2.02500000
0.00000000,2214.00000000,2.02500000
0.00000000,2215.00000000,2.02500000
0.00000000,2216.00000000,2.02500000
0.00000000,2217.00000000,2.02500000
0.00000000,2218.00000000,2.02500000
0.00000000,2219.00000000,2.02500000
0.00000000,2220.00000000,2.02500000
0.00000000,2221.00000000,2.02500000
0.00000000,2222.00000000,2.02500000
0.00000000,2223.00000000,2.02500000
0.00000000,2224.00000000,2.02500000
0.00000000,2225.00000000,2.02500000
0.00000000,2226.00000000,2.02500000
0.00000000,2227.00000000,2.02500000
0.00000000,2228.00000000,2.02500000
0.00000000,2229.00000000,2.02500000
0.00000000,2230.00000000,2.02500000
0.00000000,2231.00000000,2.02500000
0.00000000,2232.00000000,2.02500000
0.00000000,2233.00000000,2.02500000
0.00000000,2234.00000000,2.02500000
0.00000000,2235.00000000,2.02500000
0.00000000,2236.00000000,2.02500000
0.00000000,2237.00000000,2.02500000
0.00000000,2238.00000000,2.02500000
0.00000000,2239.00000000,2.02500000
0.00000000,2240.00000000,2.02500000
0.00000000,2241.00000000,2.02500000
0.00000000,2242.00000000,2.02500000
0.00000000,2243.00000000,2.02500000
0.00000000,2244.00000000,2.02500000
0.00000000,2245.00000000,2.02500000
0.00000000,2246.00000000,2.02500000
0.00000000,2247.00000000,2.02500000
0.00000000,2248.00000000,2.02500000
0.00000000,2249.00000000,2.02500000
0.00000000,2250.00000000,2.02500000
0.00000000,2251.00000000,2.02500000
0.00000000,2252.00000000,2.02500000
0.00000000,2253.00000000,2.02500000
0.00000000,2254.00000000,2.02500000
0.00000000,2255.00000000,2.02500000
0.00000000,2256.00000000,2.02500000
0.00000000,2257.00000000,2.02500000
0.00000000,2258.00000000,2.02500000
0.00000000,2259.00000000,2.02500000
0.00000000,2260.00000000,2.02500000
0.00000000,2261.00000000,2.02500000
0.00000000,2262.00000000,2.02500000
0.00000000,2263.00000000,2.02500000
0.00000000,2264.00000000,2.02500000
0.00000000,2265.00000000,2.02500000
0.00000000,2266.00000000,2.02500000
0.00000000,2267.00000000,2.02500000
0.00000000,2268.00000000,2.02500000
0.00000000,2269.00000000,2.02500000
0.00000000,2270.00000000,2.02500000
0.00000000,2271.00000000,2.02500000
0.00000000,2272.00000000,2.02500000
0.00000000,2273.00000000,2.02500000
0.00000000,2274.00000000,2.02500000
0.00000000,2275.00000000,2.02500000
0.00000000,2276.00000000,2.02500000
0.00000000,2277.00000000,2.02500000
0.00000000,2278.00000000,2.02500000
0.00000000,2279.00000000,2.02500000
0.00000000,2280.00000000,2.02500000
0.00000000,2281.00000000,2.02500000
0.00000000,2282.00000000,2.02500000
0.00000000,2283.00000000,2.02500000
0.00000000,2284.00000000,2.02500000
0.00000000,2285.00000000,2.02500000
0.00000000,2286.00000000,2.02500000
0.00000000,2287.00000000,2.02500000
0.00000000,2288.00000000,2.02500000
0.00000000,2289.00000000,2.02500000
0.00000000,2290.00000000,2.02500000
0.00000000,2291.00000000,2.02500000
0.00000000,2292.00000000,2.02500000
0.00000000,2293.00000000,2.02500000
0.00000000,2294.00000000,2.02500000
0.00000000,2295.00000000,2.02500000
0.00000000,2296.00000000,2.02500000
0.00000000,2297.00000000,2.02500000
0.00000000,2298.00000000,2.02500000
0.00000000,2299.00000000,2.02500000
0.00000000,2300.00000000,2.02500000
0.00000000,2301.00000000,2.02500000
0.00000000,2302.00000000,2.02500000
0.00000000,2303.00000000,2.02500000
0.00000000,2304.00000000,2.02500000
0.00000000,2305.00000000,2.02500000
0.00000000,2306.00000000,2.02500000
0.00000000,2307.00000000,2.02500000
0.00000000,2308.00000000,2.02500000
0.00000000,2309.00000000,2.02500000
0.00000000,2310.00000000,2.02500000
0.00000000,2311.00000000,2.02500000
0.00000000,2312.00000000,2.02500000
0.00000000,2313.00000000,2.02500000
0.00000000,2314.00000000,2.02500000
0.00000000,2315.00000000,2.02500000
0.00000000,2316.00000000,2.02500000
0.00000000,2317.00000000,2.02500000
0.00000000,2318.00000000,2.02500000
0.00000000,2319.00000000,2.02500000
0.00000000,2320.00000000,2.02500000
0.00000000,2321.00000000,2.02500000
0.00000000,2322.00000000,2.02500000
0.00000000,2323.00000000,2.02500000
0.00000000,2324.00000000,2.02500000
0.00000000,2325.00000000,2.02500000
0.00000000,2326.00000000,2.02500000
0.00000000,2327.00000000,2.02500000
0.00000000,2328.00000000,2.02500000
0.00000000,2329.00000000,2.02500000
0.00000000,2330.00000000,2.02500000
0.00000000,2331.00000000,2.02500000
0.00000000,2332.00000000,2.02500000
0.00000000,2333.00000000,2.02500000
0.00000000,2334.00000000,2.02500000
0.00000000,2335.00000000,2.02500000
0.00000000,2336.00000000,2.02500000
0.00000000,2337.00000000,2.02500000
0.00000000,2338.00000000,2.02500000
0.00000000,2339.00000000,2.02500000
0.00000000,2340.00000000,2.02500000
0.00000000,2341.00000000,2.02500000
0.00000000,2342.00000000,2.02500000
0.00000000,2343.00000000,2.02500000
0.00000000,2344.00000000,2.02500000
0.00000000,2345.00000000,2.02500000
0.00000000,2346.00000000,2.02500000
0.00000000,2347.00000000,2.02500000
0.00000000,2348.00000000,2.02500000
0.00000000,2349.00000000,2.02500000
0.00000000,2350.00000000,2.02500000
0.00000000,2351.00000000,2.02500000
0.00000000,2352.00000000,2.02500000
0.00000000,2353.00000000,2.02500000
0.00000000,2354.00000000,2.02500000
0.00000000,2355.00000000,2.02500000
0.00000000,2356.00000000,2.02500000
0.00000000,2357.00000000,2.02500000
0.00000000,2358.00000000,2.02500000
0.00000000,2359.00000000,2.02500000
0.00000000,2360.00000000,2.02500000
0.00000000,2361.00000000,2.02500000
0.00000000,2362.00000000,2.02500000
0.00000000,2363.00000000,2.02500000
0.00000000,2364.00000000,2.02500000
0.00000000,2365.00000000,2.02500000
0.00000000,2366.00000000,2.02500000
0.00000000,2367.00000000,2.02500000
0.00000000,2368.00000000,2.02500000
0.00000000,2369.00000000,2.02500000
0.00000000,2370.00000000,2.02500000
0.00000000,2371.00000000,2.02500000
0.00000000,2372.00000000,2.02500000
0.00000000,2373.00000000,2.02500000
0.00000000,2374.00000000,2.02500000
0.00000000,2375.00000000,2.02500000
0.00000000,2376.00000000,2.02500000
0.00000000,2377.00000000,2.02500000
0.00000000,2378.00000000,2.02500000
0.00000000,2379.00000000,2.02500000
0.00000000,2380.00000000,2.02500000
0.00000000,2381.00000000,2.02500000
0.00000000,2382.00000000,2.02500000
0.00000000,2383.00000000,2.02500000
0.00000000,2384.00000000,2.02500000
0.00000000,2385.00000000,2.02500000
0.00000000,2386.00000000,2.02500000
0.00000000,2387.00000000,2.02500000
0.00000000,2388.00000000,2.02500000
0.00000000,2389.00000000,2.02500000
0.00000000,2390.00000000,2.02500000
0.00000000,2391.00000000,2.02500000
0.00000000,2392.00000000,2.02500000
0.00000000,2393.00000000,2.02500000
0.00000000,2394.00000000,2.02500000
0.00000000,2395.00000000,2.02500000
0.00000000,2396.00000000,2.02500000
0.00000000,2397.00000000,2.02500000
0.00000000,2398.00000000,2.02500000
0.00000000,2399.00000000,2.02500000
0.00000000,2400.00000000,2.02500000
0.00000000,2401.00000000,2.02500000
0.00000000,2402.00000000,2.02500000
0.00000000,2403.00000000,2.02500000
0.00000000,2404.00000000,2.02500000
0.00000000,2405.00000000,2.02500000
0.00000000,2406.00000000,2.02500000
0.00000000,2407.00000000,2.02500000
0.00000000,2408.00000000,2.02500000
0.00000000,2409.00000000,2.02500000
0.00000000,2410.00000000,2.02500000
0.00000000,2411.00000000,2.02500000
0.00000000,2412.00000000,2.02500000
0.00000000,2413.00000000,2.02500000
0.00000000,2414.00000000,2.02500000
0.00000000,2415.00000000,2.02500000
0.00000000,2416.00000000,2.02500000
0.00000000,2417.00000000,2.02500000
0.00000000,2418.00000000,2.02500000
0.00000000,2419.00000000,2.02500000
0.00000000,2420.00000000,2.02500000
0.00000000,2421.00000000,2.02500000
0.00000000,2422.00000000,2.02500000
0.00000000,2423.00000000,2.02500000
0.00000000,2424.00000000,2.02500000
0.00000000,2425.00000000,2.02500000
0.00000000,2426.00000000,2.02500000
0.00000000,2427.00000000,2.02500000
0.00000000,2428.00000000,2.02500000
0.00000000,2429.00000000,2.02500000
0.00000000,2430.00000000,2.02500000
0.00000000,2431.00000000,2.02500000
0.00000000,2432.00000000,2.02500000
0.00000000,2433.00000000,2.02500000
0.00000000,2434.00000000,2.02500000
0.00000000,2435.00000000,2.02500000
0.00000000,2436.00000000,2.02500000
0.00000000,2437.00000000,2.02500000
0.00000000,2438.00000000,2.02500000
0.00000000,2439.00000000,2.02500000
0.00000000,2440.00000000,2.02500000
0.00000000,2441.00000000,2.02500000
0.00000000,2442.00000000,2.02500000
0.00000000,2443.00000000,2.02500000
0.00000000,2444.00000000,2.02500000
0.00000000,2445.00000000,2.02500000
0.00000000,2446.00000000,2.02500000
0.00000000,2447.00000000,2.02500000
0.00000000,2448.00000000,2.02500000
0.00000000,2449.00000000,2.02500000
0.00000000,2450.00000000,2.02500000
0.00000000,2451.00000000,2.02500000
0.00000000,2452.00000000,2.02500000
0.00000000,2453.00000000,2.02500000
0.00000000,2454.00000000,2.02500000
0.00000000,2455.00000000,2.02500000
0.00000000,2456.00000000,2.02500000
0.00000000,2457.00000000,2.02500000
0.00000000,2458.00000000,2.02500000
0.00000000,2459.00000000,2.02500000
0.00000000,2460.00000000,2.02500000
0.00000000,2461.00000000,2.02500000
0.00000000,2462.00000000,2.02500000
0.00000000,2463.00000000,2.02500000
0.00000000,2464.00000000,2.02500000
0.00000000,2465.00000000,2.02500000
0.00000000,2466.00000000,2.02500000
0.00000000,2467.00000000,2.02500000
0.00000000,2468.00000000,2.02500000
0.00000000,2469.00000000,2.02500000
0.00000000,2470.00000000,2.02500000
0.00000000,2471.00000000,2.02500000
0.00000000,2472.00000000,2.02500000
0.00000000,2473.00000000,2.02500000
0.00000000,2474.00000000,2.02500000
0.00000000,2475.00000000,2.02500000
0.00000000,2476.00000000,2.02500000
0.00000000,2477.00000000,2.02500000
0.00000000,2478.00000000,2.02500000
0.00000000,2479.00000000,2.02500000
0.00000000,2480.00000000,2.02500000
0.00000000,2481.00000000,2.02500000
0.00000000,2482.00000000,2.02500000
0.00000000,2483.00000000,2.02500000
0.00000000,2484.00000000,2.02500000
0.00000000,2485.00000000,2.02500000
0.00000000,2486.00000000,2.02500000
0.00000000,2487.00000000,2.02500000
0.00000000,2488.00000000,2.02500000
0.00000000,2489.00000000,2.02500000
0.00000000,2490.00000000,2.02500000
0.00000000,2491.00000000,2.02500000
0.00000000,2492.00000000,2.02500000
0.00000000,2493.00000000,2.02500000
0.00000000,2494.00000000,2.02500000
0.00000000,2495.00000000,2.02500000
0.00000000,2496.00000000,2.02500000
0.00000000,2497.00000000,2.02500000
0.00000000,2498.00000000,2.02500000
0.00000000,2499.00000000,2.02500000
0.00000000,2500.00000000,2.02500000
1.00000000,1765.00000000,1.76385706
1.00000000,1766.00000000,1.76385659
1.00000000,1767.00000000,1.76387145
1.00000000,1768.00000000,1.76386926
1.00000000,1769.00000000,1.76386605
1.00000000,1770.00000000,1.76386189
1.00000000,1771.00000000,1.76385681
1.00000000,1772.00000000,1.76385607
1.00000000,1773.00000000,1.76384909
1.00000000,1774.00000000,1.76384131
1.00000000,1775.00000000,1.76383271
1.00000000,1776.00000000,1.76382337
1.00000000,1777.00000000,1.76381334
1.00000000,1778.00000000,1.76380258
1.00000000,1779.00000000,1.76379120
1.00000000,1780.00000000,1.76377914
1.00000000,1781.00000000,1.76376645
1.00000000,1782.00000000,1.76375847
1.00000000,1783.00000000,1.76374446
1.00000000,1784.00000000,1.76372991
1.00000000,1785.00000000,1.76371486
1.00000000,1786.00000000,1.76369927
1.00000000,1787.00000000,1.76368323
1.00000000,1788.00000000,1.76366675
1.00000000,1789.00000000,1.76364979
1.00000000,1790.00000000,1.76363245
1.00000000,1791.00000000,1.76361464
1.00000000,1792.00000000,1.76360172
1.00000000,1793.00000000,1.76358304
1.00000000,1794.00000000,1.76356394
1.00000000,1795.00000000,1.76354451
1.00000000,1796.00000000,1.76352479
1.00000000,1797.00000000,1.76350469
1.00000000,1798.00000000,1.76348957
1.00000000,1799.00000000,1.76346878
1.00000000,1800.00000000,1.76344762
1.00000000,1801.00000000,1.76343152
1.00000000,1802.00000000,1.76340967
1.00000000,1803.00000000,1.76339810
1.00000000,1804.00000000,1.76337025
1.00000000,1805.00000000,1.76334754
1.00000000,1806.00000000,1.76332463
1.00000000,1807.00000000,1.76330682
1.00000000,1808.00000000,1.76328337
1.00000000,1809.00000000,1.76325975
1.00000000,1810.00000000,1.76323598
1.00000000,1811.00000000,1.76321199
1.00000000,1812.00000000,1.76319317
1.00000000,1813.00000000,1.76316876
1.00000000,1814.00000000,1.76314417
1.00000000,1815.00000000,1.76311948
1.00000000,1816.00000000,1.76309988
1.00000000,1817.00000000,1.76307999
1.00000000,1818.00000000,1.76305986
1.00000000,1819.00000000,1.76303415
1.00000000,1820.00000000,1.76300835
1.00000000,1821.00000000,1.76298249
1.00000000,1822.00000000,1.76295648
1.00000000,1823.00000000,1.76293568
1.00000000,1824.00000000,1.76291467
1.00000000,1825.00000000,1.76288808
1.00000000,1826.00000000,1.76286674
1.00000000,1827.00000000,1.76283987
1.00000000,1828.00000000,1.76281820
1.00000000,1829.00000000,1.76279111
1.00000000,1830.00000000,1.76276377
1.00000000,1831.00000000,1.76276803
1.00000000,1832.00000000,1.76273450
1.00000000,1833.00000000,1.76270622
1.00000000,1834.00000000,1.76268323
1.00000000,1835.00000000,1.76265481
1.00000000,1836.00000000,1.76263150
1.00000000,1837.00000000,1.76262388
1.00000000,1838.00000000,1.76259452
1.00000000,1839.00000000,1.76257033
1.00000000,1840.00000000,1.76254600
1.00000000,1841.00000000,1.76252673
1.00000000,1842.00000000,1.76250186
1.00000000,1843.00000000,1.76248211
1.00000000,1844.00000000,1.76245671
1.00000000,1845.00000000,1.76243636
1.00000000,1846.00000000,1.76242628
1.00000000,1847.00000000,1.76239444
1.00000000,1848.00000000,1.76237841
1.00000000,1849.00000000,1.76235136
1.00000000,1850.00000000,1.76233459
1.00000000,1851.00000000,1.76232302
1.00000000,1852.00000000,1.76228962
1.00000000,1853.00000000,1.76226916
1.00000000,1854.00000000,1.76224044
1.00000000,1855.00000000,1.76225422
1.00000000,1856.00000000,1.76222563
1.00000000,1857.00000000,1.76221329
1.00000000,1858.00000000,1.76217937
1.00000000,1859.00000000,1.76214544
1.00000000,1860.00000000,1.76213248
1.00000000,1861.00000000,1.76213460
1.00000000,1862.00000000,1.76211572
1.00000000,1863.00000000,1.76209047
1.00000000,1864.00000000,1.76209589
1.00000000,1865.00000000,1.76210702
1.00000000,1866.00000000,1.76211230
1.00000000,1867.00000000,1.76209596
1.00000000,1868.00000000,1.76210745
1.00000000,1869.00000000,1.76210168
1.00000000,1870.00000000,1.76210653
1.00000000,1871.00000000,1.76210009
1.00000000,1872.00000000,1.76211088
1.00000000,1873.00000000,1.76215472
1.00000000,1874.00000000,1.76215850
1.00000000,1875.00000000,1.76204821
1.00000000,1876.00000000,1.76206572
1.00000000,1877.00000000,1.76202343
1.00000000,1878.00000000,1.76198078
1.00000000,1879.00000000,1.76192953
1.00000000,1880.00000000,1.76194356
1.00000000,1881.00000000,1.76201827
1.00000000,1882.00000000,1.76198823
1.00000000,1883.00000000,1.76199110
1.00000000,1884.00000000,1.76201160
1.00000000,1885.00000000,1.76196244
1.00000000,1886.00000000,1.76190816
1.00000000,1887.00000000,1.76186487
1.00000000,1888.00000000,1.76187419
1.00000000,1889.00000000,1.76197763
1.00000000,1890.00000000,1.76190852
1.00000000,1891.00000000,1.76199289
1.00000000,1892.00000000,1.76200561
1.00000000,1893.00000000,1.76194232
1.00000000,1894.00000000,1.76184664
1.00000000,1895.00000000,1.76184030
1.00000000,1896.00000000,1.76188423
1.00000000,1897.00000000,1.76187202
1.00000000,1898.00000000,1.76190005
1.00000000,1899.00000000,1.76194579
1.00000000,1900.00000000,1.76207745
1.00000000,1901.00000000,1.76212312
1.00000000,1902.00000000,1.76211366
1.00000000,1903.00000000,1.76207647
1.00000000,1904.00000000,1.76223024
1.00000000,1905.00000000,1.76214137
1.00000000,1906.00000000,1.76221609
1.00000000,1907.00000000,1.76230724
1.00000000,1908.00000000,1.76256501
1.00000000,1909.00000000,1.76222635
1.00000000,1910.00000000,1.76225593
1.00000000,1911.00000000,1.76227788
1.00000000,1912.00000000,1.76221060
1.00000000,1913.00000000,1.76228458
1.00000000,1914.00000000,1.76247207
1.00000000,1915.00000000,1.76182895
1.00000000,1916.00000000,1.76162829
1.00000000,1917.00000000,1.76182681
1.00000000,1918.00000000,1.76197043
1.00000000,1919.00000000,1.76172513
1.00000000,1920.00000000,1.76089645
1.00000000,1921.00000000,1.76143894
1.00000000,1922.00000000,1.76061976
1.00000000,1923.00000000,1.76071588
1.00000000,1924.00000000,1.76124528
1.00000000,1925.00000000,1.76106102
1.00000000,1926.00000000,1.76097738
1.00000000,1927.00000000,1.76086960
1.00000000,1928.00000000,1.76113256
1.00000000,1929.00000000,1.76098004
1.00000000,1930.00000000,1.76123102
1.00000000,1931.00000000,1.76056184
1.00000000,1932.00000000,1.75979677
1.00000000,1933.00000000,1.75916391
1.00000000,1934.00000000,1.75928590
1.00000000,1935.00000000,1.75958384
1.00000000,1936.00000000,1.75973192
1.00000000,1937.00000000,1.76012804
1.00000000,1938.00000000,1.76038550
1.00000000,1939.00000000,1.75986323
1.00000000,1940.00000000,1.75996573
1.00000000,1941.00000000,1.76036360
1.00000000,1942.00000000,1.76036896
1.00000000,1943.00000000,1.76022601
1.00000000,1944.00000000,1.76029830
1.00000000,1945.00000000,1.76007034
1.00000000,1946.00000000,1.75871062
1.00000000,1947.00000000,1.75896025
1.00000000,1948.00000000,1.75959254
1.00000000,1949.00000000,1.75979451
1.00000000,1950.00000000,1.75931011
1.00000000,1951.00000000,1.76019786
1.00000000,1952.00000000,1.76065324
1.00000000,1953.00000000,1.76049250
1.00000000,1954.00000000,1.76041388
1.00000000,1955.00000000,1.76021280
1.00000000,1956.00000000,1.76081080
1.00000000,1957.00000000,1.76114883
1.00000000,1958.00000000,1.76123373
1.00000000,1959.00000000,1.76113334
1.00000000,1960.00000000,1.76141085
1.00000000,1961.00000000,1.76159097
1.00000000,1962.00000000,1.76123829
1.00000000,1963.00000000,1.76134906
1.00000000,1964.00000000,1.76166532
1.00000000,1965.00000000,1.76202178
1.00000000,1966.00000000,1.76223071
1.00000000,1967.00000000,1.76253776
1.00000000,1968.00000000,1.76253616
1.00000000,1969.00000000,1.76289585
1.00000000,1970.00000000,1.76341612
1.00000000,1971.00000000,1.76424796
1.00000000,1972.00000000,1.76441619
1.00000000,1973.00000000,1.76463877
1.00000000,1974.00000000,1.76520178
1.00000000,1975.00000000,1.76454350
1.00000000,1976.00000000,1.76368204
1.00000000,1977.00000000,1.76438367
1.00000000,1978.00000000,1.76440496
1.00000000,1979.00000000,1.76403406
1.00000000,1980.00000000,1.76474365
1.00000000,1981.00000000,1.76365751
1.00000000,1982.00000000,1.76201294
1.00000000,1983.00000000,1.76103509
1.00000000,1984.00000000,1.76018139
1.00000000,1985.00000000,1.76036114
1.00000000,1986.00000000,1.76037592
1.00000000,1987.00000000,1.76042959
1.00000000,1988.00000000,1.76033581
1.00000000,1989.00000000,1.76057704
1.00000000,1990.00000000,1.76033834
1.00000000,1991.00000000,1.75971615
1.00000000,1992.00000000,1.75928241
1.00000000,1993.00000000,1.75775674
1.00000000,1994.00000000,1.75690526
1.00000000,1995.00000000,1.75664888
1.00000000,1996.00000000,1.75644438
1.00000000,1997.00000000,1.75626964
1.00000000,1998.00000000,1.75593398
1.00000000,1999.00000000,1.75485956
1.00000000,2000.00000000,1.75386007
1.00000000,2001.00000000,1.75384120
1.00000000,2002.00000000,1.75377712
1.00000000,2003.00000000,1.75311349
1.00000000,2004.00000000,1.75391491
1.00000000,2005.00000000,1.75491679
1.00000000,2006.00000000,1.75540727
1.00000000,2007.00000000,1.75528919
1.00000000,2008.00000000,1.75514970
1.00000000,2009.00000000,1.75498993
1.00000000,2010.00000000,1.75480828
1.00000000,2011.00000000,1.75460246
1.00000000,2012.00000000,1.75473685
1.00000000,2013.00000000,1.75483321
1.00000000,2014.00000000,1.75489103
1.00000000,2015.00000000,1.75491050
1.00000000,2016.00000000,1.75489188
1.00000000,2017.00000000,1.75483552
1.00000000,2018.00000000,1.75474167
1.00000000,2019.00000000,1.75461055
1.00000000,2020.00000000,1.75444246
1.00000000,2021.00000000,1.75423862
1.00000000,2022.00000000,1.75383821
1.00000000,2023.00000000,1.75340835
1.00000000,2024.00000000,1.75294942
1.00000000,2025.00000000,1.75246158
1.00000000,2026.00000000,1.75194485
1.00000000,2027.00000000,1.75139931
1.00000000,2028.00000000,1.75082508
1.00000000,2029.00000000,1.75022217
1.00000000,2030.00000000,1.74959063
1.00000000,2031.00000000,1.74892840
1.00000000,2032.00000000,1.74856931
1.00000000,2033.00000000,1.74816732
1.00000000,2034.00000000,1.74772214
1.00000000,2035.00000000,1.74723398
1.00000000,2036.00000000,1.74670312
1.00000000,2037.00000000,1.74612987
1.00000000,2038.00000000,1.74551447
1.00000000,2039.00000000,1.74485722
1.00000000,2040.00000000,1.74415831
1.00000000,2041.00000000,1.74341659
1.00000000,2042.00000000,1.74287518
1.00000000,2043.00000000,1.74228380
1.00000000,2044.00000000,1.74164247
1.00000000,2045.00000000,1.74095154
1.00000000,2046.00000000,1.74021129
1.00000000,2047.00000000,1.73942200
1.00000000,2048.00000000,1.73858405
1.00000000,2049.00000000,1.73769765
1.00000000,2050.00000000,1.73676315
1.00000000,2051.00000000,1.73578088
1.00000000,2052.00000000,1.73473756
1.00000000,2053.00000000,1.73364756
1.00000000,2054.00000000,1.73251108
1.00000000,2055.00000000,1.73132837
1.00000000,2056.00000000,1.73009973
1.00000000,2057.00000000,1.72882532
1.00000000,2058.00000000,1.72750535
1.00000000,2059.00000000,1.72614012
1.00000000,2060.00000000,1.72472980
1.00000000,2061.00000000,1.72327785
1.00000000,2062.00000000,1.72126248
1.00000000,2063.00000000,1.71922249
1.00000000,2064.00000000,1.71715842
1.00000000,2065.00000000,1.71507017
1.00000000,2066.00000000,1.71295762
1.00000000,2067.00000000,1.71082081
1.00000000,2068.00000000,1.70865963
1.00000000,2069.00000000,1.70647406
1.00000000,2070.00000000,1.70426411
1.00000000,2071.00000000,1.70203272
1.00000000,2072.00000000,1.69931439
1.00000000,2073.00000000,1.69658932
1.00000000,2074.00000000,1.69385757
1.00000000,2075.00000000,1.69111904
1.00000000,2076.00000000,1.68837334
1.00000000,2077.00000000,1.68562026
1.00000000,2078.00000000,1.68285973
1.00000000,2079.00000000,1.68009137
1.00000000,2080.00000000,1.67731503
1.00000000,2081.00000000,1.67453239
1.00000000,2082.00000000,1.67148647
1.00000000,2083.00000000,1.66844186
1.00000000,2084.00000000,1.66539851
1.00000000,2085.00000000,1.66235605
1.00000000,2086.00000000,1.65931437
1.00000000,2087.00000000,1.65627306
1.00000000,2088.00000000,1.65323190
1.00000000,2089.00000000,1.65019079
1.00000000,2090.00000000,1.64714937
1.00000000,2091.00000000,1.64410920
1.00000000,2092.00000000,1.64080900
1.00000000,2093.00000000,1.63751763
1.00000000,2094.00000000,1.63423489
1.00000000,2095.00000000,1.63096061
1.00000000,2096.00000000,1.62769442
1.00000000,2097.00000000,1.62443603
1.00000000,2098.00000000,1.62118522
1.00000000,2099.00000000,1.61794168
1.00000000,2100.00000000,1.61470527
1.00000000,2101.00000000,1.61147670
1.00000000,2102.00000000,1.60805724
1.00000000,2103.00000000,1.60465006
1.00000000,2104.00000000,1.60125491
1.00000000,2105.00000000,1.59787147
1.00000000,2106.00000000,1.59449969
1.00000000,2107.00000000,1.59113925
1.00000000,2108.00000000,1.58778987
1.00000000,2109.00000000,1.58445143
1.00000000,2110.00000000,1.58112368
1.00000000,2111.00000000,1.57780651
1.00000000,2112.00000000,1.57449963
1.00000000,2113.00000000,1.57120290
1.00000000,2114.00000000,1.56791622
1.00000000,2115.00000000,1.56463936
1.00000000,2116.00000000,1.56137210
1.00000000,2117.00000000,1.55811443
1.00000000,2118.00000000,1.55486613
1.00000000,2119.00000000,1.55162702
1.00000000,2120.00000000,1.54839703
1.00000000,2121.00000000,1.54517603
1.00000000,2122.00000000,1.54196384
1.00000000,2123.00000000,1.53876037
1.00000000,2124.00000000,1.53556552
1.00000000,2125.00000000,1.53237923
1.00000000,2126.00000000,1.52920122
1.00000000,2127.00000000,1.52603110
1.00000000,2128.00000000,1.52286874
1.00000000,2129.00000000,1.51971403
1.00000000,2130.00000000,1.51656683
1.00000000,2131.00000000,1.51342714
1.00000000,2132.00000000,1.51029488
1.00000000,2133.00000000,1.50716995
1.00000000,2134.00000000,1.50405230
1.00000000,2135.00000000,1.50094189
1.00000000,2136.00000000,1.49783867
1.00000000,2137.00000000,1.49474257
1.00000000,2138.00000000,1.49165344
1.00000000,2139.00000000,1.48857140
1.00000000,2140.00000000,1.48549632
1.00000000,2141.00000000,1.48242808
1.00000000,2142.00000000,1.47936671
1.00000000,2143.00000000,1.47631219
1.00000000,2144.00000000,1.47326440
1.00000000,2145.00000000,1.47022334
1.00000000,2146.00000000,1.46718899
1.00000000,2147.00000000,1.46416131
1.00000000,2148.00000000,1.46114026
1.00000000,2149.00000000,1.45812572
1.00000000,2150.00000000,1.45511778
1.00000000,2151.00000000,1.45212504
1.00000000,2152.00000000,1.44788777
1.00000000,2153.00000000,1.44370034
1.00000000,2154.00000000,1.43956241
1.00000000,2155.00000000,1.43547334
1.00000000,2156.00000000,1.43143258
1.00000000,2157.00000000,1.42743962
1.00000000,2158.00000000,1.42349389
1.00000000,2159.00000000,1.41959489
1.00000000,2160.00000000,1.41574203
1.00000000,2161.00000000,1.41193493
1.00000000,2162.00000000,1.40817310
1.00000000,2163.00000000,1.40445594
1.00000000,2164.00000000,1.40078317
1.00000000,2165.00000000,1.39715428
1.00000000,2166.00000000,1.39356880
1.00000000,2167.00000000,1.39002632
1.00000000,2168.00000000,1.38652653
1.00000000,2169.00000000,1.38306892
1.00000000,2170.00000000,1.37965317
1.00000000,2171.00000000,1.37627882
1.00000000,2172.00000000,1.37294563
1.00000000,2173.00000000,1.36965321
1.00000000,2174.00000000,1.36640110
1.00000000,2175.00000000,1.36318911
1.00000000,2176.00000000,1.36001687
1.00000000,2177.00000000,1.35688400
1.00000000,2178.00000000,1.35379020
1.00000000,2179.00000000,1.35073527
1.00000000,2180.00000000,1.34771878
1.00000000,2181.00000000,1.34474052
1.00000000,2182.00000000,1.34180016
1.00000000,2183.00000000,1.33889748
1.00000000,2184.00000000,1.33603220
1.00000000,2185.00000000,1.33320395
1.00000000,2186.00000000,1.33041264
1.00000000,2187.00000000,1.32765794
1.00000000,2188.00000000,1.32493961
1.00000000,2189.00000000,1.32225741
1.00000000,2190.00000000,1.31961118
1.00000000,2191.00000000,1.31700060
1.00000000,2192.00000000,1.31442551
1.00000000,2193.00000000,1.31188566
1.00000000,2194.00000000,1.30938078
1.00000000,2195.00000000,1.30691078
1.00000000,2196.00000000,1.30447539
1.00000000,2197.00000000,1.30207456
1.00000000,2198.00000000,1.29970799
1.00000000,2199.00000000,1.29737546
1.00000000,2200.00000000,1.29507683
1.00000000,2201.00000000,1.29281195
1.00000000,2202.00000000,1.29058057
1.00000000,2203.00000000,1.28838258
1.00000000,2204.00000000,1.28621792
1.00000000,2205.00000000,1.28408625
1.00000000,2206.00000000,1.28198764
1.00000000,2207.00000000,1.27992175
1.00000000,2208.00000000,1.27788838
1.00000000,2209.00000000,1.27588762
1.00000000,2210.00000000,1.27391907
1.00000000,2211.00000000,1.27198285
1.00000000,2212.00000000,1.27007872
1.00000000,2213.00000000,1.26820652
1.00000000,2214.00000000,1.26636625
1.00000000,2215.00000000,1.26455767
1.00000000,2216.00000000,1.26278058
1.00000000,2217.00000000,1.26103512
1.00000000,2218.00000000,1.25932102
1.00000000,2219.00000000,1.25763808
1.00000000,2220.00000000,1.25598645
1.00000000,2221.00000000,1.25436578
1.00000000,2222.00000000,1.25277625
1.00000000,2223.00000000,1.25121754
1.00000000,2224.00000000,1.24968960
1.00000000,2225.00000000,1.24819245
1.00000000,2226.00000000,1.24672588
1.00000000,2227.00000000,1.24528976
1.00000000,2228.00000000,1.24388426
1.00000000,2229.00000000,1.24250914
1.00000000,2230.00000000,1.24116426
1.00000000,2231.00000000,1.23984975
1.00000000,2232.00000000,1.23856528
1.00000000,2233.00000000,1.23731102
1.00000000,2234.00000000,1.23608677
1.00000000,2235.00000000,1.23489243
1.00000000,2236.00000000,1.23372817
1.00000000,2237.00000000,1.23259377
1.00000000,2238.00000000,1.23148910
1.00000000,2239.00000000,1.23041435
1.00000000,2240.00000000,1.22936932
1.00000000,2241.00000000,1.22835387
1.00000000,2242.00000000,1.22736819
1.00000000,2243.00000000,1.22641208
1.00000000,2244.00000000,1.22548548
1.00000000,2245.00000000,1.22458847
1.00000000,2246.00000000,1.22372090
1.00000000,2247.00000000,1.22288295
1.00000000,2248.00000000,1.22207442
1.00000000,2249.00000000,1.22129355
1.00000000,2250.00000000,1.22079549
1.00000000,2251.00000000,1.22107828
1.00000000,2252.00000000,1.22156832
1.00000000,2253.00000000,1.22205184
1.00000000,2254.00000000,1.22252880
1.00000000,2255.00000000,1.22299926
1.00000000,2256.00000000,1.22346341
1.00000000,2257.00000000,1.22395392
1.00000000,2258.00000000,1.22443760
1.00000000,2259.00000000,1.22491440
1.00000000,2260.00000000,1.22538439
1.00000000,2261.00000000,1.22584836
1.00000000,2262.00000000,1.22624130
1.00000000,2263.00000000,1.22662969
1.00000000,2264.00000000,1.22701391
1.00000000,2265.00000000,1.22739388
1.00000000,2266.00000000,1.22776965
1.00000000,2267.00000000,1.22814156
1.00000000,2268.00000000,1.22850954
1.00000000,2269.00000000,1.22887361
1.00000000,2270.00000000,1.22923406
1.00000000,2271.00000000,1.22959077
1.00000000,2272.00000000,1.22994410
1.00000000,2273.00000000,1.23029395
1.00000000,2274.00000000,1.23064035
1.00000000,2275.00000000,1.23098361
1.00000000,2276.00000000,1.23132369
1.00000000,2277.00000000,1.23165773
1.00000000,2278.00000000,1.23198901
1.00000000,2279.00000000,1.23231736
1.00000000,2280.00000000,1.23264284
1.00000000,2281.00000000,1.23296568
1.00000000,2282.00000000,1.23328576
1.00000000,2283.00000000,1.23360340
1.00000000,2284.00000000,1.23391850
1.00000000,2285.00000000,1.23423106
1.00000000,2286.00000000,1.23454136
1.00000000,2287.00000000,1.23484936
1.00000000,2288.00000000,1.23515494
1.00000000,2289.00000000,1.23545852
1.00000000,2290.00000000,1.23575992
1.00000000,2291.00000000,1.23605915
1.00000000,2292.00000000,1.23635644
1.00000000,2293.00000000,1.23665167
1.00000000,2294.00000000,1.23694512
1.00000000,2295.00000000,1.23723667
1.00000000,2296.00000000,1.23752632
1.00000000,2297.00000000,1.23781434
1.00000000,2298.00000000,1.23810066
1.00000000,2299.00000000,1.23838515
1.00000000,2300.00000000,1.23866823
1.00000000,2301.00000000,1.23894964
1.00000000,2302.00000000,1.23923568
1.00000000,2303.00000000,1.23952013
1.00000000,2304.00000000,1.23980296
1.00000000,2305.00000000,1.24008413
1.00000000,2306.00000000,1.24036383
1.00000000,2307.00000000,1.24064194
1.00000000,2308.00000000,1.24091870
1.00000000,2309.00000000,1.24119406
1.00000000,2310.00000000,1.24146786
1.00000000,2311.00000000,1.24174050
1.00000000,2312.00000000,1.24201177
1.00000000,2313.00000000,1.24228168
1.00000000,2314.00000000,1.24255043
1.00000000,2315.00000000,1.24281799
1.00000000,2316.00000000,1.24308425
1.00000000,2317.00000000,1.24334947
1.00000000,2318.00000000,1.24361345
1.00000000,2319.00000000,1.24387649
1.00000000,2320.00000000,1.24413846
1.00000000,2321.00000000,1.24439924
1.00000000,2322.00000000,1.24465922
1.00000000,2323.00000000,1.24491817
1.00000000,2324.00000000,1.24517609
1.00000000,2325.00000000,1.24543316
1.00000000,2326.00000000,1.24568939
1.00000000,2327.00000000,1.24594458
1.00000000,2328.00000000,1.24619908
1.00000000,2329.00000000,1.24645274
1.00000000,2330.00000000,1.24670547
1.00000000,2331.00000000,1.24695756
1.00000000,2332.00000000,1.24720874
1.00000000,2333.00000000,1.24745937
1.00000000,2334.00000000,1.24770927
1.00000000,2335.00000000,1.24795835
1.00000000,2336.00000000,1.24820685
1.00000000,2337.00000000,1.24845476
1.00000000,2338.00000000,1.24870186
1.00000000,2339.00000000,1.24894850
1.00000000,2340.00000000,1.24919453
1.00000000,2341.00000000,1.24943984
1.00000000,2342.00000000,1.24968474
1.00000000,2343.00000000,1.24992894
1.00000000,2344.00000000,1.25017279
1.00000000,2345.00000000,1.25041612
1.00000000,2346.00000000,1.25065880
1.00000000,2347.00000000,1.25090114
1.00000000,2348.00000000,1.25114302
1.00000000,2349.00000000,1.25138430
1.00000000,2350.00000000,1.25162529
1.00000000,2351.00000000,1.25186591
1.00000000,2352.00000000,1.25210411
1.00000000,2353.00000000,1.25234215
1.00000000,2354.00000000,1.25257991
1.00000000,2355.00000000,1.25281714
1.00000000,2356.00000000,1.25305429
1.00000000,2357.00000000,1.25329091
1.00000000,2358.00000000,1.25352745
1.00000000,2359.00000000,1.25376375
1.00000000,2360.00000000,1.25399953
1.00000000,2361.00000000,1.25423532
1.00000000,2362.00000000,1.25447086
1.00000000,2363.00000000,1.25470597
1.00000000,2364.00000000,1.25494104
1.00000000,2365.00000000,1.25517595
1.00000000,2366.00000000,1.25541041
1.00000000,2367.00000000,1.25564490
1.00000000,2368.00000000,1.25587901
1.00000000,2369.00000000,1.25611318
1.00000000,2370.00000000,1.25634717
1.00000000,2371.00000000,1.25658076
1.00000000,2372.00000000,1.25681446
1.00000000,2373.00000000,1.25704802
1.00000000,2374.00000000,1.25728125
1.00000000,2375.00000000,1.25751454
1.00000000,2376.00000000,1.25774776
1.00000000,2377.00000000,1.25798060
1.00000000,2378.00000000,1.25821359
1.00000000,2379.00000000,1.25844624
1.00000000,2380.00000000,1.25867906
1.00000000,2381.00000000,1.25891179
1.00000000,2382.00000000,1.25914419
1.00000000,2383.00000000,1.25937680
1.00000000,2384.00000000,1.25960936
1.00000000,2385.00000000,1.25984158
1.00000000,2386.00000000,1.26007399
1.00000000,2387.00000000,1.26030643
1.00000000,2388.00000000,1.26053850
1.00000000,2389.00000000,1.26077082
1.00000000,2390.00000000,1.26100313
1.00000000,2391.00000000,1.26123512
1.00000000,2392.00000000,1.26146738
1.00000000,2393.00000000,1.26169935
1.00000000,2394.00000000,1.26193161
1.00000000,2395.00000000,1.26216384
1.00000000,2396.00000000,1.26239583
1.00000000,2397.00000000,1.26262807
1.00000000,2398.00000000,1.26286035
1.00000000,2399.00000000,1.26309232
1.00000000,2400.00000000,1.26332462
1.00000000,2401.00000000,1.26355701
1.00000000,2402.00000000,1.26378714
1.00000000,2403.00000000,1.26401771
1.00000000,2404.00000000,1.26424806
1.00000000,2405.00000000,1.26447886
1.00000000,2406.00000000,1.26470974
1.00000000,2407.00000000,1.26494035
1.00000000,2408.00000000,1.26517143
1.00000000,2409.00000000,1.26540264
1.00000000,2410.00000000,1.26563358
1.00000000,2411.00000000,1.26586497
1.00000000,2412.00000000,1.26609653
1.00000000,2413.00000000,1.26632780
1.00000000,2414.00000000,1.26655958
1.00000000,2415.00000000,1.26679152
1.00000000,2416.00000000,1.26702313
1.00000000,2417.00000000,1.26725532
1.00000000,2418.00000000,1.26748722
1.00000000,2419.00000000,1.26771966
1.00000000,2420.00000000,1.26795226
1.00000000,2421.00000000,1.26818458
1.00000000,2422.00000000,1.26841743
1.00000000,2423.00000000,1.26865047
1.00000000,2424.00000000,1.26888320
1.00000000,2425.00000000,1.26911649
1.00000000,2426.00000000,1.26934999
1.00000000,2427.00000000,1.26958316
1.00000000,2428.00000000,1.26981694
1.00000000,2429.00000000,1.27005046
1.00000000,2430.00000000,1.27028454
1.00000000,2431.00000000,1.27051881
1.00000000,2432.00000000,1.27075280
1.00000000,2433.00000000,1.27098735
1.00000000,2434.00000000,1.27122213
1.00000000,2435.00000000,1.27145656
1.00000000,2436.00000000,1.27169164
1.00000000,2437.00000000,1.27192694
1.00000000,2438.00000000,1.27216186
1.00000000,2439.00000000,1.27239745
1.00000000,2440.00000000,1.27263276
1.00000000,2441.00000000,1.27286870
1.00000000,2442.00000000,1.27310487
1.00000000,2443.00000000,1.27334069
1.00000000,2444.00000000,1.27357719
1.00000000,2445.00000000,1.27381391
1.00000000,2446.00000000,1.27405025
1.00000000,2447.00000000,1.27428729
1.00000000,2448.00000000,1.27452458
1.00000000,2449.00000000,1.27476142
1.00000000,2450.00000000,1.27499905
1.00000000,2451.00000000,1.27523691
1.00000000,2452.00000000,1.27547548
1.00000000,2453.00000000,1.27571491
1.00000000,2454.00000000,1.27595386
1.00000000,2455.00000000,1.27619356
1.00000000,2456.00000000,1.27643347
1.00000000,2457.00000000,1.27667284
1.00000000,2458.00000000,1.27691301
1.00000000,2459.00000000,1.27715343
1.00000000,2460.00000000,1.27739321
1.00000000,2461.00000000,1.27763389
1.00000000,2462.00000000,1.27787483
1.00000000,2463.00000000,1.27811500
1.00000000,2464.00000000,1.27835620
1.00000000,2465.00000000,1.27859677
1.00000000,2466.00000000,1.27883824
1.00000000,2467.00000000,1.27907999
1.00000000,2468.00000000,1.27932098
1.00000000,2469.00000000,1.27956301
1.00000000,2470.00000000,1.27980533
1.00000000,2471.00000000,1.28004669
1.00000000,2472.00000000,1.28028929
1.00000000,2473.00000000,1.28053220
1.00000000,2474.00000000,1.28077396
1.00000000,2475.00000000,1.28101714
1.00000000,2476.00000000,1.28126066
1.00000000,2477.00000000,1.28150282
1.00000000,2478.00000000,1.28174661
1.00000000,2479.00000000,1.28198922
1.00000000,2480.00000000,1.28223332
1.00000000,2481.00000000,1.28247778
1.00000000,2482.00000000,1.28272082
1.00000000,2483.00000000,1.28296558
1.00000000,2484.00000000,1.28321078
1.00000000,2485.00000000,1.28345406
1.00000000,2486.00000000,1.28369938
1.00000000,2487.00000000,1.28394535
1.00000000,2488.00000000,1.28418879
1.00000000,2489.00000000,1.28443505
1.00000000,2490.00000000,1.28467902
1.00000000,2491.00000000,1.28492556
1.00000000,2492.00000000,1.28517280
1.00000000,2493.00000000,1.28541671
1.00000000,2494.00000000,1.28566435
1.00000000,2495.00000000,1.28591326
1.00000000,2496.00000000,1.28615682
1.00000000,2497.00000000,1.28640680
1.00000000,2498.00000000,1.28665996
1.00000000,2499.00000000,1.28690392
1.00000000,2500.00000000,1.28717532
2.00000000,1765.00000000,1.55642934
2.00000000,1766.00000000,1.55642930
2.00000000,1767.00000000,1.55642791
2.00000000,1768.00000000,1.55645198
2.00000000,1769.00000000,1.55644761
2.00000000,1770.00000000,1.55644151
2.00000000,1771.00000000,1.55643396
2.00000000,1772.00000000,1.55642484
2.00000000,1773.00000000,1.55642315
2.00000000,1774.00000000,1.55641113
2.00000000,1775.00000000,1.55639779
2.00000000,1776.00000000,1.55638320
2.00000000,1777.00000000,1.55636745
2.00000000,1778.00000000,1.55635054
2.00000000,1779.00000000,1.55633255
2.00000000,1780.00000000,1.55631352
2.00000000,1781.00000000,1.55629338
2.00000000,1782.00000000,1.55627224
2.00000000,1783.00000000,1.55625898
2.00000000,1784.00000000,1.55623578
2.00000000,1785.00000000,1.55621174
2.00000000,1786.00000000,1.55618687
2.00000000,1787.00000000,1.55616118
2.00000000,1788.00000000,1.55613478
2.00000000,1789.00000000,1.55610763
2.00000000,1790.00000000,1.55607978
2.00000000,1791.00000000,1.55605127
2.00000000,1792.00000000,1.55602195
2.00000000,1793.00000000,1.55600092
2.00000000,1794.00000000,1.55597025
2.00000000,1795.00000000,1.55593898
2.00000000,1796.00000000,1.55590722
2.00000000,1797.00000000,1.55587489
2.00000000,1798.00000000,1.55584197
2.00000000,1799.00000000,1.55581744
2.00000000,1800.00000000,1.55578339
2.00000000,1801.00000000,1.55574882
2.00000000,1802.00000000,1.55572265
2.00000000,1803.00000000,1.55568683
2.00000000,1804.00000000,1.55566843
2.00000000,1805.00000000,1.55562279
2.00000000,1806.00000000,1.55558578
2.00000000,1807.00000000,1.55554841
2.00000000,1808.00000000,1.55551955
2.00000000,1809.00000000,1.55548136
2.00000000,1810.00000000,1.55544293
2.00000000,1811.00000000,1.55540419
2.00000000,1812.00000000,1.55536512
2.00000000,1813.00000000,1.55533465
2.00000000,1814.00000000,1.55529492
2.00000000,1815.00000000,1.55525496
2.00000000,1816.00000000,1.55521470
2.00000000,1817.00000000,1.55518293
2.00000000,1818.00000000,1.55515075
2.00000000,1819.00000000,1.55511818
2.00000000,1820.00000000,1.55507641
2.00000000,1821.00000000,1.55503452
2.00000000,1822.00000000,1.55499246
2.00000000,1823.00000000,1.55495018
2.00000000,1824.00000000,1.55491653
2.00000000,1825.00000000,1.55488254
2.00000000,1826.00000000,1.55483934
2.00000000,1827.00000000,1.55480486
2.00000000,1828.00000000,1.55476117
2.00000000,1829.00000000,1.55472624
2.00000000,1830.00000000,1.55468210
2.00000000,1831.00000000,1.55463735
2.00000000,1832.00000000,1.55464564
2.00000000,1833.00000000,1.55459091
2.00000000,1834.00000000,1.55454502
2.00000000,1835.00000000,1.55450794
2.00000000,1836.00000000,1.55446166
2.00000000,1837.00000000,1.55442385
2.00000000,1838.00000000,1.55441233
2.00000000,1839.00000000,1.55436456
2.00000000,1840.00000000,1.55432552
2.00000000,1841.00000000,1.55428610
2.00000000,1842.00000000,1.55425521
2.00000000,1843.00000000,1.55421497
2.00000000,1844.00000000,1.55418326
2.00000000,1845.00000000,1.55414213
2.00000000,1846.00000000,1.55410933
2.00000000,1847.00000000,1.55409380
2.00000000,1848.00000000,1.55404198
2.00000000,1849.00000000,1.55401655
2.00000000,1850.00000000,1.55397264
2.00000000,1851.00000000,1.55394618
2.00000000,1852.00000000,1.55392819
2.00000000,1853.00000000,1.55387136
2.00000000,1854.00000000,1.55383653
2.00000000,1855.00000000,1.55379030
2.00000000,1856.00000000,1.55381585
2.00000000,1857.00000000,1.55377024
2.00000000,1858.00000000,1.55375151
2.00000000,1859.00000000,1.55369682
2.00000000,1860.00000000,1.55364176
2.00000000,1861.00000000,1.55362133
2.00000000,1862.00000000,1.55362740
2.00000000,1863.00000000,1.55360166
2.00000000,1864.00000000,1.55356476
2.00000000,1865.00000000,1.55357584
2.00000000,1866.00000000,1.55359571
2.00000000,1867.00000000,1.55360608
2.00000000,1868.00000000,1.55358037
2.00000000,1869.00000000,1.55360118
2.00000000,1870.00000000,1.55359322
2.00000000,1871.00000000,1.55360256
2.00000000,1872.00000000,1.55358996
2.00000000,1873.00000000,1.55360158
2.00000000,1874.00000000,1.55367064
2.00000000,1875.00000000,1.55367838
2.00000000,1876.00000000,1.55349634
2.00000000,1877.00000000,1.55352788
2.00000000,1878.00000000,1.55345995
2.00000000,1879.00000000,1.55339143
2.00000000,1880.00000000,1.55330739
2.00000000,1881.00000000,1.55333115
2.00000000,1882.00000000,1.55345693
2.00000000,1883.00000000,1.55341101
2.00000000,1884.00000000,1.55342078
2.00000000,1885.00000000,1.55345848
2.00000000,1886.00000000,1.55337995
2.00000000,1887.00000000,1.55329286
2.00000000,1888.00000000,1.55322313
2.00000000,1889.00000000,1.55324048
2.00000000,1890.00000000,1.55341602
2.00000000,1891.00000000,1.55330270
2.00000000,1892.00000000,1.55344593
2.00000000,1893.00000000,1.55347018
2.00000000,1894.00000000,1.55336803
2.00000000,1895.00000000,1.55321058
2.00000000,1896.00000000,1.55320133
2.00000000,1897.00000000,1.55327688
2.00000000,1898.00000000,1.55325869
2.00000000,1899.00000000,1.55330700
2.00000000,1900.00000000,1.55338409
2.00000000,1901.00000000,1.55360450
2.00000000,1902.00000000,1.55368026
2.00000000,1903.00000000,1.55366477
2.00000000,1904.00000000,1.55360271
2.00000000,1905.00000000,1.55386023
2.00000000,1906.00000000,1.55371197
2.00000000,1907.00000000,1.55383547
2.00000000,1908.00000000,1.55398747
2.00000000,1909.00000000,1.55442481
2.00000000,1910.00000000,1.55386620
2.00000000,1911.00000000,1.55392252
2.00000000,1912.00000000,1.55396958
2.00000000,1913.00000000,1.55386775
2.00000000,1914.00000000,1.55400138
2.00000000,1915.00000000,1.55433137
2.00000000,1916.00000000,1.55327159
2.00000000,1917.00000000,1.55294195
2.00000000,1918.00000000,1.55327602
2.00000000,1919.00000000,1.55352575
2.00000000,1920.00000000,1.55313211
2.00000000,1921.00000000,1.55175546
2.00000000,1922.00000000,1.55267191
2.00000000,1923.00000000,1.55130961
2.00000000,1924.00000000,1.55146870
2.00000000,1925.00000000,1.55235550
2.00000000,1926.00000000,1.55205477
2.00000000,1927.00000000,1.55192091
2.00000000,1928.00000000,1.55174162
2.00000000,1929.00000000,1.55218270
2.00000000,1930.00000000,1.55193028
2.00000000,1931.00000000,1.55235968
2.00000000,1932.00000000,1.55126461
2.00000000,1933.00000000,1.55001598
2.00000000,1934.00000000,1.54897538
2.00000000,1935.00000000,1.54918163
2.00000000,1936.00000000,1.54967827
2.00000000,1937.00000000,1.54992215
2.00000000,1938.00000000,1.55058486
2.00000000,1939.00000000,1.55102571
2.00000000,1940.00000000,1.55016117
2.00000000,1941.00000000,1.55033432
2.00000000,1942.00000000,1.55100339
2.00000000,1943.00000000,1.55101959
2.00000000,1944.00000000,1.55078812
2.00000000,1945.00000000,1.55092405
2.00000000,1946.00000000,1.55056859
2.00000000,1947.00000000,1.54830507
2.00000000,1948.00000000,1.54871220
2.00000000,1949.00000000,1.54976485
2.00000000,1950.00000000,1.55010851
2.00000000,1951.00000000,1.54929186
2.00000000,1952.00000000,1.55075447
2.00000000,1953.00000000,1.55150842
2.00000000,1954.00000000,1.55125079
2.00000000,1955.00000000,1.55112972
2.00000000,1956.00000000,1.55079295
2.00000000,1957.00000000,1.55178822
2.00000000,1958.00000000,1.55235662
2.00000000,1959.00000000,1.55251100
2.00000000,1960.00000000,1.55236320
2.00000000,1961.00000000,1.55284788
2.00000000,1962.00000000,1.55316774
2.00000000,1963.00000000,1.55259540
2.00000000,1964.00000000,1.55279265
2.00000000,1965.00000000,1.55333035
2.00000000,1966.00000000,1.55393608
2.00000000,1967.00000000,1.55429690
2.00000000,1968.00000000,1.55482708
2.00000000,1969.00000000,1.55484508
2.00000000,1970.00000000,1.55546070
2.00000000,1971.00000000,1.55634321
2.00000000,1972.00000000,1.55775903
2.00000000,1973.00000000,1.55806952
2.00000000,1974.00000000,1.55846559
2.00000000,1975.00000000,1.55944289
2.00000000,1976.00000000,1.55838906
2.00000000,1977.00000000,1.55697807
2.00000000,1978.00000000,1.55817263
2.00000000,1979.00000000,1.55824230
2.00000000,1980.00000000,1.55765910
2.00000000,1981.00000000,1.55889877
2.00000000,1982.00000000,1.55715884
2.00000000,1983.00000000,1.55447535
2.00000000,1984.00000000,1.55289201
2.00000000,1985.00000000,1.55150554
2.00000000,1986.00000000,1.55183719
2.00000000,1987.00000000,1.55189675
2.00000000,1988.00000000,1.55202341
2.00000000,1989.00000000,1.55190398
2.00000000,1990.00000000,1.55235058
2.00000000,1991.00000000,1.55200807
2.00000000,1992.00000000,1.55103350
2.00000000,1993.00000000,1.55039051
2.00000000,1994.00000000,1.54792902
2.00000000,1995.00000000,1.54657341
2.00000000,1996.00000000,1.54620132
2.00000000,1997.00000000,1.54591633
2.00000000,1998.00000000,1.54568769
2.00000000,1999.00000000,1.54520286
2.00000000,2000.00000000,1.54349115
2.00000000,2001.00000000,1.54189155
2.00000000,2002.00000000,1.54191405
2.00000000,2003.00000000,1.54185587
2.00000000,2004.00000000,1.54078578
2.00000000,2005.00000000,1.54214654
2.00000000,2006.00000000,1.54385371
2.00000000,2007.00000000,1.54472952
2.00000000,2008.00000000,1.54460231
2.00000000,2009.00000000,1.54444273
2.00000000,2010.00000000,1.54425171
2.00000000,2011.00000000,1.54402457
2.00000000,2012.00000000,1.54375305
2.00000000,2013.00000000,1.54404520
2.00000000,2014.00000000,1.54427718
2.00000000,2015.00000000,1.54444883
2.00000000,2016.00000000,1.54456067
2.00000000,2017.00000000,1.54461307
2.00000000,2018.00000000,1.54460679
2.00000000,2019.00000000,1.54454220
2.00000000,2020.00000000,1.54441981
2.00000000,2021.00000000,1.54424096
2.00000000,2022.00000000,1.54400958
2.00000000,2023.00000000,1.54345812
2.00000000,2024.00000000,1.54286171
2.00000000,2025.00000000,1.54222082
2.00000000,2026.00000000,1.54153569
2.00000000,2027.00000000,1.54080649
2.00000000,2028.00000000,1.54003336
2.00000000,2029.00000000,1.53921660
2.00000000,2030.00000000,1.53835630
2.00000000,2031.00000000,1.53745079
2.00000000,2032.00000000,1.53649272
2.00000000,2033.00000000,1.53603647
2.00000000,2034.00000000,1.53551413
2.00000000,2035.00000000,1.53492587
2.00000000,2036.00000000,1.53427222
2.00000000,2037.00000000,1.53355372
2.00000000,2038.00000000,1.53277086
2.00000000,2039.00000000,1.53192427
2.00000000,2040.00000000,1.53101454
2.00000000,2041.00000000,1.53004089
2.00000000,2042.00000000,1.52899925
2.00000000,2043.00000000,1.52829145
2.00000000,2044.00000000,1.52750795
2.00000000,2045.00000000,1.52664923
2.00000000,2046.00000000,1.52571605
2.00000000,2047.00000000,1.52470902
2.00000000,2048.00000000,1.52362872
2.00000000,2049.00000000,1.52247594
2.00000000,2050.00000000,1.52125120
2.00000000,2051.00000000,1.51995534
2.00000000,2052.00000000,1.51858922
2.00000000,2053.00000000,1.51713122
2.00000000,2054.00000000,1.51560477
2.00000000,2055.00000000,1.51401047
2.00000000,2056.00000000,1.51234889
2.00000000,2057.00000000,1.51062069
2.00000000,2058.00000000,1.50882641
2.00000000,2059.00000000,1.50696648
2.00000000,2060.00000000,1.50504167
2.00000000,2061.00000000,1.50305528
2.00000000,2062.00000000,1.50101808
2.00000000,2063.00000000,1.49807724
2.00000000,2064.00000000,1.49510519
2.00000000,2065.00000000,1.49210240
2.00000000,2066.00000000,1.48906884
2.00000000,2067.00000000,1.48600454
2.00000000,2068.00000000,1.48290967
2.00000000,2069.00000000,1.47978430
2.00000000,2070.00000000,1.47662850
2.00000000,2071.00000000,1.47344503
2.00000000,2072.00000000,1.47024307
2.00000000,2073.00000000,1.46626709
2.00000000,2074.00000000,1.46228892
2.00000000,2075.00000000,1.45830856
2.00000000,2076.00000000,1.45432565
2.00000000,2077.00000000,1.45033991
2.00000000,2078.00000000,1.44635100
2.00000000,2079.00000000,1.44235875
2.00000000,2080.00000000,1.43836289
2.00000000,2081.00000000,1.43436469
2.00000000,2082.00000000,1.43036889
2.00000000,2083.00000000,1.42596188
2.00000000,2084.00000000,1.42156551
2.00000000,2085.00000000,1.41717955
2.00000000,2086.00000000,1.41280358
2.00000000,2087.00000000,1.40843725
2.00000000,2088.00000000,1.40408017
2.00000000,2089.00000000,1.39973194
2.00000000,2090.00000000,1.39539232
2.00000000,2091.00000000,1.39106238
2.00000000,2092.00000000,1.38674686
2.00000000,2093.00000000,1.38202784
2.00000000,2094.00000000,1.37733101
2.00000000,2095.00000000,1.37265580
2.00000000,2096.00000000,1.36800192
2.00000000,2097.00000000,1.36336874
2.00000000,2098.00000000,1.35875587
2.00000000,2099.00000000,1.35416290
2.00000000,2100.00000000,1.34958936
2.00000000,2101.00000000,1.34503578
2.00000000,2102.00000000,1.34050459
2.00000000,2103.00000000,1.33568107
2.00000000,2104.00000000,1.33088427
2.00000000,2105.00000000,1.32611391
2.00000000,2106.00000000,1.32136937
2.00000000,2107.00000000,1.31665046
2.00000000,2108.00000000,1.31195664
2.00000000,2109.00000000,1.30728751
2.00000000,2110.00000000,1.30264279
2.00000000,2111.00000000,1.29802205
2.00000000,2112.00000000,1.29342496
2.00000000,2113.00000000,1.28885119
2.00000000,2114.00000000,1.28430046
2.00000000,2115.00000000,1.27977242
2.00000000,2116.00000000,1.27526678
2.00000000,2117.00000000,1.27078322
2.00000000,2118.00000000,1.26632153
2.00000000,2119.00000000,1.26188137
2.00000000,2120.00000000,1.25746253
2.00000000,2121.00000000,1.25306476
2.00000000,2122.00000000,1.24868777
2.00000000,2123.00000000,1.24433133
2.00000000,2124.00000000,1.23999526
2.00000000,2125.00000000,1.23567934
2.00000000,2126.00000000,1.23138324
2.00000000,2127.00000000,1.22710653
2.00000000,2128.00000000,1.22284876
2.00000000,2129.00000000,1.21860967
2.00000000,2130.00000000,1.21438909
2.00000000,2131.00000000,1.21018689
2.00000000,2132.00000000,1.20600292
2.00000000,2133.00000000,1.20183700
2.00000000,2134.00000000,1.19768896
2.00000000,2135.00000000,1.19355875
2.00000000,2136.00000000,1.18944622
2.00000000,2137.00000000,1.18535116
2.00000000,2138.00000000,1.18127349
2.00000000,2139.00000000,1.17721309
2.00000000,2140.00000000,1.17316984
2.00000000,2141.00000000,1.16914361
2.00000000,2142.00000000,1.16513425
2.00000000,2143.00000000,1.16114173
2.00000000,2144.00000000,1.15716590
2.00000000,2145.00000000,1.15320661
2.00000000,2146.00000000,1.14926382
2.00000000,2147.00000000,1.14533745
2.00000000,2148.00000000,1.14142732
2.00000000,2149.00000000,1.13753337
2.00000000,2150.00000000,1.13365554
2.00000000,2151.00000000,1.12980025
2.00000000,2152.00000000,1.12598741
2.00000000,2153.00000000,1.12029685
2.00000000,2154.00000000,1.11468051
2.00000000,2155.00000000,1.10913721
2.00000000,2156.00000000,1.10366577
2.00000000,2157.00000000,1.09826510
2.00000000,2158.00000000,1.09293417
2.00000000,2159.00000000,1.08767183
2.00000000,2160.00000000,1.08247710
2.00000000,2161.00000000,1.07734894
2.00000000,2162.00000000,1.07228638
2.00000000,2163.00000000,1.06728852
2.00000000,2164.00000000,1.06235434
2.00000000,2165.00000000,1.05748306
2.00000000,2166.00000000,1.05267374
2.00000000,2167.00000000,1.04792549
2.00000000,2168.00000000,1.04323750
2.00000000,2169.00000000,1.03860908
2.00000000,2170.00000000,1.03403926
2.00000000,2171.00000000,1.02952738
2.00000000,2172.00000000,1.02507265
2.00000000,2173.00000000,1.02067437
2.00000000,2174.00000000,1.01633185
2.00000000,2175.00000000,1.01204427
2.00000000,2176.00000000,1.00781116
2.00000000,2177.00000000,1.00363174
2.00000000,2178.00000000,0.99950536
2.00000000,2179.00000000,0.99543149
2.00000000,2180.00000000,0.99140930
2.00000000,2181.00000000,0.98743840
2.00000000,2182.00000000,0.98351817
2.00000000,2183.00000000,0.97964803
2.00000000,2184.00000000,0.97582741
2.00000000,2185.00000000,0.97205581
2.00000000,2186.00000000,0.96833263
2.00000000,2187.00000000,0.96465740
2.00000000,2188.00000000,0.96102967
2.00000000,2189.00000000,0.95744890
2.00000000,2190.00000000,0.95391461
2.00000000,2191.00000000,0.95042640
2.00000000,2192.00000000,0.94698373
2.00000000,2193.00000000,0.94358619
2.00000000,2194.00000000,0.94023329
2.00000000,2195.00000000,0.93692467
2.00000000,2196.00000000,0.93365993
2.00000000,2197.00000000,0.93043868
2.00000000,2198.00000000,0.92726051
2.00000000,2199.00000000,0.92412507
2.00000000,2200.00000000,0.92103190
2.00000000,2201.00000000,0.91798067
2.00000000,2202.00000000,0.91497105
2.00000000,2203.00000000,0.91200261
2.00000000,2204.00000000,0.90907513
2.00000000,2205.00000000,0.90618829
2.00000000,2206.00000000,0.90334175
2.00000000,2207.00000000,0.90053516
2.00000000,2208.00000000,0.89776820
2.00000000,2209.00000000,0.89504056
2.00000000,2210.00000000,0.89235198
2.00000000,2211.00000000,0.88970214
2.00000000,2212.00000000,0.88709096
2.00000000,2213.00000000,0.88451791
2.00000000,2214.00000000,0.88198287
2.00000000,2215.00000000,0.87948560
2.00000000,2216.00000000,0.87702582
2.00000000,2217.00000000,0.87460321
2.00000000,2218.00000000,0.87221769
2.00000000,2219.00000000,0.86986896
2.00000000,2220.00000000,0.86755676
2.00000000,2221.00000000,0.86528095
2.00000000,2222.00000000,0.86304125
2.00000000,2223.00000000,0.86083761
2.00000000,2224.00000000,0.85866969
2.00000000,2225.00000000,0.85653730
2.00000000,2226.00000000,0.85444034
2.00000000,2227.00000000,0.85237860
2.00000000,2228.00000000,0.85035188
2.00000000,2229.00000000,0.84836011
2.00000000,2230.00000000,0.84640309
2.00000000,2231.00000000,0.84448059
2.00000000,2232.00000000,0.84259255
2.00000000,2233.00000000,0.84073870
2.00000000,2234.00000000,0.83891907
2.00000000,2235.00000000,0.83713345
2.00000000,2236.00000000,0.83538166
2.00000000,2237.00000000,0.83366368
2.00000000,2238.00000000,0.83197941
2.00000000,2239.00000000,0.83032863
2.00000000,2240.00000000,0.82871136
2.00000000,2241.00000000,0.82712745
2.00000000,2242.00000000,0.82557673
2.00000000,2243.00000000,0.82405920
2.00000000,2244.00000000,0.82257475
2.00000000,2245.00000000,0.82112325
2.00000000,2246.00000000,0.81970477
2.00000000,2247.00000000,0.81831902
2.00000000,2248.00000000,0.81696622
2.00000000,2249.00000000,0.81564507
2.00000000,2250.00000000,0.81434905
2.00000000,2251.00000000,0.81345342
2.00000000,2252.00000000,0.81370169
2.00000000,2253.00000000,0.81425647
2.00000000,2254.00000000,0.81480409
2.00000000,2255.00000000,0.81534463
2.00000000,2256.00000000,0.81587805
2.00000000,2257.00000000,0.81640424
2.00000000,2258.00000000,0.81697184
2.00000000,2259.00000000,0.81753195
2.00000000,2260.00000000,0.81808462
2.00000000,2261.00000000,0.81863017
2.00000000,2262.00000000,0.81916968
2.00000000,2263.00000000,0.81960669
2.00000000,2264.00000000,0.82003882
2.00000000,2265.00000000,0.82046635
2.00000000,2266.00000000,0.82088934
2.00000000,2267.00000000,0.82130776
2.00000000,2268.00000000,0.82172196
2.00000000,2269.00000000,0.82213186
2.00000000,2270.00000000,0.82253758
2.00000000,2271.00000000,0.82293934
2.00000000,2272.00000000,0.82333711
2.00000000,2273.00000000,0.82373111
2.00000000,2274.00000000,0.82412139
2.00000000,2275.00000000,0.82450794
2.00000000,2276.00000000,0.82489105
2.00000000,2277.00000000,0.82527079
2.00000000,2278.00000000,0.82564283
2.00000000,2279.00000000,0.82601180
2.00000000,2280.00000000,0.82637766
2.00000000,2281.00000000,0.82674041
2.00000000,2282.00000000,0.82710031
2.00000000,2283.00000000,0.82745723
2.00000000,2284.00000000,0.82781145
2.00000000,2285.00000000,0.82816297
2.00000000,2286.00000000,0.82851173
2.00000000,2287.00000000,0.82885800
2.00000000,2288.00000000,0.82920182
2.00000000,2289.00000000,0.82954301
2.00000000,2290.00000000,0.82988196
2.00000000,2291.00000000,0.83021864
2.00000000,2292.00000000,0.83055291
2.00000000,2293.00000000,0.83088515
2.00000000,2294.00000000,0.83121512
2.00000000,2295.00000000,0.83154317
2.00000000,2296.00000000,0.83186918
2.00000000,2297.00000000,0.83219315
2.00000000,2298.00000000,0.83251531
2.00000000,2299.00000000,0.83283567
2.00000000,2300.00000000,0.83315409
2.00000000,2301.00000000,0.83347088
2.00000000,2302.00000000,0.83378587
2.00000000,2303.00000000,0.83410834
2.00000000,2304.00000000,0.83442914
2.00000000,2305.00000000,0.83474822
2.00000000,2306.00000000,0.83506540
2.00000000,2307.00000000,0.83538107
2.00000000,2308.00000000,0.83569500
2.00000000,2309.00000000,0.83600746
2.00000000,2310.00000000,0.83631842
2.00000000,2311.00000000,0.83662771
2.00000000,2312.00000000,0.83693572
2.00000000,2313.00000000,0.83724233
2.00000000,2314.00000000,0.83754736
2.00000000,2315.00000000,0.83785123
2.00000000,2316.00000000,0.83815384
2.00000000,2317.00000000,0.83845495
2.00000000,2318.00000000,0.83875507
2.00000000,2319.00000000,0.83905375
2.00000000,2320.00000000,0.83935146
2.00000000,2321.00000000,0.83964808
2.00000000,2322.00000000,0.83994337
2.00000000,2323.00000000,0.84023777
2.00000000,2324.00000000,0.84053119
2.00000000,2325.00000000,0.84082336
2.00000000,2326.00000000,0.84111477
2.00000000,2327.00000000,0.84140525
2.00000000,2328.00000000,0.84169454
2.00000000,2329.00000000,0.84198315
2.00000000,2330.00000000,0.84227096
2.00000000,2331.00000000,0.84255763
2.00000000,2332.00000000,0.84284374
2.00000000,2333.00000000,0.84312883
2.00000000,2334.00000000,0.84341336
2.00000000,2335.00000000,0.84369717
2.00000000,2336.00000000,0.84397999
2.00000000,2337.00000000,0.84426233
2.00000000,2338.00000000,0.84454404
2.00000000,2339.00000000,0.84482481
2.00000000,2340.00000000,0.84510521
2.00000000,2341.00000000,0.84538500
2.00000000,2342.00000000,0.84566392
2.00000000,2343.00000000,0.84594249
2.00000000,2344.00000000,0.84622026
2.00000000,2345.00000000,0.84649773
2.00000000,2346.00000000,0.84677471
2.00000000,2347.00000000,0.84705091
2.00000000,2348.00000000,0.84732687
2.00000000,2349.00000000,0.84760240
2.00000000,2350.00000000,0.84787716
2.00000000,2351.00000000,0.84815177
2.00000000,2352.00000000,0.84842598
2.00000000,2353.00000000,0.84869684
2.00000000,2354.00000000,0.84896766
2.00000000,2355.00000000,0.84923819
2.00000000,2356.00000000,0.84950808
2.00000000,2357.00000000,0.84977802
2.00000000,2358.00000000,0.85004734
2.00000000,2359.00000000,0.85031669
2.00000000,2360.00000000,0.85058583
2.00000000,2361.00000000,0.85085438
2.00000000,2362.00000000,0.85112302
2.00000000,2363.00000000,0.85139146
2.00000000,2364.00000000,0.85165938
2.00000000,2365.00000000,0.85192741
2.00000000,2366.00000000,0.85219529
2.00000000,2367.00000000,0.85246262
2.00000000,2368.00000000,0.85273015
2.00000000,2369.00000000,0.85299721
2.00000000,2370.00000000,0.85326442
2.00000000,2371.00000000,0.85353152
2.00000000,2372.00000000,0.85379820
2.00000000,2373.00000000,0.85406505
2.00000000,2374.00000000,0.85433183
2.00000000,2375.00000000,0.85459816
2.00000000,2376.00000000,0.85486476
2.00000000,2377.00000000,0.85513129
2.00000000,2378.00000000,0.85539736
2.00000000,2379.00000000,0.85566375
2.00000000,2380.00000000,0.85592976
2.00000000,2381.00000000,0.85619602
2.00000000,2382.00000000,0.85646230
2.00000000,2383.00000000,0.85672814
2.00000000,2384.00000000,0.85699434
2.00000000,2385.00000000,0.85726052
2.00000000,2386.00000000,0.85752634
2.00000000,2387.00000000,0.85779251
2.00000000,2388.00000000,0.85805869
2.00000000,2389.00000000,0.85832449
2.00000000,2390.00000000,0.85859071
2.00000000,2391.00000000,0.85885695
2.00000000,2392.00000000,0.85912280
2.00000000,2393.00000000,0.85938911
2.00000000,2394.00000000,0.85965505
2.00000000,2395.00000000,0.85992142
2.00000000,2396.00000000,0.86018788
2.00000000,2397.00000000,0.86045395
2.00000000,2398.00000000,0.86072049
2.00000000,2399.00000000,0.86098714
2.00000000,2400.00000000,0.86125340
2.00000000,2401.00000000,0.86152016
2.00000000,2402.00000000,0.86178709
2.00000000,2403.00000000,0.86205078
2.00000000,2404.00000000,0.86231507
2.00000000,2405.00000000,0.86257913
2.00000000,2406.00000000,0.86284377
2.00000000,2407.00000000,0.86310859
2.00000000,2408.00000000,0.86337311
2.00000000,2409.00000000,0.86363824
2.00000000,2410.00000000,0.86390359
2.00000000,2411.00000000,0.86416863
2.00000000,2412.00000000,0.86443431
2.00000000,2413.00000000,0.86470022
2.00000000,2414.00000000,0.86496581
2.00000000,2415.00000000,0.86523207
2.00000000,2416.00000000,0.86549862
2.00000000,2417.00000000,0.86576478
2.00000000,2418.00000000,0.86603166
2.00000000,2419.00000000,0.86629829
2.00000000,2420.00000000,0.86656556
2.00000000,2421.00000000,0.86683310
2.00000000,2422.00000000,0.86710033
2.00000000,2423.00000000,0.86736828
2.00000000,2424.00000000,0.86763650
2.00000000,2425.00000000,0.86790436
2.00000000,2426.00000000,0.86817300
2.00000000,2427.00000000,0.86844192
2.00000000,2428.00000000,0.86871043
2.00000000,2429.00000000,0.86897979
2.00000000,2430.00000000,0.86924884
2.00000000,2431.00000000,0.86951864
2.00000000,2432.00000000,0.86978872
2.00000000,2433.00000000,0.87005843
2.00000000,2434.00000000,0.87032896
2.00000000,2435.00000000,0.87059980
2.00000000,2436.00000000,0.87087023
2.00000000,2437.00000000,0.87114151
2.00000000,2438.00000000,0.87141311
2.00000000,2439.00000000,0.87168427
2.00000000,2440.00000000,0.87195637
2.00000000,2441.00000000,0.87222809
2.00000000,2442.00000000,0.87250064
2.00000000,2443.00000000,0.87277351
2.00000000,2444.00000000,0.87304598
2.00000000,2445.00000000,0.87331938
2.00000000,2446.00000000,0.87359306
2.00000000,2447.00000000,0.87386627
2.00000000,2448.00000000,0.87414047
2.00000000,2449.00000000,0.87441501
2.00000000,2450.00000000,0.87468899
2.00000000,2451.00000000,0.87496400
2.00000000,2452.00000000,0.87523935
2.00000000,2453.00000000,0.87551596
2.00000000,2454.00000000,0.87579365
2.00000000,2455.00000000,0.87607077
2.00000000,2456.00000000,0.87634887
2.00000000,2457.00000000,0.87662730
2.00000000,2458.00000000,0.87690506
2.00000000,2459.00000000,0.87718395
2.00000000,2460.00000000,0.87746314
2.00000000,2461.00000000,0.87774155
2.00000000,2462.00000000,0.87802116
2.00000000,2463.00000000,0.87830116
2.00000000,2464.00000000,0.87858019
2.00000000,2465.00000000,0.87886060
2.00000000,2466.00000000,0.87914024
2.00000000,2467.00000000,0.87942108
2.00000000,2468.00000000,0.87970232
2.00000000,2469.00000000,0.87998259
2.00000000,2470.00000000,0.88026424
2.00000000,2471.00000000,0.88054631
2.00000000,2472.00000000,0.88082723
2.00000000,2473.00000000,0.88110977
2.00000000,2474.00000000,0.88139268
2.00000000,2475.00000000,0.88167423
2.00000000,2476.00000000,0.88195761
2.00000000,2477.00000000,0.88224137
2.00000000,2478.00000000,0.88252356
2.00000000,2479.00000000,0.88280786
2.00000000,2480.00000000,0.88309062
2.00000000,2481.00000000,0.88337537
2.00000000,2482.00000000,0.88366058
2.00000000,2483.00000000,0.88394400
2.00000000,2484.00000000,0.88422972
2.00000000,2485.00000000,0.88451597
2.00000000,2486.00000000,0.88479989
2.00000000,2487.00000000,0.88508659
2.00000000,2488.00000000,0.88537390
2.00000000,2489.00000000,0.88565831
2.00000000,2490.00000000,0.88594623
2.00000000,2491.00000000,0.88623118
2.00000000,2492.00000000,0.88651966
2.00000000,2493.00000000,0.88680905
2.00000000,2494.00000000,0.88709423
2.00000000,2495.00000000,0.88738447
2.00000000,2496.00000000,0.88767606
2.00000000,2497.00000000,0.88796151
2.00000000,2498.00000000,0.88825531
2.00000000,2499.00000000,0.88855300
2.00000000,2500.00000000,0.88884370
3.00000000,1765.00000000,1.38927768
3.00000000,1766.00000000,1.38927728
3.00000000,1767.00000000,1.38927638
3.00000000,1768.00000000,1.38927365
3.00000000,1769.00000000,1.38930310
3.00000000,1770.00000000,1.38929659
3.00000000,1771.00000000,1.38928814
3.00000000,1772.00000000,1.38927782
3.00000000,1773.00000000,1.38926565
3.00000000,1774.00000000,1.38926302
3.00000000,1775.00000000,1.38924742
3.00000000,1776.00000000,1.38923029
3.00000000,1777.00000000,1.38921165
3.00000000,1778.00000000,1.38919161
3.00000000,1779.00000000,1.38917021
3.00000000,1780.00000000,1.38914749
3.00000000,1781.00000000,1.38912349
3.00000000,1782.00000000,1.38909817
3.00000000,1783.00000000,1.38907159
3.00000000,1784.00000000,1.38905509
3.00000000,1785.00000000,1.38902617
3.00000000,1786.00000000,1.38899621
3.00000000,1787.00000000,1.38896527
3.00000000,1788.00000000,1.38893338
3.00000000,1789.00000000,1.38890058
3.00000000,1790.00000000,1.38886694
3.00000000,1791.00000000,1.38883245
3.00000000,1792.00000000,1.38879703
3.00000000,1793.00000000,1.38876074
3.00000000,1794.00000000,1.38873492
3.00000000,1795.00000000,1.38869704
3.00000000,1796.00000000,1.38865849
3.00000000,1797.00000000,1.38861926
3.00000000,1798.00000000,1.38857936
3.00000000,1799.00000000,1.38853873
3.00000000,1800.00000000,1.38850872
3.00000000,1801.00000000,1.38846676
3.00000000,1802.00000000,1.38842412
3.00000000,1803.00000000,1.38839201
3.00000000,1804.00000000,1.38834793
3.00000000,1805.00000000,1.38832591
3.00000000,1806.00000000,1.38826954
3.00000000,1807.00000000,1.38822406
3.00000000,1808.00000000,1.38817807
3.00000000,1809.00000000,1.38814295
3.00000000,1810.00000000,1.38809610
3.00000000,1811.00000000,1.38804891
3.00000000,1812.00000000,1.38800135
3.00000000,1813.00000000,1.38795335
3.00000000,1814.00000000,1.38791627
3.00000000,1815.00000000,1.38786758
3.00000000,1816.00000000,1.38781851
3.00000000,1817.00000000,1.38776901
3.00000000,1818.00000000,1.38773026
3.00000000,1819.00000000,1.38769104
3.00000000,1820.00000000,1.38765149
3.00000000,1821.00000000,1.38760035
3.00000000,1822.00000000,1.38754903
3.00000000,1823.00000000,1.38749749
3.00000000,1824.00000000,1.38744561
3.00000000,1825.00000000,1.38740460
3.00000000,1826.00000000,1.38736328
3.00000000,1827.00000000,1.38731031
3.00000000,1828.00000000,1.38726840
3.00000000,1829.00000000,1.38721490
3.00000000,1830.00000000,1.38717238
3.00000000,1831.00000000,1.38711801
3.00000000,1832.00000000,1.38706287
3.00000000,1833.00000000,1.38707502
3.00000000,1834.00000000,1.38700772
3.00000000,1835.00000000,1.38695155
3.00000000,1836.00000000,1.38690642
3.00000000,1837.00000000,1.38684953
3.00000000,1838.00000000,1.38680329
3.00000000,1839.00000000,1.38679047
3.00000000,1840.00000000,1.38673195
3.00000000,1841.00000000,1.38668433
3.00000000,1842.00000000,1.38663629
3.00000000,1843.00000000,1.38659900
3.00000000,1844.00000000,1.38654992
3.00000000,1845.00000000,1.38651161
3.00000000,1846.00000000,1.38646130
3.00000000,1847.00000000,1.38642153
3.00000000,1848.00000000,1.38640375
3.00000000,1849.00000000,1.38634010
3.00000000,1850.00000000,1.38630977
3.00000000,1851.00000000,1.38625622
3.00000000,1852.00000000,1.38622463
3.00000000,1853.00000000,1.38620167
3.00000000,1854.00000000,1.38612894
3.00000000,1855.00000000,1.38608627
3.00000000,1856.00000000,1.38603079
3.00000000,1857.00000000,1.38606599
3.00000000,1858.00000000,1.38601099
3.00000000,1859.00000000,1.38598989
3.00000000,1860.00000000,1.38592312
3.00000000,1861.00000000,1.38585541
3.00000000,1862.00000000,1.38583228
3.00000000,1863.00000000,1.38584606
3.00000000,1864.00000000,1.38582065
3.00000000,1865.00000000,1.38577794
3.00000000,1866.00000000,1.38579382
3.00000000,1867.00000000,1.38582076
3.00000000,1868.00000000,1.38583586
3.00000000,1869.00000000,1.38580541
3.00000000,1870.00000000,1.38583379
3.00000000,1871.00000000,1.38582543
3.00000000,1872.00000000,1.38583613
3.00000000,1873.00000000,1.38581378
3.00000000,1874.00000000,1.38582191
3.00000000,1875.00000000,1.38590853
3.00000000,1876.00000000,1.38592116
3.00000000,1877.00000000,1.38569415
3.00000000,1878.00000000,1.38573737
3.00000000,1879.00000000,1.38565515
3.00000000,1880.00000000,1.38557128
3.00000000,1881.00000000,1.38546603
3.00000000,1882.00000000,1.38549667
3.00000000,1883.00000000,1.38565956
3.00000000,1884.00000000,1.38560763
3.00000000,1885.00000000,1.38562488
3.00000000,1886.00000000,1.38567712
3.00000000,1887.00000000,1.38558267
3.00000000,1888.00000000,1.38547657
3.00000000,1889.00000000,1.38539109
3.00000000,1890.00000000,1.38541567
3.00000000,1891.00000000,1.38564036
3.00000000,1892.00000000,1.38549990
3.00000000,1893.00000000,1.38568405
3.00000000,1894.00000000,1.38571914
3.00000000,1895.00000000,1.38559398
3.00000000,1896.00000000,1.38539729
3.00000000,1897.00000000,1.38538786
3.00000000,1898.00000000,1.38548597
3.00000000,1899.00000000,1.38546500
3.00000000,1900.00000000,1.38552693
3.00000000,1901.00000000,1.38562434
3.00000000,1902.00000000,1.38590204
3.00000000,1903.00000000,1.38599755
3.00000000,1904.00000000,1.38597808
3.00000000,1905.00000000,1.38589981
3.00000000,1906.00000000,1.38622527
3.00000000,1907.00000000,1.38603661
3.00000000,1908.00000000,1.38619127
3.00000000,1909.00000000,1.38638796
3.00000000,1910.00000000,1.38694952
3.00000000,1911.00000000,1.38625329
3.00000000,1912.00000000,1.38633595
3.00000000,1913.00000000,1.38640881
3.00000000,1914.00000000,1.38629305
3.00000000,1915.00000000,1.38647982
3.00000000,1916.00000000,1.38691728
3.00000000,1917.00000000,1.38559112
3.00000000,1918.00000000,1.38517887
3.00000000,1919.00000000,1.38560948
3.00000000,1920.00000000,1.38594310
3.00000000,1921.00000000,1.38546150
3.00000000,1922.00000000,1.38373507
3.00000000,1923.00000000,1.38490276
3.00000000,1924.00000000,1.38318465
3.00000000,1925.00000000,1.38338541
3.00000000,1926.00000000,1.38451168
3.00000000,1927.00000000,1.38414022
3.00000000,1928.00000000,1.38397436
3.00000000,1929.00000000,1.38374912
3.00000000,1930.00000000,1.38430854
3.00000000,1931.00000000,1.38399906
3.00000000,1932.00000000,1.38456626
3.00000000,1933.00000000,1.38322110
3.00000000,1934.00000000,1.38167339
3.00000000,1935.00000000,1.38036901
3.00000000,1936.00000000,1.38062836
3.00000000,1937.00000000,1.38125081
3.00000000,1938.00000000,1.38155682
3.00000000,1939.00000000,1.38240198
3.00000000,1940.00000000,1.38297019
3.00000000,1941.00000000,1.38188385
3.00000000,1942.00000000,1.38210579
3.00000000,1943.00000000,1.38295772
3.00000000,1944.00000000,1.38298744
3.00000000,1945.00000000,1.38271123
3.00000000,1946.00000000,1.38291132
3.00000000,1947.00000000,1.38248241
3.00000000,1948.00000000,1.37962056
3.00000000,1949.00000000,1.38012538
3.00000000,1950.00000000,1.38145657
3.00000000,1951.00000000,1.38188640
3.00000000,1952.00000000,1.38083322
3.00000000,1953.00000000,1.38266252
3.00000000,1954.00000000,1.38361993
3.00000000,1955.00000000,1.38330784
3.00000000,1956.00000000,1.38315807
3.00000000,1957.00000000,1.38272802
3.00000000,1958.00000000,1.38398369
3.00000000,1959.00000000,1.38471208
3.00000000,1960.00000000,1.38492845
3.00000000,1961.00000000,1.38476730
3.00000000,1962.00000000,1.38540259
3.00000000,1963.00000000,1.38582779
3.00000000,1964.00000000,1.38512226
3.00000000,1965.00000000,1.38538270
3.00000000,1966.00000000,1.38607194
3.00000000,1967.00000000,1.38684872
3.00000000,1968.00000000,1.38732198
3.00000000,1969.00000000,1.38801412
3.00000000,1970.00000000,1.38805638
3.00000000,1971.00000000,1.38884828
3.00000000,1972.00000000,1.38998731
3.00000000,1973.00000000,1.39180675
3.00000000,1974.00000000,1.39222953
3.00000000,1975.00000000,1.39276904
3.00000000,1976.00000000,1.39405406
3.00000000,1977.00000000,1.39276664
3.00000000,1978.00000000,1.39101733
3.00000000,1979.00000000,1.39255960
3.00000000,1980.00000000,1.39269047
3.00000000,1981.00000000,1.39201597
3.00000000,1982.00000000,1.39366237
3.00000000,1983.00000000,1.39155202
3.00000000,1984.00000000,1.38823688
3.00000000,1985.00000000,1.38629317
3.00000000,1986.00000000,1.38458730
3.00000000,1987.00000000,1.38504543
3.00000000,1988.00000000,1.38516402
3.00000000,1989.00000000,1.38536779
3.00000000,1990.00000000,1.38526780
3.00000000,1991.00000000,1.38589334
3.00000000,1992.00000000,1.38553649
3.00000000,1993.00000000,1.38440221
3.00000000,1994.00000000,1.38369411
3.00000000,1995.00000000,1.38068214
3.00000000,1996.00000000,1.37904687
3.00000000,1997.00000000,1.37864611
3.00000000,1998.00000000,1.37836099
3.00000000,1999.00000000,1.37815999
3.00000000,2000.00000000,1.37764492
3.00000000,2001.00000000,1.37557703
3.00000000,2002.00000000,1.37363486
3.00000000,2003.00000000,1.37372303
3.00000000,2004.00000000,1.37369536
3.00000000,2005.00000000,1.37238225
3.00000000,2006.00000000,1.37413218
3.00000000,2007.00000000,1.37634004
3.00000000,2008.00000000,1.37751939
3.00000000,2009.00000000,1.37744505
3.00000000,2010.00000000,1.37733312
3.00000000,2011.00000000,1.37718266
3.00000000,2012.00000000,1.37698297
3.00000000,2013.00000000,1.37672375
3.00000000,2014.00000000,1.37717373
3.00000000,2015.00000000,1.37755241
3.00000000,2016.00000000,1.37785993
3.00000000,2017.00000000,1.37809697
3.00000000,2018.00000000,1.37826425
3.00000000,2019.00000000,1.37836250
3.00000000,2020.00000000,1.37839234
3.00000000,2021.00000000,1.37835522
3.00000000,2022.00000000,1.37825494
3.00000000,2023.00000000,1.37809628
3.00000000,2024.00000000,1.37754200
3.00000000,2025.00000000,1.37693562
3.00000000,2026.00000000,1.37627785
3.00000000,2027.00000000,1.37556892
3.00000000,2028.00000000,1.37480915
3.00000000,2029.00000000,1.37399880
3.00000000,2030.00000000,1.37313827
3.00000000,2031.00000000,1.37222610
3.00000000,2032.00000000,1.37125598
3.00000000,2033.00000000,1.37021934
3.00000000,2034.00000000,1.36981347
3.00000000,2035.00000000,1.36933097
3.00000000,2036.00000000,1.36877239
3.00000000,2037.00000000,1.36813858
3.00000000,2038.00000000,1.36743024
3.00000000,2039.00000000,1.36664817
3.00000000,2040.00000000,1.36579309
3.00000000,2041.00000000,1.36486487
3.00000000,2042.00000000,1.36385999
3.00000000,2043.00000000,1.36277386
3.00000000,2044.00000000,1.36210972
3.00000000,2045.00000000,1.36135909
3.00000000,2046.00000000,1.36052260
3.00000000,2047.00000000,1.35960120
3.00000000,2048.00000000,1.35859613
3.00000000,2049.00000000,1.35750813
3.00000000,2050.00000000,1.35633825
3.00000000,2051.00000000,1.35508741
3.00000000,2052.00000000,1.35375697
3.00000000,2053.00000000,1.35234806
3.00000000,2054.00000000,1.35083380
3.00000000,2055.00000000,1.34924338
3.00000000,2056.00000000,1.34757772
3.00000000,2057.00000000,1.34583764
3.00000000,2058.00000000,1.34402407
3.00000000,2059.00000000,1.34213787
3.00000000,2060.00000000,1.34017982
3.00000000,2061.00000000,1.33815342
3.00000000,2062.00000000,1.33606844
3.00000000,2063.00000000,1.33393700
3.00000000,2064.00000000,1.33070199
3.00000000,2065.00000000,1.32743673
3.00000000,2066.00000000,1.32414180
3.00000000,2067.00000000,1.32081736
3.00000000,2068.00000000,1.31746356
3.00000000,2069.00000000,1.31408064
3.00000000,2070.00000000,1.31066895
3.00000000,2071.00000000,1.30723091
3.00000000,2072.00000000,1.30377469
3.00000000,2073.00000000,1.30031028
3.00000000,2074.00000000,1.29590678
3.00000000,2075.00000000,1.29150827
3.00000000,2076.00000000,1.28711461
3.00000000,2077.00000000,1.28272529
3.00000000,2078.00000000,1.27834026
3.00000000,2079.00000000,1.27395905
3.00000000,2080.00000000,1.26958152
3.00000000,2081.00000000,1.26520862
3.00000000,2082.00000000,1.26084455
3.00000000,2083.00000000,1.25649425
3.00000000,2084.00000000,1.25165106
3.00000000,2085.00000000,1.24682800
3.00000000,2086.00000000,1.24202460
3.00000000,2087.00000000,1.23724039
3.00000000,2088.00000000,1.23247485
3.00000000,2089.00000000,1.22772771
3.00000000,2090.00000000,1.22299837
3.00000000,2091.00000000,1.21828782
3.00000000,2092.00000000,1.21359975
3.00000000,2093.00000000,1.20893889
3.00000000,2094.00000000,1.20379704
3.00000000,2095.00000000,1.19868804
3.00000000,2096.00000000,1.19361130
3.00000000,2097.00000000,1.18856633
3.00000000,2098.00000000,1.18355239
3.00000000,2099.00000000,1.17856890
3.00000000,2100.00000000,1.17361538
3.00000000,2101.00000000,1.16869204
3.00000000,2102.00000000,1.16380076
3.00000000,2103.00000000,1.15894379
3.00000000,2104.00000000,1.15374134
3.00000000,2105.00000000,1.14857638
3.00000000,2106.00000000,1.14344835
3.00000000,2107.00000000,1.13835660
3.00000000,2108.00000000,1.13330077
3.00000000,2109.00000000,1.12828013
3.00000000,2110.00000000,1.12329418
3.00000000,2111.00000000,1.11834246
3.00000000,2112.00000000,1.11342450
3.00000000,2113.00000000,1.10853976
3.00000000,2114.00000000,1.10368781
3.00000000,2115.00000000,1.09886823
3.00000000,2116.00000000,1.09408054
3.00000000,2117.00000000,1.08932448
3.00000000,2118.00000000,1.08459941
3.00000000,2119.00000000,1.07990511
3.00000000,2120.00000000,1.07524123
3.00000000,2121.00000000,1.07060713
3.00000000,2122.00000000,1.06600272
3.00000000,2123.00000000,1.06142760
3.00000000,2124.00000000,1.05688141
3.00000000,2125.00000000,1.05236378
3.00000000,2126.00000000,1.04787442
3.00000000,2127.00000000,1.04341278
3.00000000,2128.00000000,1.03897834
3.00000000,2129.00000000,1.03457064
3.00000000,2130.00000000,1.03018939
3.00000000,2131.00000000,1.02583445
3.00000000,2132.00000000,1.02150541
3.00000000,2133.00000000,1.01720214
3.00000000,2134.00000000,1.01292437
3.00000000,2135.00000000,1.00867195
3.00000000,2136.00000000,1.00444447
3.00000000,2137.00000000,1.00024190
3.00000000,2138.00000000,0.99606396
3.00000000,2139.00000000,0.99191055
3.00000000,2140.00000000,0.98778122
3.00000000,2141.00000000,0.98367598
3.00000000,2142.00000000,0.97959459
3.00000000,2143.00000000,0.97553684
3.00000000,2144.00000000,0.97150257
3.00000000,2145.00000000,0.96749159
3.00000000,2146.00000000,0.96350364
3.00000000,2147.00000000,0.95953875
3.00000000,2148.00000000,0.95559656
3.00000000,2149.00000000,0.95167696
3.00000000,2150.00000000,0.94777982
3.00000000,2151.00000000,0.94391027
3.00000000,2152.00000000,0.94008404
3.00000000,2153.00000000,0.93631823
3.00000000,2154.00000000,0.93036284
3.00000000,2155.00000000,0.92448992
3.00000000,2156.00000000,0.91869787
3.00000000,2157.00000000,0.91298514
3.00000000,2158.00000000,0.90735039
3.00000000,2159.00000000,0.90179211
3.00000000,2160.00000000,0.89630889
3.00000000,2161.00000000,0.89089939
3.00000000,2162.00000000,0.88556240
3.00000000,2163.00000000,0.88029653
3.00000000,2164.00000000,0.87510059
3.00000000,2165.00000000,0.86997337
3.00000000,2166.00000000,0.86491364
3.00000000,2167.00000000,0.85992036
3.00000000,2168.00000000,0.85499234
3.00000000,2169.00000000,0.85012855
3.00000000,2170.00000000,0.84532797
3.00000000,2171.00000000,0.84058948
3.00000000,2172.00000000,0.83591219
3.00000000,2173.00000000,0.83129503
3.00000000,2174.00000000,0.82673713
3.00000000,2175.00000000,0.82223760
3.00000000,2176.00000000,0.81779541
3.00000000,2177.00000000,0.81340985
3.00000000,2178.00000000,0.80907998
3.00000000,2179.00000000,0.80480498
3.00000000,2180.00000000,0.80058405
3.00000000,2181.00000000,0.79641641
3.00000000,2182.00000000,0.79230126
3.00000000,2183.00000000,0.78823791
3.00000000,2184.00000000,0.78422558
3.00000000,2185.00000000,0.78026359
3.00000000,2186.00000000,0.77635124
3.00000000,2187.00000000,0.77248776
3.00000000,2188.00000000,0.76867275
3.00000000,2189.00000000,0.76490527
3.00000000,2190.00000000,0.76118485
3.00000000,2191.00000000,0.75751087
3.00000000,2192.00000000,0.75388275
3.00000000,2193.00000000,0.75029977
3.00000000,2194.00000000,0.74676149
3.00000000,2195.00000000,0.74326730
3.00000000,2196.00000000,0.73981666
3.00000000,2197.00000000,0.73640911
3.00000000,2198.00000000,0.73304411
3.00000000,2199.00000000,0.72972114
3.00000000,2200.00000000,0.72643974
3.00000000,2201.00000000,0.72319927
3.00000000,2202.00000000,0.71999944
3.00000000,2203.00000000,0.71683975
3.00000000,2204.00000000,0.71371966
3.00000000,2205.00000000,0.71063894
3.00000000,2206.00000000,0.70759707
3.00000000,2207.00000000,0.70459362
3.00000000,2208.00000000,0.70162819
3.00000000,2209.00000000,0.69870036
3.00000000,2210.00000000,0.69580969
3.00000000,2211.00000000,0.69295600
3.00000000,2212.00000000,0.69013870
3.00000000,2213.00000000,0.68735768
3.00000000,2214.00000000,0.68461243
3.00000000,2215.00000000,0.68190265
3.00000000,2216.00000000,0.67922803
3.00000000,2217.00000000,0.67658826
3.00000000,2218.00000000,0.67398294
3.00000000,2219.00000000,0.67141191
3.00000000,2220.00000000,0.66887474
3.00000000,2221.00000000,0.66637117
3.00000000,2222.00000000,0.66390103
3.00000000,2223.00000000,0.66146394
3.00000000,2224.00000000,0.65905975
3.00000000,2225.00000000,0.65668812
3.00000000,2226.00000000,0.65434875
3.00000000,2227.00000000,0.65204151
3.00000000,2228.00000000,0.64976614
3.00000000,2229.00000000,0.64752233
3.00000000,2230.00000000,0.64531004
3.00000000,2231.00000000,0.64312898
3.00000000,2232.00000000,0.64097881
3.00000000,2233.00000000,0.63885948
3.00000000,2234.00000000,0.63677068
3.00000000,2235.00000000,0.63471237
3.00000000,2236.00000000,0.63268431
3.00000000,2237.00000000,0.63068629
3.00000000,2238.00000000,0.62871820
3.00000000,2239.00000000,0.62677990
3.00000000,2240.00000000,0.62487107
3.00000000,2241.00000000,0.62299183
3.00000000,2242.00000000,0.62114190
3.00000000,2243.00000000,0.61932104
3.00000000,2244.00000000,0.61752932
3.00000000,2245.00000000,0.61576654
3.00000000,2246.00000000,0.61403248
3.00000000,2247.00000000,0.61232725
3.00000000,2248.00000000,0.61065054
3.00000000,2249.00000000,0.60900165
3.00000000,2250.00000000,0.60737592
3.00000000,2251.00000000,0.60576340
3.00000000,2252.00000000,0.60459847
3.00000000,2253.00000000,0.60474030
3.00000000,2254.00000000,0.60523446
3.00000000,2255.00000000,0.60572255
3.00000000,2256.00000000,0.60620451
3.00000000,2257.00000000,0.60668011
3.00000000,2258.00000000,0.60714933
3.00000000,2259.00000000,0.60766806
3.00000000,2260.00000000,0.60818044
3.00000000,2261.00000000,0.60868663
3.00000000,2262.00000000,0.60918721
3.00000000,2263.00000000,0.60968310
3.00000000,2264.00000000,0.61006324
3.00000000,2265.00000000,0.61043914
3.00000000,2266.00000000,0.61081120
3.00000000,2267.00000000,0.61117929
3.00000000,2268.00000000,0.61154350
3.00000000,2269.00000000,0.61190412
3.00000000,2270.00000000,0.61226111
3.00000000,2271.00000000,0.61261447
3.00000000,2272.00000000,0.61296452
3.00000000,2273.00000000,0.61331109
3.00000000,2274.00000000,0.61365449
3.00000000,2275.00000000,0.61399476
3.00000000,2276.00000000,0.61433175
3.00000000,2277.00000000,0.61466583
3.00000000,2278.00000000,0.61499708
3.00000000,2279.00000000,0.61532052
3.00000000,2280.00000000,0.61564140
3.00000000,2281.00000000,0.61595961
3.00000000,2282.00000000,0.61627509
3.00000000,2283.00000000,0.61658820
3.00000000,2284.00000000,0.61689873
3.00000000,2285.00000000,0.61720700
3.00000000,2286.00000000,0.61751298
3.00000000,2287.00000000,0.61781651
3.00000000,2288.00000000,0.61811803
3.00000000,2289.00000000,0.61841743
3.00000000,2290.00000000,0.61871455
3.00000000,2291.00000000,0.61900982
3.00000000,2292.00000000,0.61930313
3.00000000,2293.00000000,0.61959438
3.00000000,2294.00000000,0.61988394
3.00000000,2295.00000000,0.62017151
3.00000000,2296.00000000,0.62045748
3.00000000,2297.00000000,0.62074175
3.00000000,2298.00000000,0.62102421
3.00000000,2299.00000000,0.62130520
3.00000000,2300.00000000,0.62158469
3.00000000,2301.00000000,0.62186240
3.00000000,2302.00000000,0.62213878
3.00000000,2303.00000000,0.62241358
3.00000000,2304.00000000,0.62269747
3.00000000,2305.00000000,0.62298001
3.00000000,2306.00000000,0.62326111
3.00000000,2307.00000000,0.62354048
3.00000000,2308.00000000,0.62381870
3.00000000,2309.00000000,0.62409530
3.00000000,2310.00000000,0.62437079
3.00000000,2311.00000000,0.62464496
3.00000000,2312.00000000,0.62491769
3.00000000,2313.00000000,0.62518934
3.00000000,2314.00000000,0.62545986
3.00000000,2315.00000000,0.62572895
3.00000000,2316.00000000,0.62599716
3.00000000,2317.00000000,0.62626425
3.00000000,2318.00000000,0.62653008
3.00000000,2319.00000000,0.62679506
3.00000000,2320.00000000,0.62705884
3.00000000,2321.00000000,0.62732186
3.00000000,2322.00000000,0.62758389
3.00000000,2323.00000000,0.62784482
3.00000000,2324.00000000,0.62810504
3.00000000,2325.00000000,0.62836442
3.00000000,2326.00000000,0.62862270
3.00000000,2327.00000000,0.62888039
3.00000000,2328.00000000,0.62913730
3.00000000,2329.00000000,0.62939319
3.00000000,2330.00000000,0.62964857
3.00000000,2331.00000000,0.62990327
3.00000000,2332.00000000,0.63015696
3.00000000,2333.00000000,0.63041025
3.00000000,2334.00000000,0.63066262
3.00000000,2335.00000000,0.63091461
3.00000000,2336.00000000,0.63116599
3.00000000,2337.00000000,0.63141650
3.00000000,2338.00000000,0.63166669
3.00000000,2339.00000000,0.63191632
3.00000000,2340.00000000,0.63216514
3.00000000,2341.00000000,0.63241371
3.00000000,2342.00000000,0.63266181
3.00000000,2343.00000000,0.63290911
3.00000000,2344.00000000,0.63315620
3.00000000,2345.00000000,0.63340259
3.00000000,2346.00000000,0.63364880
3.00000000,2347.00000000,0.63389460
3.00000000,2348.00000000,0.63413970
3.00000000,2349.00000000,0.63438471
3.00000000,2350.00000000,0.63462931
3.00000000,2351.00000000,0.63487329
3.00000000,2352.00000000,0.63511722
3.00000000,2353.00000000,0.63536088
3.00000000,2354.00000000,0.63560083
3.00000000,2355.00000000,0.63584082
3.00000000,2356.00000000,0.63608060
3.00000000,2357.00000000,0.63631981
3.00000000,2358.00000000,0.63655913
3.00000000,2359.00000000,0.63679792
3.00000000,2360.00000000,0.63703682
3.00000000,2361.00000000,0.63727556
3.00000000,2362.00000000,0.63751379
3.00000000,2363.00000000,0.63775218
3.00000000,2364.00000000,0.63799043
3.00000000,2365.00000000,0.63822822
3.00000000,2366.00000000,0.63846619
3.00000000,2367.00000000,0.63870405
3.00000000,2368.00000000,0.63894147
3.00000000,2369.00000000,0.63917911
3.00000000,2370.00000000,0.63941636
3.00000000,2371.00000000,0.63965381
3.00000000,2372.00000000,0.63989120
3.00000000,2373.00000000,0.64012819
3.00000000,2374.00000000,0.64036546
3.00000000,2375.00000000,0.64060268
3.00000000,2376.00000000,0.64083951
3.00000000,2377.00000000,0.64107664
3.00000000,2378.00000000,0.64131376
3.00000000,2379.00000000,0.64155050
3.00000000,2380.00000000,0.64178758
3.00000000,2381.00000000,0.64202431
3.00000000,2382.00000000,0.64226138
3.00000000,2383.00000000,0.64249846
3.00000000,2384.00000000,0.64273519
3.00000000,2385.00000000,0.64297230
3.00000000,2386.00000000,0.64320945
3.00000000,2387.00000000,0.64344625
3.00000000,2388.00000000,0.64368347
3.00000000,2389.00000000,0.64392074
3.00000000,2390.00000000,0.64415766
3.00000000,2391.00000000,0.64439503
3.00000000,2392.00000000,0.64463247
3.00000000,2393.00000000,0.64486956
3.00000000,2394.00000000,0.64510714
3.00000000,2395.00000000,0.64534441
3.00000000,2396.00000000,0.64558212
3.00000000,2397.00000000,0.64581993
3.00000000,2398.00000000,0.64605745
3.00000000,2399.00000000,0.64629544
3.00000000,2400.00000000,0.64653356
3.00000000,2401.00000000,0.64677134
3.00000000,2402.00000000,0.64700969
3.00000000,2403.00000000,0.64724822
3.00000000,2404.00000000,0.64748312
3.00000000,2405.00000000,0.64771866
3.00000000,2406.00000000,0.64795396
3.00000000,2407.00000000,0.64818985
3.00000000,2408.00000000,0.64842595
3.00000000,2409.00000000,0.64866182
3.00000000,2410.00000000,0.64889829
3.00000000,2411.00000000,0.64913498
3.00000000,2412.00000000,0.64937143
3.00000000,2413.00000000,0.64960852
3.00000000,2414.00000000,0.64984587
3.00000000,2415.00000000,0.65008293
3.00000000,2416.00000000,0.65032067
3.00000000,2417.00000000,0.65055867
3.00000000,2418.00000000,0.65079637
3.00000000,2419.00000000,0.65103481
3.00000000,2420.00000000,0.65127300
3.00000000,2421.00000000,0.65151187
3.00000000,2422.00000000,0.65175101
3.00000000,2423.00000000,0.65198986
3.00000000,2424.00000000,0.65222946
3.00000000,2425.00000000,0.65246932
3.00000000,2426.00000000,0.65270888
3.00000000,2427.00000000,0.65294922
3.00000000,2428.00000000,0.65318984
3.00000000,2429.00000000,0.65343014
3.00000000,2430.00000000,0.65367121
3.00000000,2431.00000000,0.65391206
3.00000000,2432.00000000,0.65415365
3.00000000,2433.00000000,0.65439552
3.00000000,2434.00000000,0.65463709
3.00000000,2435.00000000,0.65487948
3.00000000,2436.00000000,0.65512219
3.00000000,2437.00000000,0.65536451
3.00000000,2438.00000000,0.65560770
3.00000000,2439.00000000,0.65585125
3.00000000,2440.00000000,0.65609433
3.00000000,2441.00000000,0.65633838
3.00000000,2442.00000000,0.65658207
3.00000000,2443.00000000,0.65682663
3.00000000,2444.00000000,0.65707152
3.00000000,2445.00000000,0.65731602
3.00000000,2446.00000000,0.65756146
3.00000000,2447.00000000,0.65780724
3.00000000,2448.00000000,0.65805253
3.00000000,2449.00000000,0.65829883
3.00000000,2450.00000000,0.65854550
3.00000000,2451.00000000,0.65879159
3.00000000,2452.00000000,0.65903876
3.00000000,2453.00000000,0.65928626
3.00000000,2454.00000000,0.65953532
3.00000000,2455.00000000,0.65978554
3.00000000,2456.00000000,0.66003514
3.00000000,2457.00000000,0.66028581
3.00000000,2458.00000000,0.66053681
3.00000000,2459.00000000,0.66078713
3.00000000,2460.00000000,0.66103859
3.00000000,2461.00000000,0.66129044
3.00000000,2462.00000000,0.66154147
3.00000000,2463.00000000,0.66179377
3.00000000,2464.00000000,0.66204641
3.00000000,2465.00000000,0.66229822
3.00000000,2466.00000000,0.66255134
3.00000000,2467.00000000,0.66280373
3.00000000,2468.00000000,0.66305737
3.00000000,2469.00000000,0.66331142
3.00000000,2470.00000000,0.66356450
3.00000000,2471.00000000,0.66381902
3.00000000,2472.00000000,0.66407390
3.00000000,2473.00000000,0.66432774
3.00000000,2474.00000000,0.66458314
3.00000000,2475.00000000,0.66483897
3.00000000,2476.00000000,0.66509351
3.00000000,2477.00000000,0.66534986
3.00000000,2478.00000000,0.66560665
3.00000000,2479.00000000,0.66586191
3.00000000,2480.00000000,0.66611922
3.00000000,2481.00000000,0.66637506
3.00000000,2482.00000000,0.66663291
3.00000000,2483.00000000,0.66689123
3.00000000,2484.00000000,0.66714778
3.00000000,2485.00000000,0.66740664
3.00000000,2486.00000000,0.66766603
3.00000000,2487.00000000,0.66792322
3.00000000,2488.00000000,0.66818315
3.00000000,2489.00000000,0.66844374
3.00000000,2490.00000000,0.66870148
3.00000000,2491.00000000,0.66896269
3.00000000,2492.00000000,0.66922103
3.00000000,2493.00000000,0.66948294
3.00000000,2494.00000000,0.66974569
3.00000000,2495.00000000,0.67000451
3.00000000,2496.00000000,0.67026829
3.00000000,2497.00000000,0.67053345
3.00000000,2498.00000000,0.67079299
3.00000000,2499.00000000,0.67106070
3.00000000,2500.00000000,0.67133257
4.00000000,1765.00000000,1.25253599
4.00000000,1766.00000000,1.25253591
4.00000000,1767.00000000,1.25253481
4.00000000,1768.00000000,1.25253269
4.00000000,1769.00000000,1.25252854
4.00000000,1770.00000000,1.25256066
4.00000000,1771.00000000,1.25255237
4.00000000,1772.00000000,1.25254193
4.00000000,1773.00000000,1.25252949
4.00000000,1774.00000000,1.25251512
4.00000000,1775.00000000,1.25251163
4.00000000,1776.00000000,1.25249365
4.00000000,1777.00000000,1.25247401
4.00000000,1778.00000000,1.25245276
4.00000000,1779.00000000,1.25243004
4.00000000,1780.00000000,1.25240586
4.00000000,1781.00000000,1.25238022
4.00000000,1782.00000000,1.25235322
4.00000000,1783.00000000,1.25232475
4.00000000,1784.00000000,1.25229497
4.00000000,1785.00000000,1.25227673
4.00000000,1786.00000000,1.25224448
4.00000000,1787.00000000,1.25221118
4.00000000,1788.00000000,1.25217683
4.00000000,1789.00000000,1.25214142
4.00000000,1790.00000000,1.25210510
4.00000000,1791.00000000,1.25206788
4.00000000,1792.00000000,1.25202958
4.00000000,1793.00000000,1.25199039
4.00000000,1794.00000000,1.25195024
4.00000000,1795.00000000,1.25192203
4.00000000,1796.00000000,1.25188029
4.00000000,1797.00000000,1.25183776
4.00000000,1798.00000000,1.25179452
4.00000000,1799.00000000,1.25175051
4.00000000,1800.00000000,1.25170572
4.00000000,1801.00000000,1.25167301
4.00000000,1802.00000000,1.25162674
4.00000000,1803.00000000,1.25157970
4.00000000,1804.00000000,1.25154471
4.00000000,1805.00000000,1.25149628
4.00000000,1806.00000000,1.25147286
4.00000000,1807.00000000,1.25141063
4.00000000,1808.00000000,1.25136064
4.00000000,1809.00000000,1.25131020
4.00000000,1810.00000000,1.25127207
4.00000000,1811.00000000,1.25122070
4.00000000,1812.00000000,1.25116896
4.00000000,1813.00000000,1.25111677
4.00000000,1814.00000000,1.25106416
4.00000000,1815.00000000,1.25102396
4.00000000,1816.00000000,1.25097057
4.00000000,1817.00000000,1.25091671
4.00000000,1818.00000000,1.25086236
4.00000000,1819.00000000,1.25082020
4.00000000,1820.00000000,1.25077767
4.00000000,1821.00000000,1.25073480
4.00000000,1822.00000000,1.25067886
4.00000000,1823.00000000,1.25062272
4.00000000,1824.00000000,1.25056622
4.00000000,1825.00000000,1.25050937
4.00000000,1826.00000000,1.25046486
4.00000000,1827.00000000,1.25042000
4.00000000,1828.00000000,1.25036205
4.00000000,1829.00000000,1.25031659
4.00000000,1830.00000000,1.25025799
4.00000000,1831.00000000,1.25021161
4.00000000,1832.00000000,1.25015178
4.00000000,1833.00000000,1.25009133
4.00000000,1834.00000000,1.25010707
4.00000000,1835.00000000,1.25003308
4.00000000,1836.00000000,1.24997163
4.00000000,1837.00000000,1.24992247
4.00000000,1838.00000000,1.24985996
4.00000000,1839.00000000,1.24980967
4.00000000,1840.00000000,1.24979717
4.00000000,1841.00000000,1.24973304
4.00000000,1842.00000000,1.24968124
4.00000000,1843.00000000,1.24962892
4.00000000,1844.00000000,1.24958879
4.00000000,1845.00000000,1.24953535
4.00000000,1846.00000000,1.24949393
4.00000000,1847.00000000,1.24943903
4.00000000,1848.00000000,1.24939613
4.00000000,1849.00000000,1.24937808
4.00000000,1850.00000000,1.24930824
4.00000000,1851.00000000,1.24927614
4.00000000,1852.00000000,1.24921774
4.00000000,1853.00000000,1.24918233
4.00000000,1854.00000000,1.24915568
4.00000000,1855.00000000,1.24907442
4.00000000,1856.00000000,1.24902882
4.00000000,1857.00000000,1.24896939
4.00000000,1858.00000000,1.24901223
4.00000000,1859.00000000,1.24895306
4.00000000,1860.00000000,1.24893190
4.00000000,1861.00000000,1.24885873
4.00000000,1862.00000000,1.24878509
4.00000000,1863.00000000,1.24876490
4.00000000,1864.00000000,1.24878790
4.00000000,1865.00000000,1.24876454
4.00000000,1866.00000000,1.24871940
4.00000000,1867.00000000,1.24873948
4.00000000,1868.00000000,1.24877207
4.00000000,1869.00000000,1.24879142
4.00000000,1870.00000000,1.24875938
4.00000000,1871.00000000,1.24879344
4.00000000,1872.00000000,1.24878351
4.00000000,1873.00000000,1.24878994
4.00000000,1874.00000000,1.24875772
4.00000000,1875.00000000,1.24876434
4.00000000,1876.00000000,1.24886365
4.00000000,1877.00000000,1.24888109
4.00000000,1878.00000000,1.24862850
4.00000000,1879.00000000,1.24868122
4.00000000,1880.00000000,1.24859161
4.00000000,1881.00000000,1.24849842
4.00000000,1882.00000000,1.24838048
4.00000000,1883.00000000,1.24841865
4.00000000,1884.00000000,1.24860848
4.00000000,1885.00000000,1.24855569
4.00000000,1886.00000000,1.24858066
4.00000000,1887.00000000,1.24864490
4.00000000,1888.00000000,1.24854288
4.00000000,1889.00000000,1.24842635
4.00000000,1890.00000000,1.24833294
4.00000000,1891.00000000,1.24836389
4.00000000,1892.00000000,1.24862066
4.00000000,1893.00000000,1.24846560
4.00000000,1894.00000000,1.24867814
4.00000000,1895.00000000,1.24872208
4.00000000,1896.00000000,1.24858373
4.00000000,1897.00000000,1.24836424
4.00000000,1898.00000000,1.24835633
4.00000000,1899.00000000,1.24846947
4.00000000,1900.00000000,1.24844713
4.00000000,1901.00000000,1.24851733
4.00000000,1902.00000000,1.24862670
4.00000000,1903.00000000,1.24893991
4.00000000,1904.00000000,1.24904749
4.00000000,1905.00000000,1.24902545
4.00000000,1906.00000000,1.24893711
4.00000000,1907.00000000,1.24930318
4.00000000,1908.00000000,1.24908867
4.00000000,1909.00000000,1.24926682
4.00000000,1910.00000000,1.24949747
4.00000000,1911.00000000,1.25014143
4.00000000,1912.00000000,1.24936790
4.00000000,1913.00000000,1.24947548
4.00000000,1914.00000000,1.24957226
4.00000000,1915.00000000,1.24946088
4.00000000,1916.00000000,1.24969403
4.00000000,1917.00000000,1.25020356
4.00000000,1918.00000000,1.24871395
4.00000000,1919.00000000,1.24825768
4.00000000,1920.00000000,1.24876134
4.00000000,1921.00000000,1.24915534
4.00000000,1922.00000000,1.24862658
4.00000000,1923.00000000,1.24668996
4.00000000,1924.00000000,1.24801232
4.00000000,1925.00000000,1.24607396
4.00000000,1926.00000000,1.24630604
4.00000000,1927.00000000,1.24758547
4.00000000,1928.00000000,1.24717091
4.00000000,1929.00000000,1.24698578
4.00000000,1930.00000000,1.24673381
4.00000000,1931.00000000,1.24737368
4.00000000,1932.00000000,1.24704798
4.00000000,1933.00000000,1.24772574
4.00000000,1934.00000000,1.24624129
4.00000000,1935.00000000,1.24451106
4.00000000,1936.00000000,1.24304172
4.00000000,1937.00000000,1.24333043
4.00000000,1938.00000000,1.24403010
4.00000000,1939.00000000,1.24438191
4.00000000,1940.00000000,1.24534708
4.00000000,1941.00000000,1.24599563
4.00000000,1942.00000000,1.24477422
4.00000000,1943.00000000,1.24503158
4.00000000,1944.00000000,1.24600255
4.00000000,1945.00000000,1.24605221
4.00000000,1946.00000000,1.24576877
4.00000000,1947.00000000,1.24601799
4.00000000,1948.00000000,1.24553588
4.00000000,1949.00000000,1.24229862
4.00000000,1950.00000000,1.24286727
4.00000000,1951.00000000,1.24436513
4.00000000,1952.00000000,1.24483012
4.00000000,1953.00000000,1.24362237
4.00000000,1954.00000000,1.24568527
4.00000000,1955.00000000,1.24677585
4.00000000,1956.00000000,1.24642899
4.00000000,1957.00000000,1.24625675
4.00000000,1958.00000000,1.24576950
4.00000000,1959.00000000,1.24719432
4.00000000,1960.00000000,1.24803601
4.00000000,1961.00000000,1.24830625
4.00000000,1962.00000000,1.24815106
4.00000000,1963.00000000,1.24889235
4.00000000,1964.00000000,1.24939123
4.00000000,1965.00000000,1.24860918
4.00000000,1966.00000000,1.24891477
4.00000000,1967.00000000,1.24970484
4.00000000,1968.00000000,1.25059875
4.00000000,1969.00000000,1.25115574
4.00000000,1970.00000000,1.25195756
4.00000000,1971.00000000,1.25202302
4.00000000,1972.00000000,1.25294153
4.00000000,1973.00000000,1.25425977
4.00000000,1974.00000000,1.25634555
4.00000000,1975.00000000,1.25686454
4.00000000,1976.00000000,1.25752688
4.00000000,1977.00000000,1.25902233
4.00000000,1978.00000000,1.25760707
4.00000000,1979.00000000,1.25567363
4.00000000,1980.00000000,1.25745572
4.00000000,1981.00000000,1.25766515
4.00000000,1982.00000000,1.25699106
4.00000000,1983.00000000,1.25893634
4.00000000,1984.00000000,1.25663646
4.00000000,1985.00000000,1.25296187
4.00000000,1986.00000000,1.25081915
4.00000000,1987.00000000,1.24894137
4.00000000,1988.00000000,1.24950290
4.00000000,1989.00000000,1.24968331
4.00000000,1990.00000000,1.24996542
4.00000000,1991.00000000,1.24991751
4.00000000,1992.00000000,1.25069922
4.00000000,1993.00000000,1.25039398
4.00000000,1994.00000000,1.24922485
4.00000000,1995.00000000,1.24852580
4.00000000,1996.00000000,1.24521788
4.00000000,1997.00000000,1.24345195
4.00000000,1998.00000000,1.24307907
4.00000000,1999.00000000,1.24284893
4.00000000,2000.00000000,1.24272343
4.00000000,2001.00000000,1.24223869
4.00000000,2002.00000000,1.23999232
4.00000000,2003.00000000,1.23787493
4.00000000,2004.00000000,1.23802556
4.00000000,2005.00000000,1.23803048
4.00000000,2006.00000000,1.23659236
4.00000000,2007.00000000,1.23861813
4.00000000,2008.00000000,1.24117811
4.00000000,2009.00000000,1.24259254
4.00000000,2010.00000000,1.24260248
4.00000000,2011.00000000,1.24257167
4.00000000,2012.00000000,1.24249428
4.00000000,2013.00000000,1.24235740
4.00000000,2014.00000000,1.24215359
4.00000000,2015.00000000,1.24274957
4.00000000,2016.00000000,1.24327011
4.00000000,2017.00000000,1.24371574
4.00000000,2018.00000000,1.24408711
4.00000000,2019.00000000,1.24438514
4.00000000,2020.00000000,1.24461065
4.00000000,2021.00000000,1.24476505
4.00000000,2022.00000000,1.24485188
4.00000000,2023.00000000,1.24487578
4.00000000,2024.00000000,1.24484045
4.00000000,2025.00000000,1.24436641
4.00000000,2026.00000000,1.24383831
4.00000000,2027.00000000,1.24325694
4.00000000,2028.00000000,1.24262265
4.00000000,2029.00000000,1.24193576
4.00000000,2030.00000000,1.24119670
4.00000000,2031.00000000,1.24040438
4.00000000,2032.00000000,1.23955328
4.00000000,2033.00000000,1.23863585
4.00000000,2034.00000000,1.23764618
4.00000000,2035.00000000,1.23736731
4.00000000,2036.00000000,1.23700894
4.00000000,2037.00000000,1.23657188
4.00000000,2038.00000000,1.23605725
4.00000000,2039.00000000,1.23546579
4.00000000,2040.00000000,1.23479850
4.00000000,2041.00000000,1.23405533
4.00000000,2042.00000000,1.23323369
4.00000000,2043.00000000,1.23232943
4.00000000,2044.00000000,1.23133987
4.00000000,2045.00000000,1.23082789
4.00000000,2046.00000000,1.23022717
4.00000000,2047.00000000,1.22953853
4.00000000,2048.00000000,1.22876314
4.00000000,2049.00000000,1.22790244
4.00000000,2050.00000000,1.22695728
4.00000000,2051.00000000,1.22592904
4.00000000,2052.00000000,1.22481898
4.00000000,2053.00000000,1.22362869
4.00000000,2054.00000000,1.22235947
4.00000000,2055.00000000,1.22098136
4.00000000,2056.00000000,1.21952682
4.00000000,2057.00000000,1.21799709
4.00000000,2058.00000000,1.21639306
4.00000000,2059.00000000,1.21471596
4.00000000,2060.00000000,1.21296674
4.00000000,2061.00000000,1.21114870
4.00000000,2062.00000000,1.20927096
4.00000000,2063.00000000,1.20734456
4.00000000,2064.00000000,1.20537786
4.00000000,2065.00000000,1.20219847
4.00000000,2066.00000000,1.19899267
4.00000000,2067.00000000,1.19576105
4.00000000,2068.00000000,1.19250386
4.00000000,2069.00000000,1.18922137
4.00000000,2070.00000000,1.18591401
4.00000000,2071.00000000,1.18258401
4.00000000,2072.00000000,1.17923882
4.00000000,2073.00000000,1.17588733
4.00000000,2074.00000000,1.17253594
4.00000000,2075.00000000,1.16815735
4.00000000,2076.00000000,1.16378998
4.00000000,2077.00000000,1.15943357
4.00000000,2078.00000000,1.15508772
4.00000000,2079.00000000,1.15075215
4.00000000,2080.00000000,1.14642656
4.00000000,2081.00000000,1.14211188
4.00000000,2082.00000000,1.13781172
4.00000000,2083.00000000,1.13353021
4.00000000,2084.00000000,1.12927043
4.00000000,2085.00000000,1.12447614
4.00000000,2086.00000000,1.11970856
4.00000000,2087.00000000,1.11496726
4.00000000,2088.00000000,1.11025172
4.00000000,2089.00000000,1.10556142
4.00000000,2090.00000000,1.10089585
4.00000000,2091.00000000,1.09625563
4.00000000,2092.00000000,1.09164409
4.00000000,2093.00000000,1.08706492
4.00000000,2094.00000000,1.08252071
4.00000000,2095.00000000,1.07745641
4.00000000,2096.00000000,1.07243155
4.00000000,2097.00000000,1.06744542
4.00000000,2098.00000000,1.06249727
4.00000000,2099.00000000,1.05758646
4.00000000,2100.00000000,1.05271225
4.00000000,2101.00000000,1.04787474
4.00000000,2102.00000000,1.04307542
4.00000000,2103.00000000,1.03831605
4.00000000,2104.00000000,1.03359769
4.00000000,2105.00000000,1.02850761
4.00000000,2106.00000000,1.02346091
4.00000000,2107.00000000,1.01845701
4.00000000,2108.00000000,1.01349507
4.00000000,2109.00000000,1.00857456
4.00000000,2110.00000000,1.00369471
4.00000000,2111.00000000,0.99885500
4.00000000,2112.00000000,0.99405479
4.00000000,2113.00000000,0.98929342
4.00000000,2114.00000000,0.98457040
4.00000000,2115.00000000,0.97988518
4.00000000,2116.00000000,0.97523733
4.00000000,2117.00000000,0.97062610
4.00000000,2118.00000000,0.96605118
4.00000000,2119.00000000,0.96151195
4.00000000,2120.00000000,0.95700806
4.00000000,2121.00000000,0.95253900
4.00000000,2122.00000000,0.94810417
4.00000000,2123.00000000,0.94370338
4.00000000,2124.00000000,0.93933607
4.00000000,2125.00000000,0.93500183
4.00000000,2126.00000000,0.93070022
4.00000000,2127.00000000,0.92643069
4.00000000,2128.00000000,0.92219271
4.00000000,2129.00000000,0.91798572
4.00000000,2130.00000000,0.91380930
4.00000000,2131.00000000,0.90966320
4.00000000,2132.00000000,0.90554695
4.00000000,2133.00000000,0.90146029
4.00000000,2134.00000000,0.89740298
4.00000000,2135.00000000,0.89337472
4.00000000,2136.00000000,0.88937511
4.00000000,2137.00000000,0.88540391
4.00000000,2138.00000000,0.88146088
4.00000000,2139.00000000,0.87754582
4.00000000,2140.00000000,0.87365828
4.00000000,2141.00000000,0.86979803
4.00000000,2142.00000000,0.86596488
4.00000000,2143.00000000,0.86215866
4.00000000,2144.00000000,0.85837895
4.00000000,2145.00000000,0.85462558
4.00000000,2146.00000000,0.85089828
4.00000000,2147.00000000,0.84719687
4.00000000,2148.00000000,0.84352112
4.00000000,2149.00000000,0.83987071
4.00000000,2150.00000000,0.83624546
4.00000000,2151.00000000,0.83264991
4.00000000,2152.00000000,0.82909715
4.00000000,2153.00000000,0.82560102
4.00000000,2154.00000000,0.82216984
4.00000000,2155.00000000,0.81641202
4.00000000,2156.00000000,0.81073618
4.00000000,2157.00000000,0.80514063
4.00000000,2158.00000000,0.79962361
4.00000000,2159.00000000,0.79418364
4.00000000,2160.00000000,0.78881906
4.00000000,2161.00000000,0.78352834
4.00000000,2162.00000000,0.77831010
4.00000000,2163.00000000,0.77316272
4.00000000,2164.00000000,0.76808498
4.00000000,2165.00000000,0.76307549
4.00000000,2166.00000000,0.75813290
4.00000000,2167.00000000,0.75325590
4.00000000,2168.00000000,0.74844334
4.00000000,2169.00000000,0.74369389
4.00000000,2170.00000000,0.73900659
4.00000000,2171.00000000,0.73438009
4.00000000,2172.00000000,0.72981331
4.00000000,2173.00000000,0.72530528
4.00000000,2174.00000000,0.72085484
4.00000000,2175.00000000,0.71646104
4.00000000,2176.00000000,0.71212288
4.00000000,2177.00000000,0.70783928
4.00000000,2178.00000000,0.70360950
4.00000000,2179.00000000,0.69943249
4.00000000,2180.00000000,0.69530735
4.00000000,2181.00000000,0.69123321
4.00000000,2182.00000000,0.68720939
4.00000000,2183.00000000,0.68323475
4.00000000,2184.00000000,0.67930874
4.00000000,2185.00000000,0.67543050
4.00000000,2186.00000000,0.67159921
4.00000000,2187.00000000,0.66781420
4.00000000,2188.00000000,0.66407467
4.00000000,2189.00000000,0.66038005
4.00000000,2190.00000000,0.65672958
4.00000000,2191.00000000,0.65312244
4.00000000,2192.00000000,0.64955819
4.00000000,2193.00000000,0.64603610
4.00000000,2194.00000000,0.64255544
4.00000000,2195.00000000,0.63911577
4.00000000,2196.00000000,0.63571641
4.00000000,2197.00000000,0.63235678
4.00000000,2198.00000000,0.62903640
4.00000000,2199.00000000,0.62575456
4.00000000,2200.00000000,0.62251088
4.00000000,2201.00000000,0.61930474
4.00000000,2202.00000000,0.61613556
4.00000000,2203.00000000,0.61300299
4.00000000,2204.00000000,0.60990648
4.00000000,2205.00000000,0.60684558
4.00000000,2206.00000000,0.60381974
4.00000000,2207.00000000,0.60082863
4.00000000,2208.00000000,0.59787169
4.00000000,2209.00000000,0.59494854
4.00000000,2210.00000000,0.59205880
4.00000000,2211.00000000,0.58920184
4.00000000,2212.00000000,0.58637759
4.00000000,2213.00000000,0.58358542
4.00000000,2214.00000000,0.58082507
4.00000000,2215.00000000,0.57809613
4.00000000,2216.00000000,0.57539815
4.00000000,2217.00000000,0.57273092
4.00000000,2218.00000000,0.57009409
4.00000000,2219.00000000,0.56748709
4.00000000,2220.00000000,0.56490988
4.00000000,2221.00000000,0.56236201
4.00000000,2222.00000000,0.55984311
4.00000000,2223.00000000,0.55735302
4.00000000,2224.00000000,0.55489128
4.00000000,2225.00000000,0.55245780
4.00000000,2226.00000000,0.55005220
4.00000000,2227.00000000,0.54767406
4.00000000,2228.00000000,0.54532336
4.00000000,2229.00000000,0.54299977
4.00000000,2230.00000000,0.54070291
4.00000000,2231.00000000,0.53843273
4.00000000,2232.00000000,0.53618890
4.00000000,2233.00000000,0.53397105
4.00000000,2234.00000000,0.53177917
4.00000000,2235.00000000,0.52961285
4.00000000,2236.00000000,0.52747211
4.00000000,2237.00000000,0.52535663
4.00000000,2238.00000000,0.52326615
4.00000000,2239.00000000,0.52120059
4.00000000,2240.00000000,0.51915977
4.00000000,2241.00000000,0.51714333
4.00000000,2242.00000000,0.51515131
4.00000000,2243.00000000,0.51318350
4.00000000,2244.00000000,0.51123952
4.00000000,2245.00000000,0.50931954
4.00000000,2246.00000000,0.50742329
4.00000000,2247.00000000,0.50555049
4.00000000,2248.00000000,0.50370126
4.00000000,2249.00000000,0.50187462
4.00000000,2250.00000000,0.50006705
4.00000000,2251.00000000,0.49827106
4.00000000,2252.00000000,0.49647849
4.00000000,2253.00000000,0.49515086
4.00000000,2254.00000000,0.49519406
4.00000000,2255.00000000,0.49560823
4.00000000,2256.00000000,0.49601749
4.00000000,2257.00000000,0.49642165
4.00000000,2258.00000000,0.49682037
4.00000000,2259.00000000,0.49721385
4.00000000,2260.00000000,0.49766094
4.00000000,2261.00000000,0.49810308
4.00000000,2262.00000000,0.49854066
4.00000000,2263.00000000,0.49897408
4.00000000,2264.00000000,0.49940401
4.00000000,2265.00000000,0.49971349
4.00000000,2266.00000000,0.50001954
4.00000000,2267.00000000,0.50032249
4.00000000,2268.00000000,0.50062229
4.00000000,2269.00000000,0.50091890
4.00000000,2270.00000000,0.50121268
4.00000000,2271.00000000,0.50150358
4.00000000,2272.00000000,0.50179144
4.00000000,2273.00000000,0.50207672
4.00000000,2274.00000000,0.50235916
4.00000000,2275.00000000,0.50263905
4.00000000,2276.00000000,0.50291645
4.00000000,2277.00000000,0.50319119
4.00000000,2278.00000000,0.50346368
4.00000000,2279.00000000,0.50373390
4.00000000,2280.00000000,0.50399656
4.00000000,2281.00000000,0.50425724
4.00000000,2282.00000000,0.50451574
4.00000000,2283.00000000,0.50477201
4.00000000,2284.00000000,0.50502645
4.00000000,2285.00000000,0.50527874
4.00000000,2286.00000000,0.50552929
4.00000000,2287.00000000,0.50577796
4.00000000,2288.00000000,0.50602466
4.00000000,2289.00000000,0.50626975
4.00000000,2290.00000000,0.50651318
4.00000000,2291.00000000,0.50675470
4.00000000,2292.00000000,0.50699481
4.00000000,2293.00000000,0.50723334
4.00000000,2294.00000000,0.50747015
4.00000000,2295.00000000,0.50770563
4.00000000,2296.00000000,0.50793953
4.00000000,2297.00000000,0.50817217
4.00000000,2298.00000000,0.50840346
4.00000000,2299.00000000,0.50863323
4.00000000,2300.00000000,0.50886189
4.00000000,2301.00000000,0.50908932
4.00000000,2302.00000000,0.50931524
4.00000000,2303.00000000,0.50954010
4.00000000,2304.00000000,0.50976369
4.00000000,2305.00000000,0.50999721
4.00000000,2306.00000000,0.51022970
4.00000000,2307.00000000,0.51046103
4.00000000,2308.00000000,0.51069094
4.00000000,2309.00000000,0.51091997
4.00000000,2310.00000000,0.51114767
4.00000000,2311.00000000,0.51137451
4.00000000,2312.00000000,0.51160030
4.00000000,2313.00000000,0.51182489
4.00000000,2314.00000000,0.51204870
4.00000000,2315.00000000,0.51227156
4.00000000,2316.00000000,0.51249327
4.00000000,2317.00000000,0.51271428
4.00000000,2318.00000000,0.51293447
4.00000000,2319.00000000,0.51315352
4.00000000,2320.00000000,0.51337202
4.00000000,2321.00000000,0.51358945
4.00000000,2322.00000000,0.51380635
4.00000000,2323.00000000,0.51402251
4.00000000,2324.00000000,0.51423768
4.00000000,2325.00000000,0.51445237
4.00000000,2326.00000000,0.51466638
4.00000000,2327.00000000,0.51487950
4.00000000,2328.00000000,0.51509218
4.00000000,2329.00000000,0.51530427
4.00000000,2330.00000000,0.51551547
4.00000000,2331.00000000,0.51572635
4.00000000,2332.00000000,0.51593668
4.00000000,2333.00000000,0.51614616
4.00000000,2334.00000000,0.51635539
4.00000000,2335.00000000,0.51656384
4.00000000,2336.00000000,0.51677204
4.00000000,2337.00000000,0.51697978
4.00000000,2338.00000000,0.51718677
4.00000000,2339.00000000,0.51739357
4.00000000,2340.00000000,0.51759994
4.00000000,2341.00000000,0.51780564
4.00000000,2342.00000000,0.51801117
4.00000000,2343.00000000,0.51821635
4.00000000,2344.00000000,0.51842085
4.00000000,2345.00000000,0.51862526
4.00000000,2346.00000000,0.51882907
4.00000000,2347.00000000,0.51903280
4.00000000,2348.00000000,0.51923622
4.00000000,2349.00000000,0.51943905
4.00000000,2350.00000000,0.51964185
4.00000000,2351.00000000,0.51984439
4.00000000,2352.00000000,0.52004637
4.00000000,2353.00000000,0.52024841
4.00000000,2354.00000000,0.52045024
4.00000000,2355.00000000,0.52064829
4.00000000,2356.00000000,0.52084644
4.00000000,2357.00000000,0.52104445
4.00000000,2358.00000000,0.52124195
4.00000000,2359.00000000,0.52143963
4.00000000,2360.00000000,0.52163686
4.00000000,2361.00000000,0.52183425
4.00000000,2362.00000000,0.52203152
4.00000000,2363.00000000,0.52222838
4.00000000,2364.00000000,0.52242541
4.00000000,2365.00000000,0.52262237
4.00000000,2366.00000000,0.52281892
4.00000000,2367.00000000,0.52301568
4.00000000,2368.00000000,0.52321240
4.00000000,2369.00000000,0.52340871
4.00000000,2370.00000000,0.52360529
4.00000000,2371.00000000,0.52380150
4.00000000,2372.00000000,0.52399799
4.00000000,2373.00000000,0.52419443
4.00000000,2374.00000000,0.52439053
4.00000000,2375.00000000,0.52458693
4.00000000,2376.00000000,0.52478332
4.00000000,2377.00000000,0.52497937
4.00000000,2378.00000000,0.52517572
4.00000000,2379.00000000,0.52537212
4.00000000,2380.00000000,0.52556816
4.00000000,2381.00000000,0.52576456
4.00000000,2382.00000000,0.52596067
4.00000000,2383.00000000,0.52615708
4.00000000,2384.00000000,0.52635357
4.00000000,2385.00000000,0.52654976
4.00000000,2386.00000000,0.52674631
4.00000000,2387.00000000,0.52694294
4.00000000,2388.00000000,0.52713924
4.00000000,2389.00000000,0.52733595
4.00000000,2390.00000000,0.52753277
4.00000000,2391.00000000,0.52772925
4.00000000,2392.00000000,0.52792618
4.00000000,2393.00000000,0.52812320
4.00000000,2394.00000000,0.52831992
4.00000000,2395.00000000,0.52851709
4.00000000,2396.00000000,0.52871400
4.00000000,2397.00000000,0.52891135
4.00000000,2398.00000000,0.52910882
4.00000000,2399.00000000,0.52930600
4.00000000,2400.00000000,0.52950368
4.00000000,2401.00000000,0.52970146
4.00000000,2402.00000000,0.52989898
4.00000000,2403.00000000,0.53009705
4.00000000,2404.00000000,0.53029531
4.00000000,2405.00000000,0.53048978
4.00000000,2406.00000000,0.53068486
4.00000000,2407.00000000,0.53087973
4.00000000,2408.00000000,0.53107515
4.00000000,2409.00000000,0.53127079
4.00000000,2410.00000000,0.53146618
4.00000000,2411.00000000,0.53166216
4.00000000,2412.00000000,0.53185840
4.00000000,2413.00000000,0.53205436
4.00000000,2414.00000000,0.53225095
4.00000000,2415.00000000,0.53244780
4.00000000,2416.00000000,0.53264435
4.00000000,2417.00000000,0.53284160
4.00000000,2418.00000000,0.53303905
4.00000000,2419.00000000,0.53323622
4.00000000,2420.00000000,0.53343411
4.00000000,2421.00000000,0.53363174
4.00000000,2422.00000000,0.53383003
4.00000000,2423.00000000,0.53402859
4.00000000,2424.00000000,0.53422687
4.00000000,2425.00000000,0.53442586
4.00000000,2426.00000000,0.53462513
4.00000000,2427.00000000,0.53482406
4.00000000,2428.00000000,0.53502375
4.00000000,2429.00000000,0.53522371
4.00000000,2430.00000000,0.53542334
4.00000000,2431.00000000,0.53562376
4.00000000,2432.00000000,0.53582391
4.00000000,2433.00000000,0.53602478
4.00000000,2434.00000000,0.53622595
4.00000000,2435.00000000,0.53642681
4.00000000,2436.00000000,0.53662842
4.00000000,2437.00000000,0.53683039
4.00000000,2438.00000000,0.53703193
4.00000000,2439.00000000,0.53723432
4.00000000,2440.00000000,0.53743703
4.00000000,2441.00000000,0.53763932
4.00000000,2442.00000000,0.53784252
4.00000000,2443.00000000,0.53804537
4.00000000,2444.00000000,0.53824906
4.00000000,2445.00000000,0.53845305
4.00000000,2446.00000000,0.53865666
4.00000000,2447.00000000,0.53886115
4.00000000,2448.00000000,0.53906600
4.00000000,2449.00000000,0.53927033
4.00000000,2450.00000000,0.53947567
4.00000000,2451.00000000,0.53968133
4.00000000,2452.00000000,0.53988642
4.00000000,2453.00000000,0.54009254
4.00000000,2454.00000000,0.54029897
4.00000000,2455.00000000,0.54050709
4.00000000,2456.00000000,0.54071633
4.00000000,2457.00000000,0.54092495
4.00000000,2458.00000000,0.54113463
4.00000000,2459.00000000,0.54134462
4.00000000,2460.00000000,0.54155394
4.00000000,2461.00000000,0.54176441
4.00000000,2462.00000000,0.54197515
4.00000000,2463.00000000,0.54218517
4.00000000,2464.00000000,0.54239640
4.00000000,2465.00000000,0.54260801
4.00000000,2466.00000000,0.54281868
4.00000000,2467.00000000,0.54303077
4.00000000,2468.00000000,0.54324198
4.00000000,2469.00000000,0.54345452
4.00000000,2470.00000000,0.54366741
4.00000000,2471.00000000,0.54387936
4.00000000,2472.00000000,0.54409273
4.00000000,2473.00000000,0.54430646
4.00000000,2474.00000000,0.54451906
4.00000000,2475.00000000,0.54473328
4.00000000,2476.00000000,0.54494789
4.00000000,2477.00000000,0.54516119
4.00000000,2478.00000000,0.54537629
4.00000000,2479.00000000,0.54559182
4.00000000,2480.00000000,0.54580578
4.00000000,2481.00000000,0.54602182
4.00000000,2482.00000000,0.54623635
4.00000000,2483.00000000,0.54645286
4.00000000,2484.00000000,0.54666985
4.00000000,2485.00000000,0.54688506
4.00000000,2486.00000000,0.54710258
4.00000000,2487.00000000,0.54732057
4.00000000,2488.00000000,0.54753638
4.00000000,2489.00000000,0.54775492
4.00000000,2490.00000000,0.54797406
4.00000000,2491.00000000,0.54819041
4.00000000,2492.00000000,0.54841018
4.00000000,2493.00000000,0.54862708
4.00000000,2494.00000000,0.54884754
4.00000000,2495.00000000,0.54906885
4.00000000,2496.00000000,0.54928619
4.00000000,2497.00000000,0.54950850
4.00000000,2498.00000000,0.54973220
4.00000000,2499.00000000,0.54995035
4.00000000,2500.00000000,0.55017668
5.00000000,1765.00000000,1.13894759
5.00000000,1766.00000000,1.13894748
5.00000000,1767.00000000,1.13894673
5.00000000,1768.00000000,1.13894458
5.00000000,1769.00000000,1.13894118
5.00000000,1770.00000000,1.13893556
5.00000000,1771.00000000,1.13896871
5.00000000,1772.00000000,1.13895889
5.00000000,1773.00000000,1.13894688
5.00000000,1774.00000000,1.13893293
5.00000000,1775.00000000,1.13891701
5.00000000,1776.00000000,1.13891285
5.00000000,1777.00000000,1.13889335
5.00000000,1778.00000000,1.13887219
5.00000000,1779.00000000,1.13884945
5.00000000,1780.00000000,1.13882520
5.00000000,1781.00000000,1.13879945
5.00000000,1782.00000000,1.13877223
5.00000000,1783.00000000,1.13874358
5.00000000,1784.00000000,1.13871350
5.00000000,1785.00000000,1.13868216
5.00000000,1786.00000000,1.13866315
5.00000000,1787.00000000,1.13862936
5.00000000,1788.00000000,1.13859453
5.00000000,1789.00000000,1.13855855
5.00000000,1790.00000000,1.13852160
5.00000000,1791.00000000,1.13848368
5.00000000,1792.00000000,1.13844478
5.00000000,1793.00000000,1.13840486
5.00000000,1794.00000000,1.13836400
5.00000000,1795.00000000,1.13832225
5.00000000,1796.00000000,1.13829328
5.00000000,1797.00000000,1.13824990
5.00000000,1798.00000000,1.13820574
5.00000000,1799.00000000,1.13816086
5.00000000,1800.00000000,1.13811511
5.00000000,1801.00000000,1.13806866
5.00000000,1802.00000000,1.13803501
5.00000000,1803.00000000,1.13798700
5.00000000,1804.00000000,1.13793820
5.00000000,1805.00000000,1.13790234
5.00000000,1806.00000000,1.13785231
5.00000000,1807.00000000,1.13782887
5.00000000,1808.00000000,1.13776410
5.00000000,1809.00000000,1.13771245
5.00000000,1810.00000000,1.13766035
5.00000000,1811.00000000,1.13762139
5.00000000,1812.00000000,1.13756836
5.00000000,1813.00000000,1.13751490
5.00000000,1814.00000000,1.13746105
5.00000000,1815.00000000,1.13740677
5.00000000,1816.00000000,1.13736566
5.00000000,1817.00000000,1.13731053
5.00000000,1818.00000000,1.13725482
5.00000000,1819.00000000,1.13719864
5.00000000,1820.00000000,1.13715560
5.00000000,1821.00000000,1.13711219
5.00000000,1822.00000000,1.13706851
5.00000000,1823.00000000,1.13701087
5.00000000,1824.00000000,1.13695293
5.00000000,1825.00000000,1.13689467
5.00000000,1826.00000000,1.13683600
5.00000000,1827.00000000,1.13679053
5.00000000,1828.00000000,1.13674477
5.00000000,1829.00000000,1.13668502
5.00000000,1830.00000000,1.13663861
5.00000000,1831.00000000,1.13657799
5.00000000,1832.00000000,1.13653030
5.00000000,1833.00000000,1.13646853
5.00000000,1834.00000000,1.13640621
5.00000000,1835.00000000,1.13642510
5.00000000,1836.00000000,1.13634848
5.00000000,1837.00000000,1.13628498
5.00000000,1838.00000000,1.13623453
5.00000000,1839.00000000,1.13617002
5.00000000,1840.00000000,1.13611852
5.00000000,1841.00000000,1.13610731
5.00000000,1842.00000000,1.13604115
5.00000000,1843.00000000,1.13598805
5.00000000,1844.00000000,1.13593447
5.00000000,1845.00000000,1.13589383
5.00000000,1846.00000000,1.13583890
5.00000000,1847.00000000,1.13579688
5.00000000,1848.00000000,1.13574054
5.00000000,1849.00000000,1.13569701
5.00000000,1850.00000000,1.13567995
5.00000000,1851.00000000,1.13560780
5.00000000,1852.00000000,1.13557586
5.00000000,1853.00000000,1.13551433
5.00000000,1854.00000000,1.13547621
5.00000000,1855.00000000,1.13544866
5.00000000,1856.00000000,1.13536425
5.00000000,1857.00000000,1.13531876
5.00000000,1858.00000000,1.13525877
5.00000000,1859.00000000,1.13530758
5.00000000,1860.00000000,1.13524752
5.00000000,1861.00000000,1.13522746
5.00000000,1862.00000000,1.13515248
5.00000000,1863.00000000,1.13507977
5.00000000,1864.00000000,1.13506559
5.00000000,1865.00000000,1.13509586
5.00000000,1866.00000000,1.13507512
5.00000000,1867.00000000,1.13502987
5.00000000,1868.00000000,1.13505365
5.00000000,1869.00000000,1.13509074
5.00000000,1870.00000000,1.13511378
5.00000000,1871.00000000,1.13508190
5.00000000,1872.00000000,1.13511815
5.00000000,1873.00000000,1.13510271
5.00000000,1874.00000000,1.13510300
5.00000000,1875.00000000,1.13506527
5.00000000,1876.00000000,1.13507240
5.00000000,1877.00000000,1.13518055
5.00000000,1878.00000000,1.13520286
5.00000000,1879.00000000,1.13493805
5.00000000,1880.00000000,1.13499768
5.00000000,1881.00000000,1.13490424
5.00000000,1882.00000000,1.13480632
5.00000000,1883.00000000,1.13468415
5.00000000,1884.00000000,1.13473017
5.00000000,1885.00000000,1.13493818
5.00000000,1886.00000000,1.13488796
5.00000000,1887.00000000,1.13492037
5.00000000,1888.00000000,1.13499377
5.00000000,1889.00000000,1.13488894
5.00000000,1890.00000000,1.13476836
5.00000000,1891.00000000,1.13467228
5.00000000,1892.00000000,1.13470835
5.00000000,1893.00000000,1.13498546
5.00000000,1894.00000000,1.13482500
5.00000000,1895.00000000,1.13505583
5.00000000,1896.00000000,1.13510604
5.00000000,1897.00000000,1.13496167
5.00000000,1898.00000000,1.13473089
5.00000000,1899.00000000,1.13472488
5.00000000,1900.00000000,1.13484685
5.00000000,1901.00000000,1.13482361
5.00000000,1902.00000000,1.13489792
5.00000000,1903.00000000,1.13501389
5.00000000,1904.00000000,1.13534690
5.00000000,1905.00000000,1.13546114
5.00000000,1906.00000000,1.13543760
5.00000000,1907.00000000,1.13534209
5.00000000,1908.00000000,1.13573017
5.00000000,1909.00000000,1.13550455
5.00000000,1910.00000000,1.13570159
5.00000000,1911.00000000,1.13595662
5.00000000,1912.00000000,1.13665496
5.00000000,1913.00000000,1.13584593
5.00000000,1914.00000000,1.13597552
5.00000000,1915.00000000,1.13609835
5.00000000,1916.00000000,1.13600251
5.00000000,1917.00000000,1.13626810
5.00000000,1918.00000000,1.13682107
5.00000000,1919.00000000,1.13524593
5.00000000,1920.00000000,1.13477703
5.00000000,1921.00000000,1.13533047
5.00000000,1922.00000000,1.13576632
5.00000000,1923.00000000,1.13521782
5.00000000,1924.00000000,1.13316189
5.00000000,1925.00000000,1.13457243
5.00000000,1926.00000000,1.13251431
5.00000000,1927.00000000,1.13276841
5.00000000,1928.00000000,1.13413553
5.00000000,1929.00000000,1.13369736
5.00000000,1930.00000000,1.13350291
5.00000000,1931.00000000,1.13324220
5.00000000,1932.00000000,1.13394501
5.00000000,1933.00000000,1.13363391
5.00000000,1934.00000000,1.13439047
5.00000000,1935.00000000,1.13283193
5.00000000,1936.00000000,1.13099840
5.00000000,1937.00000000,1.12943281
5.00000000,1938.00000000,1.12973704
5.00000000,1939.00000000,1.13048646
5.00000000,1940.00000000,1.13087050
5.00000000,1941.00000000,1.13190517
5.00000000,1942.00000000,1.13260158
5.00000000,1943.00000000,1.13130863
5.00000000,1944.00000000,1.13159133
5.00000000,1945.00000000,1.13264030
5.00000000,1946.00000000,1.13272050
5.00000000,1947.00000000,1.13244295
5.00000000,1948.00000000,1.13271449
5.00000000,1949.00000000,1.13219830
5.00000000,1950.00000000,1.12875115
5.00000000,1951.00000000,1.12935017
5.00000000,1952.00000000,1.13092529
5.00000000,1953.00000000,1.13140144
5.00000000,1954.00000000,1.13011051
5.00000000,1955.00000000,1.13231087
5.00000000,1956.00000000,1.13347577
5.00000000,1957.00000000,1.13310498
5.00000000,1958.00000000,1.13291986
5.00000000,1959.00000000,1.13240696
5.00000000,1960.00000000,1.13393960
5.00000000,1961.00000000,1.13485957
5.00000000,1962.00000000,1.13517391
5.00000000,1963.00000000,1.13503475
5.00000000,1964.00000000,1.13584440
5.00000000,1965.00000000,1.13639050
5.00000000,1966.00000000,1.13557108
5.00000000,1967.00000000,1.13590853
5.00000000,1968.00000000,1.13676555
5.00000000,1969.00000000,1.13773813
5.00000000,1970.00000000,1.13835136
5.00000000,1971.00000000,1.13922238
5.00000000,1972.00000000,1.13931679
5.00000000,1973.00000000,1.14032559
5.00000000,1974.00000000,1.14176085
5.00000000,1975.00000000,1.14402137
5.00000000,1976.00000000,1.14462671
5.00000000,1977.00000000,1.14537880
5.00000000,1978.00000000,1.14700838
5.00000000,1979.00000000,1.14554432
5.00000000,1980.00000000,1.14353204
5.00000000,1981.00000000,1.14548619
5.00000000,1982.00000000,1.14579283
5.00000000,1983.00000000,1.14516700
5.00000000,1984.00000000,1.14731813
5.00000000,1985.00000000,1.14494206
5.00000000,1986.00000000,1.14108957
5.00000000,1987.00000000,1.13885909
5.00000000,1988.00000000,1.13690959
5.00000000,1989.00000000,1.13755277
5.00000000,1990.00000000,1.13779641
5.00000000,1991.00000000,1.13815948
5.00000000,1992.00000000,1.13818435
5.00000000,1993.00000000,1.13911000
5.00000000,1994.00000000,1.13889412
5.00000000,1995.00000000,1.13775440
5.00000000,1996.00000000,1.13710171
5.00000000,1997.00000000,1.13366933
5.00000000,1998.00000000,1.13187430
5.00000000,1999.00000000,1.13156900
5.00000000,2000.00000000,1.13142543
5.00000000,2001.00000000,1.13138965
5.00000000,2002.00000000,1.13096068
5.00000000,2003.00000000,1.12864901
5.00000000,2004.00000000,1.12645654
5.00000000,2005.00000000,1.12665474
5.00000000,2006.00000000,1.12669748
5.00000000,2007.00000000,1.12522426
5.00000000,2008.00000000,1.12744436
5.00000000,2009.00000000,1.13024454
5.00000000,2010.00000000,1.13183712
5.00000000,2011.00000000,1.13194249
5.00000000,2012.00000000,1.13200205
5.00000000,2013.00000000,1.13200818
5.00000000,2014.00000000,1.13195021
5.00000000,2015.00000000,1.13182325
5.00000000,2016.00000000,1.13254800
5.00000000,2017.00000000,1.13319754
5.00000000,2018.00000000,1.13377272
5.00000000,2019.00000000,1.13427409
5.00000000,2020.00000000,1.13470270
5.00000000,2021.00000000,1.13506011
5.00000000,2022.00000000,1.13534953
5.00000000,2023.00000000,1.13557513
5.00000000,2024.00000000,1.13574067
5.00000000,2025.00000000,1.13584895
5.00000000,2026.00000000,1.13549718
5.00000000,2027.00000000,1.13509255
5.00000000,2028.00000000,1.13463572
5.00000000,2029.00000000,1.13412713
5.00000000,2030.00000000,1.13356718
5.00000000,2031.00000000,1.13295484
5.00000000,2032.00000000,1.13228550
5.00000000,2033.00000000,1.13155232
5.00000000,2034.00000000,1.13075027
5.00000000,2035.00000000,1.12987560
5.00000000,2036.00000000,1.12975725
5.00000000,2037.00000000,1.12956100
5.00000000,2038.00000000,1.12928786
5.00000000,2039.00000000,1.12893899
5.00000000,2040.00000000,1.12851524
5.00000000,2041.00000000,1.12801683
5.00000000,2042.00000000,1.12744138
5.00000000,2043.00000000,1.12678574
5.00000000,2044.00000000,1.12604752
5.00000000,2045.00000000,1.12522530
5.00000000,2046.00000000,1.12491313
5.00000000,2047.00000000,1.12451472
5.00000000,2048.00000000,1.12403099
5.00000000,2049.00000000,1.12346330
5.00000000,2050.00000000,1.12281300
5.00000000,2051.00000000,1.12208126
5.00000000,2052.00000000,1.12126969
5.00000000,2053.00000000,1.12037966
5.00000000,2054.00000000,1.11941275
5.00000000,2055.00000000,1.11837031
5.00000000,2056.00000000,1.11722082
5.00000000,2057.00000000,1.11599849
5.00000000,2058.00000000,1.11470446
5.00000000,2059.00000000,1.11333988
5.00000000,2060.00000000,1.11190601
5.00000000,2061.00000000,1.11040594
5.00000000,2062.00000000,1.10884813
5.00000000,2063.00000000,1.10724269
5.00000000,2064.00000000,1.10559726
5.00000000,2065.00000000,1.10391719
5.00000000,2066.00000000,1.10097402
5.00000000,2067.00000000,1.09800877
5.00000000,2068.00000000,1.09502193
5.00000000,2069.00000000,1.09201381
5.00000000,2070.00000000,1.08898474
5.00000000,2071.00000000,1.08593706
5.00000000,2072.00000000,1.08287736
5.00000000,2073.00000000,1.07981363
5.00000000,2074.00000000,1.07675162
5.00000000,2075.00000000,1.07369517
5.00000000,2076.00000000,1.06957208
5.00000000,2077.00000000,1.06546430
5.00000000,2078.00000000,1.06137156
5.00000000,2079.00000000,1.05729350
5.00000000,2080.00000000,1.05322982
5.00000000,2081.00000000,1.04918114
5.00000000,2082.00000000,1.04515076
5.00000000,2083.00000000,1.04114249
5.00000000,2084.00000000,1.03715871
5.00000000,2085.00000000,1.03320075
5.00000000,2086.00000000,1.02869064
5.00000000,2087.00000000,1.02421079
5.00000000,2088.00000000,1.01976075
5.00000000,2089.00000000,1.01533993
5.00000000,2090.00000000,1.01094776
5.00000000,2091.00000000,1.00658480
5.00000000,2092.00000000,1.00225378
5.00000000,2093.00000000,0.99795796
5.00000000,2094.00000000,0.99369944
5.00000000,2095.00000000,0.98947919
5.00000000,2096.00000000,0.98472242
5.00000000,2097.00000000,0.98000771
5.00000000,2098.00000000,0.97533438
5.00000000,2099.00000000,0.97070160
5.00000000,2100.00000000,0.96610861
5.00000000,2101.00000000,0.96155523
5.00000000,2102.00000000,0.95704291
5.00000000,2103.00000000,0.95257285
5.00000000,2104.00000000,0.94814599
5.00000000,2105.00000000,0.94376229
5.00000000,2106.00000000,0.93899609
5.00000000,2107.00000000,0.93427520
5.00000000,2108.00000000,0.92959876
5.00000000,2109.00000000,0.92496604
5.00000000,2110.00000000,0.92037650
5.00000000,2111.00000000,0.91582929
5.00000000,2112.00000000,0.91132366
5.00000000,2113.00000000,0.90685906
5.00000000,2114.00000000,0.90243487
5.00000000,2115.00000000,0.89805043
5.00000000,2116.00000000,0.89370509
5.00000000,2117.00000000,0.88939836
5.00000000,2118.00000000,0.88512960
5.00000000,2119.00000000,0.88089837
5.00000000,2120.00000000,0.87670388
5.00000000,2121.00000000,0.87254581
5.00000000,2122.00000000,0.86842367
5.00000000,2123.00000000,0.86433690
5.00000000,2124.00000000,0.86028496
5.00000000,2125.00000000,0.85626743
5.00000000,2126.00000000,0.85228381
5.00000000,2127.00000000,0.84833362
5.00000000,2128.00000000,0.84441599
5.00000000,2129.00000000,0.84053063
5.00000000,2130.00000000,0.83667700
5.00000000,2131.00000000,0.83285472
5.00000000,2132.00000000,0.82906333
5.00000000,2133.00000000,0.82530246
5.00000000,2134.00000000,0.82157176
5.00000000,2135.00000000,0.81787103
5.00000000,2136.00000000,0.81419979
5.00000000,2137.00000000,0.81055767
5.00000000,2138.00000000,0.80694440
5.00000000,2139.00000000,0.80335975
5.00000000,2140.00000000,0.79980332
5.00000000,2141.00000000,0.79627477
5.00000000,2142.00000000,0.79277375
5.00000000,2143.00000000,0.78930021
5.00000000,2144.00000000,0.78585365
5.00000000,2145.00000000,0.78243379
5.00000000,2146.00000000,0.77904041
5.00000000,2147.00000000,0.77567328
5.00000000,2148.00000000,0.77233200
5.00000000,2149.00000000,0.76901642
5.00000000,2150.00000000,0.76572617
5.00000000,2151.00000000,0.76246534
5.00000000,2152.00000000,0.75924566
5.00000000,2153.00000000,0.75607885
5.00000000,2154.00000000,0.75297155
5.00000000,2155.00000000,0.74992739
5.00000000,2156.00000000,0.74451407
5.00000000,2157.00000000,0.73917820
5.00000000,2158.00000000,0.73391798
5.00000000,2159.00000000,0.72873177
5.00000000,2160.00000000,0.72361793
5.00000000,2161.00000000,0.71857486
5.00000000,2162.00000000,0.71360099
5.00000000,2163.00000000,0.70869511
5.00000000,2164.00000000,0.70385535
5.00000000,2165.00000000,0.69908066
5.00000000,2166.00000000,0.69436959
5.00000000,2167.00000000,0.68972085
5.00000000,2168.00000000,0.68513311
5.00000000,2169.00000000,0.68060519
5.00000000,2170.00000000,0.67613581
5.00000000,2171.00000000,0.67172403
5.00000000,2172.00000000,0.66736845
5.00000000,2173.00000000,0.66306803
5.00000000,2174.00000000,0.65882182
5.00000000,2175.00000000,0.65462871
5.00000000,2176.00000000,0.65048768
5.00000000,2177.00000000,0.64639776
5.00000000,2178.00000000,0.64235792
5.00000000,2179.00000000,0.63836744
5.00000000,2180.00000000,0.63442521
5.00000000,2181.00000000,0.63053036
5.00000000,2182.00000000,0.62668211
5.00000000,2183.00000000,0.62287973
5.00000000,2184.00000000,0.61912207
5.00000000,2185.00000000,0.61540865
5.00000000,2186.00000000,0.61173858
5.00000000,2187.00000000,0.60811109
5.00000000,2188.00000000,0.60452545
5.00000000,2189.00000000,0.60098095
5.00000000,2190.00000000,0.59747699
5.00000000,2191.00000000,0.59401288
5.00000000,2192.00000000,0.59058771
5.00000000,2193.00000000,0.58720111
5.00000000,2194.00000000,0.58385235
5.00000000,2195.00000000,0.58054078
5.00000000,2196.00000000,0.57726582
5.00000000,2197.00000000,0.57402697
5.00000000,2198.00000000,0.57082349
5.00000000,2199.00000000,0.56765505
5.00000000,2200.00000000,0.56452088
5.00000000,2201.00000000,0.56142064
5.00000000,2202.00000000,0.55835367
5.00000000,2203.00000000,0.55531950
5.00000000,2204.00000000,0.55231764
5.00000000,2205.00000000,0.54934770
5.00000000,2206.00000000,0.54640906
5.00000000,2207.00000000,0.54350139
5.00000000,2208.00000000,0.54062424
5.00000000,2209.00000000,0.53777695
5.00000000,2210.00000000,0.53495937
5.00000000,2211.00000000,0.53217100
5.00000000,2212.00000000,0.52941127
5.00000000,2213.00000000,0.52668002
5.00000000,2214.00000000,0.52397667
5.00000000,2215.00000000,0.52130102
5.00000000,2216.00000000,0.51865262
5.00000000,2217.00000000,0.51603099
5.00000000,2218.00000000,0.51343597
5.00000000,2219.00000000,0.51086716
5.00000000,2220.00000000,0.50832408
5.00000000,2221.00000000,0.50580659
5.00000000,2222.00000000,0.50331429
5.00000000,2223.00000000,0.50084673
5.00000000,2224.00000000,0.49840387
5.00000000,2225.00000000,0.49598520
5.00000000,2226.00000000,0.49359060
5.00000000,2227.00000000,0.49121971
5.00000000,2228.00000000,0.48887214
5.00000000,2229.00000000,0.48654780
5.00000000,2230.00000000,0.48424639
5.00000000,2231.00000000,0.48196741
5.00000000,2232.00000000,0.47971099
5.00000000,2233.00000000,0.47747670
5.00000000,2234.00000000,0.47526414
5.00000000,2235.00000000,0.47307337
5.00000000,2236.00000000,0.47090392
5.00000000,2237.00000000,0.46875579
5.00000000,2238.00000000,0.46662870
5.00000000,2239.00000000,0.46452224
5.00000000,2240.00000000,0.46243651
5.00000000,2241.00000000,0.46037121
5.00000000,2242.00000000,0.45832595
5.00000000,2243.00000000,0.45630082
5.00000000,2244.00000000,0.45429556
5.00000000,2245.00000000,0.45230975
5.00000000,2246.00000000,0.45034362
5.00000000,2247.00000000,0.44839685
5.00000000,2248.00000000,0.44646906
5.00000000,2249.00000000,0.44455994
5.00000000,2250.00000000,0.44266597
5.00000000,2251.00000000,0.44078113
5.00000000,2252.00000000,0.43889902
5.00000000,2253.00000000,0.43701516
5.00000000,2254.00000000,0.43559945
5.00000000,2255.00000000,0.43556962
5.00000000,2256.00000000,0.43591562
5.00000000,2257.00000000,0.43625753
5.00000000,2258.00000000,0.43659515
5.00000000,2259.00000000,0.43692820
5.00000000,2260.00000000,0.43725701
5.00000000,2261.00000000,0.43764122
5.00000000,2262.00000000,0.43802184
5.00000000,2263.00000000,0.43839917
5.00000000,2264.00000000,0.43877333
5.00000000,2265.00000000,0.43914484
5.00000000,2266.00000000,0.43939528
5.00000000,2267.00000000,0.43964290
5.00000000,2268.00000000,0.43988809
5.00000000,2269.00000000,0.44013074
5.00000000,2270.00000000,0.44037079
5.00000000,2271.00000000,0.44060860
5.00000000,2272.00000000,0.44084406
5.00000000,2273.00000000,0.44107705
5.00000000,2274.00000000,0.44130799
5.00000000,2275.00000000,0.44153661
5.00000000,2276.00000000,0.44176326
5.00000000,2277.00000000,0.44198789
5.00000000,2278.00000000,0.44221034
5.00000000,2279.00000000,0.44243104
5.00000000,2280.00000000,0.44264991
5.00000000,2281.00000000,0.44286163
5.00000000,2282.00000000,0.44307179
5.00000000,2283.00000000,0.44328021
5.00000000,2284.00000000,0.44348676
5.00000000,2285.00000000,0.44369188
5.00000000,2286.00000000,0.44389525
5.00000000,2287.00000000,0.44409724
5.00000000,2288.00000000,0.44429777
5.00000000,2289.00000000,0.44449663
5.00000000,2290.00000000,0.44469426
5.00000000,2291.00000000,0.44489052
5.00000000,2292.00000000,0.44508524
5.00000000,2293.00000000,0.44527887
5.00000000,2294.00000000,0.44547123
5.00000000,2295.00000000,0.44566215
5.00000000,2296.00000000,0.44585206
5.00000000,2297.00000000,0.44604064
5.00000000,2298.00000000,0.44622825
5.00000000,2299.00000000,0.44641482
5.00000000,2300.00000000,0.44660009
5.00000000,2301.00000000,0.44678452
5.00000000,2302.00000000,0.44696790
5.00000000,2303.00000000,0.44715003
5.00000000,2304.00000000,0.44733131
5.00000000,2305.00000000,0.44751156
5.00000000,2306.00000000,0.44770213
5.00000000,2307.00000000,0.44789191
5.00000000,2308.00000000,0.44808076
5.00000000,2309.00000000,0.44826845
5.00000000,2310.00000000,0.44845544
5.00000000,2311.00000000,0.44864134
5.00000000,2312.00000000,0.44882659
5.00000000,2313.00000000,0.44901103
5.00000000,2314.00000000,0.44919442
5.00000000,2315.00000000,0.44937725
5.00000000,2316.00000000,0.44955931
5.00000000,2317.00000000,0.44974043
5.00000000,2318.00000000,0.44992104
5.00000000,2319.00000000,0.45010095
5.00000000,2320.00000000,0.45027995
5.00000000,2321.00000000,0.45045852
5.00000000,2322.00000000,0.45063624
5.00000000,2323.00000000,0.45081355
5.00000000,2324.00000000,0.45099025
5.00000000,2325.00000000,0.45116615
5.00000000,2326.00000000,0.45134171
5.00000000,2327.00000000,0.45151674
5.00000000,2328.00000000,0.45169098
5.00000000,2329.00000000,0.45186495
5.00000000,2330.00000000,0.45203844
5.00000000,2331.00000000,0.45221118
5.00000000,2332.00000000,0.45238371
5.00000000,2333.00000000,0.45255582
5.00000000,2334.00000000,0.45272718
5.00000000,2335.00000000,0.45289841
5.00000000,2336.00000000,0.45306898
5.00000000,2337.00000000,0.45323939
5.00000000,2338.00000000,0.45340945
5.00000000,2339.00000000,0.45357886
5.00000000,2340.00000000,0.45374817
5.00000000,2341.00000000,0.45391714
5.00000000,2342.00000000,0.45408554
5.00000000,2343.00000000,0.45425389
5.00000000,2344.00000000,0.45442191
5.00000000,2345.00000000,0.45458939
5.00000000,2346.00000000,0.45475682
5.00000000,2347.00000000,0.45492376
5.00000000,2348.00000000,0.45509069
5.00000000,2349.00000000,0.45525735
5.00000000,2350.00000000,0.45542354
5.00000000,2351.00000000,0.45558975
5.00000000,2352.00000000,0.45575574
5.00000000,2353.00000000,0.45592130
5.00000000,2354.00000000,0.45608696
5.00000000,2355.00000000,0.45625244
5.00000000,2356.00000000,0.45641419
5.00000000,2357.00000000,0.45657608
5.00000000,2358.00000000,0.45673786
5.00000000,2359.00000000,0.45689919
5.00000000,2360.00000000,0.45706072
5.00000000,2361.00000000,0.45722186
5.00000000,2362.00000000,0.45738318
5.00000000,2363.00000000,0.45754443
5.00000000,2364.00000000,0.45770529
5.00000000,2365.00000000,0.45786637
5.00000000,2366.00000000,0.45802741
5.00000000,2367.00000000,0.45818807
5.00000000,2368.00000000,0.45834898
5.00000000,2369.00000000,0.45850986
5.00000000,2370.00000000,0.45867037
5.00000000,2371.00000000,0.45883117
5.00000000,2372.00000000,0.45899164
5.00000000,2373.00000000,0.45915237
5.00000000,2374.00000000,0.45931310
5.00000000,2375.00000000,0.45947353
5.00000000,2376.00000000,0.45963423
5.00000000,2377.00000000,0.45979498
5.00000000,2378.00000000,0.45995537
5.00000000,2379.00000000,0.46011612
5.00000000,2380.00000000,0.46027689
5.00000000,2381.00000000,0.46043734
5.00000000,2382.00000000,0.46059815
5.00000000,2383.00000000,0.46075868
5.00000000,2384.00000000,0.46091954
5.00000000,2385.00000000,0.46108048
5.00000000,2386.00000000,0.46124110
5.00000000,2387.00000000,0.46140212
5.00000000,2388.00000000,0.46156319
5.00000000,2389.00000000,0.46172398
5.00000000,2390.00000000,0.46188516
5.00000000,2391.00000000,0.46204645
5.00000000,2392.00000000,0.46220741
5.00000000,2393.00000000,0.46236883
5.00000000,2394.00000000,0.46253032
5.00000000,2395.00000000,0.46269152
5.00000000,2396.00000000,0.46285317
5.00000000,2397.00000000,0.46301457
5.00000000,2398.00000000,0.46317638
5.00000000,2399.00000000,0.46333833
5.00000000,2400.00000000,0.46349999
5.00000000,2401.00000000,0.46366212
5.00000000,2402.00000000,0.46382440
5.00000000,2403.00000000,0.46398640
5.00000000,2404.00000000,0.46414895
5.00000000,2405.00000000,0.46431167
5.00000000,2406.00000000,0.46447055
5.00000000,2407.00000000,0.46463001
5.00000000,2408.00000000,0.46478923
5.00000000,2409.00000000,0.46494900
5.00000000,2410.00000000,0.46510897
5.00000000,2411.00000000,0.46526868
5.00000000,2412.00000000,0.46542897
5.00000000,2413.00000000,0.46558950
5.00000000,2414.00000000,0.46574969
5.00000000,2415.00000000,0.46591055
5.00000000,2416.00000000,0.46607158
5.00000000,2417.00000000,0.46623235
5.00000000,2418.00000000,0.46639373
5.00000000,2419.00000000,0.46655540
5.00000000,2420.00000000,0.46671666
5.00000000,2421.00000000,0.46687867
5.00000000,2422.00000000,0.46704036
5.00000000,2423.00000000,0.46720274
5.00000000,2424.00000000,0.46736532
5.00000000,2425.00000000,0.46752762
5.00000000,2426.00000000,0.46769061
5.00000000,2427.00000000,0.46785385
5.00000000,2428.00000000,0.46801670
5.00000000,2429.00000000,0.46818032
5.00000000,2430.00000000,0.46834418
5.00000000,2431.00000000,0.46850765
5.00000000,2432.00000000,0.46867190
5.00000000,2433.00000000,0.46883584
5.00000000,2434.00000000,0.46900050
5.00000000,2435.00000000,0.46916546
5.00000000,2436.00000000,0.46932998
5.00000000,2437.00000000,0.46949534
5.00000000,2438.00000000,0.46966097
5.00000000,2439.00000000,0.46982613
5.00000000,2440.00000000,0.46999217
5.00000000,2441.00000000,0.47015848
5.00000000,2442.00000000,0.47032430
5.00000000,2443.00000000,0.47049103
5.00000000,2444.00000000,0.47065736
5.00000000,2445.00000000,0.47082455
5.00000000,2446.00000000,0.47099198
5.00000000,2447.00000000,0.47115898
5.00000000,2448.00000000,0.47132689
5.00000000,2449.00000000,0.47149507
5.00000000,2450.00000000,0.47166270
5.00000000,2451.00000000,0.47183132
5.00000000,2452.00000000,0.47200023
5.00000000,2453.00000000,0.47216854
5.00000000,2454.00000000,0.47233784
5.00000000,2455.00000000,0.47250746
5.00000000,2456.00000000,0.47267871
5.00000000,2457.00000000,0.47285107
5.00000000,2458.00000000,0.47302282
5.00000000,2459.00000000,0.47319561
5.00000000,2460.00000000,0.47336864
5.00000000,2461.00000000,0.47354100
5.00000000,2462.00000000,0.47371447
5.00000000,2463.00000000,0.47388822
5.00000000,2464.00000000,0.47406119
5.00000000,2465.00000000,0.47423538
5.00000000,2466.00000000,0.47440987
5.00000000,2467.00000000,0.47458340
5.00000000,2468.00000000,0.47475832
5.00000000,2469.00000000,0.47493237
5.00000000,2470.00000000,0.47510769
5.00000000,2471.00000000,0.47528336
5.00000000,2472.00000000,0.47545802
5.00000000,2473.00000000,0.47563408
5.00000000,2474.00000000,0.47581050
5.00000000,2475.00000000,0.47598577
5.00000000,2476.00000000,0.47616262
5.00000000,2477.00000000,0.47633984
5.00000000,2478.00000000,0.47651569
5.00000000,2479.00000000,0.47669333
5.00000000,2480.00000000,0.47687136
5.00000000,2481.00000000,0.47704782
5.00000000,2482.00000000,0.47722630
5.00000000,2483.00000000,0.47740325
5.00000000,2484.00000000,0.47758217
5.00000000,2485.00000000,0.47776154
5.00000000,2486.00000000,0.47793906
5.00000000,2487.00000000,0.47811888
5.00000000,2488.00000000,0.47829918
5.00000000,2489.00000000,0.47847720
5.00000000,2490.00000000,0.47865796
5.00000000,2491.00000000,0.47883932
5.00000000,2492.00000000,0.47901781
5.00000000,2493.00000000,0.47919972
5.00000000,2494.00000000,0.47937869
5.00000000,2495.00000000,0.47956124
5.00000000,2496.00000000,0.47974461
5.00000000,2497.00000000,0.47992395
5.00000000,2498.00000000,0.48010828
5.00000000,2499.00000000,0.48029398
5.00000000,2500.00000000,0.48047402
6.00000000,1765.00000000,1.04315958
6.00000000,1766.00000000,1.04315939
6.00000000,1767.00000000,1.04315869
6.00000000,1768.00000000,1.04315698
6.00000000,1769.00000000,1.04315373
6.00000000,1770.00000000,1.04314899
6.00000000,1771.00000000,1.04314213
6.00000000,1772.00000000,1.04317519
6.00000000,1773.00000000,1.04316407
6.00000000,1774.00000000,1.04315096
6.00000000,1775.00000000,1.04313594
6.00000000,1776.00000000,1.04311909
6.00000000,1777.00000000,1.04311440
6.00000000,1778.00000000,1.04309406
6.00000000,1779.00000000,1.04307216
6.00000000,1780.00000000,1.04304871
6.00000000,1781.00000000,1.04302372
6.00000000,1782.00000000,1.04299734
6.00000000,1783.00000000,1.04296944
6.00000000,1784.00000000,1.04294019
6.00000000,1785.00000000,1.04290963
6.00000000,1786.00000000,1.04287781
6.00000000,1787.00000000,1.04285881
6.00000000,1788.00000000,1.04282465
6.00000000,1789.00000000,1.04278948
6.00000000,1790.00000000,1.04275327
6.00000000,1791.00000000,1.04271604
6.00000000,1792.00000000,1.04267784
6.00000000,1793.00000000,1.04263872
6.00000000,1794.00000000,1.04259856
6.00000000,1795.00000000,1.04255758
6.00000000,1796.00000000,1.04251571
6.00000000,1797.00000000,1.04248703
6.00000000,1798.00000000,1.04244361
6.00000000,1799.00000000,1.04239935
6.00000000,1800.00000000,1.04235439
6.00000000,1801.00000000,1.04230866
6.00000000,1802.00000000,1.04226211
6.00000000,1803.00000000,1.04222882
6.00000000,1804.00000000,1.04218077
6.00000000,1805.00000000,1.04213204
6.00000000,1806.00000000,1.04209675
6.00000000,1807.00000000,1.04204684
6.00000000,1808.00000000,1.04202429
6.00000000,1809.00000000,1.04195936
6.00000000,1810.00000000,1.04190790
6.00000000,1811.00000000,1.04185605
6.00000000,1812.00000000,1.04181771
6.00000000,1813.00000000,1.04176487
6.00000000,1814.00000000,1.04171170
6.00000000,1815.00000000,1.04165811
6.00000000,1816.00000000,1.04160407
6.00000000,1817.00000000,1.04156360
6.00000000,1818.00000000,1.04150862
6.00000000,1819.00000000,1.04145311
6.00000000,1820.00000000,1.04139725
6.00000000,1821.00000000,1.04135492
6.00000000,1822.00000000,1.04131232
6.00000000,1823.00000000,1.04126939
6.00000000,1824.00000000,1.04121205
6.00000000,1825.00000000,1.04115447
6.00000000,1826.00000000,1.04109651
6.00000000,1827.00000000,1.04103816
6.00000000,1828.00000000,1.04099349
6.00000000,1829.00000000,1.04094847
6.00000000,1830.00000000,1.04088911
6.00000000,1831.00000000,1.04084323
6.00000000,1832.00000000,1.04078272
6.00000000,1833.00000000,1.04073571
6.00000000,1834.00000000,1.04067427
6.00000000,1835.00000000,1.04061237
6.00000000,1836.00000000,1.04063402
6.00000000,1837.00000000,1.04055726
6.00000000,1838.00000000,1.04049400
6.00000000,1839.00000000,1.04044424
6.00000000,1840.00000000,1.04038001
6.00000000,1841.00000000,1.04032925
6.00000000,1842.00000000,1.04031988
6.00000000,1843.00000000,1.04025404
6.00000000,1844.00000000,1.04020163
6.00000000,1845.00000000,1.04014869
6.00000000,1846.00000000,1.04010901
6.00000000,1847.00000000,1.04005466
6.00000000,1848.00000000,1.04001360
6.00000000,1849.00000000,1.03995791
6.00000000,1850.00000000,1.03991537
6.00000000,1851.00000000,1.03990013
6.00000000,1852.00000000,1.03982828
6.00000000,1853.00000000,1.03979635
6.00000000,1854.00000000,1.03973298
6.00000000,1855.00000000,1.03969466
6.00000000,1856.00000000,1.03966824
6.00000000,1857.00000000,1.03958419
6.00000000,1858.00000000,1.03954055
6.00000000,1859.00000000,1.03948219
6.00000000,1860.00000000,1.03953552
6.00000000,1861.00000000,1.03947643
6.00000000,1862.00000000,1.03945883
6.00000000,1863.00000000,1.03938719
6.00000000,1864.00000000,1.03931932
6.00000000,1865.00000000,1.03931067
6.00000000,1866.00000000,1.03934637
6.00000000,1867.00000000,1.03932855
6.00000000,1868.00000000,1.03928485
6.00000000,1869.00000000,1.03931174
6.00000000,1870.00000000,1.03935239
6.00000000,1871.00000000,1.03937837
6.00000000,1872.00000000,1.03934590
6.00000000,1873.00000000,1.03937915
6.00000000,1874.00000000,1.03935730
6.00000000,1875.00000000,1.03935405
6.00000000,1876.00000000,1.03931453
6.00000000,1877.00000000,1.03932317
6.00000000,1878.00000000,1.03943758
6.00000000,1879.00000000,1.03946463
6.00000000,1880.00000000,1.03919606
6.00000000,1881.00000000,1.03925962
6.00000000,1882.00000000,1.03916512
6.00000000,1883.00000000,1.03906769
6.00000000,1884.00000000,1.03894721
6.00000000,1885.00000000,1.03900007
6.00000000,1886.00000000,1.03921994
6.00000000,1887.00000000,1.03917440
6.00000000,1888.00000000,1.03921304
6.00000000,1889.00000000,1.03929263
6.00000000,1890.00000000,1.03918858
6.00000000,1891.00000000,1.03906815
6.00000000,1892.00000000,1.03897261
6.00000000,1893.00000000,1.03901343
6.00000000,1894.00000000,1.03930294
6.00000000,1895.00000000,1.03914248
6.00000000,1896.00000000,1.03938338
6.00000000,1897.00000000,1.03943823
6.00000000,1898.00000000,1.03929287
6.00000000,1899.00000000,1.03905814
6.00000000,1900.00000000,1.03905350
6.00000000,1901.00000000,1.03917962
6.00000000,1902.00000000,1.03915546
6.00000000,1903.00000000,1.03923139
6.00000000,1904.00000000,1.03935013
6.00000000,1905.00000000,1.03969194
6.00000000,1906.00000000,1.03980908
6.00000000,1907.00000000,1.03978340
6.00000000,1908.00000000,1.03968346
6.00000000,1909.00000000,1.04008459
6.00000000,1910.00000000,1.03985897
6.00000000,1911.00000000,1.04007005
6.00000000,1912.00000000,1.04034420
6.00000000,1913.00000000,1.04107650
6.00000000,1914.00000000,1.04025984
6.00000000,1915.00000000,1.04041259
6.00000000,1916.00000000,1.04056155
6.00000000,1917.00000000,1.04048116
6.00000000,1918.00000000,1.04076616
6.00000000,1919.00000000,1.04134695
6.00000000,1920.00000000,1.03974475
6.00000000,1921.00000000,1.03927943
6.00000000,1922.00000000,1.03986477
6.00000000,1923.00000000,1.04032824
6.00000000,1924.00000000,1.03977212
6.00000000,1925.00000000,1.03766242
6.00000000,1926.00000000,1.03911844
6.00000000,1927.00000000,1.03700952
6.00000000,1928.00000000,1.03727532
6.00000000,1929.00000000,1.03868407
6.00000000,1930.00000000,1.03823676
6.00000000,1931.00000000,1.03804414
6.00000000,1932.00000000,1.03779587
6.00000000,1933.00000000,1.03855137
6.00000000,1934.00000000,1.03826548
6.00000000,1935.00000000,1.03906679
6.00000000,1936.00000000,1.03747695
6.00000000,1937.00000000,1.03559452
6.00000000,1938.00000000,1.03398345
6.00000000,1939.00000000,1.03429982
6.00000000,1940.00000000,1.03507813
6.00000000,1941.00000000,1.03547920
6.00000000,1942.00000000,1.03654882
6.00000000,1943.00000000,1.03727233
6.00000000,1944.00000000,1.03595195
6.00000000,1945.00000000,1.03625683
6.00000000,1946.00000000,1.03736075
6.00000000,1947.00000000,1.03746704
6.00000000,1948.00000000,1.03719005
6.00000000,1949.00000000,1.03746909
6.00000000,1950.00000000,1.03693916
6.00000000,1951.00000000,1.03338991
6.00000000,1952.00000000,1.03398675
6.00000000,1953.00000000,1.03558704
6.00000000,1954.00000000,1.03606952
6.00000000,1955.00000000,1.03474428
6.00000000,1956.00000000,1.03700668
6.00000000,1957.00000000,1.03820156
6.00000000,1958.00000000,1.03781942
6.00000000,1959.00000000,1.03763363
6.00000000,1960.00000000,1.03712009
6.00000000,1961.00000000,1.03871619
6.00000000,1962.00000000,1.03968663
6.00000000,1963.00000000,1.04003537
6.00000000,1964.00000000,1.03991412
6.00000000,1965.00000000,1.04076218
6.00000000,1966.00000000,1.04133633
6.00000000,1967.00000000,1.04050668
6.00000000,1968.00000000,1.04086855
6.00000000,1969.00000000,1.04176873
6.00000000,1970.00000000,1.04278698
6.00000000,1971.00000000,1.04343418
6.00000000,1972.00000000,1.04435224
6.00000000,1973.00000000,1.04447916
6.00000000,1974.00000000,1.04554652
6.00000000,1975.00000000,1.04706068
6.00000000,1976.00000000,1.04943364
6.00000000,1977.00000000,1.05010237
6.00000000,1978.00000000,1.05091446
6.00000000,1979.00000000,1.05262907
6.00000000,1980.00000000,1.05116894
6.00000000,1981.00000000,1.04915971
6.00000000,1982.00000000,1.05124537
6.00000000,1983.00000000,1.05164828
6.00000000,1984.00000000,1.05108944
6.00000000,1985.00000000,1.05336929
6.00000000,1986.00000000,1.05098752
6.00000000,1987.00000000,1.04708212
6.00000000,1988.00000000,1.04483886
6.00000000,1989.00000000,1.04288329
6.00000000,1990.00000000,1.04359309
6.00000000,1991.00000000,1.04390352
6.00000000,1992.00000000,1.04434839
6.00000000,1993.00000000,1.04446480
6.00000000,1994.00000000,1.04551926
6.00000000,1995.00000000,1.04539903
6.00000000,1996.00000000,1.04432113
6.00000000,1997.00000000,1.04373506
6.00000000,1998.00000000,1.04029570
6.00000000,1999.00000000,1.03854341
6.00000000,2000.00000000,1.03832822
6.00000000,2001.00000000,1.03827680
6.00000000,2002.00000000,1.03832632
6.00000000,2003.00000000,1.03796151
6.00000000,2004.00000000,1.03564835
6.00000000,2005.00000000,1.03343983
6.00000000,2006.00000000,1.03367914
6.00000000,2007.00000000,1.03377093
6.00000000,2008.00000000,1.03232429
6.00000000,2009.00000000,1.03467653
6.00000000,2010.00000000,1.03763257
6.00000000,2011.00000000,1.03935544
6.00000000,2012.00000000,1.03955269
6.00000000,2013.00000000,1.03969934
6.00000000,2014.00000000,1.03978979
6.00000000,2015.00000000,1.03981568
6.00000000,2016.00000000,1.03977382
6.00000000,2017.00000000,1.04060844
6.00000000,2018.00000000,1.04137072
6.00000000,2019.00000000,1.04206168
6.00000000,2020.00000000,1.04268182
6.00000000,2021.00000000,1.04323285
6.00000000,2022.00000000,1.04371790
6.00000000,2023.00000000,1.04414087
6.00000000,2024.00000000,1.04450498
6.00000000,2025.00000000,1.04481299
6.00000000,2026.00000000,1.04506706
6.00000000,2027.00000000,1.04485473
6.00000000,2028.00000000,1.04459229
6.00000000,2029.00000000,1.04428032
6.00000000,2030.00000000,1.04391936
6.00000000,2031.00000000,1.04350855
6.00000000,2032.00000000,1.04304347
6.00000000,2033.00000000,1.04251841
6.00000000,2034.00000000,1.04192872
6.00000000,2035.00000000,1.04127130
6.00000000,2036.00000000,1.04054410
6.00000000,2037.00000000,1.04059448
6.00000000,2038.00000000,1.04057103
6.00000000,2039.00000000,1.04047485
6.00000000,2040.00000000,1.04030706
6.00000000,2041.00000000,1.04006774
6.00000000,2042.00000000,1.03975505
6.00000000,2043.00000000,1.03936596
6.00000000,2044.00000000,1.03889870
6.00000000,2045.00000000,1.03835225
6.00000000,2046.00000000,1.03772609
6.00000000,2047.00000000,1.03762607
6.00000000,2048.00000000,1.03744470
6.00000000,2049.00000000,1.03718301
6.00000000,2050.00000000,1.03684241
6.00000000,2051.00000000,1.03642421
6.00000000,2052.00000000,1.03592989
6.00000000,2053.00000000,1.03536108
6.00000000,2054.00000000,1.03471905
6.00000000,2055.00000000,1.03400529
6.00000000,2056.00000000,1.03322118
6.00000000,2057.00000000,1.03233455
6.00000000,2058.00000000,1.03138021
6.00000000,2059.00000000,1.03035928
6.00000000,2060.00000000,1.02927297
6.00000000,2061.00000000,1.02812445
6.00000000,2062.00000000,1.02692145
6.00000000,2063.00000000,1.02567314
6.00000000,2064.00000000,1.02438664
6.00000000,2065.00000000,1.02306685
6.00000000,2066.00000000,1.02171710
6.00000000,2067.00000000,1.01909153
6.00000000,2068.00000000,1.01644755
6.00000000,2069.00000000,1.01378565
6.00000000,2070.00000000,1.01110619
6.00000000,2071.00000000,1.00841105
6.00000000,2072.00000000,1.00570658
6.00000000,2073.00000000,1.00300010
6.00000000,2074.00000000,1.00029657
6.00000000,2075.00000000,0.99759949
6.00000000,2076.00000000,0.99491083
6.00000000,2077.00000000,0.99114633
6.00000000,2078.00000000,0.98739925
6.00000000,2079.00000000,0.98366919
6.00000000,2080.00000000,0.97995574
6.00000000,2081.00000000,0.97625969
6.00000000,2082.00000000,0.97258366
6.00000000,2083.00000000,0.96893133
6.00000000,2084.00000000,0.96530458
6.00000000,2085.00000000,0.96170464
6.00000000,2086.00000000,0.95813207
6.00000000,2087.00000000,0.95400365
6.00000000,2088.00000000,0.94990652
6.00000000,2089.00000000,0.94584014
6.00000000,2090.00000000,0.94180378
6.00000000,2091.00000000,0.93779804
6.00000000,2092.00000000,0.93382522
6.00000000,2093.00000000,0.92988828
6.00000000,2094.00000000,0.92598888
6.00000000,2095.00000000,0.92212775
6.00000000,2096.00000000,0.91830511
6.00000000,2097.00000000,0.91394283
6.00000000,2098.00000000,0.90962241
6.00000000,2099.00000000,0.90534299
6.00000000,2100.00000000,0.90110384
6.00000000,2101.00000000,0.89690479
6.00000000,2102.00000000,0.89274689
6.00000000,2103.00000000,0.88863134
6.00000000,2104.00000000,0.88455855
6.00000000,2105.00000000,0.88052873
6.00000000,2106.00000000,0.87654141
6.00000000,2107.00000000,0.87216931
6.00000000,2108.00000000,0.86784159
6.00000000,2109.00000000,0.86355743
6.00000000,2110.00000000,0.85931604
6.00000000,2111.00000000,0.85511675
6.00000000,2112.00000000,0.85095875
6.00000000,2113.00000000,0.84684135
6.00000000,2114.00000000,0.84276398
6.00000000,2115.00000000,0.83872582
6.00000000,2116.00000000,0.83472637
6.00000000,2117.00000000,0.83076495
6.00000000,2118.00000000,0.82684105
6.00000000,2119.00000000,0.82295396
6.00000000,2120.00000000,0.81910320
6.00000000,2121.00000000,0.81528808
6.00000000,2122.00000000,0.81150833
6.00000000,2123.00000000,0.80776310
6.00000000,2124.00000000,0.80405208
6.00000000,2125.00000000,0.80037470
6.00000000,2126.00000000,0.79673058
6.00000000,2127.00000000,0.79311881
6.00000000,2128.00000000,0.78953912
6.00000000,2129.00000000,0.78599070
6.00000000,2130.00000000,0.78247334
6.00000000,2131.00000000,0.77898638
6.00000000,2132.00000000,0.77552948
6.00000000,2133.00000000,0.77210222
6.00000000,2134.00000000,0.76870435
6.00000000,2135.00000000,0.76533519
6.00000000,2136.00000000,0.76199473
6.00000000,2137.00000000,0.75868242
6.00000000,2138.00000000,0.75539798
6.00000000,2139.00000000,0.75214100
6.00000000,2140.00000000,0.74891123
6.00000000,2141.00000000,0.74570832
6.00000000,2142.00000000,0.74253197
6.00000000,2143.00000000,0.73938172
6.00000000,2144.00000000,0.73625749
6.00000000,2145.00000000,0.73315885
6.00000000,2146.00000000,0.73008542
6.00000000,2147.00000000,0.72703718
6.00000000,2148.00000000,0.72401356
6.00000000,2149.00000000,0.72101436
6.00000000,2150.00000000,0.71803937
6.00000000,2151.00000000,0.71509225
6.00000000,2152.00000000,0.71218377
6.00000000,2153.00000000,0.70932463
6.00000000,2154.00000000,0.70652026
6.00000000,2155.00000000,0.70377356
6.00000000,2156.00000000,0.70108512
6.00000000,2157.00000000,0.69603601
6.00000000,2158.00000000,0.69105821
6.00000000,2159.00000000,0.68615003
6.00000000,2160.00000000,0.68130974
6.00000000,2161.00000000,0.67653591
6.00000000,2162.00000000,0.67182705
6.00000000,2163.00000000,0.66718162
6.00000000,2164.00000000,0.66259840
6.00000000,2165.00000000,0.65807574
6.00000000,2166.00000000,0.65361261
6.00000000,2167.00000000,0.64920767
6.00000000,2168.00000000,0.64485957
6.00000000,2169.00000000,0.64056720
6.00000000,2170.00000000,0.63632937
6.00000000,2171.00000000,0.63214489
6.00000000,2172.00000000,0.62801288
6.00000000,2173.00000000,0.62393199
6.00000000,2174.00000000,0.61990123
6.00000000,2175.00000000,0.61591978
6.00000000,2176.00000000,0.61198650
6.00000000,2177.00000000,0.60810054
6.00000000,2178.00000000,0.60426089
6.00000000,2179.00000000,0.60046661
6.00000000,2180.00000000,0.59671706
6.00000000,2181.00000000,0.59301113
6.00000000,2182.00000000,0.58934800
6.00000000,2183.00000000,0.58572704
6.00000000,2184.00000000,0.58214746
6.00000000,2185.00000000,0.57860820
6.00000000,2186.00000000,0.57510883
6.00000000,2187.00000000,0.57164852
6.00000000,2188.00000000,0.56822651
6.00000000,2189.00000000,0.56484220
6.00000000,2190.00000000,0.56149476
6.00000000,2191.00000000,0.55818379
6.00000000,2192.00000000,0.55490856
6.00000000,2193.00000000,0.55166822
6.00000000,2194.00000000,0.54846246
6.00000000,2195.00000000,0.54529054
6.00000000,2196.00000000,0.54215186
6.00000000,2197.00000000,0.53904600
6.00000000,2198.00000000,0.53597233
6.00000000,2199.00000000,0.53293014
6.00000000,2200.00000000,0.52991923
6.00000000,2201.00000000,0.52693883
6.00000000,2202.00000000,0.52398858
6.00000000,2203.00000000,0.52106794
6.00000000,2204.00000000,0.51817637
6.00000000,2205.00000000,0.51531356
6.00000000,2206.00000000,0.51247901
6.00000000,2207.00000000,0.50967213
6.00000000,2208.00000000,0.50689268
6.00000000,2209.00000000,0.50414019
6.00000000,2210.00000000,0.50141405
6.00000000,2211.00000000,0.49871410
6.00000000,2212.00000000,0.49603988
6.00000000,2213.00000000,0.49339083
6.00000000,2214.00000000,0.49076686
6.00000000,2215.00000000,0.48816737
6.00000000,2216.00000000,0.48559216
6.00000000,2217.00000000,0.48304081
6.00000000,2218.00000000,0.48051287
6.00000000,2219.00000000,0.47800821
6.00000000,2220.00000000,0.47552640
6.00000000,2221.00000000,0.47306693
6.00000000,2222.00000000,0.47062982
6.00000000,2223.00000000,0.46821461
6.00000000,2224.00000000,0.46582083
6.00000000,2225.00000000,0.46344849
6.00000000,2226.00000000,0.46109701
6.00000000,2227.00000000,0.45876639
6.00000000,2228.00000000,0.45645624
6.00000000,2229.00000000,0.45416614
6.00000000,2230.00000000,0.45189607
6.00000000,2231.00000000,0.44964568
6.00000000,2232.00000000,0.44741451
6.00000000,2233.00000000,0.44520263
6.00000000,2234.00000000,0.44300967
6.00000000,2235.00000000,0.44083521
6.00000000,2236.00000000,0.43867937
6.00000000,2237.00000000,0.43654160
6.00000000,2238.00000000,0.43442196
6.00000000,2239.00000000,0.43232013
6.00000000,2240.00000000,0.43023573
6.00000000,2241.00000000,0.42816882
6.00000000,2242.00000000,0.42611911
6.00000000,2243.00000000,0.42408622
6.00000000,2244.00000000,0.42207023
6.00000000,2245.00000000,0.42007087
6.00000000,2246.00000000,0.41808775
6.00000000,2247.00000000,0.41612104
6.00000000,2248.00000000,0.41417039
6.00000000,2249.00000000,0.41223498
6.00000000,2250.00000000,0.41031224
6.00000000,2251.00000000,0.40839620
6.00000000,2252.00000000,0.40648167
6.00000000,2253.00000000,0.40456524
6.00000000,2254.00000000,0.40264476
6.00000000,2255.00000000,0.40118861
6.00000000,2256.00000000,0.40110930
6.00000000,2257.00000000,0.40140380
6.00000000,2258.00000000,0.40169477
6.00000000,2259.00000000,0.40198208
6.00000000,2260.00000000,0.40226551
6.00000000,2261.00000000,0.40254557
6.00000000,2262.00000000,0.40288166
6.00000000,2263.00000000,0.40321517
6.00000000,2264.00000000,0.40354620
6.00000000,2265.00000000,0.40387466
6.00000000,2266.00000000,0.40420108
6.00000000,2267.00000000,0.40440766
6.00000000,2268.00000000,0.40461190
6.00000000,2269.00000000,0.40481416
6.00000000,2270.00000000,0.40501437
6.00000000,2271.00000000,0.40521234
6.00000000,2272.00000000,0.40540851
6.00000000,2273.00000000,0.40560275
6.00000000,2274.00000000,0.40579492
6.00000000,2275.00000000,0.40598546
6.00000000,2276.00000000,0.40617401
6.00000000,2277.00000000,0.40636101
6.00000000,2278.00000000,0.40654634
6.00000000,2279.00000000,0.40672987
6.00000000,2280.00000000,0.40691201
6.00000000,2281.00000000,0.40709262
6.00000000,2282.00000000,0.40726643
6.00000000,2283.00000000,0.40743898
6.00000000,2284.00000000,0.40761010
6.00000000,2285.00000000,0.40777967
6.00000000,2286.00000000,0.40794810
6.00000000,2287.00000000,0.40811503
6.00000000,2288.00000000,0.40828088
6.00000000,2289.00000000,0.40844548
6.00000000,2290.00000000,0.40860872
6.00000000,2291.00000000,0.40877097
6.00000000,2292.00000000,0.40893210
6.00000000,2293.00000000,0.40909192
6.00000000,2294.00000000,0.40925085
6.00000000,2295.00000000,0.40940878
6.00000000,2296.00000000,0.40956546
6.00000000,2297.00000000,0.40972137
6.00000000,2298.00000000,0.40987614
6.00000000,2299.00000000,0.41003015
6.00000000,2300.00000000,0.41018329
6.00000000,2301.00000000,0.41033534
6.00000000,2302.00000000,0.41048669
6.00000000,2303.00000000,0.41063713
6.00000000,2304.00000000,0.41078650
6.00000000,2305.00000000,0.41093519
6.00000000,2306.00000000,0.41108303
6.00000000,2307.00000000,0.41124130
6.00000000,2308.00000000,0.41139894
6.00000000,2309.00000000,0.41155584
6.00000000,2310.00000000,0.41171173
6.00000000,2311.00000000,0.41186709
6.00000000,2312.00000000,0.41202153
6.00000000,2313.00000000,0.41217545
6.00000000,2314.00000000,0.41232872
6.00000000,2315.00000000,0.41248110
6.00000000,2316.00000000,0.41263304
6.00000000,2317.00000000,0.41278437
6.00000000,2318.00000000,0.41293485
6.00000000,2319.00000000,0.41308498
6.00000000,2320.00000000,0.41323456
6.00000000,2321.00000000,0.41338330
6.00000000,2322.00000000,0.41353176
6.00000000,2323.00000000,0.41367947
6.00000000,2324.00000000,0.41382689
6.00000000,2325.00000000,0.41397382
6.00000000,2326.00000000,0.41412004
6.00000000,2327.00000000,0.41426603
6.00000000,2328.00000000,0.41441159
6.00000000,2329.00000000,0.41455646
6.00000000,2330.00000000,0.41470114
6.00000000,2331.00000000,0.41484542
6.00000000,2332.00000000,0.41498909
6.00000000,2333.00000000,0.41513260
6.00000000,2334.00000000,0.41527574
6.00000000,2335.00000000,0.41541828
6.00000000,2336.00000000,0.41556074
6.00000000,2337.00000000,0.41570262
6.00000000,2338.00000000,0.41584439
6.00000000,2339.00000000,0.41598590
6.00000000,2340.00000000,0.41612683
6.00000000,2341.00000000,0.41626772
6.00000000,2342.00000000,0.41640838
6.00000000,2343.00000000,0.41654846
6.00000000,2344.00000000,0.41668856
6.00000000,2345.00000000,0.41682844
6.00000000,2346.00000000,0.41696778
6.00000000,2347.00000000,0.41710716
6.00000000,2348.00000000,0.41724609
6.00000000,2349.00000000,0.41738504
6.00000000,2350.00000000,0.41752381
6.00000000,2351.00000000,0.41766212
6.00000000,2352.00000000,0.41780052
6.00000000,2353.00000000,0.41793878
6.00000000,2354.00000000,0.41807661
6.00000000,2355.00000000,0.41821459
6.00000000,2356.00000000,0.41835246
6.00000000,2357.00000000,0.41848660
6.00000000,2358.00000000,0.41862093
6.00000000,2359.00000000,0.41875517
6.00000000,2360.00000000,0.41888901
6.00000000,2361.00000000,0.41902309
6.00000000,2362.00000000,0.41915677
6.00000000,2363.00000000,0.41929065
6.00000000,2364.00000000,0.41942449
6.00000000,2365.00000000,0.41955797
6.00000000,2366.00000000,0.41969168
6.00000000,2367.00000000,0.41982537
6.00000000,2368.00000000,0.41995870
6.00000000,2369.00000000,0.42009228
6.00000000,2370.00000000,0.42022585
6.00000000,2371.00000000,0.42035907
6.00000000,2372.00000000,0.42049261
6.00000000,2373.00000000,0.42062581
6.00000000,2374.00000000,0.42075928
6.00000000,2375.00000000,0.42089277
6.00000000,2376.00000000,0.42102594
6.00000000,2377.00000000,0.42115942
6.00000000,2378.00000000,0.42129295
6.00000000,2379.00000000,0.42142611
6.00000000,2380.00000000,0.42155964
6.00000000,2381.00000000,0.42169320
6.00000000,2382.00000000,0.42182642
6.00000000,2383.00000000,0.42196002
6.00000000,2384.00000000,0.42209334
6.00000000,2385.00000000,0.42222700
6.00000000,2386.00000000,0.42236072
6.00000000,2387.00000000,0.42249416
6.00000000,2388.00000000,0.42262795
6.00000000,2389.00000000,0.42276184
6.00000000,2390.00000000,0.42289539
6.00000000,2391.00000000,0.42302936
6.00000000,2392.00000000,0.42316344
6.00000000,2393.00000000,0.42329715
6.00000000,2394.00000000,0.42343134
6.00000000,2395.00000000,0.42356559
6.00000000,2396.00000000,0.42369953
6.00000000,2397.00000000,0.42383396
6.00000000,2398.00000000,0.42396805
6.00000000,2399.00000000,0.42410262
6.00000000,2400.00000000,0.42423729
6.00000000,2401.00000000,0.42437164
6.00000000,2402.00000000,0.42450649
6.00000000,2403.00000000,0.42464149
6.00000000,2404.00000000,0.42477617
6.00000000,2405.00000000,0.42491140
6.00000000,2406.00000000,0.42504680
6.00000000,2407.00000000,0.42517834
6.00000000,2408.00000000,0.42531044
6.00000000,2409.00000000,0.42544230
6.00000000,2410.00000000,0.42557469
6.00000000,2411.00000000,0.42570724
6.00000000,2412.00000000,0.42583951
6.00000000,2413.00000000,0.42597233
6.00000000,2414.00000000,0.42610535
6.00000000,2415.00000000,0.42623807
6.00000000,2416.00000000,0.42637140
6.00000000,2417.00000000,0.42650489
6.00000000,2418.00000000,0.42663806
6.00000000,2419.00000000,0.42677190
6.00000000,2420.00000000,0.42690588
6.00000000,2421.00000000,0.42703953
6.00000000,2422.00000000,0.42717387
6.00000000,2423.00000000,0.42730786
6.00000000,2424.00000000,0.42744251
6.00000000,2425.00000000,0.42757737
6.00000000,2426.00000000,0.42771186
6.00000000,2427.00000000,0.42784704
6.00000000,2428.00000000,0.42798243
6.00000000,2429.00000000,0.42811746
6.00000000,2430.00000000,0.42825319
6.00000000,2431.00000000,0.42838914
6.00000000,2432.00000000,0.42852466
6.00000000,2433.00000000,0.42866098
6.00000000,2434.00000000,0.42879690
6.00000000,2435.00000000,0.42893354
6.00000000,2436.00000000,0.42907043
6.00000000,2437.00000000,0.42920690
6.00000000,2438.00000000,0.42934415
6.00000000,2439.00000000,0.42948159
6.00000000,2440.00000000,0.42961861
6.00000000,2441.00000000,0.42975644
6.00000000,2442.00000000,0.42989451
6.00000000,2443.00000000,0.43003209
6.00000000,2444.00000000,0.43017053
6.00000000,2445.00000000,0.43030854
6.00000000,2446.00000000,0.43044735
6.00000000,2447.00000000,0.43058643
6.00000000,2448.00000000,0.43072499
6.00000000,2449.00000000,0.43086444
6.00000000,2450.00000000,0.43100414
6.00000000,2451.00000000,0.43114331
6.00000000,2452.00000000,0.43128338
6.00000000,2453.00000000,0.43142368
6.00000000,2454.00000000,0.43156335
6.00000000,2455.00000000,0.43170403
6.00000000,2456.00000000,0.43184496
6.00000000,2457.00000000,0.43198748
6.00000000,2458.00000000,0.43213109
6.00000000,2459.00000000,0.43227406
6.00000000,2460.00000000,0.43241804
6.00000000,2461.00000000,0.43256227
6.00000000,2462.00000000,0.43270571
6.00000000,2463.00000000,0.43285032
6.00000000,2464.00000000,0.43299513
6.00000000,2465.00000000,0.43313914
6.00000000,2466.00000000,0.43328434
6.00000000,2467.00000000,0.43342979
6.00000000,2468.00000000,0.43357432
6.00000000,2469.00000000,0.43372015
6.00000000,2470.00000000,0.43386509
6.00000000,2471.00000000,0.43401130
6.00000000,2472.00000000,0.43415777
6.00000000,2473.00000000,0.43430327
6.00000000,2474.00000000,0.43445012
6.00000000,2475.00000000,0.43459730
6.00000000,2476.00000000,0.43474326
6.00000000,2477.00000000,0.43489079
6.00000000,2478.00000000,0.43503867
6.00000000,2479.00000000,0.43518515
6.00000000,2480.00000000,0.43533338
6.00000000,2481.00000000,0.43548196
6.00000000,2482.00000000,0.43562893
6.00000000,2483.00000000,0.43577789
6.00000000,2484.00000000,0.43592534
6.00000000,2485.00000000,0.43607471
6.00000000,2486.00000000,0.43622445
6.00000000,2487.00000000,0.43637234
6.00000000,2488.00000000,0.43652249
6.00000000,2489.00000000,0.43667311
6.00000000,2490.00000000,0.43682142
6.00000000,2491.00000000,0.43697243
6.00000000,2492.00000000,0.43712402
6.00000000,2493.00000000,0.43727266
6.00000000,2494.00000000,0.43742473
6.00000000,2495.00000000,0.43757382
6.00000000,2496.00000000,0.43772647
6.00000000,2497.00000000,0.43787987
6.00000000,2498.00000000,0.43802922
6.00000000,2499.00000000,0.43818356
6.00000000,2500.00000000,0.43833926
7.00000000,1765.00000000,0.96121005
7.00000000,1766.00000000,0.96120997
7.00000000,1767.00000000,0.96120925
7.00000000,1768.00000000,0.96120770
7.00000000,1769.00000000,0.96120497
7.00000000,1770.00000000,0.96120055
7.00000000,1771.00000000,0.96119468
7.00000000,1772.00000000,0.96118673
7.00000000,1773.00000000,0.96121891
7.00000000,1774.00000000,0.96120695
7.00000000,1775.00000000,0.96119305
7.00000000,1776.00000000,0.96117742
7.00000000,1777.00000000,0.96116002
7.00000000,1778.00000000,0.96115499
7.00000000,1779.00000000,0.96113437
7.00000000,1780.00000000,0.96111228
7.00000000,1781.00000000,0.96108862
7.00000000,1782.00000000,0.96106359
7.00000000,1783.00000000,0.96103714
7.00000000,1784.00000000,0.96100933
7.00000000,1785.00000000,0.96098025
7.00000000,1786.00000000,0.96094990
7.00000000,1787.00000000,0.96091845
7.00000000,1788.00000000,0.96089993
7.00000000,1789.00000000,0.96086623
7.00000000,1790.00000000,0.96083164
7.00000000,1791.00000000,0.96079601
7.00000000,1792.00000000,0.96075937
7.00000000,1793.00000000,0.96072186
7.00000000,1794.00000000,0.96068342
7.00000000,1795.00000000,0.96064407
7.00000000,1796.00000000,0.96060395
7.00000000,1797.00000000,0.96056297
7.00000000,1798.00000000,0.96053533
7.00000000,1799.00000000,0.96049284
7.00000000,1800.00000000,0.96044956
7.00000000,1801.00000000,0.96040566
7.00000000,1802.00000000,0.96036093
7.00000000,1803.00000000,0.96031545
7.00000000,1804.00000000,0.96028332
7.00000000,1805.00000000,0.96023647
7.00000000,1806.00000000,0.96018906
7.00000000,1807.00000000,0.96015511
7.00000000,1808.00000000,0.96010651
7.00000000,1809.00000000,0.96008554
7.00000000,1810.00000000,0.96002192
7.00000000,1811.00000000,0.95997194
7.00000000,1812.00000000,0.95992153
7.00000000,1813.00000000,0.95988471
7.00000000,1814.00000000,0.95983342
7.00000000,1815.00000000,0.95978177
7.00000000,1816.00000000,0.95972970
7.00000000,1817.00000000,0.95967719
7.00000000,1818.00000000,0.95963825
7.00000000,1819.00000000,0.95958481
7.00000000,1820.00000000,0.95953092
7.00000000,1821.00000000,0.95947668
7.00000000,1822.00000000,0.95943618
7.00000000,1823.00000000,0.95939535
7.00000000,1824.00000000,0.95935416
7.00000000,1825.00000000,0.95929855
7.00000000,1826.00000000,0.95924264
7.00000000,1827.00000000,0.95918642
7.00000000,1828.00000000,0.95912982
7.00000000,1829.00000000,0.95908697
7.00000000,1830.00000000,0.95904383
7.00000000,1831.00000000,0.95898605
7.00000000,1832.00000000,0.95894177
7.00000000,1833.00000000,0.95888300
7.00000000,1834.00000000,0.95883782
7.00000000,1835.00000000,0.95877826
7.00000000,1836.00000000,0.95871823
7.00000000,1837.00000000,0.95874206
7.00000000,1838.00000000,0.95866700
7.00000000,1839.00000000,0.95860551
7.00000000,1840.00000000,0.95855763
7.00000000,1841.00000000,0.95849528
7.00000000,1842.00000000,0.95844639
7.00000000,1843.00000000,0.95843920
7.00000000,1844.00000000,0.95837521
7.00000000,1845.00000000,0.95832472
7.00000000,1846.00000000,0.95827366
7.00000000,1847.00000000,0.95823590
7.00000000,1848.00000000,0.95818346
7.00000000,1849.00000000,0.95814446
7.00000000,1850.00000000,0.95809071
7.00000000,1851.00000000,0.95805026
7.00000000,1852.00000000,0.95803727
7.00000000,1853.00000000,0.95796609
7.00000000,1854.00000000,0.95793417
7.00000000,1855.00000000,0.95787137
7.00000000,1856.00000000,0.95783471
7.00000000,1857.00000000,0.95781072
7.00000000,1858.00000000,0.95772908
7.00000000,1859.00000000,0.95768844
7.00000000,1860.00000000,0.95763296
7.00000000,1861.00000000,0.95768931
7.00000000,1862.00000000,0.95763300
7.00000000,1863.00000000,0.95762054
7.00000000,1864.00000000,0.95755506
7.00000000,1865.00000000,0.95749262
7.00000000,1866.00000000,0.95748852
7.00000000,1867.00000000,0.95752831
7.00000000,1868.00000000,0.95751364
7.00000000,1869.00000000,0.95747238
7.00000000,1870.00000000,0.95750197
7.00000000,1871.00000000,0.95754516
7.00000000,1872.00000000,0.95757176
7.00000000,1873.00000000,0.95753574
7.00000000,1874.00000000,0.95756390
7.00000000,1875.00000000,0.95753861
7.00000000,1876.00000000,0.95753428
7.00000000,1877.00000000,0.95749514
7.00000000,1878.00000000,0.95750624
7.00000000,1879.00000000,0.95762488
7.00000000,1880.00000000,0.95765574
7.00000000,1881.00000000,0.95738817
7.00000000,1882.00000000,0.95745386
7.00000000,1883.00000000,0.95736215
7.00000000,1884.00000000,0.95726908
7.00000000,1885.00000000,0.95715312
7.00000000,1886.00000000,0.95721203
7.00000000,1887.00000000,0.95743904
7.00000000,1888.00000000,0.95739877
7.00000000,1889.00000000,0.95744198
7.00000000,1890.00000000,0.95752589
7.00000000,1891.00000000,0.95742502
7.00000000,1892.00000000,0.95730726
7.00000000,1893.00000000,0.95721484
7.00000000,1894.00000000,0.95726040
7.00000000,1895.00000000,0.95755587
7.00000000,1896.00000000,0.95739819
7.00000000,1897.00000000,0.95764366
7.00000000,1898.00000000,0.95770199
7.00000000,1899.00000000,0.95755849
7.00000000,1900.00000000,0.95732412
7.00000000,1901.00000000,0.95732024
7.00000000,1902.00000000,0.95744699
7.00000000,1903.00000000,0.95742232
7.00000000,1904.00000000,0.95749812
7.00000000,1905.00000000,0.95761688
7.00000000,1906.00000000,0.95796000
7.00000000,1907.00000000,0.95807623
7.00000000,1908.00000000,0.95804855
7.00000000,1909.00000000,0.95794977
7.00000000,1910.00000000,0.95835862
7.00000000,1911.00000000,0.95813942
7.00000000,1912.00000000,0.95836247
7.00000000,1913.00000000,0.95865156
7.00000000,1914.00000000,0.95940234
7.00000000,1915.00000000,0.95860040
7.00000000,1916.00000000,0.95877601
7.00000000,1917.00000000,0.95894402
7.00000000,1918.00000000,0.95887598
7.00000000,1919.00000000,0.95917550
7.00000000,1920.00000000,0.95977681
7.00000000,1921.00000000,0.95818305
7.00000000,1922.00000000,0.95773136
7.00000000,1923.00000000,0.95833495
7.00000000,1924.00000000,0.95880964
7.00000000,1925.00000000,0.95825585
7.00000000,1926.00000000,0.95614160
7.00000000,1927.00000000,0.95761200
7.00000000,1928.00000000,0.95549682
7.00000000,1929.00000000,0.95576707
7.00000000,1930.00000000,0.95718629
7.00000000,1931.00000000,0.95674385
7.00000000,1932.00000000,0.95656858
7.00000000,1933.00000000,0.95634939
7.00000000,1934.00000000,0.95714080
7.00000000,1935.00000000,0.95687688
7.00000000,1936.00000000,0.95769646
7.00000000,1937.00000000,0.95610381
7.00000000,1938.00000000,0.95421254
7.00000000,1939.00000000,0.95259717
7.00000000,1940.00000000,0.95292195
7.00000000,1941.00000000,0.95370960
7.00000000,1942.00000000,0.95411810
7.00000000,1943.00000000,0.95520049
7.00000000,1944.00000000,0.95593629
7.00000000,1945.00000000,0.95462282
7.00000000,1946.00000000,0.95495308
7.00000000,1947.00000000,0.95608547
7.00000000,1948.00000000,0.95620149
7.00000000,1949.00000000,0.95592482
7.00000000,1950.00000000,0.95620753
7.00000000,1951.00000000,0.95567039
7.00000000,1952.00000000,0.95208585
7.00000000,1953.00000000,0.95266706
7.00000000,1954.00000000,0.95426747
7.00000000,1955.00000000,0.95475203
7.00000000,1956.00000000,0.95341906
7.00000000,1957.00000000,0.95568852
7.00000000,1958.00000000,0.95688749
7.00000000,1959.00000000,0.95650750
7.00000000,1960.00000000,0.95633236
7.00000000,1961.00000000,0.95583467
7.00000000,1962.00000000,0.95746093
7.00000000,1963.00000000,0.95846007
7.00000000,1964.00000000,0.95883170
7.00000000,1965.00000000,0.95872654
7.00000000,1966.00000000,0.95959192
7.00000000,1967.00000000,0.96018072
7.00000000,1968.00000000,0.95936160
7.00000000,1969.00000000,0.95974301
7.00000000,1970.00000000,0.96066463
7.00000000,1971.00000000,0.96170307
7.00000000,1972.00000000,0.96237445
7.00000000,1973.00000000,0.96332423
7.00000000,1974.00000000,0.96348081
7.00000000,1975.00000000,0.96459004
7.00000000,1976.00000000,0.96615891
7.00000000,1977.00000000,0.96858716
7.00000000,1978.00000000,0.96929770
7.00000000,1979.00000000,0.97015343
7.00000000,1980.00000000,0.97191714
7.00000000,1981.00000000,0.97050538
7.00000000,1982.00000000,0.96856274
7.00000000,1983.00000000,0.97074024
7.00000000,1984.00000000,0.97122579
7.00000000,1985.00000000,0.97073612
7.00000000,1986.00000000,0.97308385
7.00000000,1987.00000000,0.97074367
7.00000000,1988.00000000,0.96686965
7.00000000,1989.00000000,0.96466179
7.00000000,1990.00000000,0.96274616
7.00000000,1991.00000000,0.96351514
7.00000000,1992.00000000,0.96389463
7.00000000,1993.00000000,0.96442649
7.00000000,1994.00000000,0.96464240
7.00000000,1995.00000000,0.96579795
7.00000000,1996.00000000,0.96576702
7.00000000,1997.00000000,0.96476849
7.00000000,1998.00000000,0.96426187
7.00000000,1999.00000000,0.96089830
7.00000000,2000.00000000,0.95923431
7.00000000,2001.00000000,0.95911057
7.00000000,2002.00000000,0.95914293
7.00000000,2003.00000000,0.95926693
7.00000000,2004.00000000,0.95895891
7.00000000,2005.00000000,0.95667878
7.00000000,2006.00000000,0.95449871
7.00000000,2007.00000000,0.95478244
7.00000000,2008.00000000,0.95493138
7.00000000,2009.00000000,0.95354947
7.00000000,2010.00000000,0.95598606
7.00000000,2011.00000000,0.95903360
7.00000000,2012.00000000,0.96084471
7.00000000,2013.00000000,0.96112352
7.00000000,2014.00000000,0.96135011
7.00000000,2015.00000000,0.96152087
7.00000000,2016.00000000,0.96162909
7.00000000,2017.00000000,0.96167281
7.00000000,2018.00000000,0.96259889
7.00000000,2019.00000000,0.96345697
7.00000000,2020.00000000,0.96424814
7.00000000,2021.00000000,0.96497347
7.00000000,2022.00000000,0.96563606
7.00000000,2023.00000000,0.96623959
7.00000000,2024.00000000,0.96678715
7.00000000,2025.00000000,0.96728105
7.00000000,2026.00000000,0.96772332
7.00000000,2027.00000000,0.96811568
7.00000000,2028.00000000,0.96804496
7.00000000,2029.00000000,0.96792774
7.00000000,2030.00000000,0.96776443
7.00000000,2031.00000000,0.96755449
7.00000000,2032.00000000,0.96729399
7.00000000,2033.00000000,0.96697739
7.00000000,2034.00000000,0.96660087
7.00000000,2035.00000000,0.96616175
7.00000000,2036.00000000,0.96565820
7.00000000,2037.00000000,0.96508942
7.00000000,2038.00000000,0.96530268
7.00000000,2039.00000000,0.96544742
7.00000000,2040.00000000,0.96552472
7.00000000,2041.00000000,0.96553483
7.00000000,2042.00000000,0.96547590
7.00000000,2043.00000000,0.96534554
7.00000000,2044.00000000,0.96514192
7.00000000,2045.00000000,0.96486442
7.00000000,2046.00000000,0.96451270
7.00000000,2047.00000000,0.96408701
7.00000000,2048.00000000,0.96419210
7.00000000,2049.00000000,0.96422178
7.00000000,2050.00000000,0.96417720
7.00000000,2051.00000000,0.96405980
7.00000000,2052.00000000,0.96387099
7.00000000,2053.00000000,0.96361211
7.00000000,2054.00000000,0.96328475
7.00000000,2055.00000000,0.96289010
7.00000000,2056.00000000,0.96242951
7.00000000,2057.00000000,0.96190420
7.00000000,2058.00000000,0.96128220
7.00000000,2059.00000000,0.96059811
7.00000000,2060.00000000,0.95985300
7.00000000,2061.00000000,0.95904973
7.00000000,2062.00000000,0.95819572
7.00000000,2063.00000000,0.95729948
7.00000000,2064.00000000,0.95636729
7.00000000,2065.00000000,0.95540372
7.00000000,2066.00000000,0.95441181
7.00000000,2067.00000000,0.95339356
7.00000000,2068.00000000,0.95111049
7.00000000,2069.00000000,0.94881175
7.00000000,2070.00000000,0.94649782
7.00000000,2071.00000000,0.94417068
7.00000000,2072.00000000,0.94183590
7.00000000,2073.00000000,0.93950036
7.00000000,2074.00000000,0.93716865
7.00000000,2075.00000000,0.93484354
7.00000000,2076.00000000,0.93252702
7.00000000,2077.00000000,0.93021992
7.00000000,2078.00000000,0.92684647
7.00000000,2079.00000000,0.92349083
7.00000000,2080.00000000,0.92015247
7.00000000,2081.00000000,0.91683204
7.00000000,2082.00000000,0.91353209
7.00000000,2083.00000000,0.91025562
7.00000000,2084.00000000,0.90700468
7.00000000,2085.00000000,0.90378009
7.00000000,2086.00000000,0.90058218
7.00000000,2087.00000000,0.89741106
7.00000000,2088.00000000,0.89368913
7.00000000,2089.00000000,0.88999745
7.00000000,2090.00000000,0.88633546
7.00000000,2091.00000000,0.88270348
7.00000000,2092.00000000,0.87910392
7.00000000,2093.00000000,0.87553927
7.00000000,2094.00000000,0.87201088
7.00000000,2095.00000000,0.86851944
7.00000000,2096.00000000,0.86506495
7.00000000,2097.00000000,0.86164711
7.00000000,2098.00000000,0.85769414
7.00000000,2099.00000000,0.85378092
7.00000000,2100.00000000,0.84990652
7.00000000,2101.00000000,0.84607095
7.00000000,2102.00000000,0.84227491
7.00000000,2103.00000000,0.83851959
7.00000000,2104.00000000,0.83480536
7.00000000,2105.00000000,0.83113207
7.00000000,2106.00000000,0.82749939
7.00000000,2107.00000000,0.82390669
7.00000000,2108.00000000,0.81993207
7.00000000,2109.00000000,0.81599922
7.00000000,2110.00000000,0.81210722
7.00000000,2111.00000000,0.80825530
7.00000000,2112.00000000,0.80444290
7.00000000,2113.00000000,0.80066928
7.00000000,2114.00000000,0.79693355
7.00000000,2115.00000000,0.79323531
7.00000000,2116.00000000,0.78957373
7.00000000,2117.00000000,0.78594840
7.00000000,2118.00000000,0.78235852
7.00000000,2119.00000000,0.77880359
7.00000000,2120.00000000,0.77528300
7.00000000,2121.00000000,0.77179636
7.00000000,2122.00000000,0.76834279
7.00000000,2123.00000000,0.76492207
7.00000000,2124.00000000,0.76153351
7.00000000,2125.00000000,0.75817669
7.00000000,2126.00000000,0.75485114
7.00000000,2127.00000000,0.75155620
7.00000000,2128.00000000,0.74829112
7.00000000,2129.00000000,0.74505575
7.00000000,2130.00000000,0.74184928
7.00000000,2131.00000000,0.73867143
7.00000000,2132.00000000,0.73552173
7.00000000,2133.00000000,0.73239973
7.00000000,2134.00000000,0.72930526
7.00000000,2135.00000000,0.72623774
7.00000000,2136.00000000,0.72319673
7.00000000,2137.00000000,0.72018215
7.00000000,2138.00000000,0.71719355
7.00000000,2139.00000000,0.71423042
7.00000000,2140.00000000,0.71129262
7.00000000,2141.00000000,0.70837971
7.00000000,2142.00000000,0.70549155
7.00000000,2143.00000000,0.70262769
7.00000000,2144.00000000,0.69978771
7.00000000,2145.00000000,0.69697154
7.00000000,2146.00000000,0.69417882
7.00000000,2147.00000000,0.69140911
7.00000000,2148.00000000,0.68866232
7.00000000,2149.00000000,0.68593806
7.00000000,2150.00000000,0.68323600
7.00000000,2151.00000000,0.68055982
7.00000000,2152.00000000,0.67791952
7.00000000,2153.00000000,0.67532506
7.00000000,2154.00000000,0.67278146
7.00000000,2155.00000000,0.67029072
7.00000000,2156.00000000,0.66785343
7.00000000,2157.00000000,0.66546905
7.00000000,2158.00000000,0.66075910
7.00000000,2159.00000000,0.65611406
7.00000000,2160.00000000,0.65153227
7.00000000,2161.00000000,0.64701213
7.00000000,2162.00000000,0.64255247
7.00000000,2163.00000000,0.63815180
7.00000000,2164.00000000,0.63380871
7.00000000,2165.00000000,0.62952209
7.00000000,2166.00000000,0.62529044
7.00000000,2167.00000000,0.62111284
7.00000000,2168.00000000,0.61698804
7.00000000,2169.00000000,0.61291472
7.00000000,2170.00000000,0.60889198
7.00000000,2171.00000000,0.60491869
7.00000000,2172.00000000,0.60099372
7.00000000,2173.00000000,0.59711627
7.00000000,2174.00000000,0.59328517
7.00000000,2175.00000000,0.58949944
7.00000000,2176.00000000,0.58575838
7.00000000,2177.00000000,0.58206084
7.00000000,2178.00000000,0.57840618
7.00000000,2179.00000000,0.57479343
7.00000000,2180.00000000,0.57122167
7.00000000,2181.00000000,0.56769037
7.00000000,2182.00000000,0.56419850
7.00000000,2183.00000000,0.56074527
7.00000000,2184.00000000,0.55733018
7.00000000,2185.00000000,0.55395244
7.00000000,2186.00000000,0.55061108
7.00000000,2187.00000000,0.54730578
7.00000000,2188.00000000,0.54403570
7.00000000,2189.00000000,0.54080015
7.00000000,2190.00000000,0.53759865
7.00000000,2191.00000000,0.53443032
7.00000000,2192.00000000,0.53129491
7.00000000,2193.00000000,0.52819167
7.00000000,2194.00000000,0.52511987
7.00000000,2195.00000000,0.52207917
7.00000000,2196.00000000,0.51906895
7.00000000,2197.00000000,0.51608861
7.00000000,2198.00000000,0.51313781
7.00000000,2199.00000000,0.51021594
7.00000000,2200.00000000,0.50732235
7.00000000,2201.00000000,0.50445688
7.00000000,2202.00000000,0.50161874
7.00000000,2203.00000000,0.49880770
7.00000000,2204.00000000,0.49602324
7.00000000,2205.00000000,0.49326477
7.00000000,2206.00000000,0.49053217
7.00000000,2207.00000000,0.48782480
7.00000000,2208.00000000,0.48514224
7.00000000,2209.00000000,0.48248419
7.00000000,2210.00000000,0.47985024
7.00000000,2211.00000000,0.47723981
7.00000000,2212.00000000,0.47465285
7.00000000,2213.00000000,0.47208881
7.00000000,2214.00000000,0.46954724
7.00000000,2215.00000000,0.46702803
7.00000000,2216.00000000,0.46453058
7.00000000,2217.00000000,0.46205480
7.00000000,2218.00000000,0.45960022
7.00000000,2219.00000000,0.45716638
7.00000000,2220.00000000,0.45475328
7.00000000,2221.00000000,0.45236045
7.00000000,2222.00000000,0.44998742
7.00000000,2223.00000000,0.44763420
7.00000000,2224.00000000,0.44530037
7.00000000,2225.00000000,0.44298545
7.00000000,2226.00000000,0.44068950
7.00000000,2227.00000000,0.43841195
7.00000000,2228.00000000,0.43615279
7.00000000,2229.00000000,0.43391168
7.00000000,2230.00000000,0.43168816
7.00000000,2231.00000000,0.42948228
7.00000000,2232.00000000,0.42729363
7.00000000,2233.00000000,0.42512183
7.00000000,2234.00000000,0.42296693
7.00000000,2235.00000000,0.42082858
7.00000000,2236.00000000,0.41870636
7.00000000,2237.00000000,0.41660042
7.00000000,2238.00000000,0.41451014
7.00000000,2239.00000000,0.41243568
7.00000000,2240.00000000,0.41037667
7.00000000,2241.00000000,0.40833274
7.00000000,2242.00000000,0.40630398
7.00000000,2243.00000000,0.40429008
7.00000000,2244.00000000,0.40229061
7.00000000,2245.00000000,0.40030577
7.00000000,2246.00000000,0.39833520
7.00000000,2247.00000000,0.39637855
7.00000000,2248.00000000,0.39443597
7.00000000,2249.00000000,0.39250668
7.00000000,2250.00000000,0.39058767
7.00000000,2251.00000000,0.38867409
7.00000000,2252.00000000,0.38676059
7.00000000,2253.00000000,0.38484457
7.00000000,2254.00000000,0.38292454
7.00000000,2255.00000000,0.38099954
7.00000000,2256.00000000,0.37953165
7.00000000,2257.00000000,0.37942001
7.00000000,2258.00000000,0.37967683
7.00000000,2259.00000000,0.37993061
7.00000000,2260.00000000,0.38018117
7.00000000,2261.00000000,0.38042847
7.00000000,2262.00000000,0.38067322
7.00000000,2263.00000000,0.38097390
7.00000000,2264.00000000,0.38127261
7.00000000,2265.00000000,0.38156929
7.00000000,2266.00000000,0.38186387
7.00000000,2267.00000000,0.38215676
7.00000000,2268.00000000,0.38233195
7.00000000,2269.00000000,0.38250512
7.00000000,2270.00000000,0.38267664
7.00000000,2271.00000000,0.38284640
7.00000000,2272.00000000,0.38301424
7.00000000,2273.00000000,0.38318057
7.00000000,2274.00000000,0.38334530
7.00000000,2275.00000000,0.38350819
7.00000000,2276.00000000,0.38366974
7.00000000,2277.00000000,0.38382960
7.00000000,2278.00000000,0.38398816
7.00000000,2279.00000000,0.38414536
7.00000000,2280.00000000,0.38430096
7.00000000,2281.00000000,0.38445543
7.00000000,2282.00000000,0.38460860
7.00000000,2283.00000000,0.38475528
7.00000000,2284.00000000,0.38490093
7.00000000,2285.00000000,0.38504536
7.00000000,2286.00000000,0.38518844
7.00000000,2287.00000000,0.38533056
7.00000000,2288.00000000,0.38547141
7.00000000,2289.00000000,0.38561137
7.00000000,2290.00000000,0.38575028
7.00000000,2291.00000000,0.38588798
7.00000000,2292.00000000,0.38602487
7.00000000,2293.00000000,0.38616084
7.00000000,2294.00000000,0.38629564
7.00000000,2295.00000000,0.38642974
7.00000000,2296.00000000,0.38656295
7.00000000,2297.00000000,0.38669512
7.00000000,2298.00000000,0.38682665
7.00000000,2299.00000000,0.38695718
7.00000000,2300.00000000,0.38708711
7.00000000,2301.00000000,0.38721630
7.00000000,2302.00000000,0.38734446
7.00000000,2303.00000000,0.38747206
7.00000000,2304.00000000,0.38759888
7.00000000,2305.00000000,0.38772473
7.00000000,2306.00000000,0.38785003
7.00000000,2307.00000000,0.38797461
7.00000000,2308.00000000,0.38810957
7.00000000,2309.00000000,0.38824403
7.00000000,2310.00000000,0.38837787
7.00000000,2311.00000000,0.38851081
7.00000000,2312.00000000,0.38864334
7.00000000,2313.00000000,0.38877506
7.00000000,2314.00000000,0.38890639
7.00000000,2315.00000000,0.38903713
7.00000000,2316.00000000,0.38916710
7.00000000,2317.00000000,0.38929672
7.00000000,2318.00000000,0.38942585
7.00000000,2319.00000000,0.38955422
7.00000000,2320.00000000,0.38968231
7.00000000,2321.00000000,0.38980994
7.00000000,2322.00000000,0.38993685
7.00000000,2323.00000000,0.39006352
7.00000000,2324.00000000,0.39018955
7.00000000,2325.00000000,0.39031536
7.00000000,2326.00000000,0.39044075
7.00000000,2327.00000000,0.39056551
7.00000000,2328.00000000,0.39069010
7.00000000,2329.00000000,0.39081433
7.00000000,2330.00000000,0.39093795
7.00000000,2331.00000000,0.39106144
7.00000000,2332.00000000,0.39118462
7.00000000,2333.00000000,0.39130720
7.00000000,2334.00000000,0.39142969
7.00000000,2335.00000000,0.39155191
7.00000000,2336.00000000,0.39167355
7.00000000,2337.00000000,0.39179514
7.00000000,2338.00000000,0.39191624
7.00000000,2339.00000000,0.39203729
7.00000000,2340.00000000,0.39215811
7.00000000,2341.00000000,0.39227838
7.00000000,2342.00000000,0.39239868
7.00000000,2343.00000000,0.39251877
7.00000000,2344.00000000,0.39263834
7.00000000,2345.00000000,0.39275797
7.00000000,2346.00000000,0.39287741
7.00000000,2347.00000000,0.39299636
7.00000000,2348.00000000,0.39311539
7.00000000,2349.00000000,0.39323398
7.00000000,2350.00000000,0.39335264
7.00000000,2351.00000000,0.39347115
7.00000000,2352.00000000,0.39358925
7.00000000,2353.00000000,0.39370748
7.00000000,2354.00000000,0.39382559
7.00000000,2355.00000000,0.39394328
7.00000000,2356.00000000,0.39406116
7.00000000,2357.00000000,0.39417896
7.00000000,2358.00000000,0.39429309
7.00000000,2359.00000000,0.39440742
7.00000000,2360.00000000,0.39452169
7.00000000,2361.00000000,0.39463557
7.00000000,2362.00000000,0.39474967
7.00000000,2363.00000000,0.39486344
7.00000000,2364.00000000,0.39497742
7.00000000,2365.00000000,0.39509135
7.00000000,2366.00000000,0.39520493
7.00000000,2367.00000000,0.39531876
7.00000000,2368.00000000,0.39543257
7.00000000,2369.00000000,0.39554603
7.00000000,2370.00000000,0.39565978
7.00000000,2371.00000000,0.39577351
7.00000000,2372.00000000,0.39588686
7.00000000,2373.00000000,0.39600054
7.00000000,2374.00000000,0.39611390
7.00000000,2375.00000000,0.39622755
7.00000000,2376.00000000,0.39634123
7.00000000,2377.00000000,0.39645457
7.00000000,2378.00000000,0.39656821
7.00000000,2379.00000000,0.39668190
7.00000000,2380.00000000,0.39679525
7.00000000,2381.00000000,0.39690897
7.00000000,2382.00000000,0.39702269
7.00000000,2383.00000000,0.39713609
7.00000000,2384.00000000,0.39724987
7.00000000,2385.00000000,0.39736335
7.00000000,2386.00000000,0.39747718
7.00000000,2387.00000000,0.39759105
7.00000000,2388.00000000,0.39770463
7.00000000,2389.00000000,0.39781860
7.00000000,2390.00000000,0.39793260
7.00000000,2391.00000000,0.39804630
7.00000000,2392.00000000,0.39816043
7.00000000,2393.00000000,0.39827459
7.00000000,2394.00000000,0.39838844
7.00000000,2395.00000000,0.39850274
7.00000000,2396.00000000,0.39861709
7.00000000,2397.00000000,0.39873112
7.00000000,2398.00000000,0.39884562
7.00000000,2399.00000000,0.39895979
7.00000000,2400.00000000,0.39907440
7.00000000,2401.00000000,0.39918912
7.00000000,2402.00000000,0.39930355
7.00000000,2403.00000000,0.39941845
7.00000000,2404.00000000,0.39953349
7.00000000,2405.00000000,0.39964818
7.00000000,2406.00000000,0.39976343
7.00000000,2407.00000000,0.39987881
7.00000000,2408.00000000,0.39999037
7.00000000,2409.00000000,0.40010252
7.00000000,2410.00000000,0.40021433
7.00000000,2411.00000000,0.40032667
7.00000000,2412.00000000,0.40043917
7.00000000,2413.00000000,0.40055137
7.00000000,2414.00000000,0.40066413
7.00000000,2415.00000000,0.40077703
7.00000000,2416.00000000,0.40088960
7.00000000,2417.00000000,0.40100278
7.00000000,2418.00000000,0.40111610
7.00000000,2419.00000000,0.40122907
7.00000000,2420.00000000,0.40134267
7.00000000,2421.00000000,0.40145646
7.00000000,2422.00000000,0.40156983
7.00000000,2423.00000000,0.40168388
7.00000000,2424.00000000,0.40179753
7.00000000,2425.00000000,0.40191185
7.00000000,2426.00000000,0.40202635
7.00000000,2427.00000000,0.40214048
7.00000000,2428.00000000,0.40225526
7.00000000,2429.00000000,0.40237022
7.00000000,2430.00000000,0.40248478
7.00000000,2431.00000000,0.40260003
7.00000000,2432.00000000,0.40271547
7.00000000,2433.00000000,0.40283048
7.00000000,2434.00000000,0.40294621
7.00000000,2435.00000000,0.40306158
7.00000000,2436.00000000,0.40317761
7.00000000,2437.00000000,0.40329386
7.00000000,2438.00000000,0.40340966
7.00000000,2439.00000000,0.40352622
7.00000000,2440.00000000,0.40364298
7.00000000,2441.00000000,0.40375929
7.00000000,2442.00000000,0.40387636
7.00000000,2443.00000000,0.40399364
7.00000000,2444.00000000,0.40411038
7.00000000,2445.00000000,0.40422801
7.00000000,2446.00000000,0.40434512
7.00000000,2447.00000000,0.40446303
7.00000000,2448.00000000,0.40458118
7.00000000,2449.00000000,0.40469879
7.00000000,2450.00000000,0.40481726
7.00000000,2451.00000000,0.40493594
7.00000000,2452.00000000,0.40505404
7.00000000,2453.00000000,0.40517306
7.00000000,2454.00000000,0.40529225
7.00000000,2455.00000000,0.40541078
7.00000000,2456.00000000,0.40553029
7.00000000,2457.00000000,0.40565000
7.00000000,2458.00000000,0.40577130
7.00000000,2459.00000000,0.40589362
7.00000000,2460.00000000,0.40601528
7.00000000,2461.00000000,0.40613792
7.00000000,2462.00000000,0.40626078
7.00000000,2463.00000000,0.40638285
7.00000000,2464.00000000,0.40650603
7.00000000,2465.00000000,0.40662942
7.00000000,2466.00000000,0.40675194
7.00000000,2467.00000000,0.40687566
7.00000000,2468.00000000,0.40699961
7.00000000,2469.00000000,0.40712259
7.00000000,2470.00000000,0.40724684
7.00000000,2471.00000000,0.40737019
7.00000000,2472.00000000,0.40749477
7.00000000,2473.00000000,0.40761961
7.00000000,2474.00000000,0.40774340
7.00000000,2475.00000000,0.40786852
7.00000000,2476.00000000,0.40799396
7.00000000,2477.00000000,0.40811818
7.00000000,2478.00000000,0.40824393
7.00000000,2479.00000000,0.40836998
7.00000000,2480.00000000,0.40849461
7.00000000,2481.00000000,0.40862097
7.00000000,2482.00000000,0.40874762
7.00000000,2483.00000000,0.40887269
7.00000000,2484.00000000,0.40899968
7.00000000,2485.00000000,0.40912512
7.00000000,2486.00000000,0.40925247
7.00000000,2487.00000000,0.40938016
7.00000000,2488.00000000,0.40950597
7.00000000,2489.00000000,0.40963405
7.00000000,2490.00000000,0.40976251
7.00000000,2491.00000000,0.40988864
7.00000000,2492.00000000,0.41001751
7.00000000,2493.00000000,0.41014683
7.00000000,2494.00000000,0.41027327
7.00000000,2495.00000000,0.41040307
7.00000000,2496.00000000,0.41052982
7.00000000,2497.00000000,0.41066017
7.00000000,2498.00000000,0.41079125
7.00000000,2499.00000000,0.41091815
7.00000000,2500.00000000,0.41105013
8.00000000,1765.00000000,0.89015486
8.00000000,1766.00000000,0.89015465
8.00000000,1767.00000000,0.89015409
8.00000000,1768.00000000,0.89015260
8.00000000,1769.00000000,0.89015013
8.00000000,1770.00000000,0.89014634
8.00000000,1771.00000000,0.89014092
8.00000000,1772.00000000,0.89013406
8.00000000,1773.00000000,0.89012513
8.00000000,1774.00000000,0.89015618
8.00000000,1775.00000000,0.89014360
8.00000000,1776.00000000,0.89012929
8.00000000,1777.00000000,0.89011332
8.00000000,1778.00000000,0.89009576
8.00000000,1779.00000000,0.89009059
8.00000000,1780.00000000,0.89007008
8.00000000,1781.00000000,0.89004810
8.00000000,1782.00000000,0.89002475
8.00000000,1783.00000000,0.89000004
8.00000000,1784.00000000,0.88997407
8.00000000,1785.00000000,0.88994681
8.00000000,1786.00000000,0.88991841
8.00000000,1787.00000000,0.88988887
8.00000000,1788.00000000,0.88985829
8.00000000,1789.00000000,0.88984058
8.00000000,1790.00000000,0.88980799
8.00000000,1791.00000000,0.88977447
8.00000000,1792.00000000,0.88974003
8.00000000,1793.00000000,0.88970460
8.00000000,1794.00000000,0.88966834
8.00000000,1795.00000000,0.88963130
8.00000000,1796.00000000,0.88959339
8.00000000,1797.00000000,0.88955476
8.00000000,1798.00000000,0.88951537
8.00000000,1799.00000000,0.88948916
8.00000000,1800.00000000,0.88944834
8.00000000,1801.00000000,0.88940675
8.00000000,1802.00000000,0.88936451
8.00000000,1803.00000000,0.88932155
8.00000000,1804.00000000,0.88927785
8.00000000,1805.00000000,0.88924748
8.00000000,1806.00000000,0.88920266
8.00000000,1807.00000000,0.88915723
8.00000000,1808.00000000,0.88912521
8.00000000,1809.00000000,0.88907874
8.00000000,1810.00000000,0.88905962
8.00000000,1811.00000000,0.88899838
8.00000000,1812.00000000,0.88895060
8.00000000,1813.00000000,0.88890241
8.00000000,1814.00000000,0.88886778
8.00000000,1815.00000000,0.88881879
8.00000000,1816.00000000,0.88876949
8.00000000,1817.00000000,0.88871972
8.00000000,1818.00000000,0.88866946
8.00000000,1819.00000000,0.88863275
8.00000000,1820.00000000,0.88858171
8.00000000,1821.00000000,0.88853028
8.00000000,1822.00000000,0.88847863
8.00000000,1823.00000000,0.88844049
8.00000000,1824.00000000,0.88840207
8.00000000,1825.00000000,0.88836328
8.00000000,1826.00000000,0.88831020
8.00000000,1827.00000000,0.88825689
8.00000000,1828.00000000,0.88820326
8.00000000,1829.00000000,0.88814928
8.00000000,1830.00000000,0.88810897
8.00000000,1831.00000000,0.88806819
8.00000000,1832.00000000,0.88801284
8.00000000,1833.00000000,0.88797103
8.00000000,1834.00000000,0.88791490
8.00000000,1835.00000000,0.88787236
8.00000000,1836.00000000,0.88781554
8.00000000,1837.00000000,0.88775817
8.00000000,1838.00000000,0.88778388
8.00000000,1839.00000000,0.88771166
8.00000000,1840.00000000,0.88765296
8.00000000,1841.00000000,0.88760774
8.00000000,1842.00000000,0.88754813
8.00000000,1843.00000000,0.88750195
8.00000000,1844.00000000,0.88749702
8.00000000,1845.00000000,0.88743588
8.00000000,1846.00000000,0.88738802
8.00000000,1847.00000000,0.88733958
8.00000000,1848.00000000,0.88730442
8.00000000,1849.00000000,0.88725473
8.00000000,1850.00000000,0.88721831
8.00000000,1851.00000000,0.88716740
8.00000000,1852.00000000,0.88712969
8.00000000,1853.00000000,0.88711803
8.00000000,1854.00000000,0.88704790
8.00000000,1855.00000000,0.88701723
8.00000000,1856.00000000,0.88695691
8.00000000,1857.00000000,0.88692301
8.00000000,1858.00000000,0.88690192
8.00000000,1859.00000000,0.88682411
8.00000000,1860.00000000,0.88678695
8.00000000,1861.00000000,0.88673480
8.00000000,1862.00000000,0.88679369
8.00000000,1863.00000000,0.88674285
8.00000000,1864.00000000,0.88673680
8.00000000,1865.00000000,0.88667751
8.00000000,1866.00000000,0.88662021
8.00000000,1867.00000000,0.88662013
8.00000000,1868.00000000,0.88666294
8.00000000,1869.00000000,0.88665144
8.00000000,1870.00000000,0.88661324
8.00000000,1871.00000000,0.88664485
8.00000000,1872.00000000,0.88668831
8.00000000,1873.00000000,0.88671180
8.00000000,1874.00000000,0.88667142
8.00000000,1875.00000000,0.88669631
8.00000000,1876.00000000,0.88667019
8.00000000,1877.00000000,0.88666619
8.00000000,1878.00000000,0.88662923
8.00000000,1879.00000000,0.88664317
8.00000000,1880.00000000,0.88676401
8.00000000,1881.00000000,0.88679707
8.00000000,1882.00000000,0.88653400
8.00000000,1883.00000000,0.88660229
8.00000000,1884.00000000,0.88651610
8.00000000,1885.00000000,0.88642893
8.00000000,1886.00000000,0.88631953
8.00000000,1887.00000000,0.88638356
8.00000000,1888.00000000,0.88661380
8.00000000,1889.00000000,0.88657841
8.00000000,1890.00000000,0.88662519
8.00000000,1891.00000000,0.88671206
8.00000000,1892.00000000,0.88661556
8.00000000,1893.00000000,0.88650260
8.00000000,1894.00000000,0.88641545
8.00000000,1895.00000000,0.88646489
8.00000000,1896.00000000,0.88676104
8.00000000,1897.00000000,0.88660819
8.00000000,1898.00000000,0.88685444
8.00000000,1899.00000000,0.88691486
8.00000000,1900.00000000,0.88677449
8.00000000,1901.00000000,0.88654327
8.00000000,1902.00000000,0.88653950
8.00000000,1903.00000000,0.88666479
8.00000000,1904.00000000,0.88663992
8.00000000,1905.00000000,0.88671435
8.00000000,1906.00000000,0.88683138
8.00000000,1907.00000000,0.88716955
8.00000000,1908.00000000,0.88728277
8.00000000,1909.00000000,0.88725672
8.00000000,1910.00000000,0.88716384
8.00000000,1911.00000000,0.88757545
8.00000000,1912.00000000,0.88736828
8.00000000,1913.00000000,0.88760149
8.00000000,1914.00000000,0.88790157
8.00000000,1915.00000000,0.88866311
8.00000000,1916.00000000,0.88789031
8.00000000,1917.00000000,0.88808212
8.00000000,1918.00000000,0.88826154
8.00000000,1919.00000000,0.88820751
8.00000000,1920.00000000,0.88852154
8.00000000,1921.00000000,0.88913373
8.00000000,1922.00000000,0.88757165
8.00000000,1923.00000000,0.88713925
8.00000000,1924.00000000,0.88774596
8.00000000,1925.00000000,0.88822198
8.00000000,1926.00000000,0.88768063
8.00000000,1927.00000000,0.88559426
8.00000000,1928.00000000,0.88705486
8.00000000,1929.00000000,0.88496366
8.00000000,1930.00000000,0.88523424
8.00000000,1931.00000000,0.88664628
8.00000000,1932.00000000,0.88622552
8.00000000,1933.00000000,0.88608008
8.00000000,1934.00000000,0.88589294
8.00000000,1935.00000000,0.88669908
8.00000000,1936.00000000,0.88645231
8.00000000,1937.00000000,0.88727075
8.00000000,1938.00000000,0.88569679
8.00000000,1939.00000000,0.88382938
8.00000000,1940.00000000,0.88223673
8.00000000,1941.00000000,0.88256287
8.00000000,1942.00000000,0.88334727
8.00000000,1943.00000000,0.88375834
8.00000000,1944.00000000,0.88483814
8.00000000,1945.00000000,0.88557962
8.00000000,1946.00000000,0.88430165
8.00000000,1947.00000000,0.88465017
8.00000000,1948.00000000,0.88578077
8.00000000,1949.00000000,0.88589828
8.00000000,1950.00000000,0.88562755
8.00000000,1951.00000000,0.88590437
8.00000000,1952.00000000,0.88535711
8.00000000,1953.00000000,0.88179098
8.00000000,1954.00000000,0.88235769
8.00000000,1955.00000000,0.88394040
8.00000000,1956.00000000,0.88441769
8.00000000,1957.00000000,0.88309303
8.00000000,1958.00000000,0.88533621
8.00000000,1959.00000000,0.88652589
8.00000000,1960.00000000,0.88615995
8.00000000,1961.00000000,0.88600278
8.00000000,1962.00000000,0.88553022
8.00000000,1963.00000000,0.88716166
8.00000000,1964.00000000,0.88817049
8.00000000,1965.00000000,0.88855458
8.00000000,1966.00000000,0.88846396
8.00000000,1967.00000000,0.88933218
8.00000000,1968.00000000,0.88992826
8.00000000,1969.00000000,0.88913412
8.00000000,1970.00000000,0.88952717
8.00000000,1971.00000000,0.89045306
8.00000000,1972.00000000,0.89149971
8.00000000,1973.00000000,0.89218914
8.00000000,1974.00000000,0.89315562
8.00000000,1975.00000000,0.89334498
8.00000000,1976.00000000,0.89448705
8.00000000,1977.00000000,0.89608172
8.00000000,1978.00000000,0.89852124
8.00000000,1979.00000000,0.89926284
8.00000000,1980.00000000,0.90014951
8.00000000,1981.00000000,0.90194560
8.00000000,1982.00000000,0.90061964
8.00000000,1983.00000000,0.89877679
8.00000000,1984.00000000,0.90100752
8.00000000,1985.00000000,0.90155685
8.00000000,1986.00000000,0.90113095
8.00000000,1987.00000000,0.90350400
8.00000000,1988.00000000,0.90123599
8.00000000,1989.00000000,0.89744761
8.00000000,1990.00000000,0.89530895
8.00000000,1991.00000000,0.89346750
8.00000000,1992.00000000,0.89429109
8.00000000,1993.00000000,0.89474597
8.00000000,1994.00000000,0.89536461
8.00000000,1995.00000000,0.89567013
8.00000000,1996.00000000,0.89689853
8.00000000,1997.00000000,0.89694854
8.00000000,1998.00000000,0.89604065
8.00000000,1999.00000000,0.89562444
8.00000000,2000.00000000,0.89238962
8.00000000,2001.00000000,0.89083240
8.00000000,2002.00000000,0.89079026
8.00000000,2003.00000000,0.89089398
8.00000000,2004.00000000,0.89107335
8.00000000,2005.00000000,0.89080875
8.00000000,2006.00000000,0.88858879
8.00000000,2007.00000000,0.88647468
8.00000000,2008.00000000,0.88680623
8.00000000,2009.00000000,0.88701472
8.00000000,2010.00000000,0.88571938
8.00000000,2011.00000000,0.88820277
8.00000000,2012.00000000,0.89129076
8.00000000,2013.00000000,0.89315522
8.00000000,2014.00000000,0.89350479
8.00000000,2015.00000000,0.89380301
8.00000000,2016.00000000,0.89404760
8.00000000,2017.00000000,0.89423321
8.00000000,2018.00000000,0.89435863
8.00000000,2019.00000000,0.89535936
8.00000000,2020.00000000,0.89629717
8.00000000,2021.00000000,0.89717363
8.00000000,2022.00000000,0.89799124
8.00000000,2023.00000000,0.89875342
8.00000000,2024.00000000,0.89946318
8.00000000,2025.00000000,0.90012272
8.00000000,2026.00000000,0.90073374
8.00000000,2027.00000000,0.90129762
8.00000000,2028.00000000,0.90181587
8.00000000,2029.00000000,0.90188061
8.00000000,2030.00000000,0.90190272
8.00000000,2031.00000000,0.90188150
8.00000000,2032.00000000,0.90181345
8.00000000,2033.00000000,0.90169373
8.00000000,2034.00000000,0.90151851
8.00000000,2035.00000000,0.90128557
8.00000000,2036.00000000,0.90099356
8.00000000,2037.00000000,0.90064161
8.00000000,2038.00000000,0.90022967
8.00000000,2039.00000000,0.90059291
8.00000000,2040.00000000,0.90089339
8.00000000,2041.00000000,0.90113140
8.00000000,2042.00000000,0.90130522
8.00000000,2043.00000000,0.90141255
8.00000000,2044.00000000,0.90145198
8.00000000,2045.00000000,0.90142277
8.00000000,2046.00000000,0.90132501
8.00000000,2047.00000000,0.90115879
8.00000000,2048.00000000,0.90092476
8.00000000,2049.00000000,0.90121828
8.00000000,2050.00000000,0.90144274
8.00000000,2051.00000000,0.90159930
8.00000000,2052.00000000,0.90168940
8.00000000,2053.00000000,0.90171449
8.00000000,2054.00000000,0.90167568
8.00000000,2055.00000000,0.90157437
8.00000000,2056.00000000,0.90141168
8.00000000,2057.00000000,0.90118885
8.00000000,2058.00000000,0.90090699
8.00000000,2059.00000000,0.90053457
8.00000000,2060.00000000,0.90010553
8.00000000,2061.00000000,0.89962253
8.00000000,2062.00000000,0.89909227
8.00000000,2063.00000000,0.89852296
8.00000000,2064.00000000,0.89792033
8.00000000,2065.00000000,0.89728829
8.00000000,2066.00000000,0.89662975
8.00000000,2067.00000000,0.89594640
8.00000000,2068.00000000,0.89523941
8.00000000,2069.00000000,0.89329305
8.00000000,2070.00000000,0.89133300
8.00000000,2071.00000000,0.88936122
8.00000000,2072.00000000,0.88738302
8.00000000,2073.00000000,0.88540451
8.00000000,2074.00000000,0.88343006
8.00000000,2075.00000000,0.88146230
8.00000000,2076.00000000,0.87950254
8.00000000,2077.00000000,0.87755179
8.00000000,2078.00000000,0.87561018
8.00000000,2079.00000000,0.87262292
8.00000000,2080.00000000,0.86965252
8.00000000,2081.00000000,0.86669941
8.00000000,2082.00000000,0.86376605
8.00000000,2083.00000000,0.86085531
8.00000000,2084.00000000,0.85796859
8.00000000,2085.00000000,0.85510703
8.00000000,2086.00000000,0.85227068
8.00000000,2087.00000000,0.84945943
8.00000000,2088.00000000,0.84667303
8.00000000,2089.00000000,0.84334573
8.00000000,2090.00000000,0.84004648
8.00000000,2091.00000000,0.83677569
8.00000000,2092.00000000,0.83353529
8.00000000,2093.00000000,0.83032787
8.00000000,2094.00000000,0.82715465
8.00000000,2095.00000000,0.82401601
8.00000000,2096.00000000,0.82091200
8.00000000,2097.00000000,0.81784217
8.00000000,2098.00000000,0.81480589
8.00000000,2099.00000000,0.81124368
8.00000000,2100.00000000,0.80771794
8.00000000,2101.00000000,0.80422831
8.00000000,2102.00000000,0.80077590
8.00000000,2103.00000000,0.79736156
8.00000000,2104.00000000,0.79398557
8.00000000,2105.00000000,0.79064781
8.00000000,2106.00000000,0.78734781
8.00000000,2107.00000000,0.78408505
8.00000000,2108.00000000,0.78085887
8.00000000,2109.00000000,0.77725645
8.00000000,2110.00000000,0.77369221
8.00000000,2111.00000000,0.77016534
8.00000000,2112.00000000,0.76667507
8.00000000,2113.00000000,0.76322082
8.00000000,2114.00000000,0.75980192
8.00000000,2115.00000000,0.75641759
8.00000000,2116.00000000,0.75306747
8.00000000,2117.00000000,0.74975069
8.00000000,2118.00000000,0.74646687
8.00000000,2119.00000000,0.74321531
8.00000000,2120.00000000,0.73999552
8.00000000,2121.00000000,0.73680697
8.00000000,2122.00000000,0.73364918
8.00000000,2123.00000000,0.73052139
8.00000000,2124.00000000,0.72742345
8.00000000,2125.00000000,0.72435469
8.00000000,2126.00000000,0.72131456
8.00000000,2127.00000000,0.71830265
8.00000000,2128.00000000,0.71531837
8.00000000,2129.00000000,0.71236103
8.00000000,2130.00000000,0.70943043
8.00000000,2131.00000000,0.70652594
8.00000000,2132.00000000,0.70364731
8.00000000,2133.00000000,0.70079417
8.00000000,2134.00000000,0.69796594
8.00000000,2135.00000000,0.69516251
8.00000000,2136.00000000,0.69238339
8.00000000,2137.00000000,0.68962820
8.00000000,2138.00000000,0.68689680
8.00000000,2139.00000000,0.68418875
8.00000000,2140.00000000,0.68150360
8.00000000,2141.00000000,0.67884126
8.00000000,2142.00000000,0.67620128
8.00000000,2143.00000000,0.67358348
8.00000000,2144.00000000,0.67098751
8.00000000,2145.00000000,0.66841294
8.00000000,2146.00000000,0.66585978
8.00000000,2147.00000000,0.66332758
8.00000000,2148.00000000,0.66081599
8.00000000,2149.00000000,0.65832494
8.00000000,2150.00000000,0.65585404
8.00000000,2151.00000000,0.65340658
8.00000000,2152.00000000,0.65099247
8.00000000,2153.00000000,0.64862091
8.00000000,2154.00000000,0.64629661
8.00000000,2155.00000000,0.64402145
8.00000000,2156.00000000,0.64179546
8.00000000,2157.00000000,0.63961829
8.00000000,2158.00000000,0.63748874
8.00000000,2159.00000000,0.63308211
8.00000000,2160.00000000,0.62873431
8.00000000,2161.00000000,0.62444368
8.00000000,2162.00000000,0.62020889
8.00000000,2163.00000000,0.61602888
8.00000000,2164.00000000,0.61190229
8.00000000,2165.00000000,0.60782781
8.00000000,2166.00000000,0.60380451
8.00000000,2167.00000000,0.59983096
8.00000000,2168.00000000,0.59590643
8.00000000,2169.00000000,0.59202972
8.00000000,2170.00000000,0.58819960
8.00000000,2171.00000000,0.58441535
8.00000000,2172.00000000,0.58067593
8.00000000,2173.00000000,0.57698026
8.00000000,2174.00000000,0.57332766
8.00000000,2175.00000000,0.56971709
8.00000000,2176.00000000,0.56614761
8.00000000,2177.00000000,0.56261867
8.00000000,2178.00000000,0.55912915
8.00000000,2179.00000000,0.55567852
8.00000000,2180.00000000,0.55226590
8.00000000,2181.00000000,0.54889042
8.00000000,2182.00000000,0.54555165
8.00000000,2183.00000000,0.54224863
8.00000000,2184.00000000,0.53898065
8.00000000,2185.00000000,0.53574726
8.00000000,2186.00000000,0.53254774
8.00000000,2187.00000000,0.52938122
8.00000000,2188.00000000,0.52624742
8.00000000,2189.00000000,0.52314560
8.00000000,2190.00000000,0.52007500
8.00000000,2191.00000000,0.51703536
8.00000000,2192.00000000,0.51402580
8.00000000,2193.00000000,0.51104609
8.00000000,2194.00000000,0.50809552
8.00000000,2195.00000000,0.50517347
8.00000000,2196.00000000,0.50227969
8.00000000,2197.00000000,0.49941354
8.00000000,2198.00000000,0.49657444
8.00000000,2199.00000000,0.49376213
8.00000000,2200.00000000,0.49097609
8.00000000,2201.00000000,0.48821567
8.00000000,2202.00000000,0.48548071
8.00000000,2203.00000000,0.48277051
8.00000000,2204.00000000,0.48008492
8.00000000,2205.00000000,0.47742342
8.00000000,2206.00000000,0.47478547
8.00000000,2207.00000000,0.47217093
8.00000000,2208.00000000,0.46957927
8.00000000,2209.00000000,0.46701000
8.00000000,2210.00000000,0.46446297
8.00000000,2211.00000000,0.46193775
8.00000000,2212.00000000,0.45943381
8.00000000,2213.00000000,0.45695111
8.00000000,2214.00000000,0.45448915
8.00000000,2215.00000000,0.45204748
8.00000000,2216.00000000,0.44962600
8.00000000,2217.00000000,0.44722417
8.00000000,2218.00000000,0.44484194
8.00000000,2219.00000000,0.44247885
8.00000000,2220.00000000,0.44013446
8.00000000,2221.00000000,0.43780878
8.00000000,2222.00000000,0.43550138
8.00000000,2223.00000000,0.43321180
8.00000000,2224.00000000,0.43094010
8.00000000,2225.00000000,0.42868583
8.00000000,2226.00000000,0.42644855
8.00000000,2227.00000000,0.42422834
8.00000000,2228.00000000,0.42202466
8.00000000,2229.00000000,0.41983752
8.00000000,2230.00000000,0.41766655
8.00000000,2231.00000000,0.41551135
8.00000000,2232.00000000,0.41337195
8.00000000,2233.00000000,0.41124797
8.00000000,2234.00000000,0.40913905
8.00000000,2235.00000000,0.40704526
8.00000000,2236.00000000,0.40496624
8.00000000,2237.00000000,0.40290161
8.00000000,2238.00000000,0.40085146
8.00000000,2239.00000000,0.39881529
8.00000000,2240.00000000,0.39679318
8.00000000,2241.00000000,0.39478478
8.00000000,2242.00000000,0.39278975
8.00000000,2243.00000000,0.39080817
8.00000000,2244.00000000,0.38883971
8.00000000,2245.00000000,0.38688406
8.00000000,2246.00000000,0.38494129
8.00000000,2247.00000000,0.38301111
8.00000000,2248.00000000,0.38109317
8.00000000,2249.00000000,0.37918715
8.00000000,2250.00000000,0.37729023
8.00000000,2251.00000000,0.37539723
8.00000000,2252.00000000,0.37350376
8.00000000,2253.00000000,0.37160683
8.00000000,2254.00000000,0.36970556
8.00000000,2255.00000000,0.36779942
8.00000000,2256.00000000,0.36588799
8.00000000,2257.00000000,0.36442484
8.00000000,2258.00000000,0.36429220
8.00000000,2259.00000000,0.36452125
8.00000000,2260.00000000,0.36474759
8.00000000,2261.00000000,0.36497118
8.00000000,2262.00000000,0.36519216
8.00000000,2263.00000000,0.36541122
8.00000000,2264.00000000,0.36568556
8.00000000,2265.00000000,0.36595831
8.00000000,2266.00000000,0.36622935
8.00000000,2267.00000000,0.36649860
8.00000000,2268.00000000,0.36676640
8.00000000,2269.00000000,0.36691897
8.00000000,2270.00000000,0.36706977
8.00000000,2271.00000000,0.36721913
8.00000000,2272.00000000,0.36736696
8.00000000,2273.00000000,0.36751310
8.00000000,2274.00000000,0.36765797
8.00000000,2275.00000000,0.36780139
8.00000000,2276.00000000,0.36794323
8.00000000,2277.00000000,0.36808391
8.00000000,2278.00000000,0.36822312
8.00000000,2279.00000000,0.36836125
8.00000000,2280.00000000,0.36849815
8.00000000,2281.00000000,0.36863368
8.00000000,2282.00000000,0.36876822
8.00000000,2283.00000000,0.36890167
8.00000000,2284.00000000,0.36902885
8.00000000,2285.00000000,0.36915517
8.00000000,2286.00000000,0.36928042
8.00000000,2287.00000000,0.36940450
8.00000000,2288.00000000,0.36952775
8.00000000,2289.00000000,0.36964986
8.00000000,2290.00000000,0.36977122
8.00000000,2291.00000000,0.36989170
8.00000000,2292.00000000,0.37001107
8.00000000,2293.00000000,0.37012977
8.00000000,2294.00000000,0.37024764
8.00000000,2295.00000000,0.37036451
8.00000000,2296.00000000,0.37048078
8.00000000,2297.00000000,0.37059629
8.00000000,2298.00000000,0.37071085
8.00000000,2299.00000000,0.37082490
8.00000000,2300.00000000,0.37093803
8.00000000,2301.00000000,0.37105065
8.00000000,2302.00000000,0.37116259
8.00000000,2303.00000000,0.37127363
8.00000000,2304.00000000,0.37138416
8.00000000,2305.00000000,0.37149400
8.00000000,2306.00000000,0.37160296
8.00000000,2307.00000000,0.37171148
8.00000000,2308.00000000,0.37181934
8.00000000,2309.00000000,0.37193747
8.00000000,2310.00000000,0.37205523
8.00000000,2311.00000000,0.37217238
8.00000000,2312.00000000,0.37228876
8.00000000,2313.00000000,0.37240480
8.00000000,2314.00000000,0.37252012
8.00000000,2315.00000000,0.37263511
8.00000000,2316.00000000,0.37274960
8.00000000,2317.00000000,0.37286339
8.00000000,2318.00000000,0.37297692
8.00000000,2319.00000000,0.37308998
8.00000000,2320.00000000,0.37320239
8.00000000,2321.00000000,0.37331458
8.00000000,2322.00000000,0.37342634
8.00000000,2323.00000000,0.37353747
8.00000000,2324.00000000,0.37364844
8.00000000,2325.00000000,0.37375878
8.00000000,2326.00000000,0.37386897
8.00000000,2327.00000000,0.37397882
8.00000000,2328.00000000,0.37408806
8.00000000,2329.00000000,0.37419720
8.00000000,2330.00000000,0.37430603
8.00000000,2331.00000000,0.37441428
8.00000000,2332.00000000,0.37452247
8.00000000,2333.00000000,0.37463037
8.00000000,2334.00000000,0.37473775
8.00000000,2335.00000000,0.37484505
8.00000000,2336.00000000,0.37495211
8.00000000,2337.00000000,0.37505867
8.00000000,2338.00000000,0.37516519
8.00000000,2339.00000000,0.37527125
8.00000000,2340.00000000,0.37537732
8.00000000,2341.00000000,0.37548317
8.00000000,2342.00000000,0.37558852
8.00000000,2343.00000000,0.37569392
8.00000000,2344.00000000,0.37579914
8.00000000,2345.00000000,0.37590388
8.00000000,2346.00000000,0.37600870
8.00000000,2347.00000000,0.37611335
8.00000000,2348.00000000,0.37621755
8.00000000,2349.00000000,0.37632185
8.00000000,2350.00000000,0.37642575
8.00000000,2351.00000000,0.37652973
8.00000000,2352.00000000,0.37663360
8.00000000,2353.00000000,0.37673705
8.00000000,2354.00000000,0.37684067
8.00000000,2355.00000000,0.37694420
8.00000000,2356.00000000,0.37704735
8.00000000,2357.00000000,0.37715067
8.00000000,2358.00000000,0.37725393
8.00000000,2359.00000000,0.37735362
8.00000000,2360.00000000,0.37745351
8.00000000,2361.00000000,0.37755334
8.00000000,2362.00000000,0.37765279
8.00000000,2363.00000000,0.37775248
8.00000000,2364.00000000,0.37785185
8.00000000,2365.00000000,0.37795142
8.00000000,2366.00000000,0.37805096
8.00000000,2367.00000000,0.37815015
8.00000000,2368.00000000,0.37824960
8.00000000,2369.00000000,0.37834903
8.00000000,2370.00000000,0.37844815
8.00000000,2371.00000000,0.37854751
8.00000000,2372.00000000,0.37864685
8.00000000,2373.00000000,0.37874587
8.00000000,2374.00000000,0.37884522
8.00000000,2375.00000000,0.37894421
8.00000000,2376.00000000,0.37904350
8.00000000,2377.00000000,0.37914280
8.00000000,2378.00000000,0.37924179
8.00000000,2379.00000000,0.37934110
8.00000000,2380.00000000,0.37944041
8.00000000,2381.00000000,0.37953941
8.00000000,2382.00000000,0.37963877
8.00000000,2383.00000000,0.37973812
8.00000000,2384.00000000,0.37983716
8.00000000,2385.00000000,0.37993659
8.00000000,2386.00000000,0.38003567
8.00000000,2387.00000000,0.38013512
8.00000000,2388.00000000,0.38023464
8.00000000,2389.00000000,0.38033380
8.00000000,2390.00000000,0.38043336
8.00000000,2391.00000000,0.38053299
8.00000000,2392.00000000,0.38063229
8.00000000,2393.00000000,0.38073196
8.00000000,2394.00000000,0.38083172
8.00000000,2395.00000000,0.38093116
8.00000000,2396.00000000,0.38103102
8.00000000,2397.00000000,0.38113090
8.00000000,2398.00000000,0.38123048
8.00000000,2399.00000000,0.38133051
8.00000000,2400.00000000,0.38143024
8.00000000,2401.00000000,0.38153038
8.00000000,2402.00000000,0.38163062
8.00000000,2403.00000000,0.38173052
8.00000000,2404.00000000,0.38183093
8.00000000,2405.00000000,0.38193145
8.00000000,2406.00000000,0.38203168
8.00000000,2407.00000000,0.38213239
8.00000000,2408.00000000,0.38223322
8.00000000,2409.00000000,0.38233032
8.00000000,2410.00000000,0.38242792
8.00000000,2411.00000000,0.38252521
8.00000000,2412.00000000,0.38262306
8.00000000,2413.00000000,0.38272099
8.00000000,2414.00000000,0.38281860
8.00000000,2415.00000000,0.38291679
8.00000000,2416.00000000,0.38301506
8.00000000,2417.00000000,0.38311301
8.00000000,2418.00000000,0.38321155
8.00000000,2419.00000000,0.38331023
8.00000000,2420.00000000,0.38340852
8.00000000,2421.00000000,0.38350743
8.00000000,2422.00000000,0.38360643
8.00000000,2423.00000000,0.38370512
8.00000000,2424.00000000,0.38380437
8.00000000,2425.00000000,0.38390329
8.00000000,2426.00000000,0.38400281
8.00000000,2427.00000000,0.38410254
8.00000000,2428.00000000,0.38420179
8.00000000,2429.00000000,0.38430175
8.00000000,2430.00000000,0.38440182
8.00000000,2431.00000000,0.38450150
8.00000000,2432.00000000,0.38460182
8.00000000,2433.00000000,0.38470235
8.00000000,2434.00000000,0.38480241
8.00000000,2435.00000000,0.38490316
8.00000000,2436.00000000,0.38500352
8.00000000,2437.00000000,0.38510457
8.00000000,2438.00000000,0.38520578
8.00000000,2439.00000000,0.38530650
8.00000000,2440.00000000,0.38540797
8.00000000,2441.00000000,0.38550961
8.00000000,2442.00000000,0.38561080
8.00000000,2443.00000000,0.38571271
8.00000000,2444.00000000,0.38581483
8.00000000,2445.00000000,0.38591639
8.00000000,2446.00000000,0.38601878
8.00000000,2447.00000000,0.38612066
8.00000000,2448.00000000,0.38622333
8.00000000,2449.00000000,0.38632617
8.00000000,2450.00000000,0.38642848
8.00000000,2451.00000000,0.38653164
8.00000000,2452.00000000,0.38663493
8.00000000,2453.00000000,0.38673765
8.00000000,2454.00000000,0.38684123
8.00000000,2455.00000000,0.38694498
8.00000000,2456.00000000,0.38704807
8.00000000,2457.00000000,0.38715211
8.00000000,2458.00000000,0.38725627
8.00000000,2459.00000000,0.38736201
8.00000000,2460.00000000,0.38746874
8.00000000,2461.00000000,0.38757479
8.00000000,2462.00000000,0.38768181
8.00000000,2463.00000000,0.38778896
8.00000000,2464.00000000,0.38789539
8.00000000,2465.00000000,0.38800284
8.00000000,2466.00000000,0.38811050
8.00000000,2467.00000000,0.38821731
8.00000000,2468.00000000,0.38832523
8.00000000,2469.00000000,0.38843337
8.00000000,2470.00000000,0.38854056
8.00000000,2471.00000000,0.38864895
8.00000000,2472.00000000,0.38875648
8.00000000,2473.00000000,0.38886516
8.00000000,2474.00000000,0.38897404
8.00000000,2475.00000000,0.38908194
8.00000000,2476.00000000,0.38919113
8.00000000,2477.00000000,0.38930053
8.00000000,2478.00000000,0.38940881
8.00000000,2479.00000000,0.38951852
8.00000000,2480.00000000,0.38962844
8.00000000,2481.00000000,0.38973708
8.00000000,2482.00000000,0.38984735
8.00000000,2483.00000000,0.38995782
8.00000000,2484.00000000,0.39006682
8.00000000,2485.00000000,0.39017763
8.00000000,2486.00000000,0.39028693
8.00000000,2487.00000000,0.39039806
8.00000000,2488.00000000,0.39050949
8.00000000,2489.00000000,0.39061909
8.00000000,2490.00000000,0.39073087
8.00000000,2491.00000000,0.39084295
8.00000000,2492.00000000,0.39095285
8.00000000,2493.00000000,0.39106532
8.00000000,2494.00000000,0.39117821
8.00000000,2495.00000000,0.39128836
8.00000000,2496.00000000,0.39140169
8.00000000,2497.00000000,0.39151208
8.00000000,2498.00000000,0.39162594
8.00000000,2499.00000000,0.39174044
8.00000000,2500.00000000,0.39185103
9.00000000,1765.00000000,0.82779424
9.00000000,1766.00000000,0.82779410
9.00000000,1767.00000000,0.82779346
9.00000000,1768.00000000,0.82779220
9.00000000,1769.00000000,0.82778988
9.00000000,1770.00000000,0.82778647
9.00000000,1771.00000000,0.82778176
9.00000000,1772.00000000,0.82777547
9.00000000,1773.00000000,0.82776770
9.00000000,1774.00000000,0.82775815
9.00000000,1775.00000000,0.82778787
9.00000000,1776.00000000,0.82777494
9.00000000,1777.00000000,0.82776042
9.00000000,1778.00000000,0.82774442
9.00000000,1779.00000000,0.82772701
9.00000000,1780.00000000,0.82772183
9.00000000,1781.00000000,0.82770163
9.00000000,1782.00000000,0.82768016
9.00000000,1783.00000000,0.82765734
9.00000000,1784.00000000,0.82763334
9.00000000,1785.00000000,0.82760816
9.00000000,1786.00000000,0.82758183
9.00000000,1787.00000000,0.82755450
9.00000000,1788.00000000,0.82752610
9.00000000,1789.00000000,0.82749675
9.00000000,1790.00000000,0.82748015
9.00000000,1791.00000000,0.82744894
9.00000000,1792.00000000,0.82741692
9.00000000,1793.00000000,0.82738398
9.00000000,1794.00000000,0.82735017
9.00000000,1795.00000000,0.82731565
9.00000000,1796.00000000,0.82728038
9.00000000,1797.00000000,0.82724432
9.00000000,1798.00000000,0.82720764
9.00000000,1799.00000000,0.82717017
9.00000000,1800.00000000,0.82714573
9.00000000,1801.00000000,0.82710695
9.00000000,1802.00000000,0.82706746
9.00000000,1803.00000000,0.82702737
9.00000000,1804.00000000,0.82698659
9.00000000,1805.00000000,0.82694519
9.00000000,1806.00000000,0.82691698
9.00000000,1807.00000000,0.82687456
9.00000000,1808.00000000,0.82683162
9.00000000,1809.00000000,0.82680184
9.00000000,1810.00000000,0.82675796
9.00000000,1811.00000000,0.82674098
9.00000000,1812.00000000,0.82668265
9.00000000,1813.00000000,0.82663754
9.00000000,1814.00000000,0.82659212
9.00000000,1815.00000000,0.82655996
9.00000000,1816.00000000,0.82651378
9.00000000,1817.00000000,0.82646722
9.00000000,1818.00000000,0.82642021
9.00000000,1819.00000000,0.82637280
9.00000000,1820.00000000,0.82633866
9.00000000,1821.00000000,0.82629061
9.00000000,1822.00000000,0.82624219
9.00000000,1823.00000000,0.82619351
9.00000000,1824.00000000,0.82615814
9.00000000,1825.00000000,0.82612244
9.00000000,1826.00000000,0.82608641
9.00000000,1827.00000000,0.82603645
9.00000000,1828.00000000,0.82598622
9.00000000,1829.00000000,0.82593575
9.00000000,1830.00000000,0.82588491
9.00000000,1831.00000000,0.82584729
9.00000000,1832.00000000,0.82580923
9.00000000,1833.00000000,0.82575697
9.00000000,1834.00000000,0.82571807
9.00000000,1835.00000000,0.82566526
9.00000000,1836.00000000,0.82562568
9.00000000,1837.00000000,0.82557208
9.00000000,1838.00000000,0.82551791
9.00000000,1839.00000000,0.82554520
9.00000000,1840.00000000,0.82547662
9.00000000,1841.00000000,0.82542120
9.00000000,1842.00000000,0.82537903
9.00000000,1843.00000000,0.82532283
9.00000000,1844.00000000,0.82527971
9.00000000,1845.00000000,0.82527709
9.00000000,1846.00000000,0.82521927
9.00000000,1847.00000000,0.82517449
9.00000000,1848.00000000,0.82512925
9.00000000,1849.00000000,0.82509697
9.00000000,1850.00000000,0.82505047
9.00000000,1851.00000000,0.82501709
9.00000000,1852.00000000,0.82496943
9.00000000,1853.00000000,0.82493380
9.00000000,1854.00000000,0.82492287
9.00000000,1855.00000000,0.82485518
9.00000000,1856.00000000,0.82482694
9.00000000,1857.00000000,0.82477008
9.00000000,1858.00000000,0.82473948
9.00000000,1859.00000000,0.82472165
9.00000000,1860.00000000,0.82464823
9.00000000,1861.00000000,0.82461457
9.00000000,1862.00000000,0.82456653
9.00000000,1863.00000000,0.82462888
9.00000000,1864.00000000,0.82458504
9.00000000,1865.00000000,0.82458440
9.00000000,1866.00000000,0.82453076
9.00000000,1867.00000000,0.82447850
9.00000000,1868.00000000,0.82448183
9.00000000,1869.00000000,0.82452695
9.00000000,1870.00000000,0.82451847
9.00000000,1871.00000000,0.82448344
9.00000000,1872.00000000,0.82451525
9.00000000,1873.00000000,0.82455546
9.00000000,1874.00000000,0.82457437
9.00000000,1875.00000000,0.82453210
9.00000000,1876.00000000,0.82455541
9.00000000,1877.00000000,0.82453004
9.00000000,1878.00000000,0.82452755
9.00000000,1879.00000000,0.82449384
9.00000000,1880.00000000,0.82451034
9.00000000,1881.00000000,0.82463105
9.00000000,1882.00000000,0.82466545
9.00000000,1883.00000000,0.82441075
9.00000000,1884.00000000,0.82448212
9.00000000,1885.00000000,0.82440241
9.00000000,1886.00000000,0.82432212
9.00000000,1887.00000000,0.82422037
9.00000000,1888.00000000,0.82428829
9.00000000,1889.00000000,0.82451835
9.00000000,1890.00000000,0.82448776
9.00000000,1891.00000000,0.82453737
9.00000000,1892.00000000,0.82462589
9.00000000,1893.00000000,0.82453496
9.00000000,1894.00000000,0.82442848
9.00000000,1895.00000000,0.82434729
9.00000000,1896.00000000,0.82439919
9.00000000,1897.00000000,0.82469269
9.00000000,1898.00000000,0.82454604
9.00000000,1899.00000000,0.82478994
9.00000000,1900.00000000,0.82485098
9.00000000,1901.00000000,0.82471439
9.00000000,1902.00000000,0.82448799
9.00000000,1903.00000000,0.82448419
9.00000000,1904.00000000,0.82460658
9.00000000,1905.00000000,0.82458171
9.00000000,1906.00000000,0.82465410
9.00000000,1907.00000000,0.82476719
9.00000000,1908.00000000,0.82509671
9.00000000,1909.00000000,0.82520876
9.00000000,1910.00000000,0.82518756
9.00000000,1911.00000000,0.82510269
9.00000000,1912.00000000,0.82551494
9.00000000,1913.00000000,0.82532328
9.00000000,1914.00000000,0.82556455
9.00000000,1915.00000000,0.82587564
9.00000000,1916.00000000,0.82664214
9.00000000,1917.00000000,0.82590221
9.00000000,1918.00000000,0.82610316
9.00000000,1919.00000000,0.82629233
9.00000000,1920.00000000,0.82625656
9.00000000,1921.00000000,0.82658089
9.00000000,1922.00000000,0.82719665
9.00000000,1923.00000000,0.82568062
9.00000000,1924.00000000,0.82526587
9.00000000,1925.00000000,0.82586663
9.00000000,1926.00000000,0.82634048
9.00000000,1927.00000000,0.82581730
9.00000000,1928.00000000,0.82377771
9.00000000,1929.00000000,0.82521218
9.00000000,1930.00000000,0.82316599
9.00000000,1931.00000000,0.82343759
9.00000000,1932.00000000,0.82483734
9.00000000,1933.00000000,0.82445135
9.00000000,1934.00000000,0.82433671
9.00000000,1935.00000000,0.82417462
9.00000000,1936.00000000,0.82497878
9.00000000,1937.00000000,0.82474458
9.00000000,1938.00000000,0.82555068
9.00000000,1939.00000000,0.82401460
9.00000000,1940.00000000,0.82219197
9.00000000,1941.00000000,0.82063580
9.00000000,1942.00000000,0.82095937
9.00000000,1943.00000000,0.82173382
9.00000000,1944.00000000,0.82214412
9.00000000,1945.00000000,0.82321436
9.00000000,1946.00000000,0.82396207
9.00000000,1947.00000000,0.82273027
9.00000000,1948.00000000,0.82308095
9.00000000,1949.00000000,0.82419191
9.00000000,1950.00000000,0.82431075
9.00000000,1951.00000000,0.82404341
9.00000000,1952.00000000,0.82430129
9.00000000,1953.00000000,0.82374917
9.00000000,1954.00000000,0.82024659
9.00000000,1955.00000000,0.82079922
9.00000000,1956.00000000,0.82234664
9.00000000,1957.00000000,0.82280844
9.00000000,1958.00000000,0.82150636
9.00000000,1959.00000000,0.82370527
9.00000000,1960.00000000,0.82487934
9.00000000,1961.00000000,0.82453535
9.00000000,1962.00000000,0.82439939
9.00000000,1963.00000000,0.82395611
9.00000000,1964.00000000,0.82557237
9.00000000,1965.00000000,0.82657585
9.00000000,1966.00000000,0.82696498
9.00000000,1967.00000000,0.82688784
9.00000000,1968.00000000,0.82775100
9.00000000,1969.00000000,0.82834994
9.00000000,1970.00000000,0.82758644
9.00000000,1971.00000000,0.82798360
9.00000000,1972.00000000,0.82890728
9.00000000,1973.00000000,0.82995487
9.00000000,1974.00000000,0.83065429
9.00000000,1975.00000000,0.83163242
9.00000000,1976.00000000,0.83185920
9.00000000,1977.00000000,0.83301709
9.00000000,1978.00000000,0.83461362
9.00000000,1979.00000000,0.83703877
9.00000000,1980.00000000,0.83780292
9.00000000,1981.00000000,0.83871958
9.00000000,1982.00000000,0.84054427
9.00000000,1983.00000000,0.83932030
9.00000000,1984.00000000,0.83758872
9.00000000,1985.00000000,0.83983834
9.00000000,1986.00000000,0.84043251
9.00000000,1987.00000000,0.84006553
9.00000000,1988.00000000,0.84243439
9.00000000,1989.00000000,0.84025614
9.00000000,1990.00000000,0.83659046
9.00000000,1991.00000000,0.83454651
9.00000000,1992.00000000,0.83280277
9.00000000,1993.00000000,0.83368261
9.00000000,1994.00000000,0.83421433
9.00000000,1995.00000000,0.83490603
9.00000000,1996.00000000,0.83528609
9.00000000,1997.00000000,0.83656505
9.00000000,1998.00000000,0.83669005
9.00000000,1999.00000000,0.83588270
9.00000000,2000.00000000,0.83556191
9.00000000,2001.00000000,0.83247969
9.00000000,2002.00000000,0.83103172
9.00000000,2003.00000000,0.83105875
9.00000000,2004.00000000,0.83121456
9.00000000,2005.00000000,0.83142874
9.00000000,2006.00000000,0.83120213
9.00000000,2007.00000000,0.82906754
9.00000000,2008.00000000,0.82704569
9.00000000,2009.00000000,0.82742511
9.00000000,2010.00000000,0.82769171
9.00000000,2011.00000000,0.82649287
9.00000000,2012.00000000,0.82899180
9.00000000,2013.00000000,0.83208104
9.00000000,2014.00000000,0.83397283
9.00000000,2015.00000000,0.83438322
9.00000000,2016.00000000,0.83474458
9.00000000,2017.00000000,0.83505568
9.00000000,2018.00000000,0.83531212
9.00000000,2019.00000000,0.83551318
9.00000000,2020.00000000,0.83657382
9.00000000,2021.00000000,0.83757739
9.00000000,2022.00000000,0.83852658
9.00000000,2023.00000000,0.83942445
9.00000000,2024.00000000,0.84027355
9.00000000,2025.00000000,0.84107613
9.00000000,2026.00000000,0.84183386
9.00000000,2027.00000000,0.84254788
9.00000000,2028.00000000,0.84321925
9.00000000,2029.00000000,0.84384912
9.00000000,2030.00000000,0.84403892
9.00000000,2031.00000000,0.84418900
9.00000000,2032.00000000,0.84429587
9.00000000,2033.00000000,0.84435508
9.00000000,2034.00000000,0.84436352
9.00000000,2035.00000000,0.84431864
9.00000000,2036.00000000,0.84421957
9.00000000,2037.00000000,0.84406568
9.00000000,2038.00000000,0.84385682
9.00000000,2039.00000000,0.84359338
9.00000000,2040.00000000,0.84409080
9.00000000,2041.00000000,0.84453049
9.00000000,2042.00000000,0.84491099
9.00000000,2043.00000000,0.84523001
9.00000000,2044.00000000,0.84548624
9.00000000,2045.00000000,0.84567910
9.00000000,2046.00000000,0.84580859
9.00000000,2047.00000000,0.84587522
9.00000000,2048.00000000,0.84587926
9.00000000,2049.00000000,0.84582169
9.00000000,2050.00000000,0.84628314
9.00000000,2051.00000000,0.84668188
9.00000000,2052.00000000,0.84701901
9.00000000,2053.00000000,0.84729587
9.00000000,2054.00000000,0.84751380
9.00000000,2055.00000000,0.84767368
9.00000000,2056.00000000,0.84777682
9.00000000,2057.00000000,0.84782415
9.00000000,2058.00000000,0.84781679
9.00000000,2059.00000000,0.84775580
9.00000000,2060.00000000,0.84761030
9.00000000,2061.00000000,0.84741477
9.00000000,2062.00000000,0.84717560
9.00000000,2063.00000000,0.84690014
9.00000000,2064.00000000,0.84659400
9.00000000,2065.00000000,0.84626065
9.00000000,2066.00000000,0.84590247
9.00000000,2067.00000000,0.84552120
9.00000000,2068.00000000,0.84511774
9.00000000,2069.00000000,0.84469253
9.00000000,2070.00000000,0.84306193
9.00000000,2071.00000000,0.84142034
9.00000000,2072.00000000,0.83977288
9.00000000,2073.00000000,0.83812547
9.00000000,2074.00000000,0.83648174
9.00000000,2075.00000000,0.83484427
9.00000000,2076.00000000,0.83321436
9.00000000,2077.00000000,0.83159237
9.00000000,2078.00000000,0.82997864
9.00000000,2079.00000000,0.82837290
9.00000000,2080.00000000,0.82574877
9.00000000,2081.00000000,0.82314072
9.00000000,2082.00000000,0.82055080
9.00000000,2083.00000000,0.81798177
9.00000000,2084.00000000,0.81543512
9.00000000,2085.00000000,0.81291146
9.00000000,2086.00000000,0.81041117
9.00000000,2087.00000000,0.80793393
9.00000000,2088.00000000,0.80547926
9.00000000,2089.00000000,0.80304679
9.00000000,2090.00000000,0.80008615
9.00000000,2091.00000000,0.79715147
9.00000000,2092.00000000,0.79424488
9.00000000,2093.00000000,0.79136853
9.00000000,2094.00000000,0.78852381
9.00000000,2095.00000000,0.78571084
9.00000000,2096.00000000,0.78292959
9.00000000,2097.00000000,0.78017968
9.00000000,2098.00000000,0.77746058
9.00000000,2099.00000000,0.77477135
9.00000000,2100.00000000,0.77156787
9.00000000,2101.00000000,0.76839758
9.00000000,2102.00000000,0.76526124
9.00000000,2103.00000000,0.76216000
9.00000000,2104.00000000,0.75909400
9.00000000,2105.00000000,0.75606300
9.00000000,2106.00000000,0.75306673
9.00000000,2107.00000000,0.75010441
9.00000000,2108.00000000,0.74717550
9.00000000,2109.00000000,0.74427923
9.00000000,2110.00000000,0.74101420
9.00000000,2111.00000000,0.73778346
9.00000000,2112.00000000,0.73458618
9.00000000,2113.00000000,0.73142165
9.00000000,2114.00000000,0.72828947
9.00000000,2115.00000000,0.72518893
9.00000000,2116.00000000,0.72211932
9.00000000,2117.00000000,0.71908032
9.00000000,2118.00000000,0.71607110
9.00000000,2119.00000000,0.71309143
9.00000000,2120.00000000,0.71014062
9.00000000,2121.00000000,0.70721812
9.00000000,2122.00000000,0.70432354
9.00000000,2123.00000000,0.70145641
9.00000000,2124.00000000,0.69861615
9.00000000,2125.00000000,0.69580244
9.00000000,2126.00000000,0.69301473
9.00000000,2127.00000000,0.69025244
9.00000000,2128.00000000,0.68751527
9.00000000,2129.00000000,0.68480255
9.00000000,2130.00000000,0.68211384
9.00000000,2131.00000000,0.67944888
9.00000000,2132.00000000,0.67680720
9.00000000,2133.00000000,0.67418853
9.00000000,2134.00000000,0.67159251
9.00000000,2135.00000000,0.66901864
9.00000000,2136.00000000,0.66646684
9.00000000,2137.00000000,0.66393669
9.00000000,2138.00000000,0.66142775
9.00000000,2139.00000000,0.65893998
9.00000000,2140.00000000,0.65647292
9.00000000,2141.00000000,0.65402622
9.00000000,2142.00000000,0.65159979
9.00000000,2143.00000000,0.64919316
9.00000000,2144.00000000,0.64680623
9.00000000,2145.00000000,0.64443867
9.00000000,2146.00000000,0.64209013
9.00000000,2147.00000000,0.63976047
9.00000000,2148.00000000,0.63744945
9.00000000,2149.00000000,0.63515666
9.00000000,2150.00000000,0.63288211
9.00000000,2151.00000000,0.63062883
9.00000000,2152.00000000,0.62840622
9.00000000,2153.00000000,0.62622339
9.00000000,2154.00000000,0.62408454
9.00000000,2155.00000000,0.62199154
9.00000000,2156.00000000,0.61994443
9.00000000,2157.00000000,0.61794245
9.00000000,2158.00000000,0.61598466
9.00000000,2159.00000000,0.61406970
9.00000000,2160.00000000,0.60993227
9.00000000,2161.00000000,0.60584797
9.00000000,2162.00000000,0.60181546
9.00000000,2163.00000000,0.59783346
9.00000000,2164.00000000,0.59390106
9.00000000,2165.00000000,0.59001707
9.00000000,2166.00000000,0.58618023
9.00000000,2167.00000000,0.58238979
9.00000000,2168.00000000,0.57864448
9.00000000,2169.00000000,0.57494362
9.00000000,2170.00000000,0.57128611
9.00000000,2171.00000000,0.56767087
9.00000000,2172.00000000,0.56409729
9.00000000,2173.00000000,0.56056442
9.00000000,2174.00000000,0.55707126
9.00000000,2175.00000000,0.55361725
9.00000000,2176.00000000,0.55020143
9.00000000,2177.00000000,0.54682296
9.00000000,2178.00000000,0.54348136
9.00000000,2179.00000000,0.54017561
9.00000000,2180.00000000,0.53690527
9.00000000,2181.00000000,0.53366947
9.00000000,2182.00000000,0.53046753
9.00000000,2183.00000000,0.52729899
9.00000000,2184.00000000,0.52416303
9.00000000,2185.00000000,0.52105899
9.00000000,2186.00000000,0.51798645
9.00000000,2187.00000000,0.51494480
9.00000000,2188.00000000,0.51193324
9.00000000,2189.00000000,0.50895151
9.00000000,2190.00000000,0.50599897
9.00000000,2191.00000000,0.50307488
9.00000000,2192.00000000,0.50017905
9.00000000,2193.00000000,0.49731068
9.00000000,2194.00000000,0.49446954
9.00000000,2195.00000000,0.49165502
9.00000000,2196.00000000,0.48886652
9.00000000,2197.00000000,0.48610386
9.00000000,2198.00000000,0.48336645
9.00000000,2199.00000000,0.48065373
9.00000000,2200.00000000,0.47796552
9.00000000,2201.00000000,0.47530128
9.00000000,2202.00000000,0.47266041
9.00000000,2203.00000000,0.47004285
9.00000000,2204.00000000,0.46744792
9.00000000,2205.00000000,0.46487552
9.00000000,2206.00000000,0.46232513
9.00000000,2207.00000000,0.45979623
9.00000000,2208.00000000,0.45728874
9.00000000,2209.00000000,0.45480217
9.00000000,2210.00000000,0.45233604
9.00000000,2211.00000000,0.44989029
9.00000000,2212.00000000,0.44746446
9.00000000,2213.00000000,0.44505807
9.00000000,2214.00000000,0.44267110
9.00000000,2215.00000000,0.44030309
9.00000000,2216.00000000,0.43795361
9.00000000,2217.00000000,0.43562261
9.00000000,2218.00000000,0.43330951
9.00000000,2219.00000000,0.43101434
9.00000000,2220.00000000,0.42873665
9.00000000,2221.00000000,0.42647606
9.00000000,2222.00000000,0.42423254
9.00000000,2223.00000000,0.42200571
9.00000000,2224.00000000,0.41979512
9.00000000,2225.00000000,0.41760084
9.00000000,2226.00000000,0.41542247
9.00000000,2227.00000000,0.41325961
9.00000000,2228.00000000,0.41111230
9.00000000,2229.00000000,0.40898004
9.00000000,2230.00000000,0.40686284
9.00000000,2231.00000000,0.40476037
9.00000000,2232.00000000,0.40267224
9.00000000,2233.00000000,0.40059847
9.00000000,2234.00000000,0.39853873
9.00000000,2235.00000000,0.39649267
9.00000000,2236.00000000,0.39446035
9.00000000,2237.00000000,0.39244143
9.00000000,2238.00000000,0.39043557
9.00000000,2239.00000000,0.38844284
9.00000000,2240.00000000,0.38646276
9.00000000,2241.00000000,0.38449540
9.00000000,2242.00000000,0.38254048
9.00000000,2243.00000000,0.38059756
9.00000000,2244.00000000,0.37866683
9.00000000,2245.00000000,0.37674794
9.00000000,2246.00000000,0.37484054
9.00000000,2247.00000000,0.37294481
9.00000000,2248.00000000,0.37106036
9.00000000,2249.00000000,0.36918645
9.00000000,2250.00000000,0.36732081
9.00000000,2251.00000000,0.36545839
9.00000000,2252.00000000,0.36359455
9.00000000,2253.00000000,0.36172704
9.00000000,2254.00000000,0.35985452
9.00000000,2255.00000000,0.35797694
9.00000000,2256.00000000,0.35609413
9.00000000,2257.00000000,0.35420602
9.00000000,2258.00000000,0.35275674
9.00000000,2259.00000000,0.35261029
9.00000000,2260.00000000,0.35281814
9.00000000,2261.00000000,0.35302367
9.00000000,2262.00000000,0.35322697
9.00000000,2263.00000000,0.35342821
9.00000000,2264.00000000,0.35362790
9.00000000,2265.00000000,0.35388199
9.00000000,2266.00000000,0.35413471
9.00000000,2267.00000000,0.35438596
9.00000000,2268.00000000,0.35463562
9.00000000,2269.00000000,0.35488403
9.00000000,2270.00000000,0.35501981
9.00000000,2271.00000000,0.35515395
9.00000000,2272.00000000,0.35528685
9.00000000,2273.00000000,0.35541838
9.00000000,2274.00000000,0.35554843
9.00000000,2275.00000000,0.35567731
9.00000000,2276.00000000,0.35580492
9.00000000,2277.00000000,0.35593115
9.00000000,2278.00000000,0.35605638
9.00000000,2279.00000000,0.35618027
9.00000000,2280.00000000,0.35630321
9.00000000,2281.00000000,0.35642507
9.00000000,2282.00000000,0.35654574
9.00000000,2283.00000000,0.35666550
9.00000000,2284.00000000,0.35678428
9.00000000,2285.00000000,0.35689707
9.00000000,2286.00000000,0.35700910
9.00000000,2287.00000000,0.35712018
9.00000000,2288.00000000,0.35723018
9.00000000,2289.00000000,0.35733948
9.00000000,2290.00000000,0.35744777
9.00000000,2291.00000000,0.35755540
9.00000000,2292.00000000,0.35766221
9.00000000,2293.00000000,0.35776807
9.00000000,2294.00000000,0.35787336
9.00000000,2295.00000000,0.35797787
9.00000000,2296.00000000,0.35808150
9.00000000,2297.00000000,0.35818463
9.00000000,2298.00000000,0.35828704
9.00000000,2299.00000000,0.35838862
9.00000000,2300.00000000,0.35848974
9.00000000,2301.00000000,0.35859006
9.00000000,2302.00000000,0.35868991
9.00000000,2303.00000000,0.35878910
9.00000000,2304.00000000,0.35888748
9.00000000,2305.00000000,0.35898541
9.00000000,2306.00000000,0.35908271
9.00000000,2307.00000000,0.35917922
9.00000000,2308.00000000,0.35927536
9.00000000,2309.00000000,0.35937089
9.00000000,2310.00000000,0.35947655
9.00000000,2311.00000000,0.35958189
9.00000000,2312.00000000,0.35968668
9.00000000,2313.00000000,0.35979078
9.00000000,2314.00000000,0.35989462
9.00000000,2315.00000000,0.35999774
9.00000000,2316.00000000,0.36010062
9.00000000,2317.00000000,0.36020309
9.00000000,2318.00000000,0.36030486
9.00000000,2319.00000000,0.36040644
9.00000000,2320.00000000,0.36050764
9.00000000,2321.00000000,0.36060818
9.00000000,2322.00000000,0.36070857
9.00000000,2323.00000000,0.36080861
9.00000000,2324.00000000,0.36090802
9.00000000,2325.00000000,0.36100732
9.00000000,2326.00000000,0.36110608
9.00000000,2327.00000000,0.36120471
9.00000000,2328.00000000,0.36130299
9.00000000,2329.00000000,0.36140077
9.00000000,2330.00000000,0.36149848
9.00000000,2331.00000000,0.36159585
9.00000000,2332.00000000,0.36169275
9.00000000,2333.00000000,0.36178960
9.00000000,2334.00000000,0.36188620
9.00000000,2335.00000000,0.36198226
9.00000000,2336.00000000,0.36207833
9.00000000,2337.00000000,0.36217418
9.00000000,2338.00000000,0.36226953
9.00000000,2339.00000000,0.36236491
9.00000000,2340.00000000,0.36245986
9.00000000,2341.00000000,0.36255481
9.00000000,2342.00000000,0.36264958
9.00000000,2343.00000000,0.36274387
9.00000000,2344.00000000,0.36283823
9.00000000,2345.00000000,0.36293244
9.00000000,2346.00000000,0.36302620
9.00000000,2347.00000000,0.36312004
9.00000000,2348.00000000,0.36321373
9.00000000,2349.00000000,0.36330704
9.00000000,2350.00000000,0.36340043
9.00000000,2351.00000000,0.36349342
9.00000000,2352.00000000,0.36358653
9.00000000,2353.00000000,0.36367954
9.00000000,2354.00000000,0.36377222
9.00000000,2355.00000000,0.36386503
9.00000000,2356.00000000,0.36395775
9.00000000,2357.00000000,0.36405011
9.00000000,2358.00000000,0.36414266
9.00000000,2359.00000000,0.36423514
9.00000000,2360.00000000,0.36432418
9.00000000,2361.00000000,0.36441338
9.00000000,2362.00000000,0.36450253
9.00000000,2363.00000000,0.36459132
9.00000000,2364.00000000,0.36468034
9.00000000,2365.00000000,0.36476908
9.00000000,2366.00000000,0.36485801
9.00000000,2367.00000000,0.36494690
9.00000000,2368.00000000,0.36503546
9.00000000,2369.00000000,0.36512427
9.00000000,2370.00000000,0.36521310
9.00000000,2371.00000000,0.36530157
9.00000000,2372.00000000,0.36539029
9.00000000,2373.00000000,0.36547906
9.00000000,2374.00000000,0.36556746
9.00000000,2375.00000000,0.36565614
9.00000000,2376.00000000,0.36574453
9.00000000,2377.00000000,0.36583324
9.00000000,2378.00000000,0.36592190
9.00000000,2379.00000000,0.36601027
9.00000000,2380.00000000,0.36609898
9.00000000,2381.00000000,0.36618765
9.00000000,2382.00000000,0.36627604
9.00000000,2383.00000000,0.36636477
9.00000000,2384.00000000,0.36645347
9.00000000,2385.00000000,0.36654190
9.00000000,2386.00000000,0.36663068
9.00000000,2387.00000000,0.36671916
9.00000000,2388.00000000,0.36680794
9.00000000,2389.00000000,0.36689680
9.00000000,2390.00000000,0.36698535
9.00000000,2391.00000000,0.36707426
9.00000000,2392.00000000,0.36716317
9.00000000,2393.00000000,0.36725182
9.00000000,2394.00000000,0.36734085
9.00000000,2395.00000000,0.36742992
9.00000000,2396.00000000,0.36751868
9.00000000,2397.00000000,0.36760784
9.00000000,2398.00000000,0.36769700
9.00000000,2399.00000000,0.36778590
9.00000000,2400.00000000,0.36787520
9.00000000,2401.00000000,0.36796422
9.00000000,2402.00000000,0.36805364
9.00000000,2403.00000000,0.36814314
9.00000000,2404.00000000,0.36823238
9.00000000,2405.00000000,0.36832204
9.00000000,2406.00000000,0.36841180
9.00000000,2407.00000000,0.36850129
9.00000000,2408.00000000,0.36859123
9.00000000,2409.00000000,0.36868126
9.00000000,2410.00000000,0.36876767
9.00000000,2411.00000000,0.36885452
9.00000000,2412.00000000,0.36894112
9.00000000,2413.00000000,0.36902816
9.00000000,2414.00000000,0.36911531
9.00000000,2415.00000000,0.36920220
9.00000000,2416.00000000,0.36928953
9.00000000,2417.00000000,0.36937702
9.00000000,2418.00000000,0.36946417
9.00000000,2419.00000000,0.36955186
9.00000000,2420.00000000,0.36963966
9.00000000,2421.00000000,0.36972711
9.00000000,2422.00000000,0.36981511
9.00000000,2423.00000000,0.36990324
9.00000000,2424.00000000,0.36999100
9.00000000,2425.00000000,0.37007934
9.00000000,2426.00000000,0.37016738
9.00000000,2427.00000000,0.37025593
9.00000000,2428.00000000,0.37034460
9.00000000,2429.00000000,0.37043293
9.00000000,2430.00000000,0.37052182
9.00000000,2431.00000000,0.37061089
9.00000000,2432.00000000,0.37069956
9.00000000,2433.00000000,0.37078880
9.00000000,2434.00000000,0.37087822
9.00000000,2435.00000000,0.37096724
9.00000000,2436.00000000,0.37105689
9.00000000,2437.00000000,0.37114616
9.00000000,2438.00000000,0.37123604
9.00000000,2439.00000000,0.37132606
9.00000000,2440.00000000,0.37141569
9.00000000,2441.00000000,0.37150594
9.00000000,2442.00000000,0.37159633
9.00000000,2443.00000000,0.37168633
9.00000000,2444.00000000,0.37177701
9.00000000,2445.00000000,0.37186778
9.00000000,2446.00000000,0.37195814
9.00000000,2447.00000000,0.37204920
9.00000000,2448.00000000,0.37213983
9.00000000,2449.00000000,0.37223114
9.00000000,2450.00000000,0.37232260
9.00000000,2451.00000000,0.37241360
9.00000000,2452.00000000,0.37250529
9.00000000,2453.00000000,0.37259716
9.00000000,2454.00000000,0.37268850
9.00000000,2455.00000000,0.37278059
9.00000000,2456.00000000,0.37287282
9.00000000,2457.00000000,0.37296449
9.00000000,2458.00000000,0.37305693
9.00000000,2459.00000000,0.37314955
9.00000000,2460.00000000,0.37324378
9.00000000,2461.00000000,0.37333884
9.00000000,2462.00000000,0.37343332
9.00000000,2463.00000000,0.37352865
9.00000000,2464.00000000,0.37362413
9.00000000,2465.00000000,0.37371889
9.00000000,2466.00000000,0.37381463
9.00000000,2467.00000000,0.37391052
9.00000000,2468.00000000,0.37400565
9.00000000,2469.00000000,0.37410176
9.00000000,2470.00000000,0.37419806
9.00000000,2471.00000000,0.37429357
9.00000000,2472.00000000,0.37439013
9.00000000,2473.00000000,0.37448584
9.00000000,2474.00000000,0.37458266
9.00000000,2475.00000000,0.37467964
9.00000000,2476.00000000,0.37477570
9.00000000,2477.00000000,0.37487298
9.00000000,2478.00000000,0.37497041
9.00000000,2479.00000000,0.37506680
9.00000000,2480.00000000,0.37516452
9.00000000,2481.00000000,0.37526241
9.00000000,2482.00000000,0.37535914
9.00000000,2483.00000000,0.37545734
9.00000000,2484.00000000,0.37555571
9.00000000,2485.00000000,0.37565278
9.00000000,2486.00000000,0.37575145
9.00000000,2487.00000000,0.37584875
9.00000000,2488.00000000,0.37594770
9.00000000,2489.00000000,0.37604693
9.00000000,2490.00000000,0.37614451
9.00000000,2491.00000000,0.37624405
9.00000000,2492.00000000,0.37634387
9.00000000,2493.00000000,0.37644174
9.00000000,2494.00000000,0.37654191
9.00000000,2495.00000000,0.37664241
9.00000000,2496.00000000,0.37674054
9.00000000,2497.00000000,0.37684149
9.00000000,2498.00000000,0.37693979
9.00000000,2499.00000000,0.37704129
9.00000000,2500.00000000,0.37714329
10.00000000,1765.00000000,0.77247487
10.00000000,1766.00000000,0.77247469
10.00000000,1767.00000000,0.77247416
10.00000000,1768.00000000,0.77247289
10.00000000,1769.00000000,0.77247089
10.00000000,1770.00000000,0.77246772
10.00000000,1771.00000000,0.77246348
10.00000000,1772.00000000,0.77245798
10.00000000,1773.00000000,0.77245089
10.00000000,1774.00000000,0.77244254
10.00000000,1775.00000000,0.77243250
10.00000000,1776.00000000,0.77246081
10.00000000,1777.00000000,0.77244779
10.00000000,1778.00000000,0.77243331
10.00000000,1779.00000000,0.77241754
10.00000000,1780.00000000,0.77240044
10.00000000,1781.00000000,0.77239533
10.00000000,1782.00000000,0.77237574
10.00000000,1783.00000000,0.77235495
10.00000000,1784.00000000,0.77233292
10.00000000,1785.00000000,0.77230984
10.00000000,1786.00000000,0.77228572
10.00000000,1787.00000000,0.77226058
10.00000000,1788.00000000,0.77223453
10.00000000,1789.00000000,0.77220750
10.00000000,1790.00000000,0.77217968
10.00000000,1791.00000000,0.77216429
10.00000000,1792.00000000,0.77213469
10.00000000,1793.00000000,0.77210434
10.00000000,1794.00000000,0.77207318
10.00000000,1795.00000000,0.77204129
10.00000000,1796.00000000,0.77200873
10.00000000,1797.00000000,0.77197548
10.00000000,1798.00000000,0.77194156
10.00000000,1799.00000000,0.77190698
10.00000000,1800.00000000,0.77187174
10.00000000,1801.00000000,0.77184918
10.00000000,1802.00000000,0.77181270
10.00000000,1803.00000000,0.77177557
10.00000000,1804.00000000,0.77173786
10.00000000,1805.00000000,0.77169959
10.00000000,1806.00000000,0.77166084
10.00000000,1807.00000000,0.77163486
10.00000000,1808.00000000,0.77159514
10.00000000,1809.00000000,0.77155493
10.00000000,1810.00000000,0.77152759
10.00000000,1811.00000000,0.77148663
10.00000000,1812.00000000,0.77147175
10.00000000,1813.00000000,0.77141673
10.00000000,1814.00000000,0.77137458
10.00000000,1815.00000000,0.77133214
10.00000000,1816.00000000,0.77130266
10.00000000,1817.00000000,0.77125945
10.00000000,1818.00000000,0.77121588
10.00000000,1819.00000000,0.77117198
10.00000000,1820.00000000,0.77112765
10.00000000,1821.00000000,0.77109638
10.00000000,1822.00000000,0.77105154
10.00000000,1823.00000000,0.77100637
10.00000000,1824.00000000,0.77096098
10.00000000,1825.00000000,0.77092848
10.00000000,1826.00000000,0.77089570
10.00000000,1827.00000000,0.77086268
10.00000000,1828.00000000,0.77081603
10.00000000,1829.00000000,0.77076922
10.00000000,1830.00000000,0.77072212
10.00000000,1831.00000000,0.77067454
10.00000000,1832.00000000,0.77063985
10.00000000,1833.00000000,0.77060475
10.00000000,1834.00000000,0.77055600
10.00000000,1835.00000000,0.77052026
10.00000000,1836.00000000,0.77047094
10.00000000,1837.00000000,0.77043449
10.00000000,1838.00000000,0.77038434
10.00000000,1839.00000000,0.77033371
10.00000000,1840.00000000,0.77036242
10.00000000,1841.00000000,0.77029777
10.00000000,1842.00000000,0.77024601
10.00000000,1843.00000000,0.77020712
10.00000000,1844.00000000,0.77015454
10.00000000,1845.00000000,0.77011476
10.00000000,1846.00000000,0.77011430
10.00000000,1847.00000000,0.77006016
10.00000000,1848.00000000,0.77001874
10.00000000,1849.00000000,0.76997684
10.00000000,1850.00000000,0.76994762
10.00000000,1851.00000000,0.76990462
10.00000000,1852.00000000,0.76987432
10.00000000,1853.00000000,0.76982938
10.00000000,1854.00000000,0.76979530
10.00000000,1855.00000000,0.76978579
10.00000000,1856.00000000,0.76972168
10.00000000,1857.00000000,0.76969636
10.00000000,1858.00000000,0.76964356
10.00000000,1859.00000000,0.76961645
10.00000000,1860.00000000,0.76960183
10.00000000,1861.00000000,0.76953302
10.00000000,1862.00000000,0.76950316
10.00000000,1863.00000000,0.76946089
10.00000000,1864.00000000,0.76952718
10.00000000,1865.00000000,0.76948952
10.00000000,1866.00000000,0.76949322
10.00000000,1867.00000000,0.76944479
10.00000000,1868.00000000,0.76939738
10.00000000,1869.00000000,0.76940374
10.00000000,1870.00000000,0.76945048
10.00000000,1871.00000000,0.76944475
10.00000000,1872.00000000,0.76941169
10.00000000,1873.00000000,0.76944068
10.00000000,1874.00000000,0.76947616
10.00000000,1875.00000000,0.76949214
10.00000000,1876.00000000,0.76945014
10.00000000,1877.00000000,0.76947297
10.00000000,1878.00000000,0.76944952
10.00000000,1879.00000000,0.76944933
10.00000000,1880.00000000,0.76941896
10.00000000,1881.00000000,0.76943696
10.00000000,1882.00000000,0.76955631
10.00000000,1883.00000000,0.76959273
10.00000000,1884.00000000,0.76934916
10.00000000,1885.00000000,0.76942312
10.00000000,1886.00000000,0.76935049
10.00000000,1887.00000000,0.76927760
10.00000000,1888.00000000,0.76918350
10.00000000,1889.00000000,0.76925384
10.00000000,1890.00000000,0.76948166
10.00000000,1891.00000000,0.76945568
10.00000000,1892.00000000,0.76950731
10.00000000,1893.00000000,0.76959699
10.00000000,1894.00000000,0.76951270
10.00000000,1895.00000000,0.76941321
10.00000000,1896.00000000,0.76933758
10.00000000,1897.00000000,0.76939124
10.00000000,1898.00000000,0.76967983
10.00000000,1899.00000000,0.76953977
10.00000000,1900.00000000,0.76977882
10.00000000,1901.00000000,0.76983923
10.00000000,1902.00000000,0.76970670
10.00000000,1903.00000000,0.76948643
10.00000000,1904.00000000,0.76948245
10.00000000,1905.00000000,0.76960111
10.00000000,1906.00000000,0.76957641
10.00000000,1907.00000000,0.76964542
10.00000000,1908.00000000,0.76975359
10.00000000,1909.00000000,0.77007503
10.00000000,1910.00000000,0.77018793
10.00000000,1911.00000000,0.77017285
10.00000000,1912.00000000,0.77009835
10.00000000,1913.00000000,0.77050976
10.00000000,1914.00000000,0.77033501
10.00000000,1915.00000000,0.77058559
10.00000000,1916.00000000,0.77090729
10.00000000,1917.00000000,0.77166955
10.00000000,1918.00000000,0.77096241
10.00000000,1919.00000000,0.77117098
10.00000000,1920.00000000,0.77137175
10.00000000,1921.00000000,0.77135318
10.00000000,1922.00000000,0.77168430
10.00000000,1923.00000000,0.77229787
10.00000000,1924.00000000,0.77083200
10.00000000,1925.00000000,0.77043481
10.00000000,1926.00000000,0.77102661
10.00000000,1927.00000000,0.77149499
10.00000000,1928.00000000,0.77099123
10.00000000,1929.00000000,0.76901035
10.00000000,1930.00000000,0.77040889
10.00000000,1931.00000000,0.76842449
10.00000000,1932.00000000,0.76870372
10.00000000,1933.00000000,0.77008997
10.00000000,1934.00000000,0.76974055
10.00000000,1935.00000000,0.76964904
10.00000000,1936.00000000,0.76950498
10.00000000,1937.00000000,0.77029498
10.00000000,1938.00000000,0.77007174
10.00000000,1939.00000000,0.77086278
10.00000000,1940.00000000,0.76937614
10.00000000,1941.00000000,0.76760789
10.00000000,1942.00000000,0.76609779
10.00000000,1943.00000000,0.76641785
10.00000000,1944.00000000,0.76717792
10.00000000,1945.00000000,0.76758829
10.00000000,1946.00000000,0.76864925
10.00000000,1947.00000000,0.76939609
10.00000000,1948.00000000,0.76820672
10.00000000,1949.00000000,0.76855124
10.00000000,1950.00000000,0.76963583
10.00000000,1951.00000000,0.76975011
10.00000000,1952.00000000,0.76947831
10.00000000,1953.00000000,0.76971493
10.00000000,1954.00000000,0.76916996
10.00000000,1955.00000000,0.76575995
10.00000000,1956.00000000,0.76629368
10.00000000,1957.00000000,0.76779255
10.00000000,1958.00000000,0.76823696
10.00000000,1959.00000000,0.76697080
10.00000000,1960.00000000,0.76911618
10.00000000,1961.00000000,0.77027074
10.00000000,1962.00000000,0.76995259
10.00000000,1963.00000000,0.76983813
10.00000000,1964.00000000,0.76942346
10.00000000,1965.00000000,0.77100919
10.00000000,1966.00000000,0.77199718
10.00000000,1967.00000000,0.77238671
10.00000000,1968.00000000,0.77232383
10.00000000,1969.00000000,0.77317729
10.00000000,1970.00000000,0.77377253
10.00000000,1971.00000000,0.77304116
10.00000000,1972.00000000,0.77344232
10.00000000,1973.00000000,0.77436058
10.00000000,1974.00000000,0.77540114
10.00000000,1975.00000000,0.77611006
10.00000000,1976.00000000,0.77709918
10.00000000,1977.00000000,0.77735636
10.00000000,1978.00000000,0.77851465
10.00000000,1979.00000000,0.78010097
10.00000000,1980.00000000,0.78249423
10.00000000,1981.00000000,0.78328254
10.00000000,1982.00000000,0.78423575
10.00000000,1983.00000000,0.78607950
10.00000000,1984.00000000,0.78495832
10.00000000,1985.00000000,0.78333698
10.00000000,1986.00000000,0.78557741
10.00000000,1987.00000000,0.78620304
10.00000000,1988.00000000,0.78589048
10.00000000,1989.00000000,0.78823391
10.00000000,1990.00000000,0.78615770
10.00000000,1991.00000000,0.78264138
10.00000000,1992.00000000,0.78070949
10.00000000,1993.00000000,0.77908321
10.00000000,1994.00000000,0.78001849
10.00000000,1995.00000000,0.78061561
10.00000000,1996.00000000,0.78136376
10.00000000,1997.00000000,0.78180526
10.00000000,1998.00000000,0.78312025
10.00000000,1999.00000000,0.78331885
10.00000000,2000.00000000,0.78261642
10.00000000,2001.00000000,0.78238420
10.00000000,2002.00000000,0.77946080
10.00000000,2003.00000000,0.77811807
10.00000000,2004.00000000,0.77819585
10.00000000,2005.00000000,0.77838389
10.00000000,2006.00000000,0.77862259
10.00000000,2007.00000000,0.77843732
10.00000000,2008.00000000,0.77640592
10.00000000,2009.00000000,0.77449134
10.00000000,2010.00000000,0.77491636
10.00000000,2011.00000000,0.77523659
10.00000000,2012.00000000,0.77413462
10.00000000,2013.00000000,0.77662426
10.00000000,2014.00000000,0.77968721
10.00000000,2015.00000000,0.78158748
10.00000000,2016.00000000,0.78204982
10.00000000,2017.00000000,0.78246640
10.00000000,2018.00000000,0.78283666
10.00000000,2019.00000000,0.78315685
10.00000000,2020.00000000,0.78342660
10.00000000,2021.00000000,0.78453502
10.00000000,2022.00000000,0.78559334
10.00000000,2023.00000000,0.78660455
10.00000000,2024.00000000,0.78757104
10.00000000,2025.00000000,0.78849462
10.00000000,2026.00000000,0.78937692
10.00000000,2027.00000000,0.79021926
10.00000000,2028.00000000,0.79102235
10.00000000,2029.00000000,0.79178703
10.00000000,2030.00000000,0.79251417
10.00000000,2031.00000000,0.79281592
10.00000000,2032.00000000,0.79307830
10.00000000,2033.00000000,0.79329680
10.00000000,2034.00000000,0.79346851
10.00000000,2035.00000000,0.79359167
10.00000000,2036.00000000,0.79366478
10.00000000,2037.00000000,0.79368777
10.00000000,2038.00000000,0.79366048
10.00000000,2039.00000000,0.79358324
10.00000000,2040.00000000,0.79345674
10.00000000,2041.00000000,0.79407135
10.00000000,2042.00000000,0.79463142
10.00000000,2043.00000000,0.79513500
10.00000000,2044.00000000,0.79558082
10.00000000,2045.00000000,0.79596820
10.00000000,2046.00000000,0.79629718
10.00000000,2047.00000000,0.79656818
10.00000000,2048.00000000,0.79678190
10.00000000,2049.00000000,0.79693885
10.00000000,2050.00000000,0.79704010
10.00000000,2051.00000000,0.79764845
10.00000000,2052.00000000,0.79820021
10.00000000,2053.00000000,0.79869629
10.00000000,2054.00000000,0.79913784
10.00000000,2055.00000000,0.79952604
10.00000000,2056.00000000,0.79986166
10.00000000,2057.00000000,0.80014591
10.00000000,2058.00000000,0.80037940
10.00000000,2059.00000000,0.80056325
10.00000000,2060.00000000,0.80069834
10.00000000,2061.00000000,0.80075612
10.00000000,2062.00000000,0.80077357
10.00000000,2063.00000000,0.80075760
10.00000000,2064.00000000,0.80071312
10.00000000,2065.00000000,0.80064365
10.00000000,2066.00000000,0.80055131
10.00000000,2067.00000000,0.80043730
10.00000000,2068.00000000,0.80030258
10.00000000,2069.00000000,0.80014746
10.00000000,2070.00000000,0.79997203
10.00000000,2071.00000000,0.79863116
10.00000000,2072.00000000,0.79728450
10.00000000,2073.00000000,0.79593769
10.00000000,2074.00000000,0.79459434
10.00000000,2075.00000000,0.79325636
10.00000000,2076.00000000,0.79192511
10.00000000,2077.00000000,0.79060099
10.00000000,2078.00000000,0.78928393
10.00000000,2079.00000000,0.78797389
10.00000000,2080.00000000,0.78667013
10.00000000,2081.00000000,0.78437942
10.00000000,2082.00000000,0.78210509
10.00000000,2083.00000000,0.77984950
10.00000000,2084.00000000,0.77761423
10.00000000,2085.00000000,0.77539976
10.00000000,2086.00000000,0.77320617
10.00000000,2087.00000000,0.77103340
10.00000000,2088.00000000,0.76888100
10.00000000,2089.00000000,0.76674823
10.00000000,2090.00000000,0.76463469
10.00000000,2091.00000000,0.76200798
10.00000000,2092.00000000,0.75940643
10.00000000,2093.00000000,0.75683238
10.00000000,2094.00000000,0.75428676
10.00000000,2095.00000000,0.75177012
10.00000000,2096.00000000,0.74928220
10.00000000,2097.00000000,0.74682254
10.00000000,2098.00000000,0.74439056
10.00000000,2099.00000000,0.74198567
10.00000000,2100.00000000,0.73960686
10.00000000,2101.00000000,0.73672739
10.00000000,2102.00000000,0.73387868
10.00000000,2103.00000000,0.73106154
10.00000000,2104.00000000,0.72827648
10.00000000,2105.00000000,0.72552324
10.00000000,2106.00000000,0.72280127
10.00000000,2107.00000000,0.72011020
10.00000000,2108.00000000,0.71744919
10.00000000,2109.00000000,0.71481769
10.00000000,2110.00000000,0.71221494
10.00000000,2111.00000000,0.70925174
10.00000000,2112.00000000,0.70631887
10.00000000,2113.00000000,0.70341564
10.00000000,2114.00000000,0.70054136
10.00000000,2115.00000000,0.69769569
10.00000000,2116.00000000,0.69487799
10.00000000,2117.00000000,0.69208763
10.00000000,2118.00000000,0.68932436
10.00000000,2119.00000000,0.68658740
10.00000000,2120.00000000,0.68387654
10.00000000,2121.00000000,0.68119115
10.00000000,2122.00000000,0.67853078
10.00000000,2123.00000000,0.67589509
10.00000000,2124.00000000,0.67328363
10.00000000,2125.00000000,0.67069587
10.00000000,2126.00000000,0.66813153
10.00000000,2127.00000000,0.66559007
10.00000000,2128.00000000,0.66307090
10.00000000,2129.00000000,0.66057385
10.00000000,2130.00000000,0.65809832
10.00000000,2131.00000000,0.65564395
10.00000000,2132.00000000,0.65321054
10.00000000,2133.00000000,0.65079763
10.00000000,2134.00000000,0.64840503
10.00000000,2135.00000000,0.64603239
10.00000000,2136.00000000,0.64367930
10.00000000,2137.00000000,0.64134566
10.00000000,2138.00000000,0.63903113
10.00000000,2139.00000000,0.63673529
10.00000000,2140.00000000,0.63445811
10.00000000,2141.00000000,0.63219924
10.00000000,2142.00000000,0.62995823
10.00000000,2143.00000000,0.62773514
10.00000000,2144.00000000,0.62552948
10.00000000,2145.00000000,0.62334123
10.00000000,2146.00000000,0.62117005
10.00000000,2147.00000000,0.61901556
10.00000000,2148.00000000,0.61687780
10.00000000,2149.00000000,0.61475643
10.00000000,2150.00000000,0.61265114
10.00000000,2151.00000000,0.61056523
10.00000000,2152.00000000,0.60850773
10.00000000,2153.00000000,0.60648721
10.00000000,2154.00000000,0.60450805
10.00000000,2155.00000000,0.60257166
10.00000000,2156.00000000,0.60067830
10.00000000,2157.00000000,0.59882725
10.00000000,2158.00000000,0.59701727
10.00000000,2159.00000000,0.59524722
10.00000000,2160.00000000,0.59351571
10.00000000,2161.00000000,0.58961841
10.00000000,2162.00000000,0.58576926
10.00000000,2163.00000000,0.58196701
10.00000000,2164.00000000,0.57821046
10.00000000,2165.00000000,0.57449895
10.00000000,2166.00000000,0.57083129
10.00000000,2167.00000000,0.56720641
10.00000000,2168.00000000,0.56362367
10.00000000,2169.00000000,0.56008189
10.00000000,2170.00000000,0.55658053
10.00000000,2171.00000000,0.55311855
10.00000000,2172.00000000,0.54969504
10.00000000,2173.00000000,0.54630946
10.00000000,2174.00000000,0.54296089
10.00000000,2175.00000000,0.53964852
10.00000000,2176.00000000,0.53637183
10.00000000,2177.00000000,0.53312991
10.00000000,2178.00000000,0.52992209
10.00000000,2179.00000000,0.52674788
10.00000000,2180.00000000,0.52360640
10.00000000,2181.00000000,0.52049727
10.00000000,2182.00000000,0.51741968
10.00000000,2183.00000000,0.51437304
10.00000000,2184.00000000,0.51135691
10.00000000,2185.00000000,0.50837062
10.00000000,2186.00000000,0.50541351
10.00000000,2187.00000000,0.50248521
10.00000000,2188.00000000,0.49958520
10.00000000,2189.00000000,0.49671276
10.00000000,2190.00000000,0.49386765
10.00000000,2191.00000000,0.49104927
10.00000000,2192.00000000,0.48825699
10.00000000,2193.00000000,0.48549063
10.00000000,2194.00000000,0.48274944
10.00000000,2195.00000000,0.48003323
10.00000000,2196.00000000,0.47734147
10.00000000,2197.00000000,0.47467363
10.00000000,2198.00000000,0.47202947
10.00000000,2199.00000000,0.46940852
10.00000000,2200.00000000,0.46681026
10.00000000,2201.00000000,0.46423451
10.00000000,2202.00000000,0.46168075
10.00000000,2203.00000000,0.45914857
10.00000000,2204.00000000,0.45663778
10.00000000,2205.00000000,0.45414784
10.00000000,2206.00000000,0.45167859
10.00000000,2207.00000000,0.44922960
10.00000000,2208.00000000,0.44680042
10.00000000,2209.00000000,0.44439087
10.00000000,2210.00000000,0.44200061
10.00000000,2211.00000000,0.43962918
10.00000000,2212.00000000,0.43727651
10.00000000,2213.00000000,0.43494211
10.00000000,2214.00000000,0.43262579
10.00000000,2215.00000000,0.43032725
10.00000000,2216.00000000,0.42804618
10.00000000,2217.00000000,0.42578213
10.00000000,2218.00000000,0.42353512
10.00000000,2219.00000000,0.42130464
10.00000000,2220.00000000,0.41909064
10.00000000,2221.00000000,0.41689276
10.00000000,2222.00000000,0.41471058
10.00000000,2223.00000000,0.41254416
10.00000000,2224.00000000,0.41039310
10.00000000,2225.00000000,0.40825702
10.00000000,2226.00000000,0.40613594
10.00000000,2227.00000000,0.40402949
10.00000000,2228.00000000,0.40193731
10.00000000,2229.00000000,0.39985946
10.00000000,2230.00000000,0.39779547
10.00000000,2231.00000000,0.39574533
10.00000000,2232.00000000,0.39370871
10.00000000,2233.00000000,0.39168526
10.00000000,2234.00000000,0.38967503
10.00000000,2235.00000000,0.38767770
10.00000000,2236.00000000,0.38569295
10.00000000,2237.00000000,0.38372080
10.00000000,2238.00000000,0.38176096
10.00000000,2239.00000000,0.37981312
10.00000000,2240.00000000,0.37787729
10.00000000,2241.00000000,0.37595304
10.00000000,2242.00000000,0.37404047
10.00000000,2243.00000000,0.37213925
10.00000000,2244.00000000,0.37024908
10.00000000,2245.00000000,0.36837002
10.00000000,2246.00000000,0.36650178
10.00000000,2247.00000000,0.36464405
10.00000000,2248.00000000,0.36279691
10.00000000,2249.00000000,0.36095977
10.00000000,2250.00000000,0.35912975
10.00000000,2251.00000000,0.35730250
10.00000000,2252.00000000,0.35547347
10.00000000,2253.00000000,0.35364013
10.00000000,2254.00000000,0.35180171
10.00000000,2255.00000000,0.34995767
10.00000000,2256.00000000,0.34810833
10.00000000,2257.00000000,0.34625367
10.00000000,2258.00000000,0.34439378
10.00000000,2259.00000000,0.34296326
10.00000000,2260.00000000,0.34280742
10.00000000,2261.00000000,0.34299846
10.00000000,2262.00000000,0.34318765
10.00000000,2263.00000000,0.34337506
10.00000000,2264.00000000,0.34356076
10.00000000,2265.00000000,0.34374513
10.00000000,2266.00000000,0.34398292
10.00000000,2267.00000000,0.34421949
10.00000000,2268.00000000,0.34445477
10.00000000,2269.00000000,0.34468863
10.00000000,2270.00000000,0.34492141
10.00000000,2271.00000000,0.34504407
10.00000000,2272.00000000,0.34516528
10.00000000,2273.00000000,0.34528537
10.00000000,2274.00000000,0.34540427
10.00000000,2275.00000000,0.34552176
10.00000000,2276.00000000,0.34563823
10.00000000,2277.00000000,0.34575358
10.00000000,2278.00000000,0.34586772
10.00000000,2279.00000000,0.34598091
10.00000000,2280.00000000,0.34609293
10.00000000,2281.00000000,0.34620410
10.00000000,2282.00000000,0.34631433
10.00000000,2283.00000000,0.34642341
10.00000000,2284.00000000,0.34653173
10.00000000,2285.00000000,0.34663920
10.00000000,2286.00000000,0.34674085
10.00000000,2287.00000000,0.34684179
10.00000000,2288.00000000,0.34694192
10.00000000,2289.00000000,0.34704111
10.00000000,2290.00000000,0.34713963
10.00000000,2291.00000000,0.34723723
10.00000000,2292.00000000,0.34733424
10.00000000,2293.00000000,0.34743055
10.00000000,2294.00000000,0.34752598
10.00000000,2295.00000000,0.34762087
10.00000000,2296.00000000,0.34771513
10.00000000,2297.00000000,0.34780855
10.00000000,2298.00000000,0.34790149
10.00000000,2299.00000000,0.34799388
10.00000000,2300.00000000,0.34808546
10.00000000,2301.00000000,0.34817661
10.00000000,2302.00000000,0.34826703
10.00000000,2303.00000000,0.34835702
10.00000000,2304.00000000,0.34844637
10.00000000,2305.00000000,0.34853499
10.00000000,2306.00000000,0.34862323
10.00000000,2307.00000000,0.34871086
10.00000000,2308.00000000,0.34879779
10.00000000,2309.00000000,0.34888440
10.00000000,2310.00000000,0.34897044
10.00000000,2311.00000000,0.34906645
10.00000000,2312.00000000,0.34916217
10.00000000,2313.00000000,0.34925739
10.00000000,2314.00000000,0.34935200
10.00000000,2315.00000000,0.34944638
10.00000000,2316.00000000,0.34954013
10.00000000,2317.00000000,0.34963362
10.00000000,2318.00000000,0.34972675
10.00000000,2319.00000000,0.34981929
10.00000000,2320.00000000,0.34991161
10.00000000,2321.00000000,0.35000360
10.00000000,2322.00000000,0.35009503
10.00000000,2323.00000000,0.35018628
10.00000000,2324.00000000,0.35027722
10.00000000,2325.00000000,0.35036765
10.00000000,2326.00000000,0.35045795
10.00000000,2327.00000000,0.35054771
10.00000000,2328.00000000,0.35063739
10.00000000,2329.00000000,0.35072681
10.00000000,2330.00000000,0.35081573
10.00000000,2331.00000000,0.35090454
10.00000000,2332.00000000,0.35099313
10.00000000,2333.00000000,0.35108127
10.00000000,2334.00000000,0.35116936
10.00000000,2335.00000000,0.35125716
10.00000000,2336.00000000,0.35134458
10.00000000,2337.00000000,0.35143198
10.00000000,2338.00000000,0.35151917
10.00000000,2339.00000000,0.35160589
10.00000000,2340.00000000,0.35169265
10.00000000,2341.00000000,0.35177903
10.00000000,2342.00000000,0.35186541
10.00000000,2343.00000000,0.35195162
10.00000000,2344.00000000,0.35203739
10.00000000,2345.00000000,0.35212325
10.00000000,2346.00000000,0.35220895
10.00000000,2347.00000000,0.35229428
10.00000000,2348.00000000,0.35237963
10.00000000,2349.00000000,0.35246487
10.00000000,2350.00000000,0.35254977
10.00000000,2351.00000000,0.35263475
10.00000000,2352.00000000,0.35271940
10.00000000,2353.00000000,0.35280414
10.00000000,2354.00000000,0.35288880
10.00000000,2355.00000000,0.35297311
10.00000000,2356.00000000,0.35305758
10.00000000,2357.00000000,0.35314197
10.00000000,2358.00000000,0.35322608
10.00000000,2359.00000000,0.35331033
10.00000000,2360.00000000,0.35339451
10.00000000,2361.00000000,0.35347530
10.00000000,2362.00000000,0.35355629
10.00000000,2363.00000000,0.35363728
10.00000000,2364.00000000,0.35371789
10.00000000,2365.00000000,0.35379871
10.00000000,2366.00000000,0.35387929
10.00000000,2367.00000000,0.35396002
10.00000000,2368.00000000,0.35404072
10.00000000,2369.00000000,0.35412113
10.00000000,2370.00000000,0.35420181
10.00000000,2371.00000000,0.35428241
10.00000000,2372.00000000,0.35436273
10.00000000,2373.00000000,0.35444334
10.00000000,2374.00000000,0.35452388
10.00000000,2375.00000000,0.35460414
10.00000000,2376.00000000,0.35468470
10.00000000,2377.00000000,0.35476495
10.00000000,2378.00000000,0.35484544
10.00000000,2379.00000000,0.35492598
10.00000000,2380.00000000,0.35500621
10.00000000,2381.00000000,0.35508670
10.00000000,2382.00000000,0.35516725
10.00000000,2383.00000000,0.35524749
10.00000000,2384.00000000,0.35532805
10.00000000,2385.00000000,0.35540857
10.00000000,2386.00000000,0.35548885
10.00000000,2387.00000000,0.35556945
10.00000000,2388.00000000,0.35564977
10.00000000,2389.00000000,0.35573041
10.00000000,2390.00000000,0.35581102
10.00000000,2391.00000000,0.35589141
10.00000000,2392.00000000,0.35597213
10.00000000,2393.00000000,0.35605287
10.00000000,2394.00000000,0.35613335
10.00000000,2395.00000000,0.35621416
10.00000000,2396.00000000,0.35629501
10.00000000,2397.00000000,0.35637558
10.00000000,2398.00000000,0.35645651
10.00000000,2399.00000000,0.35653742
10.00000000,2400.00000000,0.35661813
10.00000000,2401.00000000,0.35669918
10.00000000,2402.00000000,0.35678000
10.00000000,2403.00000000,0.35686117
10.00000000,2404.00000000,0.35694241
10.00000000,2405.00000000,0.35702344
10.00000000,2406.00000000,0.35710484
10.00000000,2407.00000000,0.35718638
10.00000000,2408.00000000,0.35726759
10.00000000,2409.00000000,0.35734927
10.00000000,2410.00000000,0.35743100
10.00000000,2411.00000000,0.35750922
10.00000000,2412.00000000,0.35758783
10.00000000,2413.00000000,0.35766622
10.00000000,2414.00000000,0.35774500
10.00000000,2415.00000000,0.35782391
10.00000000,2416.00000000,0.35790256
10.00000000,2417.00000000,0.35798160
10.00000000,2418.00000000,0.35806077
10.00000000,2419.00000000,0.35813969
10.00000000,2420.00000000,0.35821900
10.00000000,2421.00000000,0.35829845
10.00000000,2422.00000000,0.35837764
10.00000000,2423.00000000,0.35845728
10.00000000,2424.00000000,0.35853702
10.00000000,2425.00000000,0.35861645
10.00000000,2426.00000000,0.35869637
10.00000000,2427.00000000,0.35877605
10.00000000,2428.00000000,0.35885617
10.00000000,2429.00000000,0.35893639
10.00000000,2430.00000000,0.35901637
10.00000000,2431.00000000,0.35909679
10.00000000,2432.00000000,0.35917737
10.00000000,2433.00000000,0.35925760
10.00000000,2434.00000000,0.35933838
10.00000000,2435.00000000,0.35941922
10.00000000,2436.00000000,0.35949981
10.00000000,2437.00000000,0.35958091
10.00000000,2438.00000000,0.35966167
10.00000000,2439.00000000,0.35974297
10.00000000,2440.00000000,0.35982440
10.00000000,2441.00000000,0.35990548
10.00000000,2442.00000000,0.35998716
10.00000000,2443.00000000,0.36006891
10.00000000,2444.00000000,0.36015032
10.00000000,2445.00000000,0.36023233
10.00000000,2446.00000000,0.36031447
10.00000000,2447.00000000,0.36039620
10.00000000,2448.00000000,0.36047855
10.00000000,2449.00000000,0.36056052
10.00000000,2450.00000000,0.36064313
10.00000000,2451.00000000,0.36072583
10.00000000,2452.00000000,0.36080812
10.00000000,2453.00000000,0.36089106
10.00000000,2454.00000000,0.36097411
10.00000000,2455.00000000,0.36105669
10.00000000,2456.00000000,0.36113994
10.00000000,2457.00000000,0.36122334
10.00000000,2458.00000000,0.36130621
10.00000000,2459.00000000,0.36138980
10.00000000,2460.00000000,0.36147351
10.00000000,2461.00000000,0.36155888
10.00000000,2462.00000000,0.36164496
10.00000000,2463.00000000,0.36173051
10.00000000,2464.00000000,0.36181686
10.00000000,2465.00000000,0.36190330
10.00000000,2466.00000000,0.36198914
10.00000000,2467.00000000,0.36207582
10.00000000,2468.00000000,0.36216267
10.00000000,2469.00000000,0.36224883
10.00000000,2470.00000000,0.36233587
10.00000000,2471.00000000,0.36242304
10.00000000,2472.00000000,0.36250953
10.00000000,2473.00000000,0.36259693
10.00000000,2474.00000000,0.36268362
10.00000000,2475.00000000,0.36277127
10.00000000,2476.00000000,0.36285908
10.00000000,2477.00000000,0.36294604
10.00000000,2478.00000000,0.36303407
10.00000000,2479.00000000,0.36312227
10.00000000,2480.00000000,0.36320957
10.00000000,2481.00000000,0.36329803
10.00000000,2482.00000000,0.36338662
10.00000000,2483.00000000,0.36347421
10.00000000,2484.00000000,0.36356310
10.00000000,2485.00000000,0.36365211
10.00000000,2486.00000000,0.36373999
10.00000000,2487.00000000,0.36382931
10.00000000,2488.00000000,0.36391740
10.00000000,2489.00000000,0.36400698
10.00000000,2490.00000000,0.36409679
10.00000000,2491.00000000,0.36418514
10.00000000,2492.00000000,0.36427523
10.00000000,2493.00000000,0.36436553
10.00000000,2494.00000000,0.36445419
10.00000000,2495.00000000,0.36454484
10.00000000,2496.00000000,0.36463580
10.00000000,2497.00000000,0.36472470
10.00000000,2498.00000000,0.36481608
10.00000000,2499.00000000,0.36490517
10.00000000,2500.00000000,0.36499710
11.00000000,1765.00000000,0.72294436
11.00000000,1766.00000000,0.72294428
11.00000000,1767.00000000,0.72294375
11.00000000,1768.00000000,0.72294266
11.00000000,1769.00000000,0.72294073
11.00000000,1770.00000000,0.72293795
11.00000000,1771.00000000,0.72293403
11.00000000,1772.00000000,0.72292908
11.00000000,1773.00000000,0.72292285
11.00000000,1774.00000000,0.72291523
11.00000000,1775.00000000,0.72290645
11.00000000,1776.00000000,0.72289616
11.00000000,1777.00000000,0.72292313
11.00000000,1778.00000000,0.72291016
11.00000000,1779.00000000,0.72289593
11.00000000,1780.00000000,0.72288054
11.00000000,1781.00000000,0.72286390
11.00000000,1782.00000000,0.72285900
11.00000000,1783.00000000,0.72284010
11.00000000,1784.00000000,0.72282019
11.00000000,1785.00000000,0.72279912
11.00000000,1786.00000000,0.72277714
11.00000000,1787.00000000,0.72275427
11.00000000,1788.00000000,0.72273045
11.00000000,1789.00000000,0.72270582
11.00000000,1790.00000000,0.72268038
11.00000000,1791.00000000,0.72265417
11.00000000,1792.00000000,0.72264004
11.00000000,1793.00000000,0.72261218
11.00000000,1794.00000000,0.72258367
11.00000000,1795.00000000,0.72255450
11.00000000,1796.00000000,0.72252461
11.00000000,1797.00000000,0.72249414
11.00000000,1798.00000000,0.72246310
11.00000000,1799.00000000,0.72243134
11.00000000,1800.00000000,0.72239907
11.00000000,1801.00000000,0.72236615
11.00000000,1802.00000000,0.72234553
11.00000000,1803.00000000,0.72231149
11.00000000,1804.00000000,0.72227681
11.00000000,1805.00000000,0.72224173
11.00000000,1806.00000000,0.72220614
11.00000000,1807.00000000,0.72217005
11.00000000,1808.00000000,0.72214643
11.00000000,1809.00000000,0.72210952
11.00000000,1810.00000000,0.72207218
11.00000000,1811.00000000,0.72204740
11.00000000,1812.00000000,0.72200936
11.00000000,1813.00000000,0.72199665
11.00000000,1814.00000000,0.72194508
11.00000000,1815.00000000,0.72190601
11.00000000,1816.00000000,0.72186670
11.00000000,1817.00000000,0.72183985
11.00000000,1818.00000000,0.72179973
11.00000000,1819.00000000,0.72175935
11.00000000,1820.00000000,0.72171861
11.00000000,1821.00000000,0.72167760
11.00000000,1822.00000000,0.72164920
11.00000000,1823.00000000,0.72160769
11.00000000,1824.00000000,0.72156590
11.00000000,1825.00000000,0.72152382
11.00000000,1826.00000000,0.72149431
11.00000000,1827.00000000,0.72146453
11.00000000,1828.00000000,0.72143450
11.00000000,1829.00000000,0.72139136
11.00000000,1830.00000000,0.72134804
11.00000000,1831.00000000,0.72130426
11.00000000,1832.00000000,0.72126008
11.00000000,1833.00000000,0.72122839
11.00000000,1834.00000000,0.72119645
11.00000000,1835.00000000,0.72115129
11.00000000,1836.00000000,0.72111875
11.00000000,1837.00000000,0.72107305
11.00000000,1838.00000000,0.72103969
11.00000000,1839.00000000,0.72099320
11.00000000,1840.00000000,0.72094626
11.00000000,1841.00000000,0.72097609
11.00000000,1842.00000000,0.72091562
11.00000000,1843.00000000,0.72086756
11.00000000,1844.00000000,0.72083201
11.00000000,1845.00000000,0.72078325
11.00000000,1846.00000000,0.72074676
11.00000000,1847.00000000,0.72074837
11.00000000,1848.00000000,0.72069805
11.00000000,1849.00000000,0.72066006
11.00000000,1850.00000000,0.72062166
11.00000000,1851.00000000,0.72059553
11.00000000,1852.00000000,0.72055608
11.00000000,1853.00000000,0.72052820
11.00000000,1854.00000000,0.72048534
11.00000000,1855.00000000,0.72045351
11.00000000,1856.00000000,0.72044601
11.00000000,1857.00000000,0.72038605
11.00000000,1858.00000000,0.72036395
11.00000000,1859.00000000,0.72031537
11.00000000,1860.00000000,0.72029177
11.00000000,1861.00000000,0.72028010
11.00000000,1862.00000000,0.72021621
11.00000000,1863.00000000,0.72019150
11.00000000,1864.00000000,0.72015582
11.00000000,1865.00000000,0.72022482
11.00000000,1866.00000000,0.72019247
11.00000000,1867.00000000,0.72019964
11.00000000,1868.00000000,0.72015612
11.00000000,1869.00000000,0.72011325
11.00000000,1870.00000000,0.72012229
11.00000000,1871.00000000,0.72017007
11.00000000,1872.00000000,0.72016570
11.00000000,1873.00000000,0.72013215
11.00000000,1874.00000000,0.72015702
11.00000000,1875.00000000,0.72018923
11.00000000,1876.00000000,0.72020399
11.00000000,1877.00000000,0.72016348
11.00000000,1878.00000000,0.72018680
11.00000000,1879.00000000,0.72016608
11.00000000,1880.00000000,0.72016804
11.00000000,1881.00000000,0.72014039
11.00000000,1882.00000000,0.72015946
11.00000000,1883.00000000,0.72027771
11.00000000,1884.00000000,0.72031698
11.00000000,1885.00000000,0.72008551
11.00000000,1886.00000000,0.72016181
11.00000000,1887.00000000,0.72009645
11.00000000,1888.00000000,0.72003057
11.00000000,1889.00000000,0.71994352
11.00000000,1890.00000000,0.72001540
11.00000000,1891.00000000,0.72023962
11.00000000,1892.00000000,0.72021781
11.00000000,1893.00000000,0.72027133
11.00000000,1894.00000000,0.72036220
11.00000000,1895.00000000,0.72028456
11.00000000,1896.00000000,0.72019161
11.00000000,1897.00000000,0.72012141
11.00000000,1898.00000000,0.72017628
11.00000000,1899.00000000,0.72045815
11.00000000,1900.00000000,0.72032433
11.00000000,1901.00000000,0.72055681
11.00000000,1902.00000000,0.72061577
11.00000000,1903.00000000,0.72048757
11.00000000,1904.00000000,0.72027423
11.00000000,1905.00000000,0.72027005
11.00000000,1906.00000000,0.72038452
11.00000000,1907.00000000,0.72035926
11.00000000,1908.00000000,0.72042432
11.00000000,1909.00000000,0.72052978
11.00000000,1910.00000000,0.72084443
11.00000000,1911.00000000,0.72095871
11.00000000,1912.00000000,0.72095148
11.00000000,1913.00000000,0.72088882
11.00000000,1914.00000000,0.72129778
11.00000000,1915.00000000,0.72114338
11.00000000,1916.00000000,0.72140365
11.00000000,1917.00000000,0.72173072
11.00000000,1918.00000000,0.72248078
11.00000000,1919.00000000,0.72180900
11.00000000,1920.00000000,0.72202701
11.00000000,1921.00000000,0.72223706
11.00000000,1922.00000000,0.72223428
11.00000000,1923.00000000,0.72256894
11.00000000,1924.00000000,0.72317198
11.00000000,1925.00000000,0.72175950
11.00000000,1926.00000000,0.72138219
11.00000000,1927.00000000,0.72196234
11.00000000,1928.00000000,0.72242103
11.00000000,1929.00000000,0.72193699
11.00000000,1930.00000000,0.72002276
11.00000000,1931.00000000,0.72138252
11.00000000,1932.00000000,0.71947590
11.00000000,1933.00000000,0.71976898
11.00000000,1934.00000000,0.72113517
11.00000000,1935.00000000,0.72081582
11.00000000,1936.00000000,0.72074016
11.00000000,1937.00000000,0.72060808
11.00000000,1938.00000000,0.72137750
11.00000000,1939.00000000,0.72116833
11.00000000,1940.00000000,0.72194204
11.00000000,1941.00000000,0.72050828
11.00000000,1942.00000000,0.71880074
11.00000000,1943.00000000,0.71734402
11.00000000,1944.00000000,0.71765987
11.00000000,1945.00000000,0.71840591
11.00000000,1946.00000000,0.71882157
11.00000000,1947.00000000,0.71986686
11.00000000,1948.00000000,0.72059861
11.00000000,1949.00000000,0.71945070
11.00000000,1950.00000000,0.71978800
11.00000000,1951.00000000,0.72083685
11.00000000,1952.00000000,0.72093709
11.00000000,1953.00000000,0.72066130
11.00000000,1954.00000000,0.72088323
11.00000000,1955.00000000,0.72035306
11.00000000,1956.00000000,0.71704871
11.00000000,1957.00000000,0.71755881
11.00000000,1958.00000000,0.71900434
11.00000000,1959.00000000,0.71943389
11.00000000,1960.00000000,0.71821387
11.00000000,1961.00000000,0.72030079
11.00000000,1962.00000000,0.72143279
11.00000000,1963.00000000,0.72114123
11.00000000,1964.00000000,0.72104534
11.00000000,1965.00000000,0.72065662
11.00000000,1966.00000000,0.72220203
11.00000000,1967.00000000,0.72316836
11.00000000,1968.00000000,0.72355673
11.00000000,1969.00000000,0.72350897
11.00000000,1970.00000000,0.72434666
11.00000000,1971.00000000,0.72493241
11.00000000,1972.00000000,0.72423802
11.00000000,1973.00000000,0.72464420
11.00000000,1974.00000000,0.72555222
11.00000000,1975.00000000,0.72658533
11.00000000,1976.00000000,0.72730627
11.00000000,1977.00000000,0.72829713
11.00000000,1978.00000000,0.72857629
11.00000000,1979.00000000,0.72972843
11.00000000,1980.00000000,0.73129617
11.00000000,1981.00000000,0.73365369
11.00000000,1982.00000000,0.73447435
11.00000000,1983.00000000,0.73546212
11.00000000,1984.00000000,0.73731039
11.00000000,1985.00000000,0.73628446
11.00000000,1986.00000000,0.73476659
11.00000000,1987.00000000,0.73697922
11.00000000,1988.00000000,0.73762657
11.00000000,1989.00000000,0.73736331
11.00000000,1990.00000000,0.73966940
11.00000000,1991.00000000,0.73770556
11.00000000,1992.00000000,0.73435597
11.00000000,1993.00000000,0.73255107
11.00000000,1994.00000000,0.73105259
11.00000000,1995.00000000,0.73203191
11.00000000,1996.00000000,0.73268022
11.00000000,1997.00000000,0.73347114
11.00000000,1998.00000000,0.73396568
11.00000000,1999.00000000,0.73531021
11.00000000,2000.00000000,0.73557994
11.00000000,2001.00000000,0.73497577
11.00000000,2002.00000000,0.73481955
11.00000000,2003.00000000,0.73205310
11.00000000,2004.00000000,0.73080294
11.00000000,2005.00000000,0.73091260
11.00000000,2006.00000000,0.73112301
11.00000000,2007.00000000,0.73138621
11.00000000,2008.00000000,0.73124630
11.00000000,2009.00000000,0.72932753
11.00000000,2010.00000000,0.72752721
11.00000000,2011.00000000,0.72799349
11.00000000,2012.00000000,0.72835942
11.00000000,2013.00000000,0.72734972
11.00000000,2014.00000000,0.72981274
11.00000000,2015.00000000,0.73283082
11.00000000,2016.00000000,0.73472607
11.00000000,2017.00000000,0.73523272
11.00000000,2018.00000000,0.73569737
11.00000000,2019.00000000,0.73611983
11.00000000,2020.00000000,0.73649682
11.00000000,2021.00000000,0.73682861
11.00000000,2022.00000000,0.73797583
11.00000000,2023.00000000,0.73907999
11.00000000,2024.00000000,0.74014333
11.00000000,2025.00000000,0.74116762
11.00000000,2026.00000000,0.74215413
11.00000000,2027.00000000,0.74310402
11.00000000,2028.00000000,0.74401835
11.00000000,2029.00000000,0.74489751
11.00000000,2030.00000000,0.74574219
11.00000000,2031.00000000,0.74655216
11.00000000,2032.00000000,0.74695026
11.00000000,2033.00000000,0.74730849
11.00000000,2034.00000000,0.74762363
11.00000000,2035.00000000,0.74789407
11.00000000,2036.00000000,0.74811899
11.00000000,2037.00000000,0.74829761
11.00000000,2038.00000000,0.74843041
11.00000000,2039.00000000,0.74851745
11.00000000,2040.00000000,0.74855940
11.00000000,2041.00000000,0.74855651
11.00000000,2042.00000000,0.74927057
11.00000000,2043.00000000,0.74993271
11.00000000,2044.00000000,0.75054176
11.00000000,2045.00000000,0.75109729
11.00000000,2046.00000000,0.75159900
11.00000000,2047.00000000,0.75204735
11.00000000,2048.00000000,0.75244295
11.00000000,2049.00000000,0.75278660
11.00000000,2050.00000000,0.75307909
11.00000000,2051.00000000,0.75332131
11.00000000,2052.00000000,0.75405679
11.00000000,2053.00000000,0.75474127
11.00000000,2054.00000000,0.75537545
11.00000000,2055.00000000,0.75596046
11.00000000,2056.00000000,0.75649713
11.00000000,2057.00000000,0.75698622
11.00000000,2058.00000000,0.75742876
11.00000000,2059.00000000,0.75782520
11.00000000,2060.00000000,0.75817653
11.00000000,2061.00000000,0.75848490
11.00000000,2062.00000000,0.75872605
11.00000000,2063.00000000,0.75893645
11.00000000,2064.00000000,0.75912071
11.00000000,2065.00000000,0.75928181
11.00000000,2066.00000000,0.75942189
11.00000000,2067.00000000,0.75954200
11.00000000,2068.00000000,0.75964264
11.00000000,2069.00000000,0.75972430
11.00000000,2070.00000000,0.75978687
11.00000000,2071.00000000,0.75983145
11.00000000,2072.00000000,0.75875559
11.00000000,2073.00000000,0.75767904
11.00000000,2074.00000000,0.75660535
11.00000000,2075.00000000,0.75553641
11.00000000,2076.00000000,0.75447317
11.00000000,2077.00000000,0.75341622
11.00000000,2078.00000000,0.75236526
11.00000000,2079.00000000,0.75131995
11.00000000,2080.00000000,0.75027994
11.00000000,2081.00000000,0.74924526
11.00000000,2082.00000000,0.74725810
11.00000000,2083.00000000,0.74528761
11.00000000,2084.00000000,0.74333496
11.00000000,2085.00000000,0.74140086
11.00000000,2086.00000000,0.73948543
11.00000000,2087.00000000,0.73758821
11.00000000,2088.00000000,0.73570901
11.00000000,2089.00000000,0.73384720
11.00000000,2090.00000000,0.73200206
11.00000000,2091.00000000,0.73017381
11.00000000,2092.00000000,0.72784962
11.00000000,2093.00000000,0.72554977
11.00000000,2094.00000000,0.72327553
11.00000000,2095.00000000,0.72102706
11.00000000,2096.00000000,0.71880439
11.00000000,2097.00000000,0.71660704
11.00000000,2098.00000000,0.71443437
11.00000000,2099.00000000,0.71228576
11.00000000,2100.00000000,0.71016049
11.00000000,2101.00000000,0.70805814
11.00000000,2102.00000000,0.70547023
11.00000000,2103.00000000,0.70291070
11.00000000,2104.00000000,0.70037978
11.00000000,2105.00000000,0.69787752
11.00000000,2106.00000000,0.69540345
11.00000000,2107.00000000,0.69295693
11.00000000,2108.00000000,0.69053750
11.00000000,2109.00000000,0.68814435
11.00000000,2110.00000000,0.68577697
11.00000000,2111.00000000,0.68343463
11.00000000,2112.00000000,0.68074060
11.00000000,2113.00000000,0.67807316
11.00000000,2114.00000000,0.67543170
11.00000000,2115.00000000,0.67281557
11.00000000,2116.00000000,0.67022455
11.00000000,2117.00000000,0.66765800
11.00000000,2118.00000000,0.66511542
11.00000000,2119.00000000,0.66259656
11.00000000,2120.00000000,0.66010073
11.00000000,2121.00000000,0.65762782
11.00000000,2122.00000000,0.65517719
11.00000000,2123.00000000,0.65274848
11.00000000,2124.00000000,0.65034141
11.00000000,2125.00000000,0.64795559
11.00000000,2126.00000000,0.64559048
11.00000000,2127.00000000,0.64324580
11.00000000,2128.00000000,0.64092112
11.00000000,2129.00000000,0.63861587
11.00000000,2130.00000000,0.63632999
11.00000000,2131.00000000,0.63406294
11.00000000,2132.00000000,0.63181444
11.00000000,2133.00000000,0.62958432
11.00000000,2134.00000000,0.62737212
11.00000000,2135.00000000,0.62517779
11.00000000,2136.00000000,0.62300093
11.00000000,2137.00000000,0.62084123
11.00000000,2138.00000000,0.61869863
11.00000000,2139.00000000,0.61657276
11.00000000,2140.00000000,0.61446330
11.00000000,2141.00000000,0.61237021
11.00000000,2142.00000000,0.61029319
11.00000000,2143.00000000,0.60823190
11.00000000,2144.00000000,0.60618631
11.00000000,2145.00000000,0.60415604
11.00000000,2146.00000000,0.60214103
11.00000000,2147.00000000,0.60014105
11.00000000,2148.00000000,0.59815575
11.00000000,2149.00000000,0.59618514
11.00000000,2150.00000000,0.59422897
11.00000000,2151.00000000,0.59229008
11.00000000,2152.00000000,0.59037764
11.00000000,2153.00000000,0.58849990
11.00000000,2154.00000000,0.58666081
11.00000000,2155.00000000,0.58486215
11.00000000,2156.00000000,0.58310373
11.00000000,2157.00000000,0.58138518
11.00000000,2158.00000000,0.57970529
11.00000000,2159.00000000,0.57806262
11.00000000,2160.00000000,0.57645612
11.00000000,2161.00000000,0.57488430
11.00000000,2162.00000000,0.57120343
11.00000000,2163.00000000,0.56756622
11.00000000,2164.00000000,0.56397149
11.00000000,2165.00000000,0.56041828
11.00000000,2166.00000000,0.55690593
11.00000000,2167.00000000,0.55343337
11.00000000,2168.00000000,0.54999978
11.00000000,2169.00000000,0.54660445
11.00000000,2170.00000000,0.54324644
11.00000000,2171.00000000,0.53992520
11.00000000,2172.00000000,0.53663981
11.00000000,2173.00000000,0.53338956
11.00000000,2174.00000000,0.53017385
11.00000000,2175.00000000,0.52699193
11.00000000,2176.00000000,0.52384307
11.00000000,2177.00000000,0.52072681
11.00000000,2178.00000000,0.51764231
11.00000000,2179.00000000,0.51458901
11.00000000,2180.00000000,0.51156644
11.00000000,2181.00000000,0.50857385
11.00000000,2182.00000000,0.50561089
11.00000000,2183.00000000,0.50267682
11.00000000,2184.00000000,0.49977111
11.00000000,2185.00000000,0.49689338
11.00000000,2186.00000000,0.49404304
11.00000000,2187.00000000,0.49121948
11.00000000,2188.00000000,0.48842242
11.00000000,2189.00000000,0.48565126
11.00000000,2190.00000000,0.48290550
11.00000000,2191.00000000,0.48018485
11.00000000,2192.00000000,0.47748879
11.00000000,2193.00000000,0.47481677
11.00000000,2194.00000000,0.47216857
11.00000000,2195.00000000,0.46954351
11.00000000,2196.00000000,0.46694152
11.00000000,2197.00000000,0.46436205
11.00000000,2198.00000000,0.46180463
11.00000000,2199.00000000,0.45926907
11.00000000,2200.00000000,0.45675490
11.00000000,2201.00000000,0.45426161
11.00000000,2202.00000000,0.45178912
11.00000000,2203.00000000,0.44933693
11.00000000,2204.00000000,0.44690470
11.00000000,2205.00000000,0.44449222
11.00000000,2206.00000000,0.44209897
11.00000000,2207.00000000,0.43972487
11.00000000,2208.00000000,0.43736948
11.00000000,2209.00000000,0.43503238
11.00000000,2210.00000000,0.43271348
11.00000000,2211.00000000,0.43041239
11.00000000,2212.00000000,0.42812870
11.00000000,2213.00000000,0.42586241
11.00000000,2214.00000000,0.42361304
11.00000000,2215.00000000,0.42138032
11.00000000,2216.00000000,0.41916412
11.00000000,2217.00000000,0.41696406
11.00000000,2218.00000000,0.41477980
11.00000000,2219.00000000,0.41261129
11.00000000,2220.00000000,0.41045807
11.00000000,2221.00000000,0.40832013
11.00000000,2222.00000000,0.40619711
11.00000000,2223.00000000,0.40408874
11.00000000,2224.00000000,0.40199487
11.00000000,2225.00000000,0.39991522
11.00000000,2226.00000000,0.39784944
11.00000000,2227.00000000,0.39579756
11.00000000,2228.00000000,0.39375924
11.00000000,2229.00000000,0.39173418
11.00000000,2230.00000000,0.38972235
11.00000000,2231.00000000,0.38772334
11.00000000,2232.00000000,0.38573715
11.00000000,2233.00000000,0.38376347
11.00000000,2234.00000000,0.38180202
11.00000000,2235.00000000,0.37985278
11.00000000,2236.00000000,0.37791548
11.00000000,2237.00000000,0.37598984
11.00000000,2238.00000000,0.37407583
11.00000000,2239.00000000,0.37217320
11.00000000,2240.00000000,0.37028165
11.00000000,2241.00000000,0.36840118
11.00000000,2242.00000000,0.36653153
11.00000000,2243.00000000,0.36467258
11.00000000,2244.00000000,0.36282410
11.00000000,2245.00000000,0.36098583
11.00000000,2246.00000000,0.35915785
11.00000000,2247.00000000,0.35733981
11.00000000,2248.00000000,0.35553147
11.00000000,2249.00000000,0.35373247
11.00000000,2250.00000000,0.35194027
11.00000000,2251.00000000,0.35015009
11.00000000,2252.00000000,0.34835782
11.00000000,2253.00000000,0.34656104
11.00000000,2254.00000000,0.34475869
11.00000000,2255.00000000,0.34295082
11.00000000,2256.00000000,0.34113712
11.00000000,2257.00000000,0.33931803
11.00000000,2258.00000000,0.33749367
11.00000000,2259.00000000,0.33566430
11.00000000,2260.00000000,0.33425498
11.00000000,2261.00000000,0.33409256
11.00000000,2262.00000000,0.33426984
11.00000000,2263.00000000,0.33444564
11.00000000,2264.00000000,0.33461996
11.00000000,2265.00000000,0.33479282
11.00000000,2266.00000000,0.33496450
11.00000000,2267.00000000,0.33518857
11.00000000,2268.00000000,0.33541153
11.00000000,2269.00000000,0.33563333
11.00000000,2270.00000000,0.33585391
11.00000000,2271.00000000,0.33607342
11.00000000,2272.00000000,0.33618538
11.00000000,2273.00000000,0.33629605
11.00000000,2274.00000000,0.33640572
11.00000000,2275.00000000,0.33651422
11.00000000,2276.00000000,0.33662153
11.00000000,2277.00000000,0.33672789
11.00000000,2278.00000000,0.33683327
11.00000000,2279.00000000,0.33693752
11.00000000,2280.00000000,0.33704093
11.00000000,2281.00000000,0.33714333
11.00000000,2282.00000000,0.33724490
11.00000000,2283.00000000,0.33734559
11.00000000,2284.00000000,0.33744530
11.00000000,2285.00000000,0.33754433
11.00000000,2286.00000000,0.33764251
11.00000000,2287.00000000,0.33773515
11.00000000,2288.00000000,0.33782717
11.00000000,2289.00000000,0.33791839
11.00000000,2290.00000000,0.33800876
11.00000000,2291.00000000,0.33809855
11.00000000,2292.00000000,0.33818754
11.00000000,2293.00000000,0.33827595
11.00000000,2294.00000000,0.33836370
11.00000000,2295.00000000,0.33845073
11.00000000,2296.00000000,0.33853722
11.00000000,2297.00000000,0.33862311
11.00000000,2298.00000000,0.33870833
11.00000000,2299.00000000,0.33879306
11.00000000,2300.00000000,0.33887724
11.00000000,2301.00000000,0.33896080
11.00000000,2302.00000000,0.33904388
11.00000000,2303.00000000,0.33912627
11.00000000,2304.00000000,0.33920826
11.00000000,2305.00000000,0.33928966
11.00000000,2306.00000000,0.33937040
11.00000000,2307.00000000,0.33945078
11.00000000,2308.00000000,0.33953060
11.00000000,2309.00000000,0.33960982
11.00000000,2310.00000000,0.33968871
11.00000000,2311.00000000,0.33976709
11.00000000,2312.00000000,0.33985528
11.00000000,2313.00000000,0.33994320
11.00000000,2314.00000000,0.34003064
11.00000000,2315.00000000,0.34011757
11.00000000,2316.00000000,0.34020426
11.00000000,2317.00000000,0.34029040
11.00000000,2318.00000000,0.34037629
11.00000000,2319.00000000,0.34046185
11.00000000,2320.00000000,0.34054690
11.00000000,2321.00000000,0.34063177
11.00000000,2322.00000000,0.34071625
11.00000000,2323.00000000,0.34080029
11.00000000,2324.00000000,0.34088419
11.00000000,2325.00000000,0.34096773
11.00000000,2326.00000000,0.34105086
11.00000000,2327.00000000,0.34113386
11.00000000,2328.00000000,0.34121641
11.00000000,2329.00000000,0.34129887
11.00000000,2330.00000000,0.34138101
11.00000000,2331.00000000,0.34146278
11.00000000,2332.00000000,0.34154447
11.00000000,2333.00000000,0.34162592
11.00000000,2334.00000000,0.34170694
11.00000000,2335.00000000,0.34178793
11.00000000,2336.00000000,0.34186871
11.00000000,2337.00000000,0.34194911
11.00000000,2338.00000000,0.34202948
11.00000000,2339.00000000,0.34210960
11.00000000,2340.00000000,0.34218942
11.00000000,2341.00000000,0.34226923
11.00000000,2342.00000000,0.34234868
11.00000000,2343.00000000,0.34242813
11.00000000,2344.00000000,0.34250741
11.00000000,2345.00000000,0.34258633
11.00000000,2346.00000000,0.34266530
11.00000000,2347.00000000,0.34274413
11.00000000,2348.00000000,0.34282265
11.00000000,2349.00000000,0.34290119
11.00000000,2350.00000000,0.34297961
11.00000000,2351.00000000,0.34305769
11.00000000,2352.00000000,0.34313587
11.00000000,2353.00000000,0.34321378
11.00000000,2354.00000000,0.34329177
11.00000000,2355.00000000,0.34336967
11.00000000,2356.00000000,0.34344733
11.00000000,2357.00000000,0.34352507
11.00000000,2358.00000000,0.34360274
11.00000000,2359.00000000,0.34368014
11.00000000,2360.00000000,0.34375767
11.00000000,2361.00000000,0.34383515
11.00000000,2362.00000000,0.34390941
11.00000000,2363.00000000,0.34398378
11.00000000,2364.00000000,0.34405809
11.00000000,2365.00000000,0.34413220
11.00000000,2366.00000000,0.34420642
11.00000000,2367.00000000,0.34428043
11.00000000,2368.00000000,0.34435458
11.00000000,2369.00000000,0.34442868
11.00000000,2370.00000000,0.34450255
11.00000000,2371.00000000,0.34457664
11.00000000,2372.00000000,0.34465065
11.00000000,2373.00000000,0.34472444
11.00000000,2374.00000000,0.34479847
11.00000000,2375.00000000,0.34487242
11.00000000,2376.00000000,0.34494621
11.00000000,2377.00000000,0.34502014
11.00000000,2378.00000000,0.34509386
11.00000000,2379.00000000,0.34516782
11.00000000,2380.00000000,0.34524174
11.00000000,2381.00000000,0.34531549
11.00000000,2382.00000000,0.34538941
11.00000000,2383.00000000,0.34546336
11.00000000,2384.00000000,0.34553708
11.00000000,2385.00000000,0.34561106
11.00000000,2386.00000000,0.34568500
11.00000000,2387.00000000,0.34575875
11.00000000,2388.00000000,0.34583277
11.00000000,2389.00000000,0.34590655
11.00000000,2390.00000000,0.34598060
11.00000000,2391.00000000,0.34605467
11.00000000,2392.00000000,0.34612851
11.00000000,2393.00000000,0.34620263
11.00000000,2394.00000000,0.34627672
11.00000000,2395.00000000,0.34635069
11.00000000,2396.00000000,0.34642485
11.00000000,2397.00000000,0.34649908
11.00000000,2398.00000000,0.34657310
11.00000000,2399.00000000,0.34664740
11.00000000,2400.00000000,0.34672174
11.00000000,2401.00000000,0.34679591
11.00000000,2402.00000000,0.34687034
11.00000000,2403.00000000,0.34694458
11.00000000,2404.00000000,0.34701914
11.00000000,2405.00000000,0.34709376
11.00000000,2406.00000000,0.34716820
11.00000000,2407.00000000,0.34724297
11.00000000,2408.00000000,0.34731780
11.00000000,2409.00000000,0.34739246
11.00000000,2410.00000000,0.34746748
11.00000000,2411.00000000,0.34754253
11.00000000,2412.00000000,0.34761421
11.00000000,2413.00000000,0.34768625
11.00000000,2414.00000000,0.34775804
11.00000000,2415.00000000,0.34783023
11.00000000,2416.00000000,0.34790250
11.00000000,2417.00000000,0.34797452
11.00000000,2418.00000000,0.34804695
11.00000000,2419.00000000,0.34811946
11.00000000,2420.00000000,0.34819177
11.00000000,2421.00000000,0.34826440
11.00000000,2422.00000000,0.34833715
11.00000000,2423.00000000,0.34840971
11.00000000,2424.00000000,0.34848263
11.00000000,2425.00000000,0.34855564
11.00000000,2426.00000000,0.34862845
11.00000000,2427.00000000,0.34870164
11.00000000,2428.00000000,0.34877462
11.00000000,2429.00000000,0.34884799
11.00000000,2430.00000000,0.34892148
11.00000000,2431.00000000,0.34899469
11.00000000,2432.00000000,0.34906837
11.00000000,2433.00000000,0.34914214
11.00000000,2434.00000000,0.34921563
11.00000000,2435.00000000,0.34928959
11.00000000,2436.00000000,0.34936363
11.00000000,2437.00000000,0.34943740
11.00000000,2438.00000000,0.34951164
11.00000000,2439.00000000,0.34958564
11.00000000,2440.00000000,0.34966008
11.00000000,2441.00000000,0.34973465
11.00000000,2442.00000000,0.34980890
11.00000000,2443.00000000,0.34988367
11.00000000,2444.00000000,0.34995849
11.00000000,2445.00000000,0.35003307
11.00000000,2446.00000000,0.35010814
11.00000000,2447.00000000,0.35018330
11.00000000,2448.00000000,0.35025815
11.00000000,2449.00000000,0.35033352
11.00000000,2450.00000000,0.35040859
11.00000000,2451.00000000,0.35048416
11.00000000,2452.00000000,0.35055987
11.00000000,2453.00000000,0.35063523
11.00000000,2454.00000000,0.35071112
11.00000000,2455.00000000,0.35078709
11.00000000,2456.00000000,0.35086270
11.00000000,2457.00000000,0.35093886
11.00000000,2458.00000000,0.35101513
11.00000000,2459.00000000,0.35109101
11.00000000,2460.00000000,0.35116747
11.00000000,2461.00000000,0.35124401
11.00000000,2462.00000000,0.35132228
11.00000000,2463.00000000,0.35140118
11.00000000,2464.00000000,0.35147961
11.00000000,2465.00000000,0.35155869
11.00000000,2466.00000000,0.35163790
11.00000000,2467.00000000,0.35171664
11.00000000,2468.00000000,0.35179605
11.00000000,2469.00000000,0.35187558
11.00000000,2470.00000000,0.35195453
11.00000000,2471.00000000,0.35203430
11.00000000,2472.00000000,0.35211414
11.00000000,2473.00000000,0.35219340
11.00000000,2474.00000000,0.35227348
11.00000000,2475.00000000,0.35235293
11.00000000,2476.00000000,0.35243323
11.00000000,2477.00000000,0.35251362
11.00000000,2478.00000000,0.35259335
11.00000000,2479.00000000,0.35267400
11.00000000,2480.00000000,0.35275477
11.00000000,2481.00000000,0.35283476
11.00000000,2482.00000000,0.35291579
11.00000000,2483.00000000,0.35299690
11.00000000,2484.00000000,0.35307720
11.00000000,2485.00000000,0.35315855
11.00000000,2486.00000000,0.35324005
11.00000000,2487.00000000,0.35332066
11.00000000,2488.00000000,0.35340243
11.00000000,2489.00000000,0.35348314
11.00000000,2490.00000000,0.35356522
11.00000000,2491.00000000,0.35364740
11.00000000,2492.00000000,0.35372841
11.00000000,2493.00000000,0.35381093
11.00000000,2494.00000000,0.35389360
11.00000000,2495.00000000,0.35397491
11.00000000,2496.00000000,0.35405791
11.00000000,2497.00000000,0.35414115
11.00000000,2498.00000000,0.35422276
11.00000000,2499.00000000,0.35430644
11.00000000,2500.00000000,0.35438826
12.00000000,1765.00000000,0.67824599
12.00000000,1766.00000000,0.67824594
12.00000000,1767.00000000,0.67824552
12.00000000,1768.00000000,0.67824447
12.00000000,1769.00000000,0.67824279
12.00000000,1770.00000000,0.67824017
12.00000000,1771.00000000,0.67823671
12.00000000,1772.00000000,0.67823216
12.00000000,1773.00000000,0.67822654
12.00000000,1774.00000000,0.67821982
12.00000000,1775.00000000,0.67821183
12.00000000,1776.00000000,0.67820280
12.00000000,1777.00000000,0.67819249
12.00000000,1778.00000000,0.67821812
12.00000000,1779.00000000,0.67820542
12.00000000,1780.00000000,0.67819156
12.00000000,1781.00000000,0.67817663
12.00000000,1782.00000000,0.67816064
12.00000000,1783.00000000,0.67815596
12.00000000,1784.00000000,0.67813795
12.00000000,1785.00000000,0.67811898
12.00000000,1786.00000000,0.67809902
12.00000000,1787.00000000,0.67807829
12.00000000,1788.00000000,0.67805674
12.00000000,1789.00000000,0.67803434
12.00000000,1790.00000000,0.67801129
12.00000000,1791.00000000,0.67798744
12.00000000,1792.00000000,0.67796291
12.00000000,1793.00000000,0.67795005
12.00000000,1794.00000000,0.67792404
12.00000000,1795.00000000,0.67789750
12.00000000,1796.00000000,0.67787035
12.00000000,1797.00000000,0.67784252
12.00000000,1798.00000000,0.67781424
12.00000000,1799.00000000,0.67778535
12.00000000,1800.00000000,0.67775589
12.00000000,1801.00000000,0.67772593
12.00000000,1802.00000000,0.67769536
12.00000000,1803.00000000,0.67767672
12.00000000,1804.00000000,0.67764512
12.00000000,1805.00000000,0.67761305
12.00000000,1806.00000000,0.67758059
12.00000000,1807.00000000,0.67754769
12.00000000,1808.00000000,0.67751436
12.00000000,1809.00000000,0.67749307
12.00000000,1810.00000000,0.67745902
12.00000000,1811.00000000,0.67742464
12.00000000,1812.00000000,0.67740230
12.00000000,1813.00000000,0.67736727
12.00000000,1814.00000000,0.67735665
12.00000000,1815.00000000,0.67730859
12.00000000,1816.00000000,0.67727264
12.00000000,1817.00000000,0.67723639
12.00000000,1818.00000000,0.67721218
12.00000000,1819.00000000,0.67717519
12.00000000,1820.00000000,0.67713795
12.00000000,1821.00000000,0.67710051
12.00000000,1822.00000000,0.67706276
12.00000000,1823.00000000,0.67703722
12.00000000,1824.00000000,0.67699907
12.00000000,1825.00000000,0.67696057
12.00000000,1826.00000000,0.67692188
12.00000000,1827.00000000,0.67689528
12.00000000,1828.00000000,0.67686847
12.00000000,1829.00000000,0.67684148
12.00000000,1830.00000000,0.67680177
12.00000000,1831.00000000,0.67676182
12.00000000,1832.00000000,0.67672140
12.00000000,1833.00000000,0.67668062
12.00000000,1834.00000000,0.67665205
12.00000000,1835.00000000,0.67662321
12.00000000,1836.00000000,0.67658164
12.00000000,1837.00000000,0.67655225
12.00000000,1838.00000000,0.67651003
12.00000000,1839.00000000,0.67647987
12.00000000,1840.00000000,0.67643701
12.00000000,1841.00000000,0.67639374
12.00000000,1842.00000000,0.67642458
12.00000000,1843.00000000,0.67636824
12.00000000,1844.00000000,0.67632396
12.00000000,1845.00000000,0.67629172
12.00000000,1846.00000000,0.67624661
12.00000000,1847.00000000,0.67621345
12.00000000,1848.00000000,0.67621703
12.00000000,1849.00000000,0.67617059
12.00000000,1850.00000000,0.67613601
12.00000000,1851.00000000,0.67610104
12.00000000,1852.00000000,0.67607795
12.00000000,1853.00000000,0.67604137
12.00000000,1854.00000000,0.67601523
12.00000000,1855.00000000,0.67597505
12.00000000,1856.00000000,0.67594600
12.00000000,1857.00000000,0.67594084
12.00000000,1858.00000000,0.67588529
12.00000000,1859.00000000,0.67586638
12.00000000,1860.00000000,0.67582208
12.00000000,1861.00000000,0.67580165
12.00000000,1862.00000000,0.67579301
12.00000000,1863.00000000,0.67573523
12.00000000,1864.00000000,0.67571630
12.00000000,1865.00000000,0.67568645
12.00000000,1866.00000000,0.67575688
12.00000000,1867.00000000,0.67572916
12.00000000,1868.00000000,0.67573933
12.00000000,1869.00000000,0.67570026
12.00000000,1870.00000000,0.67566171
12.00000000,1871.00000000,0.67567291
12.00000000,1872.00000000,0.67572031
12.00000000,1873.00000000,0.67571497
12.00000000,1874.00000000,0.67567985
12.00000000,1875.00000000,0.67570203
12.00000000,1876.00000000,0.67573250
12.00000000,1877.00000000,0.67574695
12.00000000,1878.00000000,0.67570902
12.00000000,1879.00000000,0.67573334
12.00000000,1880.00000000,0.67571539
12.00000000,1881.00000000,0.67571883
12.00000000,1882.00000000,0.67569357
12.00000000,1883.00000000,0.67571441
12.00000000,1884.00000000,0.67583214
12.00000000,1885.00000000,0.67587416
12.00000000,1886.00000000,0.67565535
12.00000000,1887.00000000,0.67573361
12.00000000,1888.00000000,0.67567506
12.00000000,1889.00000000,0.67561536
12.00000000,1890.00000000,0.67553501
12.00000000,1891.00000000,0.67560786
12.00000000,1892.00000000,0.67582737
12.00000000,1893.00000000,0.67580982
12.00000000,1894.00000000,0.67586539
12.00000000,1895.00000000,0.67595688
12.00000000,1896.00000000,0.67588523
12.00000000,1897.00000000,0.67579851
12.00000000,1898.00000000,0.67573368
12.00000000,1899.00000000,0.67578902
12.00000000,1900.00000000,0.67606261
12.00000000,1901.00000000,0.67593462
12.00000000,1902.00000000,0.67615946
12.00000000,1903.00000000,0.67621657
12.00000000,1904.00000000,0.67609286
12.00000000,1905.00000000,0.67588685
12.00000000,1906.00000000,0.67588254
12.00000000,1907.00000000,0.67599176
12.00000000,1908.00000000,0.67596581
12.00000000,1909.00000000,0.67602924
12.00000000,1910.00000000,0.67613415
12.00000000,1911.00000000,0.67644225
12.00000000,1912.00000000,0.67655920
12.00000000,1913.00000000,0.67656081
12.00000000,1914.00000000,0.67651027
12.00000000,1915.00000000,0.67691831
12.00000000,1916.00000000,0.67678594
12.00000000,1917.00000000,0.67705169
12.00000000,1918.00000000,0.67737882
12.00000000,1919.00000000,0.67811443
12.00000000,1920.00000000,0.67748189
12.00000000,1921.00000000,0.67770735
12.00000000,1922.00000000,0.67792470
12.00000000,1923.00000000,0.67793573
12.00000000,1924.00000000,0.67826758
12.00000000,1925.00000000,0.67885577
12.00000000,1926.00000000,0.67750039
12.00000000,1927.00000000,0.67714352
12.00000000,1928.00000000,0.67770840
12.00000000,1929.00000000,0.67815463
12.00000000,1930.00000000,0.67769102
12.00000000,1931.00000000,0.67585063
12.00000000,1932.00000000,0.67717571
12.00000000,1933.00000000,0.67535779
12.00000000,1934.00000000,0.67566323
12.00000000,1935.00000000,0.67699878
12.00000000,1936.00000000,0.67670294
12.00000000,1937.00000000,0.67663707
12.00000000,1938.00000000,0.67651423
12.00000000,1939.00000000,0.67726317
12.00000000,1940.00000000,0.67706925
12.00000000,1941.00000000,0.67782100
12.00000000,1942.00000000,0.67644238
12.00000000,1943.00000000,0.67480033
12.00000000,1944.00000000,0.67340096
12.00000000,1945.00000000,0.67371514
12.00000000,1946.00000000,0.67445183
12.00000000,1947.00000000,0.67487004
12.00000000,1948.00000000,0.67588672
12.00000000,1949.00000000,0.67659605
12.00000000,1950.00000000,0.67549256
12.00000000,1951.00000000,0.67581726
12.00000000,1952.00000000,0.67681979
12.00000000,1953.00000000,0.67690492
12.00000000,1954.00000000,0.67663258
12.00000000,1955.00000000,0.67684430
12.00000000,1956.00000000,0.67632920
12.00000000,1957.00000000,0.67313596
12.00000000,1958.00000000,0.67362258
12.00000000,1959.00000000,0.67501571
12.00000000,1960.00000000,0.67543413
12.00000000,1961.00000000,0.67426677
12.00000000,1962.00000000,0.67629235
12.00000000,1963.00000000,0.67739871
12.00000000,1964.00000000,0.67713123
12.00000000,1965.00000000,0.67705010
12.00000000,1966.00000000,0.67668518
12.00000000,1967.00000000,0.67818492
12.00000000,1968.00000000,0.67912721
12.00000000,1969.00000000,0.67951384
12.00000000,1970.00000000,0.67947878
12.00000000,1971.00000000,0.68029539
12.00000000,1972.00000000,0.68087191
12.00000000,1973.00000000,0.68021859
12.00000000,1974.00000000,0.68062799
12.00000000,1975.00000000,0.68152745
12.00000000,1976.00000000,0.68255573
12.00000000,1977.00000000,0.68328230
12.00000000,1978.00000000,0.68426554
12.00000000,1979.00000000,0.68456414
12.00000000,1980.00000000,0.68570567
12.00000000,1981.00000000,0.68725639
12.00000000,1982.00000000,0.68958344
12.00000000,1983.00000000,0.69043640
12.00000000,1984.00000000,0.69144962
12.00000000,1985.00000000,0.69328676
12.00000000,1986.00000000,0.69234544
12.00000000,1987.00000000,0.69092500
12.00000000,1988.00000000,0.69309776
12.00000000,1989.00000000,0.69375892
12.00000000,1990.00000000,0.69354255
12.00000000,1991.00000000,0.69580765
12.00000000,1992.00000000,0.69396315
12.00000000,1993.00000000,0.69079378
12.00000000,1994.00000000,0.68912335
12.00000000,1995.00000000,0.68774823
12.00000000,1996.00000000,0.68875811
12.00000000,1997.00000000,0.68944586
12.00000000,1998.00000000,0.69027131
12.00000000,1999.00000000,0.69081606
12.00000000,2000.00000000,0.69218512
12.00000000,2001.00000000,0.69251603
12.00000000,2002.00000000,0.69199815
12.00000000,2003.00000000,0.69190543
12.00000000,2004.00000000,0.68928418
12.00000000,2005.00000000,0.68811136
12.00000000,2006.00000000,0.68824335
12.00000000,2007.00000000,0.68847611
12.00000000,2008.00000000,0.68876592
12.00000000,2009.00000000,0.68867286
12.00000000,2010.00000000,0.68687011
12.00000000,2011.00000000,0.68518508
12.00000000,2012.00000000,0.68568546
12.00000000,2013.00000000,0.68608822
12.00000000,2014.00000000,0.68516542
12.00000000,2015.00000000,0.68759031
12.00000000,2016.00000000,0.69055143
12.00000000,2017.00000000,0.69243214
12.00000000,2018.00000000,0.69297673
12.00000000,2019.00000000,0.69348312
12.00000000,2020.00000000,0.69395142
12.00000000,2021.00000000,0.69437908
12.00000000,2022.00000000,0.69476758
12.00000000,2023.00000000,0.69594668
12.00000000,2024.00000000,0.69708868
12.00000000,2025.00000000,0.69819524
12.00000000,2026.00000000,0.69926763
12.00000000,2027.00000000,0.70030670
12.00000000,2028.00000000,0.70131333
12.00000000,2029.00000000,0.70228832
12.00000000,2030.00000000,0.70323183
12.00000000,2031.00000000,0.70414366
12.00000000,2032.00000000,0.70502120
12.00000000,2033.00000000,0.70550015
12.00000000,2034.00000000,0.70594004
12.00000000,2035.00000000,0.70633877
12.00000000,2036.00000000,0.70669554
12.00000000,2037.00000000,0.70701021
12.00000000,2038.00000000,0.70728253
12.00000000,2039.00000000,0.70751327
12.00000000,2040.00000000,0.70770262
12.00000000,2041.00000000,0.70785088
12.00000000,2042.00000000,0.70795690
12.00000000,2043.00000000,0.70875397
12.00000000,2044.00000000,0.70950230
12.00000000,2045.00000000,0.71020139
12.00000000,2046.00000000,0.71085133
12.00000000,2047.00000000,0.71145213
12.00000000,2048.00000000,0.71200442
12.00000000,2049.00000000,0.71250896
12.00000000,2050.00000000,0.71296655
12.00000000,2051.00000000,0.71337812
12.00000000,2052.00000000,0.71374458
12.00000000,2053.00000000,0.71458922
12.00000000,2054.00000000,0.71538790
12.00000000,2055.00000000,0.71614124
12.00000000,2056.00000000,0.71685019
12.00000000,2057.00000000,0.71751536
12.00000000,2058.00000000,0.71813743
12.00000000,2059.00000000,0.71871724
12.00000000,2060.00000000,0.71925522
12.00000000,2061.00000000,0.71975349
12.00000000,2062.00000000,0.72021718
12.00000000,2063.00000000,0.72062378
12.00000000,2064.00000000,0.72100642
12.00000000,2065.00000000,0.72136795
12.00000000,2066.00000000,0.72170995
12.00000000,2067.00000000,0.72203363
12.00000000,2068.00000000,0.72233943
12.00000000,2069.00000000,0.72262733
12.00000000,2070.00000000,0.72289751
12.00000000,2071.00000000,0.72315078
12.00000000,2072.00000000,0.72339087
12.00000000,2073.00000000,0.72255622
12.00000000,2074.00000000,0.72172364
12.00000000,2075.00000000,0.72089517
12.00000000,2076.00000000,0.72007152
12.00000000,2077.00000000,0.71925296
12.00000000,2078.00000000,0.71843956
12.00000000,2079.00000000,0.71763083
12.00000000,2080.00000000,0.71682609
12.00000000,2081.00000000,0.71602560
12.00000000,2082.00000000,0.71523080
12.00000000,2083.00000000,0.71351853
12.00000000,2084.00000000,0.71182200
12.00000000,2085.00000000,0.71014153
12.00000000,2086.00000000,0.70847739
12.00000000,2087.00000000,0.70682930
12.00000000,2088.00000000,0.70519671
12.00000000,2089.00000000,0.70357928
12.00000000,2090.00000000,0.70197630
12.00000000,2091.00000000,0.70038776
12.00000000,2092.00000000,0.69881540
12.00000000,2093.00000000,0.69676450
12.00000000,2094.00000000,0.69473606
12.00000000,2095.00000000,0.69273065
12.00000000,2096.00000000,0.69074796
12.00000000,2097.00000000,0.68878782
12.00000000,2098.00000000,0.68684955
12.00000000,2099.00000000,0.68493239
12.00000000,2100.00000000,0.68303593
12.00000000,2101.00000000,0.68115968
12.00000000,2102.00000000,0.67930433
12.00000000,2103.00000000,0.67697866
12.00000000,2104.00000000,0.67467855
12.00000000,2105.00000000,0.67240380
12.00000000,2106.00000000,0.67015425
12.00000000,2107.00000000,0.66792937
12.00000000,2108.00000000,0.66572839
12.00000000,2109.00000000,0.66355105
12.00000000,2110.00000000,0.66139639
12.00000000,2111.00000000,0.65926400
12.00000000,2112.00000000,0.65715321
12.00000000,2113.00000000,0.65469973
12.00000000,2114.00000000,0.65226934
12.00000000,2115.00000000,0.64986152
12.00000000,2116.00000000,0.64747576
12.00000000,2117.00000000,0.64511182
12.00000000,2118.00000000,0.64276919
12.00000000,2119.00000000,0.64044737
12.00000000,2120.00000000,0.63814624
12.00000000,2121.00000000,0.63586510
12.00000000,2122.00000000,0.63360391
12.00000000,2123.00000000,0.63136219
12.00000000,2124.00000000,0.62913950
12.00000000,2125.00000000,0.62693572
12.00000000,2126.00000000,0.62475034
12.00000000,2127.00000000,0.62258293
12.00000000,2128.00000000,0.62043335
12.00000000,2129.00000000,0.61830110
12.00000000,2130.00000000,0.61618575
12.00000000,2131.00000000,0.61408723
12.00000000,2132.00000000,0.61200521
12.00000000,2133.00000000,0.60993929
12.00000000,2134.00000000,0.60788947
12.00000000,2135.00000000,0.60585528
12.00000000,2136.00000000,0.60383666
12.00000000,2137.00000000,0.60183337
12.00000000,2138.00000000,0.59984503
12.00000000,2139.00000000,0.59787168
12.00000000,2140.00000000,0.59591298
12.00000000,2141.00000000,0.59396855
12.00000000,2142.00000000,0.59203854
12.00000000,2143.00000000,0.59012256
12.00000000,2144.00000000,0.58822036
12.00000000,2145.00000000,0.58633195
12.00000000,2146.00000000,0.58445688
12.00000000,2147.00000000,0.58259529
12.00000000,2148.00000000,0.58074682
12.00000000,2149.00000000,0.57891124
12.00000000,2150.00000000,0.57708859
12.00000000,2151.00000000,0.57528166
12.00000000,2152.00000000,0.57349908
12.00000000,2153.00000000,0.57174913
12.00000000,2154.00000000,0.57003572
12.00000000,2155.00000000,0.56836021
12.00000000,2156.00000000,0.56672292
12.00000000,2157.00000000,0.56512296
12.00000000,2158.00000000,0.56355956
12.00000000,2159.00000000,0.56203135
12.00000000,2160.00000000,0.56053694
12.00000000,2161.00000000,0.55907523
12.00000000,2162.00000000,0.55764470
12.00000000,2163.00000000,0.55416095
12.00000000,2164.00000000,0.55071670
12.00000000,2165.00000000,0.54731104
12.00000000,2166.00000000,0.54394313
12.00000000,2167.00000000,0.54061223
12.00000000,2168.00000000,0.53731772
12.00000000,2169.00000000,0.53405857
12.00000000,2170.00000000,0.53083428
12.00000000,2171.00000000,0.52764405
12.00000000,2172.00000000,0.52448728
12.00000000,2173.00000000,0.52136330
12.00000000,2174.00000000,0.51827140
12.00000000,2175.00000000,0.51521102
12.00000000,2176.00000000,0.51218157
12.00000000,2177.00000000,0.50918235
12.00000000,2178.00000000,0.50621295
12.00000000,2179.00000000,0.50327267
12.00000000,2180.00000000,0.50036097
12.00000000,2181.00000000,0.49747744
12.00000000,2182.00000000,0.49462144
12.00000000,2183.00000000,0.49179257
12.00000000,2184.00000000,0.48899033
12.00000000,2185.00000000,0.48621407
12.00000000,2186.00000000,0.48346351
12.00000000,2187.00000000,0.48073817
12.00000000,2188.00000000,0.47803746
12.00000000,2189.00000000,0.47536115
12.00000000,2190.00000000,0.47270876
12.00000000,2191.00000000,0.47007970
12.00000000,2192.00000000,0.46747378
12.00000000,2193.00000000,0.46489053
12.00000000,2194.00000000,0.46232944
12.00000000,2195.00000000,0.45979038
12.00000000,2196.00000000,0.45727271
12.00000000,2197.00000000,0.45477630
12.00000000,2198.00000000,0.45230069
12.00000000,2199.00000000,0.44984548
12.00000000,2200.00000000,0.44741042
12.00000000,2201.00000000,0.44499518
12.00000000,2202.00000000,0.44259932
12.00000000,2203.00000000,0.44022264
12.00000000,2204.00000000,0.43786477
12.00000000,2205.00000000,0.43552540
12.00000000,2206.00000000,0.43320430
12.00000000,2207.00000000,0.43090110
12.00000000,2208.00000000,0.42861555
12.00000000,2209.00000000,0.42634735
12.00000000,2210.00000000,0.42409610
12.00000000,2211.00000000,0.42186174
12.00000000,2212.00000000,0.41964391
12.00000000,2213.00000000,0.41744232
12.00000000,2214.00000000,0.41525677
12.00000000,2215.00000000,0.41308695
12.00000000,2216.00000000,0.41093259
12.00000000,2217.00000000,0.40879355
12.00000000,2218.00000000,0.40666950
12.00000000,2219.00000000,0.40456018
12.00000000,2220.00000000,0.40246545
12.00000000,2221.00000000,0.40038498
12.00000000,2222.00000000,0.39831866
12.00000000,2223.00000000,0.39626620
12.00000000,2224.00000000,0.39422729
12.00000000,2225.00000000,0.39220193
12.00000000,2226.00000000,0.39018975
12.00000000,2227.00000000,0.38819060
12.00000000,2228.00000000,0.38620427
12.00000000,2229.00000000,0.38423055
12.00000000,2230.00000000,0.38226918
12.00000000,2231.00000000,0.38032009
12.00000000,2232.00000000,0.37838294
12.00000000,2233.00000000,0.37645767
12.00000000,2234.00000000,0.37454403
12.00000000,2235.00000000,0.37264180
12.00000000,2236.00000000,0.37075088
12.00000000,2237.00000000,0.36887105
12.00000000,2238.00000000,0.36700205
12.00000000,2239.00000000,0.36514387
12.00000000,2240.00000000,0.36329630
12.00000000,2241.00000000,0.36145902
12.00000000,2242.00000000,0.35963201
12.00000000,2243.00000000,0.35781505
12.00000000,2244.00000000,0.35600799
12.00000000,2245.00000000,0.35421065
12.00000000,2246.00000000,0.35242281
12.00000000,2247.00000000,0.35064445
12.00000000,2248.00000000,0.34887534
12.00000000,2249.00000000,0.34711490
12.00000000,2250.00000000,0.34536075
12.00000000,2251.00000000,0.34360833
12.00000000,2252.00000000,0.34185338
12.00000000,2253.00000000,0.34009372
12.00000000,2254.00000000,0.33832838
12.00000000,2255.00000000,0.33655706
12.00000000,2256.00000000,0.33478002
12.00000000,2257.00000000,0.33299718
12.00000000,2258.00000000,0.33120897
12.00000000,2259.00000000,0.32941567
12.00000000,2260.00000000,0.32761765
12.00000000,2261.00000000,0.32623067
12.00000000,2262.00000000,0.32606364
12.00000000,2263.00000000,0.32622925
12.00000000,2264.00000000,0.32639354
12.00000000,2265.00000000,0.32655661
12.00000000,2266.00000000,0.32671840
12.00000000,2267.00000000,0.32687914
12.00000000,2268.00000000,0.32709119
12.00000000,2269.00000000,0.32730225
12.00000000,2270.00000000,0.32751225
12.00000000,2271.00000000,0.32772117
12.00000000,2272.00000000,0.32792911
12.00000000,2273.00000000,0.32803194
12.00000000,2274.00000000,0.32813367
12.00000000,2275.00000000,0.32823438
12.00000000,2276.00000000,0.32833406
12.00000000,2277.00000000,0.32843270
12.00000000,2278.00000000,0.32853049
12.00000000,2279.00000000,0.32862733
12.00000000,2280.00000000,0.32872320
12.00000000,2281.00000000,0.32881831
12.00000000,2282.00000000,0.32891247
12.00000000,2283.00000000,0.32900588
12.00000000,2284.00000000,0.32909852
12.00000000,2285.00000000,0.32919027
12.00000000,2286.00000000,0.32928134
12.00000000,2287.00000000,0.32937166
12.00000000,2288.00000000,0.32945669
12.00000000,2289.00000000,0.32954106
12.00000000,2290.00000000,0.32962474
12.00000000,2291.00000000,0.32970772
12.00000000,2292.00000000,0.32979009
12.00000000,2293.00000000,0.32987175
12.00000000,2294.00000000,0.32995290
12.00000000,2295.00000000,0.33003343
12.00000000,2296.00000000,0.33011330
12.00000000,2297.00000000,0.33019271
12.00000000,2298.00000000,0.33027154
12.00000000,2299.00000000,0.33034977
12.00000000,2300.00000000,0.33042758
12.00000000,2301.00000000,0.33050485
12.00000000,2302.00000000,0.33058153
12.00000000,2303.00000000,0.33065779
12.00000000,2304.00000000,0.33073341
12.00000000,2305.00000000,0.33080858
12.00000000,2306.00000000,0.33088328
12.00000000,2307.00000000,0.33095738
12.00000000,2308.00000000,0.33103108
12.00000000,2309.00000000,0.33110434
12.00000000,2310.00000000,0.33117705
12.00000000,2311.00000000,0.33124942
12.00000000,2312.00000000,0.33132133
12.00000000,2313.00000000,0.33140290
12.00000000,2314.00000000,0.33148419
12.00000000,2315.00000000,0.33156505
12.00000000,2316.00000000,0.33164548
12.00000000,2317.00000000,0.33172564
12.00000000,2318.00000000,0.33180535
12.00000000,2319.00000000,0.33188483
12.00000000,2320.00000000,0.33196393
12.00000000,2321.00000000,0.33204265
12.00000000,2322.00000000,0.33212116
12.00000000,2323.00000000,0.33219933
12.00000000,2324.00000000,0.33227713
12.00000000,2325.00000000,0.33235476
12.00000000,2326.00000000,0.33243209
12.00000000,2327.00000000,0.33250906
12.00000000,2328.00000000,0.33258584
12.00000000,2329.00000000,0.33266229
12.00000000,2330.00000000,0.33273861
12.00000000,2331.00000000,0.33281468
12.00000000,2332.00000000,0.33289042
12.00000000,2333.00000000,0.33296600
12.00000000,2334.00000000,0.33304140
12.00000000,2335.00000000,0.33311649
12.00000000,2336.00000000,0.33319148
12.00000000,2337.00000000,0.33326627
12.00000000,2338.00000000,0.33334077
12.00000000,2339.00000000,0.33341515
12.00000000,2340.00000000,0.33348938
12.00000000,2341.00000000,0.33356335
12.00000000,2342.00000000,0.33363724
12.00000000,2343.00000000,0.33371088
12.00000000,2344.00000000,0.33378446
12.00000000,2345.00000000,0.33385786
12.00000000,2346.00000000,0.33393105
12.00000000,2347.00000000,0.33400420
12.00000000,2348.00000000,0.33407721
12.00000000,2349.00000000,0.33414999
12.00000000,2350.00000000,0.33422275
12.00000000,2351.00000000,0.33429539
12.00000000,2352.00000000,0.33436783
12.00000000,2353.00000000,0.33444028
12.00000000,2354.00000000,0.33451250
12.00000000,2355.00000000,0.33458478
12.00000000,2356.00000000,0.33465697
12.00000000,2357.00000000,0.33472900
12.00000000,2358.00000000,0.33480106
12.00000000,2359.00000000,0.33487306
12.00000000,2360.00000000,0.33494489
12.00000000,2361.00000000,0.33501676
12.00000000,2362.00000000,0.33508858
12.00000000,2363.00000000,0.33515733
12.00000000,2364.00000000,0.33522611
12.00000000,2365.00000000,0.33529485
12.00000000,2366.00000000,0.33536346
12.00000000,2367.00000000,0.33543211
12.00000000,2368.00000000,0.33550064
12.00000000,2369.00000000,0.33556922
12.00000000,2370.00000000,0.33563778
12.00000000,2371.00000000,0.33570621
12.00000000,2372.00000000,0.33577471
12.00000000,2373.00000000,0.33584318
12.00000000,2374.00000000,0.33591154
12.00000000,2375.00000000,0.33597998
12.00000000,2376.00000000,0.33604843
12.00000000,2377.00000000,0.33611672
12.00000000,2378.00000000,0.33618512
12.00000000,2379.00000000,0.33625341
12.00000000,2380.00000000,0.33632180
12.00000000,2381.00000000,0.33639021
12.00000000,2382.00000000,0.33645847
12.00000000,2383.00000000,0.33652689
12.00000000,2384.00000000,0.33659527
12.00000000,2385.00000000,0.33666357
12.00000000,2386.00000000,0.33673197
12.00000000,2387.00000000,0.33680041
12.00000000,2388.00000000,0.33686871
12.00000000,2389.00000000,0.33693717
12.00000000,2390.00000000,0.33700550
12.00000000,2391.00000000,0.33707400
12.00000000,2392.00000000,0.33714252
12.00000000,2393.00000000,0.33721090
12.00000000,2394.00000000,0.33727946
12.00000000,2395.00000000,0.33734805
12.00000000,2396.00000000,0.33741650
12.00000000,2397.00000000,0.33748514
12.00000000,2398.00000000,0.33755381
12.00000000,2399.00000000,0.33762235
12.00000000,2400.00000000,0.33769108
12.00000000,2401.00000000,0.33775984
12.00000000,2402.00000000,0.33782853
12.00000000,2403.00000000,0.33789740
12.00000000,2404.00000000,0.33796617
12.00000000,2405.00000000,0.33803516
12.00000000,2406.00000000,0.33810420
12.00000000,2407.00000000,0.33817317
12.00000000,2408.00000000,0.33824238
12.00000000,2409.00000000,0.33831162
12.00000000,2410.00000000,0.33838078
12.00000000,2411.00000000,0.33845019
12.00000000,2412.00000000,0.33851963
12.00000000,2413.00000000,0.33858587
12.00000000,2414.00000000,0.33865236
12.00000000,2415.00000000,0.33871873
12.00000000,2416.00000000,0.33878533
12.00000000,2417.00000000,0.33885202
12.00000000,2418.00000000,0.33891861
12.00000000,2419.00000000,0.33898545
12.00000000,2420.00000000,0.33905236
12.00000000,2421.00000000,0.33911917
12.00000000,2422.00000000,0.33918624
12.00000000,2423.00000000,0.33925337
12.00000000,2424.00000000,0.33932041
12.00000000,2425.00000000,0.33938770
12.00000000,2426.00000000,0.33945507
12.00000000,2427.00000000,0.33952235
12.00000000,2428.00000000,0.33958988
12.00000000,2429.00000000,0.33965731
12.00000000,2430.00000000,0.33972500
12.00000000,2431.00000000,0.33979280
12.00000000,2432.00000000,0.33986048
12.00000000,2433.00000000,0.33992846
12.00000000,2434.00000000,0.33999648
12.00000000,2435.00000000,0.34006441
12.00000000,2436.00000000,0.34013263
12.00000000,2437.00000000,0.34020094
12.00000000,2438.00000000,0.34026913
12.00000000,2439.00000000,0.34033761
12.00000000,2440.00000000,0.34040597
12.00000000,2441.00000000,0.34047464
12.00000000,2442.00000000,0.34054341
12.00000000,2443.00000000,0.34061204
12.00000000,2444.00000000,0.34068097
12.00000000,2445.00000000,0.34075001
12.00000000,2446.00000000,0.34081891
12.00000000,2447.00000000,0.34088814
12.00000000,2448.00000000,0.34095745
12.00000000,2449.00000000,0.34102662
12.00000000,2450.00000000,0.34109616
12.00000000,2451.00000000,0.34116547
12.00000000,2452.00000000,0.34123518
12.00000000,2453.00000000,0.34130497
12.00000000,2454.00000000,0.34137457
12.00000000,2455.00000000,0.34144452
12.00000000,2456.00000000,0.34151458
12.00000000,2457.00000000,0.34158440
12.00000000,2458.00000000,0.34165462
12.00000000,2459.00000000,0.34172492
12.00000000,2460.00000000,0.34179498
12.00000000,2461.00000000,0.34186544
12.00000000,2462.00000000,0.34193600
12.00000000,2463.00000000,0.34200842
12.00000000,2464.00000000,0.34208123
12.00000000,2465.00000000,0.34215379
12.00000000,2466.00000000,0.34222678
12.00000000,2467.00000000,0.34229987
12.00000000,2468.00000000,0.34237271
12.00000000,2469.00000000,0.34244597
12.00000000,2470.00000000,0.34251935
12.00000000,2471.00000000,0.34259244
12.00000000,2472.00000000,0.34266601
12.00000000,2473.00000000,0.34273966
12.00000000,2474.00000000,0.34281303
12.00000000,2475.00000000,0.34288689
12.00000000,2476.00000000,0.34296039
12.00000000,2477.00000000,0.34303448
12.00000000,2478.00000000,0.34310864
12.00000000,2479.00000000,0.34318241
12.00000000,2480.00000000,0.34325681
12.00000000,2481.00000000,0.34333127
12.00000000,2482.00000000,0.34340532
12.00000000,2483.00000000,0.34348001
12.00000000,2484.00000000,0.34355482
12.00000000,2485.00000000,0.34362916
12.00000000,2486.00000000,0.34370416
12.00000000,2487.00000000,0.34377928
12.00000000,2488.00000000,0.34385391
12.00000000,2489.00000000,0.34392930
12.00000000,2490.00000000,0.34400405
12.00000000,2491.00000000,0.34407968
12.00000000,2492.00000000,0.34415541
12.00000000,2493.00000000,0.34423052
12.00000000,2494.00000000,0.34430652
12.00000000,2495.00000000,0.34438268
12.00000000,2496.00000000,0.34445808
12.00000000,2497.00000000,0.34453455
12.00000000,2498.00000000,0.34461117
12.00000000,2499.00000000,0.34468699
12.00000000,2500.00000000,0.34476404
13.00000000,1765.00000000,0.63764114
13.00000000,1766.00000000,0.63764106
13.00000000,1767.00000000,0.63764071
13.00000000,1768.00000000,0.63763980
13.00000000,1769.00000000,0.63763822
13.00000000,1770.00000000,0.63763591
13.00000000,1771.00000000,0.63763268
13.00000000,1772.00000000,0.63762865
13.00000000,1773.00000000,0.63762350
13.00000000,1774.00000000,0.63761745
13.00000000,1775.00000000,0.63761039
13.00000000,1776.00000000,0.63760220
13.00000000,1777.00000000,0.63759313
13.00000000,1778.00000000,0.63758288
13.00000000,1779.00000000,0.63760732
13.00000000,1780.00000000,0.63759498
13.00000000,1781.00000000,0.63758156
13.00000000,1782.00000000,0.63756725
13.00000000,1783.00000000,0.63755196
13.00000000,1784.00000000,0.63754765
13.00000000,1785.00000000,0.63753055
13.00000000,1786.00000000,0.63751264
13.00000000,1787.00000000,0.63749390
13.00000000,1788.00000000,0.63747445
13.00000000,1789.00000000,0.63745427
13.00000000,1790.00000000,0.63743340
13.00000000,1791.00000000,0.63741188
13.00000000,1792.00000000,0.63738969
13.00000000,1793.00000000,0.63736684
13.00000000,1794.00000000,0.63735529
13.00000000,1795.00000000,0.63733120
13.00000000,1796.00000000,0.63730662
13.00000000,1797.00000000,0.63728152
13.00000000,1798.00000000,0.63725579
13.00000000,1799.00000000,0.63722960
13.00000000,1800.00000000,0.63720295
13.00000000,1801.00000000,0.63717575
13.00000000,1802.00000000,0.63714805
13.00000000,1803.00000000,0.63711986
13.00000000,1804.00000000,0.63710312
13.00000000,1805.00000000,0.63707406
13.00000000,1806.00000000,0.63704455
13.00000000,1807.00000000,0.63701469
13.00000000,1808.00000000,0.63698449
13.00000000,1809.00000000,0.63695386
13.00000000,1810.00000000,0.63693493
13.00000000,1811.00000000,0.63690371
13.00000000,1812.00000000,0.63687213
13.00000000,1813.00000000,0.63685226
13.00000000,1814.00000000,0.63682014
13.00000000,1815.00000000,0.63681156
13.00000000,1816.00000000,0.63676702
13.00000000,1817.00000000,0.63673401
13.00000000,1818.00000000,0.63670078
13.00000000,1819.00000000,0.63667912
13.00000000,1820.00000000,0.63664523
13.00000000,1821.00000000,0.63661120
13.00000000,1822.00000000,0.63657694
13.00000000,1823.00000000,0.63654245
13.00000000,1824.00000000,0.63651967
13.00000000,1825.00000000,0.63648471
13.00000000,1826.00000000,0.63644951
13.00000000,1827.00000000,0.63641410
13.00000000,1828.00000000,0.63639035
13.00000000,1829.00000000,0.63636649
13.00000000,1830.00000000,0.63634235
13.00000000,1831.00000000,0.63630594
13.00000000,1832.00000000,0.63626922
13.00000000,1833.00000000,0.63623216
13.00000000,1834.00000000,0.63619485
13.00000000,1835.00000000,0.63616927
13.00000000,1836.00000000,0.63614350
13.00000000,1837.00000000,0.63610539
13.00000000,1838.00000000,0.63607892
13.00000000,1839.00000000,0.63604026
13.00000000,1840.00000000,0.63601316
13.00000000,1841.00000000,0.63597390
13.00000000,1842.00000000,0.63593423
13.00000000,1843.00000000,0.63596583
13.00000000,1844.00000000,0.63591364
13.00000000,1845.00000000,0.63587298
13.00000000,1846.00000000,0.63584388
13.00000000,1847.00000000,0.63580247
13.00000000,1848.00000000,0.63577250
13.00000000,1849.00000000,0.63577798
13.00000000,1850.00000000,0.63573526
13.00000000,1851.00000000,0.63570401
13.00000000,1852.00000000,0.63567244
13.00000000,1853.00000000,0.63565171
13.00000000,1854.00000000,0.63561735
13.00000000,1855.00000000,0.63559334
13.00000000,1856.00000000,0.63555627
13.00000000,1857.00000000,0.63553031
13.00000000,1858.00000000,0.63552751
13.00000000,1859.00000000,0.63547645
13.00000000,1860.00000000,0.63546066
13.00000000,1861.00000000,0.63542026
13.00000000,1862.00000000,0.63540309
13.00000000,1863.00000000,0.63539834
13.00000000,1864.00000000,0.63534731
13.00000000,1865.00000000,0.63533338
13.00000000,1866.00000000,0.63530833
13.00000000,1867.00000000,0.63537948
13.00000000,1868.00000000,0.63535587
13.00000000,1869.00000000,0.63536844
13.00000000,1870.00000000,0.63533358
13.00000000,1871.00000000,0.63529889
13.00000000,1872.00000000,0.63531108
13.00000000,1873.00000000,0.63535587
13.00000000,1874.00000000,0.63534838
13.00000000,1875.00000000,0.63531309
13.00000000,1876.00000000,0.63533393
13.00000000,1877.00000000,0.63536356
13.00000000,1878.00000000,0.63537859
13.00000000,1879.00000000,0.63534382
13.00000000,1880.00000000,0.63536911
13.00000000,1881.00000000,0.63535326
13.00000000,1882.00000000,0.63535793
13.00000000,1883.00000000,0.63533580
13.00000000,1884.00000000,0.63535916
13.00000000,1885.00000000,0.63547629
13.00000000,1886.00000000,0.63552093
13.00000000,1887.00000000,0.63531482
13.00000000,1888.00000000,0.63539442
13.00000000,1889.00000000,0.63534172
13.00000000,1890.00000000,0.63528775
13.00000000,1891.00000000,0.63521376
13.00000000,1892.00000000,0.63528693
13.00000000,1893.00000000,0.63550155
13.00000000,1894.00000000,0.63548846
13.00000000,1895.00000000,0.63554573
13.00000000,1896.00000000,0.63563690
13.00000000,1897.00000000,0.63557082
13.00000000,1898.00000000,0.63549012
13.00000000,1899.00000000,0.63543006
13.00000000,1900.00000000,0.63548501
13.00000000,1901.00000000,0.63574936
13.00000000,1902.00000000,0.63562682
13.00000000,1903.00000000,0.63584354
13.00000000,1904.00000000,0.63589856
13.00000000,1905.00000000,0.63577951
13.00000000,1906.00000000,0.63558100
13.00000000,1907.00000000,0.63557583
13.00000000,1908.00000000,0.63567950
13.00000000,1909.00000000,0.63565515
13.00000000,1910.00000000,0.63571917
13.00000000,1911.00000000,0.63582434
13.00000000,1912.00000000,0.63612693
13.00000000,1913.00000000,0.63624734
13.00000000,1914.00000000,0.63625798
13.00000000,1915.00000000,0.63622196
13.00000000,1916.00000000,0.63662999
13.00000000,1917.00000000,0.63651632
13.00000000,1918.00000000,0.63678300
13.00000000,1919.00000000,0.63710930
13.00000000,1920.00000000,0.63783192
13.00000000,1921.00000000,0.63723778
13.00000000,1922.00000000,0.63746887
13.00000000,1923.00000000,0.63769134
13.00000000,1924.00000000,0.63771077
13.00000000,1925.00000000,0.63803660
13.00000000,1926.00000000,0.63860962
13.00000000,1927.00000000,0.63731224
13.00000000,1928.00000000,0.63697407
13.00000000,1929.00000000,0.63752139
13.00000000,1930.00000000,0.63795428
13.00000000,1931.00000000,0.63751412
13.00000000,1932.00000000,0.63575592
13.00000000,1933.00000000,0.63705091
13.00000000,1934.00000000,0.63532290
13.00000000,1935.00000000,0.63563333
13.00000000,1936.00000000,0.63693011
13.00000000,1937.00000000,0.63665216
13.00000000,1938.00000000,0.63659315
13.00000000,1939.00000000,0.63648138
13.00000000,1940.00000000,0.63720963
13.00000000,1941.00000000,0.63702844
13.00000000,1942.00000000,0.63775626
13.00000000,1943.00000000,0.63643477
13.00000000,1944.00000000,0.63486024
13.00000000,1945.00000000,0.63352253
13.00000000,1946.00000000,0.63384080
13.00000000,1947.00000000,0.63456594
13.00000000,1948.00000000,0.63497641
13.00000000,1949.00000000,0.63595821
13.00000000,1950.00000000,0.63664452
13.00000000,1951.00000000,0.63558226
13.00000000,1952.00000000,0.63588645
13.00000000,1953.00000000,0.63684074
13.00000000,1954.00000000,0.63691698
13.00000000,1955.00000000,0.63665293
13.00000000,1956.00000000,0.63685335
13.00000000,1957.00000000,0.63635172
13.00000000,1958.00000000,0.63327407
13.00000000,1959.00000000,0.63374089
13.00000000,1960.00000000,0.63508458
13.00000000,1961.00000000,0.63549514
13.00000000,1962.00000000,0.63438350
13.00000000,1963.00000000,0.63634553
13.00000000,1964.00000000,0.63742241
13.00000000,1965.00000000,0.63717540
13.00000000,1966.00000000,0.63710642
13.00000000,1967.00000000,0.63676375
13.00000000,1968.00000000,0.63821623
13.00000000,1969.00000000,0.63913385
13.00000000,1970.00000000,0.63951591
13.00000000,1971.00000000,0.63949035
13.00000000,1972.00000000,0.64028632
13.00000000,1973.00000000,0.64085548
13.00000000,1974.00000000,0.64024305
13.00000000,1975.00000000,0.64065878
13.00000000,1976.00000000,0.64155373
13.00000000,1977.00000000,0.64257187
13.00000000,1978.00000000,0.64329666
13.00000000,1979.00000000,0.64426967
13.00000000,1980.00000000,0.64458541
13.00000000,1981.00000000,0.64571991
13.00000000,1982.00000000,0.64726222
13.00000000,1983.00000000,0.64955845
13.00000000,1984.00000000,0.65043623
13.00000000,1985.00000000,0.65146293
13.00000000,1986.00000000,0.65327507
13.00000000,1987.00000000,0.65240993
13.00000000,1988.00000000,0.65108102
13.00000000,1989.00000000,0.65320589
13.00000000,1990.00000000,0.65387704
13.00000000,1991.00000000,0.65370865
13.00000000,1992.00000000,0.65593319
13.00000000,1993.00000000,0.65421521
13.00000000,1994.00000000,0.65123181
13.00000000,1995.00000000,0.64968987
13.00000000,1996.00000000,0.64842837
13.00000000,1997.00000000,0.64945817
13.00000000,1998.00000000,0.65017828
13.00000000,1999.00000000,0.65103579
13.00000000,2000.00000000,0.65162794
13.00000000,2001.00000000,0.65301140
13.00000000,2002.00000000,0.65339041
13.00000000,2003.00000000,0.65294691
13.00000000,2004.00000000,0.65290089
13.00000000,2005.00000000,0.65040960
13.00000000,2006.00000000,0.64930581
13.00000000,2007.00000000,0.64946022
13.00000000,2008.00000000,0.64971741
13.00000000,2009.00000000,0.65003456
13.00000000,2010.00000000,0.64998787
13.00000000,2011.00000000,0.64829988
13.00000000,2012.00000000,0.64672557
13.00000000,2013.00000000,0.64725218
13.00000000,2014.00000000,0.64768482
13.00000000,2015.00000000,0.64684348
13.00000000,2016.00000000,0.64922298
13.00000000,2017.00000000,0.65211979
13.00000000,2018.00000000,0.65397954
13.00000000,2019.00000000,0.65455660
13.00000000,2020.00000000,0.65509919
13.00000000,2021.00000000,0.65560806
13.00000000,2022.00000000,0.65608178
13.00000000,2023.00000000,0.65652237
13.00000000,2024.00000000,0.65772722
13.00000000,2025.00000000,0.65890001
13.00000000,2026.00000000,0.66004193
13.00000000,2027.00000000,0.66115390
13.00000000,2028.00000000,0.66223648
13.00000000,2029.00000000,0.66329035
13.00000000,2030.00000000,0.66431600
13.00000000,2031.00000000,0.66531279
13.00000000,2032.00000000,0.66627838
13.00000000,2033.00000000,0.66720922
13.00000000,2034.00000000,0.66775617
13.00000000,2035.00000000,0.66826573
13.00000000,2036.00000000,0.66873673
13.00000000,2037.00000000,0.66916894
13.00000000,2038.00000000,0.66956257
13.00000000,2039.00000000,0.66991777
13.00000000,2040.00000000,0.67023539
13.00000000,2041.00000000,0.67051527
13.00000000,2042.00000000,0.67075636
13.00000000,2043.00000000,0.67095713
13.00000000,2044.00000000,0.67182341
13.00000000,2045.00000000,0.67264448
13.00000000,2046.00000000,0.67342034
13.00000000,2047.00000000,0.67415134
13.00000000,2048.00000000,0.67483770
13.00000000,2049.00000000,0.67548021
13.00000000,2050.00000000,0.67607957
13.00000000,2051.00000000,0.67663664
13.00000000,2052.00000000,0.67715245
13.00000000,2053.00000000,0.67762782
13.00000000,2054.00000000,0.67856581
13.00000000,2055.00000000,0.67946235
13.00000000,2056.00000000,0.68031798
13.00000000,2057.00000000,0.68113347
13.00000000,2058.00000000,0.68190932
13.00000000,2059.00000000,0.68264610
13.00000000,2060.00000000,0.68334451
13.00000000,2061.00000000,0.68400609
13.00000000,2062.00000000,0.68463592
13.00000000,2063.00000000,0.68523961
13.00000000,2064.00000000,0.68579368
13.00000000,2065.00000000,0.68632846
13.00000000,2066.00000000,0.68684550
13.00000000,2067.00000000,0.68734558
13.00000000,2068.00000000,0.68782928
13.00000000,2069.00000000,0.68829655
13.00000000,2070.00000000,0.68874707
13.00000000,2071.00000000,0.68918192
13.00000000,2072.00000000,0.68960450
13.00000000,2073.00000000,0.69001885
13.00000000,2074.00000000,0.68940166
13.00000000,2075.00000000,0.68878758
13.00000000,2076.00000000,0.68817764
13.00000000,2077.00000000,0.68757198
13.00000000,2078.00000000,0.68697034
13.00000000,2079.00000000,0.68637250
13.00000000,2080.00000000,0.68577775
13.00000000,2081.00000000,0.68518604
13.00000000,2082.00000000,0.68459900
13.00000000,2083.00000000,0.68401825
13.00000000,2084.00000000,0.68255341
13.00000000,2085.00000000,0.68110261
13.00000000,2086.00000000,0.67966575
13.00000000,2087.00000000,0.67824279
13.00000000,2088.00000000,0.67683324
13.00000000,2089.00000000,0.67543646
13.00000000,2090.00000000,0.67405208
13.00000000,2091.00000000,0.67268009
13.00000000,2092.00000000,0.67132189
13.00000000,2093.00000000,0.66997940
13.00000000,2094.00000000,0.66817445
13.00000000,2095.00000000,0.66638958
13.00000000,2096.00000000,0.66462489
13.00000000,2097.00000000,0.66287981
13.00000000,2098.00000000,0.66115406
13.00000000,2099.00000000,0.65944690
13.00000000,2100.00000000,0.65775760
13.00000000,2101.00000000,0.65608617
13.00000000,2102.00000000,0.65443312
13.00000000,2103.00000000,0.65279915
13.00000000,2104.00000000,0.65070930
13.00000000,2105.00000000,0.64864206
13.00000000,2106.00000000,0.64659694
13.00000000,2107.00000000,0.64457373
13.00000000,2108.00000000,0.64257184
13.00000000,2109.00000000,0.64059055
13.00000000,2110.00000000,0.63862956
13.00000000,2111.00000000,0.63668805
13.00000000,2112.00000000,0.63476563
13.00000000,2113.00000000,0.63286172
13.00000000,2114.00000000,0.63062404
13.00000000,2115.00000000,0.62840631
13.00000000,2116.00000000,0.62620809
13.00000000,2117.00000000,0.62402890
13.00000000,2118.00000000,0.62186859
13.00000000,2119.00000000,0.61972667
13.00000000,2120.00000000,0.61760278
13.00000000,2121.00000000,0.61549676
13.00000000,2122.00000000,0.61340808
13.00000000,2123.00000000,0.61133667
13.00000000,2124.00000000,0.60928209
13.00000000,2125.00000000,0.60724401
13.00000000,2126.00000000,0.60522230
13.00000000,2127.00000000,0.60321651
13.00000000,2128.00000000,0.60122619
13.00000000,2129.00000000,0.59925131
13.00000000,2130.00000000,0.59729138
13.00000000,2131.00000000,0.59534614
13.00000000,2132.00000000,0.59341553
13.00000000,2133.00000000,0.59149925
13.00000000,2134.00000000,0.58959696
13.00000000,2135.00000000,0.58770862
13.00000000,2136.00000000,0.58583387
13.00000000,2137.00000000,0.58397282
13.00000000,2138.00000000,0.58212506
13.00000000,2139.00000000,0.58029032
13.00000000,2140.00000000,0.57846861
13.00000000,2141.00000000,0.57665971
13.00000000,2142.00000000,0.57486331
13.00000000,2143.00000000,0.57307946
13.00000000,2144.00000000,0.57130789
13.00000000,2145.00000000,0.56954837
13.00000000,2146.00000000,0.56780080
13.00000000,2147.00000000,0.56606507
13.00000000,2148.00000000,0.56434104
13.00000000,2149.00000000,0.56262853
13.00000000,2150.00000000,0.56092734
13.00000000,2151.00000000,0.55924039
13.00000000,2152.00000000,0.55757623
13.00000000,2153.00000000,0.55594254
13.00000000,2154.00000000,0.55434342
13.00000000,2155.00000000,0.55278025
13.00000000,2156.00000000,0.55125298
13.00000000,2157.00000000,0.54976131
13.00000000,2158.00000000,0.54830394
13.00000000,2159.00000000,0.54687995
13.00000000,2160.00000000,0.54548795
13.00000000,2161.00000000,0.54412664
13.00000000,2162.00000000,0.54279482
13.00000000,2163.00000000,0.54149131
13.00000000,2164.00000000,0.53818845
13.00000000,2165.00000000,0.53492145
13.00000000,2166.00000000,0.53168957
13.00000000,2167.00000000,0.52849193
13.00000000,2168.00000000,0.52532809
13.00000000,2169.00000000,0.52219727
13.00000000,2170.00000000,0.51909872
13.00000000,2171.00000000,0.51603196
13.00000000,2172.00000000,0.51299629
13.00000000,2173.00000000,0.50999113
13.00000000,2174.00000000,0.50701600
13.00000000,2175.00000000,0.50407013
13.00000000,2176.00000000,0.50115312
13.00000000,2177.00000000,0.49826445
13.00000000,2178.00000000,0.49540346
13.00000000,2179.00000000,0.49256980
13.00000000,2180.00000000,0.48976287
13.00000000,2181.00000000,0.48698213
13.00000000,2182.00000000,0.48422727
13.00000000,2183.00000000,0.48149771
13.00000000,2184.00000000,0.47879305
13.00000000,2185.00000000,0.47611293
13.00000000,2186.00000000,0.47345670
13.00000000,2187.00000000,0.47082412
13.00000000,2188.00000000,0.46821476
13.00000000,2189.00000000,0.46562814
13.00000000,2190.00000000,0.46306396
13.00000000,2191.00000000,0.46052186
13.00000000,2192.00000000,0.45800135
13.00000000,2193.00000000,0.45550214
13.00000000,2194.00000000,0.45302385
13.00000000,2195.00000000,0.45056608
13.00000000,2196.00000000,0.44812863
13.00000000,2197.00000000,0.44571105
13.00000000,2198.00000000,0.44331307
13.00000000,2199.00000000,0.44093434
13.00000000,2200.00000000,0.43857450
13.00000000,2201.00000000,0.43623332
13.00000000,2202.00000000,0.43391048
13.00000000,2203.00000000,0.43160565
13.00000000,2204.00000000,0.42931858
13.00000000,2205.00000000,0.42704897
13.00000000,2206.00000000,0.42479648
13.00000000,2207.00000000,0.42256097
13.00000000,2208.00000000,0.42034203
13.00000000,2209.00000000,0.41813953
13.00000000,2210.00000000,0.41595312
13.00000000,2211.00000000,0.41378250
13.00000000,2212.00000000,0.41162754
13.00000000,2213.00000000,0.40948795
13.00000000,2214.00000000,0.40736344
13.00000000,2215.00000000,0.40525385
13.00000000,2216.00000000,0.40315890
13.00000000,2217.00000000,0.40107836
13.00000000,2218.00000000,0.39901203
13.00000000,2219.00000000,0.39695967
13.00000000,2220.00000000,0.39492099
13.00000000,2221.00000000,0.39289591
13.00000000,2222.00000000,0.39088411
13.00000000,2223.00000000,0.38888548
13.00000000,2224.00000000,0.38689976
13.00000000,2225.00000000,0.38492671
13.00000000,2226.00000000,0.38296622
13.00000000,2227.00000000,0.38101802
13.00000000,2228.00000000,0.37908192
13.00000000,2229.00000000,0.37715781
13.00000000,2230.00000000,0.37524544
13.00000000,2231.00000000,0.37334461
13.00000000,2232.00000000,0.37145518
13.00000000,2233.00000000,0.36957690
13.00000000,2234.00000000,0.36770967
13.00000000,2235.00000000,0.36585327
13.00000000,2236.00000000,0.36400746
13.00000000,2237.00000000,0.36217225
13.00000000,2238.00000000,0.36034738
13.00000000,2239.00000000,0.35853263
13.00000000,2240.00000000,0.35672791
13.00000000,2241.00000000,0.35493306
13.00000000,2242.00000000,0.35314784
13.00000000,2243.00000000,0.35137214
13.00000000,2244.00000000,0.34960576
13.00000000,2245.00000000,0.34784862
13.00000000,2246.00000000,0.34610057
13.00000000,2247.00000000,0.34436137
13.00000000,2248.00000000,0.34263096
13.00000000,2249.00000000,0.34090875
13.00000000,2250.00000000,0.33919237
13.00000000,2251.00000000,0.33747735
13.00000000,2252.00000000,0.33575961
13.00000000,2253.00000000,0.33403686
13.00000000,2254.00000000,0.33230828
13.00000000,2255.00000000,0.33057361
13.00000000,2256.00000000,0.32883288
13.00000000,2257.00000000,0.32708637
13.00000000,2258.00000000,0.32533423
13.00000000,2259.00000000,0.32357686
13.00000000,2260.00000000,0.32181464
13.00000000,2261.00000000,0.32004805
13.00000000,2262.00000000,0.31868397
13.00000000,2263.00000000,0.31851363
13.00000000,2264.00000000,0.31866892
13.00000000,2265.00000000,0.31882307
13.00000000,2266.00000000,0.31897612
13.00000000,2267.00000000,0.31912805
13.00000000,2268.00000000,0.31927902
13.00000000,2269.00000000,0.31948028
13.00000000,2270.00000000,0.31968063
13.00000000,2271.00000000,0.31988003
13.00000000,2272.00000000,0.32007846
13.00000000,2273.00000000,0.32027598
13.00000000,2274.00000000,0.32037077
13.00000000,2275.00000000,0.32046456
13.00000000,2276.00000000,0.32055742
13.00000000,2277.00000000,0.32064935
13.00000000,2278.00000000,0.32074038
13.00000000,2279.00000000,0.32083055
13.00000000,2280.00000000,0.32091992
13.00000000,2281.00000000,0.32100844
13.00000000,2282.00000000,0.32109617
13.00000000,2283.00000000,0.32118312
13.00000000,2284.00000000,0.32126938
13.00000000,2285.00000000,0.32135488
13.00000000,2286.00000000,0.32143962
13.00000000,2287.00000000,0.32152374
13.00000000,2288.00000000,0.32160715
13.00000000,2289.00000000,0.32168545
13.00000000,2290.00000000,0.32176316
13.00000000,2291.00000000,0.32184023
13.00000000,2292.00000000,0.32191665
13.00000000,2293.00000000,0.32199254
13.00000000,2294.00000000,0.32206779
13.00000000,2295.00000000,0.32214251
13.00000000,2296.00000000,0.32221674
13.00000000,2297.00000000,0.32229035
13.00000000,2298.00000000,0.32236350
13.00000000,2299.00000000,0.32243618
13.00000000,2300.00000000,0.32250830
13.00000000,2301.00000000,0.32257999
13.00000000,2302.00000000,0.32265122
13.00000000,2303.00000000,0.32272187
13.00000000,2304.00000000,0.32279211
13.00000000,2305.00000000,0.32286177
13.00000000,2306.00000000,0.32293102
13.00000000,2307.00000000,0.32299982
13.00000000,2308.00000000,0.32306809
13.00000000,2309.00000000,0.32313598
13.00000000,2310.00000000,0.32320346
13.00000000,2311.00000000,0.32327046
13.00000000,2312.00000000,0.32333713
13.00000000,2313.00000000,0.32340339
13.00000000,2314.00000000,0.32347914
13.00000000,2315.00000000,0.32355461
13.00000000,2316.00000000,0.32362969
13.00000000,2317.00000000,0.32370440
13.00000000,2318.00000000,0.32377885
13.00000000,2319.00000000,0.32385290
13.00000000,2320.00000000,0.32392672
13.00000000,2321.00000000,0.32400021
13.00000000,2322.00000000,0.32407336
13.00000000,2323.00000000,0.32414629
13.00000000,2324.00000000,0.32421895
13.00000000,2325.00000000,0.32429127
13.00000000,2326.00000000,0.32436337
13.00000000,2327.00000000,0.32443524
13.00000000,2328.00000000,0.32450681
13.00000000,2329.00000000,0.32457820
13.00000000,2330.00000000,0.32464928
13.00000000,2331.00000000,0.32472022
13.00000000,2332.00000000,0.32479091
13.00000000,2333.00000000,0.32486136
13.00000000,2334.00000000,0.32493166
13.00000000,2335.00000000,0.32500177
13.00000000,2336.00000000,0.32507161
13.00000000,2337.00000000,0.32514135
13.00000000,2338.00000000,0.32521087
13.00000000,2339.00000000,0.32528018
13.00000000,2340.00000000,0.32534939
13.00000000,2341.00000000,0.32541844
13.00000000,2342.00000000,0.32548727
13.00000000,2343.00000000,0.32555601
13.00000000,2344.00000000,0.32562453
13.00000000,2345.00000000,0.32569299
13.00000000,2346.00000000,0.32576127
13.00000000,2347.00000000,0.32582939
13.00000000,2348.00000000,0.32589745
13.00000000,2349.00000000,0.32596539
13.00000000,2350.00000000,0.32603314
13.00000000,2351.00000000,0.32610085
13.00000000,2352.00000000,0.32616846
13.00000000,2353.00000000,0.32623592
13.00000000,2354.00000000,0.32630335
13.00000000,2355.00000000,0.32637065
13.00000000,2356.00000000,0.32643795
13.00000000,2357.00000000,0.32650517
13.00000000,2358.00000000,0.32657226
13.00000000,2359.00000000,0.32663936
13.00000000,2360.00000000,0.32670640
13.00000000,2361.00000000,0.32677330
13.00000000,2362.00000000,0.32684026
13.00000000,2363.00000000,0.32690714
13.00000000,2364.00000000,0.32697103
13.00000000,2365.00000000,0.32703498
13.00000000,2366.00000000,0.32709887
13.00000000,2367.00000000,0.32716266
13.00000000,2368.00000000,0.32722647
13.00000000,2369.00000000,0.32729016
13.00000000,2370.00000000,0.32735393
13.00000000,2371.00000000,0.32741765
13.00000000,2372.00000000,0.32748129
13.00000000,2373.00000000,0.32754496
13.00000000,2374.00000000,0.32760861
13.00000000,2375.00000000,0.32767218
13.00000000,2376.00000000,0.32773580
13.00000000,2377.00000000,0.32779943
13.00000000,2378.00000000,0.32786294
13.00000000,2379.00000000,0.32792655
13.00000000,2380.00000000,0.32799004
13.00000000,2381.00000000,0.32805364
13.00000000,2382.00000000,0.32811723
13.00000000,2383.00000000,0.32818072
13.00000000,2384.00000000,0.32824432
13.00000000,2385.00000000,0.32830789
13.00000000,2386.00000000,0.32837141
13.00000000,2387.00000000,0.32843500
13.00000000,2388.00000000,0.32849862
13.00000000,2389.00000000,0.32856218
13.00000000,2390.00000000,0.32862580
13.00000000,2391.00000000,0.32868938
13.00000000,2392.00000000,0.32875306
13.00000000,2393.00000000,0.32881673
13.00000000,2394.00000000,0.32888036
13.00000000,2395.00000000,0.32894410
13.00000000,2396.00000000,0.32900785
13.00000000,2397.00000000,0.32907153
13.00000000,2398.00000000,0.32913534
13.00000000,2399.00000000,0.32919917
13.00000000,2400.00000000,0.32926293
13.00000000,2401.00000000,0.32932682
13.00000000,2402.00000000,0.32939075
13.00000000,2403.00000000,0.32945466
13.00000000,2404.00000000,0.32951870
13.00000000,2405.00000000,0.32958269
13.00000000,2406.00000000,0.32964685
13.00000000,2407.00000000,0.32971108
13.00000000,2408.00000000,0.32977525
13.00000000,2409.00000000,0.32983959
13.00000000,2410.00000000,0.32990401
13.00000000,2411.00000000,0.32996837
13.00000000,2412.00000000,0.33003291
13.00000000,2413.00000000,0.33009749
13.00000000,2414.00000000,0.33015898
13.00000000,2415.00000000,0.33022066
13.00000000,2416.00000000,0.33028227
13.00000000,2417.00000000,0.33034408
13.00000000,2418.00000000,0.33040595
13.00000000,2419.00000000,0.33046776
13.00000000,2420.00000000,0.33052977
13.00000000,2421.00000000,0.33059184
13.00000000,2422.00000000,0.33065385
13.00000000,2423.00000000,0.33071606
13.00000000,2424.00000000,0.33077834
13.00000000,2425.00000000,0.33084057
13.00000000,2426.00000000,0.33090299
13.00000000,2427.00000000,0.33096550
13.00000000,2428.00000000,0.33102795
13.00000000,2429.00000000,0.33109058
13.00000000,2430.00000000,0.33115317
13.00000000,2431.00000000,0.33121598
13.00000000,2432.00000000,0.33127884
13.00000000,2433.00000000,0.33134166
13.00000000,2434.00000000,0.33140470
13.00000000,2435.00000000,0.33146781
13.00000000,2436.00000000,0.33153086
13.00000000,2437.00000000,0.33159414
13.00000000,2438.00000000,0.33165750
13.00000000,2439.00000000,0.33172079
13.00000000,2440.00000000,0.33178430
13.00000000,2441.00000000,0.33184774
13.00000000,2442.00000000,0.33191144
13.00000000,2443.00000000,0.33197519
13.00000000,2444.00000000,0.33203888
13.00000000,2445.00000000,0.33210282
13.00000000,2446.00000000,0.33216684
13.00000000,2447.00000000,0.33223077
13.00000000,2448.00000000,0.33229499
13.00000000,2449.00000000,0.33235925
13.00000000,2450.00000000,0.33242344
13.00000000,2451.00000000,0.33248791
13.00000000,2452.00000000,0.33255225
13.00000000,2453.00000000,0.33261686
13.00000000,2454.00000000,0.33268155
13.00000000,2455.00000000,0.33274613
13.00000000,2456.00000000,0.33281096
13.00000000,2457.00000000,0.33287588
13.00000000,2458.00000000,0.33294065
13.00000000,2459.00000000,0.33300572
13.00000000,2460.00000000,0.33307088
13.00000000,2461.00000000,0.33313587
13.00000000,2462.00000000,0.33320118
13.00000000,2463.00000000,0.33326655
13.00000000,2464.00000000,0.33333382
13.00000000,2465.00000000,0.33340140
13.00000000,2466.00000000,0.33346881
13.00000000,2467.00000000,0.33353655
13.00000000,2468.00000000,0.33360439
13.00000000,2469.00000000,0.33367205
13.00000000,2470.00000000,0.33374004
13.00000000,2471.00000000,0.33380810
13.00000000,2472.00000000,0.33387602
13.00000000,2473.00000000,0.33394427
13.00000000,2474.00000000,0.33401260
13.00000000,2475.00000000,0.33408077
13.00000000,2476.00000000,0.33414927
13.00000000,2477.00000000,0.33421759
13.00000000,2478.00000000,0.33428630
13.00000000,2479.00000000,0.33435507
13.00000000,2480.00000000,0.33442364
13.00000000,2481.00000000,0.33449262
13.00000000,2482.00000000,0.33456168
13.00000000,2483.00000000,0.33463051
13.00000000,2484.00000000,0.33469977
13.00000000,2485.00000000,0.33476912
13.00000000,2486.00000000,0.33483821
13.00000000,2487.00000000,0.33490778
13.00000000,2488.00000000,0.33497742
13.00000000,2489.00000000,0.33504680
13.00000000,2490.00000000,0.33511668
13.00000000,2491.00000000,0.33518618
13.00000000,2492.00000000,0.33525630
13.00000000,2493.00000000,0.33532650
13.00000000,2494.00000000,0.33539632
13.00000000,2495.00000000,0.33546678
13.00000000,2496.00000000,0.33553734
13.00000000,2497.00000000,0.33560751
13.00000000,2498.00000000,0.33567837
13.00000000,2499.00000000,0.33574936
13.00000000,2500.00000000,0.33581995
14.00000000,1765.00000000,0.60055263
14.00000000,1766.00000000,0.60055275
14.00000000,1767.00000000,0.60055239
14.00000000,1768.00000000,0.60055162
14.00000000,1769.00000000,0.60055021
14.00000000,1770.00000000,0.60054807
14.00000000,1771.00000000,0.60054521
14.00000000,1772.00000000,0.60054147
14.00000000,1773.00000000,0.60053690
14.00000000,1774.00000000,0.60053136
14.00000000,1775.00000000,0.60052502
14.00000000,1776.00000000,0.60051777
14.00000000,1777.00000000,0.60050954
14.00000000,1778.00000000,0.60050053
14.00000000,1779.00000000,0.60049049
14.00000000,1780.00000000,0.60051385
14.00000000,1781.00000000,0.60050193
14.00000000,1782.00000000,0.60048909
14.00000000,1783.00000000,0.60047544
14.00000000,1784.00000000,0.60046090
14.00000000,1785.00000000,0.60045703
14.00000000,1786.00000000,0.60044097
14.00000000,1787.00000000,0.60042421
14.00000000,1788.00000000,0.60040669
14.00000000,1789.00000000,0.60038854
14.00000000,1790.00000000,0.60036982
14.00000000,1791.00000000,0.60035041
14.00000000,1792.00000000,0.60033048
14.00000000,1793.00000000,0.60030988
14.00000000,1794.00000000,0.60028874
14.00000000,1795.00000000,0.60027857
14.00000000,1796.00000000,0.60025635
14.00000000,1797.00000000,0.60023373
14.00000000,1798.00000000,0.60021059
14.00000000,1799.00000000,0.60018693
14.00000000,1800.00000000,0.60016287
14.00000000,1801.00000000,0.60013838
14.00000000,1802.00000000,0.60011335
14.00000000,1803.00000000,0.60008793
14.00000000,1804.00000000,0.60006200
14.00000000,1805.00000000,0.60004723
14.00000000,1806.00000000,0.60002062
14.00000000,1807.00000000,0.59999361
14.00000000,1808.00000000,0.59996634
14.00000000,1809.00000000,0.59993872
14.00000000,1810.00000000,0.59991079
14.00000000,1811.00000000,0.59989407
14.00000000,1812.00000000,0.59986558
14.00000000,1813.00000000,0.59983681
14.00000000,1814.00000000,0.59981926
14.00000000,1815.00000000,0.59979004
14.00000000,1816.00000000,0.59978340
14.00000000,1817.00000000,0.59974214
14.00000000,1818.00000000,0.59971205
14.00000000,1819.00000000,0.59968170
14.00000000,1820.00000000,0.59966255
14.00000000,1821.00000000,0.59963174
14.00000000,1822.00000000,0.59960075
14.00000000,1823.00000000,0.59956961
14.00000000,1824.00000000,0.59953818
14.00000000,1825.00000000,0.59951803
14.00000000,1826.00000000,0.59948625
14.00000000,1827.00000000,0.59945419
14.00000000,1828.00000000,0.59942200
14.00000000,1829.00000000,0.59940102
14.00000000,1830.00000000,0.59937988
14.00000000,1831.00000000,0.59935843
14.00000000,1832.00000000,0.59932513
14.00000000,1833.00000000,0.59929161
14.00000000,1834.00000000,0.59925790
14.00000000,1835.00000000,0.59922389
14.00000000,1836.00000000,0.59920123
14.00000000,1837.00000000,0.59917828
14.00000000,1838.00000000,0.59914346
14.00000000,1839.00000000,0.59911993
14.00000000,1840.00000000,0.59908466
14.00000000,1841.00000000,0.59906053
14.00000000,1842.00000000,0.59902468
14.00000000,1843.00000000,0.59898848
14.00000000,1844.00000000,0.59902079
14.00000000,1845.00000000,0.59897255
14.00000000,1846.00000000,0.59893538
14.00000000,1847.00000000,0.59890931
14.00000000,1848.00000000,0.59887142
14.00000000,1849.00000000,0.59884457
14.00000000,1850.00000000,0.59885176
14.00000000,1851.00000000,0.59881271
14.00000000,1852.00000000,0.59878467
14.00000000,1853.00000000,0.59875582
14.00000000,1854.00000000,0.59873680
14.00000000,1855.00000000,0.59870490
14.00000000,1856.00000000,0.59868344
14.00000000,1857.00000000,0.59864973
14.00000000,1858.00000000,0.59862686
14.00000000,1859.00000000,0.59862648
14.00000000,1860.00000000,0.59857969
14.00000000,1861.00000000,0.59856669
14.00000000,1862.00000000,0.59853025
14.00000000,1863.00000000,0.59851704
14.00000000,1864.00000000,0.59851676
14.00000000,1865.00000000,0.59847170
14.00000000,1866.00000000,0.59846177
14.00000000,1867.00000000,0.59844092
14.00000000,1868.00000000,0.59851218
14.00000000,1869.00000000,0.59849224
14.00000000,1870.00000000,0.59850690
14.00000000,1871.00000000,0.59847571
14.00000000,1872.00000000,0.59844383
14.00000000,1873.00000000,0.59845498
14.00000000,1874.00000000,0.59849609
14.00000000,1875.00000000,0.59848764
14.00000000,1876.00000000,0.59845338
14.00000000,1877.00000000,0.59847377
14.00000000,1878.00000000,0.59850332
14.00000000,1879.00000000,0.59851947
14.00000000,1880.00000000,0.59848787
14.00000000,1881.00000000,0.59851351
14.00000000,1882.00000000,0.59849956
14.00000000,1883.00000000,0.59850597
14.00000000,1884.00000000,0.59848779
14.00000000,1885.00000000,0.59851372
14.00000000,1886.00000000,0.59863020
14.00000000,1887.00000000,0.59867734
14.00000000,1888.00000000,0.59848334
14.00000000,1889.00000000,0.59856336
14.00000000,1890.00000000,0.59851595
14.00000000,1891.00000000,0.59846724
14.00000000,1892.00000000,0.59839910
14.00000000,1893.00000000,0.59847264
14.00000000,1894.00000000,0.59868248
14.00000000,1895.00000000,0.59867358
14.00000000,1896.00000000,0.59873165
14.00000000,1897.00000000,0.59882208
14.00000000,1898.00000000,0.59876124
14.00000000,1899.00000000,0.59868593
14.00000000,1900.00000000,0.59862985
14.00000000,1901.00000000,0.59868370
14.00000000,1902.00000000,0.59893845
14.00000000,1903.00000000,0.59882111
14.00000000,1904.00000000,0.59902948
14.00000000,1905.00000000,0.59908241
14.00000000,1906.00000000,0.59896795
14.00000000,1907.00000000,0.59877638
14.00000000,1908.00000000,0.59877010
14.00000000,1909.00000000,0.59887031
14.00000000,1910.00000000,0.59884972
14.00000000,1911.00000000,0.59891512
14.00000000,1912.00000000,0.59902181
14.00000000,1913.00000000,0.59931976
14.00000000,1914.00000000,0.59944375
14.00000000,1915.00000000,0.59946559
14.00000000,1916.00000000,0.59944534
14.00000000,1917.00000000,0.59985024
14.00000000,1918.00000000,0.59975125
14.00000000,1919.00000000,0.60001837
14.00000000,1920.00000000,0.60034584
14.00000000,1921.00000000,0.60105401
14.00000000,1922.00000000,0.60049671
14.00000000,1923.00000000,0.60073150
14.00000000,1924.00000000,0.60095383
14.00000000,1925.00000000,0.60097889
14.00000000,1926.00000000,0.60129880
14.00000000,1927.00000000,0.60185623
14.00000000,1928.00000000,0.60061479
14.00000000,1929.00000000,0.60029358
14.00000000,1930.00000000,0.60082297
14.00000000,1931.00000000,0.60124482
14.00000000,1932.00000000,0.60083435
14.00000000,1933.00000000,0.59916378
14.00000000,1934.00000000,0.60042801
14.00000000,1935.00000000,0.59878311
14.00000000,1936.00000000,0.59909211
14.00000000,1937.00000000,0.60034455
14.00000000,1938.00000000,0.60008161
14.00000000,1939.00000000,0.60003101
14.00000000,1940.00000000,0.59993077
14.00000000,1941.00000000,0.60063571
14.00000000,1942.00000000,0.60046595
14.00000000,1943.00000000,0.60117042
14.00000000,1944.00000000,0.59990627
14.00000000,1945.00000000,0.59840204
14.00000000,1946.00000000,0.59713179
14.00000000,1947.00000000,0.59745276
14.00000000,1948.00000000,0.59815706
14.00000000,1949.00000000,0.59855474
14.00000000,1950.00000000,0.59950178
14.00000000,1951.00000000,0.60016101
14.00000000,1952.00000000,0.59913297
14.00000000,1953.00000000,0.59941573
14.00000000,1954.00000000,0.60032748
14.00000000,1955.00000000,0.60039915
14.00000000,1956.00000000,0.60014251
14.00000000,1957.00000000,0.60032964
14.00000000,1958.00000000,0.59984283
14.00000000,1959.00000000,0.59688457
14.00000000,1960.00000000,0.59733555
14.00000000,1961.00000000,0.59863335
14.00000000,1962.00000000,0.59903814
14.00000000,1963.00000000,0.59798207
14.00000000,1964.00000000,0.59987799
14.00000000,1965.00000000,0.60092194
14.00000000,1966.00000000,0.60069285
14.00000000,1967.00000000,0.60063433
14.00000000,1968.00000000,0.60031395
14.00000000,1969.00000000,0.60171922
14.00000000,1970.00000000,0.60260995
14.00000000,1971.00000000,0.60298411
14.00000000,1972.00000000,0.60296907
14.00000000,1973.00000000,0.60374677
14.00000000,1974.00000000,0.60430798
14.00000000,1975.00000000,0.60373988
14.00000000,1976.00000000,0.60416660
14.00000000,1977.00000000,0.60505306
14.00000000,1978.00000000,0.60605489
14.00000000,1979.00000000,0.60677625
14.00000000,1980.00000000,0.60773724
14.00000000,1981.00000000,0.60807445
14.00000000,1982.00000000,0.60921133
14.00000000,1983.00000000,0.61074707
14.00000000,1984.00000000,0.61300646
14.00000000,1985.00000000,0.61389863
14.00000000,1986.00000000,0.61492712
14.00000000,1987.00000000,0.61670572
14.00000000,1988.00000000,0.61590982
14.00000000,1989.00000000,0.61466613
14.00000000,1990.00000000,0.61674011
14.00000000,1991.00000000,0.61742203
14.00000000,1992.00000000,0.61730362
14.00000000,1993.00000000,0.61949301
14.00000000,1994.00000000,0.61790408
14.00000000,1995.00000000,0.61509919
14.00000000,1996.00000000,0.61367521
14.00000000,1997.00000000,0.61251780
14.00000000,1998.00000000,0.61356150
14.00000000,1999.00000000,0.61431233
14.00000000,2000.00000000,0.61519972
14.00000000,2001.00000000,0.61583059
14.00000000,2002.00000000,0.61721649
14.00000000,2003.00000000,0.61763203
14.00000000,2004.00000000,0.61724666
14.00000000,2005.00000000,0.61723080
14.00000000,2006.00000000,0.61486018
14.00000000,2007.00000000,0.61382510
14.00000000,2008.00000000,0.61400397
14.00000000,2009.00000000,0.61428638
14.00000000,2010.00000000,0.61463040
14.00000000,2011.00000000,0.61462765
14.00000000,2012.00000000,0.61304871
14.00000000,2013.00000000,0.61157791
14.00000000,2014.00000000,0.61212465
14.00000000,2015.00000000,0.61258187
14.00000000,2016.00000000,0.61181672
14.00000000,2017.00000000,0.61414662
14.00000000,2018.00000000,0.61697516
14.00000000,2019.00000000,0.61880971
14.00000000,2020.00000000,0.61941467
14.00000000,2021.00000000,0.61998905
14.00000000,2022.00000000,0.62053472
14.00000000,2023.00000000,0.62105073
14.00000000,2024.00000000,0.62153868
14.00000000,2025.00000000,0.62276390
14.00000000,2026.00000000,0.62396130
14.00000000,2027.00000000,0.62513178
14.00000000,2028.00000000,0.62627597
14.00000000,2029.00000000,0.62739421
14.00000000,2030.00000000,0.62848702
14.00000000,2031.00000000,0.62955403
14.00000000,2032.00000000,0.63059254
14.00000000,2033.00000000,0.63159950
14.00000000,2034.00000000,0.63257235
14.00000000,2035.00000000,0.63317669
14.00000000,2036.00000000,0.63374596
14.00000000,2037.00000000,0.63427955
14.00000000,2038.00000000,0.63477768
14.00000000,2039.00000000,0.63524072
14.00000000,2040.00000000,0.63566903
14.00000000,2041.00000000,0.63606302
14.00000000,2042.00000000,0.63642139
14.00000000,2043.00000000,0.63674263
14.00000000,2044.00000000,0.63702602
14.00000000,2045.00000000,0.63795004
14.00000000,2046.00000000,0.63883253
14.00000000,2047.00000000,0.63967383
14.00000000,2048.00000000,0.64047440
14.00000000,2049.00000000,0.64123453
14.00000000,2050.00000000,0.64195515
14.00000000,2051.00000000,0.64263688
14.00000000,2052.00000000,0.64328070
14.00000000,2053.00000000,0.64388761
14.00000000,2054.00000000,0.64445821
14.00000000,2055.00000000,0.64547573
14.00000000,2056.00000000,0.64645583
14.00000000,2057.00000000,0.64739900
14.00000000,2058.00000000,0.64830590
14.00000000,2059.00000000,0.64917684
14.00000000,2060.00000000,0.65001232
14.00000000,2061.00000000,0.65081407
14.00000000,2062.00000000,0.65158648
14.00000000,2063.00000000,0.65233511
14.00000000,2064.00000000,0.65306353
14.00000000,2065.00000000,0.65374780
14.00000000,2066.00000000,0.65441598
14.00000000,2067.00000000,0.65506883
14.00000000,2068.00000000,0.65570647
14.00000000,2069.00000000,0.65632906
14.00000000,2070.00000000,0.65693633
14.00000000,2071.00000000,0.65752885
14.00000000,2072.00000000,0.65811013
14.00000000,2073.00000000,0.65868381
14.00000000,2074.00000000,0.65925221
14.00000000,2075.00000000,0.65882967
14.00000000,2076.00000000,0.65841031
14.00000000,2077.00000000,0.65799454
14.00000000,2078.00000000,0.65758200
14.00000000,2079.00000000,0.65717224
14.00000000,2080.00000000,0.65676485
14.00000000,2081.00000000,0.65635969
14.00000000,2082.00000000,0.65595798
14.00000000,2083.00000000,0.65556155
14.00000000,2084.00000000,0.65517107
14.00000000,2085.00000000,0.65392827
14.00000000,2086.00000000,0.65269754
14.00000000,2087.00000000,0.65147842
14.00000000,2088.00000000,0.65027073
14.00000000,2089.00000000,0.64907396
14.00000000,2090.00000000,0.64788740
14.00000000,2091.00000000,0.64671134
14.00000000,2092.00000000,0.64554710
14.00000000,2093.00000000,0.64439633
14.00000000,2094.00000000,0.64325998
14.00000000,2095.00000000,0.64167621
14.00000000,2096.00000000,0.64010986
14.00000000,2097.00000000,0.63856080
14.00000000,2098.00000000,0.63702843
14.00000000,2099.00000000,0.63551237
14.00000000,2100.00000000,0.63401185
14.00000000,2101.00000000,0.63252662
14.00000000,2102.00000000,0.63105761
14.00000000,2103.00000000,0.62960541
14.00000000,2104.00000000,0.62817015
14.00000000,2105.00000000,0.62629275
14.00000000,2106.00000000,0.62443500
14.00000000,2107.00000000,0.62259633
14.00000000,2108.00000000,0.62077647
14.00000000,2109.00000000,0.61897482
14.00000000,2110.00000000,0.61719088
14.00000000,2111.00000000,0.61542422
14.00000000,2112.00000000,0.61367409
14.00000000,2113.00000000,0.61194019
14.00000000,2114.00000000,0.61022195
14.00000000,2115.00000000,0.60817892
14.00000000,2116.00000000,0.60615298
14.00000000,2117.00000000,0.60414377
14.00000000,2118.00000000,0.60215081
14.00000000,2119.00000000,0.60017413
14.00000000,2120.00000000,0.59821329
14.00000000,2121.00000000,0.59626791
14.00000000,2122.00000000,0.59433793
14.00000000,2123.00000000,0.59242287
14.00000000,2124.00000000,0.59052264
14.00000000,2125.00000000,0.58863696
14.00000000,2126.00000000,0.58676547
14.00000000,2127.00000000,0.58490805
14.00000000,2128.00000000,0.58306425
14.00000000,2129.00000000,0.58123380
14.00000000,2130.00000000,0.57941661
14.00000000,2131.00000000,0.57761238
14.00000000,2132.00000000,0.57582084
14.00000000,2133.00000000,0.57404195
14.00000000,2134.00000000,0.57227541
14.00000000,2135.00000000,0.57052098
14.00000000,2136.00000000,0.56877875
14.00000000,2137.00000000,0.56704826
14.00000000,2138.00000000,0.56532966
14.00000000,2139.00000000,0.56362255
14.00000000,2140.00000000,0.56192681
14.00000000,2141.00000000,0.56024240
14.00000000,2142.00000000,0.55856913
14.00000000,2143.00000000,0.55690676
14.00000000,2144.00000000,0.55525531
14.00000000,2145.00000000,0.55361451
14.00000000,2146.00000000,0.55198426
14.00000000,2147.00000000,0.55036448
14.00000000,2148.00000000,0.54875501
14.00000000,2149.00000000,0.54715577
14.00000000,2150.00000000,0.54556657
14.00000000,2151.00000000,0.54399023
14.00000000,2152.00000000,0.54243498
14.00000000,2153.00000000,0.54090866
14.00000000,2154.00000000,0.53941482
14.00000000,2155.00000000,0.53795510
14.00000000,2156.00000000,0.53652950
14.00000000,2157.00000000,0.53513743
14.00000000,2158.00000000,0.53377806
14.00000000,2159.00000000,0.53245015
14.00000000,2160.00000000,0.53115261
14.00000000,2161.00000000,0.52988417
14.00000000,2162.00000000,0.52864350
14.00000000,2163.00000000,0.52742961
14.00000000,2164.00000000,0.52624131
14.00000000,2165.00000000,0.52310565
14.00000000,2166.00000000,0.52000259
14.00000000,2167.00000000,0.51693142
14.00000000,2168.00000000,0.51389140
14.00000000,2169.00000000,0.51088218
14.00000000,2170.00000000,0.50790304
14.00000000,2171.00000000,0.50495331
14.00000000,2172.00000000,0.50203263
14.00000000,2173.00000000,0.49914029
14.00000000,2174.00000000,0.49627586
14.00000000,2175.00000000,0.49343886
14.00000000,2176.00000000,0.49062866
14.00000000,2177.00000000,0.48784489
14.00000000,2178.00000000,0.48508708
14.00000000,2179.00000000,0.48235464
14.00000000,2180.00000000,0.47964726
14.00000000,2181.00000000,0.47696443
14.00000000,2182.00000000,0.47430566
14.00000000,2183.00000000,0.47167066
14.00000000,2184.00000000,0.46905895
14.00000000,2185.00000000,0.46647012
14.00000000,2186.00000000,0.46390386
14.00000000,2187.00000000,0.46135965
14.00000000,2188.00000000,0.45883721
14.00000000,2189.00000000,0.45633617
14.00000000,2190.00000000,0.45385614
14.00000000,2191.00000000,0.45139679
14.00000000,2192.00000000,0.44895779
14.00000000,2193.00000000,0.44653883
14.00000000,2194.00000000,0.44413945
14.00000000,2195.00000000,0.44175944
14.00000000,2196.00000000,0.43939843
14.00000000,2197.00000000,0.43705622
14.00000000,2198.00000000,0.43473238
14.00000000,2199.00000000,0.43242674
14.00000000,2200.00000000,0.43013891
14.00000000,2201.00000000,0.42786853
14.00000000,2202.00000000,0.42561549
14.00000000,2203.00000000,0.42337945
14.00000000,2204.00000000,0.42116012
14.00000000,2205.00000000,0.41895729
14.00000000,2206.00000000,0.41677065
14.00000000,2207.00000000,0.41460000
14.00000000,2208.00000000,0.41244503
14.00000000,2209.00000000,0.41030543
14.00000000,2210.00000000,0.40818112
14.00000000,2211.00000000,0.40607179
14.00000000,2212.00000000,0.40397717
14.00000000,2213.00000000,0.40189711
14.00000000,2214.00000000,0.39983133
14.00000000,2215.00000000,0.39777957
14.00000000,2216.00000000,0.39574172
14.00000000,2217.00000000,0.39371749
14.00000000,2218.00000000,0.39170667
14.00000000,2219.00000000,0.38970909
14.00000000,2220.00000000,0.38772452
14.00000000,2221.00000000,0.38575276
14.00000000,2222.00000000,0.38379362
14.00000000,2223.00000000,0.38184685
14.00000000,2224.00000000,0.37991237
14.00000000,2225.00000000,0.37798992
14.00000000,2226.00000000,0.37607927
14.00000000,2227.00000000,0.37418035
14.00000000,2228.00000000,0.37229290
14.00000000,2229.00000000,0.37041677
14.00000000,2230.00000000,0.36855178
14.00000000,2231.00000000,0.36669775
14.00000000,2232.00000000,0.36485445
14.00000000,2233.00000000,0.36302182
14.00000000,2234.00000000,0.36119955
14.00000000,2235.00000000,0.35938760
14.00000000,2236.00000000,0.35758579
14.00000000,2237.00000000,0.35579390
14.00000000,2238.00000000,0.35401185
14.00000000,2239.00000000,0.35223944
14.00000000,2240.00000000,0.35047649
14.00000000,2241.00000000,0.34872288
14.00000000,2242.00000000,0.34697845
14.00000000,2243.00000000,0.34524299
14.00000000,2244.00000000,0.34351644
14.00000000,2245.00000000,0.34179862
14.00000000,2246.00000000,0.34008938
14.00000000,2247.00000000,0.33838861
14.00000000,2248.00000000,0.33669611
14.00000000,2249.00000000,0.33501138
14.00000000,2250.00000000,0.33333208
14.00000000,2251.00000000,0.33165384
14.00000000,2252.00000000,0.32997262
14.00000000,2253.00000000,0.32828625
14.00000000,2254.00000000,0.32659380
14.00000000,2255.00000000,0.32489518
14.00000000,2256.00000000,0.32319038
14.00000000,2257.00000000,0.32147955
14.00000000,2258.00000000,0.31976300
14.00000000,2259.00000000,0.31804104
14.00000000,2260.00000000,0.31631408
14.00000000,2261.00000000,0.31458262
14.00000000,2262.00000000,0.31284728
14.00000000,2263.00000000,0.31150619
14.00000000,2264.00000000,0.31133336
14.00000000,2265.00000000,0.31147931
14.00000000,2266.00000000,0.31162425
14.00000000,2267.00000000,0.31176821
14.00000000,2268.00000000,0.31191117
14.00000000,2269.00000000,0.31205323
14.00000000,2270.00000000,0.31224462
14.00000000,2271.00000000,0.31243516
14.00000000,2272.00000000,0.31262486
14.00000000,2273.00000000,0.31281364
14.00000000,2274.00000000,0.31300161
14.00000000,2275.00000000,0.31308917
14.00000000,2276.00000000,0.31317577
14.00000000,2277.00000000,0.31326155
14.00000000,2278.00000000,0.31334652
14.00000000,2279.00000000,0.31343062
14.00000000,2280.00000000,0.31351399
14.00000000,2281.00000000,0.31359662
14.00000000,2282.00000000,0.31367844
14.00000000,2283.00000000,0.31375958
14.00000000,2284.00000000,0.31384002
14.00000000,2285.00000000,0.31391978
14.00000000,2286.00000000,0.31399887
14.00000000,2287.00000000,0.31407730
14.00000000,2288.00000000,0.31415511
14.00000000,2289.00000000,0.31423231
14.00000000,2290.00000000,0.31430457
14.00000000,2291.00000000,0.31437625
14.00000000,2292.00000000,0.31444737
14.00000000,2293.00000000,0.31451792
14.00000000,2294.00000000,0.31458793
14.00000000,2295.00000000,0.31465741
14.00000000,2296.00000000,0.31472641
14.00000000,2297.00000000,0.31479491
14.00000000,2298.00000000,0.31486292
14.00000000,2299.00000000,0.31493047
14.00000000,2300.00000000,0.31499755
14.00000000,2301.00000000,0.31506420
14.00000000,2302.00000000,0.31513039
14.00000000,2303.00000000,0.31519613
14.00000000,2304.00000000,0.31526135
14.00000000,2305.00000000,0.31532615
14.00000000,2306.00000000,0.31539046
14.00000000,2307.00000000,0.31545438
14.00000000,2308.00000000,0.31551787
14.00000000,2309.00000000,0.31558091
14.00000000,2310.00000000,0.31564358
14.00000000,2311.00000000,0.31570587
14.00000000,2312.00000000,0.31576774
14.00000000,2313.00000000,0.31582929
14.00000000,2314.00000000,0.31589047
14.00000000,2315.00000000,0.31596097
14.00000000,2316.00000000,0.31603120
14.00000000,2317.00000000,0.31610108
14.00000000,2318.00000000,0.31617066
14.00000000,2319.00000000,0.31623993
14.00000000,2320.00000000,0.31630889
14.00000000,2321.00000000,0.31637762
14.00000000,2322.00000000,0.31644607
14.00000000,2323.00000000,0.31651419
14.00000000,2324.00000000,0.31658210
14.00000000,2325.00000000,0.31664977
14.00000000,2326.00000000,0.31671714
14.00000000,2327.00000000,0.31678433
14.00000000,2328.00000000,0.31685129
14.00000000,2329.00000000,0.31691797
14.00000000,2330.00000000,0.31698446
14.00000000,2331.00000000,0.31705072
14.00000000,2332.00000000,0.31711682
14.00000000,2333.00000000,0.31718273
14.00000000,2334.00000000,0.31724839
14.00000000,2335.00000000,0.31731392
14.00000000,2336.00000000,0.31737925
14.00000000,2337.00000000,0.31744438
14.00000000,2338.00000000,0.31750939
14.00000000,2339.00000000,0.31757423
14.00000000,2340.00000000,0.31763887
14.00000000,2341.00000000,0.31770340
14.00000000,2342.00000000,0.31776779
14.00000000,2343.00000000,0.31783198
14.00000000,2344.00000000,0.31789609
14.00000000,2345.00000000,0.31796002
14.00000000,2346.00000000,0.31802386
14.00000000,2347.00000000,0.31808756
14.00000000,2348.00000000,0.31815112
14.00000000,2349.00000000,0.31821461
14.00000000,2350.00000000,0.31827798
14.00000000,2351.00000000,0.31834121
14.00000000,2352.00000000,0.31840439
14.00000000,2353.00000000,0.31846749
14.00000000,2354.00000000,0.31853046
14.00000000,2355.00000000,0.31859341
14.00000000,2356.00000000,0.31865624
14.00000000,2357.00000000,0.31871907
14.00000000,2358.00000000,0.31878182
14.00000000,2359.00000000,0.31884448
14.00000000,2360.00000000,0.31890713
14.00000000,2361.00000000,0.31896972
14.00000000,2362.00000000,0.31903222
14.00000000,2363.00000000,0.31909472
14.00000000,2364.00000000,0.31915717
14.00000000,2365.00000000,0.31921674
14.00000000,2366.00000000,0.31927632
14.00000000,2367.00000000,0.31933588
14.00000000,2368.00000000,0.31939532
14.00000000,2369.00000000,0.31945482
14.00000000,2370.00000000,0.31951419
14.00000000,2371.00000000,0.31957363
14.00000000,2372.00000000,0.31963302
14.00000000,2373.00000000,0.31969234
14.00000000,2374.00000000,0.31975169
14.00000000,2375.00000000,0.31981104
14.00000000,2376.00000000,0.31987029
14.00000000,2377.00000000,0.31992961
14.00000000,2378.00000000,0.31998890
14.00000000,2379.00000000,0.32004814
14.00000000,2380.00000000,0.32010741
14.00000000,2381.00000000,0.32016663
14.00000000,2382.00000000,0.32022592
14.00000000,2383.00000000,0.32028518
14.00000000,2384.00000000,0.32034440
14.00000000,2385.00000000,0.32040367
14.00000000,2386.00000000,0.32046296
14.00000000,2387.00000000,0.32052219
14.00000000,2388.00000000,0.32058148
14.00000000,2389.00000000,0.32064079
14.00000000,2390.00000000,0.32070005
14.00000000,2391.00000000,0.32075937
14.00000000,2392.00000000,0.32081866
14.00000000,2393.00000000,0.32087803
14.00000000,2394.00000000,0.32093741
14.00000000,2395.00000000,0.32099673
14.00000000,2396.00000000,0.32105615
14.00000000,2397.00000000,0.32111559
14.00000000,2398.00000000,0.32117499
14.00000000,2399.00000000,0.32123448
14.00000000,2400.00000000,0.32129399
14.00000000,2401.00000000,0.32135346
14.00000000,2402.00000000,0.32141304
14.00000000,2403.00000000,0.32147268
14.00000000,2404.00000000,0.32153228
14.00000000,2405.00000000,0.32159201
14.00000000,2406.00000000,0.32165173
14.00000000,2407.00000000,0.32171157
14.00000000,2408.00000000,0.32177146
14.00000000,2409.00000000,0.32183136
14.00000000,2410.00000000,0.32189136
14.00000000,2411.00000000,0.32195145
14.00000000,2412.00000000,0.32201149
14.00000000,2413.00000000,0.32207169
14.00000000,2414.00000000,0.32213193
14.00000000,2415.00000000,0.32218916
14.00000000,2416.00000000,0.32224655
14.00000000,2417.00000000,0.32230390
14.00000000,2418.00000000,0.32236141
14.00000000,2419.00000000,0.32241898
14.00000000,2420.00000000,0.32247652
14.00000000,2421.00000000,0.32253421
14.00000000,2422.00000000,0.32259198
14.00000000,2423.00000000,0.32264970
14.00000000,2424.00000000,0.32270759
14.00000000,2425.00000000,0.32276553
14.00000000,2426.00000000,0.32282345
14.00000000,2427.00000000,0.32288155
14.00000000,2428.00000000,0.32293968
14.00000000,2429.00000000,0.32299782
14.00000000,2430.00000000,0.32305610
14.00000000,2431.00000000,0.32311435
14.00000000,2432.00000000,0.32317279
14.00000000,2433.00000000,0.32323130
14.00000000,2434.00000000,0.32328976
14.00000000,2435.00000000,0.32334841
14.00000000,2436.00000000,0.32340712
14.00000000,2437.00000000,0.32346580
14.00000000,2438.00000000,0.32352468
14.00000000,2439.00000000,0.32358361
14.00000000,2440.00000000,0.32364250
14.00000000,2441.00000000,0.32370160
14.00000000,2442.00000000,0.32376064
14.00000000,2443.00000000,0.32381990
14.00000000,2444.00000000,0.32387919
14.00000000,2445.00000000,0.32393848
14.00000000,2446.00000000,0.32399796
14.00000000,2447.00000000,0.32405750
14.00000000,2448.00000000,0.32411702
14.00000000,2449.00000000,0.32417672
14.00000000,2450.00000000,0.32423652
14.00000000,2451.00000000,0.32429624
14.00000000,2452.00000000,0.32435619
14.00000000,2453.00000000,0.32441607
14.00000000,2454.00000000,0.32447615
14.00000000,2455.00000000,0.32453629
14.00000000,2456.00000000,0.32459636
14.00000000,2457.00000000,0.32465665
14.00000000,2458.00000000,0.32471700
14.00000000,2459.00000000,0.32477727
14.00000000,2460.00000000,0.32483776
14.00000000,2461.00000000,0.32489833
14.00000000,2462.00000000,0.32495880
14.00000000,2463.00000000,0.32501951
14.00000000,2464.00000000,0.32508027
14.00000000,2465.00000000,0.32514295
14.00000000,2466.00000000,0.32520586
14.00000000,2467.00000000,0.32526866
14.00000000,2468.00000000,0.32533172
14.00000000,2469.00000000,0.32539486
14.00000000,2470.00000000,0.32545790
14.00000000,2471.00000000,0.32552118
14.00000000,2472.00000000,0.32558455
14.00000000,2473.00000000,0.32564782
14.00000000,2474.00000000,0.32571133
14.00000000,2475.00000000,0.32577495
14.00000000,2476.00000000,0.32583843
14.00000000,2477.00000000,0.32590222
14.00000000,2478.00000000,0.32596584
14.00000000,2479.00000000,0.32602979
14.00000000,2480.00000000,0.32609381
14.00000000,2481.00000000,0.32615768
14.00000000,2482.00000000,0.32622187
14.00000000,2483.00000000,0.32628615
14.00000000,2484.00000000,0.32635025
14.00000000,2485.00000000,0.32641471
14.00000000,2486.00000000,0.32647924
14.00000000,2487.00000000,0.32654361
14.00000000,2488.00000000,0.32660833
14.00000000,2489.00000000,0.32667313
14.00000000,2490.00000000,0.32673776
14.00000000,2491.00000000,0.32680278
14.00000000,2492.00000000,0.32686756
14.00000000,2493.00000000,0.32693278
14.00000000,2494.00000000,0.32699808
14.00000000,2495.00000000,0.32706317
14.00000000,2496.00000000,0.32712872
14.00000000,2497.00000000,0.32719436
14.00000000,2498.00000000,0.32725979
14.00000000,2499.00000000,0.32732570
14.00000000,2500.00000000,0.32739174
15.00000000,1765.00000000,0.56652439
15.00000000,1766.00000000,0.56652425
15.00000000,1767.00000000,0.56652412
15.00000000,1768.00000000,0.56652337
15.00000000,1769.00000000,0.56652215
15.00000000,1770.00000000,0.56652023
15.00000000,1771.00000000,0.56651759
15.00000000,1772.00000000,0.56651428
15.00000000,1773.00000000,0.56651006
15.00000000,1774.00000000,0.56650513
15.00000000,1775.00000000,0.56649935
15.00000000,1776.00000000,0.56649283
15.00000000,1777.00000000,0.56648556
15.00000000,1778.00000000,0.56647741
15.00000000,1779.00000000,0.56646858
15.00000000,1780.00000000,0.56645881
15.00000000,1781.00000000,0.56648121
15.00000000,1782.00000000,0.56646982
15.00000000,1783.00000000,0.56645760
15.00000000,1784.00000000,0.56644464
15.00000000,1785.00000000,0.56643100
15.00000000,1786.00000000,0.56642761
15.00000000,1787.00000000,0.56641263
15.00000000,1788.00000000,0.56639701
15.00000000,1789.00000000,0.56638072
15.00000000,1790.00000000,0.56636395
15.00000000,1791.00000000,0.56634663
15.00000000,1792.00000000,0.56632871
15.00000000,1793.00000000,0.56631029
15.00000000,1794.00000000,0.56629131
15.00000000,1795.00000000,0.56627190
15.00000000,1796.00000000,0.56626304
15.00000000,1797.00000000,0.56624269
15.00000000,1798.00000000,0.56622193
15.00000000,1799.00000000,0.56620074
15.00000000,1800.00000000,0.56617909
15.00000000,1801.00000000,0.56615708
15.00000000,1802.00000000,0.56613465
15.00000000,1803.00000000,0.56611178
15.00000000,1804.00000000,0.56608852
15.00000000,1805.00000000,0.56606490
15.00000000,1806.00000000,0.56605199
15.00000000,1807.00000000,0.56602775
15.00000000,1808.00000000,0.56600319
15.00000000,1809.00000000,0.56597838
15.00000000,1810.00000000,0.56595331
15.00000000,1811.00000000,0.56592792
15.00000000,1812.00000000,0.56591333
15.00000000,1813.00000000,0.56588751
15.00000000,1814.00000000,0.56586138
15.00000000,1815.00000000,0.56584612
15.00000000,1816.00000000,0.56581959
15.00000000,1817.00000000,0.56581474
15.00000000,1818.00000000,0.56577671
15.00000000,1819.00000000,0.56574936
15.00000000,1820.00000000,0.56572183
15.00000000,1821.00000000,0.56570516
15.00000000,1822.00000000,0.56567722
15.00000000,1823.00000000,0.56564921
15.00000000,1824.00000000,0.56562097
15.00000000,1825.00000000,0.56559248
15.00000000,1826.00000000,0.56557488
15.00000000,1827.00000000,0.56554607
15.00000000,1828.00000000,0.56551707
15.00000000,1829.00000000,0.56548791
15.00000000,1830.00000000,0.56546953
15.00000000,1831.00000000,0.56545093
15.00000000,1832.00000000,0.56543198
15.00000000,1833.00000000,0.56540176
15.00000000,1834.00000000,0.56537138
15.00000000,1835.00000000,0.56534080
15.00000000,1836.00000000,0.56531001
15.00000000,1837.00000000,0.56529002
15.00000000,1838.00000000,0.56526976
15.00000000,1839.00000000,0.56523815
15.00000000,1840.00000000,0.56521735
15.00000000,1841.00000000,0.56518535
15.00000000,1842.00000000,0.56516401
15.00000000,1843.00000000,0.56513148
15.00000000,1844.00000000,0.56509858
15.00000000,1845.00000000,0.56513144
15.00000000,1846.00000000,0.56508695
15.00000000,1847.00000000,0.56505308
15.00000000,1848.00000000,0.56502992
15.00000000,1849.00000000,0.56499545
15.00000000,1850.00000000,0.56497152
15.00000000,1851.00000000,0.56498035
15.00000000,1852.00000000,0.56494475
15.00000000,1853.00000000,0.56491935
15.00000000,1854.00000000,0.56489260
15.00000000,1855.00000000,0.56487545
15.00000000,1856.00000000,0.56484637
15.00000000,1857.00000000,0.56482759
15.00000000,1858.00000000,0.56479725
15.00000000,1859.00000000,0.56477751
15.00000000,1860.00000000,0.56477933
15.00000000,1861.00000000,0.56473652
15.00000000,1862.00000000,0.56472629
15.00000000,1863.00000000,0.56469431
15.00000000,1864.00000000,0.56468565
15.00000000,1865.00000000,0.56468908
15.00000000,1866.00000000,0.56464912
15.00000000,1867.00000000,0.56464258
15.00000000,1868.00000000,0.56462531
15.00000000,1869.00000000,0.56469633
15.00000000,1870.00000000,0.56467962
15.00000000,1871.00000000,0.56469598
15.00000000,1872.00000000,0.56466748
15.00000000,1873.00000000,0.56463653
15.00000000,1874.00000000,0.56464557
15.00000000,1875.00000000,0.56468402
15.00000000,1876.00000000,0.56467583
15.00000000,1877.00000000,0.56464337
15.00000000,1878.00000000,0.56466400
15.00000000,1879.00000000,0.56469404
15.00000000,1880.00000000,0.56471126
15.00000000,1881.00000000,0.56468221
15.00000000,1882.00000000,0.56470804
15.00000000,1883.00000000,0.56469641
15.00000000,1884.00000000,0.56470538
15.00000000,1885.00000000,0.56469111
15.00000000,1886.00000000,0.56471967
15.00000000,1887.00000000,0.56483547
15.00000000,1888.00000000,0.56488452
15.00000000,1889.00000000,0.56470162
15.00000000,1890.00000000,0.56478152
15.00000000,1891.00000000,0.56473902
15.00000000,1892.00000000,0.56469507
15.00000000,1893.00000000,0.56463271
15.00000000,1894.00000000,0.56470682
15.00000000,1895.00000000,0.56491178
15.00000000,1896.00000000,0.56490625
15.00000000,1897.00000000,0.56496468
15.00000000,1898.00000000,0.56505404
15.00000000,1899.00000000,0.56499784
15.00000000,1900.00000000,0.56492711
15.00000000,1901.00000000,0.56487429
15.00000000,1902.00000000,0.56492679
15.00000000,1903.00000000,0.56517179
15.00000000,1904.00000000,0.56505949
15.00000000,1905.00000000,0.56525959
15.00000000,1906.00000000,0.56531043
15.00000000,1907.00000000,0.56519987
15.00000000,1908.00000000,0.56501480
15.00000000,1909.00000000,0.56500942
15.00000000,1910.00000000,0.56510827
15.00000000,1911.00000000,0.56509214
15.00000000,1912.00000000,0.56516012
15.00000000,1913.00000000,0.56526914
15.00000000,1914.00000000,0.56556282
15.00000000,1915.00000000,0.56569267
15.00000000,1916.00000000,0.56572693
15.00000000,1917.00000000,0.56571948
15.00000000,1918.00000000,0.56611770
15.00000000,1919.00000000,0.56603293
15.00000000,1920.00000000,0.56630252
15.00000000,1921.00000000,0.56663000
15.00000000,1922.00000000,0.56732276
15.00000000,1923.00000000,0.56679997
15.00000000,1924.00000000,0.56703370
15.00000000,1925.00000000,0.56725330
15.00000000,1926.00000000,0.56728406
15.00000000,1927.00000000,0.56759780
15.00000000,1928.00000000,0.56813801
15.00000000,1929.00000000,0.56694999
15.00000000,1930.00000000,0.56664507
15.00000000,1931.00000000,0.56715917
15.00000000,1932.00000000,0.56757601
15.00000000,1933.00000000,0.56719974
15.00000000,1934.00000000,0.56561483
15.00000000,1935.00000000,0.56684306
15.00000000,1936.00000000,0.56527391
15.00000000,1937.00000000,0.56557654
15.00000000,1938.00000000,0.56678274
15.00000000,1939.00000000,0.56653610
15.00000000,1940.00000000,0.56649428
15.00000000,1941.00000000,0.56640294
15.00000000,1942.00000000,0.56708385
15.00000000,1943.00000000,0.56692584
15.00000000,1944.00000000,0.56760769
15.00000000,1945.00000000,0.56640254
15.00000000,1946.00000000,0.56497284
15.00000000,1947.00000000,0.56376789
15.00000000,1948.00000000,0.56408312
15.00000000,1949.00000000,0.56476241
15.00000000,1950.00000000,0.56514756
15.00000000,1951.00000000,0.56605667
15.00000000,1952.00000000,0.56668299
15.00000000,1953.00000000,0.56568736
15.00000000,1954.00000000,0.56595422
15.00000000,1955.00000000,0.56682810
15.00000000,1956.00000000,0.56689434
15.00000000,1957.00000000,0.56664307
15.00000000,1958.00000000,0.56681822
15.00000000,1959.00000000,0.56634951
15.00000000,1960.00000000,0.56351205
15.00000000,1961.00000000,0.56395099
15.00000000,1962.00000000,0.56520597
15.00000000,1963.00000000,0.56560520
15.00000000,1964.00000000,0.56460159
15.00000000,1965.00000000,0.56642971
15.00000000,1966.00000000,0.56743912
15.00000000,1967.00000000,0.56722633
15.00000000,1968.00000000,0.56717813
15.00000000,1969.00000000,0.56687978
15.00000000,1970.00000000,0.56823677
15.00000000,1971.00000000,0.56909808
15.00000000,1972.00000000,0.56946563
15.00000000,1973.00000000,0.56946317
15.00000000,1974.00000000,0.57022271
15.00000000,1975.00000000,0.57077969
15.00000000,1976.00000000,0.57025998
15.00000000,1977.00000000,0.57069448
15.00000000,1978.00000000,0.57156730
15.00000000,1979.00000000,0.57255207
15.00000000,1980.00000000,0.57326868
15.00000000,1981.00000000,0.57422240
15.00000000,1982.00000000,0.57459026
15.00000000,1983.00000000,0.57573236
15.00000000,1984.00000000,0.57725683
15.00000000,1985.00000000,0.57947126
15.00000000,1986.00000000,0.58036731
15.00000000,1987.00000000,0.58139005
15.00000000,1988.00000000,0.58312998
15.00000000,1989.00000000,0.58239692
15.00000000,1990.00000000,0.58123429
15.00000000,1991.00000000,0.58325961
15.00000000,1992.00000000,0.58395470
15.00000000,1993.00000000,0.58389065
15.00000000,1994.00000000,0.58604933
15.00000000,1995.00000000,0.58458151
15.00000000,1996.00000000,0.58194294
15.00000000,1997.00000000,0.58062685
15.00000000,1998.00000000,0.57956667
15.00000000,1999.00000000,0.58062354
15.00000000,2000.00000000,0.58140357
15.00000000,2001.00000000,0.58231327
15.00000000,2002.00000000,0.58297196
15.00000000,2003.00000000,0.58435054
15.00000000,2004.00000000,0.58478762
15.00000000,2005.00000000,0.58444418
15.00000000,2006.00000000,0.58444989
15.00000000,2007.00000000,0.58219763
15.00000000,2008.00000000,0.58123222
15.00000000,2009.00000000,0.58143645
15.00000000,2010.00000000,0.58174374
15.00000000,2011.00000000,0.58211274
15.00000000,2012.00000000,0.58214894
15.00000000,2013.00000000,0.58067127
15.00000000,2014.00000000,0.57929703
15.00000000,2015.00000000,0.57985948
15.00000000,2016.00000000,0.58033717
15.00000000,2017.00000000,0.57964323
15.00000000,2018.00000000,0.58192145
15.00000000,2019.00000000,0.58468015
15.00000000,2020.00000000,0.58648692
15.00000000,2021.00000000,0.58711620
15.00000000,2022.00000000,0.58771944
15.00000000,2023.00000000,0.58829896
15.00000000,2024.00000000,0.58885344
15.00000000,2025.00000000,0.58938406
15.00000000,2026.00000000,0.59062497
15.00000000,2027.00000000,0.59184167
15.00000000,2028.00000000,0.59303487
15.00000000,2029.00000000,0.59420497
15.00000000,2030.00000000,0.59535215
15.00000000,2031.00000000,0.59647616
15.00000000,2032.00000000,0.59757465
15.00000000,2033.00000000,0.59864421
15.00000000,2034.00000000,0.59968283
15.00000000,2035.00000000,0.60068885
15.00000000,2036.00000000,0.60134193
15.00000000,2037.00000000,0.60196255
15.00000000,2038.00000000,0.60255047
15.00000000,2039.00000000,0.60310623
15.00000000,2040.00000000,0.60363024
15.00000000,2041.00000000,0.60412254
15.00000000,2042.00000000,0.60458232
15.00000000,2043.00000000,0.60500797
15.00000000,2044.00000000,0.60539869
15.00000000,2045.00000000,0.60575435
15.00000000,2046.00000000,0.60672665
15.00000000,2047.00000000,0.60766108
15.00000000,2048.00000000,0.60855816
15.00000000,2049.00000000,0.60941839
15.00000000,2050.00000000,0.61024215
15.00000000,2051.00000000,0.61103036
15.00000000,2052.00000000,0.61178368
15.00000000,2053.00000000,0.61250310
15.00000000,2054.00000000,0.61318943
15.00000000,2055.00000000,0.61384320
15.00000000,2056.00000000,0.61492831
15.00000000,2057.00000000,0.61597966
15.00000000,2058.00000000,0.61699762
15.00000000,2059.00000000,0.61798279
15.00000000,2060.00000000,0.61893527
15.00000000,2061.00000000,0.61985668
15.00000000,2062.00000000,0.62075138
15.00000000,2063.00000000,0.62162420
15.00000000,2064.00000000,0.62247887
15.00000000,2065.00000000,0.62331745
15.00000000,2066.00000000,0.62411595
15.00000000,2067.00000000,0.62490053
15.00000000,2068.00000000,0.62567143
15.00000000,2069.00000000,0.62642845
15.00000000,2070.00000000,0.62717148
15.00000000,2071.00000000,0.62790102
15.00000000,2072.00000000,0.62862002
15.00000000,2073.00000000,0.62933228
15.00000000,2074.00000000,0.63003987
15.00000000,2075.00000000,0.63074361
15.00000000,2076.00000000,0.63049460
15.00000000,2077.00000000,0.63024827
15.00000000,2078.00000000,0.63000458
15.00000000,2079.00000000,0.62976306
15.00000000,2080.00000000,0.62952294
15.00000000,2081.00000000,0.62928437
15.00000000,2082.00000000,0.62904853
15.00000000,2083.00000000,0.62881687
15.00000000,2084.00000000,0.62859026
15.00000000,2085.00000000,0.62836858
15.00000000,2086.00000000,0.62732480
15.00000000,2087.00000000,0.62629096
15.00000000,2088.00000000,0.62526652
15.00000000,2089.00000000,0.62425121
15.00000000,2090.00000000,0.62324439
15.00000000,2091.00000000,0.62224608
15.00000000,2092.00000000,0.62125792
15.00000000,2093.00000000,0.62028137
15.00000000,2094.00000000,0.61931711
15.00000000,2095.00000000,0.61836547
15.00000000,2096.00000000,0.61698065
15.00000000,2097.00000000,0.61561061
15.00000000,2098.00000000,0.61425514
15.00000000,2099.00000000,0.61291356
15.00000000,2100.00000000,0.61158551
15.00000000,2101.00000000,0.61027066
15.00000000,2102.00000000,0.60896971
15.00000000,2103.00000000,0.60768354
15.00000000,2104.00000000,0.60641237
15.00000000,2105.00000000,0.60515583
15.00000000,2106.00000000,0.60347025
15.00000000,2107.00000000,0.60180150
15.00000000,2108.00000000,0.60014900
15.00000000,2109.00000000,0.59851265
15.00000000,2110.00000000,0.59689167
15.00000000,2111.00000000,0.59528559
15.00000000,2112.00000000,0.59369417
15.00000000,2113.00000000,0.59211667
15.00000000,2114.00000000,0.59055291
15.00000000,2115.00000000,0.58900231
15.00000000,2116.00000000,0.58713551
15.00000000,2117.00000000,0.58528327
15.00000000,2118.00000000,0.58344527
15.00000000,2119.00000000,0.58162122
15.00000000,2120.00000000,0.57981102
15.00000000,2121.00000000,0.57801431
15.00000000,2122.00000000,0.57623087
15.00000000,2123.00000000,0.57446049
15.00000000,2124.00000000,0.57270299
15.00000000,2125.00000000,0.57095823
15.00000000,2126.00000000,0.56922589
15.00000000,2127.00000000,0.56750563
15.00000000,2128.00000000,0.56579733
15.00000000,2129.00000000,0.56410073
15.00000000,2130.00000000,0.56241555
15.00000000,2131.00000000,0.56074178
15.00000000,2132.00000000,0.55907913
15.00000000,2133.00000000,0.55742736
15.00000000,2134.00000000,0.55578645
15.00000000,2135.00000000,0.55415632
15.00000000,2136.00000000,0.55253660
15.00000000,2137.00000000,0.55092739
15.00000000,2138.00000000,0.54932833
15.00000000,2139.00000000,0.54773949
15.00000000,2140.00000000,0.54616067
15.00000000,2141.00000000,0.54459166
15.00000000,2142.00000000,0.54303251
15.00000000,2143.00000000,0.54148300
15.00000000,2144.00000000,0.53994292
15.00000000,2145.00000000,0.53841229
15.00000000,2146.00000000,0.53689104
15.00000000,2147.00000000,0.53537892
15.00000000,2148.00000000,0.53387591
15.00000000,2149.00000000,0.53238186
15.00000000,2150.00000000,0.53089672
15.00000000,2151.00000000,0.52942322
15.00000000,2152.00000000,0.52796928
15.00000000,2153.00000000,0.52654263
15.00000000,2154.00000000,0.52514685
15.00000000,2155.00000000,0.52378329
15.00000000,2156.00000000,0.52245215
15.00000000,2157.00000000,0.52115293
15.00000000,2158.00000000,0.51988464
15.00000000,2159.00000000,0.51864629
15.00000000,2160.00000000,0.51743664
15.00000000,2161.00000000,0.51625463
15.00000000,2162.00000000,0.51509902
15.00000000,2163.00000000,0.51396862
15.00000000,2164.00000000,0.51286253
15.00000000,2165.00000000,0.51177956
15.00000000,2166.00000000,0.50879920
15.00000000,2167.00000000,0.50584844
15.00000000,2168.00000000,0.50292666
15.00000000,2169.00000000,0.50003323
15.00000000,2170.00000000,0.49716788
15.00000000,2171.00000000,0.49432990
15.00000000,2172.00000000,0.49151879
15.00000000,2173.00000000,0.48873416
15.00000000,2174.00000000,0.48597540
15.00000000,2175.00000000,0.48324220
15.00000000,2176.00000000,0.48053407
15.00000000,2177.00000000,0.47785047
15.00000000,2178.00000000,0.47519109
15.00000000,2179.00000000,0.47255549
15.00000000,2180.00000000,0.46994315
15.00000000,2181.00000000,0.46735383
15.00000000,2182.00000000,0.46478704
15.00000000,2183.00000000,0.46224237
15.00000000,2184.00000000,0.45971954
15.00000000,2185.00000000,0.45721814
15.00000000,2186.00000000,0.45473779
15.00000000,2187.00000000,0.45227822
15.00000000,2188.00000000,0.44983899
15.00000000,2189.00000000,0.44741983
15.00000000,2190.00000000,0.44502040
15.00000000,2191.00000000,0.44264035
15.00000000,2192.00000000,0.44027943
15.00000000,2193.00000000,0.43793726
15.00000000,2194.00000000,0.43561360
15.00000000,2195.00000000,0.43330810
15.00000000,2196.00000000,0.43102047
15.00000000,2197.00000000,0.42875043
15.00000000,2198.00000000,0.42649781
15.00000000,2199.00000000,0.42426219
15.00000000,2200.00000000,0.42204342
15.00000000,2201.00000000,0.41984116
15.00000000,2202.00000000,0.41765516
15.00000000,2203.00000000,0.41548513
15.00000000,2204.00000000,0.41333091
15.00000000,2205.00000000,0.41119222
15.00000000,2206.00000000,0.40906885
15.00000000,2207.00000000,0.40696052
15.00000000,2208.00000000,0.40486701
15.00000000,2209.00000000,0.40278809
15.00000000,2210.00000000,0.40072346
15.00000000,2211.00000000,0.39867304
15.00000000,2212.00000000,0.39663658
15.00000000,2213.00000000,0.39461380
15.00000000,2214.00000000,0.39260456
15.00000000,2215.00000000,0.39060862
15.00000000,2216.00000000,0.38862576
15.00000000,2217.00000000,0.38665582
15.00000000,2218.00000000,0.38469857
15.00000000,2219.00000000,0.38275378
15.00000000,2220.00000000,0.38082137
15.00000000,2221.00000000,0.37890111
15.00000000,2222.00000000,0.37699271
15.00000000,2223.00000000,0.37509614
15.00000000,2224.00000000,0.37321113
15.00000000,2225.00000000,0.37133754
15.00000000,2226.00000000,0.36947518
15.00000000,2227.00000000,0.36762384
15.00000000,2228.00000000,0.36578342
15.00000000,2229.00000000,0.36395372
15.00000000,2230.00000000,0.36213455
15.00000000,2231.00000000,0.36032581
15.00000000,2232.00000000,0.35852728
15.00000000,2233.00000000,0.35673879
15.00000000,2234.00000000,0.35496021
15.00000000,2235.00000000,0.35319137
15.00000000,2236.00000000,0.35143213
15.00000000,2237.00000000,0.34968235
15.00000000,2238.00000000,0.34794183
15.00000000,2239.00000000,0.34621053
15.00000000,2240.00000000,0.34448820
15.00000000,2241.00000000,0.34277465
15.00000000,2242.00000000,0.34106988
15.00000000,2243.00000000,0.33937366
15.00000000,2244.00000000,0.33768584
15.00000000,2245.00000000,0.33600631
15.00000000,2246.00000000,0.33433493
15.00000000,2247.00000000,0.33267155
15.00000000,2248.00000000,0.33101606
15.00000000,2249.00000000,0.32936790
15.00000000,2250.00000000,0.32772483
15.00000000,2251.00000000,0.32608251
15.00000000,2252.00000000,0.32443698
15.00000000,2253.00000000,0.32278616
15.00000000,2254.00000000,0.32112915
15.00000000,2255.00000000,0.31946572
15.00000000,2256.00000000,0.31779602
15.00000000,2257.00000000,0.31612021
15.00000000,2258.00000000,0.31443847
15.00000000,2259.00000000,0.31275121
15.00000000,2260.00000000,0.31105878
15.00000000,2261.00000000,0.30936171
15.00000000,2262.00000000,0.30766061
15.00000000,2263.00000000,0.30595610
15.00000000,2264.00000000,0.30463772
15.00000000,2265.00000000,0.30446296
15.00000000,2266.00000000,0.30460032
15.00000000,2267.00000000,0.30473678
15.00000000,2268.00000000,0.30487235
15.00000000,2269.00000000,0.30500704
15.00000000,2270.00000000,0.30514088
15.00000000,2271.00000000,0.30532309
15.00000000,2272.00000000,0.30550453
15.00000000,2273.00000000,0.30568520
15.00000000,2274.00000000,0.30586505
15.00000000,2275.00000000,0.30604415
15.00000000,2276.00000000,0.30612505
15.00000000,2277.00000000,0.30620511
15.00000000,2278.00000000,0.30628441
15.00000000,2279.00000000,0.30636298
15.00000000,2280.00000000,0.30644076
15.00000000,2281.00000000,0.30651789
15.00000000,2282.00000000,0.30659431
15.00000000,2283.00000000,0.30667002
15.00000000,2284.00000000,0.30674513
15.00000000,2285.00000000,0.30681954
15.00000000,2286.00000000,0.30689338
15.00000000,2287.00000000,0.30696662
15.00000000,2288.00000000,0.30703922
15.00000000,2289.00000000,0.30711128
15.00000000,2290.00000000,0.30718280
15.00000000,2291.00000000,0.30724948
15.00000000,2292.00000000,0.30731569
15.00000000,2293.00000000,0.30738136
15.00000000,2294.00000000,0.30744648
15.00000000,2295.00000000,0.30751118
15.00000000,2296.00000000,0.30757535
15.00000000,2297.00000000,0.30763908
15.00000000,2298.00000000,0.30770238
15.00000000,2299.00000000,0.30776521
15.00000000,2300.00000000,0.30782766
15.00000000,2301.00000000,0.30788966
15.00000000,2302.00000000,0.30795121
15.00000000,2303.00000000,0.30801236
15.00000000,2304.00000000,0.30807305
15.00000000,2305.00000000,0.30813331
15.00000000,2306.00000000,0.30819315
15.00000000,2307.00000000,0.30825254
15.00000000,2308.00000000,0.30831159
15.00000000,2309.00000000,0.30837022
15.00000000,2310.00000000,0.30842846
15.00000000,2311.00000000,0.30848636
15.00000000,2312.00000000,0.30854391
15.00000000,2313.00000000,0.30860108
15.00000000,2314.00000000,0.30865796
15.00000000,2315.00000000,0.30871449
15.00000000,2316.00000000,0.30878017
15.00000000,2317.00000000,0.30884560
15.00000000,2318.00000000,0.30891074
15.00000000,2319.00000000,0.30897555
15.00000000,2320.00000000,0.30904012
15.00000000,2321.00000000,0.30910442
15.00000000,2322.00000000,0.30916846
15.00000000,2323.00000000,0.30923227
15.00000000,2324.00000000,0.30929580
15.00000000,2325.00000000,0.30935913
15.00000000,2326.00000000,0.30942222
15.00000000,2327.00000000,0.30948506
15.00000000,2328.00000000,0.30954772
15.00000000,2329.00000000,0.30961017
15.00000000,2330.00000000,0.30967238
15.00000000,2331.00000000,0.30973444
15.00000000,2332.00000000,0.30979626
15.00000000,2333.00000000,0.30985794
15.00000000,2334.00000000,0.30991942
15.00000000,2335.00000000,0.30998070
15.00000000,2336.00000000,0.31004185
15.00000000,2337.00000000,0.31010285
15.00000000,2338.00000000,0.31016365
15.00000000,2339.00000000,0.31022433
15.00000000,2340.00000000,0.31028487
15.00000000,2341.00000000,0.31034522
15.00000000,2342.00000000,0.31040548
15.00000000,2343.00000000,0.31046560
15.00000000,2344.00000000,0.31052555
15.00000000,2345.00000000,0.31058541
15.00000000,2346.00000000,0.31064512
15.00000000,2347.00000000,0.31070475
15.00000000,2348.00000000,0.31076425
15.00000000,2349.00000000,0.31082362
15.00000000,2350.00000000,0.31088292
15.00000000,2351.00000000,0.31094213
15.00000000,2352.00000000,0.31100121
15.00000000,2353.00000000,0.31106026
15.00000000,2354.00000000,0.31111923
15.00000000,2355.00000000,0.31117809
15.00000000,2356.00000000,0.31123694
15.00000000,2357.00000000,0.31129568
15.00000000,2358.00000000,0.31135441
15.00000000,2359.00000000,0.31141311
15.00000000,2360.00000000,0.31147167
15.00000000,2361.00000000,0.31153027
15.00000000,2362.00000000,0.31158879
15.00000000,2363.00000000,0.31164724
15.00000000,2364.00000000,0.31170569
15.00000000,2365.00000000,0.31176409
15.00000000,2366.00000000,0.31181969
15.00000000,2367.00000000,0.31187529
15.00000000,2368.00000000,0.31193087
15.00000000,2369.00000000,0.31198635
15.00000000,2370.00000000,0.31204188
15.00000000,2371.00000000,0.31209730
15.00000000,2372.00000000,0.31215277
15.00000000,2373.00000000,0.31220821
15.00000000,2374.00000000,0.31226359
15.00000000,2375.00000000,0.31231898
15.00000000,2376.00000000,0.31237438
15.00000000,2377.00000000,0.31242972
15.00000000,2378.00000000,0.31248508
15.00000000,2379.00000000,0.31254044
15.00000000,2380.00000000,0.31259573
15.00000000,2381.00000000,0.31265108
15.00000000,2382.00000000,0.31270638
15.00000000,2383.00000000,0.31276171
15.00000000,2384.00000000,0.31281705
15.00000000,2385.00000000,0.31287235
15.00000000,2386.00000000,0.31292768
15.00000000,2387.00000000,0.31298304
15.00000000,2388.00000000,0.31303835
15.00000000,2389.00000000,0.31309370
15.00000000,2390.00000000,0.31314908
15.00000000,2391.00000000,0.31320442
15.00000000,2392.00000000,0.31325982
15.00000000,2393.00000000,0.31331517
15.00000000,2394.00000000,0.31337060
15.00000000,2395.00000000,0.31342605
15.00000000,2396.00000000,0.31348146
15.00000000,2397.00000000,0.31353694
15.00000000,2398.00000000,0.31359245
15.00000000,2399.00000000,0.31364790
15.00000000,2400.00000000,0.31370345
15.00000000,2401.00000000,0.31375904
15.00000000,2402.00000000,0.31381458
15.00000000,2403.00000000,0.31387023
15.00000000,2404.00000000,0.31392595
15.00000000,2405.00000000,0.31398163
15.00000000,2406.00000000,0.31403743
15.00000000,2407.00000000,0.31409323
15.00000000,2408.00000000,0.31414913
15.00000000,2409.00000000,0.31420510
15.00000000,2410.00000000,0.31426104
15.00000000,2411.00000000,0.31431712
15.00000000,2412.00000000,0.31437323
15.00000000,2413.00000000,0.31442935
15.00000000,2414.00000000,0.31448557
15.00000000,2415.00000000,0.31454187
15.00000000,2416.00000000,0.31459523
15.00000000,2417.00000000,0.31464870
15.00000000,2418.00000000,0.31470217
15.00000000,2419.00000000,0.31475577
15.00000000,2420.00000000,0.31480942
15.00000000,2421.00000000,0.31486305
15.00000000,2422.00000000,0.31491681
15.00000000,2423.00000000,0.31497063
15.00000000,2424.00000000,0.31502445
15.00000000,2425.00000000,0.31507840
15.00000000,2426.00000000,0.31513239
15.00000000,2427.00000000,0.31518640
15.00000000,2428.00000000,0.31524052
15.00000000,2429.00000000,0.31529472
15.00000000,2430.00000000,0.31534889
15.00000000,2431.00000000,0.31540322
15.00000000,2432.00000000,0.31545751
15.00000000,2433.00000000,0.31551196
15.00000000,2434.00000000,0.31556648
15.00000000,2435.00000000,0.31562099
15.00000000,2436.00000000,0.31567564
15.00000000,2437.00000000,0.31573035
15.00000000,2438.00000000,0.31578504
15.00000000,2439.00000000,0.31583990
15.00000000,2440.00000000,0.31589481
15.00000000,2441.00000000,0.31594972
15.00000000,2442.00000000,0.31600477
15.00000000,2443.00000000,0.31605981
15.00000000,2444.00000000,0.31611502
15.00000000,2445.00000000,0.31617029
15.00000000,2446.00000000,0.31622554
15.00000000,2447.00000000,0.31628096
15.00000000,2448.00000000,0.31633643
15.00000000,2449.00000000,0.31639190
15.00000000,2450.00000000,0.31644752
15.00000000,2451.00000000,0.31650323
15.00000000,2452.00000000,0.31655890
15.00000000,2453.00000000,0.31661473
15.00000000,2454.00000000,0.31667051
15.00000000,2455.00000000,0.31672649
15.00000000,2456.00000000,0.31678250
15.00000000,2457.00000000,0.31683846
15.00000000,2458.00000000,0.31689460
15.00000000,2459.00000000,0.31695082
15.00000000,2460.00000000,0.31700696
15.00000000,2461.00000000,0.31706331
15.00000000,2462.00000000,0.31711969
15.00000000,2463.00000000,0.31717603
15.00000000,2464.00000000,0.31723258
15.00000000,2465.00000000,0.31728916
15.00000000,2466.00000000,0.31734764
15.00000000,2467.00000000,0.31740631
15.00000000,2468.00000000,0.31746489
15.00000000,2469.00000000,0.31752371
15.00000000,2470.00000000,0.31758258
15.00000000,2471.00000000,0.31764140
15.00000000,2472.00000000,0.31770043
15.00000000,2473.00000000,0.31775951
15.00000000,2474.00000000,0.31781852
15.00000000,2475.00000000,0.31787778
15.00000000,2476.00000000,0.31793707
15.00000000,2477.00000000,0.31799631
15.00000000,2478.00000000,0.31805578
15.00000000,2479.00000000,0.31811513
15.00000000,2480.00000000,0.31817477
15.00000000,2481.00000000,0.31823446
15.00000000,2482.00000000,0.31829404
15.00000000,2483.00000000,0.31835390
15.00000000,2484.00000000,0.31841381
15.00000000,2485.00000000,0.31847363
15.00000000,2486.00000000,0.31853372
15.00000000,2487.00000000,0.31859389
15.00000000,2488.00000000,0.31865394
15.00000000,2489.00000000,0.31871428
15.00000000,2490.00000000,0.31877469
15.00000000,2491.00000000,0.31883501
15.00000000,2492.00000000,0.31889560
15.00000000,2493.00000000,0.31895606
15.00000000,2494.00000000,0.31901686
15.00000000,2495.00000000,0.31907775
15.00000000,2496.00000000,0.31913849
15.00000000,2497.00000000,0.31919959
15.00000000,2498.00000000,0.31926078
15.00000000,2499.00000000,0.31932188
15.00000000,2500.00000000,0.31938334
16.00000000,1765.00000000,0.53518973
16.00000000,1766.00000000,0.53518963
16.00000000,1767.00000000,0.53518928
16.00000000,1768.00000000,0.53518878
16.00000000,1769.00000000,0.53518764
16.00000000,1770.00000000,0.53518596
16.00000000,1771.00000000,0.53518359
16.00000000,1772.00000000,0.53518055
16.00000000,1773.00000000,0.53517680
16.00000000,1774.00000000,0.53517227
16.00000000,1775.00000000,0.53516713
16.00000000,1776.00000000,0.53516120
16.00000000,1777.00000000,0.53515467
16.00000000,1778.00000000,0.53514746
16.00000000,1779.00000000,0.53513949
16.00000000,1780.00000000,0.53513091
16.00000000,1781.00000000,0.53512155
16.00000000,1782.00000000,0.53514308
16.00000000,1783.00000000,0.53513226
16.00000000,1784.00000000,0.53512069
16.00000000,1785.00000000,0.53510857
16.00000000,1786.00000000,0.53509578
16.00000000,1787.00000000,0.53509297
16.00000000,1788.00000000,0.53507906
16.00000000,1789.00000000,0.53506459
16.00000000,1790.00000000,0.53504960
16.00000000,1791.00000000,0.53503414
16.00000000,1792.00000000,0.53501822
16.00000000,1793.00000000,0.53500172
16.00000000,1794.00000000,0.53498482
16.00000000,1795.00000000,0.53496745
16.00000000,1796.00000000,0.53494971
16.00000000,1797.00000000,0.53494216
16.00000000,1798.00000000,0.53492355
16.00000000,1799.00000000,0.53490462
16.00000000,1800.00000000,0.53488534
16.00000000,1801.00000000,0.53486562
16.00000000,1802.00000000,0.53484555
16.00000000,1803.00000000,0.53482515
16.00000000,1804.00000000,0.53480431
16.00000000,1805.00000000,0.53478323
16.00000000,1806.00000000,0.53476179
16.00000000,1807.00000000,0.53475066
16.00000000,1808.00000000,0.53472873
16.00000000,1809.00000000,0.53470648
16.00000000,1810.00000000,0.53468407
16.00000000,1811.00000000,0.53466140
16.00000000,1812.00000000,0.53463845
16.00000000,1813.00000000,0.53462592
16.00000000,1814.00000000,0.53460259
16.00000000,1815.00000000,0.53457905
16.00000000,1816.00000000,0.53456587
16.00000000,1817.00000000,0.53454191
16.00000000,1818.00000000,0.53453876
16.00000000,1819.00000000,0.53450377
16.00000000,1820.00000000,0.53447911
16.00000000,1821.00000000,0.53445431
16.00000000,1822.00000000,0.53443990
16.00000000,1823.00000000,0.53441476
16.00000000,1824.00000000,0.53438949
16.00000000,1825.00000000,0.53436406
16.00000000,1826.00000000,0.53433837
16.00000000,1827.00000000,0.53432312
16.00000000,1828.00000000,0.53429719
16.00000000,1829.00000000,0.53427105
16.00000000,1830.00000000,0.53424477
16.00000000,1831.00000000,0.53422878
16.00000000,1832.00000000,0.53421251
16.00000000,1833.00000000,0.53419603
16.00000000,1834.00000000,0.53416873
16.00000000,1835.00000000,0.53414133
16.00000000,1836.00000000,0.53411379
16.00000000,1837.00000000,0.53408594
16.00000000,1838.00000000,0.53406848
16.00000000,1839.00000000,0.53405075
16.00000000,1840.00000000,0.53402219
16.00000000,1841.00000000,0.53400403
16.00000000,1842.00000000,0.53397508
16.00000000,1843.00000000,0.53395641
16.00000000,1844.00000000,0.53392696
16.00000000,1845.00000000,0.53389719
16.00000000,1846.00000000,0.53393049
16.00000000,1847.00000000,0.53388956
16.00000000,1848.00000000,0.53385888
16.00000000,1849.00000000,0.53383848
16.00000000,1850.00000000,0.53380717
16.00000000,1851.00000000,0.53378606
16.00000000,1852.00000000,0.53379635
16.00000000,1853.00000000,0.53376379
16.00000000,1854.00000000,0.53374033
16.00000000,1855.00000000,0.53371576
16.00000000,1856.00000000,0.53370080
16.00000000,1857.00000000,0.53367466
16.00000000,1858.00000000,0.53365861
16.00000000,1859.00000000,0.53363158
16.00000000,1860.00000000,0.53361474
16.00000000,1861.00000000,0.53361850
16.00000000,1862.00000000,0.53357954
16.00000000,1863.00000000,0.53357258
16.00000000,1864.00000000,0.53354561
16.00000000,1865.00000000,0.53354073
16.00000000,1866.00000000,0.53354710
16.00000000,1867.00000000,0.53351153
16.00000000,1868.00000000,0.53350788
16.00000000,1869.00000000,0.53349380
16.00000000,1870.00000000,0.53356426
16.00000000,1871.00000000,0.53355041
16.00000000,1872.00000000,0.53356753
16.00000000,1873.00000000,0.53354005
16.00000000,1874.00000000,0.53350896
16.00000000,1875.00000000,0.53351682
16.00000000,1876.00000000,0.53355374
16.00000000,1877.00000000,0.53354640
16.00000000,1878.00000000,0.53351642
16.00000000,1879.00000000,0.53353780
16.00000000,1880.00000000,0.53356824
16.00000000,1881.00000000,0.53358608
16.00000000,1882.00000000,0.53355935
16.00000000,1883.00000000,0.53358577
16.00000000,1884.00000000,0.53357719
16.00000000,1885.00000000,0.53358876
16.00000000,1886.00000000,0.53357846
16.00000000,1887.00000000,0.53360956
16.00000000,1888.00000000,0.53372422
16.00000000,1889.00000000,0.53377444
16.00000000,1890.00000000,0.53360188
16.00000000,1891.00000000,0.53368141
16.00000000,1892.00000000,0.53364329
16.00000000,1893.00000000,0.53360401
16.00000000,1894.00000000,0.53354753
16.00000000,1895.00000000,0.53362199
16.00000000,1896.00000000,0.53382157
16.00000000,1897.00000000,0.53381886
16.00000000,1898.00000000,0.53387740
16.00000000,1899.00000000,0.53396528
16.00000000,1900.00000000,0.53391284
16.00000000,1901.00000000,0.53384602
16.00000000,1902.00000000,0.53379617
16.00000000,1903.00000000,0.53384706
16.00000000,1904.00000000,0.53408250
16.00000000,1905.00000000,0.53397494
16.00000000,1906.00000000,0.53416713
16.00000000,1907.00000000,0.53421535
16.00000000,1908.00000000,0.53410829
16.00000000,1909.00000000,0.53393132
16.00000000,1910.00000000,0.53392868
16.00000000,1911.00000000,0.53402699
16.00000000,1912.00000000,0.53401633
16.00000000,1913.00000000,0.53408763
16.00000000,1914.00000000,0.53419926
16.00000000,1915.00000000,0.53449102
16.00000000,1916.00000000,0.53462805
16.00000000,1917.00000000,0.53467212
16.00000000,1918.00000000,0.53467391
16.00000000,1919.00000000,0.53506559
16.00000000,1920.00000000,0.53499659
16.00000000,1921.00000000,0.53526768
16.00000000,1922.00000000,0.53559423
16.00000000,1923.00000000,0.53627064
16.00000000,1924.00000000,0.53577696
16.00000000,1925.00000000,0.53600720
16.00000000,1926.00000000,0.53622441
16.00000000,1927.00000000,0.53626036
16.00000000,1928.00000000,0.53656646
16.00000000,1929.00000000,0.53708852
16.00000000,1930.00000000,0.53595197
16.00000000,1931.00000000,0.53566518
16.00000000,1932.00000000,0.53616980
16.00000000,1933.00000000,0.53658668
16.00000000,1934.00000000,0.53624342
16.00000000,1935.00000000,0.53473620
16.00000000,1936.00000000,0.53592430
16.00000000,1937.00000000,0.53442402
16.00000000,1938.00000000,0.53471800
16.00000000,1939.00000000,0.53588089
16.00000000,1940.00000000,0.53565054
16.00000000,1941.00000000,0.53561507
16.00000000,1942.00000000,0.53553129
16.00000000,1943.00000000,0.53618945
16.00000000,1944.00000000,0.53604315
16.00000000,1945.00000000,0.53670552
16.00000000,1946.00000000,0.53556286
16.00000000,1947.00000000,0.53420487
16.00000000,1948.00000000,0.53305548
16.00000000,1949.00000000,0.53336092
16.00000000,1950.00000000,0.53401598
16.00000000,1951.00000000,0.53438560
16.00000000,1952.00000000,0.53525200
16.00000000,1953.00000000,0.53584517
16.00000000,1954.00000000,0.53488567
16.00000000,1955.00000000,0.53514063
16.00000000,1956.00000000,0.53597693
16.00000000,1957.00000000,0.53603600
16.00000000,1958.00000000,0.53579090
16.00000000,1959.00000000,0.53595764
16.00000000,1960.00000000,0.53550968
16.00000000,1961.00000000,0.53279271
16.00000000,1962.00000000,0.53322221
16.00000000,1963.00000000,0.53443605
16.00000000,1964.00000000,0.53482813
16.00000000,1965.00000000,0.53387281
16.00000000,1966.00000000,0.53563334
16.00000000,1967.00000000,0.53660813
16.00000000,1968.00000000,0.53641132
16.00000000,1969.00000000,0.53637334
16.00000000,1970.00000000,0.53609462
16.00000000,1971.00000000,0.53740207
16.00000000,1972.00000000,0.53823581
16.00000000,1973.00000000,0.53859923
16.00000000,1974.00000000,0.53860893
16.00000000,1975.00000000,0.53935459
16.00000000,1976.00000000,0.53991244
16.00000000,1977.00000000,0.53943717
16.00000000,1978.00000000,0.53987453
16.00000000,1979.00000000,0.54073342
16.00000000,1980.00000000,0.54170069
16.00000000,1981.00000000,0.54241741
16.00000000,1982.00000000,0.54337360
16.00000000,1983.00000000,0.54377452
16.00000000,1984.00000000,0.54491778
16.00000000,1985.00000000,0.54642362
16.00000000,1986.00000000,0.54858547
16.00000000,1987.00000000,0.54947860
16.00000000,1988.00000000,0.55049072
16.00000000,1989.00000000,0.55218870
16.00000000,1990.00000000,0.55151448
16.00000000,1991.00000000,0.55043188
16.00000000,1992.00000000,0.55241295
16.00000000,1993.00000000,0.55312631
16.00000000,1994.00000000,0.55311883
16.00000000,1995.00000000,0.55524351
16.00000000,1996.00000000,0.55388548
16.00000000,1997.00000000,0.55140128
16.00000000,1998.00000000,0.55018580
16.00000000,1999.00000000,0.54921990
16.00000000,2000.00000000,0.55028931
16.00000000,2001.00000000,0.55109181
16.00000000,2002.00000000,0.55201429
16.00000000,2003.00000000,0.55269150
16.00000000,2004.00000000,0.55405009
16.00000000,2005.00000000,0.55449416
16.00000000,2006.00000000,0.55418396
16.00000000,2007.00000000,0.55421085
16.00000000,2008.00000000,0.55207565
16.00000000,2009.00000000,0.55117930
16.00000000,2010.00000000,0.55140868
16.00000000,2011.00000000,0.55173924
16.00000000,2012.00000000,0.55212911
16.00000000,2013.00000000,0.55219844
16.00000000,2014.00000000,0.55081483
16.00000000,2015.00000000,0.54953080
16.00000000,2016.00000000,0.55010571
16.00000000,2017.00000000,0.55060071
16.00000000,2018.00000000,0.54997332
16.00000000,2019.00000000,0.55219929
16.00000000,2020.00000000,0.55488819
16.00000000,2021.00000000,0.55666604
16.00000000,2022.00000000,0.55731745
16.00000000,2023.00000000,0.55794738
16.00000000,2024.00000000,0.55855774
16.00000000,2025.00000000,0.55914688
16.00000000,2026.00000000,0.55971566
16.00000000,2027.00000000,0.56096822
16.00000000,2028.00000000,0.56219970
16.00000000,2029.00000000,0.56341063
16.00000000,2030.00000000,0.56460126
16.00000000,2031.00000000,0.56577102
16.00000000,2032.00000000,0.56691787
16.00000000,2033.00000000,0.56803870
16.00000000,2034.00000000,0.56913115
16.00000000,2035.00000000,0.57019395
16.00000000,2036.00000000,0.57122618
16.00000000,2037.00000000,0.57192087
16.00000000,2038.00000000,0.57258579
16.00000000,2039.00000000,0.57322105
16.00000000,2040.00000000,0.57382719
16.00000000,2041.00000000,0.57440433
16.00000000,2042.00000000,0.57495139
16.00000000,2043.00000000,0.57546722
16.00000000,2044.00000000,0.57595084
16.00000000,2045.00000000,0.57640207
16.00000000,2046.00000000,0.57682117
16.00000000,2047.00000000,0.57783391
16.00000000,2048.00000000,0.57881236
16.00000000,2049.00000000,0.57975700
16.00000000,2050.00000000,0.58066840
16.00000000,2051.00000000,0.58154702
16.00000000,2052.00000000,0.58239385
16.00000000,2053.00000000,0.58320939
16.00000000,2054.00000000,0.58399457
16.00000000,2055.00000000,0.58475009
16.00000000,2056.00000000,0.58547642
16.00000000,2057.00000000,0.58661892
16.00000000,2058.00000000,0.58773086
16.00000000,2059.00000000,0.58881262
16.00000000,2060.00000000,0.58986465
16.00000000,2061.00000000,0.59088817
16.00000000,2062.00000000,0.59188711
16.00000000,2063.00000000,0.59286638
16.00000000,2064.00000000,0.59382911
16.00000000,2065.00000000,0.59477755
16.00000000,2066.00000000,0.59571276
16.00000000,2067.00000000,0.59661088
16.00000000,2068.00000000,0.59749670
16.00000000,2069.00000000,0.59837003
16.00000000,2070.00000000,0.59923046
16.00000000,2071.00000000,0.60007867
16.00000000,2072.00000000,0.60091739
16.00000000,2073.00000000,0.60174995
16.00000000,2074.00000000,0.60257850
16.00000000,2075.00000000,0.60340381
16.00000000,2076.00000000,0.60422588
16.00000000,2077.00000000,0.60413126
16.00000000,2078.00000000,0.60403850
16.00000000,2079.00000000,0.60394727
16.00000000,2080.00000000,0.60385692
16.00000000,2081.00000000,0.60376743
16.00000000,2082.00000000,0.60368007
16.00000000,2083.00000000,0.60359610
16.00000000,2084.00000000,0.60351615
16.00000000,2085.00000000,0.60344041
16.00000000,2086.00000000,0.60336851
16.00000000,2087.00000000,0.60250307
16.00000000,2088.00000000,0.60164551
16.00000000,2089.00000000,0.60079524
16.00000000,2090.00000000,0.59995195
16.00000000,2091.00000000,0.59911566
16.00000000,2092.00000000,0.59828761
16.00000000,2093.00000000,0.59746956
16.00000000,2094.00000000,0.59666223
16.00000000,2095.00000000,0.59586560
16.00000000,2096.00000000,0.59507967
16.00000000,2097.00000000,0.59387395
16.00000000,2098.00000000,0.59268054
16.00000000,2099.00000000,0.59149914
16.00000000,2100.00000000,0.59032913
16.00000000,2101.00000000,0.58917042
16.00000000,2102.00000000,0.58802391
16.00000000,2103.00000000,0.58689004
16.00000000,2104.00000000,0.58576925
16.00000000,2105.00000000,0.58466138
16.00000000,2106.00000000,0.58356595
16.00000000,2107.00000000,0.58205406
16.00000000,2108.00000000,0.58055640
16.00000000,2109.00000000,0.57907243
16.00000000,2110.00000000,0.57760199
16.00000000,2111.00000000,0.57614448
16.00000000,2112.00000000,0.57469950
16.00000000,2113.00000000,0.57326673
16.00000000,2114.00000000,0.57184561
16.00000000,2115.00000000,0.57043591
16.00000000,2116.00000000,0.56903713
16.00000000,2117.00000000,0.56733062
16.00000000,2118.00000000,0.56563652
16.00000000,2119.00000000,0.56395441
16.00000000,2120.00000000,0.56228407
16.00000000,2121.00000000,0.56062542
16.00000000,2122.00000000,0.55897828
16.00000000,2123.00000000,0.55734236
16.00000000,2124.00000000,0.55571758
16.00000000,2125.00000000,0.55410372
16.00000000,2126.00000000,0.55250065
16.00000000,2127.00000000,0.55090808
16.00000000,2128.00000000,0.54932580
16.00000000,2129.00000000,0.54775369
16.00000000,2130.00000000,0.54619154
16.00000000,2131.00000000,0.54463908
16.00000000,2132.00000000,0.54309634
16.00000000,2133.00000000,0.54156312
16.00000000,2134.00000000,0.54003926
16.00000000,2135.00000000,0.53852471
16.00000000,2136.00000000,0.53701936
16.00000000,2137.00000000,0.53552296
16.00000000,2138.00000000,0.53403554
16.00000000,2139.00000000,0.53255687
16.00000000,2140.00000000,0.53108708
16.00000000,2141.00000000,0.52962588
16.00000000,2142.00000000,0.52817312
16.00000000,2143.00000000,0.52672885
16.00000000,2144.00000000,0.52529290
16.00000000,2145.00000000,0.52386516
16.00000000,2146.00000000,0.52244560
16.00000000,2147.00000000,0.52103413
16.00000000,2148.00000000,0.51963057
16.00000000,2149.00000000,0.51823488
16.00000000,2150.00000000,0.51684697
16.00000000,2151.00000000,0.51546964
16.00000000,2152.00000000,0.51411061
16.00000000,2153.00000000,0.51277715
16.00000000,2154.00000000,0.51147303
16.00000000,2155.00000000,0.51019956
16.00000000,2156.00000000,0.50895682
16.00000000,2157.00000000,0.50774440
16.00000000,2158.00000000,0.50656151
16.00000000,2159.00000000,0.50540692
16.00000000,2160.00000000,0.50427969
16.00000000,2161.00000000,0.50317860
16.00000000,2162.00000000,0.50210261
16.00000000,2163.00000000,0.50105062
16.00000000,2164.00000000,0.50002156
16.00000000,2165.00000000,0.49901446
16.00000000,2166.00000000,0.49802833
16.00000000,2167.00000000,0.49519268
16.00000000,2168.00000000,0.49238388
16.00000000,2169.00000000,0.48960145
16.00000000,2170.00000000,0.48684485
16.00000000,2171.00000000,0.48411378
16.00000000,2172.00000000,0.48140764
16.00000000,2173.00000000,0.47872603
16.00000000,2174.00000000,0.47606857
16.00000000,2175.00000000,0.47343474
16.00000000,2176.00000000,0.47082430
16.00000000,2177.00000000,0.46823678
16.00000000,2178.00000000,0.46567167
16.00000000,2179.00000000,0.46312882
16.00000000,2180.00000000,0.46060771
16.00000000,2181.00000000,0.45810796
16.00000000,2182.00000000,0.45562933
16.00000000,2183.00000000,0.45317138
16.00000000,2184.00000000,0.45073378
16.00000000,2185.00000000,0.44831624
16.00000000,2186.00000000,0.44591842
16.00000000,2187.00000000,0.44353998
16.00000000,2188.00000000,0.44118067
16.00000000,2189.00000000,0.43884016
16.00000000,2190.00000000,0.43651808
16.00000000,2191.00000000,0.43421423
16.00000000,2192.00000000,0.43192826
16.00000000,2193.00000000,0.42965996
16.00000000,2194.00000000,0.42740899
16.00000000,2195.00000000,0.42517508
16.00000000,2196.00000000,0.42295800
16.00000000,2197.00000000,0.42075751
16.00000000,2198.00000000,0.41857322
16.00000000,2199.00000000,0.41640507
16.00000000,2200.00000000,0.41425270
16.00000000,2201.00000000,0.41211592
16.00000000,2202.00000000,0.40999444
16.00000000,2203.00000000,0.40788803
16.00000000,2204.00000000,0.40579649
16.00000000,2205.00000000,0.40371961
16.00000000,2206.00000000,0.40165708
16.00000000,2207.00000000,0.39960883
16.00000000,2208.00000000,0.39757454
16.00000000,2209.00000000,0.39555401
16.00000000,2210.00000000,0.39354704
16.00000000,2211.00000000,0.39155341
16.00000000,2212.00000000,0.38957297
16.00000000,2213.00000000,0.38760550
16.00000000,2214.00000000,0.38565073
16.00000000,2215.00000000,0.38370860
16.00000000,2216.00000000,0.38177885
16.00000000,2217.00000000,0.37986127
16.00000000,2218.00000000,0.37795574
16.00000000,2219.00000000,0.37606203
16.00000000,2220.00000000,0.37417996
16.00000000,2221.00000000,0.37230940
16.00000000,2222.00000000,0.37045014
16.00000000,2223.00000000,0.36860200
16.00000000,2224.00000000,0.36676485
16.00000000,2225.00000000,0.36493845
16.00000000,2226.00000000,0.36312275
16.00000000,2227.00000000,0.36131750
16.00000000,2228.00000000,0.35952254
16.00000000,2229.00000000,0.35773779
16.00000000,2230.00000000,0.35596305
16.00000000,2231.00000000,0.35419814
16.00000000,2232.00000000,0.35244294
16.00000000,2233.00000000,0.35069727
16.00000000,2234.00000000,0.34896098
16.00000000,2235.00000000,0.34723394
16.00000000,2236.00000000,0.34551595
16.00000000,2237.00000000,0.34380698
16.00000000,2238.00000000,0.34210684
16.00000000,2239.00000000,0.34041535
16.00000000,2240.00000000,0.33873241
16.00000000,2241.00000000,0.33705789
16.00000000,2242.00000000,0.33539159
16.00000000,2243.00000000,0.33373345
16.00000000,2244.00000000,0.33208329
16.00000000,2245.00000000,0.33044098
16.00000000,2246.00000000,0.32880640
16.00000000,2247.00000000,0.32717939
16.00000000,2248.00000000,0.32555992
16.00000000,2249.00000000,0.32394740
16.00000000,2250.00000000,0.32233955
16.00000000,2251.00000000,0.32073222
16.00000000,2252.00000000,0.31912154
16.00000000,2253.00000000,0.31750532
16.00000000,2254.00000000,0.31588279
16.00000000,2255.00000000,0.31425378
16.00000000,2256.00000000,0.31261829
16.00000000,2257.00000000,0.31097657
16.00000000,2258.00000000,0.30932882
16.00000000,2259.00000000,0.30767540
16.00000000,2260.00000000,0.30601670
16.00000000,2261.00000000,0.30435317
16.00000000,2262.00000000,0.30268548
16.00000000,2263.00000000,0.30101422
16.00000000,2264.00000000,0.29933987
16.00000000,2265.00000000,0.29804375
16.00000000,2266.00000000,0.29786746
16.00000000,2267.00000000,0.29799683
16.00000000,2268.00000000,0.29812541
16.00000000,2269.00000000,0.29825318
16.00000000,2270.00000000,0.29838016
16.00000000,2271.00000000,0.29850637
16.00000000,2272.00000000,0.29867999
16.00000000,2273.00000000,0.29885294
16.00000000,2274.00000000,0.29902515
16.00000000,2275.00000000,0.29919664
16.00000000,2276.00000000,0.29936748
16.00000000,2277.00000000,0.29944221
16.00000000,2278.00000000,0.29951619
16.00000000,2279.00000000,0.29958952
16.00000000,2280.00000000,0.29966214
16.00000000,2281.00000000,0.29973407
16.00000000,2282.00000000,0.29980541
16.00000000,2283.00000000,0.29987610
16.00000000,2284.00000000,0.29994616
16.00000000,2285.00000000,0.30001564
16.00000000,2286.00000000,0.30008452
16.00000000,2287.00000000,0.30015288
16.00000000,2288.00000000,0.30022066
16.00000000,2289.00000000,0.30028788
16.00000000,2290.00000000,0.30035463
16.00000000,2291.00000000,0.30042085
16.00000000,2292.00000000,0.30048242
16.00000000,2293.00000000,0.30054352
16.00000000,2294.00000000,0.30060414
16.00000000,2295.00000000,0.30066430
16.00000000,2296.00000000,0.30072401
16.00000000,2297.00000000,0.30078331
16.00000000,2298.00000000,0.30084218
16.00000000,2299.00000000,0.30090064
16.00000000,2300.00000000,0.30095870
16.00000000,2301.00000000,0.30101638
16.00000000,2302.00000000,0.30107367
16.00000000,2303.00000000,0.30113050
16.00000000,2304.00000000,0.30118697
16.00000000,2305.00000000,0.30124300
16.00000000,2306.00000000,0.30129861
16.00000000,2307.00000000,0.30135389
16.00000000,2308.00000000,0.30140873
16.00000000,2309.00000000,0.30146326
16.00000000,2310.00000000,0.30151741
16.00000000,2311.00000000,0.30157120
16.00000000,2312.00000000,0.30162469
16.00000000,2313.00000000,0.30167785
16.00000000,2314.00000000,0.30173067
16.00000000,2315.00000000,0.30178322
16.00000000,2316.00000000,0.30183546
16.00000000,2317.00000000,0.30189668
16.00000000,2318.00000000,0.30195766
16.00000000,2319.00000000,0.30201838
16.00000000,2320.00000000,0.30207879
16.00000000,2321.00000000,0.30213901
16.00000000,2322.00000000,0.30219896
16.00000000,2323.00000000,0.30225868
16.00000000,2324.00000000,0.30231819
16.00000000,2325.00000000,0.30237745
16.00000000,2326.00000000,0.30243653
16.00000000,2327.00000000,0.30249540
16.00000000,2328.00000000,0.30255403
16.00000000,2329.00000000,0.30261251
16.00000000,2330.00000000,0.30267077
16.00000000,2331.00000000,0.30272883
16.00000000,2332.00000000,0.30278674
16.00000000,2333.00000000,0.30284446
16.00000000,2334.00000000,0.30290203
16.00000000,2335.00000000,0.30295946
16.00000000,2336.00000000,0.30301667
16.00000000,2337.00000000,0.30307378
16.00000000,2338.00000000,0.30313074
16.00000000,2339.00000000,0.30318752
16.00000000,2340.00000000,0.30324420
16.00000000,2341.00000000,0.30330074
16.00000000,2342.00000000,0.30335712
16.00000000,2343.00000000,0.30341340
16.00000000,2344.00000000,0.30346955
16.00000000,2345.00000000,0.30352558
16.00000000,2346.00000000,0.30358151
16.00000000,2347.00000000,0.30363730
16.00000000,2348.00000000,0.30369303
16.00000000,2349.00000000,0.30374865
16.00000000,2350.00000000,0.30380414
16.00000000,2351.00000000,0.30385957
16.00000000,2352.00000000,0.30391494
16.00000000,2353.00000000,0.30397019
16.00000000,2354.00000000,0.30402540
16.00000000,2355.00000000,0.30408055
16.00000000,2356.00000000,0.30413561
16.00000000,2357.00000000,0.30419065
16.00000000,2358.00000000,0.30424560
16.00000000,2359.00000000,0.30430054
16.00000000,2360.00000000,0.30435543
16.00000000,2361.00000000,0.30441024
16.00000000,2362.00000000,0.30446505
16.00000000,2363.00000000,0.30451981
16.00000000,2364.00000000,0.30457450
16.00000000,2365.00000000,0.30462921
16.00000000,2366.00000000,0.30468386
16.00000000,2367.00000000,0.30473577
16.00000000,2368.00000000,0.30478769
16.00000000,2369.00000000,0.30483957
16.00000000,2370.00000000,0.30489140
16.00000000,2371.00000000,0.30494325
16.00000000,2372.00000000,0.30499501
16.00000000,2373.00000000,0.30504682
16.00000000,2374.00000000,0.30509859
16.00000000,2375.00000000,0.30515032
16.00000000,2376.00000000,0.30520208
16.00000000,2377.00000000,0.30525380
16.00000000,2378.00000000,0.30530549
16.00000000,2379.00000000,0.30535720
16.00000000,2380.00000000,0.30540891
16.00000000,2381.00000000,0.30546058
16.00000000,2382.00000000,0.30551227
16.00000000,2383.00000000,0.30556392
16.00000000,2384.00000000,0.30561563
16.00000000,2385.00000000,0.30566732
16.00000000,2386.00000000,0.30571897
16.00000000,2387.00000000,0.30577069
16.00000000,2388.00000000,0.30582240
16.00000000,2389.00000000,0.30587406
16.00000000,2390.00000000,0.30592579
16.00000000,2391.00000000,0.30597753
16.00000000,2392.00000000,0.30602924
16.00000000,2393.00000000,0.30608100
16.00000000,2394.00000000,0.30613271
16.00000000,2395.00000000,0.30618450
16.00000000,2396.00000000,0.30623631
16.00000000,2397.00000000,0.30628809
16.00000000,2398.00000000,0.30633993
16.00000000,2399.00000000,0.30639179
16.00000000,2400.00000000,0.30644362
16.00000000,2401.00000000,0.30649553
16.00000000,2402.00000000,0.30654747
16.00000000,2403.00000000,0.30659940
16.00000000,2404.00000000,0.30665142
16.00000000,2405.00000000,0.30670350
16.00000000,2406.00000000,0.30675556
16.00000000,2407.00000000,0.30680774
16.00000000,2408.00000000,0.30685989
16.00000000,2409.00000000,0.30691217
16.00000000,2410.00000000,0.30696448
16.00000000,2411.00000000,0.30701679
16.00000000,2412.00000000,0.30706920
16.00000000,2413.00000000,0.30712168
16.00000000,2414.00000000,0.30717415
16.00000000,2415.00000000,0.30722671
16.00000000,2416.00000000,0.30727934
16.00000000,2417.00000000,0.30732911
16.00000000,2418.00000000,0.30737899
16.00000000,2419.00000000,0.30742884
16.00000000,2420.00000000,0.30747882
16.00000000,2421.00000000,0.30752885
16.00000000,2422.00000000,0.30757888
16.00000000,2423.00000000,0.30762902
16.00000000,2424.00000000,0.30767921
16.00000000,2425.00000000,0.30772940
16.00000000,2426.00000000,0.30777971
16.00000000,2427.00000000,0.30783008
16.00000000,2428.00000000,0.30788042
16.00000000,2429.00000000,0.30793091
16.00000000,2430.00000000,0.30798144
16.00000000,2431.00000000,0.30803197
16.00000000,2432.00000000,0.30808263
16.00000000,2433.00000000,0.30813328
16.00000000,2434.00000000,0.30818406
16.00000000,2435.00000000,0.30823490
16.00000000,2436.00000000,0.30828571
16.00000000,2437.00000000,0.30833667
16.00000000,2438.00000000,0.30838771
16.00000000,2439.00000000,0.30843870
16.00000000,2440.00000000,0.30848987
16.00000000,2441.00000000,0.30854108
16.00000000,2442.00000000,0.30859227
16.00000000,2443.00000000,0.30864362
16.00000000,2444.00000000,0.30869494
16.00000000,2445.00000000,0.30874642
16.00000000,2446.00000000,0.30879796
16.00000000,2447.00000000,0.30884948
16.00000000,2448.00000000,0.30890114
16.00000000,2449.00000000,0.30895289
16.00000000,2450.00000000,0.30900460
16.00000000,2451.00000000,0.30905648
16.00000000,2452.00000000,0.30910841
16.00000000,2453.00000000,0.30916031
16.00000000,2454.00000000,0.30921235
16.00000000,2455.00000000,0.30926436
16.00000000,2456.00000000,0.30931652
16.00000000,2457.00000000,0.30936874
16.00000000,2458.00000000,0.30942091
16.00000000,2459.00000000,0.30947324
16.00000000,2460.00000000,0.30952561
16.00000000,2461.00000000,0.30957795
16.00000000,2462.00000000,0.30963046
16.00000000,2463.00000000,0.30968302
16.00000000,2464.00000000,0.30973554
16.00000000,2465.00000000,0.30978822
16.00000000,2466.00000000,0.30984096
16.00000000,2467.00000000,0.30989555
16.00000000,2468.00000000,0.30995032
16.00000000,2469.00000000,0.31000502
16.00000000,2470.00000000,0.31005991
16.00000000,2471.00000000,0.31011488
16.00000000,2472.00000000,0.31016977
16.00000000,2473.00000000,0.31022486
16.00000000,2474.00000000,0.31028001
16.00000000,2475.00000000,0.31033510
16.00000000,2476.00000000,0.31039040
16.00000000,2477.00000000,0.31044575
16.00000000,2478.00000000,0.31050105
16.00000000,2479.00000000,0.31055654
16.00000000,2480.00000000,0.31061196
16.00000000,2481.00000000,0.31066759
16.00000000,2482.00000000,0.31072331
16.00000000,2483.00000000,0.31077893
16.00000000,2484.00000000,0.31083478
16.00000000,2485.00000000,0.31089072
16.00000000,2486.00000000,0.31094654
16.00000000,2487.00000000,0.31100263
16.00000000,2488.00000000,0.31105878
16.00000000,2489.00000000,0.31111484
16.00000000,2490.00000000,0.31117115
16.00000000,2491.00000000,0.31122752
16.00000000,2492.00000000,0.31128382
16.00000000,2493.00000000,0.31134038
16.00000000,2494.00000000,0.31139683
16.00000000,2495.00000000,0.31145358
16.00000000,2496.00000000,0.31151039
16.00000000,2497.00000000,0.31156712
16.00000000,2498.00000000,0.31162415
16.00000000,2499.00000000,0.31168126
16.00000000,2500.00000000,0.31173835
17.00000000,1765.00000000,0.50625030
17.00000000,1766.00000000,0.50625019
17.00000000,1767.00000000,0.50624989
17.00000000,1768.00000000,0.50624922
17.00000000,1769.00000000,0.50624837
17.00000000,1770.00000000,0.50624682
17.00000000,1771.00000000,0.50624474
17.00000000,1772.00000000,0.50624200
17.00000000,1773.00000000,0.50623857
17.00000000,1774.00000000,0.50623455
17.00000000,1775.00000000,0.50622984
17.00000000,1776.00000000,0.50622457
17.00000000,1777.00000000,0.50621864
17.00000000,1778.00000000,0.50621219
17.00000000,1779.00000000,0.50620514
17.00000000,1780.00000000,0.50619742
17.00000000,1781.00000000,0.50618920
17.00000000,1782.00000000,0.50618028
17.00000000,1783.00000000,0.50620104
17.00000000,1784.00000000,0.50619083
17.00000000,1785.00000000,0.50618002
17.00000000,1786.00000000,0.50616871
17.00000000,1787.00000000,0.50615687
17.00000000,1788.00000000,0.50615462
17.00000000,1789.00000000,0.50614179
17.00000000,1790.00000000,0.50612852
17.00000000,1791.00000000,0.50611475
17.00000000,1792.00000000,0.50610060
17.00000000,1793.00000000,0.50608600
17.00000000,1794.00000000,0.50607093
17.00000000,1795.00000000,0.50605554
17.00000000,1796.00000000,0.50603972
17.00000000,1797.00000000,0.50602363
17.00000000,1798.00000000,0.50601727
17.00000000,1799.00000000,0.50600038
17.00000000,1800.00000000,0.50598324
17.00000000,1801.00000000,0.50596575
17.00000000,1802.00000000,0.50594784
17.00000000,1803.00000000,0.50592969
17.00000000,1804.00000000,0.50591118
17.00000000,1805.00000000,0.50589238
17.00000000,1806.00000000,0.50587335
17.00000000,1807.00000000,0.50585398
17.00000000,1808.00000000,0.50584460
17.00000000,1809.00000000,0.50582484
17.00000000,1810.00000000,0.50580483
17.00000000,1811.00000000,0.50578467
17.00000000,1812.00000000,0.50576429
17.00000000,1813.00000000,0.50574368
17.00000000,1814.00000000,0.50573305
17.00000000,1815.00000000,0.50571214
17.00000000,1816.00000000,0.50569098
17.00000000,1817.00000000,0.50567978
17.00000000,1818.00000000,0.50565824
17.00000000,1819.00000000,0.50565667
17.00000000,1820.00000000,0.50562463
17.00000000,1821.00000000,0.50560249
17.00000000,1822.00000000,0.50558026
17.00000000,1823.00000000,0.50556804
17.00000000,1824.00000000,0.50554548
17.00000000,1825.00000000,0.50552284
17.00000000,1826.00000000,0.50550000
17.00000000,1827.00000000,0.50547696
17.00000000,1828.00000000,0.50546399
17.00000000,1829.00000000,0.50544074
17.00000000,1830.00000000,0.50541733
17.00000000,1831.00000000,0.50539368
17.00000000,1832.00000000,0.50537985
17.00000000,1833.00000000,0.50536588
17.00000000,1834.00000000,0.50535171
17.00000000,1835.00000000,0.50532721
17.00000000,1836.00000000,0.50530267
17.00000000,1837.00000000,0.50527787
17.00000000,1838.00000000,0.50525281
17.00000000,1839.00000000,0.50523771
17.00000000,1840.00000000,0.50522244
17.00000000,1841.00000000,0.50519674
17.00000000,1842.00000000,0.50518102
17.00000000,1843.00000000,0.50515498
17.00000000,1844.00000000,0.50513877
17.00000000,1845.00000000,0.50511224
17.00000000,1846.00000000,0.50508540
17.00000000,1847.00000000,0.50511903
17.00000000,1848.00000000,0.50508152
17.00000000,1849.00000000,0.50505380
17.00000000,1850.00000000,0.50503597
17.00000000,1851.00000000,0.50500772
17.00000000,1852.00000000,0.50498921
17.00000000,1853.00000000,0.50500065
17.00000000,1854.00000000,0.50497033
17.00000000,1855.00000000,0.50494892
17.00000000,1856.00000000,0.50492682
17.00000000,1857.00000000,0.50491415
17.00000000,1858.00000000,0.50489096
17.00000000,1859.00000000,0.50487755
17.00000000,1860.00000000,0.50485364
17.00000000,1861.00000000,0.50483941
17.00000000,1862.00000000,0.50484503
17.00000000,1863.00000000,0.50481030
17.00000000,1864.00000000,0.50480706
17.00000000,1865.00000000,0.50478440
17.00000000,1866.00000000,0.50478261
17.00000000,1867.00000000,0.50479133
17.00000000,1868.00000000,0.50475967
17.00000000,1869.00000000,0.50475850
17.00000000,1870.00000000,0.50474718
17.00000000,1871.00000000,0.50481687
17.00000000,1872.00000000,0.50480500
17.00000000,1873.00000000,0.50482151
17.00000000,1874.00000000,0.50479394
17.00000000,1875.00000000,0.50476346
17.00000000,1876.00000000,0.50477115
17.00000000,1877.00000000,0.50480718
17.00000000,1878.00000000,0.50480130
17.00000000,1879.00000000,0.50477412
17.00000000,1880.00000000,0.50479622
17.00000000,1881.00000000,0.50482669
17.00000000,1882.00000000,0.50484491
17.00000000,1883.00000000,0.50482080
17.00000000,1884.00000000,0.50484851
17.00000000,1885.00000000,0.50484306
17.00000000,1886.00000000,0.50485732
17.00000000,1887.00000000,0.50485084
17.00000000,1888.00000000,0.50488402
17.00000000,1889.00000000,0.50499695
17.00000000,1890.00000000,0.50504793
17.00000000,1891.00000000,0.50488505
17.00000000,1892.00000000,0.50496384
17.00000000,1893.00000000,0.50493008
17.00000000,1894.00000000,0.50489557
17.00000000,1895.00000000,0.50484461
17.00000000,1896.00000000,0.50491879
17.00000000,1897.00000000,0.50511279
17.00000000,1898.00000000,0.50511262
17.00000000,1899.00000000,0.50517083
17.00000000,1900.00000000,0.50525661
17.00000000,1901.00000000,0.50520731
17.00000000,1902.00000000,0.50514405
17.00000000,1903.00000000,0.50509680
17.00000000,1904.00000000,0.50514601
17.00000000,1905.00000000,0.50537224
17.00000000,1906.00000000,0.50526930
17.00000000,1907.00000000,0.50545325
17.00000000,1908.00000000,0.50549868
17.00000000,1909.00000000,0.50539658
17.00000000,1910.00000000,0.50522927
17.00000000,1911.00000000,0.50522997
17.00000000,1912.00000000,0.50532873
17.00000000,1913.00000000,0.50532411
17.00000000,1914.00000000,0.50539898
17.00000000,1915.00000000,0.50551538
17.00000000,1916.00000000,0.50580689
17.00000000,1917.00000000,0.50594874
17.00000000,1918.00000000,0.50599940
17.00000000,1919.00000000,0.50601007
17.00000000,1920.00000000,0.50639750
17.00000000,1921.00000000,0.50634300
17.00000000,1922.00000000,0.50661475
17.00000000,1923.00000000,0.50693914
17.00000000,1924.00000000,0.50759574
17.00000000,1925.00000000,0.50712786
17.00000000,1926.00000000,0.50735498
17.00000000,1927.00000000,0.50756958
17.00000000,1928.00000000,0.50760903
17.00000000,1929.00000000,0.50790636
17.00000000,1930.00000000,0.50841075
17.00000000,1931.00000000,0.50732593
17.00000000,1932.00000000,0.50706160
17.00000000,1933.00000000,0.50756168
17.00000000,1934.00000000,0.50797852
17.00000000,1935.00000000,0.50766212
17.00000000,1936.00000000,0.50622474
17.00000000,1937.00000000,0.50736994
17.00000000,1938.00000000,0.50593365
17.00000000,1939.00000000,0.50622070
17.00000000,1940.00000000,0.50734253
17.00000000,1941.00000000,0.50712582
17.00000000,1942.00000000,0.50709541
17.00000000,1943.00000000,0.50701952
17.00000000,1944.00000000,0.50765608
17.00000000,1945.00000000,0.50752347
17.00000000,1946.00000000,0.50817228
17.00000000,1947.00000000,0.50708927
17.00000000,1948.00000000,0.50579296
17.00000000,1949.00000000,0.50469289
17.00000000,1950.00000000,0.50498905
17.00000000,1951.00000000,0.50561765
17.00000000,1952.00000000,0.50596696
17.00000000,1953.00000000,0.50679110
17.00000000,1954.00000000,0.50735651
17.00000000,1955.00000000,0.50643510
17.00000000,1956.00000000,0.50667776
17.00000000,1957.00000000,0.50747612
17.00000000,1958.00000000,0.50752912
17.00000000,1959.00000000,0.50729288
17.00000000,1960.00000000,0.50745437
17.00000000,1961.00000000,0.50702948
17.00000000,1962.00000000,0.50443065
17.00000000,1963.00000000,0.50485157
17.00000000,1964.00000000,0.50602432
17.00000000,1965.00000000,0.50640723
17.00000000,1966.00000000,0.50549667
17.00000000,1967.00000000,0.50719138
17.00000000,1968.00000000,0.50813310
17.00000000,1969.00000000,0.50795185
17.00000000,1970.00000000,0.50792212
17.00000000,1971.00000000,0.50765974
17.00000000,1972.00000000,0.50892041
17.00000000,1973.00000000,0.50972993
17.00000000,1974.00000000,0.51008952
17.00000000,1975.00000000,0.51011461
17.00000000,1976.00000000,0.51085178
17.00000000,1977.00000000,0.51140854
17.00000000,1978.00000000,0.51097184
17.00000000,1979.00000000,0.51141145
17.00000000,1980.00000000,0.51225622
17.00000000,1981.00000000,0.51321124
17.00000000,1982.00000000,0.51393744
17.00000000,1983.00000000,0.51489988
17.00000000,1984.00000000,0.51532935
17.00000000,1985.00000000,0.51646683
17.00000000,1986.00000000,0.51794657
17.00000000,1987.00000000,0.52005192
17.00000000,1988.00000000,0.52093775
17.00000000,1989.00000000,0.52193570
17.00000000,1990.00000000,0.52359173
17.00000000,1991.00000000,0.52297561
17.00000000,1992.00000000,0.52197278
17.00000000,1993.00000000,0.52391686
17.00000000,1994.00000000,0.52465186
17.00000000,1995.00000000,0.52469505
17.00000000,1996.00000000,0.52678060
17.00000000,1997.00000000,0.52552210
17.00000000,1998.00000000,0.52318280
17.00000000,1999.00000000,0.52206453
17.00000000,2000.00000000,0.52118940
17.00000000,2001.00000000,0.52226584
17.00000000,2002.00000000,0.52308209
17.00000000,2003.00000000,0.52400949
17.00000000,2004.00000000,0.52469264
17.00000000,2005.00000000,0.52601923
17.00000000,2006.00000000,0.52646312
17.00000000,2007.00000000,0.52618520
17.00000000,2008.00000000,0.52623490
17.00000000,2009.00000000,0.52421386
17.00000000,2010.00000000,0.52338462
17.00000000,2011.00000000,0.52363763
17.00000000,2012.00000000,0.52398783
17.00000000,2013.00000000,0.52439375
17.00000000,2014.00000000,0.52449162
17.00000000,2015.00000000,0.52319562
17.00000000,2016.00000000,0.52199592
17.00000000,2017.00000000,0.52258090
17.00000000,2018.00000000,0.52309077
17.00000000,2019.00000000,0.52252553
17.00000000,2020.00000000,0.52469971
17.00000000,2021.00000000,0.52732024
17.00000000,2022.00000000,0.52906959
17.00000000,2023.00000000,0.52974162
17.00000000,2024.00000000,0.53039596
17.00000000,2025.00000000,0.53103414
17.00000000,2026.00000000,0.53165426
17.00000000,2027.00000000,0.53225698
17.00000000,2028.00000000,0.53351775
17.00000000,2029.00000000,0.53476015
17.00000000,2030.00000000,0.53598461
17.00000000,2031.00000000,0.53719055
17.00000000,2032.00000000,0.53837584
17.00000000,2033.00000000,0.53953773
17.00000000,2034.00000000,0.54067394
17.00000000,2035.00000000,0.54178303
17.00000000,2036.00000000,0.54286431
17.00000000,2037.00000000,0.54391729
17.00000000,2038.00000000,0.54464764
17.00000000,2039.00000000,0.54535096
17.00000000,2040.00000000,0.54602739
17.00000000,2041.00000000,0.54667726
17.00000000,2042.00000000,0.54729955
17.00000000,2043.00000000,0.54789286
17.00000000,2044.00000000,0.54845669
17.00000000,2045.00000000,0.54899062
17.00000000,2046.00000000,0.54949481
17.00000000,2047.00000000,0.54996980
17.00000000,2048.00000000,0.55101651
17.00000000,2049.00000000,0.55203216
17.00000000,2050.00000000,0.55301738
17.00000000,2051.00000000,0.55397273
17.00000000,2052.00000000,0.55489872
17.00000000,2053.00000000,0.55579628
17.00000000,2054.00000000,0.55666588
17.00000000,2055.00000000,0.55750826
17.00000000,2056.00000000,0.55832404
17.00000000,2057.00000000,0.55911361
17.00000000,2058.00000000,0.56030466
17.00000000,2059.00000000,0.56146807
17.00000000,2060.00000000,0.56260420
17.00000000,2061.00000000,0.56371432
17.00000000,2062.00000000,0.56480213
17.00000000,2063.00000000,0.56587209
17.00000000,2064.00000000,0.56692739
17.00000000,2065.00000000,0.56796973
17.00000000,2066.00000000,0.56900040
17.00000000,2067.00000000,0.57001981
17.00000000,2068.00000000,0.57100456
17.00000000,2069.00000000,0.57197819
17.00000000,2070.00000000,0.57294016
17.00000000,2071.00000000,0.57389094
17.00000000,2072.00000000,0.57483333
17.00000000,2073.00000000,0.57577045
17.00000000,2074.00000000,0.57670398
17.00000000,2075.00000000,0.57763490
17.00000000,2076.00000000,0.57856327
17.00000000,2077.00000000,0.57948850
17.00000000,2078.00000000,0.57953095
17.00000000,2079.00000000,0.57957420
17.00000000,2080.00000000,0.57961801
17.00000000,2081.00000000,0.57966211
17.00000000,2082.00000000,0.57970766
17.00000000,2083.00000000,0.57975606
17.00000000,2084.00000000,0.57980790
17.00000000,2085.00000000,0.57986303
17.00000000,2086.00000000,0.57992129
17.00000000,2087.00000000,0.57998205
17.00000000,2088.00000000,0.57927650
17.00000000,2089.00000000,0.57857696
17.00000000,2090.00000000,0.57788271
17.00000000,2091.00000000,0.57719405
17.00000000,2092.00000000,0.57651229
17.00000000,2093.00000000,0.57583884
17.00000000,2094.00000000,0.57517460
17.00000000,2095.00000000,0.57451966
17.00000000,2096.00000000,0.57387370
17.00000000,2097.00000000,0.57323647
17.00000000,2098.00000000,0.57219215
17.00000000,2099.00000000,0.57115796
17.00000000,2100.00000000,0.57013349
17.00000000,2101.00000000,0.56911846
17.00000000,2102.00000000,0.56811372
17.00000000,2103.00000000,0.56712018
17.00000000,2104.00000000,0.56613780
17.00000000,2105.00000000,0.56516672
17.00000000,2106.00000000,0.56420652
17.00000000,2107.00000000,0.56325665
17.00000000,2108.00000000,0.56190224
17.00000000,2109.00000000,0.56055973
17.00000000,2110.00000000,0.55922872
17.00000000,2111.00000000,0.55790893
17.00000000,2112.00000000,0.55659984
17.00000000,2113.00000000,0.55530110
17.00000000,2114.00000000,0.55401244
17.00000000,2115.00000000,0.55273340
17.00000000,2116.00000000,0.55146382
17.00000000,2117.00000000,0.55020322
17.00000000,2118.00000000,0.54864299
17.00000000,2119.00000000,0.54709310
17.00000000,2120.00000000,0.54555324
17.00000000,2121.00000000,0.54402336
17.00000000,2122.00000000,0.54250329
17.00000000,2123.00000000,0.54099288
17.00000000,2124.00000000,0.53949188
17.00000000,2125.00000000,0.53800024
17.00000000,2126.00000000,0.53651780
17.00000000,2127.00000000,0.53504447
17.00000000,2128.00000000,0.53357995
17.00000000,2129.00000000,0.53212405
17.00000000,2130.00000000,0.53067670
17.00000000,2131.00000000,0.52923776
17.00000000,2132.00000000,0.52780704
17.00000000,2133.00000000,0.52638465
17.00000000,2134.00000000,0.52497031
17.00000000,2135.00000000,0.52356388
17.00000000,2136.00000000,0.52216538
17.00000000,2137.00000000,0.52077468
17.00000000,2138.00000000,0.51939169
17.00000000,2139.00000000,0.51801638
17.00000000,2140.00000000,0.51664852
17.00000000,2141.00000000,0.51528824
17.00000000,2142.00000000,0.51393530
17.00000000,2143.00000000,0.51258961
17.00000000,2144.00000000,0.51125124
17.00000000,2145.00000000,0.50992002
17.00000000,2146.00000000,0.50859584
17.00000000,2147.00000000,0.50727870
17.00000000,2148.00000000,0.50596851
17.00000000,2149.00000000,0.50466512
17.00000000,2150.00000000,0.50336859
17.00000000,2151.00000000,0.50208149
17.00000000,2152.00000000,0.50081150
17.00000000,2153.00000000,0.49956571
17.00000000,2154.00000000,0.49834766
17.00000000,2155.00000000,0.49715874
17.00000000,2156.00000000,0.49599916
17.00000000,2157.00000000,0.49486837
17.00000000,2158.00000000,0.49376561
17.00000000,2159.00000000,0.49268987
17.00000000,2160.00000000,0.49164007
17.00000000,2161.00000000,0.49061517
17.00000000,2162.00000000,0.48961402
17.00000000,2163.00000000,0.48863574
17.00000000,2164.00000000,0.48767928
17.00000000,2165.00000000,0.48674354
17.00000000,2166.00000000,0.48582775
17.00000000,2167.00000000,0.48493094
17.00000000,2168.00000000,0.48223043
17.00000000,2169.00000000,0.47955432
17.00000000,2170.00000000,0.47690220
17.00000000,2171.00000000,0.47427355
17.00000000,2172.00000000,0.47166810
17.00000000,2173.00000000,0.46908542
17.00000000,2174.00000000,0.46652506
17.00000000,2175.00000000,0.46398673
17.00000000,2176.00000000,0.46147000
17.00000000,2177.00000000,0.45897465
17.00000000,2178.00000000,0.45650024
17.00000000,2179.00000000,0.45404635
17.00000000,2180.00000000,0.45161283
17.00000000,2181.00000000,0.44919924
17.00000000,2182.00000000,0.44680523
17.00000000,2183.00000000,0.44443063
17.00000000,2184.00000000,0.44207499
17.00000000,2185.00000000,0.43973804
17.00000000,2186.00000000,0.43741954
17.00000000,2187.00000000,0.43511919
17.00000000,2188.00000000,0.43283668
17.00000000,2189.00000000,0.43057177
17.00000000,2190.00000000,0.42832419
17.00000000,2191.00000000,0.42609362
17.00000000,2192.00000000,0.42387985
17.00000000,2193.00000000,0.42168257
17.00000000,2194.00000000,0.41950160
17.00000000,2195.00000000,0.41733664
17.00000000,2196.00000000,0.41518745
17.00000000,2197.00000000,0.41305383
17.00000000,2198.00000000,0.41093558
17.00000000,2199.00000000,0.40883237
17.00000000,2200.00000000,0.40674398
17.00000000,2201.00000000,0.40467025
17.00000000,2202.00000000,0.40261097
17.00000000,2203.00000000,0.40056586
17.00000000,2204.00000000,0.39853473
17.00000000,2205.00000000,0.39651742
17.00000000,2206.00000000,0.39451371
17.00000000,2207.00000000,0.39252337
17.00000000,2208.00000000,0.39054622
17.00000000,2209.00000000,0.38858204
17.00000000,2210.00000000,0.38663061
17.00000000,2211.00000000,0.38469183
17.00000000,2212.00000000,0.38276545
17.00000000,2213.00000000,0.38085134
17.00000000,2214.00000000,0.37894930
17.00000000,2215.00000000,0.37705912
17.00000000,2216.00000000,0.37518065
17.00000000,2217.00000000,0.37331371
17.00000000,2218.00000000,0.37145807
17.00000000,2219.00000000,0.36961372
17.00000000,2220.00000000,0.36778034
17.00000000,2221.00000000,0.36595780
17.00000000,2222.00000000,0.36414600
17.00000000,2223.00000000,0.36234474
17.00000000,2224.00000000,0.36055383
17.00000000,2225.00000000,0.35877319
17.00000000,2226.00000000,0.35700259
17.00000000,2227.00000000,0.35524194
17.00000000,2228.00000000,0.35349106
17.00000000,2229.00000000,0.35174978
17.00000000,2230.00000000,0.35001802
17.00000000,2231.00000000,0.34829559
17.00000000,2232.00000000,0.34658230
17.00000000,2233.00000000,0.34487810
17.00000000,2234.00000000,0.34318280
17.00000000,2235.00000000,0.34149623
17.00000000,2236.00000000,0.33981833
17.00000000,2237.00000000,0.33814891
17.00000000,2238.00000000,0.33648787
17.00000000,2239.00000000,0.33483508
17.00000000,2240.00000000,0.33319037
17.00000000,2241.00000000,0.33155362
17.00000000,2242.00000000,0.32992472
17.00000000,2243.00000000,0.32830352
17.00000000,2244.00000000,0.32668992
17.00000000,2245.00000000,0.32508376
17.00000000,2246.00000000,0.32348490
17.00000000,2247.00000000,0.32189333
17.00000000,2248.00000000,0.32030878
17.00000000,2249.00000000,0.31873085
17.00000000,2250.00000000,0.31715734
17.00000000,2251.00000000,0.31558405
17.00000000,2252.00000000,0.31400719
17.00000000,2253.00000000,0.31242469
17.00000000,2254.00000000,0.31083573
17.00000000,2255.00000000,0.30924014
17.00000000,2256.00000000,0.30763800
17.00000000,2257.00000000,0.30602947
17.00000000,2258.00000000,0.30441481
17.00000000,2259.00000000,0.30279435
17.00000000,2260.00000000,0.30116846
17.00000000,2261.00000000,0.29953763
17.00000000,2262.00000000,0.29790247
17.00000000,2263.00000000,0.29626359
17.00000000,2264.00000000,0.29462147
17.00000000,2265.00000000,0.29297649
17.00000000,2266.00000000,0.29170212
17.00000000,2267.00000000,0.29152459
17.00000000,2268.00000000,0.29164650
17.00000000,2269.00000000,0.29176770
17.00000000,2270.00000000,0.29188818
17.00000000,2271.00000000,0.29200794
17.00000000,2272.00000000,0.29212702
17.00000000,2273.00000000,0.29229257
17.00000000,2274.00000000,0.29245752
17.00000000,2275.00000000,0.29262181
17.00000000,2276.00000000,0.29278547
17.00000000,2277.00000000,0.29294850
17.00000000,2278.00000000,0.29301752
17.00000000,2279.00000000,0.29308587
17.00000000,2280.00000000,0.29315359
17.00000000,2281.00000000,0.29322071
17.00000000,2282.00000000,0.29328720
17.00000000,2283.00000000,0.29335312
17.00000000,2284.00000000,0.29341848
17.00000000,2285.00000000,0.29348326
17.00000000,2286.00000000,0.29354751
17.00000000,2287.00000000,0.29361124
17.00000000,2288.00000000,0.29367446
17.00000000,2289.00000000,0.29373718
17.00000000,2290.00000000,0.29379941
17.00000000,2291.00000000,0.29386117
17.00000000,2292.00000000,0.29392249
17.00000000,2293.00000000,0.29397925
17.00000000,2294.00000000,0.29403563
17.00000000,2295.00000000,0.29409156
17.00000000,2296.00000000,0.29414704
17.00000000,2297.00000000,0.29420217
17.00000000,2298.00000000,0.29425687
17.00000000,2299.00000000,0.29431123
17.00000000,2300.00000000,0.29436520
17.00000000,2301.00000000,0.29441879
17.00000000,2302.00000000,0.29447203
17.00000000,2303.00000000,0.29452486
17.00000000,2304.00000000,0.29457731
17.00000000,2305.00000000,0.29462939
17.00000000,2306.00000000,0.29468109
17.00000000,2307.00000000,0.29473240
17.00000000,2308.00000000,0.29478340
17.00000000,2309.00000000,0.29483401
17.00000000,2310.00000000,0.29488433
17.00000000,2311.00000000,0.29493430
17.00000000,2312.00000000,0.29498394
17.00000000,2313.00000000,0.29503332
17.00000000,2314.00000000,0.29508240
17.00000000,2315.00000000,0.29513116
17.00000000,2316.00000000,0.29517968
17.00000000,2317.00000000,0.29522792
17.00000000,2318.00000000,0.29528496
17.00000000,2319.00000000,0.29534180
17.00000000,2320.00000000,0.29539839
17.00000000,2321.00000000,0.29545472
17.00000000,2322.00000000,0.29551087
17.00000000,2323.00000000,0.29556674
17.00000000,2324.00000000,0.29562246
17.00000000,2325.00000000,0.29567794
17.00000000,2326.00000000,0.29573321
17.00000000,2327.00000000,0.29578832
17.00000000,2328.00000000,0.29584324
17.00000000,2329.00000000,0.29589794
17.00000000,2330.00000000,0.29595251
17.00000000,2331.00000000,0.29600690
17.00000000,2332.00000000,0.29606108
17.00000000,2333.00000000,0.29611514
17.00000000,2334.00000000,0.29616901
17.00000000,2335.00000000,0.29622276
17.00000000,2336.00000000,0.29627635
17.00000000,2337.00000000,0.29632980
17.00000000,2338.00000000,0.29638310
17.00000000,2339.00000000,0.29643630
17.00000000,2340.00000000,0.29648932
17.00000000,2341.00000000,0.29654226
17.00000000,2342.00000000,0.29659508
17.00000000,2343.00000000,0.29664774
17.00000000,2344.00000000,0.29670033
17.00000000,2345.00000000,0.29675280
17.00000000,2346.00000000,0.29680514
17.00000000,2347.00000000,0.29685742
17.00000000,2348.00000000,0.29690955
17.00000000,2349.00000000,0.29696163
17.00000000,2350.00000000,0.29701362
17.00000000,2351.00000000,0.29706550
17.00000000,2352.00000000,0.29711733
17.00000000,2353.00000000,0.29716909
17.00000000,2354.00000000,0.29722075
17.00000000,2355.00000000,0.29727239
17.00000000,2356.00000000,0.29732397
17.00000000,2357.00000000,0.29737548
17.00000000,2358.00000000,0.29742697
17.00000000,2359.00000000,0.29747837
17.00000000,2360.00000000,0.29752978
17.00000000,2361.00000000,0.29758113
17.00000000,2362.00000000,0.29763242
17.00000000,2363.00000000,0.29768372
17.00000000,2364.00000000,0.29773496
17.00000000,2365.00000000,0.29778614
17.00000000,2366.00000000,0.29783732
17.00000000,2367.00000000,0.29788847
17.00000000,2368.00000000,0.29793694
17.00000000,2369.00000000,0.29798544
17.00000000,2370.00000000,0.29803389
17.00000000,2371.00000000,0.29808229
17.00000000,2372.00000000,0.29813070
17.00000000,2373.00000000,0.29817906
17.00000000,2374.00000000,0.29822745
17.00000000,2375.00000000,0.29827580
17.00000000,2376.00000000,0.29832411
17.00000000,2377.00000000,0.29837246
17.00000000,2378.00000000,0.29842078
17.00000000,2379.00000000,0.29846905
17.00000000,2380.00000000,0.29851737
17.00000000,2381.00000000,0.29856567
17.00000000,2382.00000000,0.29861393
17.00000000,2383.00000000,0.29866224
17.00000000,2384.00000000,0.29871049
17.00000000,2385.00000000,0.29875878
17.00000000,2386.00000000,0.29880709
17.00000000,2387.00000000,0.29885535
17.00000000,2388.00000000,0.29890367
17.00000000,2389.00000000,0.29895199
17.00000000,2390.00000000,0.29900025
17.00000000,2391.00000000,0.29904859
17.00000000,2392.00000000,0.29909693
17.00000000,2393.00000000,0.29914525
17.00000000,2394.00000000,0.29919361
17.00000000,2395.00000000,0.29924195
17.00000000,2396.00000000,0.29929035
17.00000000,2397.00000000,0.29933876
17.00000000,2398.00000000,0.29938714
17.00000000,2399.00000000,0.29943558
17.00000000,2400.00000000,0.29948405
17.00000000,2401.00000000,0.29953249
17.00000000,2402.00000000,0.29958100
17.00000000,2403.00000000,0.29962955
17.00000000,2404.00000000,0.29967810
17.00000000,2405.00000000,0.29972674
17.00000000,2406.00000000,0.29977544
17.00000000,2407.00000000,0.29982411
17.00000000,2408.00000000,0.29987290
17.00000000,2409.00000000,0.29992165
17.00000000,2410.00000000,0.29997054
17.00000000,2411.00000000,0.30001947
17.00000000,2412.00000000,0.30006836
17.00000000,2413.00000000,0.30011739
17.00000000,2414.00000000,0.30016646
17.00000000,2415.00000000,0.30021550
17.00000000,2416.00000000,0.30026467
17.00000000,2417.00000000,0.30031388
17.00000000,2418.00000000,0.30036029
17.00000000,2419.00000000,0.30040681
17.00000000,2420.00000000,0.30045332
17.00000000,2421.00000000,0.30049993
17.00000000,2422.00000000,0.30054659
17.00000000,2423.00000000,0.30059325
17.00000000,2424.00000000,0.30064001
17.00000000,2425.00000000,0.30068682
17.00000000,2426.00000000,0.30073362
17.00000000,2427.00000000,0.30078054
17.00000000,2428.00000000,0.30082752
17.00000000,2429.00000000,0.30087448
17.00000000,2430.00000000,0.30092155
17.00000000,2431.00000000,0.30096869
17.00000000,2432.00000000,0.30101581
17.00000000,2433.00000000,0.30106306
17.00000000,2434.00000000,0.30111029
17.00000000,2435.00000000,0.30115765
17.00000000,2436.00000000,0.30120506
17.00000000,2437.00000000,0.30125246
17.00000000,2438.00000000,0.30129999
17.00000000,2439.00000000,0.30134758
17.00000000,2440.00000000,0.30139515
17.00000000,2441.00000000,0.30144285
17.00000000,2442.00000000,0.30149061
17.00000000,2443.00000000,0.30153836
17.00000000,2444.00000000,0.30158624
17.00000000,2445.00000000,0.30163410
17.00000000,2446.00000000,0.30168211
17.00000000,2447.00000000,0.30173017
17.00000000,2448.00000000,0.30177822
17.00000000,2449.00000000,0.30182640
17.00000000,2450.00000000,0.30187466
17.00000000,2451.00000000,0.30192287
17.00000000,2452.00000000,0.30197124
17.00000000,2453.00000000,0.30201966
17.00000000,2454.00000000,0.30206805
17.00000000,2455.00000000,0.30211658
17.00000000,2456.00000000,0.30216504
17.00000000,2457.00000000,0.30221367
17.00000000,2458.00000000,0.30226234
17.00000000,2459.00000000,0.30231097
17.00000000,2460.00000000,0.30235976
17.00000000,2461.00000000,0.30240858
17.00000000,2462.00000000,0.30245737
17.00000000,2463.00000000,0.30250631
17.00000000,2464.00000000,0.30255530
17.00000000,2465.00000000,0.30260424
17.00000000,2466.00000000,0.30265336
17.00000000,2467.00000000,0.30270251
17.00000000,2468.00000000,0.30275348
17.00000000,2469.00000000,0.30280462
17.00000000,2470.00000000,0.30285569
17.00000000,2471.00000000,0.30290693
17.00000000,2472.00000000,0.30295824
17.00000000,2473.00000000,0.30300949
17.00000000,2474.00000000,0.30306093
17.00000000,2475.00000000,0.30311242
17.00000000,2476.00000000,0.30316385
17.00000000,2477.00000000,0.30321547
17.00000000,2478.00000000,0.30326715
17.00000000,2479.00000000,0.30331876
17.00000000,2480.00000000,0.30337057
17.00000000,2481.00000000,0.30342231
17.00000000,2482.00000000,0.30347425
17.00000000,2483.00000000,0.30352626
17.00000000,2484.00000000,0.30357819
17.00000000,2485.00000000,0.30363033
17.00000000,2486.00000000,0.30368254
17.00000000,2487.00000000,0.30373466
17.00000000,2488.00000000,0.30378702
17.00000000,2489.00000000,0.30383943
17.00000000,2490.00000000,0.30389178
17.00000000,2491.00000000,0.30394435
17.00000000,2492.00000000,0.30399696
17.00000000,2493.00000000,0.30404954
17.00000000,2494.00000000,0.30410233
17.00000000,2495.00000000,0.30415505
17.00000000,2496.00000000,0.30420802
17.00000000,2497.00000000,0.30426107
17.00000000,2498.00000000,0.30431407
17.00000000,2499.00000000,0.30436732
17.00000000,2500.00000000,0.30442063
18.00000000,1765.00000000,0.47945923
18.00000000,1766.00000000,0.47945920
18.00000000,1767.00000000,0.47945892
18.00000000,1768.00000000,0.47945833
18.00000000,1769.00000000,0.47945735
18.00000000,1770.00000000,0.47945613
18.00000000,1771.00000000,0.47945421
18.00000000,1772.00000000,0.47945181
18.00000000,1773.00000000,0.47944873
18.00000000,1774.00000000,0.47944506
18.00000000,1775.00000000,0.47944088
18.00000000,1776.00000000,0.47943607
18.00000000,1777.00000000,0.47943081
18.00000000,1778.00000000,0.47942497
18.00000000,1779.00000000,0.47941868
18.00000000,1780.00000000,0.47941186
18.00000000,1781.00000000,0.47940448
18.00000000,1782.00000000,0.47939668
18.00000000,1783.00000000,0.47938822
18.00000000,1784.00000000,0.47940832
18.00000000,1785.00000000,0.47939880
18.00000000,1786.00000000,0.47938876
18.00000000,1787.00000000,0.47937831
18.00000000,1788.00000000,0.47936740
18.00000000,1789.00000000,0.47936574
18.00000000,1790.00000000,0.47935401
18.00000000,1791.00000000,0.47934188
18.00000000,1792.00000000,0.47932933
18.00000000,1793.00000000,0.47931640
18.00000000,1794.00000000,0.47930314
18.00000000,1795.00000000,0.47928947
18.00000000,1796.00000000,0.47927553
18.00000000,1797.00000000,0.47926124
18.00000000,1798.00000000,0.47924666
18.00000000,1799.00000000,0.47924149
18.00000000,1800.00000000,0.47922627
18.00000000,1801.00000000,0.47921079
18.00000000,1802.00000000,0.47919500
18.00000000,1803.00000000,0.47917888
18.00000000,1804.00000000,0.47916248
18.00000000,1805.00000000,0.47914588
18.00000000,1806.00000000,0.47912898
18.00000000,1807.00000000,0.47911189
18.00000000,1808.00000000,0.47909456
18.00000000,1809.00000000,0.47908678
18.00000000,1810.00000000,0.47906912
18.00000000,1811.00000000,0.47905121
18.00000000,1812.00000000,0.47903318
18.00000000,1813.00000000,0.47901499
18.00000000,1814.00000000,0.47899657
18.00000000,1815.00000000,0.47898778
18.00000000,1816.00000000,0.47896910
18.00000000,1817.00000000,0.47895016
18.00000000,1818.00000000,0.47894082
18.00000000,1819.00000000,0.47892155
18.00000000,1820.00000000,0.47892152
18.00000000,1821.00000000,0.47889223
18.00000000,1822.00000000,0.47887251
18.00000000,1823.00000000,0.47885272
18.00000000,1824.00000000,0.47884250
18.00000000,1825.00000000,0.47882239
18.00000000,1826.00000000,0.47880217
18.00000000,1827.00000000,0.47878180
18.00000000,1828.00000000,0.47876129
18.00000000,1829.00000000,0.47875042
18.00000000,1830.00000000,0.47872972
18.00000000,1831.00000000,0.47870872
18.00000000,1832.00000000,0.47868752
18.00000000,1833.00000000,0.47867583
18.00000000,1834.00000000,0.47866401
18.00000000,1835.00000000,0.47865208
18.00000000,1836.00000000,0.47863022
18.00000000,1837.00000000,0.47860823
18.00000000,1838.00000000,0.47858603
18.00000000,1839.00000000,0.47856359
18.00000000,1840.00000000,0.47855076
18.00000000,1841.00000000,0.47853772
18.00000000,1842.00000000,0.47851472
18.00000000,1843.00000000,0.47850131
18.00000000,1844.00000000,0.47847798
18.00000000,1845.00000000,0.47846411
18.00000000,1846.00000000,0.47844028
18.00000000,1847.00000000,0.47841614
18.00000000,1848.00000000,0.47845010
18.00000000,1849.00000000,0.47841578
18.00000000,1850.00000000,0.47839088
18.00000000,1851.00000000,0.47837545
18.00000000,1852.00000000,0.47835000
18.00000000,1853.00000000,0.47833380
18.00000000,1854.00000000,0.47834572
18.00000000,1855.00000000,0.47831775
18.00000000,1856.00000000,0.47829859
18.00000000,1857.00000000,0.47827900
18.00000000,1858.00000000,0.47826865
18.00000000,1859.00000000,0.47824829
18.00000000,1860.00000000,0.47823740
18.00000000,1861.00000000,0.47821628
18.00000000,1862.00000000,0.47820454
18.00000000,1863.00000000,0.47821240
18.00000000,1864.00000000,0.47818225
18.00000000,1865.00000000,0.47818217
18.00000000,1866.00000000,0.47816311
18.00000000,1867.00000000,0.47816382
18.00000000,1868.00000000,0.47817451
18.00000000,1869.00000000,0.47814628
18.00000000,1870.00000000,0.47814728
18.00000000,1871.00000000,0.47813838
18.00000000,1872.00000000,0.47820663
18.00000000,1873.00000000,0.47819543
18.00000000,1874.00000000,0.47821030
18.00000000,1875.00000000,0.47818341
18.00000000,1876.00000000,0.47815439
18.00000000,1877.00000000,0.47816242
18.00000000,1878.00000000,0.47819819
18.00000000,1879.00000000,0.47819411
18.00000000,1880.00000000,0.47816963
18.00000000,1881.00000000,0.47819203
18.00000000,1882.00000000,0.47822236
18.00000000,1883.00000000,0.47824124
18.00000000,1884.00000000,0.47822034
18.00000000,1885.00000000,0.47824953
18.00000000,1886.00000000,0.47824724
18.00000000,1887.00000000,0.47826408
18.00000000,1888.00000000,0.47826096
18.00000000,1889.00000000,0.47829548
18.00000000,1890.00000000,0.47840650
18.00000000,1891.00000000,0.47845794
18.00000000,1892.00000000,0.47830399
18.00000000,1893.00000000,0.47838227
18.00000000,1894.00000000,0.47835288
18.00000000,1895.00000000,0.47832287
18.00000000,1896.00000000,0.47827659
18.00000000,1897.00000000,0.47835019
18.00000000,1898.00000000,0.47853869
18.00000000,1899.00000000,0.47854047
18.00000000,1900.00000000,0.47859777
18.00000000,1901.00000000,0.47868108
18.00000000,1902.00000000,0.47863469
18.00000000,1903.00000000,0.47857457
18.00000000,1904.00000000,0.47852967
18.00000000,1905.00000000,0.47857731
18.00000000,1906.00000000,0.47879471
18.00000000,1907.00000000,0.47869567
18.00000000,1908.00000000,0.47887146
18.00000000,1909.00000000,0.47891571
18.00000000,1910.00000000,0.47882009
18.00000000,1911.00000000,0.47866259
18.00000000,1912.00000000,0.47866743
18.00000000,1913.00000000,0.47876737
18.00000000,1914.00000000,0.47876887
18.00000000,1915.00000000,0.47884934
18.00000000,1916.00000000,0.47897185
18.00000000,1917.00000000,0.47926134
18.00000000,1918.00000000,0.47940521
18.00000000,1919.00000000,0.47946221
18.00000000,1920.00000000,0.47948337
18.00000000,1921.00000000,0.47986617
18.00000000,1922.00000000,0.47982494
18.00000000,1923.00000000,0.48009617
18.00000000,1924.00000000,0.48041471
18.00000000,1925.00000000,0.48105035
18.00000000,1926.00000000,0.48060726
18.00000000,1927.00000000,0.48083119
18.00000000,1928.00000000,0.48104192
18.00000000,1929.00000000,0.48108341
18.00000000,1930.00000000,0.48137217
18.00000000,1931.00000000,0.48186178
18.00000000,1932.00000000,0.48083120
18.00000000,1933.00000000,0.48059261
18.00000000,1934.00000000,0.48108834
18.00000000,1935.00000000,0.48150060
18.00000000,1936.00000000,0.48120528
18.00000000,1937.00000000,0.47983066
18.00000000,1938.00000000,0.48093272
18.00000000,1939.00000000,0.47955898
18.00000000,1940.00000000,0.47984001
18.00000000,1941.00000000,0.48092066
18.00000000,1942.00000000,0.48071605
18.00000000,1943.00000000,0.48069106
18.00000000,1944.00000000,0.48062306
18.00000000,1945.00000000,0.48124131
18.00000000,1946.00000000,0.48112663
18.00000000,1947.00000000,0.48176222
18.00000000,1948.00000000,0.48072943
18.00000000,1949.00000000,0.47948823
18.00000000,1950.00000000,0.47843538
18.00000000,1951.00000000,0.47871972
18.00000000,1952.00000000,0.47931814
18.00000000,1953.00000000,0.47964679
18.00000000,1954.00000000,0.48043439
18.00000000,1955.00000000,0.48097638
18.00000000,1956.00000000,0.48009051
18.00000000,1957.00000000,0.48031971
18.00000000,1958.00000000,0.48108249
18.00000000,1959.00000000,0.48113246
18.00000000,1960.00000000,0.48090715
18.00000000,1961.00000000,0.48106657
18.00000000,1962.00000000,0.48066603
18.00000000,1963.00000000,0.47818049
18.00000000,1964.00000000,0.47859188
18.00000000,1965.00000000,0.47972333
18.00000000,1966.00000000,0.48009608
18.00000000,1967.00000000,0.47922749
18.00000000,1968.00000000,0.48085955
18.00000000,1969.00000000,0.48176993
18.00000000,1970.00000000,0.48160207
18.00000000,1971.00000000,0.48157786
18.00000000,1972.00000000,0.48133171
18.00000000,1973.00000000,0.48254998
18.00000000,1974.00000000,0.48333660
18.00000000,1975.00000000,0.48369622
18.00000000,1976.00000000,0.48374078
18.00000000,1977.00000000,0.48446826
18.00000000,1978.00000000,0.48502025
18.00000000,1979.00000000,0.48462001
18.00000000,1980.00000000,0.48506123
18.00000000,1981.00000000,0.48589702
18.00000000,1982.00000000,0.48684954
18.00000000,1983.00000000,0.48758885
18.00000000,1984.00000000,0.48855457
18.00000000,1985.00000000,0.48900505
18.00000000,1986.00000000,0.49012953
18.00000000,1987.00000000,0.49157888
18.00000000,1988.00000000,0.49362623
18.00000000,1989.00000000,0.49450149
18.00000000,1990.00000000,0.49548447
18.00000000,1991.00000000,0.49710221
18.00000000,1992.00000000,0.49654458
18.00000000,1993.00000000,0.49562312
18.00000000,1994.00000000,0.49753607
18.00000000,1995.00000000,0.49828860
18.00000000,1996.00000000,0.49837422
18.00000000,1997.00000000,0.50041724
18.00000000,1998.00000000,0.49925084
18.00000000,1999.00000000,0.49705073
18.00000000,2000.00000000,0.49602579
18.00000000,2001.00000000,0.49523277
18.00000000,2002.00000000,0.49630897
18.00000000,2003.00000000,0.49713188
18.00000000,2004.00000000,0.49805298
18.00000000,2005.00000000,0.49872993
18.00000000,2006.00000000,0.50001945
18.00000000,2007.00000000,0.50046360
18.00000000,2008.00000000,0.50021893
18.00000000,2009.00000000,0.50029219
18.00000000,2010.00000000,0.49838103
18.00000000,2011.00000000,0.49761562
18.00000000,2012.00000000,0.49788886
18.00000000,2013.00000000,0.49825431
18.00000000,2014.00000000,0.49867270
18.00000000,2015.00000000,0.49879558
18.00000000,2016.00000000,0.49758135
18.00000000,2017.00000000,0.49646058
18.00000000,2018.00000000,0.49705389
18.00000000,2019.00000000,0.49757669
18.00000000,2020.00000000,0.49706946
18.00000000,2021.00000000,0.49919325
18.00000000,2022.00000000,0.50174822
18.00000000,2023.00000000,0.50347027
18.00000000,2024.00000000,0.50416124
18.00000000,2025.00000000,0.50483762
18.00000000,2026.00000000,0.50550071
18.00000000,2027.00000000,0.50614831
18.00000000,2028.00000000,0.50678106
18.00000000,2029.00000000,0.50804712
18.00000000,2030.00000000,0.50929714
18.00000000,2031.00000000,0.51053094
18.00000000,2032.00000000,0.51174629
18.00000000,2033.00000000,0.51294044
18.00000000,2034.00000000,0.51411152
18.00000000,2035.00000000,0.51525802
18.00000000,2036.00000000,0.51637899
18.00000000,2037.00000000,0.51747427
18.00000000,2038.00000000,0.51854362
18.00000000,2039.00000000,0.51930463
18.00000000,2040.00000000,0.52004125
18.00000000,2041.00000000,0.52075321
18.00000000,2042.00000000,0.52143991
18.00000000,2043.00000000,0.52209999
18.00000000,2044.00000000,0.52273266
18.00000000,2045.00000000,0.52333789
18.00000000,2046.00000000,0.52391570
18.00000000,2047.00000000,0.52446641
18.00000000,2048.00000000,0.52499075
18.00000000,2049.00000000,0.52606590
18.00000000,2050.00000000,0.52711306
18.00000000,2051.00000000,0.52813291
18.00000000,2052.00000000,0.52912603
18.00000000,2053.00000000,0.53009294
18.00000000,2054.00000000,0.53103441
18.00000000,2055.00000000,0.53195085
18.00000000,2056.00000000,0.53284296
18.00000000,2057.00000000,0.53371112
18.00000000,2058.00000000,0.53455576
18.00000000,2059.00000000,0.53578773
18.00000000,2060.00000000,0.53699479
18.00000000,2061.00000000,0.53817799
18.00000000,2062.00000000,0.53934108
18.00000000,2063.00000000,0.54048814
18.00000000,2064.00000000,0.54162206
18.00000000,2065.00000000,0.54274472
18.00000000,2066.00000000,0.54385688
18.00000000,2067.00000000,0.54495926
18.00000000,2068.00000000,0.54605174
18.00000000,2069.00000000,0.54711150
18.00000000,2070.00000000,0.54816097
18.00000000,2071.00000000,0.54920046
18.00000000,2072.00000000,0.55023236
18.00000000,2073.00000000,0.55125983
18.00000000,2074.00000000,0.55228455
18.00000000,2075.00000000,0.55330709
18.00000000,2076.00000000,0.55432772
18.00000000,2077.00000000,0.55534584
18.00000000,2078.00000000,0.55636065
18.00000000,2079.00000000,0.55652460
18.00000000,2080.00000000,0.55668843
18.00000000,2081.00000000,0.55685233
18.00000000,2082.00000000,0.55701711
18.00000000,2083.00000000,0.55718424
18.00000000,2084.00000000,0.55735419
18.00000000,2085.00000000,0.55752696
18.00000000,2086.00000000,0.55770219
18.00000000,2087.00000000,0.55787942
18.00000000,2088.00000000,0.55805779
18.00000000,2089.00000000,0.55749566
18.00000000,2090.00000000,0.55693771
18.00000000,2091.00000000,0.55638392
18.00000000,2092.00000000,0.55583578
18.00000000,2093.00000000,0.55529462
18.00000000,2094.00000000,0.55476116
18.00000000,2095.00000000,0.55423565
18.00000000,2096.00000000,0.55371783
18.00000000,2097.00000000,0.55320733
18.00000000,2098.00000000,0.55270380
18.00000000,2099.00000000,0.55180526
18.00000000,2100.00000000,0.55091475
18.00000000,2101.00000000,0.55003222
18.00000000,2102.00000000,0.54915835
18.00000000,2103.00000000,0.54829402
18.00000000,2104.00000000,0.54743950
18.00000000,2105.00000000,0.54659452
18.00000000,2106.00000000,0.54575895
18.00000000,2107.00000000,0.54493238
18.00000000,2108.00000000,0.54411426
18.00000000,2109.00000000,0.54290315
18.00000000,2110.00000000,0.54170171
18.00000000,2111.00000000,0.54050976
18.00000000,2112.00000000,0.53932700
18.00000000,2113.00000000,0.53815299
18.00000000,2114.00000000,0.53698739
18.00000000,2115.00000000,0.53583003
18.00000000,2116.00000000,0.53468045
18.00000000,2117.00000000,0.53353849
18.00000000,2118.00000000,0.53240383
18.00000000,2119.00000000,0.53097741
18.00000000,2120.00000000,0.52955961
18.00000000,2121.00000000,0.52815010
18.00000000,2122.00000000,0.52674881
18.00000000,2123.00000000,0.52535565
18.00000000,2124.00000000,0.52397053
18.00000000,2125.00000000,0.52259330
18.00000000,2126.00000000,0.52122387
18.00000000,2127.00000000,0.51986203
18.00000000,2128.00000000,0.51850774
18.00000000,2129.00000000,0.51716074
18.00000000,2130.00000000,0.51582095
18.00000000,2131.00000000,0.51448835
18.00000000,2132.00000000,0.51316280
18.00000000,2133.00000000,0.51184412
18.00000000,2134.00000000,0.51053243
18.00000000,2135.00000000,0.50922748
18.00000000,2136.00000000,0.50792923
18.00000000,2137.00000000,0.50663772
18.00000000,2138.00000000,0.50535280
18.00000000,2139.00000000,0.50407435
18.00000000,2140.00000000,0.50280243
18.00000000,2141.00000000,0.50153682
18.00000000,2142.00000000,0.50027759
18.00000000,2143.00000000,0.49902470
18.00000000,2144.00000000,0.49777795
18.00000000,2145.00000000,0.49653744
18.00000000,2146.00000000,0.49530302
18.00000000,2147.00000000,0.49407461
18.00000000,2148.00000000,0.49285218
18.00000000,2149.00000000,0.49163576
18.00000000,2150.00000000,0.49042516
18.00000000,2151.00000000,0.48922311
18.00000000,2152.00000000,0.48803686
18.00000000,2153.00000000,0.48687364
18.00000000,2154.00000000,0.48573671
18.00000000,2155.00000000,0.48462746
18.00000000,2156.00000000,0.48354614
18.00000000,2157.00000000,0.48249233
18.00000000,2158.00000000,0.48146508
18.00000000,2159.00000000,0.48046358
18.00000000,2160.00000000,0.47948683
18.00000000,2161.00000000,0.47853367
18.00000000,2162.00000000,0.47760317
18.00000000,2163.00000000,0.47669436
18.00000000,2164.00000000,0.47580630
18.00000000,2165.00000000,0.47493797
18.00000000,2166.00000000,0.47408850
18.00000000,2167.00000000,0.47325710
18.00000000,2168.00000000,0.47244283
18.00000000,2169.00000000,0.46986875
18.00000000,2170.00000000,0.46731692
18.00000000,2171.00000000,0.46478681
18.00000000,2172.00000000,0.46227799
18.00000000,2173.00000000,0.45979032
18.00000000,2174.00000000,0.45732336
18.00000000,2175.00000000,0.45487673
18.00000000,2176.00000000,0.45245020
18.00000000,2177.00000000,0.45004340
18.00000000,2178.00000000,0.44765610
18.00000000,2179.00000000,0.44528792
18.00000000,2180.00000000,0.44293856
18.00000000,2181.00000000,0.44060782
18.00000000,2182.00000000,0.43829533
18.00000000,2183.00000000,0.43600079
18.00000000,2184.00000000,0.43372408
18.00000000,2185.00000000,0.43146474
18.00000000,2186.00000000,0.42922257
18.00000000,2187.00000000,0.42699736
18.00000000,2188.00000000,0.42478885
18.00000000,2189.00000000,0.42259675
18.00000000,2190.00000000,0.42042085
18.00000000,2191.00000000,0.41826089
18.00000000,2192.00000000,0.41611669
18.00000000,2193.00000000,0.41398794
18.00000000,2194.00000000,0.41187432
18.00000000,2195.00000000,0.40977581
18.00000000,2196.00000000,0.40769211
18.00000000,2197.00000000,0.40562299
18.00000000,2198.00000000,0.40356825
18.00000000,2199.00000000,0.40152770
18.00000000,2200.00000000,0.39950108
18.00000000,2201.00000000,0.39748823
18.00000000,2202.00000000,0.39548884
18.00000000,2203.00000000,0.39350289
18.00000000,2204.00000000,0.39153010
18.00000000,2205.00000000,0.38957027
18.00000000,2206.00000000,0.38762326
18.00000000,2207.00000000,0.38568885
18.00000000,2208.00000000,0.38376683
18.00000000,2209.00000000,0.38185706
18.00000000,2210.00000000,0.37995935
18.00000000,2211.00000000,0.37807353
18.00000000,2212.00000000,0.37619943
18.00000000,2213.00000000,0.37433683
18.00000000,2214.00000000,0.37248566
18.00000000,2215.00000000,0.37064572
18.00000000,2216.00000000,0.36881678
18.00000000,2217.00000000,0.36699877
18.00000000,2218.00000000,0.36519149
18.00000000,2219.00000000,0.36339476
18.00000000,2220.00000000,0.36160847
18.00000000,2221.00000000,0.35983245
18.00000000,2222.00000000,0.35806654
18.00000000,2223.00000000,0.35631062
18.00000000,2224.00000000,0.35456452
18.00000000,2225.00000000,0.35282804
18.00000000,2226.00000000,0.35110115
18.00000000,2227.00000000,0.34938361
18.00000000,2228.00000000,0.34767538
18.00000000,2229.00000000,0.34597626
18.00000000,2230.00000000,0.34428609
18.00000000,2231.00000000,0.34260479
18.00000000,2232.00000000,0.34093220
18.00000000,2233.00000000,0.33926815
18.00000000,2234.00000000,0.33761256
18.00000000,2235.00000000,0.33596527
18.00000000,2236.00000000,0.33432615
18.00000000,2237.00000000,0.33269511
18.00000000,2238.00000000,0.33107195
18.00000000,2239.00000000,0.32945667
18.00000000,2240.00000000,0.32784906
18.00000000,2241.00000000,0.32624894
18.00000000,2242.00000000,0.32465630
18.00000000,2243.00000000,0.32307101
18.00000000,2244.00000000,0.32149283
18.00000000,2245.00000000,0.31992177
18.00000000,2246.00000000,0.31835769
18.00000000,2247.00000000,0.31680040
18.00000000,2248.00000000,0.31524986
18.00000000,2249.00000000,0.31370557
18.00000000,2250.00000000,0.31216536
18.00000000,2251.00000000,0.31062516
18.00000000,2252.00000000,0.30908118
18.00000000,2253.00000000,0.30753144
18.00000000,2254.00000000,0.30597513
18.00000000,2255.00000000,0.30441205
18.00000000,2256.00000000,0.30284231
18.00000000,2257.00000000,0.30126608
18.00000000,2258.00000000,0.29968358
18.00000000,2259.00000000,0.29809518
18.00000000,2260.00000000,0.29650122
18.00000000,2261.00000000,0.29490219
18.00000000,2262.00000000,0.29329870
18.00000000,2263.00000000,0.29169133
18.00000000,2264.00000000,0.29008057
18.00000000,2265.00000000,0.28846680
18.00000000,2266.00000000,0.28685038
18.00000000,2267.00000000,0.28559718
18.00000000,2268.00000000,0.28541866
18.00000000,2269.00000000,0.28553358
18.00000000,2270.00000000,0.28564786
18.00000000,2271.00000000,0.28576149
18.00000000,2272.00000000,0.28587447
18.00000000,2273.00000000,0.28598685
18.00000000,2274.00000000,0.28614483
18.00000000,2275.00000000,0.28630223
18.00000000,2276.00000000,0.28645906
18.00000000,2277.00000000,0.28661533
18.00000000,2278.00000000,0.28677105
18.00000000,2279.00000000,0.28683472
18.00000000,2280.00000000,0.28689779
18.00000000,2281.00000000,0.28696030
18.00000000,2282.00000000,0.28702227
18.00000000,2283.00000000,0.28708364
18.00000000,2284.00000000,0.28714452
18.00000000,2285.00000000,0.28720490
18.00000000,2286.00000000,0.28726473
18.00000000,2287.00000000,0.28732412
18.00000000,2288.00000000,0.28738299
18.00000000,2289.00000000,0.28744142
18.00000000,2290.00000000,0.28749942
18.00000000,2291.00000000,0.28755694
18.00000000,2292.00000000,0.28761407
18.00000000,2293.00000000,0.28767077
18.00000000,2294.00000000,0.28772308
18.00000000,2295.00000000,0.28777501
18.00000000,2296.00000000,0.28782654
18.00000000,2297.00000000,0.28787769
18.00000000,2298.00000000,0.28792849
18.00000000,2299.00000000,0.28797893
18.00000000,2300.00000000,0.28802904
18.00000000,2301.00000000,0.28807882
18.00000000,2302.00000000,0.28812821
18.00000000,2303.00000000,0.28817727
18.00000000,2304.00000000,0.28822595
18.00000000,2305.00000000,0.28827425
18.00000000,2306.00000000,0.28832225
18.00000000,2307.00000000,0.28836990
18.00000000,2308.00000000,0.28841718
18.00000000,2309.00000000,0.28846416
18.00000000,2310.00000000,0.28851082
18.00000000,2311.00000000,0.28855718
18.00000000,2312.00000000,0.28860327
18.00000000,2313.00000000,0.28864903
18.00000000,2314.00000000,0.28869456
18.00000000,2315.00000000,0.28873981
18.00000000,2316.00000000,0.28878479
18.00000000,2317.00000000,0.28882952
18.00000000,2318.00000000,0.28887403
18.00000000,2319.00000000,0.28892716
18.00000000,2320.00000000,0.28898011
18.00000000,2321.00000000,0.28903284
18.00000000,2322.00000000,0.28908533
18.00000000,2323.00000000,0.28913765
18.00000000,2324.00000000,0.28918973
18.00000000,2325.00000000,0.28924167
18.00000000,2326.00000000,0.28929340
18.00000000,2327.00000000,0.28934494
18.00000000,2328.00000000,0.28939631
18.00000000,2329.00000000,0.28944753
18.00000000,2330.00000000,0.28949855
18.00000000,2331.00000000,0.28954945
18.00000000,2332.00000000,0.28960018
18.00000000,2333.00000000,0.28965074
18.00000000,2334.00000000,0.28970118
18.00000000,2335.00000000,0.28975144
18.00000000,2336.00000000,0.28980161
18.00000000,2337.00000000,0.28985165
18.00000000,2338.00000000,0.28990151
18.00000000,2339.00000000,0.28995130
18.00000000,2340.00000000,0.29000096
18.00000000,2341.00000000,0.29005046
18.00000000,2342.00000000,0.29009989
18.00000000,2343.00000000,0.29014922
18.00000000,2344.00000000,0.29019840
18.00000000,2345.00000000,0.29024751
18.00000000,2346.00000000,0.29029653
18.00000000,2347.00000000,0.29034542
18.00000000,2348.00000000,0.29039425
18.00000000,2349.00000000,0.29044296
18.00000000,2350.00000000,0.29049162
18.00000000,2351.00000000,0.29054020
18.00000000,2352.00000000,0.29058869
18.00000000,2353.00000000,0.29063714
18.00000000,2354.00000000,0.29068553
18.00000000,2355.00000000,0.29073383
18.00000000,2356.00000000,0.29078212
18.00000000,2357.00000000,0.29083036
18.00000000,2358.00000000,0.29087853
18.00000000,2359.00000000,0.29092668
18.00000000,2360.00000000,0.29097477
18.00000000,2361.00000000,0.29102286
18.00000000,2362.00000000,0.29107091
18.00000000,2363.00000000,0.29111888
18.00000000,2364.00000000,0.29116686
18.00000000,2365.00000000,0.29121481
18.00000000,2366.00000000,0.29126269
18.00000000,2367.00000000,0.29131060
18.00000000,2368.00000000,0.29135846
18.00000000,2369.00000000,0.29140371
18.00000000,2370.00000000,0.29144898
18.00000000,2371.00000000,0.29149421
18.00000000,2372.00000000,0.29153939
18.00000000,2373.00000000,0.29158459
18.00000000,2374.00000000,0.29162974
18.00000000,2375.00000000,0.29167492
18.00000000,2376.00000000,0.29172007
18.00000000,2377.00000000,0.29176517
18.00000000,2378.00000000,0.29181032
18.00000000,2379.00000000,0.29185544
18.00000000,2380.00000000,0.29190052
18.00000000,2381.00000000,0.29194565
18.00000000,2382.00000000,0.29199077
18.00000000,2383.00000000,0.29203584
18.00000000,2384.00000000,0.29208094
18.00000000,2385.00000000,0.29212601
18.00000000,2386.00000000,0.29217113
18.00000000,2387.00000000,0.29221625
18.00000000,2388.00000000,0.29226132
18.00000000,2389.00000000,0.29230645
18.00000000,2390.00000000,0.29235157
18.00000000,2391.00000000,0.29239667
18.00000000,2392.00000000,0.29244182
18.00000000,2393.00000000,0.29248698
18.00000000,2394.00000000,0.29253211
18.00000000,2395.00000000,0.29257730
18.00000000,2396.00000000,0.29262245
18.00000000,2397.00000000,0.29266766
18.00000000,2398.00000000,0.29271289
18.00000000,2399.00000000,0.29275808
18.00000000,2400.00000000,0.29280334
18.00000000,2401.00000000,0.29284862
18.00000000,2402.00000000,0.29289388
18.00000000,2403.00000000,0.29293924
18.00000000,2404.00000000,0.29298462
18.00000000,2405.00000000,0.29303000
18.00000000,2406.00000000,0.29307547
18.00000000,2407.00000000,0.29312099
18.00000000,2408.00000000,0.29316648
18.00000000,2409.00000000,0.29321209
18.00000000,2410.00000000,0.29325769
18.00000000,2411.00000000,0.29330337
18.00000000,2412.00000000,0.29334911
18.00000000,2413.00000000,0.29339484
18.00000000,2414.00000000,0.29344067
18.00000000,2415.00000000,0.29348653
18.00000000,2416.00000000,0.29353239
18.00000000,2417.00000000,0.29357836
18.00000000,2418.00000000,0.29362437
18.00000000,2419.00000000,0.29366763
18.00000000,2420.00000000,0.29371100
18.00000000,2421.00000000,0.29375435
18.00000000,2422.00000000,0.29379781
18.00000000,2423.00000000,0.29384131
18.00000000,2424.00000000,0.29388480
18.00000000,2425.00000000,0.29392842
18.00000000,2426.00000000,0.29397206
18.00000000,2427.00000000,0.29401569
18.00000000,2428.00000000,0.29405945
18.00000000,2429.00000000,0.29410323
18.00000000,2430.00000000,0.29414701
18.00000000,2431.00000000,0.29419091
18.00000000,2432.00000000,0.29423485
18.00000000,2433.00000000,0.29427879
18.00000000,2434.00000000,0.29432283
18.00000000,2435.00000000,0.29436686
18.00000000,2436.00000000,0.29441102
18.00000000,2437.00000000,0.29445522
18.00000000,2438.00000000,0.29449940
18.00000000,2439.00000000,0.29454372
18.00000000,2440.00000000,0.29458808
18.00000000,2441.00000000,0.29463244
18.00000000,2442.00000000,0.29467691
18.00000000,2443.00000000,0.29472144
18.00000000,2444.00000000,0.29476596
18.00000000,2445.00000000,0.29481060
18.00000000,2446.00000000,0.29485521
18.00000000,2447.00000000,0.29489996
18.00000000,2448.00000000,0.29494478
18.00000000,2449.00000000,0.29498956
18.00000000,2450.00000000,0.29503449
18.00000000,2451.00000000,0.29507947
18.00000000,2452.00000000,0.29512442
18.00000000,2453.00000000,0.29516950
18.00000000,2454.00000000,0.29521462
18.00000000,2455.00000000,0.29525971
18.00000000,2456.00000000,0.29530494
18.00000000,2457.00000000,0.29535010
18.00000000,2458.00000000,0.29539542
18.00000000,2459.00000000,0.29544077
18.00000000,2460.00000000,0.29548609
18.00000000,2461.00000000,0.29553154
18.00000000,2462.00000000,0.29557704
18.00000000,2463.00000000,0.29562250
18.00000000,2464.00000000,0.29566811
18.00000000,2465.00000000,0.29571376
18.00000000,2466.00000000,0.29575937
18.00000000,2467.00000000,0.29580513
18.00000000,2468.00000000,0.29585093
18.00000000,2469.00000000,0.29589850
18.00000000,2470.00000000,0.29594624
18.00000000,2471.00000000,0.29599390
18.00000000,2472.00000000,0.29604174
18.00000000,2473.00000000,0.29608963
18.00000000,2474.00000000,0.29613747
18.00000000,2475.00000000,0.29618548
18.00000000,2476.00000000,0.29623355
18.00000000,2477.00000000,0.29628156
18.00000000,2478.00000000,0.29632973
18.00000000,2479.00000000,0.29637796
18.00000000,2480.00000000,0.29642615
18.00000000,2481.00000000,0.29647450
18.00000000,2482.00000000,0.29652279
18.00000000,2483.00000000,0.29657127
18.00000000,2484.00000000,0.29661981
18.00000000,2485.00000000,0.29666829
18.00000000,2486.00000000,0.29671696
18.00000000,2487.00000000,0.29676568
18.00000000,2488.00000000,0.29681434
18.00000000,2489.00000000,0.29686321
18.00000000,2490.00000000,0.29691212
18.00000000,2491.00000000,0.29696098
18.00000000,2492.00000000,0.29701006
18.00000000,2493.00000000,0.29705917
18.00000000,2494.00000000,0.29710825
18.00000000,2495.00000000,0.29715754
18.00000000,2496.00000000,0.29720676
18.00000000,2497.00000000,0.29725622
18.00000000,2498.00000000,0.29730574
18.00000000,2499.00000000,0.29735522
18.00000000,2500.00000000,0.29740495
19.00000000,1765.00000000,0.45460942
19.00000000,1766.00000000,0.45460941
19.00000000,1767.00000000,0.45460922
19.00000000,1768.00000000,0.45460869
19.00000000,1769.00000000,0.45460782
19.00000000,1770.00000000,0.45460652
19.00000000,1771.00000000,0.45460497
19.00000000,1772.00000000,0.45460277
19.00000000,1773.00000000,0.45460006
19.00000000,1774.00000000,0.45459676
19.00000000,1775.00000000,0.45459297
19.00000000,1776.00000000,0.45458871
19.00000000,1777.00000000,0.45458393
19.00000000,1778.00000000,0.45457876
19.00000000,1779.00000000,0.45457308
19.00000000,1780.00000000,0.45456701
19.00000000,1781.00000000,0.45456052
19.00000000,1782.00000000,0.45455352
19.00000000,1783.00000000,0.45454615
19.00000000,1784.00000000,0.45453822
19.00000000,1785.00000000,0.45455779
19.00000000,1786.00000000,0.45454897
19.00000000,1787.00000000,0.45453973
19.00000000,1788.00000000,0.45453012
19.00000000,1789.00000000,0.45452015
19.00000000,1790.00000000,0.45451912
19.00000000,1791.00000000,0.45450844
19.00000000,1792.00000000,0.45449746
19.00000000,1793.00000000,0.45448603
19.00000000,1794.00000000,0.45447433
19.00000000,1795.00000000,0.45446239
19.00000000,1796.00000000,0.45445006
19.00000000,1797.00000000,0.45443755
19.00000000,1798.00000000,0.45442466
19.00000000,1799.00000000,0.45441155
19.00000000,1800.00000000,0.45440755
19.00000000,1801.00000000,0.45439389
19.00000000,1802.00000000,0.45437998
19.00000000,1803.00000000,0.45436584
19.00000000,1804.00000000,0.45435136
19.00000000,1805.00000000,0.45433674
19.00000000,1806.00000000,0.45432191
19.00000000,1807.00000000,0.45430682
19.00000000,1808.00000000,0.45429161
19.00000000,1809.00000000,0.45427615
19.00000000,1810.00000000,0.45426994
19.00000000,1811.00000000,0.45425424
19.00000000,1812.00000000,0.45423831
19.00000000,1813.00000000,0.45422232
19.00000000,1814.00000000,0.45420615
19.00000000,1815.00000000,0.45418983
19.00000000,1816.00000000,0.45418272
19.00000000,1817.00000000,0.45416611
19.00000000,1818.00000000,0.45414930
19.00000000,1819.00000000,0.45414167
19.00000000,1820.00000000,0.45412459
19.00000000,1821.00000000,0.45412597
19.00000000,1822.00000000,0.45409932
19.00000000,1823.00000000,0.45408187
19.00000000,1824.00000000,0.45406432
19.00000000,1825.00000000,0.45405599
19.00000000,1826.00000000,0.45403813
19.00000000,1827.00000000,0.45402022
19.00000000,1828.00000000,0.45400221
19.00000000,1829.00000000,0.45398403
19.00000000,1830.00000000,0.45397514
19.00000000,1831.00000000,0.45395669
19.00000000,1832.00000000,0.45393796
19.00000000,1833.00000000,0.45391914
19.00000000,1834.00000000,0.45390944
19.00000000,1835.00000000,0.45389969
19.00000000,1836.00000000,0.45388979
19.00000000,1837.00000000,0.45387034
19.00000000,1838.00000000,0.45385077
19.00000000,1839.00000000,0.45383100
19.00000000,1840.00000000,0.45381107
19.00000000,1841.00000000,0.45380030
19.00000000,1842.00000000,0.45378938
19.00000000,1843.00000000,0.45376891
19.00000000,1844.00000000,0.45375762
19.00000000,1845.00000000,0.45373685
19.00000000,1846.00000000,0.45372507
19.00000000,1847.00000000,0.45370377
19.00000000,1848.00000000,0.45368222
19.00000000,1849.00000000,0.45371643
19.00000000,1850.00000000,0.45368513
19.00000000,1851.00000000,0.45366283
19.00000000,1852.00000000,0.45364961
19.00000000,1853.00000000,0.45362673
19.00000000,1854.00000000,0.45361214
19.00000000,1855.00000000,0.45362468
19.00000000,1856.00000000,0.45359914
19.00000000,1857.00000000,0.45358232
19.00000000,1858.00000000,0.45356526
19.00000000,1859.00000000,0.45355714
19.00000000,1860.00000000,0.45353948
19.00000000,1861.00000000,0.45353075
19.00000000,1862.00000000,0.45351231
19.00000000,1863.00000000,0.45350334
19.00000000,1864.00000000,0.45351383
19.00000000,1865.00000000,0.45348770
19.00000000,1866.00000000,0.45349010
19.00000000,1867.00000000,0.45347415
19.00000000,1868.00000000,0.45347698
19.00000000,1869.00000000,0.45348925
19.00000000,1870.00000000,0.45346413
19.00000000,1871.00000000,0.45346692
19.00000000,1872.00000000,0.45345979
19.00000000,1873.00000000,0.45352560
19.00000000,1874.00000000,0.45351405
19.00000000,1875.00000000,0.45352802
19.00000000,1876.00000000,0.45350249
19.00000000,1877.00000000,0.45347540
19.00000000,1878.00000000,0.45348429
19.00000000,1879.00000000,0.45352016
19.00000000,1880.00000000,0.45351783
19.00000000,1881.00000000,0.45349549
19.00000000,1882.00000000,0.45351813
19.00000000,1883.00000000,0.45354855
19.00000000,1884.00000000,0.45356871
19.00000000,1885.00000000,0.45355108
19.00000000,1886.00000000,0.45358183
19.00000000,1887.00000000,0.45358264
19.00000000,1888.00000000,0.45360167
19.00000000,1889.00000000,0.45360114
19.00000000,1890.00000000,0.45363672
19.00000000,1891.00000000,0.45374563
19.00000000,1892.00000000,0.45379729
19.00000000,1893.00000000,0.45365201
19.00000000,1894.00000000,0.45373005
19.00000000,1895.00000000,0.45370477
19.00000000,1896.00000000,0.45367846
19.00000000,1897.00000000,0.45363637
19.00000000,1898.00000000,0.45370922
19.00000000,1899.00000000,0.45389207
19.00000000,1900.00000000,0.45389514
19.00000000,1901.00000000,0.45395111
19.00000000,1902.00000000,0.45403204
19.00000000,1903.00000000,0.45398812
19.00000000,1904.00000000,0.45393097
19.00000000,1905.00000000,0.45388831
19.00000000,1906.00000000,0.45393442
19.00000000,1907.00000000,0.45414298
19.00000000,1908.00000000,0.45404724
19.00000000,1909.00000000,0.45421674
19.00000000,1910.00000000,0.45426148
19.00000000,1911.00000000,0.45417261
19.00000000,1912.00000000,0.45402524
19.00000000,1913.00000000,0.45403464
19.00000000,1914.00000000,0.45413612
19.00000000,1915.00000000,0.45414560
19.00000000,1916.00000000,0.45423293
19.00000000,1917.00000000,0.45435959
19.00000000,1918.00000000,0.45464470
19.00000000,1919.00000000,0.45479070
19.00000000,1920.00000000,0.45485572
19.00000000,1921.00000000,0.45488638
19.00000000,1922.00000000,0.45526431
19.00000000,1923.00000000,0.45523456
19.00000000,1924.00000000,0.45550180
19.00000000,1925.00000000,0.45581281
19.00000000,1926.00000000,0.45642878
19.00000000,1927.00000000,0.45600908
19.00000000,1928.00000000,0.45622869
19.00000000,1929.00000000,0.45643452
19.00000000,1930.00000000,0.45647772
19.00000000,1931.00000000,0.45676048
19.00000000,1932.00000000,0.45724062
19.00000000,1933.00000000,0.45626545
19.00000000,1934.00000000,0.45605130
19.00000000,1935.00000000,0.45653870
19.00000000,1936.00000000,0.45694242
19.00000000,1937.00000000,0.45666343
19.00000000,1938.00000000,0.45534644
19.00000000,1939.00000000,0.45640886
19.00000000,1940.00000000,0.45509509
19.00000000,1941.00000000,0.45536862
19.00000000,1942.00000000,0.45640921
19.00000000,1943.00000000,0.45621678
19.00000000,1944.00000000,0.45619728
19.00000000,1945.00000000,0.45613890
19.00000000,1946.00000000,0.45674446
19.00000000,1947.00000000,0.45664672
19.00000000,1948.00000000,0.45726344
19.00000000,1949.00000000,0.45627475
19.00000000,1950.00000000,0.45508598
19.00000000,1951.00000000,0.45407531
19.00000000,1952.00000000,0.45434391
19.00000000,1953.00000000,0.45491248
19.00000000,1954.00000000,0.45522498
19.00000000,1955.00000000,0.45598070
19.00000000,1956.00000000,0.45649963
19.00000000,1957.00000000,0.45564589
19.00000000,1958.00000000,0.45586293
19.00000000,1959.00000000,0.45659438
19.00000000,1960.00000000,0.45664358
19.00000000,1961.00000000,0.45643139
19.00000000,1962.00000000,0.45659118
19.00000000,1963.00000000,0.45621430
19.00000000,1964.00000000,0.45383520
19.00000000,1965.00000000,0.45423563
19.00000000,1966.00000000,0.45532651
19.00000000,1967.00000000,0.45568895
19.00000000,1968.00000000,0.45486057
19.00000000,1969.00000000,0.45643322
19.00000000,1970.00000000,0.45731246
19.00000000,1971.00000000,0.45715500
19.00000000,1972.00000000,0.45713664
19.00000000,1973.00000000,0.45690819
19.00000000,1974.00000000,0.45808646
19.00000000,1975.00000000,0.45885491
19.00000000,1976.00000000,0.45921916
19.00000000,1977.00000000,0.45928093
19.00000000,1978.00000000,0.45999587
19.00000000,1979.00000000,0.46054311
19.00000000,1980.00000000,0.46017703
19.00000000,1981.00000000,0.46062409
19.00000000,1982.00000000,0.46146026
19.00000000,1983.00000000,0.46241465
19.00000000,1984.00000000,0.46316417
19.00000000,1985.00000000,0.46412731
19.00000000,1986.00000000,0.46459082
19.00000000,1987.00000000,0.46569791
19.00000000,1988.00000000,0.46711467
19.00000000,1989.00000000,0.46910366
19.00000000,1990.00000000,0.46996757
19.00000000,1991.00000000,0.47093810
19.00000000,1992.00000000,0.47252256
19.00000000,1993.00000000,0.47202552
19.00000000,1994.00000000,0.47118537
19.00000000,1995.00000000,0.47306609
19.00000000,1996.00000000,0.47382992
19.00000000,1997.00000000,0.47395106
19.00000000,1998.00000000,0.47595133
19.00000000,1999.00000000,0.47487356
19.00000000,2000.00000000,0.47280632
19.00000000,2001.00000000,0.47186601
19.00000000,2002.00000000,0.47114465
19.00000000,2003.00000000,0.47221486
19.00000000,2004.00000000,0.47303382
19.00000000,2005.00000000,0.47393791
19.00000000,2006.00000000,0.47460279
19.00000000,2007.00000000,0.47585757
19.00000000,2008.00000000,0.47630434
19.00000000,2009.00000000,0.47609305
19.00000000,2010.00000000,0.47618976
19.00000000,2011.00000000,0.47438293
19.00000000,2012.00000000,0.47367611
19.00000000,2013.00000000,0.47396550
19.00000000,2014.00000000,0.47434290
19.00000000,2015.00000000,0.47477124
19.00000000,2016.00000000,0.47491637
19.00000000,2017.00000000,0.47377862
19.00000000,2018.00000000,0.47273178
19.00000000,2019.00000000,0.47333209
19.00000000,2020.00000000,0.47386625
19.00000000,2021.00000000,0.47341339
19.00000000,2022.00000000,0.47548927
19.00000000,2023.00000000,0.47798212
19.00000000,2024.00000000,0.47967792
19.00000000,2025.00000000,0.48038603
19.00000000,2026.00000000,0.48108212
19.00000000,2027.00000000,0.48176723
19.00000000,2028.00000000,0.48243916
19.00000000,2029.00000000,0.48309836
19.00000000,2030.00000000,0.48436718
19.00000000,2031.00000000,0.48562150
19.00000000,2032.00000000,0.48685964
19.00000000,2033.00000000,0.48807872
19.00000000,2034.00000000,0.48927681
19.00000000,2035.00000000,0.49045281
19.00000000,2036.00000000,0.49160573
19.00000000,2037.00000000,0.49273499
19.00000000,2038.00000000,0.49384074
19.00000000,2039.00000000,0.49492292
19.00000000,2040.00000000,0.49571036
19.00000000,2041.00000000,0.49647546
19.00000000,2042.00000000,0.49721706
19.00000000,2043.00000000,0.49793420
19.00000000,2044.00000000,0.49862613
19.00000000,2045.00000000,0.49929255
19.00000000,2046.00000000,0.49993373
19.00000000,2047.00000000,0.50054995
19.00000000,2048.00000000,0.50114171
19.00000000,2049.00000000,0.50170965
19.00000000,2050.00000000,0.50280856
19.00000000,2051.00000000,0.50388237
19.00000000,2052.00000000,0.50493183
19.00000000,2053.00000000,0.50595733
19.00000000,2054.00000000,0.50695946
19.00000000,2055.00000000,0.50793887
19.00000000,2056.00000000,0.50889584
19.00000000,2057.00000000,0.50983102
19.00000000,2058.00000000,0.51074469
19.00000000,2059.00000000,0.51163725
19.00000000,2060.00000000,0.51290356
19.00000000,2061.00000000,0.51414826
19.00000000,2062.00000000,0.51537467
19.00000000,2063.00000000,0.51658691
19.00000000,2064.00000000,0.51778748
19.00000000,2065.00000000,0.51897815
19.00000000,2066.00000000,0.52015987
19.00000000,2067.00000000,0.52133282
19.00000000,2068.00000000,0.52249731
19.00000000,2069.00000000,0.52365281
19.00000000,2070.00000000,0.52477726
19.00000000,2071.00000000,0.52589294
19.00000000,2072.00000000,0.52700212
19.00000000,2073.00000000,0.52810751
19.00000000,2074.00000000,0.52921092
19.00000000,2075.00000000,0.53031291
19.00000000,2076.00000000,0.53141337
19.00000000,2077.00000000,0.53251200
19.00000000,2078.00000000,0.53360804
19.00000000,2079.00000000,0.53470039
19.00000000,2080.00000000,0.53497198
19.00000000,2081.00000000,0.53524306
19.00000000,2082.00000000,0.53551488
19.00000000,2083.00000000,0.53578854
19.00000000,2084.00000000,0.53606451
19.00000000,2085.00000000,0.53634293
19.00000000,2086.00000000,0.53662329
19.00000000,2087.00000000,0.53690510
19.00000000,2088.00000000,0.53718768
19.00000000,2089.00000000,0.53747038
19.00000000,2090.00000000,0.53703692
19.00000000,2091.00000000,0.53660663
19.00000000,2092.00000000,0.53618061
19.00000000,2093.00000000,0.53576044
19.00000000,2094.00000000,0.53534683
19.00000000,2095.00000000,0.53493978
19.00000000,2096.00000000,0.53453937
19.00000000,2097.00000000,0.53414503
19.00000000,2098.00000000,0.53375636
19.00000000,2099.00000000,0.53337292
19.00000000,2100.00000000,0.53260615
19.00000000,2101.00000000,0.53184584
19.00000000,2102.00000000,0.53109288
19.00000000,2103.00000000,0.53034789
19.00000000,2104.00000000,0.52961127
19.00000000,2105.00000000,0.52888301
19.00000000,2106.00000000,0.52816263
19.00000000,2107.00000000,0.52745007
19.00000000,2108.00000000,0.52674461
19.00000000,2109.00000000,0.52604590
19.00000000,2110.00000000,0.52496519
19.00000000,2111.00000000,0.52389233
19.00000000,2112.00000000,0.52282705
19.00000000,2113.00000000,0.52176917
19.00000000,2114.00000000,0.52071825
19.00000000,2115.00000000,0.51967409
19.00000000,2116.00000000,0.51863650
19.00000000,2117.00000000,0.51760507
19.00000000,2118.00000000,0.51657979
19.00000000,2119.00000000,0.51556023
19.00000000,2120.00000000,0.51425648
19.00000000,2121.00000000,0.51295971
19.00000000,2122.00000000,0.51166974
19.00000000,2123.00000000,0.51038648
19.00000000,2124.00000000,0.50910997
19.00000000,2125.00000000,0.50783997
19.00000000,2126.00000000,0.50657642
19.00000000,2127.00000000,0.50531923
19.00000000,2128.00000000,0.50406825
19.00000000,2129.00000000,0.50282344
19.00000000,2130.00000000,0.50158471
19.00000000,2131.00000000,0.50035186
19.00000000,2132.00000000,0.49912495
19.00000000,2133.00000000,0.49790384
19.00000000,2134.00000000,0.49668845
19.00000000,2135.00000000,0.49547887
19.00000000,2136.00000000,0.49427497
19.00000000,2137.00000000,0.49307659
19.00000000,2138.00000000,0.49188383
19.00000000,2139.00000000,0.49069656
19.00000000,2140.00000000,0.48951474
19.00000000,2141.00000000,0.48833837
19.00000000,2142.00000000,0.48716733
19.00000000,2143.00000000,0.48600171
19.00000000,2144.00000000,0.48484135
19.00000000,2145.00000000,0.48368618
19.00000000,2146.00000000,0.48253629
19.00000000,2147.00000000,0.48139150
19.00000000,2148.00000000,0.48025184
19.00000000,2149.00000000,0.47911730
19.00000000,2150.00000000,0.47798782
19.00000000,2151.00000000,0.47686585
19.00000000,2152.00000000,0.47575876
19.00000000,2153.00000000,0.47467328
19.00000000,2154.00000000,0.47361286
19.00000000,2155.00000000,0.47257888
19.00000000,2156.00000000,0.47157141
19.00000000,2157.00000000,0.47059012
19.00000000,2158.00000000,0.46963423
19.00000000,2159.00000000,0.46870280
19.00000000,2160.00000000,0.46779493
19.00000000,2161.00000000,0.46690958
19.00000000,2162.00000000,0.46604574
19.00000000,2163.00000000,0.46520260
19.00000000,2164.00000000,0.46437907
19.00000000,2165.00000000,0.46357437
19.00000000,2166.00000000,0.46278764
19.00000000,2167.00000000,0.46201797
19.00000000,2168.00000000,0.46126464
19.00000000,2169.00000000,0.46052680
19.00000000,2170.00000000,0.45807129
19.00000000,2171.00000000,0.45563584
19.00000000,2172.00000000,0.45322008
19.00000000,2173.00000000,0.45082371
19.00000000,2174.00000000,0.44844654
19.00000000,2175.00000000,0.44608820
19.00000000,2176.00000000,0.44374837
19.00000000,2177.00000000,0.44142682
19.00000000,2178.00000000,0.43912334
19.00000000,2179.00000000,0.43683760
19.00000000,2180.00000000,0.43456933
19.00000000,2181.00000000,0.43231830
19.00000000,2182.00000000,0.43008427
19.00000000,2183.00000000,0.42786697
19.00000000,2184.00000000,0.42566610
19.00000000,2185.00000000,0.42348157
19.00000000,2186.00000000,0.42131297
19.00000000,2187.00000000,0.41916014
19.00000000,2188.00000000,0.41702289
19.00000000,2189.00000000,0.41490099
19.00000000,2190.00000000,0.41279420
19.00000000,2191.00000000,0.41070230
19.00000000,2192.00000000,0.40862507
19.00000000,2193.00000000,0.40656234
19.00000000,2194.00000000,0.40451389
19.00000000,2195.00000000,0.40247937
19.00000000,2196.00000000,0.40045881
19.00000000,2197.00000000,0.39845191
19.00000000,2198.00000000,0.39645850
19.00000000,2199.00000000,0.39447837
19.00000000,2200.00000000,0.39251134
19.00000000,2201.00000000,0.39055718
19.00000000,2202.00000000,0.38861578
19.00000000,2203.00000000,0.38668688
19.00000000,2204.00000000,0.38477039
19.00000000,2205.00000000,0.38286611
19.00000000,2206.00000000,0.38097380
19.00000000,2207.00000000,0.37909340
19.00000000,2208.00000000,0.37722469
19.00000000,2209.00000000,0.37536746
19.00000000,2210.00000000,0.37352160
19.00000000,2211.00000000,0.37168695
19.00000000,2212.00000000,0.36986332
19.00000000,2213.00000000,0.36805060
19.00000000,2214.00000000,0.36624862
19.00000000,2215.00000000,0.36445722
19.00000000,2216.00000000,0.36267624
19.00000000,2217.00000000,0.36090548
19.00000000,2218.00000000,0.35914491
19.00000000,2219.00000000,0.35739432
19.00000000,2220.00000000,0.35565355
19.00000000,2221.00000000,0.35392251
19.00000000,2222.00000000,0.35220103
19.00000000,2223.00000000,0.35048895
19.00000000,2224.00000000,0.34878619
19.00000000,2225.00000000,0.34709256
19.00000000,2226.00000000,0.34540794
19.00000000,2227.00000000,0.34373223
19.00000000,2228.00000000,0.34206525
19.00000000,2229.00000000,0.34040692
19.00000000,2230.00000000,0.33875710
19.00000000,2231.00000000,0.33711559
19.00000000,2232.00000000,0.33548240
19.00000000,2233.00000000,0.33385730
19.00000000,2234.00000000,0.33224014
19.00000000,2235.00000000,0.33063090
19.00000000,2236.00000000,0.32902943
19.00000000,2237.00000000,0.32743552
19.00000000,2238.00000000,0.32584918
19.00000000,2239.00000000,0.32427022
19.00000000,2240.00000000,0.32269857
19.00000000,2241.00000000,0.32113406
19.00000000,2242.00000000,0.31957659
19.00000000,2243.00000000,0.31802607
19.00000000,2244.00000000,0.31648236
19.00000000,2245.00000000,0.31494535
19.00000000,2246.00000000,0.31341494
19.00000000,2247.00000000,0.31189103
19.00000000,2248.00000000,0.31037349
19.00000000,2249.00000000,0.30886185
19.00000000,2250.00000000,0.30735400
19.00000000,2251.00000000,0.30584592
19.00000000,2252.00000000,0.30433393
19.00000000,2253.00000000,0.30281600
19.00000000,2254.00000000,0.30129139
19.00000000,2255.00000000,0.29975993
19.00000000,2256.00000000,0.29822168
19.00000000,2257.00000000,0.29667683
19.00000000,2258.00000000,0.29512562
19.00000000,2259.00000000,0.29356837
19.00000000,2260.00000000,0.29200546
19.00000000,2261.00000000,0.29043735
19.00000000,2262.00000000,0.28886465
19.00000000,2263.00000000,0.28728795
19.00000000,2264.00000000,0.28570765
19.00000000,2265.00000000,0.28412425
19.00000000,2266.00000000,0.28253803
19.00000000,2267.00000000,0.28094935
19.00000000,2268.00000000,0.27971674
19.00000000,2269.00000000,0.27953745
19.00000000,2270.00000000,0.27964579
19.00000000,2271.00000000,0.27975357
19.00000000,2272.00000000,0.27986077
19.00000000,2273.00000000,0.27996738
19.00000000,2274.00000000,0.28007346
19.00000000,2275.00000000,0.28022427
19.00000000,2276.00000000,0.28037457
19.00000000,2277.00000000,0.28052437
19.00000000,2278.00000000,0.28067367
19.00000000,2279.00000000,0.28082249
19.00000000,2280.00000000,0.28088117
19.00000000,2281.00000000,0.28093928
19.00000000,2282.00000000,0.28099691
19.00000000,2283.00000000,0.28105404
19.00000000,2284.00000000,0.28111063
19.00000000,2285.00000000,0.28116681
19.00000000,2286.00000000,0.28122249
19.00000000,2287.00000000,0.28127771
19.00000000,2288.00000000,0.28133250
19.00000000,2289.00000000,0.28138684
19.00000000,2290.00000000,0.28144081
19.00000000,2291.00000000,0.28149435
19.00000000,2292.00000000,0.28154748
19.00000000,2293.00000000,0.28160024
19.00000000,2294.00000000,0.28165264
19.00000000,2295.00000000,0.28170074
19.00000000,2296.00000000,0.28174852
19.00000000,2297.00000000,0.28179595
19.00000000,2298.00000000,0.28184301
19.00000000,2299.00000000,0.28188978
19.00000000,2300.00000000,0.28193620
19.00000000,2301.00000000,0.28198234
19.00000000,2302.00000000,0.28202814
19.00000000,2303.00000000,0.28207359
19.00000000,2304.00000000,0.28211871
19.00000000,2305.00000000,0.28216351
19.00000000,2306.00000000,0.28220794
19.00000000,2307.00000000,0.28225210
19.00000000,2308.00000000,0.28229592
19.00000000,2309.00000000,0.28233944
19.00000000,2310.00000000,0.28238267
19.00000000,2311.00000000,0.28242561
19.00000000,2312.00000000,0.28246828
19.00000000,2313.00000000,0.28251071
19.00000000,2314.00000000,0.28255283
19.00000000,2315.00000000,0.28259475
19.00000000,2316.00000000,0.28263640
19.00000000,2317.00000000,0.28267783
19.00000000,2318.00000000,0.28271902
19.00000000,2319.00000000,0.28276002
19.00000000,2320.00000000,0.28280948
19.00000000,2321.00000000,0.28285878
19.00000000,2322.00000000,0.28290788
19.00000000,2323.00000000,0.28295676
19.00000000,2324.00000000,0.28300549
19.00000000,2325.00000000,0.28305401
19.00000000,2326.00000000,0.28310239
19.00000000,2327.00000000,0.28315061
19.00000000,2328.00000000,0.28319862
19.00000000,2329.00000000,0.28324651
19.00000000,2330.00000000,0.28329425
19.00000000,2331.00000000,0.28334181
19.00000000,2332.00000000,0.28338926
19.00000000,2333.00000000,0.28343655
19.00000000,2334.00000000,0.28348370
19.00000000,2335.00000000,0.28353074
19.00000000,2336.00000000,0.28357762
19.00000000,2337.00000000,0.28362442
19.00000000,2338.00000000,0.28367110
19.00000000,2339.00000000,0.28371762
19.00000000,2340.00000000,0.28376407
19.00000000,2341.00000000,0.28381041
19.00000000,2342.00000000,0.28385660
19.00000000,2343.00000000,0.28390274
19.00000000,2344.00000000,0.28394878
19.00000000,2345.00000000,0.28399468
19.00000000,2346.00000000,0.28404053
19.00000000,2347.00000000,0.28408630
19.00000000,2348.00000000,0.28413194
19.00000000,2349.00000000,0.28417754
19.00000000,2350.00000000,0.28422302
19.00000000,2351.00000000,0.28426847
19.00000000,2352.00000000,0.28431385
19.00000000,2353.00000000,0.28435915
19.00000000,2354.00000000,0.28440442
19.00000000,2355.00000000,0.28444965
19.00000000,2356.00000000,0.28449479
19.00000000,2357.00000000,0.28453993
19.00000000,2358.00000000,0.28458502
19.00000000,2359.00000000,0.28463005
19.00000000,2360.00000000,0.28467509
19.00000000,2361.00000000,0.28472005
19.00000000,2362.00000000,0.28476501
19.00000000,2363.00000000,0.28480993
19.00000000,2364.00000000,0.28485479
19.00000000,2365.00000000,0.28489968
19.00000000,2366.00000000,0.28494452
19.00000000,2367.00000000,0.28498930
19.00000000,2368.00000000,0.28503410
19.00000000,2369.00000000,0.28507888
19.00000000,2370.00000000,0.28512110
19.00000000,2371.00000000,0.28516332
19.00000000,2372.00000000,0.28520554
19.00000000,2373.00000000,0.28524770
19.00000000,2374.00000000,0.28528987
19.00000000,2375.00000000,0.28533200
19.00000000,2376.00000000,0.28537416
19.00000000,2377.00000000,0.28541630
19.00000000,2378.00000000,0.28545839
19.00000000,2379.00000000,0.28550053
19.00000000,2380.00000000,0.28554266
19.00000000,2381.00000000,0.28558473
19.00000000,2382.00000000,0.28562683
19.00000000,2383.00000000,0.28566895
19.00000000,2384.00000000,0.28571102
19.00000000,2385.00000000,0.28575314
19.00000000,2386.00000000,0.28579520
19.00000000,2387.00000000,0.28583733
19.00000000,2388.00000000,0.28587943
19.00000000,2389.00000000,0.28592151
19.00000000,2390.00000000,0.28596365
19.00000000,2391.00000000,0.28600579
19.00000000,2392.00000000,0.28604789
19.00000000,2393.00000000,0.28609005
19.00000000,2394.00000000,0.28613221
19.00000000,2395.00000000,0.28617434
19.00000000,2396.00000000,0.28621653
19.00000000,2397.00000000,0.28625869
19.00000000,2398.00000000,0.28630091
19.00000000,2399.00000000,0.28634314
19.00000000,2400.00000000,0.28638534
19.00000000,2401.00000000,0.28642762
19.00000000,2402.00000000,0.28646991
19.00000000,2403.00000000,0.28651219
19.00000000,2404.00000000,0.28655455
19.00000000,2405.00000000,0.28659697
19.00000000,2406.00000000,0.28663936
19.00000000,2407.00000000,0.28668185
19.00000000,2408.00000000,0.28672438
19.00000000,2409.00000000,0.28676690
19.00000000,2410.00000000,0.28680950
19.00000000,2411.00000000,0.28685210
19.00000000,2412.00000000,0.28689481
19.00000000,2413.00000000,0.28693755
19.00000000,2414.00000000,0.28698027
19.00000000,2415.00000000,0.28702309
19.00000000,2416.00000000,0.28706596
19.00000000,2417.00000000,0.28710881
19.00000000,2418.00000000,0.28715177
19.00000000,2419.00000000,0.28719477
19.00000000,2420.00000000,0.28723507
19.00000000,2421.00000000,0.28727548
19.00000000,2422.00000000,0.28731587
19.00000000,2423.00000000,0.28735638
19.00000000,2424.00000000,0.28739691
19.00000000,2425.00000000,0.28743742
19.00000000,2426.00000000,0.28747804
19.00000000,2427.00000000,0.28751872
19.00000000,2428.00000000,0.28755937
19.00000000,2429.00000000,0.28760014
19.00000000,2430.00000000,0.28764093
19.00000000,2431.00000000,0.28768173
19.00000000,2432.00000000,0.28772262
19.00000000,2433.00000000,0.28776357
19.00000000,2434.00000000,0.28780451
19.00000000,2435.00000000,0.28784555
19.00000000,2436.00000000,0.28788657
19.00000000,2437.00000000,0.28792771
19.00000000,2438.00000000,0.28796891
19.00000000,2439.00000000,0.28801007
19.00000000,2440.00000000,0.28805137
19.00000000,2441.00000000,0.28809270
19.00000000,2442.00000000,0.28813402
19.00000000,2443.00000000,0.28817547
19.00000000,2444.00000000,0.28821695
19.00000000,2445.00000000,0.28825842
19.00000000,2446.00000000,0.28830001
19.00000000,2447.00000000,0.28834158
19.00000000,2448.00000000,0.28838329
19.00000000,2449.00000000,0.28842504
19.00000000,2450.00000000,0.28846676
19.00000000,2451.00000000,0.28850862
19.00000000,2452.00000000,0.28855053
19.00000000,2453.00000000,0.28859239
19.00000000,2454.00000000,0.28863438
19.00000000,2455.00000000,0.28867641
19.00000000,2456.00000000,0.28871840
19.00000000,2457.00000000,0.28876052
19.00000000,2458.00000000,0.28880259
19.00000000,2459.00000000,0.28884479
19.00000000,2460.00000000,0.28888703
19.00000000,2461.00000000,0.28892922
19.00000000,2462.00000000,0.28897156
19.00000000,2463.00000000,0.28901393
19.00000000,2464.00000000,0.28905627
19.00000000,2465.00000000,0.28909873
19.00000000,2466.00000000,0.28914125
19.00000000,2467.00000000,0.28918371
19.00000000,2468.00000000,0.28922634
19.00000000,2469.00000000,0.28926898
19.00000000,2470.00000000,0.28931337
19.00000000,2471.00000000,0.28935789
19.00000000,2472.00000000,0.28940238
19.00000000,2473.00000000,0.28944701
19.00000000,2474.00000000,0.28949170
19.00000000,2475.00000000,0.28953632
19.00000000,2476.00000000,0.28958112
19.00000000,2477.00000000,0.28962596
19.00000000,2478.00000000,0.28967074
19.00000000,2479.00000000,0.28971569
19.00000000,2480.00000000,0.28976070
19.00000000,2481.00000000,0.28980565
19.00000000,2482.00000000,0.28985077
19.00000000,2483.00000000,0.28989582
19.00000000,2484.00000000,0.28994104
19.00000000,2485.00000000,0.28998634
19.00000000,2486.00000000,0.29003156
19.00000000,2487.00000000,0.29007696
19.00000000,2488.00000000,0.29012243
19.00000000,2489.00000000,0.29016781
19.00000000,2490.00000000,0.29021341
19.00000000,2491.00000000,0.29025905
19.00000000,2492.00000000,0.29030464
19.00000000,2493.00000000,0.29035041
19.00000000,2494.00000000,0.29039625
19.00000000,2495.00000000,0.29044206
19.00000000,2496.00000000,0.29048804
19.00000000,2497.00000000,0.29053398
19.00000000,2498.00000000,0.29058012
19.00000000,2499.00000000,0.29062634
19.00000000,2500.00000000,0.29067255
20.00000000,1765.00000000,0.43152458
20.00000000,1766.00000000,0.43152444
20.00000000,1767.00000000,0.43152429
20.00000000,1768.00000000,0.43152387
20.00000000,1769.00000000,0.43152308
20.00000000,1770.00000000,0.43152193
20.00000000,1771.00000000,0.43152035
20.00000000,1772.00000000,0.43151854
20.00000000,1773.00000000,0.43151608
20.00000000,1774.00000000,0.43151319
20.00000000,1775.00000000,0.43150978
20.00000000,1776.00000000,0.43150594
20.00000000,1777.00000000,0.43150171
20.00000000,1778.00000000,0.43149703
20.00000000,1779.00000000,0.43149202
20.00000000,1780.00000000,0.43148656
20.00000000,1781.00000000,0.43148080
20.00000000,1782.00000000,0.43147467
20.00000000,1783.00000000,0.43146808
20.00000000,1784.00000000,0.43146118
20.00000000,1785.00000000,0.43145385
20.00000000,1786.00000000,0.43147294
20.00000000,1787.00000000,0.43146488
20.00000000,1788.00000000,0.43145640
20.00000000,1789.00000000,0.43144766
20.00000000,1790.00000000,0.43143865
20.00000000,1791.00000000,0.43143822
20.00000000,1792.00000000,0.43142861
20.00000000,1793.00000000,0.43141865
20.00000000,1794.00000000,0.43140837
20.00000000,1795.00000000,0.43139790
20.00000000,1796.00000000,0.43138718
20.00000000,1797.00000000,0.43137614
20.00000000,1798.00000000,0.43136496
20.00000000,1799.00000000,0.43135346
20.00000000,1800.00000000,0.43134180
20.00000000,1801.00000000,0.43133885
20.00000000,1802.00000000,0.43132666
20.00000000,1803.00000000,0.43131429
20.00000000,1804.00000000,0.43130167
20.00000000,1805.00000000,0.43128883
20.00000000,1806.00000000,0.43127585
20.00000000,1807.00000000,0.43126270
20.00000000,1808.00000000,0.43124936
20.00000000,1809.00000000,0.43123589
20.00000000,1810.00000000,0.43122226
20.00000000,1811.00000000,0.43121749
20.00000000,1812.00000000,0.43120362
20.00000000,1813.00000000,0.43118959
20.00000000,1814.00000000,0.43117547
20.00000000,1815.00000000,0.43116126
20.00000000,1816.00000000,0.43114685
20.00000000,1817.00000000,0.43114130
20.00000000,1818.00000000,0.43112667
20.00000000,1819.00000000,0.43111180
20.00000000,1820.00000000,0.43110585
20.00000000,1821.00000000,0.43109079
20.00000000,1822.00000000,0.43109352
20.00000000,1823.00000000,0.43106936
20.00000000,1824.00000000,0.43105398
20.00000000,1825.00000000,0.43103856
20.00000000,1826.00000000,0.43103195
20.00000000,1827.00000000,0.43101623
20.00000000,1828.00000000,0.43100051
20.00000000,1829.00000000,0.43098464
20.00000000,1830.00000000,0.43096868
20.00000000,1831.00000000,0.43096151
20.00000000,1832.00000000,0.43094521
20.00000000,1833.00000000,0.43092865
20.00000000,1834.00000000,0.43091204
20.00000000,1835.00000000,0.43090425
20.00000000,1836.00000000,0.43089639
20.00000000,1837.00000000,0.43088839
20.00000000,1838.00000000,0.43087115
20.00000000,1839.00000000,0.43085383
20.00000000,1840.00000000,0.43083639
20.00000000,1841.00000000,0.43081874
20.00000000,1842.00000000,0.43080996
20.00000000,1843.00000000,0.43080099
20.00000000,1844.00000000,0.43078285
20.00000000,1845.00000000,0.43077356
20.00000000,1846.00000000,0.43075508
20.00000000,1847.00000000,0.43074533
20.00000000,1848.00000000,0.43072640
20.00000000,1849.00000000,0.43070723
20.00000000,1850.00000000,0.43074166
20.00000000,1851.00000000,0.43071312
20.00000000,1852.00000000,0.43069329
20.00000000,1853.00000000,0.43068209
20.00000000,1854.00000000,0.43066106
20.00000000,1855.00000000,0.43064813
20.00000000,1856.00000000,0.43066144
20.00000000,1857.00000000,0.43063846
20.00000000,1858.00000000,0.43062394
20.00000000,1859.00000000,0.43060928
20.00000000,1860.00000000,0.43060328
20.00000000,1861.00000000,0.43058798
20.00000000,1862.00000000,0.43058138
20.00000000,1863.00000000,0.43056576
20.00000000,1864.00000000,0.43055986
20.00000000,1865.00000000,0.43057257
20.00000000,1866.00000000,0.43054978
20.00000000,1867.00000000,0.43055427
20.00000000,1868.00000000,0.43054092
20.00000000,1869.00000000,0.43054555
20.00000000,1870.00000000,0.43055920
20.00000000,1871.00000000,0.43053679
20.00000000,1872.00000000,0.43054083
20.00000000,1873.00000000,0.43053436
20.00000000,1874.00000000,0.43059697
20.00000000,1875.00000000,0.43058570
20.00000000,1876.00000000,0.43059947
20.00000000,1877.00000000,0.43057574
20.00000000,1878.00000000,0.43055088
20.00000000,1879.00000000,0.43056100
20.00000000,1880.00000000,0.43059698
20.00000000,1881.00000000,0.43059590
20.00000000,1882.00000000,0.43057555
20.00000000,1883.00000000,0.43059849
20.00000000,1884.00000000,0.43062969
20.00000000,1885.00000000,0.43065130
20.00000000,1886.00000000,0.43063692
20.00000000,1887.00000000,0.43066927
20.00000000,1888.00000000,0.43067269
20.00000000,1889.00000000,0.43069332
20.00000000,1890.00000000,0.43069504
20.00000000,1891.00000000,0.43073135
20.00000000,1892.00000000,0.43083808
20.00000000,1893.00000000,0.43089005
20.00000000,1894.00000000,0.43075328
20.00000000,1895.00000000,0.43083101
20.00000000,1896.00000000,0.43080916
20.00000000,1897.00000000,0.43078612
20.00000000,1898.00000000,0.43074775
20.00000000,1899.00000000,0.43081956
20.00000000,1900.00000000,0.43099648
20.00000000,1901.00000000,0.43100040
20.00000000,1902.00000000,0.43105512
20.00000000,1903.00000000,0.43113351
20.00000000,1904.00000000,0.43109193
20.00000000,1905.00000000,0.43103750
20.00000000,1906.00000000,0.43099704
20.00000000,1907.00000000,0.43104124
20.00000000,1908.00000000,0.43124102
20.00000000,1909.00000000,0.43114981
20.00000000,1910.00000000,0.43131479
20.00000000,1911.00000000,0.43136056
20.00000000,1912.00000000,0.43127874
20.00000000,1913.00000000,0.43114161
20.00000000,1914.00000000,0.43115573
20.00000000,1915.00000000,0.43126065
20.00000000,1916.00000000,0.43127920
20.00000000,1917.00000000,0.43137153
20.00000000,1918.00000000,0.43149997
20.00000000,1919.00000000,0.43178115
20.00000000,1920.00000000,0.43193102
20.00000000,1921.00000000,0.43200324
20.00000000,1922.00000000,0.43204255
20.00000000,1923.00000000,0.43241490
20.00000000,1924.00000000,0.43239274
20.00000000,1925.00000000,0.43265433
20.00000000,1926.00000000,0.43295847
20.00000000,1927.00000000,0.43355558
20.00000000,1928.00000000,0.43315691
20.00000000,1929.00000000,0.43337127
20.00000000,1930.00000000,0.43357233
20.00000000,1931.00000000,0.43361922
20.00000000,1932.00000000,0.43390054
20.00000000,1933.00000000,0.43437525
20.00000000,1934.00000000,0.43345259
20.00000000,1935.00000000,0.43325771
20.00000000,1936.00000000,0.43373331
20.00000000,1937.00000000,0.43412541
20.00000000,1938.00000000,0.43385997
20.00000000,1939.00000000,0.43259882
20.00000000,1940.00000000,0.43362429
20.00000000,1941.00000000,0.43236564
20.00000000,1942.00000000,0.43263124
20.00000000,1943.00000000,0.43363454
20.00000000,1944.00000000,0.43345388
20.00000000,1945.00000000,0.43344172
20.00000000,1946.00000000,0.43339700
20.00000000,1947.00000000,0.43399054
20.00000000,1948.00000000,0.43390290
20.00000000,1949.00000000,0.43449820
20.00000000,1950.00000000,0.43355136
20.00000000,1951.00000000,0.43240968
20.00000000,1952.00000000,0.43143496
20.00000000,1953.00000000,0.43168747
20.00000000,1954.00000000,0.43223091
20.00000000,1955.00000000,0.43253082
20.00000000,1956.00000000,0.43325559
20.00000000,1957.00000000,0.43375109
20.00000000,1958.00000000,0.43292827
20.00000000,1959.00000000,0.43313612
20.00000000,1960.00000000,0.43383977
20.00000000,1961.00000000,0.43389085
20.00000000,1962.00000000,0.43369334
20.00000000,1963.00000000,0.43385393
20.00000000,1964.00000000,0.43349835
20.00000000,1965.00000000,0.43121825
20.00000000,1966.00000000,0.43160718
20.00000000,1967.00000000,0.43265911
20.00000000,1968.00000000,0.43301202
20.00000000,1969.00000000,0.43222179
20.00000000,1970.00000000,0.43373692
20.00000000,1971.00000000,0.43458449
20.00000000,1972.00000000,0.43443740
20.00000000,1973.00000000,0.43442666
20.00000000,1974.00000000,0.43421536
20.00000000,1975.00000000,0.43535928
20.00000000,1976.00000000,0.43611505
20.00000000,1977.00000000,0.43648263
20.00000000,1978.00000000,0.43655760
20.00000000,1979.00000000,0.43726045
20.00000000,1980.00000000,0.43780281
20.00000000,1981.00000000,0.43747326
20.00000000,1982.00000000,0.43793441
20.00000000,1983.00000000,0.43877533
20.00000000,1984.00000000,0.43972953
20.00000000,1985.00000000,0.44048355
20.00000000,1986.00000000,0.44143783
20.00000000,1987.00000000,0.44190893
20.00000000,1988.00000000,0.44299609
20.00000000,1989.00000000,0.44437898
20.00000000,1990.00000000,0.44631162
20.00000000,1991.00000000,0.44716655
20.00000000,1992.00000000,0.44812828
20.00000000,1993.00000000,0.44968602
20.00000000,1994.00000000,0.44925041
20.00000000,1995.00000000,0.44848478
20.00000000,1996.00000000,0.45033006
20.00000000,1997.00000000,0.45110025
20.00000000,1998.00000000,0.45125283
20.00000000,1999.00000000,0.45321395
20.00000000,2000.00000000,0.45222097
20.00000000,2001.00000000,0.45027586
20.00000000,2002.00000000,0.44940985
20.00000000,2003.00000000,0.44875111
20.00000000,2004.00000000,0.44980618
20.00000000,2005.00000000,0.45061103
20.00000000,2006.00000000,0.45149314
20.00000000,2007.00000000,0.45214700
20.00000000,2008.00000000,0.45337116
20.00000000,2009.00000000,0.45382218
20.00000000,2010.00000000,0.45364354
20.00000000,2011.00000000,0.45376261
20.00000000,2012.00000000,0.45205276
20.00000000,2013.00000000,0.45139862
20.00000000,2014.00000000,0.45170105
20.00000000,2015.00000000,0.45208811
20.00000000,2016.00000000,0.45252458
20.00000000,2017.00000000,0.45268984
20.00000000,2018.00000000,0.45162369
20.00000000,2019.00000000,0.45064612
20.00000000,2020.00000000,0.45125238
20.00000000,2021.00000000,0.45179685
20.00000000,2022.00000000,0.45139555
20.00000000,2023.00000000,0.45342640
20.00000000,2024.00000000,0.45586038
20.00000000,2025.00000000,0.45753080
20.00000000,2026.00000000,0.45825421
20.00000000,2027.00000000,0.45896773
20.00000000,2028.00000000,0.45967226
20.00000000,2029.00000000,0.46036551
20.00000000,2030.00000000,0.46104788
20.00000000,2031.00000000,0.46231684
20.00000000,2032.00000000,0.46357125
20.00000000,2033.00000000,0.46480884
20.00000000,2034.00000000,0.46602753
20.00000000,2035.00000000,0.46722605
20.00000000,2036.00000000,0.46840383
20.00000000,2037.00000000,0.46956025
20.00000000,2038.00000000,0.47069501
20.00000000,2039.00000000,0.47180841
20.00000000,2040.00000000,0.47290050
20.00000000,2041.00000000,0.47371037
20.00000000,2042.00000000,0.47449884
20.00000000,2043.00000000,0.47526455
20.00000000,2044.00000000,0.47600709
20.00000000,2045.00000000,0.47672604
20.00000000,2046.00000000,0.47742155
20.00000000,2047.00000000,0.47809407
20.00000000,2048.00000000,0.47874406
20.00000000,2049.00000000,0.47937193
20.00000000,2050.00000000,0.47997851
20.00000000,2051.00000000,0.48109723
20.00000000,2052.00000000,0.48219353
20.00000000,2053.00000000,0.48326816
20.00000000,2054.00000000,0.48432139
20.00000000,2055.00000000,0.48535380
20.00000000,2056.00000000,0.48636579
20.00000000,2057.00000000,0.48735774
20.00000000,2058.00000000,0.48833015
20.00000000,2059.00000000,0.48928329
20.00000000,2060.00000000,0.49021735
20.00000000,2061.00000000,0.49151321
20.00000000,2062.00000000,0.49279262
20.00000000,2063.00000000,0.49405936
20.00000000,2064.00000000,0.49531605
20.00000000,2065.00000000,0.49656421
20.00000000,2066.00000000,0.49780457
20.00000000,2067.00000000,0.49903758
20.00000000,2068.00000000,0.50026302
20.00000000,2069.00000000,0.50148088
20.00000000,2070.00000000,0.50269056
20.00000000,2071.00000000,0.50387138
20.00000000,2072.00000000,0.50504673
20.00000000,2073.00000000,0.50621920
20.00000000,2074.00000000,0.50739023
20.00000000,2075.00000000,0.50856060
20.00000000,2076.00000000,0.50973009
20.00000000,2077.00000000,0.51089824
20.00000000,2078.00000000,0.51206439
20.00000000,2079.00000000,0.51322762
20.00000000,2080.00000000,0.51438684
20.00000000,2081.00000000,0.51475424
20.00000000,2082.00000000,0.51512182
20.00000000,2083.00000000,0.51549104
20.00000000,2084.00000000,0.51586220
20.00000000,2085.00000000,0.51623533
20.00000000,2086.00000000,0.51661019
20.00000000,2087.00000000,0.51698612
20.00000000,2088.00000000,0.51736240
20.00000000,2089.00000000,0.51773837
20.00000000,2090.00000000,0.51811333
20.00000000,2091.00000000,0.51779591
20.00000000,2092.00000000,0.51748189
20.00000000,2093.00000000,0.51717247
20.00000000,2094.00000000,0.51686852
20.00000000,2095.00000000,0.51657014
20.00000000,2096.00000000,0.51627716
20.00000000,2097.00000000,0.51598932
20.00000000,2098.00000000,0.51570621
20.00000000,2099.00000000,0.51542713
20.00000000,2100.00000000,0.51515175
20.00000000,2101.00000000,0.51450442
20.00000000,2102.00000000,0.51386306
20.00000000,2103.00000000,0.51322854
20.00000000,2104.00000000,0.51260099
20.00000000,2105.00000000,0.51198057
20.00000000,2106.00000000,0.51136693
20.00000000,2107.00000000,0.51075967
20.00000000,2108.00000000,0.51015859
20.00000000,2109.00000000,0.50956312
20.00000000,2110.00000000,0.50897275
20.00000000,2111.00000000,0.50801090
20.00000000,2112.00000000,0.50705517
20.00000000,2113.00000000,0.50610544
20.00000000,2114.00000000,0.50516151
20.00000000,2115.00000000,0.50422308
20.00000000,2116.00000000,0.50328984
20.00000000,2117.00000000,0.50236172
20.00000000,2118.00000000,0.50143833
20.00000000,2119.00000000,0.50051964
20.00000000,2120.00000000,0.49960537
20.00000000,2121.00000000,0.49841423
20.00000000,2122.00000000,0.49722873
20.00000000,2123.00000000,0.49604860
20.00000000,2124.00000000,0.49487384
20.00000000,2125.00000000,0.49370447
20.00000000,2126.00000000,0.49254034
20.00000000,2127.00000000,0.49138140
20.00000000,2128.00000000,0.49022758
20.00000000,2129.00000000,0.48907869
20.00000000,2130.00000000,0.48793480
20.00000000,2131.00000000,0.48679577
20.00000000,2132.00000000,0.48566153
20.00000000,2133.00000000,0.48453213
20.00000000,2134.00000000,0.48340752
20.00000000,2135.00000000,0.48228752
20.00000000,2136.00000000,0.48117228
20.00000000,2137.00000000,0.48006170
20.00000000,2138.00000000,0.47895564
20.00000000,2139.00000000,0.47785418
20.00000000,2140.00000000,0.47675732
20.00000000,2141.00000000,0.47566491
20.00000000,2142.00000000,0.47457704
20.00000000,2143.00000000,0.47349356
20.00000000,2144.00000000,0.47241459
20.00000000,2145.00000000,0.47133997
20.00000000,2146.00000000,0.47026970
20.00000000,2147.00000000,0.46920384
20.00000000,2148.00000000,0.46814229
20.00000000,2149.00000000,0.46708498
20.00000000,2150.00000000,0.46603196
20.00000000,2151.00000000,0.46498574
20.00000000,2152.00000000,0.46395324
20.00000000,2153.00000000,0.46294126
20.00000000,2154.00000000,0.46195309
20.00000000,2155.00000000,0.46099012
20.00000000,2156.00000000,0.46005246
20.00000000,2157.00000000,0.45913966
20.00000000,2158.00000000,0.45825113
20.00000000,2159.00000000,0.45738595
20.00000000,2160.00000000,0.45654313
20.00000000,2161.00000000,0.45572176
20.00000000,2162.00000000,0.45492105
20.00000000,2163.00000000,0.45413985
20.00000000,2164.00000000,0.45337740
20.00000000,2165.00000000,0.45263280
20.00000000,2166.00000000,0.45190532
20.00000000,2167.00000000,0.45119409
20.00000000,2168.00000000,0.45049833
20.00000000,2169.00000000,0.44981734
20.00000000,2170.00000000,0.44915044
20.00000000,2171.00000000,0.44680600
20.00000000,2172.00000000,0.44447971
20.00000000,2173.00000000,0.44217131
20.00000000,2174.00000000,0.43988046
20.00000000,2175.00000000,0.43760706
20.00000000,2176.00000000,0.43535076
20.00000000,2177.00000000,0.43311127
20.00000000,2178.00000000,0.43088851
20.00000000,2179.00000000,0.42868213
20.00000000,2180.00000000,0.42649194
20.00000000,2181.00000000,0.42431773
20.00000000,2182.00000000,0.42215925
20.00000000,2183.00000000,0.42001630
20.00000000,2184.00000000,0.41788865
20.00000000,2185.00000000,0.41577605
20.00000000,2186.00000000,0.41367843
20.00000000,2187.00000000,0.41159540
20.00000000,2188.00000000,0.40952685
20.00000000,2189.00000000,0.40747259
20.00000000,2190.00000000,0.40543244
20.00000000,2191.00000000,0.40340618
20.00000000,2192.00000000,0.40139361
20.00000000,2193.00000000,0.39939451
20.00000000,2194.00000000,0.39740879
20.00000000,2195.00000000,0.39543620
20.00000000,2196.00000000,0.39347650
20.00000000,2197.00000000,0.39152965
20.00000000,2198.00000000,0.38959541
20.00000000,2199.00000000,0.38767361
20.00000000,2200.00000000,0.38576408
20.00000000,2201.00000000,0.38386667
20.00000000,2202.00000000,0.38198113
20.00000000,2203.00000000,0.38010739
20.00000000,2204.00000000,0.37824523
20.00000000,2205.00000000,0.37639458
20.00000000,2206.00000000,0.37455524
20.00000000,2207.00000000,0.37272700
20.00000000,2208.00000000,0.37090976
20.00000000,2209.00000000,0.36910335
20.00000000,2210.00000000,0.36730757
20.00000000,2211.00000000,0.36552238
20.00000000,2212.00000000,0.36374758
20.00000000,2213.00000000,0.36198302
20.00000000,2214.00000000,0.36022860
20.00000000,2215.00000000,0.35848411
20.00000000,2216.00000000,0.35674949
20.00000000,2217.00000000,0.35502455
20.00000000,2218.00000000,0.35330915
20.00000000,2219.00000000,0.35160318
20.00000000,2220.00000000,0.34990650
20.00000000,2221.00000000,0.34821895
20.00000000,2222.00000000,0.34654045
20.00000000,2223.00000000,0.34487086
20.00000000,2224.00000000,0.34321000
20.00000000,2225.00000000,0.34155783
20.00000000,2226.00000000,0.33991420
20.00000000,2227.00000000,0.33827889
20.00000000,2228.00000000,0.33665192
20.00000000,2229.00000000,0.33503307
20.00000000,2230.00000000,0.33342231
20.00000000,2231.00000000,0.33181944
20.00000000,2232.00000000,0.33022437
20.00000000,2233.00000000,0.32863697
20.00000000,2234.00000000,0.32705717
20.00000000,2235.00000000,0.32548478
20.00000000,2236.00000000,0.32391975
20.00000000,2237.00000000,0.32236195
20.00000000,2238.00000000,0.32081124
20.00000000,2239.00000000,0.31926755
20.00000000,2240.00000000,0.31773077
20.00000000,2241.00000000,0.31620078
20.00000000,2242.00000000,0.31467745
20.00000000,2243.00000000,0.31316067
20.00000000,2244.00000000,0.31165038
20.00000000,2245.00000000,0.31014643
20.00000000,2246.00000000,0.30864871
20.00000000,2247.00000000,0.30715718
20.00000000,2248.00000000,0.30567169
20.00000000,2249.00000000,0.30419175
20.00000000,2250.00000000,0.30271533
20.00000000,2251.00000000,0.30123843
20.00000000,2252.00000000,0.29975750
20.00000000,2253.00000000,0.29827051
20.00000000,2254.00000000,0.29677669
20.00000000,2255.00000000,0.29527595
20.00000000,2256.00000000,0.29376831
20.00000000,2257.00000000,0.29225393
20.00000000,2258.00000000,0.29073314
20.00000000,2259.00000000,0.28920618
20.00000000,2260.00000000,0.28767342
20.00000000,2261.00000000,0.28613539
20.00000000,2262.00000000,0.28459263
20.00000000,2263.00000000,0.28304572
20.00000000,2264.00000000,0.28149513
20.00000000,2265.00000000,0.27994119
20.00000000,2266.00000000,0.27838436
20.00000000,2267.00000000,0.27682489
20.00000000,2268.00000000,0.27526310
20.00000000,2269.00000000,0.27405051
20.00000000,2270.00000000,0.27387064
20.00000000,2271.00000000,0.27397279
20.00000000,2272.00000000,0.27407445
20.00000000,2273.00000000,0.27417560
20.00000000,2274.00000000,0.27427622
20.00000000,2275.00000000,0.27437636
20.00000000,2276.00000000,0.27452041
20.00000000,2277.00000000,0.27466401
20.00000000,2278.00000000,0.27480719
20.00000000,2279.00000000,0.27494991
20.00000000,2280.00000000,0.27509221
20.00000000,2281.00000000,0.27514621
20.00000000,2282.00000000,0.27519968
20.00000000,2283.00000000,0.27525273
20.00000000,2284.00000000,0.27530532
20.00000000,2285.00000000,0.27535745
20.00000000,2286.00000000,0.27540916
20.00000000,2287.00000000,0.27546046
20.00000000,2288.00000000,0.27551135
20.00000000,2289.00000000,0.27556184
20.00000000,2290.00000000,0.27561194
20.00000000,2291.00000000,0.27566168
20.00000000,2292.00000000,0.27571107
20.00000000,2293.00000000,0.27576006
20.00000000,2294.00000000,0.27580875
20.00000000,2295.00000000,0.27585709
20.00000000,2296.00000000,0.27590126
20.00000000,2297.00000000,0.27594514
20.00000000,2298.00000000,0.27598870
20.00000000,2299.00000000,0.27603195
20.00000000,2300.00000000,0.27607492
20.00000000,2301.00000000,0.27611758
20.00000000,2302.00000000,0.27615995
20.00000000,2303.00000000,0.27620202
20.00000000,2304.00000000,0.27624373
20.00000000,2305.00000000,0.27628517
20.00000000,2306.00000000,0.27632629
20.00000000,2307.00000000,0.27636710
20.00000000,2308.00000000,0.27640764
20.00000000,2309.00000000,0.27644790
20.00000000,2310.00000000,0.27648786
20.00000000,2311.00000000,0.27652758
20.00000000,2312.00000000,0.27656701
20.00000000,2313.00000000,0.27660624
20.00000000,2314.00000000,0.27664522
20.00000000,2315.00000000,0.27668393
20.00000000,2316.00000000,0.27672246
20.00000000,2317.00000000,0.27676074
20.00000000,2318.00000000,0.27679882
20.00000000,2319.00000000,0.27683670
20.00000000,2320.00000000,0.27687440
20.00000000,2321.00000000,0.27692042
20.00000000,2322.00000000,0.27696627
20.00000000,2323.00000000,0.27701196
20.00000000,2324.00000000,0.27705744
20.00000000,2325.00000000,0.27710279
20.00000000,2326.00000000,0.27714795
20.00000000,2327.00000000,0.27719300
20.00000000,2328.00000000,0.27723789
20.00000000,2329.00000000,0.27728259
20.00000000,2330.00000000,0.27732720
20.00000000,2331.00000000,0.27737167
20.00000000,2332.00000000,0.27741596
20.00000000,2333.00000000,0.27746017
20.00000000,2334.00000000,0.27750425
20.00000000,2335.00000000,0.27754817
20.00000000,2336.00000000,0.27759201
20.00000000,2337.00000000,0.27763570
20.00000000,2338.00000000,0.27767932
20.00000000,2339.00000000,0.27772284
20.00000000,2340.00000000,0.27776621
20.00000000,2341.00000000,0.27780952
20.00000000,2342.00000000,0.27785274
20.00000000,2343.00000000,0.27789581
20.00000000,2344.00000000,0.27793885
20.00000000,2345.00000000,0.27798179
20.00000000,2346.00000000,0.27802463
20.00000000,2347.00000000,0.27806741
20.00000000,2348.00000000,0.27811011
20.00000000,2349.00000000,0.27815269
20.00000000,2350.00000000,0.27819525
20.00000000,2351.00000000,0.27823769
20.00000000,2352.00000000,0.27828012
20.00000000,2353.00000000,0.27832249
20.00000000,2354.00000000,0.27836480
20.00000000,2355.00000000,0.27840708
20.00000000,2356.00000000,0.27844932
20.00000000,2357.00000000,0.27849149
20.00000000,2358.00000000,0.27853366
20.00000000,2359.00000000,0.27857581
20.00000000,2360.00000000,0.27861788
20.00000000,2361.00000000,0.27865995
20.00000000,2362.00000000,0.27870195
20.00000000,2363.00000000,0.27874397
20.00000000,2364.00000000,0.27878597
20.00000000,2365.00000000,0.27882790
20.00000000,2366.00000000,0.27886984
20.00000000,2367.00000000,0.27891177
20.00000000,2368.00000000,0.27895363
20.00000000,2369.00000000,0.27899551
20.00000000,2370.00000000,0.27903737
20.00000000,2371.00000000,0.27907674
20.00000000,2372.00000000,0.27911610
20.00000000,2373.00000000,0.27915547
20.00000000,2374.00000000,0.27919478
20.00000000,2375.00000000,0.27923410
20.00000000,2376.00000000,0.27927338
20.00000000,2377.00000000,0.27931270
20.00000000,2378.00000000,0.27935200
20.00000000,2379.00000000,0.27939127
20.00000000,2380.00000000,0.27943055
20.00000000,2381.00000000,0.27946985
20.00000000,2382.00000000,0.27950909
20.00000000,2383.00000000,0.27954838
20.00000000,2384.00000000,0.27958765
20.00000000,2385.00000000,0.27962690
20.00000000,2386.00000000,0.27966618
20.00000000,2387.00000000,0.27970542
20.00000000,2388.00000000,0.27974471
20.00000000,2389.00000000,0.27978401
20.00000000,2390.00000000,0.27982327
20.00000000,2391.00000000,0.27986258
20.00000000,2392.00000000,0.27990190
20.00000000,2393.00000000,0.27994117
20.00000000,2394.00000000,0.27998051
20.00000000,2395.00000000,0.28001985
20.00000000,2396.00000000,0.28005916
20.00000000,2397.00000000,0.28009853
20.00000000,2398.00000000,0.28013786
20.00000000,2399.00000000,0.28017728
20.00000000,2400.00000000,0.28021669
20.00000000,2401.00000000,0.28025606
20.00000000,2402.00000000,0.28029551
20.00000000,2403.00000000,0.28033499
20.00000000,2404.00000000,0.28037448
20.00000000,2405.00000000,0.28041404
20.00000000,2406.00000000,0.28045363
20.00000000,2407.00000000,0.28049322
20.00000000,2408.00000000,0.28053290
20.00000000,2409.00000000,0.28057262
20.00000000,2410.00000000,0.28061232
20.00000000,2411.00000000,0.28065210
20.00000000,2412.00000000,0.28069188
20.00000000,2413.00000000,0.28073176
20.00000000,2414.00000000,0.28077168
20.00000000,2415.00000000,0.28081158
20.00000000,2416.00000000,0.28085158
20.00000000,2417.00000000,0.28089162
20.00000000,2418.00000000,0.28093164
20.00000000,2419.00000000,0.28097176
20.00000000,2420.00000000,0.28101191
20.00000000,2421.00000000,0.28104943
20.00000000,2422.00000000,0.28108706
20.00000000,2423.00000000,0.28112466
20.00000000,2424.00000000,0.28116235
20.00000000,2425.00000000,0.28120009
20.00000000,2426.00000000,0.28123782
20.00000000,2427.00000000,0.28127563
20.00000000,2428.00000000,0.28131350
20.00000000,2429.00000000,0.28135134
20.00000000,2430.00000000,0.28138930
20.00000000,2431.00000000,0.28142729
20.00000000,2432.00000000,0.28146526
20.00000000,2433.00000000,0.28150334
20.00000000,2434.00000000,0.28154146
20.00000000,2435.00000000,0.28157956
20.00000000,2436.00000000,0.28161778
20.00000000,2437.00000000,0.28165596
20.00000000,2438.00000000,0.28169428
20.00000000,2439.00000000,0.28173262
20.00000000,2440.00000000,0.28177095
20.00000000,2441.00000000,0.28180938
20.00000000,2442.00000000,0.28184788
20.00000000,2443.00000000,0.28188634
20.00000000,2444.00000000,0.28192493
20.00000000,2445.00000000,0.28196356
20.00000000,2446.00000000,0.28200216
20.00000000,2447.00000000,0.28204088
20.00000000,2448.00000000,0.28207958
20.00000000,2449.00000000,0.28211841
20.00000000,2450.00000000,0.28215727
20.00000000,2451.00000000,0.28219612
20.00000000,2452.00000000,0.28223509
20.00000000,2453.00000000,0.28227409
20.00000000,2454.00000000,0.28231304
20.00000000,2455.00000000,0.28235213
20.00000000,2456.00000000,0.28239123
20.00000000,2457.00000000,0.28243031
20.00000000,2458.00000000,0.28246950
20.00000000,2459.00000000,0.28250864
20.00000000,2460.00000000,0.28254793
20.00000000,2461.00000000,0.28258723
20.00000000,2462.00000000,0.28262650
20.00000000,2463.00000000,0.28266589
20.00000000,2464.00000000,0.28270532
20.00000000,2465.00000000,0.28274470
20.00000000,2466.00000000,0.28278423
20.00000000,2467.00000000,0.28282379
20.00000000,2468.00000000,0.28286330
20.00000000,2469.00000000,0.28290295
20.00000000,2470.00000000,0.28294264
20.00000000,2471.00000000,0.28298403
20.00000000,2472.00000000,0.28302554
20.00000000,2473.00000000,0.28306700
20.00000000,2474.00000000,0.28310863
20.00000000,2475.00000000,0.28315030
20.00000000,2476.00000000,0.28319190
20.00000000,2477.00000000,0.28323367
20.00000000,2478.00000000,0.28327547
20.00000000,2479.00000000,0.28331723
20.00000000,2480.00000000,0.28335915
20.00000000,2481.00000000,0.28340111
20.00000000,2482.00000000,0.28344301
20.00000000,2483.00000000,0.28348508
20.00000000,2484.00000000,0.28352707
20.00000000,2485.00000000,0.28356925
20.00000000,2486.00000000,0.28361147
20.00000000,2487.00000000,0.28365364
20.00000000,2488.00000000,0.28369598
20.00000000,2489.00000000,0.28373836
20.00000000,2490.00000000,0.28378068
20.00000000,2491.00000000,0.28382320
20.00000000,2492.00000000,0.28386575
20.00000000,2493.00000000,0.28390826
20.00000000,2494.00000000,0.28395095
20.00000000,2495.00000000,0.28399369
20.00000000,2496.00000000,0.28403640
20.00000000,2497.00000000,0.28407930
20.00000000,2498.00000000,0.28412214
20.00000000,2499.00000000,0.28416518
20.00000000,2500.00000000,0.28420829
21.00000000,1765.00000000,0.41005215
21.00000000,1766.00000000,0.41005208
21.00000000,1767.00000000,0.41005183
21.00000000,1768.00000000,0.41005146
21.00000000,1769.00000000,0.41005082
21.00000000,1770.00000000,0.41004979
21.00000000,1771.00000000,0.41004839
21.00000000,1772.00000000,0.41004660
21.00000000,1773.00000000,0.41004455
21.00000000,1774.00000000,0.41004193
21.00000000,1775.00000000,0.41003896
21.00000000,1776.00000000,0.41003552
21.00000000,1777.00000000,0.41003171
21.00000000,1778.00000000,0.41002759
21.00000000,1779.00000000,0.41002307
21.00000000,1780.00000000,0.41001828
21.00000000,1781.00000000,0.41001312
21.00000000,1782.00000000,0.41000770
21.00000000,1783.00000000,0.41000195
21.00000000,1784.00000000,0.40999581
21.00000000,1785.00000000,0.40998946
21.00000000,1786.00000000,0.40998271
21.00000000,1787.00000000,0.41000141
21.00000000,1788.00000000,0.40999409
21.00000000,1789.00000000,0.40998643
21.00000000,1790.00000000,0.40997858
21.00000000,1791.00000000,0.40997046
21.00000000,1792.00000000,0.40997062
21.00000000,1793.00000000,0.40996199
21.00000000,1794.00000000,0.40995310
21.00000000,1795.00000000,0.40994396
21.00000000,1796.00000000,0.40993463
21.00000000,1797.00000000,0.40992510
21.00000000,1798.00000000,0.40991533
21.00000000,1799.00000000,0.40990539
21.00000000,1800.00000000,0.40989523
21.00000000,1801.00000000,0.40988489
21.00000000,1802.00000000,0.40988295
21.00000000,1803.00000000,0.40987218
21.00000000,1804.00000000,0.40986121
21.00000000,1805.00000000,0.40985013
21.00000000,1806.00000000,0.40983880
21.00000000,1807.00000000,0.40982738
21.00000000,1808.00000000,0.40981586
21.00000000,1809.00000000,0.40980412
21.00000000,1810.00000000,0.40979235
21.00000000,1811.00000000,0.40978039
21.00000000,1812.00000000,0.40977697
21.00000000,1813.00000000,0.40976486
21.00000000,1814.00000000,0.40975257
21.00000000,1815.00000000,0.40974027
21.00000000,1816.00000000,0.40972783
21.00000000,1817.00000000,0.40971521
21.00000000,1818.00000000,0.40971114
21.00000000,1819.00000000,0.40969830
21.00000000,1820.00000000,0.40968533
21.00000000,1821.00000000,0.40968090
21.00000000,1822.00000000,0.40966782
21.00000000,1823.00000000,0.40967179
21.00000000,1824.00000000,0.40964989
21.00000000,1825.00000000,0.40963648
21.00000000,1826.00000000,0.40962300
21.00000000,1827.00000000,0.40961807
21.00000000,1828.00000000,0.40960435
21.00000000,1829.00000000,0.40959061
21.00000000,1830.00000000,0.40957680
21.00000000,1831.00000000,0.40956278
21.00000000,1832.00000000,0.40955724
21.00000000,1833.00000000,0.40954292
21.00000000,1834.00000000,0.40952844
21.00000000,1835.00000000,0.40951394
21.00000000,1836.00000000,0.40950790
21.00000000,1837.00000000,0.40950178
21.00000000,1838.00000000,0.40949545
21.00000000,1839.00000000,0.40948034
21.00000000,1840.00000000,0.40946518
21.00000000,1841.00000000,0.40944985
21.00000000,1842.00000000,0.40943438
21.00000000,1843.00000000,0.40942737
21.00000000,1844.00000000,0.40942023
21.00000000,1845.00000000,0.40940429
21.00000000,1846.00000000,0.40939679
21.00000000,1847.00000000,0.40938051
21.00000000,1848.00000000,0.40937261
21.00000000,1849.00000000,0.40935588
21.00000000,1850.00000000,0.40933897
21.00000000,1851.00000000,0.40937353
21.00000000,1852.00000000,0.40934761
21.00000000,1853.00000000,0.40933003
21.00000000,1854.00000000,0.40932022
21.00000000,1855.00000000,0.40930106
21.00000000,1856.00000000,0.40928985
21.00000000,1857.00000000,0.40930411
21.00000000,1858.00000000,0.40928356
21.00000000,1859.00000000,0.40927129
21.00000000,1860.00000000,0.40925893
21.00000000,1861.00000000,0.40925475
21.00000000,1862.00000000,0.40924173
21.00000000,1863.00000000,0.40923727
21.00000000,1864.00000000,0.40922485
21.00000000,1865.00000000,0.40922161
21.00000000,1866.00000000,0.40923597
21.00000000,1867.00000000,0.40921611
21.00000000,1868.00000000,0.40922227
21.00000000,1869.00000000,0.40921126
21.00000000,1870.00000000,0.40921742
21.00000000,1871.00000000,0.40923214
21.00000000,1872.00000000,0.40921193
21.00000000,1873.00000000,0.40921627
21.00000000,1874.00000000,0.40920963
21.00000000,1875.00000000,0.40926971
21.00000000,1876.00000000,0.40925929
21.00000000,1877.00000000,0.40927334
21.00000000,1878.00000000,0.40925170
21.00000000,1879.00000000,0.40922935
21.00000000,1880.00000000,0.40924054
21.00000000,1881.00000000,0.40927630
21.00000000,1882.00000000,0.40927638
21.00000000,1883.00000000,0.40925793
21.00000000,1884.00000000,0.40928183
21.00000000,1885.00000000,0.40931390
21.00000000,1886.00000000,0.40933714
21.00000000,1887.00000000,0.40932592
21.00000000,1888.00000000,0.40935948
21.00000000,1889.00000000,0.40936495
21.00000000,1890.00000000,0.40938680
21.00000000,1891.00000000,0.40939048
21.00000000,1892.00000000,0.40942731
21.00000000,1893.00000000,0.40953210
21.00000000,1894.00000000,0.40958468
21.00000000,1895.00000000,0.40945588
21.00000000,1896.00000000,0.40953294
21.00000000,1897.00000000,0.40951403
21.00000000,1898.00000000,0.40949388
21.00000000,1899.00000000,0.40945870
21.00000000,1900.00000000,0.40952892
21.00000000,1901.00000000,0.40969993
21.00000000,1902.00000000,0.40970464
21.00000000,1903.00000000,0.40975800
21.00000000,1904.00000000,0.40983394
21.00000000,1905.00000000,0.40979451
21.00000000,1906.00000000,0.40974275
21.00000000,1907.00000000,0.40970383
21.00000000,1908.00000000,0.40974594
21.00000000,1909.00000000,0.40993870
21.00000000,1910.00000000,0.40985315
21.00000000,1911.00000000,0.41001435
21.00000000,1912.00000000,0.41006165
21.00000000,1913.00000000,0.40998711
21.00000000,1914.00000000,0.40986000
21.00000000,1915.00000000,0.40988052
21.00000000,1916.00000000,0.40999017
21.00000000,1917.00000000,0.41001587
21.00000000,1918.00000000,0.41011094
21.00000000,1919.00000000,0.41024122
21.00000000,1920.00000000,0.41052060
21.00000000,1921.00000000,0.41067382
21.00000000,1922.00000000,0.41075251
21.00000000,1923.00000000,0.41079909
21.00000000,1924.00000000,0.41116300
21.00000000,1925.00000000,0.41114636
21.00000000,1926.00000000,0.41140285
21.00000000,1927.00000000,0.41170035
21.00000000,1928.00000000,0.41227859
21.00000000,1929.00000000,0.41189862
21.00000000,1930.00000000,0.41210795
21.00000000,1931.00000000,0.41230648
21.00000000,1932.00000000,0.41236088
21.00000000,1933.00000000,0.41264410
21.00000000,1934.00000000,0.41311383
21.00000000,1935.00000000,0.41223707
21.00000000,1936.00000000,0.41205661
21.00000000,1937.00000000,0.41251780
21.00000000,1938.00000000,0.41289709
21.00000000,1939.00000000,0.41264572
21.00000000,1940.00000000,0.41143791
21.00000000,1941.00000000,0.41242681
21.00000000,1942.00000000,0.41121946
21.00000000,1943.00000000,0.41147816
21.00000000,1944.00000000,0.41244657
21.00000000,1945.00000000,0.41227911
21.00000000,1946.00000000,0.41227816
21.00000000,1947.00000000,0.41224643
21.00000000,1948.00000000,0.41282299
21.00000000,1949.00000000,0.41274162
21.00000000,1950.00000000,0.41331674
21.00000000,1951.00000000,0.41240704
21.00000000,1952.00000000,0.41130617
21.00000000,1953.00000000,0.41036417
21.00000000,1954.00000000,0.41060446
21.00000000,1955.00000000,0.41112671
21.00000000,1956.00000000,0.41141399
21.00000000,1957.00000000,0.41210793
21.00000000,1958.00000000,0.41258182
21.00000000,1959.00000000,0.41179038
21.00000000,1960.00000000,0.41199111
21.00000000,1961.00000000,0.41267090
21.00000000,1962.00000000,0.41272587
21.00000000,1963.00000000,0.41254276
21.00000000,1964.00000000,0.41270310
21.00000000,1965.00000000,0.41236596
21.00000000,1966.00000000,0.41017837
21.00000000,1967.00000000,0.41055586
21.00000000,1968.00000000,0.41157124
21.00000000,1969.00000000,0.41191523
21.00000000,1970.00000000,0.41115991
21.00000000,1971.00000000,0.41261857
21.00000000,1972.00000000,0.41343654
21.00000000,1973.00000000,0.41330125
21.00000000,1974.00000000,0.41329820
21.00000000,1975.00000000,0.41310650
21.00000000,1976.00000000,0.41422231
21.00000000,1977.00000000,0.41496530
21.00000000,1978.00000000,0.41533319
21.00000000,1979.00000000,0.41542049
21.00000000,1980.00000000,0.41611159
21.00000000,1981.00000000,0.41665324
21.00000000,1982.00000000,0.41636652
21.00000000,1983.00000000,0.41684546
21.00000000,1984.00000000,0.41768917
21.00000000,1985.00000000,0.41863838
21.00000000,1986.00000000,0.41939055
21.00000000,1987.00000000,0.42033206
21.00000000,1988.00000000,0.42080714
21.00000000,1989.00000000,0.42187269
21.00000000,1990.00000000,0.42322255
21.00000000,1991.00000000,0.42510368
21.00000000,1992.00000000,0.42595314
21.00000000,1993.00000000,0.42691113
21.00000000,1994.00000000,0.42844766
21.00000000,1995.00000000,0.42806778
21.00000000,1996.00000000,0.42736789
21.00000000,1997.00000000,0.42917575
21.00000000,1998.00000000,0.42994995
21.00000000,1999.00000000,0.43013348
21.00000000,2000.00000000,0.43205877
21.00000000,2001.00000000,0.43114252
21.00000000,2002.00000000,0.42930736
21.00000000,2003.00000000,0.42850682
21.00000000,2004.00000000,0.42789832
21.00000000,2005.00000000,0.42892921
21.00000000,2006.00000000,0.42971520
21.00000000,2007.00000000,0.43057695
21.00000000,2008.00000000,0.43122261
21.00000000,2009.00000000,0.43241958
21.00000000,2010.00000000,0.43287575
21.00000000,2011.00000000,0.43272815
21.00000000,2012.00000000,0.43286669
21.00000000,2013.00000000,0.43124586
21.00000000,2014.00000000,0.43063946
21.00000000,2015.00000000,0.43095273
21.00000000,2016.00000000,0.43134782
21.00000000,2017.00000000,0.43179118
21.00000000,2018.00000000,0.43197480
21.00000000,2019.00000000,0.43097574
21.00000000,2020.00000000,0.43006308
21.00000000,2021.00000000,0.43067469
21.00000000,2022.00000000,0.43122915
21.00000000,2023.00000000,0.43087697
21.00000000,2024.00000000,0.43286537
21.00000000,2025.00000000,0.43524342
21.00000000,2026.00000000,0.43688920
21.00000000,2027.00000000,0.43762610
21.00000000,2028.00000000,0.43835490
21.00000000,2029.00000000,0.43907634
21.00000000,2030.00000000,0.43978822
21.00000000,2031.00000000,0.44049032
21.00000000,2032.00000000,0.44175587
21.00000000,2033.00000000,0.44300620
21.00000000,2034.00000000,0.44423976
21.00000000,2035.00000000,0.44545515
21.00000000,2036.00000000,0.44665163
21.00000000,2037.00000000,0.44782884
21.00000000,2038.00000000,0.44898654
21.00000000,2039.00000000,0.45012459
21.00000000,2040.00000000,0.45124338
21.00000000,2041.00000000,0.45234257
21.00000000,2042.00000000,0.45317045
21.00000000,2043.00000000,0.45397750
21.00000000,2044.00000000,0.45476292
21.00000000,2045.00000000,0.45552672
21.00000000,2046.00000000,0.45626881
21.00000000,2047.00000000,0.45698952
21.00000000,2048.00000000,0.45768942
21.00000000,2049.00000000,0.45836906
21.00000000,2050.00000000,0.45902884
21.00000000,2051.00000000,0.45966964
21.00000000,2052.00000000,0.46080480
21.00000000,2053.00000000,0.46191999
21.00000000,2054.00000000,0.46301589
21.00000000,2055.00000000,0.46409276
21.00000000,2056.00000000,0.46515092
21.00000000,2057.00000000,0.46619087
21.00000000,2058.00000000,0.46721286
21.00000000,2059.00000000,0.46821732
21.00000000,2060.00000000,0.46920443
21.00000000,2061.00000000,0.47017529
21.00000000,2062.00000000,0.47149861
21.00000000,2063.00000000,0.47281071
21.00000000,2064.00000000,0.47411410
21.00000000,2065.00000000,0.47541026
21.00000000,2066.00000000,0.47669997
21.00000000,2067.00000000,0.47798332
21.00000000,2068.00000000,0.47926038
21.00000000,2069.00000000,0.48053074
21.00000000,2070.00000000,0.48179421
21.00000000,2071.00000000,0.48305079
21.00000000,2072.00000000,0.48428255
21.00000000,2073.00000000,0.48551230
21.00000000,2074.00000000,0.48674130
21.00000000,2075.00000000,0.48797013
21.00000000,2076.00000000,0.48919883
21.00000000,2077.00000000,0.49042688
21.00000000,2078.00000000,0.49165340
21.00000000,2079.00000000,0.49287769
21.00000000,2080.00000000,0.49409866
21.00000000,2081.00000000,0.49531569
21.00000000,2082.00000000,0.49576926
21.00000000,2083.00000000,0.49622398
21.00000000,2084.00000000,0.49668054
21.00000000,2085.00000000,0.49713871
21.00000000,2086.00000000,0.49759821
21.00000000,2087.00000000,0.49805858
21.00000000,2088.00000000,0.49851913
21.00000000,2089.00000000,0.49897899
21.00000000,2090.00000000,0.49943773
21.00000000,2091.00000000,0.49989484
21.00000000,2092.00000000,0.49968317
21.00000000,2093.00000000,0.49947529
21.00000000,2094.00000000,0.49927177
21.00000000,2095.00000000,0.49907294
21.00000000,2096.00000000,0.49887861
21.00000000,2097.00000000,0.49868835
21.00000000,2098.00000000,0.49850186
21.00000000,2099.00000000,0.49831871
21.00000000,2100.00000000,0.49813822
21.00000000,2101.00000000,0.49796042
21.00000000,2102.00000000,0.49742237
21.00000000,2103.00000000,0.49688987
21.00000000,2104.00000000,0.49636330
21.00000000,2105.00000000,0.49584260
21.00000000,2106.00000000,0.49532763
21.00000000,2107.00000000,0.49481817
21.00000000,2108.00000000,0.49431357
21.00000000,2109.00000000,0.49381372
21.00000000,2110.00000000,0.49331796
21.00000000,2111.00000000,0.49282597
21.00000000,2112.00000000,0.49197252
21.00000000,2113.00000000,0.49112381
21.00000000,2114.00000000,0.49027959
21.00000000,2115.00000000,0.48943978
21.00000000,2116.00000000,0.48860404
21.00000000,2117.00000000,0.48777221
21.00000000,2118.00000000,0.48694420
21.00000000,2119.00000000,0.48611967
21.00000000,2120.00000000,0.48529868
21.00000000,2121.00000000,0.48448087
21.00000000,2122.00000000,0.48339321
21.00000000,2123.00000000,0.48230989
21.00000000,2124.00000000,0.48123077
21.00000000,2125.00000000,0.48015584
21.00000000,2126.00000000,0.47908518
21.00000000,2127.00000000,0.47801856
21.00000000,2128.00000000,0.47695593
21.00000000,2129.00000000,0.47589727
21.00000000,2130.00000000,0.47484251
21.00000000,2131.00000000,0.47379170
21.00000000,2132.00000000,0.47274476
21.00000000,2133.00000000,0.47170158
21.00000000,2134.00000000,0.47066226
21.00000000,2135.00000000,0.46962675
21.00000000,2136.00000000,0.46859492
21.00000000,2137.00000000,0.46756688
21.00000000,2138.00000000,0.46654262
21.00000000,2139.00000000,0.46552200
21.00000000,2140.00000000,0.46450513
21.00000000,2141.00000000,0.46349195
21.00000000,2142.00000000,0.46248237
21.00000000,2143.00000000,0.46147650
21.00000000,2144.00000000,0.46047415
21.00000000,2145.00000000,0.45947552
21.00000000,2146.00000000,0.45848052
21.00000000,2147.00000000,0.45748903
21.00000000,2148.00000000,0.45650117
21.00000000,2149.00000000,0.45551685
21.00000000,2150.00000000,0.45453603
21.00000000,2151.00000000,0.45356124
21.00000000,2152.00000000,0.45259929
21.00000000,2153.00000000,0.45165671
21.00000000,2154.00000000,0.45073690
21.00000000,2155.00000000,0.44984094
21.00000000,2156.00000000,0.44896918
21.00000000,2157.00000000,0.44812121
21.00000000,2158.00000000,0.44729628
21.00000000,2159.00000000,0.44649367
21.00000000,2160.00000000,0.44571238
21.00000000,2161.00000000,0.44495157
21.00000000,2162.00000000,0.44421035
21.00000000,2163.00000000,0.44348783
21.00000000,2164.00000000,0.44278306
21.00000000,2165.00000000,0.44209538
21.00000000,2166.00000000,0.44142387
21.00000000,2167.00000000,0.44076787
21.00000000,2168.00000000,0.44012658
21.00000000,2169.00000000,0.43949933
21.00000000,2170.00000000,0.43888549
21.00000000,2171.00000000,0.43828430
21.00000000,2172.00000000,0.43604407
21.00000000,2173.00000000,0.43382030
21.00000000,2174.00000000,0.43161269
21.00000000,2175.00000000,0.42942098
21.00000000,2176.00000000,0.42724506
21.00000000,2177.00000000,0.42508466
21.00000000,2178.00000000,0.42293963
21.00000000,2179.00000000,0.42080973
21.00000000,2180.00000000,0.41869474
21.00000000,2181.00000000,0.41659453
21.00000000,2182.00000000,0.41450889
21.00000000,2183.00000000,0.41243758
21.00000000,2184.00000000,0.41038047
21.00000000,2185.00000000,0.40833733
21.00000000,2186.00000000,0.40630795
21.00000000,2187.00000000,0.40429231
21.00000000,2188.00000000,0.40229003
21.00000000,2189.00000000,0.40030100
21.00000000,2190.00000000,0.39832510
21.00000000,2191.00000000,0.39636214
21.00000000,2192.00000000,0.39441195
21.00000000,2193.00000000,0.39247434
21.00000000,2194.00000000,0.39054908
21.00000000,2195.00000000,0.38863615
21.00000000,2196.00000000,0.38673534
21.00000000,2197.00000000,0.38484644
21.00000000,2198.00000000,0.38296935
21.00000000,2199.00000000,0.38110388
21.00000000,2200.00000000,0.37924981
21.00000000,2201.00000000,0.37740714
21.00000000,2202.00000000,0.37557565
21.00000000,2203.00000000,0.37375513
21.00000000,2204.00000000,0.37194554
21.00000000,2205.00000000,0.37014663
21.00000000,2206.00000000,0.36835840
21.00000000,2207.00000000,0.36658062
21.00000000,2208.00000000,0.36481313
21.00000000,2209.00000000,0.36305582
21.00000000,2210.00000000,0.36130854
21.00000000,2211.00000000,0.35957114
21.00000000,2212.00000000,0.35784354
21.00000000,2213.00000000,0.35612559
21.00000000,2214.00000000,0.35441712
21.00000000,2215.00000000,0.35271807
21.00000000,2216.00000000,0.35102824
21.00000000,2217.00000000,0.34934757
21.00000000,2218.00000000,0.34767590
21.00000000,2219.00000000,0.34601308
21.00000000,2220.00000000,0.34435904
21.00000000,2221.00000000,0.34271365
21.00000000,2222.00000000,0.34107674
21.00000000,2223.00000000,0.33944825
21.00000000,2224.00000000,0.33782805
21.00000000,2225.00000000,0.33621599
21.00000000,2226.00000000,0.33461199
21.00000000,2227.00000000,0.33301592
21.00000000,2228.00000000,0.33142765
21.00000000,2229.00000000,0.32984712
21.00000000,2230.00000000,0.32827415
21.00000000,2231.00000000,0.32670871
21.00000000,2232.00000000,0.32515063
21.00000000,2233.00000000,0.32359975
21.00000000,2234.00000000,0.32205609
21.00000000,2235.00000000,0.32051948
21.00000000,2236.00000000,0.31898975
21.00000000,2237.00000000,0.31746692
21.00000000,2238.00000000,0.31595083
21.00000000,2239.00000000,0.31444129
21.00000000,2240.00000000,0.31293835
21.00000000,2241.00000000,0.31144180
21.00000000,2242.00000000,0.30995159
21.00000000,2243.00000000,0.30846761
21.00000000,2244.00000000,0.30698971
21.00000000,2245.00000000,0.30551784
21.00000000,2246.00000000,0.30405190
21.00000000,2247.00000000,0.30259177
21.00000000,2248.00000000,0.30113738
21.00000000,2249.00000000,0.29968829
21.00000000,2250.00000000,0.29824235
21.00000000,2251.00000000,0.29679579
21.00000000,2252.00000000,0.29534498
21.00000000,2253.00000000,0.29388804
21.00000000,2254.00000000,0.29242418
21.00000000,2255.00000000,0.29095324
21.00000000,2256.00000000,0.28947534
21.00000000,2257.00000000,0.28799065
21.00000000,2258.00000000,0.28649934
21.00000000,2259.00000000,0.28500182
21.00000000,2260.00000000,0.28349844
21.00000000,2261.00000000,0.28198958
21.00000000,2262.00000000,0.28047594
21.00000000,2263.00000000,0.27895801
21.00000000,2264.00000000,0.27743623
21.00000000,2265.00000000,0.27591106
21.00000000,2266.00000000,0.27438273
21.00000000,2267.00000000,0.27285168
21.00000000,2268.00000000,0.27131816
21.00000000,2269.00000000,0.26978248
21.00000000,2270.00000000,0.26858934
21.00000000,2271.00000000,0.26840904
21.00000000,2272.00000000,0.26850537
21.00000000,2273.00000000,0.26860127
21.00000000,2274.00000000,0.26869672
21.00000000,2275.00000000,0.26879169
21.00000000,2276.00000000,0.26888626
21.00000000,2277.00000000,0.26902392
21.00000000,2278.00000000,0.26916121
21.00000000,2279.00000000,0.26929813
21.00000000,2280.00000000,0.26943463
21.00000000,2281.00000000,0.26957079
21.00000000,2282.00000000,0.26962037
21.00000000,2283.00000000,0.26966949
21.00000000,2284.00000000,0.26971824
21.00000000,2285.00000000,0.26976657
21.00000000,2286.00000000,0.26981450
21.00000000,2287.00000000,0.26986205
21.00000000,2288.00000000,0.26990925
21.00000000,2289.00000000,0.26995604
21.00000000,2290.00000000,0.27000252
21.00000000,2291.00000000,0.27004861
21.00000000,2292.00000000,0.27009442
21.00000000,2293.00000000,0.27013987
21.00000000,2294.00000000,0.27018500
21.00000000,2295.00000000,0.27022984
21.00000000,2296.00000000,0.27027437
21.00000000,2297.00000000,0.27031485
21.00000000,2298.00000000,0.27035507
21.00000000,2299.00000000,0.27039502
21.00000000,2300.00000000,0.27043466
21.00000000,2301.00000000,0.27047407
21.00000000,2302.00000000,0.27051316
21.00000000,2303.00000000,0.27055200
21.00000000,2304.00000000,0.27059055
21.00000000,2305.00000000,0.27062876
21.00000000,2306.00000000,0.27066673
21.00000000,2307.00000000,0.27070440
21.00000000,2308.00000000,0.27074180
21.00000000,2309.00000000,0.27077895
21.00000000,2310.00000000,0.27081585
21.00000000,2311.00000000,0.27085247
21.00000000,2312.00000000,0.27088889
21.00000000,2313.00000000,0.27092504
21.00000000,2314.00000000,0.27096101
21.00000000,2315.00000000,0.27099676
21.00000000,2316.00000000,0.27103225
21.00000000,2317.00000000,0.27106760
21.00000000,2318.00000000,0.27110272
21.00000000,2319.00000000,0.27113765
21.00000000,2320.00000000,0.27117242
21.00000000,2321.00000000,0.27120701
21.00000000,2322.00000000,0.27124978
21.00000000,2323.00000000,0.27129240
21.00000000,2324.00000000,0.27133487
21.00000000,2325.00000000,0.27137715
21.00000000,2326.00000000,0.27141933
21.00000000,2327.00000000,0.27146134
21.00000000,2328.00000000,0.27150323
21.00000000,2329.00000000,0.27154499
21.00000000,2330.00000000,0.27158658
21.00000000,2331.00000000,0.27162809
21.00000000,2332.00000000,0.27166947
21.00000000,2333.00000000,0.27171070
21.00000000,2334.00000000,0.27175185
21.00000000,2335.00000000,0.27179289
21.00000000,2336.00000000,0.27183380
21.00000000,2337.00000000,0.27187461
21.00000000,2338.00000000,0.27191531
21.00000000,2339.00000000,0.27195594
21.00000000,2340.00000000,0.27199649
21.00000000,2341.00000000,0.27203688
21.00000000,2342.00000000,0.27207724
21.00000000,2343.00000000,0.27211751
21.00000000,2344.00000000,0.27215765
21.00000000,2345.00000000,0.27219776
21.00000000,2346.00000000,0.27223779
21.00000000,2347.00000000,0.27227770
21.00000000,2348.00000000,0.27231758
21.00000000,2349.00000000,0.27235741
21.00000000,2350.00000000,0.27239712
21.00000000,2351.00000000,0.27243680
21.00000000,2352.00000000,0.27247639
21.00000000,2353.00000000,0.27251597
21.00000000,2354.00000000,0.27255551
21.00000000,2355.00000000,0.27259499
21.00000000,2356.00000000,0.27263445
21.00000000,2357.00000000,0.27267389
21.00000000,2358.00000000,0.27271325
21.00000000,2359.00000000,0.27275263
21.00000000,2360.00000000,0.27279198
21.00000000,2361.00000000,0.27283125
21.00000000,2362.00000000,0.27287054
21.00000000,2363.00000000,0.27290976
21.00000000,2364.00000000,0.27294902
21.00000000,2365.00000000,0.27298824
21.00000000,2366.00000000,0.27302740
21.00000000,2367.00000000,0.27306659
21.00000000,2368.00000000,0.27310575
21.00000000,2369.00000000,0.27314485
21.00000000,2370.00000000,0.27318399
21.00000000,2371.00000000,0.27322310
21.00000000,2372.00000000,0.27325975
21.00000000,2373.00000000,0.27329645
21.00000000,2374.00000000,0.27333311
21.00000000,2375.00000000,0.27336974
21.00000000,2376.00000000,0.27340638
21.00000000,2377.00000000,0.27344297
21.00000000,2378.00000000,0.27347962
21.00000000,2379.00000000,0.27351625
21.00000000,2380.00000000,0.27355283
21.00000000,2381.00000000,0.27358944
21.00000000,2382.00000000,0.27362606
21.00000000,2383.00000000,0.27366262
21.00000000,2384.00000000,0.27369924
21.00000000,2385.00000000,0.27373586
21.00000000,2386.00000000,0.27377243
21.00000000,2387.00000000,0.27380906
21.00000000,2388.00000000,0.27384563
21.00000000,2389.00000000,0.27388226
21.00000000,2390.00000000,0.27391890
21.00000000,2391.00000000,0.27395548
21.00000000,2392.00000000,0.27399213
21.00000000,2393.00000000,0.27402879
21.00000000,2394.00000000,0.27406540
21.00000000,2395.00000000,0.27410208
21.00000000,2396.00000000,0.27413876
21.00000000,2397.00000000,0.27417540
21.00000000,2398.00000000,0.27421212
21.00000000,2399.00000000,0.27424880
21.00000000,2400.00000000,0.27428553
21.00000000,2401.00000000,0.27432228
21.00000000,2402.00000000,0.27435900
21.00000000,2403.00000000,0.27439582
21.00000000,2404.00000000,0.27443265
21.00000000,2405.00000000,0.27446947
21.00000000,2406.00000000,0.27450640
21.00000000,2407.00000000,0.27454334
21.00000000,2408.00000000,0.27458027
21.00000000,2409.00000000,0.27461730
21.00000000,2410.00000000,0.27465437
21.00000000,2411.00000000,0.27469141
21.00000000,2412.00000000,0.27472855
21.00000000,2413.00000000,0.27476567
21.00000000,2414.00000000,0.27480289
21.00000000,2415.00000000,0.27484013
21.00000000,2416.00000000,0.27487737
21.00000000,2417.00000000,0.27491470
21.00000000,2418.00000000,0.27495207
21.00000000,2419.00000000,0.27498941
21.00000000,2420.00000000,0.27502685
21.00000000,2421.00000000,0.27506433
21.00000000,2422.00000000,0.27509923
21.00000000,2423.00000000,0.27513422
21.00000000,2424.00000000,0.27516918
21.00000000,2425.00000000,0.27520425
21.00000000,2426.00000000,0.27523935
21.00000000,2427.00000000,0.27527442
21.00000000,2428.00000000,0.27530961
21.00000000,2429.00000000,0.27534483
21.00000000,2430.00000000,0.27538002
21.00000000,2431.00000000,0.27541532
21.00000000,2432.00000000,0.27545066
21.00000000,2433.00000000,0.27548597
21.00000000,2434.00000000,0.27552140
21.00000000,2435.00000000,0.27555686
21.00000000,2436.00000000,0.27559229
21.00000000,2437.00000000,0.27562784
21.00000000,2438.00000000,0.27566335
21.00000000,2439.00000000,0.27569899
21.00000000,2440.00000000,0.27573465
21.00000000,2441.00000000,0.27577030
21.00000000,2442.00000000,0.27580606
21.00000000,2443.00000000,0.27584186
21.00000000,2444.00000000,0.27587763
21.00000000,2445.00000000,0.27591352
21.00000000,2446.00000000,0.27594945
21.00000000,2447.00000000,0.27598535
21.00000000,2448.00000000,0.27602138
21.00000000,2449.00000000,0.27605736
21.00000000,2450.00000000,0.27609348
21.00000000,2451.00000000,0.27612964
21.00000000,2452.00000000,0.27616574
21.00000000,2453.00000000,0.27620198
21.00000000,2454.00000000,0.27623825
21.00000000,2455.00000000,0.27627447
21.00000000,2456.00000000,0.27631080
21.00000000,2457.00000000,0.27634717
21.00000000,2458.00000000,0.27638349
21.00000000,2459.00000000,0.27641992
21.00000000,2460.00000000,0.27645632
21.00000000,2461.00000000,0.27649282
21.00000000,2462.00000000,0.27652937
21.00000000,2463.00000000,0.27656587
21.00000000,2464.00000000,0.27660249
21.00000000,2465.00000000,0.27663916
21.00000000,2466.00000000,0.27667575
21.00000000,2467.00000000,0.27671250
21.00000000,2468.00000000,0.27674928
21.00000000,2469.00000000,0.27678601
21.00000000,2470.00000000,0.27682287
21.00000000,2471.00000000,0.27685977
21.00000000,2472.00000000,0.27689831
21.00000000,2473.00000000,0.27693700
21.00000000,2474.00000000,0.27697563
21.00000000,2475.00000000,0.27701441
21.00000000,2476.00000000,0.27705322
21.00000000,2477.00000000,0.27709198
21.00000000,2478.00000000,0.27713089
21.00000000,2479.00000000,0.27716985
21.00000000,2480.00000000,0.27720875
21.00000000,2481.00000000,0.27724780
21.00000000,2482.00000000,0.27728688
21.00000000,2483.00000000,0.27732592
21.00000000,2484.00000000,0.27736511
21.00000000,2485.00000000,0.27740423
21.00000000,2486.00000000,0.27744353
21.00000000,2487.00000000,0.27748287
21.00000000,2488.00000000,0.27752213
21.00000000,2489.00000000,0.27756158
21.00000000,2490.00000000,0.27760109
21.00000000,2491.00000000,0.27764051
21.00000000,2492.00000000,0.27768012
21.00000000,2493.00000000,0.27771978
21.00000000,2494.00000000,0.27775939
21.00000000,2495.00000000,0.27779916
21.00000000,2496.00000000,0.27783898
21.00000000,2497.00000000,0.27787879
21.00000000,2498.00000000,0.27791876
21.00000000,2499.00000000,0.27795869
21.00000000,2500.00000000,0.27799881
22.00000000,1765.00000000,0.39005902
22.00000000,1766.00000000,0.39005899
22.00000000,1767.00000000,0.39005881
22.00000000,1768.00000000,0.39005838
22.00000000,1769.00000000,0.39005782
22.00000000,1770.00000000,0.39005695
22.00000000,1771.00000000,0.39005571
22.00000000,1772.00000000,0.39005413
22.00000000,1773.00000000,0.39005214
22.00000000,1774.00000000,0.39004995
22.00000000,1775.00000000,0.39004727
22.00000000,1776.00000000,0.39004428
22.00000000,1777.00000000,0.39004088
22.00000000,1778.00000000,0.39003720
22.00000000,1779.00000000,0.39003324
22.00000000,1780.00000000,0.39002893
22.00000000,1781.00000000,0.39002442
22.00000000,1782.00000000,0.39001959
22.00000000,1783.00000000,0.39001453
22.00000000,1784.00000000,0.39000920
22.00000000,1785.00000000,0.39000358
22.00000000,1786.00000000,0.38999777
22.00000000,1787.00000000,0.38999163
22.00000000,1788.00000000,0.39001006
22.00000000,1789.00000000,0.39000345
22.00000000,1790.00000000,0.38999662
22.00000000,1791.00000000,0.38998958
22.00000000,1792.00000000,0.38998233
22.00000000,1793.00000000,0.38998311
22.00000000,1794.00000000,0.38997543
22.00000000,1795.00000000,0.38996759
22.00000000,1796.00000000,0.38995950
22.00000000,1797.00000000,0.38995128
22.00000000,1798.00000000,0.38994293
22.00000000,1799.00000000,0.38993430
22.00000000,1800.00000000,0.38992560
22.00000000,1801.00000000,0.38991666
22.00000000,1802.00000000,0.38990758
22.00000000,1803.00000000,0.38990663
22.00000000,1804.00000000,0.38989715
22.00000000,1805.00000000,0.38988761
22.00000000,1806.00000000,0.38987791
22.00000000,1807.00000000,0.38986804
22.00000000,1808.00000000,0.38985813
22.00000000,1809.00000000,0.38984808
22.00000000,1810.00000000,0.38983792
22.00000000,1811.00000000,0.38982769
22.00000000,1812.00000000,0.38981731
22.00000000,1813.00000000,0.38981520
22.00000000,1814.00000000,0.38980470
22.00000000,1815.00000000,0.38979409
22.00000000,1816.00000000,0.38978342
22.00000000,1817.00000000,0.38977268
22.00000000,1818.00000000,0.38976172
22.00000000,1819.00000000,0.38975898
22.00000000,1820.00000000,0.38974790
22.00000000,1821.00000000,0.38973666
22.00000000,1822.00000000,0.38973374
22.00000000,1823.00000000,0.38972241
22.00000000,1824.00000000,0.38972752
22.00000000,1825.00000000,0.38970778
22.00000000,1826.00000000,0.38969617
22.00000000,1827.00000000,0.38968456
22.00000000,1828.00000000,0.38968111
22.00000000,1829.00000000,0.38966927
22.00000000,1830.00000000,0.38965744
22.00000000,1831.00000000,0.38964542
22.00000000,1832.00000000,0.38963323
22.00000000,1833.00000000,0.38962919
22.00000000,1834.00000000,0.38961678
22.00000000,1835.00000000,0.38960428
22.00000000,1836.00000000,0.38959171
22.00000000,1837.00000000,0.38958728
22.00000000,1838.00000000,0.38958271
22.00000000,1839.00000000,0.38957800
22.00000000,1840.00000000,0.38956489
22.00000000,1841.00000000,0.38955168
22.00000000,1842.00000000,0.38953837
22.00000000,1843.00000000,0.38952486
22.00000000,1844.00000000,0.38951954
22.00000000,1845.00000000,0.38951411
22.00000000,1846.00000000,0.38950014
22.00000000,1847.00000000,0.38949435
22.00000000,1848.00000000,0.38948008
22.00000000,1849.00000000,0.38947394
22.00000000,1850.00000000,0.38945927
22.00000000,1851.00000000,0.38944440
22.00000000,1852.00000000,0.38947910
22.00000000,1853.00000000,0.38945559
22.00000000,1854.00000000,0.38943969
22.00000000,1855.00000000,0.38943124
22.00000000,1856.00000000,0.38941397
22.00000000,1857.00000000,0.38940460
22.00000000,1858.00000000,0.38941979
22.00000000,1859.00000000,0.38940167
22.00000000,1860.00000000,0.38939149
22.00000000,1861.00000000,0.38938110
22.00000000,1862.00000000,0.38937868
22.00000000,1863.00000000,0.38936789
22.00000000,1864.00000000,0.38936599
22.00000000,1865.00000000,0.38935627
22.00000000,1866.00000000,0.38935519
22.00000000,1867.00000000,0.38937091
22.00000000,1868.00000000,0.38935353
22.00000000,1869.00000000,0.38936116
22.00000000,1870.00000000,0.38935213
22.00000000,1871.00000000,0.38935963
22.00000000,1872.00000000,0.38937503
22.00000000,1873.00000000,0.38935612
22.00000000,1874.00000000,0.38936000
22.00000000,1875.00000000,0.38935358
22.00000000,1876.00000000,0.38941190
22.00000000,1877.00000000,0.38940268
22.00000000,1878.00000000,0.38941735
22.00000000,1879.00000000,0.38939805
22.00000000,1880.00000000,0.38937798
22.00000000,1881.00000000,0.38938993
22.00000000,1882.00000000,0.38942541
22.00000000,1883.00000000,0.38942653
22.00000000,1884.00000000,0.38941053
22.00000000,1885.00000000,0.38943548
22.00000000,1886.00000000,0.38946863
22.00000000,1887.00000000,0.38949340
22.00000000,1888.00000000,0.38948499
22.00000000,1889.00000000,0.38951928
22.00000000,1890.00000000,0.38952641
22.00000000,1891.00000000,0.38954930
22.00000000,1892.00000000,0.38955457
22.00000000,1893.00000000,0.38959211
22.00000000,1894.00000000,0.38969536
22.00000000,1895.00000000,0.38974851
22.00000000,1896.00000000,0.38962680
22.00000000,1897.00000000,0.38970289
22.00000000,1898.00000000,0.38968665
22.00000000,1899.00000000,0.38966883
22.00000000,1900.00000000,0.38963619
22.00000000,1901.00000000,0.38970462
22.00000000,1902.00000000,0.38987006
22.00000000,1903.00000000,0.38987536
22.00000000,1904.00000000,0.38992732
22.00000000,1905.00000000,0.39000101
22.00000000,1906.00000000,0.38996366
22.00000000,1907.00000000,0.38991393
22.00000000,1908.00000000,0.38987618
22.00000000,1909.00000000,0.38991739
22.00000000,1910.00000000,0.39010488
22.00000000,1911.00000000,0.39002506
22.00000000,1912.00000000,0.39018324
22.00000000,1913.00000000,0.39023253
22.00000000,1914.00000000,0.39016510
22.00000000,1915.00000000,0.39004933
22.00000000,1916.00000000,0.39007728
22.00000000,1917.00000000,0.39019019
22.00000000,1918.00000000,0.39022078
22.00000000,1919.00000000,0.39031866
22.00000000,1920.00000000,0.39045248
22.00000000,1921.00000000,0.39072981
22.00000000,1922.00000000,0.39088602
22.00000000,1923.00000000,0.39096999
22.00000000,1924.00000000,0.39102046
22.00000000,1925.00000000,0.39137485
22.00000000,1926.00000000,0.39136353
22.00000000,1927.00000000,0.39161514
22.00000000,1928.00000000,0.39190535
22.00000000,1929.00000000,0.39246481
22.00000000,1930.00000000,0.39210244
22.00000000,1931.00000000,0.39230896
22.00000000,1932.00000000,0.39250888
22.00000000,1933.00000000,0.39257335
22.00000000,1934.00000000,0.39285846
22.00000000,1935.00000000,0.39331994
22.00000000,1936.00000000,0.39248299
22.00000000,1937.00000000,0.39231306
22.00000000,1938.00000000,0.39275886
22.00000000,1939.00000000,0.39312730
22.00000000,1940.00000000,0.39288969
22.00000000,1941.00000000,0.39173065
22.00000000,1942.00000000,0.39268434
22.00000000,1943.00000000,0.39152603
22.00000000,1944.00000000,0.39177855
22.00000000,1945.00000000,0.39271598
22.00000000,1946.00000000,0.39256503
22.00000000,1947.00000000,0.39257485
22.00000000,1948.00000000,0.39255016
22.00000000,1949.00000000,0.39310758
22.00000000,1950.00000000,0.39303208
22.00000000,1951.00000000,0.39358594
22.00000000,1952.00000000,0.39270784
22.00000000,1953.00000000,0.39164436
22.00000000,1954.00000000,0.39073596
22.00000000,1955.00000000,0.39096710
22.00000000,1956.00000000,0.39146859
22.00000000,1957.00000000,0.39174257
22.00000000,1958.00000000,0.39240789
22.00000000,1959.00000000,0.39286328
22.00000000,1960.00000000,0.39210279
22.00000000,1961.00000000,0.39229902
22.00000000,1962.00000000,0.39295849
22.00000000,1963.00000000,0.39301764
22.00000000,1964.00000000,0.39284709
22.00000000,1965.00000000,0.39300560
22.00000000,1966.00000000,0.39268482
22.00000000,1967.00000000,0.39058407
22.00000000,1968.00000000,0.39095105
22.00000000,1969.00000000,0.39193193
22.00000000,1970.00000000,0.39226634
22.00000000,1971.00000000,0.39154190
22.00000000,1972.00000000,0.39294755
22.00000000,1973.00000000,0.39373948
22.00000000,1974.00000000,0.39361593
22.00000000,1975.00000000,0.39362338
22.00000000,1976.00000000,0.39345448
22.00000000,1977.00000000,0.39454314
22.00000000,1978.00000000,0.39527138
22.00000000,1979.00000000,0.39563945
22.00000000,1980.00000000,0.39573800
22.00000000,1981.00000000,0.39642180
22.00000000,1982.00000000,0.39697095
22.00000000,1983.00000000,0.39672897
22.00000000,1984.00000000,0.39722317
22.00000000,1985.00000000,0.39806501
22.00000000,1986.00000000,0.39900384
22.00000000,1987.00000000,0.39975012
22.00000000,1988.00000000,0.40067661
22.00000000,1989.00000000,0.40115280
22.00000000,1990.00000000,0.40219707
22.00000000,1991.00000000,0.40351746
22.00000000,1992.00000000,0.40535294
22.00000000,1993.00000000,0.40620150
22.00000000,1994.00000000,0.40715982
22.00000000,1995.00000000,0.40867441
22.00000000,1996.00000000,0.40834272
22.00000000,1997.00000000,0.40770104
22.00000000,1998.00000000,0.40947185
22.00000000,1999.00000000,0.41025123
22.00000000,2000.00000000,0.41046502
22.00000000,2001.00000000,0.41235347
22.00000000,2002.00000000,0.41150458
22.00000000,2003.00000000,0.40976881
22.00000000,2004.00000000,0.40902161
22.00000000,2005.00000000,0.40845116
22.00000000,2006.00000000,0.40945398
22.00000000,2007.00000000,0.41022254
22.00000000,2008.00000000,0.41106720
22.00000000,2009.00000000,0.41170682
22.00000000,2010.00000000,0.41287925
22.00000000,2011.00000000,0.41334045
22.00000000,2012.00000000,0.41322068
22.00000000,2013.00000000,0.41337523
22.00000000,2014.00000000,0.41183650
22.00000000,2015.00000000,0.41127378
22.00000000,2016.00000000,0.41159631
22.00000000,2017.00000000,0.41199828
22.00000000,2018.00000000,0.41244762
22.00000000,2019.00000000,0.41264815
22.00000000,2020.00000000,0.41171195
22.00000000,2021.00000000,0.41086031
22.00000000,2022.00000000,0.41147732
22.00000000,2023.00000000,0.41204175
22.00000000,2024.00000000,0.41173605
22.00000000,2025.00000000,0.41368422
22.00000000,2026.00000000,0.41600905
22.00000000,2027.00000000,0.41763085
22.00000000,2028.00000000,0.41837948
22.00000000,2029.00000000,0.41912153
22.00000000,2030.00000000,0.41985765
22.00000000,2031.00000000,0.42058518
22.00000000,2032.00000000,0.42130268
22.00000000,2033.00000000,0.42256122
22.00000000,2034.00000000,0.42380454
22.00000000,2035.00000000,0.42503168
22.00000000,2036.00000000,0.42624175
22.00000000,2037.00000000,0.42743430
22.00000000,2038.00000000,0.42860930
22.00000000,2039.00000000,0.42976655
22.00000000,2040.00000000,0.43090609
22.00000000,2041.00000000,0.43202795
22.00000000,2042.00000000,0.43313110
22.00000000,2043.00000000,0.43397279
22.00000000,2044.00000000,0.43479467
22.00000000,2045.00000000,0.43559632
22.00000000,2046.00000000,0.43637807
22.00000000,2047.00000000,0.43714000
22.00000000,2048.00000000,0.43788263
22.00000000,2049.00000000,0.43860642
22.00000000,2050.00000000,0.43931211
22.00000000,2051.00000000,0.44000006
22.00000000,2052.00000000,0.44067124
22.00000000,2053.00000000,0.44181983
22.00000000,2054.00000000,0.44295074
22.00000000,2055.00000000,0.44406445
22.00000000,2056.00000000,0.44516112
22.00000000,2057.00000000,0.44624120
22.00000000,2058.00000000,0.44730494
22.00000000,2059.00000000,0.44835262
22.00000000,2060.00000000,0.44938449
22.00000000,2061.00000000,0.45040161
22.00000000,2062.00000000,0.45140695
22.00000000,2063.00000000,0.45275638
22.00000000,2064.00000000,0.45409828
22.00000000,2065.00000000,0.45543412
22.00000000,2066.00000000,0.45676462
22.00000000,2067.00000000,0.45808999
22.00000000,2068.00000000,0.45941013
22.00000000,2069.00000000,0.46072475
22.00000000,2070.00000000,0.46203324
22.00000000,2071.00000000,0.46333607
22.00000000,2072.00000000,0.46463503
22.00000000,2073.00000000,0.46591322
22.00000000,2074.00000000,0.46719143
22.00000000,2075.00000000,0.46847020
22.00000000,2076.00000000,0.46974930
22.00000000,2077.00000000,0.47102837
22.00000000,2078.00000000,0.47230668
22.00000000,2079.00000000,0.47358323
22.00000000,2080.00000000,0.47485724
22.00000000,2081.00000000,0.47612797
22.00000000,2082.00000000,0.47739585
22.00000000,2083.00000000,0.47792721
22.00000000,2084.00000000,0.47846000
22.00000000,2085.00000000,0.47899435
22.00000000,2086.00000000,0.47952984
22.00000000,2087.00000000,0.48006586
22.00000000,2088.00000000,0.48060192
22.00000000,2089.00000000,0.48113724
22.00000000,2090.00000000,0.48167104
22.00000000,2091.00000000,0.48220325
22.00000000,2092.00000000,0.48273462
22.00000000,2093.00000000,0.48261959
22.00000000,2094.00000000,0.48250816
22.00000000,2095.00000000,0.48240043
22.00000000,2096.00000000,0.48229636
22.00000000,2097.00000000,0.48219569
22.00000000,2098.00000000,0.48209787
22.00000000,2099.00000000,0.48200263
22.00000000,2100.00000000,0.48190937
22.00000000,2101.00000000,0.48181790
22.00000000,2102.00000000,0.48172893
22.00000000,2103.00000000,0.48129092
22.00000000,2104.00000000,0.48085768
22.00000000,2105.00000000,0.48042948
22.00000000,2106.00000000,0.48000585
22.00000000,2107.00000000,0.47958667
22.00000000,2108.00000000,0.47917166
22.00000000,2109.00000000,0.47876023
22.00000000,2110.00000000,0.47835220
22.00000000,2111.00000000,0.47794712
22.00000000,2112.00000000,0.47754447
22.00000000,2113.00000000,0.47678999
22.00000000,2114.00000000,0.47603892
22.00000000,2115.00000000,0.47529110
22.00000000,2116.00000000,0.47454641
22.00000000,2117.00000000,0.47380471
22.00000000,2118.00000000,0.47306566
22.00000000,2119.00000000,0.47232929
22.00000000,2120.00000000,0.47159530
22.00000000,2121.00000000,0.47086371
22.00000000,2122.00000000,0.47013430
22.00000000,2123.00000000,0.46914178
22.00000000,2124.00000000,0.46815258
22.00000000,2125.00000000,0.46716645
22.00000000,2126.00000000,0.46618343
22.00000000,2127.00000000,0.46520357
22.00000000,2128.00000000,0.46422674
22.00000000,2129.00000000,0.46325290
22.00000000,2130.00000000,0.46228209
22.00000000,2131.00000000,0.46131419
22.00000000,2132.00000000,0.46034931
22.00000000,2133.00000000,0.45938738
22.00000000,2134.00000000,0.45842833
22.00000000,2135.00000000,0.45747223
22.00000000,2136.00000000,0.45651909
22.00000000,2137.00000000,0.45556882
22.00000000,2138.00000000,0.45462156
22.00000000,2139.00000000,0.45367720
22.00000000,2140.00000000,0.45273568
22.00000000,2141.00000000,0.45179714
22.00000000,2142.00000000,0.45086145
22.00000000,2143.00000000,0.44992865
22.00000000,2144.00000000,0.44899881
22.00000000,2145.00000000,0.44807180
22.00000000,2146.00000000,0.44714774
22.00000000,2147.00000000,0.44622657
22.00000000,2148.00000000,0.44530821
22.00000000,2149.00000000,0.44439281
22.00000000,2150.00000000,0.44348021
22.00000000,2151.00000000,0.44257286
22.00000000,2152.00000000,0.44167758
22.00000000,2153.00000000,0.44080071
22.00000000,2154.00000000,0.43994529
22.00000000,2155.00000000,0.43911277
22.00000000,2156.00000000,0.43830326
22.00000000,2157.00000000,0.43751652
22.00000000,2158.00000000,0.43675176
22.00000000,2159.00000000,0.43600822
22.00000000,2160.00000000,0.43528517
22.00000000,2161.00000000,0.43458162
22.00000000,2162.00000000,0.43389666
22.00000000,2163.00000000,0.43322951
22.00000000,2164.00000000,0.43257942
22.00000000,2165.00000000,0.43194545
22.00000000,2166.00000000,0.43132696
22.00000000,2167.00000000,0.43072315
22.00000000,2168.00000000,0.43013336
22.00000000,2169.00000000,0.42955700
22.00000000,2170.00000000,0.42899327
22.00000000,2171.00000000,0.42844164
22.00000000,2172.00000000,0.42790145
22.00000000,2173.00000000,0.42575909
22.00000000,2174.00000000,0.42363158
22.00000000,2175.00000000,0.42151866
22.00000000,2176.00000000,0.41942011
22.00000000,2177.00000000,0.41733585
22.00000000,2178.00000000,0.41526575
22.00000000,2179.00000000,0.41320951
22.00000000,2180.00000000,0.41116703
22.00000000,2181.00000000,0.40913810
22.00000000,2182.00000000,0.40712264
22.00000000,2183.00000000,0.40512045
22.00000000,2184.00000000,0.40313130
22.00000000,2185.00000000,0.40115511
22.00000000,2186.00000000,0.39919167
22.00000000,2187.00000000,0.39724082
22.00000000,2188.00000000,0.39530253
22.00000000,2189.00000000,0.39337647
22.00000000,2190.00000000,0.39146254
22.00000000,2191.00000000,0.38956067
22.00000000,2192.00000000,0.38767064
22.00000000,2193.00000000,0.38579233
22.00000000,2194.00000000,0.38392558
22.00000000,2195.00000000,0.38207017
22.00000000,2196.00000000,0.38022609
22.00000000,2197.00000000,0.37839317
22.00000000,2198.00000000,0.37657123
22.00000000,2199.00000000,0.37476017
22.00000000,2200.00000000,0.37295981
22.00000000,2201.00000000,0.37116996
22.00000000,2202.00000000,0.36939061
22.00000000,2203.00000000,0.36762158
22.00000000,2204.00000000,0.36586271
22.00000000,2205.00000000,0.36411393
22.00000000,2206.00000000,0.36237503
22.00000000,2207.00000000,0.36064599
22.00000000,2208.00000000,0.35892661
22.00000000,2209.00000000,0.35721673
22.00000000,2210.00000000,0.35551629
22.00000000,2211.00000000,0.35382516
22.00000000,2212.00000000,0.35214320
22.00000000,2213.00000000,0.35047031
22.00000000,2214.00000000,0.34880634
22.00000000,2215.00000000,0.34715121
22.00000000,2216.00000000,0.34550479
22.00000000,2217.00000000,0.34386690
22.00000000,2218.00000000,0.34223756
22.00000000,2219.00000000,0.34061656
22.00000000,2220.00000000,0.33900374
22.00000000,2221.00000000,0.33739912
22.00000000,2222.00000000,0.33580252
22.00000000,2223.00000000,0.33421381
22.00000000,2224.00000000,0.33263293
22.00000000,2225.00000000,0.33105975
22.00000000,2226.00000000,0.32949412
22.00000000,2227.00000000,0.32793602
22.00000000,2228.00000000,0.32638530
22.00000000,2229.00000000,0.32484181
22.00000000,2230.00000000,0.32330553
22.00000000,2231.00000000,0.32177631
22.00000000,2232.00000000,0.32025406
22.00000000,2233.00000000,0.31873867
22.00000000,2234.00000000,0.31723001
22.00000000,2235.00000000,0.31572804
22.00000000,2236.00000000,0.31423264
22.00000000,2237.00000000,0.31274368
22.00000000,2238.00000000,0.31126111
22.00000000,2239.00000000,0.30978480
22.00000000,2240.00000000,0.30831464
22.00000000,2241.00000000,0.30685060
22.00000000,2242.00000000,0.30539250
22.00000000,2243.00000000,0.30394029
22.00000000,2244.00000000,0.30249388
22.00000000,2245.00000000,0.30105315
22.00000000,2246.00000000,0.29961802
22.00000000,2247.00000000,0.29818841
22.00000000,2248.00000000,0.29676421
22.00000000,2249.00000000,0.29534500
22.00000000,2250.00000000,0.29392875
22.00000000,2251.00000000,0.29251161
22.00000000,2252.00000000,0.29109011
22.00000000,2253.00000000,0.28966232
22.00000000,2254.00000000,0.28822755
22.00000000,2255.00000000,0.28678561
22.00000000,2256.00000000,0.28533659
22.00000000,2257.00000000,0.28388067
22.00000000,2258.00000000,0.28241810
22.00000000,2259.00000000,0.28094918
22.00000000,2260.00000000,0.27947428
22.00000000,2261.00000000,0.27799388
22.00000000,2262.00000000,0.27650848
22.00000000,2263.00000000,0.27501871
22.00000000,2264.00000000,0.27352502
22.00000000,2265.00000000,0.27202771
22.00000000,2266.00000000,0.27052721
22.00000000,2267.00000000,0.26902375
22.00000000,2268.00000000,0.26751772
22.00000000,2269.00000000,0.26600939
22.00000000,2270.00000000,0.26449900
22.00000000,2271.00000000,0.26332477
22.00000000,2272.00000000,0.26314419
22.00000000,2273.00000000,0.26323503
22.00000000,2274.00000000,0.26332552
22.00000000,2275.00000000,0.26341560
22.00000000,2276.00000000,0.26350526
22.00000000,2277.00000000,0.26359457
22.00000000,2278.00000000,0.26372621
22.00000000,2279.00000000,0.26385753
22.00000000,2280.00000000,0.26398854
22.00000000,2281.00000000,0.26411917
22.00000000,2282.00000000,0.26424951
22.00000000,2283.00000000,0.26429495
22.00000000,2284.00000000,0.26434001
22.00000000,2285.00000000,0.26438471
22.00000000,2286.00000000,0.26442905
22.00000000,2287.00000000,0.26447302
22.00000000,2288.00000000,0.26451667
22.00000000,2289.00000000,0.26455999
22.00000000,2290.00000000,0.26460296
22.00000000,2291.00000000,0.26464565
22.00000000,2292.00000000,0.26468799
22.00000000,2293.00000000,0.26473009
22.00000000,2294.00000000,0.26477187
22.00000000,2295.00000000,0.26481336
22.00000000,2296.00000000,0.26485459
22.00000000,2297.00000000,0.26489556
22.00000000,2298.00000000,0.26493256
22.00000000,2299.00000000,0.26496936
22.00000000,2300.00000000,0.26500589
22.00000000,2301.00000000,0.26504216
22.00000000,2302.00000000,0.26507820
22.00000000,2303.00000000,0.26511392
22.00000000,2304.00000000,0.26514942
22.00000000,2305.00000000,0.26518463
22.00000000,2306.00000000,0.26521957
22.00000000,2307.00000000,0.26525426
22.00000000,2308.00000000,0.26528871
22.00000000,2309.00000000,0.26532288
22.00000000,2310.00000000,0.26535687
22.00000000,2311.00000000,0.26539061
22.00000000,2312.00000000,0.26542410
22.00000000,2313.00000000,0.26545741
22.00000000,2314.00000000,0.26549047
22.00000000,2315.00000000,0.26552338
22.00000000,2316.00000000,0.26555608
22.00000000,2317.00000000,0.26558858
22.00000000,2318.00000000,0.26562092
22.00000000,2319.00000000,0.26565307
22.00000000,2320.00000000,0.26568505
22.00000000,2321.00000000,0.26571687
22.00000000,2322.00000000,0.26574856
22.00000000,2323.00000000,0.26578826
22.00000000,2324.00000000,0.26582783
22.00000000,2325.00000000,0.26586728
22.00000000,2326.00000000,0.26590657
22.00000000,2327.00000000,0.26594574
22.00000000,2328.00000000,0.26598477
22.00000000,2329.00000000,0.26602370
22.00000000,2330.00000000,0.26606251
22.00000000,2331.00000000,0.26610118
22.00000000,2332.00000000,0.26613977
22.00000000,2333.00000000,0.26617823
22.00000000,2334.00000000,0.26621658
22.00000000,2335.00000000,0.26625486
22.00000000,2336.00000000,0.26629303
22.00000000,2337.00000000,0.26633107
22.00000000,2338.00000000,0.26636906
22.00000000,2339.00000000,0.26640691
22.00000000,2340.00000000,0.26644472
22.00000000,2341.00000000,0.26648246
22.00000000,2342.00000000,0.26652006
22.00000000,2343.00000000,0.26655762
22.00000000,2344.00000000,0.26659512
22.00000000,2345.00000000,0.26663251
22.00000000,2346.00000000,0.26666985
22.00000000,2347.00000000,0.26670714
22.00000000,2348.00000000,0.26674431
22.00000000,2349.00000000,0.26678146
22.00000000,2350.00000000,0.26681855
22.00000000,2351.00000000,0.26685555
22.00000000,2352.00000000,0.26689254
22.00000000,2353.00000000,0.26692944
22.00000000,2354.00000000,0.26696635
22.00000000,2355.00000000,0.26700322
22.00000000,2356.00000000,0.26704003
22.00000000,2357.00000000,0.26707684
22.00000000,2358.00000000,0.26711362
22.00000000,2359.00000000,0.26715033
22.00000000,2360.00000000,0.26718708
22.00000000,2361.00000000,0.26722378
22.00000000,2362.00000000,0.26726043
22.00000000,2363.00000000,0.26729710
22.00000000,2364.00000000,0.26733370
22.00000000,2365.00000000,0.26737032
22.00000000,2366.00000000,0.26740694
22.00000000,2367.00000000,0.26744349
22.00000000,2368.00000000,0.26748006
22.00000000,2369.00000000,0.26751663
22.00000000,2370.00000000,0.26755313
22.00000000,2371.00000000,0.26758966
22.00000000,2372.00000000,0.26762619
22.00000000,2373.00000000,0.26766030
22.00000000,2374.00000000,0.26769445
22.00000000,2375.00000000,0.26772857
22.00000000,2376.00000000,0.26776265
22.00000000,2377.00000000,0.26779677
22.00000000,2378.00000000,0.26783083
22.00000000,2379.00000000,0.26786495
22.00000000,2380.00000000,0.26789905
22.00000000,2381.00000000,0.26793310
22.00000000,2382.00000000,0.26796720
22.00000000,2383.00000000,0.26800129
22.00000000,2384.00000000,0.26803535
22.00000000,2385.00000000,0.26806943
22.00000000,2386.00000000,0.26810353
22.00000000,2387.00000000,0.26813758
22.00000000,2388.00000000,0.26817169
22.00000000,2389.00000000,0.26820575
22.00000000,2390.00000000,0.26823986
22.00000000,2391.00000000,0.26827398
22.00000000,2392.00000000,0.26830807
22.00000000,2393.00000000,0.26834221
22.00000000,2394.00000000,0.26837635
22.00000000,2395.00000000,0.26841045
22.00000000,2396.00000000,0.26844461
22.00000000,2397.00000000,0.26847878
22.00000000,2398.00000000,0.26851292
22.00000000,2399.00000000,0.26854713
22.00000000,2400.00000000,0.26858128
22.00000000,2401.00000000,0.26861550
22.00000000,2402.00000000,0.26864976
22.00000000,2403.00000000,0.26868398
22.00000000,2404.00000000,0.26871829
22.00000000,2405.00000000,0.26875264
22.00000000,2406.00000000,0.26878697
22.00000000,2407.00000000,0.26882137
22.00000000,2408.00000000,0.26885583
22.00000000,2409.00000000,0.26889026
22.00000000,2410.00000000,0.26892478
22.00000000,2411.00000000,0.26895935
22.00000000,2412.00000000,0.26899388
22.00000000,2413.00000000,0.26902851
22.00000000,2414.00000000,0.26906311
22.00000000,2415.00000000,0.26909782
22.00000000,2416.00000000,0.26913256
22.00000000,2417.00000000,0.26916727
22.00000000,2418.00000000,0.26920208
22.00000000,2419.00000000,0.26923692
22.00000000,2420.00000000,0.26927176
22.00000000,2421.00000000,0.26930667
22.00000000,2422.00000000,0.26934162
22.00000000,2423.00000000,0.26937404
22.00000000,2424.00000000,0.26940655
22.00000000,2425.00000000,0.26943903
22.00000000,2426.00000000,0.26947161
22.00000000,2427.00000000,0.26950423
22.00000000,2428.00000000,0.26953681
22.00000000,2429.00000000,0.26956950
22.00000000,2430.00000000,0.26960223
22.00000000,2431.00000000,0.26963491
22.00000000,2432.00000000,0.26966771
22.00000000,2433.00000000,0.26970055
22.00000000,2434.00000000,0.26973336
22.00000000,2435.00000000,0.26976627
22.00000000,2436.00000000,0.26979921
22.00000000,2437.00000000,0.26983213
22.00000000,2438.00000000,0.26986517
22.00000000,2439.00000000,0.26989815
22.00000000,2440.00000000,0.26993127
22.00000000,2441.00000000,0.26996441
22.00000000,2442.00000000,0.26999753
22.00000000,2443.00000000,0.27003075
22.00000000,2444.00000000,0.27006402
22.00000000,2445.00000000,0.27009725
22.00000000,2446.00000000,0.27013059
22.00000000,2447.00000000,0.27016399
22.00000000,2448.00000000,0.27019734
22.00000000,2449.00000000,0.27023081
22.00000000,2450.00000000,0.27026424
22.00000000,2451.00000000,0.27029779
22.00000000,2452.00000000,0.27033138
22.00000000,2453.00000000,0.27036492
22.00000000,2454.00000000,0.27039857
22.00000000,2455.00000000,0.27043227
22.00000000,2456.00000000,0.27046589
22.00000000,2457.00000000,0.27049965
22.00000000,2458.00000000,0.27053342
22.00000000,2459.00000000,0.27056714
22.00000000,2460.00000000,0.27060099
22.00000000,2461.00000000,0.27063476
22.00000000,2462.00000000,0.27066867
22.00000000,2463.00000000,0.27070261
22.00000000,2464.00000000,0.27073650
22.00000000,2465.00000000,0.27077051
22.00000000,2466.00000000,0.27080456
22.00000000,2467.00000000,0.27083855
22.00000000,2468.00000000,0.27087267
22.00000000,2469.00000000,0.27090683
22.00000000,2470.00000000,0.27094091
22.00000000,2471.00000000,0.27097516
22.00000000,2472.00000000,0.27100942
22.00000000,2473.00000000,0.27104530
22.00000000,2474.00000000,0.27108130
22.00000000,2475.00000000,0.27111726
22.00000000,2476.00000000,0.27115335
22.00000000,2477.00000000,0.27118949
22.00000000,2478.00000000,0.27122555
22.00000000,2479.00000000,0.27126178
22.00000000,2480.00000000,0.27129803
22.00000000,2481.00000000,0.27133422
22.00000000,2482.00000000,0.27137058
22.00000000,2483.00000000,0.27140697
22.00000000,2484.00000000,0.27144330
22.00000000,2485.00000000,0.27147977
22.00000000,2486.00000000,0.27151619
22.00000000,2487.00000000,0.27155276
22.00000000,2488.00000000,0.27158939
22.00000000,2489.00000000,0.27162593
22.00000000,2490.00000000,0.27166266
22.00000000,2491.00000000,0.27169942
22.00000000,2492.00000000,0.27173612
22.00000000,2493.00000000,0.27177299
22.00000000,2494.00000000,0.27180992
22.00000000,2495.00000000,0.27184678
22.00000000,2496.00000000,0.27188381
22.00000000,2497.00000000,0.27192089
22.00000000,2498.00000000,0.27195794
22.00000000,2499.00000000,0.27199517
22.00000000,2500.00000000,0.27203234
23.00000000,1765.00000000,0.37142741
23.00000000,1766.00000000,0.37142751
23.00000000,1767.00000000,0.37142738
23.00000000,1768.00000000,0.37142704
23.00000000,1769.00000000,0.37142645
23.00000000,1770.00000000,0.37142569
23.00000000,1771.00000000,0.37142464
23.00000000,1772.00000000,0.37142324
23.00000000,1773.00000000,0.37142149
23.00000000,1774.00000000,0.37141939
23.00000000,1775.00000000,0.37141716
23.00000000,1776.00000000,0.37141447
23.00000000,1777.00000000,0.37141153
23.00000000,1778.00000000,0.37140827
23.00000000,1779.00000000,0.37140474
23.00000000,1780.00000000,0.37140099
23.00000000,1781.00000000,0.37139697
23.00000000,1782.00000000,0.37139277
23.00000000,1783.00000000,0.37138828
23.00000000,1784.00000000,0.37138362
23.00000000,1785.00000000,0.37137877
23.00000000,1786.00000000,0.37137366
23.00000000,1787.00000000,0.37136841
23.00000000,1788.00000000,0.37136293
23.00000000,1789.00000000,0.37138109
23.00000000,1790.00000000,0.37137525
23.00000000,1791.00000000,0.37136916
23.00000000,1792.00000000,0.37136293
23.00000000,1793.00000000,0.37135656
23.00000000,1794.00000000,0.37135791
23.00000000,1795.00000000,0.37135120
23.00000000,1796.00000000,0.37134433
23.00000000,1797.00000000,0.37133726
23.00000000,1798.00000000,0.37133013
23.00000000,1799.00000000,0.37132283
23.00000000,1800.00000000,0.37131536
23.00000000,1801.00000000,0.37130778
23.00000000,1802.00000000,0.37130000
23.00000000,1803.00000000,0.37129214
23.00000000,1804.00000000,0.37129208
23.00000000,1805.00000000,0.37128392
23.00000000,1806.00000000,0.37127566
23.00000000,1807.00000000,0.37126730
23.00000000,1808.00000000,0.37125883
23.00000000,1809.00000000,0.37125028
23.00000000,1810.00000000,0.37124170
23.00000000,1811.00000000,0.37123296
23.00000000,1812.00000000,0.37122422
23.00000000,1813.00000000,0.37121533
23.00000000,1814.00000000,0.37121439
23.00000000,1815.00000000,0.37120545
23.00000000,1816.00000000,0.37119635
23.00000000,1817.00000000,0.37118725
23.00000000,1818.00000000,0.37117800
23.00000000,1819.00000000,0.37116861
23.00000000,1820.00000000,0.37116719
23.00000000,1821.00000000,0.37115771
23.00000000,1822.00000000,0.37114817
23.00000000,1823.00000000,0.37114655
23.00000000,1824.00000000,0.37113689
23.00000000,1825.00000000,0.37114309
23.00000000,1826.00000000,0.37112531
23.00000000,1827.00000000,0.37111544
23.00000000,1828.00000000,0.37110550
23.00000000,1829.00000000,0.37110347
23.00000000,1830.00000000,0.37109340
23.00000000,1831.00000000,0.37108322
23.00000000,1832.00000000,0.37107290
23.00000000,1833.00000000,0.37106239
23.00000000,1834.00000000,0.37105982
23.00000000,1835.00000000,0.37104923
23.00000000,1836.00000000,0.37103851
23.00000000,1837.00000000,0.37102774
23.00000000,1838.00000000,0.37102473
23.00000000,1839.00000000,0.37102165
23.00000000,1840.00000000,0.37101849
23.00000000,1841.00000000,0.37100719
23.00000000,1842.00000000,0.37099584
23.00000000,1843.00000000,0.37098434
23.00000000,1844.00000000,0.37097273
23.00000000,1845.00000000,0.37096895
23.00000000,1846.00000000,0.37096502
23.00000000,1847.00000000,0.37095294
23.00000000,1848.00000000,0.37094869
23.00000000,1849.00000000,0.37093636
23.00000000,1850.00000000,0.37093176
23.00000000,1851.00000000,0.37091901
23.00000000,1852.00000000,0.37090608
23.00000000,1853.00000000,0.37094090
23.00000000,1854.00000000,0.37091926
23.00000000,1855.00000000,0.37090489
23.00000000,1856.00000000,0.37089788
23.00000000,1857.00000000,0.37088261
23.00000000,1858.00000000,0.37087501
23.00000000,1859.00000000,0.37089120
23.00000000,1860.00000000,0.37087526
23.00000000,1861.00000000,0.37086697
23.00000000,1862.00000000,0.37085844
23.00000000,1863.00000000,0.37085769
23.00000000,1864.00000000,0.37084953
23.00000000,1865.00000000,0.37084977
23.00000000,1866.00000000,0.37084233
23.00000000,1867.00000000,0.37084303
23.00000000,1868.00000000,0.37085978
23.00000000,1869.00000000,0.37084463
23.00000000,1870.00000000,0.37085343
23.00000000,1871.00000000,0.37084621
23.00000000,1872.00000000,0.37085459
23.00000000,1873.00000000,0.37087006
23.00000000,1874.00000000,0.37085165
23.00000000,1875.00000000,0.37085543
23.00000000,1876.00000000,0.37084981
23.00000000,1877.00000000,0.37090675
23.00000000,1878.00000000,0.37089909
23.00000000,1879.00000000,0.37091466
23.00000000,1880.00000000,0.37089747
23.00000000,1881.00000000,0.37087931
23.00000000,1882.00000000,0.37089185
23.00000000,1883.00000000,0.37092707
23.00000000,1884.00000000,0.37092976
23.00000000,1885.00000000,0.37091623
23.00000000,1886.00000000,0.37094237
23.00000000,1887.00000000,0.37097658
23.00000000,1888.00000000,0.37100264
23.00000000,1889.00000000,0.37099639
23.00000000,1890.00000000,0.37103119
23.00000000,1891.00000000,0.37103975
23.00000000,1892.00000000,0.37106338
23.00000000,1893.00000000,0.37107041
23.00000000,1894.00000000,0.37110881
23.00000000,1895.00000000,0.37121067
23.00000000,1896.00000000,0.37126389
23.00000000,1897.00000000,0.37114863
23.00000000,1898.00000000,0.37122371
23.00000000,1899.00000000,0.37120957
23.00000000,1900.00000000,0.37119355
23.00000000,1901.00000000,0.37116293
23.00000000,1902.00000000,0.37122982
23.00000000,1903.00000000,0.37138983
23.00000000,1904.00000000,0.37139558
23.00000000,1905.00000000,0.37144629
23.00000000,1906.00000000,0.37151783
23.00000000,1907.00000000,0.37148207
23.00000000,1908.00000000,0.37143393
23.00000000,1909.00000000,0.37139835
23.00000000,1910.00000000,0.37143997
23.00000000,1911.00000000,0.37162283
23.00000000,1912.00000000,0.37154889
23.00000000,1913.00000000,0.37170465
23.00000000,1914.00000000,0.37175607
23.00000000,1915.00000000,0.37169720
23.00000000,1916.00000000,0.37159341
23.00000000,1917.00000000,0.37162727
23.00000000,1918.00000000,0.37174141
23.00000000,1919.00000000,0.37177690
23.00000000,1920.00000000,0.37187910
23.00000000,1921.00000000,0.37201609
23.00000000,1922.00000000,0.37229138
23.00000000,1923.00000000,0.37244954
23.00000000,1924.00000000,0.37253571
23.00000000,1925.00000000,0.37258827
23.00000000,1926.00000000,0.37293395
23.00000000,1927.00000000,0.37292758
23.00000000,1928.00000000,0.37317368
23.00000000,1929.00000000,0.37345607
23.00000000,1930.00000000,0.37399774
23.00000000,1931.00000000,0.37365389
23.00000000,1932.00000000,0.37386126
23.00000000,1933.00000000,0.37406531
23.00000000,1934.00000000,0.37413932
23.00000000,1935.00000000,0.37442290
23.00000000,1936.00000000,0.37487333
23.00000000,1937.00000000,0.37407085
23.00000000,1938.00000000,0.37390922
23.00000000,1939.00000000,0.37434172
23.00000000,1940.00000000,0.37470042
23.00000000,1941.00000000,0.37447430
23.00000000,1942.00000000,0.37336050
23.00000000,1943.00000000,0.37428164
23.00000000,1944.00000000,0.37316975
23.00000000,1945.00000000,0.37341835
23.00000000,1946.00000000,0.37433053
23.00000000,1947.00000000,0.37419552
23.00000000,1948.00000000,0.37421051
23.00000000,1949.00000000,0.37418932
23.00000000,1950.00000000,0.37472874
23.00000000,1951.00000000,0.37465665
23.00000000,1952.00000000,0.37518748
23.00000000,1953.00000000,0.37433806
23.00000000,1954.00000000,0.37331224
23.00000000,1955.00000000,0.37243773
23.00000000,1956.00000000,0.37265957
23.00000000,1957.00000000,0.37314016
23.00000000,1958.00000000,0.37340192
23.00000000,1959.00000000,0.37404212
23.00000000,1960.00000000,0.37448120
23.00000000,1961.00000000,0.37375198
23.00000000,1962.00000000,0.37394605
23.00000000,1963.00000000,0.37458674
23.00000000,1964.00000000,0.37464893
23.00000000,1965.00000000,0.37448869
23.00000000,1966.00000000,0.37464461
23.00000000,1967.00000000,0.37433890
23.00000000,1968.00000000,0.37232005
23.00000000,1969.00000000,0.37267704
23.00000000,1970.00000000,0.37362441
23.00000000,1971.00000000,0.37394780
23.00000000,1972.00000000,0.37325253
23.00000000,1973.00000000,0.37461013
23.00000000,1974.00000000,0.37537816
23.00000000,1975.00000000,0.37526880
23.00000000,1976.00000000,0.37529032
23.00000000,1977.00000000,0.37514226
23.00000000,1978.00000000,0.37620289
23.00000000,1979.00000000,0.37691718
23.00000000,1980.00000000,0.37728506
23.00000000,1981.00000000,0.37739776
23.00000000,1982.00000000,0.37808257
23.00000000,1983.00000000,0.37864318
23.00000000,1984.00000000,0.37844200
23.00000000,1985.00000000,0.37894632
23.00000000,1986.00000000,0.37978102
23.00000000,1987.00000000,0.38070618
23.00000000,1988.00000000,0.38144409
23.00000000,1989.00000000,0.38235397
23.00000000,1990.00000000,0.38283029
23.00000000,1991.00000000,0.38385617
23.00000000,1992.00000000,0.38515167
23.00000000,1993.00000000,0.38694824
23.00000000,1994.00000000,0.38779961
23.00000000,1995.00000000,0.38875641
23.00000000,1996.00000000,0.39024640
23.00000000,1997.00000000,0.38995653
23.00000000,1998.00000000,0.38936793
23.00000000,1999.00000000,0.39110530
23.00000000,2000.00000000,0.39189061
23.00000000,2001.00000000,0.39213005
23.00000000,2002.00000000,0.39397930
23.00000000,2003.00000000,0.39318994
23.00000000,2004.00000000,0.39153979
23.00000000,2005.00000000,0.39083394
23.00000000,2006.00000000,0.39029423
23.00000000,2007.00000000,0.39127103
23.00000000,2008.00000000,0.39202520
23.00000000,2009.00000000,0.39285538
23.00000000,2010.00000000,0.39349037
23.00000000,2011.00000000,0.39463991
23.00000000,2012.00000000,0.39510453
23.00000000,2013.00000000,0.39500879
23.00000000,2014.00000000,0.39517670
23.00000000,2015.00000000,0.39371410
23.00000000,2016.00000000,0.39319166
23.00000000,2017.00000000,0.39352232
23.00000000,2018.00000000,0.39393035
23.00000000,2019.00000000,0.39438499
23.00000000,2020.00000000,0.39460112
23.00000000,2021.00000000,0.39372405
23.00000000,2022.00000000,0.39293032
23.00000000,2023.00000000,0.39355300
23.00000000,2024.00000000,0.39412706
23.00000000,2025.00000000,0.39386501
23.00000000,2026.00000000,0.39577497
23.00000000,2027.00000000,0.39804902
23.00000000,2028.00000000,0.39964743
23.00000000,2029.00000000,0.40040612
23.00000000,2030.00000000,0.40115953
23.00000000,2031.00000000,0.40190780
23.00000000,2032.00000000,0.40264717
23.00000000,2033.00000000,0.40337570
23.00000000,2034.00000000,0.40462475
23.00000000,2035.00000000,0.40585910
23.00000000,2036.00000000,0.40707824
23.00000000,2037.00000000,0.40828163
23.00000000,2038.00000000,0.40946893
23.00000000,2039.00000000,0.41064036
23.00000000,2040.00000000,0.41179579
23.00000000,2041.00000000,0.41293502
23.00000000,2042.00000000,0.41405726
23.00000000,2043.00000000,0.41516124
23.00000000,2044.00000000,0.41601349
23.00000000,2045.00000000,0.41684723
23.00000000,2046.00000000,0.41766231
23.00000000,2047.00000000,0.41845924
23.00000000,2048.00000000,0.41923827
23.00000000,2049.00000000,0.41999981
23.00000000,2050.00000000,0.42074450
23.00000000,2051.00000000,0.42147305
23.00000000,2052.00000000,0.42218586
23.00000000,2053.00000000,0.42288386
23.00000000,2054.00000000,0.42404335
23.00000000,2055.00000000,0.42518712
23.00000000,2056.00000000,0.42631551
23.00000000,2057.00000000,0.42742876
23.00000000,2058.00000000,0.42852715
23.00000000,2059.00000000,0.42961100
23.00000000,2060.00000000,0.43068033
23.00000000,2061.00000000,0.43173633
23.00000000,2062.00000000,0.43278178
23.00000000,2063.00000000,0.43382008
23.00000000,2064.00000000,0.43519331
23.00000000,2065.00000000,0.43656158
23.00000000,2066.00000000,0.43792548
23.00000000,2067.00000000,0.43928529
23.00000000,2068.00000000,0.44064092
23.00000000,2069.00000000,0.44199203
23.00000000,2070.00000000,0.44333812
23.00000000,2071.00000000,0.44467939
23.00000000,2072.00000000,0.44601785
23.00000000,2073.00000000,0.44735552
23.00000000,2074.00000000,0.44867512
23.00000000,2075.00000000,0.44999582
23.00000000,2076.00000000,0.45131766
23.00000000,2077.00000000,0.45263984
23.00000000,2078.00000000,0.45396204
23.00000000,2079.00000000,0.45528316
23.00000000,2080.00000000,0.45660221
23.00000000,2081.00000000,0.45791876
23.00000000,2082.00000000,0.45923315
23.00000000,2083.00000000,0.46054588
23.00000000,2084.00000000,0.46114695
23.00000000,2085.00000000,0.46174924
23.00000000,2086.00000000,0.46235256
23.00000000,2087.00000000,0.46295636
23.00000000,2088.00000000,0.46355998
23.00000000,2089.00000000,0.46416286
23.00000000,2090.00000000,0.46476418
23.00000000,2091.00000000,0.46536365
23.00000000,2092.00000000,0.46596216
23.00000000,2093.00000000,0.46656067
23.00000000,2094.00000000,0.46653343
23.00000000,2095.00000000,0.46650926
23.00000000,2096.00000000,0.46648788
23.00000000,2097.00000000,0.46646921
23.00000000,2098.00000000,0.46645272
23.00000000,2099.00000000,0.46643799
23.00000000,2100.00000000,0.46642467
23.00000000,2101.00000000,0.46641259
23.00000000,2102.00000000,0.46640222
23.00000000,2103.00000000,0.46639436
23.00000000,2104.00000000,0.46604756
23.00000000,2105.00000000,0.46570468
23.00000000,2106.00000000,0.46536573
23.00000000,2107.00000000,0.46503024
23.00000000,2108.00000000,0.46469803
23.00000000,2109.00000000,0.46436878
23.00000000,2110.00000000,0.46404189
23.00000000,2111.00000000,0.46371720
23.00000000,2112.00000000,0.46339434
23.00000000,2113.00000000,0.46307286
23.00000000,2114.00000000,0.46240877
23.00000000,2115.00000000,0.46174698
23.00000000,2116.00000000,0.46108726
23.00000000,2117.00000000,0.46042954
23.00000000,2118.00000000,0.45977376
23.00000000,2119.00000000,0.45911964
23.00000000,2120.00000000,0.45846716
23.00000000,2121.00000000,0.45781611
23.00000000,2122.00000000,0.45716658
23.00000000,2123.00000000,0.45651822
23.00000000,2124.00000000,0.45561325
23.00000000,2125.00000000,0.45471057
23.00000000,2126.00000000,0.45381003
23.00000000,2127.00000000,0.45291167
23.00000000,2128.00000000,0.45201555
23.00000000,2129.00000000,0.45112151
23.00000000,2130.00000000,0.45022956
23.00000000,2131.00000000,0.44933977
23.00000000,2132.00000000,0.44845205
23.00000000,2133.00000000,0.44756650
23.00000000,2134.00000000,0.44668311
23.00000000,2135.00000000,0.44580182
23.00000000,2136.00000000,0.44492277
23.00000000,2137.00000000,0.44404585
23.00000000,2138.00000000,0.44317105
23.00000000,2139.00000000,0.44229851
23.00000000,2140.00000000,0.44142811
23.00000000,2141.00000000,0.44055987
23.00000000,2142.00000000,0.43969388
23.00000000,2143.00000000,0.43883015
23.00000000,2144.00000000,0.43796855
23.00000000,2145.00000000,0.43710923
23.00000000,2146.00000000,0.43625207
23.00000000,2147.00000000,0.43539723
23.00000000,2148.00000000,0.43454459
23.00000000,2149.00000000,0.43369417
23.00000000,2150.00000000,0.43284604
23.00000000,2151.00000000,0.43200256
23.00000000,2152.00000000,0.43117017
23.00000000,2153.00000000,0.43035525
23.00000000,2154.00000000,0.42956089
23.00000000,2155.00000000,0.42878823
23.00000000,2156.00000000,0.42803765
23.00000000,2157.00000000,0.42730868
23.00000000,2158.00000000,0.42660079
23.00000000,2159.00000000,0.42591324
23.00000000,2160.00000000,0.42524508
23.00000000,2161.00000000,0.42459561
23.00000000,2162.00000000,0.42396391
23.00000000,2163.00000000,0.42334916
23.00000000,2164.00000000,0.42275063
23.00000000,2165.00000000,0.42216757
23.00000000,2166.00000000,0.42159914
23.00000000,2167.00000000,0.42104472
23.00000000,2168.00000000,0.42050366
23.00000000,2169.00000000,0.41997533
23.00000000,2170.00000000,0.41945910
23.00000000,2171.00000000,0.41895427
23.00000000,2172.00000000,0.41846041
23.00000000,2173.00000000,0.41797684
23.00000000,2174.00000000,0.41592641
23.00000000,2175.00000000,0.41388934
23.00000000,2176.00000000,0.41186545
23.00000000,2177.00000000,0.40985447
23.00000000,2178.00000000,0.40785653
23.00000000,2179.00000000,0.40587132
23.00000000,2180.00000000,0.40389868
23.00000000,2181.00000000,0.40193852
23.00000000,2182.00000000,0.39999068
23.00000000,2183.00000000,0.39805509
23.00000000,2184.00000000,0.39613154
23.00000000,2185.00000000,0.39421986
23.00000000,2186.00000000,0.39231999
23.00000000,2187.00000000,0.39043178
23.00000000,2188.00000000,0.38855502
23.00000000,2189.00000000,0.38668975
23.00000000,2190.00000000,0.38483570
23.00000000,2191.00000000,0.38299273
23.00000000,2192.00000000,0.38116079
23.00000000,2193.00000000,0.37933969
23.00000000,2194.00000000,0.37752935
23.00000000,2195.00000000,0.37572960
23.00000000,2196.00000000,0.37394029
23.00000000,2197.00000000,0.37216139
23.00000000,2198.00000000,0.37039273
23.00000000,2199.00000000,0.36863417
23.00000000,2200.00000000,0.36688563
23.00000000,2201.00000000,0.36514693
23.00000000,2202.00000000,0.36341796
23.00000000,2203.00000000,0.36169863
23.00000000,2204.00000000,0.35998884
23.00000000,2205.00000000,0.35828837
23.00000000,2206.00000000,0.35659727
23.00000000,2207.00000000,0.35491530
23.00000000,2208.00000000,0.35324243
23.00000000,2209.00000000,0.35157848
23.00000000,2210.00000000,0.34992330
23.00000000,2211.00000000,0.34827688
23.00000000,2212.00000000,0.34663908
23.00000000,2213.00000000,0.34500974
23.00000000,2214.00000000,0.34338883
23.00000000,2215.00000000,0.34177619
23.00000000,2216.00000000,0.34017172
23.00000000,2217.00000000,0.33857533
23.00000000,2218.00000000,0.33698689
23.00000000,2219.00000000,0.33540633
23.00000000,2220.00000000,0.33383352
23.00000000,2221.00000000,0.33226834
23.00000000,2222.00000000,0.33071075
23.00000000,2223.00000000,0.32916061
23.00000000,2224.00000000,0.32761779
23.00000000,2225.00000000,0.32608223
23.00000000,2226.00000000,0.32455385
23.00000000,2227.00000000,0.32303249
23.00000000,2228.00000000,0.32151811
23.00000000,2229.00000000,0.32001059
23.00000000,2230.00000000,0.31850982
23.00000000,2231.00000000,0.31701575
23.00000000,2232.00000000,0.31552819
23.00000000,2233.00000000,0.31404717
23.00000000,2234.00000000,0.31257251
23.00000000,2235.00000000,0.31110409
23.00000000,2236.00000000,0.30964193
23.00000000,2237.00000000,0.30818588
23.00000000,2238.00000000,0.30673579
23.00000000,2239.00000000,0.30529169
23.00000000,2240.00000000,0.30385339
23.00000000,2241.00000000,0.30242079
23.00000000,2242.00000000,0.30099392
23.00000000,2243.00000000,0.29957251
23.00000000,2244.00000000,0.29815666
23.00000000,2245.00000000,0.29674618
23.00000000,2246.00000000,0.29534093
23.00000000,2247.00000000,0.29394098
23.00000000,2248.00000000,0.29254612
23.00000000,2249.00000000,0.29115591
23.00000000,2250.00000000,0.28976847
23.00000000,2251.00000000,0.28837995
23.00000000,2252.00000000,0.28698689
23.00000000,2253.00000000,0.28558746
23.00000000,2254.00000000,0.28418092
23.00000000,2255.00000000,0.28276715
23.00000000,2256.00000000,0.28134622
23.00000000,2257.00000000,0.27991828
23.00000000,2258.00000000,0.27848360
23.00000000,2259.00000000,0.27704249
23.00000000,2260.00000000,0.27559529
23.00000000,2261.00000000,0.27414247
23.00000000,2262.00000000,0.27268461
23.00000000,2263.00000000,0.27122221
23.00000000,2264.00000000,0.26975577
23.00000000,2265.00000000,0.26828564
23.00000000,2266.00000000,0.26681211
23.00000000,2267.00000000,0.26533557
23.00000000,2268.00000000,0.26385624
23.00000000,2269.00000000,0.26237450
23.00000000,2270.00000000,0.26089058
23.00000000,2271.00000000,0.25940473
23.00000000,2272.00000000,0.25824886
23.00000000,2273.00000000,0.25806815
23.00000000,2274.00000000,0.25815383
23.00000000,2275.00000000,0.25823921
23.00000000,2276.00000000,0.25832423
23.00000000,2277.00000000,0.25840890
23.00000000,2278.00000000,0.25849327
23.00000000,2279.00000000,0.25861922
23.00000000,2280.00000000,0.25874490
23.00000000,2281.00000000,0.25887031
23.00000000,2282.00000000,0.25899539
23.00000000,2283.00000000,0.25912022
23.00000000,2284.00000000,0.25916179
23.00000000,2285.00000000,0.25920301
23.00000000,2286.00000000,0.25924392
23.00000000,2287.00000000,0.25928453
23.00000000,2288.00000000,0.25932478
23.00000000,2289.00000000,0.25936477
23.00000000,2290.00000000,0.25940446
23.00000000,2291.00000000,0.25944385
23.00000000,2292.00000000,0.25948296
23.00000000,2293.00000000,0.25952180
23.00000000,2294.00000000,0.25956039
23.00000000,2295.00000000,0.25959873
23.00000000,2296.00000000,0.25963678
23.00000000,2297.00000000,0.25967464
23.00000000,2298.00000000,0.25971224
23.00000000,2299.00000000,0.25974600
23.00000000,2300.00000000,0.25977956
23.00000000,2301.00000000,0.25981290
23.00000000,2302.00000000,0.25984597
23.00000000,2303.00000000,0.25987881
23.00000000,2304.00000000,0.25991138
23.00000000,2305.00000000,0.25994371
23.00000000,2306.00000000,0.25997583
23.00000000,2307.00000000,0.26000765
23.00000000,2308.00000000,0.26003929
23.00000000,2309.00000000,0.26007068
23.00000000,2310.00000000,0.26010186
23.00000000,2311.00000000,0.26013285
23.00000000,2312.00000000,0.26016361
23.00000000,2313.00000000,0.26019417
23.00000000,2314.00000000,0.26022454
23.00000000,2315.00000000,0.26025472
23.00000000,2316.00000000,0.26028475
23.00000000,2317.00000000,0.26031460
23.00000000,2318.00000000,0.26034425
23.00000000,2319.00000000,0.26037377
23.00000000,2320.00000000,0.26040314
23.00000000,2321.00000000,0.26043233
23.00000000,2322.00000000,0.26046140
23.00000000,2323.00000000,0.26049034
23.00000000,2324.00000000,0.26052716
23.00000000,2325.00000000,0.26056386
23.00000000,2326.00000000,0.26060046
23.00000000,2327.00000000,0.26063691
23.00000000,2328.00000000,0.26067326
23.00000000,2329.00000000,0.26070949
23.00000000,2330.00000000,0.26074563
23.00000000,2331.00000000,0.26078167
23.00000000,2332.00000000,0.26081757
23.00000000,2333.00000000,0.26085341
23.00000000,2334.00000000,0.26088915
23.00000000,2335.00000000,0.26092476
23.00000000,2336.00000000,0.26096032
23.00000000,2337.00000000,0.26099579
23.00000000,2338.00000000,0.26103114
23.00000000,2339.00000000,0.26106645
23.00000000,2340.00000000,0.26110165
23.00000000,2341.00000000,0.26113680
23.00000000,2342.00000000,0.26117189
23.00000000,2343.00000000,0.26120685
23.00000000,2344.00000000,0.26124179
23.00000000,2345.00000000,0.26127667
23.00000000,2346.00000000,0.26131143
23.00000000,2347.00000000,0.26134619
23.00000000,2348.00000000,0.26138088
23.00000000,2349.00000000,0.26141547
23.00000000,2350.00000000,0.26145004
23.00000000,2351.00000000,0.26148457
23.00000000,2352.00000000,0.26151902
23.00000000,2353.00000000,0.26155346
23.00000000,2354.00000000,0.26158783
23.00000000,2355.00000000,0.26162221
23.00000000,2356.00000000,0.26165656
23.00000000,2357.00000000,0.26169086
23.00000000,2358.00000000,0.26172516
23.00000000,2359.00000000,0.26175944
23.00000000,2360.00000000,0.26179367
23.00000000,2361.00000000,0.26182791
23.00000000,2362.00000000,0.26186213
23.00000000,2363.00000000,0.26189630
23.00000000,2364.00000000,0.26193048
23.00000000,2365.00000000,0.26196461
23.00000000,2366.00000000,0.26199877
23.00000000,2367.00000000,0.26203291
23.00000000,2368.00000000,0.26206699
23.00000000,2369.00000000,0.26210111
23.00000000,2370.00000000,0.26213521
23.00000000,2371.00000000,0.26216927
23.00000000,2372.00000000,0.26220335
23.00000000,2373.00000000,0.26223741
23.00000000,2374.00000000,0.26226914
23.00000000,2375.00000000,0.26230087
23.00000000,2376.00000000,0.26233262
23.00000000,2377.00000000,0.26236430
23.00000000,2378.00000000,0.26239603
23.00000000,2379.00000000,0.26242771
23.00000000,2380.00000000,0.26245943
23.00000000,2381.00000000,0.26249115
23.00000000,2382.00000000,0.26252282
23.00000000,2383.00000000,0.26255454
23.00000000,2384.00000000,0.26258624
23.00000000,2385.00000000,0.26261792
23.00000000,2386.00000000,0.26264964
23.00000000,2387.00000000,0.26268135
23.00000000,2388.00000000,0.26271304
23.00000000,2389.00000000,0.26274477
23.00000000,2390.00000000,0.26277645
23.00000000,2391.00000000,0.26280819
23.00000000,2392.00000000,0.26283994
23.00000000,2393.00000000,0.26287164
23.00000000,2394.00000000,0.26290340
23.00000000,2395.00000000,0.26293517
23.00000000,2396.00000000,0.26296692
23.00000000,2397.00000000,0.26299871
23.00000000,2398.00000000,0.26303051
23.00000000,2399.00000000,0.26306228
23.00000000,2400.00000000,0.26309410
23.00000000,2401.00000000,0.26312589
23.00000000,2402.00000000,0.26315775
23.00000000,2403.00000000,0.26318965
23.00000000,2404.00000000,0.26322151
23.00000000,2405.00000000,0.26325348
23.00000000,2406.00000000,0.26328546
23.00000000,2407.00000000,0.26331743
23.00000000,2408.00000000,0.26334948
23.00000000,2409.00000000,0.26338158
23.00000000,2410.00000000,0.26341364
23.00000000,2411.00000000,0.26344580
23.00000000,2412.00000000,0.26347800
23.00000000,2413.00000000,0.26351016
23.00000000,2414.00000000,0.26354243
23.00000000,2415.00000000,0.26357466
23.00000000,2416.00000000,0.26360699
23.00000000,2417.00000000,0.26363935
23.00000000,2418.00000000,0.26367170
23.00000000,2419.00000000,0.26370413
23.00000000,2420.00000000,0.26373659
23.00000000,2421.00000000,0.26376904
23.00000000,2422.00000000,0.26380157
23.00000000,2423.00000000,0.26383413
23.00000000,2424.00000000,0.26386421
23.00000000,2425.00000000,0.26389437
23.00000000,2426.00000000,0.26392451
23.00000000,2427.00000000,0.26395475
23.00000000,2428.00000000,0.26398501
23.00000000,2429.00000000,0.26401525
23.00000000,2430.00000000,0.26404559
23.00000000,2431.00000000,0.26407594
23.00000000,2432.00000000,0.26410628
23.00000000,2433.00000000,0.26413672
23.00000000,2434.00000000,0.26416719
23.00000000,2435.00000000,0.26419763
23.00000000,2436.00000000,0.26422819
23.00000000,2437.00000000,0.26425876
23.00000000,2438.00000000,0.26428931
23.00000000,2439.00000000,0.26431995
23.00000000,2440.00000000,0.26435058
23.00000000,2441.00000000,0.26438129
23.00000000,2442.00000000,0.26441206
23.00000000,2443.00000000,0.26444278
23.00000000,2444.00000000,0.26447361
23.00000000,2445.00000000,0.26450450
23.00000000,2446.00000000,0.26453533
23.00000000,2447.00000000,0.26456627
23.00000000,2448.00000000,0.26459726
23.00000000,2449.00000000,0.26462822
23.00000000,2450.00000000,0.26465927
23.00000000,2451.00000000,0.26469029
23.00000000,2452.00000000,0.26472142
23.00000000,2453.00000000,0.26475258
23.00000000,2454.00000000,0.26478370
23.00000000,2455.00000000,0.26481492
23.00000000,2456.00000000,0.26484617
23.00000000,2457.00000000,0.26487736
23.00000000,2458.00000000,0.26490866
23.00000000,2459.00000000,0.26493999
23.00000000,2460.00000000,0.26497127
23.00000000,2461.00000000,0.26500266
23.00000000,2462.00000000,0.26503399
23.00000000,2463.00000000,0.26506544
23.00000000,2464.00000000,0.26509692
23.00000000,2465.00000000,0.26512834
23.00000000,2466.00000000,0.26515990
23.00000000,2467.00000000,0.26519148
23.00000000,2468.00000000,0.26522299
23.00000000,2469.00000000,0.26525464
23.00000000,2470.00000000,0.26528632
23.00000000,2471.00000000,0.26531794
23.00000000,2472.00000000,0.26534968
23.00000000,2473.00000000,0.26538147
23.00000000,2474.00000000,0.26541483
23.00000000,2475.00000000,0.26544831
23.00000000,2476.00000000,0.26548173
23.00000000,2477.00000000,0.26551530
23.00000000,2478.00000000,0.26554890
23.00000000,2479.00000000,0.26558243
23.00000000,2480.00000000,0.26561611
23.00000000,2481.00000000,0.26564983
23.00000000,2482.00000000,0.26568348
23.00000000,2483.00000000,0.26571728
23.00000000,2484.00000000,0.26575113
23.00000000,2485.00000000,0.26578489
23.00000000,2486.00000000,0.26581883
23.00000000,2487.00000000,0.26585267
23.00000000,2488.00000000,0.26588669
23.00000000,2489.00000000,0.26592074
23.00000000,2490.00000000,0.26595472
23.00000000,2491.00000000,0.26598888
23.00000000,2492.00000000,0.26602306
23.00000000,2493.00000000,0.26605718
23.00000000,2494.00000000,0.26609148
23.00000000,2495.00000000,0.26612581
23.00000000,2496.00000000,0.26616010
23.00000000,2497.00000000,0.26619455
23.00000000,2498.00000000,0.26622903
23.00000000,2499.00000000,0.26626351
23.00000000,2500.00000000,0.26629813
24.00000000,1765.00000000,0.35405264
24.00000000,1766.00000000,0.35405254
24.00000000,1767.00000000,0.35405256
24.00000000,1768.00000000,0.35405229
24.00000000,1769.00000000,0.35405180
24.00000000,1770.00000000,0.35405105
24.00000000,1771.00000000,0.35405013
24.00000000,1772.00000000,0.35404895
24.00000000,1773.00000000,0.35404741
24.00000000,1774.00000000,0.35404557
24.00000000,1775.00000000,0.35404345
24.00000000,1776.00000000,0.35404123
24.00000000,1777.00000000,0.35403861
24.00000000,1778.00000000,0.35403580
24.00000000,1779.00000000,0.35403269
24.00000000,1780.00000000,0.35402937
24.00000000,1781.00000000,0.35402590
24.00000000,1782.00000000,0.35402217
24.00000000,1783.00000000,0.35401830
24.00000000,1784.00000000,0.35401419
24.00000000,1785.00000000,0.35400999
24.00000000,1786.00000000,0.35400561
24.00000000,1787.00000000,0.35400103
24.00000000,1788.00000000,0.35399639
24.00000000,1789.00000000,0.35399151
24.00000000,1790.00000000,0.35400952
24.00000000,1791.00000000,0.35400436
24.00000000,1792.00000000,0.35399902
24.00000000,1793.00000000,0.35399360
24.00000000,1794.00000000,0.35398804
24.00000000,1795.00000000,0.35399000
24.00000000,1796.00000000,0.35398418
24.00000000,1797.00000000,0.35397825
24.00000000,1798.00000000,0.35397219
24.00000000,1799.00000000,0.35396604
24.00000000,1800.00000000,0.35395980
24.00000000,1801.00000000,0.35395337
24.00000000,1802.00000000,0.35394686
24.00000000,1803.00000000,0.35394021
24.00000000,1804.00000000,0.35393345
24.00000000,1805.00000000,0.35393432
24.00000000,1806.00000000,0.35392735
24.00000000,1807.00000000,0.35392032
24.00000000,1808.00000000,0.35391326
24.00000000,1809.00000000,0.35390605
24.00000000,1810.00000000,0.35389886
24.00000000,1811.00000000,0.35389158
24.00000000,1812.00000000,0.35388423
24.00000000,1813.00000000,0.35387683
24.00000000,1814.00000000,0.35386934
24.00000000,1815.00000000,0.35386956
24.00000000,1816.00000000,0.35386200
24.00000000,1817.00000000,0.35385436
24.00000000,1818.00000000,0.35384664
24.00000000,1819.00000000,0.35383883
24.00000000,1820.00000000,0.35383095
24.00000000,1821.00000000,0.35383072
24.00000000,1822.00000000,0.35382281
24.00000000,1823.00000000,0.35381477
24.00000000,1824.00000000,0.35381439
24.00000000,1825.00000000,0.35380630
24.00000000,1826.00000000,0.35381345
24.00000000,1827.00000000,0.35379757
24.00000000,1828.00000000,0.35378924
24.00000000,1829.00000000,0.35378090
24.00000000,1830.00000000,0.35378022
24.00000000,1831.00000000,0.35377166
24.00000000,1832.00000000,0.35376305
24.00000000,1833.00000000,0.35375429
24.00000000,1834.00000000,0.35374542
24.00000000,1835.00000000,0.35374425
24.00000000,1836.00000000,0.35373530
24.00000000,1837.00000000,0.35372624
24.00000000,1838.00000000,0.35371706
24.00000000,1839.00000000,0.35371547
24.00000000,1840.00000000,0.35371377
24.00000000,1841.00000000,0.35371198
24.00000000,1842.00000000,0.35370240
24.00000000,1843.00000000,0.35369273
24.00000000,1844.00000000,0.35368298
24.00000000,1845.00000000,0.35367305
24.00000000,1846.00000000,0.35367068
24.00000000,1847.00000000,0.35366820
24.00000000,1848.00000000,0.35365783
24.00000000,1849.00000000,0.35365507
24.00000000,1850.00000000,0.35364445
24.00000000,1851.00000000,0.35364131
24.00000000,1852.00000000,0.35363036
24.00000000,1853.00000000,0.35361929
24.00000000,1854.00000000,0.35365382
24.00000000,1855.00000000,0.35363388
24.00000000,1856.00000000,0.35362114
24.00000000,1857.00000000,0.35361565
24.00000000,1858.00000000,0.35360228
24.00000000,1859.00000000,0.35359644
24.00000000,1860.00000000,0.35361348
24.00000000,1861.00000000,0.35359956
24.00000000,1862.00000000,0.35359294
24.00000000,1863.00000000,0.35358619
24.00000000,1864.00000000,0.35358751
24.00000000,1865.00000000,0.35358158
24.00000000,1866.00000000,0.35358359
24.00000000,1867.00000000,0.35357802
24.00000000,1868.00000000,0.35358026
24.00000000,1869.00000000,0.35359784
24.00000000,1870.00000000,0.35358460
24.00000000,1871.00000000,0.35359445
24.00000000,1872.00000000,0.35358863
24.00000000,1873.00000000,0.35359743
24.00000000,1874.00000000,0.35361219
24.00000000,1875.00000000,0.35359456
24.00000000,1876.00000000,0.35359879
24.00000000,1877.00000000,0.35359419
24.00000000,1878.00000000,0.35365025
24.00000000,1879.00000000,0.35364424
24.00000000,1880.00000000,0.35366066
24.00000000,1881.00000000,0.35364520
24.00000000,1882.00000000,0.35362872
24.00000000,1883.00000000,0.35364178
24.00000000,1884.00000000,0.35367721
24.00000000,1885.00000000,0.35368161
24.00000000,1886.00000000,0.35367055
24.00000000,1887.00000000,0.35369792
24.00000000,1888.00000000,0.35373297
24.00000000,1889.00000000,0.35375979
24.00000000,1890.00000000,0.35375543
24.00000000,1891.00000000,0.35379051
24.00000000,1892.00000000,0.35380029
24.00000000,1893.00000000,0.35382484
24.00000000,1894.00000000,0.35383372
24.00000000,1895.00000000,0.35387302
24.00000000,1896.00000000,0.35397312
24.00000000,1897.00000000,0.35402624
24.00000000,1898.00000000,0.35391689
24.00000000,1899.00000000,0.35399069
24.00000000,1900.00000000,0.35397808
24.00000000,1901.00000000,0.35396341
24.00000000,1902.00000000,0.35393489
24.00000000,1903.00000000,0.35400006
24.00000000,1904.00000000,0.35415499
24.00000000,1905.00000000,0.35416120
24.00000000,1906.00000000,0.35421071
24.00000000,1907.00000000,0.35427990
24.00000000,1908.00000000,0.35424521
24.00000000,1909.00000000,0.35419961
24.00000000,1910.00000000,0.35416717
24.00000000,1911.00000000,0.35420959
24.00000000,1912.00000000,0.35438846
24.00000000,1913.00000000,0.35432038
24.00000000,1914.00000000,0.35447413
24.00000000,1915.00000000,0.35452927
24.00000000,1916.00000000,0.35447980
24.00000000,1917.00000000,0.35438626
24.00000000,1918.00000000,0.35442400
24.00000000,1919.00000000,0.35453960
24.00000000,1920.00000000,0.35458130
24.00000000,1921.00000000,0.35468744
24.00000000,1922.00000000,0.35482725
24.00000000,1923.00000000,0.35509991
24.00000000,1924.00000000,0.35525726
24.00000000,1925.00000000,0.35534401
24.00000000,1926.00000000,0.35539881
24.00000000,1927.00000000,0.35573614
24.00000000,1928.00000000,0.35573366
24.00000000,1929.00000000,0.35597357
24.00000000,1930.00000000,0.35624868
24.00000000,1931.00000000,0.35677551
24.00000000,1932.00000000,0.35645238
24.00000000,1933.00000000,0.35666312
24.00000000,1934.00000000,0.35687100
24.00000000,1935.00000000,0.35695089
24.00000000,1936.00000000,0.35722986
24.00000000,1937.00000000,0.35766716
24.00000000,1938.00000000,0.35689557
24.00000000,1939.00000000,0.35674277
24.00000000,1940.00000000,0.35716328
24.00000000,1941.00000000,0.35751138
24.00000000,1942.00000000,0.35729545
24.00000000,1943.00000000,0.35622478
24.00000000,1944.00000000,0.35711565
24.00000000,1945.00000000,0.35604926
24.00000000,1946.00000000,0.35629794
24.00000000,1947.00000000,0.35718677
24.00000000,1948.00000000,0.35706193
24.00000000,1949.00000000,0.35707893
24.00000000,1950.00000000,0.35706105
24.00000000,1951.00000000,0.35758156
24.00000000,1952.00000000,0.35750996
24.00000000,1953.00000000,0.35801791
24.00000000,1954.00000000,0.35719779
24.00000000,1955.00000000,0.35620951
24.00000000,1956.00000000,0.35536629
24.00000000,1957.00000000,0.35557796
24.00000000,1958.00000000,0.35603929
24.00000000,1959.00000000,0.35629121
24.00000000,1960.00000000,0.35690866
24.00000000,1961.00000000,0.35733437
24.00000000,1962.00000000,0.35663651
24.00000000,1963.00000000,0.35682901
24.00000000,1964.00000000,0.35745121
24.00000000,1965.00000000,0.35751482
24.00000000,1966.00000000,0.35736343
24.00000000,1967.00000000,0.35751652
24.00000000,1968.00000000,0.35722513
24.00000000,1969.00000000,0.35528321
24.00000000,1970.00000000,0.35562982
24.00000000,1971.00000000,0.35654360
24.00000000,1972.00000000,0.35685669
24.00000000,1973.00000000,0.35619066
24.00000000,1974.00000000,0.35750362
24.00000000,1975.00000000,0.35825228
24.00000000,1976.00000000,0.35816030
24.00000000,1977.00000000,0.35819458
24.00000000,1978.00000000,0.35806377
24.00000000,1979.00000000,0.35909802
24.00000000,1980.00000000,0.35979878
24.00000000,1981.00000000,0.36016997
24.00000000,1982.00000000,0.36030356
24.00000000,1983.00000000,0.36099366
24.00000000,1984.00000000,0.36156389
24.00000000,1985.00000000,0.36139705
24.00000000,1986.00000000,0.36190579
24.00000000,1987.00000000,0.36273000
24.00000000,1988.00000000,0.36363971
24.00000000,1989.00000000,0.36436743
24.00000000,1990.00000000,0.36526090
24.00000000,1991.00000000,0.36573892
24.00000000,1992.00000000,0.36675016
24.00000000,1993.00000000,0.36802602
24.00000000,1994.00000000,0.36978956
24.00000000,1995.00000000,0.37064193
24.00000000,1996.00000000,0.37159351
24.00000000,1997.00000000,0.37305706
24.00000000,1998.00000000,0.37280498
24.00000000,1999.00000000,0.37226767
24.00000000,2000.00000000,0.37397464
24.00000000,2001.00000000,0.37476289
24.00000000,2002.00000000,0.37502220
24.00000000,2003.00000000,0.37683104
24.00000000,2004.00000000,0.37609024
24.00000000,2005.00000000,0.37451217
24.00000000,2006.00000000,0.37384039
24.00000000,2007.00000000,0.37332999
24.00000000,2008.00000000,0.37428417
24.00000000,2009.00000000,0.37502634
24.00000000,2010.00000000,0.37584394
24.00000000,2011.00000000,0.37647481
24.00000000,2012.00000000,0.37760158
24.00000000,2013.00000000,0.37806742
24.00000000,2014.00000000,0.37799271
24.00000000,2015.00000000,0.37817206
24.00000000,2016.00000000,0.37678032
24.00000000,2017.00000000,0.37629528
24.00000000,2018.00000000,0.37663323
24.00000000,2019.00000000,0.37704667
24.00000000,2020.00000000,0.37750607
24.00000000,2021.00000000,0.37773686
24.00000000,2022.00000000,0.37691588
24.00000000,2023.00000000,0.37617727
24.00000000,2024.00000000,0.37680559
24.00000000,2025.00000000,0.37738869
24.00000000,2026.00000000,0.37716741
24.00000000,2027.00000000,0.37904087
24.00000000,2028.00000000,0.38126650
24.00000000,2029.00000000,0.38284206
24.00000000,2030.00000000,0.38360924
24.00000000,2031.00000000,0.38437185
24.00000000,2032.00000000,0.38512888
24.00000000,2033.00000000,0.38587619
24.00000000,2034.00000000,0.38661249
24.00000000,2035.00000000,0.38785041
24.00000000,2036.00000000,0.38907453
24.00000000,2037.00000000,0.39028461
24.00000000,2038.00000000,0.39148030
24.00000000,2039.00000000,0.39266140
24.00000000,2040.00000000,0.39382825
24.00000000,2041.00000000,0.39498046
24.00000000,2042.00000000,0.39611704
24.00000000,2043.00000000,0.39723701
24.00000000,2044.00000000,0.39833953
24.00000000,2045.00000000,0.39919990
24.00000000,2046.00000000,0.40004307
24.00000000,2047.00000000,0.40086927
24.00000000,2048.00000000,0.40167902
24.00000000,2049.00000000,0.40247259
24.00000000,2050.00000000,0.40325058
24.00000000,2051.00000000,0.40401349
24.00000000,2052.00000000,0.40476209
24.00000000,2053.00000000,0.40549677
24.00000000,2054.00000000,0.40621841
24.00000000,2055.00000000,0.40738646
24.00000000,2056.00000000,0.40854040
24.00000000,2057.00000000,0.40968078
24.00000000,2058.00000000,0.41080761
24.00000000,2059.00000000,0.41192118
24.00000000,2060.00000000,0.41302172
24.00000000,2061.00000000,0.41410999
24.00000000,2062.00000000,0.41518897
24.00000000,2063.00000000,0.41626167
24.00000000,2064.00000000,0.41733042
24.00000000,2065.00000000,0.41872458
24.00000000,2066.00000000,0.42011541
24.00000000,2067.00000000,0.42150305
24.00000000,2068.00000000,0.42288751
24.00000000,2069.00000000,0.42426832
24.00000000,2070.00000000,0.42564515
24.00000000,2071.00000000,0.42701806
24.00000000,2072.00000000,0.42838887
24.00000000,2073.00000000,0.42975982
24.00000000,2074.00000000,0.43113203
24.00000000,2075.00000000,0.43248777
24.00000000,2076.00000000,0.43384506
24.00000000,2077.00000000,0.43520362
24.00000000,2078.00000000,0.43656244
24.00000000,2079.00000000,0.43792106
24.00000000,2080.00000000,0.43927824
24.00000000,2081.00000000,0.44063346
24.00000000,2082.00000000,0.44198713
24.00000000,2083.00000000,0.44333986
24.00000000,2084.00000000,0.44469152
24.00000000,2085.00000000,0.44535456
24.00000000,2086.00000000,0.44601830
24.00000000,2087.00000000,0.44668263
24.00000000,2088.00000000,0.44734660
24.00000000,2089.00000000,0.44800972
24.00000000,2090.00000000,0.44867134
24.00000000,2091.00000000,0.44933117
24.00000000,2092.00000000,0.44998982
24.00000000,2093.00000000,0.45064843
24.00000000,2094.00000000,0.45130713
24.00000000,2095.00000000,0.45135925
24.00000000,2096.00000000,0.45141366
24.00000000,2097.00000000,0.45146996
24.00000000,2098.00000000,0.45152796
24.00000000,2099.00000000,0.45158718
24.00000000,2100.00000000,0.45164703
24.00000000,2101.00000000,0.45170757
24.00000000,2102.00000000,0.45176940
24.00000000,2103.00000000,0.45183302
24.00000000,2104.00000000,0.45189871
24.00000000,2105.00000000,0.45163503
24.00000000,2106.00000000,0.45137420
24.00000000,2107.00000000,0.45111624
24.00000000,2108.00000000,0.45086070
24.00000000,2109.00000000,0.45060728
24.00000000,2110.00000000,0.45035575
24.00000000,2111.00000000,0.45010556
24.00000000,2112.00000000,0.44985659
24.00000000,2113.00000000,0.44960844
24.00000000,2114.00000000,0.44936068
24.00000000,2115.00000000,0.44877909
24.00000000,2116.00000000,0.44819878
24.00000000,2117.00000000,0.44761960
24.00000000,2118.00000000,0.44704150
24.00000000,2119.00000000,0.44646439
24.00000000,2120.00000000,0.44588799
24.00000000,2121.00000000,0.44531235
24.00000000,2122.00000000,0.44473730
24.00000000,2123.00000000,0.44416287
24.00000000,2124.00000000,0.44358885
24.00000000,2125.00000000,0.44276444
24.00000000,2126.00000000,0.44194152
24.00000000,2127.00000000,0.44111982
24.00000000,2128.00000000,0.44029943
24.00000000,2129.00000000,0.43948044
24.00000000,2130.00000000,0.43866270
24.00000000,2131.00000000,0.43784631
24.00000000,2132.00000000,0.43703130
24.00000000,2133.00000000,0.43621765
24.00000000,2134.00000000,0.43540549
24.00000000,2135.00000000,0.43459470
24.00000000,2136.00000000,0.43378532
24.00000000,2137.00000000,0.43297746
24.00000000,2138.00000000,0.43217103
24.00000000,2139.00000000,0.43136609
24.00000000,2140.00000000,0.43056272
24.00000000,2141.00000000,0.42976093
24.00000000,2142.00000000,0.42896060
24.00000000,2143.00000000,0.42816188
24.00000000,2144.00000000,0.42736480
24.00000000,2145.00000000,0.42656924
24.00000000,2146.00000000,0.42577532
24.00000000,2147.00000000,0.42498302
24.00000000,2148.00000000,0.42419242
24.00000000,2149.00000000,0.42340352
24.00000000,2150.00000000,0.42261621
24.00000000,2151.00000000,0.42183293
24.00000000,2152.00000000,0.42106006
24.00000000,2153.00000000,0.42030369
24.00000000,2154.00000000,0.41956692
24.00000000,2155.00000000,0.41885090
24.00000000,2156.00000000,0.41815587
24.00000000,2157.00000000,0.41748162
24.00000000,2158.00000000,0.41682748
24.00000000,2159.00000000,0.41619278
24.00000000,2160.00000000,0.41557664
24.00000000,2161.00000000,0.41497821
24.00000000,2162.00000000,0.41439686
24.00000000,2163.00000000,0.41383168
24.00000000,2164.00000000,0.41328190
24.00000000,2165.00000000,0.41274686
24.00000000,2166.00000000,0.41222582
24.00000000,2167.00000000,0.41171813
24.00000000,2168.00000000,0.41122317
24.00000000,2169.00000000,0.41074026
24.00000000,2170.00000000,0.41026885
24.00000000,2171.00000000,0.40980841
24.00000000,2172.00000000,0.40935826
24.00000000,2173.00000000,0.40891800
24.00000000,2174.00000000,0.40848699
24.00000000,2175.00000000,0.40652293
24.00000000,2176.00000000,0.40457091
24.00000000,2177.00000000,0.40263068
24.00000000,2178.00000000,0.40070221
24.00000000,2179.00000000,0.39878543
24.00000000,2180.00000000,0.39688016
24.00000000,2181.00000000,0.39498624
24.00000000,2182.00000000,0.39310367
24.00000000,2183.00000000,0.39123225
24.00000000,2184.00000000,0.38937193
24.00000000,2185.00000000,0.38752255
24.00000000,2186.00000000,0.38568395
24.00000000,2187.00000000,0.38385611
24.00000000,2188.00000000,0.38203891
24.00000000,2189.00000000,0.38023213
24.00000000,2190.00000000,0.37843585
24.00000000,2191.00000000,0.37664981
24.00000000,2192.00000000,0.37487389
24.00000000,2193.00000000,0.37310806
24.00000000,2194.00000000,0.37135214
24.00000000,2195.00000000,0.36960608
24.00000000,2196.00000000,0.36786974
24.00000000,2197.00000000,0.36614299
24.00000000,2198.00000000,0.36442579
24.00000000,2199.00000000,0.36271799
24.00000000,2200.00000000,0.36101943
24.00000000,2201.00000000,0.35933012
24.00000000,2202.00000000,0.35764986
24.00000000,2203.00000000,0.35597856
24.00000000,2204.00000000,0.35431615
24.00000000,2205.00000000,0.35266253
24.00000000,2206.00000000,0.35101755
24.00000000,2207.00000000,0.34938117
24.00000000,2208.00000000,0.34775317
24.00000000,2209.00000000,0.34613360
24.00000000,2210.00000000,0.34452228
24.00000000,2211.00000000,0.34291909
24.00000000,2212.00000000,0.34132398
24.00000000,2213.00000000,0.33973684
24.00000000,2214.00000000,0.33815753
24.00000000,2215.00000000,0.33658603
24.00000000,2216.00000000,0.33502218
24.00000000,2217.00000000,0.33346588
24.00000000,2218.00000000,0.33191709
24.00000000,2219.00000000,0.33037564
24.00000000,2220.00000000,0.32884152
24.00000000,2221.00000000,0.32731459
24.00000000,2222.00000000,0.32579473
24.00000000,2223.00000000,0.32428191
24.00000000,2224.00000000,0.32277601
24.00000000,2225.00000000,0.32127689
24.00000000,2226.00000000,0.31978454
24.00000000,2227.00000000,0.31829882
24.00000000,2228.00000000,0.31681965
24.00000000,2229.00000000,0.31534696
24.00000000,2230.00000000,0.31388065
24.00000000,2231.00000000,0.31242060
24.00000000,2232.00000000,0.31096676
24.00000000,2233.00000000,0.30951900
24.00000000,2234.00000000,0.30807728
24.00000000,2235.00000000,0.30664149
24.00000000,2236.00000000,0.30521152
24.00000000,2237.00000000,0.30378734
24.00000000,2238.00000000,0.30236885
24.00000000,2239.00000000,0.30095592
24.00000000,2240.00000000,0.29954853
24.00000000,2241.00000000,0.29814654
24.00000000,2242.00000000,0.29674987
24.00000000,2243.00000000,0.29535847
24.00000000,2244.00000000,0.29397221
24.00000000,2245.00000000,0.29259107
24.00000000,2246.00000000,0.29121493
24.00000000,2247.00000000,0.28984368
24.00000000,2248.00000000,0.28847730
24.00000000,2249.00000000,0.28711534
24.00000000,2250.00000000,0.28575583
24.00000000,2251.00000000,0.28439509
24.00000000,2252.00000000,0.28302972
24.00000000,2253.00000000,0.28165780
24.00000000,2254.00000000,0.28027875
24.00000000,2255.00000000,0.27889231
24.00000000,2256.00000000,0.27749866
24.00000000,2257.00000000,0.27609796
24.00000000,2258.00000000,0.27469036
24.00000000,2259.00000000,0.27327629
24.00000000,2260.00000000,0.27185603
24.00000000,2261.00000000,0.27043004
24.00000000,2262.00000000,0.26899890
24.00000000,2263.00000000,0.26756315
24.00000000,2264.00000000,0.26612319
24.00000000,2265.00000000,0.26467944
24.00000000,2266.00000000,0.26323220
24.00000000,2267.00000000,0.26178178
24.00000000,2268.00000000,0.26032850
24.00000000,2269.00000000,0.25887260
24.00000000,2270.00000000,0.25741439
24.00000000,2271.00000000,0.25595418
24.00000000,2272.00000000,0.25449213
24.00000000,2273.00000000,0.25335409
24.00000000,2274.00000000,0.25317337
24.00000000,2275.00000000,0.25325418
24.00000000,2276.00000000,0.25333476
24.00000000,2277.00000000,0.25341504
24.00000000,2278.00000000,0.25349499
24.00000000,2279.00000000,0.25357473
24.00000000,2280.00000000,0.25369529
24.00000000,2281.00000000,0.25381566
24.00000000,2282.00000000,0.25393576
24.00000000,2283.00000000,0.25405561
24.00000000,2284.00000000,0.25417521
24.00000000,2285.00000000,0.25421314
24.00000000,2286.00000000,0.25425077
24.00000000,2287.00000000,0.25428813
24.00000000,2288.00000000,0.25432520
24.00000000,2289.00000000,0.25436199
24.00000000,2290.00000000,0.25439852
24.00000000,2291.00000000,0.25443480
24.00000000,2292.00000000,0.25447081
24.00000000,2293.00000000,0.25450660
24.00000000,2294.00000000,0.25454211
24.00000000,2295.00000000,0.25457745
24.00000000,2296.00000000,0.25461253
24.00000000,2297.00000000,0.25464738
24.00000000,2298.00000000,0.25468204
24.00000000,2299.00000000,0.25471651
24.00000000,2300.00000000,0.25474719
24.00000000,2301.00000000,0.25477772
24.00000000,2302.00000000,0.25480802
24.00000000,2303.00000000,0.25483807
24.00000000,2304.00000000,0.25486792
24.00000000,2305.00000000,0.25489749
24.00000000,2306.00000000,0.25492689
24.00000000,2307.00000000,0.25495605
24.00000000,2308.00000000,0.25498498
24.00000000,2309.00000000,0.25501374
24.00000000,2310.00000000,0.25504228
24.00000000,2311.00000000,0.25507062
24.00000000,2312.00000000,0.25509878
24.00000000,2313.00000000,0.25512677
24.00000000,2314.00000000,0.25515456
24.00000000,2315.00000000,0.25518219
24.00000000,2316.00000000,0.25520964
24.00000000,2317.00000000,0.25523695
24.00000000,2318.00000000,0.25526413
24.00000000,2319.00000000,0.25529111
24.00000000,2320.00000000,0.25531798
24.00000000,2321.00000000,0.25534472
24.00000000,2322.00000000,0.25537130
24.00000000,2323.00000000,0.25539777
24.00000000,2324.00000000,0.25542413
24.00000000,2325.00000000,0.25545823
24.00000000,2326.00000000,0.25549224
24.00000000,2327.00000000,0.25552615
24.00000000,2328.00000000,0.25555993
24.00000000,2329.00000000,0.25559364
24.00000000,2330.00000000,0.25562721
24.00000000,2331.00000000,0.25566073
24.00000000,2332.00000000,0.25569415
24.00000000,2333.00000000,0.25572744
24.00000000,2334.00000000,0.25576069
24.00000000,2335.00000000,0.25579385
24.00000000,2336.00000000,0.25582689
24.00000000,2337.00000000,0.25585990
24.00000000,2338.00000000,0.25589282
24.00000000,2339.00000000,0.25592566
24.00000000,2340.00000000,0.25595844
24.00000000,2341.00000000,0.25599110
24.00000000,2342.00000000,0.25602375
24.00000000,2343.00000000,0.25605634
24.00000000,2344.00000000,0.25608883
24.00000000,2345.00000000,0.25612130
24.00000000,2346.00000000,0.25615370
24.00000000,2347.00000000,0.25618600
24.00000000,2348.00000000,0.25621830
24.00000000,2349.00000000,0.25625054
24.00000000,2350.00000000,0.25628271
24.00000000,2351.00000000,0.25631485
24.00000000,2352.00000000,0.25634696
24.00000000,2353.00000000,0.25637899
24.00000000,2354.00000000,0.25641105
24.00000000,2355.00000000,0.25644304
24.00000000,2356.00000000,0.25647504
24.00000000,2357.00000000,0.25650701
24.00000000,2358.00000000,0.25653894
24.00000000,2359.00000000,0.25657087
24.00000000,2360.00000000,0.25660280
24.00000000,2361.00000000,0.25663467
24.00000000,2362.00000000,0.25666655
24.00000000,2363.00000000,0.25669842
24.00000000,2364.00000000,0.25673025
24.00000000,2365.00000000,0.25676210
24.00000000,2366.00000000,0.25679390
24.00000000,2367.00000000,0.25682572
24.00000000,2368.00000000,0.25685752
24.00000000,2369.00000000,0.25688929
24.00000000,2370.00000000,0.25692108
24.00000000,2371.00000000,0.25695287
24.00000000,2372.00000000,0.25698460
24.00000000,2373.00000000,0.25701637
24.00000000,2374.00000000,0.25704813
24.00000000,2375.00000000,0.25707758
24.00000000,2376.00000000,0.25710706
24.00000000,2377.00000000,0.25713654
24.00000000,2378.00000000,0.25716596
24.00000000,2379.00000000,0.25719544
24.00000000,2380.00000000,0.25722486
24.00000000,2381.00000000,0.25725433
24.00000000,2382.00000000,0.25728380
24.00000000,2383.00000000,0.25731321
24.00000000,2384.00000000,0.25734268
24.00000000,2385.00000000,0.25737215
24.00000000,2386.00000000,0.25740157
24.00000000,2387.00000000,0.25743105
24.00000000,2388.00000000,0.25746053
24.00000000,2389.00000000,0.25748996
24.00000000,2390.00000000,0.25751945
24.00000000,2391.00000000,0.25754890
24.00000000,2392.00000000,0.25757840
24.00000000,2393.00000000,0.25760791
24.00000000,2394.00000000,0.25763737
24.00000000,2395.00000000,0.25766689
24.00000000,2396.00000000,0.25769642
24.00000000,2397.00000000,0.25772593
24.00000000,2398.00000000,0.25775548
24.00000000,2399.00000000,0.25778504
24.00000000,2400.00000000,0.25781457
24.00000000,2401.00000000,0.25784416
24.00000000,2402.00000000,0.25787371
24.00000000,2403.00000000,0.25790336
24.00000000,2404.00000000,0.25793302
24.00000000,2405.00000000,0.25796267
24.00000000,2406.00000000,0.25799240
24.00000000,2407.00000000,0.25802217
24.00000000,2408.00000000,0.25805190
24.00000000,2409.00000000,0.25808174
24.00000000,2410.00000000,0.25811160
24.00000000,2411.00000000,0.25814144
24.00000000,2412.00000000,0.25817137
24.00000000,2413.00000000,0.25820133
24.00000000,2414.00000000,0.25823126
24.00000000,2415.00000000,0.25826128
24.00000000,2416.00000000,0.25829129
24.00000000,2417.00000000,0.25832138
24.00000000,2418.00000000,0.25835150
24.00000000,2419.00000000,0.25838158
24.00000000,2420.00000000,0.25841178
24.00000000,2421.00000000,0.25844200
24.00000000,2422.00000000,0.25847217
24.00000000,2423.00000000,0.25850247
24.00000000,2424.00000000,0.25853277
24.00000000,2425.00000000,0.25856064
24.00000000,2426.00000000,0.25858860
24.00000000,2427.00000000,0.25861652
24.00000000,2428.00000000,0.25864454
24.00000000,2429.00000000,0.25867260
24.00000000,2430.00000000,0.25870061
24.00000000,2431.00000000,0.25872872
24.00000000,2432.00000000,0.25875686
24.00000000,2433.00000000,0.25878497
24.00000000,2434.00000000,0.25881318
24.00000000,2435.00000000,0.25884144
24.00000000,2436.00000000,0.25886964
24.00000000,2437.00000000,0.25889794
24.00000000,2438.00000000,0.25892629
24.00000000,2439.00000000,0.25895459
24.00000000,2440.00000000,0.25898299
24.00000000,2441.00000000,0.25901137
24.00000000,2442.00000000,0.25903985
24.00000000,2443.00000000,0.25906835
24.00000000,2444.00000000,0.25909683
24.00000000,2445.00000000,0.25912541
24.00000000,2446.00000000,0.25915402
24.00000000,2447.00000000,0.25918259
24.00000000,2448.00000000,0.25921129
24.00000000,2449.00000000,0.25924000
24.00000000,2450.00000000,0.25926867
24.00000000,2451.00000000,0.25929747
24.00000000,2452.00000000,0.25932620
24.00000000,2453.00000000,0.25935505
24.00000000,2454.00000000,0.25938393
24.00000000,2455.00000000,0.25941274
24.00000000,2456.00000000,0.25944167
24.00000000,2457.00000000,0.25947062
24.00000000,2458.00000000,0.25949949
24.00000000,2459.00000000,0.25952850
24.00000000,2460.00000000,0.25955752
24.00000000,2461.00000000,0.25958648
24.00000000,2462.00000000,0.25961556
24.00000000,2463.00000000,0.25964458
24.00000000,2464.00000000,0.25967372
24.00000000,2465.00000000,0.25970287
24.00000000,2466.00000000,0.25973196
24.00000000,2467.00000000,0.25976119
24.00000000,2468.00000000,0.25979045
24.00000000,2469.00000000,0.25981964
24.00000000,2470.00000000,0.25984894
24.00000000,2471.00000000,0.25987829
24.00000000,2472.00000000,0.25990756
24.00000000,2473.00000000,0.25993698
24.00000000,2474.00000000,0.25996641
24.00000000,2475.00000000,0.25999739
24.00000000,2476.00000000,0.26002850
24.00000000,2477.00000000,0.26005954
24.00000000,2478.00000000,0.26009072
24.00000000,2479.00000000,0.26012192
24.00000000,2480.00000000,0.26015306
24.00000000,2481.00000000,0.26018436
24.00000000,2482.00000000,0.26021568
24.00000000,2483.00000000,0.26024692
24.00000000,2484.00000000,0.26027832
24.00000000,2485.00000000,0.26030975
24.00000000,2486.00000000,0.26034112
24.00000000,2487.00000000,0.26037264
24.00000000,2488.00000000,0.26040406
24.00000000,2489.00000000,0.26043566
24.00000000,2490.00000000,0.26046730
24.00000000,2491.00000000,0.26049885
24.00000000,2492.00000000,0.26053058
24.00000000,2493.00000000,0.26056235
24.00000000,2494.00000000,0.26059403
24.00000000,2495.00000000,0.26062590
24.00000000,2496.00000000,0.26065779
24.00000000,2497.00000000,0.26068964
24.00000000,2498.00000000,0.26072165
24.00000000,2499.00000000,0.26075369
24.00000000,2500.00000000,0.26078572
25.00000000,1765.00000000,0.33783999
25.00000000,1766.00000000,0.33783997
25.00000000,1767.00000000,0.33783980
25.00000000,1768.00000000,0.33783969
25.00000000,1769.00000000,0.33783929
25.00000000,1770.00000000,0.33783867
25.00000000,1771.00000000,0.33783779
25.00000000,1772.00000000,0.33783676
25.00000000,1773.00000000,0.33783546
25.00000000,1774.00000000,0.33783385
25.00000000,1775.00000000,0.33783201
25.00000000,1776.00000000,0.33782992
25.00000000,1777.00000000,0.33782776
25.00000000,1778.00000000,0.33782529
25.00000000,1779.00000000,0.33782263
25.00000000,1780.00000000,0.33781973
25.00000000,1781.00000000,0.33781669
25.00000000,1782.00000000,0.33781349
25.00000000,1783.00000000,0.33781009
25.00000000,1784.00000000,0.33780658
25.00000000,1785.00000000,0.33780290
25.00000000,1786.00000000,0.33779914
25.00000000,1787.00000000,0.33779526
25.00000000,1788.00000000,0.33779125
25.00000000,1789.00000000,0.33778717
25.00000000,1790.00000000,0.33778296
25.00000000,1791.00000000,0.33780076
25.00000000,1792.00000000,0.33779630
25.00000000,1793.00000000,0.33779172
25.00000000,1794.00000000,0.33778704
25.00000000,1795.00000000,0.33778231
25.00000000,1796.00000000,0.33778481
25.00000000,1797.00000000,0.33777987
25.00000000,1798.00000000,0.33777487
25.00000000,1799.00000000,0.33776972
25.00000000,1800.00000000,0.33776455
25.00000000,1801.00000000,0.33775926
25.00000000,1802.00000000,0.33775382
25.00000000,1803.00000000,0.33774836
25.00000000,1804.00000000,0.33774273
25.00000000,1805.00000000,0.33773709
25.00000000,1806.00000000,0.33773878
25.00000000,1807.00000000,0.33773295
25.00000000,1808.00000000,0.33772713
25.00000000,1809.00000000,0.33772123
25.00000000,1810.00000000,0.33771527
25.00000000,1811.00000000,0.33770929
25.00000000,1812.00000000,0.33770326
25.00000000,1813.00000000,0.33769718
25.00000000,1814.00000000,0.33769107
25.00000000,1815.00000000,0.33768492
25.00000000,1816.00000000,0.33768614
25.00000000,1817.00000000,0.33767993
25.00000000,1818.00000000,0.33767356
25.00000000,1819.00000000,0.33766717
25.00000000,1820.00000000,0.33766076
25.00000000,1821.00000000,0.33765425
25.00000000,1822.00000000,0.33765520
25.00000000,1823.00000000,0.33764866
25.00000000,1824.00000000,0.33764203
25.00000000,1825.00000000,0.33764284
25.00000000,1826.00000000,0.33763616
25.00000000,1827.00000000,0.33764424
25.00000000,1828.00000000,0.33763006
25.00000000,1829.00000000,0.33762321
25.00000000,1830.00000000,0.33761639
25.00000000,1831.00000000,0.33761683
25.00000000,1832.00000000,0.33760972
25.00000000,1833.00000000,0.33760254
25.00000000,1834.00000000,0.33759533
25.00000000,1835.00000000,0.33758799
25.00000000,1836.00000000,0.33758805
25.00000000,1837.00000000,0.33758063
25.00000000,1838.00000000,0.33757304
25.00000000,1839.00000000,0.33756544
25.00000000,1840.00000000,0.33756508
25.00000000,1841.00000000,0.33756467
25.00000000,1842.00000000,0.33756421
25.00000000,1843.00000000,0.33755617
25.00000000,1844.00000000,0.33754812
25.00000000,1845.00000000,0.33753992
25.00000000,1846.00000000,0.33753154
25.00000000,1847.00000000,0.33753051
25.00000000,1848.00000000,0.33752933
25.00000000,1849.00000000,0.33752061
25.00000000,1850.00000000,0.33751916
25.00000000,1851.00000000,0.33751018
25.00000000,1852.00000000,0.33750839
25.00000000,1853.00000000,0.33749918
25.00000000,1854.00000000,0.33748947
25.00000000,1855.00000000,0.33752365
25.00000000,1856.00000000,0.33750548
25.00000000,1857.00000000,0.33749436
25.00000000,1858.00000000,0.33749038
25.00000000,1859.00000000,0.33747890
25.00000000,1860.00000000,0.33747465
25.00000000,1861.00000000,0.33749244
25.00000000,1862.00000000,0.33748031
25.00000000,1863.00000000,0.33747529
25.00000000,1864.00000000,0.33747064
25.00000000,1865.00000000,0.33747369
25.00000000,1866.00000000,0.33746962
25.00000000,1867.00000000,0.33747304
25.00000000,1868.00000000,0.33746912
25.00000000,1869.00000000,0.33747259
25.00000000,1870.00000000,0.33749084
25.00000000,1871.00000000,0.33747935
25.00000000,1872.00000000,0.33748995
25.00000000,1873.00000000,0.33748511
25.00000000,1874.00000000,0.33749351
25.00000000,1875.00000000,0.33750798
25.00000000,1876.00000000,0.33749154
25.00000000,1877.00000000,0.33749643
25.00000000,1878.00000000,0.33749317
25.00000000,1879.00000000,0.33754858
25.00000000,1880.00000000,0.33754416
25.00000000,1881.00000000,0.33756107
25.00000000,1882.00000000,0.33754716
25.00000000,1883.00000000,0.33753218
25.00000000,1884.00000000,0.33754617
25.00000000,1885.00000000,0.33758204
25.00000000,1886.00000000,0.33758817
25.00000000,1887.00000000,0.33757959
25.00000000,1888.00000000,0.33760792
25.00000000,1889.00000000,0.33764330
25.00000000,1890.00000000,0.33767072
25.00000000,1891.00000000,0.33766794
25.00000000,1892.00000000,0.33770318
25.00000000,1893.00000000,0.33771425
25.00000000,1894.00000000,0.33773996
25.00000000,1895.00000000,0.33775065
25.00000000,1896.00000000,0.33779037
25.00000000,1897.00000000,0.33788864
25.00000000,1898.00000000,0.33794146
25.00000000,1899.00000000,0.33783739
25.00000000,1900.00000000,0.33790949
25.00000000,1901.00000000,0.33789809
25.00000000,1902.00000000,0.33788491
25.00000000,1903.00000000,0.33785812
25.00000000,1904.00000000,0.33792171
25.00000000,1905.00000000,0.33807181
25.00000000,1906.00000000,0.33807855
25.00000000,1907.00000000,0.33812658
25.00000000,1908.00000000,0.33819314
25.00000000,1909.00000000,0.33816047
25.00000000,1910.00000000,0.33811828
25.00000000,1911.00000000,0.33808917
25.00000000,1912.00000000,0.33813253
25.00000000,1913.00000000,0.33830801
25.00000000,1914.00000000,0.33824569
25.00000000,1915.00000000,0.33839917
25.00000000,1916.00000000,0.33845915
25.00000000,1917.00000000,0.33841745
25.00000000,1918.00000000,0.33833205
25.00000000,1919.00000000,0.33837366
25.00000000,1920.00000000,0.33849230
25.00000000,1921.00000000,0.33853970
25.00000000,1922.00000000,0.33864946
25.00000000,1923.00000000,0.33879124
25.00000000,1924.00000000,0.33905883
25.00000000,1925.00000000,0.33921412
25.00000000,1926.00000000,0.33930162
25.00000000,1927.00000000,0.33935846
25.00000000,1928.00000000,0.33968721
25.00000000,1929.00000000,0.33968742
25.00000000,1930.00000000,0.33992164
25.00000000,1931.00000000,0.34019164
25.00000000,1932.00000000,0.34070769
25.00000000,1933.00000000,0.34040631
25.00000000,1934.00000000,0.34062028
25.00000000,1935.00000000,0.34082882
25.00000000,1936.00000000,0.34091125
25.00000000,1937.00000000,0.34118328
25.00000000,1938.00000000,0.34160665
25.00000000,1939.00000000,0.34086519
25.00000000,1940.00000000,0.34072121
25.00000000,1941.00000000,0.34112906
25.00000000,1942.00000000,0.34146659
25.00000000,1943.00000000,0.34126080
25.00000000,1944.00000000,0.34023103
25.00000000,1945.00000000,0.34109510
25.00000000,1946.00000000,0.34007515
25.00000000,1947.00000000,0.34032426
25.00000000,1948.00000000,0.34118677
25.00000000,1949.00000000,0.34106873
25.00000000,1950.00000000,0.34108755
25.00000000,1951.00000000,0.34107096
25.00000000,1952.00000000,0.34157117
25.00000000,1953.00000000,0.34149898
25.00000000,1954.00000000,0.34198755
25.00000000,1955.00000000,0.34119696
25.00000000,1956.00000000,0.34024335
25.00000000,1957.00000000,0.33942823
25.00000000,1958.00000000,0.33963071
25.00000000,1959.00000000,0.34007542
25.00000000,1960.00000000,0.34031875
25.00000000,1961.00000000,0.34091659
25.00000000,1962.00000000,0.34133174
25.00000000,1963.00000000,0.34066378
25.00000000,1964.00000000,0.34085394
25.00000000,1965.00000000,0.34145740
25.00000000,1966.00000000,0.34152152
25.00000000,1967.00000000,0.34137814
25.00000000,1968.00000000,0.34152860
25.00000000,1969.00000000,0.34125056
25.00000000,1970.00000000,0.33937995
25.00000000,1971.00000000,0.33971488
25.00000000,1972.00000000,0.34059704
25.00000000,1973.00000000,0.34090213
25.00000000,1974.00000000,0.34026419
25.00000000,1975.00000000,0.34153822
25.00000000,1976.00000000,0.34227254
25.00000000,1977.00000000,0.34219649
25.00000000,1978.00000000,0.34224065
25.00000000,1979.00000000,0.34212602
25.00000000,1980.00000000,0.34313508
25.00000000,1981.00000000,0.34382643
25.00000000,1982.00000000,0.34420796
25.00000000,1983.00000000,0.34436553
25.00000000,1984.00000000,0.34505959
25.00000000,1985.00000000,0.34563508
25.00000000,1986.00000000,0.34549557
25.00000000,1987.00000000,0.34600500
25.00000000,1988.00000000,0.34681686
25.00000000,1989.00000000,0.34770979
25.00000000,1990.00000000,0.34842718
25.00000000,1991.00000000,0.34930668
25.00000000,1992.00000000,0.34978896
25.00000000,1993.00000000,0.35078990
25.00000000,1994.00000000,0.35205075
25.00000000,1995.00000000,0.35378172
25.00000000,1996.00000000,0.35463149
25.00000000,1997.00000000,0.35557503
25.00000000,1998.00000000,0.35701227
25.00000000,1999.00000000,0.35679707
25.00000000,2000.00000000,0.35630897
25.00000000,2001.00000000,0.35798493
25.00000000,2002.00000000,0.35877198
25.00000000,2003.00000000,0.35904678
25.00000000,2004.00000000,0.36081056
25.00000000,2005.00000000,0.36010726
25.00000000,2006.00000000,0.35859234
25.00000000,2007.00000000,0.35795290
25.00000000,2008.00000000,0.35747191
25.00000000,2009.00000000,0.35840629
25.00000000,2010.00000000,0.35913818
25.00000000,2011.00000000,0.35994419
25.00000000,2012.00000000,0.36057008
25.00000000,2013.00000000,0.36167352
25.00000000,2014.00000000,0.36213904
25.00000000,2015.00000000,0.36208305
25.00000000,2016.00000000,0.36227247
25.00000000,2017.00000000,0.36094682
25.00000000,2018.00000000,0.36049673
25.00000000,2019.00000000,0.36084129
25.00000000,2020.00000000,0.36125965
25.00000000,2021.00000000,0.36172352
25.00000000,2022.00000000,0.36196856
25.00000000,2023.00000000,0.36120099
25.00000000,2024.00000000,0.36051457
25.00000000,2025.00000000,0.36114822
25.00000000,2026.00000000,0.36173960
25.00000000,2027.00000000,0.36155622
25.00000000,2028.00000000,0.36339475
25.00000000,2029.00000000,0.36557412
25.00000000,2030.00000000,0.36712734
25.00000000,2031.00000000,0.36790116
25.00000000,2032.00000000,0.36866995
25.00000000,2033.00000000,0.36943225
25.00000000,2034.00000000,0.37018457
25.00000000,2035.00000000,0.37092615
25.00000000,2036.00000000,0.37215202
25.00000000,2037.00000000,0.37336514
25.00000000,2038.00000000,0.37456544
25.00000000,2039.00000000,0.37575268
25.00000000,2040.00000000,0.37692691
25.00000000,2041.00000000,0.37808806
25.00000000,2042.00000000,0.37923509
25.00000000,2043.00000000,0.38036676
25.00000000,2044.00000000,0.38148253
25.00000000,2045.00000000,0.38258194
25.00000000,2046.00000000,0.38344839
25.00000000,2047.00000000,0.38429910
25.00000000,2048.00000000,0.38513444
25.00000000,2049.00000000,0.38595497
25.00000000,2050.00000000,0.38676099
25.00000000,2051.00000000,0.38755310
25.00000000,2052.00000000,0.38833189
25.00000000,2053.00000000,0.38909795
25.00000000,2054.00000000,0.38985179
25.00000000,2055.00000000,0.39059412
25.00000000,2056.00000000,0.39176856
25.00000000,2057.00000000,0.39293043
25.00000000,2058.00000000,0.39408026
25.00000000,2059.00000000,0.39521799
25.00000000,2060.00000000,0.39634386
25.00000000,2061.00000000,0.39745880
25.00000000,2062.00000000,0.39856524
25.00000000,2063.00000000,0.39966647
25.00000000,2064.00000000,0.40076453
25.00000000,2065.00000000,0.40186071
25.00000000,2066.00000000,0.40327255
25.00000000,2067.00000000,0.40468219
25.00000000,2068.00000000,0.40608942
25.00000000,2069.00000000,0.40749404
25.00000000,2070.00000000,0.40889547
25.00000000,2071.00000000,0.41029396
25.00000000,2072.00000000,0.41169103
25.00000000,2073.00000000,0.41308892
25.00000000,2074.00000000,0.41448871
25.00000000,2075.00000000,0.41589080
25.00000000,2076.00000000,0.41727736
25.00000000,2077.00000000,0.41866573
25.00000000,2078.00000000,0.42005516
25.00000000,2079.00000000,0.42144465
25.00000000,2080.00000000,0.42283358
25.00000000,2081.00000000,0.42422121
25.00000000,2082.00000000,0.42560774
25.00000000,2083.00000000,0.42699403
25.00000000,2084.00000000,0.42837981
25.00000000,2085.00000000,0.42976471
25.00000000,2086.00000000,0.43048242
25.00000000,2087.00000000,0.43120032
25.00000000,2088.00000000,0.43191816
25.00000000,2089.00000000,0.43263506
25.00000000,2090.00000000,0.43335034
25.00000000,2091.00000000,0.43406387
25.00000000,2092.00000000,0.43477636
25.00000000,2093.00000000,0.43548855
25.00000000,2094.00000000,0.43620092
25.00000000,2095.00000000,0.43691331
25.00000000,2096.00000000,0.43703685
25.00000000,2097.00000000,0.43716184
25.00000000,2098.00000000,0.43728787
25.00000000,2099.00000000,0.43741460
25.00000000,2100.00000000,0.43754160
25.00000000,2101.00000000,0.43766868
25.00000000,2102.00000000,0.43779659
25.00000000,2103.00000000,0.43792584
25.00000000,2104.00000000,0.43805660
25.00000000,2105.00000000,0.43818878
25.00000000,2106.00000000,0.43800041
25.00000000,2107.00000000,0.43781400
25.00000000,2108.00000000,0.43762950
25.00000000,2109.00000000,0.43744634
25.00000000,2110.00000000,0.43726444
25.00000000,2111.00000000,0.43708335
25.00000000,2112.00000000,0.43690274
25.00000000,2113.00000000,0.43672238
25.00000000,2114.00000000,0.43654197
25.00000000,2115.00000000,0.43636115
25.00000000,2116.00000000,0.43585501
25.00000000,2117.00000000,0.43534921
25.00000000,2118.00000000,0.43484364
25.00000000,2119.00000000,0.43433828
25.00000000,2120.00000000,0.43383309
25.00000000,2121.00000000,0.43332786
25.00000000,2122.00000000,0.43282262
25.00000000,2123.00000000,0.43231717
25.00000000,2124.00000000,0.43181171
25.00000000,2125.00000000,0.43130586
25.00000000,2126.00000000,0.43055560
25.00000000,2127.00000000,0.42980600
25.00000000,2128.00000000,0.42905690
25.00000000,2129.00000000,0.42830836
25.00000000,2130.00000000,0.42756051
25.00000000,2131.00000000,0.42681324
25.00000000,2132.00000000,0.42606659
25.00000000,2133.00000000,0.42532064
25.00000000,2134.00000000,0.42457540
25.00000000,2135.00000000,0.42383099
25.00000000,2136.00000000,0.42308729
25.00000000,2137.00000000,0.42234440
25.00000000,2138.00000000,0.42160239
25.00000000,2139.00000000,0.42086131
25.00000000,2140.00000000,0.42012104
25.00000000,2141.00000000,0.41938174
25.00000000,2142.00000000,0.41864346
25.00000000,2143.00000000,0.41790606
25.00000000,2144.00000000,0.41716967
25.00000000,2145.00000000,0.41643440
25.00000000,2146.00000000,0.41570010
25.00000000,2147.00000000,0.41496697
25.00000000,2148.00000000,0.41423486
25.00000000,2149.00000000,0.41350393
25.00000000,2150.00000000,0.41277417
25.00000000,2151.00000000,0.41204774
25.00000000,2152.00000000,0.41133107
25.00000000,2153.00000000,0.41063002
25.00000000,2154.00000000,0.40994762
25.00000000,2155.00000000,0.40928513
25.00000000,2156.00000000,0.40864278
25.00000000,2157.00000000,0.40802013
25.00000000,2158.00000000,0.40741677
25.00000000,2159.00000000,0.40683193
25.00000000,2160.00000000,0.40626490
25.00000000,2161.00000000,0.40571488
25.00000000,2162.00000000,0.40518098
25.00000000,2163.00000000,0.40466264
25.00000000,2164.00000000,0.40415896
25.00000000,2165.00000000,0.40366933
25.00000000,2166.00000000,0.40319309
25.00000000,2167.00000000,0.40272960
25.00000000,2168.00000000,0.40227815
25.00000000,2169.00000000,0.40183823
25.00000000,2170.00000000,0.40140922
25.00000000,2171.00000000,0.40099065
25.00000000,2172.00000000,0.40058196
25.00000000,2173.00000000,0.40018254
25.00000000,2174.00000000,0.39979202
25.00000000,2175.00000000,0.39940982
25.00000000,2176.00000000,0.39752698
25.00000000,2177.00000000,0.39565490
25.00000000,2178.00000000,0.39379349
25.00000000,2179.00000000,0.39194261
25.00000000,2180.00000000,0.39010225
25.00000000,2181.00000000,0.38827227
25.00000000,2182.00000000,0.38645257
25.00000000,2183.00000000,0.38464310
25.00000000,2184.00000000,0.38284372
25.00000000,2185.00000000,0.38105439
25.00000000,2186.00000000,0.37927499
25.00000000,2187.00000000,0.37750536
25.00000000,2188.00000000,0.37574555
25.00000000,2189.00000000,0.37399538
25.00000000,2190.00000000,0.37225472
25.00000000,2191.00000000,0.37052361
25.00000000,2192.00000000,0.36880185
25.00000000,2193.00000000,0.36708932
25.00000000,2194.00000000,0.36538601
25.00000000,2195.00000000,0.36369176
25.00000000,2196.00000000,0.36200653
25.00000000,2197.00000000,0.36033023
25.00000000,2198.00000000,0.35866269
25.00000000,2199.00000000,0.35700392
25.00000000,2200.00000000,0.35535377
25.00000000,2201.00000000,0.35371209
25.00000000,2202.00000000,0.35207890
25.00000000,2203.00000000,0.35045404
25.00000000,2204.00000000,0.34883743
25.00000000,2205.00000000,0.34722901
25.00000000,2206.00000000,0.34562869
25.00000000,2207.00000000,0.34403631
25.00000000,2208.00000000,0.34245185
25.00000000,2209.00000000,0.34087516
25.00000000,2210.00000000,0.33930621
25.00000000,2211.00000000,0.33774489
25.00000000,2212.00000000,0.33619106
25.00000000,2213.00000000,0.33464471
25.00000000,2214.00000000,0.33310574
25.00000000,2215.00000000,0.33157397
25.00000000,2216.00000000,0.33004946
25.00000000,2217.00000000,0.32853201
25.00000000,2218.00000000,0.32702154
25.00000000,2219.00000000,0.32551803
25.00000000,2220.00000000,0.32402133
25.00000000,2221.00000000,0.32253141
25.00000000,2222.00000000,0.32104816
25.00000000,2223.00000000,0.31957146
25.00000000,2224.00000000,0.31810129
25.00000000,2225.00000000,0.31663753
25.00000000,2226.00000000,0.31518005
25.00000000,2227.00000000,0.31372887
25.00000000,2228.00000000,0.31228384
25.00000000,2229.00000000,0.31084488
25.00000000,2230.00000000,0.30941194
25.00000000,2231.00000000,0.30798495
25.00000000,2232.00000000,0.30656371
25.00000000,2233.00000000,0.30514826
25.00000000,2234.00000000,0.30373844
25.00000000,2235.00000000,0.30233427
25.00000000,2236.00000000,0.30093561
25.00000000,2237.00000000,0.29954231
25.00000000,2238.00000000,0.29815442
25.00000000,2239.00000000,0.29677183
25.00000000,2240.00000000,0.29539437
25.00000000,2241.00000000,0.29402209
25.00000000,2242.00000000,0.29265480
25.00000000,2243.00000000,0.29129244
25.00000000,2244.00000000,0.28993499
25.00000000,2245.00000000,0.28858230
25.00000000,2246.00000000,0.28723437
25.00000000,2247.00000000,0.28589109
25.00000000,2248.00000000,0.28455235
25.00000000,2249.00000000,0.28321778
25.00000000,2250.00000000,0.28188545
25.00000000,2251.00000000,0.28055168
25.00000000,2252.00000000,0.27921315
25.00000000,2253.00000000,0.27786805
25.00000000,2254.00000000,0.27651563
25.00000000,2255.00000000,0.27515582
25.00000000,2256.00000000,0.27378867
25.00000000,2257.00000000,0.27241438
25.00000000,2258.00000000,0.27103317
25.00000000,2259.00000000,0.26964534
25.00000000,2260.00000000,0.26825126
25.00000000,2261.00000000,0.26685139
25.00000000,2262.00000000,0.26544621
25.00000000,2263.00000000,0.26403636
25.00000000,2264.00000000,0.26262220
25.00000000,2265.00000000,0.26120410
25.00000000,2266.00000000,0.25978241
25.00000000,2267.00000000,0.25835743
25.00000000,2268.00000000,0.25692943
25.00000000,2269.00000000,0.25549872
25.00000000,2270.00000000,0.25406554
25.00000000,2271.00000000,0.25263019
25.00000000,2272.00000000,0.25119295
25.00000000,2273.00000000,0.24975399
25.00000000,2274.00000000,0.24863326
25.00000000,2275.00000000,0.24845264
25.00000000,2276.00000000,0.24852888
25.00000000,2277.00000000,0.24860493
25.00000000,2278.00000000,0.24868074
25.00000000,2279.00000000,0.24875627
25.00000000,2280.00000000,0.24883164
25.00000000,2281.00000000,0.24894711
25.00000000,2282.00000000,0.24906243
25.00000000,2283.00000000,0.24917753
25.00000000,2284.00000000,0.24929241
25.00000000,2285.00000000,0.24940709
25.00000000,2286.00000000,0.24944162
25.00000000,2287.00000000,0.24947586
25.00000000,2288.00000000,0.24950989
25.00000000,2289.00000000,0.24954365
25.00000000,2290.00000000,0.24957717
25.00000000,2291.00000000,0.24961047
25.00000000,2292.00000000,0.24964356
25.00000000,2293.00000000,0.24967639
25.00000000,2294.00000000,0.24970904
25.00000000,2295.00000000,0.24974147
25.00000000,2296.00000000,0.24977370
25.00000000,2297.00000000,0.24980575
25.00000000,2298.00000000,0.24983757
25.00000000,2299.00000000,0.24986926
25.00000000,2300.00000000,0.24990075
25.00000000,2301.00000000,0.24992857
25.00000000,2302.00000000,0.24995621
25.00000000,2303.00000000,0.24998366
25.00000000,2304.00000000,0.25001086
25.00000000,2305.00000000,0.25003787
25.00000000,2306.00000000,0.25006466
25.00000000,2307.00000000,0.25009126
25.00000000,2308.00000000,0.25011768
25.00000000,2309.00000000,0.25014389
25.00000000,2310.00000000,0.25016992
25.00000000,2311.00000000,0.25019579
25.00000000,2312.00000000,0.25022144
25.00000000,2313.00000000,0.25024698
25.00000000,2314.00000000,0.25027235
25.00000000,2315.00000000,0.25029753
25.00000000,2316.00000000,0.25032259
25.00000000,2317.00000000,0.25034748
25.00000000,2318.00000000,0.25037225
25.00000000,2319.00000000,0.25039690
25.00000000,2320.00000000,0.25042138
25.00000000,2321.00000000,0.25044576
25.00000000,2322.00000000,0.25047003
25.00000000,2323.00000000,0.25049414
25.00000000,2324.00000000,0.25051818
25.00000000,2325.00000000,0.25054211
25.00000000,2326.00000000,0.25057365
25.00000000,2327.00000000,0.25060513
25.00000000,2328.00000000,0.25063650
25.00000000,2329.00000000,0.25066776
25.00000000,2330.00000000,0.25069897
25.00000000,2331.00000000,0.25073005
25.00000000,2332.00000000,0.25076109
25.00000000,2333.00000000,0.25079205
25.00000000,2334.00000000,0.25082288
25.00000000,2335.00000000,0.25085369
25.00000000,2336.00000000,0.25088442
25.00000000,2337.00000000,0.25091506
25.00000000,2338.00000000,0.25094565
25.00000000,2339.00000000,0.25097618
25.00000000,2340.00000000,0.25100660
25.00000000,2341.00000000,0.25103701
25.00000000,2342.00000000,0.25106732
25.00000000,2343.00000000,0.25109760
25.00000000,2344.00000000,0.25112784
25.00000000,2345.00000000,0.25115797
25.00000000,2346.00000000,0.25118810
25.00000000,2347.00000000,0.25121817
25.00000000,2348.00000000,0.25124817
25.00000000,2349.00000000,0.25127815
25.00000000,2350.00000000,0.25130809
25.00000000,2351.00000000,0.25133796
25.00000000,2352.00000000,0.25136782
25.00000000,2353.00000000,0.25139766
25.00000000,2354.00000000,0.25142742
25.00000000,2355.00000000,0.25145721
25.00000000,2356.00000000,0.25148696
25.00000000,2357.00000000,0.25151671
25.00000000,2358.00000000,0.25154645
25.00000000,2359.00000000,0.25157613
25.00000000,2360.00000000,0.25160584
25.00000000,2361.00000000,0.25163553
25.00000000,2362.00000000,0.25166518
25.00000000,2363.00000000,0.25169485
25.00000000,2364.00000000,0.25172452
25.00000000,2365.00000000,0.25175412
25.00000000,2366.00000000,0.25178375
25.00000000,2367.00000000,0.25181335
25.00000000,2368.00000000,0.25184296
25.00000000,2369.00000000,0.25187259
25.00000000,2370.00000000,0.25190214
25.00000000,2371.00000000,0.25193175
25.00000000,2372.00000000,0.25196134
25.00000000,2373.00000000,0.25199089
25.00000000,2374.00000000,0.25202047
25.00000000,2375.00000000,0.25205006
25.00000000,2376.00000000,0.25207736
25.00000000,2377.00000000,0.25210471
25.00000000,2378.00000000,0.25213206
25.00000000,2379.00000000,0.25215936
25.00000000,2380.00000000,0.25218670
25.00000000,2381.00000000,0.25221399
25.00000000,2382.00000000,0.25224133
25.00000000,2383.00000000,0.25226868
25.00000000,2384.00000000,0.25229597
25.00000000,2385.00000000,0.25232332
25.00000000,2386.00000000,0.25235067
25.00000000,2387.00000000,0.25237796
25.00000000,2388.00000000,0.25240532
25.00000000,2389.00000000,0.25243268
25.00000000,2390.00000000,0.25246001
25.00000000,2391.00000000,0.25248738
25.00000000,2392.00000000,0.25251470
25.00000000,2393.00000000,0.25254209
25.00000000,2394.00000000,0.25256948
25.00000000,2395.00000000,0.25259684
25.00000000,2396.00000000,0.25262425
25.00000000,2397.00000000,0.25265167
25.00000000,2398.00000000,0.25267906
25.00000000,2399.00000000,0.25270649
25.00000000,2400.00000000,0.25273394
25.00000000,2401.00000000,0.25276136
25.00000000,2402.00000000,0.25278884
25.00000000,2403.00000000,0.25281631
25.00000000,2404.00000000,0.25284384
25.00000000,2405.00000000,0.25287142
25.00000000,2406.00000000,0.25289896
25.00000000,2407.00000000,0.25292660
25.00000000,2408.00000000,0.25295425
25.00000000,2409.00000000,0.25298190
25.00000000,2410.00000000,0.25300963
25.00000000,2411.00000000,0.25303738
25.00000000,2412.00000000,0.25306511
25.00000000,2413.00000000,0.25309294
25.00000000,2414.00000000,0.25312079
25.00000000,2415.00000000,0.25314860
25.00000000,2416.00000000,0.25317652
25.00000000,2417.00000000,0.25320441
25.00000000,2418.00000000,0.25323238
25.00000000,2419.00000000,0.25326038
25.00000000,2420.00000000,0.25328836
25.00000000,2421.00000000,0.25331643
25.00000000,2422.00000000,0.25334452
25.00000000,2423.00000000,0.25337258
25.00000000,2424.00000000,0.25340075
25.00000000,2425.00000000,0.25342892
25.00000000,2426.00000000,0.25345470
25.00000000,2427.00000000,0.25348058
25.00000000,2428.00000000,0.25350642
25.00000000,2429.00000000,0.25353234
25.00000000,2430.00000000,0.25355830
25.00000000,2431.00000000,0.25358422
25.00000000,2432.00000000,0.25361024
25.00000000,2433.00000000,0.25363628
25.00000000,2434.00000000,0.25366229
25.00000000,2435.00000000,0.25368841
25.00000000,2436.00000000,0.25371454
25.00000000,2437.00000000,0.25374064
25.00000000,2438.00000000,0.25376684
25.00000000,2439.00000000,0.25379306
25.00000000,2440.00000000,0.25381926
25.00000000,2441.00000000,0.25384554
25.00000000,2442.00000000,0.25387180
25.00000000,2443.00000000,0.25389816
25.00000000,2444.00000000,0.25392454
25.00000000,2445.00000000,0.25395089
25.00000000,2446.00000000,0.25397734
25.00000000,2447.00000000,0.25400382
25.00000000,2448.00000000,0.25403026
25.00000000,2449.00000000,0.25405681
25.00000000,2450.00000000,0.25408339
25.00000000,2451.00000000,0.25410992
25.00000000,2452.00000000,0.25413656
25.00000000,2453.00000000,0.25416314
25.00000000,2454.00000000,0.25418984
25.00000000,2455.00000000,0.25421654
25.00000000,2456.00000000,0.25424319
25.00000000,2457.00000000,0.25426995
25.00000000,2458.00000000,0.25429673
25.00000000,2459.00000000,0.25432344
25.00000000,2460.00000000,0.25435026
25.00000000,2461.00000000,0.25437711
25.00000000,2462.00000000,0.25440388
25.00000000,2463.00000000,0.25443078
25.00000000,2464.00000000,0.25445761
25.00000000,2465.00000000,0.25448457
25.00000000,2466.00000000,0.25451153
25.00000000,2467.00000000,0.25453844
25.00000000,2468.00000000,0.25456547
25.00000000,2469.00000000,0.25459253
25.00000000,2470.00000000,0.25461951
25.00000000,2471.00000000,0.25464662
25.00000000,2472.00000000,0.25467376
25.00000000,2473.00000000,0.25470084
25.00000000,2474.00000000,0.25472804
25.00000000,2475.00000000,0.25475526
25.00000000,2476.00000000,0.25478400
25.00000000,2477.00000000,0.25481285
25.00000000,2478.00000000,0.25484163
25.00000000,2479.00000000,0.25487057
25.00000000,2480.00000000,0.25489951
25.00000000,2481.00000000,0.25492840
25.00000000,2482.00000000,0.25495743
25.00000000,2483.00000000,0.25498649
25.00000000,2484.00000000,0.25501548
25.00000000,2485.00000000,0.25504461
25.00000000,2486.00000000,0.25507376
25.00000000,2487.00000000,0.25510286
25.00000000,2488.00000000,0.25513209
25.00000000,2489.00000000,0.25516125
25.00000000,2490.00000000,0.25519057
25.00000000,2491.00000000,0.25521991
25.00000000,2492.00000000,0.25524919
25.00000000,2493.00000000,0.25527863
25.00000000,2494.00000000,0.25530809
25.00000000,2495.00000000,0.25533749
25.00000000,2496.00000000,0.25536706
25.00000000,2497.00000000,0.25539666
25.00000000,2498.00000000,0.25542621
25.00000000,2499.00000000,0.25545592
25.00000000,2500.00000000,0.25548564
26.00000000,1765.00000000,0.32270404
26.00000000,1766.00000000,0.32270397
26.00000000,1767.00000000,0.32270390
26.00000000,1768.00000000,0.32270361
26.00000000,1769.00000000,0.32270340
26.00000000,1770.00000000,0.32270289
26.00000000,1771.00000000,0.32270215
26.00000000,1772.00000000,0.32270119
26.00000000,1773.00000000,0.32270006
26.00000000,1774.00000000,0.32269871
26.00000000,1775.00000000,0.32269712
26.00000000,1776.00000000,0.32269532
26.00000000,1777.00000000,0.32269331
26.00000000,1778.00000000,0.32269130
26.00000000,1779.00000000,0.32268898
26.00000000,1780.00000000,0.32268653
26.00000000,1781.00000000,0.32268389
26.00000000,1782.00000000,0.32268112
26.00000000,1783.00000000,0.32267823
26.00000000,1784.00000000,0.32267517
26.00000000,1785.00000000,0.32267207
26.00000000,1786.00000000,0.32266882
26.00000000,1787.00000000,0.32266552
26.00000000,1788.00000000,0.32266217
26.00000000,1789.00000000,0.32265868
26.00000000,1790.00000000,0.32265522
26.00000000,1791.00000000,0.32265158
26.00000000,1792.00000000,0.32266926
26.00000000,1793.00000000,0.32266550
26.00000000,1794.00000000,0.32266160
26.00000000,1795.00000000,0.32265770
26.00000000,1796.00000000,0.32265371
26.00000000,1797.00000000,0.32265678
26.00000000,1798.00000000,0.32265270
26.00000000,1799.00000000,0.32264853
26.00000000,1800.00000000,0.32264429
26.00000000,1801.00000000,0.32263999
26.00000000,1802.00000000,0.32263562
26.00000000,1803.00000000,0.32263114
26.00000000,1804.00000000,0.32262662
26.00000000,1805.00000000,0.32262203
26.00000000,1806.00000000,0.32261741
26.00000000,1807.00000000,0.32261989
26.00000000,1808.00000000,0.32261517
26.00000000,1809.00000000,0.32261042
26.00000000,1810.00000000,0.32260568
26.00000000,1811.00000000,0.32260084
26.00000000,1812.00000000,0.32259601
26.00000000,1813.00000000,0.32259119
26.00000000,1814.00000000,0.32258627
26.00000000,1815.00000000,0.32258140
26.00000000,1816.00000000,0.32257643
26.00000000,1817.00000000,0.32257864
26.00000000,1818.00000000,0.32257359
26.00000000,1819.00000000,0.32256845
26.00000000,1820.00000000,0.32256335
26.00000000,1821.00000000,0.32255820
26.00000000,1822.00000000,0.32255303
26.00000000,1823.00000000,0.32255499
26.00000000,1824.00000000,0.32254975
26.00000000,1825.00000000,0.32254448
26.00000000,1826.00000000,0.32254632
26.00000000,1827.00000000,0.32254101
26.00000000,1828.00000000,0.32254990
26.00000000,1829.00000000,0.32253733
26.00000000,1830.00000000,0.32253188
26.00000000,1831.00000000,0.32252634
26.00000000,1832.00000000,0.32252786
26.00000000,1833.00000000,0.32252208
26.00000000,1834.00000000,0.32251633
26.00000000,1835.00000000,0.32251049
26.00000000,1836.00000000,0.32250457
26.00000000,1837.00000000,0.32250579
26.00000000,1838.00000000,0.32249973
26.00000000,1839.00000000,0.32249359
26.00000000,1840.00000000,0.32248738
26.00000000,1841.00000000,0.32248820
26.00000000,1842.00000000,0.32248901
26.00000000,1843.00000000,0.32248971
26.00000000,1844.00000000,0.32248317
26.00000000,1845.00000000,0.32247653
26.00000000,1846.00000000,0.32246981
26.00000000,1847.00000000,0.32246288
26.00000000,1848.00000000,0.32246304
26.00000000,1849.00000000,0.32246312
26.00000000,1850.00000000,0.32245585
26.00000000,1851.00000000,0.32245566
26.00000000,1852.00000000,0.32244814
26.00000000,1853.00000000,0.32244777
26.00000000,1854.00000000,0.32243983
26.00000000,1855.00000000,0.32243130
26.00000000,1856.00000000,0.32246530
26.00000000,1857.00000000,0.32244887
26.00000000,1858.00000000,0.32243942
26.00000000,1859.00000000,0.32243690
26.00000000,1860.00000000,0.32242712
26.00000000,1861.00000000,0.32242431
26.00000000,1862.00000000,0.32244270
26.00000000,1863.00000000,0.32243222
26.00000000,1864.00000000,0.32242905
26.00000000,1865.00000000,0.32242623
26.00000000,1866.00000000,0.32243071
26.00000000,1867.00000000,0.32242816
26.00000000,1868.00000000,0.32243281
26.00000000,1869.00000000,0.32243024
26.00000000,1870.00000000,0.32243483
26.00000000,1871.00000000,0.32245361
26.00000000,1872.00000000,0.32244357
26.00000000,1873.00000000,0.32245461
26.00000000,1874.00000000,0.32244995
26.00000000,1875.00000000,0.32245833
26.00000000,1876.00000000,0.32247284
26.00000000,1877.00000000,0.32245782
26.00000000,1878.00000000,0.32246368
26.00000000,1879.00000000,0.32246184
26.00000000,1880.00000000,0.32251666
26.00000000,1881.00000000,0.32251342
26.00000000,1882.00000000,0.32253077
26.00000000,1883.00000000,0.32251816
26.00000000,1884.00000000,0.32250499
26.00000000,1885.00000000,0.32252011
26.00000000,1886.00000000,0.32255652
26.00000000,1887.00000000,0.32256442
26.00000000,1888.00000000,0.32255791
26.00000000,1889.00000000,0.32258681
26.00000000,1890.00000000,0.32262237
26.00000000,1891.00000000,0.32265015
26.00000000,1892.00000000,0.32264876
26.00000000,1893.00000000,0.32268431
26.00000000,1894.00000000,0.32269689
26.00000000,1895.00000000,0.32272369
26.00000000,1896.00000000,0.32273578
26.00000000,1897.00000000,0.32277570
26.00000000,1898.00000000,0.32287205
26.00000000,1899.00000000,0.32292435
26.00000000,1900.00000000,0.32282474
26.00000000,1901.00000000,0.32289509
26.00000000,1902.00000000,0.32288501
26.00000000,1903.00000000,0.32287303
26.00000000,1904.00000000,0.32284786
26.00000000,1905.00000000,0.32290993
26.00000000,1906.00000000,0.32305560
26.00000000,1907.00000000,0.32306241
26.00000000,1908.00000000,0.32310874
26.00000000,1909.00000000,0.32317375
26.00000000,1910.00000000,0.32314396
26.00000000,1911.00000000,0.32310526
26.00000000,1912.00000000,0.32307942
26.00000000,1913.00000000,0.32312399
26.00000000,1914.00000000,0.32329642
26.00000000,1915.00000000,0.32324116
26.00000000,1916.00000000,0.32339566
26.00000000,1917.00000000,0.32345925
26.00000000,1918.00000000,0.32342343
26.00000000,1919.00000000,0.32334588
26.00000000,1920.00000000,0.32339276
26.00000000,1921.00000000,0.32351405
26.00000000,1922.00000000,0.32356686
26.00000000,1923.00000000,0.32367933
26.00000000,1924.00000000,0.32382054
26.00000000,1925.00000000,0.32408210
26.00000000,1926.00000000,0.32423556
26.00000000,1927.00000000,0.32432379
26.00000000,1928.00000000,0.32438180
26.00000000,1929.00000000,0.32470170
26.00000000,1930.00000000,0.32470452
26.00000000,1931.00000000,0.32493516
26.00000000,1932.00000000,0.32520335
26.00000000,1933.00000000,0.32571132
26.00000000,1934.00000000,0.32543042
26.00000000,1935.00000000,0.32564451
26.00000000,1936.00000000,0.32585092
26.00000000,1937.00000000,0.32593318
26.00000000,1938.00000000,0.32619728
26.00000000,1939.00000000,0.32660860
26.00000000,1940.00000000,0.32589590
26.00000000,1941.00000000,0.32575889
26.00000000,1942.00000000,0.32615421
26.00000000,1943.00000000,0.32648247
26.00000000,1944.00000000,0.32628652
26.00000000,1945.00000000,0.32529681
26.00000000,1946.00000000,0.32613923
26.00000000,1947.00000000,0.32516330
26.00000000,1948.00000000,0.32540869
26.00000000,1949.00000000,0.32624373
26.00000000,1950.00000000,0.32613205
26.00000000,1951.00000000,0.32615084
26.00000000,1952.00000000,0.32613329
26.00000000,1953.00000000,0.32661337
26.00000000,1954.00000000,0.32654251
26.00000000,1955.00000000,0.32701478
26.00000000,1956.00000000,0.32625127
26.00000000,1957.00000000,0.32532907
26.00000000,1958.00000000,0.32454053
26.00000000,1959.00000000,0.32473585
26.00000000,1960.00000000,0.32516539
26.00000000,1961.00000000,0.32540242
26.00000000,1962.00000000,0.32598377
26.00000000,1963.00000000,0.32638927
26.00000000,1964.00000000,0.32574863
26.00000000,1965.00000000,0.32593531
26.00000000,1966.00000000,0.32652038
26.00000000,1967.00000000,0.32658460
26.00000000,1968.00000000,0.32644891
26.00000000,1969.00000000,0.32659671
26.00000000,1970.00000000,0.32633021
26.00000000,1971.00000000,0.32452473
26.00000000,1972.00000000,0.32484844
26.00000000,1973.00000000,0.32570255
26.00000000,1974.00000000,0.32600075
26.00000000,1975.00000000,0.32539215
26.00000000,1976.00000000,0.32663330
26.00000000,1977.00000000,0.32735396
26.00000000,1978.00000000,0.32729084
26.00000000,1979.00000000,0.32734418
26.00000000,1980.00000000,0.32724437
26.00000000,1981.00000000,0.32823287
26.00000000,1982.00000000,0.32892238
26.00000000,1983.00000000,0.32931787
26.00000000,1984.00000000,0.32949712
26.00000000,1985.00000000,0.33019126
26.00000000,1986.00000000,0.33076711
26.00000000,1987.00000000,0.33064995
26.00000000,1988.00000000,0.33115753
26.00000000,1989.00000000,0.33195572
26.00000000,1990.00000000,0.33283217
26.00000000,1991.00000000,0.33354125
26.00000000,1992.00000000,0.33441014
26.00000000,1993.00000000,0.33489974
26.00000000,1994.00000000,0.33589433
26.00000000,1995.00000000,0.33713956
26.00000000,1996.00000000,0.33883650
26.00000000,1997.00000000,0.33968090
26.00000000,1998.00000000,0.34061554
26.00000000,1999.00000000,0.34202945
26.00000000,2000.00000000,0.34184989
26.00000000,2001.00000000,0.34140568
26.00000000,2002.00000000,0.34304880
26.00000000,2003.00000000,0.34383175
26.00000000,2004.00000000,0.34411447
26.00000000,2005.00000000,0.34582812
26.00000000,2006.00000000,0.34515555
26.00000000,2007.00000000,0.34370022
26.00000000,2008.00000000,0.34309300
26.00000000,2009.00000000,0.34264108
26.00000000,2010.00000000,0.34355782
26.00000000,2011.00000000,0.34428031
26.00000000,2012.00000000,0.34507439
26.00000000,2013.00000000,0.34569382
26.00000000,2014.00000000,0.34677390
26.00000000,2015.00000000,0.34723814
26.00000000,2016.00000000,0.34719911
26.00000000,2017.00000000,0.34739757
26.00000000,2018.00000000,0.34613389
26.00000000,2019.00000000,0.34571638
26.00000000,2020.00000000,0.34606699
26.00000000,2021.00000000,0.34649002
26.00000000,2022.00000000,0.34695855
26.00000000,2023.00000000,0.34721767
26.00000000,2024.00000000,0.34650067
26.00000000,2025.00000000,0.34586337
26.00000000,2026.00000000,0.34650186
26.00000000,2027.00000000,0.34710067
26.00000000,2028.00000000,0.34695238
26.00000000,2029.00000000,0.34875737
26.00000000,2030.00000000,0.35089253
26.00000000,2031.00000000,0.35242352
26.00000000,2032.00000000,0.35320130
26.00000000,2033.00000000,0.35397314
26.00000000,2034.00000000,0.35473810
26.00000000,2035.00000000,0.35549329
26.00000000,2036.00000000,0.35623834
26.00000000,2037.00000000,0.35745161
26.00000000,2038.00000000,0.35865325
26.00000000,2039.00000000,0.35984332
26.00000000,2040.00000000,0.36102166
26.00000000,2041.00000000,0.36218814
26.00000000,2042.00000000,0.36334193
26.00000000,2043.00000000,0.36448180
26.00000000,2044.00000000,0.36560696
26.00000000,2045.00000000,0.36671719
26.00000000,2046.00000000,0.36781234
26.00000000,2047.00000000,0.36868319
26.00000000,2048.00000000,0.36953983
26.00000000,2049.00000000,0.37038264
26.00000000,2050.00000000,0.37121209
26.00000000,2051.00000000,0.37202865
26.00000000,2052.00000000,0.37283286
26.00000000,2053.00000000,0.37362528
26.00000000,2054.00000000,0.37440657
26.00000000,2055.00000000,0.37517704
26.00000000,2056.00000000,0.37593738
26.00000000,2057.00000000,0.37711626
26.00000000,2058.00000000,0.37828396
26.00000000,2059.00000000,0.37944101
26.00000000,2060.00000000,0.38058715
26.00000000,2061.00000000,0.38172345
26.00000000,2062.00000000,0.38285236
26.00000000,2063.00000000,0.38397672
26.00000000,2064.00000000,0.38509868
26.00000000,2065.00000000,0.38621948
26.00000000,2066.00000000,0.38733956
26.00000000,2067.00000000,0.38876593
26.00000000,2068.00000000,0.39019076
26.00000000,2069.00000000,0.39161368
26.00000000,2070.00000000,0.39303437
26.00000000,2071.00000000,0.39445289
26.00000000,2072.00000000,0.39587080
26.00000000,2073.00000000,0.39729010
26.00000000,2074.00000000,0.39871190
26.00000000,2075.00000000,0.40013648
26.00000000,2076.00000000,0.40156381
26.00000000,2077.00000000,0.40297628
26.00000000,2078.00000000,0.40439046
26.00000000,2079.00000000,0.40580541
26.00000000,2080.00000000,0.40722015
26.00000000,2081.00000000,0.40863431
26.00000000,2082.00000000,0.41004815
26.00000000,2083.00000000,0.41146201
26.00000000,2084.00000000,0.41287616
26.00000000,2085.00000000,0.41428995
26.00000000,2086.00000000,0.41570274
26.00000000,2087.00000000,0.41646839
26.00000000,2088.00000000,0.41723373
26.00000000,2089.00000000,0.41799834
26.00000000,2090.00000000,0.41876142
26.00000000,2091.00000000,0.41952266
26.00000000,2092.00000000,0.42028302
26.00000000,2093.00000000,0.42104306
26.00000000,2094.00000000,0.42180314
26.00000000,2095.00000000,0.42256321
26.00000000,2096.00000000,0.42332290
26.00000000,2097.00000000,0.42351056
26.00000000,2098.00000000,0.42369887
26.00000000,2099.00000000,0.42388730
26.00000000,2100.00000000,0.42407563
26.00000000,2101.00000000,0.42426360
26.00000000,2102.00000000,0.42445187
26.00000000,2103.00000000,0.42464116
26.00000000,2104.00000000,0.42483158
26.00000000,2105.00000000,0.42502290
26.00000000,2106.00000000,0.42521511
26.00000000,2107.00000000,0.42509494
26.00000000,2108.00000000,0.42497598
26.00000000,2109.00000000,0.42485789
26.00000000,2110.00000000,0.42474031
26.00000000,2111.00000000,0.42462310
26.00000000,2112.00000000,0.42450592
26.00000000,2113.00000000,0.42438831
26.00000000,2114.00000000,0.42427026
26.00000000,2115.00000000,0.42415128
26.00000000,2116.00000000,0.42403124
26.00000000,2117.00000000,0.42359390
26.00000000,2118.00000000,0.42315612
26.00000000,2119.00000000,0.42271785
26.00000000,2120.00000000,0.42227910
26.00000000,2121.00000000,0.42183975
26.00000000,2122.00000000,0.42139965
26.00000000,2123.00000000,0.42095886
26.00000000,2124.00000000,0.42051721
26.00000000,2125.00000000,0.42007485
26.00000000,2126.00000000,0.41963152
26.00000000,2127.00000000,0.41894950
26.00000000,2128.00000000,0.41826751
26.00000000,2129.00000000,0.41758529
26.00000000,2130.00000000,0.41690298
26.00000000,2131.00000000,0.41622070
26.00000000,2132.00000000,0.41553838
26.00000000,2133.00000000,0.41485609
26.00000000,2134.00000000,0.41417392
26.00000000,2135.00000000,0.41349187
26.00000000,2136.00000000,0.41281009
26.00000000,2137.00000000,0.41212849
26.00000000,2138.00000000,0.41144710
26.00000000,2139.00000000,0.41076603
26.00000000,2140.00000000,0.41008537
26.00000000,2141.00000000,0.40940497
26.00000000,2142.00000000,0.40872499
26.00000000,2143.00000000,0.40804553
26.00000000,2144.00000000,0.40736646
26.00000000,2145.00000000,0.40668796
26.00000000,2146.00000000,0.40601002
26.00000000,2147.00000000,0.40533257
26.00000000,2148.00000000,0.40465579
26.00000000,2149.00000000,0.40397956
26.00000000,2150.00000000,0.40330406
26.00000000,2151.00000000,0.40263140
26.00000000,2152.00000000,0.40196772
26.00000000,2153.00000000,0.40131898
26.00000000,2154.00000000,0.40068806
26.00000000,2155.00000000,0.40007605
26.00000000,2156.00000000,0.39948330
26.00000000,2157.00000000,0.39890952
26.00000000,2158.00000000,0.39835408
26.00000000,2159.00000000,0.39781646
26.00000000,2160.00000000,0.39729578
26.00000000,2161.00000000,0.39679139
26.00000000,2162.00000000,0.39630243
26.00000000,2163.00000000,0.39582824
26.00000000,2164.00000000,0.39536819
26.00000000,2165.00000000,0.39492156
26.00000000,2166.00000000,0.39448761
26.00000000,2167.00000000,0.39406580
26.00000000,2168.00000000,0.39365556
26.00000000,2169.00000000,0.39325624
26.00000000,2170.00000000,0.39286737
26.00000000,2171.00000000,0.39248835
26.00000000,2172.00000000,0.39211876
26.00000000,2173.00000000,0.39175806
26.00000000,2174.00000000,0.39140572
26.00000000,2175.00000000,0.39106141
26.00000000,2176.00000000,0.39072448
26.00000000,2177.00000000,0.38891806
26.00000000,2178.00000000,0.38712128
26.00000000,2179.00000000,0.38533401
26.00000000,2180.00000000,0.38355617
26.00000000,2181.00000000,0.38178782
26.00000000,2182.00000000,0.38002882
26.00000000,2183.00000000,0.37827904
26.00000000,2184.00000000,0.37653850
26.00000000,2185.00000000,0.37480707
26.00000000,2186.00000000,0.37308473
26.00000000,2187.00000000,0.37137137
26.00000000,2188.00000000,0.36966687
26.00000000,2189.00000000,0.36797130
26.00000000,2190.00000000,0.36628446
26.00000000,2191.00000000,0.36460629
26.00000000,2192.00000000,0.36293679
26.00000000,2193.00000000,0.36127581
26.00000000,2194.00000000,0.35962323
26.00000000,2195.00000000,0.35797907
26.00000000,2196.00000000,0.35634318
26.00000000,2197.00000000,0.35471556
26.00000000,2198.00000000,0.35309609
26.00000000,2199.00000000,0.35148464
26.00000000,2200.00000000,0.34988121
26.00000000,2201.00000000,0.34828569
26.00000000,2202.00000000,0.34669793
26.00000000,2203.00000000,0.34511797
26.00000000,2204.00000000,0.34354566
26.00000000,2205.00000000,0.34198092
26.00000000,2206.00000000,0.34042373
26.00000000,2207.00000000,0.33887398
26.00000000,2208.00000000,0.33733153
26.00000000,2209.00000000,0.33579637
26.00000000,2210.00000000,0.33426838
26.00000000,2211.00000000,0.33274753
26.00000000,2212.00000000,0.33123372
26.00000000,2213.00000000,0.32972682
26.00000000,2214.00000000,0.32822681
26.00000000,2215.00000000,0.32673362
26.00000000,2216.00000000,0.32524712
26.00000000,2217.00000000,0.32376727
26.00000000,2218.00000000,0.32229396
26.00000000,2219.00000000,0.32082714
26.00000000,2220.00000000,0.31936674
26.00000000,2221.00000000,0.31791263
26.00000000,2222.00000000,0.31646480
26.00000000,2223.00000000,0.31502316
26.00000000,2224.00000000,0.31358757
26.00000000,2225.00000000,0.31215803
26.00000000,2226.00000000,0.31073443
26.00000000,2227.00000000,0.30931666
26.00000000,2228.00000000,0.30790472
26.00000000,2229.00000000,0.30649849
26.00000000,2230.00000000,0.30509789
26.00000000,2231.00000000,0.30370287
26.00000000,2232.00000000,0.30231334
26.00000000,2233.00000000,0.30092918
26.00000000,2234.00000000,0.29955037
26.00000000,2235.00000000,0.29817681
26.00000000,2236.00000000,0.29680846
26.00000000,2237.00000000,0.29544522
26.00000000,2238.00000000,0.29408700
26.00000000,2239.00000000,0.29273377
26.00000000,2240.00000000,0.29138544
26.00000000,2241.00000000,0.29004191
26.00000000,2242.00000000,0.28870314
26.00000000,2243.00000000,0.28736902
26.00000000,2244.00000000,0.28603949
26.00000000,2245.00000000,0.28471450
26.00000000,2246.00000000,0.28339393
26.00000000,2247.00000000,0.28207777
26.00000000,2248.00000000,0.28076593
26.00000000,2249.00000000,0.27945796
26.00000000,2250.00000000,0.27815203
26.00000000,2251.00000000,0.27684452
26.00000000,2252.00000000,0.27553206
26.00000000,2253.00000000,0.27421297
26.00000000,2254.00000000,0.27288651
26.00000000,2255.00000000,0.27155253
26.00000000,2256.00000000,0.27021117
26.00000000,2257.00000000,0.26886256
26.00000000,2258.00000000,0.26750697
26.00000000,2259.00000000,0.26614469
26.00000000,2260.00000000,0.26477605
26.00000000,2261.00000000,0.26340153
26.00000000,2262.00000000,0.26202167
26.00000000,2263.00000000,0.26063694
26.00000000,2264.00000000,0.25924787
26.00000000,2265.00000000,0.25785474
26.00000000,2266.00000000,0.25645788
26.00000000,2267.00000000,0.25505764
26.00000000,2268.00000000,0.25365427
26.00000000,2269.00000000,0.25224804
26.00000000,2270.00000000,0.25083925
26.00000000,2271.00000000,0.24942811
26.00000000,2272.00000000,0.24801493
26.00000000,2273.00000000,0.24659997
26.00000000,2274.00000000,0.24518340
26.00000000,2275.00000000,0.24407949
26.00000000,2276.00000000,0.24389908
26.00000000,2277.00000000,0.24397101
26.00000000,2278.00000000,0.24404281
26.00000000,2279.00000000,0.24411442
26.00000000,2280.00000000,0.24418578
26.00000000,2281.00000000,0.24425702
26.00000000,2282.00000000,0.24436769
26.00000000,2283.00000000,0.24447824
26.00000000,2284.00000000,0.24458861
26.00000000,2285.00000000,0.24469879
26.00000000,2286.00000000,0.24480880
26.00000000,2287.00000000,0.24484014
26.00000000,2288.00000000,0.24487122
26.00000000,2289.00000000,0.24490210
26.00000000,2290.00000000,0.24493277
26.00000000,2291.00000000,0.24496322
26.00000000,2292.00000000,0.24499350
26.00000000,2293.00000000,0.24502357
26.00000000,2294.00000000,0.24505344
26.00000000,2295.00000000,0.24508313
26.00000000,2296.00000000,0.24511264
26.00000000,2297.00000000,0.24514199
26.00000000,2298.00000000,0.24517118
26.00000000,2299.00000000,0.24520018
26.00000000,2300.00000000,0.24522904
26.00000000,2301.00000000,0.24525775
26.00000000,2302.00000000,0.24528284
26.00000000,2303.00000000,0.24530778
26.00000000,2304.00000000,0.24533251
26.00000000,2305.00000000,0.24535703
26.00000000,2306.00000000,0.24538140
26.00000000,2307.00000000,0.24540554
26.00000000,2308.00000000,0.24542955
26.00000000,2309.00000000,0.24545339
26.00000000,2310.00000000,0.24547701
26.00000000,2311.00000000,0.24550052
26.00000000,2312.00000000,0.24552386
26.00000000,2313.00000000,0.24554701
26.00000000,2314.00000000,0.24557007
26.00000000,2315.00000000,0.24559296
26.00000000,2316.00000000,0.24561571
26.00000000,2317.00000000,0.24563835
26.00000000,2318.00000000,0.24566082
26.00000000,2319.00000000,0.24568321
26.00000000,2320.00000000,0.24570549
26.00000000,2321.00000000,0.24572759
26.00000000,2322.00000000,0.24574965
26.00000000,2323.00000000,0.24577159
26.00000000,2324.00000000,0.24579340
26.00000000,2325.00000000,0.24581514
26.00000000,2326.00000000,0.24583679
26.00000000,2327.00000000,0.24586592
26.00000000,2328.00000000,0.24589501
26.00000000,2329.00000000,0.24592399
26.00000000,2330.00000000,0.24595288
26.00000000,2331.00000000,0.24598174
26.00000000,2332.00000000,0.24601047
26.00000000,2333.00000000,0.24603918
26.00000000,2334.00000000,0.24606781
26.00000000,2335.00000000,0.24609635
26.00000000,2336.00000000,0.24612486
26.00000000,2337.00000000,0.24615330
26.00000000,2338.00000000,0.24618163
26.00000000,2339.00000000,0.24620996
26.00000000,2340.00000000,0.24623823
26.00000000,2341.00000000,0.24626641
26.00000000,2342.00000000,0.24629458
26.00000000,2343.00000000,0.24632263
26.00000000,2344.00000000,0.24635069
26.00000000,2345.00000000,0.24637871
26.00000000,2346.00000000,0.24640665
26.00000000,2347.00000000,0.24643457
26.00000000,2348.00000000,0.24646245
26.00000000,2349.00000000,0.24649024
26.00000000,2350.00000000,0.24651807
26.00000000,2351.00000000,0.24654583
26.00000000,2352.00000000,0.24657352
26.00000000,2353.00000000,0.24660123
26.00000000,2354.00000000,0.24662894
26.00000000,2355.00000000,0.24665657
26.00000000,2356.00000000,0.24668423
26.00000000,2357.00000000,0.24671185
26.00000000,2358.00000000,0.24673949
26.00000000,2359.00000000,0.24676711
26.00000000,2360.00000000,0.24679469
26.00000000,2361.00000000,0.24682229
26.00000000,2362.00000000,0.24684990
26.00000000,2363.00000000,0.24687743
26.00000000,2364.00000000,0.24690500
26.00000000,2365.00000000,0.24693258
26.00000000,2366.00000000,0.24696009
26.00000000,2367.00000000,0.24698766
26.00000000,2368.00000000,0.24701515
26.00000000,2369.00000000,0.24704271
26.00000000,2370.00000000,0.24707024
26.00000000,2371.00000000,0.24709774
26.00000000,2372.00000000,0.24712527
26.00000000,2373.00000000,0.24715280
26.00000000,2374.00000000,0.24718027
26.00000000,2375.00000000,0.24720781
26.00000000,2376.00000000,0.24723533
26.00000000,2377.00000000,0.24726061
26.00000000,2378.00000000,0.24728595
26.00000000,2379.00000000,0.24731127
26.00000000,2380.00000000,0.24733657
26.00000000,2381.00000000,0.24736191
26.00000000,2382.00000000,0.24738718
26.00000000,2383.00000000,0.24741252
26.00000000,2384.00000000,0.24743786
26.00000000,2385.00000000,0.24746314
26.00000000,2386.00000000,0.24748849
26.00000000,2387.00000000,0.24751384
26.00000000,2388.00000000,0.24753915
26.00000000,2389.00000000,0.24756451
26.00000000,2390.00000000,0.24758987
26.00000000,2391.00000000,0.24761518
26.00000000,2392.00000000,0.24764055
26.00000000,2393.00000000,0.24766589
26.00000000,2394.00000000,0.24769128
26.00000000,2395.00000000,0.24771668
26.00000000,2396.00000000,0.24774204
26.00000000,2397.00000000,0.24776746
26.00000000,2398.00000000,0.24779288
26.00000000,2399.00000000,0.24781827
26.00000000,2400.00000000,0.24784371
26.00000000,2401.00000000,0.24786917
26.00000000,2402.00000000,0.24789460
26.00000000,2403.00000000,0.24792010
26.00000000,2404.00000000,0.24794558
26.00000000,2405.00000000,0.24797113
26.00000000,2406.00000000,0.24799673
26.00000000,2407.00000000,0.24802230
26.00000000,2408.00000000,0.24804795
26.00000000,2409.00000000,0.24807364
26.00000000,2410.00000000,0.24809929
26.00000000,2411.00000000,0.24812502
26.00000000,2412.00000000,0.24815080
26.00000000,2413.00000000,0.24817655
26.00000000,2414.00000000,0.24820238
26.00000000,2415.00000000,0.24822824
26.00000000,2416.00000000,0.24825406
26.00000000,2417.00000000,0.24827998
26.00000000,2418.00000000,0.24830587
26.00000000,2419.00000000,0.24833184
26.00000000,2420.00000000,0.24835786
26.00000000,2421.00000000,0.24838384
26.00000000,2422.00000000,0.24840990
26.00000000,2423.00000000,0.24843598
26.00000000,2424.00000000,0.24846204
26.00000000,2425.00000000,0.24848820
26.00000000,2426.00000000,0.24851436
26.00000000,2427.00000000,0.24853817
26.00000000,2428.00000000,0.24856208
26.00000000,2429.00000000,0.24858594
26.00000000,2430.00000000,0.24860990
26.00000000,2431.00000000,0.24863389
26.00000000,2432.00000000,0.24865783
26.00000000,2433.00000000,0.24868187
26.00000000,2434.00000000,0.24870593
26.00000000,2435.00000000,0.24872997
26.00000000,2436.00000000,0.24875409
26.00000000,2437.00000000,0.24877823
26.00000000,2438.00000000,0.24880235
26.00000000,2439.00000000,0.24882655
26.00000000,2440.00000000,0.24885079
26.00000000,2441.00000000,0.24887497
26.00000000,2442.00000000,0.24889927
26.00000000,2443.00000000,0.24892352
26.00000000,2444.00000000,0.24894788
26.00000000,2445.00000000,0.24897226
26.00000000,2446.00000000,0.24899660
26.00000000,2447.00000000,0.24902105
26.00000000,2448.00000000,0.24904551
26.00000000,2449.00000000,0.24906993
26.00000000,2450.00000000,0.24909447
26.00000000,2451.00000000,0.24911903
26.00000000,2452.00000000,0.24914353
26.00000000,2453.00000000,0.24916815
26.00000000,2454.00000000,0.24919268
26.00000000,2455.00000000,0.24921734
26.00000000,2456.00000000,0.24924200
26.00000000,2457.00000000,0.24926660
26.00000000,2458.00000000,0.24929131
26.00000000,2459.00000000,0.24931605
26.00000000,2460.00000000,0.24934071
26.00000000,2461.00000000,0.24936549
26.00000000,2462.00000000,0.24939027
26.00000000,2463.00000000,0.24941500
26.00000000,2464.00000000,0.24943983
26.00000000,2465.00000000,0.24946461
26.00000000,2466.00000000,0.24948949
26.00000000,2467.00000000,0.24951440
26.00000000,2468.00000000,0.24953923
26.00000000,2469.00000000,0.24956420
26.00000000,2470.00000000,0.24958917
26.00000000,2471.00000000,0.24961409
26.00000000,2472.00000000,0.24963913
26.00000000,2473.00000000,0.24966418
26.00000000,2474.00000000,0.24968918
26.00000000,2475.00000000,0.24971430
26.00000000,2476.00000000,0.24973943
26.00000000,2477.00000000,0.24976604
26.00000000,2478.00000000,0.24979279
26.00000000,2479.00000000,0.24981945
26.00000000,2480.00000000,0.24984626
26.00000000,2481.00000000,0.24987309
26.00000000,2482.00000000,0.24989982
26.00000000,2483.00000000,0.24992673
26.00000000,2484.00000000,0.24995365
26.00000000,2485.00000000,0.24998049
26.00000000,2486.00000000,0.25000749
26.00000000,2487.00000000,0.25003451
26.00000000,2488.00000000,0.25006144
26.00000000,2489.00000000,0.25008854
26.00000000,2490.00000000,0.25011555
26.00000000,2491.00000000,0.25014271
26.00000000,2492.00000000,0.25016991
26.00000000,2493.00000000,0.25019703
26.00000000,2494.00000000,0.25022431
26.00000000,2495.00000000,0.25025162
26.00000000,2496.00000000,0.25027885
26.00000000,2497.00000000,0.25030625
26.00000000,2498.00000000,0.25033368
26.00000000,2499.00000000,0.25036107
26.00000000,2500.00000000,0.25038860
27.00000000,1765.00000000,0.30856670
27.00000000,1766.00000000,0.30856676
27.00000000,1767.00000000,0.30856664
27.00000000,1768.00000000,0.30856647
27.00000000,1769.00000000,0.30856610
27.00000000,1770.00000000,0.30856580
27.00000000,1771.00000000,0.30856519
27.00000000,1772.00000000,0.30856439
27.00000000,1773.00000000,0.30856336
27.00000000,1774.00000000,0.30856220
27.00000000,1775.00000000,0.30856088
27.00000000,1776.00000000,0.30855934
27.00000000,1777.00000000,0.30855762
27.00000000,1778.00000000,0.30855577
27.00000000,1779.00000000,0.30855391
27.00000000,1780.00000000,0.30855180
27.00000000,1781.00000000,0.30854961
27.00000000,1782.00000000,0.30854723
27.00000000,1783.00000000,0.30854475
27.00000000,1784.00000000,0.30854220
27.00000000,1785.00000000,0.30853953
27.00000000,1786.00000000,0.30853683
27.00000000,1787.00000000,0.30853401
27.00000000,1788.00000000,0.30853122
27.00000000,1789.00000000,0.30852836
27.00000000,1790.00000000,0.30852545
27.00000000,1791.00000000,0.30852251
27.00000000,1792.00000000,0.30851947
27.00000000,1793.00000000,0.30853708
27.00000000,1794.00000000,0.30853394
27.00000000,1795.00000000,0.30853072
27.00000000,1796.00000000,0.30852755
27.00000000,1797.00000000,0.30852432
27.00000000,1798.00000000,0.30852794
27.00000000,1799.00000000,0.30852462
27.00000000,1800.00000000,0.30852130
27.00000000,1801.00000000,0.30851786
27.00000000,1802.00000000,0.30851441
27.00000000,1803.00000000,0.30851093
27.00000000,1804.00000000,0.30850732
27.00000000,1805.00000000,0.30850376
27.00000000,1806.00000000,0.30850010
27.00000000,1807.00000000,0.30849645
27.00000000,1808.00000000,0.30849971
27.00000000,1809.00000000,0.30849598
27.00000000,1810.00000000,0.30849231
27.00000000,1811.00000000,0.30848859
27.00000000,1812.00000000,0.30848482
27.00000000,1813.00000000,0.30848110
27.00000000,1814.00000000,0.30847735
27.00000000,1815.00000000,0.30847358
27.00000000,1816.00000000,0.30846979
27.00000000,1817.00000000,0.30846597
27.00000000,1818.00000000,0.30846901
27.00000000,1819.00000000,0.30846510
27.00000000,1820.00000000,0.30846116
27.00000000,1821.00000000,0.30845722
27.00000000,1822.00000000,0.30845330
27.00000000,1823.00000000,0.30844930
27.00000000,1824.00000000,0.30845222
27.00000000,1825.00000000,0.30844823
27.00000000,1826.00000000,0.30844415
27.00000000,1827.00000000,0.30844702
27.00000000,1828.00000000,0.30844292
27.00000000,1829.00000000,0.30845262
27.00000000,1830.00000000,0.30844155
27.00000000,1831.00000000,0.30843727
27.00000000,1832.00000000,0.30843296
27.00000000,1833.00000000,0.30843546
27.00000000,1834.00000000,0.30843100
27.00000000,1835.00000000,0.30842651
27.00000000,1836.00000000,0.30842198
27.00000000,1837.00000000,0.30841737
27.00000000,1838.00000000,0.30841959
27.00000000,1839.00000000,0.30841487
27.00000000,1840.00000000,0.30841001
27.00000000,1841.00000000,0.30840516
27.00000000,1842.00000000,0.30840706
27.00000000,1843.00000000,0.30840894
27.00000000,1844.00000000,0.30841077
27.00000000,1845.00000000,0.30840554
27.00000000,1846.00000000,0.30840026
27.00000000,1847.00000000,0.30839484
27.00000000,1848.00000000,0.30838927
27.00000000,1849.00000000,0.30839059
27.00000000,1850.00000000,0.30839176
27.00000000,1851.00000000,0.30838588
27.00000000,1852.00000000,0.30838679
27.00000000,1853.00000000,0.30838089
27.00000000,1854.00000000,0.30838142
27.00000000,1855.00000000,0.30837456
27.00000000,1856.00000000,0.30836728
27.00000000,1857.00000000,0.30840120
27.00000000,1858.00000000,0.30838653
27.00000000,1859.00000000,0.30837861
27.00000000,1860.00000000,0.30837745
27.00000000,1861.00000000,0.30836924
27.00000000,1862.00000000,0.30836767
27.00000000,1863.00000000,0.30838656
27.00000000,1864.00000000,0.30837796
27.00000000,1865.00000000,0.30837647
27.00000000,1866.00000000,0.30837513
27.00000000,1867.00000000,0.30838073
27.00000000,1868.00000000,0.30837951
27.00000000,1869.00000000,0.30838513
27.00000000,1870.00000000,0.30838379
27.00000000,1871.00000000,0.30838926
27.00000000,1872.00000000,0.30840851
27.00000000,1873.00000000,0.30839964
27.00000000,1874.00000000,0.30841037
27.00000000,1875.00000000,0.30840618
27.00000000,1876.00000000,0.30841486
27.00000000,1877.00000000,0.30842973
27.00000000,1878.00000000,0.30841629
27.00000000,1879.00000000,0.30842322
27.00000000,1880.00000000,0.30842272
27.00000000,1881.00000000,0.30847669
27.00000000,1882.00000000,0.30847455
27.00000000,1883.00000000,0.30849205
27.00000000,1884.00000000,0.30848114
27.00000000,1885.00000000,0.30846989
27.00000000,1886.00000000,0.30848621
27.00000000,1887.00000000,0.30852323
27.00000000,1888.00000000,0.30853254
27.00000000,1889.00000000,0.30852770
27.00000000,1890.00000000,0.30855689
27.00000000,1891.00000000,0.30859253
27.00000000,1892.00000000,0.30862053
27.00000000,1893.00000000,0.30862062
27.00000000,1894.00000000,0.30865675
27.00000000,1895.00000000,0.30867077
27.00000000,1896.00000000,0.30869831
27.00000000,1897.00000000,0.30871143
27.00000000,1898.00000000,0.30875144
27.00000000,1899.00000000,0.30884572
27.00000000,1900.00000000,0.30889706
27.00000000,1901.00000000,0.30880150
27.00000000,1902.00000000,0.30887036
27.00000000,1903.00000000,0.30886138
27.00000000,1904.00000000,0.30885045
27.00000000,1905.00000000,0.30882692
27.00000000,1906.00000000,0.30888763
27.00000000,1907.00000000,0.30902874
27.00000000,1908.00000000,0.30903532
27.00000000,1909.00000000,0.30908080
27.00000000,1910.00000000,0.30914533
27.00000000,1911.00000000,0.30911846
27.00000000,1912.00000000,0.30908322
27.00000000,1913.00000000,0.30906069
27.00000000,1914.00000000,0.30910656
27.00000000,1915.00000000,0.30927768
27.00000000,1916.00000000,0.30923017
27.00000000,1917.00000000,0.30938483
27.00000000,1918.00000000,0.30945035
27.00000000,1919.00000000,0.30942044
27.00000000,1920.00000000,0.30935179
27.00000000,1921.00000000,0.30940346
27.00000000,1922.00000000,0.30952733
27.00000000,1923.00000000,0.30958448
27.00000000,1924.00000000,0.30969724
27.00000000,1925.00000000,0.30983666
27.00000000,1926.00000000,0.31009278
27.00000000,1927.00000000,0.31024452
27.00000000,1928.00000000,0.31033271
27.00000000,1929.00000000,0.31039110
27.00000000,1930.00000000,0.31070269
27.00000000,1931.00000000,0.31070978
27.00000000,1932.00000000,0.31093981
27.00000000,1933.00000000,0.31120820
27.00000000,1934.00000000,0.31170863
27.00000000,1935.00000000,0.31144424
27.00000000,1936.00000000,0.31165580
27.00000000,1937.00000000,0.31185775
27.00000000,1938.00000000,0.31193852
27.00000000,1939.00000000,0.31219610
27.00000000,1940.00000000,0.31259660
27.00000000,1941.00000000,0.31190956
27.00000000,1942.00000000,0.31177863
27.00000000,1943.00000000,0.31216282
27.00000000,1944.00000000,0.31248261
27.00000000,1945.00000000,0.31229747
27.00000000,1946.00000000,0.31134873
27.00000000,1947.00000000,0.31217140
27.00000000,1948.00000000,0.31123282
27.00000000,1949.00000000,0.31147212
27.00000000,1950.00000000,0.31228124
27.00000000,1951.00000000,0.31217398
27.00000000,1952.00000000,0.31219081
27.00000000,1953.00000000,0.31217122
27.00000000,1954.00000000,0.31263420
27.00000000,1955.00000000,0.31256636
27.00000000,1956.00000000,0.31302275
27.00000000,1957.00000000,0.31228354
27.00000000,1958.00000000,0.31139102
27.00000000,1959.00000000,0.31062882
27.00000000,1960.00000000,0.31081766
27.00000000,1961.00000000,0.31123456
27.00000000,1962.00000000,0.31146746
27.00000000,1963.00000000,0.31203370
27.00000000,1964.00000000,0.31242938
27.00000000,1965.00000000,0.31181316
27.00000000,1966.00000000,0.31199577
27.00000000,1967.00000000,0.31256335
27.00000000,1968.00000000,0.31262779
27.00000000,1969.00000000,0.31249894
27.00000000,1970.00000000,0.31264332
27.00000000,1971.00000000,0.31238568
27.00000000,1972.00000000,0.31064122
27.00000000,1973.00000000,0.31095599
27.00000000,1974.00000000,0.31178433
27.00000000,1975.00000000,0.31207887
27.00000000,1976.00000000,0.31150148
27.00000000,1977.00000000,0.31271161
27.00000000,1978.00000000,0.31341742
27.00000000,1979.00000000,0.31336644
27.00000000,1980.00000000,0.31342801
27.00000000,1981.00000000,0.31334507
27.00000000,1982.00000000,0.31432099
27.00000000,1983.00000000,0.31501311
27.00000000,1984.00000000,0.31542095
27.00000000,1985.00000000,0.31561705
27.00000000,1986.00000000,0.31630688
27.00000000,1987.00000000,0.31687980
27.00000000,1988.00000000,0.31678127
27.00000000,1989.00000000,0.31728511
27.00000000,1990.00000000,0.31806983
27.00000000,1991.00000000,0.31893212
27.00000000,1992.00000000,0.31963585
27.00000000,1993.00000000,0.32049793
27.00000000,1994.00000000,0.32099743
27.00000000,1995.00000000,0.32198467
27.00000000,1996.00000000,0.32321208
27.00000000,1997.00000000,0.32487429
27.00000000,1998.00000000,0.32571229
27.00000000,1999.00000000,0.32663992
27.00000000,2000.00000000,0.32803290
27.00000000,2001.00000000,0.32788459
27.00000000,2002.00000000,0.32747810
27.00000000,2003.00000000,0.32908780
27.00000000,2004.00000000,0.32986052
27.00000000,2005.00000000,0.33014320
27.00000000,2006.00000000,0.33180534
27.00000000,2007.00000000,0.33116188
27.00000000,2008.00000000,0.32976431
27.00000000,2009.00000000,0.32918870
27.00000000,2010.00000000,0.32876505
27.00000000,2011.00000000,0.32966545
27.00000000,2012.00000000,0.33037813
27.00000000,2013.00000000,0.33115932
27.00000000,2014.00000000,0.33177136
27.00000000,2015.00000000,0.33282862
27.00000000,2016.00000000,0.33329100
27.00000000,2017.00000000,0.33326751
27.00000000,2018.00000000,0.33347422
27.00000000,2019.00000000,0.33226863
27.00000000,2020.00000000,0.33188163
27.00000000,2021.00000000,0.33223799
27.00000000,2022.00000000,0.33266585
27.00000000,2023.00000000,0.33313942
27.00000000,2024.00000000,0.33341214
27.00000000,2025.00000000,0.33274278
27.00000000,2026.00000000,0.33215153
27.00000000,2027.00000000,0.33279426
27.00000000,2028.00000000,0.33339957
27.00000000,2029.00000000,0.33328369
27.00000000,2030.00000000,0.33505645
27.00000000,2031.00000000,0.33714893
27.00000000,2032.00000000,0.33865689
27.00000000,2033.00000000,0.33943579
27.00000000,2034.00000000,0.34020835
27.00000000,2035.00000000,0.34097412
27.00000000,2036.00000000,0.34173063
27.00000000,2037.00000000,0.34247777
27.00000000,2038.00000000,0.34367817
27.00000000,2039.00000000,0.34486805
27.00000000,2040.00000000,0.34604760
27.00000000,2041.00000000,0.34721644
27.00000000,2042.00000000,0.34837373
27.00000000,2043.00000000,0.34951852
27.00000000,2044.00000000,0.35064984
27.00000000,2045.00000000,0.35176740
27.00000000,2046.00000000,0.35287114
27.00000000,2047.00000000,0.35396105
27.00000000,2048.00000000,0.35483501
27.00000000,2049.00000000,0.35569615
27.00000000,2050.00000000,0.35654488
27.00000000,2051.00000000,0.35738171
27.00000000,2052.00000000,0.35820711
27.00000000,2053.00000000,0.35902162
27.00000000,2054.00000000,0.35982574
27.00000000,2055.00000000,0.36062004
27.00000000,2056.00000000,0.36140485
27.00000000,2057.00000000,0.36218066
27.00000000,2058.00000000,0.36336223
27.00000000,2059.00000000,0.36453385
27.00000000,2060.00000000,0.36569598
27.00000000,2061.00000000,0.36684908
27.00000000,2062.00000000,0.36799572
27.00000000,2063.00000000,0.36913861
27.00000000,2064.00000000,0.37027966
27.00000000,2065.00000000,0.37142014
27.00000000,2066.00000000,0.37256066
27.00000000,2067.00000000,0.37370136
27.00000000,2068.00000000,0.37513910
27.00000000,2069.00000000,0.37657564
27.00000000,2070.00000000,0.37801067
27.00000000,2071.00000000,0.37944433
27.00000000,2072.00000000,0.38087811
27.00000000,2073.00000000,0.38231392
27.00000000,2074.00000000,0.38375275
27.00000000,2075.00000000,0.38519483
27.00000000,2076.00000000,0.38664022
27.00000000,2077.00000000,0.38808834
27.00000000,2078.00000000,0.38952203
27.00000000,2079.00000000,0.39095716
27.00000000,2080.00000000,0.39239280
27.00000000,2081.00000000,0.39382818
27.00000000,2082.00000000,0.39526397
27.00000000,2083.00000000,0.39670044
27.00000000,2084.00000000,0.39813745
27.00000000,2085.00000000,0.39957488
27.00000000,2086.00000000,0.40101188
27.00000000,2087.00000000,0.40244755
27.00000000,2088.00000000,0.40325514
27.00000000,2089.00000000,0.40406175
27.00000000,2090.00000000,0.40486704
27.00000000,2091.00000000,0.40567068
27.00000000,2092.00000000,0.40647324
27.00000000,2093.00000000,0.40727572
27.00000000,2094.00000000,0.40807831
27.00000000,2095.00000000,0.40888072
27.00000000,2096.00000000,0.40968284
27.00000000,2097.00000000,0.41048402
27.00000000,2098.00000000,0.41072900
27.00000000,2099.00000000,0.41097388
27.00000000,2100.00000000,0.41121809
27.00000000,2101.00000000,0.41146171
27.00000000,2102.00000000,0.41170533
27.00000000,2103.00000000,0.41194936
27.00000000,2104.00000000,0.41219418
27.00000000,2105.00000000,0.41243974
27.00000000,2106.00000000,0.41268561
27.00000000,2107.00000000,0.41293168
27.00000000,2108.00000000,0.41287334
27.00000000,2109.00000000,0.41281525
27.00000000,2110.00000000,0.41275735
27.00000000,2111.00000000,0.41269910
27.00000000,2112.00000000,0.41264042
27.00000000,2113.00000000,0.41258101
27.00000000,2114.00000000,0.41252050
27.00000000,2115.00000000,0.41245883
27.00000000,2116.00000000,0.41239567
27.00000000,2117.00000000,0.41233069
27.00000000,2118.00000000,0.41195623
27.00000000,2119.00000000,0.41158060
27.00000000,2120.00000000,0.41120381
27.00000000,2121.00000000,0.41082587
27.00000000,2122.00000000,0.41044671
27.00000000,2123.00000000,0.41006623
27.00000000,2124.00000000,0.40968448
27.00000000,2125.00000000,0.40930124
27.00000000,2126.00000000,0.40891683
27.00000000,2127.00000000,0.40853080
27.00000000,2128.00000000,0.40791159
27.00000000,2129.00000000,0.40729175
27.00000000,2130.00000000,0.40667114
27.00000000,2131.00000000,0.40604988
27.00000000,2132.00000000,0.40542809
27.00000000,2133.00000000,0.40480578
27.00000000,2134.00000000,0.40418291
27.00000000,2135.00000000,0.40355964
27.00000000,2136.00000000,0.40293597
27.00000000,2137.00000000,0.40231205
27.00000000,2138.00000000,0.40168779
27.00000000,2139.00000000,0.40106333
27.00000000,2140.00000000,0.40043860
27.00000000,2141.00000000,0.39981382
27.00000000,2142.00000000,0.39918887
27.00000000,2143.00000000,0.39856395
27.00000000,2144.00000000,0.39793900
27.00000000,2145.00000000,0.39731400
27.00000000,2146.00000000,0.39668911
27.00000000,2147.00000000,0.39606435
27.00000000,2148.00000000,0.39543964
27.00000000,2149.00000000,0.39481512
27.00000000,2150.00000000,0.39419079
27.00000000,2151.00000000,0.39356888
27.00000000,2152.00000000,0.39295540
27.00000000,2153.00000000,0.39235596
27.00000000,2154.00000000,0.39177355
27.00000000,2155.00000000,0.39120930
27.00000000,2156.00000000,0.39066340
27.00000000,2157.00000000,0.39013574
27.00000000,2158.00000000,0.38962568
27.00000000,2159.00000000,0.38913252
27.00000000,2160.00000000,0.38865563
27.00000000,2161.00000000,0.38819430
27.00000000,2162.00000000,0.38774786
27.00000000,2163.00000000,0.38731553
27.00000000,2164.00000000,0.38689656
27.00000000,2165.00000000,0.38649045
27.00000000,2166.00000000,0.38609653
27.00000000,2167.00000000,0.38571413
27.00000000,2168.00000000,0.38534278
27.00000000,2169.00000000,0.38498189
27.00000000,2170.00000000,0.38463087
27.00000000,2171.00000000,0.38428930
27.00000000,2172.00000000,0.38395663
27.00000000,2173.00000000,0.38363245
27.00000000,2174.00000000,0.38331629
27.00000000,2175.00000000,0.38300765
27.00000000,2176.00000000,0.38270625
27.00000000,2177.00000000,0.38241147
27.00000000,2178.00000000,0.38067693
27.00000000,2179.00000000,0.37895097
27.00000000,2180.00000000,0.37723354
27.00000000,2181.00000000,0.37552454
27.00000000,2182.00000000,0.37382404
27.00000000,2183.00000000,0.37213191
27.00000000,2184.00000000,0.37044809
27.00000000,2185.00000000,0.36877257
27.00000000,2186.00000000,0.36710525
27.00000000,2187.00000000,0.36544614
27.00000000,2188.00000000,0.36379514
27.00000000,2189.00000000,0.36215219
27.00000000,2190.00000000,0.36051730
27.00000000,2191.00000000,0.35889032
27.00000000,2192.00000000,0.35727121
27.00000000,2193.00000000,0.35565997
27.00000000,2194.00000000,0.35405648
27.00000000,2195.00000000,0.35246064
27.00000000,2196.00000000,0.35087247
27.00000000,2197.00000000,0.34929184
27.00000000,2198.00000000,0.34771876
27.00000000,2199.00000000,0.34615313
27.00000000,2200.00000000,0.34459482
27.00000000,2201.00000000,0.34304385
27.00000000,2202.00000000,0.34150011
27.00000000,2203.00000000,0.33996348
27.00000000,2204.00000000,0.33843401
27.00000000,2205.00000000,0.33691157
27.00000000,2206.00000000,0.33539607
27.00000000,2207.00000000,0.33388750
27.00000000,2208.00000000,0.33238576
27.00000000,2209.00000000,0.33089072
27.00000000,2210.00000000,0.32940240
27.00000000,2211.00000000,0.32792066
27.00000000,2212.00000000,0.32644553
27.00000000,2213.00000000,0.32497688
27.00000000,2214.00000000,0.32351459
27.00000000,2215.00000000,0.32205866
27.00000000,2216.00000000,0.32060902
27.00000000,2217.00000000,0.31916555
27.00000000,2218.00000000,0.31772821
27.00000000,2219.00000000,0.31629693
27.00000000,2220.00000000,0.31487164
27.00000000,2221.00000000,0.31345228
27.00000000,2222.00000000,0.31203874
27.00000000,2223.00000000,0.31063102
27.00000000,2224.00000000,0.30922900
27.00000000,2225.00000000,0.30783259
27.00000000,2226.00000000,0.30644179
27.00000000,2227.00000000,0.30505648
27.00000000,2228.00000000,0.30367657
27.00000000,2229.00000000,0.30230206
27.00000000,2230.00000000,0.30093285
27.00000000,2231.00000000,0.29956885
27.00000000,2232.00000000,0.29821000
27.00000000,2233.00000000,0.29685625
27.00000000,2234.00000000,0.29550745
27.00000000,2235.00000000,0.29416366
27.00000000,2236.00000000,0.29282470
27.00000000,2237.00000000,0.29149058
27.00000000,2238.00000000,0.29016122
27.00000000,2239.00000000,0.28883647
27.00000000,2240.00000000,0.28751639
27.00000000,2241.00000000,0.28620085
27.00000000,2242.00000000,0.28488972
27.00000000,2243.00000000,0.28358303
27.00000000,2244.00000000,0.28228064
27.00000000,2245.00000000,0.28098249
27.00000000,2246.00000000,0.27968856
27.00000000,2247.00000000,0.27839873
27.00000000,2248.00000000,0.27711299
27.00000000,2249.00000000,0.27583090
27.00000000,2250.00000000,0.27455059
27.00000000,2251.00000000,0.27326855
27.00000000,2252.00000000,0.27198150
27.00000000,2253.00000000,0.27068765
27.00000000,2254.00000000,0.26938638
27.00000000,2255.00000000,0.26807757
27.00000000,2256.00000000,0.26676122
27.00000000,2257.00000000,0.26543763
27.00000000,2258.00000000,0.26410691
27.00000000,2259.00000000,0.26276948
27.00000000,2260.00000000,0.26142561
27.00000000,2261.00000000,0.26007573
27.00000000,2262.00000000,0.25872043
27.00000000,2263.00000000,0.25736022
27.00000000,2264.00000000,0.25599549
27.00000000,2265.00000000,0.25462664
27.00000000,2266.00000000,0.25325399
27.00000000,2267.00000000,0.25187777
27.00000000,2268.00000000,0.25049837
27.00000000,2269.00000000,0.24911598
27.00000000,2270.00000000,0.24773089
27.00000000,2271.00000000,0.24634336
27.00000000,2272.00000000,0.24495362
27.00000000,2273.00000000,0.24356195
27.00000000,2274.00000000,0.24216860
27.00000000,2275.00000000,0.24077374
27.00000000,2276.00000000,0.23968617
27.00000000,2277.00000000,0.23950607
27.00000000,2278.00000000,0.23957397
27.00000000,2279.00000000,0.23964177
27.00000000,2280.00000000,0.23970941
27.00000000,2281.00000000,0.23977685
27.00000000,2282.00000000,0.23984420
27.00000000,2283.00000000,0.23995034
27.00000000,2284.00000000,0.24005637
27.00000000,2285.00000000,0.24016226
27.00000000,2286.00000000,0.24026800
27.00000000,2287.00000000,0.24037361
27.00000000,2288.00000000,0.24040192
27.00000000,2289.00000000,0.24043004
27.00000000,2290.00000000,0.24045798
27.00000000,2291.00000000,0.24048576
27.00000000,2292.00000000,0.24051331
27.00000000,2293.00000000,0.24054074
27.00000000,2294.00000000,0.24056799
27.00000000,2295.00000000,0.24059506
27.00000000,2296.00000000,0.24062201
27.00000000,2297.00000000,0.24064876
27.00000000,2298.00000000,0.24067542
27.00000000,2299.00000000,0.24070191
27.00000000,2300.00000000,0.24072824
27.00000000,2301.00000000,0.24075448
27.00000000,2302.00000000,0.24078053
27.00000000,2303.00000000,0.24080306
27.00000000,2304.00000000,0.24082543
27.00000000,2305.00000000,0.24084764
27.00000000,2306.00000000,0.24086965
27.00000000,2307.00000000,0.24089150
27.00000000,2308.00000000,0.24091319
27.00000000,2309.00000000,0.24093474
27.00000000,2310.00000000,0.24095613
27.00000000,2311.00000000,0.24097737
27.00000000,2312.00000000,0.24099849
27.00000000,2313.00000000,0.24101945
27.00000000,2314.00000000,0.24104026
27.00000000,2315.00000000,0.24106098
27.00000000,2316.00000000,0.24108157
27.00000000,2317.00000000,0.24110202
27.00000000,2318.00000000,0.24112238
27.00000000,2319.00000000,0.24114259
27.00000000,2320.00000000,0.24116273
27.00000000,2321.00000000,0.24118278
27.00000000,2322.00000000,0.24120267
27.00000000,2323.00000000,0.24122253
27.00000000,2324.00000000,0.24124228
27.00000000,2325.00000000,0.24126192
27.00000000,2326.00000000,0.24128150
27.00000000,2327.00000000,0.24130101
27.00000000,2328.00000000,0.24132787
27.00000000,2329.00000000,0.24135471
27.00000000,2330.00000000,0.24138145
27.00000000,2331.00000000,0.24140810
27.00000000,2332.00000000,0.24143474
27.00000000,2333.00000000,0.24146128
27.00000000,2334.00000000,0.24148777
27.00000000,2335.00000000,0.24151422
27.00000000,2336.00000000,0.24154058
27.00000000,2337.00000000,0.24156691
27.00000000,2338.00000000,0.24159320
27.00000000,2339.00000000,0.24161939
27.00000000,2340.00000000,0.24164558
27.00000000,2341.00000000,0.24167171
27.00000000,2342.00000000,0.24169777
27.00000000,2343.00000000,0.24172382
27.00000000,2344.00000000,0.24174978
27.00000000,2345.00000000,0.24177574
27.00000000,2346.00000000,0.24180167
27.00000000,2347.00000000,0.24182751
27.00000000,2348.00000000,0.24185336
27.00000000,2349.00000000,0.24187919
27.00000000,2350.00000000,0.24190491
27.00000000,2351.00000000,0.24193066
27.00000000,2352.00000000,0.24195638
27.00000000,2353.00000000,0.24198206
27.00000000,2354.00000000,0.24200775
27.00000000,2355.00000000,0.24203342
27.00000000,2356.00000000,0.24205905
27.00000000,2357.00000000,0.24208471
27.00000000,2358.00000000,0.24211033
27.00000000,2359.00000000,0.24213596
27.00000000,2360.00000000,0.24216159
27.00000000,2361.00000000,0.24218717
27.00000000,2362.00000000,0.24221279
27.00000000,2363.00000000,0.24223841
27.00000000,2364.00000000,0.24226397
27.00000000,2365.00000000,0.24228958
27.00000000,2366.00000000,0.24231517
27.00000000,2367.00000000,0.24234073
27.00000000,2368.00000000,0.24236631
27.00000000,2369.00000000,0.24239186
27.00000000,2370.00000000,0.24241744
27.00000000,2371.00000000,0.24244303
27.00000000,2372.00000000,0.24246855
27.00000000,2373.00000000,0.24249414
27.00000000,2374.00000000,0.24251971
27.00000000,2375.00000000,0.24254525
27.00000000,2376.00000000,0.24257083
27.00000000,2377.00000000,0.24259640
27.00000000,2378.00000000,0.24261979
27.00000000,2379.00000000,0.24264322
27.00000000,2380.00000000,0.24266665
27.00000000,2381.00000000,0.24269005
27.00000000,2382.00000000,0.24271349
27.00000000,2383.00000000,0.24273687
27.00000000,2384.00000000,0.24276031
27.00000000,2385.00000000,0.24278376
27.00000000,2386.00000000,0.24280715
27.00000000,2387.00000000,0.24283061
27.00000000,2388.00000000,0.24285407
27.00000000,2389.00000000,0.24287749
27.00000000,2390.00000000,0.24290096
27.00000000,2391.00000000,0.24292444
27.00000000,2392.00000000,0.24294788
27.00000000,2393.00000000,0.24297137
27.00000000,2394.00000000,0.24299480
27.00000000,2395.00000000,0.24301831
27.00000000,2396.00000000,0.24304184
27.00000000,2397.00000000,0.24306530
27.00000000,2398.00000000,0.24308883
27.00000000,2399.00000000,0.24311238
27.00000000,2400.00000000,0.24313587
27.00000000,2401.00000000,0.24315945
27.00000000,2402.00000000,0.24318303
27.00000000,2403.00000000,0.24320659
27.00000000,2404.00000000,0.24323022
27.00000000,2405.00000000,0.24325383
27.00000000,2406.00000000,0.24327754
27.00000000,2407.00000000,0.24330125
27.00000000,2408.00000000,0.24332495
27.00000000,2409.00000000,0.24334874
27.00000000,2410.00000000,0.24337253
27.00000000,2411.00000000,0.24339632
27.00000000,2412.00000000,0.24342019
27.00000000,2413.00000000,0.24344409
27.00000000,2414.00000000,0.24346796
27.00000000,2415.00000000,0.24349191
27.00000000,2416.00000000,0.24351589
27.00000000,2417.00000000,0.24353984
27.00000000,2418.00000000,0.24356388
27.00000000,2419.00000000,0.24358788
27.00000000,2420.00000000,0.24361197
27.00000000,2421.00000000,0.24363609
27.00000000,2422.00000000,0.24366017
27.00000000,2423.00000000,0.24368435
27.00000000,2424.00000000,0.24370855
27.00000000,2425.00000000,0.24373271
27.00000000,2426.00000000,0.24375697
27.00000000,2427.00000000,0.24378123
27.00000000,2428.00000000,0.24380318
27.00000000,2429.00000000,0.24382523
27.00000000,2430.00000000,0.24384723
27.00000000,2431.00000000,0.24386933
27.00000000,2432.00000000,0.24389145
27.00000000,2433.00000000,0.24391354
27.00000000,2434.00000000,0.24393571
27.00000000,2435.00000000,0.24395791
27.00000000,2436.00000000,0.24398007
27.00000000,2437.00000000,0.24400231
27.00000000,2438.00000000,0.24402458
27.00000000,2439.00000000,0.24404682
27.00000000,2440.00000000,0.24406916
27.00000000,2441.00000000,0.24409150
27.00000000,2442.00000000,0.24411381
27.00000000,2443.00000000,0.24413622
27.00000000,2444.00000000,0.24415858
27.00000000,2445.00000000,0.24418105
27.00000000,2446.00000000,0.24420355
27.00000000,2447.00000000,0.24422599
27.00000000,2448.00000000,0.24424853
27.00000000,2449.00000000,0.24427111
27.00000000,2450.00000000,0.24429362
27.00000000,2451.00000000,0.24431626
27.00000000,2452.00000000,0.24433890
27.00000000,2453.00000000,0.24436150
27.00000000,2454.00000000,0.24438418
27.00000000,2455.00000000,0.24440681
27.00000000,2456.00000000,0.24442954
27.00000000,2457.00000000,0.24445229
27.00000000,2458.00000000,0.24447495
27.00000000,2459.00000000,0.24449773
27.00000000,2460.00000000,0.24452052
27.00000000,2461.00000000,0.24454325
27.00000000,2462.00000000,0.24456609
27.00000000,2463.00000000,0.24458895
27.00000000,2464.00000000,0.24461173
27.00000000,2465.00000000,0.24463463
27.00000000,2466.00000000,0.24465744
27.00000000,2467.00000000,0.24468039
27.00000000,2468.00000000,0.24470335
27.00000000,2469.00000000,0.24472624
27.00000000,2470.00000000,0.24474924
27.00000000,2471.00000000,0.24477227
27.00000000,2472.00000000,0.24479523
27.00000000,2473.00000000,0.24481830
27.00000000,2474.00000000,0.24484140
27.00000000,2475.00000000,0.24486444
27.00000000,2476.00000000,0.24488758
27.00000000,2477.00000000,0.24491075
27.00000000,2478.00000000,0.24493537
27.00000000,2479.00000000,0.24496011
27.00000000,2480.00000000,0.24498477
27.00000000,2481.00000000,0.24500957
27.00000000,2482.00000000,0.24503438
27.00000000,2483.00000000,0.24505912
27.00000000,2484.00000000,0.24508401
27.00000000,2485.00000000,0.24510891
27.00000000,2486.00000000,0.24513374
27.00000000,2487.00000000,0.24515872
27.00000000,2488.00000000,0.24518371
27.00000000,2489.00000000,0.24520864
27.00000000,2490.00000000,0.24523370
27.00000000,2491.00000000,0.24525868
27.00000000,2492.00000000,0.24528382
27.00000000,2493.00000000,0.24530897
27.00000000,2494.00000000,0.24533407
27.00000000,2495.00000000,0.24535930
27.00000000,2496.00000000,0.24538458
27.00000000,2497.00000000,0.24540977
27.00000000,2498.00000000,0.24543514
27.00000000,2499.00000000,0.24546052
27.00000000,2500.00000000,0.24548586
28.00000000,1765.00000000,0.29535676
28.00000000,1766.00000000,0.29535685
28.00000000,1767.00000000,0.29535687
28.00000000,1768.00000000,0.29535667
28.00000000,1769.00000000,0.29535644
28.00000000,1770.00000000,0.29535600
28.00000000,1771.00000000,0.29535563
28.00000000,1772.00000000,0.29535497
28.00000000,1773.00000000,0.29535412
28.00000000,1774.00000000,0.29535308
28.00000000,1775.00000000,0.29535196
28.00000000,1776.00000000,0.29535070
28.00000000,1777.00000000,0.29534925
28.00000000,1778.00000000,0.29534769
28.00000000,1779.00000000,0.29534600
28.00000000,1780.00000000,0.29534434
28.00000000,1781.00000000,0.29534248
28.00000000,1782.00000000,0.29534054
28.00000000,1783.00000000,0.29533845
28.00000000,1784.00000000,0.29533630
28.00000000,1785.00000000,0.29533411
28.00000000,1786.00000000,0.29533182
28.00000000,1787.00000000,0.29532954
28.00000000,1788.00000000,0.29532720
28.00000000,1789.00000000,0.29532486
28.00000000,1790.00000000,0.29532254
28.00000000,1791.00000000,0.29532012
28.00000000,1792.00000000,0.29531774
28.00000000,1793.00000000,0.29531531
28.00000000,1794.00000000,0.29533281
28.00000000,1795.00000000,0.29533030
28.00000000,1796.00000000,0.29532779
28.00000000,1797.00000000,0.29532528
28.00000000,1798.00000000,0.29532279
28.00000000,1799.00000000,0.29532688
28.00000000,1800.00000000,0.29532431
28.00000000,1801.00000000,0.29532176
28.00000000,1802.00000000,0.29531910
28.00000000,1803.00000000,0.29531648
28.00000000,1804.00000000,0.29531379
28.00000000,1805.00000000,0.29531108
28.00000000,1806.00000000,0.29530837
28.00000000,1807.00000000,0.29530561
28.00000000,1808.00000000,0.29530291
28.00000000,1809.00000000,0.29530686
28.00000000,1810.00000000,0.29530412
28.00000000,1811.00000000,0.29530139
28.00000000,1812.00000000,0.29529866
28.00000000,1813.00000000,0.29529591
28.00000000,1814.00000000,0.29529318
28.00000000,1815.00000000,0.29529049
28.00000000,1816.00000000,0.29528771
28.00000000,1817.00000000,0.29528499
28.00000000,1818.00000000,0.29528215
28.00000000,1819.00000000,0.29528601
28.00000000,1820.00000000,0.29528321
28.00000000,1821.00000000,0.29528033
28.00000000,1822.00000000,0.29527754
28.00000000,1823.00000000,0.29527469
28.00000000,1824.00000000,0.29527180
28.00000000,1825.00000000,0.29527564
28.00000000,1826.00000000,0.29527275
28.00000000,1827.00000000,0.29526984
28.00000000,1828.00000000,0.29527360
28.00000000,1829.00000000,0.29527069
28.00000000,1830.00000000,0.29528105
28.00000000,1831.00000000,0.29527133
28.00000000,1832.00000000,0.29526819
28.00000000,1833.00000000,0.29526500
28.00000000,1834.00000000,0.29526849
28.00000000,1835.00000000,0.29526519
28.00000000,1836.00000000,0.29526191
28.00000000,1837.00000000,0.29525858
28.00000000,1838.00000000,0.29525512
28.00000000,1839.00000000,0.29525835
28.00000000,1840.00000000,0.29525480
28.00000000,1841.00000000,0.29525120
28.00000000,1842.00000000,0.29524752
28.00000000,1843.00000000,0.29525044
28.00000000,1844.00000000,0.29525336
28.00000000,1845.00000000,0.29525616
28.00000000,1846.00000000,0.29525219
28.00000000,1847.00000000,0.29524810
28.00000000,1848.00000000,0.29524395
28.00000000,1849.00000000,0.29523965
28.00000000,1850.00000000,0.29524197
28.00000000,1851.00000000,0.29524419
28.00000000,1852.00000000,0.29523954
28.00000000,1853.00000000,0.29524175
28.00000000,1854.00000000,0.29523688
28.00000000,1855.00000000,0.29523821
28.00000000,1856.00000000,0.29523249
28.00000000,1857.00000000,0.29522645
28.00000000,1858.00000000,0.29526040
28.00000000,1859.00000000,0.29524738
28.00000000,1860.00000000,0.29524096
28.00000000,1861.00000000,0.29524097
28.00000000,1862.00000000,0.29523410
28.00000000,1863.00000000,0.29523358
28.00000000,1864.00000000,0.29525324
28.00000000,1865.00000000,0.29524637
28.00000000,1866.00000000,0.29524618
28.00000000,1867.00000000,0.29524613
28.00000000,1868.00000000,0.29525266
28.00000000,1869.00000000,0.29525252
28.00000000,1870.00000000,0.29525902
28.00000000,1871.00000000,0.29525870
28.00000000,1872.00000000,0.29526503
28.00000000,1873.00000000,0.29528451
28.00000000,1874.00000000,0.29527606
28.00000000,1875.00000000,0.29528680
28.00000000,1876.00000000,0.29528333
28.00000000,1877.00000000,0.29529256
28.00000000,1878.00000000,0.29530797
28.00000000,1879.00000000,0.29529625
28.00000000,1880.00000000,0.29530414
28.00000000,1881.00000000,0.29530462
28.00000000,1882.00000000,0.29535778
28.00000000,1883.00000000,0.29535639
28.00000000,1884.00000000,0.29537448
28.00000000,1885.00000000,0.29536528
28.00000000,1886.00000000,0.29535605
28.00000000,1887.00000000,0.29537354
28.00000000,1888.00000000,0.29541096
28.00000000,1889.00000000,0.29542132
28.00000000,1890.00000000,0.29541782
28.00000000,1891.00000000,0.29544723
28.00000000,1892.00000000,0.29548274
28.00000000,1893.00000000,0.29551124
28.00000000,1894.00000000,0.29551296
28.00000000,1895.00000000,0.29554966
28.00000000,1896.00000000,0.29556476
28.00000000,1897.00000000,0.29559274
28.00000000,1898.00000000,0.29560674
28.00000000,1899.00000000,0.29564647
28.00000000,1900.00000000,0.29573850
28.00000000,1901.00000000,0.29578876
28.00000000,1902.00000000,0.29569719
28.00000000,1903.00000000,0.29576453
28.00000000,1904.00000000,0.29575652
28.00000000,1905.00000000,0.29574670
28.00000000,1906.00000000,0.29572465
28.00000000,1907.00000000,0.29578382
28.00000000,1908.00000000,0.29592030
28.00000000,1909.00000000,0.29592742
28.00000000,1910.00000000,0.29597301
28.00000000,1911.00000000,0.29603725
28.00000000,1912.00000000,0.29601323
28.00000000,1913.00000000,0.29598131
28.00000000,1914.00000000,0.29596212
28.00000000,1915.00000000,0.29601061
28.00000000,1916.00000000,0.29618175
28.00000000,1917.00000000,0.29614077
28.00000000,1918.00000000,0.29629420
28.00000000,1919.00000000,0.29636195
28.00000000,1920.00000000,0.29633892
28.00000000,1921.00000000,0.29627860
28.00000000,1922.00000000,0.29633486
28.00000000,1923.00000000,0.29646049
28.00000000,1924.00000000,0.29651954
28.00000000,1925.00000000,0.29663135
28.00000000,1926.00000000,0.29676931
28.00000000,1927.00000000,0.29702023
28.00000000,1928.00000000,0.29716983
28.00000000,1929.00000000,0.29725726
28.00000000,1930.00000000,0.29731607
28.00000000,1931.00000000,0.29762162
28.00000000,1932.00000000,0.29763525
28.00000000,1933.00000000,0.29786649
28.00000000,1934.00000000,0.29813502
28.00000000,1935.00000000,0.29862581
28.00000000,1936.00000000,0.29837434
28.00000000,1937.00000000,0.29858133
28.00000000,1938.00000000,0.29877776
28.00000000,1939.00000000,0.29885808
28.00000000,1940.00000000,0.29910996
28.00000000,1941.00000000,0.29949901
28.00000000,1942.00000000,0.29883566
28.00000000,1943.00000000,0.29871089
28.00000000,1944.00000000,0.29908497
28.00000000,1945.00000000,0.29939831
28.00000000,1946.00000000,0.29922662
28.00000000,1947.00000000,0.29831693
28.00000000,1948.00000000,0.29911719
28.00000000,1949.00000000,0.29821123
28.00000000,1950.00000000,0.29844470
28.00000000,1951.00000000,0.29922805
28.00000000,1952.00000000,0.29912314
28.00000000,1953.00000000,0.29913711
28.00000000,1954.00000000,0.29911726
28.00000000,1955.00000000,0.29956587
28.00000000,1956.00000000,0.29950029
28.00000000,1957.00000000,0.29994055
28.00000000,1958.00000000,0.29922438
28.00000000,1959.00000000,0.29836094
28.00000000,1960.00000000,0.29762363
28.00000000,1961.00000000,0.29780787
28.00000000,1962.00000000,0.29821473
28.00000000,1963.00000000,0.29844408
28.00000000,1964.00000000,0.29899534
28.00000000,1965.00000000,0.29938063
28.00000000,1966.00000000,0.29878663
28.00000000,1967.00000000,0.29896521
28.00000000,1968.00000000,0.29951632
28.00000000,1969.00000000,0.29958062
28.00000000,1970.00000000,0.29945723
28.00000000,1971.00000000,0.29959657
28.00000000,1972.00000000,0.29934695
28.00000000,1973.00000000,0.29766130
28.00000000,1974.00000000,0.29796830
28.00000000,1975.00000000,0.29877520
28.00000000,1976.00000000,0.29906982
28.00000000,1977.00000000,0.29852160
28.00000000,1978.00000000,0.29970081
28.00000000,1979.00000000,0.30039264
28.00000000,1980.00000000,0.30035261
28.00000000,1981.00000000,0.30042469
28.00000000,1982.00000000,0.30036413
28.00000000,1983.00000000,0.30133253
28.00000000,1984.00000000,0.30202634
28.00000000,1985.00000000,0.30244250
28.00000000,1986.00000000,0.30265017
28.00000000,1987.00000000,0.30333286
28.00000000,1988.00000000,0.30390072
28.00000000,1989.00000000,0.30381789
28.00000000,1990.00000000,0.30431756
28.00000000,1991.00000000,0.30509085
28.00000000,1992.00000000,0.30594212
28.00000000,1993.00000000,0.30664386
28.00000000,1994.00000000,0.30750244
28.00000000,1995.00000000,0.30800995
28.00000000,1996.00000000,0.30898726
28.00000000,1997.00000000,0.31019520
28.00000000,1998.00000000,0.31182360
28.00000000,1999.00000000,0.31265686
28.00000000,2000.00000000,0.31357888
28.00000000,2001.00000000,0.31495014
28.00000000,2002.00000000,0.31482789
28.00000000,2003.00000000,0.31445436
28.00000000,2004.00000000,0.31602662
28.00000000,2005.00000000,0.31678269
28.00000000,2006.00000000,0.31706110
28.00000000,2007.00000000,0.31867496
28.00000000,2008.00000000,0.31806046
28.00000000,2009.00000000,0.31671848
28.00000000,2010.00000000,0.31617350
28.00000000,2011.00000000,0.31577669
28.00000000,2012.00000000,0.31666082
28.00000000,2013.00000000,0.31736271
28.00000000,2014.00000000,0.31813054
28.00000000,2015.00000000,0.31873475
28.00000000,2016.00000000,0.31976998
28.00000000,2017.00000000,0.32023025
28.00000000,2018.00000000,0.32022115
28.00000000,2019.00000000,0.32043545
28.00000000,2020.00000000,0.31928438
28.00000000,2021.00000000,0.31892612
28.00000000,2022.00000000,0.31928835
28.00000000,2023.00000000,0.31972138
28.00000000,2024.00000000,0.32020006
28.00000000,2025.00000000,0.32048568
28.00000000,2026.00000000,0.31986099
28.00000000,2027.00000000,0.31931275
28.00000000,2028.00000000,0.31995905
28.00000000,2029.00000000,0.32056995
28.00000000,2030.00000000,0.32048389
28.00000000,2031.00000000,0.32222533
28.00000000,2032.00000000,0.32427570
28.00000000,2033.00000000,0.32575956
28.00000000,2034.00000000,0.32653749
28.00000000,2035.00000000,0.32730913
28.00000000,2036.00000000,0.32807438
28.00000000,2037.00000000,0.32883105
28.00000000,2038.00000000,0.32957922
28.00000000,2039.00000000,0.33076663
28.00000000,2040.00000000,0.33194468
28.00000000,2041.00000000,0.33311320
28.00000000,2042.00000000,0.33427134
28.00000000,2043.00000000,0.33541802
28.00000000,2044.00000000,0.33655258
28.00000000,2045.00000000,0.33767455
28.00000000,2046.00000000,0.33878377
28.00000000,2047.00000000,0.33988033
28.00000000,2048.00000000,0.34096435
28.00000000,2049.00000000,0.34184024
28.00000000,2050.00000000,0.34270469
28.00000000,2051.00000000,0.34355797
28.00000000,2052.00000000,0.34440077
28.00000000,2053.00000000,0.34523348
28.00000000,2054.00000000,0.34605657
28.00000000,2055.00000000,0.34687053
28.00000000,2056.00000000,0.34767590
28.00000000,2057.00000000,0.34847279
28.00000000,2058.00000000,0.34926184
28.00000000,2059.00000000,0.35044449
28.00000000,2060.00000000,0.35161829
28.00000000,2061.00000000,0.35278429
28.00000000,2062.00000000,0.35394452
28.00000000,2063.00000000,0.35510166
28.00000000,2064.00000000,0.35625770
28.00000000,2065.00000000,0.35741365
28.00000000,2066.00000000,0.35857008
28.00000000,2067.00000000,0.35972733
28.00000000,2068.00000000,0.36088527
28.00000000,2069.00000000,0.36233127
28.00000000,2070.00000000,0.36377645
28.00000000,2071.00000000,0.36522091
28.00000000,2072.00000000,0.36666612
28.00000000,2073.00000000,0.36811395
28.00000000,2074.00000000,0.36956533
28.00000000,2075.00000000,0.37102053
28.00000000,2076.00000000,0.37247938
28.00000000,2077.00000000,0.37394159
28.00000000,2078.00000000,0.37540632
28.00000000,2079.00000000,0.37685695
28.00000000,2080.00000000,0.37830861
28.00000000,2081.00000000,0.37976083
28.00000000,2082.00000000,0.38121371
28.00000000,2083.00000000,0.38266801
28.00000000,2084.00000000,0.38412337
28.00000000,2085.00000000,0.38557951
28.00000000,2086.00000000,0.38703583
28.00000000,2087.00000000,0.38849155
28.00000000,2088.00000000,0.38994566
28.00000000,2089.00000000,0.39078948
28.00000000,2090.00000000,0.39163185
28.00000000,2091.00000000,0.39247282
28.00000000,2092.00000000,0.39331274
28.00000000,2093.00000000,0.39415258
28.00000000,2094.00000000,0.39499251
28.00000000,2095.00000000,0.39583251
28.00000000,2096.00000000,0.39667210
28.00000000,2097.00000000,0.39751093
28.00000000,2098.00000000,0.39834839
28.00000000,2099.00000000,0.39864453
28.00000000,2100.00000000,0.39893977
28.00000000,2101.00000000,0.39923409
28.00000000,2102.00000000,0.39952798
28.00000000,2103.00000000,0.39982214
28.00000000,2104.00000000,0.40011667
28.00000000,2105.00000000,0.40041162
28.00000000,2106.00000000,0.40070672
28.00000000,2107.00000000,0.40100154
28.00000000,2108.00000000,0.40129582
28.00000000,2109.00000000,0.40129328
28.00000000,2110.00000000,0.40129023
28.00000000,2111.00000000,0.40128662
28.00000000,2112.00000000,0.40128201
28.00000000,2113.00000000,0.40127629
28.00000000,2114.00000000,0.40126923
28.00000000,2115.00000000,0.40126039
28.00000000,2116.00000000,0.40124978
28.00000000,2117.00000000,0.40123708
28.00000000,2118.00000000,0.40122205
28.00000000,2119.00000000,0.40090492
28.00000000,2120.00000000,0.40058607
28.00000000,2121.00000000,0.40026542
28.00000000,2122.00000000,0.39994317
28.00000000,2123.00000000,0.39961907
28.00000000,2124.00000000,0.39929314
28.00000000,2125.00000000,0.39896537
28.00000000,2126.00000000,0.39863570
28.00000000,2127.00000000,0.39830424
28.00000000,2128.00000000,0.39797074
28.00000000,2129.00000000,0.39740932
28.00000000,2130.00000000,0.39684681
28.00000000,2131.00000000,0.39628298
28.00000000,2132.00000000,0.39571800
28.00000000,2133.00000000,0.39515199
28.00000000,2134.00000000,0.39458496
28.00000000,2135.00000000,0.39401699
28.00000000,2136.00000000,0.39344806
28.00000000,2137.00000000,0.39287833
28.00000000,2138.00000000,0.39230787
28.00000000,2139.00000000,0.39173672
28.00000000,2140.00000000,0.39116481
28.00000000,2141.00000000,0.39059232
28.00000000,2142.00000000,0.39001928
28.00000000,2143.00000000,0.38944566
28.00000000,2144.00000000,0.38887167
28.00000000,2145.00000000,0.38829719
28.00000000,2146.00000000,0.38772231
28.00000000,2147.00000000,0.38714712
28.00000000,2148.00000000,0.38657169
28.00000000,2149.00000000,0.38599589
28.00000000,2150.00000000,0.38542000
28.00000000,2151.00000000,0.38484592
28.00000000,2152.00000000,0.38427971
28.00000000,2153.00000000,0.38372695
28.00000000,2154.00000000,0.38319030
28.00000000,2155.00000000,0.38267113
28.00000000,2156.00000000,0.38216957
28.00000000,2157.00000000,0.38168534
28.00000000,2158.00000000,0.38121797
28.00000000,2159.00000000,0.38076695
28.00000000,2160.00000000,0.38033144
28.00000000,2161.00000000,0.37991087
28.00000000,2162.00000000,0.37950444
28.00000000,2163.00000000,0.37911156
28.00000000,2164.00000000,0.37873153
28.00000000,2165.00000000,0.37836366
28.00000000,2166.00000000,0.37800751
28.00000000,2167.00000000,0.37766241
28.00000000,2168.00000000,0.37732775
28.00000000,2169.00000000,0.37700309
28.00000000,2170.00000000,0.37668790
28.00000000,2171.00000000,0.37638165
28.00000000,2172.00000000,0.37608392
28.00000000,2173.00000000,0.37579424
28.00000000,2174.00000000,0.37551221
28.00000000,2175.00000000,0.37523746
28.00000000,2176.00000000,0.37496940
28.00000000,2177.00000000,0.37470782
28.00000000,2178.00000000,0.37445215
28.00000000,2179.00000000,0.37278528
28.00000000,2180.00000000,0.37112606
28.00000000,2181.00000000,0.36947441
28.00000000,2182.00000000,0.36783027
28.00000000,2183.00000000,0.36619373
28.00000000,2184.00000000,0.36456469
28.00000000,2185.00000000,0.36294307
28.00000000,2186.00000000,0.36132891
28.00000000,2187.00000000,0.35972211
28.00000000,2188.00000000,0.35812271
28.00000000,2189.00000000,0.35653066
28.00000000,2190.00000000,0.35494583
28.00000000,2191.00000000,0.35336829
28.00000000,2192.00000000,0.35179792
28.00000000,2193.00000000,0.35023466
28.00000000,2194.00000000,0.34867855
28.00000000,2195.00000000,0.34712946
28.00000000,2196.00000000,0.34558733
28.00000000,2197.00000000,0.34405219
28.00000000,2198.00000000,0.34252389
28.00000000,2199.00000000,0.34100249
28.00000000,2200.00000000,0.33948787
28.00000000,2201.00000000,0.33797993
28.00000000,2202.00000000,0.33647869
28.00000000,2203.00000000,0.33498406
28.00000000,2204.00000000,0.33349595
28.00000000,2205.00000000,0.33201440
28.00000000,2206.00000000,0.33053928
28.00000000,2207.00000000,0.32907052
28.00000000,2208.00000000,0.32760811
28.00000000,2209.00000000,0.32615198
28.00000000,2210.00000000,0.32470199
28.00000000,2211.00000000,0.32325818
28.00000000,2212.00000000,0.32182043
28.00000000,2213.00000000,0.32038876
28.00000000,2214.00000000,0.31896304
28.00000000,2215.00000000,0.31754319
28.00000000,2216.00000000,0.31612919
28.00000000,2217.00000000,0.31472099
28.00000000,2218.00000000,0.31331847
28.00000000,2219.00000000,0.31192161
28.00000000,2220.00000000,0.31053035
28.00000000,2221.00000000,0.30914460
28.00000000,2222.00000000,0.30776434
28.00000000,2223.00000000,0.30638945
28.00000000,2224.00000000,0.30501995
28.00000000,2225.00000000,0.30365572
28.00000000,2226.00000000,0.30229665
28.00000000,2227.00000000,0.30094278
28.00000000,2228.00000000,0.29959400
28.00000000,2229.00000000,0.29825020
28.00000000,2230.00000000,0.29691141
28.00000000,2231.00000000,0.29557754
28.00000000,2232.00000000,0.29424843
28.00000000,2233.00000000,0.29292414
28.00000000,2234.00000000,0.29160455
28.00000000,2235.00000000,0.29028955
28.00000000,2236.00000000,0.28897918
28.00000000,2237.00000000,0.28767329
28.00000000,2238.00000000,0.28637188
28.00000000,2239.00000000,0.28507486
28.00000000,2240.00000000,0.28378215
28.00000000,2241.00000000,0.28249371
28.00000000,2242.00000000,0.28120948
28.00000000,2243.00000000,0.27992938
28.00000000,2244.00000000,0.27865333
28.00000000,2245.00000000,0.27738129
28.00000000,2246.00000000,0.27611319
28.00000000,2247.00000000,0.27484898
28.00000000,2248.00000000,0.27358858
28.00000000,2249.00000000,0.27233163
28.00000000,2250.00000000,0.27107629
28.00000000,2251.00000000,0.26981899
28.00000000,2252.00000000,0.26855659
28.00000000,2253.00000000,0.26728734
28.00000000,2254.00000000,0.26601055
28.00000000,2255.00000000,0.26472614
28.00000000,2256.00000000,0.26343421
28.00000000,2257.00000000,0.26213486
28.00000000,2258.00000000,0.26082839
28.00000000,2259.00000000,0.25951507
28.00000000,2260.00000000,0.25819527
28.00000000,2261.00000000,0.25686942
28.00000000,2262.00000000,0.25553800
28.00000000,2263.00000000,0.25420160
28.00000000,2264.00000000,0.25286060
28.00000000,2265.00000000,0.25151535
28.00000000,2266.00000000,0.25016619
28.00000000,2267.00000000,0.24881344
28.00000000,2268.00000000,0.24745728
28.00000000,2269.00000000,0.24609811
28.00000000,2270.00000000,0.24473610
28.00000000,2271.00000000,0.24337153
28.00000000,2272.00000000,0.24200464
28.00000000,2273.00000000,0.24063566
28.00000000,2274.00000000,0.23926486
28.00000000,2275.00000000,0.23789247
28.00000000,2276.00000000,0.23651868
28.00000000,2277.00000000,0.23544697
28.00000000,2278.00000000,0.23526729
28.00000000,2279.00000000,0.23533138
28.00000000,2280.00000000,0.23539541
28.00000000,2281.00000000,0.23545932
28.00000000,2282.00000000,0.23552307
28.00000000,2283.00000000,0.23558676
28.00000000,2284.00000000,0.23568861
28.00000000,2285.00000000,0.23579036
28.00000000,2286.00000000,0.23589204
28.00000000,2287.00000000,0.23599355
28.00000000,2288.00000000,0.23609499
28.00000000,2289.00000000,0.23612048
28.00000000,2290.00000000,0.23614581
28.00000000,2291.00000000,0.23617099
28.00000000,2292.00000000,0.23619604
28.00000000,2293.00000000,0.23622091
28.00000000,2294.00000000,0.23624565
28.00000000,2295.00000000,0.23627027
28.00000000,2296.00000000,0.23629471
28.00000000,2297.00000000,0.23631906
28.00000000,2298.00000000,0.23634326
28.00000000,2299.00000000,0.23636735
28.00000000,2300.00000000,0.23639134
28.00000000,2301.00000000,0.23641515
28.00000000,2302.00000000,0.23643888
28.00000000,2303.00000000,0.23646246
28.00000000,2304.00000000,0.23648255
28.00000000,2305.00000000,0.23650253
28.00000000,2306.00000000,0.23652236
28.00000000,2307.00000000,0.23654198
28.00000000,2308.00000000,0.23656151
28.00000000,2309.00000000,0.23658087
28.00000000,2310.00000000,0.23660012
28.00000000,2311.00000000,0.23661924
28.00000000,2312.00000000,0.23663821
28.00000000,2313.00000000,0.23665707
28.00000000,2314.00000000,0.23667582
28.00000000,2315.00000000,0.23669443
28.00000000,2316.00000000,0.23671295
28.00000000,2317.00000000,0.23673137
28.00000000,2318.00000000,0.23674967
28.00000000,2319.00000000,0.23676787
28.00000000,2320.00000000,0.23678597
28.00000000,2321.00000000,0.23680401
28.00000000,2322.00000000,0.23682196
28.00000000,2323.00000000,0.23683977
28.00000000,2324.00000000,0.23685756
28.00000000,2325.00000000,0.23687526
28.00000000,2326.00000000,0.23689285
28.00000000,2327.00000000,0.23691041
28.00000000,2328.00000000,0.23692790
28.00000000,2329.00000000,0.23695262
28.00000000,2330.00000000,0.23697734
28.00000000,2331.00000000,0.23700199
28.00000000,2332.00000000,0.23702652
28.00000000,2333.00000000,0.23705107
28.00000000,2334.00000000,0.23707553
28.00000000,2335.00000000,0.23709996
28.00000000,2336.00000000,0.23712435
28.00000000,2337.00000000,0.23714865
28.00000000,2338.00000000,0.23717294
28.00000000,2339.00000000,0.23719719
28.00000000,2340.00000000,0.23722137
28.00000000,2341.00000000,0.23724554
28.00000000,2342.00000000,0.23726967
28.00000000,2343.00000000,0.23729371
28.00000000,2344.00000000,0.23731778
28.00000000,2345.00000000,0.23734174
28.00000000,2346.00000000,0.23736573
28.00000000,2347.00000000,0.23738969
28.00000000,2348.00000000,0.23741357
28.00000000,2349.00000000,0.23743747
28.00000000,2350.00000000,0.23746133
28.00000000,2351.00000000,0.23748513
28.00000000,2352.00000000,0.23750895
28.00000000,2353.00000000,0.23753275
28.00000000,2354.00000000,0.23755651
28.00000000,2355.00000000,0.23758029
28.00000000,2356.00000000,0.23760406
28.00000000,2357.00000000,0.23762780
28.00000000,2358.00000000,0.23765156
28.00000000,2359.00000000,0.23767528
28.00000000,2360.00000000,0.23769904
28.00000000,2361.00000000,0.23772278
28.00000000,2362.00000000,0.23774649
28.00000000,2363.00000000,0.23777023
28.00000000,2364.00000000,0.23779398
28.00000000,2365.00000000,0.23781767
28.00000000,2366.00000000,0.23784142
28.00000000,2367.00000000,0.23786515
28.00000000,2368.00000000,0.23788885
28.00000000,2369.00000000,0.23791257
28.00000000,2370.00000000,0.23793627
28.00000000,2371.00000000,0.23796001
28.00000000,2372.00000000,0.23798374
28.00000000,2373.00000000,0.23800743
28.00000000,2374.00000000,0.23803116
28.00000000,2375.00000000,0.23805491
28.00000000,2376.00000000,0.23807860
28.00000000,2377.00000000,0.23810234
28.00000000,2378.00000000,0.23812608
28.00000000,2379.00000000,0.23814768
28.00000000,2380.00000000,0.23816931
28.00000000,2381.00000000,0.23819095
28.00000000,2382.00000000,0.23821256
28.00000000,2383.00000000,0.23823419
28.00000000,2384.00000000,0.23825580
28.00000000,2385.00000000,0.23827746
28.00000000,2386.00000000,0.23829912
28.00000000,2387.00000000,0.23832074
28.00000000,2388.00000000,0.23834240
28.00000000,2389.00000000,0.23836408
28.00000000,2390.00000000,0.23838571
28.00000000,2391.00000000,0.23840740
28.00000000,2392.00000000,0.23842910
28.00000000,2393.00000000,0.23845076
28.00000000,2394.00000000,0.23847247
28.00000000,2395.00000000,0.23849414
28.00000000,2396.00000000,0.23851587
28.00000000,2397.00000000,0.23853760
28.00000000,2398.00000000,0.23855930
28.00000000,2399.00000000,0.23858106
28.00000000,2400.00000000,0.23860284
28.00000000,2401.00000000,0.23862455
28.00000000,2402.00000000,0.23864636
28.00000000,2403.00000000,0.23866817
28.00000000,2404.00000000,0.23868997
28.00000000,2405.00000000,0.23871185
28.00000000,2406.00000000,0.23873368
28.00000000,2407.00000000,0.23875562
28.00000000,2408.00000000,0.23877759
28.00000000,2409.00000000,0.23879950
28.00000000,2410.00000000,0.23882153
28.00000000,2411.00000000,0.23884357
28.00000000,2412.00000000,0.23886559
28.00000000,2413.00000000,0.23888769
28.00000000,2414.00000000,0.23890982
28.00000000,2415.00000000,0.23893191
28.00000000,2416.00000000,0.23895409
28.00000000,2417.00000000,0.23897630
28.00000000,2418.00000000,0.23899847
28.00000000,2419.00000000,0.23902073
28.00000000,2420.00000000,0.23904295
28.00000000,2421.00000000,0.23906526
28.00000000,2422.00000000,0.23908761
28.00000000,2423.00000000,0.23910991
28.00000000,2424.00000000,0.23913229
28.00000000,2425.00000000,0.23915471
28.00000000,2426.00000000,0.23917708
28.00000000,2427.00000000,0.23919955
28.00000000,2428.00000000,0.23922202
28.00000000,2429.00000000,0.23924224
28.00000000,2430.00000000,0.23926252
28.00000000,2431.00000000,0.23928277
28.00000000,2432.00000000,0.23930312
28.00000000,2433.00000000,0.23932348
28.00000000,2434.00000000,0.23934379
28.00000000,2435.00000000,0.23936421
28.00000000,2436.00000000,0.23938464
28.00000000,2437.00000000,0.23940504
28.00000000,2438.00000000,0.23942551
28.00000000,2439.00000000,0.23944603
28.00000000,2440.00000000,0.23946649
28.00000000,2441.00000000,0.23948704
28.00000000,2442.00000000,0.23950762
28.00000000,2443.00000000,0.23952815
28.00000000,2444.00000000,0.23954879
28.00000000,2445.00000000,0.23956936
28.00000000,2446.00000000,0.23959006
28.00000000,2447.00000000,0.23961076
28.00000000,2448.00000000,0.23963141
28.00000000,2449.00000000,0.23965217
28.00000000,2450.00000000,0.23967296
28.00000000,2451.00000000,0.23969368
28.00000000,2452.00000000,0.23971451
28.00000000,2453.00000000,0.23973536
28.00000000,2454.00000000,0.23975615
28.00000000,2455.00000000,0.23977702
28.00000000,2456.00000000,0.23979782
28.00000000,2457.00000000,0.23981874
28.00000000,2458.00000000,0.23983966
28.00000000,2459.00000000,0.23986052
28.00000000,2460.00000000,0.23988148
28.00000000,2461.00000000,0.23990244
28.00000000,2462.00000000,0.23992336
28.00000000,2463.00000000,0.23994435
28.00000000,2464.00000000,0.23996539
28.00000000,2465.00000000,0.23998634
28.00000000,2466.00000000,0.24000741
28.00000000,2467.00000000,0.24002839
28.00000000,2468.00000000,0.24004950
28.00000000,2469.00000000,0.24007062
28.00000000,2470.00000000,0.24009166
28.00000000,2471.00000000,0.24011283
28.00000000,2472.00000000,0.24013401
28.00000000,2473.00000000,0.24015512
28.00000000,2474.00000000,0.24017636
28.00000000,2475.00000000,0.24019761
28.00000000,2476.00000000,0.24021878
28.00000000,2477.00000000,0.24024008
28.00000000,2478.00000000,0.24026140
28.00000000,2479.00000000,0.24028413
28.00000000,2480.00000000,0.24030698
28.00000000,2481.00000000,0.24032974
28.00000000,2482.00000000,0.24035266
28.00000000,2483.00000000,0.24037557
28.00000000,2484.00000000,0.24039843
28.00000000,2485.00000000,0.24042142
28.00000000,2486.00000000,0.24044441
28.00000000,2487.00000000,0.24046735
28.00000000,2488.00000000,0.24049041
28.00000000,2489.00000000,0.24051350
28.00000000,2490.00000000,0.24053652
28.00000000,2491.00000000,0.24055968
28.00000000,2492.00000000,0.24058274
28.00000000,2493.00000000,0.24060596
28.00000000,2494.00000000,0.24062921
28.00000000,2495.00000000,0.24065238
28.00000000,2496.00000000,0.24067570
28.00000000,2497.00000000,0.24069903
28.00000000,2498.00000000,0.24072231
28.00000000,2499.00000000,0.24074575
28.00000000,2500.00000000,0.24076921
29.00000000,1765.00000000,0.28300912
29.00000000,1766.00000000,0.28300887
29.00000000,1767.00000000,0.28300893
29.00000000,1768.00000000,0.28300888
29.00000000,1769.00000000,0.28300863
29.00000000,1770.00000000,0.28300836
29.00000000,1771.00000000,0.28300786
29.00000000,1772.00000000,0.28300746
29.00000000,1773.00000000,0.28300677
29.00000000,1774.00000000,0.28300592
29.00000000,1775.00000000,0.28300493
29.00000000,1776.00000000,0.28300388
29.00000000,1777.00000000,0.28300272
29.00000000,1778.00000000,0.28300144
29.00000000,1779.00000000,0.28300004
29.00000000,1780.00000000,0.28299855
29.00000000,1781.00000000,0.28299714
29.00000000,1782.00000000,0.28299552
29.00000000,1783.00000000,0.28299386
29.00000000,1784.00000000,0.28299208
29.00000000,1785.00000000,0.28299027
29.00000000,1786.00000000,0.28298845
29.00000000,1787.00000000,0.28298656
29.00000000,1788.00000000,0.28298472
29.00000000,1789.00000000,0.28298281
29.00000000,1790.00000000,0.28298099
29.00000000,1791.00000000,0.28297912
29.00000000,1792.00000000,0.28297723
29.00000000,1793.00000000,0.28297541
29.00000000,1794.00000000,0.28297349
29.00000000,1795.00000000,0.28299094
29.00000000,1796.00000000,0.28298909
29.00000000,1797.00000000,0.28298719
29.00000000,1798.00000000,0.28298537
29.00000000,1799.00000000,0.28298352
29.00000000,1800.00000000,0.28298809
29.00000000,1801.00000000,0.28298627
29.00000000,1802.00000000,0.28298441
29.00000000,1803.00000000,0.28298252
29.00000000,1804.00000000,0.28298062
29.00000000,1805.00000000,0.28297876
29.00000000,1806.00000000,0.28297683
29.00000000,1807.00000000,0.28297495
29.00000000,1808.00000000,0.28297307
29.00000000,1809.00000000,0.28297121
29.00000000,1810.00000000,0.28297586
29.00000000,1811.00000000,0.28297399
29.00000000,1812.00000000,0.28297217
29.00000000,1813.00000000,0.28297039
29.00000000,1814.00000000,0.28296855
29.00000000,1815.00000000,0.28296680
29.00000000,1816.00000000,0.28296502
29.00000000,1817.00000000,0.28296323
29.00000000,1818.00000000,0.28296141
29.00000000,1819.00000000,0.28295954
29.00000000,1820.00000000,0.28296421
29.00000000,1821.00000000,0.28296238
29.00000000,1822.00000000,0.28296056
29.00000000,1823.00000000,0.28295875
29.00000000,1824.00000000,0.28295693
29.00000000,1825.00000000,0.28295510
29.00000000,1826.00000000,0.28295974
29.00000000,1827.00000000,0.28295793
29.00000000,1828.00000000,0.28295604
29.00000000,1829.00000000,0.28296069
29.00000000,1830.00000000,0.28295878
29.00000000,1831.00000000,0.28296977
29.00000000,1832.00000000,0.28296131
29.00000000,1833.00000000,0.28295920
29.00000000,1834.00000000,0.28295713
29.00000000,1835.00000000,0.28296147
29.00000000,1836.00000000,0.28295928
29.00000000,1837.00000000,0.28295711
29.00000000,1838.00000000,0.28295483
29.00000000,1839.00000000,0.28295250
29.00000000,1840.00000000,0.28295660
29.00000000,1841.00000000,0.28295421
29.00000000,1842.00000000,0.28295169
29.00000000,1843.00000000,0.28294915
29.00000000,1844.00000000,0.28295303
29.00000000,1845.00000000,0.28295684
29.00000000,1846.00000000,0.28296058
29.00000000,1847.00000000,0.28295770
29.00000000,1848.00000000,0.28295480
29.00000000,1849.00000000,0.28295177
29.00000000,1850.00000000,0.28294863
29.00000000,1851.00000000,0.28295190
29.00000000,1852.00000000,0.28295504
29.00000000,1853.00000000,0.28295184
29.00000000,1854.00000000,0.28295480
29.00000000,1855.00000000,0.28295089
29.00000000,1856.00000000,0.28295301
29.00000000,1857.00000000,0.28294842
29.00000000,1858.00000000,0.28294366
29.00000000,1859.00000000,0.28297763
29.00000000,1860.00000000,0.28296620
29.00000000,1861.00000000,0.28296099
29.00000000,1862.00000000,0.28296207
29.00000000,1863.00000000,0.28295631
29.00000000,1864.00000000,0.28295708
29.00000000,1865.00000000,0.28297744
29.00000000,1866.00000000,0.28297193
29.00000000,1867.00000000,0.28297289
29.00000000,1868.00000000,0.28297383
29.00000000,1869.00000000,0.28298115
29.00000000,1870.00000000,0.28298200
29.00000000,1871.00000000,0.28298920
29.00000000,1872.00000000,0.28298989
29.00000000,1873.00000000,0.28299688
29.00000000,1874.00000000,0.28301599
29.00000000,1875.00000000,0.28300817
29.00000000,1876.00000000,0.28301916
29.00000000,1877.00000000,0.28301663
29.00000000,1878.00000000,0.28302655
29.00000000,1879.00000000,0.28304269
29.00000000,1880.00000000,0.28303245
29.00000000,1881.00000000,0.28304110
29.00000000,1882.00000000,0.28304246
29.00000000,1883.00000000,0.28309454
29.00000000,1884.00000000,0.28309427
29.00000000,1885.00000000,0.28311306
29.00000000,1886.00000000,0.28310570
29.00000000,1887.00000000,0.28309836
29.00000000,1888.00000000,0.28311685
29.00000000,1889.00000000,0.28315432
29.00000000,1890.00000000,0.28316546
29.00000000,1891.00000000,0.28316315
29.00000000,1892.00000000,0.28319257
29.00000000,1893.00000000,0.28322827
29.00000000,1894.00000000,0.28325733
29.00000000,1895.00000000,0.28326076
29.00000000,1896.00000000,0.28329771
29.00000000,1897.00000000,0.28331357
29.00000000,1898.00000000,0.28334188
29.00000000,1899.00000000,0.28335640
29.00000000,1900.00000000,0.28339556
29.00000000,1901.00000000,0.28348518
29.00000000,1902.00000000,0.28353477
29.00000000,1903.00000000,0.28344679
29.00000000,1904.00000000,0.28351270
29.00000000,1905.00000000,0.28350565
29.00000000,1906.00000000,0.28349687
29.00000000,1907.00000000,0.28347596
29.00000000,1908.00000000,0.28353325
29.00000000,1909.00000000,0.28366615
29.00000000,1910.00000000,0.28367452
29.00000000,1911.00000000,0.28372045
29.00000000,1912.00000000,0.28378447
29.00000000,1913.00000000,0.28376321
29.00000000,1914.00000000,0.28373464
29.00000000,1915.00000000,0.28371992
29.00000000,1916.00000000,0.28377209
29.00000000,1917.00000000,0.28394240
29.00000000,1918.00000000,0.28390637
29.00000000,1919.00000000,0.28405898
29.00000000,1920.00000000,0.28413016
29.00000000,1921.00000000,0.28411361
29.00000000,1922.00000000,0.28406112
29.00000000,1923.00000000,0.28412111
29.00000000,1924.00000000,0.28424625
29.00000000,1925.00000000,0.28430602
29.00000000,1926.00000000,0.28441712
29.00000000,1927.00000000,0.28455369
29.00000000,1928.00000000,0.28479922
29.00000000,1929.00000000,0.28494601
29.00000000,1930.00000000,0.28503289
29.00000000,1931.00000000,0.28509376
29.00000000,1932.00000000,0.28539614
29.00000000,1933.00000000,0.28541753
29.00000000,1934.00000000,0.28564982
29.00000000,1935.00000000,0.28591604
29.00000000,1936.00000000,0.28639528
29.00000000,1937.00000000,0.28615387
29.00000000,1938.00000000,0.28635519
29.00000000,1939.00000000,0.28654742
29.00000000,1940.00000000,0.28662766
29.00000000,1941.00000000,0.28687309
29.00000000,1942.00000000,0.28725089
29.00000000,1943.00000000,0.28661037
29.00000000,1944.00000000,0.28649170
29.00000000,1945.00000000,0.28685764
29.00000000,1946.00000000,0.28716811
29.00000000,1947.00000000,0.28700963
29.00000000,1948.00000000,0.28613301
29.00000000,1949.00000000,0.28690979
29.00000000,1950.00000000,0.28603443
29.00000000,1951.00000000,0.28626104
29.00000000,1952.00000000,0.28701863
29.00000000,1953.00000000,0.28691492
29.00000000,1954.00000000,0.28692767
29.00000000,1955.00000000,0.28690922
29.00000000,1956.00000000,0.28734369
29.00000000,1957.00000000,0.28727920
29.00000000,1958.00000000,0.28770446
29.00000000,1959.00000000,0.28701101
29.00000000,1960.00000000,0.28617483
29.00000000,1961.00000000,0.28546238
29.00000000,1962.00000000,0.28564404
29.00000000,1963.00000000,0.28604175
29.00000000,1964.00000000,0.28626704
29.00000000,1965.00000000,0.28680304
29.00000000,1966.00000000,0.28717794
29.00000000,1967.00000000,0.28660451
29.00000000,1968.00000000,0.28677940
29.00000000,1969.00000000,0.28731460
29.00000000,1970.00000000,0.28737788
29.00000000,1971.00000000,0.28725780
29.00000000,1972.00000000,0.28739191
29.00000000,1973.00000000,0.28715127
29.00000000,1974.00000000,0.28552156
29.00000000,1975.00000000,0.28582394
29.00000000,1976.00000000,0.28661404
29.00000000,1977.00000000,0.28690879
29.00000000,1978.00000000,0.28638625
29.00000000,1979.00000000,0.28753630
29.00000000,1980.00000000,0.28821458
29.00000000,1981.00000000,0.28818751
29.00000000,1982.00000000,0.28827577
29.00000000,1983.00000000,0.28824040
29.00000000,1984.00000000,0.28920106
29.00000000,1985.00000000,0.28989335
29.00000000,1986.00000000,0.29031325
29.00000000,1987.00000000,0.29052876
29.00000000,1988.00000000,0.29120263
29.00000000,1989.00000000,0.29176399
29.00000000,1990.00000000,0.29169518
29.00000000,1991.00000000,0.29219217
29.00000000,1992.00000000,0.29295701
29.00000000,1993.00000000,0.29380076
29.00000000,1994.00000000,0.29450329
29.00000000,1995.00000000,0.29535737
29.00000000,1996.00000000,0.29586951
29.00000000,1997.00000000,0.29683489
29.00000000,1998.00000000,0.29802340
29.00000000,1999.00000000,0.29962131
29.00000000,2000.00000000,0.30045109
29.00000000,2001.00000000,0.30136583
29.00000000,2002.00000000,0.30271359
29.00000000,2003.00000000,0.30261368
29.00000000,2004.00000000,0.30226537
29.00000000,2005.00000000,0.30379560
29.00000000,2006.00000000,0.30453190
29.00000000,2007.00000000,0.30480641
29.00000000,2008.00000000,0.30637636
29.00000000,2009.00000000,0.30579034
29.00000000,2010.00000000,0.30450151
29.00000000,2011.00000000,0.30398551
29.00000000,2012.00000000,0.30361314
29.00000000,2013.00000000,0.30448049
29.00000000,2014.00000000,0.30517105
29.00000000,2015.00000000,0.30592541
29.00000000,2016.00000000,0.30652183
29.00000000,2017.00000000,0.30753598
29.00000000,2018.00000000,0.30799405
29.00000000,2019.00000000,0.30799836
29.00000000,2020.00000000,0.30821968
29.00000000,2021.00000000,0.30711996
29.00000000,2022.00000000,0.30678917
29.00000000,2023.00000000,0.30715753
29.00000000,2024.00000000,0.30759579
29.00000000,2025.00000000,0.30807940
29.00000000,2026.00000000,0.30837706
29.00000000,2027.00000000,0.30779413
29.00000000,2028.00000000,0.30728595
29.00000000,2029.00000000,0.30793512
29.00000000,2030.00000000,0.30855070
29.00000000,2031.00000000,0.30849172
29.00000000,2032.00000000,0.31020186
29.00000000,2033.00000000,0.31221029
29.00000000,2034.00000000,0.31366960
29.00000000,2035.00000000,0.31444514
29.00000000,2036.00000000,0.31521471
29.00000000,2037.00000000,0.31597845
29.00000000,2038.00000000,0.31673444
29.00000000,2039.00000000,0.31748273
29.00000000,2040.00000000,0.31865715
29.00000000,2041.00000000,0.31982302
29.00000000,2042.00000000,0.32097957
29.00000000,2043.00000000,0.32212576
29.00000000,2044.00000000,0.32326087
29.00000000,2045.00000000,0.32438456
29.00000000,2046.00000000,0.32549661
29.00000000,2047.00000000,0.32659702
29.00000000,2048.00000000,0.32768585
29.00000000,2049.00000000,0.32876341
29.00000000,2050.00000000,0.32964023
29.00000000,2051.00000000,0.33050682
29.00000000,2052.00000000,0.33136355
29.00000000,2053.00000000,0.33221108
29.00000000,2054.00000000,0.33304961
29.00000000,2055.00000000,0.33387971
29.00000000,2056.00000000,0.33470179
29.00000000,2057.00000000,0.33551629
29.00000000,2058.00000000,0.33632338
29.00000000,2059.00000000,0.33712362
29.00000000,2060.00000000,0.33830583
29.00000000,2061.00000000,0.33948083
29.00000000,2062.00000000,0.34065106
29.00000000,2063.00000000,0.34181883
29.00000000,2064.00000000,0.34298596
29.00000000,2065.00000000,0.34415364
29.00000000,2066.00000000,0.34532215
29.00000000,2067.00000000,0.34649196
29.00000000,2068.00000000,0.34766299
29.00000000,2069.00000000,0.34883497
29.00000000,2070.00000000,0.35028649
29.00000000,2071.00000000,0.35173796
29.00000000,2072.00000000,0.35319069
29.00000000,2073.00000000,0.35464659
29.00000000,2074.00000000,0.35610652
29.00000000,2075.00000000,0.35757075
29.00000000,2076.00000000,0.35903914
29.00000000,2077.00000000,0.36051120
29.00000000,2078.00000000,0.36198644
29.00000000,2079.00000000,0.36346405
29.00000000,2080.00000000,0.36492757
29.00000000,2081.00000000,0.36639220
29.00000000,2082.00000000,0.36785820
29.00000000,2083.00000000,0.36932579
29.00000000,2084.00000000,0.37079526
29.00000000,2085.00000000,0.37226598
29.00000000,2086.00000000,0.37373721
29.00000000,2087.00000000,0.37520858
29.00000000,2088.00000000,0.37667889
29.00000000,2089.00000000,0.37814735
29.00000000,2090.00000000,0.37902236
29.00000000,2091.00000000,0.37989582
29.00000000,2092.00000000,0.38076860
29.00000000,2093.00000000,0.38164129
29.00000000,2094.00000000,0.38251406
29.00000000,2095.00000000,0.38338702
29.00000000,2096.00000000,0.38425965
29.00000000,2097.00000000,0.38513152
29.00000000,2098.00000000,0.38600221
29.00000000,2099.00000000,0.38687097
29.00000000,2100.00000000,0.38721265
29.00000000,2101.00000000,0.38755314
29.00000000,2102.00000000,0.38789287
29.00000000,2103.00000000,0.38823261
29.00000000,2104.00000000,0.38857243
29.00000000,2105.00000000,0.38891233
29.00000000,2106.00000000,0.38925221
29.00000000,2107.00000000,0.38959165
29.00000000,2108.00000000,0.38993025
29.00000000,2109.00000000,0.39026779
29.00000000,2110.00000000,0.39031556
29.00000000,2111.00000000,0.39036219
29.00000000,2112.00000000,0.39040753
29.00000000,2113.00000000,0.39045139
29.00000000,2114.00000000,0.39049345
29.00000000,2115.00000000,0.39053363
29.00000000,2116.00000000,0.39057153
29.00000000,2117.00000000,0.39060709
29.00000000,2118.00000000,0.39064019
29.00000000,2119.00000000,0.39067041
29.00000000,2120.00000000,0.39040558
29.00000000,2121.00000000,0.39013849
29.00000000,2122.00000000,0.38986919
29.00000000,2123.00000000,0.38959770
29.00000000,2124.00000000,0.38932393
29.00000000,2125.00000000,0.38904788
29.00000000,2126.00000000,0.38876961
29.00000000,2127.00000000,0.38848885
29.00000000,2128.00000000,0.38820602
29.00000000,2129.00000000,0.38792064
29.00000000,2130.00000000,0.38741243
29.00000000,2131.00000000,0.38690267
29.00000000,2132.00000000,0.38639110
29.00000000,2133.00000000,0.38587799
29.00000000,2134.00000000,0.38536343
29.00000000,2135.00000000,0.38484749
29.00000000,2136.00000000,0.38433010
29.00000000,2137.00000000,0.38381145
29.00000000,2138.00000000,0.38329154
29.00000000,2139.00000000,0.38277050
29.00000000,2140.00000000,0.38224839
29.00000000,2141.00000000,0.38172512
29.00000000,2142.00000000,0.38120091
29.00000000,2143.00000000,0.38067573
29.00000000,2144.00000000,0.38014965
29.00000000,2145.00000000,0.37962281
29.00000000,2146.00000000,0.37909519
29.00000000,2147.00000000,0.37856674
29.00000000,2148.00000000,0.37803766
29.00000000,2149.00000000,0.37750797
29.00000000,2150.00000000,0.37697757
29.00000000,2151.00000000,0.37644880
29.00000000,2152.00000000,0.37592717
29.00000000,2153.00000000,0.37541836
29.00000000,2154.00000000,0.37492500
29.00000000,2155.00000000,0.37444832
29.00000000,2156.00000000,0.37398849
29.00000000,2157.00000000,0.37354541
29.00000000,2158.00000000,0.37311841
29.00000000,2159.00000000,0.37270710
29.00000000,2160.00000000,0.37231069
29.00000000,2161.00000000,0.37192849
29.00000000,2162.00000000,0.37155992
29.00000000,2163.00000000,0.37120424
29.00000000,2164.00000000,0.37086094
29.00000000,2165.00000000,0.37052932
29.00000000,2166.00000000,0.37020873
29.00000000,2167.00000000,0.36989878
29.00000000,2168.00000000,0.36959884
29.00000000,2169.00000000,0.36930839
29.00000000,2170.00000000,0.36902697
29.00000000,2171.00000000,0.36875414
29.00000000,2172.00000000,0.36848939
29.00000000,2173.00000000,0.36823240
29.00000000,2174.00000000,0.36798260
29.00000000,2175.00000000,0.36773968
29.00000000,2176.00000000,0.36750329
29.00000000,2177.00000000,0.36727291
29.00000000,2178.00000000,0.36704834
29.00000000,2179.00000000,0.36682902
29.00000000,2180.00000000,0.36522588
29.00000000,2181.00000000,0.36362951
29.00000000,2182.00000000,0.36203986
29.00000000,2183.00000000,0.36045688
29.00000000,2184.00000000,0.35888067
29.00000000,2185.00000000,0.35731112
29.00000000,2186.00000000,0.35574822
29.00000000,2187.00000000,0.35419198
29.00000000,2188.00000000,0.35264236
29.00000000,2189.00000000,0.35109940
29.00000000,2190.00000000,0.34956302
29.00000000,2191.00000000,0.34803314
29.00000000,2192.00000000,0.34650984
29.00000000,2193.00000000,0.34499302
29.00000000,2194.00000000,0.34348257
29.00000000,2195.00000000,0.34197865
29.00000000,2196.00000000,0.34048108
29.00000000,2197.00000000,0.33898982
29.00000000,2198.00000000,0.33750490
29.00000000,2199.00000000,0.33602620
29.00000000,2200.00000000,0.33455376
29.00000000,2201.00000000,0.33308750
29.00000000,2202.00000000,0.33162732
29.00000000,2203.00000000,0.33017326
29.00000000,2204.00000000,0.32872524
29.00000000,2205.00000000,0.32728317
29.00000000,2206.00000000,0.32584711
29.00000000,2207.00000000,0.32441692
29.00000000,2208.00000000,0.32299255
29.00000000,2209.00000000,0.32157399
29.00000000,2210.00000000,0.32016118
29.00000000,2211.00000000,0.31875401
29.00000000,2212.00000000,0.31735253
29.00000000,2213.00000000,0.31595660
29.00000000,2214.00000000,0.31456626
29.00000000,2215.00000000,0.31318140
29.00000000,2216.00000000,0.31180191
29.00000000,2217.00000000,0.31042782
29.00000000,2218.00000000,0.30905907
29.00000000,2219.00000000,0.30769554
29.00000000,2220.00000000,0.30633724
29.00000000,2221.00000000,0.30498411
29.00000000,2222.00000000,0.30363603
29.00000000,2223.00000000,0.30229305
29.00000000,2224.00000000,0.30095498
29.00000000,2225.00000000,0.29962192
29.00000000,2226.00000000,0.29829370
29.00000000,2227.00000000,0.29697026
29.00000000,2228.00000000,0.29565162
29.00000000,2229.00000000,0.29433768
29.00000000,2230.00000000,0.29302836
29.00000000,2231.00000000,0.29172365
29.00000000,2232.00000000,0.29042345
29.00000000,2233.00000000,0.28912771
29.00000000,2234.00000000,0.28783638
29.00000000,2235.00000000,0.28654942
29.00000000,2236.00000000,0.28526671
29.00000000,2237.00000000,0.28398828
29.00000000,2238.00000000,0.28271399
29.00000000,2239.00000000,0.28144386
29.00000000,2240.00000000,0.28017778
29.00000000,2241.00000000,0.27891567
29.00000000,2242.00000000,0.27765754
29.00000000,2243.00000000,0.27640330
29.00000000,2244.00000000,0.27515285
29.00000000,2245.00000000,0.27390616
29.00000000,2246.00000000,0.27266319
29.00000000,2247.00000000,0.27142384
29.00000000,2248.00000000,0.27018809
29.00000000,2249.00000000,0.26895554
29.00000000,2250.00000000,0.26772440
29.00000000,2251.00000000,0.26649120
29.00000000,2252.00000000,0.26525275
29.00000000,2253.00000000,0.26400738
29.00000000,2254.00000000,0.26275446
29.00000000,2255.00000000,0.26149376
29.00000000,2256.00000000,0.26022552
29.00000000,2257.00000000,0.25894982
29.00000000,2258.00000000,0.25766688
29.00000000,2259.00000000,0.25637706
29.00000000,2260.00000000,0.25508064
29.00000000,2261.00000000,0.25377810
29.00000000,2262.00000000,0.25246996
29.00000000,2263.00000000,0.25115670
29.00000000,2264.00000000,0.24983879
29.00000000,2265.00000000,0.24851653
29.00000000,2266.00000000,0.24719024
29.00000000,2267.00000000,0.24586023
29.00000000,2268.00000000,0.24452679
29.00000000,2269.00000000,0.24319014
29.00000000,2270.00000000,0.24185061
29.00000000,2271.00000000,0.24050840
29.00000000,2272.00000000,0.23916374
29.00000000,2273.00000000,0.23781689
29.00000000,2274.00000000,0.23646806
29.00000000,2275.00000000,0.23511750
29.00000000,2276.00000000,0.23376545
29.00000000,2277.00000000,0.23241211
29.00000000,2278.00000000,0.23135583
29.00000000,2279.00000000,0.23117663
29.00000000,2280.00000000,0.23123714
29.00000000,2281.00000000,0.23129763
29.00000000,2282.00000000,0.23135803
29.00000000,2283.00000000,0.23141831
29.00000000,2284.00000000,0.23147853
29.00000000,2285.00000000,0.23157631
29.00000000,2286.00000000,0.23167404
29.00000000,2287.00000000,0.23177170
29.00000000,2288.00000000,0.23186923
29.00000000,2289.00000000,0.23196672
29.00000000,2290.00000000,0.23198958
29.00000000,2291.00000000,0.23201229
29.00000000,2292.00000000,0.23203490
29.00000000,2293.00000000,0.23205737
29.00000000,2294.00000000,0.23207971
29.00000000,2295.00000000,0.23210195
29.00000000,2296.00000000,0.23212408
29.00000000,2297.00000000,0.23214607
29.00000000,2298.00000000,0.23216798
29.00000000,2299.00000000,0.23218976
29.00000000,2300.00000000,0.23221148
29.00000000,2301.00000000,0.23223308
29.00000000,2302.00000000,0.23225454
29.00000000,2303.00000000,0.23227589
29.00000000,2304.00000000,0.23229711
29.00000000,2305.00000000,0.23231494
29.00000000,2306.00000000,0.23233265
29.00000000,2307.00000000,0.23235024
29.00000000,2308.00000000,0.23236766
29.00000000,2309.00000000,0.23238498
29.00000000,2310.00000000,0.23240216
29.00000000,2311.00000000,0.23241926
29.00000000,2312.00000000,0.23243622
29.00000000,2313.00000000,0.23245307
29.00000000,2314.00000000,0.23246984
29.00000000,2315.00000000,0.23248650
29.00000000,2316.00000000,0.23250302
29.00000000,2317.00000000,0.23251950
29.00000000,2318.00000000,0.23253589
29.00000000,2319.00000000,0.23255214
29.00000000,2320.00000000,0.23256835
29.00000000,2321.00000000,0.23258445
29.00000000,2322.00000000,0.23260050
29.00000000,2323.00000000,0.23261648
29.00000000,2324.00000000,0.23263235
29.00000000,2325.00000000,0.23264819
29.00000000,2326.00000000,0.23266397
29.00000000,2327.00000000,0.23267963
29.00000000,2328.00000000,0.23269529
29.00000000,2329.00000000,0.23271089
29.00000000,2330.00000000,0.23273360
29.00000000,2331.00000000,0.23275632
29.00000000,2332.00000000,0.23277898
29.00000000,2333.00000000,0.23280154
29.00000000,2334.00000000,0.23282411
29.00000000,2335.00000000,0.23284661
29.00000000,2336.00000000,0.23286910
29.00000000,2337.00000000,0.23289155
29.00000000,2338.00000000,0.23291392
29.00000000,2339.00000000,0.23293628
29.00000000,2340.00000000,0.23295861
29.00000000,2341.00000000,0.23298088
29.00000000,2342.00000000,0.23300316
29.00000000,2343.00000000,0.23302539
29.00000000,2344.00000000,0.23304757
29.00000000,2345.00000000,0.23306975
29.00000000,2346.00000000,0.23309185
29.00000000,2347.00000000,0.23311397
29.00000000,2348.00000000,0.23313608
29.00000000,2349.00000000,0.23315811
29.00000000,2350.00000000,0.23318016
29.00000000,2351.00000000,0.23320219
29.00000000,2352.00000000,0.23322414
29.00000000,2353.00000000,0.23324616
29.00000000,2354.00000000,0.23326815
29.00000000,2355.00000000,0.23329011
29.00000000,2356.00000000,0.23331209
29.00000000,2357.00000000,0.23333407
29.00000000,2358.00000000,0.23335601
29.00000000,2359.00000000,0.23337799
29.00000000,2360.00000000,0.23339993
29.00000000,2361.00000000,0.23342191
29.00000000,2362.00000000,0.23344388
29.00000000,2363.00000000,0.23346582
29.00000000,2364.00000000,0.23348779
29.00000000,2365.00000000,0.23350978
29.00000000,2366.00000000,0.23353172
29.00000000,2367.00000000,0.23355369
29.00000000,2368.00000000,0.23357567
29.00000000,2369.00000000,0.23359761
29.00000000,2370.00000000,0.23361961
29.00000000,2371.00000000,0.23364154
29.00000000,2372.00000000,0.23366354
29.00000000,2373.00000000,0.23368552
29.00000000,2374.00000000,0.23370747
29.00000000,2375.00000000,0.23372948
29.00000000,2376.00000000,0.23375147
29.00000000,2377.00000000,0.23377343
29.00000000,2378.00000000,0.23379544
29.00000000,2379.00000000,0.23381746
29.00000000,2380.00000000,0.23383735
29.00000000,2381.00000000,0.23385730
29.00000000,2382.00000000,0.23387725
29.00000000,2383.00000000,0.23389717
29.00000000,2384.00000000,0.23391712
29.00000000,2385.00000000,0.23393704
29.00000000,2386.00000000,0.23395701
29.00000000,2387.00000000,0.23397699
29.00000000,2388.00000000,0.23399692
29.00000000,2389.00000000,0.23401691
29.00000000,2390.00000000,0.23403691
29.00000000,2391.00000000,0.23405685
29.00000000,2392.00000000,0.23407687
29.00000000,2393.00000000,0.23409689
29.00000000,2394.00000000,0.23411685
29.00000000,2395.00000000,0.23413690
29.00000000,2396.00000000,0.23415688
29.00000000,2397.00000000,0.23417695
29.00000000,2398.00000000,0.23419700
29.00000000,2399.00000000,0.23421702
29.00000000,2400.00000000,0.23423710
29.00000000,2401.00000000,0.23425719
29.00000000,2402.00000000,0.23427724
29.00000000,2403.00000000,0.23429739
29.00000000,2404.00000000,0.23431754
29.00000000,2405.00000000,0.23433767
29.00000000,2406.00000000,0.23435789
29.00000000,2407.00000000,0.23437808
29.00000000,2408.00000000,0.23439834
29.00000000,2409.00000000,0.23441864
29.00000000,2410.00000000,0.23443890
29.00000000,2411.00000000,0.23445926
29.00000000,2412.00000000,0.23447962
29.00000000,2413.00000000,0.23449998
29.00000000,2414.00000000,0.23452040
29.00000000,2415.00000000,0.23454085
29.00000000,2416.00000000,0.23456129
29.00000000,2417.00000000,0.23458180
29.00000000,2418.00000000,0.23460233
29.00000000,2419.00000000,0.23462282
29.00000000,2420.00000000,0.23464340
29.00000000,2421.00000000,0.23466394
29.00000000,2422.00000000,0.23468459
29.00000000,2423.00000000,0.23470524
29.00000000,2424.00000000,0.23472585
29.00000000,2425.00000000,0.23474656
29.00000000,2426.00000000,0.23476728
29.00000000,2427.00000000,0.23478798
29.00000000,2428.00000000,0.23480874
29.00000000,2429.00000000,0.23482954
29.00000000,2430.00000000,0.23484810
29.00000000,2431.00000000,0.23486674
29.00000000,2432.00000000,0.23488532
29.00000000,2433.00000000,0.23490401
29.00000000,2434.00000000,0.23492271
29.00000000,2435.00000000,0.23494137
29.00000000,2436.00000000,0.23496012
29.00000000,2437.00000000,0.23497890
29.00000000,2438.00000000,0.23499763
29.00000000,2439.00000000,0.23501643
29.00000000,2440.00000000,0.23503528
29.00000000,2441.00000000,0.23505407
29.00000000,2442.00000000,0.23507296
29.00000000,2443.00000000,0.23509187
29.00000000,2444.00000000,0.23511072
29.00000000,2445.00000000,0.23512967
29.00000000,2446.00000000,0.23514858
29.00000000,2447.00000000,0.23516758
29.00000000,2448.00000000,0.23518660
29.00000000,2449.00000000,0.23520557
29.00000000,2450.00000000,0.23522465
29.00000000,2451.00000000,0.23524374
29.00000000,2452.00000000,0.23526277
29.00000000,2453.00000000,0.23528190
29.00000000,2454.00000000,0.23530104
29.00000000,2455.00000000,0.23532011
29.00000000,2456.00000000,0.23533928
29.00000000,2457.00000000,0.23535837
29.00000000,2458.00000000,0.23537757
29.00000000,2459.00000000,0.23539678
29.00000000,2460.00000000,0.23541592
29.00000000,2461.00000000,0.23543517
29.00000000,2462.00000000,0.23545441
29.00000000,2463.00000000,0.23547360
29.00000000,2464.00000000,0.23549289
29.00000000,2465.00000000,0.23551219
29.00000000,2466.00000000,0.23553141
29.00000000,2467.00000000,0.23555076
29.00000000,2468.00000000,0.23557002
29.00000000,2469.00000000,0.23558939
29.00000000,2470.00000000,0.23560877
29.00000000,2471.00000000,0.23562809
29.00000000,2472.00000000,0.23564752
29.00000000,2473.00000000,0.23566696
29.00000000,2474.00000000,0.23568633
29.00000000,2475.00000000,0.23570583
29.00000000,2476.00000000,0.23572533
29.00000000,2477.00000000,0.23574475
29.00000000,2478.00000000,0.23576432
29.00000000,2479.00000000,0.23578388
29.00000000,2480.00000000,0.23580482
29.00000000,2481.00000000,0.23582590
29.00000000,2482.00000000,0.23584689
29.00000000,2483.00000000,0.23586800
29.00000000,2484.00000000,0.23588915
29.00000000,2485.00000000,0.23591021
29.00000000,2486.00000000,0.23593140
29.00000000,2487.00000000,0.23595261
29.00000000,2488.00000000,0.23597376
29.00000000,2489.00000000,0.23599502
29.00000000,2490.00000000,0.23601632
29.00000000,2491.00000000,0.23603752
29.00000000,2492.00000000,0.23605889
29.00000000,2493.00000000,0.23608015
29.00000000,2494.00000000,0.23610157
29.00000000,2495.00000000,0.23612301
29.00000000,2496.00000000,0.23614437
29.00000000,2497.00000000,0.23616587
29.00000000,2498.00000000,0.23618741
29.00000000,2499.00000000,0.23620886
29.00000000,2500.00000000,0.23623049
30.00000000,1765.00000000,0.27146271
30.00000000,1766.00000000,0.27146285
30.00000000,1767.00000000,0.27146258
30.00000000,1768.00000000,0.27146258
30.00000000,1769.00000000,0.27146250
30.00000000,1770.00000000,0.27146222
30.00000000,1771.00000000,0.27146191
30.00000000,1772.00000000,0.27146141
30.00000000,1773.00000000,0.27146098
30.00000000,1774.00000000,0.27146030
30.00000000,1775.00000000,0.27145952
30.00000000,1776.00000000,0.27145861
30.00000000,1777.00000000,0.27145767
30.00000000,1778.00000000,0.27145667
30.00000000,1779.00000000,0.27145555
30.00000000,1780.00000000,0.27145436
30.00000000,1781.00000000,0.27145312
30.00000000,1782.00000000,0.27145194
30.00000000,1783.00000000,0.27145059
30.00000000,1784.00000000,0.27144922
30.00000000,1785.00000000,0.27144778
30.00000000,1786.00000000,0.27144632
30.00000000,1787.00000000,0.27144487
30.00000000,1788.00000000,0.27144340
30.00000000,1789.00000000,0.27144198
30.00000000,1790.00000000,0.27144055
30.00000000,1791.00000000,0.27143915
30.00000000,1792.00000000,0.27143777
30.00000000,1793.00000000,0.27143640
30.00000000,1794.00000000,0.27143506
30.00000000,1795.00000000,0.27143370
30.00000000,1796.00000000,0.27145116
30.00000000,1797.00000000,0.27144987
30.00000000,1798.00000000,0.27144861
30.00000000,1799.00000000,0.27144737
30.00000000,1800.00000000,0.27144616
30.00000000,1801.00000000,0.27145122
30.00000000,1802.00000000,0.27145004
30.00000000,1803.00000000,0.27144888
30.00000000,1804.00000000,0.27144766
30.00000000,1805.00000000,0.27144649
30.00000000,1806.00000000,0.27144538
30.00000000,1807.00000000,0.27144423
30.00000000,1808.00000000,0.27144316
30.00000000,1809.00000000,0.27144205
30.00000000,1810.00000000,0.27144104
30.00000000,1811.00000000,0.27144629
30.00000000,1812.00000000,0.27144526
30.00000000,1813.00000000,0.27144432
30.00000000,1814.00000000,0.27144337
30.00000000,1815.00000000,0.27144244
30.00000000,1816.00000000,0.27144153
30.00000000,1817.00000000,0.27144066
30.00000000,1818.00000000,0.27143969
30.00000000,1819.00000000,0.27143876
30.00000000,1820.00000000,0.27143783
30.00000000,1821.00000000,0.27144320
30.00000000,1822.00000000,0.27144235
30.00000000,1823.00000000,0.27144144
30.00000000,1824.00000000,0.27144057
30.00000000,1825.00000000,0.27143973
30.00000000,1826.00000000,0.27143883
30.00000000,1827.00000000,0.27144426
30.00000000,1828.00000000,0.27144339
30.00000000,1829.00000000,0.27144252
30.00000000,1830.00000000,0.27144788
30.00000000,1831.00000000,0.27144695
30.00000000,1832.00000000,0.27145850
30.00000000,1833.00000000,0.27145117
30.00000000,1834.00000000,0.27145010
30.00000000,1835.00000000,0.27144901
30.00000000,1836.00000000,0.27145421
30.00000000,1837.00000000,0.27145301
30.00000000,1838.00000000,0.27145180
30.00000000,1839.00000000,0.27145057
30.00000000,1840.00000000,0.27144924
30.00000000,1841.00000000,0.27145420
30.00000000,1842.00000000,0.27145280
30.00000000,1843.00000000,0.27145132
30.00000000,1844.00000000,0.27144986
30.00000000,1845.00000000,0.27145455
30.00000000,1846.00000000,0.27145922
30.00000000,1847.00000000,0.27146377
30.00000000,1848.00000000,0.27146197
30.00000000,1849.00000000,0.27146010
30.00000000,1850.00000000,0.27145814
30.00000000,1851.00000000,0.27145606
30.00000000,1852.00000000,0.27146017
30.00000000,1853.00000000,0.27146448
30.00000000,1854.00000000,0.27146218
30.00000000,1855.00000000,0.27146583
30.00000000,1856.00000000,0.27146279
30.00000000,1857.00000000,0.27146577
30.00000000,1858.00000000,0.27146235
30.00000000,1859.00000000,0.27145878
30.00000000,1860.00000000,0.27149281
30.00000000,1861.00000000,0.27148272
30.00000000,1862.00000000,0.27147869
30.00000000,1863.00000000,0.27148048
30.00000000,1864.00000000,0.27147604
30.00000000,1865.00000000,0.27147800
30.00000000,1866.00000000,0.27149878
30.00000000,1867.00000000,0.27149449
30.00000000,1868.00000000,0.27149634
30.00000000,1869.00000000,0.27149820
30.00000000,1870.00000000,0.27150617
30.00000000,1871.00000000,0.27150782
30.00000000,1872.00000000,0.27151576
30.00000000,1873.00000000,0.27151732
30.00000000,1874.00000000,0.27152440
30.00000000,1875.00000000,0.27154328
30.00000000,1876.00000000,0.27153637
30.00000000,1877.00000000,0.27154779
30.00000000,1878.00000000,0.27154629
30.00000000,1879.00000000,0.27155708
30.00000000,1880.00000000,0.27157380
30.00000000,1881.00000000,0.27156481
30.00000000,1882.00000000,0.27157405
30.00000000,1883.00000000,0.27157596
30.00000000,1884.00000000,0.27162740
30.00000000,1885.00000000,0.27162833
30.00000000,1886.00000000,0.27164798
30.00000000,1887.00000000,0.27164236
30.00000000,1888.00000000,0.27163670
30.00000000,1889.00000000,0.27165574
30.00000000,1890.00000000,0.27169316
30.00000000,1891.00000000,0.27170492
30.00000000,1892.00000000,0.27170356
30.00000000,1893.00000000,0.27173330
30.00000000,1894.00000000,0.27176931
30.00000000,1895.00000000,0.27179911
30.00000000,1896.00000000,0.27180373
30.00000000,1897.00000000,0.27184078
30.00000000,1898.00000000,0.27185725
30.00000000,1899.00000000,0.27188555
30.00000000,1900.00000000,0.27190023
30.00000000,1901.00000000,0.27193865
30.00000000,1902.00000000,0.27202637
30.00000000,1903.00000000,0.27207507
30.00000000,1904.00000000,0.27199053
30.00000000,1905.00000000,0.27205508
30.00000000,1906.00000000,0.27204900
30.00000000,1907.00000000,0.27204096
30.00000000,1908.00000000,0.27202071
30.00000000,1909.00000000,0.27207697
30.00000000,1910.00000000,0.27220723
30.00000000,1911.00000000,0.27221703
30.00000000,1912.00000000,0.27226320
30.00000000,1913.00000000,0.27232707
30.00000000,1914.00000000,0.27230855
30.00000000,1915.00000000,0.27228442
30.00000000,1916.00000000,0.27227504
30.00000000,1917.00000000,0.27232991
30.00000000,1918.00000000,0.27249838
30.00000000,1919.00000000,0.27246722
30.00000000,1920.00000000,0.27262047
30.00000000,1921.00000000,0.27269485
30.00000000,1922.00000000,0.27268447
30.00000000,1923.00000000,0.27263876
30.00000000,1924.00000000,0.27270017
30.00000000,1925.00000000,0.27282386
30.00000000,1926.00000000,0.27288440
30.00000000,1927.00000000,0.27299487
30.00000000,1928.00000000,0.27312961
30.00000000,1929.00000000,0.27336944
30.00000000,1930.00000000,0.27351375
30.00000000,1931.00000000,0.27360171
30.00000000,1932.00000000,0.27366692
30.00000000,1933.00000000,0.27396767
30.00000000,1934.00000000,0.27399630
30.00000000,1935.00000000,0.27422720
30.00000000,1936.00000000,0.27448899
30.00000000,1937.00000000,0.27495537
30.00000000,1938.00000000,0.27472213
30.00000000,1939.00000000,0.27491904
30.00000000,1940.00000000,0.27510763
30.00000000,1941.00000000,0.27518676
30.00000000,1942.00000000,0.27542560
30.00000000,1943.00000000,0.27579343
30.00000000,1944.00000000,0.27517456
30.00000000,1945.00000000,0.27506309
30.00000000,1946.00000000,0.27542445
30.00000000,1947.00000000,0.27573284
30.00000000,1948.00000000,0.27558328
30.00000000,1949.00000000,0.27473541
30.00000000,1950.00000000,0.27549007
30.00000000,1951.00000000,0.27464209
30.00000000,1952.00000000,0.27486097
30.00000000,1953.00000000,0.27559330
30.00000000,1954.00000000,0.27549212
30.00000000,1955.00000000,0.27550518
30.00000000,1956.00000000,0.27548757
30.00000000,1957.00000000,0.27590772
30.00000000,1958.00000000,0.27584433
30.00000000,1959.00000000,0.27625651
30.00000000,1960.00000000,0.27558425
30.00000000,1961.00000000,0.27477505
30.00000000,1962.00000000,0.27408759
30.00000000,1963.00000000,0.27426714
30.00000000,1964.00000000,0.27465547
30.00000000,1965.00000000,0.27487592
30.00000000,1966.00000000,0.27539699
30.00000000,1967.00000000,0.27576187
30.00000000,1968.00000000,0.27520780
30.00000000,1969.00000000,0.27537868
30.00000000,1970.00000000,0.27589808
30.00000000,1971.00000000,0.27595848
30.00000000,1972.00000000,0.27584104
30.00000000,1973.00000000,0.27597154
30.00000000,1974.00000000,0.27574010
30.00000000,1975.00000000,0.27416554
30.00000000,1976.00000000,0.27446690
30.00000000,1977.00000000,0.27524132
30.00000000,1978.00000000,0.27553449
30.00000000,1979.00000000,0.27503598
30.00000000,1980.00000000,0.27615822
30.00000000,1981.00000000,0.27682629
30.00000000,1982.00000000,0.27681751
30.00000000,1983.00000000,0.27692513
30.00000000,1984.00000000,0.27691272
30.00000000,1985.00000000,0.27786320
30.00000000,1986.00000000,0.27855009
30.00000000,1987.00000000,0.27897069
30.00000000,1988.00000000,0.27919150
30.00000000,1989.00000000,0.27985533
30.00000000,1990.00000000,0.28040994
30.00000000,1991.00000000,0.28035546
30.00000000,1992.00000000,0.28085213
30.00000000,1993.00000000,0.28161160
30.00000000,1994.00000000,0.28245092
30.00000000,1995.00000000,0.28315294
30.00000000,1996.00000000,0.28400014
30.00000000,1997.00000000,0.28451412
30.00000000,1998.00000000,0.28546719
30.00000000,1999.00000000,0.28663864
30.00000000,2000.00000000,0.28820888
30.00000000,2001.00000000,0.28903346
30.00000000,2002.00000000,0.28993847
30.00000000,2003.00000000,0.29126217
30.00000000,2004.00000000,0.29117772
30.00000000,2005.00000000,0.29084664
30.00000000,2006.00000000,0.29233335
30.00000000,2007.00000000,0.29305117
30.00000000,2008.00000000,0.29332343
30.00000000,2009.00000000,0.29485325
30.00000000,2010.00000000,0.29429483
30.00000000,2011.00000000,0.29305624
30.00000000,2012.00000000,0.29256676
30.00000000,2013.00000000,0.29221592
30.00000000,2014.00000000,0.29306637
30.00000000,2015.00000000,0.29374551
30.00000000,2016.00000000,0.29448677
30.00000000,2017.00000000,0.29507545
30.00000000,2018.00000000,0.29606958
30.00000000,2019.00000000,0.29652545
30.00000000,2020.00000000,0.29654225
30.00000000,2021.00000000,0.29677026
30.00000000,2022.00000000,0.29571926
30.00000000,2023.00000000,0.29541490
30.00000000,2024.00000000,0.29578940
30.00000000,2025.00000000,0.29623270
30.00000000,2026.00000000,0.29672089
30.00000000,2027.00000000,0.29702965
30.00000000,2028.00000000,0.29648565
30.00000000,2029.00000000,0.29601469
30.00000000,2030.00000000,0.29666603
30.00000000,2031.00000000,0.29728510
30.00000000,2032.00000000,0.29724985
30.00000000,2033.00000000,0.29892842
30.00000000,2034.00000000,0.30089558
30.00000000,2035.00000000,0.30233037
30.00000000,2036.00000000,0.30310252
30.00000000,2037.00000000,0.30386921
30.00000000,2038.00000000,0.30463071
30.00000000,2039.00000000,0.30538527
30.00000000,2040.00000000,0.30613300
30.00000000,2041.00000000,0.30729427
30.00000000,2042.00000000,0.30844712
30.00000000,2043.00000000,0.30959063
30.00000000,2044.00000000,0.31072409
30.00000000,2045.00000000,0.31184710
30.00000000,2046.00000000,0.31295953
30.00000000,2047.00000000,0.31406131
30.00000000,2048.00000000,0.31515247
30.00000000,2049.00000000,0.31623326
30.00000000,2050.00000000,0.31730391
30.00000000,2051.00000000,0.31818076
30.00000000,2052.00000000,0.31904856
30.00000000,2053.00000000,0.31990765
30.00000000,2054.00000000,0.32075865
30.00000000,2055.00000000,0.32160172
30.00000000,2056.00000000,0.32243738
30.00000000,2057.00000000,0.32326599
30.00000000,2058.00000000,0.32408793
30.00000000,2059.00000000,0.32490334
30.00000000,2060.00000000,0.32571277
30.00000000,2061.00000000,0.32689384
30.00000000,2062.00000000,0.32807065
30.00000000,2063.00000000,0.32924573
30.00000000,2064.00000000,0.33042068
30.00000000,2065.00000000,0.33159651
30.00000000,2066.00000000,0.33277387
30.00000000,2067.00000000,0.33395273
30.00000000,2068.00000000,0.33513331
30.00000000,2069.00000000,0.33631524
30.00000000,2070.00000000,0.33749830
30.00000000,2071.00000000,0.33895330
30.00000000,2072.00000000,0.34041021
30.00000000,2073.00000000,0.34187064
30.00000000,2074.00000000,0.34333563
30.00000000,2075.00000000,0.34480524
30.00000000,2076.00000000,0.34627957
30.00000000,2077.00000000,0.34775792
30.00000000,2078.00000000,0.34923984
30.00000000,2079.00000000,0.35072468
30.00000000,2080.00000000,0.35221154
30.00000000,2081.00000000,0.35368481
30.00000000,2082.00000000,0.35515999
30.00000000,2083.00000000,0.35663730
30.00000000,2084.00000000,0.35811679
30.00000000,2085.00000000,0.35959810
30.00000000,2086.00000000,0.36108061
30.00000000,2087.00000000,0.36256344
30.00000000,2088.00000000,0.36404603
30.00000000,2089.00000000,0.36552744
30.00000000,2090.00000000,0.36700657
30.00000000,2091.00000000,0.36790848
30.00000000,2092.00000000,0.36880974
30.00000000,2093.00000000,0.36971100
30.00000000,2094.00000000,0.37061256
30.00000000,2095.00000000,0.37151420
30.00000000,2096.00000000,0.37241573
30.00000000,2097.00000000,0.37331674
30.00000000,2098.00000000,0.37421644
30.00000000,2099.00000000,0.37511444
30.00000000,2100.00000000,0.37601017
30.00000000,2101.00000000,0.37639250
30.00000000,2102.00000000,0.37677399
30.00000000,2103.00000000,0.37715509
30.00000000,2104.00000000,0.37753614
30.00000000,2105.00000000,0.37791710
30.00000000,2106.00000000,0.37829762
30.00000000,2107.00000000,0.37867762
30.00000000,2108.00000000,0.37905660
30.00000000,2109.00000000,0.37943423
30.00000000,2110.00000000,0.37981031
30.00000000,2111.00000000,0.37990338
30.00000000,2112.00000000,0.37999476
30.00000000,2113.00000000,0.38008438
30.00000000,2114.00000000,0.38017180
30.00000000,2115.00000000,0.38025712
30.00000000,2116.00000000,0.38033996
30.00000000,2117.00000000,0.38042005
30.00000000,2118.00000000,0.38049734
30.00000000,2119.00000000,0.38057175
30.00000000,2120.00000000,0.38064291
30.00000000,2121.00000000,0.38042577
30.00000000,2122.00000000,0.38020602
30.00000000,2123.00000000,0.37998350
30.00000000,2124.00000000,0.37975847
30.00000000,2125.00000000,0.37953071
30.00000000,2126.00000000,0.37930024
30.00000000,2127.00000000,0.37906715
30.00000000,2128.00000000,0.37883128
30.00000000,2129.00000000,0.37859282
30.00000000,2130.00000000,0.37835153
30.00000000,2131.00000000,0.37789229
30.00000000,2132.00000000,0.37743110
30.00000000,2133.00000000,0.37696778
30.00000000,2134.00000000,0.37650249
30.00000000,2135.00000000,0.37603538
30.00000000,2136.00000000,0.37556653
30.00000000,2137.00000000,0.37509585
30.00000000,2138.00000000,0.37462354
30.00000000,2139.00000000,0.37414969
30.00000000,2140.00000000,0.37367427
30.00000000,2141.00000000,0.37319746
30.00000000,2142.00000000,0.37271921
30.00000000,2143.00000000,0.37223968
30.00000000,2144.00000000,0.37175887
30.00000000,2145.00000000,0.37127679
30.00000000,2146.00000000,0.37079362
30.00000000,2147.00000000,0.37030938
30.00000000,2148.00000000,0.36982398
30.00000000,2149.00000000,0.36933765
30.00000000,2150.00000000,0.36885033
30.00000000,2151.00000000,0.36836412
30.00000000,2152.00000000,0.36788463
30.00000000,2153.00000000,0.36741725
30.00000000,2154.00000000,0.36696476
30.00000000,2155.00000000,0.36652825
30.00000000,2156.00000000,0.36610785
30.00000000,2157.00000000,0.36570349
30.00000000,2158.00000000,0.36531468
30.00000000,2159.00000000,0.36494074
30.00000000,2160.00000000,0.36458123
30.00000000,2161.00000000,0.36423535
30.00000000,2162.00000000,0.36390242
30.00000000,2163.00000000,0.36358195
30.00000000,2164.00000000,0.36327320
30.00000000,2165.00000000,0.36297571
30.00000000,2166.00000000,0.36268877
30.00000000,2167.00000000,0.36241199
30.00000000,2168.00000000,0.36214478
30.00000000,2169.00000000,0.36188671
30.00000000,2170.00000000,0.36163718
30.00000000,2171.00000000,0.36139591
30.00000000,2172.00000000,0.36116234
30.00000000,2173.00000000,0.36093608
30.00000000,2174.00000000,0.36071679
30.00000000,2175.00000000,0.36050398
30.00000000,2176.00000000,0.36029739
30.00000000,2177.00000000,0.36009663
30.00000000,2178.00000000,0.35990123
30.00000000,2179.00000000,0.35971101
30.00000000,2180.00000000,0.35952547
30.00000000,2181.00000000,0.35798238
30.00000000,2182.00000000,0.35644526
30.00000000,2183.00000000,0.35491406
30.00000000,2184.00000000,0.35338876
30.00000000,2185.00000000,0.35186945
30.00000000,2186.00000000,0.35035608
30.00000000,2187.00000000,0.34884862
30.00000000,2188.00000000,0.34734713
30.00000000,2189.00000000,0.34585153
30.00000000,2190.00000000,0.34436189
30.00000000,2191.00000000,0.34287814
30.00000000,2192.00000000,0.34140023
30.00000000,2193.00000000,0.33992825
30.00000000,2194.00000000,0.33846208
30.00000000,2195.00000000,0.33700166
30.00000000,2196.00000000,0.33554714
30.00000000,2197.00000000,0.33409836
30.00000000,2198.00000000,0.33265529
30.00000000,2199.00000000,0.33121797
30.00000000,2200.00000000,0.32978627
30.00000000,2201.00000000,0.32836026
30.00000000,2202.00000000,0.32693986
30.00000000,2203.00000000,0.32552499
30.00000000,2204.00000000,0.32411570
30.00000000,2205.00000000,0.32271192
30.00000000,2206.00000000,0.32131358
30.00000000,2207.00000000,0.31992070
30.00000000,2208.00000000,0.31853318
30.00000000,2209.00000000,0.31715098
30.00000000,2210.00000000,0.31577409
30.00000000,2211.00000000,0.31440249
30.00000000,2212.00000000,0.31303603
30.00000000,2213.00000000,0.31167482
30.00000000,2214.00000000,0.31031865
30.00000000,2215.00000000,0.30896765
30.00000000,2216.00000000,0.30762165
30.00000000,2217.00000000,0.30628060
30.00000000,2218.00000000,0.30494451
30.00000000,2219.00000000,0.30361331
30.00000000,2220.00000000,0.30228693
30.00000000,2221.00000000,0.30096536
30.00000000,2222.00000000,0.29964853
30.00000000,2223.00000000,0.29833639
30.00000000,2224.00000000,0.29702891
30.00000000,2225.00000000,0.29572599
30.00000000,2226.00000000,0.29442765
30.00000000,2227.00000000,0.29313379
30.00000000,2228.00000000,0.29184433
30.00000000,2229.00000000,0.29055932
30.00000000,2230.00000000,0.28927864
30.00000000,2231.00000000,0.28800222
30.00000000,2232.00000000,0.28673004
30.00000000,2233.00000000,0.28546205
30.00000000,2234.00000000,0.28419815
30.00000000,2235.00000000,0.28293835
30.00000000,2236.00000000,0.28168260
30.00000000,2237.00000000,0.28043073
30.00000000,2238.00000000,0.27918286
30.00000000,2239.00000000,0.27793878
30.00000000,2240.00000000,0.27669855
30.00000000,2241.00000000,0.27546206
30.00000000,2242.00000000,0.27422923
30.00000000,2243.00000000,0.27300007
30.00000000,2244.00000000,0.27177447
30.00000000,2245.00000000,0.27055242
30.00000000,2246.00000000,0.26933384
30.00000000,2247.00000000,0.26811867
30.00000000,2248.00000000,0.26690687
30.00000000,2249.00000000,0.26569810
30.00000000,2250.00000000,0.26449046
30.00000000,2251.00000000,0.26328069
30.00000000,2252.00000000,0.26206556
30.00000000,2253.00000000,0.26084340
30.00000000,2254.00000000,0.25961361
30.00000000,2255.00000000,0.25837606
30.00000000,2256.00000000,0.25713081
30.00000000,2257.00000000,0.25587808
30.00000000,2258.00000000,0.25461809
30.00000000,2259.00000000,0.25335106
30.00000000,2260.00000000,0.25207746
30.00000000,2261.00000000,0.25079760
30.00000000,2262.00000000,0.24951206
30.00000000,2263.00000000,0.24822136
30.00000000,2264.00000000,0.24692586
30.00000000,2265.00000000,0.24562595
30.00000000,2266.00000000,0.24432196
30.00000000,2267.00000000,0.24301410
30.00000000,2268.00000000,0.24170272
30.00000000,2269.00000000,0.24038806
30.00000000,2270.00000000,0.23907036
30.00000000,2271.00000000,0.23774989
30.00000000,2272.00000000,0.23642691
30.00000000,2273.00000000,0.23510158
30.00000000,2274.00000000,0.23377419
30.00000000,2275.00000000,0.23244491
30.00000000,2276.00000000,0.23111400
30.00000000,2277.00000000,0.22978169
30.00000000,2278.00000000,0.22844818
30.00000000,2279.00000000,0.22740689
30.00000000,2280.00000000,0.22722825
30.00000000,2281.00000000,0.22728540
30.00000000,2282.00000000,0.22734255
30.00000000,2283.00000000,0.22739963
30.00000000,2284.00000000,0.22745664
30.00000000,2285.00000000,0.22751361
30.00000000,2286.00000000,0.22760754
30.00000000,2287.00000000,0.22770145
30.00000000,2288.00000000,0.22779532
30.00000000,2289.00000000,0.22788910
30.00000000,2290.00000000,0.22798284
30.00000000,2291.00000000,0.22800323
30.00000000,2292.00000000,0.22802347
30.00000000,2293.00000000,0.22804366
30.00000000,2294.00000000,0.22806373
30.00000000,2295.00000000,0.22808369
30.00000000,2296.00000000,0.22810359
30.00000000,2297.00000000,0.22812338
30.00000000,2298.00000000,0.22814307
30.00000000,2299.00000000,0.22816271
30.00000000,2300.00000000,0.22818221
30.00000000,2301.00000000,0.22820168
30.00000000,2302.00000000,0.22822105
30.00000000,2303.00000000,0.22824025
30.00000000,2304.00000000,0.22825940
30.00000000,2305.00000000,0.22827839
30.00000000,2306.00000000,0.22829408
30.00000000,2307.00000000,0.22830969
30.00000000,2308.00000000,0.22832518
30.00000000,2309.00000000,0.22834050
30.00000000,2310.00000000,0.22835577
30.00000000,2311.00000000,0.22837091
30.00000000,2312.00000000,0.22838596
30.00000000,2313.00000000,0.22840093
30.00000000,2314.00000000,0.22841579
30.00000000,2315.00000000,0.22843058
30.00000000,2316.00000000,0.22844527
30.00000000,2317.00000000,0.22845986
30.00000000,2318.00000000,0.22847441
30.00000000,2319.00000000,0.22848886
30.00000000,2320.00000000,0.22850323
30.00000000,2321.00000000,0.22851755
30.00000000,2322.00000000,0.22853178
30.00000000,2323.00000000,0.22854596
30.00000000,2324.00000000,0.22856009
30.00000000,2325.00000000,0.22857413
30.00000000,2326.00000000,0.22858815
30.00000000,2327.00000000,0.22860211
30.00000000,2328.00000000,0.22861597
30.00000000,2329.00000000,0.22862984
30.00000000,2330.00000000,0.22864366
30.00000000,2331.00000000,0.22866448
30.00000000,2332.00000000,0.22868531
30.00000000,2333.00000000,0.22870611
30.00000000,2334.00000000,0.22872680
30.00000000,2335.00000000,0.22874752
30.00000000,2336.00000000,0.22876818
30.00000000,2337.00000000,0.22878883
30.00000000,2338.00000000,0.22880945
30.00000000,2339.00000000,0.22883001
30.00000000,2340.00000000,0.22885057
30.00000000,2341.00000000,0.22887110
30.00000000,2342.00000000,0.22889156
30.00000000,2343.00000000,0.22891206
30.00000000,2344.00000000,0.22893251
30.00000000,2345.00000000,0.22895289
30.00000000,2346.00000000,0.22897331
30.00000000,2347.00000000,0.22899365
30.00000000,2348.00000000,0.22901401
30.00000000,2349.00000000,0.22903437
30.00000000,2350.00000000,0.22905466
30.00000000,2351.00000000,0.22907497
30.00000000,2352.00000000,0.22909527
30.00000000,2353.00000000,0.22911552
30.00000000,2354.00000000,0.22913582
30.00000000,2355.00000000,0.22915612
30.00000000,2356.00000000,0.22917636
30.00000000,2357.00000000,0.22919667
30.00000000,2358.00000000,0.22921696
30.00000000,2359.00000000,0.22923721
30.00000000,2360.00000000,0.22925751
30.00000000,2361.00000000,0.22927777
30.00000000,2362.00000000,0.22929807
30.00000000,2363.00000000,0.22931837
30.00000000,2364.00000000,0.22933864
30.00000000,2365.00000000,0.22935896
30.00000000,2366.00000000,0.22937927
30.00000000,2367.00000000,0.22939954
30.00000000,2368.00000000,0.22941986
30.00000000,2369.00000000,0.22944019
30.00000000,2370.00000000,0.22946047
30.00000000,2371.00000000,0.22948081
30.00000000,2372.00000000,0.22950111
30.00000000,2373.00000000,0.22952144
30.00000000,2374.00000000,0.22954180
30.00000000,2375.00000000,0.22956211
30.00000000,2376.00000000,0.22958246
30.00000000,2377.00000000,0.22960283
30.00000000,2378.00000000,0.22962315
30.00000000,2379.00000000,0.22964351
30.00000000,2380.00000000,0.22966389
30.00000000,2381.00000000,0.22968220
30.00000000,2382.00000000,0.22970056
30.00000000,2383.00000000,0.22971892
30.00000000,2384.00000000,0.22973722
30.00000000,2385.00000000,0.22975559
30.00000000,2386.00000000,0.22977392
30.00000000,2387.00000000,0.22979230
30.00000000,2388.00000000,0.22981069
30.00000000,2389.00000000,0.22982904
30.00000000,2390.00000000,0.22984745
30.00000000,2391.00000000,0.22986585
30.00000000,2392.00000000,0.22988422
30.00000000,2393.00000000,0.22990265
30.00000000,2394.00000000,0.22992108
30.00000000,2395.00000000,0.22993947
30.00000000,2396.00000000,0.22995792
30.00000000,2397.00000000,0.22997633
30.00000000,2398.00000000,0.22999480
30.00000000,2399.00000000,0.23001329
30.00000000,2400.00000000,0.23003171
30.00000000,2401.00000000,0.23005022
30.00000000,2402.00000000,0.23006873
30.00000000,2403.00000000,0.23008722
30.00000000,2404.00000000,0.23010580
30.00000000,2405.00000000,0.23012438
30.00000000,2406.00000000,0.23014294
30.00000000,2407.00000000,0.23016160
30.00000000,2408.00000000,0.23018021
30.00000000,2409.00000000,0.23019892
30.00000000,2410.00000000,0.23021763
30.00000000,2411.00000000,0.23023632
30.00000000,2412.00000000,0.23025511
30.00000000,2413.00000000,0.23027391
30.00000000,2414.00000000,0.23029268
30.00000000,2415.00000000,0.23031153
30.00000000,2416.00000000,0.23033041
30.00000000,2417.00000000,0.23034925
30.00000000,2418.00000000,0.23036819
30.00000000,2419.00000000,0.23038715
30.00000000,2420.00000000,0.23040606
30.00000000,2421.00000000,0.23042505
30.00000000,2422.00000000,0.23044402
30.00000000,2423.00000000,0.23046307
30.00000000,2424.00000000,0.23048213
30.00000000,2425.00000000,0.23050117
30.00000000,2426.00000000,0.23052027
30.00000000,2427.00000000,0.23053942
30.00000000,2428.00000000,0.23055852
30.00000000,2429.00000000,0.23057769
30.00000000,2430.00000000,0.23059689
30.00000000,2431.00000000,0.23061389
30.00000000,2432.00000000,0.23063097
30.00000000,2433.00000000,0.23064800
30.00000000,2434.00000000,0.23066512
30.00000000,2435.00000000,0.23068226
30.00000000,2436.00000000,0.23069935
30.00000000,2437.00000000,0.23071653
30.00000000,2438.00000000,0.23073375
30.00000000,2439.00000000,0.23075090
30.00000000,2440.00000000,0.23076813
30.00000000,2441.00000000,0.23078540
30.00000000,2442.00000000,0.23080261
30.00000000,2443.00000000,0.23081992
30.00000000,2444.00000000,0.23083725
30.00000000,2445.00000000,0.23085454
30.00000000,2446.00000000,0.23087191
30.00000000,2447.00000000,0.23088923
30.00000000,2448.00000000,0.23090664
30.00000000,2449.00000000,0.23092408
30.00000000,2450.00000000,0.23094146
30.00000000,2451.00000000,0.23095893
30.00000000,2452.00000000,0.23097643
30.00000000,2453.00000000,0.23099387
30.00000000,2454.00000000,0.23101139
30.00000000,2455.00000000,0.23102891
30.00000000,2456.00000000,0.23104638
30.00000000,2457.00000000,0.23106395
30.00000000,2458.00000000,0.23108141
30.00000000,2459.00000000,0.23109900
30.00000000,2460.00000000,0.23111661
30.00000000,2461.00000000,0.23113412
30.00000000,2462.00000000,0.23115175
30.00000000,2463.00000000,0.23116937
30.00000000,2464.00000000,0.23118693
30.00000000,2465.00000000,0.23120459
30.00000000,2466.00000000,0.23122228
30.00000000,2467.00000000,0.23123987
30.00000000,2468.00000000,0.23125758
30.00000000,2469.00000000,0.23127521
30.00000000,2470.00000000,0.23129296
30.00000000,2471.00000000,0.23131071
30.00000000,2472.00000000,0.23132838
30.00000000,2473.00000000,0.23134617
30.00000000,2474.00000000,0.23136399
30.00000000,2475.00000000,0.23138172
30.00000000,2476.00000000,0.23139956
30.00000000,2477.00000000,0.23141743
30.00000000,2478.00000000,0.23143521
30.00000000,2479.00000000,0.23145310
30.00000000,2480.00000000,0.23147103
30.00000000,2481.00000000,0.23149030
30.00000000,2482.00000000,0.23150970
30.00000000,2483.00000000,0.23152899
30.00000000,2484.00000000,0.23154843
30.00000000,2485.00000000,0.23156790
30.00000000,2486.00000000,0.23158727
30.00000000,2487.00000000,0.23160678
30.00000000,2488.00000000,0.23162630
30.00000000,2489.00000000,0.23164574
30.00000000,2490.00000000,0.23166533
30.00000000,2491.00000000,0.23168491
30.00000000,2492.00000000,0.23170444
30.00000000,2493.00000000,0.23172409
30.00000000,2494.00000000,0.23174365
30.00000000,2495.00000000,0.23176338
30.00000000,2496.00000000,0.23178310
30.00000000,2497.00000000,0.23180277
30.00000000,2498.00000000,0.23182256
30.00000000,2499.00000000,0.23184238
30.00000000,2500.00000000,0.23186215
31.00000000,1765.00000000,0.26066235
31.00000000,1766.00000000,0.26066235
31.00000000,1767.00000000,0.26066246
31.00000000,1768.00000000,0.26066217
31.00000000,1769.00000000,0.26066214
31.00000000,1770.00000000,0.26066204
31.00000000,1771.00000000,0.26066174
31.00000000,1772.00000000,0.26066144
31.00000000,1773.00000000,0.26066093
31.00000000,1774.00000000,0.26066053
31.00000000,1775.00000000,0.26065993
31.00000000,1776.00000000,0.26065923
31.00000000,1777.00000000,0.26065845
31.00000000,1778.00000000,0.26065767
31.00000000,1779.00000000,0.26065683
31.00000000,1780.00000000,0.26065592
31.00000000,1781.00000000,0.26065496
31.00000000,1782.00000000,0.26065396
31.00000000,1783.00000000,0.26065303
31.00000000,1784.00000000,0.26065197
31.00000000,1785.00000000,0.26065093
31.00000000,1786.00000000,0.26064981
31.00000000,1787.00000000,0.26064871
31.00000000,1788.00000000,0.26064766
31.00000000,1789.00000000,0.26064659
31.00000000,1790.00000000,0.26064561
31.00000000,1791.00000000,0.26064459
31.00000000,1792.00000000,0.26064365
31.00000000,1793.00000000,0.26064276
31.00000000,1794.00000000,0.26064183
31.00000000,1795.00000000,0.26064100
31.00000000,1796.00000000,0.26064021
31.00000000,1797.00000000,0.26065762
31.00000000,1798.00000000,0.26065693
31.00000000,1799.00000000,0.26065620
31.00000000,1800.00000000,0.26065556
31.00000000,1801.00000000,0.26065498
31.00000000,1802.00000000,0.26066045
31.00000000,1803.00000000,0.26065992
31.00000000,1804.00000000,0.26065937
31.00000000,1805.00000000,0.26065882
31.00000000,1806.00000000,0.26065838
31.00000000,1807.00000000,0.26065795
31.00000000,1808.00000000,0.26065755
31.00000000,1809.00000000,0.26065719
31.00000000,1810.00000000,0.26065687
31.00000000,1811.00000000,0.26065658
31.00000000,1812.00000000,0.26066242
31.00000000,1813.00000000,0.26066221
31.00000000,1814.00000000,0.26066203
31.00000000,1815.00000000,0.26066192
31.00000000,1816.00000000,0.26066176
31.00000000,1817.00000000,0.26066165
31.00000000,1818.00000000,0.26066158
31.00000000,1819.00000000,0.26066143
31.00000000,1820.00000000,0.26066138
31.00000000,1821.00000000,0.26066127
31.00000000,1822.00000000,0.26066735
31.00000000,1823.00000000,0.26066734
31.00000000,1824.00000000,0.26066729
31.00000000,1825.00000000,0.26066733
31.00000000,1826.00000000,0.26066733
31.00000000,1827.00000000,0.26066735
31.00000000,1828.00000000,0.26067345
31.00000000,1829.00000000,0.26067352
31.00000000,1830.00000000,0.26067351
31.00000000,1831.00000000,0.26067955
31.00000000,1832.00000000,0.26067951
31.00000000,1833.00000000,0.26069155
31.00000000,1834.00000000,0.26068536
31.00000000,1835.00000000,0.26068519
31.00000000,1836.00000000,0.26068508
31.00000000,1837.00000000,0.26069096
31.00000000,1838.00000000,0.26069068
31.00000000,1839.00000000,0.26069043
31.00000000,1840.00000000,0.26069011
31.00000000,1841.00000000,0.26068976
31.00000000,1842.00000000,0.26069544
31.00000000,1843.00000000,0.26069503
31.00000000,1844.00000000,0.26069451
31.00000000,1845.00000000,0.26069398
31.00000000,1846.00000000,0.26069946
31.00000000,1847.00000000,0.26070486
31.00000000,1848.00000000,0.26071022
31.00000000,1849.00000000,0.26070936
31.00000000,1850.00000000,0.26070846
31.00000000,1851.00000000,0.26070749
31.00000000,1852.00000000,0.26070635
31.00000000,1853.00000000,0.26071157
31.00000000,1854.00000000,0.26071654
31.00000000,1855.00000000,0.26071505
31.00000000,1856.00000000,0.26071925
31.00000000,1857.00000000,0.26071721
31.00000000,1858.00000000,0.26072109
31.00000000,1859.00000000,0.26071875
31.00000000,1860.00000000,0.26071634
31.00000000,1861.00000000,0.26075028
31.00000000,1862.00000000,0.26074143
31.00000000,1863.00000000,0.26073814
31.00000000,1864.00000000,0.26074095
31.00000000,1865.00000000,0.26073775
31.00000000,1866.00000000,0.26074061
31.00000000,1867.00000000,0.26076173
31.00000000,1868.00000000,0.26075841
31.00000000,1869.00000000,0.26076107
31.00000000,1870.00000000,0.26076360
31.00000000,1871.00000000,0.26077218
31.00000000,1872.00000000,0.26077471
31.00000000,1873.00000000,0.26078333
31.00000000,1874.00000000,0.26078518
31.00000000,1875.00000000,0.26079244
31.00000000,1876.00000000,0.26081141
31.00000000,1877.00000000,0.26080544
31.00000000,1878.00000000,0.26081752
31.00000000,1879.00000000,0.26081715
31.00000000,1880.00000000,0.26082864
31.00000000,1881.00000000,0.26084575
31.00000000,1882.00000000,0.26083783
31.00000000,1883.00000000,0.26084734
31.00000000,1884.00000000,0.26085001
31.00000000,1885.00000000,0.26090109
31.00000000,1886.00000000,0.26090335
31.00000000,1887.00000000,0.26092383
31.00000000,1888.00000000,0.26091974
31.00000000,1889.00000000,0.26091529
31.00000000,1890.00000000,0.26093478
31.00000000,1891.00000000,0.26097190
31.00000000,1892.00000000,0.26098424
31.00000000,1893.00000000,0.26098403
31.00000000,1894.00000000,0.26101421
31.00000000,1895.00000000,0.26105069
31.00000000,1896.00000000,0.26108083
31.00000000,1897.00000000,0.26108646
31.00000000,1898.00000000,0.26112339
31.00000000,1899.00000000,0.26114022
31.00000000,1900.00000000,0.26116818
31.00000000,1901.00000000,0.26118286
31.00000000,1902.00000000,0.26122091
31.00000000,1903.00000000,0.26130662
31.00000000,1904.00000000,0.26135456
31.00000000,1905.00000000,0.26127322
31.00000000,1906.00000000,0.26133664
31.00000000,1907.00000000,0.26133118
31.00000000,1908.00000000,0.26132344
31.00000000,1909.00000000,0.26130447
31.00000000,1910.00000000,0.26136043
31.00000000,1911.00000000,0.26148839
31.00000000,1912.00000000,0.26149938
31.00000000,1913.00000000,0.26154584
31.00000000,1914.00000000,0.26160964
31.00000000,1915.00000000,0.26159505
31.00000000,1916.00000000,0.26157618
31.00000000,1917.00000000,0.26157116
31.00000000,1918.00000000,0.26162751
31.00000000,1919.00000000,0.26179447
31.00000000,1920.00000000,0.26176928
31.00000000,1921.00000000,0.26192302
31.00000000,1922.00000000,0.26200060
31.00000000,1923.00000000,0.26199534
31.00000000,1924.00000000,0.26195418
31.00000000,1925.00000000,0.26201594
31.00000000,1926.00000000,0.26213838
31.00000000,1927.00000000,0.26219966
31.00000000,1928.00000000,0.26230904
31.00000000,1929.00000000,0.26244147
31.00000000,1930.00000000,0.26267602
31.00000000,1931.00000000,0.26281969
31.00000000,1932.00000000,0.26291091
31.00000000,1933.00000000,0.26298142
31.00000000,1934.00000000,0.26328060
31.00000000,1935.00000000,0.26331370
31.00000000,1936.00000000,0.26354115
31.00000000,1937.00000000,0.26379676
31.00000000,1938.00000000,0.26424989
31.00000000,1939.00000000,0.26402515
31.00000000,1940.00000000,0.26421835
31.00000000,1941.00000000,0.26440248
31.00000000,1942.00000000,0.26448005
31.00000000,1943.00000000,0.26471323
31.00000000,1944.00000000,0.26507199
31.00000000,1945.00000000,0.26447486
31.00000000,1946.00000000,0.26437300
31.00000000,1947.00000000,0.26473078
31.00000000,1948.00000000,0.26503385
31.00000000,1949.00000000,0.26489050
31.00000000,1950.00000000,0.26406943
31.00000000,1951.00000000,0.26480219
31.00000000,1952.00000000,0.26397880
31.00000000,1953.00000000,0.26418940
31.00000000,1954.00000000,0.26489927
31.00000000,1955.00000000,0.26480191
31.00000000,1956.00000000,0.26481478
31.00000000,1957.00000000,0.26479679
31.00000000,1958.00000000,0.26520366
31.00000000,1959.00000000,0.26514217
31.00000000,1960.00000000,0.26554182
31.00000000,1961.00000000,0.26489066
31.00000000,1962.00000000,0.26410854
31.00000000,1963.00000000,0.26344481
31.00000000,1964.00000000,0.26362167
31.00000000,1965.00000000,0.26400018
31.00000000,1966.00000000,0.26421538
31.00000000,1967.00000000,0.26472227
31.00000000,1968.00000000,0.26507764
31.00000000,1969.00000000,0.26454130
31.00000000,1970.00000000,0.26470751
31.00000000,1971.00000000,0.26521027
31.00000000,1972.00000000,0.26526742
31.00000000,1973.00000000,0.26515377
31.00000000,1974.00000000,0.26528161
31.00000000,1975.00000000,0.26506129
31.00000000,1976.00000000,0.26354177
31.00000000,1977.00000000,0.26384227
31.00000000,1978.00000000,0.26460037
31.00000000,1979.00000000,0.26489196
31.00000000,1980.00000000,0.26441560
31.00000000,1981.00000000,0.26551407
31.00000000,1982.00000000,0.26617852
31.00000000,1983.00000000,0.26619096
31.00000000,1984.00000000,0.26631624
31.00000000,1985.00000000,0.26632255
31.00000000,1986.00000000,0.26725969
31.00000000,1987.00000000,0.26793878
31.00000000,1988.00000000,0.26835797
31.00000000,1989.00000000,0.26858211
31.00000000,1990.00000000,0.26923588
31.00000000,1991.00000000,0.26978526
31.00000000,1992.00000000,0.26974637
31.00000000,1993.00000000,0.27024514
31.00000000,1994.00000000,0.27100197
31.00000000,1995.00000000,0.27183613
31.00000000,1996.00000000,0.27253511
31.00000000,1997.00000000,0.27337335
31.00000000,1998.00000000,0.27388790
31.00000000,1999.00000000,0.27483073
31.00000000,2000.00000000,0.27598706
31.00000000,2001.00000000,0.27752945
31.00000000,2002.00000000,0.27834643
31.00000000,2003.00000000,0.27924052
31.00000000,2004.00000000,0.28053630
31.00000000,2005.00000000,0.28046014
31.00000000,2006.00000000,0.28014144
31.00000000,2007.00000000,0.28158720
31.00000000,2008.00000000,0.28228901
31.00000000,2009.00000000,0.28256026
31.00000000,2010.00000000,0.28405311
31.00000000,2011.00000000,0.28352079
31.00000000,2012.00000000,0.28232882
31.00000000,2013.00000000,0.28186294
31.00000000,2014.00000000,0.28153132
31.00000000,2015.00000000,0.28236513
31.00000000,2016.00000000,0.28303305
31.00000000,2017.00000000,0.28376169
31.00000000,2018.00000000,0.28434290
31.00000000,2019.00000000,0.28531806
31.00000000,2020.00000000,0.28577176
31.00000000,2021.00000000,0.28580041
31.00000000,2022.00000000,0.28603512
31.00000000,2023.00000000,0.28503055
31.00000000,2024.00000000,0.28475139
31.00000000,2025.00000000,0.28513180
31.00000000,2026.00000000,0.28557979
31.00000000,2027.00000000,0.28607208
31.00000000,2028.00000000,0.28639096
31.00000000,2029.00000000,0.28588317
31.00000000,2030.00000000,0.28544674
31.00000000,2031.00000000,0.28609927
31.00000000,2032.00000000,0.28671999
31.00000000,2033.00000000,0.28670500
31.00000000,2034.00000000,0.28835216
31.00000000,2035.00000000,0.29027917
31.00000000,2036.00000000,0.29168982
31.00000000,2037.00000000,0.29245790
31.00000000,2038.00000000,0.29322111
31.00000000,2039.00000000,0.29397980
31.00000000,2040.00000000,0.29473232
31.00000000,2041.00000000,0.29547869
31.00000000,2042.00000000,0.29662609
31.00000000,2043.00000000,0.29776499
31.00000000,2044.00000000,0.29889483
31.00000000,2045.00000000,0.30001517
31.00000000,2046.00000000,0.30112581
31.00000000,2047.00000000,0.30222677
31.00000000,2048.00000000,0.30331807
31.00000000,2049.00000000,0.30439978
31.00000000,2050.00000000,0.30547218
31.00000000,2051.00000000,0.30653553
31.00000000,2052.00000000,0.30741164
31.00000000,2053.00000000,0.30827977
31.00000000,2054.00000000,0.30914023
31.00000000,2055.00000000,0.30999357
31.00000000,2056.00000000,0.31083993
31.00000000,2057.00000000,0.31167984
31.00000000,2058.00000000,0.31251343
31.00000000,2059.00000000,0.31334123
31.00000000,2060.00000000,0.31416329
31.00000000,2061.00000000,0.31498067
31.00000000,2062.00000000,0.31616132
31.00000000,2063.00000000,0.31734070
31.00000000,2064.00000000,0.31852051
31.00000000,2065.00000000,0.31970163
31.00000000,2066.00000000,0.32088453
31.00000000,2067.00000000,0.32206955
31.00000000,2068.00000000,0.32325643
31.00000000,2069.00000000,0.32444520
31.00000000,2070.00000000,0.32563545
31.00000000,2071.00000000,0.32682743
31.00000000,2072.00000000,0.32828531
31.00000000,2073.00000000,0.32974726
31.00000000,2074.00000000,0.33121400
31.00000000,2075.00000000,0.33268597
31.00000000,2076.00000000,0.33416290
31.00000000,2077.00000000,0.33564436
31.00000000,2078.00000000,0.33712976
31.00000000,2079.00000000,0.33861850
31.00000000,2080.00000000,0.34010971
31.00000000,2081.00000000,0.34160300
31.00000000,2082.00000000,0.34308383
31.00000000,2083.00000000,0.34456740
31.00000000,2084.00000000,0.34605364
31.00000000,2085.00000000,0.34754196
31.00000000,2086.00000000,0.34903206
31.00000000,2087.00000000,0.35052313
31.00000000,2088.00000000,0.35201421
31.00000000,2089.00000000,0.35350478
31.00000000,2090.00000000,0.35499385
31.00000000,2091.00000000,0.35648070
31.00000000,2092.00000000,0.35740667
31.00000000,2093.00000000,0.35833258
31.00000000,2094.00000000,0.35925910
31.00000000,2095.00000000,0.36018570
31.00000000,2096.00000000,0.36111223
31.00000000,2097.00000000,0.36203836
31.00000000,2098.00000000,0.36296351
31.00000000,2099.00000000,0.36388700
31.00000000,2100.00000000,0.36480843
31.00000000,2101.00000000,0.36572737
31.00000000,2102.00000000,0.36614660
31.00000000,2103.00000000,0.36656528
31.00000000,2104.00000000,0.36698371
31.00000000,2105.00000000,0.36740175
31.00000000,2106.00000000,0.36781935
31.00000000,2107.00000000,0.36823610
31.00000000,2108.00000000,0.36865177
31.00000000,2109.00000000,0.36906609
31.00000000,2110.00000000,0.36947847
31.00000000,2111.00000000,0.36988879
31.00000000,2112.00000000,0.37002259
31.00000000,2113.00000000,0.37015429
31.00000000,2114.00000000,0.37028366
31.00000000,2115.00000000,0.37041041
31.00000000,2116.00000000,0.37053461
31.00000000,2117.00000000,0.37065593
31.00000000,2118.00000000,0.37077409
31.00000000,2119.00000000,0.37088915
31.00000000,2120.00000000,0.37100088
31.00000000,2121.00000000,0.37110904
31.00000000,2122.00000000,0.37093539
31.00000000,2123.00000000,0.37075867
31.00000000,2124.00000000,0.37057890
31.00000000,2125.00000000,0.37039621
31.00000000,2126.00000000,0.37021048
31.00000000,2127.00000000,0.37002169
31.00000000,2128.00000000,0.36982998
31.00000000,2129.00000000,0.36963506
31.00000000,2130.00000000,0.36943733
31.00000000,2131.00000000,0.36923643
31.00000000,2132.00000000,0.36882225
31.00000000,2133.00000000,0.36840578
31.00000000,2134.00000000,0.36798681
31.00000000,2135.00000000,0.36756560
31.00000000,2136.00000000,0.36714223
31.00000000,2137.00000000,0.36671680
31.00000000,2138.00000000,0.36628924
31.00000000,2139.00000000,0.36585980
31.00000000,2140.00000000,0.36542840
31.00000000,2141.00000000,0.36499524
31.00000000,2142.00000000,0.36456033
31.00000000,2143.00000000,0.36412368
31.00000000,2144.00000000,0.36368547
31.00000000,2145.00000000,0.36324569
31.00000000,2146.00000000,0.36280435
31.00000000,2147.00000000,0.36236159
31.00000000,2148.00000000,0.36191751
31.00000000,2149.00000000,0.36147201
31.00000000,2150.00000000,0.36102528
31.00000000,2151.00000000,0.36057935
31.00000000,2152.00000000,0.36013956
31.00000000,2153.00000000,0.35971140
31.00000000,2154.00000000,0.35929736
31.00000000,2155.00000000,0.35889863
31.00000000,2156.00000000,0.35851556
31.00000000,2157.00000000,0.35814769
31.00000000,2158.00000000,0.35779483
31.00000000,2159.00000000,0.35745632
31.00000000,2160.00000000,0.35713146
31.00000000,2161.00000000,0.35681980
31.00000000,2162.00000000,0.35652053
31.00000000,2163.00000000,0.35623317
31.00000000,2164.00000000,0.35595717
31.00000000,2165.00000000,0.35569182
31.00000000,2166.00000000,0.35543670
31.00000000,2167.00000000,0.35519127
31.00000000,2168.00000000,0.35495494
31.00000000,2169.00000000,0.35472735
31.00000000,2170.00000000,0.35450803
31.00000000,2171.00000000,0.35429643
31.00000000,2172.00000000,0.35409231
31.00000000,2173.00000000,0.35389515
31.00000000,2174.00000000,0.35370455
31.00000000,2175.00000000,0.35352025
31.00000000,2176.00000000,0.35334176
31.00000000,2177.00000000,0.35316886
31.00000000,2178.00000000,0.35300117
31.00000000,2179.00000000,0.35283826
31.00000000,2180.00000000,0.35267995
31.00000000,2181.00000000,0.35252578
31.00000000,2182.00000000,0.35103930
31.00000000,2183.00000000,0.34955804
31.00000000,2184.00000000,0.34808198
31.00000000,2185.00000000,0.34661111
31.00000000,2186.00000000,0.34514557
31.00000000,2187.00000000,0.34368523
31.00000000,2188.00000000,0.34223015
31.00000000,2189.00000000,0.34078037
31.00000000,2190.00000000,0.33933583
31.00000000,2191.00000000,0.33789661
31.00000000,2192.00000000,0.33646267
31.00000000,2193.00000000,0.33503392
31.00000000,2194.00000000,0.33361047
31.00000000,2195.00000000,0.33219226
31.00000000,2196.00000000,0.33077923
31.00000000,2197.00000000,0.32937152
31.00000000,2198.00000000,0.32796897
31.00000000,2199.00000000,0.32657157
31.00000000,2200.00000000,0.32517937
31.00000000,2201.00000000,0.32379224
31.00000000,2202.00000000,0.32241027
31.00000000,2203.00000000,0.32103339
31.00000000,2204.00000000,0.31966152
31.00000000,2205.00000000,0.31829474
31.00000000,2206.00000000,0.31693300
31.00000000,2207.00000000,0.31557616
31.00000000,2208.00000000,0.31422431
31.00000000,2209.00000000,0.31287735
31.00000000,2210.00000000,0.31153522
31.00000000,2211.00000000,0.31019796
31.00000000,2212.00000000,0.30886552
31.00000000,2213.00000000,0.30753781
31.00000000,2214.00000000,0.30621486
31.00000000,2215.00000000,0.30489657
31.00000000,2216.00000000,0.30358298
31.00000000,2217.00000000,0.30227398
31.00000000,2218.00000000,0.30096954
31.00000000,2219.00000000,0.29966963
31.00000000,2220.00000000,0.29837423
31.00000000,2221.00000000,0.29708323
31.00000000,2222.00000000,0.29579668
31.00000000,2223.00000000,0.29451446
31.00000000,2224.00000000,0.29323658
31.00000000,2225.00000000,0.29196296
31.00000000,2226.00000000,0.29069355
31.00000000,2227.00000000,0.28942836
31.00000000,2228.00000000,0.28816731
31.00000000,2229.00000000,0.28691029
31.00000000,2230.00000000,0.28565739
31.00000000,2231.00000000,0.28440847
31.00000000,2232.00000000,0.28316346
31.00000000,2233.00000000,0.28192239
31.00000000,2234.00000000,0.28068516
31.00000000,2235.00000000,0.27945169
31.00000000,2236.00000000,0.27822201
31.00000000,2237.00000000,0.27699604
31.00000000,2238.00000000,0.27577370
31.00000000,2239.00000000,0.27455498
31.00000000,2240.00000000,0.27333982
31.00000000,2241.00000000,0.27212819
31.00000000,2242.00000000,0.27092001
31.00000000,2243.00000000,0.26971521
31.00000000,2244.00000000,0.26851378
31.00000000,2245.00000000,0.26731568
31.00000000,2246.00000000,0.26612081
31.00000000,2247.00000000,0.26492914
31.00000000,2248.00000000,0.26374063
31.00000000,2249.00000000,0.26255489
31.00000000,2250.00000000,0.26137019
31.00000000,2251.00000000,0.26018313
31.00000000,2252.00000000,0.25899066
31.00000000,2253.00000000,0.25779111
31.00000000,2254.00000000,0.25658382
31.00000000,2255.00000000,0.25536874
31.00000000,2256.00000000,0.25414592
31.00000000,2257.00000000,0.25291551
31.00000000,2258.00000000,0.25167779
31.00000000,2259.00000000,0.25043302
31.00000000,2260.00000000,0.24918152
31.00000000,2261.00000000,0.24792376
31.00000000,2262.00000000,0.24666022
31.00000000,2263.00000000,0.24539146
31.00000000,2264.00000000,0.24411782
31.00000000,2265.00000000,0.24283965
31.00000000,2266.00000000,0.24155729
31.00000000,2267.00000000,0.24027103
31.00000000,2268.00000000,0.23898111
31.00000000,2269.00000000,0.23768785
31.00000000,2270.00000000,0.23639145
31.00000000,2271.00000000,0.23509214
31.00000000,2272.00000000,0.23379021
31.00000000,2273.00000000,0.23248589
31.00000000,2274.00000000,0.23117931
31.00000000,2275.00000000,0.22987082
31.00000000,2276.00000000,0.22856051
31.00000000,2277.00000000,0.22724869
31.00000000,2278.00000000,0.22593553
31.00000000,2279.00000000,0.22462128
31.00000000,2280.00000000,0.22359455
31.00000000,2281.00000000,0.22341654
31.00000000,2282.00000000,0.22347051
31.00000000,2283.00000000,0.22352451
31.00000000,2284.00000000,0.22357847
31.00000000,2285.00000000,0.22363240
31.00000000,2286.00000000,0.22368631
31.00000000,2287.00000000,0.22377660
31.00000000,2288.00000000,0.22386689
31.00000000,2289.00000000,0.22395718
31.00000000,2290.00000000,0.22404740
31.00000000,2291.00000000,0.22413759
31.00000000,2292.00000000,0.22415566
31.00000000,2293.00000000,0.22417362
31.00000000,2294.00000000,0.22419152
31.00000000,2295.00000000,0.22420936
31.00000000,2296.00000000,0.22422707
31.00000000,2297.00000000,0.22424477
31.00000000,2298.00000000,0.22426239
31.00000000,2299.00000000,0.22427990
31.00000000,2300.00000000,0.22429740
31.00000000,2301.00000000,0.22431479
31.00000000,2302.00000000,0.22433212
31.00000000,2303.00000000,0.22434937
31.00000000,2304.00000000,0.22436647
31.00000000,2305.00000000,0.22438350
31.00000000,2306.00000000,0.22440044
31.00000000,2307.00000000,0.22441412
31.00000000,2308.00000000,0.22442773
31.00000000,2309.00000000,0.22444124
31.00000000,2310.00000000,0.22445462
31.00000000,2311.00000000,0.22446795
31.00000000,2312.00000000,0.22448116
31.00000000,2313.00000000,0.22449433
31.00000000,2314.00000000,0.22450742
31.00000000,2315.00000000,0.22452039
31.00000000,2316.00000000,0.22453333
31.00000000,2317.00000000,0.22454619
31.00000000,2318.00000000,0.22455896
31.00000000,2319.00000000,0.22457168
31.00000000,2320.00000000,0.22458435
31.00000000,2321.00000000,0.22459693
31.00000000,2322.00000000,0.22460949
31.00000000,2323.00000000,0.22462195
31.00000000,2324.00000000,0.22463438
31.00000000,2325.00000000,0.22464678
31.00000000,2326.00000000,0.22465909
31.00000000,2327.00000000,0.22467140
31.00000000,2328.00000000,0.22468366
31.00000000,2329.00000000,0.22469583
31.00000000,2330.00000000,0.22470802
31.00000000,2331.00000000,0.22472017
31.00000000,2332.00000000,0.22473920
31.00000000,2333.00000000,0.22475827
31.00000000,2334.00000000,0.22477730
31.00000000,2335.00000000,0.22479626
31.00000000,2336.00000000,0.22481523
31.00000000,2337.00000000,0.22483414
31.00000000,2338.00000000,0.22485306
31.00000000,2339.00000000,0.22487196
31.00000000,2340.00000000,0.22489081
31.00000000,2341.00000000,0.22490966
31.00000000,2342.00000000,0.22492849
31.00000000,2343.00000000,0.22494727
31.00000000,2344.00000000,0.22496607
31.00000000,2345.00000000,0.22498485
31.00000000,2346.00000000,0.22500357
31.00000000,2347.00000000,0.22502232
31.00000000,2348.00000000,0.22504101
31.00000000,2349.00000000,0.22505972
31.00000000,2350.00000000,0.22507842
31.00000000,2351.00000000,0.22509707
31.00000000,2352.00000000,0.22511575
31.00000000,2353.00000000,0.22513443
31.00000000,2354.00000000,0.22515307
31.00000000,2355.00000000,0.22517175
31.00000000,2356.00000000,0.22519043
31.00000000,2357.00000000,0.22520909
31.00000000,2358.00000000,0.22522778
31.00000000,2359.00000000,0.22524650
31.00000000,2360.00000000,0.22526514
31.00000000,2361.00000000,0.22528387
31.00000000,2362.00000000,0.22530255
31.00000000,2363.00000000,0.22532127
31.00000000,2364.00000000,0.22533999
31.00000000,2365.00000000,0.22535868
31.00000000,2366.00000000,0.22537743
31.00000000,2367.00000000,0.22539617
31.00000000,2368.00000000,0.22541488
31.00000000,2369.00000000,0.22543363
31.00000000,2370.00000000,0.22545241
31.00000000,2371.00000000,0.22547114
31.00000000,2372.00000000,0.22548991
31.00000000,2373.00000000,0.22550865
31.00000000,2374.00000000,0.22552745
31.00000000,2375.00000000,0.22554624
31.00000000,2376.00000000,0.22556500
31.00000000,2377.00000000,0.22558381
31.00000000,2378.00000000,0.22560262
31.00000000,2379.00000000,0.22562140
31.00000000,2380.00000000,0.22564023
31.00000000,2381.00000000,0.22565907
31.00000000,2382.00000000,0.22567587
31.00000000,2383.00000000,0.22569272
31.00000000,2384.00000000,0.22570956
31.00000000,2385.00000000,0.22572638
31.00000000,2386.00000000,0.22574325
31.00000000,2387.00000000,0.22576008
31.00000000,2388.00000000,0.22577696
31.00000000,2389.00000000,0.22579386
31.00000000,2390.00000000,0.22581070
31.00000000,2391.00000000,0.22582761
31.00000000,2392.00000000,0.22584452
31.00000000,2393.00000000,0.22586140
31.00000000,2394.00000000,0.22587833
31.00000000,2395.00000000,0.22589526
31.00000000,2396.00000000,0.22591216
31.00000000,2397.00000000,0.22592913
31.00000000,2398.00000000,0.22594605
31.00000000,2399.00000000,0.22596302
31.00000000,2400.00000000,0.22598001
31.00000000,2401.00000000,0.22599695
31.00000000,2402.00000000,0.22601398
31.00000000,2403.00000000,0.22603101
31.00000000,2404.00000000,0.22604801
31.00000000,2405.00000000,0.22606511
31.00000000,2406.00000000,0.22608222
31.00000000,2407.00000000,0.22609930
31.00000000,2408.00000000,0.22611648
31.00000000,2409.00000000,0.22613361
31.00000000,2410.00000000,0.22615084
31.00000000,2411.00000000,0.22616809
31.00000000,2412.00000000,0.22618529
31.00000000,2413.00000000,0.22620259
31.00000000,2414.00000000,0.22621991
31.00000000,2415.00000000,0.22623719
31.00000000,2416.00000000,0.22625456
31.00000000,2417.00000000,0.22627195
31.00000000,2418.00000000,0.22628930
31.00000000,2419.00000000,0.22630674
31.00000000,2420.00000000,0.22632421
31.00000000,2421.00000000,0.22634163
31.00000000,2422.00000000,0.22635913
31.00000000,2423.00000000,0.22637660
31.00000000,2424.00000000,0.22639415
31.00000000,2425.00000000,0.22641173
31.00000000,2426.00000000,0.22642925
31.00000000,2427.00000000,0.22644687
31.00000000,2428.00000000,0.22646451
31.00000000,2429.00000000,0.22648211
31.00000000,2430.00000000,0.22649977
31.00000000,2431.00000000,0.22651747
31.00000000,2432.00000000,0.22653300
31.00000000,2433.00000000,0.22654861
31.00000000,2434.00000000,0.22656417
31.00000000,2435.00000000,0.22657981
31.00000000,2436.00000000,0.22659549
31.00000000,2437.00000000,0.22661110
31.00000000,2438.00000000,0.22662680
31.00000000,2439.00000000,0.22664253
31.00000000,2440.00000000,0.22665820
31.00000000,2441.00000000,0.22667397
31.00000000,2442.00000000,0.22668974
31.00000000,2443.00000000,0.22670548
31.00000000,2444.00000000,0.22672130
31.00000000,2445.00000000,0.22673714
31.00000000,2446.00000000,0.22675293
31.00000000,2447.00000000,0.22676881
31.00000000,2448.00000000,0.22678463
31.00000000,2449.00000000,0.22680054
31.00000000,2450.00000000,0.22681649
31.00000000,2451.00000000,0.22683237
31.00000000,2452.00000000,0.22684834
31.00000000,2453.00000000,0.22686433
31.00000000,2454.00000000,0.22688025
31.00000000,2455.00000000,0.22689625
31.00000000,2456.00000000,0.22691228
31.00000000,2457.00000000,0.22692821
31.00000000,2458.00000000,0.22694425
31.00000000,2459.00000000,0.22696021
31.00000000,2460.00000000,0.22697629
31.00000000,2461.00000000,0.22699235
31.00000000,2462.00000000,0.22700835
31.00000000,2463.00000000,0.22702443
31.00000000,2464.00000000,0.22704054
31.00000000,2465.00000000,0.22705657
31.00000000,2466.00000000,0.22707271
31.00000000,2467.00000000,0.22708884
31.00000000,2468.00000000,0.22710491
31.00000000,2469.00000000,0.22712108
31.00000000,2470.00000000,0.22713718
31.00000000,2471.00000000,0.22715338
31.00000000,2472.00000000,0.22716960
31.00000000,2473.00000000,0.22718574
31.00000000,2474.00000000,0.22720198
31.00000000,2475.00000000,0.22721825
31.00000000,2476.00000000,0.22723442
31.00000000,2477.00000000,0.22725073
31.00000000,2478.00000000,0.22726705
31.00000000,2479.00000000,0.22728327
31.00000000,2480.00000000,0.22729962
31.00000000,2481.00000000,0.22731599
31.00000000,2482.00000000,0.22733367
31.00000000,2483.00000000,0.22735150
31.00000000,2484.00000000,0.22736921
31.00000000,2485.00000000,0.22738706
31.00000000,2486.00000000,0.22740493
31.00000000,2487.00000000,0.22742272
31.00000000,2488.00000000,0.22744063
31.00000000,2489.00000000,0.22745857
31.00000000,2490.00000000,0.22747641
31.00000000,2491.00000000,0.22749440
31.00000000,2492.00000000,0.22751239
31.00000000,2493.00000000,0.22753032
31.00000000,2494.00000000,0.22754837
31.00000000,2495.00000000,0.22756634
31.00000000,2496.00000000,0.22758445
31.00000000,2497.00000000,0.22760257
31.00000000,2498.00000000,0.22762062
31.00000000,2499.00000000,0.22763881
31.00000000,2500.00000000,0.22765703
32.00000000,1765.00000000,0.25055643
32.00000000,1766.00000000,0.25055634
32.00000000,1767.00000000,0.25055633
32.00000000,1768.00000000,0.25055642
32.00000000,1769.00000000,0.25055612
32.00000000,1770.00000000,0.25055608
32.00000000,1771.00000000,0.25055599
32.00000000,1772.00000000,0.25055570
32.00000000,1773.00000000,0.25055541
32.00000000,1774.00000000,0.25055495
32.00000000,1775.00000000,0.25055462
32.00000000,1776.00000000,0.25055412
32.00000000,1777.00000000,0.25055354
32.00000000,1778.00000000,0.25055293
32.00000000,1779.00000000,0.25055231
32.00000000,1780.00000000,0.25055168
32.00000000,1781.00000000,0.25055100
32.00000000,1782.00000000,0.25055027
32.00000000,1783.00000000,0.25054952
32.00000000,1784.00000000,0.25054887
32.00000000,1785.00000000,0.25054811
32.00000000,1786.00000000,0.25054739
32.00000000,1787.00000000,0.25054661
32.00000000,1788.00000000,0.25054589
32.00000000,1789.00000000,0.25054522
32.00000000,1790.00000000,0.25054456
32.00000000,1791.00000000,0.25054397
32.00000000,1792.00000000,0.25054338
32.00000000,1793.00000000,0.25054290
32.00000000,1794.00000000,0.25054243
32.00000000,1795.00000000,0.25054198
32.00000000,1796.00000000,0.25054167
32.00000000,1797.00000000,0.25054135
32.00000000,1798.00000000,0.25055875
32.00000000,1799.00000000,0.25055859
32.00000000,1800.00000000,0.25055841
32.00000000,1801.00000000,0.25055837
32.00000000,1802.00000000,0.25055833
32.00000000,1803.00000000,0.25056422
32.00000000,1804.00000000,0.25056425
32.00000000,1805.00000000,0.25056432
32.00000000,1806.00000000,0.25056445
32.00000000,1807.00000000,0.25056464
32.00000000,1808.00000000,0.25056491
32.00000000,1809.00000000,0.25056515
32.00000000,1810.00000000,0.25056552
32.00000000,1811.00000000,0.25056586
32.00000000,1812.00000000,0.25056630
32.00000000,1813.00000000,0.25057271
32.00000000,1814.00000000,0.25057320
32.00000000,1815.00000000,0.25057380
32.00000000,1816.00000000,0.25057439
32.00000000,1817.00000000,0.25057497
32.00000000,1818.00000000,0.25057564
32.00000000,1819.00000000,0.25057628
32.00000000,1820.00000000,0.25057694
32.00000000,1821.00000000,0.25057763
32.00000000,1822.00000000,0.25057836
32.00000000,1823.00000000,0.25058503
32.00000000,1824.00000000,0.25058581
32.00000000,1825.00000000,0.25058660
32.00000000,1826.00000000,0.25058742
32.00000000,1827.00000000,0.25058827
32.00000000,1828.00000000,0.25058907
32.00000000,1829.00000000,0.25059587
32.00000000,1830.00000000,0.25059672
32.00000000,1831.00000000,0.25059751
32.00000000,1832.00000000,0.25060419
32.00000000,1833.00000000,0.25060494
32.00000000,1834.00000000,0.25061750
32.00000000,1835.00000000,0.25061232
32.00000000,1836.00000000,0.25061304
32.00000000,1837.00000000,0.25061373
32.00000000,1838.00000000,0.25062027
32.00000000,1839.00000000,0.25062088
32.00000000,1840.00000000,0.25062146
32.00000000,1841.00000000,0.25062205
32.00000000,1842.00000000,0.25062253
32.00000000,1843.00000000,0.25062895
32.00000000,1844.00000000,0.25062939
32.00000000,1845.00000000,0.25062975
32.00000000,1846.00000000,0.25063011
32.00000000,1847.00000000,0.25063625
32.00000000,1848.00000000,0.25064239
32.00000000,1849.00000000,0.25064844
32.00000000,1850.00000000,0.25064851
32.00000000,1851.00000000,0.25064848
32.00000000,1852.00000000,0.25064836
32.00000000,1853.00000000,0.25064847
32.00000000,1854.00000000,0.25065429
32.00000000,1855.00000000,0.25065982
32.00000000,1856.00000000,0.25065903
32.00000000,1857.00000000,0.25066398
32.00000000,1858.00000000,0.25066289
32.00000000,1859.00000000,0.25066757
32.00000000,1860.00000000,0.25066630
32.00000000,1861.00000000,0.25066482
32.00000000,1862.00000000,0.25069867
32.00000000,1863.00000000,0.25069060
32.00000000,1864.00000000,0.25068840
32.00000000,1865.00000000,0.25069210
32.00000000,1866.00000000,0.25068987
32.00000000,1867.00000000,0.25069352
32.00000000,1868.00000000,0.25071480
32.00000000,1869.00000000,0.25071237
32.00000000,1870.00000000,0.25071565
32.00000000,1871.00000000,0.25071889
32.00000000,1872.00000000,0.25072807
32.00000000,1873.00000000,0.25073146
32.00000000,1874.00000000,0.25074022
32.00000000,1875.00000000,0.25074242
32.00000000,1876.00000000,0.25075013
32.00000000,1877.00000000,0.25076927
32.00000000,1878.00000000,0.25076443
32.00000000,1879.00000000,0.25077718
32.00000000,1880.00000000,0.25077784
32.00000000,1881.00000000,0.25078985
32.00000000,1882.00000000,0.25080722
32.00000000,1883.00000000,0.25080001
32.00000000,1884.00000000,0.25081002
32.00000000,1885.00000000,0.25081371
32.00000000,1886.00000000,0.25086455
32.00000000,1887.00000000,0.25086810
32.00000000,1888.00000000,0.25088922
32.00000000,1889.00000000,0.25088621
32.00000000,1890.00000000,0.25088283
32.00000000,1891.00000000,0.25090255
32.00000000,1892.00000000,0.25093942
32.00000000,1893.00000000,0.25095241
32.00000000,1894.00000000,0.25095354
32.00000000,1895.00000000,0.25098427
32.00000000,1896.00000000,0.25102085
32.00000000,1897.00000000,0.25105119
32.00000000,1898.00000000,0.25105757
32.00000000,1899.00000000,0.25109421
32.00000000,1900.00000000,0.25111094
32.00000000,1901.00000000,0.25113853
32.00000000,1902.00000000,0.25115343
32.00000000,1903.00000000,0.25119107
32.00000000,1904.00000000,0.25127493
32.00000000,1905.00000000,0.25132216
32.00000000,1906.00000000,0.25124395
32.00000000,1907.00000000,0.25130595
32.00000000,1908.00000000,0.25130076
32.00000000,1909.00000000,0.25129385
32.00000000,1910.00000000,0.25127682
32.00000000,1911.00000000,0.25133262
32.00000000,1912.00000000,0.25145825
32.00000000,1913.00000000,0.25147040
32.00000000,1914.00000000,0.25151716
32.00000000,1915.00000000,0.25158224
32.00000000,1916.00000000,0.25157228
32.00000000,1917.00000000,0.25155780
32.00000000,1918.00000000,0.25155575
32.00000000,1919.00000000,0.25161389
32.00000000,1920.00000000,0.25178073
32.00000000,1921.00000000,0.25176110
32.00000000,1922.00000000,0.25191551
32.00000000,1923.00000000,0.25199545
32.00000000,1924.00000000,0.25199327
32.00000000,1925.00000000,0.25195524
32.00000000,1926.00000000,0.25201755
32.00000000,1927.00000000,0.25213880
32.00000000,1928.00000000,0.25220043
32.00000000,1929.00000000,0.25230818
32.00000000,1930.00000000,0.25243857
32.00000000,1931.00000000,0.25266981
32.00000000,1932.00000000,0.25281490
32.00000000,1933.00000000,0.25291032
32.00000000,1934.00000000,0.25298569
32.00000000,1935.00000000,0.25328127
32.00000000,1936.00000000,0.25331652
32.00000000,1937.00000000,0.25353884
32.00000000,1938.00000000,0.25378751
32.00000000,1939.00000000,0.25422898
32.00000000,1940.00000000,0.25401263
32.00000000,1941.00000000,0.25420127
32.00000000,1942.00000000,0.25438075
32.00000000,1943.00000000,0.25445740
32.00000000,1944.00000000,0.25468557
32.00000000,1945.00000000,0.25503697
32.00000000,1946.00000000,0.25446321
32.00000000,1947.00000000,0.25437113
32.00000000,1948.00000000,0.25472234
32.00000000,1949.00000000,0.25501829
32.00000000,1950.00000000,0.25488058
32.00000000,1951.00000000,0.25408370
32.00000000,1952.00000000,0.25479477
32.00000000,1953.00000000,0.25399354
32.00000000,1954.00000000,0.25419746
32.00000000,1955.00000000,0.25488767
32.00000000,1956.00000000,0.25479330
32.00000000,1957.00000000,0.25480507
32.00000000,1958.00000000,0.25478682
32.00000000,1959.00000000,0.25518199
32.00000000,1960.00000000,0.25512191
32.00000000,1961.00000000,0.25551085
32.00000000,1962.00000000,0.25488126
32.00000000,1963.00000000,0.25412477
32.00000000,1964.00000000,0.25348268
32.00000000,1965.00000000,0.25365595
32.00000000,1966.00000000,0.25402471
32.00000000,1967.00000000,0.25423484
32.00000000,1968.00000000,0.25472826
32.00000000,1969.00000000,0.25507416
32.00000000,1970.00000000,0.25455365
32.00000000,1971.00000000,0.25471366
32.00000000,1972.00000000,0.25520009
32.00000000,1973.00000000,0.25525547
32.00000000,1974.00000000,0.25514604
32.00000000,1975.00000000,0.25527388
32.00000000,1976.00000000,0.25506706
32.00000000,1977.00000000,0.25359953
32.00000000,1978.00000000,0.25389763
32.00000000,1979.00000000,0.25464035
32.00000000,1980.00000000,0.25492995
32.00000000,1981.00000000,0.25447674
32.00000000,1982.00000000,0.25555863
32.00000000,1983.00000000,0.25622373
32.00000000,1984.00000000,0.25625564
32.00000000,1985.00000000,0.25639470
32.00000000,1986.00000000,0.25641498
32.00000000,1987.00000000,0.25733688
32.00000000,1988.00000000,0.25800670
32.00000000,1989.00000000,0.25842293
32.00000000,1990.00000000,0.25864965
32.00000000,1991.00000000,0.25929501
32.00000000,1992.00000000,0.25984154
32.00000000,1993.00000000,0.25981950
32.00000000,1994.00000000,0.26032266
32.00000000,1995.00000000,0.26107606
32.00000000,1996.00000000,0.26190274
32.00000000,1997.00000000,0.26259656
32.00000000,1998.00000000,0.26342537
32.00000000,1999.00000000,0.26394173
32.00000000,2000.00000000,0.26487567
32.00000000,2001.00000000,0.26601606
32.00000000,2002.00000000,0.26752969
32.00000000,2003.00000000,0.26833793
32.00000000,2004.00000000,0.26921669
32.00000000,2005.00000000,0.27048025
32.00000000,2006.00000000,0.27040804
32.00000000,2007.00000000,0.27010110
32.00000000,2008.00000000,0.27150962
32.00000000,2009.00000000,0.27219738
32.00000000,2010.00000000,0.27246842
32.00000000,2011.00000000,0.27392670
32.00000000,2012.00000000,0.27341835
32.00000000,2013.00000000,0.27226888
32.00000000,2014.00000000,0.27182422
32.00000000,2015.00000000,0.27151000
32.00000000,2016.00000000,0.27232765
32.00000000,2017.00000000,0.27298476
32.00000000,2018.00000000,0.27370134
32.00000000,2019.00000000,0.27427540
32.00000000,2020.00000000,0.27523263
32.00000000,2021.00000000,0.27568436
32.00000000,2022.00000000,0.27572454
32.00000000,2023.00000000,0.27596613
32.00000000,2024.00000000,0.27500561
32.00000000,2025.00000000,0.27475027
32.00000000,2026.00000000,0.27513621
32.00000000,2027.00000000,0.27558844
32.00000000,2028.00000000,0.27608430
32.00000000,2029.00000000,0.27641232
32.00000000,2030.00000000,0.27593814
32.00000000,2031.00000000,0.27553341
32.00000000,2032.00000000,0.27618551
32.00000000,2033.00000000,0.27680582
32.00000000,2034.00000000,0.27680832
32.00000000,2035.00000000,0.27842466
32.00000000,2036.00000000,0.28031285
32.00000000,2037.00000000,0.28169994
32.00000000,2038.00000000,0.28246346
32.00000000,2039.00000000,0.28322274
32.00000000,2040.00000000,0.28397818
32.00000000,2041.00000000,0.28472799
32.00000000,2042.00000000,0.28547164
32.00000000,2043.00000000,0.28660444
32.00000000,2044.00000000,0.28772884
32.00000000,2045.00000000,0.28884471
32.00000000,2046.00000000,0.28995177
32.00000000,2047.00000000,0.29104992
32.00000000,2048.00000000,0.29213933
32.00000000,2049.00000000,0.29322007
32.00000000,2050.00000000,0.29429211
32.00000000,2051.00000000,0.29535588
32.00000000,2052.00000000,0.29641163
32.00000000,2053.00000000,0.29728628
32.00000000,2054.00000000,0.29815393
32.00000000,2055.00000000,0.29901482
32.00000000,2056.00000000,0.29986945
32.00000000,2057.00000000,0.30071794
32.00000000,2058.00000000,0.30156074
32.00000000,2059.00000000,0.30239802
32.00000000,2060.00000000,0.30323022
32.00000000,2061.00000000,0.30405792
32.00000000,2062.00000000,0.30488345
32.00000000,2063.00000000,0.30606469
32.00000000,2064.00000000,0.30724657
32.00000000,2065.00000000,0.30843032
32.00000000,2066.00000000,0.30961621
32.00000000,2067.00000000,0.31080443
32.00000000,2068.00000000,0.31199506
32.00000000,2069.00000000,0.31318772
32.00000000,2070.00000000,0.31438233
32.00000000,2071.00000000,0.31557902
32.00000000,2072.00000000,0.31677900
32.00000000,2073.00000000,0.31823962
32.00000000,2074.00000000,0.31970550
32.00000000,2075.00000000,0.32117679
32.00000000,2076.00000000,0.32265353
32.00000000,2077.00000000,0.32413514
32.00000000,2078.00000000,0.32562118
32.00000000,2079.00000000,0.32711091
32.00000000,2080.00000000,0.32860348
32.00000000,2081.00000000,0.33009868
32.00000000,2082.00000000,0.33159648
32.00000000,2083.00000000,0.33308309
32.00000000,2084.00000000,0.33457283
32.00000000,2085.00000000,0.33606525
32.00000000,2086.00000000,0.33755971
32.00000000,2087.00000000,0.33905574
32.00000000,2088.00000000,0.34055232
32.00000000,2089.00000000,0.34204876
32.00000000,2090.00000000,0.34354424
32.00000000,2091.00000000,0.34503835
32.00000000,2092.00000000,0.34653110
32.00000000,2093.00000000,0.34747840
32.00000000,2094.00000000,0.34842605
32.00000000,2095.00000000,0.34937421
32.00000000,2096.00000000,0.35032246
32.00000000,2097.00000000,0.35127020
32.00000000,2098.00000000,0.35221709
32.00000000,2099.00000000,0.35316272
32.00000000,2100.00000000,0.35410628
32.00000000,2101.00000000,0.35504767
32.00000000,2102.00000000,0.35598711
32.00000000,2103.00000000,0.35643980
32.00000000,2104.00000000,0.35689211
32.00000000,2105.00000000,0.35734375
32.00000000,2106.00000000,0.35779489
32.00000000,2107.00000000,0.35824501
32.00000000,2108.00000000,0.35869396
32.00000000,2109.00000000,0.35914129
32.00000000,2110.00000000,0.35958681
32.00000000,2111.00000000,0.36003002
32.00000000,2112.00000000,0.36047073
32.00000000,2113.00000000,0.36064123
32.00000000,2114.00000000,0.36080906
32.00000000,2115.00000000,0.36097425
32.00000000,2116.00000000,0.36113639
32.00000000,2117.00000000,0.36129558
32.00000000,2118.00000000,0.36145151
32.00000000,2119.00000000,0.36160398
32.00000000,2120.00000000,0.36175303
32.00000000,2121.00000000,0.36189843
32.00000000,2122.00000000,0.36203998
32.00000000,2123.00000000,0.36190595
32.00000000,2124.00000000,0.36176857
32.00000000,2125.00000000,0.36162776
32.00000000,2126.00000000,0.36148372
32.00000000,2127.00000000,0.36133632
32.00000000,2128.00000000,0.36118562
32.00000000,2129.00000000,0.36103163
32.00000000,2130.00000000,0.36087427
32.00000000,2131.00000000,0.36071370
32.00000000,2132.00000000,0.36054977
32.00000000,2133.00000000,0.36017705
32.00000000,2134.00000000,0.35980176
32.00000000,2135.00000000,0.35942374
32.00000000,2136.00000000,0.35904313
32.00000000,2137.00000000,0.35866010
32.00000000,2138.00000000,0.35827474
32.00000000,2139.00000000,0.35788696
32.00000000,2140.00000000,0.35749704
32.00000000,2141.00000000,0.35710489
32.00000000,2142.00000000,0.35671068
32.00000000,2143.00000000,0.35631448
32.00000000,2144.00000000,0.35591632
32.00000000,2145.00000000,0.35551631
32.00000000,2146.00000000,0.35511450
32.00000000,2147.00000000,0.35471085
32.00000000,2148.00000000,0.35430562
32.00000000,2149.00000000,0.35389875
32.00000000,2150.00000000,0.35349023
32.00000000,2151.00000000,0.35308215
32.00000000,2152.00000000,0.35267997
32.00000000,2153.00000000,0.35228863
32.00000000,2154.00000000,0.35191098
32.00000000,2155.00000000,0.35154793
32.00000000,2156.00000000,0.35119984
32.00000000,2157.00000000,0.35086650
32.00000000,2158.00000000,0.35054753
32.00000000,2159.00000000,0.35024224
32.00000000,2160.00000000,0.34995027
32.00000000,2161.00000000,0.34967082
32.00000000,2162.00000000,0.34940341
32.00000000,2163.00000000,0.34914736
32.00000000,2164.00000000,0.34890210
32.00000000,2165.00000000,0.34866719
32.00000000,2166.00000000,0.34844197
32.00000000,2167.00000000,0.34822606
32.00000000,2168.00000000,0.34801897
32.00000000,2169.00000000,0.34782010
32.00000000,2170.00000000,0.34762919
32.00000000,2171.00000000,0.34744575
32.00000000,2172.00000000,0.34726928
32.00000000,2173.00000000,0.34709958
32.00000000,2174.00000000,0.34693615
32.00000000,2175.00000000,0.34677864
32.00000000,2176.00000000,0.34662677
32.00000000,2177.00000000,0.34648014
32.00000000,2178.00000000,0.34633848
32.00000000,2179.00000000,0.34620148
32.00000000,2180.00000000,0.34606875
32.00000000,2181.00000000,0.34594009
32.00000000,2182.00000000,0.34581511
32.00000000,2183.00000000,0.34438202
32.00000000,2184.00000000,0.34295348
32.00000000,2185.00000000,0.34152945
32.00000000,2186.00000000,0.34011000
32.00000000,2187.00000000,0.33869517
32.00000000,2188.00000000,0.33728496
32.00000000,2189.00000000,0.33587935
32.00000000,2190.00000000,0.33447848
32.00000000,2191.00000000,0.33308223
32.00000000,2192.00000000,0.33169070
32.00000000,2193.00000000,0.33030387
32.00000000,2194.00000000,0.32892166
32.00000000,2195.00000000,0.32754419
32.00000000,2196.00000000,0.32617141
32.00000000,2197.00000000,0.32480328
32.00000000,2198.00000000,0.32343992
32.00000000,2199.00000000,0.32208119
32.00000000,2200.00000000,0.32072709
32.00000000,2201.00000000,0.31937768
32.00000000,2202.00000000,0.31803284
32.00000000,2203.00000000,0.31669268
32.00000000,2204.00000000,0.31535711
32.00000000,2205.00000000,0.31402609
32.00000000,2206.00000000,0.31269969
32.00000000,2207.00000000,0.31137782
32.00000000,2208.00000000,0.31006043
32.00000000,2209.00000000,0.30874756
32.00000000,2210.00000000,0.30743913
32.00000000,2211.00000000,0.30613514
32.00000000,2212.00000000,0.30483556
32.00000000,2213.00000000,0.30354040
32.00000000,2214.00000000,0.30224954
32.00000000,2215.00000000,0.30096304
32.00000000,2216.00000000,0.29968079
32.00000000,2217.00000000,0.29840284
32.00000000,2218.00000000,0.29712908
32.00000000,2219.00000000,0.29585951
32.00000000,2220.00000000,0.29459407
32.00000000,2221.00000000,0.29333280
32.00000000,2222.00000000,0.29207554
32.00000000,2223.00000000,0.29082238
32.00000000,2224.00000000,0.28957320
32.00000000,2225.00000000,0.28832797
32.00000000,2226.00000000,0.28708668
32.00000000,2227.00000000,0.28584924
32.00000000,2228.00000000,0.28461569
32.00000000,2229.00000000,0.28338597
32.00000000,2230.00000000,0.28215994
32.00000000,2231.00000000,0.28093768
32.00000000,2232.00000000,0.27971909
32.00000000,2233.00000000,0.27850408
32.00000000,2234.00000000,0.27729269
32.00000000,2235.00000000,0.27608485
32.00000000,2236.00000000,0.27488048
32.00000000,2237.00000000,0.27367961
32.00000000,2238.00000000,0.27248216
32.00000000,2239.00000000,0.27128803
32.00000000,2240.00000000,0.27009727
32.00000000,2241.00000000,0.26890974
32.00000000,2242.00000000,0.26772552
32.00000000,2243.00000000,0.26654443
32.00000000,2244.00000000,0.26536645
32.00000000,2245.00000000,0.26419159
32.00000000,2246.00000000,0.26301974
32.00000000,2247.00000000,0.26185092
32.00000000,2248.00000000,0.26068504
32.00000000,2249.00000000,0.25952176
32.00000000,2250.00000000,0.25835930
32.00000000,2251.00000000,0.25719442
32.00000000,2252.00000000,0.25602396
32.00000000,2253.00000000,0.25484638
32.00000000,2254.00000000,0.25366102
32.00000000,2255.00000000,0.25246775
32.00000000,2256.00000000,0.25126672
32.00000000,2257.00000000,0.25005809
32.00000000,2258.00000000,0.24884200
32.00000000,2259.00000000,0.24761887
32.00000000,2260.00000000,0.24638895
32.00000000,2261.00000000,0.24515265
32.00000000,2262.00000000,0.24391054
32.00000000,2263.00000000,0.24266307
32.00000000,2264.00000000,0.24141069
32.00000000,2265.00000000,0.24015374
32.00000000,2266.00000000,0.23889245
32.00000000,2267.00000000,0.23762718
32.00000000,2268.00000000,0.23635819
32.00000000,2269.00000000,0.23508571
32.00000000,2270.00000000,0.23381002
32.00000000,2271.00000000,0.23253138
32.00000000,2272.00000000,0.23124995
32.00000000,2273.00000000,0.22996602
32.00000000,2274.00000000,0.22867980
32.00000000,2275.00000000,0.22739147
32.00000000,2276.00000000,0.22610131
32.00000000,2277.00000000,0.22480943
32.00000000,2278.00000000,0.22351613
32.00000000,2279.00000000,0.22222158
32.00000000,2280.00000000,0.22092600
32.00000000,2281.00000000,0.21991341
32.00000000,2282.00000000,0.21973608
32.00000000,2283.00000000,0.21978707
32.00000000,2284.00000000,0.21983811
32.00000000,2285.00000000,0.21988914
32.00000000,2286.00000000,0.21994015
32.00000000,2287.00000000,0.21999117
32.00000000,2288.00000000,0.22007802
32.00000000,2289.00000000,0.22016492
32.00000000,2290.00000000,0.22025179
32.00000000,2291.00000000,0.22033863
32.00000000,2292.00000000,0.22042548
32.00000000,2293.00000000,0.22044137
32.00000000,2294.00000000,0.22045718
32.00000000,2295.00000000,0.22047295
32.00000000,2296.00000000,0.22048868
32.00000000,2297.00000000,0.22050432
32.00000000,2298.00000000,0.22051993
32.00000000,2299.00000000,0.22053551
32.00000000,2300.00000000,0.22055100
32.00000000,2301.00000000,0.22056647
32.00000000,2302.00000000,0.22058184
32.00000000,2303.00000000,0.22059718
32.00000000,2304.00000000,0.22061242
32.00000000,2305.00000000,0.22062754
32.00000000,2306.00000000,0.22064262
32.00000000,2307.00000000,0.22065759
32.00000000,2308.00000000,0.22066938
32.00000000,2309.00000000,0.22068115
32.00000000,2310.00000000,0.22069282
32.00000000,2311.00000000,0.22070435
32.00000000,2312.00000000,0.22071587
32.00000000,2313.00000000,0.22072729
32.00000000,2314.00000000,0.22073867
32.00000000,2315.00000000,0.22074998
32.00000000,2316.00000000,0.22076121
32.00000000,2317.00000000,0.22077241
32.00000000,2318.00000000,0.22078355
32.00000000,2319.00000000,0.22079458
32.00000000,2320.00000000,0.22080562
32.00000000,2321.00000000,0.22081661
32.00000000,2322.00000000,0.22082751
32.00000000,2323.00000000,0.22083840
32.00000000,2324.00000000,0.22084920
32.00000000,2325.00000000,0.22086000
32.00000000,2326.00000000,0.22087078
32.00000000,2327.00000000,0.22088147
32.00000000,2328.00000000,0.22089217
32.00000000,2329.00000000,0.22090283
32.00000000,2330.00000000,0.22091341
32.00000000,2331.00000000,0.22092402
32.00000000,2332.00000000,0.22093460
32.00000000,2333.00000000,0.22095196
32.00000000,2334.00000000,0.22096936
32.00000000,2335.00000000,0.22098673
32.00000000,2336.00000000,0.22100405
32.00000000,2337.00000000,0.22102138
32.00000000,2338.00000000,0.22103865
32.00000000,2339.00000000,0.22105594
32.00000000,2340.00000000,0.22107323
32.00000000,2341.00000000,0.22109046
32.00000000,2342.00000000,0.22110771
32.00000000,2343.00000000,0.22112494
32.00000000,2344.00000000,0.22114213
32.00000000,2345.00000000,0.22115934
32.00000000,2346.00000000,0.22117654
32.00000000,2347.00000000,0.22119368
32.00000000,2348.00000000,0.22121086
32.00000000,2349.00000000,0.22122799
32.00000000,2350.00000000,0.22124514
32.00000000,2351.00000000,0.22126229
32.00000000,2352.00000000,0.22127940
32.00000000,2353.00000000,0.22129654
32.00000000,2354.00000000,0.22131372
32.00000000,2355.00000000,0.22133083
32.00000000,2356.00000000,0.22134800
32.00000000,2357.00000000,0.22136517
32.00000000,2358.00000000,0.22138232
32.00000000,2359.00000000,0.22139951
32.00000000,2360.00000000,0.22141670
32.00000000,2361.00000000,0.22143387
32.00000000,2362.00000000,0.22145110
32.00000000,2363.00000000,0.22146828
32.00000000,2364.00000000,0.22148552
32.00000000,2365.00000000,0.22150275
32.00000000,2366.00000000,0.22151996
32.00000000,2367.00000000,0.22153723
32.00000000,2368.00000000,0.22155449
32.00000000,2369.00000000,0.22157172
32.00000000,2370.00000000,0.22158901
32.00000000,2371.00000000,0.22160630
32.00000000,2372.00000000,0.22162356
32.00000000,2373.00000000,0.22164088
32.00000000,2374.00000000,0.22165813
32.00000000,2375.00000000,0.22167547
32.00000000,2376.00000000,0.22169281
32.00000000,2377.00000000,0.22171011
32.00000000,2378.00000000,0.22172745
32.00000000,2379.00000000,0.22174481
32.00000000,2380.00000000,0.22176213
32.00000000,2381.00000000,0.22177951
32.00000000,2382.00000000,0.22179690
32.00000000,2383.00000000,0.22181226
32.00000000,2384.00000000,0.22182769
32.00000000,2385.00000000,0.22184313
32.00000000,2386.00000000,0.22185853
32.00000000,2387.00000000,0.22187399
32.00000000,2388.00000000,0.22188940
32.00000000,2389.00000000,0.22190487
32.00000000,2390.00000000,0.22192035
32.00000000,2391.00000000,0.22193579
32.00000000,2392.00000000,0.22195128
32.00000000,2393.00000000,0.22196679
32.00000000,2394.00000000,0.22198225
32.00000000,2395.00000000,0.22199777
32.00000000,2396.00000000,0.22201331
32.00000000,2397.00000000,0.22202880
32.00000000,2398.00000000,0.22204435
32.00000000,2399.00000000,0.22205985
32.00000000,2400.00000000,0.22207542
32.00000000,2401.00000000,0.22209101
32.00000000,2402.00000000,0.22210655
32.00000000,2403.00000000,0.22212217
32.00000000,2404.00000000,0.22213782
32.00000000,2405.00000000,0.22215343
32.00000000,2406.00000000,0.22216914
32.00000000,2407.00000000,0.22218485
32.00000000,2408.00000000,0.22220054
32.00000000,2409.00000000,0.22221632
32.00000000,2410.00000000,0.22223205
32.00000000,2411.00000000,0.22224788
32.00000000,2412.00000000,0.22226373
32.00000000,2413.00000000,0.22227954
32.00000000,2414.00000000,0.22229544
32.00000000,2415.00000000,0.22231136
32.00000000,2416.00000000,0.22232725
32.00000000,2417.00000000,0.22234322
32.00000000,2418.00000000,0.22235921
32.00000000,2419.00000000,0.22237515
32.00000000,2420.00000000,0.22239118
32.00000000,2421.00000000,0.22240725
32.00000000,2422.00000000,0.22242325
32.00000000,2423.00000000,0.22243936
32.00000000,2424.00000000,0.22245541
32.00000000,2425.00000000,0.22247156
32.00000000,2426.00000000,0.22248771
32.00000000,2427.00000000,0.22250383
32.00000000,2428.00000000,0.22252004
32.00000000,2429.00000000,0.22253626
32.00000000,2430.00000000,0.22255242
32.00000000,2431.00000000,0.22256868
32.00000000,2432.00000000,0.22258496
32.00000000,2433.00000000,0.22259910
32.00000000,2434.00000000,0.22261332
32.00000000,2435.00000000,0.22262749
32.00000000,2436.00000000,0.22264176
32.00000000,2437.00000000,0.22265603
32.00000000,2438.00000000,0.22267025
32.00000000,2439.00000000,0.22268457
32.00000000,2440.00000000,0.22269889
32.00000000,2441.00000000,0.22271318
32.00000000,2442.00000000,0.22272755
32.00000000,2443.00000000,0.22274193
32.00000000,2444.00000000,0.22275625
32.00000000,2445.00000000,0.22277067
32.00000000,2446.00000000,0.22278512
32.00000000,2447.00000000,0.22279948
32.00000000,2448.00000000,0.22281397
32.00000000,2449.00000000,0.22282838
32.00000000,2450.00000000,0.22284290
32.00000000,2451.00000000,0.22285742
32.00000000,2452.00000000,0.22287189
32.00000000,2453.00000000,0.22288644
32.00000000,2454.00000000,0.22290100
32.00000000,2455.00000000,0.22291549
32.00000000,2456.00000000,0.22293006
32.00000000,2457.00000000,0.22294466
32.00000000,2458.00000000,0.22295917
32.00000000,2459.00000000,0.22297377
32.00000000,2460.00000000,0.22298829
32.00000000,2461.00000000,0.22300293
32.00000000,2462.00000000,0.22301756
32.00000000,2463.00000000,0.22303211
32.00000000,2464.00000000,0.22304677
32.00000000,2465.00000000,0.22306144
32.00000000,2466.00000000,0.22307603
32.00000000,2467.00000000,0.22309071
32.00000000,2468.00000000,0.22310542
32.00000000,2469.00000000,0.22312003
32.00000000,2470.00000000,0.22313477
32.00000000,2471.00000000,0.22314940
32.00000000,2472.00000000,0.22316416
32.00000000,2473.00000000,0.22317892
32.00000000,2474.00000000,0.22319361
32.00000000,2475.00000000,0.22320841
32.00000000,2476.00000000,0.22322321
32.00000000,2477.00000000,0.22323794
32.00000000,2478.00000000,0.22325277
32.00000000,2479.00000000,0.22326763
32.00000000,2480.00000000,0.22328240
32.00000000,2481.00000000,0.22329729
32.00000000,2482.00000000,0.22331218
32.00000000,2483.00000000,0.22332838
32.00000000,2484.00000000,0.22334471
32.00000000,2485.00000000,0.22336093
32.00000000,2486.00000000,0.22337728
32.00000000,2487.00000000,0.22339367
32.00000000,2488.00000000,0.22340995
32.00000000,2489.00000000,0.22342635
32.00000000,2490.00000000,0.22344280
32.00000000,2491.00000000,0.22345914
32.00000000,2492.00000000,0.22347562
32.00000000,2493.00000000,0.22349211
32.00000000,2494.00000000,0.22350852
32.00000000,2495.00000000,0.22352506
32.00000000,2496.00000000,0.22354152
32.00000000,2497.00000000,0.22355812
32.00000000,2498.00000000,0.22357473
32.00000000,2499.00000000,0.22359127
32.00000000,2500.00000000,0.22360794
33.00000000,1765.00000000,0.24109706
33.00000000,1766.00000000,0.24109700
33.00000000,1767.00000000,0.24109690
33.00000000,1768.00000000,0.24109689
33.00000000,1769.00000000,0.24109697
33.00000000,1770.00000000,0.24109668
33.00000000,1771.00000000,0.24109667
33.00000000,1772.00000000,0.24109659
33.00000000,1773.00000000,0.24109633
33.00000000,1774.00000000,0.24109610
33.00000000,1775.00000000,0.24109573
33.00000000,1776.00000000,0.24109550
33.00000000,1777.00000000,0.24109513
33.00000000,1778.00000000,0.24109472
33.00000000,1779.00000000,0.24109428
33.00000000,1780.00000000,0.24109386
33.00000000,1781.00000000,0.24109345
33.00000000,1782.00000000,0.24109300
33.00000000,1783.00000000,0.24109252
33.00000000,1784.00000000,0.24109203
33.00000000,1785.00000000,0.24109167
33.00000000,1786.00000000,0.24109122
33.00000000,1787.00000000,0.24109082
33.00000000,1788.00000000,0.24109041
33.00000000,1789.00000000,0.24109004
33.00000000,1790.00000000,0.24108977
33.00000000,1791.00000000,0.24108948
33.00000000,1792.00000000,0.24108929
33.00000000,1793.00000000,0.24108913
33.00000000,1794.00000000,0.24108904
33.00000000,1795.00000000,0.24108901
33.00000000,1796.00000000,0.24108906
33.00000000,1797.00000000,0.24108919
33.00000000,1798.00000000,0.24108934
33.00000000,1799.00000000,0.24110678
33.00000000,1800.00000000,0.24110708
33.00000000,1801.00000000,0.24110746
33.00000000,1802.00000000,0.24110790
33.00000000,1803.00000000,0.24110843
33.00000000,1804.00000000,0.24111466
33.00000000,1805.00000000,0.24111526
33.00000000,1806.00000000,0.24111598
33.00000000,1807.00000000,0.24111667
33.00000000,1808.00000000,0.24111751
33.00000000,1809.00000000,0.24111836
33.00000000,1810.00000000,0.24111924
33.00000000,1811.00000000,0.24112027
33.00000000,1812.00000000,0.24112127
33.00000000,1813.00000000,0.24112241
33.00000000,1814.00000000,0.24112929
33.00000000,1815.00000000,0.24113050
33.00000000,1816.00000000,0.24113175
33.00000000,1817.00000000,0.24113302
33.00000000,1818.00000000,0.24113432
33.00000000,1819.00000000,0.24113563
33.00000000,1820.00000000,0.24113702
33.00000000,1821.00000000,0.24113836
33.00000000,1822.00000000,0.24113984
33.00000000,1823.00000000,0.24114126
33.00000000,1824.00000000,0.24114850
33.00000000,1825.00000000,0.24115005
33.00000000,1826.00000000,0.24115155
33.00000000,1827.00000000,0.24115315
33.00000000,1828.00000000,0.24115472
33.00000000,1829.00000000,0.24115633
33.00000000,1830.00000000,0.24116368
33.00000000,1831.00000000,0.24116526
33.00000000,1832.00000000,0.24116680
33.00000000,1833.00000000,0.24117403
33.00000000,1834.00000000,0.24117559
33.00000000,1835.00000000,0.24118857
33.00000000,1836.00000000,0.24118439
33.00000000,1837.00000000,0.24118584
33.00000000,1838.00000000,0.24118729
33.00000000,1839.00000000,0.24119449
33.00000000,1840.00000000,0.24119586
33.00000000,1841.00000000,0.24119728
33.00000000,1842.00000000,0.24119862
33.00000000,1843.00000000,0.24119994
33.00000000,1844.00000000,0.24120697
33.00000000,1845.00000000,0.24120821
33.00000000,1846.00000000,0.24120940
33.00000000,1847.00000000,0.24121052
33.00000000,1848.00000000,0.24121734
33.00000000,1849.00000000,0.24122410
33.00000000,1850.00000000,0.24123084
33.00000000,1851.00000000,0.24123167
33.00000000,1852.00000000,0.24123245
33.00000000,1853.00000000,0.24123351
33.00000000,1854.00000000,0.24123435
33.00000000,1855.00000000,0.24124069
33.00000000,1856.00000000,0.24124668
33.00000000,1857.00000000,0.24124673
33.00000000,1858.00000000,0.24125234
33.00000000,1859.00000000,0.24125217
33.00000000,1860.00000000,0.24125767
33.00000000,1861.00000000,0.24125725
33.00000000,1862.00000000,0.24125664
33.00000000,1863.00000000,0.24128998
33.00000000,1864.00000000,0.24128303
33.00000000,1865.00000000,0.24128173
33.00000000,1866.00000000,0.24128614
33.00000000,1867.00000000,0.24128478
33.00000000,1868.00000000,0.24128902
33.00000000,1869.00000000,0.24131044
33.00000000,1870.00000000,0.24130871
33.00000000,1871.00000000,0.24131262
33.00000000,1872.00000000,0.24131659
33.00000000,1873.00000000,0.24132645
33.00000000,1874.00000000,0.24133019
33.00000000,1875.00000000,0.24133911
33.00000000,1876.00000000,0.24134192
33.00000000,1877.00000000,0.24135011
33.00000000,1878.00000000,0.24136964
33.00000000,1879.00000000,0.24136588
33.00000000,1880.00000000,0.24137931
33.00000000,1881.00000000,0.24138073
33.00000000,1882.00000000,0.24139312
33.00000000,1883.00000000,0.24141043
33.00000000,1884.00000000,0.24140412
33.00000000,1885.00000000,0.24141485
33.00000000,1886.00000000,0.24141956
33.00000000,1887.00000000,0.24147029
33.00000000,1888.00000000,0.24147486
33.00000000,1889.00000000,0.24149635
33.00000000,1890.00000000,0.24149424
33.00000000,1891.00000000,0.24149168
33.00000000,1892.00000000,0.24151160
33.00000000,1893.00000000,0.24154839
33.00000000,1894.00000000,0.24156227
33.00000000,1895.00000000,0.24156469
33.00000000,1896.00000000,0.24159573
33.00000000,1897.00000000,0.24163224
33.00000000,1898.00000000,0.24166258
33.00000000,1899.00000000,0.24166950
33.00000000,1900.00000000,0.24170547
33.00000000,1901.00000000,0.24172208
33.00000000,1902.00000000,0.24174956
33.00000000,1903.00000000,0.24176464
33.00000000,1904.00000000,0.24180180
33.00000000,1905.00000000,0.24188403
33.00000000,1906.00000000,0.24193067
33.00000000,1907.00000000,0.24185506
33.00000000,1908.00000000,0.24191544
33.00000000,1909.00000000,0.24191098
33.00000000,1910.00000000,0.24190559
33.00000000,1911.00000000,0.24189037
33.00000000,1912.00000000,0.24194589
33.00000000,1913.00000000,0.24206926
33.00000000,1914.00000000,0.24208261
33.00000000,1915.00000000,0.24213091
33.00000000,1916.00000000,0.24219809
33.00000000,1917.00000000,0.24219202
33.00000000,1918.00000000,0.24218061
33.00000000,1919.00000000,0.24218178
33.00000000,1920.00000000,0.24224271
33.00000000,1921.00000000,0.24240949
33.00000000,1922.00000000,0.24239517
33.00000000,1923.00000000,0.24254975
33.00000000,1924.00000000,0.24263017
33.00000000,1925.00000000,0.24262993
33.00000000,1926.00000000,0.24259503
33.00000000,1927.00000000,0.24265776
33.00000000,1928.00000000,0.24277762
33.00000000,1929.00000000,0.24283890
33.00000000,1930.00000000,0.24294534
33.00000000,1931.00000000,0.24307538
33.00000000,1932.00000000,0.24330551
33.00000000,1933.00000000,0.24345296
33.00000000,1934.00000000,0.24355215
33.00000000,1935.00000000,0.24363009
33.00000000,1936.00000000,0.24392019
33.00000000,1937.00000000,0.24395573
33.00000000,1938.00000000,0.24417206
33.00000000,1939.00000000,0.24441506
33.00000000,1940.00000000,0.24484589
33.00000000,1941.00000000,0.24463647
33.00000000,1942.00000000,0.24482026
33.00000000,1943.00000000,0.24499605
33.00000000,1944.00000000,0.24507210
33.00000000,1945.00000000,0.24529680
33.00000000,1946.00000000,0.24564414
33.00000000,1947.00000000,0.24509291
33.00000000,1948.00000000,0.24500704
33.00000000,1949.00000000,0.24534994
33.00000000,1950.00000000,0.24563913
33.00000000,1951.00000000,0.24550569
33.00000000,1952.00000000,0.24473067
33.00000000,1953.00000000,0.24542031
33.00000000,1954.00000000,0.24464105
33.00000000,1955.00000000,0.24484004
33.00000000,1956.00000000,0.24551121
33.00000000,1957.00000000,0.24541876
33.00000000,1958.00000000,0.24542947
33.00000000,1959.00000000,0.24541176
33.00000000,1960.00000000,0.24579534
33.00000000,1961.00000000,0.24573774
33.00000000,1962.00000000,0.24611825
33.00000000,1963.00000000,0.24550910
33.00000000,1964.00000000,0.24477594
33.00000000,1965.00000000,0.24415334
33.00000000,1966.00000000,0.24432270
33.00000000,1967.00000000,0.24468210
33.00000000,1968.00000000,0.24488734
33.00000000,1969.00000000,0.24536751
33.00000000,1970.00000000,0.24570369
33.00000000,1971.00000000,0.24519621
33.00000000,1972.00000000,0.24534975
33.00000000,1973.00000000,0.24582199
33.00000000,1974.00000000,0.24587642
33.00000000,1975.00000000,0.24577331
33.00000000,1976.00000000,0.24590425
33.00000000,1977.00000000,0.24571042
33.00000000,1978.00000000,0.24429024
33.00000000,1979.00000000,0.24458604
33.00000000,1980.00000000,0.24531378
33.00000000,1981.00000000,0.24560375
33.00000000,1982.00000000,0.24517779
33.00000000,1983.00000000,0.24624814
33.00000000,1984.00000000,0.24691330
33.00000000,1985.00000000,0.24696092
33.00000000,1986.00000000,0.24710941
33.00000000,1987.00000000,0.24714023
33.00000000,1988.00000000,0.24804591
33.00000000,1989.00000000,0.24870552
33.00000000,1990.00000000,0.24911841
33.00000000,1991.00000000,0.24934850
33.00000000,1992.00000000,0.24998792
33.00000000,1993.00000000,0.25053390
33.00000000,1994.00000000,0.25053000
33.00000000,1995.00000000,0.25103626
33.00000000,1996.00000000,0.25178400
33.00000000,1997.00000000,0.25260143
33.00000000,1998.00000000,0.25328943
33.00000000,1999.00000000,0.25411051
33.00000000,2000.00000000,0.25462939
33.00000000,2001.00000000,0.25555326
33.00000000,2002.00000000,0.25667628
33.00000000,2003.00000000,0.25816144
33.00000000,2004.00000000,0.25895662
33.00000000,2005.00000000,0.25981518
33.00000000,2006.00000000,0.26104473
33.00000000,2007.00000000,0.26097634
33.00000000,2008.00000000,0.26068162
33.00000000,2009.00000000,0.26205609
33.00000000,2010.00000000,0.26273133
33.00000000,2011.00000000,0.26300235
33.00000000,2012.00000000,0.26442746
33.00000000,2013.00000000,0.26394045
33.00000000,2014.00000000,0.26283005
33.00000000,2015.00000000,0.26240472
33.00000000,2016.00000000,0.26210645
33.00000000,2017.00000000,0.26290866
33.00000000,2018.00000000,0.26355539
33.00000000,2019.00000000,0.26426051
33.00000000,2020.00000000,0.26482776
33.00000000,2021.00000000,0.26576815
33.00000000,2022.00000000,0.26621841
33.00000000,2023.00000000,0.26627001
33.00000000,2024.00000000,0.26651839
33.00000000,2025.00000000,0.26559946
33.00000000,2026.00000000,0.26536657
33.00000000,2027.00000000,0.26575751
33.00000000,2028.00000000,0.26621346
33.00000000,2029.00000000,0.26671232
33.00000000,2030.00000000,0.26704847
33.00000000,2031.00000000,0.26660522
33.00000000,2032.00000000,0.26622887
33.00000000,2033.00000000,0.26687871
33.00000000,2034.00000000,0.26749712
33.00000000,2035.00000000,0.26751492
33.00000000,2036.00000000,0.26910128
33.00000000,2037.00000000,0.27095212
33.00000000,2038.00000000,0.27231639
33.00000000,2039.00000000,0.27307494
33.00000000,2040.00000000,0.27382994
33.00000000,2041.00000000,0.27458155
33.00000000,2042.00000000,0.27532746
33.00000000,2043.00000000,0.27606704
33.00000000,2044.00000000,0.27718477
33.00000000,2045.00000000,0.27829453
33.00000000,2046.00000000,0.27939636
33.00000000,2047.00000000,0.28049015
33.00000000,2048.00000000,0.28157583
33.00000000,2049.00000000,0.28265366
33.00000000,2050.00000000,0.28372370
33.00000000,2051.00000000,0.28478601
33.00000000,2052.00000000,0.28584102
33.00000000,2053.00000000,0.28688886
33.00000000,2054.00000000,0.28776139
33.00000000,2055.00000000,0.28862778
33.00000000,2056.00000000,0.28948821
33.00000000,2057.00000000,0.29034315
33.00000000,2058.00000000,0.29119275
33.00000000,2059.00000000,0.29203723
33.00000000,2060.00000000,0.29287691
33.00000000,2061.00000000,0.29371269
33.00000000,2062.00000000,0.29454635
33.00000000,2063.00000000,0.29538053
33.00000000,2064.00000000,0.29656240
33.00000000,2065.00000000,0.29774629
33.00000000,2066.00000000,0.29893284
33.00000000,2067.00000000,0.30012191
33.00000000,2068.00000000,0.30131370
33.00000000,2069.00000000,0.30250791
33.00000000,2070.00000000,0.30370424
33.00000000,2071.00000000,0.30490302
33.00000000,2072.00000000,0.30610547
33.00000000,2073.00000000,0.30731312
33.00000000,2074.00000000,0.30877564
33.00000000,2075.00000000,0.31024386
33.00000000,2076.00000000,0.31171782
33.00000000,2077.00000000,0.31319703
33.00000000,2078.00000000,0.31468098
33.00000000,2079.00000000,0.31616907
33.00000000,2080.00000000,0.31766047
33.00000000,2081.00000000,0.31915474
33.00000000,2082.00000000,0.32065224
33.00000000,2083.00000000,0.32215312
33.00000000,2084.00000000,0.32364360
33.00000000,2085.00000000,0.32513711
33.00000000,2086.00000000,0.32663327
33.00000000,2087.00000000,0.32813120
33.00000000,2088.00000000,0.32963041
33.00000000,2089.00000000,0.33112997
33.00000000,2090.00000000,0.33262890
33.00000000,2091.00000000,0.33412713
33.00000000,2092.00000000,0.33562461
33.00000000,2093.00000000,0.33712181
33.00000000,2094.00000000,0.33808764
33.00000000,2095.00000000,0.33905388
33.00000000,2096.00000000,0.34002049
33.00000000,2097.00000000,0.34098683
33.00000000,2098.00000000,0.34195242
33.00000000,2099.00000000,0.34291684
33.00000000,2100.00000000,0.34387954
33.00000000,2101.00000000,0.34484010
33.00000000,2102.00000000,0.34579895
33.00000000,2103.00000000,0.34675646
33.00000000,2104.00000000,0.34723923
33.00000000,2105.00000000,0.34772142
33.00000000,2106.00000000,0.34820269
33.00000000,2107.00000000,0.34868304
33.00000000,2108.00000000,0.34916209
33.00000000,2109.00000000,0.34963935
33.00000000,2110.00000000,0.35011480
33.00000000,2111.00000000,0.35058789
33.00000000,2112.00000000,0.35105838
33.00000000,2113.00000000,0.35152593
33.00000000,2114.00000000,0.35172925
33.00000000,2115.00000000,0.35192957
33.00000000,2116.00000000,0.35212685
33.00000000,2117.00000000,0.35232078
33.00000000,2118.00000000,0.35251140
33.00000000,2119.00000000,0.35269857
33.00000000,2120.00000000,0.35288192
33.00000000,2121.00000000,0.35306156
33.00000000,2122.00000000,0.35323727
33.00000000,2123.00000000,0.35340896
33.00000000,2124.00000000,0.35331095
33.00000000,2125.00000000,0.35320933
33.00000000,2126.00000000,0.35310405
33.00000000,2127.00000000,0.35299525
33.00000000,2128.00000000,0.35288290
33.00000000,2129.00000000,0.35276686
33.00000000,2130.00000000,0.35264745
33.00000000,2131.00000000,0.35252431
33.00000000,2132.00000000,0.35239783
33.00000000,2133.00000000,0.35226775
33.00000000,2134.00000000,0.35193318
33.00000000,2135.00000000,0.35159579
33.00000000,2136.00000000,0.35125538
33.00000000,2137.00000000,0.35091223
33.00000000,2138.00000000,0.35056634
33.00000000,2139.00000000,0.35021789
33.00000000,2140.00000000,0.34986683
33.00000000,2141.00000000,0.34951337
33.00000000,2142.00000000,0.34915748
33.00000000,2143.00000000,0.34879934
33.00000000,2144.00000000,0.34843894
33.00000000,2145.00000000,0.34807634
33.00000000,2146.00000000,0.34771167
33.00000000,2147.00000000,0.34734500
33.00000000,2148.00000000,0.34697625
33.00000000,2149.00000000,0.34660571
33.00000000,2150.00000000,0.34623331
33.00000000,2151.00000000,0.34586094
33.00000000,2152.00000000,0.34549394
33.00000000,2153.00000000,0.34513754
33.00000000,2154.00000000,0.34479401
33.00000000,2155.00000000,0.34446470
33.00000000,2156.00000000,0.34414965
33.00000000,2157.00000000,0.34384883
33.00000000,2158.00000000,0.34356186
33.00000000,2159.00000000,0.34328804
33.00000000,2160.00000000,0.34302693
33.00000000,2161.00000000,0.34277794
33.00000000,2162.00000000,0.34254041
33.00000000,2163.00000000,0.34231389
33.00000000,2164.00000000,0.34209775
33.00000000,2165.00000000,0.34189140
33.00000000,2166.00000000,0.34169450
33.00000000,2167.00000000,0.34150639
33.00000000,2168.00000000,0.34132677
33.00000000,2169.00000000,0.34115512
33.00000000,2170.00000000,0.34099094
33.00000000,2171.00000000,0.34083396
33.00000000,2172.00000000,0.34068373
33.00000000,2173.00000000,0.34053983
33.00000000,2174.00000000,0.34040200
33.00000000,2175.00000000,0.34026984
33.00000000,2176.00000000,0.34014301
33.00000000,2177.00000000,0.34002126
33.00000000,2178.00000000,0.33990416
33.00000000,2179.00000000,0.33979155
33.00000000,2180.00000000,0.33968303
33.00000000,2181.00000000,0.33957838
33.00000000,2182.00000000,0.33947724
33.00000000,2183.00000000,0.33937937
33.00000000,2184.00000000,0.33799665
33.00000000,2185.00000000,0.33661788
33.00000000,2186.00000000,0.33524300
33.00000000,2187.00000000,0.33387208
33.00000000,2188.00000000,0.33250521
33.00000000,2189.00000000,0.33114240
33.00000000,2190.00000000,0.32978359
33.00000000,2191.00000000,0.32842895
33.00000000,2192.00000000,0.32707838
33.00000000,2193.00000000,0.32573199
33.00000000,2194.00000000,0.32438975
33.00000000,2195.00000000,0.32305160
33.00000000,2196.00000000,0.32171769
33.00000000,2197.00000000,0.32038796
33.00000000,2198.00000000,0.31906237
33.00000000,2199.00000000,0.31774106
33.00000000,2200.00000000,0.31642389
33.00000000,2201.00000000,0.31511086
33.00000000,2202.00000000,0.31380207
33.00000000,2203.00000000,0.31249737
33.00000000,2204.00000000,0.31119687
33.00000000,2205.00000000,0.30990055
33.00000000,2206.00000000,0.30860832
33.00000000,2207.00000000,0.30732027
33.00000000,2208.00000000,0.30603631
33.00000000,2209.00000000,0.30475640
33.00000000,2210.00000000,0.30348061
33.00000000,2211.00000000,0.30220887
33.00000000,2212.00000000,0.30094113
33.00000000,2213.00000000,0.29967743
33.00000000,2214.00000000,0.29841773
33.00000000,2215.00000000,0.29716196
33.00000000,2216.00000000,0.29591015
33.00000000,2217.00000000,0.29466221
33.00000000,2218.00000000,0.29341823
33.00000000,2219.00000000,0.29217808
33.00000000,2220.00000000,0.29094173
33.00000000,2221.00000000,0.28970918
33.00000000,2222.00000000,0.28848043
33.00000000,2223.00000000,0.28725535
33.00000000,2224.00000000,0.28603403
33.00000000,2225.00000000,0.28481638
33.00000000,2226.00000000,0.28360232
33.00000000,2227.00000000,0.28239187
33.00000000,2228.00000000,0.28118496
33.00000000,2229.00000000,0.27998162
33.00000000,2230.00000000,0.27878176
33.00000000,2231.00000000,0.27758533
33.00000000,2232.00000000,0.27639235
33.00000000,2233.00000000,0.27520272
33.00000000,2234.00000000,0.27401642
33.00000000,2235.00000000,0.27283343
33.00000000,2236.00000000,0.27165372
33.00000000,2237.00000000,0.27047718
33.00000000,2238.00000000,0.26930389
33.00000000,2239.00000000,0.26813371
33.00000000,2240.00000000,0.26696658
33.00000000,2241.00000000,0.26580255
33.00000000,2242.00000000,0.26464150
33.00000000,2243.00000000,0.26348342
33.00000000,2244.00000000,0.26232830
33.00000000,2245.00000000,0.26117601
33.00000000,2246.00000000,0.26002659
33.00000000,2247.00000000,0.25887999
33.00000000,2248.00000000,0.25773613
33.00000000,2249.00000000,0.25659465
33.00000000,2250.00000000,0.25545387
33.00000000,2251.00000000,0.25431046
33.00000000,2252.00000000,0.25316146
33.00000000,2253.00000000,0.25200523
33.00000000,2254.00000000,0.25084117
33.00000000,2255.00000000,0.24966921
33.00000000,2256.00000000,0.24848936
33.00000000,2257.00000000,0.24730185
33.00000000,2258.00000000,0.24610690
33.00000000,2259.00000000,0.24490476
33.00000000,2260.00000000,0.24369582
33.00000000,2261.00000000,0.24248047
33.00000000,2262.00000000,0.24125918
33.00000000,2263.00000000,0.24003250
33.00000000,2264.00000000,0.23880079
33.00000000,2265.00000000,0.23756442
33.00000000,2266.00000000,0.23632369
33.00000000,2267.00000000,0.23507884
33.00000000,2268.00000000,0.23383022
33.00000000,2269.00000000,0.23257802
33.00000000,2270.00000000,0.23132249
33.00000000,2271.00000000,0.23006391
33.00000000,2272.00000000,0.22880251
33.00000000,2273.00000000,0.22753844
33.00000000,2274.00000000,0.22627201
33.00000000,2275.00000000,0.22500338
33.00000000,2276.00000000,0.22373276
33.00000000,2277.00000000,0.22246039
33.00000000,2278.00000000,0.22118641
33.00000000,2279.00000000,0.21991110
33.00000000,2280.00000000,0.21863460
33.00000000,2281.00000000,0.21735714
33.00000000,2282.00000000,0.21635830
33.00000000,2283.00000000,0.21618171
33.00000000,2284.00000000,0.21622988
33.00000000,2285.00000000,0.21627813
33.00000000,2286.00000000,0.21632640
33.00000000,2287.00000000,0.21637466
33.00000000,2288.00000000,0.21642297
33.00000000,2289.00000000,0.21650657
33.00000000,2290.00000000,0.21659022
33.00000000,2291.00000000,0.21667388
33.00000000,2292.00000000,0.21675753
33.00000000,2293.00000000,0.21684122
33.00000000,2294.00000000,0.21685506
33.00000000,2295.00000000,0.21686885
33.00000000,2296.00000000,0.21688264
33.00000000,2297.00000000,0.21689637
33.00000000,2298.00000000,0.21691006
33.00000000,2299.00000000,0.21692375
33.00000000,2300.00000000,0.21693739
33.00000000,2301.00000000,0.21695098
33.00000000,2302.00000000,0.21696456
33.00000000,2303.00000000,0.21697802
33.00000000,2304.00000000,0.21699146
33.00000000,2305.00000000,0.21700483
33.00000000,2306.00000000,0.21701809
33.00000000,2307.00000000,0.21703131
33.00000000,2308.00000000,0.21704447
33.00000000,2309.00000000,0.21705450
33.00000000,2310.00000000,0.21706449
33.00000000,2311.00000000,0.21707443
33.00000000,2312.00000000,0.21708426
33.00000000,2313.00000000,0.21709409
33.00000000,2314.00000000,0.21710380
33.00000000,2315.00000000,0.21711352
33.00000000,2316.00000000,0.21712318
33.00000000,2317.00000000,0.21713276
33.00000000,2318.00000000,0.21714231
33.00000000,2319.00000000,0.21715184
33.00000000,2320.00000000,0.21716128
33.00000000,2321.00000000,0.21717072
33.00000000,2322.00000000,0.21718013
33.00000000,2323.00000000,0.21718946
33.00000000,2324.00000000,0.21719878
33.00000000,2325.00000000,0.21720804
33.00000000,2326.00000000,0.21721730
33.00000000,2327.00000000,0.21722655
33.00000000,2328.00000000,0.21723572
33.00000000,2329.00000000,0.21724491
33.00000000,2330.00000000,0.21725406
33.00000000,2331.00000000,0.21726316
33.00000000,2332.00000000,0.21727229
33.00000000,2333.00000000,0.21728139
33.00000000,2334.00000000,0.21729718
33.00000000,2335.00000000,0.21731301
33.00000000,2336.00000000,0.21732882
33.00000000,2337.00000000,0.21734459
33.00000000,2338.00000000,0.21736038
33.00000000,2339.00000000,0.21737612
33.00000000,2340.00000000,0.21739189
33.00000000,2341.00000000,0.21740765
33.00000000,2342.00000000,0.21742336
33.00000000,2343.00000000,0.21743909
33.00000000,2344.00000000,0.21745482
33.00000000,2345.00000000,0.21747051
33.00000000,2346.00000000,0.21748623
33.00000000,2347.00000000,0.21750194
33.00000000,2348.00000000,0.21751760
33.00000000,2349.00000000,0.21753331
33.00000000,2350.00000000,0.21754896
33.00000000,2351.00000000,0.21756464
33.00000000,2352.00000000,0.21758034
33.00000000,2353.00000000,0.21759600
33.00000000,2354.00000000,0.21761170
33.00000000,2355.00000000,0.21762742
33.00000000,2356.00000000,0.21764311
33.00000000,2357.00000000,0.21765885
33.00000000,2358.00000000,0.21767461
33.00000000,2359.00000000,0.21769034
33.00000000,2360.00000000,0.21770611
33.00000000,2361.00000000,0.21772189
33.00000000,2362.00000000,0.21773764
33.00000000,2363.00000000,0.21775346
33.00000000,2364.00000000,0.21776922
33.00000000,2365.00000000,0.21778507
33.00000000,2366.00000000,0.21780090
33.00000000,2367.00000000,0.21781671
33.00000000,2368.00000000,0.21783258
33.00000000,2369.00000000,0.21784845
33.00000000,2370.00000000,0.21786429
33.00000000,2371.00000000,0.21788019
33.00000000,2372.00000000,0.21789609
33.00000000,2373.00000000,0.21791196
33.00000000,2374.00000000,0.21792790
33.00000000,2375.00000000,0.21794378
33.00000000,2376.00000000,0.21795972
33.00000000,2377.00000000,0.21797568
33.00000000,2378.00000000,0.21799160
33.00000000,2379.00000000,0.21800758
33.00000000,2380.00000000,0.21802357
33.00000000,2381.00000000,0.21803952
33.00000000,2382.00000000,0.21805551
33.00000000,2383.00000000,0.21807153
33.00000000,2384.00000000,0.21808556
33.00000000,2385.00000000,0.21809966
33.00000000,2386.00000000,0.21811377
33.00000000,2387.00000000,0.21812783
33.00000000,2388.00000000,0.21814195
33.00000000,2389.00000000,0.21815603
33.00000000,2390.00000000,0.21817017
33.00000000,2391.00000000,0.21818431
33.00000000,2392.00000000,0.21819842
33.00000000,2393.00000000,0.21821258
33.00000000,2394.00000000,0.21822676
33.00000000,2395.00000000,0.21824090
33.00000000,2396.00000000,0.21825510
33.00000000,2397.00000000,0.21826929
33.00000000,2398.00000000,0.21828345
33.00000000,2399.00000000,0.21829767
33.00000000,2400.00000000,0.21831186
33.00000000,2401.00000000,0.21832610
33.00000000,2402.00000000,0.21834036
33.00000000,2403.00000000,0.21835460
33.00000000,2404.00000000,0.21836890
33.00000000,2405.00000000,0.21838325
33.00000000,2406.00000000,0.21839754
33.00000000,2407.00000000,0.21841194
33.00000000,2408.00000000,0.21842633
33.00000000,2409.00000000,0.21844072
33.00000000,2410.00000000,0.21845517
33.00000000,2411.00000000,0.21846960
33.00000000,2412.00000000,0.21848409
33.00000000,2413.00000000,0.21849863
33.00000000,2414.00000000,0.21851313
33.00000000,2415.00000000,0.21852771
33.00000000,2416.00000000,0.21854231
33.00000000,2417.00000000,0.21855686
33.00000000,2418.00000000,0.21857151
33.00000000,2419.00000000,0.21858618
33.00000000,2420.00000000,0.21860080
33.00000000,2421.00000000,0.21861551
33.00000000,2422.00000000,0.21863025
33.00000000,2423.00000000,0.21864492
33.00000000,2424.00000000,0.21865970
33.00000000,2425.00000000,0.21867443
33.00000000,2426.00000000,0.21868923
33.00000000,2427.00000000,0.21870407
33.00000000,2428.00000000,0.21871885
33.00000000,2429.00000000,0.21873371
33.00000000,2430.00000000,0.21874860
33.00000000,2431.00000000,0.21876343
33.00000000,2432.00000000,0.21877836
33.00000000,2433.00000000,0.21879330
33.00000000,2434.00000000,0.21880613
33.00000000,2435.00000000,0.21881906
33.00000000,2436.00000000,0.21883191
33.00000000,2437.00000000,0.21884486
33.00000000,2438.00000000,0.21885784
33.00000000,2439.00000000,0.21887074
33.00000000,2440.00000000,0.21888374
33.00000000,2441.00000000,0.21889675
33.00000000,2442.00000000,0.21890971
33.00000000,2443.00000000,0.21892277
33.00000000,2444.00000000,0.21893583
33.00000000,2445.00000000,0.21894884
33.00000000,2446.00000000,0.21896194
33.00000000,2447.00000000,0.21897505
33.00000000,2448.00000000,0.21898810
33.00000000,2449.00000000,0.21900126
33.00000000,2450.00000000,0.21901434
33.00000000,2451.00000000,0.21902753
33.00000000,2452.00000000,0.21904072
33.00000000,2453.00000000,0.21905383
33.00000000,2454.00000000,0.21906706
33.00000000,2455.00000000,0.21908027
33.00000000,2456.00000000,0.21909342
33.00000000,2457.00000000,0.21910666
33.00000000,2458.00000000,0.21911988
33.00000000,2459.00000000,0.21913306
33.00000000,2460.00000000,0.21914631
33.00000000,2461.00000000,0.21915948
33.00000000,2462.00000000,0.21917276
33.00000000,2463.00000000,0.21918605
33.00000000,2464.00000000,0.21919924
33.00000000,2465.00000000,0.21921254
33.00000000,2466.00000000,0.21922585
33.00000000,2467.00000000,0.21923908
33.00000000,2468.00000000,0.21925241
33.00000000,2469.00000000,0.21926575
33.00000000,2470.00000000,0.21927900
33.00000000,2471.00000000,0.21929237
33.00000000,2472.00000000,0.21930565
33.00000000,2473.00000000,0.21931903
33.00000000,2474.00000000,0.21933243
33.00000000,2475.00000000,0.21934573
33.00000000,2476.00000000,0.21935916
33.00000000,2477.00000000,0.21937261
33.00000000,2478.00000000,0.21938595
33.00000000,2479.00000000,0.21939942
33.00000000,2480.00000000,0.21941290
33.00000000,2481.00000000,0.21942629
33.00000000,2482.00000000,0.21943981
33.00000000,2483.00000000,0.21945332
33.00000000,2484.00000000,0.21946812
33.00000000,2485.00000000,0.21948303
33.00000000,2486.00000000,0.21949784
33.00000000,2487.00000000,0.21951279
33.00000000,2488.00000000,0.21952776
33.00000000,2489.00000000,0.21954263
33.00000000,2490.00000000,0.21955764
33.00000000,2491.00000000,0.21957266
33.00000000,2492.00000000,0.21958758
33.00000000,2493.00000000,0.21960264
33.00000000,2494.00000000,0.21961771
33.00000000,2495.00000000,0.21963271
33.00000000,2496.00000000,0.21964783
33.00000000,2497.00000000,0.21966285
33.00000000,2498.00000000,0.21967804
33.00000000,2499.00000000,0.21969322
33.00000000,2500.00000000,0.21970833
34.00000000,1765.00000000,0.23223987
34.00000000,1766.00000000,0.23223989
34.00000000,1767.00000000,0.23223982
34.00000000,1768.00000000,0.23223973
34.00000000,1769.00000000,0.23223973
34.00000000,1770.00000000,0.23223983
34.00000000,1771.00000000,0.23223959
34.00000000,1772.00000000,0.23223960
34.00000000,1773.00000000,0.23223956
34.00000000,1774.00000000,0.23223937
34.00000000,1775.00000000,0.23223923
34.00000000,1776.00000000,0.23223897
34.00000000,1777.00000000,0.23223888
34.00000000,1778.00000000,0.23223867
34.00000000,1779.00000000,0.23223843
34.00000000,1780.00000000,0.23223820
34.00000000,1781.00000000,0.23223800
34.00000000,1782.00000000,0.23223782
34.00000000,1783.00000000,0.23223760
34.00000000,1784.00000000,0.23223737
34.00000000,1785.00000000,0.23223718
34.00000000,1786.00000000,0.23223710
34.00000000,1787.00000000,0.23223697
34.00000000,1788.00000000,0.23223691
34.00000000,1789.00000000,0.23223683
34.00000000,1790.00000000,0.23223685
34.00000000,1791.00000000,0.23223692
34.00000000,1792.00000000,0.23223701
34.00000000,1793.00000000,0.23223722
34.00000000,1794.00000000,0.23223744
34.00000000,1795.00000000,0.23223776
34.00000000,1796.00000000,0.23223820
34.00000000,1797.00000000,0.23223865
34.00000000,1798.00000000,0.23223922
34.00000000,1799.00000000,0.23223987
34.00000000,1800.00000000,0.23225726
34.00000000,1801.00000000,0.23225809
34.00000000,1802.00000000,0.23225891
34.00000000,1803.00000000,0.23225983
34.00000000,1804.00000000,0.23226086
34.00000000,1805.00000000,0.23226747
34.00000000,1806.00000000,0.23226867
34.00000000,1807.00000000,0.23226989
34.00000000,1808.00000000,0.23227120
34.00000000,1809.00000000,0.23227257
34.00000000,1810.00000000,0.23227401
34.00000000,1811.00000000,0.23227554
34.00000000,1812.00000000,0.23227712
34.00000000,1813.00000000,0.23227878
34.00000000,1814.00000000,0.23228050
34.00000000,1815.00000000,0.23228790
34.00000000,1816.00000000,0.23228970
34.00000000,1817.00000000,0.23229156
34.00000000,1818.00000000,0.23229350
34.00000000,1819.00000000,0.23229539
34.00000000,1820.00000000,0.23229740
34.00000000,1821.00000000,0.23229941
34.00000000,1822.00000000,0.23230148
34.00000000,1823.00000000,0.23230358
34.00000000,1824.00000000,0.23230568
34.00000000,1825.00000000,0.23231348
34.00000000,1826.00000000,0.23231567
34.00000000,1827.00000000,0.23231790
34.00000000,1828.00000000,0.23232015
34.00000000,1829.00000000,0.23232247
34.00000000,1830.00000000,0.23232473
34.00000000,1831.00000000,0.23233259
34.00000000,1832.00000000,0.23233486
34.00000000,1833.00000000,0.23233705
34.00000000,1834.00000000,0.23234489
34.00000000,1835.00000000,0.23234713
34.00000000,1836.00000000,0.23236057
34.00000000,1837.00000000,0.23235715
34.00000000,1838.00000000,0.23235935
34.00000000,1839.00000000,0.23236156
34.00000000,1840.00000000,0.23236929
34.00000000,1841.00000000,0.23237143
34.00000000,1842.00000000,0.23237354
34.00000000,1843.00000000,0.23237566
34.00000000,1844.00000000,0.23237768
34.00000000,1845.00000000,0.23238529
34.00000000,1846.00000000,0.23238730
34.00000000,1847.00000000,0.23238918
34.00000000,1848.00000000,0.23239109
34.00000000,1849.00000000,0.23239846
34.00000000,1850.00000000,0.23240586
34.00000000,1851.00000000,0.23241309
34.00000000,1852.00000000,0.23241469
34.00000000,1853.00000000,0.23241660
34.00000000,1854.00000000,0.23241834
34.00000000,1855.00000000,0.23241980
34.00000000,1856.00000000,0.23242654
34.00000000,1857.00000000,0.23243314
34.00000000,1858.00000000,0.23243393
34.00000000,1859.00000000,0.23244023
34.00000000,1860.00000000,0.23244097
34.00000000,1861.00000000,0.23244708
34.00000000,1862.00000000,0.23244744
34.00000000,1863.00000000,0.23244720
34.00000000,1864.00000000,0.23248043
34.00000000,1865.00000000,0.23247442
34.00000000,1866.00000000,0.23247394
34.00000000,1867.00000000,0.23247893
34.00000000,1868.00000000,0.23247823
34.00000000,1869.00000000,0.23248302
34.00000000,1870.00000000,0.23250442
34.00000000,1871.00000000,0.23250341
34.00000000,1872.00000000,0.23250796
34.00000000,1873.00000000,0.23251286
34.00000000,1874.00000000,0.23252289
34.00000000,1875.00000000,0.23252694
34.00000000,1876.00000000,0.23253630
34.00000000,1877.00000000,0.23253970
34.00000000,1878.00000000,0.23254858
34.00000000,1879.00000000,0.23256851
34.00000000,1880.00000000,0.23256580
34.00000000,1881.00000000,0.23257958
34.00000000,1882.00000000,0.23258171
34.00000000,1883.00000000,0.23259410
34.00000000,1884.00000000,0.23261156
34.00000000,1885.00000000,0.23260634
34.00000000,1886.00000000,0.23261782
34.00000000,1887.00000000,0.23262363
34.00000000,1888.00000000,0.23267397
34.00000000,1889.00000000,0.23267936
34.00000000,1890.00000000,0.23270098
34.00000000,1891.00000000,0.23269962
34.00000000,1892.00000000,0.23269783
34.00000000,1893.00000000,0.23271809
34.00000000,1894.00000000,0.23275508
34.00000000,1895.00000000,0.23276984
34.00000000,1896.00000000,0.23277330
34.00000000,1897.00000000,0.23280432
34.00000000,1898.00000000,0.23284075
34.00000000,1899.00000000,0.23287088
34.00000000,1900.00000000,0.23287791
34.00000000,1901.00000000,0.23291321
34.00000000,1902.00000000,0.23292999
34.00000000,1903.00000000,0.23295729
34.00000000,1904.00000000,0.23297249
34.00000000,1905.00000000,0.23300934
34.00000000,1906.00000000,0.23309001
34.00000000,1907.00000000,0.23313589
34.00000000,1908.00000000,0.23306241
34.00000000,1909.00000000,0.23312175
34.00000000,1910.00000000,0.23311863
34.00000000,1911.00000000,0.23311463
34.00000000,1912.00000000,0.23310097
34.00000000,1913.00000000,0.23315609
34.00000000,1914.00000000,0.23327748
34.00000000,1915.00000000,0.23329301
34.00000000,1916.00000000,0.23334382
34.00000000,1917.00000000,0.23341251
34.00000000,1918.00000000,0.23340910
34.00000000,1919.00000000,0.23340093
34.00000000,1920.00000000,0.23340624
34.00000000,1921.00000000,0.23346989
34.00000000,1922.00000000,0.23363673
34.00000000,1923.00000000,0.23362701
34.00000000,1924.00000000,0.23377984
34.00000000,1925.00000000,0.23385992
34.00000000,1926.00000000,0.23386151
34.00000000,1927.00000000,0.23382971
34.00000000,1928.00000000,0.23389255
34.00000000,1929.00000000,0.23401047
34.00000000,1930.00000000,0.23407165
34.00000000,1931.00000000,0.23417834
34.00000000,1932.00000000,0.23430999
34.00000000,1933.00000000,0.23453984
34.00000000,1934.00000000,0.23468948
34.00000000,1935.00000000,0.23479028
34.00000000,1936.00000000,0.23486867
34.00000000,1937.00000000,0.23515197
34.00000000,1938.00000000,0.23518664
34.00000000,1939.00000000,0.23539817
34.00000000,1940.00000000,0.23563614
34.00000000,1941.00000000,0.23605602
34.00000000,1942.00000000,0.23585261
34.00000000,1943.00000000,0.23603256
34.00000000,1944.00000000,0.23620494
34.00000000,1945.00000000,0.23628172
34.00000000,1946.00000000,0.23650577
34.00000000,1947.00000000,0.23685011
34.00000000,1948.00000000,0.23631722
34.00000000,1949.00000000,0.23623509
34.00000000,1950.00000000,0.23657009
34.00000000,1951.00000000,0.23685186
34.00000000,1952.00000000,0.23672176
34.00000000,1953.00000000,0.23596631
34.00000000,1954.00000000,0.23663687
34.00000000,1955.00000000,0.23587942
34.00000000,1956.00000000,0.23607332
34.00000000,1957.00000000,0.23672560
34.00000000,1958.00000000,0.23663500
34.00000000,1959.00000000,0.23664538
34.00000000,1960.00000000,0.23662761
34.00000000,1961.00000000,0.23700135
34.00000000,1962.00000000,0.23694760
34.00000000,1963.00000000,0.23732036
34.00000000,1964.00000000,0.23672977
34.00000000,1965.00000000,0.23601774
34.00000000,1966.00000000,0.23541277
34.00000000,1967.00000000,0.23557839
34.00000000,1968.00000000,0.23592878
34.00000000,1969.00000000,0.23612885
34.00000000,1970.00000000,0.23659570
34.00000000,1971.00000000,0.23692100
34.00000000,1972.00000000,0.23642508
34.00000000,1973.00000000,0.23657367
34.00000000,1974.00000000,0.23703325
34.00000000,1975.00000000,0.23708912
34.00000000,1976.00000000,0.23699498
34.00000000,1977.00000000,0.23712901
34.00000000,1978.00000000,0.23694601
34.00000000,1979.00000000,0.23557026
34.00000000,1980.00000000,0.23586342
34.00000000,1981.00000000,0.23657916
34.00000000,1982.00000000,0.23687484
34.00000000,1983.00000000,0.23647838
34.00000000,1984.00000000,0.23753757
34.00000000,1985.00000000,0.23820032
34.00000000,1986.00000000,0.23825924
34.00000000,1987.00000000,0.23841399
34.00000000,1988.00000000,0.23845300
34.00000000,1989.00000000,0.23934196
34.00000000,1990.00000000,0.23999136
34.00000000,1991.00000000,0.24040206
34.00000000,1992.00000000,0.24063726
34.00000000,1993.00000000,0.24127309
34.00000000,1994.00000000,0.24182070
34.00000000,1995.00000000,0.24183289
34.00000000,1996.00000000,0.24233964
34.00000000,1997.00000000,0.24307998
34.00000000,1998.00000000,0.24388777
34.00000000,1999.00000000,0.24457143
34.00000000,2000.00000000,0.24538596
34.00000000,2001.00000000,0.24590566
34.00000000,2002.00000000,0.24681781
34.00000000,2003.00000000,0.24792319
34.00000000,2004.00000000,0.24937693
34.00000000,2005.00000000,0.25015426
34.00000000,2006.00000000,0.25099021
34.00000000,2007.00000000,0.25218774
34.00000000,2008.00000000,0.25212409
34.00000000,2009.00000000,0.25184187
34.00000000,2010.00000000,0.25318494
34.00000000,2011.00000000,0.25384858
34.00000000,2012.00000000,0.25411901
34.00000000,2013.00000000,0.25551165
34.00000000,2014.00000000,0.25504384
34.00000000,2015.00000000,0.25396962
34.00000000,2016.00000000,0.25356210
34.00000000,2017.00000000,0.25327861
34.00000000,2018.00000000,0.25406612
34.00000000,2019.00000000,0.25470296
34.00000000,2020.00000000,0.25539721
34.00000000,2021.00000000,0.25595803
34.00000000,2022.00000000,0.25688302
34.00000000,2023.00000000,0.25733240
34.00000000,2024.00000000,0.25739507
34.00000000,2025.00000000,0.25764996
34.00000000,2026.00000000,0.25677021
34.00000000,2027.00000000,0.25655826
34.00000000,2028.00000000,0.25695371
34.00000000,2029.00000000,0.25741282
34.00000000,2030.00000000,0.25791408
34.00000000,2031.00000000,0.25825723
34.00000000,2032.00000000,0.25784169
34.00000000,2033.00000000,0.25749027
34.00000000,2034.00000000,0.25813658
34.00000000,2035.00000000,0.25875208
34.00000000,2036.00000000,0.25878342
34.00000000,2037.00000000,0.26034076
34.00000000,2038.00000000,0.26215576
34.00000000,2039.00000000,0.26349789
34.00000000,2040.00000000,0.26425128
34.00000000,2041.00000000,0.26500151
34.00000000,2042.00000000,0.26574824
34.00000000,2043.00000000,0.26648904
34.00000000,2044.00000000,0.26722357
34.00000000,2045.00000000,0.26832611
34.00000000,2046.00000000,0.26942126
34.00000000,2047.00000000,0.27050915
34.00000000,2048.00000000,0.27158974
34.00000000,2049.00000000,0.27266302
34.00000000,2050.00000000,0.27372931
34.00000000,2051.00000000,0.27478863
34.00000000,2052.00000000,0.27584110
34.00000000,2053.00000000,0.27688717
34.00000000,2054.00000000,0.27792689
34.00000000,2055.00000000,0.27879667
34.00000000,2056.00000000,0.27966108
34.00000000,2057.00000000,0.28052022
34.00000000,2058.00000000,0.28137455
34.00000000,2059.00000000,0.28222417
34.00000000,2060.00000000,0.28306932
34.00000000,2061.00000000,0.28391081
34.00000000,2062.00000000,0.28475057
34.00000000,2063.00000000,0.28559088
34.00000000,2064.00000000,0.28643337
34.00000000,2065.00000000,0.28761548
34.00000000,2066.00000000,0.28880033
34.00000000,2067.00000000,0.28998824
34.00000000,2068.00000000,0.29117902
34.00000000,2069.00000000,0.29237256
34.00000000,2070.00000000,0.29356854
34.00000000,2071.00000000,0.29476715
34.00000000,2072.00000000,0.29596963
34.00000000,2073.00000000,0.29717762
34.00000000,2074.00000000,0.29839182
34.00000000,2075.00000000,0.29985485
34.00000000,2076.00000000,0.30132387
34.00000000,2077.00000000,0.30279833
34.00000000,2078.00000000,0.30427799
34.00000000,2079.00000000,0.30576205
34.00000000,2080.00000000,0.30724988
34.00000000,2081.00000000,0.30874100
34.00000000,2082.00000000,0.31023557
34.00000000,2083.00000000,0.31173410
34.00000000,2084.00000000,0.31323642
34.00000000,2085.00000000,0.31472857
34.00000000,2086.00000000,0.31622378
34.00000000,2087.00000000,0.31772123
34.00000000,2088.00000000,0.31922031
34.00000000,2089.00000000,0.32072023
34.00000000,2090.00000000,0.32222023
34.00000000,2091.00000000,0.32371972
34.00000000,2092.00000000,0.32521920
34.00000000,2093.00000000,0.32671896
34.00000000,2094.00000000,0.32821869
34.00000000,2095.00000000,0.32920038
34.00000000,2096.00000000,0.33018227
34.00000000,2097.00000000,0.33116416
34.00000000,2098.00000000,0.33214556
34.00000000,2099.00000000,0.33312585
34.00000000,2100.00000000,0.33410463
34.00000000,2101.00000000,0.33508162
34.00000000,2102.00000000,0.33605698
34.00000000,2103.00000000,0.33703129
34.00000000,2104.00000000,0.33800435
34.00000000,2105.00000000,0.33851387
34.00000000,2106.00000000,0.33902248
34.00000000,2107.00000000,0.33952996
34.00000000,2108.00000000,0.34003605
34.00000000,2109.00000000,0.34054048
34.00000000,2110.00000000,0.34104280
34.00000000,2111.00000000,0.34154287
34.00000000,2112.00000000,0.34204038
34.00000000,2113.00000000,0.34253479
34.00000000,2114.00000000,0.34302611
34.00000000,2115.00000000,0.34325883
34.00000000,2116.00000000,0.34348821
34.00000000,2117.00000000,0.34371422
34.00000000,2118.00000000,0.34393669
34.00000000,2119.00000000,0.34415550
34.00000000,2120.00000000,0.34437062
34.00000000,2121.00000000,0.34458171
34.00000000,2122.00000000,0.34478884
34.00000000,2123.00000000,0.34499193
34.00000000,2124.00000000,0.34519065
34.00000000,2125.00000000,0.34512550
34.00000000,2126.00000000,0.34505644
34.00000000,2127.00000000,0.34498351
34.00000000,2128.00000000,0.34490684
34.00000000,2129.00000000,0.34482635
34.00000000,2130.00000000,0.34474207
34.00000000,2131.00000000,0.34465409
34.00000000,2132.00000000,0.34456231
34.00000000,2133.00000000,0.34446691
34.00000000,2134.00000000,0.34436777
34.00000000,2135.00000000,0.34406830
34.00000000,2136.00000000,0.34376576
34.00000000,2137.00000000,0.34346010
34.00000000,2138.00000000,0.34315138
34.00000000,2139.00000000,0.34283980
34.00000000,2140.00000000,0.34252542
34.00000000,2141.00000000,0.34220821
34.00000000,2142.00000000,0.34188841
34.00000000,2143.00000000,0.34156598
34.00000000,2144.00000000,0.34124112
34.00000000,2145.00000000,0.34091374
34.00000000,2146.00000000,0.34058406
34.00000000,2147.00000000,0.34025203
34.00000000,2148.00000000,0.33991784
34.00000000,2149.00000000,0.33958140
34.00000000,2150.00000000,0.33924299
34.00000000,2151.00000000,0.33890436
34.00000000,2152.00000000,0.33857065
34.00000000,2153.00000000,0.33824702
34.00000000,2154.00000000,0.33793588
34.00000000,2155.00000000,0.33763820
34.00000000,2156.00000000,0.33735441
34.00000000,2157.00000000,0.33708419
34.00000000,2158.00000000,0.33682727
34.00000000,2159.00000000,0.33658319
34.00000000,2160.00000000,0.33635116
34.00000000,2161.00000000,0.33613083
34.00000000,2162.00000000,0.33592157
34.00000000,2163.00000000,0.33572278
34.00000000,2164.00000000,0.33553403
34.00000000,2165.00000000,0.33535472
34.00000000,2166.00000000,0.33518437
34.00000000,2167.00000000,0.33502257
34.00000000,2168.00000000,0.33486882
34.00000000,2169.00000000,0.33472272
34.00000000,2170.00000000,0.33458386
34.00000000,2171.00000000,0.33445181
34.00000000,2172.00000000,0.33432624
34.00000000,2173.00000000,0.33420679
34.00000000,2174.00000000,0.33409307
34.00000000,2175.00000000,0.33398479
34.00000000,2176.00000000,0.33388166
34.00000000,2177.00000000,0.33378326
34.00000000,2178.00000000,0.33368945
34.00000000,2179.00000000,0.33359976
34.00000000,2180.00000000,0.33351411
34.00000000,2181.00000000,0.33343211
34.00000000,2182.00000000,0.33335346
34.00000000,2183.00000000,0.33327798
34.00000000,2184.00000000,0.33320531
34.00000000,2185.00000000,0.33187014
34.00000000,2186.00000000,0.33053834
34.00000000,2187.00000000,0.32920989
34.00000000,2188.00000000,0.32788484
34.00000000,2189.00000000,0.32656330
34.00000000,2190.00000000,0.32524529
34.00000000,2191.00000000,0.32393075
34.00000000,2192.00000000,0.32261986
34.00000000,2193.00000000,0.32131251
34.00000000,2194.00000000,0.32000885
34.00000000,2195.00000000,0.31870885
34.00000000,2196.00000000,0.31741246
34.00000000,2197.00000000,0.31611983
34.00000000,2198.00000000,0.31483091
34.00000000,2199.00000000,0.31354566
34.00000000,2200.00000000,0.31226422
34.00000000,2201.00000000,0.31098648
34.00000000,2202.00000000,0.30971245
34.00000000,2203.00000000,0.30844219
34.00000000,2204.00000000,0.30717560
34.00000000,2205.00000000,0.30591281
34.00000000,2206.00000000,0.30465375
34.00000000,2207.00000000,0.30339838
34.00000000,2208.00000000,0.30214678
34.00000000,2209.00000000,0.30089887
34.00000000,2210.00000000,0.29965464
34.00000000,2211.00000000,0.29841413
34.00000000,2212.00000000,0.29717725
34.00000000,2213.00000000,0.29594403
34.00000000,2214.00000000,0.29471448
34.00000000,2215.00000000,0.29348857
34.00000000,2216.00000000,0.29226620
34.00000000,2217.00000000,0.29104747
34.00000000,2218.00000000,0.28983224
34.00000000,2219.00000000,0.28862062
34.00000000,2220.00000000,0.28741248
34.00000000,2221.00000000,0.28620781
34.00000000,2222.00000000,0.28500662
34.00000000,2223.00000000,0.28380891
34.00000000,2224.00000000,0.28261454
34.00000000,2225.00000000,0.28142358
34.00000000,2226.00000000,0.28023597
34.00000000,2227.00000000,0.27905167
34.00000000,2228.00000000,0.27787067
34.00000000,2229.00000000,0.27669292
34.00000000,2230.00000000,0.27551846
34.00000000,2231.00000000,0.27434716
34.00000000,2232.00000000,0.27317900
34.00000000,2233.00000000,0.27201402
34.00000000,2234.00000000,0.27085212
34.00000000,2235.00000000,0.26969324
34.00000000,2236.00000000,0.26853744
34.00000000,2237.00000000,0.26738462
34.00000000,2238.00000000,0.26623471
34.00000000,2239.00000000,0.26508775
34.00000000,2240.00000000,0.26394367
34.00000000,2241.00000000,0.26280239
34.00000000,2242.00000000,0.26166395
34.00000000,2243.00000000,0.26052824
34.00000000,2244.00000000,0.25939529
34.00000000,2245.00000000,0.25826505
34.00000000,2246.00000000,0.25713738
34.00000000,2247.00000000,0.25601235
34.00000000,2248.00000000,0.25488985
34.00000000,2249.00000000,0.25376962
34.00000000,2250.00000000,0.25264988
34.00000000,2251.00000000,0.25152747
34.00000000,2252.00000000,0.25039930
34.00000000,2253.00000000,0.24926388
34.00000000,2254.00000000,0.24812055
34.00000000,2255.00000000,0.24696923
34.00000000,2256.00000000,0.24581005
34.00000000,2257.00000000,0.24464310
34.00000000,2258.00000000,0.24346867
34.00000000,2259.00000000,0.24228705
34.00000000,2260.00000000,0.24109849
34.00000000,2261.00000000,0.23990348
34.00000000,2262.00000000,0.23870250
34.00000000,2263.00000000,0.23749602
34.00000000,2264.00000000,0.23628448
34.00000000,2265.00000000,0.23506815
34.00000000,2266.00000000,0.23384741
34.00000000,2267.00000000,0.23262250
34.00000000,2268.00000000,0.23139365
34.00000000,2269.00000000,0.23016119
34.00000000,2270.00000000,0.22892534
34.00000000,2271.00000000,0.22768630
34.00000000,2272.00000000,0.22644434
34.00000000,2273.00000000,0.22519969
34.00000000,2274.00000000,0.22395249
34.00000000,2275.00000000,0.22270306
34.00000000,2276.00000000,0.22145153
34.00000000,2277.00000000,0.22019810
34.00000000,2278.00000000,0.21894303
34.00000000,2279.00000000,0.21768642
34.00000000,2280.00000000,0.21642858
34.00000000,2281.00000000,0.21516961
34.00000000,2282.00000000,0.21390973
34.00000000,2283.00000000,0.21292424
34.00000000,2284.00000000,0.21274843
34.00000000,2285.00000000,0.21279395
34.00000000,2286.00000000,0.21283960
34.00000000,2287.00000000,0.21288524
34.00000000,2288.00000000,0.21293092
34.00000000,2289.00000000,0.21297668
34.00000000,2290.00000000,0.21305719
34.00000000,2291.00000000,0.21313778
34.00000000,2292.00000000,0.21321840
34.00000000,2293.00000000,0.21329903
34.00000000,2294.00000000,0.21337971
34.00000000,2295.00000000,0.21339164
34.00000000,2296.00000000,0.21340354
34.00000000,2297.00000000,0.21341546
34.00000000,2298.00000000,0.21342734
34.00000000,2299.00000000,0.21343920
34.00000000,2300.00000000,0.21345108
34.00000000,2301.00000000,0.21346291
34.00000000,2302.00000000,0.21347470
34.00000000,2303.00000000,0.21348648
34.00000000,2304.00000000,0.21349816
34.00000000,2305.00000000,0.21350981
34.00000000,2306.00000000,0.21352141
34.00000000,2307.00000000,0.21353293
34.00000000,2308.00000000,0.21354443
34.00000000,2309.00000000,0.21355586
34.00000000,2310.00000000,0.21356423
34.00000000,2311.00000000,0.21357260
34.00000000,2312.00000000,0.21358092
34.00000000,2313.00000000,0.21358913
34.00000000,2314.00000000,0.21359736
34.00000000,2315.00000000,0.21360550
34.00000000,2316.00000000,0.21361365
34.00000000,2317.00000000,0.21362175
34.00000000,2318.00000000,0.21362978
34.00000000,2319.00000000,0.21363782
34.00000000,2320.00000000,0.21364583
34.00000000,2321.00000000,0.21365376
34.00000000,2322.00000000,0.21366171
34.00000000,2323.00000000,0.21366961
34.00000000,2324.00000000,0.21367747
34.00000000,2325.00000000,0.21368535
34.00000000,2326.00000000,0.21369315
34.00000000,2327.00000000,0.21370098
34.00000000,2328.00000000,0.21370879
34.00000000,2329.00000000,0.21371653
34.00000000,2330.00000000,0.21372430
34.00000000,2331.00000000,0.21373204
34.00000000,2332.00000000,0.21373975
34.00000000,2333.00000000,0.21374749
34.00000000,2334.00000000,0.21375521
34.00000000,2335.00000000,0.21376951
34.00000000,2336.00000000,0.21378387
34.00000000,2337.00000000,0.21379821
34.00000000,2338.00000000,0.21381252
34.00000000,2339.00000000,0.21382685
34.00000000,2340.00000000,0.21384115
34.00000000,2341.00000000,0.21385548
34.00000000,2342.00000000,0.21386980
34.00000000,2343.00000000,0.21388408
34.00000000,2344.00000000,0.21389840
34.00000000,2345.00000000,0.21391271
34.00000000,2346.00000000,0.21392698
34.00000000,2347.00000000,0.21394130
34.00000000,2348.00000000,0.21395561
34.00000000,2349.00000000,0.21396988
34.00000000,2350.00000000,0.21398419
34.00000000,2351.00000000,0.21399845
34.00000000,2352.00000000,0.21401276
34.00000000,2353.00000000,0.21402709
34.00000000,2354.00000000,0.21404139
34.00000000,2355.00000000,0.21405576
34.00000000,2356.00000000,0.21407013
34.00000000,2357.00000000,0.21408446
34.00000000,2358.00000000,0.21409886
34.00000000,2359.00000000,0.21411326
34.00000000,2360.00000000,0.21412765
34.00000000,2361.00000000,0.21414210
34.00000000,2362.00000000,0.21415655
34.00000000,2363.00000000,0.21417097
34.00000000,2364.00000000,0.21418545
34.00000000,2365.00000000,0.21419990
34.00000000,2366.00000000,0.21421442
34.00000000,2367.00000000,0.21422893
34.00000000,2368.00000000,0.21424342
34.00000000,2369.00000000,0.21425798
34.00000000,2370.00000000,0.21427253
34.00000000,2371.00000000,0.21428706
34.00000000,2372.00000000,0.21430165
34.00000000,2373.00000000,0.21431625
34.00000000,2374.00000000,0.21433082
34.00000000,2375.00000000,0.21434543
34.00000000,2376.00000000,0.21436002
34.00000000,2377.00000000,0.21437467
34.00000000,2378.00000000,0.21438933
34.00000000,2379.00000000,0.21440395
34.00000000,2380.00000000,0.21441862
34.00000000,2381.00000000,0.21443331
34.00000000,2382.00000000,0.21444796
34.00000000,2383.00000000,0.21446268
34.00000000,2384.00000000,0.21447740
34.00000000,2385.00000000,0.21449017
34.00000000,2386.00000000,0.21450301
34.00000000,2387.00000000,0.21451586
34.00000000,2388.00000000,0.21452866
34.00000000,2389.00000000,0.21454153
34.00000000,2390.00000000,0.21455434
34.00000000,2391.00000000,0.21456723
34.00000000,2392.00000000,0.21458012
34.00000000,2393.00000000,0.21459297
34.00000000,2394.00000000,0.21460588
34.00000000,2395.00000000,0.21461881
34.00000000,2396.00000000,0.21463169
34.00000000,2397.00000000,0.21464463
34.00000000,2398.00000000,0.21465758
34.00000000,2399.00000000,0.21467050
34.00000000,2400.00000000,0.21468347
34.00000000,2401.00000000,0.21469639
34.00000000,2402.00000000,0.21470940
34.00000000,2403.00000000,0.21472242
34.00000000,2404.00000000,0.21473540
34.00000000,2405.00000000,0.21474848
34.00000000,2406.00000000,0.21476157
34.00000000,2407.00000000,0.21477465
34.00000000,2408.00000000,0.21478780
34.00000000,2409.00000000,0.21480096
34.00000000,2410.00000000,0.21481411
34.00000000,2411.00000000,0.21482731
34.00000000,2412.00000000,0.21484050
34.00000000,2413.00000000,0.21485377
34.00000000,2414.00000000,0.21486706
34.00000000,2415.00000000,0.21488030
34.00000000,2416.00000000,0.21489364
34.00000000,2417.00000000,0.21490699
34.00000000,2418.00000000,0.21492031
34.00000000,2419.00000000,0.21493371
34.00000000,2420.00000000,0.21494712
34.00000000,2421.00000000,0.21496050
34.00000000,2422.00000000,0.21497396
34.00000000,2423.00000000,0.21498745
34.00000000,2424.00000000,0.21500088
34.00000000,2425.00000000,0.21501440
34.00000000,2426.00000000,0.21502787
34.00000000,2427.00000000,0.21504143
34.00000000,2428.00000000,0.21505499
34.00000000,2429.00000000,0.21506852
34.00000000,2430.00000000,0.21508213
34.00000000,2431.00000000,0.21509576
34.00000000,2432.00000000,0.21510933
34.00000000,2433.00000000,0.21512299
34.00000000,2434.00000000,0.21513667
34.00000000,2435.00000000,0.21514828
34.00000000,2436.00000000,0.21515996
34.00000000,2437.00000000,0.21517158
34.00000000,2438.00000000,0.21518331
34.00000000,2439.00000000,0.21519503
34.00000000,2440.00000000,0.21520671
34.00000000,2441.00000000,0.21521846
34.00000000,2442.00000000,0.21523025
34.00000000,2443.00000000,0.21524197
34.00000000,2444.00000000,0.21525378
34.00000000,2445.00000000,0.21526560
34.00000000,2446.00000000,0.21527736
34.00000000,2447.00000000,0.21528921
34.00000000,2448.00000000,0.21530109
34.00000000,2449.00000000,0.21531289
34.00000000,2450.00000000,0.21532480
34.00000000,2451.00000000,0.21533662
34.00000000,2452.00000000,0.21534855
34.00000000,2453.00000000,0.21536049
34.00000000,2454.00000000,0.21537235
34.00000000,2455.00000000,0.21538429
34.00000000,2456.00000000,0.21539625
34.00000000,2457.00000000,0.21540812
34.00000000,2458.00000000,0.21542009
34.00000000,2459.00000000,0.21543206
34.00000000,2460.00000000,0.21544395
34.00000000,2461.00000000,0.21545594
34.00000000,2462.00000000,0.21546784
34.00000000,2463.00000000,0.21547983
34.00000000,2464.00000000,0.21549184
34.00000000,2465.00000000,0.21550376
34.00000000,2466.00000000,0.21551580
34.00000000,2467.00000000,0.21552782
34.00000000,2468.00000000,0.21553976
34.00000000,2469.00000000,0.21555181
34.00000000,2470.00000000,0.21556387
34.00000000,2471.00000000,0.21557584
34.00000000,2472.00000000,0.21558793
34.00000000,2473.00000000,0.21559992
34.00000000,2474.00000000,0.21561202
34.00000000,2475.00000000,0.21562412
34.00000000,2476.00000000,0.21563615
34.00000000,2477.00000000,0.21564828
34.00000000,2478.00000000,0.21566044
34.00000000,2479.00000000,0.21567248
34.00000000,2480.00000000,0.21568466
34.00000000,2481.00000000,0.21569683
34.00000000,2482.00000000,0.21570894
34.00000000,2483.00000000,0.21572114
34.00000000,2484.00000000,0.21573336
34.00000000,2485.00000000,0.21574683
34.00000000,2486.00000000,0.21576041
34.00000000,2487.00000000,0.21577392
34.00000000,2488.00000000,0.21578753
34.00000000,2489.00000000,0.21580117
34.00000000,2490.00000000,0.21581471
34.00000000,2491.00000000,0.21582838
34.00000000,2492.00000000,0.21584207
34.00000000,2493.00000000,0.21585566
34.00000000,2494.00000000,0.21586938
34.00000000,2495.00000000,0.21588312
34.00000000,2496.00000000,0.21589678
34.00000000,2497.00000000,0.21591056
34.00000000,2498.00000000,0.21592425
34.00000000,2499.00000000,0.21593808
34.00000000,2500.00000000,0.21595193
35.00000000,1765.00000000,0.22394388
35.00000000,1766.00000000,0.22394380
35.00000000,1767.00000000,0.22394381
35.00000000,1768.00000000,0.22394376
35.00000000,1769.00000000,0.22394370
35.00000000,1770.00000000,0.22394372
35.00000000,1771.00000000,0.22394387
35.00000000,1772.00000000,0.22394368
35.00000000,1773.00000000,0.22394373
35.00000000,1774.00000000,0.22394378
35.00000000,1775.00000000,0.22394369
35.00000000,1776.00000000,0.22394367
35.00000000,1777.00000000,0.22394355
35.00000000,1778.00000000,0.22394362
35.00000000,1779.00000000,0.22394358
35.00000000,1780.00000000,0.22394355
35.00000000,1781.00000000,0.22394353
35.00000000,1782.00000000,0.22394355
35.00000000,1783.00000000,0.22394359
35.00000000,1784.00000000,0.22394362
35.00000000,1785.00000000,0.22394368
35.00000000,1786.00000000,0.22394376
35.00000000,1787.00000000,0.22394399
35.00000000,1788.00000000,0.22394418
35.00000000,1789.00000000,0.22394444
35.00000000,1790.00000000,0.22394472
35.00000000,1791.00000000,0.22394507
35.00000000,1792.00000000,0.22394550
35.00000000,1793.00000000,0.22394597
35.00000000,1794.00000000,0.22394653
35.00000000,1795.00000000,0.22394713
35.00000000,1796.00000000,0.22394789
35.00000000,1797.00000000,0.22394870
35.00000000,1798.00000000,0.22394957
35.00000000,1799.00000000,0.22395060
35.00000000,1800.00000000,0.22395164
35.00000000,1801.00000000,0.22396908
35.00000000,1802.00000000,0.22397031
35.00000000,1803.00000000,0.22397158
35.00000000,1804.00000000,0.22397301
35.00000000,1805.00000000,0.22397449
35.00000000,1806.00000000,0.22398151
35.00000000,1807.00000000,0.22398317
35.00000000,1808.00000000,0.22398496
35.00000000,1809.00000000,0.22398675
35.00000000,1810.00000000,0.22398866
35.00000000,1811.00000000,0.22399071
35.00000000,1812.00000000,0.22399275
35.00000000,1813.00000000,0.22399494
35.00000000,1814.00000000,0.22399713
35.00000000,1815.00000000,0.22399947
35.00000000,1816.00000000,0.22400726
35.00000000,1817.00000000,0.22400963
35.00000000,1818.00000000,0.22401211
35.00000000,1819.00000000,0.22401458
35.00000000,1820.00000000,0.22401712
35.00000000,1821.00000000,0.22401969
35.00000000,1822.00000000,0.22402237
35.00000000,1823.00000000,0.22402502
35.00000000,1824.00000000,0.22402774
35.00000000,1825.00000000,0.22403051
35.00000000,1826.00000000,0.22403874
35.00000000,1827.00000000,0.22404161
35.00000000,1828.00000000,0.22404443
35.00000000,1829.00000000,0.22404737
35.00000000,1830.00000000,0.22405023
35.00000000,1831.00000000,0.22405315
35.00000000,1832.00000000,0.22406150
35.00000000,1833.00000000,0.22406436
35.00000000,1834.00000000,0.22406725
35.00000000,1835.00000000,0.22407556
35.00000000,1836.00000000,0.22407851
35.00000000,1837.00000000,0.22409221
35.00000000,1838.00000000,0.22408963
35.00000000,1839.00000000,0.22409253
35.00000000,1840.00000000,0.22409536
35.00000000,1841.00000000,0.22410366
35.00000000,1842.00000000,0.22410643
35.00000000,1843.00000000,0.22410925
35.00000000,1844.00000000,0.22411201
35.00000000,1845.00000000,0.22411470
35.00000000,1846.00000000,0.22412287
35.00000000,1847.00000000,0.22412550
35.00000000,1848.00000000,0.22412810
35.00000000,1849.00000000,0.22413065
35.00000000,1850.00000000,0.22413861
35.00000000,1851.00000000,0.22414648
35.00000000,1852.00000000,0.22415424
35.00000000,1853.00000000,0.22415691
35.00000000,1854.00000000,0.22415946
35.00000000,1855.00000000,0.22416177
35.00000000,1856.00000000,0.22416373
35.00000000,1857.00000000,0.22417101
35.00000000,1858.00000000,0.22417814
35.00000000,1859.00000000,0.22417974
35.00000000,1860.00000000,0.22418669
35.00000000,1861.00000000,0.22418812
35.00000000,1862.00000000,0.22419478
35.00000000,1863.00000000,0.22419541
35.00000000,1864.00000000,0.22419587
35.00000000,1865.00000000,0.22422890
35.00000000,1866.00000000,0.22422375
35.00000000,1867.00000000,0.22422387
35.00000000,1868.00000000,0.22422933
35.00000000,1869.00000000,0.22422926
35.00000000,1870.00000000,0.22423444
35.00000000,1871.00000000,0.22425589
35.00000000,1872.00000000,0.22425562
35.00000000,1873.00000000,0.22426110
35.00000000,1874.00000000,0.22426624
35.00000000,1875.00000000,0.22427658
35.00000000,1876.00000000,0.22428115
35.00000000,1877.00000000,0.22429091
35.00000000,1878.00000000,0.22429510
35.00000000,1879.00000000,0.22430463
35.00000000,1880.00000000,0.22432495
35.00000000,1881.00000000,0.22432299
35.00000000,1882.00000000,0.22433713
35.00000000,1883.00000000,0.22433945
35.00000000,1884.00000000,0.22435208
35.00000000,1885.00000000,0.22436993
35.00000000,1886.00000000,0.22436581
35.00000000,1887.00000000,0.22437813
35.00000000,1888.00000000,0.22438475
35.00000000,1889.00000000,0.22443460
35.00000000,1890.00000000,0.22444048
35.00000000,1891.00000000,0.22446221
35.00000000,1892.00000000,0.22446148
35.00000000,1893.00000000,0.22446060
35.00000000,1894.00000000,0.22448142
35.00000000,1895.00000000,0.22451863
35.00000000,1896.00000000,0.22453406
35.00000000,1897.00000000,0.22453824
35.00000000,1898.00000000,0.22456925
35.00000000,1899.00000000,0.22460524
35.00000000,1900.00000000,0.22463492
35.00000000,1901.00000000,0.22464198
35.00000000,1902.00000000,0.22467700
35.00000000,1903.00000000,0.22469383
35.00000000,1904.00000000,0.22472091
35.00000000,1905.00000000,0.22473639
35.00000000,1906.00000000,0.22477290
35.00000000,1907.00000000,0.22485195
35.00000000,1908.00000000,0.22489666
35.00000000,1909.00000000,0.22482572
35.00000000,1910.00000000,0.22488461
35.00000000,1911.00000000,0.22488279
35.00000000,1912.00000000,0.22487992
35.00000000,1913.00000000,0.22486757
35.00000000,1914.00000000,0.22492243
35.00000000,1915.00000000,0.22504303
35.00000000,1916.00000000,0.22506168
35.00000000,1917.00000000,0.22511419
35.00000000,1918.00000000,0.22518347
35.00000000,1919.00000000,0.22518285
35.00000000,1920.00000000,0.22517893
35.00000000,1921.00000000,0.22518820
35.00000000,1922.00000000,0.22525459
35.00000000,1923.00000000,0.22542101
35.00000000,1924.00000000,0.22541387
35.00000000,1925.00000000,0.22556435
35.00000000,1926.00000000,0.22564408
35.00000000,1927.00000000,0.22564758
35.00000000,1928.00000000,0.22561819
35.00000000,1929.00000000,0.22568069
35.00000000,1930.00000000,0.22579687
35.00000000,1931.00000000,0.22585961
35.00000000,1932.00000000,0.22596836
35.00000000,1933.00000000,0.22610223
35.00000000,1934.00000000,0.22633180
35.00000000,1935.00000000,0.22648144
35.00000000,1936.00000000,0.22658196
35.00000000,1937.00000000,0.22665909
35.00000000,1938.00000000,0.22693499
35.00000000,1939.00000000,0.22696956
35.00000000,1940.00000000,0.22717696
35.00000000,1941.00000000,0.22740916
35.00000000,1942.00000000,0.22781842
35.00000000,1943.00000000,0.22762128
35.00000000,1944.00000000,0.22779780
35.00000000,1945.00000000,0.22796822
35.00000000,1946.00000000,0.22804815
35.00000000,1947.00000000,0.22827248
35.00000000,1948.00000000,0.22861109
35.00000000,1949.00000000,0.22809353
35.00000000,1950.00000000,0.22801476
35.00000000,1951.00000000,0.22834141
35.00000000,1952.00000000,0.22861563
35.00000000,1953.00000000,0.22848776
35.00000000,1954.00000000,0.22775164
35.00000000,1955.00000000,0.22840542
35.00000000,1956.00000000,0.22766803
35.00000000,1957.00000000,0.22785620
35.00000000,1958.00000000,0.22849073
35.00000000,1959.00000000,0.22840243
35.00000000,1960.00000000,0.22841189
35.00000000,1961.00000000,0.22839492
35.00000000,1962.00000000,0.22876097
35.00000000,1963.00000000,0.22871096
35.00000000,1964.00000000,0.22907584
35.00000000,1965.00000000,0.22850179
35.00000000,1966.00000000,0.22780915
35.00000000,1967.00000000,0.22722072
35.00000000,1968.00000000,0.22738260
35.00000000,1969.00000000,0.22772390
35.00000000,1970.00000000,0.22791827
35.00000000,1971.00000000,0.22837086
35.00000000,1972.00000000,0.22868501
35.00000000,1973.00000000,0.22820117
35.00000000,1974.00000000,0.22834576
35.00000000,1975.00000000,0.22879575
35.00000000,1976.00000000,0.22885576
35.00000000,1977.00000000,0.22877043
35.00000000,1978.00000000,0.22890601
35.00000000,1979.00000000,0.22873311
35.00000000,1980.00000000,0.22739865
35.00000000,1981.00000000,0.22769134
35.00000000,1982.00000000,0.22840098
35.00000000,1983.00000000,0.22870602
35.00000000,1984.00000000,0.22833699
35.00000000,1985.00000000,0.22938315
35.00000000,1986.00000000,0.23004036
35.00000000,1987.00000000,0.23010745
35.00000000,1988.00000000,0.23026643
35.00000000,1989.00000000,0.23031162
35.00000000,1990.00000000,0.23118429
35.00000000,1991.00000000,0.23182498
35.00000000,1992.00000000,0.23223550
35.00000000,1993.00000000,0.23247732
35.00000000,1994.00000000,0.23311187
35.00000000,1995.00000000,0.23365999
35.00000000,1996.00000000,0.23368515
35.00000000,1997.00000000,0.23419037
35.00000000,1998.00000000,0.23492277
35.00000000,1999.00000000,0.23572256
35.00000000,2000.00000000,0.23640291
35.00000000,2001.00000000,0.23720981
35.00000000,2002.00000000,0.23772806
35.00000000,2003.00000000,0.23862806
35.00000000,2004.00000000,0.23971237
35.00000000,2005.00000000,0.24113112
35.00000000,2006.00000000,0.24188824
35.00000000,2007.00000000,0.24270288
35.00000000,2008.00000000,0.24387129
35.00000000,2009.00000000,0.24381303
35.00000000,2010.00000000,0.24354323
35.00000000,2011.00000000,0.24485690
35.00000000,2012.00000000,0.24550904
35.00000000,2013.00000000,0.24577779
35.00000000,2014.00000000,0.24713895
35.00000000,2015.00000000,0.24668863
35.00000000,2016.00000000,0.24564815
35.00000000,2017.00000000,0.24525719
35.00000000,2018.00000000,0.24498748
35.00000000,2019.00000000,0.24576104
35.00000000,2020.00000000,0.24638850
35.00000000,2021.00000000,0.24707256
35.00000000,2022.00000000,0.24762774
35.00000000,2023.00000000,0.24853863
35.00000000,2024.00000000,0.24898751
35.00000000,2025.00000000,0.24906074
35.00000000,2026.00000000,0.24932175
35.00000000,2027.00000000,0.24847877
35.00000000,2028.00000000,0.24828636
35.00000000,2029.00000000,0.24868569
35.00000000,2030.00000000,0.24914740
35.00000000,2031.00000000,0.24965027
35.00000000,2032.00000000,0.24999867
35.00000000,2033.00000000,0.24960756
35.00000000,2034.00000000,0.24927831
35.00000000,2035.00000000,0.24992020
35.00000000,2036.00000000,0.25053211
35.00000000,2037.00000000,0.25057552
35.00000000,2038.00000000,0.25210490
35.00000000,2039.00000000,0.25388557
35.00000000,2040.00000000,0.25520629
35.00000000,2041.00000000,0.25595412
35.00000000,2042.00000000,0.25669865
35.00000000,2043.00000000,0.25743939
35.00000000,2044.00000000,0.25817423
35.00000000,2045.00000000,0.25890309
35.00000000,2046.00000000,0.25999052
35.00000000,2047.00000000,0.26107121
35.00000000,2048.00000000,0.26214537
35.00000000,2049.00000000,0.26321286
35.00000000,2050.00000000,0.26427386
35.00000000,2051.00000000,0.26532864
35.00000000,2052.00000000,0.26637728
35.00000000,2053.00000000,0.26741986
35.00000000,2054.00000000,0.26845681
35.00000000,2055.00000000,0.26948817
35.00000000,2056.00000000,0.27035467
35.00000000,2057.00000000,0.27121635
35.00000000,2058.00000000,0.27207342
35.00000000,2059.00000000,0.27292631
35.00000000,2060.00000000,0.27377504
35.00000000,2061.00000000,0.27462033
35.00000000,2062.00000000,0.27546411
35.00000000,2063.00000000,0.27630868
35.00000000,2064.00000000,0.27715547
35.00000000,2065.00000000,0.27800548
35.00000000,2066.00000000,0.27918700
35.00000000,2067.00000000,0.28037167
35.00000000,2068.00000000,0.28155961
35.00000000,2069.00000000,0.28275055
35.00000000,2070.00000000,0.28394406
35.00000000,2071.00000000,0.28514067
35.00000000,2072.00000000,0.28634115
35.00000000,2073.00000000,0.28754735
35.00000000,2074.00000000,0.28876000
35.00000000,2075.00000000,0.28997928
35.00000000,2076.00000000,0.29144135
35.00000000,2077.00000000,0.29290930
35.00000000,2078.00000000,0.29438248
35.00000000,2079.00000000,0.29586062
35.00000000,2080.00000000,0.29734267
35.00000000,2081.00000000,0.29882856
35.00000000,2082.00000000,0.30031817
35.00000000,2083.00000000,0.30181198
35.00000000,2084.00000000,0.30331006
35.00000000,2085.00000000,0.30481192
35.00000000,2086.00000000,0.30630383
35.00000000,2087.00000000,0.30779850
35.00000000,2088.00000000,0.30929529
35.00000000,2089.00000000,0.31079320
35.00000000,2090.00000000,0.31229172
35.00000000,2091.00000000,0.31379038
35.00000000,2092.00000000,0.31528923
35.00000000,2093.00000000,0.31678894
35.00000000,2094.00000000,0.31828928
35.00000000,2095.00000000,0.31978983
35.00000000,2096.00000000,0.32078461
35.00000000,2097.00000000,0.32177932
35.00000000,2098.00000000,0.32277384
35.00000000,2099.00000000,0.32376738
35.00000000,2100.00000000,0.32475963
35.00000000,2101.00000000,0.32575018
35.00000000,2102.00000000,0.32673954
35.00000000,2103.00000000,0.32772782
35.00000000,2104.00000000,0.32871520
35.00000000,2105.00000000,0.32970136
35.00000000,2106.00000000,0.33023447
35.00000000,2107.00000000,0.33076647
35.00000000,2108.00000000,0.33129684
35.00000000,2109.00000000,0.33182562
35.00000000,2110.00000000,0.33235228
35.00000000,2111.00000000,0.33287659
35.00000000,2112.00000000,0.33339825
35.00000000,2113.00000000,0.33391707
35.00000000,2114.00000000,0.33443256
35.00000000,2115.00000000,0.33494465
35.00000000,2116.00000000,0.33520364
35.00000000,2117.00000000,0.33545900
35.00000000,2118.00000000,0.33571081
35.00000000,2119.00000000,0.33595872
35.00000000,2120.00000000,0.33620287
35.00000000,2121.00000000,0.33644305
35.00000000,2122.00000000,0.33667901
35.00000000,2123.00000000,0.33691084
35.00000000,2124.00000000,0.33713839
35.00000000,2125.00000000,0.33736152
35.00000000,2126.00000000,0.33732612
35.00000000,2127.00000000,0.33728668
35.00000000,2128.00000000,0.33724319
35.00000000,2129.00000000,0.33719575
35.00000000,2130.00000000,0.33714441
35.00000000,2131.00000000,0.33708898
35.00000000,2132.00000000,0.33702981
35.00000000,2133.00000000,0.33696658
35.00000000,2134.00000000,0.33689966
35.00000000,2135.00000000,0.33682882
35.00000000,2136.00000000,0.33656162
35.00000000,2137.00000000,0.33629118
35.00000000,2138.00000000,0.33601739
35.00000000,2139.00000000,0.33574046
35.00000000,2140.00000000,0.33546040
35.00000000,2141.00000000,0.33517740
35.00000000,2142.00000000,0.33489144
35.00000000,2143.00000000,0.33460269
35.00000000,2144.00000000,0.33431115
35.00000000,2145.00000000,0.33401699
35.00000000,2146.00000000,0.33372024
35.00000000,2147.00000000,0.33342087
35.00000000,2148.00000000,0.33311914
35.00000000,2149.00000000,0.33281501
35.00000000,2150.00000000,0.33250847
35.00000000,2151.00000000,0.33220158
35.00000000,2152.00000000,0.33189938
35.00000000,2153.00000000,0.33160655
35.00000000,2154.00000000,0.33132583
35.00000000,2155.00000000,0.33105812
35.00000000,2156.00000000,0.33080364
35.00000000,2157.00000000,0.33056235
35.00000000,2158.00000000,0.33033378
35.00000000,2159.00000000,0.33011750
35.00000000,2160.00000000,0.32991297
35.00000000,2161.00000000,0.32971966
35.00000000,2162.00000000,0.32953691
35.00000000,2163.00000000,0.32936438
35.00000000,2164.00000000,0.32920134
35.00000000,2165.00000000,0.32904753
35.00000000,2166.00000000,0.32890228
35.00000000,2167.00000000,0.32876519
35.00000000,2168.00000000,0.32863590
35.00000000,2169.00000000,0.32851389
35.00000000,2170.00000000,0.32839885
35.00000000,2171.00000000,0.32829040
35.00000000,2172.00000000,0.32818805
35.00000000,2173.00000000,0.32809161
35.00000000,2174.00000000,0.32800069
35.00000000,2175.00000000,0.32791491
35.00000000,2176.00000000,0.32783405
35.00000000,2177.00000000,0.32775781
35.00000000,2178.00000000,0.32768579
35.00000000,2179.00000000,0.32761790
35.00000000,2180.00000000,0.32755366
35.00000000,2181.00000000,0.32749304
35.00000000,2182.00000000,0.32743565
35.00000000,2183.00000000,0.32738118
35.00000000,2184.00000000,0.32732952
35.00000000,2185.00000000,0.32728029
35.00000000,2186.00000000,0.32599001
35.00000000,2187.00000000,0.32470261
35.00000000,2188.00000000,0.32341803
35.00000000,2189.00000000,0.32213634
35.00000000,2190.00000000,0.32085768
35.00000000,2191.00000000,0.31958205
35.00000000,2192.00000000,0.31830939
35.00000000,2193.00000000,0.31703992
35.00000000,2194.00000000,0.31577350
35.00000000,2195.00000000,0.31451032
35.00000000,2196.00000000,0.31325035
35.00000000,2197.00000000,0.31199353
35.00000000,2198.00000000,0.31074005
35.00000000,2199.00000000,0.30948983
35.00000000,2200.00000000,0.30824284
35.00000000,2201.00000000,0.30699924
35.00000000,2202.00000000,0.30575892
35.00000000,2203.00000000,0.30452190
35.00000000,2204.00000000,0.30328824
35.00000000,2205.00000000,0.30205787
35.00000000,2206.00000000,0.30083089
35.00000000,2207.00000000,0.29960727
35.00000000,2208.00000000,0.29838696
35.00000000,2209.00000000,0.29717002
35.00000000,2210.00000000,0.29595641
35.00000000,2211.00000000,0.29474609
35.00000000,2212.00000000,0.29353914
35.00000000,2213.00000000,0.29233550
35.00000000,2214.00000000,0.29113515
35.00000000,2215.00000000,0.28993812
35.00000000,2216.00000000,0.28874438
35.00000000,2217.00000000,0.28755385
35.00000000,2218.00000000,0.28636663
35.00000000,2219.00000000,0.28518257
35.00000000,2220.00000000,0.28400179
35.00000000,2221.00000000,0.28282422
35.00000000,2222.00000000,0.28164977
35.00000000,2223.00000000,0.28047848
35.00000000,2224.00000000,0.27931035
35.00000000,2225.00000000,0.27814528
35.00000000,2226.00000000,0.27698333
35.00000000,2227.00000000,0.27582443
35.00000000,2228.00000000,0.27466855
35.00000000,2229.00000000,0.27351571
35.00000000,2230.00000000,0.27236582
35.00000000,2231.00000000,0.27121895
35.00000000,2232.00000000,0.27007497
35.00000000,2233.00000000,0.26893383
35.00000000,2234.00000000,0.26779563
35.00000000,2235.00000000,0.26666024
35.00000000,2236.00000000,0.26552760
35.00000000,2237.00000000,0.26439775
35.00000000,2238.00000000,0.26327066
35.00000000,2239.00000000,0.26214625
35.00000000,2240.00000000,0.26102453
35.00000000,2241.00000000,0.25990550
35.00000000,2242.00000000,0.25878897
35.00000000,2243.00000000,0.25767504
35.00000000,2244.00000000,0.25656361
35.00000000,2245.00000000,0.25545470
35.00000000,2246.00000000,0.25434824
35.00000000,2247.00000000,0.25324417
35.00000000,2248.00000000,0.25214252
35.00000000,2249.00000000,0.25104294
35.00000000,2250.00000000,0.24994371
35.00000000,2251.00000000,0.24884163
35.00000000,2252.00000000,0.24773379
35.00000000,2253.00000000,0.24661857
35.00000000,2254.00000000,0.24549543
35.00000000,2255.00000000,0.24436423
35.00000000,2256.00000000,0.24322513
35.00000000,2257.00000000,0.24207824
35.00000000,2258.00000000,0.24092377
35.00000000,2259.00000000,0.23976206
35.00000000,2260.00000000,0.23859340
35.00000000,2261.00000000,0.23741818
35.00000000,2262.00000000,0.23623696
35.00000000,2263.00000000,0.23505019
35.00000000,2264.00000000,0.23385823
35.00000000,2265.00000000,0.23266146
35.00000000,2266.00000000,0.23146015
35.00000000,2267.00000000,0.23025464
35.00000000,2268.00000000,0.22904513
35.00000000,2269.00000000,0.22783186
35.00000000,2270.00000000,0.22661513
35.00000000,2271.00000000,0.22539517
35.00000000,2272.00000000,0.22417216
35.00000000,2273.00000000,0.22294636
35.00000000,2274.00000000,0.22171798
35.00000000,2275.00000000,0.22048720
35.00000000,2276.00000000,0.21925427
35.00000000,2277.00000000,0.21801936
35.00000000,2278.00000000,0.21678265
35.00000000,2279.00000000,0.21554436
35.00000000,2280.00000000,0.21430464
35.00000000,2281.00000000,0.21306375
35.00000000,2282.00000000,0.21182178
35.00000000,2283.00000000,0.21057897
35.00000000,2284.00000000,0.20960646
35.00000000,2285.00000000,0.20943147
35.00000000,2286.00000000,0.20947450
35.00000000,2287.00000000,0.20951767
35.00000000,2288.00000000,0.20956087
35.00000000,2289.00000000,0.20960412
35.00000000,2290.00000000,0.20964746
35.00000000,2291.00000000,0.20972505
35.00000000,2292.00000000,0.20980274
35.00000000,2293.00000000,0.20988048
35.00000000,2294.00000000,0.20995825
35.00000000,2295.00000000,0.21003608
35.00000000,2296.00000000,0.21004623
35.00000000,2297.00000000,0.21005636
35.00000000,2298.00000000,0.21006653
35.00000000,2299.00000000,0.21007670
35.00000000,2300.00000000,0.21008682
35.00000000,2301.00000000,0.21009699
35.00000000,2302.00000000,0.21010714
35.00000000,2303.00000000,0.21011722
35.00000000,2304.00000000,0.21012729
35.00000000,2305.00000000,0.21013728
35.00000000,2306.00000000,0.21014728
35.00000000,2307.00000000,0.21015722
35.00000000,2308.00000000,0.21016709
35.00000000,2309.00000000,0.21017697
35.00000000,2310.00000000,0.21018681
35.00000000,2311.00000000,0.21019363
35.00000000,2312.00000000,0.21020045
35.00000000,2313.00000000,0.21020725
35.00000000,2314.00000000,0.21021397
35.00000000,2315.00000000,0.21022070
35.00000000,2316.00000000,0.21022737
35.00000000,2317.00000000,0.21023403
35.00000000,2318.00000000,0.21024068
35.00000000,2319.00000000,0.21024727
35.00000000,2320.00000000,0.21025388
35.00000000,2321.00000000,0.21026047
35.00000000,2322.00000000,0.21026698
35.00000000,2323.00000000,0.21027352
35.00000000,2324.00000000,0.21028004
35.00000000,2325.00000000,0.21028652
35.00000000,2326.00000000,0.21029302
35.00000000,2327.00000000,0.21029946
35.00000000,2328.00000000,0.21030593
35.00000000,2329.00000000,0.21031240
35.00000000,2330.00000000,0.21031880
35.00000000,2331.00000000,0.21032524
35.00000000,2332.00000000,0.21033167
35.00000000,2333.00000000,0.21033806
35.00000000,2334.00000000,0.21034450
35.00000000,2335.00000000,0.21035092
35.00000000,2336.00000000,0.21036383
35.00000000,2337.00000000,0.21037680
35.00000000,2338.00000000,0.21038976
35.00000000,2339.00000000,0.21040269
35.00000000,2340.00000000,0.21041566
35.00000000,2341.00000000,0.21042860
35.00000000,2342.00000000,0.21044157
35.00000000,2343.00000000,0.21045454
35.00000000,2344.00000000,0.21046748
35.00000000,2345.00000000,0.21048046
35.00000000,2346.00000000,0.21049344
35.00000000,2347.00000000,0.21050638
35.00000000,2348.00000000,0.21051937
35.00000000,2349.00000000,0.21053236
35.00000000,2350.00000000,0.21054532
35.00000000,2351.00000000,0.21055834
35.00000000,2352.00000000,0.21057130
35.00000000,2353.00000000,0.21058432
35.00000000,2354.00000000,0.21059737
35.00000000,2355.00000000,0.21061039
35.00000000,2356.00000000,0.21062346
35.00000000,2357.00000000,0.21063657
35.00000000,2358.00000000,0.21064964
35.00000000,2359.00000000,0.21066277
35.00000000,2360.00000000,0.21067591
35.00000000,2361.00000000,0.21068904
35.00000000,2362.00000000,0.21070223
35.00000000,2363.00000000,0.21071542
35.00000000,2364.00000000,0.21072859
35.00000000,2365.00000000,0.21074182
35.00000000,2366.00000000,0.21075502
35.00000000,2367.00000000,0.21076829
35.00000000,2368.00000000,0.21078156
35.00000000,2369.00000000,0.21079481
35.00000000,2370.00000000,0.21080813
35.00000000,2371.00000000,0.21082144
35.00000000,2372.00000000,0.21083473
35.00000000,2373.00000000,0.21084809
35.00000000,2374.00000000,0.21086146
35.00000000,2375.00000000,0.21087479
35.00000000,2376.00000000,0.21088817
35.00000000,2377.00000000,0.21090154
35.00000000,2378.00000000,0.21091496
35.00000000,2379.00000000,0.21092839
35.00000000,2380.00000000,0.21094178
35.00000000,2381.00000000,0.21095524
35.00000000,2382.00000000,0.21096872
35.00000000,2383.00000000,0.21098214
35.00000000,2384.00000000,0.21099564
35.00000000,2385.00000000,0.21100914
35.00000000,2386.00000000,0.21102073
35.00000000,2387.00000000,0.21103238
35.00000000,2388.00000000,0.21104404
35.00000000,2389.00000000,0.21105565
35.00000000,2390.00000000,0.21106733
35.00000000,2391.00000000,0.21107897
35.00000000,2392.00000000,0.21109067
35.00000000,2393.00000000,0.21110238
35.00000000,2394.00000000,0.21111404
35.00000000,2395.00000000,0.21112579
35.00000000,2396.00000000,0.21113752
35.00000000,2397.00000000,0.21114922
35.00000000,2398.00000000,0.21116098
35.00000000,2399.00000000,0.21117276
35.00000000,2400.00000000,0.21118448
35.00000000,2401.00000000,0.21119627
35.00000000,2402.00000000,0.21120804
35.00000000,2403.00000000,0.21121986
35.00000000,2404.00000000,0.21123173
35.00000000,2405.00000000,0.21124355
35.00000000,2406.00000000,0.21125547
35.00000000,2407.00000000,0.21126739
35.00000000,2408.00000000,0.21127929
35.00000000,2409.00000000,0.21129126
35.00000000,2410.00000000,0.21130327
35.00000000,2411.00000000,0.21131525
35.00000000,2412.00000000,0.21132730
35.00000000,2413.00000000,0.21133930
35.00000000,2414.00000000,0.21135140
35.00000000,2415.00000000,0.21136352
35.00000000,2416.00000000,0.21137560
35.00000000,2417.00000000,0.21138776
35.00000000,2418.00000000,0.21139994
35.00000000,2419.00000000,0.21141209
35.00000000,2420.00000000,0.21142431
35.00000000,2421.00000000,0.21143654
35.00000000,2422.00000000,0.21144875
35.00000000,2423.00000000,0.21146102
35.00000000,2424.00000000,0.21147333
35.00000000,2425.00000000,0.21148559
35.00000000,2426.00000000,0.21149791
35.00000000,2427.00000000,0.21151020
35.00000000,2428.00000000,0.21152258
35.00000000,2429.00000000,0.21153497
35.00000000,2430.00000000,0.21154731
35.00000000,2431.00000000,0.21155974
35.00000000,2432.00000000,0.21157218
35.00000000,2433.00000000,0.21158456
35.00000000,2434.00000000,0.21159703
35.00000000,2435.00000000,0.21160951
35.00000000,2436.00000000,0.21161996
35.00000000,2437.00000000,0.21163048
35.00000000,2438.00000000,0.21164096
35.00000000,2439.00000000,0.21165150
35.00000000,2440.00000000,0.21166208
35.00000000,2441.00000000,0.21167257
35.00000000,2442.00000000,0.21168317
35.00000000,2443.00000000,0.21169379
35.00000000,2444.00000000,0.21170434
35.00000000,2445.00000000,0.21171497
35.00000000,2446.00000000,0.21172562
35.00000000,2447.00000000,0.21173622
35.00000000,2448.00000000,0.21174690
35.00000000,2449.00000000,0.21175759
35.00000000,2450.00000000,0.21176823
35.00000000,2451.00000000,0.21177896
35.00000000,2452.00000000,0.21178959
35.00000000,2453.00000000,0.21180034
35.00000000,2454.00000000,0.21181109
35.00000000,2455.00000000,0.21182176
35.00000000,2456.00000000,0.21183251
35.00000000,2457.00000000,0.21184327
35.00000000,2458.00000000,0.21185395
35.00000000,2459.00000000,0.21186472
35.00000000,2460.00000000,0.21187549
35.00000000,2461.00000000,0.21188619
35.00000000,2462.00000000,0.21189697
35.00000000,2463.00000000,0.21190768
35.00000000,2464.00000000,0.21191847
35.00000000,2465.00000000,0.21192928
35.00000000,2466.00000000,0.21194000
35.00000000,2467.00000000,0.21195081
35.00000000,2468.00000000,0.21196165
35.00000000,2469.00000000,0.21197239
35.00000000,2470.00000000,0.21198324
35.00000000,2471.00000000,0.21199408
35.00000000,2472.00000000,0.21200484
35.00000000,2473.00000000,0.21201571
35.00000000,2474.00000000,0.21202649
35.00000000,2475.00000000,0.21203739
35.00000000,2476.00000000,0.21204828
35.00000000,2477.00000000,0.21205908
35.00000000,2478.00000000,0.21207001
35.00000000,2479.00000000,0.21208094
35.00000000,2480.00000000,0.21209178
35.00000000,2481.00000000,0.21210272
35.00000000,2482.00000000,0.21211368
35.00000000,2483.00000000,0.21212456
35.00000000,2484.00000000,0.21213555
35.00000000,2485.00000000,0.21214654
35.00000000,2486.00000000,0.21215877
35.00000000,2487.00000000,0.21217110
35.00000000,2488.00000000,0.21218334
35.00000000,2489.00000000,0.21219572
35.00000000,2490.00000000,0.21220809
35.00000000,2491.00000000,0.21222039
35.00000000,2492.00000000,0.21223281
35.00000000,2493.00000000,0.21224523
35.00000000,2494.00000000,0.21225757
35.00000000,2495.00000000,0.21227004
35.00000000,2496.00000000,0.21228252
35.00000000,2497.00000000,0.21229490
35.00000000,2498.00000000,0.21230743
35.00000000,2499.00000000,0.21231985
35.00000000,2500.00000000,0.21233241
36.00000000,1765.00000000,0.21617055
36.00000000,1766.00000000,0.21617064
36.00000000,1767.00000000,0.21617056
36.00000000,1768.00000000,0.21617060
36.00000000,1769.00000000,0.21617058
36.00000000,1770.00000000,0.21617056
36.00000000,1771.00000000,0.21617065
36.00000000,1772.00000000,0.21617084
36.00000000,1773.00000000,0.21617072
36.00000000,1774.00000000,0.21617086
36.00000000,1775.00000000,0.21617101
36.00000000,1776.00000000,0.21617105
36.00000000,1777.00000000,0.21617117
36.00000000,1778.00000000,0.21617123
36.00000000,1779.00000000,0.21617146
36.00000000,1780.00000000,0.21617163
36.00000000,1781.00000000,0.21617180
36.00000000,1782.00000000,0.21617200
36.00000000,1783.00000000,0.21617224
36.00000000,1784.00000000,0.21617253
36.00000000,1785.00000000,0.21617283
36.00000000,1786.00000000,0.21617316
36.00000000,1787.00000000,0.21617352
36.00000000,1788.00000000,0.21617407
36.00000000,1789.00000000,0.21617456
36.00000000,1790.00000000,0.21617516
36.00000000,1791.00000000,0.21617576
36.00000000,1792.00000000,0.21617644
36.00000000,1793.00000000,0.21617723
36.00000000,1794.00000000,0.21617804
36.00000000,1795.00000000,0.21617896
36.00000000,1796.00000000,0.21617997
36.00000000,1797.00000000,0.21618108
36.00000000,1798.00000000,0.21618227
36.00000000,1799.00000000,0.21618357
36.00000000,1800.00000000,0.21618497
36.00000000,1801.00000000,0.21618642
36.00000000,1802.00000000,0.21620381
36.00000000,1803.00000000,0.21620549
36.00000000,1804.00000000,0.21620723
36.00000000,1805.00000000,0.21620907
36.00000000,1806.00000000,0.21621107
36.00000000,1807.00000000,0.21621837
36.00000000,1808.00000000,0.21622051
36.00000000,1809.00000000,0.21622279
36.00000000,1810.00000000,0.21622509
36.00000000,1811.00000000,0.21622756
36.00000000,1812.00000000,0.21623007
36.00000000,1813.00000000,0.21623268
36.00000000,1814.00000000,0.21623535
36.00000000,1815.00000000,0.21623812
36.00000000,1816.00000000,0.21624094
36.00000000,1817.00000000,0.21624912
36.00000000,1818.00000000,0.21625206
36.00000000,1819.00000000,0.21625503
36.00000000,1820.00000000,0.21625810
36.00000000,1821.00000000,0.21626115
36.00000000,1822.00000000,0.21626434
36.00000000,1823.00000000,0.21626755
36.00000000,1824.00000000,0.21627077
36.00000000,1825.00000000,0.21627410
36.00000000,1826.00000000,0.21627740
36.00000000,1827.00000000,0.21628612
36.00000000,1828.00000000,0.21628953
36.00000000,1829.00000000,0.21629299
36.00000000,1830.00000000,0.21629647
36.00000000,1831.00000000,0.21629989
36.00000000,1832.00000000,0.21630339
36.00000000,1833.00000000,0.21631214
36.00000000,1834.00000000,0.21631564
36.00000000,1835.00000000,0.21631909
36.00000000,1836.00000000,0.21632792
36.00000000,1837.00000000,0.21633137
36.00000000,1838.00000000,0.21634542
36.00000000,1839.00000000,0.21634363
36.00000000,1840.00000000,0.21634709
36.00000000,1841.00000000,0.21635058
36.00000000,1842.00000000,0.21635932
36.00000000,1843.00000000,0.21636274
36.00000000,1844.00000000,0.21636614
36.00000000,1845.00000000,0.21636951
36.00000000,1846.00000000,0.21637286
36.00000000,1847.00000000,0.21638145
36.00000000,1848.00000000,0.21638475
36.00000000,1849.00000000,0.21638793
36.00000000,1850.00000000,0.21639115
36.00000000,1851.00000000,0.21639948
36.00000000,1852.00000000,0.21640791
36.00000000,1853.00000000,0.21641653
36.00000000,1854.00000000,0.21641979
36.00000000,1855.00000000,0.21642285
36.00000000,1856.00000000,0.21642561
36.00000000,1857.00000000,0.21642819
36.00000000,1858.00000000,0.21643594
36.00000000,1859.00000000,0.21644368
36.00000000,1860.00000000,0.21644595
36.00000000,1861.00000000,0.21645343
36.00000000,1862.00000000,0.21645549
36.00000000,1863.00000000,0.21646217
36.00000000,1864.00000000,0.21646340
36.00000000,1865.00000000,0.21646444
36.00000000,1866.00000000,0.21649727
36.00000000,1867.00000000,0.21649272
36.00000000,1868.00000000,0.21649348
36.00000000,1869.00000000,0.21649931
36.00000000,1870.00000000,0.21649969
36.00000000,1871.00000000,0.21650530
36.00000000,1872.00000000,0.21652689
36.00000000,1873.00000000,0.21652768
36.00000000,1874.00000000,0.21653347
36.00000000,1875.00000000,0.21653902
36.00000000,1876.00000000,0.21654966
36.00000000,1877.00000000,0.21655479
36.00000000,1878.00000000,0.21656516
36.00000000,1879.00000000,0.21657008
36.00000000,1880.00000000,0.21658025
36.00000000,1881.00000000,0.21660069
36.00000000,1882.00000000,0.21659947
36.00000000,1883.00000000,0.21661342
36.00000000,1884.00000000,0.21661625
36.00000000,1885.00000000,0.21662930
36.00000000,1886.00000000,0.21664762
36.00000000,1887.00000000,0.21664462
36.00000000,1888.00000000,0.21665751
36.00000000,1889.00000000,0.21666473
36.00000000,1890.00000000,0.21671389
36.00000000,1891.00000000,0.21672023
36.00000000,1892.00000000,0.21674189
36.00000000,1893.00000000,0.21674204
36.00000000,1894.00000000,0.21674216
36.00000000,1895.00000000,0.21676368
36.00000000,1896.00000000,0.21680091
36.00000000,1897.00000000,0.21681670
36.00000000,1898.00000000,0.21682153
36.00000000,1899.00000000,0.21685222
36.00000000,1900.00000000,0.21688759
36.00000000,1901.00000000,0.21691668
36.00000000,1902.00000000,0.21692419
36.00000000,1903.00000000,0.21695869
36.00000000,1904.00000000,0.21697572
36.00000000,1905.00000000,0.21700270
36.00000000,1906.00000000,0.21701838
36.00000000,1907.00000000,0.21705444
36.00000000,1908.00000000,0.21713152
36.00000000,1909.00000000,0.21717568
36.00000000,1910.00000000,0.21710759
36.00000000,1911.00000000,0.21716616
36.00000000,1912.00000000,0.21716524
36.00000000,1913.00000000,0.21716330
36.00000000,1914.00000000,0.21715225
36.00000000,1915.00000000,0.21720792
36.00000000,1916.00000000,0.21732875
36.00000000,1917.00000000,0.21734978
36.00000000,1918.00000000,0.21740318
36.00000000,1919.00000000,0.21747323
36.00000000,1920.00000000,0.21747645
36.00000000,1921.00000000,0.21747648
36.00000000,1922.00000000,0.21748974
36.00000000,1923.00000000,0.21755815
36.00000000,1924.00000000,0.21772264
36.00000000,1925.00000000,0.21771715
36.00000000,1926.00000000,0.21786543
36.00000000,1927.00000000,0.21794495
36.00000000,1928.00000000,0.21794989
36.00000000,1929.00000000,0.21792239
36.00000000,1930.00000000,0.21798462
36.00000000,1931.00000000,0.21810085
36.00000000,1932.00000000,0.21816660
36.00000000,1933.00000000,0.21827798
36.00000000,1934.00000000,0.21841374
36.00000000,1935.00000000,0.21864127
36.00000000,1936.00000000,0.21878920
36.00000000,1937.00000000,0.21888779
36.00000000,1938.00000000,0.21896282
36.00000000,1939.00000000,0.21923244
36.00000000,1940.00000000,0.21926731
36.00000000,1941.00000000,0.21946982
36.00000000,1942.00000000,0.21969632
36.00000000,1943.00000000,0.22009601
36.00000000,1944.00000000,0.21990504
36.00000000,1945.00000000,0.22007939
36.00000000,1946.00000000,0.22025056
36.00000000,1947.00000000,0.22033433
36.00000000,1948.00000000,0.22055615
36.00000000,1949.00000000,0.22088751
36.00000000,1950.00000000,0.22038420
36.00000000,1951.00000000,0.22030775
36.00000000,1952.00000000,0.22062600
36.00000000,1953.00000000,0.22089229
36.00000000,1954.00000000,0.22076722
36.00000000,1955.00000000,0.22005053
36.00000000,1956.00000000,0.22068795
36.00000000,1957.00000000,0.21996864
36.00000000,1958.00000000,0.22015136
36.00000000,1959.00000000,0.22076978
36.00000000,1960.00000000,0.22068292
36.00000000,1961.00000000,0.22069233
36.00000000,1962.00000000,0.22067767
36.00000000,1963.00000000,0.22103658
36.00000000,1964.00000000,0.22098951
36.00000000,1965.00000000,0.22134601
36.00000000,1966.00000000,0.22078712
36.00000000,1967.00000000,0.22011258
36.00000000,1968.00000000,0.21953955
36.00000000,1969.00000000,0.21969717
36.00000000,1970.00000000,0.22002919
36.00000000,1971.00000000,0.22021642
36.00000000,1972.00000000,0.22065476
36.00000000,1973.00000000,0.22095953
36.00000000,1974.00000000,0.22048772
36.00000000,1975.00000000,0.22063073
36.00000000,1976.00000000,0.22107454
36.00000000,1977.00000000,0.22113887
36.00000000,1978.00000000,0.22106049
36.00000000,1979.00000000,0.22119744
36.00000000,1980.00000000,0.22103349
36.00000000,1981.00000000,0.21973985
36.00000000,1982.00000000,0.22003715
36.00000000,1983.00000000,0.22074499
36.00000000,1984.00000000,0.22105845
36.00000000,1985.00000000,0.22071282
36.00000000,1986.00000000,0.22174356
36.00000000,1987.00000000,0.22239319
36.00000000,1988.00000000,0.22246620
36.00000000,1989.00000000,0.22262784
36.00000000,1990.00000000,0.22267824
36.00000000,1991.00000000,0.22353649
36.00000000,1992.00000000,0.22417081
36.00000000,1993.00000000,0.22458283
36.00000000,1994.00000000,0.22483282
36.00000000,1995.00000000,0.22546535
36.00000000,1996.00000000,0.22601188
36.00000000,1997.00000000,0.22604715
36.00000000,1998.00000000,0.22655004
36.00000000,1999.00000000,0.22727606
36.00000000,2000.00000000,0.22806908
36.00000000,2001.00000000,0.22874480
36.00000000,2002.00000000,0.22954246
36.00000000,2003.00000000,0.23005835
36.00000000,2004.00000000,0.23094261
36.00000000,2005.00000000,0.23200195
36.00000000,2006.00000000,0.23338442
36.00000000,2007.00000000,0.23412237
36.00000000,2008.00000000,0.23491795
36.00000000,2009.00000000,0.23605978
36.00000000,2010.00000000,0.23600723
36.00000000,2011.00000000,0.23574934
36.00000000,2012.00000000,0.23703475
36.00000000,2013.00000000,0.23767496
36.00000000,2014.00000000,0.23794129
36.00000000,2015.00000000,0.23927211
36.00000000,2016.00000000,0.23883801
36.00000000,2017.00000000,0.23782911
36.00000000,2018.00000000,0.23745365
36.00000000,2019.00000000,0.23719686
36.00000000,2020.00000000,0.23795719
36.00000000,2021.00000000,0.23857579
36.00000000,2022.00000000,0.23925066
36.00000000,2023.00000000,0.23980100
36.00000000,2024.00000000,0.24069890
36.00000000,2025.00000000,0.24114742
36.00000000,2026.00000000,0.24123059
36.00000000,2027.00000000,0.24149724
36.00000000,2028.00000000,0.24068872
36.00000000,2029.00000000,0.24051443
36.00000000,2030.00000000,0.24091708
36.00000000,2031.00000000,0.24138060
36.00000000,2032.00000000,0.24188371
36.00000000,2033.00000000,0.24223546
36.00000000,2034.00000000,0.24186607
36.00000000,2035.00000000,0.24155675
36.00000000,2036.00000000,0.24219366
36.00000000,2037.00000000,0.24280152
36.00000000,2038.00000000,0.24285576
36.00000000,2039.00000000,0.24435824
36.00000000,2040.00000000,0.24610602
36.00000000,2041.00000000,0.24740590
36.00000000,2042.00000000,0.24814734
36.00000000,2043.00000000,0.24888515
36.00000000,2044.00000000,0.24961915
36.00000000,2045.00000000,0.25034750
36.00000000,2046.00000000,0.25107029
36.00000000,2047.00000000,0.25214282
36.00000000,2048.00000000,0.25320926
36.00000000,2049.00000000,0.25426984
36.00000000,2050.00000000,0.25532446
36.00000000,2051.00000000,0.25637335
36.00000000,2052.00000000,0.25741668
36.00000000,2053.00000000,0.25845465
36.00000000,2054.00000000,0.25948729
36.00000000,2055.00000000,0.26051497
36.00000000,2056.00000000,0.26153773
36.00000000,2057.00000000,0.26240031
36.00000000,2058.00000000,0.26325870
36.00000000,2059.00000000,0.26411306
36.00000000,2060.00000000,0.26496365
36.00000000,2061.00000000,0.26581110
36.00000000,2062.00000000,0.26665721
36.00000000,2063.00000000,0.26750416
36.00000000,2064.00000000,0.26835357
36.00000000,2065.00000000,0.26920603
36.00000000,2066.00000000,0.27006247
36.00000000,2067.00000000,0.27124242
36.00000000,2068.00000000,0.27242570
36.00000000,2069.00000000,0.27361229
36.00000000,2070.00000000,0.27480181
36.00000000,2071.00000000,0.27599438
36.00000000,2072.00000000,0.27719140
36.00000000,2073.00000000,0.27839392
36.00000000,2074.00000000,0.27960316
36.00000000,2075.00000000,0.28081910
36.00000000,2076.00000000,0.28204190
36.00000000,2077.00000000,0.28350138
36.00000000,2078.00000000,0.28496657
36.00000000,2079.00000000,0.28643670
36.00000000,2080.00000000,0.28791138
36.00000000,2081.00000000,0.28939003
36.00000000,2082.00000000,0.29087281
36.00000000,2083.00000000,0.29236014
36.00000000,2084.00000000,0.29385197
36.00000000,2085.00000000,0.29534792
36.00000000,2086.00000000,0.29684761
36.00000000,2087.00000000,0.29833739
36.00000000,2088.00000000,0.29982964
36.00000000,2089.00000000,0.30132365
36.00000000,2090.00000000,0.30281854
36.00000000,2091.00000000,0.30431413
36.00000000,2092.00000000,0.30581039
36.00000000,2093.00000000,0.30730783
36.00000000,2094.00000000,0.30880635
36.00000000,2095.00000000,0.31030572
36.00000000,2096.00000000,0.31180523
36.00000000,2097.00000000,0.31281055
36.00000000,2098.00000000,0.31381555
36.00000000,2099.00000000,0.31481999
36.00000000,2100.00000000,0.31582327
36.00000000,2101.00000000,0.31682503
36.00000000,2102.00000000,0.31782581
36.00000000,2103.00000000,0.31882577
36.00000000,2104.00000000,0.31982498
36.00000000,2105.00000000,0.32082318
36.00000000,2106.00000000,0.32182007
36.00000000,2107.00000000,0.32237387
36.00000000,2108.00000000,0.32292623
36.00000000,2109.00000000,0.32347667
36.00000000,2110.00000000,0.32402515
36.00000000,2111.00000000,0.32457133
36.00000000,2112.00000000,0.32511472
36.00000000,2113.00000000,0.32565532
36.00000000,2114.00000000,0.32619276
36.00000000,2115.00000000,0.32672664
36.00000000,2116.00000000,0.32725692
36.00000000,2117.00000000,0.32753925
36.00000000,2118.00000000,0.32781778
36.00000000,2119.00000000,0.32809256
36.00000000,2120.00000000,0.32836325
36.00000000,2121.00000000,0.32862997
36.00000000,2122.00000000,0.32889255
36.00000000,2123.00000000,0.32915079
36.00000000,2124.00000000,0.32940471
36.00000000,2125.00000000,0.32965431
36.00000000,2126.00000000,0.32989924
36.00000000,2127.00000000,0.32989097
36.00000000,2128.00000000,0.32987848
36.00000000,2129.00000000,0.32986174
36.00000000,2130.00000000,0.32984095
36.00000000,2131.00000000,0.32981602
36.00000000,2132.00000000,0.32978700
36.00000000,2133.00000000,0.32975398
36.00000000,2134.00000000,0.32971685
36.00000000,2135.00000000,0.32967588
36.00000000,2136.00000000,0.32963088
36.00000000,2137.00000000,0.32939336
36.00000000,2138.00000000,0.32915241
36.00000000,2139.00000000,0.32890808
36.00000000,2140.00000000,0.32866030
36.00000000,2141.00000000,0.32840941
36.00000000,2142.00000000,0.32815536
36.00000000,2143.00000000,0.32789818
36.00000000,2144.00000000,0.32763809
36.00000000,2145.00000000,0.32737505
36.00000000,2146.00000000,0.32710927
36.00000000,2147.00000000,0.32684075
36.00000000,2148.00000000,0.32656947
36.00000000,2149.00000000,0.32629567
36.00000000,2150.00000000,0.32601930
36.00000000,2151.00000000,0.32574225
36.00000000,2152.00000000,0.32546950
36.00000000,2153.00000000,0.32520593
36.00000000,2154.00000000,0.32495374
36.00000000,2155.00000000,0.32471420
36.00000000,2156.00000000,0.32448745
36.00000000,2157.00000000,0.32427332
36.00000000,2158.00000000,0.32407151
36.00000000,2159.00000000,0.32388152
36.00000000,2160.00000000,0.32370282
36.00000000,2161.00000000,0.32353500
36.00000000,2162.00000000,0.32337730
36.00000000,2163.00000000,0.32322942
36.00000000,2164.00000000,0.32309078
36.00000000,2165.00000000,0.32296082
36.00000000,2166.00000000,0.32283925
36.00000000,2167.00000000,0.32272551
36.00000000,2168.00000000,0.32261915
36.00000000,2169.00000000,0.32251992
36.00000000,2170.00000000,0.32242727
36.00000000,2171.00000000,0.32234098
36.00000000,2172.00000000,0.32226064
36.00000000,2173.00000000,0.32218581
36.00000000,2174.00000000,0.32211633
36.00000000,2175.00000000,0.32205183
36.00000000,2176.00000000,0.32199195
36.00000000,2177.00000000,0.32193650
36.00000000,2178.00000000,0.32188519
36.00000000,2179.00000000,0.32183766
36.00000000,2180.00000000,0.32179380
36.00000000,2181.00000000,0.32175321
36.00000000,2182.00000000,0.32171580
36.00000000,2183.00000000,0.32168127
36.00000000,2184.00000000,0.32164929
36.00000000,2185.00000000,0.32161975
36.00000000,2186.00000000,0.32159230
36.00000000,2187.00000000,0.32034446
36.00000000,2188.00000000,0.31909901
36.00000000,2189.00000000,0.31785592
36.00000000,2190.00000000,0.31661526
36.00000000,2191.00000000,0.31537716
36.00000000,2192.00000000,0.31414164
36.00000000,2193.00000000,0.31290865
36.00000000,2194.00000000,0.31167839
36.00000000,2195.00000000,0.31045077
36.00000000,2196.00000000,0.30922595
36.00000000,2197.00000000,0.30800393
36.00000000,2198.00000000,0.30678464
36.00000000,2199.00000000,0.30556828
36.00000000,2200.00000000,0.30435478
36.00000000,2201.00000000,0.30314410
36.00000000,2202.00000000,0.30193642
36.00000000,2203.00000000,0.30073163
36.00000000,2204.00000000,0.29952978
36.00000000,2205.00000000,0.29833092
36.00000000,2206.00000000,0.29713496
36.00000000,2207.00000000,0.29594203
36.00000000,2208.00000000,0.29475211
36.00000000,2209.00000000,0.29356513
36.00000000,2210.00000000,0.29238117
36.00000000,2211.00000000,0.29120018
36.00000000,2212.00000000,0.29002217
36.00000000,2213.00000000,0.28884720
36.00000000,2214.00000000,0.28767520
36.00000000,2215.00000000,0.28650616
36.00000000,2216.00000000,0.28534011
36.00000000,2217.00000000,0.28417703
36.00000000,2218.00000000,0.28301684
36.00000000,2219.00000000,0.28185965
36.00000000,2220.00000000,0.28070533
36.00000000,2221.00000000,0.27955400
36.00000000,2222.00000000,0.27840552
36.00000000,2223.00000000,0.27725991
36.00000000,2224.00000000,0.27611717
36.00000000,2225.00000000,0.27497732
36.00000000,2226.00000000,0.27384023
36.00000000,2227.00000000,0.27270598
36.00000000,2228.00000000,0.27157454
36.00000000,2229.00000000,0.27044583
36.00000000,2230.00000000,0.26931989
36.00000000,2231.00000000,0.26819663
36.00000000,2232.00000000,0.26707614
36.00000000,2233.00000000,0.26595826
36.00000000,2234.00000000,0.26484298
36.00000000,2235.00000000,0.26373034
36.00000000,2236.00000000,0.26262031
36.00000000,2237.00000000,0.26151279
36.00000000,2238.00000000,0.26040784
36.00000000,2239.00000000,0.25930544
36.00000000,2240.00000000,0.25820542
36.00000000,2241.00000000,0.25710787
36.00000000,2242.00000000,0.25601273
36.00000000,2243.00000000,0.25491993
36.00000000,2244.00000000,0.25382948
36.00000000,2245.00000000,0.25274132
36.00000000,2246.00000000,0.25165547
36.00000000,2247.00000000,0.25057191
36.00000000,2248.00000000,0.24949047
36.00000000,2249.00000000,0.24841095
36.00000000,2250.00000000,0.24733163
36.00000000,2251.00000000,0.24624940
36.00000000,2252.00000000,0.24516130
36.00000000,2253.00000000,0.24406582
36.00000000,2254.00000000,0.24296229
36.00000000,2255.00000000,0.24185071
36.00000000,2256.00000000,0.24073112
36.00000000,2257.00000000,0.23960372
36.00000000,2258.00000000,0.23846873
36.00000000,2259.00000000,0.23732638
36.00000000,2260.00000000,0.23617710
36.00000000,2261.00000000,0.23502119
36.00000000,2262.00000000,0.23385917
36.00000000,2263.00000000,0.23269155
36.00000000,2264.00000000,0.23151874
36.00000000,2265.00000000,0.23034098
36.00000000,2266.00000000,0.22915865
36.00000000,2267.00000000,0.22797197
36.00000000,2268.00000000,0.22678126
36.00000000,2269.00000000,0.22558676
36.00000000,2270.00000000,0.22438865
36.00000000,2271.00000000,0.22318723
36.00000000,2272.00000000,0.22198271
36.00000000,2273.00000000,0.22077528
36.00000000,2274.00000000,0.21956522
36.00000000,2275.00000000,0.21835267
36.00000000,2276.00000000,0.21713782
36.00000000,2277.00000000,0.21592094
36.00000000,2278.00000000,0.21470218
36.00000000,2279.00000000,0.21348171
36.00000000,2280.00000000,0.21225974
36.00000000,2281.00000000,0.21103641
36.00000000,2282.00000000,0.20981197
36.00000000,2283.00000000,0.20858652
36.00000000,2284.00000000,0.20736027
36.00000000,2285.00000000,0.20640037
36.00000000,2286.00000000,0.20622623
36.00000000,2287.00000000,0.20626692
36.00000000,2288.00000000,0.20630776
36.00000000,2289.00000000,0.20634865
36.00000000,2290.00000000,0.20638961
36.00000000,2291.00000000,0.20643070
36.00000000,2292.00000000,0.20650553
36.00000000,2293.00000000,0.20658046
36.00000000,2294.00000000,0.20665549
36.00000000,2295.00000000,0.20673054
36.00000000,2296.00000000,0.20680567
36.00000000,2297.00000000,0.20681416
36.00000000,2298.00000000,0.20682264
36.00000000,2299.00000000,0.20683115
36.00000000,2300.00000000,0.20683970
36.00000000,2301.00000000,0.20684822
36.00000000,2302.00000000,0.20685676
36.00000000,2303.00000000,0.20686529
36.00000000,2304.00000000,0.20687377
36.00000000,2305.00000000,0.20688227
36.00000000,2306.00000000,0.20689068
36.00000000,2307.00000000,0.20689910
36.00000000,2308.00000000,0.20690750
36.00000000,2309.00000000,0.20691584
36.00000000,2310.00000000,0.20692418
36.00000000,2311.00000000,0.20693251
36.00000000,2312.00000000,0.20693788
36.00000000,2313.00000000,0.20694329
36.00000000,2314.00000000,0.20694866
36.00000000,2315.00000000,0.20695395
36.00000000,2316.00000000,0.20695928
36.00000000,2317.00000000,0.20696456
36.00000000,2318.00000000,0.20696986
36.00000000,2319.00000000,0.20697515
36.00000000,2320.00000000,0.20698039
36.00000000,2321.00000000,0.20698563
36.00000000,2322.00000000,0.20699089
36.00000000,2323.00000000,0.20699608
36.00000000,2324.00000000,0.20700132
36.00000000,2325.00000000,0.20700654
36.00000000,2326.00000000,0.20701172
36.00000000,2327.00000000,0.20701693
36.00000000,2328.00000000,0.20702210
36.00000000,2329.00000000,0.20702729
36.00000000,2330.00000000,0.20703248
36.00000000,2331.00000000,0.20703764
36.00000000,2332.00000000,0.20704284
36.00000000,2333.00000000,0.20704803
36.00000000,2334.00000000,0.20705319
36.00000000,2335.00000000,0.20705840
36.00000000,2336.00000000,0.20706361
36.00000000,2337.00000000,0.20707521
36.00000000,2338.00000000,0.20708688
36.00000000,2339.00000000,0.20709854
36.00000000,2340.00000000,0.20711018
36.00000000,2341.00000000,0.20712186
36.00000000,2342.00000000,0.20713352
36.00000000,2343.00000000,0.20714521
36.00000000,2344.00000000,0.20715692
36.00000000,2345.00000000,0.20716859
36.00000000,2346.00000000,0.20718031
36.00000000,2347.00000000,0.20719205
36.00000000,2348.00000000,0.20720374
36.00000000,2349.00000000,0.20721550
36.00000000,2350.00000000,0.20722724
36.00000000,2351.00000000,0.20723896
36.00000000,2352.00000000,0.20725074
36.00000000,2353.00000000,0.20726249
36.00000000,2354.00000000,0.20727429
36.00000000,2355.00000000,0.20728615
36.00000000,2356.00000000,0.20729796
36.00000000,2357.00000000,0.20730983
36.00000000,2358.00000000,0.20732173
36.00000000,2359.00000000,0.20733360
36.00000000,2360.00000000,0.20734555
36.00000000,2361.00000000,0.20735751
36.00000000,2362.00000000,0.20736945
36.00000000,2363.00000000,0.20738144
36.00000000,2364.00000000,0.20739346
36.00000000,2365.00000000,0.20740545
36.00000000,2366.00000000,0.20741750
36.00000000,2367.00000000,0.20742952
36.00000000,2368.00000000,0.20744163
36.00000000,2369.00000000,0.20745372
36.00000000,2370.00000000,0.20746580
36.00000000,2371.00000000,0.20747795
36.00000000,2372.00000000,0.20749011
36.00000000,2373.00000000,0.20750224
36.00000000,2374.00000000,0.20751441
36.00000000,2375.00000000,0.20752662
36.00000000,2376.00000000,0.20753879
36.00000000,2377.00000000,0.20755103
36.00000000,2378.00000000,0.20756323
36.00000000,2379.00000000,0.20757550
36.00000000,2380.00000000,0.20758776
36.00000000,2381.00000000,0.20760001
36.00000000,2382.00000000,0.20761231
36.00000000,2383.00000000,0.20762463
36.00000000,2384.00000000,0.20763690
36.00000000,2385.00000000,0.20764925
36.00000000,2386.00000000,0.20766160
36.00000000,2387.00000000,0.20767207
36.00000000,2388.00000000,0.20768260
36.00000000,2389.00000000,0.20769314
36.00000000,2390.00000000,0.20770366
36.00000000,2391.00000000,0.20771422
36.00000000,2392.00000000,0.20772474
36.00000000,2393.00000000,0.20773532
36.00000000,2394.00000000,0.20774591
36.00000000,2395.00000000,0.20775648
36.00000000,2396.00000000,0.20776710
36.00000000,2397.00000000,0.20777772
36.00000000,2398.00000000,0.20778830
36.00000000,2399.00000000,0.20779896
36.00000000,2400.00000000,0.20780962
36.00000000,2401.00000000,0.20782023
36.00000000,2402.00000000,0.20783093
36.00000000,2403.00000000,0.20784158
36.00000000,2404.00000000,0.20785232
36.00000000,2405.00000000,0.20786307
36.00000000,2406.00000000,0.20787381
36.00000000,2407.00000000,0.20788461
36.00000000,2408.00000000,0.20789545
36.00000000,2409.00000000,0.20790625
36.00000000,2410.00000000,0.20791712
36.00000000,2411.00000000,0.20792803
36.00000000,2412.00000000,0.20793890
36.00000000,2413.00000000,0.20794985
36.00000000,2414.00000000,0.20796075
36.00000000,2415.00000000,0.20797175
36.00000000,2416.00000000,0.20798276
36.00000000,2417.00000000,0.20799374
36.00000000,2418.00000000,0.20800479
36.00000000,2419.00000000,0.20801586
36.00000000,2420.00000000,0.20802690
36.00000000,2421.00000000,0.20803802
36.00000000,2422.00000000,0.20804915
36.00000000,2423.00000000,0.20806024
36.00000000,2424.00000000,0.20807141
36.00000000,2425.00000000,0.20808260
36.00000000,2426.00000000,0.20809374
36.00000000,2427.00000000,0.20810496
36.00000000,2428.00000000,0.20811614
36.00000000,2429.00000000,0.20812739
36.00000000,2430.00000000,0.20813867
36.00000000,2431.00000000,0.20814988
36.00000000,2432.00000000,0.20816119
36.00000000,2433.00000000,0.20817251
36.00000000,2434.00000000,0.20818379
36.00000000,2435.00000000,0.20819514
36.00000000,2436.00000000,0.20820650
36.00000000,2437.00000000,0.20821585
36.00000000,2438.00000000,0.20822528
36.00000000,2439.00000000,0.20823465
36.00000000,2440.00000000,0.20824412
36.00000000,2441.00000000,0.20825358
36.00000000,2442.00000000,0.20826299
36.00000000,2443.00000000,0.20827249
36.00000000,2444.00000000,0.20828200
36.00000000,2445.00000000,0.20829145
36.00000000,2446.00000000,0.20830099
36.00000000,2447.00000000,0.20831055
36.00000000,2448.00000000,0.20832003
36.00000000,2449.00000000,0.20832960
36.00000000,2450.00000000,0.20833919
36.00000000,2451.00000000,0.20834872
36.00000000,2452.00000000,0.20835833
36.00000000,2453.00000000,0.20836786
36.00000000,2454.00000000,0.20837749
36.00000000,2455.00000000,0.20838711
36.00000000,2456.00000000,0.20839665
36.00000000,2457.00000000,0.20840629
36.00000000,2458.00000000,0.20841591
36.00000000,2459.00000000,0.20842547
36.00000000,2460.00000000,0.20843511
36.00000000,2461.00000000,0.20844476
36.00000000,2462.00000000,0.20845432
36.00000000,2463.00000000,0.20846399
36.00000000,2464.00000000,0.20847356
36.00000000,2465.00000000,0.20848322
36.00000000,2466.00000000,0.20849291
36.00000000,2467.00000000,0.20850249
36.00000000,2468.00000000,0.20851217
36.00000000,2469.00000000,0.20852187
36.00000000,2470.00000000,0.20853148
36.00000000,2471.00000000,0.20854118
36.00000000,2472.00000000,0.20855090
36.00000000,2473.00000000,0.20856052
36.00000000,2474.00000000,0.20857024
36.00000000,2475.00000000,0.20857989
36.00000000,2476.00000000,0.20858963
36.00000000,2477.00000000,0.20859939
36.00000000,2478.00000000,0.20860906
36.00000000,2479.00000000,0.20861882
36.00000000,2480.00000000,0.20862860
36.00000000,2481.00000000,0.20863830
36.00000000,2482.00000000,0.20864810
36.00000000,2483.00000000,0.20865791
36.00000000,2484.00000000,0.20866764
36.00000000,2485.00000000,0.20867748
36.00000000,2486.00000000,0.20868731
36.00000000,2487.00000000,0.20869837
36.00000000,2488.00000000,0.20870952
36.00000000,2489.00000000,0.20872060
36.00000000,2490.00000000,0.20873179
36.00000000,2491.00000000,0.20874300
36.00000000,2492.00000000,0.20875410
36.00000000,2493.00000000,0.20876533
36.00000000,2494.00000000,0.20877657
36.00000000,2495.00000000,0.20878774
36.00000000,2496.00000000,0.20879902
36.00000000,2497.00000000,0.20881030
36.00000000,2498.00000000,0.20882151
36.00000000,2499.00000000,0.20883284
36.00000000,2500.00000000,0.20884409
37.00000000,1765.00000000,0.20888468
37.00000000,1766.00000000,0.20888458
37.00000000,1767.00000000,0.20888467
37.00000000,1768.00000000,0.20888463
37.00000000,1769.00000000,0.20888470
37.00000000,1770.00000000,0.20888474
37.00000000,1771.00000000,0.20888479
37.00000000,1772.00000000,0.20888494
37.00000000,1773.00000000,0.20888520
37.00000000,1774.00000000,0.20888518
37.00000000,1775.00000000,0.20888544
37.00000000,1776.00000000,0.20888572
37.00000000,1777.00000000,0.20888590
37.00000000,1778.00000000,0.20888620
37.00000000,1779.00000000,0.20888642
37.00000000,1780.00000000,0.20888686
37.00000000,1781.00000000,0.20888723
37.00000000,1782.00000000,0.20888761
37.00000000,1783.00000000,0.20888803
37.00000000,1784.00000000,0.20888851
37.00000000,1785.00000000,0.20888906
37.00000000,1786.00000000,0.20888962
37.00000000,1787.00000000,0.20889022
37.00000000,1788.00000000,0.20889089
37.00000000,1789.00000000,0.20889171
37.00000000,1790.00000000,0.20889254
37.00000000,1791.00000000,0.20889343
37.00000000,1792.00000000,0.20889435
37.00000000,1793.00000000,0.20889538
37.00000000,1794.00000000,0.20889647
37.00000000,1795.00000000,0.20889762
37.00000000,1796.00000000,0.20889893
37.00000000,1797.00000000,0.20890027
37.00000000,1798.00000000,0.20890174
37.00000000,1799.00000000,0.20890334
37.00000000,1800.00000000,0.20890497
37.00000000,1801.00000000,0.20890674
37.00000000,1802.00000000,0.20890862
37.00000000,1803.00000000,0.20892596
37.00000000,1804.00000000,0.20892808
37.00000000,1805.00000000,0.20893020
37.00000000,1806.00000000,0.20893251
37.00000000,1807.00000000,0.20893490
37.00000000,1808.00000000,0.20894251
37.00000000,1809.00000000,0.20894515
37.00000000,1810.00000000,0.20894785
37.00000000,1811.00000000,0.20895067
37.00000000,1812.00000000,0.20895357
37.00000000,1813.00000000,0.20895660
37.00000000,1814.00000000,0.20895964
37.00000000,1815.00000000,0.20896281
37.00000000,1816.00000000,0.20896606
37.00000000,1817.00000000,0.20896937
37.00000000,1818.00000000,0.20897795
37.00000000,1819.00000000,0.20898133
37.00000000,1820.00000000,0.20898485
37.00000000,1821.00000000,0.20898839
37.00000000,1822.00000000,0.20899197
37.00000000,1823.00000000,0.20899569
37.00000000,1824.00000000,0.20899942
37.00000000,1825.00000000,0.20900320
37.00000000,1826.00000000,0.20900702
37.00000000,1827.00000000,0.20901089
37.00000000,1828.00000000,0.20901996
37.00000000,1829.00000000,0.20902392
37.00000000,1830.00000000,0.20902792
37.00000000,1831.00000000,0.20903190
37.00000000,1832.00000000,0.20903587
37.00000000,1833.00000000,0.20903985
37.00000000,1834.00000000,0.20904906
37.00000000,1835.00000000,0.20905308
37.00000000,1836.00000000,0.20905713
37.00000000,1837.00000000,0.20906627
37.00000000,1838.00000000,0.20907030
37.00000000,1839.00000000,0.20908470
37.00000000,1840.00000000,0.20908355
37.00000000,1841.00000000,0.20908761
37.00000000,1842.00000000,0.20909162
37.00000000,1843.00000000,0.20910083
37.00000000,1844.00000000,0.20910477
37.00000000,1845.00000000,0.20910874
37.00000000,1846.00000000,0.20911270
37.00000000,1847.00000000,0.20911656
37.00000000,1848.00000000,0.20912563
37.00000000,1849.00000000,0.20912945
37.00000000,1850.00000000,0.20913325
37.00000000,1851.00000000,0.20913697
37.00000000,1852.00000000,0.20914578
37.00000000,1853.00000000,0.20915498
37.00000000,1854.00000000,0.20916406
37.00000000,1855.00000000,0.20916780
37.00000000,1856.00000000,0.20917124
37.00000000,1857.00000000,0.20917456
37.00000000,1858.00000000,0.20917769
37.00000000,1859.00000000,0.20918600
37.00000000,1860.00000000,0.20919416
37.00000000,1861.00000000,0.20919709
37.00000000,1862.00000000,0.20920500
37.00000000,1863.00000000,0.20920713
37.00000000,1864.00000000,0.20921418
37.00000000,1865.00000000,0.20921589
37.00000000,1866.00000000,0.20921748
37.00000000,1867.00000000,0.20924997
37.00000000,1868.00000000,0.20924606
37.00000000,1869.00000000,0.20924720
37.00000000,1870.00000000,0.20925333
37.00000000,1871.00000000,0.20925422
37.00000000,1872.00000000,0.20926035
37.00000000,1873.00000000,0.20928247
37.00000000,1874.00000000,0.20928371
37.00000000,1875.00000000,0.20928990
37.00000000,1876.00000000,0.20929588
37.00000000,1877.00000000,0.20930697
37.00000000,1878.00000000,0.20931275
37.00000000,1879.00000000,0.20932367
37.00000000,1880.00000000,0.20932931
37.00000000,1881.00000000,0.20933982
37.00000000,1882.00000000,0.20936042
37.00000000,1883.00000000,0.20935937
37.00000000,1884.00000000,0.20937347
37.00000000,1885.00000000,0.20937685
37.00000000,1886.00000000,0.20939048
37.00000000,1887.00000000,0.20940925
37.00000000,1888.00000000,0.20940717
37.00000000,1889.00000000,0.20942044
37.00000000,1890.00000000,0.20942799
37.00000000,1891.00000000,0.20947651
37.00000000,1892.00000000,0.20948313
37.00000000,1893.00000000,0.20950505
37.00000000,1894.00000000,0.20950611
37.00000000,1895.00000000,0.20950739
37.00000000,1896.00000000,0.20952920
37.00000000,1897.00000000,0.20956637
37.00000000,1898.00000000,0.20958245
37.00000000,1899.00000000,0.20958757
37.00000000,1900.00000000,0.20961776
37.00000000,1901.00000000,0.20965237
37.00000000,1902.00000000,0.20968137
37.00000000,1903.00000000,0.20968910
37.00000000,1904.00000000,0.20972330
37.00000000,1905.00000000,0.20974043
37.00000000,1906.00000000,0.20976742
37.00000000,1907.00000000,0.20978313
37.00000000,1908.00000000,0.20981831
37.00000000,1909.00000000,0.20989404
37.00000000,1910.00000000,0.20993811
37.00000000,1911.00000000,0.20987278
37.00000000,1912.00000000,0.20993064
37.00000000,1913.00000000,0.20993051
37.00000000,1914.00000000,0.20992940
37.00000000,1915.00000000,0.20992072
37.00000000,1916.00000000,0.20997804
37.00000000,1917.00000000,0.21009863
37.00000000,1918.00000000,0.21012117
37.00000000,1919.00000000,0.21017562
37.00000000,1920.00000000,0.21024758
37.00000000,1921.00000000,0.21025436
37.00000000,1922.00000000,0.21025844
37.00000000,1923.00000000,0.21027488
37.00000000,1924.00000000,0.21034375
37.00000000,1925.00000000,0.21050548
37.00000000,1926.00000000,0.21050173
37.00000000,1927.00000000,0.21064803
37.00000000,1928.00000000,0.21072709
37.00000000,1929.00000000,0.21073292
37.00000000,1930.00000000,0.21070732
37.00000000,1931.00000000,0.21077090
37.00000000,1932.00000000,0.21088874
37.00000000,1933.00000000,0.21095790
37.00000000,1934.00000000,0.21107155
37.00000000,1935.00000000,0.21120743
37.00000000,1936.00000000,0.21143120
37.00000000,1937.00000000,0.21157608
37.00000000,1938.00000000,0.21167192
37.00000000,1939.00000000,0.21174565
37.00000000,1940.00000000,0.21200964
37.00000000,1941.00000000,0.21204395
37.00000000,1942.00000000,0.21224150
37.00000000,1943.00000000,0.21246316
37.00000000,1944.00000000,0.21285409
37.00000000,1945.00000000,0.21266996
37.00000000,1946.00000000,0.21284482
37.00000000,1947.00000000,0.21301739
37.00000000,1948.00000000,0.21310221
37.00000000,1949.00000000,0.21331981
37.00000000,1950.00000000,0.21364423
37.00000000,1951.00000000,0.21315347
37.00000000,1952.00000000,0.21307892
37.00000000,1953.00000000,0.21338844
37.00000000,1954.00000000,0.21364789
37.00000000,1955.00000000,0.21352662
37.00000000,1956.00000000,0.21282769
37.00000000,1957.00000000,0.21344894
37.00000000,1958.00000000,0.21274655
37.00000000,1959.00000000,0.21292469
37.00000000,1960.00000000,0.21352705
37.00000000,1961.00000000,0.21344235
37.00000000,1962.00000000,0.21345315
37.00000000,1963.00000000,0.21344083
37.00000000,1964.00000000,0.21379238
37.00000000,1965.00000000,0.21374728
37.00000000,1966.00000000,0.21409544
37.00000000,1967.00000000,0.21355068
37.00000000,1968.00000000,0.21289297
37.00000000,1969.00000000,0.21233378
37.00000000,1970.00000000,0.21248670
37.00000000,1971.00000000,0.21280820
37.00000000,1972.00000000,0.21298783
37.00000000,1973.00000000,0.21341376
37.00000000,1974.00000000,0.21371037
37.00000000,1975.00000000,0.21325210
37.00000000,1976.00000000,0.21339640
37.00000000,1977.00000000,0.21383465
37.00000000,1978.00000000,0.21390187
37.00000000,1979.00000000,0.21382990
37.00000000,1980.00000000,0.21396762
37.00000000,1981.00000000,0.21381389
37.00000000,1982.00000000,0.21256369
37.00000000,1983.00000000,0.21286909
37.00000000,1984.00000000,0.21357501
37.00000000,1985.00000000,0.21389409
37.00000000,1986.00000000,0.21356741
37.00000000,1987.00000000,0.21458126
37.00000000,1988.00000000,0.21522217
37.00000000,1989.00000000,0.21529949
37.00000000,1990.00000000,0.21546300
37.00000000,1991.00000000,0.21551919
37.00000000,1992.00000000,0.21636558
37.00000000,1993.00000000,0.21699543
37.00000000,1994.00000000,0.21741087
37.00000000,1995.00000000,0.21766776
37.00000000,1996.00000000,0.21829620
37.00000000,1997.00000000,0.21883928
37.00000000,1998.00000000,0.21888324
37.00000000,1999.00000000,0.21938500
37.00000000,2000.00000000,0.22010569
37.00000000,2001.00000000,0.22089091
37.00000000,2002.00000000,0.22156033
37.00000000,2003.00000000,0.22234840
37.00000000,2004.00000000,0.22285797
37.00000000,2005.00000000,0.22372248
37.00000000,2006.00000000,0.22475500
37.00000000,2007.00000000,0.22610312
37.00000000,2008.00000000,0.22682397
37.00000000,2009.00000000,0.22760244
37.00000000,2010.00000000,0.22871976
37.00000000,2011.00000000,0.22867280
37.00000000,2012.00000000,0.22842564
37.00000000,2013.00000000,0.22968334
37.00000000,2014.00000000,0.23031148
37.00000000,2015.00000000,0.23057502
37.00000000,2016.00000000,0.23187692
37.00000000,2017.00000000,0.23145784
37.00000000,2018.00000000,0.23047864
37.00000000,2019.00000000,0.23011770
37.00000000,2020.00000000,0.22987305
37.00000000,2021.00000000,0.23062098
37.00000000,2022.00000000,0.23123161
37.00000000,2023.00000000,0.23189820
37.00000000,2024.00000000,0.23244427
37.00000000,2025.00000000,0.23333003
37.00000000,2026.00000000,0.23377819
37.00000000,2027.00000000,0.23387063
37.00000000,2028.00000000,0.23414236
37.00000000,2029.00000000,0.23336611
37.00000000,2030.00000000,0.23320858
37.00000000,2031.00000000,0.23361375
37.00000000,2032.00000000,0.23407778
37.00000000,2033.00000000,0.23457956
37.00000000,2034.00000000,0.23493319
37.00000000,2035.00000000,0.23458340
37.00000000,2036.00000000,0.23429212
37.00000000,2037.00000000,0.23492371
37.00000000,2038.00000000,0.23552722
37.00000000,2039.00000000,0.23559121
37.00000000,2040.00000000,0.23706787
37.00000000,2041.00000000,0.23878395
37.00000000,2042.00000000,0.24006303
37.00000000,2043.00000000,0.24079716
37.00000000,2044.00000000,0.24152765
37.00000000,2045.00000000,0.24225441
37.00000000,2046.00000000,0.24297594
37.00000000,2047.00000000,0.24369240
37.00000000,2048.00000000,0.24475033
37.00000000,2049.00000000,0.24580276
37.00000000,2050.00000000,0.24684997
37.00000000,2051.00000000,0.24789191
37.00000000,2052.00000000,0.24892882
37.00000000,2053.00000000,0.24996084
37.00000000,2054.00000000,0.25098816
37.00000000,2055.00000000,0.25201080
37.00000000,2056.00000000,0.25302908
37.00000000,2057.00000000,0.25404300
37.00000000,2058.00000000,0.25490114
37.00000000,2059.00000000,0.25575562
37.00000000,2060.00000000,0.25660652
37.00000000,2061.00000000,0.25745463
37.00000000,2062.00000000,0.25830159
37.00000000,2063.00000000,0.25914943
37.00000000,2064.00000000,0.25999967
37.00000000,2065.00000000,0.26085331
37.00000000,2066.00000000,0.26171057
37.00000000,2067.00000000,0.26257215
37.00000000,2068.00000000,0.26374941
37.00000000,2069.00000000,0.26493008
37.00000000,2070.00000000,0.26611403
37.00000000,2071.00000000,0.26730125
37.00000000,2072.00000000,0.26849288
37.00000000,2073.00000000,0.26969046
37.00000000,2074.00000000,0.27089449
37.00000000,2075.00000000,0.27210553
37.00000000,2076.00000000,0.27332344
37.00000000,2077.00000000,0.27454800
37.00000000,2078.00000000,0.27600345
37.00000000,2079.00000000,0.27746430
37.00000000,2080.00000000,0.27892971
37.00000000,2081.00000000,0.28039959
37.00000000,2082.00000000,0.28187392
37.00000000,2083.00000000,0.28335301
37.00000000,2084.00000000,0.28483698
37.00000000,2085.00000000,0.28632526
37.00000000,2086.00000000,0.28781772
37.00000000,2087.00000000,0.28931347
37.00000000,2088.00000000,0.29079946
37.00000000,2089.00000000,0.29228749
37.00000000,2090.00000000,0.29377701
37.00000000,2091.00000000,0.29526745
37.00000000,2092.00000000,0.29675920
37.00000000,2093.00000000,0.29825254
37.00000000,2094.00000000,0.29974724
37.00000000,2095.00000000,0.30124332
37.00000000,2096.00000000,0.30274003
37.00000000,2097.00000000,0.30423687
37.00000000,2098.00000000,0.30525035
37.00000000,2099.00000000,0.30626330
37.00000000,2100.00000000,0.30727532
37.00000000,2101.00000000,0.30828615
37.00000000,2102.00000000,0.30929606
37.00000000,2103.00000000,0.31030543
37.00000000,2104.00000000,0.31131434
37.00000000,2105.00000000,0.31232233
37.00000000,2106.00000000,0.31332934
37.00000000,2107.00000000,0.31433473
37.00000000,2108.00000000,0.31490657
37.00000000,2109.00000000,0.31547657
37.00000000,2110.00000000,0.31604447
37.00000000,2111.00000000,0.31661003
37.00000000,2112.00000000,0.31717305
37.00000000,2113.00000000,0.31773306
37.00000000,2114.00000000,0.31829001
37.00000000,2115.00000000,0.31884359
37.00000000,2116.00000000,0.31939346
37.00000000,2117.00000000,0.31993955
37.00000000,2118.00000000,0.32024274
37.00000000,2119.00000000,0.32054190
37.00000000,2120.00000000,0.32083712
37.00000000,2121.00000000,0.32112811
37.00000000,2122.00000000,0.32141497
37.00000000,2123.00000000,0.32169751
37.00000000,2124.00000000,0.32197567
37.00000000,2125.00000000,0.32224931
37.00000000,2126.00000000,0.32251853
37.00000000,2127.00000000,0.32278304
37.00000000,2128.00000000,0.32279934
37.00000000,2129.00000000,0.32281128
37.00000000,2130.00000000,0.32281889
37.00000000,2131.00000000,0.32282233
37.00000000,2132.00000000,0.32282155
37.00000000,2133.00000000,0.32281648
37.00000000,2134.00000000,0.32280739
37.00000000,2135.00000000,0.32279405
37.00000000,2136.00000000,0.32277678
37.00000000,2137.00000000,0.32275539
37.00000000,2138.00000000,0.32254514
37.00000000,2139.00000000,0.32233135
37.00000000,2140.00000000,0.32211399
37.00000000,2141.00000000,0.32189317
37.00000000,2142.00000000,0.32166902
37.00000000,2143.00000000,0.32144161
37.00000000,2144.00000000,0.32121101
37.00000000,2145.00000000,0.32097733
37.00000000,2146.00000000,0.32074062
37.00000000,2147.00000000,0.32050100
37.00000000,2148.00000000,0.32025853
37.00000000,2149.00000000,0.32001322
37.00000000,2150.00000000,0.31976524
37.00000000,2151.00000000,0.31951639
37.00000000,2152.00000000,0.31927140
37.00000000,2153.00000000,0.31903527
37.00000000,2154.00000000,0.31881018
37.00000000,2155.00000000,0.31859707
37.00000000,2156.00000000,0.31839639
37.00000000,2157.00000000,0.31820794
37.00000000,2158.00000000,0.31803125
37.00000000,2159.00000000,0.31786606
37.00000000,2160.00000000,0.31771169
37.00000000,2161.00000000,0.31756775
37.00000000,2162.00000000,0.31743377
37.00000000,2163.00000000,0.31730902
37.00000000,2164.00000000,0.31719327
37.00000000,2165.00000000,0.31708593
37.00000000,2166.00000000,0.31698653
37.00000000,2167.00000000,0.31689476
37.00000000,2168.00000000,0.31681011
37.00000000,2169.00000000,0.31673220
37.00000000,2170.00000000,0.31666075
37.00000000,2171.00000000,0.31659527
37.00000000,2172.00000000,0.31653556
37.00000000,2173.00000000,0.31648123
37.00000000,2174.00000000,0.31643190
37.00000000,2175.00000000,0.31638739
37.00000000,2176.00000000,0.31634735
37.00000000,2177.00000000,0.31631149
37.00000000,2178.00000000,0.31627960
37.00000000,2179.00000000,0.31625139
37.00000000,2180.00000000,0.31622660
37.00000000,2181.00000000,0.31620505
37.00000000,2182.00000000,0.31618642
37.00000000,2183.00000000,0.31617057
37.00000000,2184.00000000,0.31615726
37.00000000,2185.00000000,0.31614618
37.00000000,2186.00000000,0.31613722
37.00000000,2187.00000000,0.31613002
37.00000000,2188.00000000,0.31492231
37.00000000,2189.00000000,0.31371654
37.00000000,2190.00000000,0.31251270
37.00000000,2191.00000000,0.31131085
37.00000000,2192.00000000,0.31011115
37.00000000,2193.00000000,0.30891361
37.00000000,2194.00000000,0.30771819
37.00000000,2195.00000000,0.30652509
37.00000000,2196.00000000,0.30533425
37.00000000,2197.00000000,0.30414582
37.00000000,2198.00000000,0.30295979
37.00000000,2199.00000000,0.30177612
37.00000000,2200.00000000,0.30059499
37.00000000,2201.00000000,0.29941633
37.00000000,2202.00000000,0.29824013
37.00000000,2203.00000000,0.29706657
37.00000000,2204.00000000,0.29589556
37.00000000,2205.00000000,0.29472713
37.00000000,2206.00000000,0.29356133
37.00000000,2207.00000000,0.29239810
37.00000000,2208.00000000,0.29123756
37.00000000,2209.00000000,0.29007969
37.00000000,2210.00000000,0.28892442
37.00000000,2211.00000000,0.28777185
37.00000000,2212.00000000,0.28662196
37.00000000,2213.00000000,0.28547471
37.00000000,2214.00000000,0.28433020
37.00000000,2215.00000000,0.28318834
37.00000000,2216.00000000,0.28204913
37.00000000,2217.00000000,0.28091260
37.00000000,2218.00000000,0.27977875
37.00000000,2219.00000000,0.27864754
37.00000000,2220.00000000,0.27751898
37.00000000,2221.00000000,0.27639303
37.00000000,2222.00000000,0.27526974
37.00000000,2223.00000000,0.27414910
37.00000000,2224.00000000,0.27303103
37.00000000,2225.00000000,0.27191554
37.00000000,2226.00000000,0.27080269
37.00000000,2227.00000000,0.26969235
37.00000000,2228.00000000,0.26858459
37.00000000,2229.00000000,0.26747941
37.00000000,2230.00000000,0.26637665
37.00000000,2231.00000000,0.26527642
37.00000000,2232.00000000,0.26417862
37.00000000,2233.00000000,0.26308330
37.00000000,2234.00000000,0.26199040
37.00000000,2235.00000000,0.26089986
37.00000000,2236.00000000,0.25981175
37.00000000,2237.00000000,0.25872601
37.00000000,2238.00000000,0.25764257
37.00000000,2239.00000000,0.25656143
37.00000000,2240.00000000,0.25548259
37.00000000,2241.00000000,0.25440596
37.00000000,2242.00000000,0.25333156
37.00000000,2243.00000000,0.25225937
37.00000000,2244.00000000,0.25118929
37.00000000,2245.00000000,0.25012142
37.00000000,2246.00000000,0.24905558
37.00000000,2247.00000000,0.24799184
37.00000000,2248.00000000,0.24693014
37.00000000,2249.00000000,0.24587013
37.00000000,2250.00000000,0.24481025
37.00000000,2251.00000000,0.24374730
37.00000000,2252.00000000,0.24267843
37.00000000,2253.00000000,0.24160209
37.00000000,2254.00000000,0.24051772
37.00000000,2255.00000000,0.23942519
37.00000000,2256.00000000,0.23832465
37.00000000,2257.00000000,0.23721622
37.00000000,2258.00000000,0.23610017
37.00000000,2259.00000000,0.23497676
37.00000000,2260.00000000,0.23384626
37.00000000,2261.00000000,0.23270914
37.00000000,2262.00000000,0.23156590
37.00000000,2263.00000000,0.23041693
37.00000000,2264.00000000,0.22926269
37.00000000,2265.00000000,0.22810349
37.00000000,2266.00000000,0.22693960
37.00000000,2267.00000000,0.22577135
37.00000000,2268.00000000,0.22459894
37.00000000,2269.00000000,0.22342266
37.00000000,2270.00000000,0.22224274
37.00000000,2271.00000000,0.22105938
37.00000000,2272.00000000,0.21987288
37.00000000,2273.00000000,0.21868339
37.00000000,2274.00000000,0.21749113
37.00000000,2275.00000000,0.21629634
37.00000000,2276.00000000,0.21509918
37.00000000,2277.00000000,0.21389983
37.00000000,2278.00000000,0.21269854
37.00000000,2279.00000000,0.21149549
37.00000000,2280.00000000,0.21029079
37.00000000,2281.00000000,0.20908467
37.00000000,2282.00000000,0.20787725
37.00000000,2283.00000000,0.20666879
37.00000000,2284.00000000,0.20545937
37.00000000,2285.00000000,0.20424921
37.00000000,2286.00000000,0.20330156
37.00000000,2287.00000000,0.20312832
37.00000000,2288.00000000,0.20316679
37.00000000,2289.00000000,0.20320544
37.00000000,2290.00000000,0.20324416
37.00000000,2291.00000000,0.20328297
37.00000000,2292.00000000,0.20332191
37.00000000,2293.00000000,0.20339413
37.00000000,2294.00000000,0.20346647
37.00000000,2295.00000000,0.20353891
37.00000000,2296.00000000,0.20361140
37.00000000,2297.00000000,0.20368397
37.00000000,2298.00000000,0.20369090
37.00000000,2299.00000000,0.20369782
37.00000000,2300.00000000,0.20370481
37.00000000,2301.00000000,0.20371182
37.00000000,2302.00000000,0.20371883
37.00000000,2303.00000000,0.20372586
37.00000000,2304.00000000,0.20373286
37.00000000,2305.00000000,0.20373983
37.00000000,2306.00000000,0.20374683
37.00000000,2307.00000000,0.20375376
37.00000000,2308.00000000,0.20376073
37.00000000,2309.00000000,0.20376767
37.00000000,2310.00000000,0.20377457
37.00000000,2311.00000000,0.20378150
37.00000000,2312.00000000,0.20378841
37.00000000,2313.00000000,0.20379243
37.00000000,2314.00000000,0.20379647
37.00000000,2315.00000000,0.20380052
37.00000000,2316.00000000,0.20380449
37.00000000,2317.00000000,0.20380852
37.00000000,2318.00000000,0.20381250
37.00000000,2319.00000000,0.20381651
37.00000000,2320.00000000,0.20382050
37.00000000,2321.00000000,0.20382447
37.00000000,2322.00000000,0.20382847
37.00000000,2323.00000000,0.20383248
37.00000000,2324.00000000,0.20383643
37.00000000,2325.00000000,0.20384044
37.00000000,2326.00000000,0.20384444
37.00000000,2327.00000000,0.20384840
37.00000000,2328.00000000,0.20385240
37.00000000,2329.00000000,0.20385636
37.00000000,2330.00000000,0.20386037
37.00000000,2331.00000000,0.20386439
37.00000000,2332.00000000,0.20386837
37.00000000,2333.00000000,0.20387240
37.00000000,2334.00000000,0.20387644
37.00000000,2335.00000000,0.20388044
37.00000000,2336.00000000,0.20388450
37.00000000,2337.00000000,0.20388857
37.00000000,2338.00000000,0.20389894
37.00000000,2339.00000000,0.20390938
37.00000000,2340.00000000,0.20391983
37.00000000,2341.00000000,0.20393025
37.00000000,2342.00000000,0.20394072
37.00000000,2343.00000000,0.20395118
37.00000000,2344.00000000,0.20396167
37.00000000,2345.00000000,0.20397219
37.00000000,2346.00000000,0.20398268
37.00000000,2347.00000000,0.20399321
37.00000000,2348.00000000,0.20400376
37.00000000,2349.00000000,0.20401428
37.00000000,2350.00000000,0.20402486
37.00000000,2351.00000000,0.20403544
37.00000000,2352.00000000,0.20404600
37.00000000,2353.00000000,0.20405664
37.00000000,2354.00000000,0.20406724
37.00000000,2355.00000000,0.20407791
37.00000000,2356.00000000,0.20408861
37.00000000,2357.00000000,0.20409929
37.00000000,2358.00000000,0.20411004
37.00000000,2359.00000000,0.20412082
37.00000000,2360.00000000,0.20413157
37.00000000,2361.00000000,0.20414238
37.00000000,2362.00000000,0.20415323
37.00000000,2363.00000000,0.20416405
37.00000000,2364.00000000,0.20417492
37.00000000,2365.00000000,0.20418584
37.00000000,2366.00000000,0.20419671
37.00000000,2367.00000000,0.20420765
37.00000000,2368.00000000,0.20421857
37.00000000,2369.00000000,0.20422956
37.00000000,2370.00000000,0.20424056
37.00000000,2371.00000000,0.20425153
37.00000000,2372.00000000,0.20426258
37.00000000,2373.00000000,0.20427364
37.00000000,2374.00000000,0.20428467
37.00000000,2375.00000000,0.20429575
37.00000000,2376.00000000,0.20430686
37.00000000,2377.00000000,0.20431794
37.00000000,2378.00000000,0.20432909
37.00000000,2379.00000000,0.20434019
37.00000000,2380.00000000,0.20435137
37.00000000,2381.00000000,0.20436256
37.00000000,2382.00000000,0.20437371
37.00000000,2383.00000000,0.20438494
37.00000000,2384.00000000,0.20439617
37.00000000,2385.00000000,0.20440736
37.00000000,2386.00000000,0.20441862
37.00000000,2387.00000000,0.20442989
37.00000000,2388.00000000,0.20443930
37.00000000,2389.00000000,0.20444878
37.00000000,2390.00000000,0.20445827
37.00000000,2391.00000000,0.20446773
37.00000000,2392.00000000,0.20447724
37.00000000,2393.00000000,0.20448671
37.00000000,2394.00000000,0.20449624
37.00000000,2395.00000000,0.20450578
37.00000000,2396.00000000,0.20451530
37.00000000,2397.00000000,0.20452486
37.00000000,2398.00000000,0.20453444
37.00000000,2399.00000000,0.20454399
37.00000000,2400.00000000,0.20455358
37.00000000,2401.00000000,0.20456319
37.00000000,2402.00000000,0.20457278
37.00000000,2403.00000000,0.20458242
37.00000000,2404.00000000,0.20459205
37.00000000,2405.00000000,0.20460175
37.00000000,2406.00000000,0.20461148
37.00000000,2407.00000000,0.20462118
37.00000000,2408.00000000,0.20463095
37.00000000,2409.00000000,0.20464075
37.00000000,2410.00000000,0.20465052
37.00000000,2411.00000000,0.20466035
37.00000000,2412.00000000,0.20467022
37.00000000,2413.00000000,0.20468005
37.00000000,2414.00000000,0.20468996
37.00000000,2415.00000000,0.20469984
37.00000000,2416.00000000,0.20470979
37.00000000,2417.00000000,0.20471977
37.00000000,2418.00000000,0.20472970
37.00000000,2419.00000000,0.20473971
37.00000000,2420.00000000,0.20474974
37.00000000,2421.00000000,0.20475973
37.00000000,2422.00000000,0.20476980
37.00000000,2423.00000000,0.20477989
37.00000000,2424.00000000,0.20478994
37.00000000,2425.00000000,0.20480005
37.00000000,2426.00000000,0.20481020
37.00000000,2427.00000000,0.20482029
37.00000000,2428.00000000,0.20483047
37.00000000,2429.00000000,0.20484059
37.00000000,2430.00000000,0.20485080
37.00000000,2431.00000000,0.20486102
37.00000000,2432.00000000,0.20487118
37.00000000,2433.00000000,0.20488143
37.00000000,2434.00000000,0.20489170
37.00000000,2435.00000000,0.20490192
37.00000000,2436.00000000,0.20491221
37.00000000,2437.00000000,0.20492251
37.00000000,2438.00000000,0.20493083
37.00000000,2439.00000000,0.20493923
37.00000000,2440.00000000,0.20494757
37.00000000,2441.00000000,0.20495601
37.00000000,2442.00000000,0.20496445
37.00000000,2443.00000000,0.20497282
37.00000000,2444.00000000,0.20498129
37.00000000,2445.00000000,0.20498976
37.00000000,2446.00000000,0.20499817
37.00000000,2447.00000000,0.20500667
37.00000000,2448.00000000,0.20501519
37.00000000,2449.00000000,0.20502363
37.00000000,2450.00000000,0.20503217
37.00000000,2451.00000000,0.20504072
37.00000000,2452.00000000,0.20504920
37.00000000,2453.00000000,0.20505775
37.00000000,2454.00000000,0.20506623
37.00000000,2455.00000000,0.20507480
37.00000000,2456.00000000,0.20508336
37.00000000,2457.00000000,0.20509185
37.00000000,2458.00000000,0.20510042
37.00000000,2459.00000000,0.20510900
37.00000000,2460.00000000,0.20511749
37.00000000,2461.00000000,0.20512607
37.00000000,2462.00000000,0.20513467
37.00000000,2463.00000000,0.20514317
37.00000000,2464.00000000,0.20515177
37.00000000,2465.00000000,0.20516028
37.00000000,2466.00000000,0.20516888
37.00000000,2467.00000000,0.20517749
37.00000000,2468.00000000,0.20518600
37.00000000,2469.00000000,0.20519463
37.00000000,2470.00000000,0.20520325
37.00000000,2471.00000000,0.20521179
37.00000000,2472.00000000,0.20522043
37.00000000,2473.00000000,0.20522906
37.00000000,2474.00000000,0.20523762
37.00000000,2475.00000000,0.20524629
37.00000000,2476.00000000,0.20525484
37.00000000,2477.00000000,0.20526351
37.00000000,2478.00000000,0.20527219
37.00000000,2479.00000000,0.20528078
37.00000000,2480.00000000,0.20528948
37.00000000,2481.00000000,0.20529818
37.00000000,2482.00000000,0.20530680
37.00000000,2483.00000000,0.20531552
37.00000000,2484.00000000,0.20532424
37.00000000,2485.00000000,0.20533288
37.00000000,2486.00000000,0.20534163
37.00000000,2487.00000000,0.20535039
37.00000000,2488.00000000,0.20536033
37.00000000,2489.00000000,0.20537039
37.00000000,2490.00000000,0.20538035
37.00000000,2491.00000000,0.20539043
37.00000000,2492.00000000,0.20540053
37.00000000,2493.00000000,0.20541052
37.00000000,2494.00000000,0.20542065
37.00000000,2495.00000000,0.20543077
37.00000000,2496.00000000,0.20544082
37.00000000,2497.00000000,0.20545098
37.00000000,2498.00000000,0.20546115
37.00000000,2499.00000000,0.20547125
37.00000000,2500.00000000,0.20548146
38.00000000,1765.00000000,0.20205277
38.00000000,1766.00000000,0.20205287
38.00000000,1767.00000000,0.20205278
38.00000000,1768.00000000,0.20205291
38.00000000,1769.00000000,0.20205291
38.00000000,1770.00000000,0.20205305
38.00000000,1771.00000000,0.20205317
38.00000000,1772.00000000,0.20205329
38.00000000,1773.00000000,0.20205352
38.00000000,1774.00000000,0.20205389
38.00000000,1775.00000000,0.20205399
38.00000000,1776.00000000,0.20205438
38.00000000,1777.00000000,0.20205481
38.00000000,1778.00000000,0.20205516
38.00000000,1779.00000000,0.20205563
38.00000000,1780.00000000,0.20205606
38.00000000,1781.00000000,0.20205670
38.00000000,1782.00000000,0.20205728
38.00000000,1783.00000000,0.20205787
38.00000000,1784.00000000,0.20205853
38.00000000,1785.00000000,0.20205925
38.00000000,1786.00000000,0.20206005
38.00000000,1787.00000000,0.20206087
38.00000000,1788.00000000,0.20206176
38.00000000,1789.00000000,0.20206271
38.00000000,1790.00000000,0.20206384
38.00000000,1791.00000000,0.20206495
38.00000000,1792.00000000,0.20206615
38.00000000,1793.00000000,0.20206739
38.00000000,1794.00000000,0.20206871
38.00000000,1795.00000000,0.20207013
38.00000000,1796.00000000,0.20207164
38.00000000,1797.00000000,0.20207326
38.00000000,1798.00000000,0.20207494
38.00000000,1799.00000000,0.20207678
38.00000000,1800.00000000,0.20207869
38.00000000,1801.00000000,0.20208068
38.00000000,1802.00000000,0.20208284
38.00000000,1803.00000000,0.20208503
38.00000000,1804.00000000,0.20210242
38.00000000,1805.00000000,0.20210487
38.00000000,1806.00000000,0.20210743
38.00000000,1807.00000000,0.20211010
38.00000000,1808.00000000,0.20211290
38.00000000,1809.00000000,0.20212085
38.00000000,1810.00000000,0.20212388
38.00000000,1811.00000000,0.20212705
38.00000000,1812.00000000,0.20213026
38.00000000,1813.00000000,0.20213364
38.00000000,1814.00000000,0.20213707
38.00000000,1815.00000000,0.20214057
38.00000000,1816.00000000,0.20214423
38.00000000,1817.00000000,0.20214789
38.00000000,1818.00000000,0.20215168
38.00000000,1819.00000000,0.20216054
38.00000000,1820.00000000,0.20216443
38.00000000,1821.00000000,0.20216838
38.00000000,1822.00000000,0.20217240
38.00000000,1823.00000000,0.20217651
38.00000000,1824.00000000,0.20218066
38.00000000,1825.00000000,0.20218491
38.00000000,1826.00000000,0.20218913
38.00000000,1827.00000000,0.20219348
38.00000000,1828.00000000,0.20219779
38.00000000,1829.00000000,0.20220725
38.00000000,1830.00000000,0.20221174
38.00000000,1831.00000000,0.20221615
38.00000000,1832.00000000,0.20222063
38.00000000,1833.00000000,0.20222504
38.00000000,1834.00000000,0.20222956
38.00000000,1835.00000000,0.20223911
38.00000000,1836.00000000,0.20224369
38.00000000,1837.00000000,0.20224819
38.00000000,1838.00000000,0.20225770
38.00000000,1839.00000000,0.20226228
38.00000000,1840.00000000,0.20227689
38.00000000,1841.00000000,0.20227642
38.00000000,1842.00000000,0.20228094
38.00000000,1843.00000000,0.20228551
38.00000000,1844.00000000,0.20229507
38.00000000,1845.00000000,0.20229953
38.00000000,1846.00000000,0.20230404
38.00000000,1847.00000000,0.20230846
38.00000000,1848.00000000,0.20231288
38.00000000,1849.00000000,0.20232230
38.00000000,1850.00000000,0.20232669
38.00000000,1851.00000000,0.20233093
38.00000000,1852.00000000,0.20233520
38.00000000,1853.00000000,0.20234476
38.00000000,1854.00000000,0.20235439
38.00000000,1855.00000000,0.20236379
38.00000000,1856.00000000,0.20236785
38.00000000,1857.00000000,0.20237181
38.00000000,1858.00000000,0.20237562
38.00000000,1859.00000000,0.20237937
38.00000000,1860.00000000,0.20238810
38.00000000,1861.00000000,0.20239674
38.00000000,1862.00000000,0.20240012
38.00000000,1863.00000000,0.20240790
38.00000000,1864.00000000,0.20241043
38.00000000,1865.00000000,0.20241776
38.00000000,1866.00000000,0.20241994
38.00000000,1867.00000000,0.20242189
38.00000000,1868.00000000,0.20245408
38.00000000,1869.00000000,0.20245063
38.00000000,1870.00000000,0.20245218
38.00000000,1871.00000000,0.20245859
38.00000000,1872.00000000,0.20246008
38.00000000,1873.00000000,0.20246712
38.00000000,1874.00000000,0.20248922
38.00000000,1875.00000000,0.20249098
38.00000000,1876.00000000,0.20249758
38.00000000,1877.00000000,0.20250411
38.00000000,1878.00000000,0.20251563
38.00000000,1879.00000000,0.20252214
38.00000000,1880.00000000,0.20253356
38.00000000,1881.00000000,0.20253962
38.00000000,1882.00000000,0.20255051
38.00000000,1883.00000000,0.20257070
38.00000000,1884.00000000,0.20257012
38.00000000,1885.00000000,0.20258444
38.00000000,1886.00000000,0.20258857
38.00000000,1887.00000000,0.20260266
38.00000000,1888.00000000,0.20262186
38.00000000,1889.00000000,0.20262041
38.00000000,1890.00000000,0.20263382
38.00000000,1891.00000000,0.20264169
38.00000000,1892.00000000,0.20268944
38.00000000,1893.00000000,0.20269664
38.00000000,1894.00000000,0.20271890
38.00000000,1895.00000000,0.20272105
38.00000000,1896.00000000,0.20272312
38.00000000,1897.00000000,0.20274517
38.00000000,1898.00000000,0.20278204
38.00000000,1899.00000000,0.20279820
38.00000000,1900.00000000,0.20280337
38.00000000,1901.00000000,0.20283292
38.00000000,1902.00000000,0.20286731
38.00000000,1903.00000000,0.20289601
38.00000000,1904.00000000,0.20290407
38.00000000,1905.00000000,0.20293797
38.00000000,1906.00000000,0.20295534
38.00000000,1907.00000000,0.20298203
38.00000000,1908.00000000,0.20299745
38.00000000,1909.00000000,0.20303225
38.00000000,1910.00000000,0.20310717
38.00000000,1911.00000000,0.20315116
38.00000000,1912.00000000,0.20308800
38.00000000,1913.00000000,0.20314512
38.00000000,1914.00000000,0.20314565
38.00000000,1915.00000000,0.20314647
38.00000000,1916.00000000,0.20314077
38.00000000,1917.00000000,0.20319931
38.00000000,1918.00000000,0.20331883
38.00000000,1919.00000000,0.20334318
38.00000000,1920.00000000,0.20339973
38.00000000,1921.00000000,0.20347350
38.00000000,1922.00000000,0.20348394
38.00000000,1923.00000000,0.20349126
38.00000000,1924.00000000,0.20350931
38.00000000,1925.00000000,0.20357775
38.00000000,1926.00000000,0.20373711
38.00000000,1927.00000000,0.20373493
38.00000000,1928.00000000,0.20387920
38.00000000,1929.00000000,0.20395728
38.00000000,1930.00000000,0.20396421
38.00000000,1931.00000000,0.20394194
38.00000000,1932.00000000,0.20400827
38.00000000,1933.00000000,0.20412803
38.00000000,1934.00000000,0.20420033
38.00000000,1935.00000000,0.20431442
38.00000000,1936.00000000,0.20444874
38.00000000,1937.00000000,0.20466760
38.00000000,1938.00000000,0.20480854
38.00000000,1939.00000000,0.20490255
38.00000000,1940.00000000,0.20497533
38.00000000,1941.00000000,0.20523324
38.00000000,1942.00000000,0.20526651
38.00000000,1943.00000000,0.20546004
38.00000000,1944.00000000,0.20567730
38.00000000,1945.00000000,0.20606111
38.00000000,1946.00000000,0.20588584
38.00000000,1947.00000000,0.20606199
38.00000000,1948.00000000,0.20623341
38.00000000,1949.00000000,0.20631739
38.00000000,1950.00000000,0.20653088
38.00000000,1951.00000000,0.20684789
38.00000000,1952.00000000,0.20636883
38.00000000,1953.00000000,0.20629512
38.00000000,1954.00000000,0.20659708
38.00000000,1955.00000000,0.20685110
38.00000000,1956.00000000,0.20673299
38.00000000,1957.00000000,0.20604994
38.00000000,1958.00000000,0.20665592
38.00000000,1959.00000000,0.20596994
38.00000000,1960.00000000,0.20614286
38.00000000,1961.00000000,0.20673080
38.00000000,1962.00000000,0.20664964
38.00000000,1963.00000000,0.20666191
38.00000000,1964.00000000,0.20665117
38.00000000,1965.00000000,0.20699500
38.00000000,1966.00000000,0.20695124
38.00000000,1967.00000000,0.20729143
38.00000000,1968.00000000,0.20675978
38.00000000,1969.00000000,0.20611726
38.00000000,1970.00000000,0.20557030
38.00000000,1971.00000000,0.20571710
38.00000000,1972.00000000,0.20602777
38.00000000,1973.00000000,0.20620125
38.00000000,1974.00000000,0.20661610
38.00000000,1975.00000000,0.20690723
38.00000000,1976.00000000,0.20646430
38.00000000,1977.00000000,0.20661031
38.00000000,1978.00000000,0.20704219
38.00000000,1979.00000000,0.20711193
38.00000000,1980.00000000,0.20704540
38.00000000,1981.00000000,0.20718567
38.00000000,1982.00000000,0.20704648
38.00000000,1983.00000000,0.20584094
38.00000000,1984.00000000,0.20615375
38.00000000,1985.00000000,0.20685557
38.00000000,1986.00000000,0.20717691
38.00000000,1987.00000000,0.20686588
38.00000000,1988.00000000,0.20786228
38.00000000,1989.00000000,0.20849360
38.00000000,1990.00000000,0.20857442
38.00000000,1991.00000000,0.20874052
38.00000000,1992.00000000,0.20880386
38.00000000,1993.00000000,0.20964057
38.00000000,1994.00000000,0.21026811
38.00000000,1995.00000000,0.21068588
38.00000000,1996.00000000,0.21094724
38.00000000,1997.00000000,0.21156995
38.00000000,1998.00000000,0.21210897
38.00000000,1999.00000000,0.21216214
38.00000000,2000.00000000,0.21266352
38.00000000,2001.00000000,0.21337778
38.00000000,2002.00000000,0.21415386
38.00000000,2003.00000000,0.21481652
38.00000000,2004.00000000,0.21559166
38.00000000,2005.00000000,0.21609051
38.00000000,2006.00000000,0.21693320
38.00000000,2007.00000000,0.21794021
38.00000000,2008.00000000,0.21925693
38.00000000,2009.00000000,0.21996241
38.00000000,2010.00000000,0.22072531
38.00000000,2011.00000000,0.22181969
38.00000000,2012.00000000,0.22177751
38.00000000,2013.00000000,0.22153949
38.00000000,2014.00000000,0.22277028
38.00000000,2015.00000000,0.22338649
38.00000000,2016.00000000,0.22364709
38.00000000,2017.00000000,0.22492145
38.00000000,2018.00000000,0.22451645
38.00000000,2019.00000000,0.22356521
38.00000000,2020.00000000,0.22321797
38.00000000,2021.00000000,0.22298481
38.00000000,2022.00000000,0.22372138
38.00000000,2023.00000000,0.22432493
38.00000000,2024.00000000,0.22498399
38.00000000,2025.00000000,0.22552614
38.00000000,2026.00000000,0.22640044
38.00000000,2027.00000000,0.22684814
38.00000000,2028.00000000,0.22694914
38.00000000,2029.00000000,0.22722546
38.00000000,2030.00000000,0.22647930
38.00000000,2031.00000000,0.22633703
38.00000000,2032.00000000,0.22674342
38.00000000,2033.00000000,0.22720643
38.00000000,2034.00000000,0.22770579
38.00000000,2035.00000000,0.22806027
38.00000000,2036.00000000,0.22772827
38.00000000,2037.00000000,0.22745345
38.00000000,2038.00000000,0.22807952
38.00000000,2039.00000000,0.22867846
38.00000000,2040.00000000,0.22875125
38.00000000,2041.00000000,0.23020293
38.00000000,2042.00000000,0.23188801
38.00000000,2043.00000000,0.23314620
38.00000000,2044.00000000,0.23387245
38.00000000,2045.00000000,0.23459520
38.00000000,2046.00000000,0.23531450
38.00000000,2047.00000000,0.23602902
38.00000000,2048.00000000,0.23673898
38.00000000,2049.00000000,0.23778260
38.00000000,2050.00000000,0.23882132
38.00000000,2051.00000000,0.23985541
38.00000000,2052.00000000,0.24088488
38.00000000,2053.00000000,0.24190993
38.00000000,2054.00000000,0.24293076
38.00000000,2055.00000000,0.24394744
38.00000000,2056.00000000,0.24496001
38.00000000,2057.00000000,0.24596873
38.00000000,2058.00000000,0.24697366
38.00000000,2059.00000000,0.24782685
38.00000000,2060.00000000,0.24867690
38.00000000,2061.00000000,0.24952415
38.00000000,2062.00000000,0.25037060
38.00000000,2063.00000000,0.25121804
38.00000000,2064.00000000,0.25206784
38.00000000,2065.00000000,0.25292095
38.00000000,2066.00000000,0.25377792
38.00000000,2067.00000000,0.25463889
38.00000000,2068.00000000,0.25550416
38.00000000,2069.00000000,0.25667777
38.00000000,2070.00000000,0.25785475
38.00000000,2071.00000000,0.25903520
38.00000000,2072.00000000,0.26022029
38.00000000,2073.00000000,0.26141125
38.00000000,2074.00000000,0.26260901
38.00000000,2075.00000000,0.26381359
38.00000000,2076.00000000,0.26502519
38.00000000,2077.00000000,0.26624359
38.00000000,2078.00000000,0.26746817
38.00000000,2079.00000000,0.26891825
38.00000000,2080.00000000,0.27037323
38.00000000,2081.00000000,0.27183279
38.00000000,2082.00000000,0.27329715
38.00000000,2083.00000000,0.27476659
38.00000000,2084.00000000,0.27624107
38.00000000,2085.00000000,0.27772034
38.00000000,2086.00000000,0.27920382
38.00000000,2087.00000000,0.28069117
38.00000000,2088.00000000,0.28218161
38.00000000,2089.00000000,0.28366207
38.00000000,2090.00000000,0.28514448
38.00000000,2091.00000000,0.28662823
38.00000000,2092.00000000,0.28811355
38.00000000,2093.00000000,0.28960098
38.00000000,2094.00000000,0.29109028
38.00000000,2095.00000000,0.29258112
38.00000000,2096.00000000,0.29407321
38.00000000,2097.00000000,0.29556590
38.00000000,2098.00000000,0.29705834
38.00000000,2099.00000000,0.29807799
38.00000000,2100.00000000,0.29909664
38.00000000,2101.00000000,0.30011451
38.00000000,2102.00000000,0.30113158
38.00000000,2103.00000000,0.30214833
38.00000000,2104.00000000,0.30316469
38.00000000,2105.00000000,0.30418059
38.00000000,2106.00000000,0.30519553
38.00000000,2107.00000000,0.30620926
38.00000000,2108.00000000,0.30722130
38.00000000,2109.00000000,0.30780858
38.00000000,2110.00000000,0.30839391
38.00000000,2111.00000000,0.30897673
38.00000000,2112.00000000,0.30955711
38.00000000,2113.00000000,0.31013466
38.00000000,2114.00000000,0.31070897
38.00000000,2115.00000000,0.31128006
38.00000000,2116.00000000,0.31184753
38.00000000,2117.00000000,0.31241123
38.00000000,2118.00000000,0.31297091
38.00000000,2119.00000000,0.31329252
38.00000000,2120.00000000,0.31360999
38.00000000,2121.00000000,0.31392335
38.00000000,2122.00000000,0.31423238
38.00000000,2123.00000000,0.31453714
38.00000000,2124.00000000,0.31483755
38.00000000,2125.00000000,0.31513334
38.00000000,2126.00000000,0.31542467
38.00000000,2127.00000000,0.31571145
38.00000000,2128.00000000,0.31599342
38.00000000,2129.00000000,0.31603202
38.00000000,2130.00000000,0.31606611
38.00000000,2131.00000000,0.31609585
38.00000000,2132.00000000,0.31612124
38.00000000,2133.00000000,0.31614237
38.00000000,2134.00000000,0.31615915
38.00000000,2135.00000000,0.31617180
38.00000000,2136.00000000,0.31618015
38.00000000,2137.00000000,0.31618447
38.00000000,2138.00000000,0.31618459
38.00000000,2139.00000000,0.31599942
38.00000000,2140.00000000,0.31581057
38.00000000,2141.00000000,0.31561814
38.00000000,2142.00000000,0.31542202
38.00000000,2143.00000000,0.31522261
38.00000000,2144.00000000,0.31501978
38.00000000,2145.00000000,0.31481364
38.00000000,2146.00000000,0.31460433
38.00000000,2147.00000000,0.31439189
38.00000000,2148.00000000,0.31417645
38.00000000,2149.00000000,0.31395806
38.00000000,2150.00000000,0.31373671
38.00000000,2151.00000000,0.31351434
38.00000000,2152.00000000,0.31329569
38.00000000,2153.00000000,0.31308524
38.00000000,2154.00000000,0.31288557
38.00000000,2155.00000000,0.31269751
38.00000000,2156.00000000,0.31252131
38.00000000,2157.00000000,0.31235693
38.00000000,2158.00000000,0.31220396
38.00000000,2159.00000000,0.31206206
38.00000000,2160.00000000,0.31193066
38.00000000,2161.00000000,0.31180926
38.00000000,2162.00000000,0.31169738
38.00000000,2163.00000000,0.31159455
38.00000000,2164.00000000,0.31150032
38.00000000,2165.00000000,0.31141420
38.00000000,2166.00000000,0.31133577
38.00000000,2167.00000000,0.31126462
38.00000000,2168.00000000,0.31120033
38.00000000,2169.00000000,0.31114263
38.00000000,2170.00000000,0.31109103
38.00000000,2171.00000000,0.31104526
38.00000000,2172.00000000,0.31100495
38.00000000,2173.00000000,0.31096982
38.00000000,2174.00000000,0.31093958
38.00000000,2175.00000000,0.31091387
38.00000000,2176.00000000,0.31089249
38.00000000,2177.00000000,0.31087513
38.00000000,2178.00000000,0.31086153
38.00000000,2179.00000000,0.31085150
38.00000000,2180.00000000,0.31084475
38.00000000,2181.00000000,0.31084101
38.00000000,2182.00000000,0.31084018
38.00000000,2183.00000000,0.31084192
38.00000000,2184.00000000,0.31084611
38.00000000,2185.00000000,0.31085251
38.00000000,2186.00000000,0.31086088
38.00000000,2187.00000000,0.31087103
38.00000000,2188.00000000,0.31088269
38.00000000,2189.00000000,0.30971294
38.00000000,2190.00000000,0.30854471
38.00000000,2191.00000000,0.30737802
38.00000000,2192.00000000,0.30621295
38.00000000,2193.00000000,0.30504962
38.00000000,2194.00000000,0.30388805
38.00000000,2195.00000000,0.30272824
38.00000000,2196.00000000,0.30157038
38.00000000,2197.00000000,0.30041442
38.00000000,2198.00000000,0.29926051
38.00000000,2199.00000000,0.29810863
38.00000000,2200.00000000,0.29695877
38.00000000,2201.00000000,0.29581108
38.00000000,2202.00000000,0.29466553
38.00000000,2203.00000000,0.29352209
38.00000000,2204.00000000,0.29238096
38.00000000,2205.00000000,0.29124205
38.00000000,2206.00000000,0.29010540
38.00000000,2207.00000000,0.28897104
38.00000000,2208.00000000,0.28783895
38.00000000,2209.00000000,0.28670924
38.00000000,2210.00000000,0.28558186
38.00000000,2211.00000000,0.28445678
38.00000000,2212.00000000,0.28333413
38.00000000,2213.00000000,0.28221385
38.00000000,2214.00000000,0.28109591
38.00000000,2215.00000000,0.27998042
38.00000000,2216.00000000,0.27886728
38.00000000,2217.00000000,0.27775651
38.00000000,2218.00000000,0.27664814
38.00000000,2219.00000000,0.27554220
38.00000000,2220.00000000,0.27443856
38.00000000,2221.00000000,0.27333734
38.00000000,2222.00000000,0.27223848
38.00000000,2223.00000000,0.27114202
38.00000000,2224.00000000,0.27004792
38.00000000,2225.00000000,0.26895616
38.00000000,2226.00000000,0.26786675
38.00000000,2227.00000000,0.26677970
38.00000000,2228.00000000,0.26569490
38.00000000,2229.00000000,0.26461249
38.00000000,2230.00000000,0.26353232
38.00000000,2231.00000000,0.26245441
38.00000000,2232.00000000,0.26137877
38.00000000,2233.00000000,0.26030533
38.00000000,2234.00000000,0.25923414
38.00000000,2235.00000000,0.25816517
38.00000000,2236.00000000,0.25709833
38.00000000,2237.00000000,0.25603371
38.00000000,2238.00000000,0.25497121
38.00000000,2239.00000000,0.25391077
38.00000000,2240.00000000,0.25285246
38.00000000,2241.00000000,0.25179622
38.00000000,2242.00000000,0.25074200
38.00000000,2243.00000000,0.24968986
38.00000000,2244.00000000,0.24863965
38.00000000,2245.00000000,0.24759137
38.00000000,2246.00000000,0.24654506
38.00000000,2247.00000000,0.24550063
38.00000000,2248.00000000,0.24445811
38.00000000,2249.00000000,0.24341720
38.00000000,2250.00000000,0.24237615
38.00000000,2251.00000000,0.24133200
38.00000000,2252.00000000,0.24028182
38.00000000,2253.00000000,0.23922415
38.00000000,2254.00000000,0.23815839
38.00000000,2255.00000000,0.23708448
38.00000000,2256.00000000,0.23600244
38.00000000,2257.00000000,0.23491253
38.00000000,2258.00000000,0.23381489
38.00000000,2259.00000000,0.23270986
38.00000000,2260.00000000,0.23159777
38.00000000,2261.00000000,0.23047891
38.00000000,2262.00000000,0.22935389
38.00000000,2263.00000000,0.22822314
38.00000000,2264.00000000,0.22708700
38.00000000,2265.00000000,0.22594587
38.00000000,2266.00000000,0.22480000
38.00000000,2267.00000000,0.22364963
38.00000000,2268.00000000,0.22249508
38.00000000,2269.00000000,0.22133656
38.00000000,2270.00000000,0.22017436
38.00000000,2271.00000000,0.21900865
38.00000000,2272.00000000,0.21783965
38.00000000,2273.00000000,0.21666764
38.00000000,2274.00000000,0.21549278
38.00000000,2275.00000000,0.21431526
38.00000000,2276.00000000,0.21313531
38.00000000,2277.00000000,0.21195314
38.00000000,2278.00000000,0.21076887
38.00000000,2279.00000000,0.20958274
38.00000000,2280.00000000,0.20839494
38.00000000,2281.00000000,0.20720557
38.00000000,2282.00000000,0.20601484
38.00000000,2283.00000000,0.20482289
38.00000000,2284.00000000,0.20362993
38.00000000,2285.00000000,0.20243609
38.00000000,2286.00000000,0.20124154
38.00000000,2287.00000000,0.20030580
38.00000000,2288.00000000,0.20013348
38.00000000,2289.00000000,0.20016988
38.00000000,2290.00000000,0.20020647
38.00000000,2291.00000000,0.20024314
38.00000000,2292.00000000,0.20027991
38.00000000,2293.00000000,0.20031684
38.00000000,2294.00000000,0.20038659
38.00000000,2295.00000000,0.20045646
38.00000000,2296.00000000,0.20052646
38.00000000,2297.00000000,0.20059651
38.00000000,2298.00000000,0.20066667
38.00000000,2299.00000000,0.20067213
38.00000000,2300.00000000,0.20067761
38.00000000,2301.00000000,0.20068317
38.00000000,2302.00000000,0.20068874
38.00000000,2303.00000000,0.20069430
38.00000000,2304.00000000,0.20069989
38.00000000,2305.00000000,0.20070548
38.00000000,2306.00000000,0.20071104
38.00000000,2307.00000000,0.20071663
38.00000000,2308.00000000,0.20072217
38.00000000,2309.00000000,0.20072777
38.00000000,2310.00000000,0.20073336
38.00000000,2311.00000000,0.20073892
38.00000000,2312.00000000,0.20074450
38.00000000,2313.00000000,0.20075009
38.00000000,2314.00000000,0.20075283
38.00000000,2315.00000000,0.20075563
38.00000000,2316.00000000,0.20075843
38.00000000,2317.00000000,0.20076117
38.00000000,2318.00000000,0.20076395
38.00000000,2319.00000000,0.20076671
38.00000000,2320.00000000,0.20076952
38.00000000,2321.00000000,0.20077233
38.00000000,2322.00000000,0.20077511
38.00000000,2323.00000000,0.20077794
38.00000000,2324.00000000,0.20078077
38.00000000,2325.00000000,0.20078356
38.00000000,2326.00000000,0.20078641
38.00000000,2327.00000000,0.20078925
38.00000000,2328.00000000,0.20079208
38.00000000,2329.00000000,0.20079496
38.00000000,2330.00000000,0.20079780
38.00000000,2331.00000000,0.20080070
38.00000000,2332.00000000,0.20080361
38.00000000,2333.00000000,0.20080649
38.00000000,2334.00000000,0.20080943
38.00000000,2335.00000000,0.20081237
38.00000000,2336.00000000,0.20081530
38.00000000,2337.00000000,0.20081828
38.00000000,2338.00000000,0.20082127
38.00000000,2339.00000000,0.20083049
38.00000000,2340.00000000,0.20083977
38.00000000,2341.00000000,0.20084908
38.00000000,2342.00000000,0.20085835
38.00000000,2343.00000000,0.20086769
38.00000000,2344.00000000,0.20087701
38.00000000,2345.00000000,0.20088640
38.00000000,2346.00000000,0.20089578
38.00000000,2347.00000000,0.20090515
38.00000000,2348.00000000,0.20091457
38.00000000,2349.00000000,0.20092401
38.00000000,2350.00000000,0.20093342
38.00000000,2351.00000000,0.20094290
38.00000000,2352.00000000,0.20095240
38.00000000,2353.00000000,0.20096188
38.00000000,2354.00000000,0.20097143
38.00000000,2355.00000000,0.20098095
38.00000000,2356.00000000,0.20099054
38.00000000,2357.00000000,0.20100020
38.00000000,2358.00000000,0.20100981
38.00000000,2359.00000000,0.20101949
38.00000000,2360.00000000,0.20102919
38.00000000,2361.00000000,0.20103890
38.00000000,2362.00000000,0.20104866
38.00000000,2363.00000000,0.20105843
38.00000000,2364.00000000,0.20106820
38.00000000,2365.00000000,0.20107804
38.00000000,2366.00000000,0.20108789
38.00000000,2367.00000000,0.20109773
38.00000000,2368.00000000,0.20110763
38.00000000,2369.00000000,0.20111750
38.00000000,2370.00000000,0.20112745
38.00000000,2371.00000000,0.20113741
38.00000000,2372.00000000,0.20114735
38.00000000,2373.00000000,0.20115735
38.00000000,2374.00000000,0.20116738
38.00000000,2375.00000000,0.20117737
38.00000000,2376.00000000,0.20118744
38.00000000,2377.00000000,0.20119751
38.00000000,2378.00000000,0.20120757
38.00000000,2379.00000000,0.20121767
38.00000000,2380.00000000,0.20122776
38.00000000,2381.00000000,0.20123790
38.00000000,2382.00000000,0.20124807
38.00000000,2383.00000000,0.20125819
38.00000000,2384.00000000,0.20126839
38.00000000,2385.00000000,0.20127860
38.00000000,2386.00000000,0.20128878
38.00000000,2387.00000000,0.20129902
38.00000000,2388.00000000,0.20130927
38.00000000,2389.00000000,0.20131769
38.00000000,2390.00000000,0.20132617
38.00000000,2391.00000000,0.20133467
38.00000000,2392.00000000,0.20134312
38.00000000,2393.00000000,0.20135166
38.00000000,2394.00000000,0.20136014
38.00000000,2395.00000000,0.20136868
38.00000000,2396.00000000,0.20137723
38.00000000,2397.00000000,0.20138576
38.00000000,2398.00000000,0.20139434
38.00000000,2399.00000000,0.20140292
38.00000000,2400.00000000,0.20141148
38.00000000,2401.00000000,0.20142009
38.00000000,2402.00000000,0.20142874
38.00000000,2403.00000000,0.20143733
38.00000000,2404.00000000,0.20144602
38.00000000,2405.00000000,0.20145465
38.00000000,2406.00000000,0.20146339
38.00000000,2407.00000000,0.20147215
38.00000000,2408.00000000,0.20148086
38.00000000,2409.00000000,0.20148966
38.00000000,2410.00000000,0.20149849
38.00000000,2411.00000000,0.20150727
38.00000000,2412.00000000,0.20151614
38.00000000,2413.00000000,0.20152503
38.00000000,2414.00000000,0.20153388
38.00000000,2415.00000000,0.20154282
38.00000000,2416.00000000,0.20155171
38.00000000,2417.00000000,0.20156069
38.00000000,2418.00000000,0.20156968
38.00000000,2419.00000000,0.20157863
38.00000000,2420.00000000,0.20158766
38.00000000,2421.00000000,0.20159672
38.00000000,2422.00000000,0.20160572
38.00000000,2423.00000000,0.20161481
38.00000000,2424.00000000,0.20162390
38.00000000,2425.00000000,0.20163297
38.00000000,2426.00000000,0.20164210
38.00000000,2427.00000000,0.20165126
38.00000000,2428.00000000,0.20166036
38.00000000,2429.00000000,0.20166955
38.00000000,2430.00000000,0.20167867
38.00000000,2431.00000000,0.20168789
38.00000000,2432.00000000,0.20169713
38.00000000,2433.00000000,0.20170631
38.00000000,2434.00000000,0.20171557
38.00000000,2435.00000000,0.20172484
38.00000000,2436.00000000,0.20173405
38.00000000,2437.00000000,0.20174335
38.00000000,2438.00000000,0.20175266
38.00000000,2439.00000000,0.20176001
38.00000000,2440.00000000,0.20176745
38.00000000,2441.00000000,0.20177482
38.00000000,2442.00000000,0.20178226
38.00000000,2443.00000000,0.20178973
38.00000000,2444.00000000,0.20179715
38.00000000,2445.00000000,0.20180464
38.00000000,2446.00000000,0.20181214
38.00000000,2447.00000000,0.20181957
38.00000000,2448.00000000,0.20182710
38.00000000,2449.00000000,0.20183463
38.00000000,2450.00000000,0.20184210
38.00000000,2451.00000000,0.20184965
38.00000000,2452.00000000,0.20185720
38.00000000,2453.00000000,0.20186469
38.00000000,2454.00000000,0.20187227
38.00000000,2455.00000000,0.20187975
38.00000000,2456.00000000,0.20188732
38.00000000,2457.00000000,0.20189490
38.00000000,2458.00000000,0.20190238
38.00000000,2459.00000000,0.20190997
38.00000000,2460.00000000,0.20191755
38.00000000,2461.00000000,0.20192504
38.00000000,2462.00000000,0.20193264
38.00000000,2463.00000000,0.20194022
38.00000000,2464.00000000,0.20194773
38.00000000,2465.00000000,0.20195531
38.00000000,2466.00000000,0.20196283
38.00000000,2467.00000000,0.20197043
38.00000000,2468.00000000,0.20197803
38.00000000,2469.00000000,0.20198555
38.00000000,2470.00000000,0.20199317
38.00000000,2471.00000000,0.20200079
38.00000000,2472.00000000,0.20200831
38.00000000,2473.00000000,0.20201594
38.00000000,2474.00000000,0.20202358
38.00000000,2475.00000000,0.20203112
38.00000000,2476.00000000,0.20203878
38.00000000,2477.00000000,0.20204633
38.00000000,2478.00000000,0.20205399
38.00000000,2479.00000000,0.20206165
38.00000000,2480.00000000,0.20206923
38.00000000,2481.00000000,0.20207691
38.00000000,2482.00000000,0.20208459
38.00000000,2483.00000000,0.20209219
38.00000000,2484.00000000,0.20209989
38.00000000,2485.00000000,0.20210761
38.00000000,2486.00000000,0.20211522
38.00000000,2487.00000000,0.20212296
38.00000000,2488.00000000,0.20213069
38.00000000,2489.00000000,0.20213960
38.00000000,2490.00000000,0.20214861
38.00000000,2491.00000000,0.20215752
38.00000000,2492.00000000,0.20216656
38.00000000,2493.00000000,0.20217560
38.00000000,2494.00000000,0.20218456
38.00000000,2495.00000000,0.20219363
38.00000000,2496.00000000,0.20220272
38.00000000,2497.00000000,0.20221170
38.00000000,2498.00000000,0.20222082
38.00000000,2499.00000000,0.20222995
38.00000000,2500.00000000,0.20223899
39.00000000,1765.00000000,0.19564441
39.00000000,1766.00000000,0.19564432
39.00000000,1767.00000000,0.19564443
39.00000000,1768.00000000,0.19564439
39.00000000,1769.00000000,0.19564457
39.00000000,1770.00000000,0.19564465
39.00000000,1771.00000000,0.19564486
39.00000000,1772.00000000,0.19564508
39.00000000,1773.00000000,0.19564529
39.00000000,1774.00000000,0.19564563
39.00000000,1775.00000000,0.19564612
39.00000000,1776.00000000,0.19564637
39.00000000,1777.00000000,0.19564690
39.00000000,1778.00000000,0.19564750
39.00000000,1779.00000000,0.19564803
39.00000000,1780.00000000,0.19564870
39.00000000,1781.00000000,0.19564933
39.00000000,1782.00000000,0.19565017
39.00000000,1783.00000000,0.19565096
39.00000000,1784.00000000,0.19565178
39.00000000,1785.00000000,0.19565267
39.00000000,1786.00000000,0.19565364
39.00000000,1787.00000000,0.19565469
39.00000000,1788.00000000,0.19565579
39.00000000,1789.00000000,0.19565694
39.00000000,1790.00000000,0.19565819
39.00000000,1791.00000000,0.19565959
39.00000000,1792.00000000,0.19566098
39.00000000,1793.00000000,0.19566249
39.00000000,1794.00000000,0.19566401
39.00000000,1795.00000000,0.19566563
39.00000000,1796.00000000,0.19566739
39.00000000,1797.00000000,0.19566920
39.00000000,1798.00000000,0.19567113
39.00000000,1799.00000000,0.19567316
39.00000000,1800.00000000,0.19567530
39.00000000,1801.00000000,0.19567754
39.00000000,1802.00000000,0.19567989
39.00000000,1803.00000000,0.19568234
39.00000000,1804.00000000,0.19568490
39.00000000,1805.00000000,0.19570226
39.00000000,1806.00000000,0.19570508
39.00000000,1807.00000000,0.19570801
39.00000000,1808.00000000,0.19571106
39.00000000,1809.00000000,0.19571428
39.00000000,1810.00000000,0.19572248
39.00000000,1811.00000000,0.19572594
39.00000000,1812.00000000,0.19572948
39.00000000,1813.00000000,0.19573309
39.00000000,1814.00000000,0.19573688
39.00000000,1815.00000000,0.19574073
39.00000000,1816.00000000,0.19574468
39.00000000,1817.00000000,0.19574870
39.00000000,1818.00000000,0.19575281
39.00000000,1819.00000000,0.19575697
39.00000000,1820.00000000,0.19576618
39.00000000,1821.00000000,0.19577046
39.00000000,1822.00000000,0.19577485
39.00000000,1823.00000000,0.19577937
39.00000000,1824.00000000,0.19578386
39.00000000,1825.00000000,0.19578850
39.00000000,1826.00000000,0.19579314
39.00000000,1827.00000000,0.19579785
39.00000000,1828.00000000,0.19580260
39.00000000,1829.00000000,0.19580738
39.00000000,1830.00000000,0.19581721
39.00000000,1831.00000000,0.19582207
39.00000000,1832.00000000,0.19582694
39.00000000,1833.00000000,0.19583182
39.00000000,1834.00000000,0.19583673
39.00000000,1835.00000000,0.19584167
39.00000000,1836.00000000,0.19585162
39.00000000,1837.00000000,0.19585660
39.00000000,1838.00000000,0.19586154
39.00000000,1839.00000000,0.19587144
39.00000000,1840.00000000,0.19587644
39.00000000,1841.00000000,0.19589133
39.00000000,1842.00000000,0.19589139
39.00000000,1843.00000000,0.19589643
39.00000000,1844.00000000,0.19590142
39.00000000,1845.00000000,0.19591133
39.00000000,1846.00000000,0.19591629
39.00000000,1847.00000000,0.19592121
39.00000000,1848.00000000,0.19592615
39.00000000,1849.00000000,0.19593100
39.00000000,1850.00000000,0.19594083
39.00000000,1851.00000000,0.19594561
39.00000000,1852.00000000,0.19595036
39.00000000,1853.00000000,0.19595539
39.00000000,1854.00000000,0.19596542
39.00000000,1855.00000000,0.19597533
39.00000000,1856.00000000,0.19598490
39.00000000,1857.00000000,0.19598942
39.00000000,1858.00000000,0.19599382
39.00000000,1859.00000000,0.19599820
39.00000000,1860.00000000,0.19600243
39.00000000,1861.00000000,0.19601159
39.00000000,1862.00000000,0.19602041
39.00000000,1863.00000000,0.19602380
39.00000000,1864.00000000,0.19603179
39.00000000,1865.00000000,0.19603463
39.00000000,1866.00000000,0.19604225
39.00000000,1867.00000000,0.19604473
39.00000000,1868.00000000,0.19604705
39.00000000,1869.00000000,0.19607882
39.00000000,1870.00000000,0.19607584
39.00000000,1871.00000000,0.19607769
39.00000000,1872.00000000,0.19608460
39.00000000,1873.00000000,0.19608712
39.00000000,1874.00000000,0.19609451
39.00000000,1875.00000000,0.19611666
39.00000000,1876.00000000,0.19611893
39.00000000,1877.00000000,0.19612605
39.00000000,1878.00000000,0.19613311
39.00000000,1879.00000000,0.19614519
39.00000000,1880.00000000,0.19615222
39.00000000,1881.00000000,0.19616399
39.00000000,1882.00000000,0.19617047
39.00000000,1883.00000000,0.19618114
39.00000000,1884.00000000,0.19620126
39.00000000,1885.00000000,0.19620119
39.00000000,1886.00000000,0.19621595
39.00000000,1887.00000000,0.19622074
39.00000000,1888.00000000,0.19623527
39.00000000,1889.00000000,0.19625446
39.00000000,1890.00000000,0.19625357
39.00000000,1891.00000000,0.19626706
39.00000000,1892.00000000,0.19627509
39.00000000,1893.00000000,0.19632243
39.00000000,1894.00000000,0.19633027
39.00000000,1895.00000000,0.19635308
39.00000000,1896.00000000,0.19635595
39.00000000,1897.00000000,0.19635868
39.00000000,1898.00000000,0.19638076
39.00000000,1899.00000000,0.19641722
39.00000000,1900.00000000,0.19643306
39.00000000,1901.00000000,0.19643830
39.00000000,1902.00000000,0.19646770
39.00000000,1903.00000000,0.19650165
39.00000000,1904.00000000,0.19653021
39.00000000,1905.00000000,0.19653858
39.00000000,1906.00000000,0.19657233
39.00000000,1907.00000000,0.19658963
39.00000000,1908.00000000,0.19661578
39.00000000,1909.00000000,0.19663121
39.00000000,1910.00000000,0.19666617
39.00000000,1911.00000000,0.19674017
39.00000000,1912.00000000,0.19678382
39.00000000,1913.00000000,0.19672257
39.00000000,1914.00000000,0.19677895
39.00000000,1915.00000000,0.19678117
39.00000000,1916.00000000,0.19678456
39.00000000,1917.00000000,0.19678139
39.00000000,1918.00000000,0.19684027
39.00000000,1919.00000000,0.19695922
39.00000000,1920.00000000,0.19698618
39.00000000,1921.00000000,0.19704482
39.00000000,1922.00000000,0.19712051
39.00000000,1923.00000000,0.19713397
39.00000000,1924.00000000,0.19714295
39.00000000,1925.00000000,0.19716173
39.00000000,1926.00000000,0.19722990
39.00000000,1927.00000000,0.19738701
39.00000000,1928.00000000,0.19738620
39.00000000,1929.00000000,0.19752799
39.00000000,1930.00000000,0.19760547
39.00000000,1931.00000000,0.19761483
39.00000000,1932.00000000,0.19759718
39.00000000,1933.00000000,0.19766642
39.00000000,1934.00000000,0.19778796
39.00000000,1935.00000000,0.19786140
39.00000000,1936.00000000,0.19797444
39.00000000,1937.00000000,0.19810582
39.00000000,1938.00000000,0.19831920
39.00000000,1939.00000000,0.19845717
39.00000000,1940.00000000,0.19854967
39.00000000,1941.00000000,0.19862081
39.00000000,1942.00000000,0.19887259
39.00000000,1943.00000000,0.19890552
39.00000000,1944.00000000,0.19909535
39.00000000,1945.00000000,0.19930960
39.00000000,1946.00000000,0.19968889
39.00000000,1947.00000000,0.19952287
39.00000000,1948.00000000,0.19969779
39.00000000,1949.00000000,0.19986645
39.00000000,1950.00000000,0.19994940
39.00000000,1951.00000000,0.20015836
39.00000000,1952.00000000,0.20046830
39.00000000,1953.00000000,0.19999937
39.00000000,1954.00000000,0.19992706
39.00000000,1955.00000000,0.20022286
39.00000000,1956.00000000,0.20047134
39.00000000,1957.00000000,0.20035537
39.00000000,1958.00000000,0.19968728
39.00000000,1959.00000000,0.20027924
39.00000000,1960.00000000,0.19960777
39.00000000,1961.00000000,0.19977644
39.00000000,1962.00000000,0.20035225
39.00000000,1963.00000000,0.20027445
39.00000000,1964.00000000,0.20028758
39.00000000,1965.00000000,0.20027746
39.00000000,1966.00000000,0.20061362
39.00000000,1967.00000000,0.20057100
39.00000000,1968.00000000,0.20090350
39.00000000,1969.00000000,0.20038338
39.00000000,1970.00000000,0.19975452
39.00000000,1971.00000000,0.19921746
39.00000000,1972.00000000,0.19935750
39.00000000,1973.00000000,0.19965885
39.00000000,1974.00000000,0.19982729
39.00000000,1975.00000000,0.20023384
39.00000000,1976.00000000,0.20052234
39.00000000,1977.00000000,0.20009439
39.00000000,1978.00000000,0.20024082
39.00000000,1979.00000000,0.20066652
39.00000000,1980.00000000,0.20073812
39.00000000,1981.00000000,0.20067847
39.00000000,1982.00000000,0.20082580
39.00000000,1983.00000000,0.20070410
39.00000000,1984.00000000,0.19954034
39.00000000,1985.00000000,0.19985799
39.00000000,1986.00000000,0.20055303
39.00000000,1987.00000000,0.20087437
39.00000000,1988.00000000,0.20057642
39.00000000,1989.00000000,0.20155518
39.00000000,1990.00000000,0.20217684
39.00000000,1991.00000000,0.20226180
39.00000000,1992.00000000,0.20243202
39.00000000,1993.00000000,0.20250348
39.00000000,1994.00000000,0.20333277
39.00000000,1995.00000000,0.20395740
39.00000000,1996.00000000,0.20437536
39.00000000,1997.00000000,0.20463916
39.00000000,1998.00000000,0.20525567
39.00000000,1999.00000000,0.20579188
39.00000000,2000.00000000,0.20585433
39.00000000,2001.00000000,0.20635409
39.00000000,2002.00000000,0.20706059
39.00000000,2003.00000000,0.20782735
39.00000000,2004.00000000,0.20847986
39.00000000,2005.00000000,0.20923816
39.00000000,2006.00000000,0.20972372
39.00000000,2007.00000000,0.21054574
39.00000000,2008.00000000,0.21152964
39.00000000,2009.00000000,0.21281740
39.00000000,2010.00000000,0.21350893
39.00000000,2011.00000000,0.21425727
39.00000000,2012.00000000,0.21532944
39.00000000,2013.00000000,0.21529092
39.00000000,2014.00000000,0.21506078
39.00000000,2015.00000000,0.21626570
39.00000000,2016.00000000,0.21687034
39.00000000,2017.00000000,0.21712793
39.00000000,2018.00000000,0.21837614
39.00000000,2019.00000000,0.21798438
39.00000000,2020.00000000,0.21705950
39.00000000,2021.00000000,0.21672530
39.00000000,2022.00000000,0.21650336
39.00000000,2023.00000000,0.21722959
39.00000000,2024.00000000,0.21782672
39.00000000,2025.00000000,0.21847879
39.00000000,2026.00000000,0.21901724
39.00000000,2027.00000000,0.21988060
39.00000000,2028.00000000,0.22032766
39.00000000,2029.00000000,0.22043653
39.00000000,2030.00000000,0.22071688
39.00000000,2031.00000000,0.21999862
39.00000000,2032.00000000,0.21986966
39.00000000,2033.00000000,0.22027580
39.00000000,2034.00000000,0.22073671
39.00000000,2035.00000000,0.22123291
39.00000000,2036.00000000,0.22158749
39.00000000,2037.00000000,0.22127176
39.00000000,2038.00000000,0.22101202
39.00000000,2039.00000000,0.22163245
39.00000000,2040.00000000,0.22222669
39.00000000,2041.00000000,0.22230725
39.00000000,2042.00000000,0.22373429
39.00000000,2043.00000000,0.22538889
39.00000000,2044.00000000,0.22662640
39.00000000,2045.00000000,0.22734444
39.00000000,2046.00000000,0.22805921
39.00000000,2047.00000000,0.22877095
39.00000000,2048.00000000,0.22947836
39.00000000,2049.00000000,0.23018171
39.00000000,2050.00000000,0.23121133
39.00000000,2051.00000000,0.23223663
39.00000000,2052.00000000,0.23325788
39.00000000,2053.00000000,0.23427509
39.00000000,2054.00000000,0.23528845
39.00000000,2055.00000000,0.23629812
39.00000000,2056.00000000,0.23730416
39.00000000,2057.00000000,0.23830659
39.00000000,2058.00000000,0.23930562
39.00000000,2059.00000000,0.24030128
39.00000000,2060.00000000,0.24114914
39.00000000,2061.00000000,0.24199466
39.00000000,2062.00000000,0.24283922
39.00000000,2063.00000000,0.24368509
39.00000000,2064.00000000,0.24453326
39.00000000,2065.00000000,0.24538472
39.00000000,2066.00000000,0.24623998
39.00000000,2067.00000000,0.24709935
39.00000000,2068.00000000,0.24796277
39.00000000,2069.00000000,0.24883040
39.00000000,2070.00000000,0.24999941
39.00000000,2071.00000000,0.25117188
39.00000000,2072.00000000,0.25234919
39.00000000,2073.00000000,0.25353253
39.00000000,2074.00000000,0.25472252
39.00000000,2075.00000000,0.25591967
39.00000000,2076.00000000,0.25712364
39.00000000,2077.00000000,0.25833450
39.00000000,2078.00000000,0.25955178
39.00000000,2079.00000000,0.26077497
39.00000000,2080.00000000,0.26221826
39.00000000,2081.00000000,0.26366639
39.00000000,2082.00000000,0.26511953
39.00000000,2083.00000000,0.26657799
39.00000000,2084.00000000,0.26804178
39.00000000,2085.00000000,0.26951054
39.00000000,2086.00000000,0.27098393
39.00000000,2087.00000000,0.27246126
39.00000000,2088.00000000,0.27394215
39.00000000,2089.00000000,0.27542579
39.00000000,2090.00000000,0.27689948
39.00000000,2091.00000000,0.27837507
39.00000000,2092.00000000,0.27985266
39.00000000,2093.00000000,0.28133249
39.00000000,2094.00000000,0.28281468
39.00000000,2095.00000000,0.28429891
39.00000000,2096.00000000,0.28578459
39.00000000,2097.00000000,0.28727137
39.00000000,2098.00000000,0.28875854
39.00000000,2099.00000000,0.29024530
39.00000000,2100.00000000,0.29126906
39.00000000,2101.00000000,0.29229184
39.00000000,2102.00000000,0.29331431
39.00000000,2103.00000000,0.29433663
39.00000000,2104.00000000,0.29535865
39.00000000,2105.00000000,0.29638048
39.00000000,2106.00000000,0.29740162
39.00000000,2107.00000000,0.29842171
39.00000000,2108.00000000,0.29944034
39.00000000,2109.00000000,0.30045709
39.00000000,2110.00000000,0.30105767
39.00000000,2111.00000000,0.30165602
39.00000000,2112.00000000,0.30225168
39.00000000,2113.00000000,0.30284463
39.00000000,2114.00000000,0.30343460
39.00000000,2115.00000000,0.30402113
39.00000000,2116.00000000,0.30460432
39.00000000,2117.00000000,0.30518378
39.00000000,2118.00000000,0.30575925
39.00000000,2119.00000000,0.30633067
39.00000000,2120.00000000,0.30666854
39.00000000,2121.00000000,0.30700222
39.00000000,2122.00000000,0.30733162
39.00000000,2123.00000000,0.30765666
39.00000000,2124.00000000,0.30797727
39.00000000,2125.00000000,0.30829346
39.00000000,2126.00000000,0.30860499
39.00000000,2127.00000000,0.30891199
39.00000000,2128.00000000,0.30921438
39.00000000,2129.00000000,0.30951192
39.00000000,2130.00000000,0.30957069
39.00000000,2131.00000000,0.30962495
39.00000000,2132.00000000,0.30967468
39.00000000,2133.00000000,0.30972011
39.00000000,2134.00000000,0.30976115
39.00000000,2135.00000000,0.30979778
39.00000000,2136.00000000,0.30983023
39.00000000,2137.00000000,0.30985831
39.00000000,2138.00000000,0.30988232
39.00000000,2139.00000000,0.30990206
39.00000000,2140.00000000,0.30973991
39.00000000,2141.00000000,0.30957401
39.00000000,2142.00000000,0.30940443
39.00000000,2143.00000000,0.30923111
39.00000000,2144.00000000,0.30905440
39.00000000,2145.00000000,0.30887415
39.00000000,2146.00000000,0.30869061
39.00000000,2147.00000000,0.30850373
39.00000000,2148.00000000,0.30831372
39.00000000,2149.00000000,0.30812055
39.00000000,2150.00000000,0.30792437
39.00000000,2151.00000000,0.30772686
39.00000000,2152.00000000,0.30753280
39.00000000,2153.00000000,0.30734681
39.00000000,2154.00000000,0.30717090
39.00000000,2155.00000000,0.30700641
39.00000000,2156.00000000,0.30685337
39.00000000,2157.00000000,0.30671164
39.00000000,2158.00000000,0.30658100
39.00000000,2159.00000000,0.30646106
39.00000000,2160.00000000,0.30635115
39.00000000,2161.00000000,0.30625103
39.00000000,2162.00000000,0.30616002
39.00000000,2163.00000000,0.30607774
39.00000000,2164.00000000,0.30600385
39.00000000,2165.00000000,0.30593763
39.00000000,2166.00000000,0.30587895
39.00000000,2167.00000000,0.30582728
39.00000000,2168.00000000,0.30578216
39.00000000,2169.00000000,0.30574339
39.00000000,2170.00000000,0.30571056
39.00000000,2171.00000000,0.30568323
39.00000000,2172.00000000,0.30566127
39.00000000,2173.00000000,0.30564416
39.00000000,2174.00000000,0.30563184
39.00000000,2175.00000000,0.30562394
39.00000000,2176.00000000,0.30562003
39.00000000,2177.00000000,0.30562010
39.00000000,2178.00000000,0.30562380
39.00000000,2179.00000000,0.30563077
39.00000000,2180.00000000,0.30564101
39.00000000,2181.00000000,0.30565417
39.00000000,2182.00000000,0.30566997
39.00000000,2183.00000000,0.30568837
39.00000000,2184.00000000,0.30570908
39.00000000,2185.00000000,0.30573186
39.00000000,2186.00000000,0.30575658
39.00000000,2187.00000000,0.30578302
39.00000000,2188.00000000,0.30581098
39.00000000,2189.00000000,0.30584018
39.00000000,2190.00000000,0.30470631
39.00000000,2191.00000000,0.30357362
39.00000000,2192.00000000,0.30244211
39.00000000,2193.00000000,0.30131188
39.00000000,2194.00000000,0.30018299
39.00000000,2195.00000000,0.29905554
39.00000000,2196.00000000,0.29792952
39.00000000,2197.00000000,0.29680509
39.00000000,2198.00000000,0.29568223
39.00000000,2199.00000000,0.29456107
39.00000000,2200.00000000,0.29344162
39.00000000,2201.00000000,0.29232385
39.00000000,2202.00000000,0.29120794
39.00000000,2203.00000000,0.29009384
39.00000000,2204.00000000,0.28898155
39.00000000,2205.00000000,0.28787126
39.00000000,2206.00000000,0.28676290
39.00000000,2207.00000000,0.28565645
39.00000000,2208.00000000,0.28455202
39.00000000,2209.00000000,0.28344957
39.00000000,2210.00000000,0.28234919
39.00000000,2211.00000000,0.28125085
39.00000000,2212.00000000,0.28015456
39.00000000,2213.00000000,0.27906040
39.00000000,2214.00000000,0.27796835
39.00000000,2215.00000000,0.27687835
39.00000000,2216.00000000,0.27579051
39.00000000,2217.00000000,0.27470476
39.00000000,2218.00000000,0.27362115
39.00000000,2219.00000000,0.27253965
39.00000000,2220.00000000,0.27146027
39.00000000,2221.00000000,0.27038299
39.00000000,2222.00000000,0.26930790
39.00000000,2223.00000000,0.26823489
39.00000000,2224.00000000,0.26716407
39.00000000,2225.00000000,0.26609536
39.00000000,2226.00000000,0.26502873
39.00000000,2227.00000000,0.26396422
39.00000000,2228.00000000,0.26290186
39.00000000,2229.00000000,0.26184149
39.00000000,2230.00000000,0.26078323
39.00000000,2231.00000000,0.25972707
39.00000000,2232.00000000,0.25867289
39.00000000,2233.00000000,0.25762081
39.00000000,2234.00000000,0.25657069
39.00000000,2235.00000000,0.25552266
39.00000000,2236.00000000,0.25447657
39.00000000,2237.00000000,0.25343241
39.00000000,2238.00000000,0.25239023
39.00000000,2239.00000000,0.25135001
39.00000000,2240.00000000,0.25031164
39.00000000,2241.00000000,0.24927524
39.00000000,2242.00000000,0.24824072
39.00000000,2243.00000000,0.24720796
39.00000000,2244.00000000,0.24617707
39.00000000,2245.00000000,0.24514796
39.00000000,2246.00000000,0.24412060
39.00000000,2247.00000000,0.24309502
39.00000000,2248.00000000,0.24207118
39.00000000,2249.00000000,0.24104875
39.00000000,2250.00000000,0.24002613
39.00000000,2251.00000000,0.23900023
39.00000000,2252.00000000,0.23796830
39.00000000,2253.00000000,0.23692880
39.00000000,2254.00000000,0.23588117
39.00000000,2255.00000000,0.23482533
39.00000000,2256.00000000,0.23376137
39.00000000,2257.00000000,0.23268944
39.00000000,2258.00000000,0.23160981
39.00000000,2259.00000000,0.23052268
39.00000000,2260.00000000,0.22942844
39.00000000,2261.00000000,0.22832745
39.00000000,2262.00000000,0.22722016
39.00000000,2263.00000000,0.22610715
39.00000000,2264.00000000,0.22498870
39.00000000,2265.00000000,0.22386512
39.00000000,2266.00000000,0.22273677
39.00000000,2267.00000000,0.22160392
39.00000000,2268.00000000,0.22046674
39.00000000,2269.00000000,0.21932556
39.00000000,2270.00000000,0.21818057
39.00000000,2271.00000000,0.21703206
39.00000000,2272.00000000,0.21588019
39.00000000,2273.00000000,0.21472517
39.00000000,2274.00000000,0.21356725
39.00000000,2275.00000000,0.21240663
39.00000000,2276.00000000,0.21124345
39.00000000,2277.00000000,0.21007796
39.00000000,2278.00000000,0.20891035
39.00000000,2279.00000000,0.20774074
39.00000000,2280.00000000,0.20656936
39.00000000,2281.00000000,0.20539637
39.00000000,2282.00000000,0.20422190
39.00000000,2283.00000000,0.20304613
39.00000000,2284.00000000,0.20186919
39.00000000,2285.00000000,0.20069130
39.00000000,2286.00000000,0.19951259
39.00000000,2287.00000000,0.19833320
39.00000000,2288.00000000,0.19740904
39.00000000,2289.00000000,0.19723766
39.00000000,2290.00000000,0.19727211
39.00000000,2291.00000000,0.19730675
39.00000000,2292.00000000,0.19734150
39.00000000,2293.00000000,0.19737636
39.00000000,2294.00000000,0.19741139
39.00000000,2295.00000000,0.19747879
39.00000000,2296.00000000,0.19754634
39.00000000,2297.00000000,0.19761402
39.00000000,2298.00000000,0.19768177
39.00000000,2299.00000000,0.19774965
39.00000000,2300.00000000,0.19775373
39.00000000,2301.00000000,0.19775785
39.00000000,2302.00000000,0.19776205
39.00000000,2303.00000000,0.19776626
39.00000000,2304.00000000,0.19777047
39.00000000,2305.00000000,0.19777470
39.00000000,2306.00000000,0.19777896
39.00000000,2307.00000000,0.19778320
39.00000000,2308.00000000,0.19778749
39.00000000,2309.00000000,0.19779174
39.00000000,2310.00000000,0.19779603
39.00000000,2311.00000000,0.19780035
39.00000000,2312.00000000,0.19780464
39.00000000,2313.00000000,0.19780899
39.00000000,2314.00000000,0.19781334
39.00000000,2315.00000000,0.19781490
39.00000000,2316.00000000,0.19781650
39.00000000,2317.00000000,0.19781814
39.00000000,2318.00000000,0.19781972
39.00000000,2319.00000000,0.19782137
39.00000000,2320.00000000,0.19782299
39.00000000,2321.00000000,0.19782467
39.00000000,2322.00000000,0.19782636
39.00000000,2323.00000000,0.19782803
39.00000000,2324.00000000,0.19782973
39.00000000,2325.00000000,0.19783147
39.00000000,2326.00000000,0.19783317
39.00000000,2327.00000000,0.19783494
39.00000000,2328.00000000,0.19783673
39.00000000,2329.00000000,0.19783849
39.00000000,2330.00000000,0.19784031
39.00000000,2331.00000000,0.19784210
39.00000000,2332.00000000,0.19784395
39.00000000,2333.00000000,0.19784583
39.00000000,2334.00000000,0.19784768
39.00000000,2335.00000000,0.19784959
39.00000000,2336.00000000,0.19785152
39.00000000,2337.00000000,0.19785342
39.00000000,2338.00000000,0.19785540
39.00000000,2339.00000000,0.19785739
39.00000000,2340.00000000,0.19786551
39.00000000,2341.00000000,0.19787372
39.00000000,2342.00000000,0.19788194
39.00000000,2343.00000000,0.19789015
39.00000000,2344.00000000,0.19789843
39.00000000,2345.00000000,0.19790669
39.00000000,2346.00000000,0.19791500
39.00000000,2347.00000000,0.19792333
39.00000000,2348.00000000,0.19793164
39.00000000,2349.00000000,0.19794002
39.00000000,2350.00000000,0.19794841
39.00000000,2351.00000000,0.19795680
39.00000000,2352.00000000,0.19796525
39.00000000,2353.00000000,0.19797371
39.00000000,2354.00000000,0.19798217
39.00000000,2355.00000000,0.19799070
39.00000000,2356.00000000,0.19799923
39.00000000,2357.00000000,0.19800782
39.00000000,2358.00000000,0.19801645
39.00000000,2359.00000000,0.19802506
39.00000000,2360.00000000,0.19803375
39.00000000,2361.00000000,0.19804246
39.00000000,2362.00000000,0.19805115
39.00000000,2363.00000000,0.19805993
39.00000000,2364.00000000,0.19806871
39.00000000,2365.00000000,0.19807749
39.00000000,2366.00000000,0.19808634
39.00000000,2367.00000000,0.19809520
39.00000000,2368.00000000,0.19810404
39.00000000,2369.00000000,0.19811297
39.00000000,2370.00000000,0.19812186
39.00000000,2371.00000000,0.19813084
39.00000000,2372.00000000,0.19813981
39.00000000,2373.00000000,0.19814878
39.00000000,2374.00000000,0.19815780
39.00000000,2375.00000000,0.19816686
39.00000000,2376.00000000,0.19817587
39.00000000,2377.00000000,0.19818497
39.00000000,2378.00000000,0.19819408
39.00000000,2379.00000000,0.19820315
39.00000000,2380.00000000,0.19821230
39.00000000,2381.00000000,0.19822141
39.00000000,2382.00000000,0.19823060
39.00000000,2383.00000000,0.19823979
39.00000000,2384.00000000,0.19824895
39.00000000,2385.00000000,0.19825819
39.00000000,2386.00000000,0.19826743
39.00000000,2387.00000000,0.19827664
39.00000000,2388.00000000,0.19828591
39.00000000,2389.00000000,0.19829520
39.00000000,2390.00000000,0.19830270
39.00000000,2391.00000000,0.19831025
39.00000000,2392.00000000,0.19831781
39.00000000,2393.00000000,0.19832533
39.00000000,2394.00000000,0.19833292
39.00000000,2395.00000000,0.19834048
39.00000000,2396.00000000,0.19834809
39.00000000,2397.00000000,0.19835571
39.00000000,2398.00000000,0.19836331
39.00000000,2399.00000000,0.19837095
39.00000000,2400.00000000,0.19837863
39.00000000,2401.00000000,0.19838624
39.00000000,2402.00000000,0.19839394
39.00000000,2403.00000000,0.19840165
39.00000000,2404.00000000,0.19840934
39.00000000,2405.00000000,0.19841710
39.00000000,2406.00000000,0.19842483
39.00000000,2407.00000000,0.19843265
39.00000000,2408.00000000,0.19844048
39.00000000,2409.00000000,0.19844828
39.00000000,2410.00000000,0.19845617
39.00000000,2411.00000000,0.19846408
39.00000000,2412.00000000,0.19847193
39.00000000,2413.00000000,0.19847988
39.00000000,2414.00000000,0.19848785
39.00000000,2415.00000000,0.19849579
39.00000000,2416.00000000,0.19850380
39.00000000,2417.00000000,0.19851177
39.00000000,2418.00000000,0.19851982
39.00000000,2419.00000000,0.19852789
39.00000000,2420.00000000,0.19853591
39.00000000,2421.00000000,0.19854403
39.00000000,2422.00000000,0.19855215
39.00000000,2423.00000000,0.19856023
39.00000000,2424.00000000,0.19856840
39.00000000,2425.00000000,0.19857656
39.00000000,2426.00000000,0.19858469
39.00000000,2427.00000000,0.19859290
39.00000000,2428.00000000,0.19860113
39.00000000,2429.00000000,0.19860930
39.00000000,2430.00000000,0.19861755
39.00000000,2431.00000000,0.19862576
39.00000000,2432.00000000,0.19863403
39.00000000,2433.00000000,0.19864233
39.00000000,2434.00000000,0.19865057
39.00000000,2435.00000000,0.19865890
39.00000000,2436.00000000,0.19866724
39.00000000,2437.00000000,0.19867551
39.00000000,2438.00000000,0.19868388
39.00000000,2439.00000000,0.19869225
39.00000000,2440.00000000,0.19869868
39.00000000,2441.00000000,0.19870521
39.00000000,2442.00000000,0.19871166
39.00000000,2443.00000000,0.19871821
39.00000000,2444.00000000,0.19872476
39.00000000,2445.00000000,0.19873124
39.00000000,2446.00000000,0.19873781
39.00000000,2447.00000000,0.19874441
39.00000000,2448.00000000,0.19875091
39.00000000,2449.00000000,0.19875753
39.00000000,2450.00000000,0.19876413
39.00000000,2451.00000000,0.19877068
39.00000000,2452.00000000,0.19877731
39.00000000,2453.00000000,0.19878394
39.00000000,2454.00000000,0.19879049
39.00000000,2455.00000000,0.19879712
39.00000000,2456.00000000,0.19880368
39.00000000,2457.00000000,0.19881031
39.00000000,2458.00000000,0.19881696
39.00000000,2459.00000000,0.19882351
39.00000000,2460.00000000,0.19883015
39.00000000,2461.00000000,0.19883679
39.00000000,2462.00000000,0.19884334
39.00000000,2463.00000000,0.19885000
39.00000000,2464.00000000,0.19885664
39.00000000,2465.00000000,0.19886320
39.00000000,2466.00000000,0.19886986
39.00000000,2467.00000000,0.19887643
39.00000000,2468.00000000,0.19888308
39.00000000,2469.00000000,0.19888975
39.00000000,2470.00000000,0.19889633
39.00000000,2471.00000000,0.19890300
39.00000000,2472.00000000,0.19890966
39.00000000,2473.00000000,0.19891625
39.00000000,2474.00000000,0.19892293
39.00000000,2475.00000000,0.19892962
39.00000000,2476.00000000,0.19893621
39.00000000,2477.00000000,0.19894291
39.00000000,2478.00000000,0.19894950
39.00000000,2479.00000000,0.19895622
39.00000000,2480.00000000,0.19896293
39.00000000,2481.00000000,0.19896955
39.00000000,2482.00000000,0.19897627
39.00000000,2483.00000000,0.19898301
39.00000000,2484.00000000,0.19898964
39.00000000,2485.00000000,0.19899640
39.00000000,2486.00000000,0.19900315
39.00000000,2487.00000000,0.19900981
39.00000000,2488.00000000,0.19901659
39.00000000,2489.00000000,0.19902335
39.00000000,2490.00000000,0.19903127
39.00000000,2491.00000000,0.19903931
39.00000000,2492.00000000,0.19904725
39.00000000,2493.00000000,0.19905530
39.00000000,2494.00000000,0.19906337
39.00000000,2495.00000000,0.19907133
39.00000000,2496.00000000,0.19907942
39.00000000,2497.00000000,0.19908751
39.00000000,2498.00000000,0.19909552
39.00000000,2499.00000000,0.19910364
39.00000000,2500.00000000,0.19911177
40.00000000,1765.00000000,0.18963059
40.00000000,1766.00000000,0.18963064
40.00000000,1767.00000000,0.18963056
40.00000000,1768.00000000,0.18963073
40.00000000,1769.00000000,0.18963075
40.00000000,1770.00000000,0.18963100
40.00000000,1771.00000000,0.18963118
40.00000000,1772.00000000,0.18963149
40.00000000,1773.00000000,0.18963180
40.00000000,1774.00000000,0.18963213
40.00000000,1775.00000000,0.18963260
40.00000000,1776.00000000,0.18963323
40.00000000,1777.00000000,0.18963364
40.00000000,1778.00000000,0.18963435
40.00000000,1779.00000000,0.18963512
40.00000000,1780.00000000,0.18963584
40.00000000,1781.00000000,0.18963671
40.00000000,1782.00000000,0.18963754
40.00000000,1783.00000000,0.18963858
40.00000000,1784.00000000,0.18963959
40.00000000,1785.00000000,0.18964064
40.00000000,1786.00000000,0.18964177
40.00000000,1787.00000000,0.18964299
40.00000000,1788.00000000,0.18964430
40.00000000,1789.00000000,0.18964566
40.00000000,1790.00000000,0.18964709
40.00000000,1791.00000000,0.18964860
40.00000000,1792.00000000,0.18965027
40.00000000,1793.00000000,0.18965195
40.00000000,1794.00000000,0.18965372
40.00000000,1795.00000000,0.18965553
40.00000000,1796.00000000,0.18965747
40.00000000,1797.00000000,0.18965951
40.00000000,1798.00000000,0.18966161
40.00000000,1799.00000000,0.18966388
40.00000000,1800.00000000,0.18966618
40.00000000,1801.00000000,0.18966862
40.00000000,1802.00000000,0.18967120
40.00000000,1803.00000000,0.18967382
40.00000000,1804.00000000,0.18967662
40.00000000,1805.00000000,0.18967947
40.00000000,1806.00000000,0.18969685
40.00000000,1807.00000000,0.18970005
40.00000000,1808.00000000,0.18970329
40.00000000,1809.00000000,0.18970673
40.00000000,1810.00000000,0.18971027
40.00000000,1811.00000000,0.18971877
40.00000000,1812.00000000,0.18972256
40.00000000,1813.00000000,0.18972647
40.00000000,1814.00000000,0.18973050
40.00000000,1815.00000000,0.18973462
40.00000000,1816.00000000,0.18973890
40.00000000,1817.00000000,0.18974318
40.00000000,1818.00000000,0.18974762
40.00000000,1819.00000000,0.18975205
40.00000000,1820.00000000,0.18975660
40.00000000,1821.00000000,0.18976610
40.00000000,1822.00000000,0.18977079
40.00000000,1823.00000000,0.18977564
40.00000000,1824.00000000,0.18978050
40.00000000,1825.00000000,0.18978545
40.00000000,1826.00000000,0.18979044
40.00000000,1827.00000000,0.18979553
40.00000000,1828.00000000,0.18980061
40.00000000,1829.00000000,0.18980578
40.00000000,1830.00000000,0.18981101
40.00000000,1831.00000000,0.18982107
40.00000000,1832.00000000,0.18982635
40.00000000,1833.00000000,0.18983157
40.00000000,1834.00000000,0.18983691
40.00000000,1835.00000000,0.18984220
40.00000000,1836.00000000,0.18984761
40.00000000,1837.00000000,0.18985781
40.00000000,1838.00000000,0.18986319
40.00000000,1839.00000000,0.18986860
40.00000000,1840.00000000,0.18987877
40.00000000,1841.00000000,0.18988424
40.00000000,1842.00000000,0.18989929
40.00000000,1843.00000000,0.18989993
40.00000000,1844.00000000,0.18990535
40.00000000,1845.00000000,0.18991077
40.00000000,1846.00000000,0.18992103
40.00000000,1847.00000000,0.18992636
40.00000000,1848.00000000,0.18993175
40.00000000,1849.00000000,0.18993708
40.00000000,1850.00000000,0.18994240
40.00000000,1851.00000000,0.18995247
40.00000000,1852.00000000,0.18995771
40.00000000,1853.00000000,0.18996324
40.00000000,1854.00000000,0.18996879
40.00000000,1855.00000000,0.18997906
40.00000000,1856.00000000,0.18998910
40.00000000,1857.00000000,0.18999898
40.00000000,1858.00000000,0.19000389
40.00000000,1859.00000000,0.19000880
40.00000000,1860.00000000,0.19001362
40.00000000,1861.00000000,0.19001835
40.00000000,1862.00000000,0.19002764
40.00000000,1863.00000000,0.19003630
40.00000000,1864.00000000,0.19003992
40.00000000,1865.00000000,0.19004805
40.00000000,1866.00000000,0.19005122
40.00000000,1867.00000000,0.19005897
40.00000000,1868.00000000,0.19006176
40.00000000,1869.00000000,0.19006430
40.00000000,1870.00000000,0.19009571
40.00000000,1871.00000000,0.19009310
40.00000000,1872.00000000,0.19009557
40.00000000,1873.00000000,0.19010335
40.00000000,1874.00000000,0.19010633
40.00000000,1875.00000000,0.19011412
40.00000000,1876.00000000,0.19013632
40.00000000,1877.00000000,0.19013920
40.00000000,1878.00000000,0.19014681
40.00000000,1879.00000000,0.19015451
40.00000000,1880.00000000,0.19016692
40.00000000,1881.00000000,0.19017442
40.00000000,1882.00000000,0.19018641
40.00000000,1883.00000000,0.19019277
40.00000000,1884.00000000,0.19020354
40.00000000,1885.00000000,0.19022366
40.00000000,1886.00000000,0.19022429
40.00000000,1887.00000000,0.19023942
40.00000000,1888.00000000,0.19024481
40.00000000,1889.00000000,0.19025943
40.00000000,1890.00000000,0.19027863
40.00000000,1891.00000000,0.19027805
40.00000000,1892.00000000,0.19029161
40.00000000,1893.00000000,0.19030005
40.00000000,1894.00000000,0.19034711
40.00000000,1895.00000000,0.19035577
40.00000000,1896.00000000,0.19037880
40.00000000,1897.00000000,0.19038227
40.00000000,1898.00000000,0.19038543
40.00000000,1899.00000000,0.19040743
40.00000000,1900.00000000,0.19044310
40.00000000,1901.00000000,0.19045875
40.00000000,1902.00000000,0.19046436
40.00000000,1903.00000000,0.19049353
40.00000000,1904.00000000,0.19052718
40.00000000,1905.00000000,0.19055556
40.00000000,1906.00000000,0.19056436
40.00000000,1907.00000000,0.19059769
40.00000000,1908.00000000,0.19061467
40.00000000,1909.00000000,0.19064056
40.00000000,1910.00000000,0.19065654
40.00000000,1911.00000000,0.19069149
40.00000000,1912.00000000,0.19076437
40.00000000,1913.00000000,0.19080732
40.00000000,1914.00000000,0.19074796
40.00000000,1915.00000000,0.19080460
40.00000000,1916.00000000,0.19080925
40.00000000,1917.00000000,0.19081476
40.00000000,1918.00000000,0.19081324
40.00000000,1919.00000000,0.19087280
40.00000000,1920.00000000,0.19099214
40.00000000,1921.00000000,0.19102173
40.00000000,1922.00000000,0.19108252
40.00000000,1923.00000000,0.19115966
40.00000000,1924.00000000,0.19117449
40.00000000,1925.00000000,0.19118436
40.00000000,1926.00000000,0.19120383
40.00000000,1927.00000000,0.19127190
40.00000000,1928.00000000,0.19142674
40.00000000,1929.00000000,0.19142673
40.00000000,1930.00000000,0.19156647
40.00000000,1931.00000000,0.19164479
40.00000000,1932.00000000,0.19165787
40.00000000,1933.00000000,0.19164479
40.00000000,1934.00000000,0.19171672
40.00000000,1935.00000000,0.19183821
40.00000000,1936.00000000,0.19191137
40.00000000,1937.00000000,0.19202195
40.00000000,1938.00000000,0.19214980
40.00000000,1939.00000000,0.19235854
40.00000000,1940.00000000,0.19249407
40.00000000,1941.00000000,0.19258439
40.00000000,1942.00000000,0.19265358
40.00000000,1943.00000000,0.19290004
40.00000000,1944.00000000,0.19293296
40.00000000,1945.00000000,0.19312035
40.00000000,1946.00000000,0.19333395
40.00000000,1947.00000000,0.19370991
40.00000000,1948.00000000,0.19355024
40.00000000,1949.00000000,0.19372235
40.00000000,1950.00000000,0.19388813
40.00000000,1951.00000000,0.19396954
40.00000000,1952.00000000,0.19417411
40.00000000,1953.00000000,0.19447654
40.00000000,1954.00000000,0.19401762
40.00000000,1955.00000000,0.19394766
40.00000000,1956.00000000,0.19423716
40.00000000,1957.00000000,0.19447968
40.00000000,1958.00000000,0.19436561
40.00000000,1959.00000000,0.19371206
40.00000000,1960.00000000,0.19428968
40.00000000,1961.00000000,0.19363262
40.00000000,1962.00000000,0.19379866
40.00000000,1963.00000000,0.19436315
40.00000000,1964.00000000,0.19428799
40.00000000,1965.00000000,0.19430112
40.00000000,1966.00000000,0.19429121
40.00000000,1967.00000000,0.19461998
40.00000000,1968.00000000,0.19457825
40.00000000,1969.00000000,0.19490266
40.00000000,1970.00000000,0.19439277
40.00000000,1971.00000000,0.19377508
40.00000000,1972.00000000,0.19324640
40.00000000,1973.00000000,0.19338101
40.00000000,1974.00000000,0.19367429
40.00000000,1975.00000000,0.19383994
40.00000000,1976.00000000,0.19424123
40.00000000,1977.00000000,0.19452765
40.00000000,1978.00000000,0.19411282
40.00000000,1979.00000000,0.19425942
40.00000000,1980.00000000,0.19467882
40.00000000,1981.00000000,0.19475371
40.00000000,1982.00000000,0.19470524
40.00000000,1983.00000000,0.19486295
40.00000000,1984.00000000,0.19475752
40.00000000,1985.00000000,0.19363095
40.00000000,1986.00000000,0.19395042
40.00000000,1987.00000000,0.19463689
40.00000000,1988.00000000,0.19495676
40.00000000,1989.00000000,0.19467001
40.00000000,1990.00000000,0.19563152
40.00000000,1991.00000000,0.19624487
40.00000000,1992.00000000,0.19633531
40.00000000,1993.00000000,0.19651064
40.00000000,1994.00000000,0.19659152
40.00000000,1995.00000000,0.19741311
40.00000000,1996.00000000,0.19803301
40.00000000,1997.00000000,0.19844944
40.00000000,1998.00000000,0.19871474
40.00000000,1999.00000000,0.19932635
40.00000000,2000.00000000,0.19986059
40.00000000,2001.00000000,0.19993058
40.00000000,2002.00000000,0.20042708
40.00000000,2003.00000000,0.20112567
40.00000000,2004.00000000,0.20187998
40.00000000,2005.00000000,0.20251847
40.00000000,2006.00000000,0.20325782
40.00000000,2007.00000000,0.20373077
40.00000000,2008.00000000,0.20453407
40.00000000,2009.00000000,0.20549685
40.00000000,2010.00000000,0.20675774
40.00000000,2011.00000000,0.20743627
40.00000000,2012.00000000,0.20817041
40.00000000,2013.00000000,0.20922075
40.00000000,2014.00000000,0.20918494
40.00000000,2015.00000000,0.20896183
40.00000000,2016.00000000,0.21014194
40.00000000,2017.00000000,0.21073546
40.00000000,2018.00000000,0.21099009
40.00000000,2019.00000000,0.21221353
40.00000000,2020.00000000,0.21183425
40.00000000,2021.00000000,0.21093441
40.00000000,2022.00000000,0.21061281
40.00000000,2023.00000000,0.21040188
40.00000000,2024.00000000,0.21111861
40.00000000,2025.00000000,0.21170980
40.00000000,2026.00000000,0.21235526
40.00000000,2027.00000000,0.21289013
40.00000000,2028.00000000,0.21374297
40.00000000,2029.00000000,0.21418920
40.00000000,2030.00000000,0.21430523
40.00000000,2031.00000000,0.21458886
40.00000000,2032.00000000,0.21389593
40.00000000,2033.00000000,0.21377820
40.00000000,2034.00000000,0.21418301
40.00000000,2035.00000000,0.21464112
40.00000000,2036.00000000,0.21513365
40.00000000,2037.00000000,0.21548780
40.00000000,2038.00000000,0.21518701
40.00000000,2039.00000000,0.21494115
40.00000000,2040.00000000,0.21555586
40.00000000,2041.00000000,0.21614514
40.00000000,2042.00000000,0.21623210
40.00000000,2043.00000000,0.21763473
40.00000000,2044.00000000,0.21925957
40.00000000,2045.00000000,0.22047679
40.00000000,2046.00000000,0.22118648
40.00000000,2047.00000000,0.22189319
40.00000000,2048.00000000,0.22259732
40.00000000,2049.00000000,0.22329756
40.00000000,2050.00000000,0.22399424
40.00000000,2051.00000000,0.22501019
40.00000000,2052.00000000,0.22602236
40.00000000,2053.00000000,0.22703103
40.00000000,2054.00000000,0.22803617
40.00000000,2055.00000000,0.22903797
40.00000000,2056.00000000,0.23003653
40.00000000,2057.00000000,0.23103193
40.00000000,2058.00000000,0.23202414
40.00000000,2059.00000000,0.23301337
40.00000000,2060.00000000,0.23399961
40.00000000,2061.00000000,0.23484211
40.00000000,2062.00000000,0.23568402
40.00000000,2063.00000000,0.23652702
40.00000000,2064.00000000,0.23737261
40.00000000,2065.00000000,0.23822140
40.00000000,2066.00000000,0.23907397
40.00000000,2067.00000000,0.23993045
40.00000000,2068.00000000,0.24079115
40.00000000,2069.00000000,0.24165584
40.00000000,2070.00000000,0.24252462
40.00000000,2071.00000000,0.24368838
40.00000000,2072.00000000,0.24485677
40.00000000,2073.00000000,0.24603144
40.00000000,2074.00000000,0.24721277
40.00000000,2075.00000000,0.24840120
40.00000000,2076.00000000,0.24959667
40.00000000,2077.00000000,0.25079891
40.00000000,2078.00000000,0.25200762
40.00000000,2079.00000000,0.25322243
40.00000000,2080.00000000,0.25444280
40.00000000,2081.00000000,0.25587838
40.00000000,2082.00000000,0.25731932
40.00000000,2083.00000000,0.25876562
40.00000000,2084.00000000,0.26021760
40.00000000,2085.00000000,0.26167473
40.00000000,2086.00000000,0.26313676
40.00000000,2087.00000000,0.26460304
40.00000000,2088.00000000,0.26607306
40.00000000,2089.00000000,0.26754623
40.00000000,2090.00000000,0.26902186
40.00000000,2091.00000000,0.27048782
40.00000000,2092.00000000,0.27195619
40.00000000,2093.00000000,0.27342730
40.00000000,2094.00000000,0.27490091
40.00000000,2095.00000000,0.27637707
40.00000000,2096.00000000,0.27785504
40.00000000,2097.00000000,0.27933443
40.00000000,2098.00000000,0.28081462
40.00000000,2099.00000000,0.28229502
40.00000000,2100.00000000,0.28377483
40.00000000,2101.00000000,0.28480122
40.00000000,2102.00000000,0.28582717
40.00000000,2103.00000000,0.28685328
40.00000000,2104.00000000,0.28787945
40.00000000,2105.00000000,0.28890538
40.00000000,2106.00000000,0.28993097
40.00000000,2107.00000000,0.29095584
40.00000000,2108.00000000,0.29197931
40.00000000,2109.00000000,0.29300130
40.00000000,2110.00000000,0.29402111
40.00000000,2111.00000000,0.29463298
40.00000000,2112.00000000,0.29524233
40.00000000,2113.00000000,0.29584886
40.00000000,2114.00000000,0.29645246
40.00000000,2115.00000000,0.29705292
40.00000000,2116.00000000,0.29764984
40.00000000,2117.00000000,0.29824324
40.00000000,2118.00000000,0.29883280
40.00000000,2119.00000000,0.29941830
40.00000000,2120.00000000,0.29999965
40.00000000,2121.00000000,0.30035193
40.00000000,2122.00000000,0.30069981
40.00000000,2123.00000000,0.30104344
40.00000000,2124.00000000,0.30138252
40.00000000,2125.00000000,0.30171722
40.00000000,2126.00000000,0.30204740
40.00000000,2127.00000000,0.30237287
40.00000000,2128.00000000,0.30269378
40.00000000,2129.00000000,0.30301003
40.00000000,2130.00000000,0.30332139
40.00000000,2131.00000000,0.30339844
40.00000000,2132.00000000,0.30347086
40.00000000,2133.00000000,0.30353881
40.00000000,2134.00000000,0.30360229
40.00000000,2135.00000000,0.30366139
40.00000000,2136.00000000,0.30371607
40.00000000,2137.00000000,0.30376650
40.00000000,2138.00000000,0.30381254
40.00000000,2139.00000000,0.30385445
40.00000000,2140.00000000,0.30389206
40.00000000,2141.00000000,0.30375106
40.00000000,2142.00000000,0.30360623
40.00000000,2143.00000000,0.30345769
40.00000000,2144.00000000,0.30330533
40.00000000,2145.00000000,0.30314952
40.00000000,2146.00000000,0.30299016
40.00000000,2147.00000000,0.30282734
40.00000000,2148.00000000,0.30266122
40.00000000,2149.00000000,0.30249180
40.00000000,2150.00000000,0.30231928
40.00000000,2151.00000000,0.30214526
40.00000000,2152.00000000,0.30197440
40.00000000,2153.00000000,0.30181121
40.00000000,2154.00000000,0.30165798
40.00000000,2155.00000000,0.30151541
40.00000000,2156.00000000,0.30138416
40.00000000,2157.00000000,0.30126388
40.00000000,2158.00000000,0.30115417
40.00000000,2159.00000000,0.30105482
40.00000000,2160.00000000,0.30096532
40.00000000,2161.00000000,0.30088505
40.00000000,2162.00000000,0.30081378
40.00000000,2163.00000000,0.30075083
40.00000000,2164.00000000,0.30069591
40.00000000,2165.00000000,0.30064864
40.00000000,2166.00000000,0.30060837
40.00000000,2167.00000000,0.30057500
40.00000000,2168.00000000,0.30054801
40.00000000,2169.00000000,0.30052699
40.00000000,2170.00000000,0.30051176
40.00000000,2171.00000000,0.30050192
40.00000000,2172.00000000,0.30049708
40.00000000,2173.00000000,0.30049711
40.00000000,2174.00000000,0.30050154
40.00000000,2175.00000000,0.30051031
40.00000000,2176.00000000,0.30052304
40.00000000,2177.00000000,0.30053939
40.00000000,2178.00000000,0.30055932
40.00000000,2179.00000000,0.30058250
40.00000000,2180.00000000,0.30060861
40.00000000,2181.00000000,0.30063764
40.00000000,2182.00000000,0.30066926
40.00000000,2183.00000000,0.30070321
40.00000000,2184.00000000,0.30073947
40.00000000,2185.00000000,0.30077768
40.00000000,2186.00000000,0.30081779
40.00000000,2187.00000000,0.30085956
40.00000000,2188.00000000,0.30090272
40.00000000,2189.00000000,0.30094723
40.00000000,2190.00000000,0.30099277
40.00000000,2191.00000000,0.29989294
40.00000000,2192.00000000,0.29879391
40.00000000,2193.00000000,0.29769574
40.00000000,2194.00000000,0.29659846
40.00000000,2195.00000000,0.29550225
40.00000000,2196.00000000,0.29440715
40.00000000,2197.00000000,0.29331319
40.00000000,2198.00000000,0.29222050
40.00000000,2199.00000000,0.29112906
40.00000000,2200.00000000,0.29003900
40.00000000,2201.00000000,0.28895035
40.00000000,2202.00000000,0.28786308
40.00000000,2203.00000000,0.28677736
40.00000000,2204.00000000,0.28569318
40.00000000,2205.00000000,0.28461052
40.00000000,2206.00000000,0.28352957
40.00000000,2207.00000000,0.28245030
40.00000000,2208.00000000,0.28137256
40.00000000,2209.00000000,0.28029661
40.00000000,2210.00000000,0.27922239
40.00000000,2211.00000000,0.27814995
40.00000000,2212.00000000,0.27707930
40.00000000,2213.00000000,0.27601044
40.00000000,2214.00000000,0.27494344
40.00000000,2215.00000000,0.27387829
40.00000000,2216.00000000,0.27281493
40.00000000,2217.00000000,0.27175347
40.00000000,2218.00000000,0.27069391
40.00000000,2219.00000000,0.26963613
40.00000000,2220.00000000,0.26858026
40.00000000,2221.00000000,0.26752632
40.00000000,2222.00000000,0.26647423
40.00000000,2223.00000000,0.26542408
40.00000000,2224.00000000,0.26437579
40.00000000,2225.00000000,0.26332946
40.00000000,2226.00000000,0.26228500
40.00000000,2227.00000000,0.26124244
40.00000000,2228.00000000,0.26020171
40.00000000,2229.00000000,0.25916289
40.00000000,2230.00000000,0.25812592
40.00000000,2231.00000000,0.25709082
40.00000000,2232.00000000,0.25605762
40.00000000,2233.00000000,0.25502620
40.00000000,2234.00000000,0.25399669
40.00000000,2235.00000000,0.25296890
40.00000000,2236.00000000,0.25194295
40.00000000,2237.00000000,0.25091880
40.00000000,2238.00000000,0.24989638
40.00000000,2239.00000000,0.24887575
40.00000000,2240.00000000,0.24785691
40.00000000,2241.00000000,0.24683975
40.00000000,2242.00000000,0.24582429
40.00000000,2243.00000000,0.24481051
40.00000000,2244.00000000,0.24379837
40.00000000,2245.00000000,0.24278789
40.00000000,2246.00000000,0.24177911
40.00000000,2247.00000000,0.24077182
40.00000000,2248.00000000,0.23976614
40.00000000,2249.00000000,0.23876171
40.00000000,2250.00000000,0.23775699
40.00000000,2251.00000000,0.23674895
40.00000000,2252.00000000,0.23573474
40.00000000,2253.00000000,0.23471295
40.00000000,2254.00000000,0.23368296
40.00000000,2255.00000000,0.23264474
40.00000000,2256.00000000,0.23159837
40.00000000,2257.00000000,0.23054402
40.00000000,2258.00000000,0.22948185
40.00000000,2259.00000000,0.22841222
40.00000000,2260.00000000,0.22733537
40.00000000,2261.00000000,0.22625176
40.00000000,2262.00000000,0.22516183
40.00000000,2263.00000000,0.22406603
40.00000000,2264.00000000,0.22296478
40.00000000,2265.00000000,0.22185841
40.00000000,2266.00000000,0.22074712
40.00000000,2267.00000000,0.21963126
40.00000000,2268.00000000,0.21851107
40.00000000,2269.00000000,0.21738676
40.00000000,2270.00000000,0.21625862
40.00000000,2271.00000000,0.21512681
40.00000000,2272.00000000,0.21399162
40.00000000,2273.00000000,0.21285325
40.00000000,2274.00000000,0.21171183
40.00000000,2275.00000000,0.21056763
40.00000000,2276.00000000,0.20942086
40.00000000,2277.00000000,0.20827165
40.00000000,2278.00000000,0.20712022
40.00000000,2279.00000000,0.20596677
40.00000000,2280.00000000,0.20481141
40.00000000,2281.00000000,0.20365437
40.00000000,2282.00000000,0.20249577
40.00000000,2283.00000000,0.20133578
40.00000000,2284.00000000,0.20017456
40.00000000,2285.00000000,0.19901221
40.00000000,2286.00000000,0.19784896
40.00000000,2287.00000000,0.19668493
40.00000000,2288.00000000,0.19552027
40.00000000,2289.00000000,0.19460737
40.00000000,2290.00000000,0.19443696
40.00000000,2291.00000000,0.19446956
40.00000000,2292.00000000,0.19450237
40.00000000,2293.00000000,0.19453531
40.00000000,2294.00000000,0.19456837
40.00000000,2295.00000000,0.19460161
40.00000000,2296.00000000,0.19466679
40.00000000,2297.00000000,0.19473215
40.00000000,2298.00000000,0.19479762
40.00000000,2299.00000000,0.19486319
40.00000000,2300.00000000,0.19492891
40.00000000,2301.00000000,0.19493170
40.00000000,2302.00000000,0.19493453
40.00000000,2303.00000000,0.19493744
40.00000000,2304.00000000,0.19494038
40.00000000,2305.00000000,0.19494331
40.00000000,2306.00000000,0.19494628
40.00000000,2307.00000000,0.19494929
40.00000000,2308.00000000,0.19495229
40.00000000,2309.00000000,0.19495536
40.00000000,2310.00000000,0.19495839
40.00000000,2311.00000000,0.19496150
40.00000000,2312.00000000,0.19496462
40.00000000,2313.00000000,0.19496773
40.00000000,2314.00000000,0.19497090
40.00000000,2315.00000000,0.19497410
40.00000000,2316.00000000,0.19497454
40.00000000,2317.00000000,0.19497506
40.00000000,2318.00000000,0.19497560
40.00000000,2319.00000000,0.19497610
40.00000000,2320.00000000,0.19497666
40.00000000,2321.00000000,0.19497723
40.00000000,2322.00000000,0.19497784
40.00000000,2323.00000000,0.19497848
40.00000000,2324.00000000,0.19497911
40.00000000,2325.00000000,0.19497980
40.00000000,2326.00000000,0.19498051
40.00000000,2327.00000000,0.19498119
40.00000000,2328.00000000,0.19498195
40.00000000,2329.00000000,0.19498273
40.00000000,2330.00000000,0.19498350
40.00000000,2331.00000000,0.19498433
40.00000000,2332.00000000,0.19498514
40.00000000,2333.00000000,0.19498601
40.00000000,2334.00000000,0.19498691
40.00000000,2335.00000000,0.19498779
40.00000000,2336.00000000,0.19498874
40.00000000,2337.00000000,0.19498972
40.00000000,2338.00000000,0.19499067
40.00000000,2339.00000000,0.19499170
40.00000000,2340.00000000,0.19499275
40.00000000,2341.00000000,0.19499986
40.00000000,2342.00000000,0.19500705
40.00000000,2343.00000000,0.19501426
40.00000000,2344.00000000,0.19502147
40.00000000,2345.00000000,0.19502874
40.00000000,2346.00000000,0.19503599
40.00000000,2347.00000000,0.19504330
40.00000000,2348.00000000,0.19505064
40.00000000,2349.00000000,0.19505797
40.00000000,2350.00000000,0.19506536
40.00000000,2351.00000000,0.19507279
40.00000000,2352.00000000,0.19508019
40.00000000,2353.00000000,0.19508767
40.00000000,2354.00000000,0.19509518
40.00000000,2355.00000000,0.19510269
40.00000000,2356.00000000,0.19511027
40.00000000,2357.00000000,0.19511784
40.00000000,2358.00000000,0.19512547
40.00000000,2359.00000000,0.19513317
40.00000000,2360.00000000,0.19514084
40.00000000,2361.00000000,0.19514857
40.00000000,2362.00000000,0.19515636
40.00000000,2363.00000000,0.19516411
40.00000000,2364.00000000,0.19517194
40.00000000,2365.00000000,0.19517980
40.00000000,2366.00000000,0.19518765
40.00000000,2367.00000000,0.19519555
40.00000000,2368.00000000,0.19520350
40.00000000,2369.00000000,0.19521141
40.00000000,2370.00000000,0.19521942
40.00000000,2371.00000000,0.19522738
40.00000000,2372.00000000,0.19523543
40.00000000,2373.00000000,0.19524349
40.00000000,2374.00000000,0.19525154
40.00000000,2375.00000000,0.19525964
40.00000000,2376.00000000,0.19526777
40.00000000,2377.00000000,0.19527587
40.00000000,2378.00000000,0.19528405
40.00000000,2379.00000000,0.19529225
40.00000000,2380.00000000,0.19530041
40.00000000,2381.00000000,0.19530864
40.00000000,2382.00000000,0.19531684
40.00000000,2383.00000000,0.19532511
40.00000000,2384.00000000,0.19533340
40.00000000,2385.00000000,0.19534165
40.00000000,2386.00000000,0.19534997
40.00000000,2387.00000000,0.19535831
40.00000000,2388.00000000,0.19536663
40.00000000,2389.00000000,0.19537500
40.00000000,2390.00000000,0.19538338
40.00000000,2391.00000000,0.19538998
40.00000000,2392.00000000,0.19539665
40.00000000,2393.00000000,0.19540335
40.00000000,2394.00000000,0.19540999
40.00000000,2395.00000000,0.19541670
40.00000000,2396.00000000,0.19542338
40.00000000,2397.00000000,0.19543012
40.00000000,2398.00000000,0.19543686
40.00000000,2399.00000000,0.19544358
40.00000000,2400.00000000,0.19545035
40.00000000,2401.00000000,0.19545715
40.00000000,2402.00000000,0.19546389
40.00000000,2403.00000000,0.19547072
40.00000000,2404.00000000,0.19547757
40.00000000,2405.00000000,0.19548439
40.00000000,2406.00000000,0.19549130
40.00000000,2407.00000000,0.19549817
40.00000000,2408.00000000,0.19550512
40.00000000,2409.00000000,0.19551209
40.00000000,2410.00000000,0.19551903
40.00000000,2411.00000000,0.19552606
40.00000000,2412.00000000,0.19553308
40.00000000,2413.00000000,0.19554009
40.00000000,2414.00000000,0.19554717
40.00000000,2415.00000000,0.19555427
40.00000000,2416.00000000,0.19556134
40.00000000,2417.00000000,0.19556848
40.00000000,2418.00000000,0.19557558
40.00000000,2419.00000000,0.19558277
40.00000000,2420.00000000,0.19558998
40.00000000,2421.00000000,0.19559713
40.00000000,2422.00000000,0.19560436
40.00000000,2423.00000000,0.19561162
40.00000000,2424.00000000,0.19561882
40.00000000,2425.00000000,0.19562610
40.00000000,2426.00000000,0.19563341
40.00000000,2427.00000000,0.19564066
40.00000000,2428.00000000,0.19564800
40.00000000,2429.00000000,0.19565535
40.00000000,2430.00000000,0.19566264
40.00000000,2431.00000000,0.19567001
40.00000000,2432.00000000,0.19567734
40.00000000,2433.00000000,0.19568475
40.00000000,2434.00000000,0.19569216
40.00000000,2435.00000000,0.19569953
40.00000000,2436.00000000,0.19570697
40.00000000,2437.00000000,0.19571442
40.00000000,2438.00000000,0.19572181
40.00000000,2439.00000000,0.19572930
40.00000000,2440.00000000,0.19573678
40.00000000,2441.00000000,0.19574236
40.00000000,2442.00000000,0.19574802
40.00000000,2443.00000000,0.19575362
40.00000000,2444.00000000,0.19575930
40.00000000,2445.00000000,0.19576499
40.00000000,2446.00000000,0.19577062
40.00000000,2447.00000000,0.19577633
40.00000000,2448.00000000,0.19578205
40.00000000,2449.00000000,0.19578769
40.00000000,2450.00000000,0.19579344
40.00000000,2451.00000000,0.19579919
40.00000000,2452.00000000,0.19580486
40.00000000,2453.00000000,0.19581062
40.00000000,2454.00000000,0.19581637
40.00000000,2455.00000000,0.19582204
40.00000000,2456.00000000,0.19582779
40.00000000,2457.00000000,0.19583347
40.00000000,2458.00000000,0.19583923
40.00000000,2459.00000000,0.19584498
40.00000000,2460.00000000,0.19585066
40.00000000,2461.00000000,0.19585642
40.00000000,2462.00000000,0.19586217
40.00000000,2463.00000000,0.19586784
40.00000000,2464.00000000,0.19587361
40.00000000,2465.00000000,0.19587937
40.00000000,2466.00000000,0.19588505
40.00000000,2467.00000000,0.19589081
40.00000000,2468.00000000,0.19589650
40.00000000,2469.00000000,0.19590226
40.00000000,2470.00000000,0.19590804
40.00000000,2471.00000000,0.19591372
40.00000000,2472.00000000,0.19591950
40.00000000,2473.00000000,0.19592529
40.00000000,2474.00000000,0.19593098
40.00000000,2475.00000000,0.19593677
40.00000000,2476.00000000,0.19594256
40.00000000,2477.00000000,0.19594826
40.00000000,2478.00000000,0.19595407
40.00000000,2479.00000000,0.19595977
40.00000000,2480.00000000,0.19596559
40.00000000,2481.00000000,0.19597140
40.00000000,2482.00000000,0.19597713
40.00000000,2483.00000000,0.19598296
40.00000000,2484.00000000,0.19598879
40.00000000,2485.00000000,0.19599454
40.00000000,2486.00000000,0.19600038
40.00000000,2487.00000000,0.19600623
40.00000000,2488.00000000,0.19601198
40.00000000,2489.00000000,0.19601786
40.00000000,2490.00000000,0.19602372
40.00000000,2491.00000000,0.19603073
40.00000000,2492.00000000,0.19603783
40.00000000,2493.00000000,0.19604484
40.00000000,2494.00000000,0.19605198
40.00000000,2495.00000000,0.19605911
40.00000000,2496.00000000,0.19606615
40.00000000,2497.00000000,0.19607331
40.00000000,2498.00000000,0.19608048
40.00000000,2499.00000000,0.19608756
40.00000000,2500.00000000,0.19609475
41.00000000,1765.00000000,0.18398479
41.00000000,1766.00000000,0.18398480
41.00000000,1767.00000000,0.18398486
41.00000000,1768.00000000,0.18398485
41.00000000,1769.00000000,0.18398507
41.00000000,1770.00000000,0.18398518
41.00000000,1771.00000000,0.18398553
41.00000000,1772.00000000,0.18398581
41.00000000,1773.00000000,0.18398622
41.00000000,1774.00000000,0.18398666
41.00000000,1775.00000000,0.18398713
41.00000000,1776.00000000,0.18398775
41.00000000,1777.00000000,0.18398853
41.00000000,1778.00000000,0.18398912
41.00000000,1779.00000000,0.18399000
41.00000000,1780.00000000,0.18399097
41.00000000,1781.00000000,0.18399189
41.00000000,1782.00000000,0.18399295
41.00000000,1783.00000000,0.18399399
41.00000000,1784.00000000,0.18399524
41.00000000,1785.00000000,0.18399647
41.00000000,1786.00000000,0.18399775
41.00000000,1787.00000000,0.18399912
41.00000000,1788.00000000,0.18400058
41.00000000,1789.00000000,0.18400214
41.00000000,1790.00000000,0.18400377
41.00000000,1791.00000000,0.18400545
41.00000000,1792.00000000,0.18400721
41.00000000,1793.00000000,0.18400916
41.00000000,1794.00000000,0.18401109
41.00000000,1795.00000000,0.18401313
41.00000000,1796.00000000,0.18401524
41.00000000,1797.00000000,0.18401745
41.00000000,1798.00000000,0.18401977
41.00000000,1799.00000000,0.18402218
41.00000000,1800.00000000,0.18402470
41.00000000,1801.00000000,0.18402729
41.00000000,1802.00000000,0.18403005
41.00000000,1803.00000000,0.18403287
41.00000000,1804.00000000,0.18403582
41.00000000,1805.00000000,0.18403888
41.00000000,1806.00000000,0.18404205
41.00000000,1807.00000000,0.18405948
41.00000000,1808.00000000,0.18406296
41.00000000,1809.00000000,0.18406656
41.00000000,1810.00000000,0.18407030
41.00000000,1811.00000000,0.18407418
41.00000000,1812.00000000,0.18408292
41.00000000,1813.00000000,0.18408705
41.00000000,1814.00000000,0.18409134
41.00000000,1815.00000000,0.18409568
41.00000000,1816.00000000,0.18410020
41.00000000,1817.00000000,0.18410477
41.00000000,1818.00000000,0.18410944
41.00000000,1819.00000000,0.18411417
41.00000000,1820.00000000,0.18411896
41.00000000,1821.00000000,0.18412392
41.00000000,1822.00000000,0.18413365
41.00000000,1823.00000000,0.18413875
41.00000000,1824.00000000,0.18414392
41.00000000,1825.00000000,0.18414920
41.00000000,1826.00000000,0.18415446
41.00000000,1827.00000000,0.18415987
41.00000000,1828.00000000,0.18416530
41.00000000,1829.00000000,0.18417076
41.00000000,1830.00000000,0.18417634
41.00000000,1831.00000000,0.18418187
41.00000000,1832.00000000,0.18419221
41.00000000,1833.00000000,0.18419781
41.00000000,1834.00000000,0.18420346
41.00000000,1835.00000000,0.18420914
41.00000000,1836.00000000,0.18421483
41.00000000,1837.00000000,0.18422060
41.00000000,1838.00000000,0.18423107
41.00000000,1839.00000000,0.18423687
41.00000000,1840.00000000,0.18424261
41.00000000,1841.00000000,0.18425312
41.00000000,1842.00000000,0.18425892
41.00000000,1843.00000000,0.18427420
41.00000000,1844.00000000,0.18427529
41.00000000,1845.00000000,0.18428110
41.00000000,1846.00000000,0.18428693
41.00000000,1847.00000000,0.18429742
41.00000000,1848.00000000,0.18430318
41.00000000,1849.00000000,0.18430892
41.00000000,1850.00000000,0.18431468
41.00000000,1851.00000000,0.18432031
41.00000000,1852.00000000,0.18433069
41.00000000,1853.00000000,0.18433671
41.00000000,1854.00000000,0.18434270
41.00000000,1855.00000000,0.18434857
41.00000000,1856.00000000,0.18435894
41.00000000,1857.00000000,0.18436925
41.00000000,1858.00000000,0.18437936
41.00000000,1859.00000000,0.18438475
41.00000000,1860.00000000,0.18439005
41.00000000,1861.00000000,0.18439531
41.00000000,1862.00000000,0.18440031
41.00000000,1863.00000000,0.18440936
41.00000000,1864.00000000,0.18441804
41.00000000,1865.00000000,0.18442183
41.00000000,1866.00000000,0.18443012
41.00000000,1867.00000000,0.18443348
41.00000000,1868.00000000,0.18444138
41.00000000,1869.00000000,0.18444434
41.00000000,1870.00000000,0.18444713
41.00000000,1871.00000000,0.18447812
41.00000000,1872.00000000,0.18447621
41.00000000,1873.00000000,0.18447961
41.00000000,1874.00000000,0.18448780
41.00000000,1875.00000000,0.18449128
41.00000000,1876.00000000,0.18449944
41.00000000,1877.00000000,0.18452181
41.00000000,1878.00000000,0.18452524
41.00000000,1879.00000000,0.18453346
41.00000000,1880.00000000,0.18454159
41.00000000,1881.00000000,0.18455429
41.00000000,1882.00000000,0.18456207
41.00000000,1883.00000000,0.18457385
41.00000000,1884.00000000,0.18458030
41.00000000,1885.00000000,0.18459124
41.00000000,1886.00000000,0.18461157
41.00000000,1887.00000000,0.18461284
41.00000000,1888.00000000,0.18462829
41.00000000,1889.00000000,0.18463392
41.00000000,1890.00000000,0.18464860
41.00000000,1891.00000000,0.18466763
41.00000000,1892.00000000,0.18466737
41.00000000,1893.00000000,0.18468109
41.00000000,1894.00000000,0.18469019
41.00000000,1895.00000000,0.18473716
41.00000000,1896.00000000,0.18474632
41.00000000,1897.00000000,0.18476949
41.00000000,1898.00000000,0.18477333
41.00000000,1899.00000000,0.18477679
41.00000000,1900.00000000,0.18479835
41.00000000,1901.00000000,0.18483336
41.00000000,1902.00000000,0.18484914
41.00000000,1903.00000000,0.18485504
41.00000000,1904.00000000,0.18488392
41.00000000,1905.00000000,0.18491744
41.00000000,1906.00000000,0.18494578
41.00000000,1907.00000000,0.18495474
41.00000000,1908.00000000,0.18498736
41.00000000,1909.00000000,0.18500426
41.00000000,1910.00000000,0.18503043
41.00000000,1911.00000000,0.18504676
41.00000000,1912.00000000,0.18508138
41.00000000,1913.00000000,0.18515291
41.00000000,1914.00000000,0.18519531
41.00000000,1915.00000000,0.18513855
41.00000000,1916.00000000,0.18519632
41.00000000,1917.00000000,0.18520287
41.00000000,1918.00000000,0.18520977
41.00000000,1919.00000000,0.18521008
41.00000000,1920.00000000,0.18527131
41.00000000,1921.00000000,0.18539113
41.00000000,1922.00000000,0.18542344
41.00000000,1923.00000000,0.18548586
41.00000000,1924.00000000,0.18556292
41.00000000,1925.00000000,0.18557844
41.00000000,1926.00000000,0.18558915
41.00000000,1927.00000000,0.18560947
41.00000000,1928.00000000,0.18567716
41.00000000,1929.00000000,0.18582947
41.00000000,1930.00000000,0.18583041
41.00000000,1931.00000000,0.18596970
41.00000000,1932.00000000,0.18605003
41.00000000,1933.00000000,0.18606693
41.00000000,1934.00000000,0.18605806
41.00000000,1935.00000000,0.18613092
41.00000000,1936.00000000,0.18625096
41.00000000,1937.00000000,0.18632253
41.00000000,1938.00000000,0.18642996
41.00000000,1939.00000000,0.18655508
41.00000000,1940.00000000,0.18675980
41.00000000,1941.00000000,0.18689214
41.00000000,1942.00000000,0.18698010
41.00000000,1943.00000000,0.18704797
41.00000000,1944.00000000,0.18728975
41.00000000,1945.00000000,0.18732350
41.00000000,1946.00000000,0.18751083
41.00000000,1947.00000000,0.18772467
41.00000000,1948.00000000,0.18809529
41.00000000,1949.00000000,0.18793987
41.00000000,1950.00000000,0.18810922
41.00000000,1951.00000000,0.18827169
41.00000000,1952.00000000,0.18835167
41.00000000,1953.00000000,0.18855121
41.00000000,1954.00000000,0.18884705
41.00000000,1955.00000000,0.18839857
41.00000000,1956.00000000,0.18833033
41.00000000,1957.00000000,0.18861316
41.00000000,1958.00000000,0.18884993
41.00000000,1959.00000000,0.18873801
41.00000000,1960.00000000,0.18809704
41.00000000,1961.00000000,0.18866179
41.00000000,1962.00000000,0.18801965
41.00000000,1963.00000000,0.18818335
41.00000000,1964.00000000,0.18873657
41.00000000,1965.00000000,0.18866315
41.00000000,1966.00000000,0.18867581
41.00000000,1967.00000000,0.18866609
41.00000000,1968.00000000,0.18898759
41.00000000,1969.00000000,0.18894593
41.00000000,1970.00000000,0.18926194
41.00000000,1971.00000000,0.18876012
41.00000000,1972.00000000,0.18815191
41.00000000,1973.00000000,0.18763214
41.00000000,1974.00000000,0.18776225
41.00000000,1975.00000000,0.18805001
41.00000000,1976.00000000,0.18821551
41.00000000,1977.00000000,0.18861229
41.00000000,1978.00000000,0.18889575
41.00000000,1979.00000000,0.18849307
41.00000000,1980.00000000,0.18863936
41.00000000,1981.00000000,0.18905428
41.00000000,1982.00000000,0.18913687
41.00000000,1983.00000000,0.18910261
41.00000000,1984.00000000,0.18926994
41.00000000,1985.00000000,0.18917777
41.00000000,1986.00000000,0.18808358
41.00000000,1987.00000000,0.18840263
41.00000000,1988.00000000,0.18907957
41.00000000,1989.00000000,0.18939682
41.00000000,1990.00000000,0.18912010
41.00000000,1991.00000000,0.19006605
41.00000000,1992.00000000,0.19067315
41.00000000,1993.00000000,0.19076996
41.00000000,1994.00000000,0.19095182
41.00000000,1995.00000000,0.19104079
41.00000000,1996.00000000,0.19185325
41.00000000,1997.00000000,0.19246699
41.00000000,1998.00000000,0.19288123
41.00000000,1999.00000000,0.19314892
41.00000000,2000.00000000,0.19375657
41.00000000,2001.00000000,0.19428767
41.00000000,2002.00000000,0.19436321
41.00000000,2003.00000000,0.19485612
41.00000000,2004.00000000,0.19554375
41.00000000,2005.00000000,0.19628198
41.00000000,2006.00000000,0.19690428
41.00000000,2007.00000000,0.19762557
41.00000000,2008.00000000,0.19808741
41.00000000,2009.00000000,0.19887368
41.00000000,2010.00000000,0.19981702
41.00000000,2011.00000000,0.20105266
41.00000000,2012.00000000,0.20171850
41.00000000,2013.00000000,0.20243834
41.00000000,2014.00000000,0.20346736
41.00000000,2015.00000000,0.20343369
41.00000000,2016.00000000,0.20321695
41.00000000,2017.00000000,0.20437338
41.00000000,2018.00000000,0.20495630
41.00000000,2019.00000000,0.20520807
41.00000000,2020.00000000,0.20640804
41.00000000,2021.00000000,0.20604063
41.00000000,2022.00000000,0.20516477
41.00000000,2023.00000000,0.20485551
41.00000000,2024.00000000,0.20465528
41.00000000,2025.00000000,0.20536313
41.00000000,2026.00000000,0.20594872
41.00000000,2027.00000000,0.20658784
41.00000000,2028.00000000,0.20711917
41.00000000,2029.00000000,0.20796184
41.00000000,2030.00000000,0.20840705
41.00000000,2031.00000000,0.20852932
41.00000000,2032.00000000,0.20881506
41.00000000,2033.00000000,0.20814478
41.00000000,2034.00000000,0.20803666
41.00000000,2035.00000000,0.20843941
41.00000000,2036.00000000,0.20889421
41.00000000,2037.00000000,0.20938278
41.00000000,2038.00000000,0.20973614
41.00000000,2039.00000000,0.20944909
41.00000000,2040.00000000,0.20921603
41.00000000,2041.00000000,0.20982484
41.00000000,2042.00000000,0.21040850
41.00000000,2043.00000000,0.21050045
41.00000000,2044.00000000,0.21187910
41.00000000,2045.00000000,0.21347508
41.00000000,2046.00000000,0.21467253
41.00000000,2047.00000000,0.21537383
41.00000000,2048.00000000,0.21607250
41.00000000,2049.00000000,0.21676900
41.00000000,2050.00000000,0.21746206
41.00000000,2051.00000000,0.21815202
41.00000000,2052.00000000,0.21915463
41.00000000,2053.00000000,0.22015398
41.00000000,2054.00000000,0.22115029
41.00000000,2055.00000000,0.22214359
41.00000000,2056.00000000,0.22313388
41.00000000,2057.00000000,0.22412143
41.00000000,2058.00000000,0.22510614
41.00000000,2059.00000000,0.22608806
41.00000000,2060.00000000,0.22706737
41.00000000,2061.00000000,0.22804445
41.00000000,2062.00000000,0.22888259
41.00000000,2063.00000000,0.22972201
41.00000000,2064.00000000,0.23056391
41.00000000,2065.00000000,0.23140910
41.00000000,2066.00000000,0.23225802
41.00000000,2067.00000000,0.23311084
41.00000000,2068.00000000,0.23396771
41.00000000,2069.00000000,0.23482867
41.00000000,2070.00000000,0.23569350
41.00000000,2071.00000000,0.23656264
41.00000000,2072.00000000,0.23772153
41.00000000,2073.00000000,0.23888642
41.00000000,2074.00000000,0.24005824
41.00000000,2075.00000000,0.24123711
41.00000000,2076.00000000,0.24242301
41.00000000,2077.00000000,0.24361583
41.00000000,2078.00000000,0.24481510
41.00000000,2079.00000000,0.24602047
41.00000000,2080.00000000,0.24723157
41.00000000,2081.00000000,0.24844802
41.00000000,2082.00000000,0.24987564
41.00000000,2083.00000000,0.25130907
41.00000000,2084.00000000,0.25274808
41.00000000,2085.00000000,0.25419266
41.00000000,2086.00000000,0.25564234
41.00000000,2087.00000000,0.25709644
41.00000000,2088.00000000,0.25855469
41.00000000,2089.00000000,0.26001618
41.00000000,2090.00000000,0.26148066
41.00000000,2091.00000000,0.26294745
41.00000000,2092.00000000,0.26440538
41.00000000,2093.00000000,0.26586642
41.00000000,2094.00000000,0.26733041
41.00000000,2095.00000000,0.26879706
41.00000000,2096.00000000,0.27026609
41.00000000,2097.00000000,0.27173689
41.00000000,2098.00000000,0.27320875
41.00000000,2099.00000000,0.27468135
41.00000000,2100.00000000,0.27615384
41.00000000,2101.00000000,0.27762586
41.00000000,2102.00000000,0.27865402
41.00000000,2103.00000000,0.27968234
41.00000000,2104.00000000,0.28071094
41.00000000,2105.00000000,0.28173966
41.00000000,2106.00000000,0.28276805
41.00000000,2107.00000000,0.28379595
41.00000000,2108.00000000,0.28482294
41.00000000,2109.00000000,0.28584839
41.00000000,2110.00000000,0.28687216
41.00000000,2111.00000000,0.28789367
41.00000000,2112.00000000,0.28851487
41.00000000,2113.00000000,0.28913352
41.00000000,2114.00000000,0.28974906
41.00000000,2115.00000000,0.29036164
41.00000000,2116.00000000,0.29097090
41.00000000,2117.00000000,0.29157648
41.00000000,2118.00000000,0.29217846
41.00000000,2119.00000000,0.29277647
41.00000000,2120.00000000,0.29337042
41.00000000,2121.00000000,0.29396007
41.00000000,2122.00000000,0.29432491
41.00000000,2123.00000000,0.29468532
41.00000000,2124.00000000,0.29504138
41.00000000,2125.00000000,0.29539288
41.00000000,2126.00000000,0.29573993
41.00000000,2127.00000000,0.29608243
41.00000000,2128.00000000,0.29642022
41.00000000,2129.00000000,0.29675340
41.00000000,2130.00000000,0.29708192
41.00000000,2131.00000000,0.29740551
41.00000000,2132.00000000,0.29749908
41.00000000,2133.00000000,0.29758802
41.00000000,2134.00000000,0.29767235
41.00000000,2135.00000000,0.29775231
41.00000000,2136.00000000,0.29782782
41.00000000,2137.00000000,0.29789883
41.00000000,2138.00000000,0.29796561
41.00000000,2139.00000000,0.29802794
41.00000000,2140.00000000,0.29808616
41.00000000,2141.00000000,0.29814003
41.00000000,2142.00000000,0.29801844
41.00000000,2143.00000000,0.29789298
41.00000000,2144.00000000,0.29776375
41.00000000,2145.00000000,0.29763067
41.00000000,2146.00000000,0.29749409
41.00000000,2147.00000000,0.29735387
41.00000000,2148.00000000,0.29721023
41.00000000,2149.00000000,0.29706320
41.00000000,2150.00000000,0.29691282
41.00000000,2151.00000000,0.29676090
41.00000000,2152.00000000,0.29661185
41.00000000,2153.00000000,0.29647022
41.00000000,2154.00000000,0.29633807
41.00000000,2155.00000000,0.29621640
41.00000000,2156.00000000,0.29610551
41.00000000,2157.00000000,0.29600530
41.00000000,2158.00000000,0.29591537
41.00000000,2159.00000000,0.29583545
41.00000000,2160.00000000,0.29576493
41.00000000,2161.00000000,0.29570357
41.00000000,2162.00000000,0.29565071
41.00000000,2163.00000000,0.29560599
41.00000000,2164.00000000,0.29556904
41.00000000,2165.00000000,0.29553933
41.00000000,2166.00000000,0.29551657
41.00000000,2167.00000000,0.29550036
41.00000000,2168.00000000,0.29549034
41.00000000,2169.00000000,0.29548610
41.00000000,2170.00000000,0.29548744
41.00000000,2171.00000000,0.29549395
41.00000000,2172.00000000,0.29550534
41.00000000,2173.00000000,0.29552136
41.00000000,2174.00000000,0.29554172
41.00000000,2175.00000000,0.29556612
41.00000000,2176.00000000,0.29559439
41.00000000,2177.00000000,0.29562624
41.00000000,2178.00000000,0.29566138
41.00000000,2179.00000000,0.29569970
41.00000000,2180.00000000,0.29574093
41.00000000,2181.00000000,0.29578480
41.00000000,2182.00000000,0.29583125
41.00000000,2183.00000000,0.29588000
41.00000000,2184.00000000,0.29593081
41.00000000,2185.00000000,0.29598364
41.00000000,2186.00000000,0.29603819
41.00000000,2187.00000000,0.29609437
41.00000000,2188.00000000,0.29615198
41.00000000,2189.00000000,0.29621075
41.00000000,2190.00000000,0.29627066
41.00000000,2191.00000000,0.29633139
41.00000000,2192.00000000,0.29526372
41.00000000,2193.00000000,0.29419660
41.00000000,2194.00000000,0.29313001
41.00000000,2195.00000000,0.29206405
41.00000000,2196.00000000,0.29099885
41.00000000,2197.00000000,0.28993446
41.00000000,2198.00000000,0.28887088
41.00000000,2199.00000000,0.28780832
41.00000000,2200.00000000,0.28674673
41.00000000,2201.00000000,0.28568622
41.00000000,2202.00000000,0.28462684
41.00000000,2203.00000000,0.28356856
41.00000000,2204.00000000,0.28251157
41.00000000,2205.00000000,0.28145585
41.00000000,2206.00000000,0.28040139
41.00000000,2207.00000000,0.27934835
41.00000000,2208.00000000,0.27829673
41.00000000,2209.00000000,0.27724637
41.00000000,2210.00000000,0.27619757
41.00000000,2211.00000000,0.27515023
41.00000000,2212.00000000,0.27410442
41.00000000,2213.00000000,0.27306018
41.00000000,2214.00000000,0.27201746
41.00000000,2215.00000000,0.27097637
41.00000000,2216.00000000,0.26993687
41.00000000,2217.00000000,0.26889892
41.00000000,2218.00000000,0.26786269
41.00000000,2219.00000000,0.26682802
41.00000000,2220.00000000,0.26579496
41.00000000,2221.00000000,0.26476362
41.00000000,2222.00000000,0.26373394
41.00000000,2223.00000000,0.26270591
41.00000000,2224.00000000,0.26167962
41.00000000,2225.00000000,0.26065496
41.00000000,2226.00000000,0.25963203
41.00000000,2227.00000000,0.25861079
41.00000000,2228.00000000,0.25759116
41.00000000,2229.00000000,0.25657323
41.00000000,2230.00000000,0.25555698
41.00000000,2231.00000000,0.25454239
41.00000000,2232.00000000,0.25352950
41.00000000,2233.00000000,0.25251830
41.00000000,2234.00000000,0.25150865
41.00000000,2235.00000000,0.25050066
41.00000000,2236.00000000,0.24949427
41.00000000,2237.00000000,0.24848955
41.00000000,2238.00000000,0.24748642
41.00000000,2239.00000000,0.24648486
41.00000000,2240.00000000,0.24548494
41.00000000,2241.00000000,0.24448655
41.00000000,2242.00000000,0.24348965
41.00000000,2243.00000000,0.24249431
41.00000000,2244.00000000,0.24150049
41.00000000,2245.00000000,0.24050814
41.00000000,2246.00000000,0.23951731
41.00000000,2247.00000000,0.23852791
41.00000000,2248.00000000,0.23753990
41.00000000,2249.00000000,0.23655305
41.00000000,2250.00000000,0.23556576
41.00000000,2251.00000000,0.23457509
41.00000000,2252.00000000,0.23357820
41.00000000,2253.00000000,0.23257361
41.00000000,2254.00000000,0.23156085
41.00000000,2255.00000000,0.23053980
41.00000000,2256.00000000,0.22951056
41.00000000,2257.00000000,0.22847329
41.00000000,2258.00000000,0.22742820
41.00000000,2259.00000000,0.22637555
41.00000000,2260.00000000,0.22531573
41.00000000,2261.00000000,0.22424901
41.00000000,2262.00000000,0.22317596
41.00000000,2263.00000000,0.22209701
41.00000000,2264.00000000,0.22101253
41.00000000,2265.00000000,0.21992285
41.00000000,2266.00000000,0.21882825
41.00000000,2267.00000000,0.21772896
41.00000000,2268.00000000,0.21662531
41.00000000,2269.00000000,0.21551749
41.00000000,2270.00000000,0.21440572
41.00000000,2271.00000000,0.21329028
41.00000000,2272.00000000,0.21217133
41.00000000,2273.00000000,0.21104912
41.00000000,2274.00000000,0.20992385
41.00000000,2275.00000000,0.20879569
41.00000000,2276.00000000,0.20766486
41.00000000,2277.00000000,0.20653156
41.00000000,2278.00000000,0.20539592
41.00000000,2279.00000000,0.20425821
41.00000000,2280.00000000,0.20311852
41.00000000,2281.00000000,0.20197702
41.00000000,2282.00000000,0.20083393
41.00000000,2283.00000000,0.19968933
41.00000000,2284.00000000,0.19854339
41.00000000,2285.00000000,0.19739631
41.00000000,2286.00000000,0.19624814
41.00000000,2287.00000000,0.19509911
41.00000000,2288.00000000,0.19394935
41.00000000,2289.00000000,0.19279900
41.00000000,2290.00000000,0.19189705
41.00000000,2291.00000000,0.19172762
41.00000000,2292.00000000,0.19175849
41.00000000,2293.00000000,0.19178958
41.00000000,2294.00000000,0.19182081
41.00000000,2295.00000000,0.19185217
41.00000000,2296.00000000,0.19188373
41.00000000,2297.00000000,0.19194681
41.00000000,2298.00000000,0.19201008
41.00000000,2299.00000000,0.19207347
41.00000000,2300.00000000,0.19213697
41.00000000,2301.00000000,0.19220062
41.00000000,2302.00000000,0.19220223
41.00000000,2303.00000000,0.19220384
41.00000000,2304.00000000,0.19220552
41.00000000,2305.00000000,0.19220726
41.00000000,2306.00000000,0.19220900
41.00000000,2307.00000000,0.19221081
41.00000000,2308.00000000,0.19221263
41.00000000,2309.00000000,0.19221449
41.00000000,2310.00000000,0.19221639
41.00000000,2311.00000000,0.19221830
41.00000000,2312.00000000,0.19222028
41.00000000,2313.00000000,0.19222230
41.00000000,2314.00000000,0.19222430
41.00000000,2315.00000000,0.19222638
41.00000000,2316.00000000,0.19222847
41.00000000,2317.00000000,0.19222788
41.00000000,2318.00000000,0.19222736
41.00000000,2319.00000000,0.19222689
41.00000000,2320.00000000,0.19222637
41.00000000,2321.00000000,0.19222595
41.00000000,2322.00000000,0.19222551
41.00000000,2323.00000000,0.19222514
41.00000000,2324.00000000,0.19222480
41.00000000,2325.00000000,0.19222446
41.00000000,2326.00000000,0.19222418
41.00000000,2327.00000000,0.19222393
41.00000000,2328.00000000,0.19222366
41.00000000,2329.00000000,0.19222348
41.00000000,2330.00000000,0.19222332
41.00000000,2331.00000000,0.19222315
41.00000000,2332.00000000,0.19222305
41.00000000,2333.00000000,0.19222294
41.00000000,2334.00000000,0.19222290
41.00000000,2335.00000000,0.19222289
41.00000000,2336.00000000,0.19222287
41.00000000,2337.00000000,0.19222292
41.00000000,2338.00000000,0.19222300
41.00000000,2339.00000000,0.19222307
41.00000000,2340.00000000,0.19222321
41.00000000,2341.00000000,0.19222338
41.00000000,2342.00000000,0.19222952
41.00000000,2343.00000000,0.19223576
41.00000000,2344.00000000,0.19224203
41.00000000,2345.00000000,0.19224828
41.00000000,2346.00000000,0.19225460
41.00000000,2347.00000000,0.19226092
41.00000000,2348.00000000,0.19226729
41.00000000,2349.00000000,0.19227370
41.00000000,2350.00000000,0.19228012
41.00000000,2351.00000000,0.19228658
41.00000000,2352.00000000,0.19229308
41.00000000,2353.00000000,0.19229957
41.00000000,2354.00000000,0.19230614
41.00000000,2355.00000000,0.19231277
41.00000000,2356.00000000,0.19231937
41.00000000,2357.00000000,0.19232605
41.00000000,2358.00000000,0.19233272
41.00000000,2359.00000000,0.19233948
41.00000000,2360.00000000,0.19234628
41.00000000,2361.00000000,0.19235305
41.00000000,2362.00000000,0.19235992
41.00000000,2363.00000000,0.19236680
41.00000000,2364.00000000,0.19237369
41.00000000,2365.00000000,0.19238064
41.00000000,2366.00000000,0.19238761
41.00000000,2367.00000000,0.19239459
41.00000000,2368.00000000,0.19240162
41.00000000,2369.00000000,0.19240869
41.00000000,2370.00000000,0.19241573
41.00000000,2371.00000000,0.19242287
41.00000000,2372.00000000,0.19242996
41.00000000,2373.00000000,0.19243714
41.00000000,2374.00000000,0.19244433
41.00000000,2375.00000000,0.19245151
41.00000000,2376.00000000,0.19245874
41.00000000,2377.00000000,0.19246602
41.00000000,2378.00000000,0.19247325
41.00000000,2379.00000000,0.19248057
41.00000000,2380.00000000,0.19248790
41.00000000,2381.00000000,0.19249520
41.00000000,2382.00000000,0.19250258
41.00000000,2383.00000000,0.19250993
41.00000000,2384.00000000,0.19251735
41.00000000,2385.00000000,0.19252476
41.00000000,2386.00000000,0.19253217
41.00000000,2387.00000000,0.19253964
41.00000000,2388.00000000,0.19254713
41.00000000,2389.00000000,0.19255457
41.00000000,2390.00000000,0.19256208
41.00000000,2391.00000000,0.19256963
41.00000000,2392.00000000,0.19257540
41.00000000,2393.00000000,0.19258125
41.00000000,2394.00000000,0.19258710
41.00000000,2395.00000000,0.19259293
41.00000000,2396.00000000,0.19259881
41.00000000,2397.00000000,0.19260466
41.00000000,2398.00000000,0.19261057
41.00000000,2399.00000000,0.19261651
41.00000000,2400.00000000,0.19262238
41.00000000,2401.00000000,0.19262835
41.00000000,2402.00000000,0.19263431
41.00000000,2403.00000000,0.19264025
41.00000000,2404.00000000,0.19264626
41.00000000,2405.00000000,0.19265231
41.00000000,2406.00000000,0.19265832
41.00000000,2407.00000000,0.19266440
41.00000000,2408.00000000,0.19267046
41.00000000,2409.00000000,0.19267661
41.00000000,2410.00000000,0.19268277
41.00000000,2411.00000000,0.19268888
41.00000000,2412.00000000,0.19269509
41.00000000,2413.00000000,0.19270131
41.00000000,2414.00000000,0.19270750
41.00000000,2415.00000000,0.19271377
41.00000000,2416.00000000,0.19272006
41.00000000,2417.00000000,0.19272630
41.00000000,2418.00000000,0.19273263
41.00000000,2419.00000000,0.19273892
41.00000000,2420.00000000,0.19274529
41.00000000,2421.00000000,0.19275166
41.00000000,2422.00000000,0.19275799
41.00000000,2423.00000000,0.19276442
41.00000000,2424.00000000,0.19277085
41.00000000,2425.00000000,0.19277724
41.00000000,2426.00000000,0.19278370
41.00000000,2427.00000000,0.19279018
41.00000000,2428.00000000,0.19279660
41.00000000,2429.00000000,0.19280311
41.00000000,2430.00000000,0.19280964
41.00000000,2431.00000000,0.19281610
41.00000000,2432.00000000,0.19282265
41.00000000,2433.00000000,0.19282915
41.00000000,2434.00000000,0.19283573
41.00000000,2435.00000000,0.19284231
41.00000000,2436.00000000,0.19284884
41.00000000,2437.00000000,0.19285547
41.00000000,2438.00000000,0.19286209
41.00000000,2439.00000000,0.19286865
41.00000000,2440.00000000,0.19287530
41.00000000,2441.00000000,0.19288195
41.00000000,2442.00000000,0.19288673
41.00000000,2443.00000000,0.19289157
41.00000000,2444.00000000,0.19289637
41.00000000,2445.00000000,0.19290124
41.00000000,2446.00000000,0.19290612
41.00000000,2447.00000000,0.19291094
41.00000000,2448.00000000,0.19291583
41.00000000,2449.00000000,0.19292073
41.00000000,2450.00000000,0.19292557
41.00000000,2451.00000000,0.19293050
41.00000000,2452.00000000,0.19293543
41.00000000,2453.00000000,0.19294027
41.00000000,2454.00000000,0.19294520
41.00000000,2455.00000000,0.19295013
41.00000000,2456.00000000,0.19295498
41.00000000,2457.00000000,0.19295990
41.00000000,2458.00000000,0.19296475
41.00000000,2459.00000000,0.19296968
41.00000000,2460.00000000,0.19297461
41.00000000,2461.00000000,0.19297945
41.00000000,2462.00000000,0.19298438
41.00000000,2463.00000000,0.19298931
41.00000000,2464.00000000,0.19299415
41.00000000,2465.00000000,0.19299908
41.00000000,2466.00000000,0.19300401
41.00000000,2467.00000000,0.19300886
41.00000000,2468.00000000,0.19301379
41.00000000,2469.00000000,0.19301864
41.00000000,2470.00000000,0.19302356
41.00000000,2471.00000000,0.19302850
41.00000000,2472.00000000,0.19303336
41.00000000,2473.00000000,0.19303830
41.00000000,2474.00000000,0.19304325
41.00000000,2475.00000000,0.19304809
41.00000000,2476.00000000,0.19305305
41.00000000,2477.00000000,0.19305801
41.00000000,2478.00000000,0.19306286
41.00000000,2479.00000000,0.19306783
41.00000000,2480.00000000,0.19307270
41.00000000,2481.00000000,0.19307766
41.00000000,2482.00000000,0.19308264
41.00000000,2483.00000000,0.19308752
41.00000000,2484.00000000,0.19309251
41.00000000,2485.00000000,0.19309749
41.00000000,2486.00000000,0.19310238
41.00000000,2487.00000000,0.19310738
41.00000000,2488.00000000,0.19311240
41.00000000,2489.00000000,0.19311731
41.00000000,2490.00000000,0.19312231
41.00000000,2491.00000000,0.19312733
41.00000000,2492.00000000,0.19313348
41.00000000,2493.00000000,0.19313971
41.00000000,2494.00000000,0.19314585
41.00000000,2495.00000000,0.19315211
41.00000000,2496.00000000,0.19315837
41.00000000,2497.00000000,0.19316454
41.00000000,2498.00000000,0.19317083
41.00000000,2499.00000000,0.19317712
41.00000000,2500.00000000,0.19318332
42.00000000,1765.00000000,0.17868213
42.00000000,1766.00000000,0.17868209
42.00000000,1767.00000000,0.17868213
42.00000000,1768.00000000,0.17868224
42.00000000,1769.00000000,0.17868231
42.00000000,1770.00000000,0.17868263
42.00000000,1771.00000000,0.17868285
42.00000000,1772.00000000,0.17868330
42.00000000,1773.00000000,0.17868370
42.00000000,1774.00000000,0.17868423
42.00000000,1775.00000000,0.17868481
42.00000000,1776.00000000,0.17868543
42.00000000,1777.00000000,0.17868621
42.00000000,1778.00000000,0.17868716
42.00000000,1779.00000000,0.17868793
42.00000000,1780.00000000,0.17868901
42.00000000,1781.00000000,0.17869017
42.00000000,1782.00000000,0.17869128
42.00000000,1783.00000000,0.17869255
42.00000000,1784.00000000,0.17869379
42.00000000,1785.00000000,0.17869525
42.00000000,1786.00000000,0.17869670
42.00000000,1787.00000000,0.17869822
42.00000000,1788.00000000,0.17869983
42.00000000,1789.00000000,0.17870153
42.00000000,1790.00000000,0.17870334
42.00000000,1791.00000000,0.17870521
42.00000000,1792.00000000,0.17870714
42.00000000,1793.00000000,0.17870916
42.00000000,1794.00000000,0.17871134
42.00000000,1795.00000000,0.17871354
42.00000000,1796.00000000,0.17871586
42.00000000,1797.00000000,0.17871822
42.00000000,1798.00000000,0.17872069
42.00000000,1799.00000000,0.17872330
42.00000000,1800.00000000,0.17872595
42.00000000,1801.00000000,0.17872874
42.00000000,1802.00000000,0.17873163
42.00000000,1803.00000000,0.17873461
42.00000000,1804.00000000,0.17873774
42.00000000,1805.00000000,0.17874093
42.00000000,1806.00000000,0.17874429
42.00000000,1807.00000000,0.17874779
42.00000000,1808.00000000,0.17876518
42.00000000,1809.00000000,0.17876900
42.00000000,1810.00000000,0.17877287
42.00000000,1811.00000000,0.17877692
42.00000000,1812.00000000,0.17878116
42.00000000,1813.00000000,0.17879007
42.00000000,1814.00000000,0.17879456
42.00000000,1815.00000000,0.17879914
42.00000000,1816.00000000,0.17880384
42.00000000,1817.00000000,0.17880863
42.00000000,1818.00000000,0.17881351
42.00000000,1819.00000000,0.17881848
42.00000000,1820.00000000,0.17882354
42.00000000,1821.00000000,0.17882871
42.00000000,1822.00000000,0.17883397
42.00000000,1823.00000000,0.17884399
42.00000000,1824.00000000,0.17884938
42.00000000,1825.00000000,0.17885493
42.00000000,1826.00000000,0.17886050
42.00000000,1827.00000000,0.17886610
42.00000000,1828.00000000,0.17887185
42.00000000,1829.00000000,0.17887762
42.00000000,1830.00000000,0.17888347
42.00000000,1831.00000000,0.17888932
42.00000000,1832.00000000,0.17889520
42.00000000,1833.00000000,0.17890573
42.00000000,1834.00000000,0.17891172
42.00000000,1835.00000000,0.17891768
42.00000000,1836.00000000,0.17892371
42.00000000,1837.00000000,0.17892978
42.00000000,1838.00000000,0.17893584
42.00000000,1839.00000000,0.17894659
42.00000000,1840.00000000,0.17895270
42.00000000,1841.00000000,0.17895884
42.00000000,1842.00000000,0.17896955
42.00000000,1843.00000000,0.17897575
42.00000000,1844.00000000,0.17899115
42.00000000,1845.00000000,0.17899268
42.00000000,1846.00000000,0.17899887
42.00000000,1847.00000000,0.17900499
42.00000000,1848.00000000,0.17901578
42.00000000,1849.00000000,0.17902186
42.00000000,1850.00000000,0.17902799
42.00000000,1851.00000000,0.17903402
42.00000000,1852.00000000,0.17904003
42.00000000,1853.00000000,0.17905106
42.00000000,1854.00000000,0.17905751
42.00000000,1855.00000000,0.17906379
42.00000000,1856.00000000,0.17906983
42.00000000,1857.00000000,0.17908043
42.00000000,1858.00000000,0.17909094
42.00000000,1859.00000000,0.17910140
42.00000000,1860.00000000,0.17910712
42.00000000,1861.00000000,0.17911283
42.00000000,1862.00000000,0.17911830
42.00000000,1863.00000000,0.17912310
42.00000000,1864.00000000,0.17913207
42.00000000,1865.00000000,0.17914081
42.00000000,1866.00000000,0.17914481
42.00000000,1867.00000000,0.17915314
42.00000000,1868.00000000,0.17915670
42.00000000,1869.00000000,0.17916462
42.00000000,1870.00000000,0.17916779
42.00000000,1871.00000000,0.17917074
42.00000000,1872.00000000,0.17920171
42.00000000,1873.00000000,0.17920083
42.00000000,1874.00000000,0.17920479
42.00000000,1875.00000000,0.17921333
42.00000000,1876.00000000,0.17921726
42.00000000,1877.00000000,0.17922587
42.00000000,1878.00000000,0.17924837
42.00000000,1879.00000000,0.17925247
42.00000000,1880.00000000,0.17926108
42.00000000,1881.00000000,0.17926958
42.00000000,1882.00000000,0.17928246
42.00000000,1883.00000000,0.17929006
42.00000000,1884.00000000,0.17930173
42.00000000,1885.00000000,0.17930848
42.00000000,1886.00000000,0.17931974
42.00000000,1887.00000000,0.17934024
42.00000000,1888.00000000,0.17934206
42.00000000,1889.00000000,0.17935750
42.00000000,1890.00000000,0.17936334
42.00000000,1891.00000000,0.17937791
42.00000000,1892.00000000,0.17939682
42.00000000,1893.00000000,0.17939700
42.00000000,1894.00000000,0.17941119
42.00000000,1895.00000000,0.17942089
42.00000000,1896.00000000,0.17946766
42.00000000,1897.00000000,0.17947717
42.00000000,1898.00000000,0.17950031
42.00000000,1899.00000000,0.17950436
42.00000000,1900.00000000,0.17950774
42.00000000,1901.00000000,0.17952893
42.00000000,1902.00000000,0.17956368
42.00000000,1903.00000000,0.17957954
42.00000000,1904.00000000,0.17958568
42.00000000,1905.00000000,0.17961449
42.00000000,1906.00000000,0.17964778
42.00000000,1907.00000000,0.17967597
42.00000000,1908.00000000,0.17968469
42.00000000,1909.00000000,0.17971699
42.00000000,1910.00000000,0.17973428
42.00000000,1911.00000000,0.17976057
42.00000000,1912.00000000,0.17977683
42.00000000,1913.00000000,0.17981084
42.00000000,1914.00000000,0.17988115
42.00000000,1915.00000000,0.17992390
42.00000000,1916.00000000,0.17987047
42.00000000,1917.00000000,0.17992890
42.00000000,1918.00000000,0.17993671
42.00000000,1919.00000000,0.17994512
42.00000000,1920.00000000,0.17994823
42.00000000,1921.00000000,0.18001103
42.00000000,1922.00000000,0.18013165
42.00000000,1923.00000000,0.18016600
42.00000000,1924.00000000,0.18022874
42.00000000,1925.00000000,0.18030508
42.00000000,1926.00000000,0.18032129
42.00000000,1927.00000000,0.18033291
42.00000000,1928.00000000,0.18035381
42.00000000,1929.00000000,0.18042081
42.00000000,1930.00000000,0.18057090
42.00000000,1931.00000000,0.18057424
42.00000000,1932.00000000,0.18071427
42.00000000,1933.00000000,0.18079681
42.00000000,1934.00000000,0.18081700
42.00000000,1935.00000000,0.18081063
42.00000000,1936.00000000,0.18088292
42.00000000,1937.00000000,0.18100041
42.00000000,1938.00000000,0.18106957
42.00000000,1939.00000000,0.18117472
42.00000000,1940.00000000,0.18129750
42.00000000,1941.00000000,0.18149772
42.00000000,1942.00000000,0.18162676
42.00000000,1943.00000000,0.18171300
42.00000000,1944.00000000,0.18177987
42.00000000,1945.00000000,0.18201814
42.00000000,1946.00000000,0.18205488
42.00000000,1947.00000000,0.18224293
42.00000000,1948.00000000,0.18245492
42.00000000,1949.00000000,0.18281880
42.00000000,1950.00000000,0.18266734
42.00000000,1951.00000000,0.18283336
42.00000000,1952.00000000,0.18299289
42.00000000,1953.00000000,0.18307064
42.00000000,1954.00000000,0.18326592
42.00000000,1955.00000000,0.18355631
42.00000000,1956.00000000,0.18311732
42.00000000,1957.00000000,0.18304992
42.00000000,1958.00000000,0.18332640
42.00000000,1959.00000000,0.18355799
42.00000000,1960.00000000,0.18344698
42.00000000,1961.00000000,0.18281845
42.00000000,1962.00000000,0.18337245
42.00000000,1963.00000000,0.18274450
42.00000000,1964.00000000,0.18290544
42.00000000,1965.00000000,0.18344721
42.00000000,1966.00000000,0.18337508
42.00000000,1967.00000000,0.18338728
42.00000000,1968.00000000,0.18337743
42.00000000,1969.00000000,0.18369129
42.00000000,1970.00000000,0.18364894
42.00000000,1971.00000000,0.18395538
42.00000000,1972.00000000,0.18346012
42.00000000,1973.00000000,0.18286185
42.00000000,1974.00000000,0.18235111
42.00000000,1975.00000000,0.18247906
42.00000000,1976.00000000,0.18276396
42.00000000,1977.00000000,0.18292984
42.00000000,1978.00000000,0.18332134
42.00000000,1979.00000000,0.18360184
42.00000000,1980.00000000,0.18321007
42.00000000,1981.00000000,0.18335758
42.00000000,1982.00000000,0.18377264
42.00000000,1983.00000000,0.18386623
42.00000000,1984.00000000,0.18384519
42.00000000,1985.00000000,0.18401961
42.00000000,1986.00000000,0.18393720
42.00000000,1987.00000000,0.18287160
42.00000000,1988.00000000,0.18318873
42.00000000,1989.00000000,0.18385561
42.00000000,1990.00000000,0.18416985
42.00000000,1991.00000000,0.18390331
42.00000000,1992.00000000,0.18483605
42.00000000,1993.00000000,0.18543842
42.00000000,1994.00000000,0.18554275
42.00000000,1995.00000000,0.18573012
42.00000000,1996.00000000,0.18582491
42.00000000,1997.00000000,0.18662715
42.00000000,1998.00000000,0.18723433
42.00000000,1999.00000000,0.18764746
42.00000000,2000.00000000,0.18791794
42.00000000,2001.00000000,0.18852072
42.00000000,2002.00000000,0.18904727
42.00000000,2003.00000000,0.18912775
42.00000000,2004.00000000,0.18961388
42.00000000,2005.00000000,0.19028698
42.00000000,2006.00000000,0.19100707
42.00000000,2007.00000000,0.19161391
42.00000000,2008.00000000,0.19231884
42.00000000,2009.00000000,0.19277093
42.00000000,2010.00000000,0.19354155
42.00000000,2011.00000000,0.19446667
42.00000000,2012.00000000,0.19567803
42.00000000,2013.00000000,0.19633102
42.00000000,2014.00000000,0.19703669
42.00000000,2015.00000000,0.19804511
42.00000000,2016.00000000,0.19801318
42.00000000,2017.00000000,0.19780233
42.00000000,2018.00000000,0.19893618
42.00000000,2019.00000000,0.19950908
42.00000000,2020.00000000,0.19975811
42.00000000,2021.00000000,0.20093591
42.00000000,2022.00000000,0.20058004
42.00000000,2023.00000000,0.19972730
42.00000000,2024.00000000,0.19942997
42.00000000,2025.00000000,0.19924001
42.00000000,2026.00000000,0.19993947
42.00000000,2027.00000000,0.20051968
42.00000000,2028.00000000,0.20115264
42.00000000,2029.00000000,0.20168042
42.00000000,2030.00000000,0.20251322
42.00000000,2031.00000000,0.20295700
42.00000000,2032.00000000,0.20308422
42.00000000,2033.00000000,0.20337070
42.00000000,2034.00000000,0.20272088
42.00000000,2035.00000000,0.20262110
42.00000000,2036.00000000,0.20302129
42.00000000,2037.00000000,0.20347247
42.00000000,2038.00000000,0.20395691
42.00000000,2039.00000000,0.20430916
42.00000000,2040.00000000,0.20403481
42.00000000,2041.00000000,0.20381341
42.00000000,2042.00000000,0.20441574
42.00000000,2043.00000000,0.20499306
42.00000000,2044.00000000,0.20508895
42.00000000,2045.00000000,0.20644421
42.00000000,2046.00000000,0.20801230
42.00000000,2047.00000000,0.20919054
42.00000000,2048.00000000,0.20988350
42.00000000,2049.00000000,0.21057418
42.00000000,2050.00000000,0.21126308
42.00000000,2051.00000000,0.21194896
42.00000000,2052.00000000,0.21263219
42.00000000,2053.00000000,0.21362179
42.00000000,2054.00000000,0.21460859
42.00000000,2055.00000000,0.21559274
42.00000000,2056.00000000,0.21657431
42.00000000,2057.00000000,0.21755323
42.00000000,2058.00000000,0.21852978
42.00000000,2059.00000000,0.21950383
42.00000000,2060.00000000,0.22047547
42.00000000,2061.00000000,0.22144511
42.00000000,2062.00000000,0.22241421
42.00000000,2063.00000000,0.22324917
42.00000000,2064.00000000,0.22408665
42.00000000,2065.00000000,0.22492738
42.00000000,2066.00000000,0.22577181
42.00000000,2067.00000000,0.22662021
42.00000000,2068.00000000,0.22747243
42.00000000,2069.00000000,0.22832875
42.00000000,2070.00000000,0.22918891
42.00000000,2071.00000000,0.23005325
42.00000000,2072.00000000,0.23092285
42.00000000,2073.00000000,0.23207749
42.00000000,2074.00000000,0.23323888
42.00000000,2075.00000000,0.23440742
42.00000000,2076.00000000,0.23558310
42.00000000,2077.00000000,0.23676546
42.00000000,2078.00000000,0.23795463
42.00000000,2079.00000000,0.23914974
42.00000000,2080.00000000,0.24035069
42.00000000,2081.00000000,0.24155707
42.00000000,2082.00000000,0.24276925
42.00000000,2083.00000000,0.24418874
42.00000000,2084.00000000,0.24561421
42.00000000,2085.00000000,0.24704524
42.00000000,2086.00000000,0.24848160
42.00000000,2087.00000000,0.24992282
42.00000000,2088.00000000,0.25136813
42.00000000,2089.00000000,0.25281729
42.00000000,2090.00000000,0.25426935
42.00000000,2091.00000000,0.25572439
42.00000000,2092.00000000,0.25718225
42.00000000,2093.00000000,0.25863215
42.00000000,2094.00000000,0.26008532
42.00000000,2095.00000000,0.26154156
42.00000000,2096.00000000,0.26300035
42.00000000,2097.00000000,0.26446135
42.00000000,2098.00000000,0.26592391
42.00000000,2099.00000000,0.26738735
42.00000000,2100.00000000,0.26885127
42.00000000,2101.00000000,0.27031520
42.00000000,2102.00000000,0.27177906
42.00000000,2103.00000000,0.27280842
42.00000000,2104.00000000,0.27383800
42.00000000,2105.00000000,0.27486803
42.00000000,2106.00000000,0.27589803
42.00000000,2107.00000000,0.27692753
42.00000000,2108.00000000,0.27795640
42.00000000,2109.00000000,0.27898411
42.00000000,2110.00000000,0.28001023
42.00000000,2111.00000000,0.28103440
42.00000000,2112.00000000,0.28205619
42.00000000,2113.00000000,0.28268519
42.00000000,2114.00000000,0.28331140
42.00000000,2115.00000000,0.28393445
42.00000000,2116.00000000,0.28455435
42.00000000,2117.00000000,0.28517083
42.00000000,2118.00000000,0.28578359
42.00000000,2119.00000000,0.28639262
42.00000000,2120.00000000,0.28699772
42.00000000,2121.00000000,0.28759855
42.00000000,2122.00000000,0.28819518
42.00000000,2123.00000000,0.28857101
42.00000000,2124.00000000,0.28894233
42.00000000,2125.00000000,0.28930929
42.00000000,2126.00000000,0.28967163
42.00000000,2127.00000000,0.29002954
42.00000000,2128.00000000,0.29038288
42.00000000,2129.00000000,0.29073148
42.00000000,2130.00000000,0.29107547
42.00000000,2131.00000000,0.29141474
42.00000000,2132.00000000,0.29174920
42.00000000,2133.00000000,0.29185761
42.00000000,2134.00000000,0.29196141
42.00000000,2135.00000000,0.29206063
42.00000000,2136.00000000,0.29215542
42.00000000,2137.00000000,0.29224576
42.00000000,2138.00000000,0.29233161
42.00000000,2139.00000000,0.29241319
42.00000000,2140.00000000,0.29249035
42.00000000,2141.00000000,0.29256334
42.00000000,2142.00000000,0.29263199
42.00000000,2143.00000000,0.29252822
42.00000000,2144.00000000,0.29242055
42.00000000,2145.00000000,0.29230907
42.00000000,2146.00000000,0.29219370
42.00000000,2147.00000000,0.29207480
42.00000000,2148.00000000,0.29195230
42.00000000,2149.00000000,0.29182623
42.00000000,2150.00000000,0.29169681
42.00000000,2151.00000000,0.29156555
42.00000000,2152.00000000,0.29143710
42.00000000,2153.00000000,0.29131570
42.00000000,2154.00000000,0.29120344
42.00000000,2155.00000000,0.29110138
42.00000000,2156.00000000,0.29100976
42.00000000,2157.00000000,0.29092831
42.00000000,2158.00000000,0.29085705
42.00000000,2159.00000000,0.29079538
42.00000000,2160.00000000,0.29074279
42.00000000,2161.00000000,0.29069905
42.00000000,2162.00000000,0.29066365
42.00000000,2163.00000000,0.29063599
42.00000000,2164.00000000,0.29061590
42.00000000,2165.00000000,0.29060277
42.00000000,2166.00000000,0.29059640
42.00000000,2167.00000000,0.29059641
42.00000000,2168.00000000,0.29060223
42.00000000,2169.00000000,0.29061384
42.00000000,2170.00000000,0.29063073
42.00000000,2171.00000000,0.29065258
42.00000000,2172.00000000,0.29067921
42.00000000,2173.00000000,0.29071031
42.00000000,2174.00000000,0.29074554
42.00000000,2175.00000000,0.29078472
42.00000000,2176.00000000,0.29082757
42.00000000,2177.00000000,0.29087397
42.00000000,2178.00000000,0.29092349
42.00000000,2179.00000000,0.29097601
42.00000000,2180.00000000,0.29103137
42.00000000,2181.00000000,0.29108938
42.00000000,2182.00000000,0.29114971
42.00000000,2183.00000000,0.29121232
42.00000000,2184.00000000,0.29127696
42.00000000,2185.00000000,0.29134346
42.00000000,2186.00000000,0.29141168
42.00000000,2187.00000000,0.29148139
42.00000000,2188.00000000,0.29155252
42.00000000,2189.00000000,0.29162486
42.00000000,2190.00000000,0.29169817
42.00000000,2191.00000000,0.29177240
42.00000000,2192.00000000,0.29184728
42.00000000,2193.00000000,0.29081014
42.00000000,2194.00000000,0.28977327
42.00000000,2195.00000000,0.28873665
42.00000000,2196.00000000,0.28770031
42.00000000,2197.00000000,0.28666459
42.00000000,2198.00000000,0.28562936
42.00000000,2199.00000000,0.28459466
42.00000000,2200.00000000,0.28356071
42.00000000,2201.00000000,0.28252746
42.00000000,2202.00000000,0.28149505
42.00000000,2203.00000000,0.28046349
42.00000000,2204.00000000,0.27943280
42.00000000,2205.00000000,0.27840315
42.00000000,2206.00000000,0.27737452
42.00000000,2207.00000000,0.27634689
42.00000000,2208.00000000,0.27532044
42.00000000,2209.00000000,0.27429515
42.00000000,2210.00000000,0.27327087
42.00000000,2211.00000000,0.27224794
42.00000000,2212.00000000,0.27122623
42.00000000,2213.00000000,0.27020583
42.00000000,2214.00000000,0.26918676
42.00000000,2215.00000000,0.26816899
42.00000000,2216.00000000,0.26715260
42.00000000,2217.00000000,0.26613759
42.00000000,2218.00000000,0.26512394
42.00000000,2219.00000000,0.26411171
42.00000000,2220.00000000,0.26310085
42.00000000,2221.00000000,0.26209145
42.00000000,2222.00000000,0.26108351
42.00000000,2223.00000000,0.26007706
42.00000000,2224.00000000,0.25907204
42.00000000,2225.00000000,0.25806855
42.00000000,2226.00000000,0.25706651
42.00000000,2227.00000000,0.25606594
42.00000000,2228.00000000,0.25506684
42.00000000,2229.00000000,0.25406923
42.00000000,2230.00000000,0.25307310
42.00000000,2231.00000000,0.25207850
42.00000000,2232.00000000,0.25108534
42.00000000,2233.00000000,0.25009371
42.00000000,2234.00000000,0.24910350
42.00000000,2235.00000000,0.24811471
42.00000000,2236.00000000,0.24712743
42.00000000,2237.00000000,0.24614154
42.00000000,2238.00000000,0.24515718
42.00000000,2239.00000000,0.24417426
42.00000000,2240.00000000,0.24319267
42.00000000,2241.00000000,0.24221251
42.00000000,2242.00000000,0.24123378
42.00000000,2243.00000000,0.24025635
42.00000000,2244.00000000,0.23928040
42.00000000,2245.00000000,0.23830572
42.00000000,2246.00000000,0.23733235
42.00000000,2247.00000000,0.23636032
42.00000000,2248.00000000,0.23538959
42.00000000,2249.00000000,0.23441983
42.00000000,2250.00000000,0.23344959
42.00000000,2251.00000000,0.23247577
42.00000000,2252.00000000,0.23149572
42.00000000,2253.00000000,0.23050798
42.00000000,2254.00000000,0.22951196
42.00000000,2255.00000000,0.22850765
42.00000000,2256.00000000,0.22749509
42.00000000,2257.00000000,0.22647448
42.00000000,2258.00000000,0.22544604
42.00000000,2259.00000000,0.22441000
42.00000000,2260.00000000,0.22336668
42.00000000,2261.00000000,0.22231649
42.00000000,2262.00000000,0.22125987
42.00000000,2263.00000000,0.22019735
42.00000000,2264.00000000,0.21912923
42.00000000,2265.00000000,0.21805582
42.00000000,2266.00000000,0.21697747
42.00000000,2267.00000000,0.21589440
42.00000000,2268.00000000,0.21480683
42.00000000,2269.00000000,0.21371506
42.00000000,2270.00000000,0.21261932
42.00000000,2271.00000000,0.21151978
42.00000000,2272.00000000,0.21041670
42.00000000,2273.00000000,0.20931026
42.00000000,2274.00000000,0.20820072
42.00000000,2275.00000000,0.20708823
42.00000000,2276.00000000,0.20597296
42.00000000,2277.00000000,0.20485516
42.00000000,2278.00000000,0.20373498
42.00000000,2279.00000000,0.20261257
42.00000000,2280.00000000,0.20148817
42.00000000,2281.00000000,0.20036189
42.00000000,2282.00000000,0.19923387
42.00000000,2283.00000000,0.19810432
42.00000000,2284.00000000,0.19697334
42.00000000,2285.00000000,0.19584108
42.00000000,2286.00000000,0.19470773
42.00000000,2287.00000000,0.19357333
42.00000000,2288.00000000,0.19243811
42.00000000,2289.00000000,0.19130223
42.00000000,2290.00000000,0.19016578
42.00000000,2291.00000000,0.18927447
42.00000000,2292.00000000,0.18910605
42.00000000,2293.00000000,0.18913529
42.00000000,2294.00000000,0.18916475
42.00000000,2295.00000000,0.18919438
42.00000000,2296.00000000,0.18922416
42.00000000,2297.00000000,0.18925412
42.00000000,2298.00000000,0.18931521
42.00000000,2299.00000000,0.18937650
42.00000000,2300.00000000,0.18943792
42.00000000,2301.00000000,0.18949947
42.00000000,2302.00000000,0.18956114
42.00000000,2303.00000000,0.18956159
42.00000000,2304.00000000,0.18956206
42.00000000,2305.00000000,0.18956263
42.00000000,2306.00000000,0.18956322
42.00000000,2307.00000000,0.18956385
42.00000000,2308.00000000,0.18956455
42.00000000,2309.00000000,0.18956530
42.00000000,2310.00000000,0.18956606
42.00000000,2311.00000000,0.18956691
42.00000000,2312.00000000,0.18956775
42.00000000,2313.00000000,0.18956866
42.00000000,2314.00000000,0.18956964
42.00000000,2315.00000000,0.18957061
42.00000000,2316.00000000,0.18957167
42.00000000,2317.00000000,0.18957276
42.00000000,2318.00000000,0.18957120
42.00000000,2319.00000000,0.18956972
42.00000000,2320.00000000,0.18956829
42.00000000,2321.00000000,0.18956683
42.00000000,2322.00000000,0.18956546
42.00000000,2323.00000000,0.18956409
42.00000000,2324.00000000,0.18956280
42.00000000,2325.00000000,0.18956153
42.00000000,2326.00000000,0.18956029
42.00000000,2327.00000000,0.18955909
42.00000000,2328.00000000,0.18955795
42.00000000,2329.00000000,0.18955679
42.00000000,2330.00000000,0.18955572
42.00000000,2331.00000000,0.18955469
42.00000000,2332.00000000,0.18955364
42.00000000,2333.00000000,0.18955268
42.00000000,2334.00000000,0.18955172
42.00000000,2335.00000000,0.18955082
42.00000000,2336.00000000,0.18954996
42.00000000,2337.00000000,0.18954909
42.00000000,2338.00000000,0.18954830
42.00000000,2339.00000000,0.18954754
42.00000000,2340.00000000,0.18954678
42.00000000,2341.00000000,0.18954609
42.00000000,2342.00000000,0.18954544
42.00000000,2343.00000000,0.18955068
42.00000000,2344.00000000,0.18955602
42.00000000,2345.00000000,0.18956140
42.00000000,2346.00000000,0.18956676
42.00000000,2347.00000000,0.18957220
42.00000000,2348.00000000,0.18957763
42.00000000,2349.00000000,0.18958312
42.00000000,2350.00000000,0.18958867
42.00000000,2351.00000000,0.18959420
42.00000000,2352.00000000,0.18959980
42.00000000,2353.00000000,0.18960544
42.00000000,2354.00000000,0.18961109
42.00000000,2355.00000000,0.18961682
42.00000000,2356.00000000,0.18962258
42.00000000,2357.00000000,0.18962833
42.00000000,2358.00000000,0.18963419
42.00000000,2359.00000000,0.18964002
42.00000000,2360.00000000,0.18964593
42.00000000,2361.00000000,0.18965190
42.00000000,2362.00000000,0.18965784
42.00000000,2363.00000000,0.18966386
42.00000000,2364.00000000,0.18966993
42.00000000,2365.00000000,0.18967597
42.00000000,2366.00000000,0.18968210
42.00000000,2367.00000000,0.18968825
42.00000000,2368.00000000,0.18969440
42.00000000,2369.00000000,0.18970061
42.00000000,2370.00000000,0.18970686
42.00000000,2371.00000000,0.18971308
42.00000000,2372.00000000,0.18971939
42.00000000,2373.00000000,0.18972567
42.00000000,2374.00000000,0.18973203
42.00000000,2375.00000000,0.18973840
42.00000000,2376.00000000,0.18974477
42.00000000,2377.00000000,0.18975119
42.00000000,2378.00000000,0.18975765
42.00000000,2379.00000000,0.18976409
42.00000000,2380.00000000,0.18977057
42.00000000,2381.00000000,0.18977710
42.00000000,2382.00000000,0.18978360
42.00000000,2383.00000000,0.18979017
42.00000000,2384.00000000,0.18979670
42.00000000,2385.00000000,0.18980331
42.00000000,2386.00000000,0.18980993
42.00000000,2387.00000000,0.18981652
42.00000000,2388.00000000,0.18982318
42.00000000,2389.00000000,0.18982986
42.00000000,2390.00000000,0.18983651
42.00000000,2391.00000000,0.18984322
42.00000000,2392.00000000,0.18984995
42.00000000,2393.00000000,0.18985496
42.00000000,2394.00000000,0.18986002
42.00000000,2395.00000000,0.18986510
42.00000000,2396.00000000,0.18987015
42.00000000,2397.00000000,0.18987525
42.00000000,2398.00000000,0.18988033
42.00000000,2399.00000000,0.18988546
42.00000000,2400.00000000,0.18989062
42.00000000,2401.00000000,0.18989571
42.00000000,2402.00000000,0.18990091
42.00000000,2403.00000000,0.18990610
42.00000000,2404.00000000,0.18991128
42.00000000,2405.00000000,0.18991654
42.00000000,2406.00000000,0.18992181
42.00000000,2407.00000000,0.18992706
42.00000000,2408.00000000,0.18993239
42.00000000,2409.00000000,0.18993769
42.00000000,2410.00000000,0.18994305
42.00000000,2411.00000000,0.18994845
42.00000000,2412.00000000,0.18995380
42.00000000,2413.00000000,0.18995924
42.00000000,2414.00000000,0.18996471
42.00000000,2415.00000000,0.18997012
42.00000000,2416.00000000,0.18997563
42.00000000,2417.00000000,0.18998114
42.00000000,2418.00000000,0.18998662
42.00000000,2419.00000000,0.18999219
42.00000000,2420.00000000,0.18999770
42.00000000,2421.00000000,0.19000329
42.00000000,2422.00000000,0.19000889
42.00000000,2423.00000000,0.19001447
42.00000000,2424.00000000,0.19002011
42.00000000,2425.00000000,0.19002577
42.00000000,2426.00000000,0.19003137
42.00000000,2427.00000000,0.19003707
42.00000000,2428.00000000,0.19004278
42.00000000,2429.00000000,0.19004842
42.00000000,2430.00000000,0.19005416
42.00000000,2431.00000000,0.19005991
42.00000000,2432.00000000,0.19006560
42.00000000,2433.00000000,0.19007138
42.00000000,2434.00000000,0.19007708
42.00000000,2435.00000000,0.19008289
42.00000000,2436.00000000,0.19008870
42.00000000,2437.00000000,0.19009445
42.00000000,2438.00000000,0.19010027
42.00000000,2439.00000000,0.19010612
42.00000000,2440.00000000,0.19011190
42.00000000,2441.00000000,0.19011777
42.00000000,2442.00000000,0.19012363
42.00000000,2443.00000000,0.19012765
42.00000000,2444.00000000,0.19013175
42.00000000,2445.00000000,0.19013576
42.00000000,2446.00000000,0.19013987
42.00000000,2447.00000000,0.19014400
42.00000000,2448.00000000,0.19014804
42.00000000,2449.00000000,0.19015218
42.00000000,2450.00000000,0.19015632
42.00000000,2451.00000000,0.19016038
42.00000000,2452.00000000,0.19016454
42.00000000,2453.00000000,0.19016870
42.00000000,2454.00000000,0.19017278
42.00000000,2455.00000000,0.19017693
42.00000000,2456.00000000,0.19018108
42.00000000,2457.00000000,0.19018515
42.00000000,2458.00000000,0.19018929
42.00000000,2459.00000000,0.19019335
42.00000000,2460.00000000,0.19019751
42.00000000,2461.00000000,0.19020166
42.00000000,2462.00000000,0.19020572
42.00000000,2463.00000000,0.19020987
42.00000000,2464.00000000,0.19021401
42.00000000,2465.00000000,0.19021808
42.00000000,2466.00000000,0.19022222
42.00000000,2467.00000000,0.19022636
42.00000000,2468.00000000,0.19023043
42.00000000,2469.00000000,0.19023457
42.00000000,2470.00000000,0.19023864
42.00000000,2471.00000000,0.19024280
42.00000000,2472.00000000,0.19024694
42.00000000,2473.00000000,0.19025101
42.00000000,2474.00000000,0.19025516
42.00000000,2475.00000000,0.19025933
42.00000000,2476.00000000,0.19026339
42.00000000,2477.00000000,0.19026755
42.00000000,2478.00000000,0.19027171
42.00000000,2479.00000000,0.19027578
42.00000000,2480.00000000,0.19027996
42.00000000,2481.00000000,0.19028403
42.00000000,2482.00000000,0.19028821
42.00000000,2483.00000000,0.19029239
42.00000000,2484.00000000,0.19029647
42.00000000,2485.00000000,0.19030066
42.00000000,2486.00000000,0.19030487
42.00000000,2487.00000000,0.19030895
42.00000000,2488.00000000,0.19031317
42.00000000,2489.00000000,0.19031738
42.00000000,2490.00000000,0.19032148
42.00000000,2491.00000000,0.19032570
42.00000000,2492.00000000,0.19032992
42.00000000,2493.00000000,0.19033524
42.00000000,2494.00000000,0.19034066
42.00000000,2495.00000000,0.19034599
42.00000000,2496.00000000,0.19035143
42.00000000,2497.00000000,0.19035687
42.00000000,2498.00000000,0.19036221
42.00000000,2499.00000000,0.19036768
42.00000000,2500.00000000,0.19037315
43.00000000,1765.00000000,0.17369940
43.00000000,1766.00000000,0.17369937
43.00000000,1767.00000000,0.17369936
43.00000000,1768.00000000,0.17369946
43.00000000,1769.00000000,0.17369965
43.00000000,1770.00000000,0.17369983
43.00000000,1771.00000000,0.17370025
43.00000000,1772.00000000,0.17370059
43.00000000,1773.00000000,0.17370115
43.00000000,1774.00000000,0.17370169
43.00000000,1775.00000000,0.17370236
43.00000000,1776.00000000,0.17370310
43.00000000,1777.00000000,0.17370388
43.00000000,1778.00000000,0.17370484
43.00000000,1779.00000000,0.17370596
43.00000000,1780.00000000,0.17370693
43.00000000,1781.00000000,0.17370820
43.00000000,1782.00000000,0.17370954
43.00000000,1783.00000000,0.17371085
43.00000000,1784.00000000,0.17371232
43.00000000,1785.00000000,0.17371377
43.00000000,1786.00000000,0.17371545
43.00000000,1787.00000000,0.17371712
43.00000000,1788.00000000,0.17371887
43.00000000,1789.00000000,0.17372071
43.00000000,1790.00000000,0.17372265
43.00000000,1791.00000000,0.17372470
43.00000000,1792.00000000,0.17372679
43.00000000,1793.00000000,0.17372897
43.00000000,1794.00000000,0.17373122
43.00000000,1795.00000000,0.17373365
43.00000000,1796.00000000,0.17373611
43.00000000,1797.00000000,0.17373867
43.00000000,1798.00000000,0.17374127
43.00000000,1799.00000000,0.17374402
43.00000000,1800.00000000,0.17374686
43.00000000,1801.00000000,0.17374976
43.00000000,1802.00000000,0.17375283
43.00000000,1803.00000000,0.17375593
43.00000000,1804.00000000,0.17375920
43.00000000,1805.00000000,0.17376255
43.00000000,1806.00000000,0.17376601
43.00000000,1807.00000000,0.17376968
43.00000000,1808.00000000,0.17377341
43.00000000,1809.00000000,0.17379081
43.00000000,1810.00000000,0.17379491
43.00000000,1811.00000000,0.17379907
43.00000000,1812.00000000,0.17380345
43.00000000,1813.00000000,0.17380793
43.00000000,1814.00000000,0.17381708
43.00000000,1815.00000000,0.17382183
43.00000000,1816.00000000,0.17382675
43.00000000,1817.00000000,0.17383169
43.00000000,1818.00000000,0.17383676
43.00000000,1819.00000000,0.17384197
43.00000000,1820.00000000,0.17384720
43.00000000,1821.00000000,0.17385261
43.00000000,1822.00000000,0.17385805
43.00000000,1823.00000000,0.17386366
43.00000000,1824.00000000,0.17387385
43.00000000,1825.00000000,0.17387959
43.00000000,1826.00000000,0.17388540
43.00000000,1827.00000000,0.17389128
43.00000000,1828.00000000,0.17389724
43.00000000,1829.00000000,0.17390326
43.00000000,1830.00000000,0.17390939
43.00000000,1831.00000000,0.17391547
43.00000000,1832.00000000,0.17392165
43.00000000,1833.00000000,0.17392778
43.00000000,1834.00000000,0.17393857
43.00000000,1835.00000000,0.17394484
43.00000000,1836.00000000,0.17395112
43.00000000,1837.00000000,0.17395750
43.00000000,1838.00000000,0.17396382
43.00000000,1839.00000000,0.17397023
43.00000000,1840.00000000,0.17398117
43.00000000,1841.00000000,0.17398764
43.00000000,1842.00000000,0.17399405
43.00000000,1843.00000000,0.17400504
43.00000000,1844.00000000,0.17401151
43.00000000,1845.00000000,0.17402704
43.00000000,1846.00000000,0.17402901
43.00000000,1847.00000000,0.17403546
43.00000000,1848.00000000,0.17404195
43.00000000,1849.00000000,0.17405292
43.00000000,1850.00000000,0.17405935
43.00000000,1851.00000000,0.17406572
43.00000000,1852.00000000,0.17407210
43.00000000,1853.00000000,0.17407882
43.00000000,1854.00000000,0.17409017
43.00000000,1855.00000000,0.17409688
43.00000000,1856.00000000,0.17410330
43.00000000,1857.00000000,0.17410964
43.00000000,1858.00000000,0.17412040
43.00000000,1859.00000000,0.17413121
43.00000000,1860.00000000,0.17414188
43.00000000,1861.00000000,0.17414797
43.00000000,1862.00000000,0.17415382
43.00000000,1863.00000000,0.17415907
43.00000000,1864.00000000,0.17416381
43.00000000,1865.00000000,0.17417279
43.00000000,1866.00000000,0.17418161
43.00000000,1867.00000000,0.17418568
43.00000000,1868.00000000,0.17419409
43.00000000,1869.00000000,0.17419772
43.00000000,1870.00000000,0.17420571
43.00000000,1871.00000000,0.17420900
43.00000000,1872.00000000,0.17421249
43.00000000,1873.00000000,0.17424385
43.00000000,1874.00000000,0.17424361
43.00000000,1875.00000000,0.17424797
43.00000000,1876.00000000,0.17425689
43.00000000,1877.00000000,0.17426135
43.00000000,1878.00000000,0.17427036
43.00000000,1879.00000000,0.17429312
43.00000000,1880.00000000,0.17429767
43.00000000,1881.00000000,0.17430661
43.00000000,1882.00000000,0.17431534
43.00000000,1883.00000000,0.17432792
43.00000000,1884.00000000,0.17433542
43.00000000,1885.00000000,0.17434728
43.00000000,1886.00000000,0.17435435
43.00000000,1887.00000000,0.17436600
43.00000000,1888.00000000,0.17438659
43.00000000,1889.00000000,0.17438863
43.00000000,1890.00000000,0.17440404
43.00000000,1891.00000000,0.17440991
43.00000000,1892.00000000,0.17442442
43.00000000,1893.00000000,0.17444335
43.00000000,1894.00000000,0.17444423
43.00000000,1895.00000000,0.17445886
43.00000000,1896.00000000,0.17446910
43.00000000,1897.00000000,0.17451536
43.00000000,1898.00000000,0.17452518
43.00000000,1899.00000000,0.17454807
43.00000000,1900.00000000,0.17455205
43.00000000,1901.00000000,0.17455542
43.00000000,1902.00000000,0.17457662
43.00000000,1903.00000000,0.17461107
43.00000000,1904.00000000,0.17462697
43.00000000,1905.00000000,0.17463351
43.00000000,1906.00000000,0.17466224
43.00000000,1907.00000000,0.17469524
43.00000000,1908.00000000,0.17472279
43.00000000,1909.00000000,0.17473169
43.00000000,1910.00000000,0.17476395
43.00000000,1911.00000000,0.17478157
43.00000000,1912.00000000,0.17480749
43.00000000,1913.00000000,0.17482350
43.00000000,1914.00000000,0.17485692
43.00000000,1915.00000000,0.17492697
43.00000000,1916.00000000,0.17497084
43.00000000,1917.00000000,0.17492019
43.00000000,1918.00000000,0.17497874
43.00000000,1919.00000000,0.17498795
43.00000000,1920.00000000,0.17499885
43.00000000,1921.00000000,0.17500459
43.00000000,1922.00000000,0.17506926
43.00000000,1923.00000000,0.17519008
43.00000000,1924.00000000,0.17522525
43.00000000,1925.00000000,0.17528746
43.00000000,1926.00000000,0.17536330
43.00000000,1927.00000000,0.17538015
43.00000000,1928.00000000,0.17539259
43.00000000,1929.00000000,0.17541367
43.00000000,1930.00000000,0.17548023
43.00000000,1931.00000000,0.17562967
43.00000000,1932.00000000,0.17563643
43.00000000,1933.00000000,0.17577732
43.00000000,1934.00000000,0.17586166
43.00000000,1935.00000000,0.17588359
43.00000000,1936.00000000,0.17587814
43.00000000,1937.00000000,0.17594879
43.00000000,1938.00000000,0.17606295
43.00000000,1939.00000000,0.17613056
43.00000000,1940.00000000,0.17623377
43.00000000,1941.00000000,0.17635369
43.00000000,1942.00000000,0.17654923
43.00000000,1943.00000000,0.17667575
43.00000000,1944.00000000,0.17676052
43.00000000,1945.00000000,0.17682742
43.00000000,1946.00000000,0.17706440
43.00000000,1947.00000000,0.17710492
43.00000000,1948.00000000,0.17729161
43.00000000,1949.00000000,0.17750023
43.00000000,1950.00000000,0.17785759
43.00000000,1951.00000000,0.17770927
43.00000000,1952.00000000,0.17787240
43.00000000,1953.00000000,0.17802827
43.00000000,1954.00000000,0.17810430
43.00000000,1955.00000000,0.17829638
43.00000000,1956.00000000,0.17858125
43.00000000,1957.00000000,0.17815046
43.00000000,1958.00000000,0.17808380
43.00000000,1959.00000000,0.17835445
43.00000000,1960.00000000,0.17858000
43.00000000,1961.00000000,0.17847031
43.00000000,1962.00000000,0.17785498
43.00000000,1963.00000000,0.17839883
43.00000000,1964.00000000,0.17778380
43.00000000,1965.00000000,0.17794136
43.00000000,1966.00000000,0.17847199
43.00000000,1967.00000000,0.17840094
43.00000000,1968.00000000,0.17841249
43.00000000,1969.00000000,0.17840165
43.00000000,1970.00000000,0.17870764
43.00000000,1971.00000000,0.17866296
43.00000000,1972.00000000,0.17895930
43.00000000,1973.00000000,0.17847109
43.00000000,1974.00000000,0.17788299
43.00000000,1975.00000000,0.17738280
43.00000000,1976.00000000,0.17751103
43.00000000,1977.00000000,0.17779373
43.00000000,1978.00000000,0.17795903
43.00000000,1979.00000000,0.17834529
43.00000000,1980.00000000,0.17862250
43.00000000,1981.00000000,0.17824251
43.00000000,1982.00000000,0.17839546
43.00000000,1983.00000000,0.17881435
43.00000000,1984.00000000,0.17891812
43.00000000,1985.00000000,0.17890754
43.00000000,1986.00000000,0.17908607
43.00000000,1987.00000000,0.17901095
43.00000000,1988.00000000,0.17797092
43.00000000,1989.00000000,0.17828517
43.00000000,1990.00000000,0.17894196
43.00000000,1991.00000000,0.17925394
43.00000000,1992.00000000,0.17899862
43.00000000,1993.00000000,0.17991999
43.00000000,1994.00000000,0.18051937
43.00000000,1995.00000000,0.18063018
43.00000000,1996.00000000,0.18082094
43.00000000,1997.00000000,0.18091966
43.00000000,1998.00000000,0.18171148
43.00000000,1999.00000000,0.18231337
43.00000000,2000.00000000,0.18272609
43.00000000,2001.00000000,0.18299810
43.00000000,2002.00000000,0.18359480
43.00000000,2003.00000000,0.18411678
43.00000000,2004.00000000,0.18419857
43.00000000,2005.00000000,0.18467424
43.00000000,2006.00000000,0.18533076
43.00000000,2007.00000000,0.18603351
43.00000000,2008.00000000,0.18662652
43.00000000,2009.00000000,0.18731667
43.00000000,2010.00000000,0.18775993
43.00000000,2011.00000000,0.18851592
43.00000000,2012.00000000,0.18942338
43.00000000,2013.00000000,0.19061094
43.00000000,2014.00000000,0.19125117
43.00000000,2015.00000000,0.19194294
43.00000000,2016.00000000,0.19293166
43.00000000,2017.00000000,0.19290117
43.00000000,2018.00000000,0.19269589
43.00000000,2019.00000000,0.19380834
43.00000000,2020.00000000,0.19437165
43.00000000,2021.00000000,0.19461817
43.00000000,2022.00000000,0.19577523
43.00000000,2023.00000000,0.19543067
43.00000000,2024.00000000,0.19460014
43.00000000,2025.00000000,0.19431420
43.00000000,2026.00000000,0.19413403
43.00000000,2027.00000000,0.19482547
43.00000000,2028.00000000,0.19540044
43.00000000,2029.00000000,0.19602739
43.00000000,2030.00000000,0.19655156
43.00000000,2031.00000000,0.19737456
43.00000000,2032.00000000,0.19781607
43.00000000,2033.00000000,0.19794677
43.00000000,2034.00000000,0.19823301
43.00000000,2035.00000000,0.19760186
43.00000000,2036.00000000,0.19750942
43.00000000,2037.00000000,0.19790673
43.00000000,2038.00000000,0.19835409
43.00000000,2039.00000000,0.19883428
43.00000000,2040.00000000,0.19918517
43.00000000,2041.00000000,0.19892242
43.00000000,2042.00000000,0.19871124
43.00000000,2043.00000000,0.19930644
43.00000000,2044.00000000,0.19987699
43.00000000,2045.00000000,0.19997599
43.00000000,2046.00000000,0.20130857
43.00000000,2047.00000000,0.20284978
43.00000000,2048.00000000,0.20400945
43.00000000,2049.00000000,0.20469411
43.00000000,2050.00000000,0.20537686
43.00000000,2051.00000000,0.20605821
43.00000000,2052.00000000,0.20673696
43.00000000,2053.00000000,0.20741347
43.00000000,2054.00000000,0.20839036
43.00000000,2055.00000000,0.20936483
43.00000000,2056.00000000,0.21033702
43.00000000,2057.00000000,0.21130695
43.00000000,2058.00000000,0.21227462
43.00000000,2059.00000000,0.21324019
43.00000000,2060.00000000,0.21420361
43.00000000,2061.00000000,0.21516526
43.00000000,2062.00000000,0.21612649
43.00000000,2063.00000000,0.21708896
43.00000000,2064.00000000,0.21792130
43.00000000,2065.00000000,0.21875690
43.00000000,2066.00000000,0.21959612
43.00000000,2067.00000000,0.22043922
43.00000000,2068.00000000,0.22128632
43.00000000,2069.00000000,0.22213716
43.00000000,2070.00000000,0.22299196
43.00000000,2071.00000000,0.22385078
43.00000000,2072.00000000,0.22471481
43.00000000,2073.00000000,0.22558528
43.00000000,2074.00000000,0.22673577
43.00000000,2075.00000000,0.22789326
43.00000000,2076.00000000,0.22905789
43.00000000,2077.00000000,0.23022943
43.00000000,2078.00000000,0.23140744
43.00000000,2079.00000000,0.23259182
43.00000000,2080.00000000,0.23378182
43.00000000,2081.00000000,0.23497743
43.00000000,2082.00000000,0.23617886
43.00000000,2083.00000000,0.23738643
43.00000000,2084.00000000,0.23879751
43.00000000,2085.00000000,0.24021447
43.00000000,2086.00000000,0.24163676
43.00000000,2087.00000000,0.24306414
43.00000000,2088.00000000,0.24449599
43.00000000,2089.00000000,0.24593172
43.00000000,2090.00000000,0.24737088
43.00000000,2091.00000000,0.24881297
43.00000000,2092.00000000,0.25025847
43.00000000,2093.00000000,0.25170748
43.00000000,2094.00000000,0.25314887
43.00000000,2095.00000000,0.25459371
43.00000000,2096.00000000,0.25604141
43.00000000,2097.00000000,0.25749156
43.00000000,2098.00000000,0.25894364
43.00000000,2099.00000000,0.26039709
43.00000000,2100.00000000,0.26185122
43.00000000,2101.00000000,0.26330584
43.00000000,2102.00000000,0.26476097
43.00000000,2103.00000000,0.26621662
43.00000000,2104.00000000,0.26724619
43.00000000,2105.00000000,0.26827610
43.00000000,2106.00000000,0.26930627
43.00000000,2107.00000000,0.27033635
43.00000000,2108.00000000,0.27136572
43.00000000,2109.00000000,0.27239434
43.00000000,2110.00000000,0.27342167
43.00000000,2111.00000000,0.27444714
43.00000000,2112.00000000,0.27547064
43.00000000,2113.00000000,0.27649154
43.00000000,2114.00000000,0.27712684
43.00000000,2115.00000000,0.27775916
43.00000000,2116.00000000,0.27838827
43.00000000,2117.00000000,0.27901413
43.00000000,2118.00000000,0.27963639
43.00000000,2119.00000000,0.28025500
43.00000000,2120.00000000,0.28086969
43.00000000,2121.00000000,0.28148044
43.00000000,2122.00000000,0.28208695
43.00000000,2123.00000000,0.28268918
43.00000000,2124.00000000,0.28307450
43.00000000,2125.00000000,0.28345534
43.00000000,2126.00000000,0.28383175
43.00000000,2127.00000000,0.28420359
43.00000000,2128.00000000,0.28457096
43.00000000,2129.00000000,0.28493376
43.00000000,2130.00000000,0.28529181
43.00000000,2131.00000000,0.28564528
43.00000000,2132.00000000,0.28599409
43.00000000,2133.00000000,0.28633797
43.00000000,2134.00000000,0.28645987
43.00000000,2135.00000000,0.28657712
43.00000000,2136.00000000,0.28668973
43.00000000,2137.00000000,0.28679796
43.00000000,2138.00000000,0.28690172
43.00000000,2139.00000000,0.28700097
43.00000000,2140.00000000,0.28709599
43.00000000,2141.00000000,0.28718655
43.00000000,2142.00000000,0.28727298
43.00000000,2143.00000000,0.28735506
43.00000000,2144.00000000,0.28726763
43.00000000,2145.00000000,0.28717627
43.00000000,2146.00000000,0.28708109
43.00000000,2147.00000000,0.28698201
43.00000000,2148.00000000,0.28687938
43.00000000,2149.00000000,0.28677312
43.00000000,2150.00000000,0.28666328
43.00000000,2151.00000000,0.28655161
43.00000000,2152.00000000,0.28644243
43.00000000,2153.00000000,0.28634005
43.00000000,2154.00000000,0.28624657
43.00000000,2155.00000000,0.28616288
43.00000000,2156.00000000,0.28608931
43.00000000,2157.00000000,0.28602574
43.00000000,2158.00000000,0.28597180
43.00000000,2159.00000000,0.28592730
43.00000000,2160.00000000,0.28589167
43.00000000,2161.00000000,0.28586445
43.00000000,2162.00000000,0.28584534
43.00000000,2163.00000000,0.28583387
43.00000000,2164.00000000,0.28582954
43.00000000,2165.00000000,0.28583212
43.00000000,2166.00000000,0.28584108
43.00000000,2167.00000000,0.28585622
43.00000000,2168.00000000,0.28587719
43.00000000,2169.00000000,0.28590346
43.00000000,2170.00000000,0.28593502
43.00000000,2171.00000000,0.28597139
43.00000000,2172.00000000,0.28601226
43.00000000,2173.00000000,0.28605750
43.00000000,2174.00000000,0.28610679
43.00000000,2175.00000000,0.28615981
43.00000000,2176.00000000,0.28621643
43.00000000,2177.00000000,0.28627630
43.00000000,2178.00000000,0.28633941
43.00000000,2179.00000000,0.28640540
43.00000000,2180.00000000,0.28647396
43.00000000,2181.00000000,0.28654513
43.00000000,2182.00000000,0.28661868
43.00000000,2183.00000000,0.28669432
43.00000000,2184.00000000,0.28677188
43.00000000,2185.00000000,0.28685128
43.00000000,2186.00000000,0.28693230
43.00000000,2187.00000000,0.28701482
43.00000000,2188.00000000,0.28709867
43.00000000,2189.00000000,0.28718368
43.00000000,2190.00000000,0.28726971
43.00000000,2191.00000000,0.28735656
43.00000000,2192.00000000,0.28744413
43.00000000,2193.00000000,0.28753216
43.00000000,2194.00000000,0.28652399
43.00000000,2195.00000000,0.28551581
43.00000000,2196.00000000,0.28450764
43.00000000,2197.00000000,0.28349952
43.00000000,2198.00000000,0.28249169
43.00000000,2199.00000000,0.28148415
43.00000000,2200.00000000,0.28047694
43.00000000,2201.00000000,0.27947018
43.00000000,2202.00000000,0.27846386
43.00000000,2203.00000000,0.27745817
43.00000000,2204.00000000,0.27645311
43.00000000,2205.00000000,0.27544869
43.00000000,2206.00000000,0.27444506
43.00000000,2207.00000000,0.27344221
43.00000000,2208.00000000,0.27244014
43.00000000,2209.00000000,0.27143901
43.00000000,2210.00000000,0.27043882
43.00000000,2211.00000000,0.26943941
43.00000000,2212.00000000,0.26844116
43.00000000,2213.00000000,0.26744388
43.00000000,2214.00000000,0.26644773
43.00000000,2215.00000000,0.26545268
43.00000000,2216.00000000,0.26445870
43.00000000,2217.00000000,0.26346591
43.00000000,2218.00000000,0.26247428
43.00000000,2219.00000000,0.26148380
43.00000000,2220.00000000,0.26049451
43.00000000,2221.00000000,0.25950647
43.00000000,2222.00000000,0.25851963
43.00000000,2223.00000000,0.25753410
43.00000000,2224.00000000,0.25654986
43.00000000,2225.00000000,0.25556683
43.00000000,2226.00000000,0.25458517
43.00000000,2227.00000000,0.25360468
43.00000000,2228.00000000,0.25262553
43.00000000,2229.00000000,0.25164771
43.00000000,2230.00000000,0.25067116
43.00000000,2231.00000000,0.24969595
43.00000000,2232.00000000,0.24872209
43.00000000,2233.00000000,0.24774943
43.00000000,2234.00000000,0.24677809
43.00000000,2235.00000000,0.24580807
43.00000000,2236.00000000,0.24483927
43.00000000,2237.00000000,0.24387186
43.00000000,2238.00000000,0.24290566
43.00000000,2239.00000000,0.24194083
43.00000000,2240.00000000,0.24097719
43.00000000,2241.00000000,0.24001480
43.00000000,2242.00000000,0.23905365
43.00000000,2243.00000000,0.23809380
43.00000000,2244.00000000,0.23713512
43.00000000,2245.00000000,0.23617765
43.00000000,2246.00000000,0.23522136
43.00000000,2247.00000000,0.23426624
43.00000000,2248.00000000,0.23331233
43.00000000,2249.00000000,0.23235931
43.00000000,2250.00000000,0.23140555
43.00000000,2251.00000000,0.23044823
43.00000000,2252.00000000,0.22948458
43.00000000,2253.00000000,0.22851323
43.00000000,2254.00000000,0.22753359
43.00000000,2255.00000000,0.22654555
43.00000000,2256.00000000,0.22554928
43.00000000,2257.00000000,0.22454491
43.00000000,2258.00000000,0.22353266
43.00000000,2259.00000000,0.22251280
43.00000000,2260.00000000,0.22148563
43.00000000,2261.00000000,0.22045151
43.00000000,2262.00000000,0.21941098
43.00000000,2263.00000000,0.21836441
43.00000000,2264.00000000,0.21731224
43.00000000,2265.00000000,0.21625477
43.00000000,2266.00000000,0.21519221
43.00000000,2267.00000000,0.21412492
43.00000000,2268.00000000,0.21305311
43.00000000,2269.00000000,0.21197699
43.00000000,2270.00000000,0.21089683
43.00000000,2271.00000000,0.20981285
43.00000000,2272.00000000,0.20872523
43.00000000,2273.00000000,0.20763422
43.00000000,2274.00000000,0.20653998
43.00000000,2275.00000000,0.20544277
43.00000000,2276.00000000,0.20434273
43.00000000,2277.00000000,0.20324002
43.00000000,2278.00000000,0.20213489
43.00000000,2279.00000000,0.20102751
43.00000000,2280.00000000,0.19991797
43.00000000,2281.00000000,0.19880653
43.00000000,2282.00000000,0.19769328
43.00000000,2283.00000000,0.19657837
43.00000000,2284.00000000,0.19546200
43.00000000,2285.00000000,0.19434426
43.00000000,2286.00000000,0.19322529
43.00000000,2287.00000000,0.19210528
43.00000000,2288.00000000,0.19098429
43.00000000,2289.00000000,0.18986250
43.00000000,2290.00000000,0.18874010
43.00000000,2291.00000000,0.18761715
43.00000000,2292.00000000,0.18673619
43.00000000,2293.00000000,0.18656878
43.00000000,2294.00000000,0.18659649
43.00000000,2295.00000000,0.18662442
43.00000000,2296.00000000,0.18665254
43.00000000,2297.00000000,0.18668082
43.00000000,2298.00000000,0.18670929
43.00000000,2299.00000000,0.18676849
43.00000000,2300.00000000,0.18682790
43.00000000,2301.00000000,0.18688747
43.00000000,2302.00000000,0.18694713
43.00000000,2303.00000000,0.18700692
43.00000000,2304.00000000,0.18700629
43.00000000,2305.00000000,0.18700569
43.00000000,2306.00000000,0.18700520
43.00000000,2307.00000000,0.18700474
43.00000000,2308.00000000,0.18700434
43.00000000,2309.00000000,0.18700400
43.00000000,2310.00000000,0.18700373
43.00000000,2311.00000000,0.18700347
43.00000000,2312.00000000,0.18700332
43.00000000,2313.00000000,0.18700317
43.00000000,2314.00000000,0.18700312
43.00000000,2315.00000000,0.18700312
43.00000000,2316.00000000,0.18700312
43.00000000,2317.00000000,0.18700321
43.00000000,2318.00000000,0.18700335
43.00000000,2319.00000000,0.18700088
43.00000000,2320.00000000,0.18699850
43.00000000,2321.00000000,0.18699618
43.00000000,2322.00000000,0.18699384
43.00000000,2323.00000000,0.18699160
43.00000000,2324.00000000,0.18698935
43.00000000,2325.00000000,0.18698720
43.00000000,2326.00000000,0.18698509
43.00000000,2327.00000000,0.18698298
43.00000000,2328.00000000,0.18698096
43.00000000,2329.00000000,0.18697898
43.00000000,2330.00000000,0.18697698
43.00000000,2331.00000000,0.18697509
43.00000000,2332.00000000,0.18697323
43.00000000,2333.00000000,0.18697137
43.00000000,2334.00000000,0.18696959
43.00000000,2335.00000000,0.18696781
43.00000000,2336.00000000,0.18696611
43.00000000,2337.00000000,0.18696446
43.00000000,2338.00000000,0.18696281
43.00000000,2339.00000000,0.18696123
43.00000000,2340.00000000,0.18695969
43.00000000,2341.00000000,0.18695815
43.00000000,2342.00000000,0.18695669
43.00000000,2343.00000000,0.18695526
43.00000000,2344.00000000,0.18695966
43.00000000,2345.00000000,0.18696417
43.00000000,2346.00000000,0.18696870
43.00000000,2347.00000000,0.18697322
43.00000000,2348.00000000,0.18697782
43.00000000,2349.00000000,0.18698243
43.00000000,2350.00000000,0.18698711
43.00000000,2351.00000000,0.18699183
43.00000000,2352.00000000,0.18699654
43.00000000,2353.00000000,0.18700133
43.00000000,2354.00000000,0.18700618
43.00000000,2355.00000000,0.18701102
43.00000000,2356.00000000,0.18701594
43.00000000,2357.00000000,0.18702091
43.00000000,2358.00000000,0.18702589
43.00000000,2359.00000000,0.18703094
43.00000000,2360.00000000,0.18703598
43.00000000,2361.00000000,0.18704111
43.00000000,2362.00000000,0.18704628
43.00000000,2363.00000000,0.18705145
43.00000000,2364.00000000,0.18705669
43.00000000,2365.00000000,0.18706197
43.00000000,2366.00000000,0.18706724
43.00000000,2367.00000000,0.18707257
43.00000000,2368.00000000,0.18707796
43.00000000,2369.00000000,0.18708332
43.00000000,2370.00000000,0.18708877
43.00000000,2371.00000000,0.18709423
43.00000000,2372.00000000,0.18709969
43.00000000,2373.00000000,0.18710522
43.00000000,2374.00000000,0.18711074
43.00000000,2375.00000000,0.18711633
43.00000000,2376.00000000,0.18712193
43.00000000,2377.00000000,0.18712753
43.00000000,2378.00000000,0.18713318
43.00000000,2379.00000000,0.18713888
43.00000000,2380.00000000,0.18714455
43.00000000,2381.00000000,0.18715029
43.00000000,2382.00000000,0.18715604
43.00000000,2383.00000000,0.18716178
43.00000000,2384.00000000,0.18716759
43.00000000,2385.00000000,0.18717335
43.00000000,2386.00000000,0.18717920
43.00000000,2387.00000000,0.18718507
43.00000000,2388.00000000,0.18719091
43.00000000,2389.00000000,0.18719681
43.00000000,2390.00000000,0.18720273
43.00000000,2391.00000000,0.18720863
43.00000000,2392.00000000,0.18721458
43.00000000,2393.00000000,0.18722055
43.00000000,2394.00000000,0.18722482
43.00000000,2395.00000000,0.18722916
43.00000000,2396.00000000,0.18723350
43.00000000,2397.00000000,0.18723782
43.00000000,2398.00000000,0.18724219
43.00000000,2399.00000000,0.18724653
43.00000000,2400.00000000,0.18725093
43.00000000,2401.00000000,0.18725536
43.00000000,2402.00000000,0.18725973
43.00000000,2403.00000000,0.18726420
43.00000000,2404.00000000,0.18726868
43.00000000,2405.00000000,0.18727314
43.00000000,2406.00000000,0.18727768
43.00000000,2407.00000000,0.18728225
43.00000000,2408.00000000,0.18728677
43.00000000,2409.00000000,0.18729138
43.00000000,2410.00000000,0.18729595
43.00000000,2411.00000000,0.18730061
43.00000000,2412.00000000,0.18730528
43.00000000,2413.00000000,0.18730992
43.00000000,2414.00000000,0.18731464
43.00000000,2415.00000000,0.18731938
43.00000000,2416.00000000,0.18732407
43.00000000,2417.00000000,0.18732885
43.00000000,2418.00000000,0.18733365
43.00000000,2419.00000000,0.18733841
43.00000000,2420.00000000,0.18734324
43.00000000,2421.00000000,0.18734802
43.00000000,2422.00000000,0.18735289
43.00000000,2423.00000000,0.18735778
43.00000000,2424.00000000,0.18736261
43.00000000,2425.00000000,0.18736754
43.00000000,2426.00000000,0.18737246
43.00000000,2427.00000000,0.18737735
43.00000000,2428.00000000,0.18738231
43.00000000,2429.00000000,0.18738728
43.00000000,2430.00000000,0.18739221
43.00000000,2431.00000000,0.18739721
43.00000000,2432.00000000,0.18740223
43.00000000,2433.00000000,0.18740719
43.00000000,2434.00000000,0.18741223
43.00000000,2435.00000000,0.18741721
43.00000000,2436.00000000,0.18742227
43.00000000,2437.00000000,0.18742734
43.00000000,2438.00000000,0.18743235
43.00000000,2439.00000000,0.18743746
43.00000000,2440.00000000,0.18744256
43.00000000,2441.00000000,0.18744761
43.00000000,2442.00000000,0.18745274
43.00000000,2443.00000000,0.18745786
43.00000000,2444.00000000,0.18746117
43.00000000,2445.00000000,0.18746455
43.00000000,2446.00000000,0.18746786
43.00000000,2447.00000000,0.18747125
43.00000000,2448.00000000,0.18747465
43.00000000,2449.00000000,0.18747798
43.00000000,2450.00000000,0.18748140
43.00000000,2451.00000000,0.18748482
43.00000000,2452.00000000,0.18748817
43.00000000,2453.00000000,0.18749159
43.00000000,2454.00000000,0.18749501
43.00000000,2455.00000000,0.18749836
43.00000000,2456.00000000,0.18750178
43.00000000,2457.00000000,0.18750519
43.00000000,2458.00000000,0.18750855
43.00000000,2459.00000000,0.18751196
43.00000000,2460.00000000,0.18751530
43.00000000,2461.00000000,0.18751870
43.00000000,2462.00000000,0.18752211
43.00000000,2463.00000000,0.18752544
43.00000000,2464.00000000,0.18752887
43.00000000,2465.00000000,0.18753227
43.00000000,2466.00000000,0.18753560
43.00000000,2467.00000000,0.18753902
43.00000000,2468.00000000,0.18754243
43.00000000,2469.00000000,0.18754575
43.00000000,2470.00000000,0.18754915
43.00000000,2471.00000000,0.18755248
43.00000000,2472.00000000,0.18755590
43.00000000,2473.00000000,0.18755931
43.00000000,2474.00000000,0.18756263
43.00000000,2475.00000000,0.18756605
43.00000000,2476.00000000,0.18756947
43.00000000,2477.00000000,0.18757279
43.00000000,2478.00000000,0.18757621
43.00000000,2479.00000000,0.18757963
43.00000000,2480.00000000,0.18758296
43.00000000,2481.00000000,0.18758640
43.00000000,2482.00000000,0.18758973
43.00000000,2483.00000000,0.18759316
43.00000000,2484.00000000,0.18759659
43.00000000,2485.00000000,0.18759994
43.00000000,2486.00000000,0.18760338
43.00000000,2487.00000000,0.18760683
43.00000000,2488.00000000,0.18761017
43.00000000,2489.00000000,0.18761362
43.00000000,2490.00000000,0.18761709
43.00000000,2491.00000000,0.18762045
43.00000000,2492.00000000,0.18762392
43.00000000,2493.00000000,0.18762738
43.00000000,2494.00000000,0.18763194
43.00000000,2495.00000000,0.18763659
43.00000000,2496.00000000,0.18764114
43.00000000,2497.00000000,0.18764581
43.00000000,2498.00000000,0.18765048
43.00000000,2499.00000000,0.18765505
43.00000000,2500.00000000,0.18765974
44.00000000,1765.00000000,0.16901499
44.00000000,1766.00000000,0.16901500
44.00000000,1767.00000000,0.16901500
44.00000000,1768.00000000,0.16901506
44.00000000,1769.00000000,0.16901524
44.00000000,1770.00000000,0.16901554
44.00000000,1771.00000000,0.16901583
44.00000000,1772.00000000,0.16901637
44.00000000,1773.00000000,0.16901683
44.00000000,1774.00000000,0.16901753
44.00000000,1775.00000000,0.16901821
44.00000000,1776.00000000,0.16901905
44.00000000,1777.00000000,0.16901995
44.00000000,1778.00000000,0.16902091
44.00000000,1779.00000000,0.16902204
44.00000000,1780.00000000,0.16902336
44.00000000,1781.00000000,0.16902452
44.00000000,1782.00000000,0.16902597
44.00000000,1783.00000000,0.16902751
44.00000000,1784.00000000,0.16902901
44.00000000,1785.00000000,0.16903068
44.00000000,1786.00000000,0.16903235
44.00000000,1787.00000000,0.16903424
44.00000000,1788.00000000,0.16903613
44.00000000,1789.00000000,0.16903810
44.00000000,1790.00000000,0.16904017
44.00000000,1791.00000000,0.16904234
44.00000000,1792.00000000,0.16904460
44.00000000,1793.00000000,0.16904694
44.00000000,1794.00000000,0.16904933
44.00000000,1795.00000000,0.16905182
44.00000000,1796.00000000,0.16905449
44.00000000,1797.00000000,0.16905718
44.00000000,1798.00000000,0.16905997
44.00000000,1799.00000000,0.16906283
44.00000000,1800.00000000,0.16906579
44.00000000,1801.00000000,0.16906887
44.00000000,1802.00000000,0.16907203
44.00000000,1803.00000000,0.16907529
44.00000000,1804.00000000,0.16907866
44.00000000,1805.00000000,0.16908214
44.00000000,1806.00000000,0.16908575
44.00000000,1807.00000000,0.16908950
44.00000000,1808.00000000,0.16909337
44.00000000,1809.00000000,0.16909736
44.00000000,1810.00000000,0.16911481
44.00000000,1811.00000000,0.16911913
44.00000000,1812.00000000,0.16912360
44.00000000,1813.00000000,0.16912820
44.00000000,1814.00000000,0.16913299
44.00000000,1815.00000000,0.16914229
44.00000000,1816.00000000,0.16914731
44.00000000,1817.00000000,0.16915248
44.00000000,1818.00000000,0.16915768
44.00000000,1819.00000000,0.16916305
44.00000000,1820.00000000,0.16916849
44.00000000,1821.00000000,0.16917405
44.00000000,1822.00000000,0.16917970
44.00000000,1823.00000000,0.16918547
44.00000000,1824.00000000,0.16919132
44.00000000,1825.00000000,0.16920169
44.00000000,1826.00000000,0.16920771
44.00000000,1827.00000000,0.16921380
44.00000000,1828.00000000,0.16922001
44.00000000,1829.00000000,0.16922621
44.00000000,1830.00000000,0.16923256
44.00000000,1831.00000000,0.16923890
44.00000000,1832.00000000,0.16924528
44.00000000,1833.00000000,0.16925168
44.00000000,1834.00000000,0.16925814
44.00000000,1835.00000000,0.16926910
44.00000000,1836.00000000,0.16927565
44.00000000,1837.00000000,0.16928225
44.00000000,1838.00000000,0.16928886
44.00000000,1839.00000000,0.16929551
44.00000000,1840.00000000,0.16930216
44.00000000,1841.00000000,0.16931334
44.00000000,1842.00000000,0.16932005
44.00000000,1843.00000000,0.16932678
44.00000000,1844.00000000,0.16933794
44.00000000,1845.00000000,0.16934470
44.00000000,1846.00000000,0.16936036
44.00000000,1847.00000000,0.16936266
44.00000000,1848.00000000,0.16936943
44.00000000,1849.00000000,0.16937616
44.00000000,1850.00000000,0.16938737
44.00000000,1851.00000000,0.16939401
44.00000000,1852.00000000,0.16940070
44.00000000,1853.00000000,0.16940776
44.00000000,1854.00000000,0.16941487
44.00000000,1855.00000000,0.16942637
44.00000000,1856.00000000,0.16943318
44.00000000,1857.00000000,0.16943986
44.00000000,1858.00000000,0.16944643
44.00000000,1859.00000000,0.16945746
44.00000000,1860.00000000,0.16946845
44.00000000,1861.00000000,0.16947936
44.00000000,1862.00000000,0.16948557
44.00000000,1863.00000000,0.16949113
44.00000000,1864.00000000,0.16949622
44.00000000,1865.00000000,0.16950106
44.00000000,1866.00000000,0.16951007
44.00000000,1867.00000000,0.16951884
44.00000000,1868.00000000,0.16952303
44.00000000,1869.00000000,0.16953138
44.00000000,1870.00000000,0.16953514
44.00000000,1871.00000000,0.16954314
44.00000000,1872.00000000,0.16954693
44.00000000,1873.00000000,0.16955134
44.00000000,1874.00000000,0.16958274
44.00000000,1875.00000000,0.16958299
44.00000000,1876.00000000,0.16958784
44.00000000,1877.00000000,0.16959715
44.00000000,1878.00000000,0.16960207
44.00000000,1879.00000000,0.16961157
44.00000000,1880.00000000,0.16963440
44.00000000,1881.00000000,0.16963934
44.00000000,1882.00000000,0.16964848
44.00000000,1883.00000000,0.16965698
44.00000000,1884.00000000,0.16966937
44.00000000,1885.00000000,0.16967706
44.00000000,1886.00000000,0.16968905
44.00000000,1887.00000000,0.16969659
44.00000000,1888.00000000,0.16970842
44.00000000,1889.00000000,0.16972891
44.00000000,1890.00000000,0.16973111
44.00000000,1891.00000000,0.16974632
44.00000000,1892.00000000,0.16975226
44.00000000,1893.00000000,0.16976685
44.00000000,1894.00000000,0.16978608
44.00000000,1895.00000000,0.16978765
44.00000000,1896.00000000,0.16980266
44.00000000,1897.00000000,0.16981312
44.00000000,1898.00000000,0.16985892
44.00000000,1899.00000000,0.16986869
44.00000000,1900.00000000,0.16989121
44.00000000,1901.00000000,0.16989509
44.00000000,1902.00000000,0.16989886
44.00000000,1903.00000000,0.16991999
44.00000000,1904.00000000,0.16995413
44.00000000,1905.00000000,0.16997025
44.00000000,1906.00000000,0.16997712
44.00000000,1907.00000000,0.17000567
44.00000000,1908.00000000,0.17003798
44.00000000,1909.00000000,0.17006531
44.00000000,1910.00000000,0.17007462
44.00000000,1911.00000000,0.17010686
44.00000000,1912.00000000,0.17012418
44.00000000,1913.00000000,0.17014960
44.00000000,1914.00000000,0.17016524
44.00000000,1915.00000000,0.17019907
44.00000000,1916.00000000,0.17026957
44.00000000,1917.00000000,0.17031428
44.00000000,1918.00000000,0.17026573
44.00000000,1919.00000000,0.17032466
44.00000000,1920.00000000,0.17033617
44.00000000,1921.00000000,0.17034943
44.00000000,1922.00000000,0.17035804
44.00000000,1923.00000000,0.17042397
44.00000000,1924.00000000,0.17054386
44.00000000,1925.00000000,0.17057905
44.00000000,1926.00000000,0.17064096
44.00000000,1927.00000000,0.17071627
44.00000000,1928.00000000,0.17073376
44.00000000,1929.00000000,0.17074646
44.00000000,1930.00000000,0.17076802
44.00000000,1931.00000000,0.17083551
44.00000000,1932.00000000,0.17098550
44.00000000,1933.00000000,0.17099547
44.00000000,1934.00000000,0.17113705
44.00000000,1935.00000000,0.17122172
44.00000000,1936.00000000,0.17124396
44.00000000,1937.00000000,0.17123825
44.00000000,1938.00000000,0.17130652
44.00000000,1939.00000000,0.17141819
44.00000000,1940.00000000,0.17148455
44.00000000,1941.00000000,0.17158526
44.00000000,1942.00000000,0.17170214
44.00000000,1943.00000000,0.17189383
44.00000000,1944.00000000,0.17201808
44.00000000,1945.00000000,0.17210248
44.00000000,1946.00000000,0.17217135
44.00000000,1947.00000000,0.17240811
44.00000000,1948.00000000,0.17245008
44.00000000,1949.00000000,0.17263400
44.00000000,1950.00000000,0.17283920
44.00000000,1951.00000000,0.17318990
44.00000000,1952.00000000,0.17304481
44.00000000,1953.00000000,0.17320440
44.00000000,1954.00000000,0.17335707
44.00000000,1955.00000000,0.17343238
44.00000000,1956.00000000,0.17362096
44.00000000,1957.00000000,0.17389995
44.00000000,1958.00000000,0.17347673
44.00000000,1959.00000000,0.17341105
44.00000000,1960.00000000,0.17367495
44.00000000,1961.00000000,0.17389527
44.00000000,1962.00000000,0.17378820
44.00000000,1963.00000000,0.17318539
44.00000000,1964.00000000,0.17371909
44.00000000,1965.00000000,0.17311562
44.00000000,1966.00000000,0.17326963
44.00000000,1967.00000000,0.17378965
44.00000000,1968.00000000,0.17371938
44.00000000,1969.00000000,0.17372944
44.00000000,1970.00000000,0.17371700
44.00000000,1971.00000000,0.17401387
44.00000000,1972.00000000,0.17396595
44.00000000,1973.00000000,0.17425356
44.00000000,1974.00000000,0.17377276
44.00000000,1975.00000000,0.17319619
44.00000000,1976.00000000,0.17270834
44.00000000,1977.00000000,0.17283736
44.00000000,1978.00000000,0.17311707
44.00000000,1979.00000000,0.17328162
44.00000000,1980.00000000,0.17366242
44.00000000,1981.00000000,0.17393778
44.00000000,1982.00000000,0.17357321
44.00000000,1983.00000000,0.17373493
44.00000000,1984.00000000,0.17415729
44.00000000,1985.00000000,0.17426877
44.00000000,1986.00000000,0.17426556
44.00000000,1987.00000000,0.17444595
44.00000000,1988.00000000,0.17437635
44.00000000,1989.00000000,0.17335943
44.00000000,1990.00000000,0.17367048
44.00000000,1991.00000000,0.17431835
44.00000000,1992.00000000,0.17462976
44.00000000,1993.00000000,0.17438594
44.00000000,1994.00000000,0.17529803
44.00000000,1995.00000000,0.17589384
44.00000000,1996.00000000,0.17600916
44.00000000,1997.00000000,0.17620156
44.00000000,1998.00000000,0.17630332
44.00000000,1999.00000000,0.17708622
44.00000000,2000.00000000,0.17768372
44.00000000,2001.00000000,0.17809486
44.00000000,2002.00000000,0.17836698
44.00000000,2003.00000000,0.17895765
44.00000000,2004.00000000,0.17947213
44.00000000,2005.00000000,0.17955124
44.00000000,2006.00000000,0.18001430
44.00000000,2007.00000000,0.18065492
44.00000000,2008.00000000,0.18134199
44.00000000,2009.00000000,0.18192249
44.00000000,2010.00000000,0.18259909
44.00000000,2011.00000000,0.18303415
44.00000000,2012.00000000,0.18377594
44.00000000,2013.00000000,0.18466590
44.00000000,2014.00000000,0.18583028
44.00000000,2015.00000000,0.18645807
44.00000000,2016.00000000,0.18713648
44.00000000,2017.00000000,0.18810629
44.00000000,2018.00000000,0.18807715
44.00000000,2019.00000000,0.18787706
44.00000000,2020.00000000,0.18896921
44.00000000,2021.00000000,0.18952349
44.00000000,2022.00000000,0.18976788
44.00000000,2023.00000000,0.19090567
44.00000000,2024.00000000,0.19057205
44.00000000,2025.00000000,0.18976277
44.00000000,2026.00000000,0.18948766
44.00000000,2027.00000000,0.18931671
44.00000000,2028.00000000,0.19000042
44.00000000,2029.00000000,0.19057025
44.00000000,2030.00000000,0.19119129
44.00000000,2031.00000000,0.19171160
44.00000000,2032.00000000,0.19252444
44.00000000,2033.00000000,0.19296266
44.00000000,2034.00000000,0.19309572
44.00000000,2035.00000000,0.19338105
44.00000000,2036.00000000,0.19276706
44.00000000,2037.00000000,0.19268116
44.00000000,2038.00000000,0.19307538
44.00000000,2039.00000000,0.19351884
44.00000000,2040.00000000,0.19399467
44.00000000,2041.00000000,0.19434385
44.00000000,2042.00000000,0.19409130
44.00000000,2043.00000000,0.19388888
44.00000000,2044.00000000,0.19447658
44.00000000,2045.00000000,0.19504010
44.00000000,2046.00000000,0.19514160
44.00000000,2047.00000000,0.19645226
44.00000000,2048.00000000,0.19796758
44.00000000,2049.00000000,0.19910927
44.00000000,2050.00000000,0.19978575
44.00000000,2051.00000000,0.20046066
44.00000000,2052.00000000,0.20113453
44.00000000,2053.00000000,0.20180619
44.00000000,2054.00000000,0.20247598
44.00000000,2055.00000000,0.20344042
44.00000000,2056.00000000,0.20440279
44.00000000,2057.00000000,0.20536319
44.00000000,2058.00000000,0.20632164
44.00000000,2059.00000000,0.20727812
44.00000000,2060.00000000,0.20823277
44.00000000,2061.00000000,0.20918591
44.00000000,2062.00000000,0.21013876
44.00000000,2063.00000000,0.21109298
44.00000000,2064.00000000,0.21204958
44.00000000,2065.00000000,0.21287939
44.00000000,2066.00000000,0.21371285
44.00000000,2067.00000000,0.21455008
44.00000000,2068.00000000,0.21539122
44.00000000,2069.00000000,0.21623622
44.00000000,2070.00000000,0.21708491
44.00000000,2071.00000000,0.21793766
44.00000000,2072.00000000,0.21879548
44.00000000,2073.00000000,0.21965958
44.00000000,2074.00000000,0.22053081
44.00000000,2075.00000000,0.22167687
44.00000000,2076.00000000,0.22282987
44.00000000,2077.00000000,0.22398988
44.00000000,2078.00000000,0.22515644
44.00000000,2079.00000000,0.22632918
44.00000000,2080.00000000,0.22750784
44.00000000,2081.00000000,0.22869201
44.00000000,2082.00000000,0.22988203
44.00000000,2083.00000000,0.23107839
44.00000000,2084.00000000,0.23228083
44.00000000,2085.00000000,0.23368304
44.00000000,2086.00000000,0.23509080
44.00000000,2087.00000000,0.23650370
44.00000000,2088.00000000,0.23792129
44.00000000,2089.00000000,0.23934307
44.00000000,2090.00000000,0.24076841
44.00000000,2091.00000000,0.24219710
44.00000000,2092.00000000,0.24362923
44.00000000,2093.00000000,0.24506530
44.00000000,2094.00000000,0.24650512
44.00000000,2095.00000000,0.24793760
44.00000000,2096.00000000,0.24937338
44.00000000,2097.00000000,0.25081192
44.00000000,2098.00000000,0.25225258
44.00000000,2099.00000000,0.25369507
44.00000000,2100.00000000,0.25513861
44.00000000,2101.00000000,0.25658291
44.00000000,2102.00000000,0.25802819
44.00000000,2103.00000000,0.25947442
44.00000000,2104.00000000,0.26092152
44.00000000,2105.00000000,0.26195036
44.00000000,2106.00000000,0.26297956
44.00000000,2107.00000000,0.26400880
44.00000000,2108.00000000,0.26503778
44.00000000,2109.00000000,0.26606598
44.00000000,2110.00000000,0.26709317
44.00000000,2111.00000000,0.26811895
44.00000000,2112.00000000,0.26914278
44.00000000,2113.00000000,0.27016448
44.00000000,2114.00000000,0.27118357
44.00000000,2115.00000000,0.27182373
44.00000000,2116.00000000,0.27246095
44.00000000,2117.00000000,0.27309474
44.00000000,2118.00000000,0.27372527
44.00000000,2119.00000000,0.27435220
44.00000000,2120.00000000,0.27497529
44.00000000,2121.00000000,0.27559456
44.00000000,2122.00000000,0.27620981
44.00000000,2123.00000000,0.27682076
44.00000000,2124.00000000,0.27742746
44.00000000,2125.00000000,0.27782093
44.00000000,2126.00000000,0.27821000
44.00000000,2127.00000000,0.27859457
44.00000000,2128.00000000,0.27897466
44.00000000,2129.00000000,0.27935024
44.00000000,2130.00000000,0.27972121
44.00000000,2131.00000000,0.28008755
44.00000000,2132.00000000,0.28044922
44.00000000,2133.00000000,0.28080628
44.00000000,2134.00000000,0.28115849
44.00000000,2135.00000000,0.28129245
44.00000000,2136.00000000,0.28142177
44.00000000,2137.00000000,0.28154650
44.00000000,2138.00000000,0.28166681
44.00000000,2139.00000000,0.28178268
44.00000000,2140.00000000,0.28189408
44.00000000,2141.00000000,0.28200123
44.00000000,2142.00000000,0.28210396
44.00000000,2143.00000000,0.28220253
44.00000000,2144.00000000,0.28229679
44.00000000,2145.00000000,0.28222435
44.00000000,2146.00000000,0.28214797
44.00000000,2147.00000000,0.28206775
44.00000000,2148.00000000,0.28198364
44.00000000,2149.00000000,0.28189596
44.00000000,2150.00000000,0.28180466
44.00000000,2151.00000000,0.28171125
44.00000000,2152.00000000,0.28162027
44.00000000,2153.00000000,0.28153573
44.00000000,2154.00000000,0.28145988
44.00000000,2155.00000000,0.28139352
44.00000000,2156.00000000,0.28133688
44.00000000,2157.00000000,0.28129004
44.00000000,2158.00000000,0.28125257
44.00000000,2159.00000000,0.28122405
44.00000000,2160.00000000,0.28120434
44.00000000,2161.00000000,0.28119277
44.00000000,2162.00000000,0.28118892
44.00000000,2163.00000000,0.28119258
44.00000000,2164.00000000,0.28120320
44.00000000,2165.00000000,0.28122037
44.00000000,2166.00000000,0.28124391
44.00000000,2167.00000000,0.28127330
44.00000000,2168.00000000,0.28130828
44.00000000,2169.00000000,0.28134854
44.00000000,2170.00000000,0.28139380
44.00000000,2171.00000000,0.28144377
44.00000000,2172.00000000,0.28149814
44.00000000,2173.00000000,0.28155664
44.00000000,2174.00000000,0.28161907
44.00000000,2175.00000000,0.28168517
44.00000000,2176.00000000,0.28175470
44.00000000,2177.00000000,0.28182745
44.00000000,2178.00000000,0.28190315
44.00000000,2179.00000000,0.28198175
44.00000000,2180.00000000,0.28206294
44.00000000,2181.00000000,0.28214644
44.00000000,2182.00000000,0.28223228
44.00000000,2183.00000000,0.28232021
44.00000000,2184.00000000,0.28240994
44.00000000,2185.00000000,0.28250148
44.00000000,2186.00000000,0.28259459
44.00000000,2187.00000000,0.28268902
44.00000000,2188.00000000,0.28278483
44.00000000,2189.00000000,0.28288179
44.00000000,2190.00000000,0.28297973
44.00000000,2191.00000000,0.28307851
44.00000000,2192.00000000,0.28317794
44.00000000,2193.00000000,0.28327792
44.00000000,2194.00000000,0.28337820
44.00000000,2195.00000000,0.28239752
44.00000000,2196.00000000,0.28141660
44.00000000,2197.00000000,0.28043545
44.00000000,2198.00000000,0.27945414
44.00000000,2199.00000000,0.27847286
44.00000000,2200.00000000,0.27749165
44.00000000,2201.00000000,0.27651051
44.00000000,2202.00000000,0.27552961
44.00000000,2203.00000000,0.27454893
44.00000000,2204.00000000,0.27356865
44.00000000,2205.00000000,0.27258882
44.00000000,2206.00000000,0.27160942
44.00000000,2207.00000000,0.27063057
44.00000000,2208.00000000,0.26965228
44.00000000,2209.00000000,0.26867457
44.00000000,2210.00000000,0.26769758
44.00000000,2211.00000000,0.26672133
44.00000000,2212.00000000,0.26574565
44.00000000,2213.00000000,0.26477094
44.00000000,2214.00000000,0.26379698
44.00000000,2215.00000000,0.26282397
44.00000000,2216.00000000,0.26185184
44.00000000,2217.00000000,0.26088059
44.00000000,2218.00000000,0.25991033
44.00000000,2219.00000000,0.25894108
44.00000000,2220.00000000,0.25797268
44.00000000,2221.00000000,0.25700538
44.00000000,2222.00000000,0.25603912
44.00000000,2223.00000000,0.25507389
44.00000000,2224.00000000,0.25410978
44.00000000,2225.00000000,0.25314677
44.00000000,2226.00000000,0.25218482
44.00000000,2227.00000000,0.25122396
44.00000000,2228.00000000,0.25026417
44.00000000,2229.00000000,0.24930556
44.00000000,2230.00000000,0.24834809
44.00000000,2231.00000000,0.24739174
44.00000000,2232.00000000,0.24643658
44.00000000,2233.00000000,0.24548249
44.00000000,2234.00000000,0.24452948
44.00000000,2235.00000000,0.24357768
44.00000000,2236.00000000,0.24262700
44.00000000,2237.00000000,0.24167743
44.00000000,2238.00000000,0.24072908
44.00000000,2239.00000000,0.23978174
44.00000000,2240.00000000,0.23883558
44.00000000,2241.00000000,0.23789050
44.00000000,2242.00000000,0.23694654
44.00000000,2243.00000000,0.23600372
44.00000000,2244.00000000,0.23506195
44.00000000,2245.00000000,0.23412119
44.00000000,2246.00000000,0.23318154
44.00000000,2247.00000000,0.23224296
44.00000000,2248.00000000,0.23130541
44.00000000,2249.00000000,0.23036860
44.00000000,2250.00000000,0.22943104
44.00000000,2251.00000000,0.22848975
44.00000000,2252.00000000,0.22754214
44.00000000,2253.00000000,0.22658671
44.00000000,2254.00000000,0.22562300
44.00000000,2255.00000000,0.22465090
44.00000000,2256.00000000,0.22367048
44.00000000,2257.00000000,0.22268196
44.00000000,2258.00000000,0.22168550
44.00000000,2259.00000000,0.22068140
44.00000000,2260.00000000,0.21966999
44.00000000,2261.00000000,0.21865158
44.00000000,2262.00000000,0.21762666
44.00000000,2263.00000000,0.21659572
44.00000000,2264.00000000,0.21555909
44.00000000,2265.00000000,0.21451711
44.00000000,2266.00000000,0.21347003
44.00000000,2267.00000000,0.21241810
44.00000000,2268.00000000,0.21136164
44.00000000,2269.00000000,0.21030082
44.00000000,2270.00000000,0.20923585
44.00000000,2271.00000000,0.20816704
44.00000000,2272.00000000,0.20709454
44.00000000,2273.00000000,0.20601854
44.00000000,2274.00000000,0.20493931
44.00000000,2275.00000000,0.20385695
44.00000000,2276.00000000,0.20277174
44.00000000,2277.00000000,0.20168385
44.00000000,2278.00000000,0.20059339
44.00000000,2279.00000000,0.19950060
44.00000000,2280.00000000,0.19840566
44.00000000,2281.00000000,0.19730865
44.00000000,2282.00000000,0.19620980
44.00000000,2283.00000000,0.19510926
44.00000000,2284.00000000,0.19400710
44.00000000,2285.00000000,0.19290352
44.00000000,2286.00000000,0.19179868
44.00000000,2287.00000000,0.19069264
44.00000000,2288.00000000,0.18958561
44.00000000,2289.00000000,0.18847763
44.00000000,2290.00000000,0.18736891
44.00000000,2291.00000000,0.18625960
44.00000000,2292.00000000,0.18514978
44.00000000,2293.00000000,0.18427890
44.00000000,2294.00000000,0.18411251
44.00000000,2295.00000000,0.18413877
44.00000000,2296.00000000,0.18416527
44.00000000,2297.00000000,0.18419198
44.00000000,2298.00000000,0.18421883
44.00000000,2299.00000000,0.18424589
44.00000000,2300.00000000,0.18430331
44.00000000,2301.00000000,0.18436093
44.00000000,2302.00000000,0.18441872
44.00000000,2303.00000000,0.18447658
44.00000000,2304.00000000,0.18453459
44.00000000,2305.00000000,0.18453295
44.00000000,2306.00000000,0.18453135
44.00000000,2307.00000000,0.18452986
44.00000000,2308.00000000,0.18452844
44.00000000,2309.00000000,0.18452705
44.00000000,2310.00000000,0.18452576
44.00000000,2311.00000000,0.18452452
44.00000000,2312.00000000,0.18452332
44.00000000,2313.00000000,0.18452223
44.00000000,2314.00000000,0.18452115
44.00000000,2315.00000000,0.18452018
44.00000000,2316.00000000,0.18451927
44.00000000,2317.00000000,0.18451837
44.00000000,2318.00000000,0.18451758
44.00000000,2319.00000000,0.18451684
44.00000000,2320.00000000,0.18451352
44.00000000,2321.00000000,0.18451031
44.00000000,2322.00000000,0.18450715
44.00000000,2323.00000000,0.18450398
44.00000000,2324.00000000,0.18450092
44.00000000,2325.00000000,0.18449787
44.00000000,2326.00000000,0.18449491
44.00000000,2327.00000000,0.18449199
44.00000000,2328.00000000,0.18448909
44.00000000,2329.00000000,0.18448628
44.00000000,2330.00000000,0.18448352
44.00000000,2331.00000000,0.18448075
44.00000000,2332.00000000,0.18447808
44.00000000,2333.00000000,0.18447545
44.00000000,2334.00000000,0.18447283
44.00000000,2335.00000000,0.18447029
44.00000000,2336.00000000,0.18446776
44.00000000,2337.00000000,0.18446531
44.00000000,2338.00000000,0.18446291
44.00000000,2339.00000000,0.18446052
44.00000000,2340.00000000,0.18445821
44.00000000,2341.00000000,0.18445593
44.00000000,2342.00000000,0.18445366
44.00000000,2343.00000000,0.18445148
44.00000000,2344.00000000,0.18444933
44.00000000,2345.00000000,0.18445293
44.00000000,2346.00000000,0.18445665
44.00000000,2347.00000000,0.18446039
44.00000000,2348.00000000,0.18446413
44.00000000,2349.00000000,0.18446795
44.00000000,2350.00000000,0.18447179
44.00000000,2351.00000000,0.18447569
44.00000000,2352.00000000,0.18447963
44.00000000,2353.00000000,0.18448358
44.00000000,2354.00000000,0.18448763
44.00000000,2355.00000000,0.18449172
44.00000000,2356.00000000,0.18449580
44.00000000,2357.00000000,0.18449999
44.00000000,2358.00000000,0.18450421
44.00000000,2359.00000000,0.18450843
44.00000000,2360.00000000,0.18451275
44.00000000,2361.00000000,0.18451705
44.00000000,2362.00000000,0.18452143
44.00000000,2363.00000000,0.18452587
44.00000000,2364.00000000,0.18453029
44.00000000,2365.00000000,0.18453481
44.00000000,2366.00000000,0.18453934
44.00000000,2367.00000000,0.18454388
44.00000000,2368.00000000,0.18454849
44.00000000,2369.00000000,0.18455314
44.00000000,2370.00000000,0.18455777
44.00000000,2371.00000000,0.18456249
44.00000000,2372.00000000,0.18456723
44.00000000,2373.00000000,0.18457196
44.00000000,2374.00000000,0.18457676
44.00000000,2375.00000000,0.18458156
44.00000000,2376.00000000,0.18458643
44.00000000,2377.00000000,0.18459131
44.00000000,2378.00000000,0.18459618
44.00000000,2379.00000000,0.18460113
44.00000000,2380.00000000,0.18460609
44.00000000,2381.00000000,0.18461104
44.00000000,2382.00000000,0.18461606
44.00000000,2383.00000000,0.18462111
44.00000000,2384.00000000,0.18462611
44.00000000,2385.00000000,0.18463120
44.00000000,2386.00000000,0.18463627
44.00000000,2387.00000000,0.18464140
44.00000000,2388.00000000,0.18464655
44.00000000,2389.00000000,0.18465166
44.00000000,2390.00000000,0.18465685
44.00000000,2391.00000000,0.18466207
44.00000000,2392.00000000,0.18466724
44.00000000,2393.00000000,0.18467248
44.00000000,2394.00000000,0.18467776
44.00000000,2395.00000000,0.18468132
44.00000000,2396.00000000,0.18468498
44.00000000,2397.00000000,0.18468864
44.00000000,2398.00000000,0.18469226
44.00000000,2399.00000000,0.18469595
44.00000000,2400.00000000,0.18469960
44.00000000,2401.00000000,0.18470331
44.00000000,2402.00000000,0.18470706
44.00000000,2403.00000000,0.18471077
44.00000000,2404.00000000,0.18471455
44.00000000,2405.00000000,0.18471837
44.00000000,2406.00000000,0.18472215
44.00000000,2407.00000000,0.18472600
44.00000000,2408.00000000,0.18472989
44.00000000,2409.00000000,0.18473374
44.00000000,2410.00000000,0.18473768
44.00000000,2411.00000000,0.18474157
44.00000000,2412.00000000,0.18474555
44.00000000,2413.00000000,0.18474955
44.00000000,2414.00000000,0.18475351
44.00000000,2415.00000000,0.18475755
44.00000000,2416.00000000,0.18476161
44.00000000,2417.00000000,0.18476563
44.00000000,2418.00000000,0.18476972
44.00000000,2419.00000000,0.18477384
44.00000000,2420.00000000,0.18477792
44.00000000,2421.00000000,0.18478207
44.00000000,2422.00000000,0.18478617
44.00000000,2423.00000000,0.18479036
44.00000000,2424.00000000,0.18479456
44.00000000,2425.00000000,0.18479872
44.00000000,2426.00000000,0.18480294
44.00000000,2427.00000000,0.18480719
44.00000000,2428.00000000,0.18481139
44.00000000,2429.00000000,0.18481566
44.00000000,2430.00000000,0.18481995
44.00000000,2431.00000000,0.18482419
44.00000000,2432.00000000,0.18482851
44.00000000,2433.00000000,0.18483283
44.00000000,2434.00000000,0.18483710
44.00000000,2435.00000000,0.18484145
44.00000000,2436.00000000,0.18484574
44.00000000,2437.00000000,0.18485011
44.00000000,2438.00000000,0.18485451
44.00000000,2439.00000000,0.18485882
44.00000000,2440.00000000,0.18486323
44.00000000,2441.00000000,0.18486764
44.00000000,2442.00000000,0.18487200
44.00000000,2443.00000000,0.18487642
44.00000000,2444.00000000,0.18488086
44.00000000,2445.00000000,0.18488349
44.00000000,2446.00000000,0.18488620
44.00000000,2447.00000000,0.18488883
44.00000000,2448.00000000,0.18489155
44.00000000,2449.00000000,0.18489429
44.00000000,2450.00000000,0.18489694
44.00000000,2451.00000000,0.18489967
44.00000000,2452.00000000,0.18490242
44.00000000,2453.00000000,0.18490509
44.00000000,2454.00000000,0.18490783
44.00000000,2455.00000000,0.18491057
44.00000000,2456.00000000,0.18491321
44.00000000,2457.00000000,0.18491596
44.00000000,2458.00000000,0.18491868
44.00000000,2459.00000000,0.18492133
44.00000000,2460.00000000,0.18492406
44.00000000,2461.00000000,0.18492671
44.00000000,2462.00000000,0.18492944
44.00000000,2463.00000000,0.18493216
44.00000000,2464.00000000,0.18493480
44.00000000,2465.00000000,0.18493751
44.00000000,2466.00000000,0.18494024
44.00000000,2467.00000000,0.18494288
44.00000000,2468.00000000,0.18494560
44.00000000,2469.00000000,0.18494831
44.00000000,2470.00000000,0.18495094
44.00000000,2471.00000000,0.18495367
44.00000000,2472.00000000,0.18495630
44.00000000,2473.00000000,0.18495902
44.00000000,2474.00000000,0.18496173
44.00000000,2475.00000000,0.18496437
44.00000000,2476.00000000,0.18496709
44.00000000,2477.00000000,0.18496981
44.00000000,2478.00000000,0.18497243
44.00000000,2479.00000000,0.18497516
44.00000000,2480.00000000,0.18497789
44.00000000,2481.00000000,0.18498051
44.00000000,2482.00000000,0.18498325
44.00000000,2483.00000000,0.18498587
44.00000000,2484.00000000,0.18498862
44.00000000,2485.00000000,0.18499134
44.00000000,2486.00000000,0.18499398
44.00000000,2487.00000000,0.18499673
44.00000000,2488.00000000,0.18499947
44.00000000,2489.00000000,0.18500211
44.00000000,2490.00000000,0.18500487
44.00000000,2491.00000000,0.18500761
44.00000000,2492.00000000,0.18501028
44.00000000,2493.00000000,0.18501303
44.00000000,2494.00000000,0.18501580
44.00000000,2495.00000000,0.18501962
44.00000000,2496.00000000,0.18502356
44.00000000,2497.00000000,0.18502739
44.00000000,2498.00000000,0.18503134
44.00000000,2499.00000000,0.18503528
44.00000000,2500.00000000,0.18503914
45.00000000,1765.00000000,0.16460876
45.00000000,1766.00000000,0.16460883
45.00000000,1767.00000000,0.16460888
45.00000000,1768.00000000,0.16460895
45.00000000,1769.00000000,0.16460910
45.00000000,1770.00000000,0.16460939
45.00000000,1771.00000000,0.16460981
45.00000000,1772.00000000,0.16461023
45.00000000,1773.00000000,0.16461089
45.00000000,1774.00000000,0.16461150
45.00000000,1775.00000000,0.16461235
45.00000000,1776.00000000,0.16461319
45.00000000,1777.00000000,0.16461418
45.00000000,1778.00000000,0.16461527
45.00000000,1779.00000000,0.16461640
45.00000000,1780.00000000,0.16461772
45.00000000,1781.00000000,0.16461923
45.00000000,1782.00000000,0.16462057
45.00000000,1783.00000000,0.16462221
45.00000000,1784.00000000,0.16462394
45.00000000,1785.00000000,0.16462565
45.00000000,1786.00000000,0.16462752
45.00000000,1787.00000000,0.16462940
45.00000000,1788.00000000,0.16463150
45.00000000,1789.00000000,0.16463361
45.00000000,1790.00000000,0.16463579
45.00000000,1791.00000000,0.16463808
45.00000000,1792.00000000,0.16464046
45.00000000,1793.00000000,0.16464295
45.00000000,1794.00000000,0.16464549
45.00000000,1795.00000000,0.16464811
45.00000000,1796.00000000,0.16465083
45.00000000,1797.00000000,0.16465372
45.00000000,1798.00000000,0.16465663
45.00000000,1799.00000000,0.16465966
45.00000000,1800.00000000,0.16466272
45.00000000,1801.00000000,0.16466590
45.00000000,1802.00000000,0.16466922
45.00000000,1803.00000000,0.16467257
45.00000000,1804.00000000,0.16467608
45.00000000,1805.00000000,0.16467964
45.00000000,1806.00000000,0.16468336
45.00000000,1807.00000000,0.16468724
45.00000000,1808.00000000,0.16469118
45.00000000,1809.00000000,0.16469529
45.00000000,1810.00000000,0.16469957
45.00000000,1811.00000000,0.16471697
45.00000000,1812.00000000,0.16472158
45.00000000,1813.00000000,0.16472625
45.00000000,1814.00000000,0.16473114
45.00000000,1815.00000000,0.16473614
45.00000000,1816.00000000,0.16474560
45.00000000,1817.00000000,0.16475090
45.00000000,1818.00000000,0.16475626
45.00000000,1819.00000000,0.16476174
45.00000000,1820.00000000,0.16476732
45.00000000,1821.00000000,0.16477306
45.00000000,1822.00000000,0.16477883
45.00000000,1823.00000000,0.16478479
45.00000000,1824.00000000,0.16479077
45.00000000,1825.00000000,0.16479687
45.00000000,1826.00000000,0.16480746
45.00000000,1827.00000000,0.16481369
45.00000000,1828.00000000,0.16482008
45.00000000,1829.00000000,0.16482651
45.00000000,1830.00000000,0.16483301
45.00000000,1831.00000000,0.16483955
45.00000000,1832.00000000,0.16484615
45.00000000,1833.00000000,0.16485273
45.00000000,1834.00000000,0.16485939
45.00000000,1835.00000000,0.16486611
45.00000000,1836.00000000,0.16487725
45.00000000,1837.00000000,0.16488410
45.00000000,1838.00000000,0.16489089
45.00000000,1839.00000000,0.16489780
45.00000000,1840.00000000,0.16490466
45.00000000,1841.00000000,0.16491161
45.00000000,1842.00000000,0.16492292
45.00000000,1843.00000000,0.16492993
45.00000000,1844.00000000,0.16493689
45.00000000,1845.00000000,0.16494822
45.00000000,1846.00000000,0.16495527
45.00000000,1847.00000000,0.16497097
45.00000000,1848.00000000,0.16497365
45.00000000,1849.00000000,0.16498063
45.00000000,1850.00000000,0.16498766
45.00000000,1851.00000000,0.16499897
45.00000000,1852.00000000,0.16500589
45.00000000,1853.00000000,0.16501323
45.00000000,1854.00000000,0.16502067
45.00000000,1855.00000000,0.16502799
45.00000000,1856.00000000,0.16503948
45.00000000,1857.00000000,0.16504653
45.00000000,1858.00000000,0.16505340
45.00000000,1859.00000000,0.16506029
45.00000000,1860.00000000,0.16507147
45.00000000,1861.00000000,0.16508266
45.00000000,1862.00000000,0.16509358
45.00000000,1863.00000000,0.16509946
45.00000000,1864.00000000,0.16510481
45.00000000,1865.00000000,0.16510999
45.00000000,1866.00000000,0.16511484
45.00000000,1867.00000000,0.16512377
45.00000000,1868.00000000,0.16513255
45.00000000,1869.00000000,0.16513673
45.00000000,1870.00000000,0.16514509
45.00000000,1871.00000000,0.16514891
45.00000000,1872.00000000,0.16515731
45.00000000,1873.00000000,0.16516202
45.00000000,1874.00000000,0.16516699
45.00000000,1875.00000000,0.16519829
45.00000000,1876.00000000,0.16519912
45.00000000,1877.00000000,0.16520437
45.00000000,1878.00000000,0.16521406
45.00000000,1879.00000000,0.16521954
45.00000000,1880.00000000,0.16522934
45.00000000,1881.00000000,0.16525220
45.00000000,1882.00000000,0.16525739
45.00000000,1883.00000000,0.16526627
45.00000000,1884.00000000,0.16527462
45.00000000,1885.00000000,0.16528707
45.00000000,1886.00000000,0.16529493
45.00000000,1887.00000000,0.16530727
45.00000000,1888.00000000,0.16531497
45.00000000,1889.00000000,0.16532688
45.00000000,1890.00000000,0.16534710
45.00000000,1891.00000000,0.16534936
45.00000000,1892.00000000,0.16536444
45.00000000,1893.00000000,0.16537058
45.00000000,1894.00000000,0.16538552
45.00000000,1895.00000000,0.16540506
45.00000000,1896.00000000,0.16540722
45.00000000,1897.00000000,0.16542234
45.00000000,1898.00000000,0.16543300
45.00000000,1899.00000000,0.16547806
45.00000000,1900.00000000,0.16548768
45.00000000,1901.00000000,0.16550971
45.00000000,1902.00000000,0.16551402
45.00000000,1903.00000000,0.16551799
45.00000000,1904.00000000,0.16553916
45.00000000,1905.00000000,0.16557313
45.00000000,1906.00000000,0.16558946
45.00000000,1907.00000000,0.16559652
45.00000000,1908.00000000,0.16562447
45.00000000,1909.00000000,0.16565647
45.00000000,1910.00000000,0.16568383
45.00000000,1911.00000000,0.16569350
45.00000000,1912.00000000,0.16572515
45.00000000,1913.00000000,0.16574204
45.00000000,1914.00000000,0.16576684
45.00000000,1915.00000000,0.16578311
45.00000000,1916.00000000,0.16581793
45.00000000,1917.00000000,0.16588871
45.00000000,1918.00000000,0.16593356
45.00000000,1919.00000000,0.16588737
45.00000000,1920.00000000,0.16594753
45.00000000,1921.00000000,0.16596136
45.00000000,1922.00000000,0.16597720
45.00000000,1923.00000000,0.16598808
45.00000000,1924.00000000,0.16605404
45.00000000,1925.00000000,0.16617234
45.00000000,1926.00000000,0.16620771
45.00000000,1927.00000000,0.16626932
45.00000000,1928.00000000,0.16634414
45.00000000,1929.00000000,0.16636176
45.00000000,1930.00000000,0.16637506
45.00000000,1931.00000000,0.16639835
45.00000000,1932.00000000,0.16646790
45.00000000,1933.00000000,0.16661832
45.00000000,1934.00000000,0.16663127
45.00000000,1935.00000000,0.16677197
45.00000000,1936.00000000,0.16685576
45.00000000,1937.00000000,0.16687712
45.00000000,1938.00000000,0.16687045
45.00000000,1939.00000000,0.16693699
45.00000000,1940.00000000,0.16704666
45.00000000,1941.00000000,0.16711115
45.00000000,1942.00000000,0.16720918
45.00000000,1943.00000000,0.16732367
45.00000000,1944.00000000,0.16751197
45.00000000,1945.00000000,0.16763501
45.00000000,1946.00000000,0.16772100
45.00000000,1947.00000000,0.16779269
45.00000000,1948.00000000,0.16802726
45.00000000,1949.00000000,0.16806912
45.00000000,1950.00000000,0.16825019
45.00000000,1951.00000000,0.16845169
45.00000000,1952.00000000,0.16879634
45.00000000,1953.00000000,0.16865357
45.00000000,1954.00000000,0.16881006
45.00000000,1955.00000000,0.16896054
45.00000000,1956.00000000,0.16903463
45.00000000,1957.00000000,0.16921931
45.00000000,1958.00000000,0.16949254
45.00000000,1959.00000000,0.16907679
45.00000000,1960.00000000,0.16901063
45.00000000,1961.00000000,0.16926868
45.00000000,1962.00000000,0.16948531
45.00000000,1963.00000000,0.16938083
45.00000000,1964.00000000,0.16878930
45.00000000,1965.00000000,0.16931278
45.00000000,1966.00000000,0.16871983
45.00000000,1967.00000000,0.16887051
45.00000000,1968.00000000,0.16938015
45.00000000,1969.00000000,0.16930981
45.00000000,1970.00000000,0.16931773
45.00000000,1971.00000000,0.16930224
45.00000000,1972.00000000,0.16958924
45.00000000,1973.00000000,0.16953919
45.00000000,1974.00000000,0.16981917
45.00000000,1975.00000000,0.16934738
45.00000000,1976.00000000,0.16878398
45.00000000,1977.00000000,0.16830841
45.00000000,1978.00000000,0.16843720
45.00000000,1979.00000000,0.16871398
45.00000000,1980.00000000,0.16887721
45.00000000,1981.00000000,0.16925420
45.00000000,1982.00000000,0.16953203
45.00000000,1983.00000000,0.16918558
45.00000000,1984.00000000,0.16935537
45.00000000,1985.00000000,0.16977923
45.00000000,1986.00000000,0.16989540
45.00000000,1987.00000000,0.16989736
45.00000000,1988.00000000,0.17007815
45.00000000,1989.00000000,0.17001270
45.00000000,1990.00000000,0.16901710
45.00000000,1991.00000000,0.16932580
45.00000000,1992.00000000,0.16996661
45.00000000,1993.00000000,0.17027844
45.00000000,1994.00000000,0.17004692
45.00000000,1995.00000000,0.17094961
45.00000000,1996.00000000,0.17154045
45.00000000,1997.00000000,0.17165846
45.00000000,1998.00000000,0.17185168
45.00000000,1999.00000000,0.17195731
45.00000000,2000.00000000,0.17273225
45.00000000,2001.00000000,0.17332455
45.00000000,2002.00000000,0.17373284
45.00000000,2003.00000000,0.17400495
45.00000000,2004.00000000,0.17458682
45.00000000,2005.00000000,0.17509040
45.00000000,2006.00000000,0.17516429
45.00000000,2007.00000000,0.17561518
45.00000000,2008.00000000,0.17624143
45.00000000,2009.00000000,0.17691428
45.00000000,2010.00000000,0.17748328
45.00000000,2011.00000000,0.17814726
45.00000000,2012.00000000,0.17857422
45.00000000,2013.00000000,0.17930184
45.00000000,2014.00000000,0.18017465
45.00000000,2015.00000000,0.18131669
45.00000000,2016.00000000,0.18193240
45.00000000,2017.00000000,0.18259800
45.00000000,2018.00000000,0.18354977
45.00000000,2019.00000000,0.18352190
45.00000000,2020.00000000,0.18332673
45.00000000,2021.00000000,0.18439969
45.00000000,2022.00000000,0.18494565
45.00000000,2023.00000000,0.18518836
45.00000000,2024.00000000,0.18630816
45.00000000,2025.00000000,0.18598512
45.00000000,2026.00000000,0.18519596
45.00000000,2027.00000000,0.18493112
45.00000000,2028.00000000,0.18476877
45.00000000,2029.00000000,0.18544500
45.00000000,2030.00000000,0.18600974
45.00000000,2031.00000000,0.18662475
45.00000000,2032.00000000,0.18714059
45.00000000,2033.00000000,0.18794267
45.00000000,2034.00000000,0.18837689
45.00000000,2035.00000000,0.18851152
45.00000000,2036.00000000,0.18879545
45.00000000,2037.00000000,0.18819736
45.00000000,2038.00000000,0.18811733
45.00000000,2039.00000000,0.18850833
45.00000000,2040.00000000,0.18894781
45.00000000,2041.00000000,0.18941910
45.00000000,2042.00000000,0.18976584
45.00000000,2043.00000000,0.18952211
45.00000000,2044.00000000,0.18932732
45.00000000,2045.00000000,0.18990733
45.00000000,2046.00000000,0.19046375
45.00000000,2047.00000000,0.19056726
45.00000000,2048.00000000,0.19185673
45.00000000,2049.00000000,0.19334714
45.00000000,2050.00000000,0.19447146
45.00000000,2051.00000000,0.19513987
45.00000000,2052.00000000,0.19580706
45.00000000,2053.00000000,0.19647352
45.00000000,2054.00000000,0.19713814
45.00000000,2055.00000000,0.19780118
45.00000000,2056.00000000,0.19875343
45.00000000,2057.00000000,0.19970389
45.00000000,2058.00000000,0.20065267
45.00000000,2059.00000000,0.20159974
45.00000000,2060.00000000,0.20254512
45.00000000,2061.00000000,0.20348925
45.00000000,2062.00000000,0.20443335
45.00000000,2063.00000000,0.20537878
45.00000000,2064.00000000,0.20632677
45.00000000,2065.00000000,0.20727778
45.00000000,2066.00000000,0.20810488
45.00000000,2067.00000000,0.20893579
45.00000000,2068.00000000,0.20977047
45.00000000,2069.00000000,0.21060898
45.00000000,2070.00000000,0.21145119
45.00000000,2071.00000000,0.21229727
45.00000000,2072.00000000,0.21314835
45.00000000,2073.00000000,0.21400568
45.00000000,2074.00000000,0.21486976
45.00000000,2075.00000000,0.21574129
45.00000000,2076.00000000,0.21688237
45.00000000,2077.00000000,0.21803031
45.00000000,2078.00000000,0.21918486
45.00000000,2079.00000000,0.22034566
45.00000000,2080.00000000,0.22151227
45.00000000,2081.00000000,0.22268460
45.00000000,2082.00000000,0.22386276
45.00000000,2083.00000000,0.22504712
45.00000000,2084.00000000,0.22623790
45.00000000,2085.00000000,0.22743473
45.00000000,2086.00000000,0.22882740
45.00000000,2087.00000000,0.23022547
45.00000000,2088.00000000,0.23162819
45.00000000,2089.00000000,0.23303545
45.00000000,2090.00000000,0.23444645
45.00000000,2091.00000000,0.23586102
45.00000000,2092.00000000,0.23727932
45.00000000,2093.00000000,0.23870167
45.00000000,2094.00000000,0.24012811
45.00000000,2095.00000000,0.24155834
45.00000000,2096.00000000,0.24298136
45.00000000,2097.00000000,0.24440745
45.00000000,2098.00000000,0.24583609
45.00000000,2099.00000000,0.24726666
45.00000000,2100.00000000,0.24869880
45.00000000,2101.00000000,0.25013207
45.00000000,2102.00000000,0.25156646
45.00000000,2103.00000000,0.25300241
45.00000000,2104.00000000,0.25443959
45.00000000,2105.00000000,0.25587754
45.00000000,2106.00000000,0.25690485
45.00000000,2107.00000000,0.25793222
45.00000000,2108.00000000,0.25895966
45.00000000,2109.00000000,0.25998654
45.00000000,2110.00000000,0.26101256
45.00000000,2111.00000000,0.26203735
45.00000000,2112.00000000,0.26306061
45.00000000,2113.00000000,0.26408188
45.00000000,2114.00000000,0.26510081
45.00000000,2115.00000000,0.26611707
45.00000000,2116.00000000,0.26676100
45.00000000,2117.00000000,0.26740183
45.00000000,2118.00000000,0.26803925
45.00000000,2119.00000000,0.26867328
45.00000000,2120.00000000,0.26930367
45.00000000,2121.00000000,0.26993023
45.00000000,2122.00000000,0.27055292
45.00000000,2123.00000000,0.27117158
45.00000000,2124.00000000,0.27178591
45.00000000,2125.00000000,0.27239602
45.00000000,2126.00000000,0.27279658
45.00000000,2127.00000000,0.27319261
45.00000000,2128.00000000,0.27358429
45.00000000,2129.00000000,0.27397138
45.00000000,2130.00000000,0.27435404
45.00000000,2131.00000000,0.27473216
45.00000000,2132.00000000,0.27510554
45.00000000,2133.00000000,0.27547444
45.00000000,2134.00000000,0.27583869
45.00000000,2135.00000000,0.27619809
45.00000000,2136.00000000,0.27634291
45.00000000,2137.00000000,0.27648309
45.00000000,2138.00000000,0.27661869
45.00000000,2139.00000000,0.27674992
45.00000000,2140.00000000,0.27687671
45.00000000,2141.00000000,0.27699906
45.00000000,2142.00000000,0.27711717
45.00000000,2143.00000000,0.27723088
45.00000000,2144.00000000,0.27734048
45.00000000,2145.00000000,0.27744576
45.00000000,2146.00000000,0.27738705
45.00000000,2147.00000000,0.27732440
45.00000000,2148.00000000,0.27725792
45.00000000,2149.00000000,0.27718755
45.00000000,2150.00000000,0.27711362
45.00000000,2151.00000000,0.27703756
45.00000000,2152.00000000,0.27696360
45.00000000,2153.00000000,0.27689595
45.00000000,2154.00000000,0.27683654
45.00000000,2155.00000000,0.27678650
45.00000000,2156.00000000,0.27674589
45.00000000,2157.00000000,0.27671463
45.00000000,2158.00000000,0.27669262
45.00000000,2159.00000000,0.27667935
45.00000000,2160.00000000,0.27667436
45.00000000,2161.00000000,0.27667751
45.00000000,2162.00000000,0.27668817
45.00000000,2163.00000000,0.27670588
45.00000000,2164.00000000,0.27673051
45.00000000,2165.00000000,0.27676154
45.00000000,2166.00000000,0.27679854
45.00000000,2167.00000000,0.27684139
45.00000000,2168.00000000,0.27688951
45.00000000,2169.00000000,0.27694287
45.00000000,2170.00000000,0.27700108
45.00000000,2171.00000000,0.27706369
45.00000000,2172.00000000,0.27713069
45.00000000,2173.00000000,0.27720173
45.00000000,2174.00000000,0.27727648
45.00000000,2175.00000000,0.27735483
45.00000000,2176.00000000,0.27743649
45.00000000,2177.00000000,0.27752128
45.00000000,2178.00000000,0.27760896
45.00000000,2179.00000000,0.27769934
45.00000000,2180.00000000,0.27779228
45.00000000,2181.00000000,0.27788755
45.00000000,2182.00000000,0.27798494
45.00000000,2183.00000000,0.27808436
45.00000000,2184.00000000,0.27818564
45.00000000,2185.00000000,0.27828852
45.00000000,2186.00000000,0.27839298
45.00000000,2187.00000000,0.27849881
45.00000000,2188.00000000,0.27860580
45.00000000,2189.00000000,0.27871397
45.00000000,2190.00000000,0.27882301
45.00000000,2191.00000000,0.27893296
45.00000000,2192.00000000,0.27904359
45.00000000,2193.00000000,0.27915473
45.00000000,2194.00000000,0.27926626
45.00000000,2195.00000000,0.27937796
45.00000000,2196.00000000,0.27842342
45.00000000,2197.00000000,0.27746838
45.00000000,2198.00000000,0.27651291
45.00000000,2199.00000000,0.27555706
45.00000000,2200.00000000,0.27460104
45.00000000,2201.00000000,0.27364486
45.00000000,2202.00000000,0.27268849
45.00000000,2203.00000000,0.27173227
45.00000000,2204.00000000,0.27077600
45.00000000,2205.00000000,0.26981994
45.00000000,2206.00000000,0.26886411
45.00000000,2207.00000000,0.26790853
45.00000000,2208.00000000,0.26695330
45.00000000,2209.00000000,0.26599843
45.00000000,2210.00000000,0.26504393
45.00000000,2211.00000000,0.26408998
45.00000000,2212.00000000,0.26313657
45.00000000,2213.00000000,0.26218354
45.00000000,2214.00000000,0.26123129
45.00000000,2215.00000000,0.26027960
45.00000000,2216.00000000,0.25932868
45.00000000,2217.00000000,0.25837845
45.00000000,2218.00000000,0.25742892
45.00000000,2219.00000000,0.25648019
45.00000000,2220.00000000,0.25553229
45.00000000,2221.00000000,0.25458506
45.00000000,2222.00000000,0.25363879
45.00000000,2223.00000000,0.25269336
45.00000000,2224.00000000,0.25174881
45.00000000,2225.00000000,0.25080520
45.00000000,2226.00000000,0.24986253
45.00000000,2227.00000000,0.24892067
45.00000000,2228.00000000,0.24797980
45.00000000,2229.00000000,0.24703984
45.00000000,2230.00000000,0.24610091
45.00000000,2231.00000000,0.24516296
45.00000000,2232.00000000,0.24422598
45.00000000,2233.00000000,0.24328993
45.00000000,2234.00000000,0.24235486
45.00000000,2235.00000000,0.24142073
45.00000000,2236.00000000,0.24048765
45.00000000,2237.00000000,0.23955560
45.00000000,2238.00000000,0.23862443
45.00000000,2239.00000000,0.23769428
45.00000000,2240.00000000,0.23676509
45.00000000,2241.00000000,0.23583689
45.00000000,2242.00000000,0.23490972
45.00000000,2243.00000000,0.23398342
45.00000000,2244.00000000,0.23305808
45.00000000,2245.00000000,0.23213372
45.00000000,2246.00000000,0.23121022
45.00000000,2247.00000000,0.23028778
45.00000000,2248.00000000,0.22936617
45.00000000,2249.00000000,0.22844517
45.00000000,2250.00000000,0.22752334
45.00000000,2251.00000000,0.22659778
45.00000000,2252.00000000,0.22566574
45.00000000,2253.00000000,0.22472591
45.00000000,2254.00000000,0.22377770
45.00000000,2255.00000000,0.22282111
45.00000000,2256.00000000,0.22185621
45.00000000,2257.00000000,0.22088310
45.00000000,2258.00000000,0.21990207
45.00000000,2259.00000000,0.21891336
45.00000000,2260.00000000,0.21791725
45.00000000,2261.00000000,0.21691417
45.00000000,2262.00000000,0.21590454
45.00000000,2263.00000000,0.21488881
45.00000000,2264.00000000,0.21386737
45.00000000,2265.00000000,0.21284048
45.00000000,2266.00000000,0.21180847
45.00000000,2267.00000000,0.21077161
45.00000000,2268.00000000,0.20973007
45.00000000,2269.00000000,0.20868416
45.00000000,2270.00000000,0.20763410
45.00000000,2271.00000000,0.20658003
45.00000000,2272.00000000,0.20552226
45.00000000,2273.00000000,0.20446098
45.00000000,2274.00000000,0.20339631
45.00000000,2275.00000000,0.20232853
45.00000000,2276.00000000,0.20125778
45.00000000,2277.00000000,0.20018429
45.00000000,2278.00000000,0.19910820
45.00000000,2279.00000000,0.19802969
45.00000000,2280.00000000,0.19694893
45.00000000,2281.00000000,0.19586610
45.00000000,2282.00000000,0.19478129
45.00000000,2283.00000000,0.19369471
45.00000000,2284.00000000,0.19260651
45.00000000,2285.00000000,0.19151676
45.00000000,2286.00000000,0.19042566
45.00000000,2287.00000000,0.18933334
45.00000000,2288.00000000,0.18823988
45.00000000,2289.00000000,0.18714546
45.00000000,2290.00000000,0.18605014
45.00000000,2291.00000000,0.18495412
45.00000000,2292.00000000,0.18385754
45.00000000,2293.00000000,0.18276048
45.00000000,2294.00000000,0.18189940
45.00000000,2295.00000000,0.18173405
45.00000000,2296.00000000,0.18175895
45.00000000,2297.00000000,0.18178410
45.00000000,2298.00000000,0.18180947
45.00000000,2299.00000000,0.18183498
45.00000000,2300.00000000,0.18186072
45.00000000,2301.00000000,0.18191645
45.00000000,2302.00000000,0.18197236
45.00000000,2303.00000000,0.18202844
45.00000000,2304.00000000,0.18208459
45.00000000,2305.00000000,0.18214091
45.00000000,2306.00000000,0.18213832
45.00000000,2307.00000000,0.18213580
45.00000000,2308.00000000,0.18213337
45.00000000,2309.00000000,0.18213103
45.00000000,2310.00000000,0.18212873
45.00000000,2311.00000000,0.18212655
45.00000000,2312.00000000,0.18212443
45.00000000,2313.00000000,0.18212235
45.00000000,2314.00000000,0.18212039
45.00000000,2315.00000000,0.18211844
45.00000000,2316.00000000,0.18211661
45.00000000,2317.00000000,0.18211484
45.00000000,2318.00000000,0.18211311
45.00000000,2319.00000000,0.18211147
45.00000000,2320.00000000,0.18210989
45.00000000,2321.00000000,0.18210579
45.00000000,2322.00000000,0.18210179
45.00000000,2323.00000000,0.18209786
45.00000000,2324.00000000,0.18209392
45.00000000,2325.00000000,0.18209010
45.00000000,2326.00000000,0.18208628
45.00000000,2327.00000000,0.18208257
45.00000000,2328.00000000,0.18207891
45.00000000,2329.00000000,0.18207527
45.00000000,2330.00000000,0.18207172
45.00000000,2331.00000000,0.18206822
45.00000000,2332.00000000,0.18206474
45.00000000,2333.00000000,0.18206135
45.00000000,2334.00000000,0.18205801
45.00000000,2335.00000000,0.18205467
45.00000000,2336.00000000,0.18205143
45.00000000,2337.00000000,0.18204819
45.00000000,2338.00000000,0.18204504
45.00000000,2339.00000000,0.18204195
45.00000000,2340.00000000,0.18203885
45.00000000,2341.00000000,0.18203586
45.00000000,2342.00000000,0.18203290
45.00000000,2343.00000000,0.18202994
45.00000000,2344.00000000,0.18202708
45.00000000,2345.00000000,0.18202426
45.00000000,2346.00000000,0.18202712
45.00000000,2347.00000000,0.18203009
45.00000000,2348.00000000,0.18203310
45.00000000,2349.00000000,0.18203610
45.00000000,2350.00000000,0.18203919
45.00000000,2351.00000000,0.18204230
45.00000000,2352.00000000,0.18204547
45.00000000,2353.00000000,0.18204870
45.00000000,2354.00000000,0.18205195
45.00000000,2355.00000000,0.18205528
45.00000000,2356.00000000,0.18205865
45.00000000,2357.00000000,0.18206205
45.00000000,2358.00000000,0.18206552
45.00000000,2359.00000000,0.18206904
45.00000000,2360.00000000,0.18207257
45.00000000,2361.00000000,0.18207617
45.00000000,2362.00000000,0.18207977
45.00000000,2363.00000000,0.18208347
45.00000000,2364.00000000,0.18208721
45.00000000,2365.00000000,0.18209095
45.00000000,2366.00000000,0.18209476
45.00000000,2367.00000000,0.18209862
45.00000000,2368.00000000,0.18210245
45.00000000,2369.00000000,0.18210639
45.00000000,2370.00000000,0.18211034
45.00000000,2371.00000000,0.18211430
45.00000000,2372.00000000,0.18211832
45.00000000,2373.00000000,0.18212238
45.00000000,2374.00000000,0.18212643
45.00000000,2375.00000000,0.18213055
45.00000000,2376.00000000,0.18213466
45.00000000,2377.00000000,0.18213885
45.00000000,2378.00000000,0.18214305
45.00000000,2379.00000000,0.18214725
45.00000000,2380.00000000,0.18215152
45.00000000,2381.00000000,0.18215580
45.00000000,2382.00000000,0.18216007
45.00000000,2383.00000000,0.18216442
45.00000000,2384.00000000,0.18216879
45.00000000,2385.00000000,0.18217312
45.00000000,2386.00000000,0.18217753
45.00000000,2387.00000000,0.18218193
45.00000000,2388.00000000,0.18218638
45.00000000,2389.00000000,0.18219086
45.00000000,2390.00000000,0.18219532
45.00000000,2391.00000000,0.18219983
45.00000000,2392.00000000,0.18220437
45.00000000,2393.00000000,0.18220888
45.00000000,2394.00000000,0.18221345
45.00000000,2395.00000000,0.18221804
45.00000000,2396.00000000,0.18222097
45.00000000,2397.00000000,0.18222397
45.00000000,2398.00000000,0.18222699
45.00000000,2399.00000000,0.18222995
45.00000000,2400.00000000,0.18223300
45.00000000,2401.00000000,0.18223601
45.00000000,2402.00000000,0.18223908
45.00000000,2403.00000000,0.18224219
45.00000000,2404.00000000,0.18224526
45.00000000,2405.00000000,0.18224841
45.00000000,2406.00000000,0.18225159
45.00000000,2407.00000000,0.18225474
45.00000000,2408.00000000,0.18225797
45.00000000,2409.00000000,0.18226121
45.00000000,2410.00000000,0.18226442
45.00000000,2411.00000000,0.18226772
45.00000000,2412.00000000,0.18227098
45.00000000,2413.00000000,0.18227432
45.00000000,2414.00000000,0.18227768
45.00000000,2415.00000000,0.18228100
45.00000000,2416.00000000,0.18228440
45.00000000,2417.00000000,0.18228784
45.00000000,2418.00000000,0.18229121
45.00000000,2419.00000000,0.18229467
45.00000000,2420.00000000,0.18229814
45.00000000,2421.00000000,0.18230158
45.00000000,2422.00000000,0.18230509
45.00000000,2423.00000000,0.18230856
45.00000000,2424.00000000,0.18231210
45.00000000,2425.00000000,0.18231565
45.00000000,2426.00000000,0.18231916
45.00000000,2427.00000000,0.18232276
45.00000000,2428.00000000,0.18232635
45.00000000,2429.00000000,0.18232991
45.00000000,2430.00000000,0.18233354
45.00000000,2431.00000000,0.18233718
45.00000000,2432.00000000,0.18234077
45.00000000,2433.00000000,0.18234444
45.00000000,2434.00000000,0.18234812
45.00000000,2435.00000000,0.18235174
45.00000000,2436.00000000,0.18235544
45.00000000,2437.00000000,0.18235908
45.00000000,2438.00000000,0.18236281
45.00000000,2439.00000000,0.18236654
45.00000000,2440.00000000,0.18237022
45.00000000,2441.00000000,0.18237397
45.00000000,2442.00000000,0.18237773
45.00000000,2443.00000000,0.18238143
45.00000000,2444.00000000,0.18238520
45.00000000,2445.00000000,0.18238899
45.00000000,2446.00000000,0.18239098
45.00000000,2447.00000000,0.18239306
45.00000000,2448.00000000,0.18239506
45.00000000,2449.00000000,0.18239716
45.00000000,2450.00000000,0.18239924
45.00000000,2451.00000000,0.18240127
45.00000000,2452.00000000,0.18240336
45.00000000,2453.00000000,0.18240547
45.00000000,2454.00000000,0.18240749
45.00000000,2455.00000000,0.18240959
45.00000000,2456.00000000,0.18241168
45.00000000,2457.00000000,0.18241369
45.00000000,2458.00000000,0.18241577
45.00000000,2459.00000000,0.18241787
45.00000000,2460.00000000,0.18241986
45.00000000,2461.00000000,0.18242195
45.00000000,2462.00000000,0.18242395
45.00000000,2463.00000000,0.18242602
45.00000000,2464.00000000,0.18242810
45.00000000,2465.00000000,0.18243009
45.00000000,2466.00000000,0.18243216
45.00000000,2467.00000000,0.18243423
45.00000000,2468.00000000,0.18243622
45.00000000,2469.00000000,0.18243829
45.00000000,2470.00000000,0.18244035
45.00000000,2471.00000000,0.18244234
45.00000000,2472.00000000,0.18244441
45.00000000,2473.00000000,0.18244638
45.00000000,2474.00000000,0.18244845
45.00000000,2475.00000000,0.18245051
45.00000000,2476.00000000,0.18245248
45.00000000,2477.00000000,0.18245455
45.00000000,2478.00000000,0.18245663
45.00000000,2479.00000000,0.18245859
45.00000000,2480.00000000,0.18246067
45.00000000,2481.00000000,0.18246273
45.00000000,2482.00000000,0.18246471
45.00000000,2483.00000000,0.18246679
45.00000000,2484.00000000,0.18246876
45.00000000,2485.00000000,0.18247084
45.00000000,2486.00000000,0.18247291
45.00000000,2487.00000000,0.18247490
45.00000000,2488.00000000,0.18247697
45.00000000,2489.00000000,0.18247907
45.00000000,2490.00000000,0.18248105
45.00000000,2491.00000000,0.18248314
45.00000000,2492.00000000,0.18248522
45.00000000,2493.00000000,0.18248722
45.00000000,2494.00000000,0.18248932
45.00000000,2495.00000000,0.18249142
45.00000000,2496.00000000,0.18249457
45.00000000,2497.00000000,0.18249783
45.00000000,2498.00000000,0.18250097
45.00000000,2499.00000000,0.18250424
45.00000000,2500.00000000,0.18250750
46.00000000,1765.00000000,0.16046204
46.00000000,1766.00000000,0.16046212
46.00000000,1767.00000000,0.16046222
46.00000000,1768.00000000,0.16046234
46.00000000,1769.00000000,0.16046251
46.00000000,1770.00000000,0.16046277
46.00000000,1771.00000000,0.16046319
46.00000000,1772.00000000,0.16046374
46.00000000,1773.00000000,0.16046430
46.00000000,1774.00000000,0.16046510
46.00000000,1775.00000000,0.16046586
46.00000000,1776.00000000,0.16046687
46.00000000,1777.00000000,0.16046788
46.00000000,1778.00000000,0.16046905
46.00000000,1779.00000000,0.16047031
46.00000000,1780.00000000,0.16047164
46.00000000,1781.00000000,0.16047315
46.00000000,1782.00000000,0.16047483
46.00000000,1783.00000000,0.16047636
46.00000000,1784.00000000,0.16047819
46.00000000,1785.00000000,0.16048011
46.00000000,1786.00000000,0.16048202
46.00000000,1787.00000000,0.16048409
46.00000000,1788.00000000,0.16048618
46.00000000,1789.00000000,0.16048848
46.00000000,1790.00000000,0.16049080
46.00000000,1791.00000000,0.16049319
46.00000000,1792.00000000,0.16049569
46.00000000,1793.00000000,0.16049828
46.00000000,1794.00000000,0.16050096
46.00000000,1795.00000000,0.16050371
46.00000000,1796.00000000,0.16050656
46.00000000,1797.00000000,0.16050949
46.00000000,1798.00000000,0.16051258
46.00000000,1799.00000000,0.16051571
46.00000000,1800.00000000,0.16051894
46.00000000,1801.00000000,0.16052221
46.00000000,1802.00000000,0.16052562
46.00000000,1803.00000000,0.16052911
46.00000000,1804.00000000,0.16053269
46.00000000,1805.00000000,0.16053638
46.00000000,1806.00000000,0.16054017
46.00000000,1807.00000000,0.16054413
46.00000000,1808.00000000,0.16054819
46.00000000,1809.00000000,0.16055236
46.00000000,1810.00000000,0.16055673
46.00000000,1811.00000000,0.16056119
46.00000000,1812.00000000,0.16057863
46.00000000,1813.00000000,0.16058342
46.00000000,1814.00000000,0.16058831
46.00000000,1815.00000000,0.16059343
46.00000000,1816.00000000,0.16059866
46.00000000,1817.00000000,0.16060830
46.00000000,1818.00000000,0.16061377
46.00000000,1819.00000000,0.16061939
46.00000000,1820.00000000,0.16062506
46.00000000,1821.00000000,0.16063092
46.00000000,1822.00000000,0.16063685
46.00000000,1823.00000000,0.16064286
46.00000000,1824.00000000,0.16064905
46.00000000,1825.00000000,0.16065525
46.00000000,1826.00000000,0.16066163
46.00000000,1827.00000000,0.16067233
46.00000000,1828.00000000,0.16067884
46.00000000,1829.00000000,0.16068542
46.00000000,1830.00000000,0.16069213
46.00000000,1831.00000000,0.16069879
46.00000000,1832.00000000,0.16070557
46.00000000,1833.00000000,0.16071235
46.00000000,1834.00000000,0.16071916
46.00000000,1835.00000000,0.16072610
46.00000000,1836.00000000,0.16073302
46.00000000,1837.00000000,0.16074435
46.00000000,1838.00000000,0.16075137
46.00000000,1839.00000000,0.16075843
46.00000000,1840.00000000,0.16076552
46.00000000,1841.00000000,0.16077267
46.00000000,1842.00000000,0.16077981
46.00000000,1843.00000000,0.16079127
46.00000000,1844.00000000,0.16079851
46.00000000,1845.00000000,0.16080570
46.00000000,1846.00000000,0.16081721
46.00000000,1847.00000000,0.16082444
46.00000000,1848.00000000,0.16084026
46.00000000,1849.00000000,0.16084320
46.00000000,1850.00000000,0.16085046
46.00000000,1851.00000000,0.16085763
46.00000000,1852.00000000,0.16086912
46.00000000,1853.00000000,0.16087667
46.00000000,1854.00000000,0.16088437
46.00000000,1855.00000000,0.16089200
46.00000000,1856.00000000,0.16089937
46.00000000,1857.00000000,0.16091098
46.00000000,1858.00000000,0.16091819
46.00000000,1859.00000000,0.16092535
46.00000000,1860.00000000,0.16093244
46.00000000,1861.00000000,0.16094381
46.00000000,1862.00000000,0.16095498
46.00000000,1863.00000000,0.16096543
46.00000000,1864.00000000,0.16097107
46.00000000,1865.00000000,0.16097645
46.00000000,1866.00000000,0.16098157
46.00000000,1867.00000000,0.16098642
46.00000000,1868.00000000,0.16099533
46.00000000,1869.00000000,0.16100399
46.00000000,1870.00000000,0.16100823
46.00000000,1871.00000000,0.16101654
46.00000000,1872.00000000,0.16102082
46.00000000,1873.00000000,0.16103005
46.00000000,1874.00000000,0.16103534
46.00000000,1875.00000000,0.16104066
46.00000000,1876.00000000,0.16107201
46.00000000,1877.00000000,0.16107329
46.00000000,1878.00000000,0.16107899
46.00000000,1879.00000000,0.16108913
46.00000000,1880.00000000,0.16109495
46.00000000,1881.00000000,0.16110501
46.00000000,1882.00000000,0.16112778
46.00000000,1883.00000000,0.16113275
46.00000000,1884.00000000,0.16114144
46.00000000,1885.00000000,0.16114989
46.00000000,1886.00000000,0.16116243
46.00000000,1887.00000000,0.16117064
46.00000000,1888.00000000,0.16118302
46.00000000,1889.00000000,0.16119084
46.00000000,1890.00000000,0.16120258
46.00000000,1891.00000000,0.16122258
46.00000000,1892.00000000,0.16122486
46.00000000,1893.00000000,0.16123995
46.00000000,1894.00000000,0.16124655
46.00000000,1895.00000000,0.16126186
46.00000000,1896.00000000,0.16128163
46.00000000,1897.00000000,0.16128410
46.00000000,1898.00000000,0.16129931
46.00000000,1899.00000000,0.16130989
46.00000000,1900.00000000,0.16135413
46.00000000,1901.00000000,0.16136347
46.00000000,1902.00000000,0.16138558
46.00000000,1903.00000000,0.16139008
46.00000000,1904.00000000,0.16139440
46.00000000,1905.00000000,0.16141556
46.00000000,1906.00000000,0.16144951
46.00000000,1907.00000000,0.16146582
46.00000000,1908.00000000,0.16147277
46.00000000,1909.00000000,0.16150044
46.00000000,1910.00000000,0.16153237
46.00000000,1911.00000000,0.16155973
46.00000000,1912.00000000,0.16156916
46.00000000,1913.00000000,0.16160006
46.00000000,1914.00000000,0.16161642
46.00000000,1915.00000000,0.16164158
46.00000000,1916.00000000,0.16165907
46.00000000,1917.00000000,0.16169470
46.00000000,1918.00000000,0.16176512
46.00000000,1919.00000000,0.16181052
46.00000000,1920.00000000,0.16176734
46.00000000,1921.00000000,0.16182886
46.00000000,1922.00000000,0.16184509
46.00000000,1923.00000000,0.16186304
46.00000000,1924.00000000,0.16187481
46.00000000,1925.00000000,0.16194026
46.00000000,1926.00000000,0.16205719
46.00000000,1927.00000000,0.16209275
46.00000000,1928.00000000,0.16215407
46.00000000,1929.00000000,0.16222800
46.00000000,1930.00000000,0.16224606
46.00000000,1931.00000000,0.16226119
46.00000000,1932.00000000,0.16228726
46.00000000,1933.00000000,0.16235865
46.00000000,1934.00000000,0.16250934
46.00000000,1935.00000000,0.16252367
46.00000000,1936.00000000,0.16266242
46.00000000,1937.00000000,0.16274419
46.00000000,1938.00000000,0.16276403
46.00000000,1939.00000000,0.16275696
46.00000000,1940.00000000,0.16282228
46.00000000,1941.00000000,0.16292924
46.00000000,1942.00000000,0.16299172
46.00000000,1943.00000000,0.16308767
46.00000000,1944.00000000,0.16320022
46.00000000,1945.00000000,0.16338606
46.00000000,1946.00000000,0.16350996
46.00000000,1947.00000000,0.16359834
46.00000000,1948.00000000,0.16367086
46.00000000,1949.00000000,0.16390180
46.00000000,1950.00000000,0.16394345
46.00000000,1951.00000000,0.16412130
46.00000000,1952.00000000,0.16431972
46.00000000,1953.00000000,0.16465789
46.00000000,1954.00000000,0.16451751
46.00000000,1955.00000000,0.16467175
46.00000000,1956.00000000,0.16481984
46.00000000,1957.00000000,0.16489216
46.00000000,1958.00000000,0.16507296
46.00000000,1959.00000000,0.16534089
46.00000000,1960.00000000,0.16493087
46.00000000,1961.00000000,0.16486477
46.00000000,1962.00000000,0.16511852
46.00000000,1963.00000000,0.16533174
46.00000000,1964.00000000,0.16522917
46.00000000,1965.00000000,0.16464773
46.00000000,1966.00000000,0.16516113
46.00000000,1967.00000000,0.16457815
46.00000000,1968.00000000,0.16472534
46.00000000,1969.00000000,0.16522432
46.00000000,1970.00000000,0.16515321
46.00000000,1971.00000000,0.16515755
46.00000000,1972.00000000,0.16513799
46.00000000,1973.00000000,0.16541656
46.00000000,1974.00000000,0.16536510
46.00000000,1975.00000000,0.16563978
46.00000000,1976.00000000,0.16517875
46.00000000,1977.00000000,0.16462844
46.00000000,1978.00000000,0.16416361
46.00000000,1979.00000000,0.16429208
46.00000000,1980.00000000,0.16456544
46.00000000,1981.00000000,0.16472875
46.00000000,1982.00000000,0.16510615
46.00000000,1983.00000000,0.16538988
46.00000000,1984.00000000,0.16506044
46.00000000,1985.00000000,0.16523611
46.00000000,1986.00000000,0.16565887
46.00000000,1987.00000000,0.16577770
46.00000000,1988.00000000,0.16578312
46.00000000,1989.00000000,0.16596326
46.00000000,1990.00000000,0.16590125
46.00000000,1991.00000000,0.16492654
46.00000000,1992.00000000,0.16523436
46.00000000,1993.00000000,0.16586942
46.00000000,1994.00000000,0.16618298
46.00000000,1995.00000000,0.16596249
46.00000000,1996.00000000,0.16685462
46.00000000,1997.00000000,0.16743929
46.00000000,1998.00000000,0.16755919
46.00000000,1999.00000000,0.16775416
46.00000000,2000.00000000,0.16786393
46.00000000,2001.00000000,0.16863032
46.00000000,2002.00000000,0.16921642
46.00000000,2003.00000000,0.16962194
46.00000000,2004.00000000,0.16989098
46.00000000,2005.00000000,0.17046076
46.00000000,2006.00000000,0.17095139
46.00000000,2007.00000000,0.17102008
46.00000000,2008.00000000,0.17146022
46.00000000,2009.00000000,0.17207339
46.00000000,2010.00000000,0.17273320
46.00000000,2011.00000000,0.17329151
46.00000000,2012.00000000,0.17394314
46.00000000,2013.00000000,0.17436175
46.00000000,2014.00000000,0.17507536
46.00000000,2015.00000000,0.17593153
46.00000000,2016.00000000,0.17705215
46.00000000,2017.00000000,0.17765624
46.00000000,2018.00000000,0.17830964
46.00000000,2019.00000000,0.17924425
46.00000000,2020.00000000,0.17921759
46.00000000,2021.00000000,0.17902716
46.00000000,2022.00000000,0.18008214
46.00000000,2023.00000000,0.18062058
46.00000000,2024.00000000,0.18086200
46.00000000,2025.00000000,0.18196479
46.00000000,2026.00000000,0.18165184
46.00000000,2027.00000000,0.18088175
46.00000000,2028.00000000,0.18062657
46.00000000,2029.00000000,0.18047223
46.00000000,2030.00000000,0.18114113
46.00000000,2031.00000000,0.18170069
46.00000000,2032.00000000,0.18230918
46.00000000,2033.00000000,0.18281971
46.00000000,2034.00000000,0.18361069
46.00000000,2035.00000000,0.18404048
46.00000000,2036.00000000,0.18417610
46.00000000,2037.00000000,0.18445833
46.00000000,2038.00000000,0.18387505
46.00000000,2039.00000000,0.18380031
46.00000000,2040.00000000,0.18418800
46.00000000,2041.00000000,0.18462327
46.00000000,2042.00000000,0.18508954
46.00000000,2043.00000000,0.18543312
46.00000000,2044.00000000,0.18519707
46.00000000,2045.00000000,0.18500901
46.00000000,2046.00000000,0.18558129
46.00000000,2047.00000000,0.18613060
46.00000000,2048.00000000,0.18623573
46.00000000,2049.00000000,0.18750477
46.00000000,2050.00000000,0.18897121
46.00000000,2051.00000000,0.19007873
46.00000000,2052.00000000,0.19073920
46.00000000,2053.00000000,0.19139878
46.00000000,2054.00000000,0.19205791
46.00000000,2055.00000000,0.19271550
46.00000000,2056.00000000,0.19337180
46.00000000,2057.00000000,0.19431208
46.00000000,2058.00000000,0.19525081
46.00000000,2059.00000000,0.19618811
46.00000000,2060.00000000,0.19712396
46.00000000,2061.00000000,0.19805864
46.00000000,2062.00000000,0.19899350
46.00000000,2063.00000000,0.19992999
46.00000000,2064.00000000,0.20086878
46.00000000,2065.00000000,0.20181088
46.00000000,2066.00000000,0.20275624
46.00000000,2067.00000000,0.20358035
46.00000000,2068.00000000,0.20440816
46.00000000,2069.00000000,0.20523974
46.00000000,2070.00000000,0.20607492
46.00000000,2071.00000000,0.20691400
46.00000000,2072.00000000,0.20775789
46.00000000,2073.00000000,0.20860784
46.00000000,2074.00000000,0.20946457
46.00000000,2075.00000000,0.21032831
46.00000000,2076.00000000,0.21119938
46.00000000,2077.00000000,0.21233499
46.00000000,2078.00000000,0.21347710
46.00000000,2079.00000000,0.21462555
46.00000000,2080.00000000,0.21577985
46.00000000,2081.00000000,0.21693975
46.00000000,2082.00000000,0.21810568
46.00000000,2083.00000000,0.21927782
46.00000000,2084.00000000,0.22045619
46.00000000,2085.00000000,0.22164086
46.00000000,2086.00000000,0.22283143
46.00000000,2087.00000000,0.22421403
46.00000000,2088.00000000,0.22560174
46.00000000,2089.00000000,0.22699378
46.00000000,2090.00000000,0.22839001
46.00000000,2091.00000000,0.22979003
46.00000000,2092.00000000,0.23119384
46.00000000,2093.00000000,0.23260211
46.00000000,2094.00000000,0.23401444
46.00000000,2095.00000000,0.23543106
46.00000000,2096.00000000,0.23685123
46.00000000,2097.00000000,0.23826425
46.00000000,2098.00000000,0.23968006
46.00000000,2099.00000000,0.24109821
46.00000000,2100.00000000,0.24251809
46.00000000,2101.00000000,0.24393950
46.00000000,2102.00000000,0.24536251
46.00000000,2103.00000000,0.24678717
46.00000000,2104.00000000,0.24821352
46.00000000,2105.00000000,0.24964122
46.00000000,2106.00000000,0.25106960
46.00000000,2107.00000000,0.25209442
46.00000000,2108.00000000,0.25311918
46.00000000,2109.00000000,0.25414379
46.00000000,2110.00000000,0.25516780
46.00000000,2111.00000000,0.25619064
46.00000000,2112.00000000,0.25721226
46.00000000,2113.00000000,0.25823219
46.00000000,2114.00000000,0.25924994
46.00000000,2115.00000000,0.26026540
46.00000000,2116.00000000,0.26127803
46.00000000,2117.00000000,0.26192465
46.00000000,2118.00000000,0.26256805
46.00000000,2119.00000000,0.26320803
46.00000000,2120.00000000,0.26384458
46.00000000,2121.00000000,0.26447740
46.00000000,2122.00000000,0.26510646
46.00000000,2123.00000000,0.26573155
46.00000000,2124.00000000,0.26635264
46.00000000,2125.00000000,0.26696950
46.00000000,2126.00000000,0.26758202
46.00000000,2127.00000000,0.26798850
46.00000000,2128.00000000,0.26839053
46.00000000,2129.00000000,0.26878819
46.00000000,2130.00000000,0.26918136
46.00000000,2131.00000000,0.26957001
46.00000000,2132.00000000,0.26995417
46.00000000,2133.00000000,0.27033369
46.00000000,2134.00000000,0.27070871
46.00000000,2135.00000000,0.27107914
46.00000000,2136.00000000,0.27144478
46.00000000,2137.00000000,0.27159929
46.00000000,2138.00000000,0.27174922
46.00000000,2139.00000000,0.27189461
46.00000000,2140.00000000,0.27203563
46.00000000,2141.00000000,0.27217224
46.00000000,2142.00000000,0.27230446
46.00000000,2143.00000000,0.27243247
46.00000000,2144.00000000,0.27255611
46.00000000,2145.00000000,0.27267565
46.00000000,2146.00000000,0.27279091
46.00000000,2147.00000000,0.27274478
46.00000000,2148.00000000,0.27269472
46.00000000,2149.00000000,0.27264083
46.00000000,2150.00000000,0.27258310
46.00000000,2151.00000000,0.27252325
46.00000000,2152.00000000,0.27246540
46.00000000,2153.00000000,0.27241349
46.00000000,2154.00000000,0.27236975
46.00000000,2155.00000000,0.27233496
46.00000000,2156.00000000,0.27230929
46.00000000,2157.00000000,0.27229287
46.00000000,2158.00000000,0.27228531
46.00000000,2159.00000000,0.27228621
46.00000000,2160.00000000,0.27229532
46.00000000,2161.00000000,0.27231215
46.00000000,2162.00000000,0.27233638
46.00000000,2163.00000000,0.27236744
46.00000000,2164.00000000,0.27240518
46.00000000,2165.00000000,0.27244914
46.00000000,2166.00000000,0.27249899
46.00000000,2167.00000000,0.27255435
46.00000000,2168.00000000,0.27261501
46.00000000,2169.00000000,0.27268055
46.00000000,2170.00000000,0.27275083
46.00000000,2171.00000000,0.27282555
46.00000000,2172.00000000,0.27290429
46.00000000,2173.00000000,0.27298704
46.00000000,2174.00000000,0.27307347
46.00000000,2175.00000000,0.27316324
46.00000000,2176.00000000,0.27325632
46.00000000,2177.00000000,0.27335239
46.00000000,2178.00000000,0.27345119
46.00000000,2179.00000000,0.27355274
46.00000000,2180.00000000,0.27365665
46.00000000,2181.00000000,0.27376289
46.00000000,2182.00000000,0.27387120
46.00000000,2183.00000000,0.27398144
46.00000000,2184.00000000,0.27409347
46.00000000,2185.00000000,0.27420714
46.00000000,2186.00000000,0.27432225
46.00000000,2187.00000000,0.27443870
46.00000000,2188.00000000,0.27455636
46.00000000,2189.00000000,0.27467501
46.00000000,2190.00000000,0.27479466
46.00000000,2191.00000000,0.27491504
46.00000000,2192.00000000,0.27503616
46.00000000,2193.00000000,0.27515782
46.00000000,2194.00000000,0.27527984
46.00000000,2195.00000000,0.27540213
46.00000000,2196.00000000,0.27552448
46.00000000,2197.00000000,0.27459468
46.00000000,2198.00000000,0.27366425
46.00000000,2199.00000000,0.27273319
46.00000000,2200.00000000,0.27180157
46.00000000,2201.00000000,0.27086956
46.00000000,2202.00000000,0.26993720
46.00000000,2203.00000000,0.26900449
46.00000000,2204.00000000,0.26807166
46.00000000,2205.00000000,0.26713871
46.00000000,2206.00000000,0.26620573
46.00000000,2207.00000000,0.26527278
46.00000000,2208.00000000,0.26433989
46.00000000,2209.00000000,0.26340717
46.00000000,2210.00000000,0.26247463
46.00000000,2211.00000000,0.26154230
46.00000000,2212.00000000,0.26061032
46.00000000,2213.00000000,0.25967872
46.00000000,2214.00000000,0.25874732
46.00000000,2215.00000000,0.25781651
46.00000000,2216.00000000,0.25688611
46.00000000,2217.00000000,0.25595629
46.00000000,2218.00000000,0.25502699
46.00000000,2219.00000000,0.25409822
46.00000000,2220.00000000,0.25317013
46.00000000,2221.00000000,0.25224258
46.00000000,2222.00000000,0.25131566
46.00000000,2223.00000000,0.25038948
46.00000000,2224.00000000,0.24946401
46.00000000,2225.00000000,0.24853925
46.00000000,2226.00000000,0.24761528
46.00000000,2227.00000000,0.24669202
46.00000000,2228.00000000,0.24576945
46.00000000,2229.00000000,0.24484775
46.00000000,2230.00000000,0.24392680
46.00000000,2231.00000000,0.24300674
46.00000000,2232.00000000,0.24208752
46.00000000,2233.00000000,0.24116901
46.00000000,2234.00000000,0.24025134
46.00000000,2235.00000000,0.23933453
46.00000000,2236.00000000,0.23841853
46.00000000,2237.00000000,0.23750347
46.00000000,2238.00000000,0.23658918
46.00000000,2239.00000000,0.23567568
46.00000000,2240.00000000,0.23476308
46.00000000,2241.00000000,0.23385129
46.00000000,2242.00000000,0.23294042
46.00000000,2243.00000000,0.23203032
46.00000000,2244.00000000,0.23112100
46.00000000,2245.00000000,0.23021252
46.00000000,2246.00000000,0.22930493
46.00000000,2247.00000000,0.22839808
46.00000000,2248.00000000,0.22749205
46.00000000,2249.00000000,0.22658652
46.00000000,2250.00000000,0.22568001
46.00000000,2251.00000000,0.22476972
46.00000000,2252.00000000,0.22385295
46.00000000,2253.00000000,0.22292827
46.00000000,2254.00000000,0.22199525
46.00000000,2255.00000000,0.22105376
46.00000000,2256.00000000,0.22010395
46.00000000,2257.00000000,0.21914595
46.00000000,2258.00000000,0.21817992
46.00000000,2259.00000000,0.21720623
46.00000000,2260.00000000,0.21622510
46.00000000,2261.00000000,0.21523693
46.00000000,2262.00000000,0.21424222
46.00000000,2263.00000000,0.21324135
46.00000000,2264.00000000,0.21223469
46.00000000,2265.00000000,0.21122260
46.00000000,2266.00000000,0.21020529
46.00000000,2267.00000000,0.20918306
46.00000000,2268.00000000,0.20815615
46.00000000,2269.00000000,0.20712479
46.00000000,2270.00000000,0.20608921
46.00000000,2271.00000000,0.20504961
46.00000000,2272.00000000,0.20400622
46.00000000,2273.00000000,0.20295923
46.00000000,2274.00000000,0.20190886
46.00000000,2275.00000000,0.20085527
46.00000000,2276.00000000,0.19979867
46.00000000,2277.00000000,0.19873922
46.00000000,2278.00000000,0.19767715
46.00000000,2279.00000000,0.19661259
46.00000000,2280.00000000,0.19554569
46.00000000,2281.00000000,0.19447666
46.00000000,2282.00000000,0.19340561
46.00000000,2283.00000000,0.19233268
46.00000000,2284.00000000,0.19125806
46.00000000,2285.00000000,0.19018187
46.00000000,2286.00000000,0.18910420
46.00000000,2287.00000000,0.18802523
46.00000000,2288.00000000,0.18694510
46.00000000,2289.00000000,0.18586386
46.00000000,2290.00000000,0.18478170
46.00000000,2291.00000000,0.18369871
46.00000000,2292.00000000,0.18261505
46.00000000,2293.00000000,0.18153084
46.00000000,2294.00000000,0.18044618
46.00000000,2295.00000000,0.17959465
46.00000000,2296.00000000,0.17943033
46.00000000,2297.00000000,0.17945395
46.00000000,2298.00000000,0.17947783
46.00000000,2299.00000000,0.17950194
46.00000000,2300.00000000,0.17952620
46.00000000,2301.00000000,0.17955069
46.00000000,2302.00000000,0.17960480
46.00000000,2303.00000000,0.17965908
46.00000000,2304.00000000,0.17971352
46.00000000,2305.00000000,0.17976806
46.00000000,2306.00000000,0.17982276
46.00000000,2307.00000000,0.17981931
46.00000000,2308.00000000,0.17981590
46.00000000,2309.00000000,0.17981261
46.00000000,2310.00000000,0.17980941
46.00000000,2311.00000000,0.17980627
46.00000000,2312.00000000,0.17980324
46.00000000,2313.00000000,0.17980030
46.00000000,2314.00000000,0.17979739
46.00000000,2315.00000000,0.17979461
46.00000000,2316.00000000,0.17979186
46.00000000,2317.00000000,0.17978923
46.00000000,2318.00000000,0.17978668
46.00000000,2319.00000000,0.17978415
46.00000000,2320.00000000,0.17978174
46.00000000,2321.00000000,0.17977939
46.00000000,2322.00000000,0.17977455
46.00000000,2323.00000000,0.17976982
46.00000000,2324.00000000,0.17976517
46.00000000,2325.00000000,0.17976051
46.00000000,2326.00000000,0.17975597
46.00000000,2327.00000000,0.17975145
46.00000000,2328.00000000,0.17974703
46.00000000,2329.00000000,0.17974268
46.00000000,2330.00000000,0.17973834
46.00000000,2331.00000000,0.17973410
46.00000000,2332.00000000,0.17972993
46.00000000,2333.00000000,0.17972575
46.00000000,2334.00000000,0.17972168
46.00000000,2335.00000000,0.17971768
46.00000000,2336.00000000,0.17971369
46.00000000,2337.00000000,0.17970978
46.00000000,2338.00000000,0.17970589
46.00000000,2339.00000000,0.17970209
46.00000000,2340.00000000,0.17969834
46.00000000,2341.00000000,0.17969460
46.00000000,2342.00000000,0.17969095
46.00000000,2343.00000000,0.17968736
46.00000000,2344.00000000,0.17968377
46.00000000,2345.00000000,0.17968027
46.00000000,2346.00000000,0.17967682
46.00000000,2347.00000000,0.17967899
46.00000000,2348.00000000,0.17968126
46.00000000,2349.00000000,0.17968357
46.00000000,2350.00000000,0.17968588
46.00000000,2351.00000000,0.17968829
46.00000000,2352.00000000,0.17969071
46.00000000,2353.00000000,0.17969321
46.00000000,2354.00000000,0.17969577
46.00000000,2355.00000000,0.17969835
46.00000000,2356.00000000,0.17970101
46.00000000,2357.00000000,0.17970372
46.00000000,2358.00000000,0.17970645
46.00000000,2359.00000000,0.17970927
46.00000000,2360.00000000,0.17971214
46.00000000,2361.00000000,0.17971500
46.00000000,2362.00000000,0.17971795
46.00000000,2363.00000000,0.17972091
46.00000000,2364.00000000,0.17972394
46.00000000,2365.00000000,0.17972704
46.00000000,2366.00000000,0.17973011
46.00000000,2367.00000000,0.17973328
46.00000000,2368.00000000,0.17973648
46.00000000,2369.00000000,0.17973968
46.00000000,2370.00000000,0.17974295
46.00000000,2371.00000000,0.17974627
46.00000000,2372.00000000,0.17974959
46.00000000,2373.00000000,0.17975296
46.00000000,2374.00000000,0.17975638
46.00000000,2375.00000000,0.17975978
46.00000000,2376.00000000,0.17976327
46.00000000,2377.00000000,0.17976674
46.00000000,2378.00000000,0.17977027
46.00000000,2379.00000000,0.17977385
46.00000000,2380.00000000,0.17977740
46.00000000,2381.00000000,0.17978104
46.00000000,2382.00000000,0.17978470
46.00000000,2383.00000000,0.17978832
46.00000000,2384.00000000,0.17979203
46.00000000,2385.00000000,0.17979576
46.00000000,2386.00000000,0.17979947
46.00000000,2387.00000000,0.17980325
46.00000000,2388.00000000,0.17980699
46.00000000,2389.00000000,0.17981082
46.00000000,2390.00000000,0.17981468
46.00000000,2391.00000000,0.17981848
46.00000000,2392.00000000,0.17982237
46.00000000,2393.00000000,0.17982629
46.00000000,2394.00000000,0.17983015
46.00000000,2395.00000000,0.17983411
46.00000000,2396.00000000,0.17983807
46.00000000,2397.00000000,0.17984039
46.00000000,2398.00000000,0.17984277
46.00000000,2399.00000000,0.17984517
46.00000000,2400.00000000,0.17984754
46.00000000,2401.00000000,0.17984998
46.00000000,2402.00000000,0.17985238
46.00000000,2403.00000000,0.17985485
46.00000000,2404.00000000,0.17985737
46.00000000,2405.00000000,0.17985984
46.00000000,2406.00000000,0.17986239
46.00000000,2407.00000000,0.17986498
46.00000000,2408.00000000,0.17986753
46.00000000,2409.00000000,0.17987016
46.00000000,2410.00000000,0.17987282
46.00000000,2411.00000000,0.17987543
46.00000000,2412.00000000,0.17987813
46.00000000,2413.00000000,0.17988079
46.00000000,2414.00000000,0.17988353
46.00000000,2415.00000000,0.17988630
46.00000000,2416.00000000,0.17988901
46.00000000,2417.00000000,0.17989181
46.00000000,2418.00000000,0.17989463
46.00000000,2419.00000000,0.17989742
46.00000000,2420.00000000,0.17990027
46.00000000,2421.00000000,0.17990314
46.00000000,2422.00000000,0.17990598
46.00000000,2423.00000000,0.17990888
46.00000000,2424.00000000,0.17991175
46.00000000,2425.00000000,0.17991468
46.00000000,2426.00000000,0.17991764
46.00000000,2427.00000000,0.17992055
46.00000000,2428.00000000,0.17992352
46.00000000,2429.00000000,0.17992652
46.00000000,2430.00000000,0.17992947
46.00000000,2431.00000000,0.17993249
46.00000000,2432.00000000,0.17993553
46.00000000,2433.00000000,0.17993851
46.00000000,2434.00000000,0.17994157
46.00000000,2435.00000000,0.17994464
46.00000000,2436.00000000,0.17994765
46.00000000,2437.00000000,0.17995073
46.00000000,2438.00000000,0.17995378
46.00000000,2439.00000000,0.17995688
46.00000000,2440.00000000,0.17996001
46.00000000,2441.00000000,0.17996306
46.00000000,2442.00000000,0.17996621
46.00000000,2443.00000000,0.17996936
46.00000000,2444.00000000,0.17997243
46.00000000,2445.00000000,0.17997560
46.00000000,2446.00000000,0.17997877
46.00000000,2447.00000000,0.17998017
46.00000000,2448.00000000,0.17998166
46.00000000,2449.00000000,0.17998306
46.00000000,2450.00000000,0.17998455
46.00000000,2451.00000000,0.17998605
46.00000000,2452.00000000,0.17998747
46.00000000,2453.00000000,0.17998897
46.00000000,2454.00000000,0.17999047
46.00000000,2455.00000000,0.17999188
46.00000000,2456.00000000,0.17999337
46.00000000,2457.00000000,0.17999485
46.00000000,2458.00000000,0.17999625
46.00000000,2459.00000000,0.17999775
46.00000000,2460.00000000,0.17999921
46.00000000,2461.00000000,0.18000061
46.00000000,2462.00000000,0.18000209
46.00000000,2463.00000000,0.18000348
46.00000000,2464.00000000,0.18000494
46.00000000,2465.00000000,0.18000642
46.00000000,2466.00000000,0.18000779
46.00000000,2467.00000000,0.18000926
46.00000000,2468.00000000,0.18001072
46.00000000,2469.00000000,0.18001209
46.00000000,2470.00000000,0.18001355
46.00000000,2471.00000000,0.18001501
46.00000000,2472.00000000,0.18001638
46.00000000,2473.00000000,0.18001783
46.00000000,2474.00000000,0.18001920
46.00000000,2475.00000000,0.18002065
46.00000000,2476.00000000,0.18002211
46.00000000,2477.00000000,0.18002347
46.00000000,2478.00000000,0.18002492
46.00000000,2479.00000000,0.18002638
46.00000000,2480.00000000,0.18002774
46.00000000,2481.00000000,0.18002919
46.00000000,2482.00000000,0.18003064
46.00000000,2483.00000000,0.18003199
46.00000000,2484.00000000,0.18003345
46.00000000,2485.00000000,0.18003482
46.00000000,2486.00000000,0.18003627
46.00000000,2487.00000000,0.18003772
46.00000000,2488.00000000,0.18003909
46.00000000,2489.00000000,0.18004055
46.00000000,2490.00000000,0.18004201
46.00000000,2491.00000000,0.18004338
46.00000000,2492.00000000,0.18004485
46.00000000,2493.00000000,0.18004632
46.00000000,2494.00000000,0.18004770
46.00000000,2495.00000000,0.18004918
46.00000000,2496.00000000,0.18005065
46.00000000,2497.00000000,0.18005316
46.00000000,2498.00000000,0.18005577
46.00000000,2499.00000000,0.18005828
46.00000000,2500.00000000,0.18006091
47.00000000,1765.00000000,0.15655746
47.00000000,1766.00000000,0.15655746
47.00000000,1767.00000000,0.15655757
47.00000000,1768.00000000,0.15655774
47.00000000,1769.00000000,0.15655797
47.00000000,1770.00000000,0.15655825
47.00000000,1771.00000000,0.15655865
47.00000000,1772.00000000,0.15655920
47.00000000,1773.00000000,0.15655988
47.00000000,1774.00000000,0.15656059
47.00000000,1775.00000000,0.15656155
47.00000000,1776.00000000,0.15656248
47.00000000,1777.00000000,0.15656365
47.00000000,1778.00000000,0.15656484
47.00000000,1779.00000000,0.15656619
47.00000000,1780.00000000,0.15656764
47.00000000,1781.00000000,0.15656916
47.00000000,1782.00000000,0.15657084
47.00000000,1783.00000000,0.15657270
47.00000000,1784.00000000,0.15657442
47.00000000,1785.00000000,0.15657644
47.00000000,1786.00000000,0.15657855
47.00000000,1787.00000000,0.15658065
47.00000000,1788.00000000,0.15658293
47.00000000,1789.00000000,0.15658521
47.00000000,1790.00000000,0.15658772
47.00000000,1791.00000000,0.15659024
47.00000000,1792.00000000,0.15659282
47.00000000,1793.00000000,0.15659552
47.00000000,1794.00000000,0.15659830
47.00000000,1795.00000000,0.15660119
47.00000000,1796.00000000,0.15660415
47.00000000,1797.00000000,0.15660719
47.00000000,1798.00000000,0.15661031
47.00000000,1799.00000000,0.15661362
47.00000000,1800.00000000,0.15661693
47.00000000,1801.00000000,0.15662035
47.00000000,1802.00000000,0.15662384
47.00000000,1803.00000000,0.15662741
47.00000000,1804.00000000,0.15663111
47.00000000,1805.00000000,0.15663487
47.00000000,1806.00000000,0.15663877
47.00000000,1807.00000000,0.15664279
47.00000000,1808.00000000,0.15664692
47.00000000,1809.00000000,0.15665118
47.00000000,1810.00000000,0.15665559
47.00000000,1811.00000000,0.15666014
47.00000000,1812.00000000,0.15666480
47.00000000,1813.00000000,0.15668223
47.00000000,1814.00000000,0.15668722
47.00000000,1815.00000000,0.15669237
47.00000000,1816.00000000,0.15669766
47.00000000,1817.00000000,0.15670312
47.00000000,1818.00000000,0.15671284
47.00000000,1819.00000000,0.15671855
47.00000000,1820.00000000,0.15672434
47.00000000,1821.00000000,0.15673026
47.00000000,1822.00000000,0.15673629
47.00000000,1823.00000000,0.15674244
47.00000000,1824.00000000,0.15674870
47.00000000,1825.00000000,0.15675506
47.00000000,1826.00000000,0.15676151
47.00000000,1827.00000000,0.15676805
47.00000000,1828.00000000,0.15677893
47.00000000,1829.00000000,0.15678562
47.00000000,1830.00000000,0.15679246
47.00000000,1831.00000000,0.15679930
47.00000000,1832.00000000,0.15680615
47.00000000,1833.00000000,0.15681312
47.00000000,1834.00000000,0.15682011
47.00000000,1835.00000000,0.15682718
47.00000000,1836.00000000,0.15683429
47.00000000,1837.00000000,0.15684146
47.00000000,1838.00000000,0.15685286
47.00000000,1839.00000000,0.15686012
47.00000000,1840.00000000,0.15686735
47.00000000,1841.00000000,0.15687470
47.00000000,1842.00000000,0.15688200
47.00000000,1843.00000000,0.15688935
47.00000000,1844.00000000,0.15690099
47.00000000,1845.00000000,0.15690840
47.00000000,1846.00000000,0.15691582
47.00000000,1847.00000000,0.15692742
47.00000000,1848.00000000,0.15693489
47.00000000,1849.00000000,0.15695072
47.00000000,1850.00000000,0.15695399
47.00000000,1851.00000000,0.15696136
47.00000000,1852.00000000,0.15696877
47.00000000,1853.00000000,0.15698075
47.00000000,1854.00000000,0.15698868
47.00000000,1855.00000000,0.15699655
47.00000000,1856.00000000,0.15700421
47.00000000,1857.00000000,0.15701175
47.00000000,1858.00000000,0.15702342
47.00000000,1859.00000000,0.15703089
47.00000000,1860.00000000,0.15703822
47.00000000,1861.00000000,0.15704555
47.00000000,1862.00000000,0.15705686
47.00000000,1863.00000000,0.15706754
47.00000000,1864.00000000,0.15707767
47.00000000,1865.00000000,0.15708326
47.00000000,1866.00000000,0.15708855
47.00000000,1867.00000000,0.15709363
47.00000000,1868.00000000,0.15709850
47.00000000,1869.00000000,0.15710726
47.00000000,1870.00000000,0.15711588
47.00000000,1871.00000000,0.15712012
47.00000000,1872.00000000,0.15712879
47.00000000,1873.00000000,0.15713398
47.00000000,1874.00000000,0.15714371
47.00000000,1875.00000000,0.15714938
47.00000000,1876.00000000,0.15715517
47.00000000,1877.00000000,0.15718640
47.00000000,1878.00000000,0.15718827
47.00000000,1879.00000000,0.15719441
47.00000000,1880.00000000,0.15720480
47.00000000,1881.00000000,0.15721093
47.00000000,1882.00000000,0.15722111
47.00000000,1883.00000000,0.15724334
47.00000000,1884.00000000,0.15724815
47.00000000,1885.00000000,0.15725690
47.00000000,1886.00000000,0.15726549
47.00000000,1887.00000000,0.15727825
47.00000000,1888.00000000,0.15728658
47.00000000,1889.00000000,0.15729893
47.00000000,1890.00000000,0.15730665
47.00000000,1891.00000000,0.15731826
47.00000000,1892.00000000,0.15733787
47.00000000,1893.00000000,0.15734048
47.00000000,1894.00000000,0.15735579
47.00000000,1895.00000000,0.15736293
47.00000000,1896.00000000,0.15737847
47.00000000,1897.00000000,0.15739821
47.00000000,1898.00000000,0.15740096
47.00000000,1899.00000000,0.15741599
47.00000000,1900.00000000,0.15742634
47.00000000,1901.00000000,0.15746971
47.00000000,1902.00000000,0.15747934
47.00000000,1903.00000000,0.15750132
47.00000000,1904.00000000,0.15750615
47.00000000,1905.00000000,0.15751076
47.00000000,1906.00000000,0.15753214
47.00000000,1907.00000000,0.15756575
47.00000000,1908.00000000,0.15758181
47.00000000,1909.00000000,0.15758877
47.00000000,1910.00000000,0.15761655
47.00000000,1911.00000000,0.15764833
47.00000000,1912.00000000,0.15767513
47.00000000,1913.00000000,0.15768410
47.00000000,1914.00000000,0.15771420
47.00000000,1915.00000000,0.15773094
47.00000000,1916.00000000,0.15775705
47.00000000,1917.00000000,0.15777555
47.00000000,1918.00000000,0.15781138
47.00000000,1919.00000000,0.15788185
47.00000000,1920.00000000,0.15792856
47.00000000,1921.00000000,0.15788843
47.00000000,1922.00000000,0.15795146
47.00000000,1923.00000000,0.15796968
47.00000000,1924.00000000,0.15798834
47.00000000,1925.00000000,0.15800051
47.00000000,1926.00000000,0.15806543
47.00000000,1927.00000000,0.15818118
47.00000000,1928.00000000,0.15821685
47.00000000,1929.00000000,0.15827756
47.00000000,1930.00000000,0.15835087
47.00000000,1931.00000000,0.15837074
47.00000000,1932.00000000,0.15838865
47.00000000,1933.00000000,0.15841721
47.00000000,1934.00000000,0.15849011
47.00000000,1935.00000000,0.15863978
47.00000000,1936.00000000,0.15865427
47.00000000,1937.00000000,0.15879008
47.00000000,1938.00000000,0.15886923
47.00000000,1939.00000000,0.15888820
47.00000000,1940.00000000,0.15888107
47.00000000,1941.00000000,0.15894449
47.00000000,1942.00000000,0.15904865
47.00000000,1943.00000000,0.15910968
47.00000000,1944.00000000,0.15920397
47.00000000,1945.00000000,0.15931547
47.00000000,1946.00000000,0.15950097
47.00000000,1947.00000000,0.15962650
47.00000000,1948.00000000,0.15971538
47.00000000,1949.00000000,0.15978716
47.00000000,1950.00000000,0.16001458
47.00000000,1951.00000000,0.16005546
47.00000000,1952.00000000,0.16023079
47.00000000,1953.00000000,0.16042544
47.00000000,1954.00000000,0.16075768
47.00000000,1955.00000000,0.16062027
47.00000000,1956.00000000,0.16077210
47.00000000,1957.00000000,0.16091714
47.00000000,1958.00000000,0.16098767
47.00000000,1959.00000000,0.16116489
47.00000000,1960.00000000,0.16142649
47.00000000,1961.00000000,0.16102228
47.00000000,1962.00000000,0.16095757
47.00000000,1963.00000000,0.16120723
47.00000000,1964.00000000,0.16141678
47.00000000,1965.00000000,0.16131530
47.00000000,1966.00000000,0.16074318
47.00000000,1967.00000000,0.16124692
47.00000000,1968.00000000,0.16067319
47.00000000,1969.00000000,0.16081615
47.00000000,1970.00000000,0.16130442
47.00000000,1971.00000000,0.16123091
47.00000000,1972.00000000,0.16123080
47.00000000,1973.00000000,0.16120816
47.00000000,1974.00000000,0.16147945
47.00000000,1975.00000000,0.16142847
47.00000000,1976.00000000,0.16170038
47.00000000,1977.00000000,0.16125009
47.00000000,1978.00000000,0.16071143
47.00000000,1979.00000000,0.16025654
47.00000000,1980.00000000,0.16038420
47.00000000,1981.00000000,0.16065548
47.00000000,1982.00000000,0.16082292
47.00000000,1983.00000000,0.16120420
47.00000000,1984.00000000,0.16149344
47.00000000,1985.00000000,0.16117828
47.00000000,1986.00000000,0.16135717
47.00000000,1987.00000000,0.16177698
47.00000000,1988.00000000,0.16189708
47.00000000,1989.00000000,0.16190477
47.00000000,1990.00000000,0.16208380
47.00000000,1991.00000000,0.16202559
47.00000000,1992.00000000,0.16107213
47.00000000,1993.00000000,0.16137988
47.00000000,1994.00000000,0.16201087
47.00000000,1995.00000000,0.16232546
47.00000000,1996.00000000,0.16211387
47.00000000,1997.00000000,0.16299455
47.00000000,1998.00000000,0.16357272
47.00000000,1999.00000000,0.16369531
47.00000000,2000.00000000,0.16389247
47.00000000,2001.00000000,0.16400512
47.00000000,2002.00000000,0.16476226
47.00000000,2003.00000000,0.16534239
47.00000000,2004.00000000,0.16574240
47.00000000,2005.00000000,0.16600491
47.00000000,2006.00000000,0.16656066
47.00000000,2007.00000000,0.16703879
47.00000000,2008.00000000,0.16710328
47.00000000,2009.00000000,0.16753372
47.00000000,2010.00000000,0.16813494
47.00000000,2011.00000000,0.16878247
47.00000000,2012.00000000,0.16933035
47.00000000,2013.00000000,0.16996959
47.00000000,2014.00000000,0.17037969
47.00000000,2015.00000000,0.17107974
47.00000000,2016.00000000,0.17191982
47.00000000,2017.00000000,0.17302001
47.00000000,2018.00000000,0.17361297
47.00000000,2019.00000000,0.17425477
47.00000000,2020.00000000,0.17517308
47.00000000,2021.00000000,0.17514763
47.00000000,2022.00000000,0.17496200
47.00000000,2023.00000000,0.17600023
47.00000000,2024.00000000,0.17653178
47.00000000,2025.00000000,0.17677210
47.00000000,2026.00000000,0.17785875
47.00000000,2027.00000000,0.17755537
47.00000000,2028.00000000,0.17680331
47.00000000,2029.00000000,0.17655718
47.00000000,2030.00000000,0.17641029
47.00000000,2031.00000000,0.17707186
47.00000000,2032.00000000,0.17762574
47.00000000,2033.00000000,0.17822699
47.00000000,2034.00000000,0.17873168
47.00000000,2035.00000000,0.17951149
47.00000000,2036.00000000,0.17993658
47.00000000,2037.00000000,0.18007281
47.00000000,2038.00000000,0.18035309
47.00000000,2039.00000000,0.17978364
47.00000000,2040.00000000,0.17971369
47.00000000,2041.00000000,0.18009788
47.00000000,2042.00000000,0.18052848
47.00000000,2043.00000000,0.18098909
47.00000000,2044.00000000,0.18132901
47.00000000,2045.00000000,0.18109977
47.00000000,2046.00000000,0.18091772
47.00000000,2047.00000000,0.18148232
47.00000000,2048.00000000,0.18202458
47.00000000,2049.00000000,0.18213099
47.00000000,2050.00000000,0.18338033
47.00000000,2051.00000000,0.18482370
47.00000000,2052.00000000,0.18591496
47.00000000,2053.00000000,0.18656764
47.00000000,2054.00000000,0.18721972
47.00000000,2055.00000000,0.18787162
47.00000000,2056.00000000,0.18852217
47.00000000,2057.00000000,0.18917176
47.00000000,2058.00000000,0.19010022
47.00000000,2059.00000000,0.19102745
47.00000000,2060.00000000,0.19195337
47.00000000,2061.00000000,0.19287842
47.00000000,2062.00000000,0.19380368
47.00000000,2063.00000000,0.19473064
47.00000000,2064.00000000,0.19566027
47.00000000,2065.00000000,0.19659283
47.00000000,2066.00000000,0.19752903
47.00000000,2067.00000000,0.19846863
47.00000000,2068.00000000,0.19928926
47.00000000,2069.00000000,0.20011350
47.00000000,2070.00000000,0.20094135
47.00000000,2071.00000000,0.20177299
47.00000000,2072.00000000,0.20260940
47.00000000,2073.00000000,0.20345165
47.00000000,2074.00000000,0.20430054
47.00000000,2075.00000000,0.20515636
47.00000000,2076.00000000,0.20601917
47.00000000,2077.00000000,0.20688903
47.00000000,2078.00000000,0.20801860
47.00000000,2079.00000000,0.20915419
47.00000000,2080.00000000,0.21029589
47.00000000,2081.00000000,0.21144315
47.00000000,2082.00000000,0.21259636
47.00000000,2083.00000000,0.21375587
47.00000000,2084.00000000,0.21492169
47.00000000,2085.00000000,0.21609367
47.00000000,2086.00000000,0.21727170
47.00000000,2087.00000000,0.21845533
47.00000000,2088.00000000,0.21982738
47.00000000,2089.00000000,0.22120417
47.00000000,2090.00000000,0.22258505
47.00000000,2091.00000000,0.22396996
47.00000000,2092.00000000,0.22535912
47.00000000,2093.00000000,0.22675255
47.00000000,2094.00000000,0.22815065
47.00000000,2095.00000000,0.22955280
47.00000000,2096.00000000,0.23095909
47.00000000,2097.00000000,0.23236887
47.00000000,2098.00000000,0.23377126
47.00000000,2099.00000000,0.23517640
47.00000000,2100.00000000,0.23658352
47.00000000,2101.00000000,0.23799242
47.00000000,2102.00000000,0.23940325
47.00000000,2103.00000000,0.24081615
47.00000000,2104.00000000,0.24223098
47.00000000,2105.00000000,0.24364741
47.00000000,2106.00000000,0.24506514
47.00000000,2107.00000000,0.24648356
47.00000000,2108.00000000,0.24750505
47.00000000,2109.00000000,0.24852639
47.00000000,2110.00000000,0.24954737
47.00000000,2111.00000000,0.25056761
47.00000000,2112.00000000,0.25158658
47.00000000,2113.00000000,0.25260417
47.00000000,2114.00000000,0.25362000
47.00000000,2115.00000000,0.25463356
47.00000000,2116.00000000,0.25564476
47.00000000,2117.00000000,0.25665319
47.00000000,2118.00000000,0.25730144
47.00000000,2119.00000000,0.25794655
47.00000000,2120.00000000,0.25858808
47.00000000,2121.00000000,0.25922624
47.00000000,2122.00000000,0.25986070
47.00000000,2123.00000000,0.26049124
47.00000000,2124.00000000,0.26111799
47.00000000,2125.00000000,0.26174068
47.00000000,2126.00000000,0.26235908
47.00000000,2127.00000000,0.26297331
47.00000000,2128.00000000,0.26338479
47.00000000,2129.00000000,0.26379182
47.00000000,2130.00000000,0.26419453
47.00000000,2131.00000000,0.26459270
47.00000000,2132.00000000,0.26498652
47.00000000,2133.00000000,0.26537583
47.00000000,2134.00000000,0.26576053
47.00000000,2135.00000000,0.26614079
47.00000000,2136.00000000,0.26651649
47.00000000,2137.00000000,0.26688746
47.00000000,2138.00000000,0.26705065
47.00000000,2139.00000000,0.26720930
47.00000000,2140.00000000,0.26736345
47.00000000,2141.00000000,0.26751328
47.00000000,2142.00000000,0.26765872
47.00000000,2143.00000000,0.26779981
47.00000000,2144.00000000,0.26793671
47.00000000,2145.00000000,0.26806929
47.00000000,2146.00000000,0.26819781
47.00000000,2147.00000000,0.26832208
47.00000000,2148.00000000,0.26828748
47.00000000,2149.00000000,0.26824895
47.00000000,2150.00000000,0.26820662
47.00000000,2151.00000000,0.26816192
47.00000000,2152.00000000,0.26811920
47.00000000,2153.00000000,0.26808223
47.00000000,2154.00000000,0.26805301
47.00000000,2155.00000000,0.26803260
47.00000000,2156.00000000,0.26802103
47.00000000,2157.00000000,0.26801844
47.00000000,2158.00000000,0.26802450
47.00000000,2159.00000000,0.26803875
47.00000000,2160.00000000,0.26806100
47.00000000,2161.00000000,0.26809078
47.00000000,2162.00000000,0.26812756
47.00000000,2163.00000000,0.26817128
47.00000000,2164.00000000,0.26822133
47.00000000,2165.00000000,0.26827734
47.00000000,2166.00000000,0.26833916
47.00000000,2167.00000000,0.26840640
47.00000000,2168.00000000,0.26847865
47.00000000,2169.00000000,0.26855576
47.00000000,2170.00000000,0.26863740
47.00000000,2171.00000000,0.26872332
47.00000000,2172.00000000,0.26881326
47.00000000,2173.00000000,0.26890697
47.00000000,2174.00000000,0.26900427
47.00000000,2175.00000000,0.26910491
47.00000000,2176.00000000,0.26920863
47.00000000,2177.00000000,0.26931532
47.00000000,2178.00000000,0.26942472
47.00000000,2179.00000000,0.26953661
47.00000000,2180.00000000,0.26965095
47.00000000,2181.00000000,0.26976742
47.00000000,2182.00000000,0.26988598
47.00000000,2183.00000000,0.27000642
47.00000000,2184.00000000,0.27012845
47.00000000,2185.00000000,0.27025217
47.00000000,2186.00000000,0.27037733
47.00000000,2187.00000000,0.27050377
47.00000000,2188.00000000,0.27063137
47.00000000,2189.00000000,0.27076001
47.00000000,2190.00000000,0.27088953
47.00000000,2191.00000000,0.27101985
47.00000000,2192.00000000,0.27115078
47.00000000,2193.00000000,0.27128229
47.00000000,2194.00000000,0.27141421
47.00000000,2195.00000000,0.27154633
47.00000000,2196.00000000,0.27167865
47.00000000,2197.00000000,0.27181092
47.00000000,2198.00000000,0.27090474
47.00000000,2199.00000000,0.26999769
47.00000000,2200.00000000,0.26908982
47.00000000,2201.00000000,0.26818127
47.00000000,2202.00000000,0.26727212
47.00000000,2203.00000000,0.26636245
47.00000000,2204.00000000,0.26545226
47.00000000,2205.00000000,0.26454179
47.00000000,2206.00000000,0.26363099
47.00000000,2207.00000000,0.26272002
47.00000000,2208.00000000,0.26180889
47.00000000,2209.00000000,0.26089763
47.00000000,2210.00000000,0.25998640
47.00000000,2211.00000000,0.25907518
47.00000000,2212.00000000,0.25816400
47.00000000,2213.00000000,0.25725302
47.00000000,2214.00000000,0.25634224
47.00000000,2215.00000000,0.25543150
47.00000000,2216.00000000,0.25452119
47.00000000,2217.00000000,0.25361113
47.00000000,2218.00000000,0.25270148
47.00000000,2219.00000000,0.25179221
47.00000000,2220.00000000,0.25088329
47.00000000,2221.00000000,0.24997489
47.00000000,2222.00000000,0.24906689
47.00000000,2223.00000000,0.24815937
47.00000000,2224.00000000,0.24725246
47.00000000,2225.00000000,0.24634609
47.00000000,2226.00000000,0.24544027
47.00000000,2227.00000000,0.24453509
47.00000000,2228.00000000,0.24363045
47.00000000,2229.00000000,0.24272642
47.00000000,2230.00000000,0.24182308
47.00000000,2231.00000000,0.24092038
47.00000000,2232.00000000,0.24001842
47.00000000,2233.00000000,0.23911705
47.00000000,2234.00000000,0.23821634
47.00000000,2235.00000000,0.23731632
47.00000000,2236.00000000,0.23641706
47.00000000,2237.00000000,0.23551849
47.00000000,2238.00000000,0.23462061
47.00000000,2239.00000000,0.23372344
47.00000000,2240.00000000,0.23282691
47.00000000,2241.00000000,0.23193120
47.00000000,2242.00000000,0.23103618
47.00000000,2243.00000000,0.23014184
47.00000000,2244.00000000,0.22924820
47.00000000,2245.00000000,0.22835521
47.00000000,2246.00000000,0.22746303
47.00000000,2247.00000000,0.22657150
47.00000000,2248.00000000,0.22568059
47.00000000,2249.00000000,0.22479013
47.00000000,2250.00000000,0.22389867
47.00000000,2251.00000000,0.22300321
47.00000000,2252.00000000,0.22210128
47.00000000,2253.00000000,0.22119148
47.00000000,2254.00000000,0.22027322
47.00000000,2255.00000000,0.21934652
47.00000000,2256.00000000,0.21841140
47.00000000,2257.00000000,0.21746810
47.00000000,2258.00000000,0.21651680
47.00000000,2259.00000000,0.21555771
47.00000000,2260.00000000,0.21459120
47.00000000,2261.00000000,0.21361762
47.00000000,2262.00000000,0.21263741
47.00000000,2263.00000000,0.21165105
47.00000000,2264.00000000,0.21065888
47.00000000,2265.00000000,0.20966116
47.00000000,2266.00000000,0.20865823
47.00000000,2267.00000000,0.20765029
47.00000000,2268.00000000,0.20663766
47.00000000,2269.00000000,0.20562051
47.00000000,2270.00000000,0.20459905
47.00000000,2271.00000000,0.20357358
47.00000000,2272.00000000,0.20254423
47.00000000,2273.00000000,0.20151121
47.00000000,2274.00000000,0.20047478
47.00000000,2275.00000000,0.19943507
47.00000000,2276.00000000,0.19839225
47.00000000,2277.00000000,0.19734658
47.00000000,2278.00000000,0.19629815
47.00000000,2279.00000000,0.19524721
47.00000000,2280.00000000,0.19419390
47.00000000,2281.00000000,0.19313832
47.00000000,2282.00000000,0.19208070
47.00000000,2283.00000000,0.19102114
47.00000000,2284.00000000,0.18995977
47.00000000,2285.00000000,0.18889679
47.00000000,2286.00000000,0.18783228
47.00000000,2287.00000000,0.18676637
47.00000000,2288.00000000,0.18569921
47.00000000,2289.00000000,0.18463093
47.00000000,2290.00000000,0.18356160
47.00000000,2291.00000000,0.18249138
47.00000000,2292.00000000,0.18142037
47.00000000,2293.00000000,0.18034871
47.00000000,2294.00000000,0.17927654
47.00000000,2295.00000000,0.17820395
47.00000000,2296.00000000,0.17736170
47.00000000,2297.00000000,0.17719843
47.00000000,2298.00000000,0.17722085
47.00000000,2299.00000000,0.17724353
47.00000000,2300.00000000,0.17726646
47.00000000,2301.00000000,0.17728953
47.00000000,2302.00000000,0.17731284
47.00000000,2303.00000000,0.17736538
47.00000000,2304.00000000,0.17741811
47.00000000,2305.00000000,0.17747101
47.00000000,2306.00000000,0.17752401
47.00000000,2307.00000000,0.17757718
47.00000000,2308.00000000,0.17757290
47.00000000,2309.00000000,0.17756867
47.00000000,2310.00000000,0.17756460
47.00000000,2311.00000000,0.17756059
47.00000000,2312.00000000,0.17755667
47.00000000,2313.00000000,0.17755284
47.00000000,2314.00000000,0.17754912
47.00000000,2315.00000000,0.17754545
47.00000000,2316.00000000,0.17754191
47.00000000,2317.00000000,0.17753841
47.00000000,2318.00000000,0.17753503
47.00000000,2319.00000000,0.17753173
47.00000000,2320.00000000,0.17752847
47.00000000,2321.00000000,0.17752533
47.00000000,2322.00000000,0.17752227
47.00000000,2323.00000000,0.17751674
47.00000000,2324.00000000,0.17751133
47.00000000,2325.00000000,0.17750600
47.00000000,2326.00000000,0.17750067
47.00000000,2327.00000000,0.17749547
47.00000000,2328.00000000,0.17749030
47.00000000,2329.00000000,0.17748523
47.00000000,2330.00000000,0.17748021
47.00000000,2331.00000000,0.17747524
47.00000000,2332.00000000,0.17747036
47.00000000,2333.00000000,0.17746555
47.00000000,2334.00000000,0.17746074
47.00000000,2335.00000000,0.17745604
47.00000000,2336.00000000,0.17745141
47.00000000,2337.00000000,0.17744679
47.00000000,2338.00000000,0.17744226
47.00000000,2339.00000000,0.17743777
47.00000000,2340.00000000,0.17743335
47.00000000,2341.00000000,0.17742900
47.00000000,2342.00000000,0.17742465
47.00000000,2343.00000000,0.17742040
47.00000000,2344.00000000,0.17741621
47.00000000,2345.00000000,0.17741203
47.00000000,2346.00000000,0.17740794
47.00000000,2347.00000000,0.17740390
47.00000000,2348.00000000,0.17740542
47.00000000,2349.00000000,0.17740703
47.00000000,2350.00000000,0.17740869
47.00000000,2351.00000000,0.17741035
47.00000000,2352.00000000,0.17741213
47.00000000,2353.00000000,0.17741391
47.00000000,2354.00000000,0.17741578
47.00000000,2355.00000000,0.17741772
47.00000000,2356.00000000,0.17741966
47.00000000,2357.00000000,0.17742170
47.00000000,2358.00000000,0.17742380
47.00000000,2359.00000000,0.17742590
47.00000000,2360.00000000,0.17742810
47.00000000,2361.00000000,0.17743034
47.00000000,2362.00000000,0.17743258
47.00000000,2363.00000000,0.17743493
47.00000000,2364.00000000,0.17743726
47.00000000,2365.00000000,0.17743969
47.00000000,2366.00000000,0.17744216
47.00000000,2367.00000000,0.17744464
47.00000000,2368.00000000,0.17744718
47.00000000,2369.00000000,0.17744979
47.00000000,2370.00000000,0.17745238
47.00000000,2371.00000000,0.17745504
47.00000000,2372.00000000,0.17745776
47.00000000,2373.00000000,0.17746045
47.00000000,2374.00000000,0.17746323
47.00000000,2375.00000000,0.17746605
47.00000000,2376.00000000,0.17746884
47.00000000,2377.00000000,0.17747173
47.00000000,2378.00000000,0.17747460
47.00000000,2379.00000000,0.17747753
47.00000000,2380.00000000,0.17748050
47.00000000,2381.00000000,0.17748346
47.00000000,2382.00000000,0.17748649
47.00000000,2383.00000000,0.17748955
47.00000000,2384.00000000,0.17749257
47.00000000,2385.00000000,0.17749568
47.00000000,2386.00000000,0.17749882
47.00000000,2387.00000000,0.17750193
47.00000000,2388.00000000,0.17750512
47.00000000,2389.00000000,0.17750828
47.00000000,2390.00000000,0.17751151
47.00000000,2391.00000000,0.17751476
47.00000000,2392.00000000,0.17751798
47.00000000,2393.00000000,0.17752127
47.00000000,2394.00000000,0.17752458
47.00000000,2395.00000000,0.17752786
47.00000000,2396.00000000,0.17753121
47.00000000,2397.00000000,0.17753459
47.00000000,2398.00000000,0.17753632
47.00000000,2399.00000000,0.17753815
47.00000000,2400.00000000,0.17753997
47.00000000,2401.00000000,0.17754177
47.00000000,2402.00000000,0.17754365
47.00000000,2403.00000000,0.17754548
47.00000000,2404.00000000,0.17754740
47.00000000,2405.00000000,0.17754935
47.00000000,2406.00000000,0.17755126
47.00000000,2407.00000000,0.17755326
47.00000000,2408.00000000,0.17755528
47.00000000,2409.00000000,0.17755726
47.00000000,2410.00000000,0.17755933
47.00000000,2411.00000000,0.17756143
47.00000000,2412.00000000,0.17756348
47.00000000,2413.00000000,0.17756562
47.00000000,2414.00000000,0.17756771
47.00000000,2415.00000000,0.17756989
47.00000000,2416.00000000,0.17757209
47.00000000,2417.00000000,0.17757426
47.00000000,2418.00000000,0.17757649
47.00000000,2419.00000000,0.17757875
47.00000000,2420.00000000,0.17758097
47.00000000,2421.00000000,0.17758325
47.00000000,2422.00000000,0.17758556
47.00000000,2423.00000000,0.17758782
47.00000000,2424.00000000,0.17759016
47.00000000,2425.00000000,0.17759245
47.00000000,2426.00000000,0.17759483
47.00000000,2427.00000000,0.17759721
47.00000000,2428.00000000,0.17759954
47.00000000,2429.00000000,0.17760196
47.00000000,2430.00000000,0.17760439
47.00000000,2431.00000000,0.17760676
47.00000000,2432.00000000,0.17760920
47.00000000,2433.00000000,0.17761167
47.00000000,2434.00000000,0.17761409
47.00000000,2435.00000000,0.17761657
47.00000000,2436.00000000,0.17761907
47.00000000,2437.00000000,0.17762150
47.00000000,2438.00000000,0.17762403
47.00000000,2439.00000000,0.17762648
47.00000000,2440.00000000,0.17762902
47.00000000,2441.00000000,0.17763156
47.00000000,2442.00000000,0.17763405
47.00000000,2443.00000000,0.17763660
47.00000000,2444.00000000,0.17763918
47.00000000,2445.00000000,0.17764169
47.00000000,2446.00000000,0.17764427
47.00000000,2447.00000000,0.17764686
47.00000000,2448.00000000,0.17764772
47.00000000,2449.00000000,0.17764864
47.00000000,2450.00000000,0.17764948
47.00000000,2451.00000000,0.17765042
47.00000000,2452.00000000,0.17765134
47.00000000,2453.00000000,0.17765220
47.00000000,2454.00000000,0.17765313
47.00000000,2455.00000000,0.17765406
47.00000000,2456.00000000,0.17765491
47.00000000,2457.00000000,0.17765582
47.00000000,2458.00000000,0.17765674
47.00000000,2459.00000000,0.17765758
47.00000000,2460.00000000,0.17765848
47.00000000,2461.00000000,0.17765939
47.00000000,2462.00000000,0.17766022
47.00000000,2463.00000000,0.17766112
47.00000000,2464.00000000,0.17766193
47.00000000,2465.00000000,0.17766282
47.00000000,2466.00000000,0.17766373
47.00000000,2467.00000000,0.17766454
47.00000000,2468.00000000,0.17766543
47.00000000,2469.00000000,0.17766632
47.00000000,2470.00000000,0.17766711
47.00000000,2471.00000000,0.17766799
47.00000000,2472.00000000,0.17766888
47.00000000,2473.00000000,0.17766967
47.00000000,2474.00000000,0.17767055
47.00000000,2475.00000000,0.17767135
47.00000000,2476.00000000,0.17767222
47.00000000,2477.00000000,0.17767310
47.00000000,2478.00000000,0.17767389
47.00000000,2479.00000000,0.17767477
47.00000000,2480.00000000,0.17767563
47.00000000,2481.00000000,0.17767642
47.00000000,2482.00000000,0.17767730
47.00000000,2483.00000000,0.17767818
47.00000000,2484.00000000,0.17767895
47.00000000,2485.00000000,0.17767984
47.00000000,2486.00000000,0.17768060
47.00000000,2487.00000000,0.17768148
47.00000000,2488.00000000,0.17768236
47.00000000,2489.00000000,0.17768315
47.00000000,2490.00000000,0.17768403
47.00000000,2491.00000000,0.17768490
47.00000000,2492.00000000,0.17768568
47.00000000,2493.00000000,0.17768658
47.00000000,2494.00000000,0.17768746
47.00000000,2495.00000000,0.17768825
47.00000000,2496.00000000,0.17768915
47.00000000,2497.00000000,0.17769003
47.00000000,2498.00000000,0.17769194
47.00000000,2499.00000000,0.17769396
47.00000000,2500.00000000,0.17769587
48.00000000,1765.00000000,0.15287876
48.00000000,1766.00000000,0.15287867
48.00000000,1767.00000000,0.15287870
48.00000000,1768.00000000,0.15287890
48.00000000,1769.00000000,0.15287917
48.00000000,1770.00000000,0.15287952
48.00000000,1771.00000000,0.15287994
48.00000000,1772.00000000,0.15288048
48.00000000,1773.00000000,0.15288117
48.00000000,1774.00000000,0.15288200
48.00000000,1775.00000000,0.15288287
48.00000000,1776.00000000,0.15288399
48.00000000,1777.00000000,0.15288509
48.00000000,1778.00000000,0.15288644
48.00000000,1779.00000000,0.15288780
48.00000000,1780.00000000,0.15288934
48.00000000,1781.00000000,0.15289098
48.00000000,1782.00000000,0.15289266
48.00000000,1783.00000000,0.15289453
48.00000000,1784.00000000,0.15289657
48.00000000,1785.00000000,0.15289848
48.00000000,1786.00000000,0.15290068
48.00000000,1787.00000000,0.15290298
48.00000000,1788.00000000,0.15290528
48.00000000,1789.00000000,0.15290774
48.00000000,1790.00000000,0.15291022
48.00000000,1791.00000000,0.15291292
48.00000000,1792.00000000,0.15291563
48.00000000,1793.00000000,0.15291841
48.00000000,1794.00000000,0.15292129
48.00000000,1795.00000000,0.15292425
48.00000000,1796.00000000,0.15292735
48.00000000,1797.00000000,0.15293049
48.00000000,1798.00000000,0.15293372
48.00000000,1799.00000000,0.15293704
48.00000000,1800.00000000,0.15294052
48.00000000,1801.00000000,0.15294402
48.00000000,1802.00000000,0.15294764
48.00000000,1803.00000000,0.15295128
48.00000000,1804.00000000,0.15295505
48.00000000,1805.00000000,0.15295892
48.00000000,1806.00000000,0.15296286
48.00000000,1807.00000000,0.15296698
48.00000000,1808.00000000,0.15297115
48.00000000,1809.00000000,0.15297548
48.00000000,1810.00000000,0.15297997
48.00000000,1811.00000000,0.15298454
48.00000000,1812.00000000,0.15298927
48.00000000,1813.00000000,0.15299417
48.00000000,1814.00000000,0.15301153
48.00000000,1815.00000000,0.15301676
48.00000000,1816.00000000,0.15302205
48.00000000,1817.00000000,0.15302756
48.00000000,1818.00000000,0.15303316
48.00000000,1819.00000000,0.15304303
48.00000000,1820.00000000,0.15304889
48.00000000,1821.00000000,0.15305487
48.00000000,1822.00000000,0.15306099
48.00000000,1823.00000000,0.15306722
48.00000000,1824.00000000,0.15307360
48.00000000,1825.00000000,0.15308001
48.00000000,1826.00000000,0.15308659
48.00000000,1827.00000000,0.15309320
48.00000000,1828.00000000,0.15309997
48.00000000,1829.00000000,0.15311094
48.00000000,1830.00000000,0.15311786
48.00000000,1831.00000000,0.15312477
48.00000000,1832.00000000,0.15313181
48.00000000,1833.00000000,0.15313888
48.00000000,1834.00000000,0.15314600
48.00000000,1835.00000000,0.15315323
48.00000000,1836.00000000,0.15316044
48.00000000,1837.00000000,0.15316778
48.00000000,1838.00000000,0.15317507
48.00000000,1839.00000000,0.15318663
48.00000000,1840.00000000,0.15319404
48.00000000,1841.00000000,0.15320150
48.00000000,1842.00000000,0.15320898
48.00000000,1843.00000000,0.15321647
48.00000000,1844.00000000,0.15322405
48.00000000,1845.00000000,0.15323576
48.00000000,1846.00000000,0.15324338
48.00000000,1847.00000000,0.15325093
48.00000000,1848.00000000,0.15326269
48.00000000,1849.00000000,0.15327030
48.00000000,1850.00000000,0.15328622
48.00000000,1851.00000000,0.15328964
48.00000000,1852.00000000,0.15329722
48.00000000,1853.00000000,0.15330519
48.00000000,1854.00000000,0.15331746
48.00000000,1855.00000000,0.15332555
48.00000000,1856.00000000,0.15333342
48.00000000,1857.00000000,0.15334122
48.00000000,1858.00000000,0.15334887
48.00000000,1859.00000000,0.15336071
48.00000000,1860.00000000,0.15336831
48.00000000,1861.00000000,0.15337586
48.00000000,1862.00000000,0.15338318
48.00000000,1863.00000000,0.15339397
48.00000000,1864.00000000,0.15340427
48.00000000,1865.00000000,0.15341425
48.00000000,1866.00000000,0.15341972
48.00000000,1867.00000000,0.15342494
48.00000000,1868.00000000,0.15343001
48.00000000,1869.00000000,0.15343478
48.00000000,1870.00000000,0.15344348
48.00000000,1871.00000000,0.15345200
48.00000000,1872.00000000,0.15345665
48.00000000,1873.00000000,0.15346616
48.00000000,1874.00000000,0.15347193
48.00000000,1875.00000000,0.15348197
48.00000000,1876.00000000,0.15348810
48.00000000,1877.00000000,0.15349423
48.00000000,1878.00000000,0.15352549
48.00000000,1879.00000000,0.15352780
48.00000000,1880.00000000,0.15353429
48.00000000,1881.00000000,0.15354489
48.00000000,1882.00000000,0.15355119
48.00000000,1883.00000000,0.15356102
48.00000000,1884.00000000,0.15358278
48.00000000,1885.00000000,0.15358769
48.00000000,1886.00000000,0.15359653
48.00000000,1887.00000000,0.15360537
48.00000000,1888.00000000,0.15361815
48.00000000,1889.00000000,0.15362649
48.00000000,1890.00000000,0.15363863
48.00000000,1891.00000000,0.15364627
48.00000000,1892.00000000,0.15365763
48.00000000,1893.00000000,0.15367723
48.00000000,1894.00000000,0.15368019
48.00000000,1895.00000000,0.15369591
48.00000000,1896.00000000,0.15370334
48.00000000,1897.00000000,0.15371895
48.00000000,1898.00000000,0.15373866
48.00000000,1899.00000000,0.15374142
48.00000000,1900.00000000,0.15375613
48.00000000,1901.00000000,0.15376618
48.00000000,1902.00000000,0.15380926
48.00000000,1903.00000000,0.15381897
48.00000000,1904.00000000,0.15384098
48.00000000,1905.00000000,0.15384612
48.00000000,1906.00000000,0.15385118
48.00000000,1907.00000000,0.15387247
48.00000000,1908.00000000,0.15390553
48.00000000,1909.00000000,0.15392144
48.00000000,1910.00000000,0.15392884
48.00000000,1911.00000000,0.15395645
48.00000000,1912.00000000,0.15398763
48.00000000,1913.00000000,0.15401357
48.00000000,1914.00000000,0.15402209
48.00000000,1915.00000000,0.15405222
48.00000000,1916.00000000,0.15407004
48.00000000,1917.00000000,0.15409689
48.00000000,1918.00000000,0.15411586
48.00000000,1919.00000000,0.15415222
48.00000000,1920.00000000,0.15422350
48.00000000,1921.00000000,0.15427165
48.00000000,1922.00000000,0.15423466
48.00000000,1923.00000000,0.15429881
48.00000000,1924.00000000,0.15431771
48.00000000,1925.00000000,0.15433658
48.00000000,1926.00000000,0.15434910
48.00000000,1927.00000000,0.15441369
48.00000000,1928.00000000,0.15452819
48.00000000,1929.00000000,0.15456367
48.00000000,1930.00000000,0.15462400
48.00000000,1931.00000000,0.15469816
48.00000000,1932.00000000,0.15472061
48.00000000,1933.00000000,0.15474105
48.00000000,1934.00000000,0.15477170
48.00000000,1935.00000000,0.15484487
48.00000000,1936.00000000,0.15499233
48.00000000,1937.00000000,0.15500601
48.00000000,1938.00000000,0.15513826
48.00000000,1939.00000000,0.15521553
48.00000000,1940.00000000,0.15523390
48.00000000,1941.00000000,0.15522610
48.00000000,1942.00000000,0.15528741
48.00000000,1943.00000000,0.15538949
48.00000000,1944.00000000,0.15544938
48.00000000,1945.00000000,0.15554290
48.00000000,1946.00000000,0.15565523
48.00000000,1947.00000000,0.15584136
48.00000000,1948.00000000,0.15596669
48.00000000,1949.00000000,0.15605460
48.00000000,1950.00000000,0.15612552
48.00000000,1951.00000000,0.15634914
48.00000000,1952.00000000,0.15638982
48.00000000,1953.00000000,0.15656196
48.00000000,1954.00000000,0.15675324
48.00000000,1955.00000000,0.15708052
48.00000000,1956.00000000,0.15694558
48.00000000,1957.00000000,0.15709443
48.00000000,1958.00000000,0.15723648
48.00000000,1959.00000000,0.15730539
48.00000000,1960.00000000,0.15747786
48.00000000,1961.00000000,0.15773380
48.00000000,1962.00000000,0.15733643
48.00000000,1963.00000000,0.15727299
48.00000000,1964.00000000,0.15751836
48.00000000,1965.00000000,0.15772374
48.00000000,1966.00000000,0.15762306
48.00000000,1967.00000000,0.15705969
48.00000000,1968.00000000,0.15755402
48.00000000,1969.00000000,0.15698814
48.00000000,1970.00000000,0.15712649
48.00000000,1971.00000000,0.15760295
48.00000000,1972.00000000,0.15752612
48.00000000,1973.00000000,0.15752251
48.00000000,1974.00000000,0.15749768
48.00000000,1975.00000000,0.15776386
48.00000000,1976.00000000,0.15771556
48.00000000,1977.00000000,0.15798542
48.00000000,1978.00000000,0.15754454
48.00000000,1979.00000000,0.15701670
48.00000000,1980.00000000,0.15657074
48.00000000,1981.00000000,0.15669879
48.00000000,1982.00000000,0.15697207
48.00000000,1983.00000000,0.15714684
48.00000000,1984.00000000,0.15753174
48.00000000,1985.00000000,0.15782442
48.00000000,1986.00000000,0.15752047
48.00000000,1987.00000000,0.15770058
48.00000000,1988.00000000,0.15811636
48.00000000,1989.00000000,0.15823660
48.00000000,1990.00000000,0.15824592
48.00000000,1991.00000000,0.15842455
48.00000000,1992.00000000,0.15837136
48.00000000,1993.00000000,0.15743879
48.00000000,1994.00000000,0.15774780
48.00000000,1995.00000000,0.15837426
48.00000000,1996.00000000,0.15868826
48.00000000,1997.00000000,0.15848377
48.00000000,1998.00000000,0.15935288
48.00000000,1999.00000000,0.15992585
48.00000000,2000.00000000,0.16005144
48.00000000,2001.00000000,0.16024976
48.00000000,2002.00000000,0.16036401
48.00000000,2003.00000000,0.16111235
48.00000000,2004.00000000,0.16168399
48.00000000,2005.00000000,0.16207524
48.00000000,2006.00000000,0.16232904
48.00000000,2007.00000000,0.16287129
48.00000000,2008.00000000,0.16333815
48.00000000,2009.00000000,0.16339926
48.00000000,2010.00000000,0.16382087
48.00000000,2011.00000000,0.16441090
48.00000000,2012.00000000,0.16504649
48.00000000,2013.00000000,0.16558383
48.00000000,2014.00000000,0.16621081
48.00000000,2015.00000000,0.16661256
48.00000000,2016.00000000,0.16729946
48.00000000,2017.00000000,0.16812419
48.00000000,2018.00000000,0.16920482
48.00000000,2019.00000000,0.16978723
48.00000000,2020.00000000,0.17041795
48.00000000,2021.00000000,0.17132080
48.00000000,2022.00000000,0.17129678
48.00000000,2023.00000000,0.17111607
48.00000000,2024.00000000,0.17213863
48.00000000,2025.00000000,0.17266374
48.00000000,2026.00000000,0.17290308
48.00000000,2027.00000000,0.17397434
48.00000000,2028.00000000,0.17367999
48.00000000,2029.00000000,0.17294496
48.00000000,2030.00000000,0.17270728
48.00000000,2031.00000000,0.17256713
48.00000000,2032.00000000,0.17322098
48.00000000,2033.00000000,0.17376851
48.00000000,2034.00000000,0.17436206
48.00000000,2035.00000000,0.17486063
48.00000000,2036.00000000,0.17562933
48.00000000,2037.00000000,0.17604961
48.00000000,2038.00000000,0.17618609
48.00000000,2039.00000000,0.17646431
48.00000000,2040.00000000,0.17590782
48.00000000,2041.00000000,0.17584209
48.00000000,2042.00000000,0.17622227
48.00000000,2043.00000000,0.17664759
48.00000000,2044.00000000,0.17710219
48.00000000,2045.00000000,0.17743813
48.00000000,2046.00000000,0.17721502
48.00000000,2047.00000000,0.17703840
48.00000000,2048.00000000,0.17759543
48.00000000,2049.00000000,0.17813073
48.00000000,2050.00000000,0.17823813
48.00000000,2051.00000000,0.17946846
48.00000000,2052.00000000,0.18088962
48.00000000,2053.00000000,0.18196518
48.00000000,2054.00000000,0.18261025
48.00000000,2055.00000000,0.18325484
48.00000000,2056.00000000,0.18389954
48.00000000,2057.00000000,0.18454309
48.00000000,2058.00000000,0.18518590
48.00000000,2059.00000000,0.18610279
48.00000000,2060.00000000,0.18701865
48.00000000,2061.00000000,0.18793370
48.00000000,2062.00000000,0.18884919
48.00000000,2063.00000000,0.18976640
48.00000000,2064.00000000,0.19068629
48.00000000,2065.00000000,0.19160943
48.00000000,2066.00000000,0.19253587
48.00000000,2067.00000000,0.19346601
48.00000000,2068.00000000,0.19439962
48.00000000,2069.00000000,0.19521628
48.00000000,2070.00000000,0.19603648
48.00000000,2071.00000000,0.19686035
48.00000000,2072.00000000,0.19768894
48.00000000,2073.00000000,0.19852331
48.00000000,2074.00000000,0.19936408
48.00000000,2075.00000000,0.20021158
48.00000000,2076.00000000,0.20106597
48.00000000,2077.00000000,0.20192718
48.00000000,2078.00000000,0.20279510
48.00000000,2079.00000000,0.20391794
48.00000000,2080.00000000,0.20504650
48.00000000,2081.00000000,0.20618093
48.00000000,2082.00000000,0.20732124
48.00000000,2083.00000000,0.20846776
48.00000000,2084.00000000,0.20962080
48.00000000,2085.00000000,0.21077984
48.00000000,2086.00000000,0.21194499
48.00000000,2087.00000000,0.21311577
48.00000000,2088.00000000,0.21429190
48.00000000,2089.00000000,0.21565291
48.00000000,2090.00000000,0.21701835
48.00000000,2091.00000000,0.21838784
48.00000000,2092.00000000,0.21976171
48.00000000,2093.00000000,0.22114030
48.00000000,2094.00000000,0.22252340
48.00000000,2095.00000000,0.22391107
48.00000000,2096.00000000,0.22530277
48.00000000,2097.00000000,0.22669832
48.00000000,2098.00000000,0.22809716
48.00000000,2099.00000000,0.22948859
48.00000000,2100.00000000,0.23088250
48.00000000,2101.00000000,0.23227848
48.00000000,2102.00000000,0.23367650
48.00000000,2103.00000000,0.23507704
48.00000000,2104.00000000,0.23647973
48.00000000,2105.00000000,0.23788439
48.00000000,2106.00000000,0.23929070
48.00000000,2107.00000000,0.24069807
48.00000000,2108.00000000,0.24210610
48.00000000,2109.00000000,0.24312352
48.00000000,2110.00000000,0.24414072
48.00000000,2111.00000000,0.24515739
48.00000000,2112.00000000,0.24617309
48.00000000,2113.00000000,0.24718755
48.00000000,2114.00000000,0.24820041
48.00000000,2115.00000000,0.24921146
48.00000000,2116.00000000,0.25022023
48.00000000,2117.00000000,0.25122654
48.00000000,2118.00000000,0.25223004
48.00000000,2119.00000000,0.25287916
48.00000000,2120.00000000,0.25352505
48.00000000,2121.00000000,0.25416742
48.00000000,2122.00000000,0.25480633
48.00000000,2123.00000000,0.25544157
48.00000000,2124.00000000,0.25607291
48.00000000,2125.00000000,0.25670041
48.00000000,2126.00000000,0.25732391
48.00000000,2127.00000000,0.25794321
48.00000000,2128.00000000,0.25855835
48.00000000,2129.00000000,0.25897395
48.00000000,2130.00000000,0.25938510
48.00000000,2131.00000000,0.25979199
48.00000000,2132.00000000,0.26019440
48.00000000,2133.00000000,0.26059246
48.00000000,2134.00000000,0.26098607
48.00000000,2135.00000000,0.26137514
48.00000000,2136.00000000,0.26175980
48.00000000,2137.00000000,0.26213997
48.00000000,2138.00000000,0.26251543
48.00000000,2139.00000000,0.26268638
48.00000000,2140.00000000,0.26285283
48.00000000,2141.00000000,0.26301479
48.00000000,2142.00000000,0.26317248
48.00000000,2143.00000000,0.26332587
48.00000000,2144.00000000,0.26347490
48.00000000,2145.00000000,0.26361980
48.00000000,2146.00000000,0.26376044
48.00000000,2147.00000000,0.26389704
48.00000000,2148.00000000,0.26402943
48.00000000,2149.00000000,0.26400538
48.00000000,2150.00000000,0.26397741
48.00000000,2151.00000000,0.26394711
48.00000000,2152.00000000,0.26391844
48.00000000,2153.00000000,0.26389547
48.00000000,2154.00000000,0.26388006
48.00000000,2155.00000000,0.26387307
48.00000000,2156.00000000,0.26387481
48.00000000,2157.00000000,0.26388526
48.00000000,2158.00000000,0.26390409
48.00000000,2159.00000000,0.26393088
48.00000000,2160.00000000,0.26396548
48.00000000,2161.00000000,0.26400737
48.00000000,2162.00000000,0.26405622
48.00000000,2163.00000000,0.26411154
48.00000000,2164.00000000,0.26417319
48.00000000,2165.00000000,0.26424068
48.00000000,2166.00000000,0.26431368
48.00000000,2167.00000000,0.26439197
48.00000000,2168.00000000,0.26447523
48.00000000,2169.00000000,0.26456308
48.00000000,2170.00000000,0.26465541
48.00000000,2171.00000000,0.26475177
48.00000000,2172.00000000,0.26485217
48.00000000,2173.00000000,0.26495627
48.00000000,2174.00000000,0.26506367
48.00000000,2175.00000000,0.26517441
48.00000000,2176.00000000,0.26528822
48.00000000,2177.00000000,0.26540484
48.00000000,2178.00000000,0.26552415
48.00000000,2179.00000000,0.26564591
48.00000000,2180.00000000,0.26576988
48.00000000,2181.00000000,0.26589607
48.00000000,2182.00000000,0.26602420
48.00000000,2183.00000000,0.26615419
48.00000000,2184.00000000,0.26628585
48.00000000,2185.00000000,0.26641893
48.00000000,2186.00000000,0.26655350
48.00000000,2187.00000000,0.26668933
48.00000000,2188.00000000,0.26682618
48.00000000,2189.00000000,0.26696414
48.00000000,2190.00000000,0.26710298
48.00000000,2191.00000000,0.26724257
48.00000000,2192.00000000,0.26738282
48.00000000,2193.00000000,0.26752359
48.00000000,2194.00000000,0.26766477
48.00000000,2195.00000000,0.26780625
48.00000000,2196.00000000,0.26794783
48.00000000,2197.00000000,0.26808952
48.00000000,2198.00000000,0.26823104
48.00000000,2199.00000000,0.26734727
48.00000000,2200.00000000,0.26646249
48.00000000,2201.00000000,0.26557672
48.00000000,2202.00000000,0.26469006
48.00000000,2203.00000000,0.26380269
48.00000000,2204.00000000,0.26291464
48.00000000,2205.00000000,0.26202593
48.00000000,2206.00000000,0.26113677
48.00000000,2207.00000000,0.26024713
48.00000000,2208.00000000,0.25935712
48.00000000,2209.00000000,0.25846682
48.00000000,2210.00000000,0.25757619
48.00000000,2211.00000000,0.25668548
48.00000000,2212.00000000,0.25579463
48.00000000,2213.00000000,0.25490366
48.00000000,2214.00000000,0.25401274
48.00000000,2215.00000000,0.25312186
48.00000000,2216.00000000,0.25223085
48.00000000,2217.00000000,0.25134015
48.00000000,2218.00000000,0.25044955
48.00000000,2219.00000000,0.24955920
48.00000000,2220.00000000,0.24866908
48.00000000,2221.00000000,0.24777921
48.00000000,2222.00000000,0.24688960
48.00000000,2223.00000000,0.24600035
48.00000000,2224.00000000,0.24511141
48.00000000,2225.00000000,0.24422295
48.00000000,2226.00000000,0.24333488
48.00000000,2227.00000000,0.24244724
48.00000000,2228.00000000,0.24156001
48.00000000,2229.00000000,0.24067328
48.00000000,2230.00000000,0.23978699
48.00000000,2231.00000000,0.23890129
48.00000000,2232.00000000,0.23801611
48.00000000,2233.00000000,0.23713141
48.00000000,2234.00000000,0.23624726
48.00000000,2235.00000000,0.23536362
48.00000000,2236.00000000,0.23448059
48.00000000,2237.00000000,0.23359820
48.00000000,2238.00000000,0.23271626
48.00000000,2239.00000000,0.23183495
48.00000000,2240.00000000,0.23095422
48.00000000,2241.00000000,0.23007406
48.00000000,2242.00000000,0.22919456
48.00000000,2243.00000000,0.22831555
48.00000000,2244.00000000,0.22743718
48.00000000,2245.00000000,0.22655939
48.00000000,2246.00000000,0.22568218
48.00000000,2247.00000000,0.22480554
48.00000000,2248.00000000,0.22392951
48.00000000,2249.00000000,0.22305370
48.00000000,2250.00000000,0.22217684
48.00000000,2251.00000000,0.22129597
48.00000000,2252.00000000,0.22040850
48.00000000,2253.00000000,0.21951314
48.00000000,2254.00000000,0.21860938
48.00000000,2255.00000000,0.21769703
48.00000000,2256.00000000,0.21677633
48.00000000,2257.00000000,0.21584734
48.00000000,2258.00000000,0.21491037
48.00000000,2259.00000000,0.21396560
48.00000000,2260.00000000,0.21301333
48.00000000,2261.00000000,0.21205399
48.00000000,2262.00000000,0.21108797
48.00000000,2263.00000000,0.21011574
48.00000000,2264.00000000,0.20913770
48.00000000,2265.00000000,0.20815407
48.00000000,2266.00000000,0.20716512
48.00000000,2267.00000000,0.20617121
48.00000000,2268.00000000,0.20517245
48.00000000,2269.00000000,0.20416917
48.00000000,2270.00000000,0.20316158
48.00000000,2271.00000000,0.20214983
48.00000000,2272.00000000,0.20113420
48.00000000,2273.00000000,0.20011489
48.00000000,2274.00000000,0.19909201
48.00000000,2275.00000000,0.19806584
48.00000000,2276.00000000,0.19703656
48.00000000,2277.00000000,0.19600427
48.00000000,2278.00000000,0.19496925
48.00000000,2279.00000000,0.19393159
48.00000000,2280.00000000,0.19289150
48.00000000,2281.00000000,0.19184914
48.00000000,2282.00000000,0.19080459
48.00000000,2283.00000000,0.18975807
48.00000000,2284.00000000,0.18870972
48.00000000,2285.00000000,0.18765961
48.00000000,2286.00000000,0.18660796
48.00000000,2287.00000000,0.18555483
48.00000000,2288.00000000,0.18450035
48.00000000,2289.00000000,0.18344470
48.00000000,2290.00000000,0.18238794
48.00000000,2291.00000000,0.18133020
48.00000000,2292.00000000,0.18027161
48.00000000,2293.00000000,0.17921224
48.00000000,2294.00000000,0.17815227
48.00000000,2295.00000000,0.17709181
48.00000000,2296.00000000,0.17603096
48.00000000,2297.00000000,0.17519774
48.00000000,2298.00000000,0.17503552
48.00000000,2299.00000000,0.17505681
48.00000000,2300.00000000,0.17507836
48.00000000,2301.00000000,0.17510017
48.00000000,2302.00000000,0.17512211
48.00000000,2303.00000000,0.17514429
48.00000000,2304.00000000,0.17519535
48.00000000,2305.00000000,0.17524662
48.00000000,2306.00000000,0.17529803
48.00000000,2307.00000000,0.17534958
48.00000000,2308.00000000,0.17540129
48.00000000,2309.00000000,0.17539624
48.00000000,2310.00000000,0.17539126
48.00000000,2311.00000000,0.17538643
48.00000000,2312.00000000,0.17538170
48.00000000,2313.00000000,0.17537702
48.00000000,2314.00000000,0.17537249
48.00000000,2315.00000000,0.17536803
48.00000000,2316.00000000,0.17536366
48.00000000,2317.00000000,0.17535941
48.00000000,2318.00000000,0.17535520
48.00000000,2319.00000000,0.17535113
48.00000000,2320.00000000,0.17534714
48.00000000,2321.00000000,0.17534319
48.00000000,2322.00000000,0.17533938
48.00000000,2323.00000000,0.17533563
48.00000000,2324.00000000,0.17532947
48.00000000,2325.00000000,0.17532342
48.00000000,2326.00000000,0.17531746
48.00000000,2327.00000000,0.17531151
48.00000000,2328.00000000,0.17530569
48.00000000,2329.00000000,0.17529989
48.00000000,2330.00000000,0.17529421
48.00000000,2331.00000000,0.17528860
48.00000000,2332.00000000,0.17528301
48.00000000,2333.00000000,0.17527753
48.00000000,2334.00000000,0.17527212
48.00000000,2335.00000000,0.17526674
48.00000000,2336.00000000,0.17526146
48.00000000,2337.00000000,0.17525624
48.00000000,2338.00000000,0.17525104
48.00000000,2339.00000000,0.17524594
48.00000000,2340.00000000,0.17524087
48.00000000,2341.00000000,0.17523589
48.00000000,2342.00000000,0.17523097
48.00000000,2343.00000000,0.17522606
48.00000000,2344.00000000,0.17522125
48.00000000,2345.00000000,0.17521649
48.00000000,2346.00000000,0.17521176
48.00000000,2347.00000000,0.17520712
48.00000000,2348.00000000,0.17520253
48.00000000,2349.00000000,0.17520343
48.00000000,2350.00000000,0.17520443
48.00000000,2351.00000000,0.17520548
48.00000000,2352.00000000,0.17520655
48.00000000,2353.00000000,0.17520772
48.00000000,2354.00000000,0.17520891
48.00000000,2355.00000000,0.17521019
48.00000000,2356.00000000,0.17521154
48.00000000,2357.00000000,0.17521289
48.00000000,2358.00000000,0.17521436
48.00000000,2359.00000000,0.17521586
48.00000000,2360.00000000,0.17521738
48.00000000,2361.00000000,0.17521899
48.00000000,2362.00000000,0.17522065
48.00000000,2363.00000000,0.17522233
48.00000000,2364.00000000,0.17522408
48.00000000,2365.00000000,0.17522585
48.00000000,2366.00000000,0.17522769
48.00000000,2367.00000000,0.17522960
48.00000000,2368.00000000,0.17523148
48.00000000,2369.00000000,0.17523347
48.00000000,2370.00000000,0.17523550
48.00000000,2371.00000000,0.17523751
48.00000000,2372.00000000,0.17523961
48.00000000,2373.00000000,0.17524174
48.00000000,2374.00000000,0.17524388
48.00000000,2375.00000000,0.17524609
48.00000000,2376.00000000,0.17524834
48.00000000,2377.00000000,0.17525056
48.00000000,2378.00000000,0.17525288
48.00000000,2379.00000000,0.17525519
48.00000000,2380.00000000,0.17525755
48.00000000,2381.00000000,0.17525996
48.00000000,2382.00000000,0.17526235
48.00000000,2383.00000000,0.17526482
48.00000000,2384.00000000,0.17526732
48.00000000,2385.00000000,0.17526979
48.00000000,2386.00000000,0.17527232
48.00000000,2387.00000000,0.17527490
48.00000000,2388.00000000,0.17527745
48.00000000,2389.00000000,0.17528007
48.00000000,2390.00000000,0.17528267
48.00000000,2391.00000000,0.17528534
48.00000000,2392.00000000,0.17528803
48.00000000,2393.00000000,0.17529069
48.00000000,2394.00000000,0.17529342
48.00000000,2395.00000000,0.17529619
48.00000000,2396.00000000,0.17529891
48.00000000,2397.00000000,0.17530170
48.00000000,2398.00000000,0.17530451
48.00000000,2399.00000000,0.17530572
48.00000000,2400.00000000,0.17530700
48.00000000,2401.00000000,0.17530829
48.00000000,2402.00000000,0.17530955
48.00000000,2403.00000000,0.17531090
48.00000000,2404.00000000,0.17531221
48.00000000,2405.00000000,0.17531360
48.00000000,2406.00000000,0.17531502
48.00000000,2407.00000000,0.17531641
48.00000000,2408.00000000,0.17531789
48.00000000,2409.00000000,0.17531937
48.00000000,2410.00000000,0.17532084
48.00000000,2411.00000000,0.17532237
48.00000000,2412.00000000,0.17532394
48.00000000,2413.00000000,0.17532547
48.00000000,2414.00000000,0.17532708
48.00000000,2415.00000000,0.17532865
48.00000000,2416.00000000,0.17533030
48.00000000,2417.00000000,0.17533196
48.00000000,2418.00000000,0.17533360
48.00000000,2419.00000000,0.17533530
48.00000000,2420.00000000,0.17533702
48.00000000,2421.00000000,0.17533871
48.00000000,2422.00000000,0.17534047
48.00000000,2423.00000000,0.17534223
48.00000000,2424.00000000,0.17534397
48.00000000,2425.00000000,0.17534577
48.00000000,2426.00000000,0.17534753
48.00000000,2427.00000000,0.17534937
48.00000000,2428.00000000,0.17535123
48.00000000,2429.00000000,0.17535302
48.00000000,2430.00000000,0.17535489
48.00000000,2431.00000000,0.17535679
48.00000000,2432.00000000,0.17535862
48.00000000,2433.00000000,0.17536054
48.00000000,2434.00000000,0.17536246
48.00000000,2435.00000000,0.17536433
48.00000000,2436.00000000,0.17536629
48.00000000,2437.00000000,0.17536824
48.00000000,2438.00000000,0.17537014
48.00000000,2439.00000000,0.17537212
48.00000000,2440.00000000,0.17537403
48.00000000,2441.00000000,0.17537604
48.00000000,2442.00000000,0.17537804
48.00000000,2443.00000000,0.17537997
48.00000000,2444.00000000,0.17538200
48.00000000,2445.00000000,0.17538403
48.00000000,2446.00000000,0.17538599
48.00000000,2447.00000000,0.17538803
48.00000000,2448.00000000,0.17539008
48.00000000,2449.00000000,0.17539041
48.00000000,2450.00000000,0.17539080
48.00000000,2451.00000000,0.17539113
48.00000000,2452.00000000,0.17539152
48.00000000,2453.00000000,0.17539193
48.00000000,2454.00000000,0.17539225
48.00000000,2455.00000000,0.17539265
48.00000000,2456.00000000,0.17539304
48.00000000,2457.00000000,0.17539335
48.00000000,2458.00000000,0.17539373
48.00000000,2459.00000000,0.17539410
48.00000000,2460.00000000,0.17539441
48.00000000,2461.00000000,0.17539479
48.00000000,2462.00000000,0.17539516
48.00000000,2463.00000000,0.17539545
48.00000000,2464.00000000,0.17539581
48.00000000,2465.00000000,0.17539608
48.00000000,2466.00000000,0.17539645
48.00000000,2467.00000000,0.17539680
48.00000000,2468.00000000,0.17539707
48.00000000,2469.00000000,0.17539742
48.00000000,2470.00000000,0.17539777
48.00000000,2471.00000000,0.17539804
48.00000000,2472.00000000,0.17539839
48.00000000,2473.00000000,0.17539872
48.00000000,2474.00000000,0.17539899
48.00000000,2475.00000000,0.17539933
48.00000000,2476.00000000,0.17539958
48.00000000,2477.00000000,0.17539992
48.00000000,2478.00000000,0.17540024
48.00000000,2479.00000000,0.17540049
48.00000000,2480.00000000,0.17540083
48.00000000,2481.00000000,0.17540116
48.00000000,2482.00000000,0.17540140
48.00000000,2483.00000000,0.17540174
48.00000000,2484.00000000,0.17540206
48.00000000,2485.00000000,0.17540230
48.00000000,2486.00000000,0.17540264
48.00000000,2487.00000000,0.17540287
48.00000000,2488.00000000,0.17540320
48.00000000,2489.00000000,0.17540353
48.00000000,2490.00000000,0.17540377
48.00000000,2491.00000000,0.17540410
48.00000000,2492.00000000,0.17540443
48.00000000,2493.00000000,0.17540468
48.00000000,2494.00000000,0.17540502
48.00000000,2495.00000000,0.17540535
48.00000000,2496.00000000,0.17540560
48.00000000,2497.00000000,0.17540593
48.00000000,2498.00000000,0.17540627
48.00000000,2499.00000000,0.17540763
48.00000000,2500.00000000,0.17540907
49.00000000,1765.00000000,0.14941057
49.00000000,1766.00000000,0.14941060
49.00000000,1767.00000000,0.14941055
49.00000000,1768.00000000,0.14941067
49.00000000,1769.00000000,0.14941097
49.00000000,1770.00000000,0.14941136
49.00000000,1771.00000000,0.14941186
49.00000000,1772.00000000,0.14941242
49.00000000,1773.00000000,0.14941310
49.00000000,1774.00000000,0.14941394
49.00000000,1775.00000000,0.14941493
49.00000000,1776.00000000,0.14941597
49.00000000,1777.00000000,0.14941726
49.00000000,1778.00000000,0.14941854
49.00000000,1779.00000000,0.14942006
49.00000000,1780.00000000,0.14942162
49.00000000,1781.00000000,0.14942333
49.00000000,1782.00000000,0.14942514
49.00000000,1783.00000000,0.14942701
49.00000000,1784.00000000,0.14942905
49.00000000,1785.00000000,0.14943126
49.00000000,1786.00000000,0.14943337
49.00000000,1787.00000000,0.14943575
49.00000000,1788.00000000,0.14943824
49.00000000,1789.00000000,0.14944072
49.00000000,1790.00000000,0.14944338
49.00000000,1791.00000000,0.14944604
49.00000000,1792.00000000,0.14944892
49.00000000,1793.00000000,0.14945181
49.00000000,1794.00000000,0.14945476
49.00000000,1795.00000000,0.14945782
49.00000000,1796.00000000,0.14946098
49.00000000,1797.00000000,0.14946425
49.00000000,1798.00000000,0.14946758
49.00000000,1799.00000000,0.14947099
49.00000000,1800.00000000,0.14947448
49.00000000,1801.00000000,0.14947813
49.00000000,1802.00000000,0.14948181
49.00000000,1803.00000000,0.14948557
49.00000000,1804.00000000,0.14948940
49.00000000,1805.00000000,0.14949333
49.00000000,1806.00000000,0.14949737
49.00000000,1807.00000000,0.14950152
49.00000000,1808.00000000,0.14950578
49.00000000,1809.00000000,0.14951014
49.00000000,1810.00000000,0.14951467
49.00000000,1811.00000000,0.14951931
49.00000000,1812.00000000,0.14952405
49.00000000,1813.00000000,0.14952900
49.00000000,1814.00000000,0.14953403
49.00000000,1815.00000000,0.14955141
49.00000000,1816.00000000,0.14955677
49.00000000,1817.00000000,0.14956227
49.00000000,1818.00000000,0.14956790
49.00000000,1819.00000000,0.14957366
49.00000000,1820.00000000,0.14958364
49.00000000,1821.00000000,0.14958967
49.00000000,1822.00000000,0.14959588
49.00000000,1823.00000000,0.14960213
49.00000000,1824.00000000,0.14960858
49.00000000,1825.00000000,0.14961508
49.00000000,1826.00000000,0.14962171
49.00000000,1827.00000000,0.14962842
49.00000000,1828.00000000,0.14963524
49.00000000,1829.00000000,0.14964215
49.00000000,1830.00000000,0.14965322
49.00000000,1831.00000000,0.14966028
49.00000000,1832.00000000,0.14966734
49.00000000,1833.00000000,0.14967458
49.00000000,1834.00000000,0.14968177
49.00000000,1835.00000000,0.14968911
49.00000000,1836.00000000,0.14969647
49.00000000,1837.00000000,0.14970388
49.00000000,1838.00000000,0.14971133
49.00000000,1839.00000000,0.14971883
49.00000000,1840.00000000,0.14973044
49.00000000,1841.00000000,0.14973801
49.00000000,1842.00000000,0.14974564
49.00000000,1843.00000000,0.14975328
49.00000000,1844.00000000,0.14976099
49.00000000,1845.00000000,0.14976868
49.00000000,1846.00000000,0.14978052
49.00000000,1847.00000000,0.14978825
49.00000000,1848.00000000,0.14979600
49.00000000,1849.00000000,0.14980781
49.00000000,1850.00000000,0.14981563
49.00000000,1851.00000000,0.14983149
49.00000000,1852.00000000,0.14983515
49.00000000,1853.00000000,0.14984328
49.00000000,1854.00000000,0.14985159
49.00000000,1855.00000000,0.14986394
49.00000000,1856.00000000,0.14987201
49.00000000,1857.00000000,0.14988000
49.00000000,1858.00000000,0.14988789
49.00000000,1859.00000000,0.14989574
49.00000000,1860.00000000,0.14990763
49.00000000,1861.00000000,0.14991542
49.00000000,1862.00000000,0.14992293
49.00000000,1863.00000000,0.14992976
49.00000000,1864.00000000,0.14994015
49.00000000,1865.00000000,0.14995028
49.00000000,1866.00000000,0.14996002
49.00000000,1867.00000000,0.14996540
49.00000000,1868.00000000,0.14997058
49.00000000,1869.00000000,0.14997552
49.00000000,1870.00000000,0.14998026
49.00000000,1871.00000000,0.14998885
49.00000000,1872.00000000,0.14999771
49.00000000,1873.00000000,0.15000326
49.00000000,1874.00000000,0.15001329
49.00000000,1875.00000000,0.15001943
49.00000000,1876.00000000,0.15002985
49.00000000,1877.00000000,0.15003631
49.00000000,1878.00000000,0.15004287
49.00000000,1879.00000000,0.15007407
49.00000000,1880.00000000,0.15007683
49.00000000,1881.00000000,0.15008353
49.00000000,1882.00000000,0.15009421
49.00000000,1883.00000000,0.15010021
49.00000000,1884.00000000,0.15010975
49.00000000,1885.00000000,0.15013129
49.00000000,1886.00000000,0.15013633
49.00000000,1887.00000000,0.15014540
49.00000000,1888.00000000,0.15015428
49.00000000,1889.00000000,0.15016697
49.00000000,1890.00000000,0.15017515
49.00000000,1891.00000000,0.15018711
49.00000000,1892.00000000,0.15019453
49.00000000,1893.00000000,0.15020599
49.00000000,1894.00000000,0.15022563
49.00000000,1895.00000000,0.15022919
49.00000000,1896.00000000,0.15024502
49.00000000,1897.00000000,0.15025270
49.00000000,1898.00000000,0.15026828
49.00000000,1899.00000000,0.15028774
49.00000000,1900.00000000,0.15029031
49.00000000,1901.00000000,0.15030465
49.00000000,1902.00000000,0.15031495
49.00000000,1903.00000000,0.15035757
49.00000000,1904.00000000,0.15036750
49.00000000,1905.00000000,0.15038953
49.00000000,1906.00000000,0.15039511
49.00000000,1907.00000000,0.15040036
49.00000000,1908.00000000,0.15042131
49.00000000,1909.00000000,0.15045397
49.00000000,1910.00000000,0.15047013
49.00000000,1911.00000000,0.15047769
49.00000000,1912.00000000,0.15050471
49.00000000,1913.00000000,0.15053489
49.00000000,1914.00000000,0.15056007
49.00000000,1915.00000000,0.15056887
49.00000000,1916.00000000,0.15059980
49.00000000,1917.00000000,0.15061838
49.00000000,1918.00000000,0.15064552
49.00000000,1919.00000000,0.15066518
49.00000000,1920.00000000,0.15070293
49.00000000,1921.00000000,0.15077514
49.00000000,1922.00000000,0.15082495
49.00000000,1923.00000000,0.15079058
49.00000000,1924.00000000,0.15085467
49.00000000,1925.00000000,0.15087369
49.00000000,1926.00000000,0.15089275
49.00000000,1927.00000000,0.15090576
49.00000000,1928.00000000,0.15096994
49.00000000,1929.00000000,0.15108298
49.00000000,1930.00000000,0.15111849
49.00000000,1931.00000000,0.15117986
49.00000000,1932.00000000,0.15125565
49.00000000,1933.00000000,0.15128048
49.00000000,1934.00000000,0.15130301
49.00000000,1935.00000000,0.15133451
49.00000000,1936.00000000,0.15140670
49.00000000,1937.00000000,0.15155117
49.00000000,1938.00000000,0.15156327
49.00000000,1939.00000000,0.15169279
49.00000000,1940.00000000,0.15176848
49.00000000,1941.00000000,0.15178573
49.00000000,1942.00000000,0.15177693
49.00000000,1943.00000000,0.15183686
49.00000000,1944.00000000,0.15193708
49.00000000,1945.00000000,0.15199675
49.00000000,1946.00000000,0.15209133
49.00000000,1947.00000000,0.15220548
49.00000000,1948.00000000,0.15239035
49.00000000,1949.00000000,0.15251418
49.00000000,1950.00000000,0.15260092
49.00000000,1951.00000000,0.15267068
49.00000000,1952.00000000,0.15289118
49.00000000,1953.00000000,0.15293096
49.00000000,1954.00000000,0.15310010
49.00000000,1955.00000000,0.15328895
49.00000000,1956.00000000,0.15361111
49.00000000,1957.00000000,0.15347791
49.00000000,1958.00000000,0.15362375
49.00000000,1959.00000000,0.15376309
49.00000000,1960.00000000,0.15382895
49.00000000,1961.00000000,0.15399738
49.00000000,1962.00000000,0.15424915
49.00000000,1963.00000000,0.15385834
49.00000000,1964.00000000,0.15379567
49.00000000,1965.00000000,0.15403633
49.00000000,1966.00000000,0.15423736
49.00000000,1967.00000000,0.15413748
49.00000000,1968.00000000,0.15358207
49.00000000,1969.00000000,0.15406664
49.00000000,1970.00000000,0.15350758
49.00000000,1971.00000000,0.15364003
49.00000000,1972.00000000,0.15410405
49.00000000,1973.00000000,0.15402490
49.00000000,1974.00000000,0.15401861
49.00000000,1975.00000000,0.15399358
49.00000000,1976.00000000,0.15425695
49.00000000,1977.00000000,0.15421191
49.00000000,1978.00000000,0.15447896
49.00000000,1979.00000000,0.15404689
49.00000000,1980.00000000,0.15352870
49.00000000,1981.00000000,0.15309246
49.00000000,1982.00000000,0.15322465
49.00000000,1983.00000000,0.15350334
49.00000000,1984.00000000,0.15368489
49.00000000,1985.00000000,0.15407162
49.00000000,1986.00000000,0.15436515
49.00000000,1987.00000000,0.15407018
49.00000000,1988.00000000,0.15425016
49.00000000,1989.00000000,0.15466115
49.00000000,1990.00000000,0.15478105
49.00000000,1991.00000000,0.15479252
49.00000000,1992.00000000,0.15497201
49.00000000,1993.00000000,0.15492433
49.00000000,1994.00000000,0.15401286
49.00000000,1995.00000000,0.15432250
49.00000000,1996.00000000,0.15494319
49.00000000,1997.00000000,0.15525529
49.00000000,1998.00000000,0.15505692
49.00000000,1999.00000000,0.15591598
49.00000000,2000.00000000,0.15648442
49.00000000,2001.00000000,0.15661197
49.00000000,2002.00000000,0.15681025
49.00000000,2003.00000000,0.15692610
49.00000000,2004.00000000,0.15766328
49.00000000,2005.00000000,0.15822339
49.00000000,2006.00000000,0.15860388
49.00000000,2007.00000000,0.15884918
49.00000000,2008.00000000,0.15937924
49.00000000,2009.00000000,0.15983591
49.00000000,2010.00000000,0.15989424
49.00000000,2011.00000000,0.16030760
49.00000000,2012.00000000,0.16088675
49.00000000,2013.00000000,0.16151041
49.00000000,2014.00000000,0.16203723
49.00000000,2015.00000000,0.16265225
49.00000000,2016.00000000,0.16304590
49.00000000,2017.00000000,0.16372016
49.00000000,2018.00000000,0.16453024
49.00000000,2019.00000000,0.16559222
49.00000000,2020.00000000,0.16616459
49.00000000,2021.00000000,0.16678484
49.00000000,2022.00000000,0.16767316
49.00000000,2023.00000000,0.16765092
49.00000000,2024.00000000,0.16747507
49.00000000,2025.00000000,0.16848291
49.00000000,2026.00000000,0.16900190
49.00000000,2027.00000000,0.16924031
49.00000000,2028.00000000,0.17029682
49.00000000,2029.00000000,0.17001098
49.00000000,2030.00000000,0.16929204
49.00000000,2031.00000000,0.16906208
49.00000000,2032.00000000,0.16892768
49.00000000,2033.00000000,0.16957327
49.00000000,2034.00000000,0.17011394
49.00000000,2035.00000000,0.17069964
49.00000000,2036.00000000,0.17119191
49.00000000,2037.00000000,0.17194973
49.00000000,2038.00000000,0.17236512
49.00000000,2039.00000000,0.17250166
49.00000000,2040.00000000,0.17277766
49.00000000,2041.00000000,0.17223321
49.00000000,2042.00000000,0.17217084
49.00000000,2043.00000000,0.17254641
49.00000000,2044.00000000,0.17296610
49.00000000,2045.00000000,0.17341450
49.00000000,2046.00000000,0.17374631
49.00000000,2047.00000000,0.17352875
49.00000000,2048.00000000,0.17335708
49.00000000,2049.00000000,0.17390666
49.00000000,2050.00000000,0.17443511
49.00000000,2051.00000000,0.17454325
49.00000000,2052.00000000,0.17575525
49.00000000,2053.00000000,0.17715503
49.00000000,2054.00000000,0.17821539
49.00000000,2055.00000000,0.17885289
49.00000000,2056.00000000,0.17949013
49.00000000,2057.00000000,0.18012766
49.00000000,2058.00000000,0.18076424
49.00000000,2059.00000000,0.18140025
49.00000000,2060.00000000,0.18230576
49.00000000,2061.00000000,0.18321070
49.00000000,2062.00000000,0.18411616
49.00000000,2063.00000000,0.18502345
49.00000000,2064.00000000,0.18593344
49.00000000,2065.00000000,0.18684669
49.00000000,2066.00000000,0.18776343
49.00000000,2067.00000000,0.18868369
49.00000000,2068.00000000,0.18960756
49.00000000,2069.00000000,0.19053487
49.00000000,2070.00000000,0.19134709
49.00000000,2071.00000000,0.19216312
49.00000000,2072.00000000,0.19298350
49.00000000,2073.00000000,0.19380974
49.00000000,2074.00000000,0.19464216
49.00000000,2075.00000000,0.19548118
49.00000000,2076.00000000,0.19632689
49.00000000,2077.00000000,0.19717927
49.00000000,2078.00000000,0.19803817
49.00000000,2079.00000000,0.19890343
49.00000000,2080.00000000,0.20001900
49.00000000,2081.00000000,0.20114017
49.00000000,2082.00000000,0.20226738
49.00000000,2083.00000000,0.20340091
49.00000000,2084.00000000,0.20454057
49.00000000,2085.00000000,0.20568671
49.00000000,2086.00000000,0.20683862
49.00000000,2087.00000000,0.20799634
49.00000000,2088.00000000,0.20915942
49.00000000,2089.00000000,0.21032743
49.00000000,2090.00000000,0.21167714
49.00000000,2091.00000000,0.21303103
49.00000000,2092.00000000,0.21438944
49.00000000,2093.00000000,0.21575262
49.00000000,2094.00000000,0.21712067
49.00000000,2095.00000000,0.21849330
49.00000000,2096.00000000,0.21987031
49.00000000,2097.00000000,0.22125125
49.00000000,2098.00000000,0.22263566
49.00000000,2099.00000000,0.22402316
49.00000000,2100.00000000,0.22540327
49.00000000,2101.00000000,0.22678572
49.00000000,2102.00000000,0.22817071
49.00000000,2103.00000000,0.22955821
49.00000000,2104.00000000,0.23094835
49.00000000,2105.00000000,0.23234077
49.00000000,2106.00000000,0.23373491
49.00000000,2107.00000000,0.23513071
49.00000000,2108.00000000,0.23652749
49.00000000,2109.00000000,0.23792459
49.00000000,2110.00000000,0.23893744
49.00000000,2111.00000000,0.23994973
49.00000000,2112.00000000,0.24096146
49.00000000,2113.00000000,0.24197216
49.00000000,2114.00000000,0.24298135
49.00000000,2115.00000000,0.24398905
49.00000000,2116.00000000,0.24499473
49.00000000,2117.00000000,0.24599817
49.00000000,2118.00000000,0.24699907
49.00000000,2119.00000000,0.24799707
49.00000000,2120.00000000,0.24864633
49.00000000,2121.00000000,0.24929231
49.00000000,2122.00000000,0.24993471
49.00000000,2123.00000000,0.25057369
49.00000000,2124.00000000,0.25120892
49.00000000,2125.00000000,0.25184039
49.00000000,2126.00000000,0.25246801
49.00000000,2127.00000000,0.25309160
49.00000000,2128.00000000,0.25371116
49.00000000,2129.00000000,0.25432654
49.00000000,2130.00000000,0.25474539
49.00000000,2131.00000000,0.25515997
49.00000000,2132.00000000,0.25557021
49.00000000,2133.00000000,0.25597611
49.00000000,2134.00000000,0.25637767
49.00000000,2135.00000000,0.25677478
49.00000000,2136.00000000,0.25716750
49.00000000,2137.00000000,0.25755582
49.00000000,2138.00000000,0.25793964
49.00000000,2139.00000000,0.25831894
49.00000000,2140.00000000,0.25849677
49.00000000,2141.00000000,0.25867010
49.00000000,2142.00000000,0.25883910
49.00000000,2143.00000000,0.25900382
49.00000000,2144.00000000,0.25916423
49.00000000,2145.00000000,0.25932045
49.00000000,2146.00000000,0.25947251
49.00000000,2147.00000000,0.25962038
49.00000000,2148.00000000,0.25976424
49.00000000,2149.00000000,0.25990395
49.00000000,2150.00000000,0.25988954
49.00000000,2151.00000000,0.25987268
49.00000000,2152.00000000,0.25985742
49.00000000,2153.00000000,0.25984748
49.00000000,2154.00000000,0.25984503
49.00000000,2155.00000000,0.25985076
49.00000000,2156.00000000,0.25986490
49.00000000,2157.00000000,0.25988752
49.00000000,2158.00000000,0.25991824
49.00000000,2159.00000000,0.25995693
49.00000000,2160.00000000,0.26000309
49.00000000,2161.00000000,0.26005630
49.00000000,2162.00000000,0.26011631
49.00000000,2163.00000000,0.26018277
49.00000000,2164.00000000,0.26025514
49.00000000,2165.00000000,0.26033337
49.00000000,2166.00000000,0.26041696
49.00000000,2167.00000000,0.26050565
49.00000000,2168.00000000,0.26059906
49.00000000,2169.00000000,0.26069715
49.00000000,2170.00000000,0.26079949
49.00000000,2171.00000000,0.26090586
49.00000000,2172.00000000,0.26101594
49.00000000,2173.00000000,0.26112968
49.00000000,2174.00000000,0.26124681
49.00000000,2175.00000000,0.26136695
49.00000000,2176.00000000,0.26149014
49.00000000,2177.00000000,0.26161611
49.00000000,2178.00000000,0.26174457
49.00000000,2179.00000000,0.26187553
49.00000000,2180.00000000,0.26200871
49.00000000,2181.00000000,0.26214387
49.00000000,2182.00000000,0.26228105
49.00000000,2183.00000000,0.26241999
49.00000000,2184.00000000,0.26256057
49.00000000,2185.00000000,0.26270263
49.00000000,2186.00000000,0.26284599
49.00000000,2187.00000000,0.26299062
49.00000000,2188.00000000,0.26313636
49.00000000,2189.00000000,0.26328299
49.00000000,2190.00000000,0.26343057
49.00000000,2191.00000000,0.26357889
49.00000000,2192.00000000,0.26372775
49.00000000,2193.00000000,0.26387731
49.00000000,2194.00000000,0.26402712
49.00000000,2195.00000000,0.26417732
49.00000000,2196.00000000,0.26432772
49.00000000,2197.00000000,0.26447814
49.00000000,2198.00000000,0.26462855
49.00000000,2199.00000000,0.26477870
49.00000000,2200.00000000,0.26391623
49.00000000,2201.00000000,0.26305265
49.00000000,2202.00000000,0.26218797
49.00000000,2203.00000000,0.26132218
49.00000000,2204.00000000,0.26045555
49.00000000,2205.00000000,0.25958814
49.00000000,2206.00000000,0.25871992
49.00000000,2207.00000000,0.25785107
49.00000000,2208.00000000,0.25698157
49.00000000,2209.00000000,0.25611164
49.00000000,2210.00000000,0.25524119
49.00000000,2211.00000000,0.25437028
49.00000000,2212.00000000,0.25349917
49.00000000,2213.00000000,0.25262779
49.00000000,2214.00000000,0.25175614
49.00000000,2215.00000000,0.25088438
49.00000000,2216.00000000,0.25001254
49.00000000,2217.00000000,0.24914043
49.00000000,2218.00000000,0.24826846
49.00000000,2219.00000000,0.24739648
49.00000000,2220.00000000,0.24652460
49.00000000,2221.00000000,0.24565282
49.00000000,2222.00000000,0.24478114
49.00000000,2223.00000000,0.24390960
49.00000000,2224.00000000,0.24303830
49.00000000,2225.00000000,0.24216717
49.00000000,2226.00000000,0.24129638
49.00000000,2227.00000000,0.24042585
49.00000000,2228.00000000,0.23955560
49.00000000,2229.00000000,0.23868566
49.00000000,2230.00000000,0.23781609
49.00000000,2231.00000000,0.23694686
49.00000000,2232.00000000,0.23607810
49.00000000,2233.00000000,0.23520962
49.00000000,2234.00000000,0.23434155
49.00000000,2235.00000000,0.23347393
49.00000000,2236.00000000,0.23260673
49.00000000,2237.00000000,0.23174004
49.00000000,2238.00000000,0.23087374
49.00000000,2239.00000000,0.23000785
49.00000000,2240.00000000,0.22914247
49.00000000,2241.00000000,0.22827759
49.00000000,2242.00000000,0.22741315
49.00000000,2243.00000000,0.22654916
49.00000000,2244.00000000,0.22568562
49.00000000,2245.00000000,0.22482262
49.00000000,2246.00000000,0.22396012
49.00000000,2247.00000000,0.22309798
49.00000000,2248.00000000,0.22223638
49.00000000,2249.00000000,0.22137500
49.00000000,2250.00000000,0.22051233
49.00000000,2251.00000000,0.21964565
49.00000000,2252.00000000,0.21877238
49.00000000,2253.00000000,0.21789111
49.00000000,2254.00000000,0.21700141
49.00000000,2255.00000000,0.21610319
49.00000000,2256.00000000,0.21519648
49.00000000,2257.00000000,0.21428155
49.00000000,2258.00000000,0.21335850
49.00000000,2259.00000000,0.21242770
49.00000000,2260.00000000,0.21148940
49.00000000,2261.00000000,0.21054391
49.00000000,2262.00000000,0.20959176
49.00000000,2263.00000000,0.20863337
49.00000000,2264.00000000,0.20766906
49.00000000,2265.00000000,0.20669918
49.00000000,2266.00000000,0.20572398
49.00000000,2267.00000000,0.20474365
49.00000000,2268.00000000,0.20375853
49.00000000,2269.00000000,0.20276877
49.00000000,2270.00000000,0.20177468
49.00000000,2271.00000000,0.20077641
49.00000000,2272.00000000,0.19977415
49.00000000,2273.00000000,0.19876818
49.00000000,2274.00000000,0.19775862
49.00000000,2275.00000000,0.19674567
49.00000000,2276.00000000,0.19572955
49.00000000,2277.00000000,0.19471041
49.00000000,2278.00000000,0.19368843
49.00000000,2279.00000000,0.19266378
49.00000000,2280.00000000,0.19163660
49.00000000,2281.00000000,0.19060712
49.00000000,2282.00000000,0.18957541
49.00000000,2283.00000000,0.18854164
49.00000000,2284.00000000,0.18750596
49.00000000,2285.00000000,0.18646851
49.00000000,2286.00000000,0.18542937
49.00000000,2287.00000000,0.18438873
49.00000000,2288.00000000,0.18334671
49.00000000,2289.00000000,0.18230336
49.00000000,2290.00000000,0.18125890
49.00000000,2291.00000000,0.18021338
49.00000000,2292.00000000,0.17916691
49.00000000,2293.00000000,0.17811962
49.00000000,2294.00000000,0.17707158
49.00000000,2295.00000000,0.17602299
49.00000000,2296.00000000,0.17497392
49.00000000,2297.00000000,0.17392448
49.00000000,2298.00000000,0.17310007
49.00000000,2299.00000000,0.17293890
49.00000000,2300.00000000,0.17295912
49.00000000,2301.00000000,0.17297962
49.00000000,2302.00000000,0.17300035
49.00000000,2303.00000000,0.17302121
49.00000000,2304.00000000,0.17304232
49.00000000,2305.00000000,0.17309197
49.00000000,2306.00000000,0.17314185
49.00000000,2307.00000000,0.17319187
49.00000000,2308.00000000,0.17324204
49.00000000,2309.00000000,0.17329235
49.00000000,2310.00000000,0.17328659
49.00000000,2311.00000000,0.17328091
49.00000000,2312.00000000,0.17327538
49.00000000,2313.00000000,0.17326995
49.00000000,2314.00000000,0.17326459
49.00000000,2315.00000000,0.17325938
49.00000000,2316.00000000,0.17325426
49.00000000,2317.00000000,0.17324921
49.00000000,2318.00000000,0.17324430
49.00000000,2319.00000000,0.17323943
49.00000000,2320.00000000,0.17323471
49.00000000,2321.00000000,0.17323008
49.00000000,2322.00000000,0.17322549
49.00000000,2323.00000000,0.17322104
49.00000000,2324.00000000,0.17321667
49.00000000,2325.00000000,0.17320991
49.00000000,2326.00000000,0.17320327
49.00000000,2327.00000000,0.17319673
49.00000000,2328.00000000,0.17319019
49.00000000,2329.00000000,0.17318380
49.00000000,2330.00000000,0.17317744
49.00000000,2331.00000000,0.17317119
49.00000000,2332.00000000,0.17316501
49.00000000,2333.00000000,0.17315887
49.00000000,2334.00000000,0.17315283
49.00000000,2335.00000000,0.17314687
49.00000000,2336.00000000,0.17314092
49.00000000,2337.00000000,0.17313509
49.00000000,2338.00000000,0.17312934
49.00000000,2339.00000000,0.17312360
49.00000000,2340.00000000,0.17311797
49.00000000,2341.00000000,0.17311235
49.00000000,2342.00000000,0.17310683
49.00000000,2343.00000000,0.17310140
49.00000000,2344.00000000,0.17309596
49.00000000,2345.00000000,0.17309063
49.00000000,2346.00000000,0.17308535
49.00000000,2347.00000000,0.17308010
49.00000000,2348.00000000,0.17307494
49.00000000,2349.00000000,0.17306984
49.00000000,2350.00000000,0.17307017
49.00000000,2351.00000000,0.17307059
49.00000000,2352.00000000,0.17307107
49.00000000,2353.00000000,0.17307159
49.00000000,2354.00000000,0.17307220
49.00000000,2355.00000000,0.17307283
49.00000000,2356.00000000,0.17307356
49.00000000,2357.00000000,0.17307435
49.00000000,2358.00000000,0.17307517
49.00000000,2359.00000000,0.17307607
49.00000000,2360.00000000,0.17307702
49.00000000,2361.00000000,0.17307800
49.00000000,2362.00000000,0.17307906
49.00000000,2363.00000000,0.17308019
49.00000000,2364.00000000,0.17308131
49.00000000,2365.00000000,0.17308253
49.00000000,2366.00000000,0.17308374
49.00000000,2367.00000000,0.17308506
49.00000000,2368.00000000,0.17308641
49.00000000,2369.00000000,0.17308777
49.00000000,2370.00000000,0.17308922
49.00000000,2371.00000000,0.17309069
49.00000000,2372.00000000,0.17309218
49.00000000,2373.00000000,0.17309375
49.00000000,2374.00000000,0.17309534
49.00000000,2375.00000000,0.17309694
49.00000000,2376.00000000,0.17309862
49.00000000,2377.00000000,0.17310032
49.00000000,2378.00000000,0.17310203
49.00000000,2379.00000000,0.17310381
49.00000000,2380.00000000,0.17310558
49.00000000,2381.00000000,0.17310742
49.00000000,2382.00000000,0.17310929
49.00000000,2383.00000000,0.17311115
49.00000000,2384.00000000,0.17311309
49.00000000,2385.00000000,0.17311506
49.00000000,2386.00000000,0.17311700
49.00000000,2387.00000000,0.17311902
49.00000000,2388.00000000,0.17312107
49.00000000,2389.00000000,0.17312309
49.00000000,2390.00000000,0.17312519
49.00000000,2391.00000000,0.17312725
49.00000000,2392.00000000,0.17312940
49.00000000,2393.00000000,0.17313156
49.00000000,2394.00000000,0.17313370
49.00000000,2395.00000000,0.17313590
49.00000000,2396.00000000,0.17313813
49.00000000,2397.00000000,0.17314032
49.00000000,2398.00000000,0.17314260
49.00000000,2399.00000000,0.17314488
49.00000000,2400.00000000,0.17314559
49.00000000,2401.00000000,0.17314635
49.00000000,2402.00000000,0.17314716
49.00000000,2403.00000000,0.17314792
49.00000000,2404.00000000,0.17314876
49.00000000,2405.00000000,0.17314959
49.00000000,2406.00000000,0.17315048
49.00000000,2407.00000000,0.17315141
49.00000000,2408.00000000,0.17315230
49.00000000,2409.00000000,0.17315328
49.00000000,2410.00000000,0.17315429
49.00000000,2411.00000000,0.17315525
49.00000000,2412.00000000,0.17315629
49.00000000,2413.00000000,0.17315736
49.00000000,2414.00000000,0.17315839
49.00000000,2415.00000000,0.17315950
49.00000000,2416.00000000,0.17316058
49.00000000,2417.00000000,0.17316173
49.00000000,2418.00000000,0.17316290
49.00000000,2419.00000000,0.17316402
49.00000000,2420.00000000,0.17316524
49.00000000,2421.00000000,0.17316646
49.00000000,2422.00000000,0.17316764
49.00000000,2423.00000000,0.17316890
49.00000000,2424.00000000,0.17317017
49.00000000,2425.00000000,0.17317140
49.00000000,2426.00000000,0.17317271
49.00000000,2427.00000000,0.17317397
49.00000000,2428.00000000,0.17317529
49.00000000,2429.00000000,0.17317665
49.00000000,2430.00000000,0.17317794
49.00000000,2431.00000000,0.17317932
49.00000000,2432.00000000,0.17318071
49.00000000,2433.00000000,0.17318203
49.00000000,2434.00000000,0.17318344
49.00000000,2435.00000000,0.17318486
49.00000000,2436.00000000,0.17318622
49.00000000,2437.00000000,0.17318767
49.00000000,2438.00000000,0.17318912
49.00000000,2439.00000000,0.17319050
49.00000000,2440.00000000,0.17319198
49.00000000,2441.00000000,0.17319340
49.00000000,2442.00000000,0.17319488
49.00000000,2443.00000000,0.17319638
49.00000000,2444.00000000,0.17319781
49.00000000,2445.00000000,0.17319933
49.00000000,2446.00000000,0.17320084
49.00000000,2447.00000000,0.17320229
49.00000000,2448.00000000,0.17320382
49.00000000,2449.00000000,0.17320536
49.00000000,2450.00000000,0.17320519
49.00000000,2451.00000000,0.17320509
49.00000000,2452.00000000,0.17320492
49.00000000,2453.00000000,0.17320483
49.00000000,2454.00000000,0.17320472
49.00000000,2455.00000000,0.17320453
49.00000000,2456.00000000,0.17320443
49.00000000,2457.00000000,0.17320432
49.00000000,2458.00000000,0.17320413
49.00000000,2459.00000000,0.17320401
49.00000000,2460.00000000,0.17320389
49.00000000,2461.00000000,0.17320369
49.00000000,2462.00000000,0.17320355
49.00000000,2463.00000000,0.17320342
49.00000000,2464.00000000,0.17320321
49.00000000,2465.00000000,0.17320307
49.00000000,2466.00000000,0.17320283
49.00000000,2467.00000000,0.17320270
49.00000000,2468.00000000,0.17320256
49.00000000,2469.00000000,0.17320232
49.00000000,2470.00000000,0.17320216
49.00000000,2471.00000000,0.17320200
49.00000000,2472.00000000,0.17320176
49.00000000,2473.00000000,0.17320161
49.00000000,2474.00000000,0.17320145
49.00000000,2475.00000000,0.17320119
49.00000000,2476.00000000,0.17320103
49.00000000,2477.00000000,0.17320077
49.00000000,2478.00000000,0.17320060
49.00000000,2479.00000000,0.17320043
49.00000000,2480.00000000,0.17320016
49.00000000,2481.00000000,0.17319999
49.00000000,2482.00000000,0.17319981
49.00000000,2483.00000000,0.17319955
49.00000000,2484.00000000,0.17319937
49.00000000,2485.00000000,0.17319919
49.00000000,2486.00000000,0.17319891
49.00000000,2487.00000000,0.17319874
49.00000000,2488.00000000,0.17319845
49.00000000,2489.00000000,0.17319829
49.00000000,2490.00000000,0.17319810
49.00000000,2491.00000000,0.17319783
49.00000000,2492.00000000,0.17319764
49.00000000,2493.00000000,0.17319746
49.00000000,2494.00000000,0.17319719
49.00000000,2495.00000000,0.17319701
49.00000000,2496.00000000,0.17319684
49.00000000,2497.00000000,0.17319656
49.00000000,2498.00000000,0.17319639
49.00000000,2499.00000000,0.17319622
49.00000000,2500.00000000,0.17319704
50.00000000,1765.00000000,0.14613892
50.00000000,1766.00000000,0.14613891
50.00000000,1767.00000000,0.14613899
50.00000000,1768.00000000,0.14613903
50.00000000,1769.00000000,0.14613925
50.00000000,1770.00000000,0.14613968
50.00000000,1771.00000000,0.14614022
50.00000000,1772.00000000,0.14614086
50.00000000,1773.00000000,0.14614156
50.00000000,1774.00000000,0.14614241
50.00000000,1775.00000000,0.14614341
50.00000000,1776.00000000,0.14614457
50.00000000,1777.00000000,0.14614578
50.00000000,1778.00000000,0.14614725
50.00000000,1779.00000000,0.14614870
50.00000000,1780.00000000,0.14615041
50.00000000,1781.00000000,0.14615215
50.00000000,1782.00000000,0.14615402
50.00000000,1783.00000000,0.14615601
50.00000000,1784.00000000,0.14615806
50.00000000,1785.00000000,0.14616027
50.00000000,1786.00000000,0.14616267
50.00000000,1787.00000000,0.14616495
50.00000000,1788.00000000,0.14616751
50.00000000,1789.00000000,0.14617018
50.00000000,1790.00000000,0.14617285
50.00000000,1791.00000000,0.14617568
50.00000000,1792.00000000,0.14617852
50.00000000,1793.00000000,0.14618157
50.00000000,1794.00000000,0.14618463
50.00000000,1795.00000000,0.14618775
50.00000000,1796.00000000,0.14619100
50.00000000,1797.00000000,0.14619433
50.00000000,1798.00000000,0.14619776
50.00000000,1799.00000000,0.14620126
50.00000000,1800.00000000,0.14620483
50.00000000,1801.00000000,0.14620849
50.00000000,1802.00000000,0.14621231
50.00000000,1803.00000000,0.14621613
50.00000000,1804.00000000,0.14622007
50.00000000,1805.00000000,0.14622404
50.00000000,1806.00000000,0.14622813
50.00000000,1807.00000000,0.14623237
50.00000000,1808.00000000,0.14623665
50.00000000,1809.00000000,0.14624108
50.00000000,1810.00000000,0.14624563
50.00000000,1811.00000000,0.14625030
50.00000000,1812.00000000,0.14625509
50.00000000,1813.00000000,0.14626004
50.00000000,1814.00000000,0.14626510
50.00000000,1815.00000000,0.14627034
50.00000000,1816.00000000,0.14628766
50.00000000,1817.00000000,0.14629316
50.00000000,1818.00000000,0.14629881
50.00000000,1819.00000000,0.14630458
50.00000000,1820.00000000,0.14631054
50.00000000,1821.00000000,0.14632057
50.00000000,1822.00000000,0.14632681
50.00000000,1823.00000000,0.14633314
50.00000000,1824.00000000,0.14633959
50.00000000,1825.00000000,0.14634615
50.00000000,1826.00000000,0.14635285
50.00000000,1827.00000000,0.14635959
50.00000000,1828.00000000,0.14636645
50.00000000,1829.00000000,0.14637343
50.00000000,1830.00000000,0.14638050
50.00000000,1831.00000000,0.14639167
50.00000000,1832.00000000,0.14639881
50.00000000,1833.00000000,0.14640606
50.00000000,1834.00000000,0.14641340
50.00000000,1835.00000000,0.14642079
50.00000000,1836.00000000,0.14642824
50.00000000,1837.00000000,0.14643579
50.00000000,1838.00000000,0.14644329
50.00000000,1839.00000000,0.14645088
50.00000000,1840.00000000,0.14645853
50.00000000,1841.00000000,0.14647022
50.00000000,1842.00000000,0.14647799
50.00000000,1843.00000000,0.14648572
50.00000000,1844.00000000,0.14649355
50.00000000,1845.00000000,0.14650136
50.00000000,1846.00000000,0.14650922
50.00000000,1847.00000000,0.14652109
50.00000000,1848.00000000,0.14652900
50.00000000,1849.00000000,0.14653686
50.00000000,1850.00000000,0.14654879
50.00000000,1851.00000000,0.14655663
50.00000000,1852.00000000,0.14657251
50.00000000,1853.00000000,0.14657683
50.00000000,1854.00000000,0.14658527
50.00000000,1855.00000000,0.14659370
50.00000000,1856.00000000,0.14660594
50.00000000,1857.00000000,0.14661411
50.00000000,1858.00000000,0.14662217
50.00000000,1859.00000000,0.14663024
50.00000000,1860.00000000,0.14663819
50.00000000,1861.00000000,0.14665017
50.00000000,1862.00000000,0.14665791
50.00000000,1863.00000000,0.14666489
50.00000000,1864.00000000,0.14667134
50.00000000,1865.00000000,0.14668154
50.00000000,1866.00000000,0.14669140
50.00000000,1867.00000000,0.14670097
50.00000000,1868.00000000,0.14670628
50.00000000,1869.00000000,0.14671132
50.00000000,1870.00000000,0.14671621
50.00000000,1871.00000000,0.14672088
50.00000000,1872.00000000,0.14672979
50.00000000,1873.00000000,0.14673949
50.00000000,1874.00000000,0.14674562
50.00000000,1875.00000000,0.14675596
50.00000000,1876.00000000,0.14676254
50.00000000,1877.00000000,0.14677321
50.00000000,1878.00000000,0.14678007
50.00000000,1879.00000000,0.14678695
50.00000000,1880.00000000,0.14681813
50.00000000,1881.00000000,0.14682110
50.00000000,1882.00000000,0.14682797
50.00000000,1883.00000000,0.14683826
50.00000000,1884.00000000,0.14684400
50.00000000,1885.00000000,0.14685350
50.00000000,1886.00000000,0.14687489
50.00000000,1887.00000000,0.14688018
50.00000000,1888.00000000,0.14688926
50.00000000,1889.00000000,0.14689809
50.00000000,1890.00000000,0.14691051
50.00000000,1891.00000000,0.14691855
50.00000000,1892.00000000,0.14693022
50.00000000,1893.00000000,0.14693777
50.00000000,1894.00000000,0.14694939
50.00000000,1895.00000000,0.14696933
50.00000000,1896.00000000,0.14697317
50.00000000,1897.00000000,0.14698909
50.00000000,1898.00000000,0.14699679
50.00000000,1899.00000000,0.14701223
50.00000000,1900.00000000,0.14703119
50.00000000,1901.00000000,0.14703363
50.00000000,1902.00000000,0.14704811
50.00000000,1903.00000000,0.14705847
50.00000000,1904.00000000,0.14710080
50.00000000,1905.00000000,0.14711094
50.00000000,1906.00000000,0.14713314
50.00000000,1907.00000000,0.14713889
50.00000000,1908.00000000,0.14714406
50.00000000,1909.00000000,0.14716480
50.00000000,1910.00000000,0.14719743
50.00000000,1911.00000000,0.14721359
50.00000000,1912.00000000,0.14722084
50.00000000,1913.00000000,0.14724691
50.00000000,1914.00000000,0.14727619
50.00000000,1915.00000000,0.14730133
50.00000000,1916.00000000,0.14731118
50.00000000,1917.00000000,0.14734256
50.00000000,1918.00000000,0.14736153
50.00000000,1919.00000000,0.14738915
50.00000000,1920.00000000,0.14741040
50.00000000,1921.00000000,0.14744946
50.00000000,1922.00000000,0.14752297
50.00000000,1923.00000000,0.14757389
50.00000000,1924.00000000,0.14754103
50.00000000,1925.00000000,0.14760446
50.00000000,1926.00000000,0.14762371
50.00000000,1927.00000000,0.14764308
50.00000000,1928.00000000,0.14765651
50.00000000,1929.00000000,0.14771999
50.00000000,1930.00000000,0.14783190
50.00000000,1931.00000000,0.14786878
50.00000000,1932.00000000,0.14793198
50.00000000,1933.00000000,0.14800917
50.00000000,1934.00000000,0.14803595
50.00000000,1935.00000000,0.14805931
50.00000000,1936.00000000,0.14809048
50.00000000,1937.00000000,0.14816082
50.00000000,1938.00000000,0.14830168
50.00000000,1939.00000000,0.14831293
50.00000000,1940.00000000,0.14844005
50.00000000,1941.00000000,0.14851367
50.00000000,1942.00000000,0.14852954
50.00000000,1943.00000000,0.14852039
50.00000000,1944.00000000,0.14857912
50.00000000,1945.00000000,0.14867846
50.00000000,1946.00000000,0.14873965
50.00000000,1947.00000000,0.14883625
50.00000000,1948.00000000,0.14895037
50.00000000,1949.00000000,0.14913278
50.00000000,1950.00000000,0.14925487
50.00000000,1951.00000000,0.14934021
50.00000000,1952.00000000,0.14940938
50.00000000,1953.00000000,0.14962623
50.00000000,1954.00000000,0.14966516
50.00000000,1955.00000000,0.14983226
50.00000000,1956.00000000,0.15001830
50.00000000,1957.00000000,0.15033505
50.00000000,1958.00000000,0.15020327
50.00000000,1959.00000000,0.15034639
50.00000000,1960.00000000,0.15048161
50.00000000,1961.00000000,0.15054506
50.00000000,1962.00000000,0.15071080
50.00000000,1963.00000000,0.15095870
50.00000000,1964.00000000,0.15057362
50.00000000,1965.00000000,0.15051109
50.00000000,1966.00000000,0.15074692
50.00000000,1967.00000000,0.15094389
50.00000000,1968.00000000,0.15084438
50.00000000,1969.00000000,0.15029578
50.00000000,1970.00000000,0.15077035
50.00000000,1971.00000000,0.15021631
50.00000000,1972.00000000,0.15034193
50.00000000,1973.00000000,0.15079493
50.00000000,1974.00000000,0.15071424
50.00000000,1975.00000000,0.15070724
50.00000000,1976.00000000,0.15068402
50.00000000,1977.00000000,0.15094550
50.00000000,1978.00000000,0.15090268
50.00000000,1979.00000000,0.15116691
50.00000000,1980.00000000,0.15074263
50.00000000,1981.00000000,0.15023481
50.00000000,1982.00000000,0.14981149
50.00000000,1983.00000000,0.14995112
50.00000000,1984.00000000,0.15023481
50.00000000,1985.00000000,0.15042121
50.00000000,1986.00000000,0.15080730
50.00000000,1987.00000000,0.15110001
50.00000000,1988.00000000,0.15081223
50.00000000,1989.00000000,0.15099110
50.00000000,1990.00000000,0.15139712
50.00000000,1991.00000000,0.15151719
50.00000000,1992.00000000,0.15153207
50.00000000,1993.00000000,0.15171310
50.00000000,1994.00000000,0.15167187
50.00000000,1995.00000000,0.15077979
50.00000000,1996.00000000,0.15108863
50.00000000,1997.00000000,0.15170244
50.00000000,1998.00000000,0.15201223
50.00000000,1999.00000000,0.15182046
50.00000000,2000.00000000,0.15267052
50.00000000,2001.00000000,0.15323365
50.00000000,2002.00000000,0.15336213
50.00000000,2003.00000000,0.15356041
50.00000000,2004.00000000,0.15367513
50.00000000,2005.00000000,0.15439841
50.00000000,2006.00000000,0.15494512
50.00000000,2007.00000000,0.15531515
50.00000000,2008.00000000,0.15555299
50.00000000,2009.00000000,0.15607194
50.00000000,2010.00000000,0.15651935
50.00000000,2011.00000000,0.15657518
50.00000000,2012.00000000,0.15698049
50.00000000,2013.00000000,0.15754866
50.00000000,2014.00000000,0.15816044
50.00000000,2015.00000000,0.15867705
50.00000000,2016.00000000,0.15928044
50.00000000,2017.00000000,0.15966632
50.00000000,2018.00000000,0.16032846
50.00000000,2019.00000000,0.16112461
50.00000000,2020.00000000,0.16216885
50.00000000,2021.00000000,0.16273171
50.00000000,2022.00000000,0.16334225
50.00000000,2023.00000000,0.16421712
50.00000000,2024.00000000,0.16419678
50.00000000,2025.00000000,0.16402577
50.00000000,2026.00000000,0.16501956
50.00000000,2027.00000000,0.16553274
50.00000000,2028.00000000,0.16577016
50.00000000,2029.00000000,0.16681254
50.00000000,2030.00000000,0.16653464
50.00000000,2031.00000000,0.16583074
50.00000000,2032.00000000,0.16560746
50.00000000,2033.00000000,0.16547764
50.00000000,2034.00000000,0.16611464
50.00000000,2035.00000000,0.16664825
50.00000000,2036.00000000,0.16722605
50.00000000,2037.00000000,0.16771199
50.00000000,2038.00000000,0.16845918
50.00000000,2039.00000000,0.16886969
50.00000000,2040.00000000,0.16900609
50.00000000,2041.00000000,0.16927967
50.00000000,2042.00000000,0.16874603
50.00000000,2043.00000000,0.16868615
50.00000000,2044.00000000,0.16905674
50.00000000,2045.00000000,0.16947063
50.00000000,2046.00000000,0.16991278
50.00000000,2047.00000000,0.17024039
50.00000000,2048.00000000,0.17002791
50.00000000,2049.00000000,0.16986075
50.00000000,2050.00000000,0.17040303
50.00000000,2051.00000000,0.17092475
50.00000000,2052.00000000,0.17103343
50.00000000,2053.00000000,0.17222775
50.00000000,2054.00000000,0.17360690
50.00000000,2055.00000000,0.17465252
50.00000000,2056.00000000,0.17528256
50.00000000,2057.00000000,0.17591250
50.00000000,2058.00000000,0.17654290
50.00000000,2059.00000000,0.17717254
50.00000000,2060.00000000,0.17780172
50.00000000,2061.00000000,0.17869637
50.00000000,2062.00000000,0.17959160
50.00000000,2063.00000000,0.18048882
50.00000000,2064.00000000,0.18138878
50.00000000,2065.00000000,0.18229197
50.00000000,2066.00000000,0.18319872
50.00000000,2067.00000000,0.18410903
50.00000000,2068.00000000,0.18502292
50.00000000,2069.00000000,0.18594028
50.00000000,2070.00000000,0.18686101
50.00000000,2071.00000000,0.18766866
50.00000000,2072.00000000,0.18848098
50.00000000,2073.00000000,0.18929862
50.00000000,2074.00000000,0.19012260
50.00000000,2075.00000000,0.19095298
50.00000000,2076.00000000,0.19178983
50.00000000,2077.00000000,0.19263324
50.00000000,2078.00000000,0.19348300
50.00000000,2079.00000000,0.19433897
50.00000000,2080.00000000,0.19520083
50.00000000,2081.00000000,0.19630881
50.00000000,2082.00000000,0.19742269
50.00000000,2083.00000000,0.19854286
50.00000000,2084.00000000,0.19966941
50.00000000,2085.00000000,0.20080205
50.00000000,2086.00000000,0.20194087
50.00000000,2087.00000000,0.20308524
50.00000000,2088.00000000,0.20423504
50.00000000,2089.00000000,0.20538997
50.00000000,2090.00000000,0.20654933
50.00000000,2091.00000000,0.20788753
50.00000000,2092.00000000,0.20923029
50.00000000,2093.00000000,0.21057792
50.00000000,2094.00000000,0.21193065
50.00000000,2095.00000000,0.21328805
50.00000000,2096.00000000,0.21464999
50.00000000,2097.00000000,0.21601603
50.00000000,2098.00000000,0.21738579
50.00000000,2099.00000000,0.21875884
50.00000000,2100.00000000,0.22013470
50.00000000,2101.00000000,0.22150336
50.00000000,2102.00000000,0.22287466
50.00000000,2103.00000000,0.22424890
50.00000000,2104.00000000,0.22562593
50.00000000,2105.00000000,0.22700553
50.00000000,2106.00000000,0.22838734
50.00000000,2107.00000000,0.22977081
50.00000000,2108.00000000,0.23115571
50.00000000,2109.00000000,0.23254150
50.00000000,2110.00000000,0.23392751
50.00000000,2111.00000000,0.23493508
50.00000000,2112.00000000,0.23594203
50.00000000,2113.00000000,0.23694822
50.00000000,2114.00000000,0.23795331
50.00000000,2115.00000000,0.23895683
50.00000000,2116.00000000,0.23995877
50.00000000,2117.00000000,0.24095872
50.00000000,2118.00000000,0.24195622
50.00000000,2119.00000000,0.24295123
50.00000000,2120.00000000,0.24394343
50.00000000,2121.00000000,0.24459201
50.00000000,2122.00000000,0.24523742
50.00000000,2123.00000000,0.24587919
50.00000000,2124.00000000,0.24651758
50.00000000,2125.00000000,0.24715233
50.00000000,2126.00000000,0.24778318
50.00000000,2127.00000000,0.24841032
50.00000000,2128.00000000,0.24903353
50.00000000,2129.00000000,0.24965260
50.00000000,2130.00000000,0.25026765
50.00000000,2131.00000000,0.25068918
50.00000000,2132.00000000,0.25110632
50.00000000,2133.00000000,0.25151934
50.00000000,2134.00000000,0.25192793
50.00000000,2135.00000000,0.25233227
50.00000000,2136.00000000,0.25273233
50.00000000,2137.00000000,0.25312791
50.00000000,2138.00000000,0.25351921
50.00000000,2139.00000000,0.25390613
50.00000000,2140.00000000,0.25428847
50.00000000,2141.00000000,0.25447240
50.00000000,2142.00000000,0.25465194
50.00000000,2143.00000000,0.25482709
50.00000000,2144.00000000,0.25499807
50.00000000,2145.00000000,0.25516486
50.00000000,2146.00000000,0.25532738
50.00000000,2147.00000000,0.25548585
50.00000000,2148.00000000,0.25564020
50.00000000,2149.00000000,0.25579058
50.00000000,2150.00000000,0.25593685
50.00000000,2151.00000000,0.25593264
50.00000000,2152.00000000,0.25592987
50.00000000,2153.00000000,0.25593236
50.00000000,2154.00000000,0.25594204
50.00000000,2155.00000000,0.25595957
50.00000000,2156.00000000,0.25598552
50.00000000,2157.00000000,0.25601965
50.00000000,2158.00000000,0.25606170
50.00000000,2159.00000000,0.25611135
50.00000000,2160.00000000,0.25616838
50.00000000,2161.00000000,0.25623235
50.00000000,2162.00000000,0.25630284
50.00000000,2163.00000000,0.25637958
50.00000000,2164.00000000,0.25646224
50.00000000,2165.00000000,0.25655037
50.00000000,2166.00000000,0.25664390
50.00000000,2167.00000000,0.25674234
50.00000000,2168.00000000,0.25684538
50.00000000,2169.00000000,0.25695292
50.00000000,2170.00000000,0.25706467
50.00000000,2171.00000000,0.25718021
50.00000000,2172.00000000,0.25729955
50.00000000,2173.00000000,0.25742234
50.00000000,2174.00000000,0.25754840
50.00000000,2175.00000000,0.25767753
50.00000000,2176.00000000,0.25780951
50.00000000,2177.00000000,0.25794421
50.00000000,2178.00000000,0.25808143
50.00000000,2179.00000000,0.25822095
50.00000000,2180.00000000,0.25836268
50.00000000,2181.00000000,0.25850644
50.00000000,2182.00000000,0.25865199
50.00000000,2183.00000000,0.25879934
50.00000000,2184.00000000,0.25894819
50.00000000,2185.00000000,0.25909859
50.00000000,2186.00000000,0.25925030
50.00000000,2187.00000000,0.25940317
50.00000000,2188.00000000,0.25955715
50.00000000,2189.00000000,0.25971210
50.00000000,2190.00000000,0.25986785
50.00000000,2191.00000000,0.26002436
50.00000000,2192.00000000,0.26018150
50.00000000,2193.00000000,0.26033908
50.00000000,2194.00000000,0.26049715
50.00000000,2195.00000000,0.26065551
50.00000000,2196.00000000,0.26081409
50.00000000,2197.00000000,0.26097278
50.00000000,2198.00000000,0.26113141
50.00000000,2199.00000000,0.26128996
50.00000000,2200.00000000,0.26144817
50.00000000,2201.00000000,0.26060604
50.00000000,2202.00000000,0.25976265
50.00000000,2203.00000000,0.25891798
50.00000000,2204.00000000,0.25807217
50.00000000,2205.00000000,0.25722534
50.00000000,2206.00000000,0.25637755
50.00000000,2207.00000000,0.25552889
50.00000000,2208.00000000,0.25467943
50.00000000,2209.00000000,0.25382919
50.00000000,2210.00000000,0.25297834
50.00000000,2211.00000000,0.25212693
50.00000000,2212.00000000,0.25127489
50.00000000,2213.00000000,0.25042250
50.00000000,2214.00000000,0.24956972
50.00000000,2215.00000000,0.24871654
50.00000000,2216.00000000,0.24786312
50.00000000,2217.00000000,0.24700948
50.00000000,2218.00000000,0.24615545
50.00000000,2219.00000000,0.24530142
50.00000000,2220.00000000,0.24444727
50.00000000,2221.00000000,0.24359309
50.00000000,2222.00000000,0.24273888
50.00000000,2223.00000000,0.24188462
50.00000000,2224.00000000,0.24103042
50.00000000,2225.00000000,0.24017630
50.00000000,2226.00000000,0.23932227
50.00000000,2227.00000000,0.23846843
50.00000000,2228.00000000,0.23761475
50.00000000,2229.00000000,0.23676115
50.00000000,2230.00000000,0.23590781
50.00000000,2231.00000000,0.23505471
50.00000000,2232.00000000,0.23420184
50.00000000,2233.00000000,0.23334928
50.00000000,2234.00000000,0.23249689
50.00000000,2235.00000000,0.23164483
50.00000000,2236.00000000,0.23079311
50.00000000,2237.00000000,0.22994173
50.00000000,2238.00000000,0.22909063
50.00000000,2239.00000000,0.22823988
50.00000000,2240.00000000,0.22738941
50.00000000,2241.00000000,0.22653939
50.00000000,2242.00000000,0.22568973
50.00000000,2243.00000000,0.22484033
50.00000000,2244.00000000,0.22399133
50.00000000,2245.00000000,0.22314271
50.00000000,2246.00000000,0.22229452
50.00000000,2247.00000000,0.22144663
50.00000000,2248.00000000,0.22059907
50.00000000,2249.00000000,0.21975173
50.00000000,2250.00000000,0.21890302
50.00000000,2251.00000000,0.21805014
50.00000000,2252.00000000,0.21719068
50.00000000,2253.00000000,0.21632324
50.00000000,2254.00000000,0.21544726
50.00000000,2255.00000000,0.21456275
50.00000000,2256.00000000,0.21366983
50.00000000,2257.00000000,0.21276852
50.00000000,2258.00000000,0.21185917
50.00000000,2259.00000000,0.21094196
50.00000000,2260.00000000,0.21001726
50.00000000,2261.00000000,0.20908537
50.00000000,2262.00000000,0.20814673
50.00000000,2263.00000000,0.20720185
50.00000000,2264.00000000,0.20625101
50.00000000,2265.00000000,0.20529451
50.00000000,2266.00000000,0.20433269
50.00000000,2267.00000000,0.20336573
50.00000000,2268.00000000,0.20239386
50.00000000,2269.00000000,0.20141740
50.00000000,2270.00000000,0.20043645
50.00000000,2271.00000000,0.19945132
50.00000000,2272.00000000,0.19846219
50.00000000,2273.00000000,0.19746921
50.00000000,2274.00000000,0.19647266
50.00000000,2275.00000000,0.19547266
50.00000000,2276.00000000,0.19446938
50.00000000,2277.00000000,0.19346308
50.00000000,2278.00000000,0.19245387
50.00000000,2279.00000000,0.19144191
50.00000000,2280.00000000,0.19042742
50.00000000,2281.00000000,0.18941047
50.00000000,2282.00000000,0.18839131
50.00000000,2283.00000000,0.18737001
50.00000000,2284.00000000,0.18634671
50.00000000,2285.00000000,0.18532160
50.00000000,2286.00000000,0.18429476
50.00000000,2287.00000000,0.18326632
50.00000000,2288.00000000,0.18223642
50.00000000,2289.00000000,0.18120521
50.00000000,2290.00000000,0.18017271
50.00000000,2291.00000000,0.17913914
50.00000000,2292.00000000,0.17810455
50.00000000,2293.00000000,0.17706905
50.00000000,2294.00000000,0.17603277
50.00000000,2295.00000000,0.17499577
50.00000000,2296.00000000,0.17395825
50.00000000,2297.00000000,0.17292026
50.00000000,2298.00000000,0.17188193
50.00000000,2299.00000000,0.17106609
50.00000000,2300.00000000,0.17090597
50.00000000,2301.00000000,0.17092519
50.00000000,2302.00000000,0.17094467
50.00000000,2303.00000000,0.17096438
50.00000000,2304.00000000,0.17098422
50.00000000,2305.00000000,0.17100431
50.00000000,2306.00000000,0.17105263
50.00000000,2307.00000000,0.17110118
50.00000000,2308.00000000,0.17114989
50.00000000,2309.00000000,0.17119873
50.00000000,2310.00000000,0.17124775
50.00000000,2311.00000000,0.17124131
50.00000000,2312.00000000,0.17123498
50.00000000,2313.00000000,0.17122879
50.00000000,2314.00000000,0.17122271
50.00000000,2315.00000000,0.17121672
50.00000000,2316.00000000,0.17121087
50.00000000,2317.00000000,0.17120513
50.00000000,2318.00000000,0.17119946
50.00000000,2319.00000000,0.17119393
50.00000000,2320.00000000,0.17118847
50.00000000,2321.00000000,0.17118313
50.00000000,2322.00000000,0.17117790
50.00000000,2323.00000000,0.17117273
50.00000000,2324.00000000,0.17116769
50.00000000,2325.00000000,0.17116272
50.00000000,2326.00000000,0.17115541
50.00000000,2327.00000000,0.17114823
50.00000000,2328.00000000,0.17114114
50.00000000,2329.00000000,0.17113406
50.00000000,2330.00000000,0.17112713
50.00000000,2331.00000000,0.17112022
50.00000000,2332.00000000,0.17111344
50.00000000,2333.00000000,0.17110674
50.00000000,2334.00000000,0.17110009
50.00000000,2335.00000000,0.17109353
50.00000000,2336.00000000,0.17108706
50.00000000,2337.00000000,0.17108059
50.00000000,2338.00000000,0.17107426
50.00000000,2339.00000000,0.17106799
50.00000000,2340.00000000,0.17106176
50.00000000,2341.00000000,0.17105562
50.00000000,2342.00000000,0.17104950
50.00000000,2343.00000000,0.17104349
50.00000000,2344.00000000,0.17103755
50.00000000,2345.00000000,0.17103164
50.00000000,2346.00000000,0.17102581
50.00000000,2347.00000000,0.17102005
50.00000000,2348.00000000,0.17101432
50.00000000,2349.00000000,0.17100868
50.00000000,2350.00000000,0.17100309
50.00000000,2351.00000000,0.17100289
50.00000000,2352.00000000,0.17100278
50.00000000,2353.00000000,0.17100273
50.00000000,2354.00000000,0.17100272
50.00000000,2355.00000000,0.17100281
50.00000000,2356.00000000,0.17100293
50.00000000,2357.00000000,0.17100313
50.00000000,2358.00000000,0.17100340
50.00000000,2359.00000000,0.17100370
50.00000000,2360.00000000,0.17100409
50.00000000,2361.00000000,0.17100454
50.00000000,2362.00000000,0.17100499
50.00000000,2363.00000000,0.17100556
50.00000000,2364.00000000,0.17100616
50.00000000,2365.00000000,0.17100678
50.00000000,2366.00000000,0.17100748
50.00000000,2367.00000000,0.17100819
50.00000000,2368.00000000,0.17100898
50.00000000,2369.00000000,0.17100985
50.00000000,2370.00000000,0.17101070
50.00000000,2371.00000000,0.17101163
50.00000000,2372.00000000,0.17101261
50.00000000,2373.00000000,0.17101359
50.00000000,2374.00000000,0.17101464
50.00000000,2375.00000000,0.17101575
50.00000000,2376.00000000,0.17101684
50.00000000,2377.00000000,0.17101801
50.00000000,2378.00000000,0.17101922
50.00000000,2379.00000000,0.17102042
50.00000000,2380.00000000,0.17102171
50.00000000,2381.00000000,0.17102296
50.00000000,2382.00000000,0.17102431
50.00000000,2383.00000000,0.17102569
50.00000000,2384.00000000,0.17102705
50.00000000,2385.00000000,0.17102849
50.00000000,2386.00000000,0.17102996
50.00000000,2387.00000000,0.17103141
50.00000000,2388.00000000,0.17103293
50.00000000,2389.00000000,0.17103448
50.00000000,2390.00000000,0.17103601
50.00000000,2391.00000000,0.17103760
50.00000000,2392.00000000,0.17103918
50.00000000,2393.00000000,0.17104082
50.00000000,2394.00000000,0.17104249
50.00000000,2395.00000000,0.17104413
50.00000000,2396.00000000,0.17104584
50.00000000,2397.00000000,0.17104759
50.00000000,2398.00000000,0.17104929
50.00000000,2399.00000000,0.17105106
50.00000000,2400.00000000,0.17105286
50.00000000,2401.00000000,0.17105309
50.00000000,2402.00000000,0.17105338
50.00000000,2403.00000000,0.17105372
50.00000000,2404.00000000,0.17105402
50.00000000,2405.00000000,0.17105439
50.00000000,2406.00000000,0.17105476
50.00000000,2407.00000000,0.17105519
50.00000000,2408.00000000,0.17105565
50.00000000,2409.00000000,0.17105608
50.00000000,2410.00000000,0.17105659
50.00000000,2411.00000000,0.17105713
50.00000000,2412.00000000,0.17105763
50.00000000,2413.00000000,0.17105821
50.00000000,2414.00000000,0.17105881
50.00000000,2415.00000000,0.17105938
50.00000000,2416.00000000,0.17106003
50.00000000,2417.00000000,0.17106062
50.00000000,2418.00000000,0.17106131
50.00000000,2419.00000000,0.17106201
50.00000000,2420.00000000,0.17106267
50.00000000,2421.00000000,0.17106341
50.00000000,2422.00000000,0.17106418
50.00000000,2423.00000000,0.17106487
50.00000000,2424.00000000,0.17106567
50.00000000,2425.00000000,0.17106647
50.00000000,2426.00000000,0.17106723
50.00000000,2427.00000000,0.17106807
50.00000000,2428.00000000,0.17106885
50.00000000,2429.00000000,0.17106970
50.00000000,2430.00000000,0.17107058
50.00000000,2431.00000000,0.17107140
50.00000000,2432.00000000,0.17107230
50.00000000,2433.00000000,0.17107322
50.00000000,2434.00000000,0.17107408
50.00000000,2435.00000000,0.17107502
50.00000000,2436.00000000,0.17107596
50.00000000,2437.00000000,0.17107684
50.00000000,2438.00000000,0.17107782
50.00000000,2439.00000000,0.17107879
50.00000000,2440.00000000,0.17107971
50.00000000,2441.00000000,0.17108069
50.00000000,2442.00000000,0.17108163
50.00000000,2443.00000000,0.17108264
50.00000000,2444.00000000,0.17108365
50.00000000,2445.00000000,0.17108461
50.00000000,2446.00000000,0.17108564
50.00000000,2447.00000000,0.17108667
50.00000000,2448.00000000,0.17108766
50.00000000,2449.00000000,0.17108871
50.00000000,2450.00000000,0.17108976
50.00000000,2451.00000000,0.17108912
50.00000000,2452.00000000,0.17108855
50.00000000,2453.00000000,0.17108791
50.00000000,2454.00000000,0.17108735
50.00000000,2455.00000000,0.17108678
50.00000000,2456.00000000,0.17108613
50.00000000,2457.00000000,0.17108555
50.00000000,2458.00000000,0.17108496
50.00000000,2459.00000000,0.17108431
50.00000000,2460.00000000,0.17108371
50.00000000,2461.00000000,0.17108312
50.00000000,2462.00000000,0.17108244
50.00000000,2463.00000000,0.17108184
50.00000000,2464.00000000,0.17108124
50.00000000,2465.00000000,0.17108054
50.00000000,2466.00000000,0.17107994
50.00000000,2467.00000000,0.17107924
50.00000000,2468.00000000,0.17107861
50.00000000,2469.00000000,0.17107800
50.00000000,2470.00000000,0.17107729
50.00000000,2471.00000000,0.17107666
50.00000000,2472.00000000,0.17107603
50.00000000,2473.00000000,0.17107531
50.00000000,2474.00000000,0.17107468
50.00000000,2475.00000000,0.17107404
50.00000000,2476.00000000,0.17107331
50.00000000,2477.00000000,0.17107266
50.00000000,2478.00000000,0.17107194
50.00000000,2479.00000000,0.17107129
50.00000000,2480.00000000,0.17107064
50.00000000,2481.00000000,0.17106991
50.00000000,2482.00000000,0.17106925
50.00000000,2483.00000000,0.17106859
50.00000000,2484.00000000,0.17106785
50.00000000,2485.00000000,0.17106720
50.00000000,2486.00000000,0.17106654
50.00000000,2487.00000000,0.17106578
50.00000000,2488.00000000,0.17106513
50.00000000,2489.00000000,0.17106437
50.00000000,2490.00000000,0.17106372
50.00000000,2491.00000000,0.17106305
50.00000000,2492.00000000,0.17106229
50.00000000,2493.00000000,0.17106164
50.00000000,2494.00000000,0.17106097
50.00000000,2495.00000000,0.17106022
50.00000000,2496.00000000,0.17105956
50.00000000,2497.00000000,0.17105890
50.00000000,2498.00000000,0.17105815
50.00000000,2499.00000000,0.17105750
50.00000000,2500.00000000,0.17105684
51.00000000,1765.00000000,0.14305060
51.00000000,1766.00000000,0.14305061
51.00000000,1767.00000000,0.14305065
51.00000000,1768.00000000,0.14305082
51.00000000,1769.00000000,0.14305097
51.00000000,1770.00000000,0.14305133
51.00000000,1771.00000000,0.14305191
51.00000000,1772.00000000,0.14305259
51.00000000,1773.00000000,0.14305337
51.00000000,1774.00000000,0.14305424
51.00000000,1775.00000000,0.14305525
51.00000000,1776.00000000,0.14305642
51.00000000,1777.00000000,0.14305775
51.00000000,1778.00000000,0.14305914
51.00000000,1779.00000000,0.14306078
51.00000000,1780.00000000,0.14306242
51.00000000,1781.00000000,0.14306430
51.00000000,1782.00000000,0.14306621
51.00000000,1783.00000000,0.14306826
51.00000000,1784.00000000,0.14307042
51.00000000,1785.00000000,0.14307263
51.00000000,1786.00000000,0.14307503
51.00000000,1787.00000000,0.14307760
51.00000000,1788.00000000,0.14308006
51.00000000,1789.00000000,0.14308280
51.00000000,1790.00000000,0.14308564
51.00000000,1791.00000000,0.14308847
51.00000000,1792.00000000,0.14309148
51.00000000,1793.00000000,0.14309448
51.00000000,1794.00000000,0.14309769
51.00000000,1795.00000000,0.14310091
51.00000000,1796.00000000,0.14310421
51.00000000,1797.00000000,0.14310762
51.00000000,1798.00000000,0.14311111
51.00000000,1799.00000000,0.14311471
51.00000000,1800.00000000,0.14311836
51.00000000,1801.00000000,0.14312209
51.00000000,1802.00000000,0.14312590
51.00000000,1803.00000000,0.14312985
51.00000000,1804.00000000,0.14313383
51.00000000,1805.00000000,0.14313791
51.00000000,1806.00000000,0.14314204
51.00000000,1807.00000000,0.14314631
51.00000000,1808.00000000,0.14315067
51.00000000,1809.00000000,0.14315511
51.00000000,1810.00000000,0.14315972
51.00000000,1811.00000000,0.14316440
51.00000000,1812.00000000,0.14316922
51.00000000,1813.00000000,0.14317419
51.00000000,1814.00000000,0.14317925
51.00000000,1815.00000000,0.14318451
51.00000000,1816.00000000,0.14318985
51.00000000,1817.00000000,0.14320712
51.00000000,1818.00000000,0.14321280
51.00000000,1819.00000000,0.14321853
51.00000000,1820.00000000,0.14322449
51.00000000,1821.00000000,0.14323055
51.00000000,1822.00000000,0.14324072
51.00000000,1823.00000000,0.14324706
51.00000000,1824.00000000,0.14325357
51.00000000,1825.00000000,0.14326012
51.00000000,1826.00000000,0.14326681
51.00000000,1827.00000000,0.14327366
51.00000000,1828.00000000,0.14328053
51.00000000,1829.00000000,0.14328759
51.00000000,1830.00000000,0.14329466
51.00000000,1831.00000000,0.14330188
51.00000000,1832.00000000,0.14331306
51.00000000,1833.00000000,0.14332037
51.00000000,1834.00000000,0.14332770
51.00000000,1835.00000000,0.14333523
51.00000000,1836.00000000,0.14334272
51.00000000,1837.00000000,0.14335033
51.00000000,1838.00000000,0.14335795
51.00000000,1839.00000000,0.14336558
51.00000000,1840.00000000,0.14337334
51.00000000,1841.00000000,0.14338108
51.00000000,1842.00000000,0.14339288
51.00000000,1843.00000000,0.14340073
51.00000000,1844.00000000,0.14340863
51.00000000,1845.00000000,0.14341655
51.00000000,1846.00000000,0.14342451
51.00000000,1847.00000000,0.14343245
51.00000000,1848.00000000,0.14344442
51.00000000,1849.00000000,0.14345241
51.00000000,1850.00000000,0.14346043
51.00000000,1851.00000000,0.14347232
51.00000000,1852.00000000,0.14348029
51.00000000,1853.00000000,0.14349666
51.00000000,1854.00000000,0.14350130
51.00000000,1855.00000000,0.14350984
51.00000000,1856.00000000,0.14351822
51.00000000,1857.00000000,0.14353049
51.00000000,1858.00000000,0.14353869
51.00000000,1859.00000000,0.14354691
51.00000000,1860.00000000,0.14355506
51.00000000,1861.00000000,0.14356315
51.00000000,1862.00000000,0.14357500
51.00000000,1863.00000000,0.14358217
51.00000000,1864.00000000,0.14358875
51.00000000,1865.00000000,0.14359504
51.00000000,1866.00000000,0.14360495
51.00000000,1867.00000000,0.14361461
51.00000000,1868.00000000,0.14362403
51.00000000,1869.00000000,0.14362917
51.00000000,1870.00000000,0.14363414
51.00000000,1871.00000000,0.14363894
51.00000000,1872.00000000,0.14364398
51.00000000,1873.00000000,0.14365373
51.00000000,1874.00000000,0.14366395
51.00000000,1875.00000000,0.14367045
51.00000000,1876.00000000,0.14368116
51.00000000,1877.00000000,0.14368804
51.00000000,1878.00000000,0.14369904
51.00000000,1879.00000000,0.14370622
51.00000000,1880.00000000,0.14371342
51.00000000,1881.00000000,0.14374436
51.00000000,1882.00000000,0.14374760
51.00000000,1883.00000000,0.14375407
51.00000000,1884.00000000,0.14376402
51.00000000,1885.00000000,0.14376976
51.00000000,1886.00000000,0.14377925
51.00000000,1887.00000000,0.14380061
51.00000000,1888.00000000,0.14380594
51.00000000,1889.00000000,0.14381494
51.00000000,1890.00000000,0.14382356
51.00000000,1891.00000000,0.14383575
51.00000000,1892.00000000,0.14384354
51.00000000,1893.00000000,0.14385525
51.00000000,1894.00000000,0.14386300
51.00000000,1895.00000000,0.14387501
51.00000000,1896.00000000,0.14389497
51.00000000,1897.00000000,0.14389906
51.00000000,1898.00000000,0.14391487
51.00000000,1899.00000000,0.14392251
51.00000000,1900.00000000,0.14393749
51.00000000,1901.00000000,0.14395607
51.00000000,1902.00000000,0.14395879
51.00000000,1903.00000000,0.14397334
51.00000000,1904.00000000,0.14398386
51.00000000,1905.00000000,0.14402592
51.00000000,1906.00000000,0.14403640
51.00000000,1907.00000000,0.14405851
51.00000000,1908.00000000,0.14406417
51.00000000,1909.00000000,0.14406936
51.00000000,1910.00000000,0.14409025
51.00000000,1911.00000000,0.14412260
51.00000000,1912.00000000,0.14413830
51.00000000,1913.00000000,0.14414486
51.00000000,1914.00000000,0.14417005
51.00000000,1915.00000000,0.14419918
51.00000000,1916.00000000,0.14422502
51.00000000,1917.00000000,0.14423561
51.00000000,1918.00000000,0.14426711
51.00000000,1919.00000000,0.14428661
51.00000000,1920.00000000,0.14431563
51.00000000,1921.00000000,0.14433841
51.00000000,1922.00000000,0.14437918
51.00000000,1923.00000000,0.14445342
51.00000000,1924.00000000,0.14450448
51.00000000,1925.00000000,0.14447236
51.00000000,1926.00000000,0.14453536
51.00000000,1927.00000000,0.14455479
51.00000000,1928.00000000,0.14457453
51.00000000,1929.00000000,0.14458794
51.00000000,1930.00000000,0.14465113
51.00000000,1931.00000000,0.14476316
51.00000000,1932.00000000,0.14480227
51.00000000,1933.00000000,0.14486693
51.00000000,1934.00000000,0.14494526
51.00000000,1935.00000000,0.14497266
51.00000000,1936.00000000,0.14499582
51.00000000,1937.00000000,0.14502571
51.00000000,1938.00000000,0.14509365
51.00000000,1939.00000000,0.14523166
51.00000000,1940.00000000,0.14524233
51.00000000,1941.00000000,0.14536658
51.00000000,1942.00000000,0.14543796
51.00000000,1943.00000000,0.14545301
51.00000000,1944.00000000,0.14544375
51.00000000,1945.00000000,0.14550217
51.00000000,1946.00000000,0.14560242
51.00000000,1947.00000000,0.14566601
51.00000000,1948.00000000,0.14576284
51.00000000,1949.00000000,0.14587557
51.00000000,1950.00000000,0.14605546
51.00000000,1951.00000000,0.14617560
51.00000000,1952.00000000,0.14626018
51.00000000,1953.00000000,0.14632809
51.00000000,1954.00000000,0.14654150
51.00000000,1955.00000000,0.14658033
51.00000000,1956.00000000,0.14674505
51.00000000,1957.00000000,0.14692784
51.00000000,1958.00000000,0.14723924
51.00000000,1959.00000000,0.14710892
51.00000000,1960.00000000,0.14724794
51.00000000,1961.00000000,0.14737964
51.00000000,1962.00000000,0.14744197
51.00000000,1963.00000000,0.14760514
51.00000000,1964.00000000,0.14784891
51.00000000,1965.00000000,0.14746868
51.00000000,1966.00000000,0.14740602
51.00000000,1967.00000000,0.14763727
51.00000000,1968.00000000,0.14783005
51.00000000,1969.00000000,0.14773006
51.00000000,1970.00000000,0.14718727
51.00000000,1971.00000000,0.14765075
51.00000000,1972.00000000,0.14710040
51.00000000,1973.00000000,0.14722026
51.00000000,1974.00000000,0.14766347
51.00000000,1975.00000000,0.14758305
51.00000000,1976.00000000,0.14757752
51.00000000,1977.00000000,0.14755670
51.00000000,1978.00000000,0.14781555
51.00000000,1979.00000000,0.14777463
51.00000000,1980.00000000,0.14803564
51.00000000,1981.00000000,0.14761981
51.00000000,1982.00000000,0.14712567
51.00000000,1983.00000000,0.14671796
51.00000000,1984.00000000,0.14686464
51.00000000,1985.00000000,0.14715146
51.00000000,1986.00000000,0.14734022
51.00000000,1987.00000000,0.14772403
51.00000000,1988.00000000,0.14801470
51.00000000,1989.00000000,0.14773282
51.00000000,1990.00000000,0.14791024
51.00000000,1991.00000000,0.14831196
51.00000000,1992.00000000,0.14843359
51.00000000,1993.00000000,0.14845231
51.00000000,1994.00000000,0.14863598
51.00000000,1995.00000000,0.14860031
51.00000000,1996.00000000,0.14772535
51.00000000,1997.00000000,0.14803206
51.00000000,1998.00000000,0.14863881
51.00000000,1999.00000000,0.14894719
51.00000000,2000.00000000,0.14876226
51.00000000,2001.00000000,0.14960278
51.00000000,2002.00000000,0.15015994
51.00000000,2003.00000000,0.15028932
51.00000000,2004.00000000,0.15048501
51.00000000,2005.00000000,0.15059542
51.00000000,2006.00000000,0.15130300
51.00000000,2007.00000000,0.15183682
51.00000000,2008.00000000,0.15219742
51.00000000,2009.00000000,0.15242876
51.00000000,2010.00000000,0.15293753
51.00000000,2011.00000000,0.15337627
51.00000000,2012.00000000,0.15342952
51.00000000,2013.00000000,0.15382660
51.00000000,2014.00000000,0.15438391
51.00000000,2015.00000000,0.15498413
51.00000000,2016.00000000,0.15549080
51.00000000,2017.00000000,0.15608307
51.00000000,2018.00000000,0.15646146
51.00000000,2019.00000000,0.15711209
51.00000000,2020.00000000,0.15789492
51.00000000,2021.00000000,0.15892231
51.00000000,2022.00000000,0.15947635
51.00000000,2023.00000000,0.16007794
51.00000000,2024.00000000,0.16094025
51.00000000,2025.00000000,0.16092184
51.00000000,2026.00000000,0.16075553
51.00000000,2027.00000000,0.16173588
51.00000000,2028.00000000,0.16224349
51.00000000,2029.00000000,0.16247988
51.00000000,2030.00000000,0.16350865
51.00000000,2031.00000000,0.16323804
51.00000000,2032.00000000,0.16254783
51.00000000,2033.00000000,0.16233007
51.00000000,2034.00000000,0.16220392
51.00000000,2035.00000000,0.16283221
51.00000000,2036.00000000,0.16335868
51.00000000,2037.00000000,0.16392867
51.00000000,2038.00000000,0.16440831
51.00000000,2039.00000000,0.16514517
51.00000000,2040.00000000,0.16555084
51.00000000,2041.00000000,0.16568682
51.00000000,2042.00000000,0.16595746
51.00000000,2043.00000000,0.16543345
51.00000000,2044.00000000,0.16537538
51.00000000,2045.00000000,0.16574077
51.00000000,2046.00000000,0.16614883
51.00000000,2047.00000000,0.16658476
51.00000000,2048.00000000,0.16690813
51.00000000,2049.00000000,0.16670032
51.00000000,2050.00000000,0.16653731
51.00000000,2051.00000000,0.16707245
51.00000000,2052.00000000,0.16758758
51.00000000,2053.00000000,0.16769661
51.00000000,2054.00000000,0.16887384
51.00000000,2055.00000000,0.17023308
51.00000000,2056.00000000,0.17126439
51.00000000,2057.00000000,0.17188706
51.00000000,2058.00000000,0.17250977
51.00000000,2059.00000000,0.17313306
51.00000000,2060.00000000,0.17375578
51.00000000,2061.00000000,0.17437843
51.00000000,2062.00000000,0.17526343
51.00000000,2063.00000000,0.17615031
51.00000000,2064.00000000,0.17704015
51.00000000,2065.00000000,0.17793321
51.00000000,2066.00000000,0.17882979
51.00000000,2067.00000000,0.17973002
51.00000000,2068.00000000,0.18063380
51.00000000,2069.00000000,0.18154106
51.00000000,2070.00000000,0.18245165
51.00000000,2071.00000000,0.18336571
51.00000000,2072.00000000,0.18416944
51.00000000,2073.00000000,0.18497873
51.00000000,2074.00000000,0.18579389
51.00000000,2075.00000000,0.18661549
51.00000000,2076.00000000,0.18744353
51.00000000,2077.00000000,0.18827769
51.00000000,2078.00000000,0.18911827
51.00000000,2079.00000000,0.18996474
51.00000000,2080.00000000,0.19081708
51.00000000,2081.00000000,0.19167517
51.00000000,2082.00000000,0.19277572
51.00000000,2083.00000000,0.19388248
51.00000000,2084.00000000,0.19499559
51.00000000,2085.00000000,0.19611493
51.00000000,2086.00000000,0.19724020
51.00000000,2087.00000000,0.19837129
51.00000000,2088.00000000,0.19950770
51.00000000,2089.00000000,0.20064915
51.00000000,2090.00000000,0.20179539
51.00000000,2091.00000000,0.20294604
51.00000000,2092.00000000,0.20427305
51.00000000,2093.00000000,0.20560514
51.00000000,2094.00000000,0.20694209
51.00000000,2095.00000000,0.20828420
51.00000000,2096.00000000,0.20963096
51.00000000,2097.00000000,0.21098180
51.00000000,2098.00000000,0.21233676
51.00000000,2099.00000000,0.21369498
51.00000000,2100.00000000,0.21505644
51.00000000,2101.00000000,0.21642055
51.00000000,2102.00000000,0.21777800
51.00000000,2103.00000000,0.21913863
51.00000000,2104.00000000,0.22050219
51.00000000,2105.00000000,0.22186863
51.00000000,2106.00000000,0.22323749
51.00000000,2107.00000000,0.22460846
51.00000000,2108.00000000,0.22598106
51.00000000,2109.00000000,0.22735478
51.00000000,2110.00000000,0.22872927
51.00000000,2111.00000000,0.23010394
51.00000000,2112.00000000,0.23110574
51.00000000,2113.00000000,0.23210689
51.00000000,2114.00000000,0.23310705
51.00000000,2115.00000000,0.23410604
51.00000000,2116.00000000,0.23510348
51.00000000,2117.00000000,0.23609920
51.00000000,2118.00000000,0.23709289
51.00000000,2119.00000000,0.23808416
51.00000000,2120.00000000,0.23907286
51.00000000,2121.00000000,0.24005877
51.00000000,2122.00000000,0.24070619
51.00000000,2123.00000000,0.24135038
51.00000000,2124.00000000,0.24199102
51.00000000,2125.00000000,0.24262824
51.00000000,2126.00000000,0.24326184
51.00000000,2127.00000000,0.24389164
51.00000000,2128.00000000,0.24451773
51.00000000,2129.00000000,0.24513995
51.00000000,2130.00000000,0.24575811
51.00000000,2131.00000000,0.24637225
51.00000000,2132.00000000,0.24679575
51.00000000,2133.00000000,0.24721493
51.00000000,2134.00000000,0.24762999
51.00000000,2135.00000000,0.24804079
51.00000000,2136.00000000,0.24844726
51.00000000,2137.00000000,0.24884953
51.00000000,2138.00000000,0.24924750
51.00000000,2139.00000000,0.24964110
51.00000000,2140.00000000,0.25003043
51.00000000,2141.00000000,0.25041535
51.00000000,2142.00000000,0.25060461
51.00000000,2143.00000000,0.25078958
51.00000000,2144.00000000,0.25097031
51.00000000,2145.00000000,0.25114685
51.00000000,2146.00000000,0.25131918
51.00000000,2147.00000000,0.25148744
51.00000000,2148.00000000,0.25165164
51.00000000,2149.00000000,0.25181176
51.00000000,2150.00000000,0.25196798
51.00000000,2151.00000000,0.25212152
51.00000000,2152.00000000,0.25213054
51.00000000,2153.00000000,0.25214462
51.00000000,2154.00000000,0.25216565
51.00000000,2155.00000000,0.25219441
51.00000000,2156.00000000,0.25223131
51.00000000,2157.00000000,0.25227622
51.00000000,2158.00000000,0.25232875
51.00000000,2159.00000000,0.25238887
51.00000000,2160.00000000,0.25245601
51.00000000,2161.00000000,0.25253000
51.00000000,2162.00000000,0.25261039
51.00000000,2163.00000000,0.25269678
51.00000000,2164.00000000,0.25278900
51.00000000,2165.00000000,0.25288664
51.00000000,2166.00000000,0.25298938
51.00000000,2167.00000000,0.25309700
51.00000000,2168.00000000,0.25320913
51.00000000,2169.00000000,0.25332553
51.00000000,2170.00000000,0.25344602
51.00000000,2171.00000000,0.25357038
51.00000000,2172.00000000,0.25369825
51.00000000,2173.00000000,0.25382956
51.00000000,2174.00000000,0.25396396
51.00000000,2175.00000000,0.25410143
51.00000000,2176.00000000,0.25424175
51.00000000,2177.00000000,0.25438454
51.00000000,2178.00000000,0.25452987
51.00000000,2179.00000000,0.25467752
51.00000000,2180.00000000,0.25482728
51.00000000,2181.00000000,0.25497900
51.00000000,2182.00000000,0.25513255
51.00000000,2183.00000000,0.25528775
51.00000000,2184.00000000,0.25544454
51.00000000,2185.00000000,0.25560266
51.00000000,2186.00000000,0.25576216
51.00000000,2187.00000000,0.25592283
51.00000000,2188.00000000,0.25608444
51.00000000,2189.00000000,0.25624709
51.00000000,2190.00000000,0.25641066
51.00000000,2191.00000000,0.25657479
51.00000000,2192.00000000,0.25673962
51.00000000,2193.00000000,0.25690496
51.00000000,2194.00000000,0.25707066
51.00000000,2195.00000000,0.25723672
51.00000000,2196.00000000,0.25740294
51.00000000,2197.00000000,0.25756932
51.00000000,2198.00000000,0.25773575
51.00000000,2199.00000000,0.25790207
51.00000000,2200.00000000,0.25806820
51.00000000,2201.00000000,0.25823393
51.00000000,2202.00000000,0.25741120
51.00000000,2203.00000000,0.25658707
51.00000000,2204.00000000,0.25576155
51.00000000,2205.00000000,0.25493476
51.00000000,2206.00000000,0.25410684
51.00000000,2207.00000000,0.25327782
51.00000000,2208.00000000,0.25244777
51.00000000,2209.00000000,0.25161684
51.00000000,2210.00000000,0.25078501
51.00000000,2211.00000000,0.24995243
51.00000000,2212.00000000,0.24911920
51.00000000,2213.00000000,0.24828519
51.00000000,2214.00000000,0.24745069
51.00000000,2215.00000000,0.24661571
51.00000000,2216.00000000,0.24578020
51.00000000,2217.00000000,0.24494433
51.00000000,2218.00000000,0.24410813
51.00000000,2219.00000000,0.24327142
51.00000000,2220.00000000,0.24243456
51.00000000,2221.00000000,0.24159751
51.00000000,2222.00000000,0.24076028
51.00000000,2223.00000000,0.23992291
51.00000000,2224.00000000,0.23908535
51.00000000,2225.00000000,0.23824777
51.00000000,2226.00000000,0.23741015
51.00000000,2227.00000000,0.23657250
51.00000000,2228.00000000,0.23573497
51.00000000,2229.00000000,0.23489738
51.00000000,2230.00000000,0.23405983
51.00000000,2231.00000000,0.23322241
51.00000000,2232.00000000,0.23238514
51.00000000,2233.00000000,0.23154800
51.00000000,2234.00000000,0.23071096
51.00000000,2235.00000000,0.22987407
51.00000000,2236.00000000,0.22903739
51.00000000,2237.00000000,0.22820100
51.00000000,2238.00000000,0.22736472
51.00000000,2239.00000000,0.22652867
51.00000000,2240.00000000,0.22569286
51.00000000,2241.00000000,0.22485728
51.00000000,2242.00000000,0.22402201
51.00000000,2243.00000000,0.22318694
51.00000000,2244.00000000,0.22235207
51.00000000,2245.00000000,0.22151758
51.00000000,2246.00000000,0.22068328
51.00000000,2247.00000000,0.21984927
51.00000000,2248.00000000,0.21901552
51.00000000,2249.00000000,0.21818180
51.00000000,2250.00000000,0.21734668
51.00000000,2251.00000000,0.21650740
51.00000000,2252.00000000,0.21566137
51.00000000,2253.00000000,0.21480740
51.00000000,2254.00000000,0.21394489
51.00000000,2255.00000000,0.21307377
51.00000000,2256.00000000,0.21219421
51.00000000,2257.00000000,0.21130634
51.00000000,2258.00000000,0.21041028
51.00000000,2259.00000000,0.20950643
51.00000000,2260.00000000,0.20859497
51.00000000,2261.00000000,0.20767634
51.00000000,2262.00000000,0.20675097
51.00000000,2263.00000000,0.20581923
51.00000000,2264.00000000,0.20488154
51.00000000,2265.00000000,0.20393820
51.00000000,2266.00000000,0.20298939
51.00000000,2267.00000000,0.20203547
51.00000000,2268.00000000,0.20107664
51.00000000,2269.00000000,0.20011305
51.00000000,2270.00000000,0.19914503
51.00000000,2271.00000000,0.19817273
51.00000000,2272.00000000,0.19719638
51.00000000,2273.00000000,0.19621617
51.00000000,2274.00000000,0.19523228
51.00000000,2275.00000000,0.19424492
51.00000000,2276.00000000,0.19325428
51.00000000,2277.00000000,0.19226046
51.00000000,2278.00000000,0.19126373
51.00000000,2279.00000000,0.19026424
51.00000000,2280.00000000,0.18926207
51.00000000,2281.00000000,0.18825747
51.00000000,2282.00000000,0.18725052
51.00000000,2283.00000000,0.18624140
51.00000000,2284.00000000,0.18523027
51.00000000,2285.00000000,0.18421718
51.00000000,2286.00000000,0.18320236
51.00000000,2287.00000000,0.18218588
51.00000000,2288.00000000,0.18116785
51.00000000,2289.00000000,0.18014843
51.00000000,2290.00000000,0.17912773
51.00000000,2291.00000000,0.17810580
51.00000000,2292.00000000,0.17708284
51.00000000,2293.00000000,0.17605890
51.00000000,2294.00000000,0.17503407
51.00000000,2295.00000000,0.17400853
51.00000000,2296.00000000,0.17298227
51.00000000,2297.00000000,0.17195552
51.00000000,2298.00000000,0.17092831
51.00000000,2299.00000000,0.16990080
51.00000000,2300.00000000,0.16909331
51.00000000,2301.00000000,0.16893423
51.00000000,2302.00000000,0.16895249
51.00000000,2303.00000000,0.16897101
51.00000000,2304.00000000,0.16898975
51.00000000,2305.00000000,0.16900863
51.00000000,2306.00000000,0.16902776
51.00000000,2307.00000000,0.16907481
51.00000000,2308.00000000,0.16912210
51.00000000,2309.00000000,0.16916956
51.00000000,2310.00000000,0.16921714
51.00000000,2311.00000000,0.16926492
51.00000000,2312.00000000,0.16925787
51.00000000,2313.00000000,0.16925093
51.00000000,2314.00000000,0.16924414
51.00000000,2315.00000000,0.16923745
51.00000000,2316.00000000,0.16923088
51.00000000,2317.00000000,0.16922444
51.00000000,2318.00000000,0.16921811
51.00000000,2319.00000000,0.16921187
51.00000000,2320.00000000,0.16920577
51.00000000,2321.00000000,0.16919973
51.00000000,2322.00000000,0.16919384
51.00000000,2323.00000000,0.16918805
51.00000000,2324.00000000,0.16918231
51.00000000,2325.00000000,0.16917672
51.00000000,2326.00000000,0.16917121
51.00000000,2327.00000000,0.16916338
51.00000000,2328.00000000,0.16915568
51.00000000,2329.00000000,0.16914809
51.00000000,2330.00000000,0.16914052
51.00000000,2331.00000000,0.16913307
51.00000000,2332.00000000,0.16912569
51.00000000,2333.00000000,0.16911841
51.00000000,2334.00000000,0.16911122
51.00000000,2335.00000000,0.16910407
51.00000000,2336.00000000,0.16909703
51.00000000,2337.00000000,0.16909007
51.00000000,2338.00000000,0.16908315
51.00000000,2339.00000000,0.16907634
51.00000000,2340.00000000,0.16906960
51.00000000,2341.00000000,0.16906288
51.00000000,2342.00000000,0.16905629
51.00000000,2343.00000000,0.16904971
51.00000000,2344.00000000,0.16904324
51.00000000,2345.00000000,0.16903684
51.00000000,2346.00000000,0.16903046
51.00000000,2347.00000000,0.16902419
51.00000000,2348.00000000,0.16901797
51.00000000,2349.00000000,0.16901179
51.00000000,2350.00000000,0.16900570
51.00000000,2351.00000000,0.16899967
51.00000000,2352.00000000,0.16899896
51.00000000,2353.00000000,0.16899835
51.00000000,2354.00000000,0.16899782
51.00000000,2355.00000000,0.16899732
51.00000000,2356.00000000,0.16899691
51.00000000,2357.00000000,0.16899655
51.00000000,2358.00000000,0.16899626
51.00000000,2359.00000000,0.16899605
51.00000000,2360.00000000,0.16899586
51.00000000,2361.00000000,0.16899576
51.00000000,2362.00000000,0.16899574
51.00000000,2363.00000000,0.16899572
51.00000000,2364.00000000,0.16899579
51.00000000,2365.00000000,0.16899592
51.00000000,2366.00000000,0.16899605
51.00000000,2367.00000000,0.16899629
51.00000000,2368.00000000,0.16899651
51.00000000,2369.00000000,0.16899684
51.00000000,2370.00000000,0.16899722
51.00000000,2371.00000000,0.16899759
51.00000000,2372.00000000,0.16899806
51.00000000,2373.00000000,0.16899855
51.00000000,2374.00000000,0.16899906
51.00000000,2375.00000000,0.16899965
51.00000000,2376.00000000,0.16900028
51.00000000,2377.00000000,0.16900089
51.00000000,2378.00000000,0.16900160
51.00000000,2379.00000000,0.16900234
51.00000000,2380.00000000,0.16900307
51.00000000,2381.00000000,0.16900389
51.00000000,2382.00000000,0.16900467
51.00000000,2383.00000000,0.16900555
51.00000000,2384.00000000,0.16900646
51.00000000,2385.00000000,0.16900735
51.00000000,2386.00000000,0.16900832
51.00000000,2387.00000000,0.16900933
51.00000000,2388.00000000,0.16901030
51.00000000,2389.00000000,0.16901136
51.00000000,2390.00000000,0.16901244
51.00000000,2391.00000000,0.16901350
51.00000000,2392.00000000,0.16901463
51.00000000,2393.00000000,0.16901574
51.00000000,2394.00000000,0.16901692
51.00000000,2395.00000000,0.16901814
51.00000000,2396.00000000,0.16901931
51.00000000,2397.00000000,0.16902056
51.00000000,2398.00000000,0.16902182
51.00000000,2399.00000000,0.16902306
51.00000000,2400.00000000,0.16902438
51.00000000,2401.00000000,0.16902570
51.00000000,2402.00000000,0.16902549
51.00000000,2403.00000000,0.16902536
51.00000000,2404.00000000,0.16902525
51.00000000,2405.00000000,0.16902512
51.00000000,2406.00000000,0.16902506
51.00000000,2407.00000000,0.16902499
51.00000000,2408.00000000,0.16902498
51.00000000,2409.00000000,0.16902501
51.00000000,2410.00000000,0.16902500
51.00000000,2411.00000000,0.16902508
51.00000000,2412.00000000,0.16902518
51.00000000,2413.00000000,0.16902525
51.00000000,2414.00000000,0.16902538
51.00000000,2415.00000000,0.16902555
51.00000000,2416.00000000,0.16902568
51.00000000,2417.00000000,0.16902588
51.00000000,2418.00000000,0.16902606
51.00000000,2419.00000000,0.16902630
51.00000000,2420.00000000,0.16902656
51.00000000,2421.00000000,0.16902678
51.00000000,2422.00000000,0.16902708
51.00000000,2423.00000000,0.16902739
51.00000000,2424.00000000,0.16902766
51.00000000,2425.00000000,0.16902801
51.00000000,2426.00000000,0.16902837
51.00000000,2427.00000000,0.16902868
51.00000000,2428.00000000,0.16902908
51.00000000,2429.00000000,0.16902941
51.00000000,2430.00000000,0.16902984
51.00000000,2431.00000000,0.16903027
51.00000000,2432.00000000,0.16903064
51.00000000,2433.00000000,0.16903110
51.00000000,2434.00000000,0.16903157
51.00000000,2435.00000000,0.16903197
51.00000000,2436.00000000,0.16903246
51.00000000,2437.00000000,0.16903297
51.00000000,2438.00000000,0.16903340
51.00000000,2439.00000000,0.16903392
51.00000000,2440.00000000,0.16903445
51.00000000,2441.00000000,0.16903492
51.00000000,2442.00000000,0.16903546
51.00000000,2443.00000000,0.16903594
51.00000000,2444.00000000,0.16903651
51.00000000,2445.00000000,0.16903708
51.00000000,2446.00000000,0.16903758
51.00000000,2447.00000000,0.16903816
51.00000000,2448.00000000,0.16903875
51.00000000,2449.00000000,0.16903928
51.00000000,2450.00000000,0.16903987
51.00000000,2451.00000000,0.16904047
51.00000000,2452.00000000,0.16903940
51.00000000,2453.00000000,0.16903840
51.00000000,2454.00000000,0.16903732
51.00000000,2455.00000000,0.16903631
51.00000000,2456.00000000,0.16903529
51.00000000,2457.00000000,0.16903420
51.00000000,2458.00000000,0.16903318
51.00000000,2459.00000000,0.16903215
51.00000000,2460.00000000,0.16903104
51.00000000,2461.00000000,0.16903001
51.00000000,2462.00000000,0.16902897
51.00000000,2463.00000000,0.16902784
51.00000000,2464.00000000,0.16902680
51.00000000,2465.00000000,0.16902575
51.00000000,2466.00000000,0.16902462
51.00000000,2467.00000000,0.16902357
51.00000000,2468.00000000,0.16902243
51.00000000,2469.00000000,0.16902137
51.00000000,2470.00000000,0.16902029
51.00000000,2471.00000000,0.16901914
51.00000000,2472.00000000,0.16901806
51.00000000,2473.00000000,0.16901700
51.00000000,2474.00000000,0.16901582
51.00000000,2475.00000000,0.16901475
51.00000000,2476.00000000,0.16901366
51.00000000,2477.00000000,0.16901250
51.00000000,2478.00000000,0.16901140
51.00000000,2479.00000000,0.16901022
51.00000000,2480.00000000,0.16900913
51.00000000,2481.00000000,0.16900803
51.00000000,2482.00000000,0.16900684
51.00000000,2483.00000000,0.16900575
51.00000000,2484.00000000,0.16900464
51.00000000,2485.00000000,0.16900345
51.00000000,2486.00000000,0.16900235
51.00000000,2487.00000000,0.16900124
51.00000000,2488.00000000,0.16900003
51.00000000,2489.00000000,0.16899893
51.00000000,2490.00000000,0.16899773
51.00000000,2491.00000000,0.16899661
51.00000000,2492.00000000,0.16899550
51.00000000,2493.00000000,0.16899429
51.00000000,2494.00000000,0.16899318
51.00000000,2495.00000000,0.16899208
51.00000000,2496.00000000,0.16899086
51.00000000,2497.00000000,0.16898976
51.00000000,2498.00000000,0.16898865
51.00000000,2499.00000000,0.16898743
51.00000000,2500.00000000,0.16898632
52.00000000,1765.00000000,0.14013343
52.00000000,1766.00000000,0.14013337
52.00000000,1767.00000000,0.14013343
52.00000000,1768.00000000,0.14013356
52.00000000,1769.00000000,0.14013385
52.00000000,1770.00000000,0.14013413
52.00000000,1771.00000000,0.14013464
52.00000000,1772.00000000,0.14013537
52.00000000,1773.00000000,0.14013620
52.00000000,1774.00000000,0.14013715
52.00000000,1775.00000000,0.14013818
52.00000000,1776.00000000,0.14013936
52.00000000,1777.00000000,0.14014069
52.00000000,1778.00000000,0.14014221
52.00000000,1779.00000000,0.14014377
52.00000000,1780.00000000,0.14014560
52.00000000,1781.00000000,0.14014741
52.00000000,1782.00000000,0.14014946
52.00000000,1783.00000000,0.14015154
52.00000000,1784.00000000,0.14015376
52.00000000,1785.00000000,0.14015609
52.00000000,1786.00000000,0.14015848
52.00000000,1787.00000000,0.14016104
52.00000000,1788.00000000,0.14016378
52.00000000,1789.00000000,0.14016641
52.00000000,1790.00000000,0.14016932
52.00000000,1791.00000000,0.14017233
52.00000000,1792.00000000,0.14017532
52.00000000,1793.00000000,0.14017848
52.00000000,1794.00000000,0.14018165
52.00000000,1795.00000000,0.14018501
52.00000000,1796.00000000,0.14018840
52.00000000,1797.00000000,0.14019185
52.00000000,1798.00000000,0.14019541
52.00000000,1799.00000000,0.14019906
52.00000000,1800.00000000,0.14020280
52.00000000,1801.00000000,0.14020660
52.00000000,1802.00000000,0.14021047
52.00000000,1803.00000000,0.14021441
52.00000000,1804.00000000,0.14021851
52.00000000,1805.00000000,0.14022263
52.00000000,1806.00000000,0.14022685
52.00000000,1807.00000000,0.14023114
52.00000000,1808.00000000,0.14023553
52.00000000,1809.00000000,0.14024003
52.00000000,1810.00000000,0.14024465
52.00000000,1811.00000000,0.14024938
52.00000000,1812.00000000,0.14025419
52.00000000,1813.00000000,0.14025918
52.00000000,1814.00000000,0.14026426
52.00000000,1815.00000000,0.14026949
52.00000000,1816.00000000,0.14027484
52.00000000,1817.00000000,0.14028030
52.00000000,1818.00000000,0.14029756
52.00000000,1819.00000000,0.14030332
52.00000000,1820.00000000,0.14030923
52.00000000,1821.00000000,0.14031528
52.00000000,1822.00000000,0.14032152
52.00000000,1823.00000000,0.14033172
52.00000000,1824.00000000,0.14033818
52.00000000,1825.00000000,0.14034482
52.00000000,1826.00000000,0.14035149
52.00000000,1827.00000000,0.14035835
52.00000000,1828.00000000,0.14036528
52.00000000,1829.00000000,0.14037233
52.00000000,1830.00000000,0.14037946
52.00000000,1831.00000000,0.14038667
52.00000000,1832.00000000,0.14039394
52.00000000,1833.00000000,0.14040521
52.00000000,1834.00000000,0.14041260
52.00000000,1835.00000000,0.14042011
52.00000000,1836.00000000,0.14042769
52.00000000,1837.00000000,0.14043530
52.00000000,1838.00000000,0.14044302
52.00000000,1839.00000000,0.14045075
52.00000000,1840.00000000,0.14045854
52.00000000,1841.00000000,0.14046637
52.00000000,1842.00000000,0.14047426
52.00000000,1843.00000000,0.14048608
52.00000000,1844.00000000,0.14049408
52.00000000,1845.00000000,0.14050205
52.00000000,1846.00000000,0.14051011
52.00000000,1847.00000000,0.14051813
52.00000000,1848.00000000,0.14052621
52.00000000,1849.00000000,0.14053819
52.00000000,1850.00000000,0.14054629
52.00000000,1851.00000000,0.14055437
52.00000000,1852.00000000,0.14056629
52.00000000,1853.00000000,0.14057486
52.00000000,1854.00000000,0.14059135
52.00000000,1855.00000000,0.14059614
52.00000000,1856.00000000,0.14060461
52.00000000,1857.00000000,0.14061306
52.00000000,1858.00000000,0.14062529
52.00000000,1859.00000000,0.14063364
52.00000000,1860.00000000,0.14064192
52.00000000,1861.00000000,0.14065018
52.00000000,1862.00000000,0.14065818
52.00000000,1863.00000000,0.14066939
52.00000000,1864.00000000,0.14067612
52.00000000,1865.00000000,0.14068250
52.00000000,1866.00000000,0.14068855
52.00000000,1867.00000000,0.14069824
52.00000000,1868.00000000,0.14070773
52.00000000,1869.00000000,0.14071690
52.00000000,1870.00000000,0.14072196
52.00000000,1871.00000000,0.14072681
52.00000000,1872.00000000,0.14073197
52.00000000,1873.00000000,0.14073790
52.00000000,1874.00000000,0.14074819
52.00000000,1875.00000000,0.14075872
52.00000000,1876.00000000,0.14076564
52.00000000,1877.00000000,0.14077658
52.00000000,1878.00000000,0.14078384
52.00000000,1879.00000000,0.14079508
52.00000000,1880.00000000,0.14080256
52.00000000,1881.00000000,0.14080986
52.00000000,1882.00000000,0.14084065
52.00000000,1883.00000000,0.14084348
52.00000000,1884.00000000,0.14084968
52.00000000,1885.00000000,0.14085954
52.00000000,1886.00000000,0.14086531
52.00000000,1887.00000000,0.14087493
52.00000000,1888.00000000,0.14089608
52.00000000,1889.00000000,0.14090136
52.00000000,1890.00000000,0.14091011
52.00000000,1891.00000000,0.14091853
52.00000000,1892.00000000,0.14093039
52.00000000,1893.00000000,0.14093827
52.00000000,1894.00000000,0.14095010
52.00000000,1895.00000000,0.14095827
52.00000000,1896.00000000,0.14097041
52.00000000,1897.00000000,0.14099035
52.00000000,1898.00000000,0.14099446
52.00000000,1899.00000000,0.14101011
52.00000000,1900.00000000,0.14101738
52.00000000,1901.00000000,0.14103204
52.00000000,1902.00000000,0.14105062
52.00000000,1903.00000000,0.14105361
52.00000000,1904.00000000,0.14106821
52.00000000,1905.00000000,0.14107901
52.00000000,1906.00000000,0.14112090
52.00000000,1907.00000000,0.14113151
52.00000000,1908.00000000,0.14115325
52.00000000,1909.00000000,0.14115892
52.00000000,1910.00000000,0.14116446
52.00000000,1911.00000000,0.14118527
52.00000000,1912.00000000,0.14121685
52.00000000,1913.00000000,0.14123170
52.00000000,1914.00000000,0.14123764
52.00000000,1915.00000000,0.14126268
52.00000000,1916.00000000,0.14129239
52.00000000,1917.00000000,0.14131866
52.00000000,1918.00000000,0.14132962
52.00000000,1919.00000000,0.14136146
52.00000000,1920.00000000,0.14138238
52.00000000,1921.00000000,0.14141275
52.00000000,1922.00000000,0.14143740
52.00000000,1923.00000000,0.14147935
52.00000000,1924.00000000,0.14155334
52.00000000,1925.00000000,0.14160391
52.00000000,1926.00000000,0.14157270
52.00000000,1927.00000000,0.14163524
52.00000000,1928.00000000,0.14165499
52.00000000,1929.00000000,0.14167461
52.00000000,1930.00000000,0.14168843
52.00000000,1931.00000000,0.14175250
52.00000000,1932.00000000,0.14186559
52.00000000,1933.00000000,0.14190640
52.00000000,1934.00000000,0.14197233
52.00000000,1935.00000000,0.14205048
52.00000000,1936.00000000,0.14207756
52.00000000,1937.00000000,0.14209951
52.00000000,1938.00000000,0.14212761
52.00000000,1939.00000000,0.14219371
52.00000000,1940.00000000,0.14232933
52.00000000,1941.00000000,0.14233879
52.00000000,1942.00000000,0.14246012
52.00000000,1943.00000000,0.14252983
52.00000000,1944.00000000,0.14254439
52.00000000,1945.00000000,0.14253570
52.00000000,1946.00000000,0.14259566
52.00000000,1947.00000000,0.14269764
52.00000000,1948.00000000,0.14276196
52.00000000,1949.00000000,0.14285766
52.00000000,1950.00000000,0.14296894
52.00000000,1951.00000000,0.14314603
52.00000000,1952.00000000,0.14326496
52.00000000,1953.00000000,0.14334806
52.00000000,1954.00000000,0.14341486
52.00000000,1955.00000000,0.14362560
52.00000000,1956.00000000,0.14366400
52.00000000,1957.00000000,0.14382581
52.00000000,1958.00000000,0.14400539
52.00000000,1959.00000000,0.14431167
52.00000000,1960.00000000,0.14418131
52.00000000,1961.00000000,0.14431671
52.00000000,1962.00000000,0.14444631
52.00000000,1963.00000000,0.14450756
52.00000000,1964.00000000,0.14466792
52.00000000,1965.00000000,0.14490710
52.00000000,1966.00000000,0.14453129
52.00000000,1967.00000000,0.14446841
52.00000000,1968.00000000,0.14469505
52.00000000,1969.00000000,0.14488289
52.00000000,1970.00000000,0.14478187
52.00000000,1971.00000000,0.14424312
52.00000000,1972.00000000,0.14469493
52.00000000,1973.00000000,0.14414876
52.00000000,1974.00000000,0.14426391
52.00000000,1975.00000000,0.14469951
52.00000000,1976.00000000,0.14462143
52.00000000,1977.00000000,0.14461791
52.00000000,1978.00000000,0.14459865
52.00000000,1979.00000000,0.14485481
52.00000000,1980.00000000,0.14481516
52.00000000,1981.00000000,0.14507412
52.00000000,1982.00000000,0.14467008
52.00000000,1983.00000000,0.14419227
52.00000000,1984.00000000,0.14379941
52.00000000,1985.00000000,0.14395110
52.00000000,1986.00000000,0.14423866
52.00000000,1987.00000000,0.14442805
52.00000000,1988.00000000,0.14480843
52.00000000,1989.00000000,0.14509629
52.00000000,1990.00000000,0.14481958
52.00000000,1991.00000000,0.14499615
52.00000000,1992.00000000,0.14539510
52.00000000,1993.00000000,0.14551878
52.00000000,1994.00000000,0.14554222
52.00000000,1995.00000000,0.14572793
52.00000000,1996.00000000,0.14569613
52.00000000,1997.00000000,0.14483622
52.00000000,1998.00000000,0.14514032
52.00000000,1999.00000000,0.14574122
52.00000000,2000.00000000,0.14604874
52.00000000,2001.00000000,0.14586943
52.00000000,2002.00000000,0.14669992
52.00000000,2003.00000000,0.14725155
52.00000000,2004.00000000,0.14737929
52.00000000,2005.00000000,0.14756937
52.00000000,2006.00000000,0.14767333
52.00000000,2007.00000000,0.14836576
52.00000000,2008.00000000,0.14888782
52.00000000,2009.00000000,0.14923999
52.00000000,2010.00000000,0.14946547
52.00000000,2011.00000000,0.14996468
52.00000000,2012.00000000,0.15039496
52.00000000,2013.00000000,0.15044524
52.00000000,2014.00000000,0.15083407
52.00000000,2015.00000000,0.15138076
52.00000000,2016.00000000,0.15196981
52.00000000,2017.00000000,0.15246691
52.00000000,2018.00000000,0.15304855
52.00000000,2019.00000000,0.15341981
52.00000000,2020.00000000,0.15405948
52.00000000,2021.00000000,0.15482967
52.00000000,2022.00000000,0.15584116
52.00000000,2023.00000000,0.15638716
52.00000000,2024.00000000,0.15698044
52.00000000,2025.00000000,0.15783089
52.00000000,2026.00000000,0.15781440
52.00000000,2027.00000000,0.15765258
52.00000000,2028.00000000,0.15862007
52.00000000,2029.00000000,0.15912226
52.00000000,2030.00000000,0.15935756
52.00000000,2031.00000000,0.16037304
52.00000000,2032.00000000,0.16010878
52.00000000,2033.00000000,0.15943080
52.00000000,2034.00000000,0.15921768
52.00000000,2035.00000000,0.15909452
52.00000000,2036.00000000,0.15971414
52.00000000,2037.00000000,0.16023350
52.00000000,2038.00000000,0.16079580
52.00000000,2039.00000000,0.16126925
52.00000000,2040.00000000,0.16199606
52.00000000,2041.00000000,0.16239684
52.00000000,2042.00000000,0.16253181
52.00000000,2043.00000000,0.16279896
52.00000000,2044.00000000,0.16228361
52.00000000,2045.00000000,0.16222689
52.00000000,2046.00000000,0.16258701
52.00000000,2047.00000000,0.16298925
52.00000000,2048.00000000,0.16341902
52.00000000,2049.00000000,0.16373819
52.00000000,2050.00000000,0.16353470
52.00000000,2051.00000000,0.16337551
52.00000000,2052.00000000,0.16390366
52.00000000,2053.00000000,0.16441239
52.00000000,2054.00000000,0.16452155
52.00000000,2055.00000000,0.16568226
52.00000000,2056.00000000,0.16702224
52.00000000,2057.00000000,0.16803963
52.00000000,2058.00000000,0.16865499
52.00000000,2059.00000000,0.16927055
52.00000000,2060.00000000,0.16988677
52.00000000,2061.00000000,0.17050288
52.00000000,2062.00000000,0.17112001
52.00000000,2063.00000000,0.17199672
52.00000000,2064.00000000,0.17287609
52.00000000,2065.00000000,0.17375901
52.00000000,2066.00000000,0.17464538
52.00000000,2067.00000000,0.17553540
52.00000000,2068.00000000,0.17642896
52.00000000,2069.00000000,0.17732602
52.00000000,2070.00000000,0.17822642
52.00000000,2071.00000000,0.17913026
52.00000000,2072.00000000,0.18003834
52.00000000,2073.00000000,0.18083887
52.00000000,2074.00000000,0.18164539
52.00000000,2075.00000000,0.18245799
52.00000000,2076.00000000,0.18327690
52.00000000,2077.00000000,0.18410210
52.00000000,2078.00000000,0.18493313
52.00000000,2079.00000000,0.18577025
52.00000000,2080.00000000,0.18661292
52.00000000,2081.00000000,0.18746122
52.00000000,2082.00000000,0.18831562
52.00000000,2083.00000000,0.18940891
52.00000000,2084.00000000,0.19050858
52.00000000,2085.00000000,0.19161439
52.00000000,2086.00000000,0.19272623
52.00000000,2087.00000000,0.19384378
52.00000000,2088.00000000,0.19496679
52.00000000,2089.00000000,0.19609483
52.00000000,2090.00000000,0.19722756
52.00000000,2091.00000000,0.19836494
52.00000000,2092.00000000,0.19950714
52.00000000,2093.00000000,0.20082338
52.00000000,2094.00000000,0.20214487
52.00000000,2095.00000000,0.20347125
52.00000000,2096.00000000,0.20480259
52.00000000,2097.00000000,0.20613838
52.00000000,2098.00000000,0.20747802
52.00000000,2099.00000000,0.20882153
52.00000000,2100.00000000,0.21016812
52.00000000,2101.00000000,0.21151783
52.00000000,2102.00000000,0.21287070
52.00000000,2103.00000000,0.21421725
52.00000000,2104.00000000,0.21556722
52.00000000,2105.00000000,0.21692022
52.00000000,2106.00000000,0.21827577
52.00000000,2107.00000000,0.21963385
52.00000000,2108.00000000,0.22099373
52.00000000,2109.00000000,0.22235510
52.00000000,2110.00000000,0.22371759
52.00000000,2111.00000000,0.22508056
52.00000000,2112.00000000,0.22644368
52.00000000,2113.00000000,0.22743932
52.00000000,2114.00000000,0.22843408
52.00000000,2115.00000000,0.22942795
52.00000000,2116.00000000,0.23042045
52.00000000,2117.00000000,0.23141141
52.00000000,2118.00000000,0.23240058
52.00000000,2119.00000000,0.23338762
52.00000000,2120.00000000,0.23437233
52.00000000,2121.00000000,0.23535444
52.00000000,2122.00000000,0.23633364
52.00000000,2123.00000000,0.23697941
52.00000000,2124.00000000,0.23762192
52.00000000,2125.00000000,0.23826085
52.00000000,2126.00000000,0.23889642
52.00000000,2127.00000000,0.23952842
52.00000000,2128.00000000,0.24015665
52.00000000,2129.00000000,0.24078124
52.00000000,2130.00000000,0.24140194
52.00000000,2131.00000000,0.24201874
52.00000000,2132.00000000,0.24263153
52.00000000,2133.00000000,0.24305642
52.00000000,2134.00000000,0.24347704
52.00000000,2135.00000000,0.24389361
52.00000000,2136.00000000,0.24430589
52.00000000,2137.00000000,0.24471405
52.00000000,2138.00000000,0.24511801
52.00000000,2139.00000000,0.24551765
52.00000000,2140.00000000,0.24591313
52.00000000,2141.00000000,0.24630435
52.00000000,2142.00000000,0.24669113
52.00000000,2143.00000000,0.24688521
52.00000000,2144.00000000,0.24707499
52.00000000,2145.00000000,0.24726048
52.00000000,2146.00000000,0.24744196
52.00000000,2147.00000000,0.24761934
52.00000000,2148.00000000,0.24779255
52.00000000,2149.00000000,0.24796186
52.00000000,2150.00000000,0.24812711
52.00000000,2151.00000000,0.24828989
52.00000000,2152.00000000,0.24845377
52.00000000,2153.00000000,0.24847875
52.00000000,2154.00000000,0.24851048
52.00000000,2155.00000000,0.24854985
52.00000000,2156.00000000,0.24859709
52.00000000,2157.00000000,0.24865197
52.00000000,2158.00000000,0.24871454
52.00000000,2159.00000000,0.24878443
52.00000000,2160.00000000,0.24886124
52.00000000,2161.00000000,0.24894455
52.00000000,2162.00000000,0.24903419
52.00000000,2163.00000000,0.24912974
52.00000000,2164.00000000,0.24923083
52.00000000,2165.00000000,0.24933728
52.00000000,2166.00000000,0.24944875
52.00000000,2167.00000000,0.24956477
52.00000000,2168.00000000,0.24968543
52.00000000,2169.00000000,0.24981023
52.00000000,2170.00000000,0.24993890
52.00000000,2171.00000000,0.25007138
52.00000000,2172.00000000,0.25020738
52.00000000,2173.00000000,0.25034666
52.00000000,2174.00000000,0.25048904
52.00000000,2175.00000000,0.25063427
52.00000000,2176.00000000,0.25078229
52.00000000,2177.00000000,0.25093289
52.00000000,2178.00000000,0.25108576
52.00000000,2179.00000000,0.25124096
52.00000000,2180.00000000,0.25139824
52.00000000,2181.00000000,0.25155734
52.00000000,2182.00000000,0.25171832
52.00000000,2183.00000000,0.25188094
52.00000000,2184.00000000,0.25204509
52.00000000,2185.00000000,0.25221062
52.00000000,2186.00000000,0.25237737
52.00000000,2187.00000000,0.25254532
52.00000000,2188.00000000,0.25271430
52.00000000,2189.00000000,0.25288410
52.00000000,2190.00000000,0.25305482
52.00000000,2191.00000000,0.25322626
52.00000000,2192.00000000,0.25339828
52.00000000,2193.00000000,0.25357083
52.00000000,2194.00000000,0.25374379
52.00000000,2195.00000000,0.25391701
52.00000000,2196.00000000,0.25409053
52.00000000,2197.00000000,0.25426412
52.00000000,2198.00000000,0.25443781
52.00000000,2199.00000000,0.25461146
52.00000000,2200.00000000,0.25478493
52.00000000,2201.00000000,0.25495813
52.00000000,2202.00000000,0.25513085
52.00000000,2203.00000000,0.25432661
52.00000000,2204.00000000,0.25352085
52.00000000,2205.00000000,0.25271360
52.00000000,2206.00000000,0.25190493
52.00000000,2207.00000000,0.25109510
52.00000000,2208.00000000,0.25028401
52.00000000,2209.00000000,0.24947174
52.00000000,2210.00000000,0.24865852
52.00000000,2211.00000000,0.24784428
52.00000000,2212.00000000,0.24702920
52.00000000,2213.00000000,0.24621329
52.00000000,2214.00000000,0.24539660
52.00000000,2215.00000000,0.24457923
52.00000000,2216.00000000,0.24376127
52.00000000,2217.00000000,0.24294269
52.00000000,2218.00000000,0.24212363
52.00000000,2219.00000000,0.24130412
52.00000000,2220.00000000,0.24048400
52.00000000,2221.00000000,0.23966362
52.00000000,2222.00000000,0.23884295
52.00000000,2223.00000000,0.23802199
52.00000000,2224.00000000,0.23720080
52.00000000,2225.00000000,0.23637922
52.00000000,2226.00000000,0.23555757
52.00000000,2227.00000000,0.23473580
52.00000000,2228.00000000,0.23391389
52.00000000,2229.00000000,0.23309195
52.00000000,2230.00000000,0.23226986
52.00000000,2231.00000000,0.23144772
52.00000000,2232.00000000,0.23062562
52.00000000,2233.00000000,0.22980355
52.00000000,2234.00000000,0.22898146
52.00000000,2235.00000000,0.22815942
52.00000000,2236.00000000,0.22733742
52.00000000,2237.00000000,0.22651556
52.00000000,2238.00000000,0.22569384
52.00000000,2239.00000000,0.22487212
52.00000000,2240.00000000,0.22405056
52.00000000,2241.00000000,0.22322917
52.00000000,2242.00000000,0.22240791
52.00000000,2243.00000000,0.22158677
52.00000000,2244.00000000,0.22076579
52.00000000,2245.00000000,0.21994500
52.00000000,2246.00000000,0.21912436
52.00000000,2247.00000000,0.21830385
52.00000000,2248.00000000,0.21748357
52.00000000,2249.00000000,0.21666325
52.00000000,2250.00000000,0.21584135
52.00000000,2251.00000000,0.21501528
52.00000000,2252.00000000,0.21418251
52.00000000,2253.00000000,0.21334163
52.00000000,2254.00000000,0.21249225
52.00000000,2255.00000000,0.21163428
52.00000000,2256.00000000,0.21076777
52.00000000,2257.00000000,0.20989294
52.00000000,2258.00000000,0.20900999
52.00000000,2259.00000000,0.20811910
52.00000000,2260.00000000,0.20722065
52.00000000,2261.00000000,0.20631494
52.00000000,2262.00000000,0.20540250
52.00000000,2263.00000000,0.20448368
52.00000000,2264.00000000,0.20355881
52.00000000,2265.00000000,0.20262827
52.00000000,2266.00000000,0.20169227
52.00000000,2267.00000000,0.20075104
52.00000000,2268.00000000,0.19980490
52.00000000,2269.00000000,0.19885400
52.00000000,2270.00000000,0.19789855
52.00000000,2271.00000000,0.19693883
52.00000000,2272.00000000,0.19597496
52.00000000,2273.00000000,0.19500723
52.00000000,2274.00000000,0.19403576
52.00000000,2275.00000000,0.19306073
52.00000000,2276.00000000,0.19208240
52.00000000,2277.00000000,0.19110087
52.00000000,2278.00000000,0.19011632
52.00000000,2279.00000000,0.18912895
52.00000000,2280.00000000,0.18813893
52.00000000,2281.00000000,0.18714633
52.00000000,2282.00000000,0.18615137
52.00000000,2283.00000000,0.18515417
52.00000000,2284.00000000,0.18415488
52.00000000,2285.00000000,0.18315364
52.00000000,2286.00000000,0.18215052
52.00000000,2287.00000000,0.18114573
52.00000000,2288.00000000,0.18013934
52.00000000,2289.00000000,0.17913145
52.00000000,2290.00000000,0.17812225
52.00000000,2291.00000000,0.17711179
52.00000000,2292.00000000,0.17610016
52.00000000,2293.00000000,0.17508752
52.00000000,2294.00000000,0.17407397
52.00000000,2295.00000000,0.17305955
52.00000000,2296.00000000,0.17204444
52.00000000,2297.00000000,0.17102864
52.00000000,2298.00000000,0.17001237
52.00000000,2299.00000000,0.16899568
52.00000000,2300.00000000,0.16797869
52.00000000,2301.00000000,0.16717933
52.00000000,2302.00000000,0.16702128
52.00000000,2303.00000000,0.16703864
52.00000000,2304.00000000,0.16705623
52.00000000,2305.00000000,0.16707405
52.00000000,2306.00000000,0.16709203
52.00000000,2307.00000000,0.16711025
52.00000000,2308.00000000,0.16715610
52.00000000,2309.00000000,0.16720219
52.00000000,2310.00000000,0.16724846
52.00000000,2311.00000000,0.16729485
52.00000000,2312.00000000,0.16734145
52.00000000,2313.00000000,0.16733384
52.00000000,2314.00000000,0.16732632
52.00000000,2315.00000000,0.16731897
52.00000000,2316.00000000,0.16731174
52.00000000,2317.00000000,0.16730460
52.00000000,2318.00000000,0.16729762
52.00000000,2319.00000000,0.16729075
52.00000000,2320.00000000,0.16728396
52.00000000,2321.00000000,0.16727733
52.00000000,2322.00000000,0.16727076
52.00000000,2323.00000000,0.16726434
52.00000000,2324.00000000,0.16725803
52.00000000,2325.00000000,0.16725178
52.00000000,2326.00000000,0.16724567
52.00000000,2327.00000000,0.16723966
52.00000000,2328.00000000,0.16723136
52.00000000,2329.00000000,0.16722319
52.00000000,2330.00000000,0.16721513
52.00000000,2331.00000000,0.16720708
52.00000000,2332.00000000,0.16719918
52.00000000,2333.00000000,0.16719132
52.00000000,2334.00000000,0.16718359
52.00000000,2335.00000000,0.16717595
52.00000000,2336.00000000,0.16716835
52.00000000,2337.00000000,0.16716086
52.00000000,2338.00000000,0.16715345
52.00000000,2339.00000000,0.16714609
52.00000000,2340.00000000,0.16713883
52.00000000,2341.00000000,0.16713166
52.00000000,2342.00000000,0.16712450
52.00000000,2343.00000000,0.16711746
52.00000000,2344.00000000,0.16711046
52.00000000,2345.00000000,0.16710356
52.00000000,2346.00000000,0.16709673
52.00000000,2347.00000000,0.16708994
52.00000000,2348.00000000,0.16708324
52.00000000,2349.00000000,0.16707660
52.00000000,2350.00000000,0.16706999
52.00000000,2351.00000000,0.16706349
52.00000000,2352.00000000,0.16705705
52.00000000,2353.00000000,0.16705587
52.00000000,2354.00000000,0.16705480
52.00000000,2355.00000000,0.16705381
52.00000000,2356.00000000,0.16705284
52.00000000,2357.00000000,0.16705198
52.00000000,2358.00000000,0.16705116
52.00000000,2359.00000000,0.16705042
52.00000000,2360.00000000,0.16704977
52.00000000,2361.00000000,0.16704911
52.00000000,2362.00000000,0.16704858
52.00000000,2363.00000000,0.16704808
52.00000000,2364.00000000,0.16704761
52.00000000,2365.00000000,0.16704723
52.00000000,2366.00000000,0.16704692
52.00000000,2367.00000000,0.16704661
52.00000000,2368.00000000,0.16704638
52.00000000,2369.00000000,0.16704617
52.00000000,2370.00000000,0.16704604
52.00000000,2371.00000000,0.16704598
52.00000000,2372.00000000,0.16704591
52.00000000,2373.00000000,0.16704591
52.00000000,2374.00000000,0.16704598
52.00000000,2375.00000000,0.16704604
52.00000000,2376.00000000,0.16704619
52.00000000,2377.00000000,0.16704636
52.00000000,2378.00000000,0.16704654
52.00000000,2379.00000000,0.16704681
52.00000000,2380.00000000,0.16704711
52.00000000,2381.00000000,0.16704740
52.00000000,2382.00000000,0.16704777
52.00000000,2383.00000000,0.16704811
52.00000000,2384.00000000,0.16704855
52.00000000,2385.00000000,0.16704902
52.00000000,2386.00000000,0.16704947
52.00000000,2387.00000000,0.16705000
52.00000000,2388.00000000,0.16705056
52.00000000,2389.00000000,0.16705110
52.00000000,2390.00000000,0.16705172
52.00000000,2391.00000000,0.16705236
52.00000000,2392.00000000,0.16705298
52.00000000,2393.00000000,0.16705369
52.00000000,2394.00000000,0.16705436
52.00000000,2395.00000000,0.16705510
52.00000000,2396.00000000,0.16705587
52.00000000,2397.00000000,0.16705660
52.00000000,2398.00000000,0.16705742
52.00000000,2399.00000000,0.16705826
52.00000000,2400.00000000,0.16705905
52.00000000,2401.00000000,0.16705992
52.00000000,2402.00000000,0.16706083
52.00000000,2403.00000000,0.16706020
52.00000000,2404.00000000,0.16705967
52.00000000,2405.00000000,0.16705915
52.00000000,2406.00000000,0.16705861
52.00000000,2407.00000000,0.16705815
52.00000000,2408.00000000,0.16705766
52.00000000,2409.00000000,0.16705725
52.00000000,2410.00000000,0.16705687
52.00000000,2411.00000000,0.16705646
52.00000000,2412.00000000,0.16705611
52.00000000,2413.00000000,0.16705580
52.00000000,2414.00000000,0.16705546
52.00000000,2415.00000000,0.16705520
52.00000000,2416.00000000,0.16705495
52.00000000,2417.00000000,0.16705465
52.00000000,2418.00000000,0.16705446
52.00000000,2419.00000000,0.16705420
52.00000000,2420.00000000,0.16705403
52.00000000,2421.00000000,0.16705389
52.00000000,2422.00000000,0.16705370
52.00000000,2423.00000000,0.16705358
52.00000000,2424.00000000,0.16705348
52.00000000,2425.00000000,0.16705333
52.00000000,2426.00000000,0.16705327
52.00000000,2427.00000000,0.16705321
52.00000000,2428.00000000,0.16705310
52.00000000,2429.00000000,0.16705308
52.00000000,2430.00000000,0.16705300
52.00000000,2431.00000000,0.16705301
52.00000000,2432.00000000,0.16705303
52.00000000,2433.00000000,0.16705298
52.00000000,2434.00000000,0.16705302
52.00000000,2435.00000000,0.16705306
52.00000000,2436.00000000,0.16705306
52.00000000,2437.00000000,0.16705313
52.00000000,2438.00000000,0.16705321
52.00000000,2439.00000000,0.16705323
52.00000000,2440.00000000,0.16705332
52.00000000,2441.00000000,0.16705344
52.00000000,2442.00000000,0.16705349
52.00000000,2443.00000000,0.16705361
52.00000000,2444.00000000,0.16705367
52.00000000,2445.00000000,0.16705380
52.00000000,2446.00000000,0.16705395
52.00000000,2447.00000000,0.16705404
52.00000000,2448.00000000,0.16705420
52.00000000,2449.00000000,0.16705436
52.00000000,2450.00000000,0.16705446
52.00000000,2451.00000000,0.16705463
52.00000000,2452.00000000,0.16705480
52.00000000,2453.00000000,0.16705331
52.00000000,2454.00000000,0.16705190
52.00000000,2455.00000000,0.16705040
52.00000000,2456.00000000,0.16704898
52.00000000,2457.00000000,0.16704755
52.00000000,2458.00000000,0.16704604
52.00000000,2459.00000000,0.16704461
52.00000000,2460.00000000,0.16704316
52.00000000,2461.00000000,0.16704164
52.00000000,2462.00000000,0.16704019
52.00000000,2463.00000000,0.16703873
52.00000000,2464.00000000,0.16703720
52.00000000,2465.00000000,0.16703574
52.00000000,2466.00000000,0.16703427
52.00000000,2467.00000000,0.16703272
52.00000000,2468.00000000,0.16703125
52.00000000,2469.00000000,0.16702969
52.00000000,2470.00000000,0.16702821
52.00000000,2471.00000000,0.16702673
52.00000000,2472.00000000,0.16702516
52.00000000,2473.00000000,0.16702366
52.00000000,2474.00000000,0.16702217
52.00000000,2475.00000000,0.16702058
52.00000000,2476.00000000,0.16701908
52.00000000,2477.00000000,0.16701759
52.00000000,2478.00000000,0.16701599
52.00000000,2479.00000000,0.16701449
52.00000000,2480.00000000,0.16701289
52.00000000,2481.00000000,0.16701137
52.00000000,2482.00000000,0.16700987
52.00000000,2483.00000000,0.16700825
52.00000000,2484.00000000,0.16700674
52.00000000,2485.00000000,0.16700521
52.00000000,2486.00000000,0.16700359
52.00000000,2487.00000000,0.16700208
52.00000000,2488.00000000,0.16700055
52.00000000,2489.00000000,0.16699891
52.00000000,2490.00000000,0.16699740
52.00000000,2491.00000000,0.16699576
52.00000000,2492.00000000,0.16699423
52.00000000,2493.00000000,0.16699269
52.00000000,2494.00000000,0.16699107
52.00000000,2495.00000000,0.16698953
52.00000000,2496.00000000,0.16698800
52.00000000,2497.00000000,0.16698636
52.00000000,2498.00000000,0.16698482
52.00000000,2499.00000000,0.16698330
52.00000000,2500.00000000,0.16698166
53.00000000,1765.00000000,0.13737576
53.00000000,1766.00000000,0.13737585
53.00000000,1767.00000000,0.13737584
53.00000000,1768.00000000,0.13737599
53.00000000,1769.00000000,0.13737624
53.00000000,1770.00000000,0.13737667
53.00000000,1771.00000000,0.13737710
53.00000000,1772.00000000,0.13737777
53.00000000,1773.00000000,0.13737864
53.00000000,1774.00000000,0.13737963
53.00000000,1775.00000000,0.13738075
53.00000000,1776.00000000,0.13738195
53.00000000,1777.00000000,0.13738331
53.00000000,1778.00000000,0.13738483
53.00000000,1779.00000000,0.13738651
53.00000000,1780.00000000,0.13738826
53.00000000,1781.00000000,0.13739026
53.00000000,1782.00000000,0.13739223
53.00000000,1783.00000000,0.13739445
53.00000000,1784.00000000,0.13739670
53.00000000,1785.00000000,0.13739908
53.00000000,1786.00000000,0.13740158
53.00000000,1787.00000000,0.13740414
53.00000000,1788.00000000,0.13740686
53.00000000,1789.00000000,0.13740976
53.00000000,1790.00000000,0.13741256
53.00000000,1791.00000000,0.13741563
53.00000000,1792.00000000,0.13741880
53.00000000,1793.00000000,0.13742194
53.00000000,1794.00000000,0.13742526
53.00000000,1795.00000000,0.13742857
53.00000000,1796.00000000,0.13743209
53.00000000,1797.00000000,0.13743563
53.00000000,1798.00000000,0.13743923
53.00000000,1799.00000000,0.13744293
53.00000000,1800.00000000,0.13744671
53.00000000,1801.00000000,0.13745059
53.00000000,1802.00000000,0.13745453
53.00000000,1803.00000000,0.13745852
53.00000000,1804.00000000,0.13746260
53.00000000,1805.00000000,0.13746683
53.00000000,1806.00000000,0.13747108
53.00000000,1807.00000000,0.13747545
53.00000000,1808.00000000,0.13747985
53.00000000,1809.00000000,0.13748438
53.00000000,1810.00000000,0.13748904
53.00000000,1811.00000000,0.13749377
53.00000000,1812.00000000,0.13749862
53.00000000,1813.00000000,0.13750360
53.00000000,1814.00000000,0.13750868
53.00000000,1815.00000000,0.13751392
53.00000000,1816.00000000,0.13751923
53.00000000,1817.00000000,0.13752470
53.00000000,1818.00000000,0.13753031
53.00000000,1819.00000000,0.13754747
53.00000000,1820.00000000,0.13755339
53.00000000,1821.00000000,0.13755937
53.00000000,1822.00000000,0.13756555
53.00000000,1823.00000000,0.13757191
53.00000000,1824.00000000,0.13758217
53.00000000,1825.00000000,0.13758879
53.00000000,1826.00000000,0.13759549
53.00000000,1827.00000000,0.13760232
53.00000000,1828.00000000,0.13760925
53.00000000,1829.00000000,0.13761633
53.00000000,1830.00000000,0.13762344
53.00000000,1831.00000000,0.13763071
53.00000000,1832.00000000,0.13763796
53.00000000,1833.00000000,0.13764536
53.00000000,1834.00000000,0.13765664
53.00000000,1835.00000000,0.13766414
53.00000000,1836.00000000,0.13767176
53.00000000,1837.00000000,0.13767943
53.00000000,1838.00000000,0.13768718
53.00000000,1839.00000000,0.13769495
53.00000000,1840.00000000,0.13770282
53.00000000,1841.00000000,0.13771066
53.00000000,1842.00000000,0.13771864
53.00000000,1843.00000000,0.13772658
53.00000000,1844.00000000,0.13773848
53.00000000,1845.00000000,0.13774654
53.00000000,1846.00000000,0.13775463
53.00000000,1847.00000000,0.13776273
53.00000000,1848.00000000,0.13777088
53.00000000,1849.00000000,0.13777902
53.00000000,1850.00000000,0.13779103
53.00000000,1851.00000000,0.13779922
53.00000000,1852.00000000,0.13780733
53.00000000,1853.00000000,0.13781978
53.00000000,1854.00000000,0.13782857
53.00000000,1855.00000000,0.13784504
53.00000000,1856.00000000,0.13784980
53.00000000,1857.00000000,0.13785833
53.00000000,1858.00000000,0.13786677
53.00000000,1859.00000000,0.13787908
53.00000000,1860.00000000,0.13788746
53.00000000,1861.00000000,0.13789584
53.00000000,1862.00000000,0.13790399
53.00000000,1863.00000000,0.13791139
53.00000000,1864.00000000,0.13792209
53.00000000,1865.00000000,0.13792855
53.00000000,1866.00000000,0.13793471
53.00000000,1867.00000000,0.13794057
53.00000000,1868.00000000,0.13795007
53.00000000,1869.00000000,0.13795930
53.00000000,1870.00000000,0.13796831
53.00000000,1871.00000000,0.13797323
53.00000000,1872.00000000,0.13797844
53.00000000,1873.00000000,0.13798447
53.00000000,1874.00000000,0.13799100
53.00000000,1875.00000000,0.13800160
53.00000000,1876.00000000,0.13801250
53.00000000,1877.00000000,0.13801969
53.00000000,1878.00000000,0.13803094
53.00000000,1879.00000000,0.13803847
53.00000000,1880.00000000,0.13804994
53.00000000,1881.00000000,0.13805747
53.00000000,1882.00000000,0.13806499
53.00000000,1883.00000000,0.13809497
53.00000000,1884.00000000,0.13809761
53.00000000,1885.00000000,0.13810371
53.00000000,1886.00000000,0.13811351
53.00000000,1887.00000000,0.13811943
53.00000000,1888.00000000,0.13812899
53.00000000,1889.00000000,0.13814984
53.00000000,1890.00000000,0.13815491
53.00000000,1891.00000000,0.13816345
53.00000000,1892.00000000,0.13817158
53.00000000,1893.00000000,0.13818344
53.00000000,1894.00000000,0.13819147
53.00000000,1895.00000000,0.13820364
53.00000000,1896.00000000,0.13821198
53.00000000,1897.00000000,0.13822420
53.00000000,1898.00000000,0.13824395
53.00000000,1899.00000000,0.13824802
53.00000000,1900.00000000,0.13826317
53.00000000,1901.00000000,0.13827022
53.00000000,1902.00000000,0.13828497
53.00000000,1903.00000000,0.13830355
53.00000000,1904.00000000,0.13830670
53.00000000,1905.00000000,0.13832156
53.00000000,1906.00000000,0.13833256
53.00000000,1907.00000000,0.13837423
53.00000000,1908.00000000,0.13838460
53.00000000,1909.00000000,0.13840619
53.00000000,1910.00000000,0.13841213
53.00000000,1911.00000000,0.13841780
53.00000000,1912.00000000,0.13843793
53.00000000,1913.00000000,0.13846850
53.00000000,1914.00000000,0.13848252
53.00000000,1915.00000000,0.13848857
53.00000000,1916.00000000,0.13851414
53.00000000,1917.00000000,0.13854421
53.00000000,1918.00000000,0.13857055
53.00000000,1919.00000000,0.13858209
53.00000000,1920.00000000,0.13861512
53.00000000,1921.00000000,0.13863744
53.00000000,1922.00000000,0.13866951
53.00000000,1923.00000000,0.13869550
53.00000000,1924.00000000,0.13873764
53.00000000,1925.00000000,0.13881081
53.00000000,1926.00000000,0.13886107
53.00000000,1927.00000000,0.13883071
53.00000000,1928.00000000,0.13889293
53.00000000,1929.00000000,0.13891257
53.00000000,1930.00000000,0.13893248
53.00000000,1931.00000000,0.13894785
53.00000000,1932.00000000,0.13901364
53.00000000,1933.00000000,0.13912733
53.00000000,1934.00000000,0.13916965
53.00000000,1935.00000000,0.13923555
53.00000000,1936.00000000,0.13931262
53.00000000,1937.00000000,0.13933842
53.00000000,1938.00000000,0.13935865
53.00000000,1939.00000000,0.13938549
53.00000000,1940.00000000,0.13945021
53.00000000,1941.00000000,0.13958286
53.00000000,1942.00000000,0.13959100
53.00000000,1943.00000000,0.13971000
53.00000000,1944.00000000,0.13977840
53.00000000,1945.00000000,0.13979317
53.00000000,1946.00000000,0.13978685
53.00000000,1947.00000000,0.13984909
53.00000000,1948.00000000,0.13995125
53.00000000,1949.00000000,0.14001489
53.00000000,1950.00000000,0.14010939
53.00000000,1951.00000000,0.14021889
53.00000000,1952.00000000,0.14039410
53.00000000,1953.00000000,0.14051109
53.00000000,1954.00000000,0.14059286
53.00000000,1955.00000000,0.14065914
53.00000000,1956.00000000,0.14086704
53.00000000,1957.00000000,0.14090438
53.00000000,1958.00000000,0.14106333
53.00000000,1959.00000000,0.14123982
53.00000000,1960.00000000,0.14153976
53.00000000,1961.00000000,0.14140962
53.00000000,1962.00000000,0.14154282
53.00000000,1963.00000000,0.14167038
53.00000000,1964.00000000,0.14173020
53.00000000,1965.00000000,0.14188726
53.00000000,1966.00000000,0.14212185
53.00000000,1967.00000000,0.14175019
53.00000000,1968.00000000,0.14168687
53.00000000,1969.00000000,0.14190816
53.00000000,1970.00000000,0.14209073
53.00000000,1971.00000000,0.14198721
53.00000000,1972.00000000,0.14145118
53.00000000,1973.00000000,0.14189255
53.00000000,1974.00000000,0.14135114
53.00000000,1975.00000000,0.14146348
53.00000000,1976.00000000,0.14189377
53.00000000,1977.00000000,0.14181865
53.00000000,1978.00000000,0.14181627
53.00000000,1979.00000000,0.14179835
53.00000000,1980.00000000,0.14205135
53.00000000,1981.00000000,0.14201401
53.00000000,1982.00000000,0.14227459
53.00000000,1983.00000000,0.14188518
53.00000000,1984.00000000,0.14142278
53.00000000,1985.00000000,0.14104252
53.00000000,1986.00000000,0.14119681
53.00000000,1987.00000000,0.14148351
53.00000000,1988.00000000,0.14167223
53.00000000,1989.00000000,0.14204852
53.00000000,1990.00000000,0.14233318
53.00000000,1991.00000000,0.14206198
53.00000000,1992.00000000,0.14223897
53.00000000,1993.00000000,0.14263582
53.00000000,1994.00000000,0.14276256
53.00000000,1995.00000000,0.14279006
53.00000000,1996.00000000,0.14297629
53.00000000,1997.00000000,0.14294696
53.00000000,1998.00000000,0.14210084
53.00000000,1999.00000000,0.14240331
53.00000000,2000.00000000,0.14299907
53.00000000,2001.00000000,0.14330484
53.00000000,2002.00000000,0.14313005
53.00000000,2003.00000000,0.14395117
53.00000000,2004.00000000,0.14449504
53.00000000,2005.00000000,0.14461813
53.00000000,2006.00000000,0.14480056
53.00000000,2007.00000000,0.14489817
53.00000000,2008.00000000,0.14557671
53.00000000,2009.00000000,0.14608806
53.00000000,2010.00000000,0.14643257
53.00000000,2011.00000000,0.14665263
53.00000000,2012.00000000,0.14714249
53.00000000,2013.00000000,0.14756422
53.00000000,2014.00000000,0.14761124
53.00000000,2015.00000000,0.14799202
53.00000000,2016.00000000,0.14852836
53.00000000,2017.00000000,0.14910673
53.00000000,2018.00000000,0.14959462
53.00000000,2019.00000000,0.15016616
53.00000000,2020.00000000,0.15053068
53.00000000,2021.00000000,0.15115992
53.00000000,2022.00000000,0.15191830
53.00000000,2023.00000000,0.15291490
53.00000000,2024.00000000,0.15345347
53.00000000,2025.00000000,0.15403892
53.00000000,2026.00000000,0.15487813
53.00000000,2027.00000000,0.15486345
53.00000000,2028.00000000,0.15470591
53.00000000,2029.00000000,0.15566100
53.00000000,2030.00000000,0.15615794
53.00000000,2031.00000000,0.15639195
53.00000000,2032.00000000,0.15739413
53.00000000,2033.00000000,0.15713515
53.00000000,2034.00000000,0.15646818
53.00000000,2035.00000000,0.15625906
53.00000000,2036.00000000,0.15613844
53.00000000,2037.00000000,0.15674948
53.00000000,2038.00000000,0.15726183
53.00000000,2039.00000000,0.15781660
53.00000000,2040.00000000,0.15828396
53.00000000,2041.00000000,0.15900090
53.00000000,2042.00000000,0.15939644
53.00000000,2043.00000000,0.15952976
53.00000000,2044.00000000,0.15979306
53.00000000,2045.00000000,0.15928563
53.00000000,2046.00000000,0.15922993
53.00000000,2047.00000000,0.15958479
53.00000000,2048.00000000,0.15998128
53.00000000,2049.00000000,0.16040499
53.00000000,2050.00000000,0.16072000
53.00000000,2051.00000000,0.16052047
53.00000000,2052.00000000,0.16036484
53.00000000,2053.00000000,0.16088619
53.00000000,2054.00000000,0.16138859
53.00000000,2055.00000000,0.16149776
53.00000000,2056.00000000,0.16264245
53.00000000,2057.00000000,0.16396380
53.00000000,2058.00000000,0.16496764
53.00000000,2059.00000000,0.16557576
53.00000000,2060.00000000,0.16618423
53.00000000,2061.00000000,0.16679372
53.00000000,2062.00000000,0.16740425
53.00000000,2063.00000000,0.16801700
53.00000000,2064.00000000,0.16888625
53.00000000,2065.00000000,0.16975861
53.00000000,2066.00000000,0.17063486
53.00000000,2067.00000000,0.17151452
53.00000000,2068.00000000,0.17239785
53.00000000,2069.00000000,0.17328463
53.00000000,2070.00000000,0.17417476
53.00000000,2071.00000000,0.17506836
53.00000000,2072.00000000,0.17596616
53.00000000,2073.00000000,0.17686907
53.00000000,2074.00000000,0.17766669
53.00000000,2075.00000000,0.17847038
53.00000000,2076.00000000,0.17928016
53.00000000,2077.00000000,0.18009602
53.00000000,2078.00000000,0.18091787
53.00000000,2079.00000000,0.18174530
53.00000000,2080.00000000,0.18257840
53.00000000,2081.00000000,0.18341701
53.00000000,2082.00000000,0.18426123
53.00000000,2083.00000000,0.18511193
53.00000000,2084.00000000,0.18619808
53.00000000,2085.00000000,0.18729041
53.00000000,2086.00000000,0.18838876
53.00000000,2087.00000000,0.18949282
53.00000000,2088.00000000,0.19060234
53.00000000,2089.00000000,0.19171689
53.00000000,2090.00000000,0.19283624
53.00000000,2091.00000000,0.19396009
53.00000000,2092.00000000,0.19508893
53.00000000,2093.00000000,0.19622308
53.00000000,2094.00000000,0.19752871
53.00000000,2095.00000000,0.19883958
53.00000000,2096.00000000,0.20015530
53.00000000,2097.00000000,0.20147568
53.00000000,2098.00000000,0.20280030
53.00000000,2099.00000000,0.20412860
53.00000000,2100.00000000,0.20546044
53.00000000,2101.00000000,0.20679538
53.00000000,2102.00000000,0.20813373
53.00000000,2103.00000000,0.20947564
53.00000000,2104.00000000,0.21081155
53.00000000,2105.00000000,0.21215080
53.00000000,2106.00000000,0.21349301
53.00000000,2107.00000000,0.21483768
53.00000000,2108.00000000,0.21618467
53.00000000,2109.00000000,0.21753344
53.00000000,2110.00000000,0.21888335
53.00000000,2111.00000000,0.22023432
53.00000000,2112.00000000,0.22158577
53.00000000,2113.00000000,0.22293704
53.00000000,2114.00000000,0.22392615
53.00000000,2115.00000000,0.22491425
53.00000000,2116.00000000,0.22590139
53.00000000,2117.00000000,0.22688721
53.00000000,2118.00000000,0.22787126
53.00000000,2119.00000000,0.22885354
53.00000000,2120.00000000,0.22983379
53.00000000,2121.00000000,0.23081151
53.00000000,2122.00000000,0.23178673
53.00000000,2123.00000000,0.23275910
53.00000000,2124.00000000,0.23340261
53.00000000,2125.00000000,0.23404298
53.00000000,2126.00000000,0.23467975
53.00000000,2127.00000000,0.23531325
53.00000000,2128.00000000,0.23594324
53.00000000,2129.00000000,0.23656948
53.00000000,2130.00000000,0.23719212
53.00000000,2131.00000000,0.23781103
53.00000000,2132.00000000,0.23842592
53.00000000,2133.00000000,0.23903693
53.00000000,2134.00000000,0.23946272
53.00000000,2135.00000000,0.23988426
53.00000000,2136.00000000,0.24030180
53.00000000,2137.00000000,0.24071516
53.00000000,2138.00000000,0.24112442
53.00000000,2139.00000000,0.24152957
53.00000000,2140.00000000,0.24193047
53.00000000,2141.00000000,0.24232725
53.00000000,2142.00000000,0.24271987
53.00000000,2143.00000000,0.24310811
53.00000000,2144.00000000,0.24330632
53.00000000,2145.00000000,0.24350031
53.00000000,2146.00000000,0.24369015
53.00000000,2147.00000000,0.24387590
53.00000000,2148.00000000,0.24405764
53.00000000,2149.00000000,0.24423540
53.00000000,2150.00000000,0.24440923
53.00000000,2151.00000000,0.24458039
53.00000000,2152.00000000,0.24475282
53.00000000,2153.00000000,0.24492989
53.00000000,2154.00000000,0.24497169
53.00000000,2155.00000000,0.24502092
53.00000000,2156.00000000,0.24507782
53.00000000,2157.00000000,0.24514223
53.00000000,2158.00000000,0.24521413
53.00000000,2159.00000000,0.24529314
53.00000000,2160.00000000,0.24537881
53.00000000,2161.00000000,0.24547103
53.00000000,2162.00000000,0.24556925
53.00000000,2163.00000000,0.24567337
53.00000000,2164.00000000,0.24578292
53.00000000,2165.00000000,0.24589767
53.00000000,2166.00000000,0.24601725
53.00000000,2167.00000000,0.24614144
53.00000000,2168.00000000,0.24626987
53.00000000,2169.00000000,0.24640253
53.00000000,2170.00000000,0.24653902
53.00000000,2171.00000000,0.24667906
53.00000000,2172.00000000,0.24682259
53.00000000,2173.00000000,0.24696935
53.00000000,2174.00000000,0.24711902
53.00000000,2175.00000000,0.24727166
53.00000000,2176.00000000,0.24742691
53.00000000,2177.00000000,0.24758470
53.00000000,2178.00000000,0.24774475
53.00000000,2179.00000000,0.24790700
53.00000000,2180.00000000,0.24807131
53.00000000,2181.00000000,0.24823751
53.00000000,2182.00000000,0.24840538
53.00000000,2183.00000000,0.24857493
53.00000000,2184.00000000,0.24874597
53.00000000,2185.00000000,0.24891828
53.00000000,2186.00000000,0.24909192
53.00000000,2187.00000000,0.24926667
53.00000000,2188.00000000,0.24944246
53.00000000,2189.00000000,0.24961916
53.00000000,2190.00000000,0.24979660
53.00000000,2191.00000000,0.24997481
53.00000000,2192.00000000,0.25015363
53.00000000,2193.00000000,0.25033287
53.00000000,2194.00000000,0.25051261
53.00000000,2195.00000000,0.25069265
53.00000000,2196.00000000,0.25087291
53.00000000,2197.00000000,0.25105338
53.00000000,2198.00000000,0.25123389
53.00000000,2199.00000000,0.25141437
53.00000000,2200.00000000,0.25159475
53.00000000,2201.00000000,0.25177482
53.00000000,2202.00000000,0.25195469
53.00000000,2203.00000000,0.25213398
53.00000000,2204.00000000,0.25134734
53.00000000,2205.00000000,0.25055915
53.00000000,2206.00000000,0.24976937
53.00000000,2207.00000000,0.24897804
53.00000000,2208.00000000,0.24818540
53.00000000,2209.00000000,0.24739149
53.00000000,2210.00000000,0.24659623
53.00000000,2211.00000000,0.24579993
53.00000000,2212.00000000,0.24500255
53.00000000,2213.00000000,0.24420419
53.00000000,2214.00000000,0.24340492
53.00000000,2215.00000000,0.24260472
53.00000000,2216.00000000,0.24180380
53.00000000,2217.00000000,0.24100213
53.00000000,2218.00000000,0.24019977
53.00000000,2219.00000000,0.23939682
53.00000000,2220.00000000,0.23859332
53.00000000,2221.00000000,0.23778911
53.00000000,2222.00000000,0.23698454
53.00000000,2223.00000000,0.23617956
53.00000000,2224.00000000,0.23537420
53.00000000,2225.00000000,0.23456850
53.00000000,2226.00000000,0.23376233
53.00000000,2227.00000000,0.23295598
53.00000000,2228.00000000,0.23214942
53.00000000,2229.00000000,0.23134265
53.00000000,2230.00000000,0.23053565
53.00000000,2231.00000000,0.22972848
53.00000000,2232.00000000,0.22892114
53.00000000,2233.00000000,0.22811376
53.00000000,2234.00000000,0.22730633
53.00000000,2235.00000000,0.22649869
53.00000000,2236.00000000,0.22569107
53.00000000,2237.00000000,0.22488341
53.00000000,2238.00000000,0.22407583
53.00000000,2239.00000000,0.22326817
53.00000000,2240.00000000,0.22246050
53.00000000,2241.00000000,0.22165291
53.00000000,2242.00000000,0.22084541
53.00000000,2243.00000000,0.22003784
53.00000000,2244.00000000,0.21923038
53.00000000,2245.00000000,0.21842301
53.00000000,2246.00000000,0.21761570
53.00000000,2247.00000000,0.21680845
53.00000000,2248.00000000,0.21600126
53.00000000,2249.00000000,0.21519401
53.00000000,2250.00000000,0.21438512
53.00000000,2251.00000000,0.21357193
53.00000000,2252.00000000,0.21275203
53.00000000,2253.00000000,0.21192406
53.00000000,2254.00000000,0.21108747
53.00000000,2255.00000000,0.21024230
53.00000000,2256.00000000,0.20938862
53.00000000,2257.00000000,0.20852651
53.00000000,2258.00000000,0.20765629
53.00000000,2259.00000000,0.20677818
53.00000000,2260.00000000,0.20589238
53.00000000,2261.00000000,0.20499937
53.00000000,2262.00000000,0.20409952
53.00000000,2263.00000000,0.20319330
53.00000000,2264.00000000,0.20228103
53.00000000,2265.00000000,0.20136299
53.00000000,2266.00000000,0.20043947
53.00000000,2267.00000000,0.19951074
53.00000000,2268.00000000,0.19857695
53.00000000,2269.00000000,0.19763842
53.00000000,2270.00000000,0.19669534
53.00000000,2271.00000000,0.19574785
53.00000000,2272.00000000,0.19479624
53.00000000,2273.00000000,0.19384066
53.00000000,2274.00000000,0.19288133
53.00000000,2275.00000000,0.19191843
53.00000000,2276.00000000,0.19095208
53.00000000,2277.00000000,0.18998255
53.00000000,2278.00000000,0.18900996
53.00000000,2279.00000000,0.18803445
53.00000000,2280.00000000,0.18705625
53.00000000,2281.00000000,0.18607545
53.00000000,2282.00000000,0.18509220
53.00000000,2283.00000000,0.18410667
53.00000000,2284.00000000,0.18311896
53.00000000,2285.00000000,0.18212927
53.00000000,2286.00000000,0.18113767
53.00000000,2287.00000000,0.18014429
53.00000000,2288.00000000,0.17914926
53.00000000,2289.00000000,0.17815273
53.00000000,2290.00000000,0.17715473
53.00000000,2291.00000000,0.17615547
53.00000000,2292.00000000,0.17515500
53.00000000,2293.00000000,0.17415341
53.00000000,2294.00000000,0.17315084
53.00000000,2295.00000000,0.17214740
53.00000000,2296.00000000,0.17114311
53.00000000,2297.00000000,0.17013816
53.00000000,2298.00000000,0.16913256
53.00000000,2299.00000000,0.16812650
53.00000000,2300.00000000,0.16712003
53.00000000,2301.00000000,0.16611329
53.00000000,2302.00000000,0.16532184
53.00000000,2303.00000000,0.16516481
53.00000000,2304.00000000,0.16518130
53.00000000,2305.00000000,0.16519802
53.00000000,2306.00000000,0.16521499
53.00000000,2307.00000000,0.16523211
53.00000000,2308.00000000,0.16524948
53.00000000,2309.00000000,0.16529419
53.00000000,2310.00000000,0.16533914
53.00000000,2311.00000000,0.16538427
53.00000000,2312.00000000,0.16542954
53.00000000,2313.00000000,0.16547502
53.00000000,2314.00000000,0.16546687
53.00000000,2315.00000000,0.16545882
53.00000000,2316.00000000,0.16545095
53.00000000,2317.00000000,0.16544321
53.00000000,2318.00000000,0.16543555
53.00000000,2319.00000000,0.16542806
53.00000000,2320.00000000,0.16542069
53.00000000,2321.00000000,0.16541340
53.00000000,2322.00000000,0.16540627
53.00000000,2323.00000000,0.16539923
53.00000000,2324.00000000,0.16539232
53.00000000,2325.00000000,0.16538551
53.00000000,2326.00000000,0.16537879
53.00000000,2327.00000000,0.16537221
53.00000000,2328.00000000,0.16536573
53.00000000,2329.00000000,0.16535697
53.00000000,2330.00000000,0.16534836
53.00000000,2331.00000000,0.16533986
53.00000000,2332.00000000,0.16533138
53.00000000,2333.00000000,0.16532306
53.00000000,2334.00000000,0.16531476
53.00000000,2335.00000000,0.16530661
53.00000000,2336.00000000,0.16529854
53.00000000,2337.00000000,0.16529052
53.00000000,2338.00000000,0.16528262
53.00000000,2339.00000000,0.16527480
53.00000000,2340.00000000,0.16526700
53.00000000,2341.00000000,0.16525934
53.00000000,2342.00000000,0.16525175
53.00000000,2343.00000000,0.16524421
53.00000000,2344.00000000,0.16523677
53.00000000,2345.00000000,0.16522936
53.00000000,2346.00000000,0.16522206
53.00000000,2347.00000000,0.16521484
53.00000000,2348.00000000,0.16520764
53.00000000,2349.00000000,0.16520055
53.00000000,2350.00000000,0.16519352
53.00000000,2351.00000000,0.16518652
53.00000000,2352.00000000,0.16517963
53.00000000,2353.00000000,0.16517281
53.00000000,2354.00000000,0.16517120
53.00000000,2355.00000000,0.16516970
53.00000000,2356.00000000,0.16516827
53.00000000,2357.00000000,0.16516688
53.00000000,2358.00000000,0.16516559
53.00000000,2359.00000000,0.16516434
53.00000000,2360.00000000,0.16516318
53.00000000,2361.00000000,0.16516210
53.00000000,2362.00000000,0.16516103
53.00000000,2363.00000000,0.16516005
53.00000000,2364.00000000,0.16515915
53.00000000,2365.00000000,0.16515824
53.00000000,2366.00000000,0.16515745
53.00000000,2367.00000000,0.16515670
53.00000000,2368.00000000,0.16515597
53.00000000,2369.00000000,0.16515534
53.00000000,2370.00000000,0.16515469
53.00000000,2371.00000000,0.16515415
53.00000000,2372.00000000,0.16515367
53.00000000,2373.00000000,0.16515317
53.00000000,2374.00000000,0.16515277
53.00000000,2375.00000000,0.16515242
53.00000000,2376.00000000,0.16515206
53.00000000,2377.00000000,0.16515178
53.00000000,2378.00000000,0.16515155
53.00000000,2379.00000000,0.16515132
53.00000000,2380.00000000,0.16515117
53.00000000,2381.00000000,0.16515105
53.00000000,2382.00000000,0.16515091
53.00000000,2383.00000000,0.16515087
53.00000000,2384.00000000,0.16515081
53.00000000,2385.00000000,0.16515084
53.00000000,2386.00000000,0.16515089
53.00000000,2387.00000000,0.16515093
53.00000000,2388.00000000,0.16515105
53.00000000,2389.00000000,0.16515120
53.00000000,2390.00000000,0.16515132
53.00000000,2391.00000000,0.16515153
53.00000000,2392.00000000,0.16515177
53.00000000,2393.00000000,0.16515198
53.00000000,2394.00000000,0.16515226
53.00000000,2395.00000000,0.16515252
53.00000000,2396.00000000,0.16515285
53.00000000,2397.00000000,0.16515320
53.00000000,2398.00000000,0.16515354
53.00000000,2399.00000000,0.16515394
53.00000000,2400.00000000,0.16515436
53.00000000,2401.00000000,0.16515476
53.00000000,2402.00000000,0.16515523
53.00000000,2403.00000000,0.16515573
53.00000000,2404.00000000,0.16515472
53.00000000,2405.00000000,0.16515379
53.00000000,2406.00000000,0.16515289
53.00000000,2407.00000000,0.16515196
53.00000000,2408.00000000,0.16515113
53.00000000,2409.00000000,0.16515026
53.00000000,2410.00000000,0.16514946
53.00000000,2411.00000000,0.16514870
53.00000000,2412.00000000,0.16514790
53.00000000,2413.00000000,0.16514718
53.00000000,2414.00000000,0.16514647
53.00000000,2415.00000000,0.16514575
53.00000000,2416.00000000,0.16514509
53.00000000,2417.00000000,0.16514446
53.00000000,2418.00000000,0.16514379
53.00000000,2419.00000000,0.16514320
53.00000000,2420.00000000,0.16514257
53.00000000,2421.00000000,0.16514201
53.00000000,2422.00000000,0.16514147
53.00000000,2423.00000000,0.16514088
53.00000000,2424.00000000,0.16514039
53.00000000,2425.00000000,0.16513989
53.00000000,2426.00000000,0.16513936
53.00000000,2427.00000000,0.16513891
53.00000000,2428.00000000,0.16513845
53.00000000,2429.00000000,0.16513797
53.00000000,2430.00000000,0.16513755
53.00000000,2431.00000000,0.16513709
53.00000000,2432.00000000,0.16513668
53.00000000,2433.00000000,0.16513631
53.00000000,2434.00000000,0.16513588
53.00000000,2435.00000000,0.16513553
53.00000000,2436.00000000,0.16513518
53.00000000,2437.00000000,0.16513478
53.00000000,2438.00000000,0.16513446
53.00000000,2439.00000000,0.16513414
53.00000000,2440.00000000,0.16513377
53.00000000,2441.00000000,0.16513346
53.00000000,2442.00000000,0.16513318
53.00000000,2443.00000000,0.16513283
53.00000000,2444.00000000,0.16513257
53.00000000,2445.00000000,0.16513223
53.00000000,2446.00000000,0.16513197
53.00000000,2447.00000000,0.16513172
53.00000000,2448.00000000,0.16513139
53.00000000,2449.00000000,0.16513115
53.00000000,2450.00000000,0.16513093
53.00000000,2451.00000000,0.16513062
53.00000000,2452.00000000,0.16513040
53.00000000,2453.00000000,0.16513016
53.00000000,2454.00000000,0.16512828
53.00000000,2455.00000000,0.16512648
53.00000000,2456.00000000,0.16512460
53.00000000,2457.00000000,0.16512278
53.00000000,2458.00000000,0.16512097
53.00000000,2459.00000000,0.16511906
53.00000000,2460.00000000,0.16511724
53.00000000,2461.00000000,0.16511541
53.00000000,2462.00000000,0.16511349
53.00000000,2463.00000000,0.16511166
53.00000000,2464.00000000,0.16510981
53.00000000,2465.00000000,0.16510787
53.00000000,2466.00000000,0.16510602
53.00000000,2467.00000000,0.16510418
53.00000000,2468.00000000,0.16510223
53.00000000,2469.00000000,0.16510037
53.00000000,2470.00000000,0.16509841
53.00000000,2471.00000000,0.16509654
53.00000000,2472.00000000,0.16509467
53.00000000,2473.00000000,0.16509270
53.00000000,2474.00000000,0.16509083
53.00000000,2475.00000000,0.16508895
53.00000000,2476.00000000,0.16508697
53.00000000,2477.00000000,0.16508508
53.00000000,2478.00000000,0.16508318
53.00000000,2479.00000000,0.16508120
53.00000000,2480.00000000,0.16507930
53.00000000,2481.00000000,0.16507730
53.00000000,2482.00000000,0.16507539
53.00000000,2483.00000000,0.16507349
53.00000000,2484.00000000,0.16507148
53.00000000,2485.00000000,0.16506958
53.00000000,2486.00000000,0.16506766
53.00000000,2487.00000000,0.16506565
53.00000000,2488.00000000,0.16506373
53.00000000,2489.00000000,0.16506180
53.00000000,2490.00000000,0.16505978
53.00000000,2491.00000000,0.16505787
53.00000000,2492.00000000,0.16505584
53.00000000,2493.00000000,0.16505391
53.00000000,2494.00000000,0.16505197
53.00000000,2495.00000000,0.16504995
53.00000000,2496.00000000,0.16504803
53.00000000,2497.00000000,0.16504609
53.00000000,2498.00000000,0.16504406
53.00000000,2499.00000000,0.16504213
53.00000000,2500.00000000,0.16504019
54.00000000,1765.00000000,0.13476713
54.00000000,1766.00000000,0.13476718
54.00000000,1767.00000000,0.13476731
54.00000000,1768.00000000,0.13476740
54.00000000,1769.00000000,0.13476766
54.00000000,1770.00000000,0.13476806
54.00000000,1771.00000000,0.13476864
54.00000000,1772.00000000,0.13476923
54.00000000,1773.00000000,0.13477005
54.00000000,1774.00000000,0.13477109
54.00000000,1775.00000000,0.13477225
54.00000000,1776.00000000,0.13477354
54.00000000,1777.00000000,0.13477491
54.00000000,1778.00000000,0.13477645
54.00000000,1779.00000000,0.13477813
54.00000000,1780.00000000,0.13478000
54.00000000,1781.00000000,0.13478193
54.00000000,1782.00000000,0.13478408
54.00000000,1783.00000000,0.13478623
54.00000000,1784.00000000,0.13478861
54.00000000,1785.00000000,0.13479102
54.00000000,1786.00000000,0.13479356
54.00000000,1787.00000000,0.13479623
54.00000000,1788.00000000,0.13479895
54.00000000,1789.00000000,0.13480184
54.00000000,1790.00000000,0.13480489
54.00000000,1791.00000000,0.13480785
54.00000000,1792.00000000,0.13481107
54.00000000,1793.00000000,0.13481438
54.00000000,1794.00000000,0.13481767
54.00000000,1795.00000000,0.13482113
54.00000000,1796.00000000,0.13482459
54.00000000,1797.00000000,0.13482825
54.00000000,1798.00000000,0.13483193
54.00000000,1799.00000000,0.13483567
54.00000000,1800.00000000,0.13483950
54.00000000,1801.00000000,0.13484341
54.00000000,1802.00000000,0.13484743
54.00000000,1803.00000000,0.13485148
54.00000000,1804.00000000,0.13485560
54.00000000,1805.00000000,0.13485979
54.00000000,1806.00000000,0.13486415
54.00000000,1807.00000000,0.13486854
54.00000000,1808.00000000,0.13487302
54.00000000,1809.00000000,0.13487755
54.00000000,1810.00000000,0.13488222
54.00000000,1811.00000000,0.13488699
54.00000000,1812.00000000,0.13489183
54.00000000,1813.00000000,0.13489683
54.00000000,1814.00000000,0.13490189
54.00000000,1815.00000000,0.13490713
54.00000000,1816.00000000,0.13491244
54.00000000,1817.00000000,0.13491786
54.00000000,1818.00000000,0.13492346
54.00000000,1819.00000000,0.13492913
54.00000000,1820.00000000,0.13494624
54.00000000,1821.00000000,0.13495227
54.00000000,1822.00000000,0.13495836
54.00000000,1823.00000000,0.13496469
54.00000000,1824.00000000,0.13497111
54.00000000,1825.00000000,0.13498145
54.00000000,1826.00000000,0.13498813
54.00000000,1827.00000000,0.13499498
54.00000000,1828.00000000,0.13500186
54.00000000,1829.00000000,0.13500894
54.00000000,1830.00000000,0.13501608
54.00000000,1831.00000000,0.13502330
54.00000000,1832.00000000,0.13503059
54.00000000,1833.00000000,0.13503792
54.00000000,1834.00000000,0.13504542
54.00000000,1835.00000000,0.13505674
54.00000000,1836.00000000,0.13506438
54.00000000,1837.00000000,0.13507204
54.00000000,1838.00000000,0.13507983
54.00000000,1839.00000000,0.13508761
54.00000000,1840.00000000,0.13509551
54.00000000,1841.00000000,0.13510342
54.00000000,1842.00000000,0.13511140
54.00000000,1843.00000000,0.13511941
54.00000000,1844.00000000,0.13512748
54.00000000,1845.00000000,0.13513936
54.00000000,1846.00000000,0.13514754
54.00000000,1847.00000000,0.13515565
54.00000000,1848.00000000,0.13516383
54.00000000,1849.00000000,0.13517207
54.00000000,1850.00000000,0.13518027
54.00000000,1851.00000000,0.13519231
54.00000000,1852.00000000,0.13520051
54.00000000,1853.00000000,0.13520920
54.00000000,1854.00000000,0.13522181
54.00000000,1855.00000000,0.13523068
54.00000000,1856.00000000,0.13524694
54.00000000,1857.00000000,0.13525179
54.00000000,1858.00000000,0.13526030
54.00000000,1859.00000000,0.13526886
54.00000000,1860.00000000,0.13528113
54.00000000,1861.00000000,0.13528960
54.00000000,1862.00000000,0.13529782
54.00000000,1863.00000000,0.13530538
54.00000000,1864.00000000,0.13531230
54.00000000,1865.00000000,0.13532265
54.00000000,1866.00000000,0.13532890
54.00000000,1867.00000000,0.13533481
54.00000000,1868.00000000,0.13534052
54.00000000,1869.00000000,0.13534975
54.00000000,1870.00000000,0.13535880
54.00000000,1871.00000000,0.13536761
54.00000000,1872.00000000,0.13537288
54.00000000,1873.00000000,0.13537896
54.00000000,1874.00000000,0.13538560
54.00000000,1875.00000000,0.13539248
54.00000000,1876.00000000,0.13540344
54.00000000,1877.00000000,0.13541455
54.00000000,1878.00000000,0.13542209
54.00000000,1879.00000000,0.13543355
54.00000000,1880.00000000,0.13544135
54.00000000,1881.00000000,0.13545281
54.00000000,1882.00000000,0.13546053
54.00000000,1883.00000000,0.13546751
54.00000000,1884.00000000,0.13549695
54.00000000,1885.00000000,0.13549947
54.00000000,1886.00000000,0.13550559
54.00000000,1887.00000000,0.13551547
54.00000000,1888.00000000,0.13552135
54.00000000,1889.00000000,0.13553076
54.00000000,1890.00000000,0.13555117
54.00000000,1891.00000000,0.13555606
54.00000000,1892.00000000,0.13556428
54.00000000,1893.00000000,0.13557245
54.00000000,1894.00000000,0.13558439
54.00000000,1895.00000000,0.13559279
54.00000000,1896.00000000,0.13560507
54.00000000,1897.00000000,0.13561352
54.00000000,1898.00000000,0.13562564
54.00000000,1899.00000000,0.13564512
54.00000000,1900.00000000,0.13564887
54.00000000,1901.00000000,0.13566366
54.00000000,1902.00000000,0.13567087
54.00000000,1903.00000000,0.13568569
54.00000000,1904.00000000,0.13570424
54.00000000,1905.00000000,0.13570777
54.00000000,1906.00000000,0.13572279
54.00000000,1907.00000000,0.13573398
54.00000000,1908.00000000,0.13577495
54.00000000,1909.00000000,0.13578535
54.00000000,1910.00000000,0.13580691
54.00000000,1911.00000000,0.13581302
54.00000000,1912.00000000,0.13581815
54.00000000,1913.00000000,0.13583745
54.00000000,1914.00000000,0.13586689
54.00000000,1915.00000000,0.13588091
54.00000000,1916.00000000,0.13588765
54.00000000,1917.00000000,0.13591364
54.00000000,1918.00000000,0.13594364
54.00000000,1919.00000000,0.13597039
54.00000000,1920.00000000,0.13598329
54.00000000,1921.00000000,0.13601754
54.00000000,1922.00000000,0.13604158
54.00000000,1923.00000000,0.13607487
54.00000000,1924.00000000,0.13610119
54.00000000,1925.00000000,0.13614298
54.00000000,1926.00000000,0.13621547
54.00000000,1927.00000000,0.13626548
54.00000000,1928.00000000,0.13623600
54.00000000,1929.00000000,0.13629755
54.00000000,1930.00000000,0.13631742
54.00000000,1931.00000000,0.13633882
54.00000000,1932.00000000,0.13635648
54.00000000,1933.00000000,0.13642348
54.00000000,1934.00000000,0.13653761
54.00000000,1935.00000000,0.13658021
54.00000000,1936.00000000,0.13664514
54.00000000,1937.00000000,0.13672027
54.00000000,1938.00000000,0.13674426
54.00000000,1939.00000000,0.13676335
54.00000000,1940.00000000,0.13678929
54.00000000,1941.00000000,0.13685206
54.00000000,1942.00000000,0.13698168
54.00000000,1943.00000000,0.13698907
54.00000000,1944.00000000,0.13710606
54.00000000,1945.00000000,0.13717395
54.00000000,1946.00000000,0.13719064
54.00000000,1947.00000000,0.13718747
54.00000000,1948.00000000,0.13725039
54.00000000,1949.00000000,0.13735140
54.00000000,1950.00000000,0.13741424
54.00000000,1951.00000000,0.13750726
54.00000000,1952.00000000,0.13761582
54.00000000,1953.00000000,0.13778846
54.00000000,1954.00000000,0.13790365
54.00000000,1955.00000000,0.13798473
54.00000000,1956.00000000,0.13805017
54.00000000,1957.00000000,0.13825474
54.00000000,1958.00000000,0.13829094
54.00000000,1959.00000000,0.13844713
54.00000000,1960.00000000,0.13861911
54.00000000,1961.00000000,0.13891336
54.00000000,1962.00000000,0.13878457
54.00000000,1963.00000000,0.13891571
54.00000000,1964.00000000,0.13904087
54.00000000,1965.00000000,0.13909881
54.00000000,1966.00000000,0.13925240
54.00000000,1967.00000000,0.13948264
54.00000000,1968.00000000,0.13911463
54.00000000,1969.00000000,0.13905004
54.00000000,1970.00000000,0.13926556
54.00000000,1971.00000000,0.13944167
54.00000000,1972.00000000,0.13933453
54.00000000,1973.00000000,0.13880193
54.00000000,1974.00000000,0.13923399
54.00000000,1975.00000000,0.13869889
54.00000000,1976.00000000,0.13881050
54.00000000,1977.00000000,0.13923651
54.00000000,1978.00000000,0.13916338
54.00000000,1979.00000000,0.13916201
54.00000000,1980.00000000,0.13914471
54.00000000,1981.00000000,0.13939577
54.00000000,1982.00000000,0.13936416
54.00000000,1983.00000000,0.13962970
54.00000000,1984.00000000,0.13925412
54.00000000,1985.00000000,0.13880489
54.00000000,1986.00000000,0.13843447
54.00000000,1987.00000000,0.13858964
54.00000000,1988.00000000,0.13887429
54.00000000,1989.00000000,0.13906155
54.00000000,1990.00000000,0.13943345
54.00000000,1991.00000000,0.13971559
54.00000000,1992.00000000,0.13945085
54.00000000,1993.00000000,0.13962869
54.00000000,1994.00000000,0.14002472
54.00000000,1995.00000000,0.14015380
54.00000000,1996.00000000,0.14018389
54.00000000,1997.00000000,0.14036933
54.00000000,1998.00000000,0.14034188
54.00000000,1999.00000000,0.13950975
54.00000000,2000.00000000,0.13981115
54.00000000,2001.00000000,0.14040115
54.00000000,2002.00000000,0.14070443
54.00000000,2003.00000000,0.14053416
54.00000000,2004.00000000,0.14134387
54.00000000,2005.00000000,0.14187736
54.00000000,2006.00000000,0.14199367
54.00000000,2007.00000000,0.14216865
54.00000000,2008.00000000,0.14226075
54.00000000,2009.00000000,0.14292654
54.00000000,2010.00000000,0.14342801
54.00000000,2011.00000000,0.14376539
54.00000000,2012.00000000,0.14398013
54.00000000,2013.00000000,0.14446058
54.00000000,2014.00000000,0.14487378
54.00000000,2015.00000000,0.14491749
54.00000000,2016.00000000,0.14529042
54.00000000,2017.00000000,0.14581684
54.00000000,2018.00000000,0.14638493
54.00000000,2019.00000000,0.14686409
54.00000000,2020.00000000,0.14742596
54.00000000,2021.00000000,0.14778409
54.00000000,2022.00000000,0.14840363
54.00000000,2023.00000000,0.14915101
54.00000000,2024.00000000,0.15013366
54.00000000,2025.00000000,0.15066524
54.00000000,2026.00000000,0.15124331
54.00000000,2027.00000000,0.15207174
54.00000000,2028.00000000,0.15205881
54.00000000,2029.00000000,0.15190527
54.00000000,2030.00000000,0.15284842
54.00000000,2031.00000000,0.15334006
54.00000000,2032.00000000,0.15357223
54.00000000,2033.00000000,0.15456092
54.00000000,2034.00000000,0.15430638
54.00000000,2035.00000000,0.15364954
54.00000000,2036.00000000,0.15344391
54.00000000,2037.00000000,0.15332541
54.00000000,2038.00000000,0.15392810
54.00000000,2039.00000000,0.15443354
54.00000000,2040.00000000,0.15498099
54.00000000,2041.00000000,0.15544228
54.00000000,2042.00000000,0.15614921
54.00000000,2043.00000000,0.15653908
54.00000000,2044.00000000,0.15667031
54.00000000,2045.00000000,0.15692958
54.00000000,2046.00000000,0.15642946
54.00000000,2047.00000000,0.15637456
54.00000000,2048.00000000,0.15672421
54.00000000,2049.00000000,0.15711503
54.00000000,2050.00000000,0.15753283
54.00000000,2051.00000000,0.15784371
54.00000000,2052.00000000,0.15764789
54.00000000,2053.00000000,0.15749554
54.00000000,2054.00000000,0.15801025
54.00000000,2055.00000000,0.15850643
54.00000000,2056.00000000,0.15861545
54.00000000,2057.00000000,0.15974460
54.00000000,2058.00000000,0.16104788
54.00000000,2059.00000000,0.16203852
54.00000000,2060.00000000,0.16263949
54.00000000,2061.00000000,0.16324121
54.00000000,2062.00000000,0.16384496
54.00000000,2063.00000000,0.16445106
54.00000000,2064.00000000,0.16506011
54.00000000,2065.00000000,0.16592246
54.00000000,2066.00000000,0.16678799
54.00000000,2067.00000000,0.16765755
54.00000000,2068.00000000,0.16853050
54.00000000,2069.00000000,0.16940698
54.00000000,2070.00000000,0.17028683
54.00000000,2071.00000000,0.17117012
54.00000000,2072.00000000,0.17205762
54.00000000,2073.00000000,0.17295020
54.00000000,2074.00000000,0.17384832
54.00000000,2075.00000000,0.17464301
54.00000000,2076.00000000,0.17544369
54.00000000,2077.00000000,0.17625028
54.00000000,2078.00000000,0.17706266
54.00000000,2079.00000000,0.17788071
54.00000000,2080.00000000,0.17870405
54.00000000,2081.00000000,0.17953282
54.00000000,2082.00000000,0.18036733
54.00000000,2083.00000000,0.18120770
54.00000000,2084.00000000,0.18205457
54.00000000,2085.00000000,0.18313355
54.00000000,2086.00000000,0.18421825
54.00000000,2087.00000000,0.18530892
54.00000000,2088.00000000,0.18640484
54.00000000,2089.00000000,0.18750593
54.00000000,2090.00000000,0.18861180
54.00000000,2091.00000000,0.18972226
54.00000000,2092.00000000,0.19083773
54.00000000,2093.00000000,0.19195835
54.00000000,2094.00000000,0.19308442
54.00000000,2095.00000000,0.19437959
54.00000000,2096.00000000,0.19567981
54.00000000,2097.00000000,0.19698478
54.00000000,2098.00000000,0.19829400
54.00000000,2099.00000000,0.19960726
54.00000000,2100.00000000,0.20092405
54.00000000,2101.00000000,0.20224424
54.00000000,2102.00000000,0.20356802
54.00000000,2103.00000000,0.20489540
54.00000000,2104.00000000,0.20622648
54.00000000,2105.00000000,0.20755178
54.00000000,2106.00000000,0.20888026
54.00000000,2107.00000000,0.21021155
54.00000000,2108.00000000,0.21154522
54.00000000,2109.00000000,0.21288096
54.00000000,2110.00000000,0.21421835
54.00000000,2111.00000000,0.21555678
54.00000000,2112.00000000,0.21689607
54.00000000,2113.00000000,0.21823574
54.00000000,2114.00000000,0.21957519
54.00000000,2115.00000000,0.22055742
54.00000000,2116.00000000,0.22153863
54.00000000,2117.00000000,0.22251873
54.00000000,2118.00000000,0.22349749
54.00000000,2119.00000000,0.22447447
54.00000000,2120.00000000,0.22544960
54.00000000,2121.00000000,0.22642270
54.00000000,2122.00000000,0.22739329
54.00000000,2123.00000000,0.22836134
54.00000000,2124.00000000,0.22932659
54.00000000,2125.00000000,0.22996755
54.00000000,2126.00000000,0.23060533
54.00000000,2127.00000000,0.23123972
54.00000000,2128.00000000,0.23187069
54.00000000,2129.00000000,0.23249824
54.00000000,2130.00000000,0.23312223
54.00000000,2131.00000000,0.23374249
54.00000000,2132.00000000,0.23435910
54.00000000,2133.00000000,0.23497189
54.00000000,2134.00000000,0.23558069
54.00000000,2135.00000000,0.23600686
54.00000000,2136.00000000,0.23642897
54.00000000,2137.00000000,0.23684699
54.00000000,2138.00000000,0.23726099
54.00000000,2139.00000000,0.23767092
54.00000000,2140.00000000,0.23807681
54.00000000,2141.00000000,0.23847849
54.00000000,2142.00000000,0.23887614
54.00000000,2143.00000000,0.23926970
54.00000000,2144.00000000,0.23965895
54.00000000,2145.00000000,0.23986077
54.00000000,2146.00000000,0.24005843
54.00000000,2147.00000000,0.24025194
54.00000000,2148.00000000,0.24044155
54.00000000,2149.00000000,0.24062716
54.00000000,2150.00000000,0.24080875
54.00000000,2151.00000000,0.24098788
54.00000000,2152.00000000,0.24116802
54.00000000,2153.00000000,0.24135293
54.00000000,2154.00000000,0.24154414
54.00000000,2155.00000000,0.24160265
54.00000000,2156.00000000,0.24166859
54.00000000,2157.00000000,0.24174207
54.00000000,2158.00000000,0.24182274
54.00000000,2159.00000000,0.24191033
54.00000000,2160.00000000,0.24200441
54.00000000,2161.00000000,0.24210493
54.00000000,2162.00000000,0.24221139
54.00000000,2163.00000000,0.24232339
54.00000000,2164.00000000,0.24244085
54.00000000,2165.00000000,0.24256331
54.00000000,2166.00000000,0.24269044
54.00000000,2167.00000000,0.24282216
54.00000000,2168.00000000,0.24295813
54.00000000,2169.00000000,0.24309797
54.00000000,2170.00000000,0.24324173
54.00000000,2171.00000000,0.24338899
54.00000000,2172.00000000,0.24353960
54.00000000,2173.00000000,0.24369334
54.00000000,2174.00000000,0.24385004
54.00000000,2175.00000000,0.24400944
54.00000000,2176.00000000,0.24417153
54.00000000,2177.00000000,0.24433593
54.00000000,2178.00000000,0.24450273
54.00000000,2179.00000000,0.24467167
54.00000000,2180.00000000,0.24484246
54.00000000,2181.00000000,0.24501521
54.00000000,2182.00000000,0.24518968
54.00000000,2183.00000000,0.24536571
54.00000000,2184.00000000,0.24554320
54.00000000,2185.00000000,0.24572203
54.00000000,2186.00000000,0.24590201
54.00000000,2187.00000000,0.24608317
54.00000000,2188.00000000,0.24626525
54.00000000,2189.00000000,0.24644831
54.00000000,2190.00000000,0.24663217
54.00000000,2191.00000000,0.24681672
54.00000000,2192.00000000,0.24700188
54.00000000,2193.00000000,0.24718757
54.00000000,2194.00000000,0.24737361
54.00000000,2195.00000000,0.24756003
54.00000000,2196.00000000,0.24774669
54.00000000,2197.00000000,0.24793350
54.00000000,2198.00000000,0.24812044
54.00000000,2199.00000000,0.24830732
54.00000000,2200.00000000,0.24849416
54.00000000,2201.00000000,0.24868083
54.00000000,2202.00000000,0.24886714
54.00000000,2203.00000000,0.24905312
54.00000000,2204.00000000,0.24923855
54.00000000,2205.00000000,0.24846881
54.00000000,2206.00000000,0.24769736
54.00000000,2207.00000000,0.24692426
54.00000000,2208.00000000,0.24614953
54.00000000,2209.00000000,0.24537336
54.00000000,2210.00000000,0.24459580
54.00000000,2211.00000000,0.24381689
54.00000000,2212.00000000,0.24303677
54.00000000,2213.00000000,0.24225551
54.00000000,2214.00000000,0.24147318
54.00000000,2215.00000000,0.24068983
54.00000000,2216.00000000,0.23990547
54.00000000,2217.00000000,0.23912027
54.00000000,2218.00000000,0.23833423
54.00000000,2219.00000000,0.23754741
54.00000000,2220.00000000,0.23675991
54.00000000,2221.00000000,0.23597176
54.00000000,2222.00000000,0.23518282
54.00000000,2223.00000000,0.23439342
54.00000000,2224.00000000,0.23360351
54.00000000,2225.00000000,0.23281312
54.00000000,2226.00000000,0.23202230
54.00000000,2227.00000000,0.23123093
54.00000000,2228.00000000,0.23043928
54.00000000,2229.00000000,0.22964733
54.00000000,2230.00000000,0.22885507
54.00000000,2231.00000000,0.22806247
54.00000000,2232.00000000,0.22726964
54.00000000,2233.00000000,0.22647654
54.00000000,2234.00000000,0.22568335
54.00000000,2235.00000000,0.22488990
54.00000000,2236.00000000,0.22409624
54.00000000,2237.00000000,0.22330250
54.00000000,2238.00000000,0.22250869
54.00000000,2239.00000000,0.22171473
54.00000000,2240.00000000,0.22092070
54.00000000,2241.00000000,0.22012656
54.00000000,2242.00000000,0.21933246
54.00000000,2243.00000000,0.21853823
54.00000000,2244.00000000,0.21774392
54.00000000,2245.00000000,0.21694966
54.00000000,2246.00000000,0.21615542
54.00000000,2247.00000000,0.21536107
54.00000000,2248.00000000,0.21456674
54.00000000,2249.00000000,0.21377220
54.00000000,2250.00000000,0.21297601
54.00000000,2251.00000000,0.21217548
54.00000000,2252.00000000,0.21136814
54.00000000,2253.00000000,0.21055273
54.00000000,2254.00000000,0.20972873
54.00000000,2255.00000000,0.20889604
54.00000000,2256.00000000,0.20805486
54.00000000,2257.00000000,0.20720529
54.00000000,2258.00000000,0.20634747
54.00000000,2259.00000000,0.20548179
54.00000000,2260.00000000,0.20460846
54.00000000,2261.00000000,0.20372778
54.00000000,2262.00000000,0.20284032
54.00000000,2263.00000000,0.20194638
54.00000000,2264.00000000,0.20104641
54.00000000,2265.00000000,0.20014064
54.00000000,2266.00000000,0.19922930
54.00000000,2267.00000000,0.19831274
54.00000000,2268.00000000,0.19739112
54.00000000,2269.00000000,0.19646464
54.00000000,2270.00000000,0.19553361
54.00000000,2271.00000000,0.19459817
54.00000000,2272.00000000,0.19365850
54.00000000,2273.00000000,0.19271486
54.00000000,2274.00000000,0.19176737
54.00000000,2275.00000000,0.19081629
54.00000000,2276.00000000,0.18986175
54.00000000,2277.00000000,0.18890391
54.00000000,2278.00000000,0.18794300
54.00000000,2279.00000000,0.18697915
54.00000000,2280.00000000,0.18601248
54.00000000,2281.00000000,0.18504320
54.00000000,2282.00000000,0.18407146
54.00000000,2283.00000000,0.18309731
54.00000000,2284.00000000,0.18212100
54.00000000,2285.00000000,0.18114256
54.00000000,2286.00000000,0.18016222
54.00000000,2287.00000000,0.17918004
54.00000000,2288.00000000,0.17819614
54.00000000,2289.00000000,0.17721066
54.00000000,2290.00000000,0.17622372
54.00000000,2291.00000000,0.17523537
54.00000000,2292.00000000,0.17424580
54.00000000,2293.00000000,0.17325507
54.00000000,2294.00000000,0.17226326
54.00000000,2295.00000000,0.17127050
54.00000000,2296.00000000,0.17027691
54.00000000,2297.00000000,0.16928249
54.00000000,2298.00000000,0.16828745
54.00000000,2299.00000000,0.16729177
54.00000000,2300.00000000,0.16629566
54.00000000,2301.00000000,0.16529915
54.00000000,2302.00000000,0.16430238
54.00000000,2303.00000000,0.16351861
54.00000000,2304.00000000,0.16336260
54.00000000,2305.00000000,0.16337828
54.00000000,2306.00000000,0.16339419
54.00000000,2307.00000000,0.16341033
54.00000000,2308.00000000,0.16342665
54.00000000,2309.00000000,0.16344322
54.00000000,2310.00000000,0.16348686
54.00000000,2311.00000000,0.16353071
54.00000000,2312.00000000,0.16357477
54.00000000,2313.00000000,0.16361897
54.00000000,2314.00000000,0.16366338
54.00000000,2315.00000000,0.16365474
54.00000000,2316.00000000,0.16364620
54.00000000,2317.00000000,0.16363784
54.00000000,2318.00000000,0.16362962
54.00000000,2319.00000000,0.16362150
54.00000000,2320.00000000,0.16361352
54.00000000,2321.00000000,0.16360569
54.00000000,2322.00000000,0.16359795
54.00000000,2323.00000000,0.16359036
54.00000000,2324.00000000,0.16358284
54.00000000,2325.00000000,0.16357548
54.00000000,2326.00000000,0.16356824
54.00000000,2327.00000000,0.16356106
54.00000000,2328.00000000,0.16355403
54.00000000,2329.00000000,0.16354711
54.00000000,2330.00000000,0.16353796
54.00000000,2331.00000000,0.16352894
54.00000000,2332.00000000,0.16352003
54.00000000,2333.00000000,0.16351114
54.00000000,2334.00000000,0.16350241
54.00000000,2335.00000000,0.16349373
54.00000000,2336.00000000,0.16348518
54.00000000,2337.00000000,0.16347672
54.00000000,2338.00000000,0.16346830
54.00000000,2339.00000000,0.16346001
54.00000000,2340.00000000,0.16345180
54.00000000,2341.00000000,0.16344364
54.00000000,2342.00000000,0.16343559
54.00000000,2343.00000000,0.16342762
54.00000000,2344.00000000,0.16341970
54.00000000,2345.00000000,0.16341188
54.00000000,2346.00000000,0.16340410
54.00000000,2347.00000000,0.16339643
54.00000000,2348.00000000,0.16338884
54.00000000,2349.00000000,0.16338126
54.00000000,2350.00000000,0.16337381
54.00000000,2351.00000000,0.16336642
54.00000000,2352.00000000,0.16335906
54.00000000,2353.00000000,0.16335182
54.00000000,2354.00000000,0.16334465
54.00000000,2355.00000000,0.16334263
54.00000000,2356.00000000,0.16334073
54.00000000,2357.00000000,0.16333891
54.00000000,2358.00000000,0.16333710
54.00000000,2359.00000000,0.16333543
54.00000000,2360.00000000,0.16333376
54.00000000,2361.00000000,0.16333221
54.00000000,2362.00000000,0.16333071
54.00000000,2363.00000000,0.16332925
54.00000000,2364.00000000,0.16332787
54.00000000,2365.00000000,0.16332658
54.00000000,2366.00000000,0.16332528
54.00000000,2367.00000000,0.16332408
54.00000000,2368.00000000,0.16332295
54.00000000,2369.00000000,0.16332181
54.00000000,2370.00000000,0.16332079
54.00000000,2371.00000000,0.16331976
54.00000000,2372.00000000,0.16331881
54.00000000,2373.00000000,0.16331794
54.00000000,2374.00000000,0.16331706
54.00000000,2375.00000000,0.16331627
54.00000000,2376.00000000,0.16331551
54.00000000,2377.00000000,0.16331476
54.00000000,2378.00000000,0.16331410
54.00000000,2379.00000000,0.16331348
54.00000000,2380.00000000,0.16331286
54.00000000,2381.00000000,0.16331231
54.00000000,2382.00000000,0.16331179
54.00000000,2383.00000000,0.16331128
54.00000000,2384.00000000,0.16331085
54.00000000,2385.00000000,0.16331040
54.00000000,2386.00000000,0.16331004
54.00000000,2387.00000000,0.16330970
54.00000000,2388.00000000,0.16330935
54.00000000,2389.00000000,0.16330908
54.00000000,2390.00000000,0.16330884
54.00000000,2391.00000000,0.16330858
54.00000000,2392.00000000,0.16330841
54.00000000,2393.00000000,0.16330826
54.00000000,2394.00000000,0.16330808
54.00000000,2395.00000000,0.16330797
54.00000000,2396.00000000,0.16330784
54.00000000,2397.00000000,0.16330780
54.00000000,2398.00000000,0.16330777
54.00000000,2399.00000000,0.16330771
54.00000000,2400.00000000,0.16330773
54.00000000,2401.00000000,0.16330777
54.00000000,2402.00000000,0.16330777
54.00000000,2403.00000000,0.16330787
54.00000000,2404.00000000,0.16330799
54.00000000,2405.00000000,0.16330663
54.00000000,2406.00000000,0.16330534
54.00000000,2407.00000000,0.16330409
54.00000000,2408.00000000,0.16330280
54.00000000,2409.00000000,0.16330160
54.00000000,2410.00000000,0.16330037
54.00000000,2411.00000000,0.16329921
54.00000000,2412.00000000,0.16329809
54.00000000,2413.00000000,0.16329693
54.00000000,2414.00000000,0.16329586
54.00000000,2415.00000000,0.16329480
54.00000000,2416.00000000,0.16329369
54.00000000,2417.00000000,0.16329268
54.00000000,2418.00000000,0.16329168
54.00000000,2419.00000000,0.16329065
54.00000000,2420.00000000,0.16328969
54.00000000,2421.00000000,0.16328869
54.00000000,2422.00000000,0.16328778
54.00000000,2423.00000000,0.16328688
54.00000000,2424.00000000,0.16328593
54.00000000,2425.00000000,0.16328505
54.00000000,2426.00000000,0.16328421
54.00000000,2427.00000000,0.16328330
54.00000000,2428.00000000,0.16328249
54.00000000,2429.00000000,0.16328167
54.00000000,2430.00000000,0.16328082
54.00000000,2431.00000000,0.16328002
54.00000000,2432.00000000,0.16327919
54.00000000,2433.00000000,0.16327844
54.00000000,2434.00000000,0.16327769
54.00000000,2435.00000000,0.16327688
54.00000000,2436.00000000,0.16327616
54.00000000,2437.00000000,0.16327544
54.00000000,2438.00000000,0.16327467
54.00000000,2439.00000000,0.16327397
54.00000000,2440.00000000,0.16327330
54.00000000,2441.00000000,0.16327256
54.00000000,2442.00000000,0.16327188
54.00000000,2443.00000000,0.16327123
54.00000000,2444.00000000,0.16327050
54.00000000,2445.00000000,0.16326986
54.00000000,2446.00000000,0.16326915
54.00000000,2447.00000000,0.16326852
54.00000000,2448.00000000,0.16326790
54.00000000,2449.00000000,0.16326721
54.00000000,2450.00000000,0.16326660
54.00000000,2451.00000000,0.16326598
54.00000000,2452.00000000,0.16326530
54.00000000,2453.00000000,0.16326470
54.00000000,2454.00000000,0.16326408
54.00000000,2455.00000000,0.16326185
54.00000000,2456.00000000,0.16325967
54.00000000,2457.00000000,0.16325743
54.00000000,2458.00000000,0.16325525
54.00000000,2459.00000000,0.16325306
54.00000000,2460.00000000,0.16325079
54.00000000,2461.00000000,0.16324860
54.00000000,2462.00000000,0.16324641
54.00000000,2463.00000000,0.16324412
54.00000000,2464.00000000,0.16324192
54.00000000,2465.00000000,0.16323971
54.00000000,2466.00000000,0.16323742
54.00000000,2467.00000000,0.16323519
54.00000000,2468.00000000,0.16323296
54.00000000,2469.00000000,0.16323067
54.00000000,2470.00000000,0.16322842
54.00000000,2471.00000000,0.16322611
54.00000000,2472.00000000,0.16322387
54.00000000,2473.00000000,0.16322164
54.00000000,2474.00000000,0.16321930
54.00000000,2475.00000000,0.16321706
54.00000000,2476.00000000,0.16321480
54.00000000,2477.00000000,0.16321247
54.00000000,2478.00000000,0.16321021
54.00000000,2479.00000000,0.16320793
54.00000000,2480.00000000,0.16320558
54.00000000,2481.00000000,0.16320331
54.00000000,2482.00000000,0.16320096
54.00000000,2483.00000000,0.16319869
54.00000000,2484.00000000,0.16319640
54.00000000,2485.00000000,0.16319403
54.00000000,2486.00000000,0.16319175
54.00000000,2487.00000000,0.16318947
54.00000000,2488.00000000,0.16318708
54.00000000,2489.00000000,0.16318479
54.00000000,2490.00000000,0.16318250
54.00000000,2491.00000000,0.16318011
54.00000000,2492.00000000,0.16317782
54.00000000,2493.00000000,0.16317542
54.00000000,2494.00000000,0.16317313
54.00000000,2495.00000000,0.16317082
54.00000000,2496.00000000,0.16316843
54.00000000,2497.00000000,0.16316611
54.00000000,2498.00000000,0.16316382
54.00000000,2499.00000000,0.16316141
54.00000000,2500.00000000,0.16315911
55.00000000,1765.00000000,0.13229767
55.00000000,1766.00000000,0.13229762
55.00000000,1767.00000000,0.13229771
55.00000000,1768.00000000,0.13229794
55.00000000,1769.00000000,0.13229814
55.00000000,1770.00000000,0.13229855
55.00000000,1771.00000000,0.13229910
55.00000000,1772.00000000,0.13229985
55.00000000,1773.00000000,0.13230060
55.00000000,1774.00000000,0.13230158
55.00000000,1775.00000000,0.13230279
55.00000000,1776.00000000,0.13230412
55.00000000,1777.00000000,0.13230558
55.00000000,1778.00000000,0.13230714
55.00000000,1779.00000000,0.13230884
55.00000000,1780.00000000,0.13231071
55.00000000,1781.00000000,0.13231275
55.00000000,1782.00000000,0.13231484
55.00000000,1783.00000000,0.13231715
55.00000000,1784.00000000,0.13231946
55.00000000,1785.00000000,0.13232199
55.00000000,1786.00000000,0.13232457
55.00000000,1787.00000000,0.13232728
55.00000000,1788.00000000,0.13233010
55.00000000,1789.00000000,0.13233297
55.00000000,1790.00000000,0.13233601
55.00000000,1791.00000000,0.13233922
55.00000000,1792.00000000,0.13234233
55.00000000,1793.00000000,0.13234569
55.00000000,1794.00000000,0.13234913
55.00000000,1795.00000000,0.13235256
55.00000000,1796.00000000,0.13235616
55.00000000,1797.00000000,0.13235977
55.00000000,1798.00000000,0.13236356
55.00000000,1799.00000000,0.13236736
55.00000000,1800.00000000,0.13237123
55.00000000,1801.00000000,0.13237519
55.00000000,1802.00000000,0.13237922
55.00000000,1803.00000000,0.13238334
55.00000000,1804.00000000,0.13238751
55.00000000,1805.00000000,0.13239174
55.00000000,1806.00000000,0.13239606
55.00000000,1807.00000000,0.13240054
55.00000000,1808.00000000,0.13240504
55.00000000,1809.00000000,0.13240963
55.00000000,1810.00000000,0.13241430
55.00000000,1811.00000000,0.13241907
55.00000000,1812.00000000,0.13242395
55.00000000,1813.00000000,0.13242892
55.00000000,1814.00000000,0.13243401
55.00000000,1815.00000000,0.13243920
55.00000000,1816.00000000,0.13244451
55.00000000,1817.00000000,0.13244992
55.00000000,1818.00000000,0.13245546
55.00000000,1819.00000000,0.13246111
55.00000000,1820.00000000,0.13246687
55.00000000,1821.00000000,0.13248398
55.00000000,1822.00000000,0.13249006
55.00000000,1823.00000000,0.13249630
55.00000000,1824.00000000,0.13250267
55.00000000,1825.00000000,0.13250922
55.00000000,1826.00000000,0.13251956
55.00000000,1827.00000000,0.13252638
55.00000000,1828.00000000,0.13253327
55.00000000,1829.00000000,0.13254028
55.00000000,1830.00000000,0.13254740
55.00000000,1831.00000000,0.13255460
55.00000000,1832.00000000,0.13256188
55.00000000,1833.00000000,0.13256924
55.00000000,1834.00000000,0.13257670
55.00000000,1835.00000000,0.13258423
55.00000000,1836.00000000,0.13259564
55.00000000,1837.00000000,0.13260330
55.00000000,1838.00000000,0.13261107
55.00000000,1839.00000000,0.13261888
55.00000000,1840.00000000,0.13262678
55.00000000,1841.00000000,0.13263471
55.00000000,1842.00000000,0.13264274
55.00000000,1843.00000000,0.13265074
55.00000000,1844.00000000,0.13265887
55.00000000,1845.00000000,0.13266696
55.00000000,1846.00000000,0.13267884
55.00000000,1847.00000000,0.13268708
55.00000000,1848.00000000,0.13269526
55.00000000,1849.00000000,0.13270355
55.00000000,1850.00000000,0.13271180
55.00000000,1851.00000000,0.13272007
55.00000000,1852.00000000,0.13273206
55.00000000,1853.00000000,0.13274083
55.00000000,1854.00000000,0.13274972
55.00000000,1855.00000000,0.13276235
55.00000000,1856.00000000,0.13277109
55.00000000,1857.00000000,0.13278729
55.00000000,1858.00000000,0.13279215
55.00000000,1859.00000000,0.13280077
55.00000000,1860.00000000,0.13280933
55.00000000,1861.00000000,0.13282162
55.00000000,1862.00000000,0.13282992
55.00000000,1863.00000000,0.13283749
55.00000000,1864.00000000,0.13284458
55.00000000,1865.00000000,0.13285117
55.00000000,1866.00000000,0.13286125
55.00000000,1867.00000000,0.13286724
55.00000000,1868.00000000,0.13287299
55.00000000,1869.00000000,0.13287846
55.00000000,1870.00000000,0.13288749
55.00000000,1871.00000000,0.13289633
55.00000000,1872.00000000,0.13290542
55.00000000,1873.00000000,0.13291156
55.00000000,1874.00000000,0.13291825
55.00000000,1875.00000000,0.13292524
55.00000000,1876.00000000,0.13293253
55.00000000,1877.00000000,0.13294369
55.00000000,1878.00000000,0.13295510
55.00000000,1879.00000000,0.13296285
55.00000000,1880.00000000,0.13297454
55.00000000,1881.00000000,0.13298237
55.00000000,1882.00000000,0.13299395
55.00000000,1883.00000000,0.13300112
55.00000000,1884.00000000,0.13300786
55.00000000,1885.00000000,0.13303681
55.00000000,1886.00000000,0.13303942
55.00000000,1887.00000000,0.13304560
55.00000000,1888.00000000,0.13305537
55.00000000,1889.00000000,0.13306113
55.00000000,1890.00000000,0.13307023
55.00000000,1891.00000000,0.13309024
55.00000000,1892.00000000,0.13309485
55.00000000,1893.00000000,0.13310309
55.00000000,1894.00000000,0.13311137
55.00000000,1895.00000000,0.13312361
55.00000000,1896.00000000,0.13313215
55.00000000,1897.00000000,0.13314447
55.00000000,1898.00000000,0.13315286
55.00000000,1899.00000000,0.13316480
55.00000000,1900.00000000,0.13318374
55.00000000,1901.00000000,0.13318728
55.00000000,1902.00000000,0.13320213
55.00000000,1903.00000000,0.13320950
55.00000000,1904.00000000,0.13322432
55.00000000,1905.00000000,0.13324305
55.00000000,1906.00000000,0.13324690
55.00000000,1907.00000000,0.13326205
55.00000000,1908.00000000,0.13327297
55.00000000,1909.00000000,0.13331354
55.00000000,1910.00000000,0.13332406
55.00000000,1911.00000000,0.13334555
55.00000000,1912.00000000,0.13335108
55.00000000,1913.00000000,0.13335555
55.00000000,1914.00000000,0.13337383
55.00000000,1915.00000000,0.13340303
55.00000000,1916.00000000,0.13341754
55.00000000,1917.00000000,0.13342493
55.00000000,1918.00000000,0.13345085
55.00000000,1919.00000000,0.13348121
55.00000000,1920.00000000,0.13350901
55.00000000,1921.00000000,0.13352339
55.00000000,1922.00000000,0.13355908
55.00000000,1923.00000000,0.13358447
55.00000000,1924.00000000,0.13361793
55.00000000,1925.00000000,0.13364412
55.00000000,1926.00000000,0.13368558
55.00000000,1927.00000000,0.13375756
55.00000000,1928.00000000,0.13380729
55.00000000,1929.00000000,0.13377842
55.00000000,1930.00000000,0.13383959
55.00000000,1931.00000000,0.13386096
55.00000000,1932.00000000,0.13388448
55.00000000,1933.00000000,0.13390402
55.00000000,1934.00000000,0.13397197
55.00000000,1935.00000000,0.13408539
55.00000000,1936.00000000,0.13412726
55.00000000,1937.00000000,0.13419045
55.00000000,1938.00000000,0.13426307
55.00000000,1939.00000000,0.13428590
55.00000000,1940.00000000,0.13430413
55.00000000,1941.00000000,0.13432867
55.00000000,1942.00000000,0.13438929
55.00000000,1943.00000000,0.13451660
55.00000000,1944.00000000,0.13452343
55.00000000,1945.00000000,0.13463930
55.00000000,1946.00000000,0.13470830
55.00000000,1947.00000000,0.13472780
55.00000000,1948.00000000,0.13472612
55.00000000,1949.00000000,0.13478846
55.00000000,1950.00000000,0.13488810
55.00000000,1951.00000000,0.13494998
55.00000000,1952.00000000,0.13504226
55.00000000,1953.00000000,0.13514927
55.00000000,1954.00000000,0.13531937
55.00000000,1955.00000000,0.13543350
55.00000000,1956.00000000,0.13551349
55.00000000,1957.00000000,0.13557762
55.00000000,1958.00000000,0.13577882
55.00000000,1959.00000000,0.13581397
55.00000000,1960.00000000,0.13596594
55.00000000,1961.00000000,0.13613399
55.00000000,1962.00000000,0.13642388
55.00000000,1963.00000000,0.13629647
55.00000000,1964.00000000,0.13642517
55.00000000,1965.00000000,0.13654754
55.00000000,1966.00000000,0.13660336
55.00000000,1967.00000000,0.13675373
55.00000000,1968.00000000,0.13697943
55.00000000,1969.00000000,0.13661410
55.00000000,1970.00000000,0.13654764
55.00000000,1971.00000000,0.13675627
55.00000000,1972.00000000,0.13692496
55.00000000,1973.00000000,0.13681514
55.00000000,1974.00000000,0.13628650
55.00000000,1975.00000000,0.13671137
55.00000000,1976.00000000,0.13618425
55.00000000,1977.00000000,0.13629590
55.00000000,1978.00000000,0.13671707
55.00000000,1979.00000000,0.13664573
55.00000000,1980.00000000,0.13664468
55.00000000,1981.00000000,0.13662902
55.00000000,1982.00000000,0.13688170
55.00000000,1983.00000000,0.13685883
55.00000000,1984.00000000,0.13712910
55.00000000,1985.00000000,0.13676512
55.00000000,1986.00000000,0.13632639
55.00000000,1987.00000000,0.13596371
55.00000000,1988.00000000,0.13611862
55.00000000,1989.00000000,0.13640049
55.00000000,1990.00000000,0.13658589
55.00000000,1991.00000000,0.13695408
55.00000000,1992.00000000,0.13723501
55.00000000,1993.00000000,0.13697694
55.00000000,1994.00000000,0.13715674
55.00000000,1995.00000000,0.13755141
55.00000000,1996.00000000,0.13768148
55.00000000,1997.00000000,0.13771277
55.00000000,1998.00000000,0.13789699
55.00000000,1999.00000000,0.13787212
55.00000000,2000.00000000,0.13705377
55.00000000,2001.00000000,0.13735336
55.00000000,2002.00000000,0.13793701
55.00000000,2003.00000000,0.13823817
55.00000000,2004.00000000,0.13806990
55.00000000,2005.00000000,0.13886575
55.00000000,2006.00000000,0.13938706
55.00000000,2007.00000000,0.13949675
55.00000000,2008.00000000,0.13966516
55.00000000,2009.00000000,0.13975252
55.00000000,2010.00000000,0.14040644
55.00000000,2011.00000000,0.14089858
55.00000000,2012.00000000,0.14122903
55.00000000,2013.00000000,0.14143814
55.00000000,2014.00000000,0.14190930
55.00000000,2015.00000000,0.14231410
55.00000000,2016.00000000,0.14235457
55.00000000,2017.00000000,0.14271993
55.00000000,2018.00000000,0.14323688
55.00000000,2019.00000000,0.14379518
55.00000000,2020.00000000,0.14426599
55.00000000,2021.00000000,0.14481872
55.00000000,2022.00000000,0.14517091
55.00000000,2023.00000000,0.14578154
55.00000000,2024.00000000,0.14651861
55.00000000,2025.00000000,0.14748805
55.00000000,2026.00000000,0.14801301
55.00000000,2027.00000000,0.14858405
55.00000000,2028.00000000,0.14940214
55.00000000,2029.00000000,0.14939081
55.00000000,2030.00000000,0.14924103
55.00000000,2031.00000000,0.15017252
55.00000000,2032.00000000,0.15065853
55.00000000,2033.00000000,0.15088821
55.00000000,2034.00000000,0.15186335
55.00000000,2035.00000000,0.15161261
55.00000000,2036.00000000,0.15096520
55.00000000,2037.00000000,0.15076265
55.00000000,2038.00000000,0.15064608
55.00000000,2039.00000000,0.15124058
55.00000000,2040.00000000,0.15173931
55.00000000,2041.00000000,0.15227948
55.00000000,2042.00000000,0.15273438
55.00000000,2043.00000000,0.15343111
55.00000000,2044.00000000,0.15381507
55.00000000,2045.00000000,0.15394396
55.00000000,2046.00000000,0.15419911
55.00000000,2047.00000000,0.15370582
55.00000000,2048.00000000,0.15365153
55.00000000,2049.00000000,0.15399605
55.00000000,2050.00000000,0.15438134
55.00000000,2051.00000000,0.15479335
55.00000000,2052.00000000,0.15510017
55.00000000,2053.00000000,0.15490781
55.00000000,2054.00000000,0.15475849
55.00000000,2055.00000000,0.15526669
55.00000000,2056.00000000,0.15575676
55.00000000,2057.00000000,0.15586547
55.00000000,2058.00000000,0.15697954
55.00000000,2059.00000000,0.15826530
55.00000000,2060.00000000,0.15924307
55.00000000,2061.00000000,0.15983722
55.00000000,2062.00000000,0.16043321
55.00000000,2063.00000000,0.16103237
55.00000000,2064.00000000,0.16163472
55.00000000,2065.00000000,0.16224043
55.00000000,2066.00000000,0.16309601
55.00000000,2067.00000000,0.16395486
55.00000000,2068.00000000,0.16481766
55.00000000,2069.00000000,0.16568382
55.00000000,2070.00000000,0.16655331
55.00000000,2071.00000000,0.16742633
55.00000000,2072.00000000,0.16830350
55.00000000,2073.00000000,0.16918577
55.00000000,2074.00000000,0.17007346
55.00000000,2075.00000000,0.17096690
55.00000000,2076.00000000,0.17175847
55.00000000,2077.00000000,0.17255581
55.00000000,2078.00000000,0.17335882
55.00000000,2079.00000000,0.17416732
55.00000000,2080.00000000,0.17498111
55.00000000,2081.00000000,0.17580009
55.00000000,2082.00000000,0.17662462
55.00000000,2083.00000000,0.17745515
55.00000000,2084.00000000,0.17829165
55.00000000,2085.00000000,0.17913445
55.00000000,2086.00000000,0.18020595
55.00000000,2087.00000000,0.18128288
55.00000000,2088.00000000,0.18236548
55.00000000,2089.00000000,0.18345318
55.00000000,2090.00000000,0.18454548
55.00000000,2091.00000000,0.18564268
55.00000000,2092.00000000,0.18674455
55.00000000,2093.00000000,0.18785189
55.00000000,2094.00000000,0.18896461
55.00000000,2095.00000000,0.19008246
55.00000000,2096.00000000,0.19136722
55.00000000,2097.00000000,0.19265664
55.00000000,2098.00000000,0.19395059
55.00000000,2099.00000000,0.19524872
55.00000000,2100.00000000,0.19655044
55.00000000,2101.00000000,0.19785578
55.00000000,2102.00000000,0.19916474
55.00000000,2103.00000000,0.20047765
55.00000000,2104.00000000,0.20179444
55.00000000,2105.00000000,0.20311472
55.00000000,2106.00000000,0.20442936
55.00000000,2107.00000000,0.20574703
55.00000000,2108.00000000,0.20706722
55.00000000,2109.00000000,0.20838980
55.00000000,2110.00000000,0.20971415
55.00000000,2111.00000000,0.21104002
55.00000000,2112.00000000,0.21236694
55.00000000,2113.00000000,0.21369443
55.00000000,2114.00000000,0.21502222
55.00000000,2115.00000000,0.21634985
55.00000000,2116.00000000,0.21732487
55.00000000,2117.00000000,0.21829896
55.00000000,2118.00000000,0.21927186
55.00000000,2119.00000000,0.22024323
55.00000000,2120.00000000,0.22121296
55.00000000,2121.00000000,0.22218078
55.00000000,2122.00000000,0.22314643
55.00000000,2123.00000000,0.22410975
55.00000000,2124.00000000,0.22507049
55.00000000,2125.00000000,0.22602833
55.00000000,2126.00000000,0.22666643
55.00000000,2127.00000000,0.22730136
55.00000000,2128.00000000,0.22793283
55.00000000,2129.00000000,0.22856109
55.00000000,2130.00000000,0.22918591
55.00000000,2131.00000000,0.22980711
55.00000000,2132.00000000,0.23042481
55.00000000,2133.00000000,0.23103885
55.00000000,2134.00000000,0.23164902
55.00000000,2135.00000000,0.23225543
55.00000000,2136.00000000,0.23268161
55.00000000,2137.00000000,0.23310367
55.00000000,2138.00000000,0.23352190
55.00000000,2139.00000000,0.23393602
55.00000000,2140.00000000,0.23434620
55.00000000,2141.00000000,0.23475243
55.00000000,2142.00000000,0.23515449
55.00000000,2143.00000000,0.23555261
55.00000000,2144.00000000,0.23594669
55.00000000,2145.00000000,0.23633657
55.00000000,2146.00000000,0.23654151
55.00000000,2147.00000000,0.23674234
55.00000000,2148.00000000,0.23693912
55.00000000,2149.00000000,0.23713202
55.00000000,2150.00000000,0.23732103
55.00000000,2151.00000000,0.23750745
55.00000000,2152.00000000,0.23769496
55.00000000,2153.00000000,0.23788691
55.00000000,2154.00000000,0.23808529
55.00000000,2155.00000000,0.23829065
55.00000000,2156.00000000,0.23836517
55.00000000,2157.00000000,0.23844695
55.00000000,2158.00000000,0.23853585
55.00000000,2159.00000000,0.23863139
55.00000000,2160.00000000,0.23873352
55.00000000,2161.00000000,0.23884178
55.00000000,2162.00000000,0.23895578
55.00000000,2163.00000000,0.23907538
55.00000000,2164.00000000,0.23920019
55.00000000,2165.00000000,0.23932993
55.00000000,2166.00000000,0.23946419
55.00000000,2167.00000000,0.23960301
55.00000000,2168.00000000,0.23974592
55.00000000,2169.00000000,0.23989275
55.00000000,2170.00000000,0.24004314
55.00000000,2171.00000000,0.24019714
55.00000000,2172.00000000,0.24035437
55.00000000,2173.00000000,0.24051456
55.00000000,2174.00000000,0.24067773
55.00000000,2175.00000000,0.24084365
55.00000000,2176.00000000,0.24101205
55.00000000,2177.00000000,0.24118290
55.00000000,2178.00000000,0.24135586
55.00000000,2179.00000000,0.24153099
55.00000000,2180.00000000,0.24170808
55.00000000,2181.00000000,0.24188686
55.00000000,2182.00000000,0.24206742
55.00000000,2183.00000000,0.24224954
55.00000000,2184.00000000,0.24243300
55.00000000,2185.00000000,0.24261785
55.00000000,2186.00000000,0.24280390
55.00000000,2187.00000000,0.24299104
55.00000000,2188.00000000,0.24317918
55.00000000,2189.00000000,0.24336814
55.00000000,2190.00000000,0.24355797
55.00000000,2191.00000000,0.24374849
55.00000000,2192.00000000,0.24393959
55.00000000,2193.00000000,0.24413123
55.00000000,2194.00000000,0.24432329
55.00000000,2195.00000000,0.24451562
55.00000000,2196.00000000,0.24470828
55.00000000,2197.00000000,0.24490111
55.00000000,2198.00000000,0.24509397
55.00000000,2199.00000000,0.24528695
55.00000000,2200.00000000,0.24547983
55.00000000,2201.00000000,0.24567256
55.00000000,2202.00000000,0.24586510
55.00000000,2203.00000000,0.24605726
55.00000000,2204.00000000,0.24624902
55.00000000,2205.00000000,0.24644020
55.00000000,2206.00000000,0.24568658
55.00000000,2207.00000000,0.24493115
55.00000000,2208.00000000,0.24417395
55.00000000,2209.00000000,0.24341510
55.00000000,2210.00000000,0.24265471
55.00000000,2211.00000000,0.24189283
55.00000000,2212.00000000,0.24112954
55.00000000,2213.00000000,0.24036495
55.00000000,2214.00000000,0.23959910
55.00000000,2215.00000000,0.23883211
55.00000000,2216.00000000,0.23806402
55.00000000,2217.00000000,0.23729484
55.00000000,2218.00000000,0.23652473
55.00000000,2219.00000000,0.23575367
55.00000000,2220.00000000,0.23498177
55.00000000,2221.00000000,0.23420909
55.00000000,2222.00000000,0.23343568
55.00000000,2223.00000000,0.23266139
55.00000000,2224.00000000,0.23188656
55.00000000,2225.00000000,0.23111112
55.00000000,2226.00000000,0.23033516
55.00000000,2227.00000000,0.22955857
55.00000000,2228.00000000,0.22878142
55.00000000,2229.00000000,0.22800393
55.00000000,2230.00000000,0.22722603
55.00000000,2231.00000000,0.22644769
55.00000000,2232.00000000,0.22566897
55.00000000,2233.00000000,0.22488991
55.00000000,2234.00000000,0.22411054
55.00000000,2235.00000000,0.22333094
55.00000000,2236.00000000,0.22255101
55.00000000,2237.00000000,0.22177080
55.00000000,2238.00000000,0.22099045
55.00000000,2239.00000000,0.22020990
55.00000000,2240.00000000,0.21942914
55.00000000,2241.00000000,0.21864822
55.00000000,2242.00000000,0.21786718
55.00000000,2243.00000000,0.21708595
55.00000000,2244.00000000,0.21630460
55.00000000,2245.00000000,0.21552308
55.00000000,2246.00000000,0.21474158
55.00000000,2247.00000000,0.21395991
55.00000000,2248.00000000,0.21317810
55.00000000,2249.00000000,0.21239607
55.00000000,2250.00000000,0.21161223
55.00000000,2251.00000000,0.21082406
55.00000000,2252.00000000,0.21002907
55.00000000,2253.00000000,0.20922590
55.00000000,2254.00000000,0.20841417
55.00000000,2255.00000000,0.20759379
55.00000000,2256.00000000,0.20676478
55.00000000,2257.00000000,0.20592740
55.00000000,2258.00000000,0.20508183
55.00000000,2259.00000000,0.20422826
55.00000000,2260.00000000,0.20336705
55.00000000,2261.00000000,0.20249856
55.00000000,2262.00000000,0.20162311
55.00000000,2263.00000000,0.20074126
55.00000000,2264.00000000,0.19985327
55.00000000,2265.00000000,0.19895949
55.00000000,2266.00000000,0.19806013
55.00000000,2267.00000000,0.19715544
55.00000000,2268.00000000,0.19624569
55.00000000,2269.00000000,0.19533109
55.00000000,2270.00000000,0.19441180
55.00000000,2271.00000000,0.19348810
55.00000000,2272.00000000,0.19256018
55.00000000,2273.00000000,0.19162816
55.00000000,2274.00000000,0.19069233
55.00000000,2275.00000000,0.18975278
55.00000000,2276.00000000,0.18880976
55.00000000,2277.00000000,0.18786343
55.00000000,2278.00000000,0.18691390
55.00000000,2279.00000000,0.18596144
55.00000000,2280.00000000,0.18500612
55.00000000,2281.00000000,0.18404810
55.00000000,2282.00000000,0.18308756
55.00000000,2283.00000000,0.18212464
55.00000000,2284.00000000,0.18115940
55.00000000,2285.00000000,0.18019205
55.00000000,2286.00000000,0.17922270
55.00000000,2287.00000000,0.17825147
55.00000000,2288.00000000,0.17727849
55.00000000,2289.00000000,0.17630383
55.00000000,2290.00000000,0.17532767
55.00000000,2291.00000000,0.17435008
55.00000000,2292.00000000,0.17337115
55.00000000,2293.00000000,0.17239102
55.00000000,2294.00000000,0.17140979
55.00000000,2295.00000000,0.17042750
55.00000000,2296.00000000,0.16944433
55.00000000,2297.00000000,0.16846032
55.00000000,2298.00000000,0.16747554
55.00000000,2299.00000000,0.16649014
55.00000000,2300.00000000,0.16550414
55.00000000,2301.00000000,0.16451772
55.00000000,2302.00000000,0.16353090
55.00000000,2303.00000000,0.16254382
55.00000000,2304.00000000,0.16176756
55.00000000,2305.00000000,0.16161255
55.00000000,2306.00000000,0.16162745
55.00000000,2307.00000000,0.16164259
55.00000000,2308.00000000,0.16165797
55.00000000,2309.00000000,0.16167354
55.00000000,2310.00000000,0.16168935
55.00000000,2311.00000000,0.16173196
55.00000000,2312.00000000,0.16177478
55.00000000,2313.00000000,0.16181782
55.00000000,2314.00000000,0.16186101
55.00000000,2315.00000000,0.16190439
55.00000000,2316.00000000,0.16189529
55.00000000,2317.00000000,0.16188631
55.00000000,2318.00000000,0.16187749
55.00000000,2319.00000000,0.16186883
55.00000000,2320.00000000,0.16186027
55.00000000,2321.00000000,0.16185187
55.00000000,2322.00000000,0.16184359
55.00000000,2323.00000000,0.16183541
55.00000000,2324.00000000,0.16182739
55.00000000,2325.00000000,0.16181945
55.00000000,2326.00000000,0.16181167
55.00000000,2327.00000000,0.16180401
55.00000000,2328.00000000,0.16179643
55.00000000,2329.00000000,0.16178899
55.00000000,2330.00000000,0.16178166
55.00000000,2331.00000000,0.16177211
55.00000000,2332.00000000,0.16176271
55.00000000,2333.00000000,0.16175342
55.00000000,2334.00000000,0.16174417
55.00000000,2335.00000000,0.16173507
55.00000000,2336.00000000,0.16172601
55.00000000,2337.00000000,0.16171710
55.00000000,2338.00000000,0.16170827
55.00000000,2339.00000000,0.16169950
55.00000000,2340.00000000,0.16169085
55.00000000,2341.00000000,0.16168229
55.00000000,2342.00000000,0.16167377
55.00000000,2343.00000000,0.16166537
55.00000000,2344.00000000,0.16165705
55.00000000,2345.00000000,0.16164877
55.00000000,2346.00000000,0.16164061
55.00000000,2347.00000000,0.16163247
55.00000000,2348.00000000,0.16162446
55.00000000,2349.00000000,0.16161652
55.00000000,2350.00000000,0.16160860
55.00000000,2351.00000000,0.16160082
55.00000000,2352.00000000,0.16159309
55.00000000,2353.00000000,0.16158540
55.00000000,2354.00000000,0.16157783
55.00000000,2355.00000000,0.16157033
55.00000000,2356.00000000,0.16156793
55.00000000,2357.00000000,0.16156565
55.00000000,2358.00000000,0.16156346
55.00000000,2359.00000000,0.16156127
55.00000000,2360.00000000,0.16155922
55.00000000,2361.00000000,0.16155718
55.00000000,2362.00000000,0.16155526
55.00000000,2363.00000000,0.16155339
55.00000000,2364.00000000,0.16155155
55.00000000,2365.00000000,0.16154982
55.00000000,2366.00000000,0.16154813
55.00000000,2367.00000000,0.16154647
55.00000000,2368.00000000,0.16154490
55.00000000,2369.00000000,0.16154339
55.00000000,2370.00000000,0.16154190
55.00000000,2371.00000000,0.16154049
55.00000000,2372.00000000,0.16153909
55.00000000,2373.00000000,0.16153779
55.00000000,2374.00000000,0.16153655
55.00000000,2375.00000000,0.16153528
55.00000000,2376.00000000,0.16153413
55.00000000,2377.00000000,0.16153301
55.00000000,2378.00000000,0.16153190
55.00000000,2379.00000000,0.16153087
55.00000000,2380.00000000,0.16152988
55.00000000,2381.00000000,0.16152887
55.00000000,2382.00000000,0.16152797
55.00000000,2383.00000000,0.16152710
55.00000000,2384.00000000,0.16152621
55.00000000,2385.00000000,0.16152542
55.00000000,2386.00000000,0.16152461
55.00000000,2387.00000000,0.16152388
55.00000000,2388.00000000,0.16152318
55.00000000,2389.00000000,0.16152246
55.00000000,2390.00000000,0.16152183
55.00000000,2391.00000000,0.16152123
55.00000000,2392.00000000,0.16152062
55.00000000,2393.00000000,0.16152007
55.00000000,2394.00000000,0.16151955
55.00000000,2395.00000000,0.16151900
55.00000000,2396.00000000,0.16151854
55.00000000,2397.00000000,0.16151806
55.00000000,2398.00000000,0.16151764
55.00000000,2399.00000000,0.16151724
55.00000000,2400.00000000,0.16151683
55.00000000,2401.00000000,0.16151648
55.00000000,2402.00000000,0.16151616
55.00000000,2403.00000000,0.16151582
55.00000000,2404.00000000,0.16151556
55.00000000,2405.00000000,0.16151534
55.00000000,2406.00000000,0.16151363
55.00000000,2407.00000000,0.16151201
55.00000000,2408.00000000,0.16151043
55.00000000,2409.00000000,0.16150880
55.00000000,2410.00000000,0.16150726
55.00000000,2411.00000000,0.16150569
55.00000000,2412.00000000,0.16150420
55.00000000,2413.00000000,0.16150273
55.00000000,2414.00000000,0.16150124
55.00000000,2415.00000000,0.16149982
55.00000000,2416.00000000,0.16149842
55.00000000,2417.00000000,0.16149699
55.00000000,2418.00000000,0.16149564
55.00000000,2419.00000000,0.16149430
55.00000000,2420.00000000,0.16149293
55.00000000,2421.00000000,0.16149163
55.00000000,2422.00000000,0.16149029
55.00000000,2423.00000000,0.16148902
55.00000000,2424.00000000,0.16148779
55.00000000,2425.00000000,0.16148649
55.00000000,2426.00000000,0.16148527
55.00000000,2427.00000000,0.16148408
55.00000000,2428.00000000,0.16148284
55.00000000,2429.00000000,0.16148167
55.00000000,2430.00000000,0.16148051
55.00000000,2431.00000000,0.16147931
55.00000000,2432.00000000,0.16147818
55.00000000,2433.00000000,0.16147700
55.00000000,2434.00000000,0.16147590
55.00000000,2435.00000000,0.16147480
55.00000000,2436.00000000,0.16147366
55.00000000,2437.00000000,0.16147259
55.00000000,2438.00000000,0.16147152
55.00000000,2439.00000000,0.16147041
55.00000000,2440.00000000,0.16146936
55.00000000,2441.00000000,0.16146834
55.00000000,2442.00000000,0.16146724
55.00000000,2443.00000000,0.16146622
55.00000000,2444.00000000,0.16146522
55.00000000,2445.00000000,0.16146414
55.00000000,2446.00000000,0.16146315
55.00000000,2447.00000000,0.16146210
55.00000000,2448.00000000,0.16146112
55.00000000,2449.00000000,0.16146015
55.00000000,2450.00000000,0.16145909
55.00000000,2451.00000000,0.16145814
55.00000000,2452.00000000,0.16145717
55.00000000,2453.00000000,0.16145613
55.00000000,2454.00000000,0.16145517
55.00000000,2455.00000000,0.16145419
55.00000000,2456.00000000,0.16145162
55.00000000,2457.00000000,0.16144911
55.00000000,2458.00000000,0.16144650
55.00000000,2459.00000000,0.16144398
55.00000000,2460.00000000,0.16144146
55.00000000,2461.00000000,0.16143885
55.00000000,2462.00000000,0.16143631
55.00000000,2463.00000000,0.16143377
55.00000000,2464.00000000,0.16143114
55.00000000,2465.00000000,0.16142859
55.00000000,2466.00000000,0.16142604
55.00000000,2467.00000000,0.16142340
55.00000000,2468.00000000,0.16142085
55.00000000,2469.00000000,0.16141828
55.00000000,2470.00000000,0.16141563
55.00000000,2471.00000000,0.16141304
55.00000000,2472.00000000,0.16141038
55.00000000,2473.00000000,0.16140781
55.00000000,2474.00000000,0.16140522
55.00000000,2475.00000000,0.16140255
55.00000000,2476.00000000,0.16139995
55.00000000,2477.00000000,0.16139735
55.00000000,2478.00000000,0.16139467
55.00000000,2479.00000000,0.16139207
55.00000000,2480.00000000,0.16138946
55.00000000,2481.00000000,0.16138676
55.00000000,2482.00000000,0.16138415
55.00000000,2483.00000000,0.16138144
55.00000000,2484.00000000,0.16137882
55.00000000,2485.00000000,0.16137620
55.00000000,2486.00000000,0.16137348
55.00000000,2487.00000000,0.16137085
55.00000000,2488.00000000,0.16136822
55.00000000,2489.00000000,0.16136548
55.00000000,2490.00000000,0.16136286
55.00000000,2491.00000000,0.16136022
55.00000000,2492.00000000,0.16135747
55.00000000,2493.00000000,0.16135483
55.00000000,2494.00000000,0.16135209
55.00000000,2495.00000000,0.16134945
55.00000000,2496.00000000,0.16134679
55.00000000,2497.00000000,0.16134404
55.00000000,2498.00000000,0.16134139
55.00000000,2499.00000000,0.16133875
55.00000000,2500.00000000,0.16133598
56.00000000,1765.00000000,0.12995783
56.00000000,1766.00000000,0.12995796
56.00000000,1767.00000000,0.12995796
56.00000000,1768.00000000,0.12995815
56.00000000,1769.00000000,0.12995851
56.00000000,1770.00000000,0.12995885
56.00000000,1771.00000000,0.12995942
56.00000000,1772.00000000,0.12996013
56.00000000,1773.00000000,0.12996103
56.00000000,1774.00000000,0.12996195
56.00000000,1775.00000000,0.12996311
56.00000000,1776.00000000,0.12996449
56.00000000,1777.00000000,0.12996599
56.00000000,1778.00000000,0.12996763
56.00000000,1779.00000000,0.12996935
56.00000000,1780.00000000,0.12997125
56.00000000,1781.00000000,0.12997328
56.00000000,1782.00000000,0.12997547
56.00000000,1783.00000000,0.12997773
56.00000000,1784.00000000,0.12998020
56.00000000,1785.00000000,0.12998267
56.00000000,1786.00000000,0.12998536
56.00000000,1787.00000000,0.12998809
56.00000000,1788.00000000,0.12999095
56.00000000,1789.00000000,0.12999392
56.00000000,1790.00000000,0.12999695
56.00000000,1791.00000000,0.13000014
56.00000000,1792.00000000,0.13000348
56.00000000,1793.00000000,0.13000673
56.00000000,1794.00000000,0.13001022
56.00000000,1795.00000000,0.13001380
56.00000000,1796.00000000,0.13001736
56.00000000,1797.00000000,0.13002110
56.00000000,1798.00000000,0.13002482
56.00000000,1799.00000000,0.13002874
56.00000000,1800.00000000,0.13003266
56.00000000,1801.00000000,0.13003664
56.00000000,1802.00000000,0.13004072
56.00000000,1803.00000000,0.13004485
56.00000000,1804.00000000,0.13004908
56.00000000,1805.00000000,0.13005336
56.00000000,1806.00000000,0.13005771
56.00000000,1807.00000000,0.13006215
56.00000000,1808.00000000,0.13006673
56.00000000,1809.00000000,0.13007133
56.00000000,1810.00000000,0.13007605
56.00000000,1811.00000000,0.13008081
56.00000000,1812.00000000,0.13008568
56.00000000,1813.00000000,0.13009068
56.00000000,1814.00000000,0.13009574
56.00000000,1815.00000000,0.13010095
56.00000000,1816.00000000,0.13010621
56.00000000,1817.00000000,0.13011159
56.00000000,1818.00000000,0.13011712
56.00000000,1819.00000000,0.13012270
56.00000000,1820.00000000,0.13012843
56.00000000,1821.00000000,0.13013433
56.00000000,1822.00000000,0.13015135
56.00000000,1823.00000000,0.13015756
56.00000000,1824.00000000,0.13016384
56.00000000,1825.00000000,0.13017033
56.00000000,1826.00000000,0.13017691
56.00000000,1827.00000000,0.13018733
56.00000000,1828.00000000,0.13019418
56.00000000,1829.00000000,0.13020115
56.00000000,1830.00000000,0.13020824
56.00000000,1831.00000000,0.13021541
56.00000000,1832.00000000,0.13022270
56.00000000,1833.00000000,0.13023000
56.00000000,1834.00000000,0.13023747
56.00000000,1835.00000000,0.13024495
56.00000000,1836.00000000,0.13025261
56.00000000,1837.00000000,0.13026398
56.00000000,1838.00000000,0.13027173
56.00000000,1839.00000000,0.13027952
56.00000000,1840.00000000,0.13028744
56.00000000,1841.00000000,0.13029536
56.00000000,1842.00000000,0.13030339
56.00000000,1843.00000000,0.13031144
56.00000000,1844.00000000,0.13031950
56.00000000,1845.00000000,0.13032768
56.00000000,1846.00000000,0.13033581
56.00000000,1847.00000000,0.13034774
56.00000000,1848.00000000,0.13035599
56.00000000,1849.00000000,0.13036427
56.00000000,1850.00000000,0.13037256
56.00000000,1851.00000000,0.13038086
56.00000000,1852.00000000,0.13038911
56.00000000,1853.00000000,0.13040161
56.00000000,1854.00000000,0.13041057
56.00000000,1855.00000000,0.13041952
56.00000000,1856.00000000,0.13043194
56.00000000,1857.00000000,0.13044074
56.00000000,1858.00000000,0.13045676
56.00000000,1859.00000000,0.13046179
56.00000000,1860.00000000,0.13047036
56.00000000,1861.00000000,0.13047901
56.00000000,1862.00000000,0.13049108
56.00000000,1863.00000000,0.13049871
56.00000000,1864.00000000,0.13050583
56.00000000,1865.00000000,0.13051253
56.00000000,1866.00000000,0.13051888
56.00000000,1867.00000000,0.13052863
56.00000000,1868.00000000,0.13053444
56.00000000,1869.00000000,0.13053993
56.00000000,1870.00000000,0.13054525
56.00000000,1871.00000000,0.13055406
56.00000000,1872.00000000,0.13056317
56.00000000,1873.00000000,0.13057308
56.00000000,1874.00000000,0.13057982
56.00000000,1875.00000000,0.13058687
56.00000000,1876.00000000,0.13059427
56.00000000,1877.00000000,0.13060180
56.00000000,1878.00000000,0.13061325
56.00000000,1879.00000000,0.13062480
56.00000000,1880.00000000,0.13063282
56.00000000,1881.00000000,0.13064449
56.00000000,1882.00000000,0.13065247
56.00000000,1883.00000000,0.13066344
56.00000000,1884.00000000,0.13067035
56.00000000,1885.00000000,0.13067688
56.00000000,1886.00000000,0.13070556
56.00000000,1887.00000000,0.13070821
56.00000000,1888.00000000,0.13071435
56.00000000,1889.00000000,0.13072393
56.00000000,1890.00000000,0.13072942
56.00000000,1891.00000000,0.13073825
56.00000000,1892.00000000,0.13075778
56.00000000,1893.00000000,0.13076243
56.00000000,1894.00000000,0.13077077
56.00000000,1895.00000000,0.13077938
56.00000000,1896.00000000,0.13079169
56.00000000,1897.00000000,0.13080031
56.00000000,1898.00000000,0.13081250
56.00000000,1899.00000000,0.13082075
56.00000000,1900.00000000,0.13083225
56.00000000,1901.00000000,0.13085077
56.00000000,1902.00000000,0.13085451
56.00000000,1903.00000000,0.13086941
56.00000000,1904.00000000,0.13087690
56.00000000,1905.00000000,0.13089192
56.00000000,1906.00000000,0.13091078
56.00000000,1907.00000000,0.13091488
56.00000000,1908.00000000,0.13092970
56.00000000,1909.00000000,0.13094063
56.00000000,1910.00000000,0.13098092
56.00000000,1911.00000000,0.13099148
56.00000000,1912.00000000,0.13101220
56.00000000,1913.00000000,0.13101700
56.00000000,1914.00000000,0.13102061
56.00000000,1915.00000000,0.13103876
56.00000000,1916.00000000,0.13106824
56.00000000,1917.00000000,0.13108323
56.00000000,1918.00000000,0.13109077
56.00000000,1919.00000000,0.13111704
56.00000000,1920.00000000,0.13114836
56.00000000,1921.00000000,0.13117741
56.00000000,1922.00000000,0.13119346
56.00000000,1923.00000000,0.13123030
56.00000000,1924.00000000,0.13125588
56.00000000,1925.00000000,0.13128912
56.00000000,1926.00000000,0.13131516
56.00000000,1927.00000000,0.13135650
56.00000000,1928.00000000,0.13142793
56.00000000,1929.00000000,0.13147722
56.00000000,1930.00000000,0.13144909
56.00000000,1931.00000000,0.13151124
56.00000000,1932.00000000,0.13153465
56.00000000,1933.00000000,0.13155995
56.00000000,1934.00000000,0.13158091
56.00000000,1935.00000000,0.13164877
56.00000000,1936.00000000,0.13176051
56.00000000,1937.00000000,0.13180095
56.00000000,1938.00000000,0.13186176
56.00000000,1939.00000000,0.13193263
56.00000000,1940.00000000,0.13195451
56.00000000,1941.00000000,0.13197144
56.00000000,1942.00000000,0.13199434
56.00000000,1943.00000000,0.13205354
56.00000000,1944.00000000,0.13217872
56.00000000,1945.00000000,0.13218585
56.00000000,1946.00000000,0.13230217
56.00000000,1947.00000000,0.13237327
56.00000000,1948.00000000,0.13239392
56.00000000,1949.00000000,0.13239248
56.00000000,1950.00000000,0.13245398
56.00000000,1951.00000000,0.13255219
56.00000000,1952.00000000,0.13261381
56.00000000,1953.00000000,0.13270477
56.00000000,1954.00000000,0.13281015
56.00000000,1955.00000000,0.13297852
56.00000000,1956.00000000,0.13309118
56.00000000,1957.00000000,0.13316967
56.00000000,1958.00000000,0.13323227
56.00000000,1959.00000000,0.13343031
56.00000000,1960.00000000,0.13346280
56.00000000,1961.00000000,0.13361112
56.00000000,1962.00000000,0.13377653
56.00000000,1963.00000000,0.13406230
56.00000000,1964.00000000,0.13393576
56.00000000,1965.00000000,0.13406162
56.00000000,1966.00000000,0.13418106
56.00000000,1967.00000000,0.13423489
56.00000000,1968.00000000,0.13438183
56.00000000,1969.00000000,0.13460233
56.00000000,1970.00000000,0.13423893
56.00000000,1971.00000000,0.13416930
56.00000000,1972.00000000,0.13437012
56.00000000,1973.00000000,0.13453236
56.00000000,1974.00000000,0.13442076
56.00000000,1975.00000000,0.13389755
56.00000000,1976.00000000,0.13431758
56.00000000,1977.00000000,0.13379871
56.00000000,1978.00000000,0.13390976
56.00000000,1979.00000000,0.13432613
56.00000000,1980.00000000,0.13425592
56.00000000,1981.00000000,0.13425615
56.00000000,1982.00000000,0.13424557
56.00000000,1983.00000000,0.13450307
56.00000000,1984.00000000,0.13448853
56.00000000,1985.00000000,0.13476176
56.00000000,1986.00000000,0.13440680
56.00000000,1987.00000000,0.13397647
56.00000000,1988.00000000,0.13362011
56.00000000,1989.00000000,0.13377388
56.00000000,1990.00000000,0.13405258
56.00000000,1991.00000000,0.13423677
56.00000000,1992.00000000,0.13460253
56.00000000,1993.00000000,0.13488286
56.00000000,1994.00000000,0.13463214
56.00000000,1995.00000000,0.13481336
56.00000000,1996.00000000,0.13520540
56.00000000,1997.00000000,0.13533527
56.00000000,1998.00000000,0.13536721
56.00000000,1999.00000000,0.13555109
56.00000000,2000.00000000,0.13552913
56.00000000,2001.00000000,0.13472321
56.00000000,2002.00000000,0.13502023
56.00000000,2003.00000000,0.13559807
56.00000000,2004.00000000,0.13589494
56.00000000,2005.00000000,0.13572566
56.00000000,2006.00000000,0.13650608
56.00000000,2007.00000000,0.13701549
56.00000000,2008.00000000,0.13711945
56.00000000,2009.00000000,0.13728208
56.00000000,2010.00000000,0.13736525
56.00000000,2011.00000000,0.13800799
56.00000000,2012.00000000,0.13849109
56.00000000,2013.00000000,0.13881444
56.00000000,2014.00000000,0.13901786
56.00000000,2015.00000000,0.13947989
56.00000000,2016.00000000,0.13987650
56.00000000,2017.00000000,0.13991387
56.00000000,2018.00000000,0.14027195
56.00000000,2019.00000000,0.14077988
56.00000000,2020.00000000,0.14132886
56.00000000,2021.00000000,0.14179176
56.00000000,2022.00000000,0.14233598
56.00000000,2023.00000000,0.14268285
56.00000000,2024.00000000,0.14328514
56.00000000,2025.00000000,0.14401244
56.00000000,2026.00000000,0.14496932
56.00000000,2027.00000000,0.14548791
56.00000000,2028.00000000,0.14605223
56.00000000,2029.00000000,0.14686037
56.00000000,2030.00000000,0.14685049
56.00000000,2031.00000000,0.14670411
56.00000000,2032.00000000,0.14762388
56.00000000,2033.00000000,0.14810380
56.00000000,2034.00000000,0.14833046
56.00000000,2035.00000000,0.14929223
56.00000000,2036.00000000,0.14904481
56.00000000,2037.00000000,0.14840625
56.00000000,2038.00000000,0.14820650
56.00000000,2039.00000000,0.14809165
56.00000000,2040.00000000,0.14867818
56.00000000,2041.00000000,0.14917024
56.00000000,2042.00000000,0.14970292
56.00000000,2043.00000000,0.15015110
56.00000000,2044.00000000,0.15083756
56.00000000,2045.00000000,0.15121551
56.00000000,2046.00000000,0.15134193
56.00000000,2047.00000000,0.15159295
56.00000000,2048.00000000,0.15110609
56.00000000,2049.00000000,0.15105228
56.00000000,2050.00000000,0.15139176
56.00000000,2051.00000000,0.15177164
56.00000000,2052.00000000,0.15217801
56.00000000,2053.00000000,0.15248084
56.00000000,2054.00000000,0.15229171
56.00000000,2055.00000000,0.15214519
56.00000000,2056.00000000,0.15264701
56.00000000,2057.00000000,0.15313106
56.00000000,2058.00000000,0.15323932
56.00000000,2059.00000000,0.15433872
56.00000000,2060.00000000,0.15560745
56.00000000,2061.00000000,0.15657294
56.00000000,2062.00000000,0.15716128
56.00000000,2063.00000000,0.15775267
56.00000000,2064.00000000,0.15834792
56.00000000,2065.00000000,0.15894693
56.00000000,2066.00000000,0.15954935
56.00000000,2067.00000000,0.16039826
56.00000000,2068.00000000,0.16125040
56.00000000,2069.00000000,0.16210636
56.00000000,2070.00000000,0.16296559
56.00000000,2071.00000000,0.16382822
56.00000000,2072.00000000,0.16469519
56.00000000,2073.00000000,0.16556698
56.00000000,2074.00000000,0.16644437
56.00000000,2075.00000000,0.16732736
56.00000000,2076.00000000,0.16821604
56.00000000,2077.00000000,0.16900418
56.00000000,2078.00000000,0.16979786
56.00000000,2079.00000000,0.17059695
56.00000000,2080.00000000,0.17140110
56.00000000,2081.00000000,0.17221039
56.00000000,2082.00000000,0.17302511
56.00000000,2083.00000000,0.17384561
56.00000000,2084.00000000,0.17467211
56.00000000,2085.00000000,0.17550453
56.00000000,2086.00000000,0.17634295
56.00000000,2087.00000000,0.17740673
56.00000000,2088.00000000,0.17847571
56.00000000,2089.00000000,0.17954999
56.00000000,2090.00000000,0.18062911
56.00000000,2091.00000000,0.18171267
56.00000000,2092.00000000,0.18280143
56.00000000,2093.00000000,0.18389524
56.00000000,2094.00000000,0.18499459
56.00000000,2095.00000000,0.18609930
56.00000000,2096.00000000,0.18720893
56.00000000,2097.00000000,0.18848307
56.00000000,2098.00000000,0.18976179
56.00000000,2099.00000000,0.19104453
56.00000000,2100.00000000,0.19233135
56.00000000,2101.00000000,0.19362179
56.00000000,2102.00000000,0.19491592
56.00000000,2103.00000000,0.19621429
56.00000000,2104.00000000,0.19751647
56.00000000,2105.00000000,0.19882263
56.00000000,2106.00000000,0.20013229
56.00000000,2107.00000000,0.20143603
56.00000000,2108.00000000,0.20274280
56.00000000,2109.00000000,0.20405201
56.00000000,2110.00000000,0.20536317
56.00000000,2111.00000000,0.20667624
56.00000000,2112.00000000,0.20799057
56.00000000,2113.00000000,0.20930567
56.00000000,2114.00000000,0.21062149
56.00000000,2115.00000000,0.21193734
56.00000000,2116.00000000,0.21325297
56.00000000,2117.00000000,0.21422076
56.00000000,2118.00000000,0.21518736
56.00000000,2119.00000000,0.21615283
56.00000000,2120.00000000,0.21711683
56.00000000,2121.00000000,0.21807895
56.00000000,2122.00000000,0.21903929
56.00000000,2123.00000000,0.21999751
56.00000000,2124.00000000,0.22095322
56.00000000,2125.00000000,0.22190649
56.00000000,2126.00000000,0.22285696
56.00000000,2127.00000000,0.22349175
56.00000000,2128.00000000,0.22412353
56.00000000,2129.00000000,0.22475186
56.00000000,2130.00000000,0.22537705
56.00000000,2131.00000000,0.22599886
56.00000000,2132.00000000,0.22661706
56.00000000,2133.00000000,0.22723184
56.00000000,2134.00000000,0.22784299
56.00000000,2135.00000000,0.22845037
56.00000000,2136.00000000,0.22905403
56.00000000,2137.00000000,0.22947982
56.00000000,2138.00000000,0.22990161
56.00000000,2139.00000000,0.23031957
56.00000000,2140.00000000,0.23073361
56.00000000,2141.00000000,0.23114362
56.00000000,2142.00000000,0.23154979
56.00000000,2143.00000000,0.23195197
56.00000000,2144.00000000,0.23235020
56.00000000,2145.00000000,0.23274439
56.00000000,2146.00000000,0.23313458
56.00000000,2147.00000000,0.23334219
56.00000000,2148.00000000,0.23354576
56.00000000,2149.00000000,0.23374534
56.00000000,2150.00000000,0.23394112
56.00000000,2151.00000000,0.23413435
56.00000000,2152.00000000,0.23432844
56.00000000,2153.00000000,0.23452717
56.00000000,2154.00000000,0.23473195
56.00000000,2155.00000000,0.23494381
56.00000000,2156.00000000,0.23516277
56.00000000,2157.00000000,0.23525243
56.00000000,2158.00000000,0.23534896
56.00000000,2159.00000000,0.23545224
56.00000000,2160.00000000,0.23556180
56.00000000,2161.00000000,0.23567736
56.00000000,2162.00000000,0.23579860
56.00000000,2163.00000000,0.23592515
56.00000000,2164.00000000,0.23605688
56.00000000,2165.00000000,0.23619332
56.00000000,2166.00000000,0.23633442
56.00000000,2167.00000000,0.23647979
56.00000000,2168.00000000,0.23662915
56.00000000,2169.00000000,0.23678240
56.00000000,2170.00000000,0.23693924
56.00000000,2171.00000000,0.23709946
56.00000000,2172.00000000,0.23726291
56.00000000,2173.00000000,0.23742934
56.00000000,2174.00000000,0.23759851
56.00000000,2175.00000000,0.23777041
56.00000000,2176.00000000,0.23794482
56.00000000,2177.00000000,0.23812143
56.00000000,2178.00000000,0.23830035
56.00000000,2179.00000000,0.23848129
56.00000000,2180.00000000,0.23866406
56.00000000,2181.00000000,0.23884870
56.00000000,2182.00000000,0.23903494
56.00000000,2183.00000000,0.23922274
56.00000000,2184.00000000,0.23941195
56.00000000,2185.00000000,0.23960237
56.00000000,2186.00000000,0.23979404
56.00000000,2187.00000000,0.23998680
56.00000000,2188.00000000,0.24018053
56.00000000,2189.00000000,0.24037515
56.00000000,2190.00000000,0.24057048
56.00000000,2191.00000000,0.24076659
56.00000000,2192.00000000,0.24096330
56.00000000,2193.00000000,0.24116044
56.00000000,2194.00000000,0.24135809
56.00000000,2195.00000000,0.24155609
56.00000000,2196.00000000,0.24175433
56.00000000,2197.00000000,0.24195278
56.00000000,2198.00000000,0.24215137
56.00000000,2199.00000000,0.24234995
56.00000000,2200.00000000,0.24254855
56.00000000,2201.00000000,0.24274700
56.00000000,2202.00000000,0.24294528
56.00000000,2203.00000000,0.24314329
56.00000000,2204.00000000,0.24334088
56.00000000,2205.00000000,0.24353807
56.00000000,2206.00000000,0.24373462
56.00000000,2207.00000000,0.24299635
56.00000000,2208.00000000,0.24225631
56.00000000,2209.00000000,0.24151437
56.00000000,2210.00000000,0.24077067
56.00000000,2211.00000000,0.24002539
56.00000000,2212.00000000,0.23927855
56.00000000,2213.00000000,0.23853020
56.00000000,2214.00000000,0.23778049
56.00000000,2215.00000000,0.23702942
56.00000000,2216.00000000,0.23627716
56.00000000,2217.00000000,0.23552369
56.00000000,2218.00000000,0.23476907
56.00000000,2219.00000000,0.23401344
56.00000000,2220.00000000,0.23325677
56.00000000,2221.00000000,0.23249917
56.00000000,2222.00000000,0.23174072
56.00000000,2223.00000000,0.23098147
56.00000000,2224.00000000,0.23022126
56.00000000,2225.00000000,0.22946042
56.00000000,2226.00000000,0.22869889
56.00000000,2227.00000000,0.22793675
56.00000000,2228.00000000,0.22717390
56.00000000,2229.00000000,0.22641044
56.00000000,2230.00000000,0.22564655
56.00000000,2231.00000000,0.22488216
56.00000000,2232.00000000,0.22411722
56.00000000,2233.00000000,0.22335186
56.00000000,2234.00000000,0.22258607
56.00000000,2235.00000000,0.22181994
56.00000000,2236.00000000,0.22105337
56.00000000,2237.00000000,0.22028650
56.00000000,2238.00000000,0.21951925
56.00000000,2239.00000000,0.21875183
56.00000000,2240.00000000,0.21798401
56.00000000,2241.00000000,0.21721597
56.00000000,2242.00000000,0.21644770
56.00000000,2243.00000000,0.21567922
56.00000000,2244.00000000,0.21491047
56.00000000,2245.00000000,0.21414153
56.00000000,2246.00000000,0.21337242
56.00000000,2247.00000000,0.21260311
56.00000000,2248.00000000,0.21183363
56.00000000,2249.00000000,0.21106375
56.00000000,2250.00000000,0.21029209
56.00000000,2251.00000000,0.20951594
56.00000000,2252.00000000,0.20873300
56.00000000,2253.00000000,0.20794189
56.00000000,2254.00000000,0.20714212
56.00000000,2255.00000000,0.20633371
56.00000000,2256.00000000,0.20551672
56.00000000,2257.00000000,0.20469124
56.00000000,2258.00000000,0.20385758
56.00000000,2259.00000000,0.20301595
56.00000000,2260.00000000,0.20216658
56.00000000,2261.00000000,0.20130992
56.00000000,2262.00000000,0.20044636
56.00000000,2263.00000000,0.19957625
56.00000000,2264.00000000,0.19870006
56.00000000,2265.00000000,0.19781795
56.00000000,2266.00000000,0.19693029
56.00000000,2267.00000000,0.19603729
56.00000000,2268.00000000,0.19513911
56.00000000,2269.00000000,0.19423609
56.00000000,2270.00000000,0.19332837
56.00000000,2271.00000000,0.19241613
56.00000000,2272.00000000,0.19149966
56.00000000,2273.00000000,0.19057909
56.00000000,2274.00000000,0.18965460
56.00000000,2275.00000000,0.18872640
56.00000000,2276.00000000,0.18779462
56.00000000,2277.00000000,0.18685953
56.00000000,2278.00000000,0.18592122
56.00000000,2279.00000000,0.18497985
56.00000000,2280.00000000,0.18403563
56.00000000,2281.00000000,0.18308868
56.00000000,2282.00000000,0.18213909
56.00000000,2283.00000000,0.18118710
56.00000000,2284.00000000,0.18023278
56.00000000,2285.00000000,0.17927626
56.00000000,2286.00000000,0.17831769
56.00000000,2287.00000000,0.17735717
56.00000000,2288.00000000,0.17639486
56.00000000,2289.00000000,0.17543085
56.00000000,2290.00000000,0.17446522
56.00000000,2291.00000000,0.17349814
56.00000000,2292.00000000,0.17252968
56.00000000,2293.00000000,0.17155993
56.00000000,2294.00000000,0.17058902
56.00000000,2295.00000000,0.16961705
56.00000000,2296.00000000,0.16864405
56.00000000,2297.00000000,0.16767020
56.00000000,2298.00000000,0.16669556
56.00000000,2299.00000000,0.16572016
56.00000000,2300.00000000,0.16474417
56.00000000,2301.00000000,0.16376760
56.00000000,2302.00000000,0.16279060
56.00000000,2303.00000000,0.16181322
56.00000000,2304.00000000,0.16083558
56.00000000,2305.00000000,0.16006663
56.00000000,2306.00000000,0.15991261
56.00000000,2307.00000000,0.15992679
56.00000000,2308.00000000,0.15994120
56.00000000,2309.00000000,0.15995587
56.00000000,2310.00000000,0.15997073
56.00000000,2311.00000000,0.15998581
56.00000000,2312.00000000,0.16002744
56.00000000,2313.00000000,0.16006931
56.00000000,2314.00000000,0.16011136
56.00000000,2315.00000000,0.16015358
56.00000000,2316.00000000,0.16019601
56.00000000,2317.00000000,0.16018647
56.00000000,2318.00000000,0.16017707
56.00000000,2319.00000000,0.16016785
56.00000000,2320.00000000,0.16015877
56.00000000,2321.00000000,0.16014979
56.00000000,2322.00000000,0.16014098
56.00000000,2323.00000000,0.16013231
56.00000000,2324.00000000,0.16012372
56.00000000,2325.00000000,0.16011531
56.00000000,2326.00000000,0.16010699
56.00000000,2327.00000000,0.16009882
56.00000000,2328.00000000,0.16009077
56.00000000,2329.00000000,0.16008279
56.00000000,2330.00000000,0.16007497
56.00000000,2331.00000000,0.16006726
56.00000000,2332.00000000,0.16005737
56.00000000,2333.00000000,0.16004762
56.00000000,2334.00000000,0.16003798
56.00000000,2335.00000000,0.16002837
56.00000000,2336.00000000,0.16001893
56.00000000,2337.00000000,0.16000954
56.00000000,2338.00000000,0.16000028
56.00000000,2339.00000000,0.15999112
56.00000000,2340.00000000,0.15998201
56.00000000,2341.00000000,0.15997303
56.00000000,2342.00000000,0.15996413
56.00000000,2343.00000000,0.15995526
56.00000000,2344.00000000,0.15994655
56.00000000,2345.00000000,0.15993790
56.00000000,2346.00000000,0.15992929
56.00000000,2347.00000000,0.15992081
56.00000000,2348.00000000,0.15991235
56.00000000,2349.00000000,0.15990401
56.00000000,2350.00000000,0.15989577
56.00000000,2351.00000000,0.15988753
56.00000000,2352.00000000,0.15987943
56.00000000,2353.00000000,0.15987140
56.00000000,2354.00000000,0.15986340
56.00000000,2355.00000000,0.15985552
56.00000000,2356.00000000,0.15984772
56.00000000,2357.00000000,0.15984497
56.00000000,2358.00000000,0.15984234
56.00000000,2359.00000000,0.15983980
56.00000000,2360.00000000,0.15983726
56.00000000,2361.00000000,0.15983486
56.00000000,2362.00000000,0.15983248
56.00000000,2363.00000000,0.15983019
56.00000000,2364.00000000,0.15982798
56.00000000,2365.00000000,0.15982578
56.00000000,2366.00000000,0.15982370
56.00000000,2367.00000000,0.15982167
56.00000000,2368.00000000,0.15981965
56.00000000,2369.00000000,0.15981775
56.00000000,2370.00000000,0.15981588
56.00000000,2371.00000000,0.15981404
56.00000000,2372.00000000,0.15981230
56.00000000,2373.00000000,0.15981056
56.00000000,2374.00000000,0.15980890
56.00000000,2375.00000000,0.15980731
56.00000000,2376.00000000,0.15980571
56.00000000,2377.00000000,0.15980421
56.00000000,2378.00000000,0.15980275
56.00000000,2379.00000000,0.15980129
56.00000000,2380.00000000,0.15979990
56.00000000,2381.00000000,0.15979857
56.00000000,2382.00000000,0.15979724
56.00000000,2383.00000000,0.15979599
56.00000000,2384.00000000,0.15979477
56.00000000,2385.00000000,0.15979355
56.00000000,2386.00000000,0.15979241
56.00000000,2387.00000000,0.15979125
56.00000000,2388.00000000,0.15979018
56.00000000,2389.00000000,0.15978914
56.00000000,2390.00000000,0.15978808
56.00000000,2391.00000000,0.15978711
56.00000000,2392.00000000,0.15978618
56.00000000,2393.00000000,0.15978521
56.00000000,2394.00000000,0.15978432
56.00000000,2395.00000000,0.15978346
56.00000000,2396.00000000,0.15978257
56.00000000,2397.00000000,0.15978178
56.00000000,2398.00000000,0.15978094
56.00000000,2399.00000000,0.15978018
56.00000000,2400.00000000,0.15977946
56.00000000,2401.00000000,0.15977869
56.00000000,2402.00000000,0.15977802
56.00000000,2403.00000000,0.15977736
56.00000000,2404.00000000,0.15977668
56.00000000,2405.00000000,0.15977610
56.00000000,2406.00000000,0.15977555
56.00000000,2407.00000000,0.15977353
56.00000000,2408.00000000,0.15977160
56.00000000,2409.00000000,0.15976968
56.00000000,2410.00000000,0.15976775
56.00000000,2411.00000000,0.15976590
56.00000000,2412.00000000,0.15976401
56.00000000,2413.00000000,0.15976220
56.00000000,2414.00000000,0.15976041
56.00000000,2415.00000000,0.15975860
56.00000000,2416.00000000,0.15975687
56.00000000,2417.00000000,0.15975515
56.00000000,2418.00000000,0.15975340
56.00000000,2419.00000000,0.15975172
56.00000000,2420.00000000,0.15975007
56.00000000,2421.00000000,0.15974837
56.00000000,2422.00000000,0.15974675
56.00000000,2423.00000000,0.15974509
56.00000000,2424.00000000,0.15974352
56.00000000,2425.00000000,0.15974194
56.00000000,2426.00000000,0.15974033
56.00000000,2427.00000000,0.15973880
56.00000000,2428.00000000,0.15973729
56.00000000,2429.00000000,0.15973572
56.00000000,2430.00000000,0.15973423
56.00000000,2431.00000000,0.15973274
56.00000000,2432.00000000,0.15973122
56.00000000,2433.00000000,0.15972977
56.00000000,2434.00000000,0.15972826
56.00000000,2435.00000000,0.15972683
56.00000000,2436.00000000,0.15972541
56.00000000,2437.00000000,0.15972394
56.00000000,2438.00000000,0.15972255
56.00000000,2439.00000000,0.15972117
56.00000000,2440.00000000,0.15971972
56.00000000,2441.00000000,0.15971835
56.00000000,2442.00000000,0.15971699
56.00000000,2443.00000000,0.15971558
56.00000000,2444.00000000,0.15971423
56.00000000,2445.00000000,0.15971290
56.00000000,2446.00000000,0.15971149
56.00000000,2447.00000000,0.15971017
56.00000000,2448.00000000,0.15970879
56.00000000,2449.00000000,0.15970748
56.00000000,2450.00000000,0.15970618
56.00000000,2451.00000000,0.15970481
56.00000000,2452.00000000,0.15970350
56.00000000,2453.00000000,0.15970222
56.00000000,2454.00000000,0.15970084
56.00000000,2455.00000000,0.15969954
56.00000000,2456.00000000,0.15969822
56.00000000,2457.00000000,0.15969532
56.00000000,2458.00000000,0.15969249
56.00000000,2459.00000000,0.15968957
56.00000000,2460.00000000,0.15968673
56.00000000,2461.00000000,0.15968387
56.00000000,2462.00000000,0.15968094
56.00000000,2463.00000000,0.15967809
56.00000000,2464.00000000,0.15967523
56.00000000,2465.00000000,0.15967227
56.00000000,2466.00000000,0.15966940
56.00000000,2467.00000000,0.15966653
56.00000000,2468.00000000,0.15966358
56.00000000,2469.00000000,0.15966069
56.00000000,2470.00000000,0.15965781
56.00000000,2471.00000000,0.15965482
56.00000000,2472.00000000,0.15965192
56.00000000,2473.00000000,0.15964895
56.00000000,2474.00000000,0.15964604
56.00000000,2475.00000000,0.15964313
56.00000000,2476.00000000,0.15964013
56.00000000,2477.00000000,0.15963722
56.00000000,2478.00000000,0.15963430
56.00000000,2479.00000000,0.15963129
56.00000000,2480.00000000,0.15962836
56.00000000,2481.00000000,0.15962543
56.00000000,2482.00000000,0.15962241
56.00000000,2483.00000000,0.15961948
56.00000000,2484.00000000,0.15961644
56.00000000,2485.00000000,0.15961350
56.00000000,2486.00000000,0.15961055
56.00000000,2487.00000000,0.15960750
56.00000000,2488.00000000,0.15960456
56.00000000,2489.00000000,0.15960160
56.00000000,2490.00000000,0.15959855
56.00000000,2491.00000000,0.15959558
56.00000000,2492.00000000,0.15959261
56.00000000,2493.00000000,0.15958955
56.00000000,2494.00000000,0.15958658
56.00000000,2495.00000000,0.15958352
56.00000000,2496.00000000,0.15958054
56.00000000,2497.00000000,0.15957757
56.00000000,2498.00000000,0.15957450
56.00000000,2499.00000000,0.15957152
56.00000000,2500.00000000,0.15956854
57.00000000,1765.00000000,0.12773958
57.00000000,1766.00000000,0.12773932
57.00000000,1767.00000000,0.12773950
57.00000000,1768.00000000,0.12773960
57.00000000,1769.00000000,0.12773991
57.00000000,1770.00000000,0.12774041
57.00000000,1771.00000000,0.12774092
57.00000000,1772.00000000,0.12774164
57.00000000,1773.00000000,0.12774251
57.00000000,1774.00000000,0.12774358
57.00000000,1775.00000000,0.12774467
57.00000000,1776.00000000,0.12774601
57.00000000,1777.00000000,0.12774756
57.00000000,1778.00000000,0.12774924
57.00000000,1779.00000000,0.12775105
57.00000000,1780.00000000,0.12775295
57.00000000,1781.00000000,0.12775502
57.00000000,1782.00000000,0.12775720
57.00000000,1783.00000000,0.12775956
57.00000000,1784.00000000,0.12776197
57.00000000,1785.00000000,0.12776459
57.00000000,1786.00000000,0.12776722
57.00000000,1787.00000000,0.12777006
57.00000000,1788.00000000,0.12777294
57.00000000,1789.00000000,0.12777595
57.00000000,1790.00000000,0.12777907
57.00000000,1791.00000000,0.12778224
57.00000000,1792.00000000,0.12778556
57.00000000,1793.00000000,0.12778904
57.00000000,1794.00000000,0.12779241
57.00000000,1795.00000000,0.12779603
57.00000000,1796.00000000,0.12779974
57.00000000,1797.00000000,0.12780343
57.00000000,1798.00000000,0.12780728
57.00000000,1799.00000000,0.12781113
57.00000000,1800.00000000,0.12781515
57.00000000,1801.00000000,0.12781919
57.00000000,1802.00000000,0.12782328
57.00000000,1803.00000000,0.12782745
57.00000000,1804.00000000,0.12783169
57.00000000,1805.00000000,0.12783602
57.00000000,1806.00000000,0.12784041
57.00000000,1807.00000000,0.12784487
57.00000000,1808.00000000,0.12784940
57.00000000,1809.00000000,0.12785408
57.00000000,1810.00000000,0.12785880
57.00000000,1811.00000000,0.12786361
57.00000000,1812.00000000,0.12786846
57.00000000,1813.00000000,0.12787345
57.00000000,1814.00000000,0.12787852
57.00000000,1815.00000000,0.12788369
57.00000000,1816.00000000,0.12788896
57.00000000,1817.00000000,0.12789430
57.00000000,1818.00000000,0.12789979
57.00000000,1819.00000000,0.12790535
57.00000000,1820.00000000,0.12791101
57.00000000,1821.00000000,0.12791686
57.00000000,1822.00000000,0.12792280
57.00000000,1823.00000000,0.12793980
57.00000000,1824.00000000,0.12794604
57.00000000,1825.00000000,0.12795243
57.00000000,1826.00000000,0.12795895
57.00000000,1827.00000000,0.12796561
57.00000000,1828.00000000,0.12797605
57.00000000,1829.00000000,0.12798296
57.00000000,1830.00000000,0.12799004
57.00000000,1831.00000000,0.12799713
57.00000000,1832.00000000,0.12800438
57.00000000,1833.00000000,0.12801168
57.00000000,1834.00000000,0.12801908
57.00000000,1835.00000000,0.12802657
57.00000000,1836.00000000,0.12803416
57.00000000,1837.00000000,0.12804182
57.00000000,1838.00000000,0.12805323
57.00000000,1839.00000000,0.12806099
57.00000000,1840.00000000,0.12806888
57.00000000,1841.00000000,0.12807680
57.00000000,1842.00000000,0.12808477
57.00000000,1843.00000000,0.12809285
57.00000000,1844.00000000,0.12810094
57.00000000,1845.00000000,0.12810909
57.00000000,1846.00000000,0.12811726
57.00000000,1847.00000000,0.12812548
57.00000000,1848.00000000,0.12813736
57.00000000,1849.00000000,0.12814569
57.00000000,1850.00000000,0.12815396
57.00000000,1851.00000000,0.12816230
57.00000000,1852.00000000,0.12817057
57.00000000,1853.00000000,0.12817938
57.00000000,1854.00000000,0.12819201
57.00000000,1855.00000000,0.12820102
57.00000000,1856.00000000,0.12820981
57.00000000,1857.00000000,0.12822221
57.00000000,1858.00000000,0.12823091
57.00000000,1859.00000000,0.12824695
57.00000000,1860.00000000,0.12825200
57.00000000,1861.00000000,0.12826057
57.00000000,1862.00000000,0.12826908
57.00000000,1863.00000000,0.12828042
57.00000000,1864.00000000,0.12828758
57.00000000,1865.00000000,0.12829429
57.00000000,1866.00000000,0.12830074
57.00000000,1867.00000000,0.12830679
57.00000000,1868.00000000,0.12831630
57.00000000,1869.00000000,0.12832184
57.00000000,1870.00000000,0.12832717
57.00000000,1871.00000000,0.12833231
57.00000000,1872.00000000,0.12834137
57.00000000,1873.00000000,0.12835129
57.00000000,1874.00000000,0.12836177
57.00000000,1875.00000000,0.12836887
57.00000000,1876.00000000,0.12837632
57.00000000,1877.00000000,0.12838395
57.00000000,1878.00000000,0.12839179
57.00000000,1879.00000000,0.12840342
57.00000000,1880.00000000,0.12841515
57.00000000,1881.00000000,0.12842318
57.00000000,1882.00000000,0.12843494
57.00000000,1883.00000000,0.12844234
57.00000000,1884.00000000,0.12845299
57.00000000,1885.00000000,0.12845967
57.00000000,1886.00000000,0.12846620
57.00000000,1887.00000000,0.12849458
57.00000000,1888.00000000,0.12849722
57.00000000,1889.00000000,0.12850320
57.00000000,1890.00000000,0.12851245
57.00000000,1891.00000000,0.12851770
57.00000000,1892.00000000,0.12852617
57.00000000,1893.00000000,0.12854555
57.00000000,1894.00000000,0.12855033
57.00000000,1895.00000000,0.12855898
57.00000000,1896.00000000,0.12856769
57.00000000,1897.00000000,0.12858002
57.00000000,1898.00000000,0.12858855
57.00000000,1899.00000000,0.12860054
57.00000000,1900.00000000,0.12860838
57.00000000,1901.00000000,0.12861955
57.00000000,1902.00000000,0.12863809
57.00000000,1903.00000000,0.12864200
57.00000000,1904.00000000,0.12865692
57.00000000,1905.00000000,0.12866471
57.00000000,1906.00000000,0.12867990
57.00000000,1907.00000000,0.12869882
57.00000000,1908.00000000,0.12870275
57.00000000,1909.00000000,0.12871749
57.00000000,1910.00000000,0.12872853
57.00000000,1911.00000000,0.12876846
57.00000000,1912.00000000,0.12877838
57.00000000,1913.00000000,0.12879814
57.00000000,1914.00000000,0.12880203
57.00000000,1915.00000000,0.12880567
57.00000000,1916.00000000,0.12882419
57.00000000,1917.00000000,0.12885392
57.00000000,1918.00000000,0.12886892
57.00000000,1919.00000000,0.12887701
57.00000000,1920.00000000,0.12890426
57.00000000,1921.00000000,0.12893673
57.00000000,1922.00000000,0.12896724
57.00000000,1923.00000000,0.12898462
57.00000000,1924.00000000,0.12902150
57.00000000,1925.00000000,0.12904694
57.00000000,1926.00000000,0.12907989
57.00000000,1927.00000000,0.12910601
57.00000000,1928.00000000,0.12914718
57.00000000,1929.00000000,0.12921788
57.00000000,1930.00000000,0.12926695
57.00000000,1931.00000000,0.12924087
57.00000000,1932.00000000,0.12930452
57.00000000,1933.00000000,0.12932962
57.00000000,1934.00000000,0.12935621
57.00000000,1935.00000000,0.12937763
57.00000000,1936.00000000,0.12944437
57.00000000,1937.00000000,0.12955381
57.00000000,1938.00000000,0.12959220
57.00000000,1939.00000000,0.12965137
57.00000000,1940.00000000,0.12972069
57.00000000,1941.00000000,0.12974120
57.00000000,1942.00000000,0.12975657
57.00000000,1943.00000000,0.12977853
57.00000000,1944.00000000,0.12983647
57.00000000,1945.00000000,0.12996044
57.00000000,1946.00000000,0.12996935
57.00000000,1947.00000000,0.13008715
57.00000000,1948.00000000,0.13015873
57.00000000,1949.00000000,0.13017933
57.00000000,1950.00000000,0.13017786
57.00000000,1951.00000000,0.13023839
57.00000000,1952.00000000,0.13033597
57.00000000,1953.00000000,0.13039667
57.00000000,1954.00000000,0.13048629
57.00000000,1955.00000000,0.13059072
57.00000000,1956.00000000,0.13075702
57.00000000,1957.00000000,0.13086776
57.00000000,1958.00000000,0.13094460
57.00000000,1959.00000000,0.13100576
57.00000000,1960.00000000,0.13119917
57.00000000,1961.00000000,0.13122944
57.00000000,1962.00000000,0.13137535
57.00000000,1963.00000000,0.13153818
57.00000000,1964.00000000,0.13181966
57.00000000,1965.00000000,0.13169339
57.00000000,1966.00000000,0.13181633
57.00000000,1967.00000000,0.13193292
57.00000000,1968.00000000,0.13198459
57.00000000,1969.00000000,0.13212733
57.00000000,1970.00000000,0.13234230
57.00000000,1971.00000000,0.13197934
57.00000000,1972.00000000,0.13190550
57.00000000,1973.00000000,0.13209950
57.00000000,1974.00000000,0.13225640
57.00000000,1975.00000000,0.13214469
57.00000000,1976.00000000,0.13162871
57.00000000,1977.00000000,0.13204472
57.00000000,1978.00000000,0.13153316
57.00000000,1979.00000000,0.13164340
57.00000000,1980.00000000,0.13205456
57.00000000,1981.00000000,0.13198644
57.00000000,1982.00000000,0.13199126
57.00000000,1983.00000000,0.13198883
57.00000000,1984.00000000,0.13225085
57.00000000,1985.00000000,0.13224280
57.00000000,1986.00000000,0.13251678
57.00000000,1987.00000000,0.13216892
57.00000000,1988.00000000,0.13174552
57.00000000,1989.00000000,0.13139436
57.00000000,1990.00000000,0.13154664
57.00000000,1991.00000000,0.13182284
57.00000000,1992.00000000,0.13200697
57.00000000,1993.00000000,0.13237094
57.00000000,1994.00000000,0.13265163
57.00000000,1995.00000000,0.13240753
57.00000000,1996.00000000,0.13258879
57.00000000,1997.00000000,0.13297719
57.00000000,1998.00000000,0.13310633
57.00000000,1999.00000000,0.13313963
57.00000000,2000.00000000,0.13332369
57.00000000,2001.00000000,0.13330368
57.00000000,2002.00000000,0.13250895
57.00000000,2003.00000000,0.13280382
57.00000000,2004.00000000,0.13337387
57.00000000,2005.00000000,0.13366381
57.00000000,2006.00000000,0.13349141
57.00000000,2007.00000000,0.13425686
57.00000000,2008.00000000,0.13475542
57.00000000,2009.00000000,0.13485435
57.00000000,2010.00000000,0.13501171
57.00000000,2011.00000000,0.13509116
57.00000000,2012.00000000,0.13572296
57.00000000,2013.00000000,0.13619703
57.00000000,2014.00000000,0.13651324
57.00000000,2015.00000000,0.13671104
57.00000000,2016.00000000,0.13716426
57.00000000,2017.00000000,0.13755298
57.00000000,2018.00000000,0.13758740
57.00000000,2019.00000000,0.13793855
57.00000000,2020.00000000,0.13843787
57.00000000,2021.00000000,0.13897796
57.00000000,2022.00000000,0.13943356
57.00000000,2023.00000000,0.13996991
57.00000000,2024.00000000,0.14031192
57.00000000,2025.00000000,0.14090636
57.00000000,2026.00000000,0.14162442
57.00000000,2027.00000000,0.14256925
57.00000000,2028.00000000,0.14308175
57.00000000,2029.00000000,0.14363955
57.00000000,2030.00000000,0.14443804
57.00000000,2031.00000000,0.14442939
57.00000000,2032.00000000,0.14428578
57.00000000,2033.00000000,0.14519357
57.00000000,2034.00000000,0.14566708
57.00000000,2035.00000000,0.14589043
57.00000000,2036.00000000,0.14683910
57.00000000,2037.00000000,0.14659466
57.00000000,2038.00000000,0.14596445
57.00000000,2039.00000000,0.14576727
57.00000000,2040.00000000,0.14565398
57.00000000,2041.00000000,0.14623265
57.00000000,2042.00000000,0.14671781
57.00000000,2043.00000000,0.14724271
57.00000000,2044.00000000,0.14768400
57.00000000,2045.00000000,0.14836027
57.00000000,2046.00000000,0.14873219
57.00000000,2047.00000000,0.14885611
57.00000000,2048.00000000,0.14910303
57.00000000,2049.00000000,0.14862226
57.00000000,2050.00000000,0.14856882
57.00000000,2051.00000000,0.14890337
57.00000000,2052.00000000,0.14927799
57.00000000,2053.00000000,0.14967884
57.00000000,2054.00000000,0.14997777
57.00000000,2055.00000000,0.14979164
57.00000000,2056.00000000,0.14964770
57.00000000,2057.00000000,0.15014324
57.00000000,2058.00000000,0.15062136
57.00000000,2059.00000000,0.15072902
57.00000000,2060.00000000,0.15181416
57.00000000,2061.00000000,0.15306662
57.00000000,2062.00000000,0.15402103
57.00000000,2063.00000000,0.15460467
57.00000000,2064.00000000,0.15519217
57.00000000,2065.00000000,0.15578388
57.00000000,2066.00000000,0.15637958
57.00000000,2067.00000000,0.15697874
57.00000000,2068.00000000,0.15782094
57.00000000,2069.00000000,0.15866634
57.00000000,2070.00000000,0.15951534
57.00000000,2071.00000000,0.16036779
57.00000000,2072.00000000,0.16122427
57.00000000,2073.00000000,0.16208594
57.00000000,2074.00000000,0.16295285
57.00000000,2075.00000000,0.16382546
57.00000000,2076.00000000,0.16470370
57.00000000,2077.00000000,0.16558743
57.00000000,2078.00000000,0.16637189
57.00000000,2079.00000000,0.16716149
57.00000000,2080.00000000,0.16795620
57.00000000,2081.00000000,0.16875586
57.00000000,2082.00000000,0.16956082
57.00000000,2083.00000000,0.17037154
57.00000000,2084.00000000,0.17118791
57.00000000,2085.00000000,0.17201020
57.00000000,2086.00000000,0.17283828
57.00000000,2087.00000000,0.17367202
57.00000000,2088.00000000,0.17472787
57.00000000,2089.00000000,0.17578867
57.00000000,2090.00000000,0.17685440
57.00000000,2091.00000000,0.17792488
57.00000000,2092.00000000,0.17900013
57.00000000,2093.00000000,0.18008085
57.00000000,2094.00000000,0.18116681
57.00000000,2095.00000000,0.18225813
57.00000000,2096.00000000,0.18335471
57.00000000,2097.00000000,0.18445605
57.00000000,2098.00000000,0.18571947
57.00000000,2099.00000000,0.18698726
57.00000000,2100.00000000,0.18825881
57.00000000,2101.00000000,0.18953437
57.00000000,2102.00000000,0.19081393
57.00000000,2103.00000000,0.19209743
57.00000000,2104.00000000,0.19338530
57.00000000,2105.00000000,0.19467699
57.00000000,2106.00000000,0.19597250
57.00000000,2107.00000000,0.19727140
57.00000000,2108.00000000,0.19856431
57.00000000,2109.00000000,0.19986006
57.00000000,2110.00000000,0.20115814
57.00000000,2111.00000000,0.20245797
57.00000000,2112.00000000,0.20375955
57.00000000,2113.00000000,0.20506232
57.00000000,2114.00000000,0.20636568
57.00000000,2115.00000000,0.20766969
57.00000000,2116.00000000,0.20897376
57.00000000,2117.00000000,0.21027732
57.00000000,2118.00000000,0.21123759
57.00000000,2119.00000000,0.21219668
57.00000000,2120.00000000,0.21315455
57.00000000,2121.00000000,0.21411091
57.00000000,2122.00000000,0.21506543
57.00000000,2123.00000000,0.21601812
57.00000000,2124.00000000,0.21696869
57.00000000,2125.00000000,0.21791680
57.00000000,2126.00000000,0.21886245
57.00000000,2127.00000000,0.21980536
57.00000000,2128.00000000,0.22043673
57.00000000,2129.00000000,0.22106507
57.00000000,2130.00000000,0.22169014
57.00000000,2131.00000000,0.22231192
57.00000000,2132.00000000,0.22293042
57.00000000,2133.00000000,0.22354549
57.00000000,2134.00000000,0.22415702
57.00000000,2135.00000000,0.22476503
57.00000000,2136.00000000,0.22536943
57.00000000,2137.00000000,0.22597010
57.00000000,2138.00000000,0.22639512
57.00000000,2139.00000000,0.22681633
57.00000000,2140.00000000,0.22723374
57.00000000,2141.00000000,0.22764717
57.00000000,2142.00000000,0.22805684
57.00000000,2143.00000000,0.22846266
57.00000000,2144.00000000,0.22886445
57.00000000,2145.00000000,0.22926249
57.00000000,2146.00000000,0.22965660
57.00000000,2147.00000000,0.23004665
57.00000000,2148.00000000,0.23025651
57.00000000,2149.00000000,0.23046244
57.00000000,2150.00000000,0.23066440
57.00000000,2151.00000000,0.23086392
57.00000000,2152.00000000,0.23106437
57.00000000,2153.00000000,0.23126925
57.00000000,2154.00000000,0.23148007
57.00000000,2155.00000000,0.23169789
57.00000000,2156.00000000,0.23192274
57.00000000,2157.00000000,0.23215451
57.00000000,2158.00000000,0.23225832
57.00000000,2159.00000000,0.23236862
57.00000000,2160.00000000,0.23248517
57.00000000,2161.00000000,0.23260744
57.00000000,2162.00000000,0.23273540
57.00000000,2163.00000000,0.23286866
57.00000000,2164.00000000,0.23300678
57.00000000,2165.00000000,0.23314971
57.00000000,2166.00000000,0.23329710
57.00000000,2167.00000000,0.23344867
57.00000000,2168.00000000,0.23360419
57.00000000,2169.00000000,0.23376340
57.00000000,2170.00000000,0.23392619
57.00000000,2171.00000000,0.23409230
57.00000000,2172.00000000,0.23426140
57.00000000,2173.00000000,0.23443361
57.00000000,2174.00000000,0.23460854
57.00000000,2175.00000000,0.23478606
57.00000000,2176.00000000,0.23496602
57.00000000,2177.00000000,0.23514820
57.00000000,2178.00000000,0.23533258
57.00000000,2179.00000000,0.23551898
57.00000000,2180.00000000,0.23570714
57.00000000,2181.00000000,0.23589714
57.00000000,2182.00000000,0.23608876
57.00000000,2183.00000000,0.23628177
57.00000000,2184.00000000,0.23647635
57.00000000,2185.00000000,0.23667213
57.00000000,2186.00000000,0.23686900
57.00000000,2187.00000000,0.23706700
57.00000000,2188.00000000,0.23726598
57.00000000,2189.00000000,0.23746575
57.00000000,2190.00000000,0.23766639
57.00000000,2191.00000000,0.23786771
57.00000000,2192.00000000,0.23806965
57.00000000,2193.00000000,0.23827209
57.00000000,2194.00000000,0.23847494
57.00000000,2195.00000000,0.23867819
57.00000000,2196.00000000,0.23888172
57.00000000,2197.00000000,0.23908537
57.00000000,2198.00000000,0.23928932
57.00000000,2199.00000000,0.23949326
57.00000000,2200.00000000,0.23969713
57.00000000,2201.00000000,0.23990099
57.00000000,2202.00000000,0.24010459
57.00000000,2203.00000000,0.24030804
57.00000000,2204.00000000,0.24051116
57.00000000,2205.00000000,0.24071389
57.00000000,2206.00000000,0.24091616
57.00000000,2207.00000000,0.24111775
57.00000000,2208.00000000,0.24039424
57.00000000,2209.00000000,0.23966882
57.00000000,2210.00000000,0.23894153
57.00000000,2211.00000000,0.23821235
57.00000000,2212.00000000,0.23748156
57.00000000,2213.00000000,0.23674913
57.00000000,2214.00000000,0.23601508
57.00000000,2215.00000000,0.23527967
57.00000000,2216.00000000,0.23454277
57.00000000,2217.00000000,0.23380463
57.00000000,2218.00000000,0.23306521
57.00000000,2219.00000000,0.23232458
57.00000000,2220.00000000,0.23158283
57.00000000,2221.00000000,0.23083999
57.00000000,2222.00000000,0.23009613
57.00000000,2223.00000000,0.22935136
57.00000000,2224.00000000,0.22860571
57.00000000,2225.00000000,0.22785902
57.00000000,2226.00000000,0.22711164
57.00000000,2227.00000000,0.22636348
57.00000000,2228.00000000,0.22561464
57.00000000,2229.00000000,0.22486502
57.00000000,2230.00000000,0.22411473
57.00000000,2231.00000000,0.22336392
57.00000000,2232.00000000,0.22261257
57.00000000,2233.00000000,0.22186049
57.00000000,2234.00000000,0.22110798
57.00000000,2235.00000000,0.22035499
57.00000000,2236.00000000,0.21960155
57.00000000,2237.00000000,0.21884761
57.00000000,2238.00000000,0.21809330
57.00000000,2239.00000000,0.21733861
57.00000000,2240.00000000,0.21658354
57.00000000,2241.00000000,0.21582806
57.00000000,2242.00000000,0.21507229
57.00000000,2243.00000000,0.21431627
57.00000000,2244.00000000,0.21355984
57.00000000,2245.00000000,0.21280314
57.00000000,2246.00000000,0.21204625
57.00000000,2247.00000000,0.21128899
57.00000000,2248.00000000,0.21053153
57.00000000,2249.00000000,0.20977358
57.00000000,2250.00000000,0.20901378
57.00000000,2251.00000000,0.20824950
57.00000000,2252.00000000,0.20747828
57.00000000,2253.00000000,0.20669896
57.00000000,2254.00000000,0.20591096
57.00000000,2255.00000000,0.20511423
57.00000000,2256.00000000,0.20430894
57.00000000,2257.00000000,0.20349520
57.00000000,2258.00000000,0.20267317
57.00000000,2259.00000000,0.20184317
57.00000000,2260.00000000,0.20100546
57.00000000,2261.00000000,0.20016036
57.00000000,2262.00000000,0.19930835
57.00000000,2263.00000000,0.19844984
57.00000000,2264.00000000,0.19758511
57.00000000,2265.00000000,0.19671451
57.00000000,2266.00000000,0.19583827
57.00000000,2267.00000000,0.19495666
57.00000000,2268.00000000,0.19406989
57.00000000,2269.00000000,0.19317816
57.00000000,2270.00000000,0.19228173
57.00000000,2271.00000000,0.19138080
57.00000000,2272.00000000,0.19047549
57.00000000,2273.00000000,0.18956609
57.00000000,2274.00000000,0.18865276
57.00000000,2275.00000000,0.18773562
57.00000000,2276.00000000,0.18681494
57.00000000,2277.00000000,0.18589079
57.00000000,2278.00000000,0.18496344
57.00000000,2279.00000000,0.18403300
57.00000000,2280.00000000,0.18309960
57.00000000,2281.00000000,0.18216346
57.00000000,2282.00000000,0.18122466
57.00000000,2283.00000000,0.18028335
57.00000000,2284.00000000,0.17933969
57.00000000,2285.00000000,0.17839381
57.00000000,2286.00000000,0.17744577
57.00000000,2287.00000000,0.17649579
57.00000000,2288.00000000,0.17554390
57.00000000,2289.00000000,0.17459030
57.00000000,2290.00000000,0.17363503
57.00000000,2291.00000000,0.17267823
57.00000000,2292.00000000,0.17172000
57.00000000,2293.00000000,0.17076047
57.00000000,2294.00000000,0.16979965
57.00000000,2295.00000000,0.16883775
57.00000000,2296.00000000,0.16787482
57.00000000,2297.00000000,0.16691088
57.00000000,2298.00000000,0.16594613
57.00000000,2299.00000000,0.16498060
57.00000000,2300.00000000,0.16401435
57.00000000,2301.00000000,0.16304752
57.00000000,2302.00000000,0.16208013
57.00000000,2303.00000000,0.16111232
57.00000000,2304.00000000,0.16014413
57.00000000,2305.00000000,0.15917569
57.00000000,2306.00000000,0.15841387
57.00000000,2307.00000000,0.15826084
57.00000000,2308.00000000,0.15827433
57.00000000,2309.00000000,0.15828807
57.00000000,2310.00000000,0.15830206
57.00000000,2311.00000000,0.15831624
57.00000000,2312.00000000,0.15833066
57.00000000,2313.00000000,0.15837135
57.00000000,2314.00000000,0.15841229
57.00000000,2315.00000000,0.15845342
57.00000000,2316.00000000,0.15849472
57.00000000,2317.00000000,0.15853623
57.00000000,2318.00000000,0.15852632
57.00000000,2319.00000000,0.15851651
57.00000000,2320.00000000,0.15850691
57.00000000,2321.00000000,0.15849744
57.00000000,2322.00000000,0.15848808
57.00000000,2323.00000000,0.15847890
57.00000000,2324.00000000,0.15846985
57.00000000,2325.00000000,0.15846091
57.00000000,2326.00000000,0.15845213
57.00000000,2327.00000000,0.15844342
57.00000000,2328.00000000,0.15843490
57.00000000,2329.00000000,0.15842649
57.00000000,2330.00000000,0.15841816
57.00000000,2331.00000000,0.15840999
57.00000000,2332.00000000,0.15840193
57.00000000,2333.00000000,0.15839169
57.00000000,2334.00000000,0.15838162
57.00000000,2335.00000000,0.15837166
57.00000000,2336.00000000,0.15836175
57.00000000,2337.00000000,0.15835198
57.00000000,2338.00000000,0.15834226
57.00000000,2339.00000000,0.15833269
57.00000000,2340.00000000,0.15832323
57.00000000,2341.00000000,0.15831380
57.00000000,2342.00000000,0.15830450
57.00000000,2343.00000000,0.15829530
57.00000000,2344.00000000,0.15828614
57.00000000,2345.00000000,0.15827711
57.00000000,2346.00000000,0.15826816
57.00000000,2347.00000000,0.15825925
57.00000000,2348.00000000,0.15825046
57.00000000,2349.00000000,0.15824172
57.00000000,2350.00000000,0.15823308
57.00000000,2351.00000000,0.15822453
57.00000000,2352.00000000,0.15821601
57.00000000,2353.00000000,0.15820761
57.00000000,2354.00000000,0.15819931
57.00000000,2355.00000000,0.15819103
57.00000000,2356.00000000,0.15818287
57.00000000,2357.00000000,0.15817479
57.00000000,2358.00000000,0.15817171
57.00000000,2359.00000000,0.15816874
57.00000000,2360.00000000,0.15816587
57.00000000,2361.00000000,0.15816302
57.00000000,2362.00000000,0.15816027
57.00000000,2363.00000000,0.15815757
57.00000000,2364.00000000,0.15815495
57.00000000,2365.00000000,0.15815242
57.00000000,2366.00000000,0.15814990
57.00000000,2367.00000000,0.15814748
57.00000000,2368.00000000,0.15814513
57.00000000,2369.00000000,0.15814280
57.00000000,2370.00000000,0.15814055
57.00000000,2371.00000000,0.15813838
57.00000000,2372.00000000,0.15813621
57.00000000,2373.00000000,0.15813412
57.00000000,2374.00000000,0.15813206
57.00000000,2375.00000000,0.15813009
57.00000000,2376.00000000,0.15812817
57.00000000,2377.00000000,0.15812625
57.00000000,2378.00000000,0.15812441
57.00000000,2379.00000000,0.15812263
57.00000000,2380.00000000,0.15812085
57.00000000,2381.00000000,0.15811916
57.00000000,2382.00000000,0.15811750
57.00000000,2383.00000000,0.15811584
57.00000000,2384.00000000,0.15811427
57.00000000,2385.00000000,0.15811273
57.00000000,2386.00000000,0.15811118
57.00000000,2387.00000000,0.15810972
57.00000000,2388.00000000,0.15810825
57.00000000,2389.00000000,0.15810685
57.00000000,2390.00000000,0.15810549
57.00000000,2391.00000000,0.15810411
57.00000000,2392.00000000,0.15810283
57.00000000,2393.00000000,0.15810156
57.00000000,2394.00000000,0.15810027
57.00000000,2395.00000000,0.15809906
57.00000000,2396.00000000,0.15809788
57.00000000,2397.00000000,0.15809669
57.00000000,2398.00000000,0.15809556
57.00000000,2399.00000000,0.15809440
57.00000000,2400.00000000,0.15809334
57.00000000,2401.00000000,0.15809228
57.00000000,2402.00000000,0.15809121
57.00000000,2403.00000000,0.15809022
57.00000000,2404.00000000,0.15808926
57.00000000,2405.00000000,0.15808827
57.00000000,2406.00000000,0.15808739
57.00000000,2407.00000000,0.15808651
57.00000000,2408.00000000,0.15808420
57.00000000,2409.00000000,0.15808197
57.00000000,2410.00000000,0.15807976
57.00000000,2411.00000000,0.15807753
57.00000000,2412.00000000,0.15807538
57.00000000,2413.00000000,0.15807319
57.00000000,2414.00000000,0.15807109
57.00000000,2415.00000000,0.15806901
57.00000000,2416.00000000,0.15806690
57.00000000,2417.00000000,0.15806486
57.00000000,2418.00000000,0.15806285
57.00000000,2419.00000000,0.15806080
57.00000000,2420.00000000,0.15805882
57.00000000,2421.00000000,0.15805688
57.00000000,2422.00000000,0.15805488
57.00000000,2423.00000000,0.15805296
57.00000000,2424.00000000,0.15805100
57.00000000,2425.00000000,0.15804911
57.00000000,2426.00000000,0.15804725
57.00000000,2427.00000000,0.15804533
57.00000000,2428.00000000,0.15804350
57.00000000,2429.00000000,0.15804167
57.00000000,2430.00000000,0.15803981
57.00000000,2431.00000000,0.15803802
57.00000000,2432.00000000,0.15803623
57.00000000,2433.00000000,0.15803440
57.00000000,2434.00000000,0.15803265
57.00000000,2435.00000000,0.15803084
57.00000000,2436.00000000,0.15802911
57.00000000,2437.00000000,0.15802739
57.00000000,2438.00000000,0.15802561
57.00000000,2439.00000000,0.15802391
57.00000000,2440.00000000,0.15802221
57.00000000,2441.00000000,0.15802046
57.00000000,2442.00000000,0.15801879
57.00000000,2443.00000000,0.15801712
57.00000000,2444.00000000,0.15801540
57.00000000,2445.00000000,0.15801374
57.00000000,2446.00000000,0.15801210
57.00000000,2447.00000000,0.15801040
57.00000000,2448.00000000,0.15800876
57.00000000,2449.00000000,0.15800707
57.00000000,2450.00000000,0.15800545
57.00000000,2451.00000000,0.15800385
57.00000000,2452.00000000,0.15800216
57.00000000,2453.00000000,0.15800055
57.00000000,2454.00000000,0.15799893
57.00000000,2455.00000000,0.15799725
57.00000000,2456.00000000,0.15799563
57.00000000,2457.00000000,0.15799399
57.00000000,2458.00000000,0.15799079
57.00000000,2459.00000000,0.15798765
57.00000000,2460.00000000,0.15798443
57.00000000,2461.00000000,0.15798129
57.00000000,2462.00000000,0.15797815
57.00000000,2463.00000000,0.15797490
57.00000000,2464.00000000,0.15797175
57.00000000,2465.00000000,0.15796859
57.00000000,2466.00000000,0.15796533
57.00000000,2467.00000000,0.15796216
57.00000000,2468.00000000,0.15795899
57.00000000,2469.00000000,0.15795572
57.00000000,2470.00000000,0.15795254
57.00000000,2471.00000000,0.15794934
57.00000000,2472.00000000,0.15794607
57.00000000,2473.00000000,0.15794287
57.00000000,2474.00000000,0.15793959
57.00000000,2475.00000000,0.15793638
57.00000000,2476.00000000,0.15793318
57.00000000,2477.00000000,0.15792987
57.00000000,2478.00000000,0.15792666
57.00000000,2479.00000000,0.15792343
57.00000000,2480.00000000,0.15792012
57.00000000,2481.00000000,0.15791689
57.00000000,2482.00000000,0.15791365
57.00000000,2483.00000000,0.15791033
57.00000000,2484.00000000,0.15790709
57.00000000,2485.00000000,0.15790375
57.00000000,2486.00000000,0.15790051
57.00000000,2487.00000000,0.15789725
57.00000000,2488.00000000,0.15789391
57.00000000,2489.00000000,0.15789066
57.00000000,2490.00000000,0.15788739
57.00000000,2491.00000000,0.15788404
57.00000000,2492.00000000,0.15788077
57.00000000,2493.00000000,0.15787750
57.00000000,2494.00000000,0.15787412
57.00000000,2495.00000000,0.15787086
57.00000000,2496.00000000,0.15786748
57.00000000,2497.00000000,0.15786420
57.00000000,2498.00000000,0.15786092
57.00000000,2499.00000000,0.15785754
57.00000000,2500.00000000,0.15785426
58.00000000,1765.00000000,0.12563413
58.00000000,1766.00000000,0.12563420
58.00000000,1767.00000000,0.12563400
58.00000000,1768.00000000,0.12563428
58.00000000,1769.00000000,0.12563451
58.00000000,1770.00000000,0.12563497
58.00000000,1771.00000000,0.12563563
58.00000000,1772.00000000,0.12563630
58.00000000,1773.00000000,0.12563718
58.00000000,1774.00000000,0.12563822
58.00000000,1775.00000000,0.12563947
58.00000000,1776.00000000,0.12564074
58.00000000,1777.00000000,0.12564224
58.00000000,1778.00000000,0.12564397
58.00000000,1779.00000000,0.12564581
58.00000000,1780.00000000,0.12564781
58.00000000,1781.00000000,0.12564988
58.00000000,1782.00000000,0.12565209
58.00000000,1783.00000000,0.12565444
58.00000000,1784.00000000,0.12565695
58.00000000,1785.00000000,0.12565951
58.00000000,1786.00000000,0.12566228
58.00000000,1787.00000000,0.12566506
58.00000000,1788.00000000,0.12566804
58.00000000,1789.00000000,0.12567107
58.00000000,1790.00000000,0.12567422
58.00000000,1791.00000000,0.12567749
58.00000000,1792.00000000,0.12568078
58.00000000,1793.00000000,0.12568423
58.00000000,1794.00000000,0.12568783
58.00000000,1795.00000000,0.12569133
58.00000000,1796.00000000,0.12569508
58.00000000,1797.00000000,0.12569891
58.00000000,1798.00000000,0.12570272
58.00000000,1799.00000000,0.12570668
58.00000000,1800.00000000,0.12571063
58.00000000,1801.00000000,0.12571476
58.00000000,1802.00000000,0.12571890
58.00000000,1803.00000000,0.12572308
58.00000000,1804.00000000,0.12572735
58.00000000,1805.00000000,0.12573168
58.00000000,1806.00000000,0.12573611
58.00000000,1807.00000000,0.12574061
58.00000000,1808.00000000,0.12574515
58.00000000,1809.00000000,0.12574978
58.00000000,1810.00000000,0.12575457
58.00000000,1811.00000000,0.12575937
58.00000000,1812.00000000,0.12576427
58.00000000,1813.00000000,0.12576923
58.00000000,1814.00000000,0.12577428
58.00000000,1815.00000000,0.12577946
58.00000000,1816.00000000,0.12578468
58.00000000,1817.00000000,0.12579002
58.00000000,1818.00000000,0.12579545
58.00000000,1819.00000000,0.12580098
58.00000000,1820.00000000,0.12580660
58.00000000,1821.00000000,0.12581238
58.00000000,1822.00000000,0.12581827
58.00000000,1823.00000000,0.12582427
58.00000000,1824.00000000,0.12584121
58.00000000,1825.00000000,0.12584751
58.00000000,1826.00000000,0.12585396
58.00000000,1827.00000000,0.12586054
58.00000000,1828.00000000,0.12586730
58.00000000,1829.00000000,0.12587772
58.00000000,1830.00000000,0.12588473
58.00000000,1831.00000000,0.12589180
58.00000000,1832.00000000,0.12589896
58.00000000,1833.00000000,0.12590621
58.00000000,1834.00000000,0.12591360
58.00000000,1835.00000000,0.12592101
58.00000000,1836.00000000,0.12592860
58.00000000,1837.00000000,0.12593616
58.00000000,1838.00000000,0.12594388
58.00000000,1839.00000000,0.12595529
58.00000000,1840.00000000,0.12596309
58.00000000,1841.00000000,0.12597101
58.00000000,1842.00000000,0.12597898
58.00000000,1843.00000000,0.12598703
58.00000000,1844.00000000,0.12599511
58.00000000,1845.00000000,0.12600328
58.00000000,1846.00000000,0.12601141
58.00000000,1847.00000000,0.12601965
58.00000000,1848.00000000,0.12602785
58.00000000,1849.00000000,0.12603977
58.00000000,1850.00000000,0.12604808
58.00000000,1851.00000000,0.12605638
58.00000000,1852.00000000,0.12606467
58.00000000,1853.00000000,0.12607348
58.00000000,1854.00000000,0.12608244
58.00000000,1855.00000000,0.12609510
58.00000000,1856.00000000,0.12610393
58.00000000,1857.00000000,0.12611274
58.00000000,1858.00000000,0.12612504
58.00000000,1859.00000000,0.12613375
58.00000000,1860.00000000,0.12614971
58.00000000,1861.00000000,0.12615480
58.00000000,1862.00000000,0.12616326
58.00000000,1863.00000000,0.12617101
58.00000000,1864.00000000,0.12618183
58.00000000,1865.00000000,0.12618857
58.00000000,1866.00000000,0.12619501
58.00000000,1867.00000000,0.12620115
58.00000000,1868.00000000,0.12620699
58.00000000,1869.00000000,0.12621617
58.00000000,1870.00000000,0.12622154
58.00000000,1871.00000000,0.12622667
58.00000000,1872.00000000,0.12623210
58.00000000,1873.00000000,0.12624198
58.00000000,1874.00000000,0.12625247
58.00000000,1875.00000000,0.12626326
58.00000000,1876.00000000,0.12627075
58.00000000,1877.00000000,0.12627843
58.00000000,1878.00000000,0.12628637
58.00000000,1879.00000000,0.12629442
58.00000000,1880.00000000,0.12630621
58.00000000,1881.00000000,0.12631791
58.00000000,1882.00000000,0.12632606
58.00000000,1883.00000000,0.12633719
58.00000000,1884.00000000,0.12634430
58.00000000,1885.00000000,0.12635466
58.00000000,1886.00000000,0.12636132
58.00000000,1887.00000000,0.12636781
58.00000000,1888.00000000,0.12639589
58.00000000,1889.00000000,0.12639835
58.00000000,1890.00000000,0.12640403
58.00000000,1891.00000000,0.12641298
58.00000000,1892.00000000,0.12641791
58.00000000,1893.00000000,0.12642635
58.00000000,1894.00000000,0.12644566
58.00000000,1895.00000000,0.12645078
58.00000000,1896.00000000,0.12645951
58.00000000,1897.00000000,0.12646827
58.00000000,1898.00000000,0.12648045
58.00000000,1899.00000000,0.12648883
58.00000000,1900.00000000,0.12650036
58.00000000,1901.00000000,0.12650791
58.00000000,1902.00000000,0.12651917
58.00000000,1903.00000000,0.12653770
58.00000000,1904.00000000,0.12654177
58.00000000,1905.00000000,0.12655689
58.00000000,1906.00000000,0.12656492
58.00000000,1907.00000000,0.12658022
58.00000000,1908.00000000,0.12659879
58.00000000,1909.00000000,0.12660277
58.00000000,1910.00000000,0.12661755
58.00000000,1911.00000000,0.12662858
58.00000000,1912.00000000,0.12666750
58.00000000,1913.00000000,0.12667656
58.00000000,1914.00000000,0.12669523
58.00000000,1915.00000000,0.12669907
58.00000000,1916.00000000,0.12670322
58.00000000,1917.00000000,0.12672209
58.00000000,1918.00000000,0.12675164
58.00000000,1919.00000000,0.12676705
58.00000000,1920.00000000,0.12677630
58.00000000,1921.00000000,0.12680471
58.00000000,1922.00000000,0.12683855
58.00000000,1923.00000000,0.12687018
58.00000000,1924.00000000,0.12688785
58.00000000,1925.00000000,0.12692441
58.00000000,1926.00000000,0.12694966
58.00000000,1927.00000000,0.12698255
58.00000000,1928.00000000,0.12700868
58.00000000,1929.00000000,0.12704948
58.00000000,1930.00000000,0.12711970
58.00000000,1931.00000000,0.12716987
58.00000000,1932.00000000,0.12714631
58.00000000,1933.00000000,0.12721108
58.00000000,1934.00000000,0.12723746
58.00000000,1935.00000000,0.12726436
58.00000000,1936.00000000,0.12728522
58.00000000,1937.00000000,0.12735021
58.00000000,1938.00000000,0.12745677
58.00000000,1939.00000000,0.12749377
58.00000000,1940.00000000,0.12755154
58.00000000,1941.00000000,0.12761893
58.00000000,1942.00000000,0.12763788
58.00000000,1943.00000000,0.12765232
58.00000000,1944.00000000,0.12767352
58.00000000,1945.00000000,0.12773101
58.00000000,1946.00000000,0.12785537
58.00000000,1947.00000000,0.12786697
58.00000000,1948.00000000,0.12798471
58.00000000,1949.00000000,0.12805560
58.00000000,1950.00000000,0.12807592
58.00000000,1951.00000000,0.12807421
58.00000000,1952.00000000,0.12813460
58.00000000,1953.00000000,0.12823081
58.00000000,1954.00000000,0.12829062
58.00000000,1955.00000000,0.12837944
58.00000000,1956.00000000,0.12848266
58.00000000,1957.00000000,0.12864640
58.00000000,1958.00000000,0.12875518
58.00000000,1959.00000000,0.12883035
58.00000000,1960.00000000,0.12888862
58.00000000,1961.00000000,0.12907780
58.00000000,1962.00000000,0.12910712
58.00000000,1963.00000000,0.12925071
58.00000000,1964.00000000,0.12941077
58.00000000,1965.00000000,0.12968753
58.00000000,1966.00000000,0.12956137
58.00000000,1967.00000000,0.12968151
58.00000000,1968.00000000,0.12979510
58.00000000,1969.00000000,0.12984376
58.00000000,1970.00000000,0.12998195
58.00000000,1971.00000000,0.13019018
58.00000000,1972.00000000,0.12982648
58.00000000,1973.00000000,0.12974929
58.00000000,1974.00000000,0.12993750
58.00000000,1975.00000000,0.13009090
58.00000000,1976.00000000,0.12998103
58.00000000,1977.00000000,0.12947263
58.00000000,1978.00000000,0.12988411
58.00000000,1979.00000000,0.12937941
58.00000000,1980.00000000,0.12948829
58.00000000,1981.00000000,0.12989547
58.00000000,1982.00000000,0.12983263
58.00000000,1983.00000000,0.12984518
58.00000000,1984.00000000,0.12985038
58.00000000,1985.00000000,0.13011536
58.00000000,1986.00000000,0.13011148
58.00000000,1987.00000000,0.13038463
58.00000000,1988.00000000,0.13004245
58.00000000,1989.00000000,0.12962483
58.00000000,1990.00000000,0.12927829
58.00000000,1991.00000000,0.12942954
58.00000000,1992.00000000,0.12970455
58.00000000,1993.00000000,0.12988898
58.00000000,1994.00000000,0.13025229
58.00000000,1995.00000000,0.13053279
58.00000000,1996.00000000,0.13029385
58.00000000,1997.00000000,0.13047401
58.00000000,1998.00000000,0.13085844
58.00000000,1999.00000000,0.13098767
58.00000000,2000.00000000,0.13102280
58.00000000,2001.00000000,0.13120618
58.00000000,2002.00000000,0.13118735
58.00000000,2003.00000000,0.13040363
58.00000000,2004.00000000,0.13069423
58.00000000,2005.00000000,0.13125406
58.00000000,2006.00000000,0.13153522
58.00000000,2007.00000000,0.13135971
58.00000000,2008.00000000,0.13211130
58.00000000,2009.00000000,0.13259991
58.00000000,2010.00000000,0.13269442
58.00000000,2011.00000000,0.13284696
58.00000000,2012.00000000,0.13292268
58.00000000,2013.00000000,0.13354360
58.00000000,2014.00000000,0.13400867
58.00000000,2015.00000000,0.13431780
58.00000000,2016.00000000,0.13451017
58.00000000,2017.00000000,0.13495488
58.00000000,2018.00000000,0.13533608
58.00000000,2019.00000000,0.13536773
58.00000000,2020.00000000,0.13571227
58.00000000,2021.00000000,0.13620345
58.00000000,2022.00000000,0.13673519
58.00000000,2023.00000000,0.13718414
58.00000000,2024.00000000,0.13771310
58.00000000,2025.00000000,0.13805067
58.00000000,2026.00000000,0.13863763
58.00000000,2027.00000000,0.13934687
58.00000000,2028.00000000,0.14028013
58.00000000,2029.00000000,0.14078673
58.00000000,2030.00000000,0.14133822
58.00000000,2031.00000000,0.14212723
58.00000000,2032.00000000,0.14211929
58.00000000,2033.00000000,0.14197763
58.00000000,2034.00000000,0.14287343
58.00000000,2035.00000000,0.14334037
58.00000000,2036.00000000,0.14356032
58.00000000,2037.00000000,0.14449617
58.00000000,2038.00000000,0.14425443
58.00000000,2039.00000000,0.14363218
58.00000000,2040.00000000,0.14343735
58.00000000,2041.00000000,0.14332538
58.00000000,2042.00000000,0.14389604
58.00000000,2043.00000000,0.14437397
58.00000000,2044.00000000,0.14489098
58.00000000,2045.00000000,0.14532534
58.00000000,2046.00000000,0.14599161
58.00000000,2047.00000000,0.14635758
58.00000000,2048.00000000,0.14647898
58.00000000,2049.00000000,0.14672183
58.00000000,2050.00000000,0.14624685
58.00000000,2051.00000000,0.14619372
58.00000000,2052.00000000,0.14652347
58.00000000,2053.00000000,0.14689296
58.00000000,2054.00000000,0.14728842
58.00000000,2055.00000000,0.14758352
58.00000000,2056.00000000,0.14740018
58.00000000,2057.00000000,0.14725859
58.00000000,2058.00000000,0.14774798
58.00000000,2059.00000000,0.14822025
58.00000000,2060.00000000,0.14832718
58.00000000,2061.00000000,0.14939868
58.00000000,2062.00000000,0.15063623
58.00000000,2063.00000000,0.15158086
58.00000000,2064.00000000,0.15216051
58.00000000,2065.00000000,0.15274447
58.00000000,2066.00000000,0.15333277
58.00000000,2067.00000000,0.15392515
58.00000000,2068.00000000,0.15452092
58.00000000,2069.00000000,0.15535637
58.00000000,2070.00000000,0.15619493
58.00000000,2071.00000000,0.15703715
58.00000000,2072.00000000,0.15788358
58.00000000,2073.00000000,0.15873466
58.00000000,2074.00000000,0.15959143
58.00000000,2075.00000000,0.16045363
58.00000000,2076.00000000,0.16132142
58.00000000,2077.00000000,0.16219481
58.00000000,2078.00000000,0.16307330
58.00000000,2079.00000000,0.16385366
58.00000000,2080.00000000,0.16463890
58.00000000,2081.00000000,0.16542903
58.00000000,2082.00000000,0.16622445
58.00000000,2083.00000000,0.16702522
58.00000000,2084.00000000,0.16783183
58.00000000,2085.00000000,0.16864403
58.00000000,2086.00000000,0.16946191
58.00000000,2087.00000000,0.17028540
58.00000000,2088.00000000,0.17111411
58.00000000,2089.00000000,0.17216180
58.00000000,2090.00000000,0.17321425
58.00000000,2091.00000000,0.17427144
58.00000000,2092.00000000,0.17533365
58.00000000,2093.00000000,0.17640102
58.00000000,2094.00000000,0.17747387
58.00000000,2095.00000000,0.17855198
58.00000000,2096.00000000,0.17963526
58.00000000,2097.00000000,0.18072356
58.00000000,2098.00000000,0.18181648
58.00000000,2099.00000000,0.18306909
58.00000000,2100.00000000,0.18432585
58.00000000,2101.00000000,0.18558637
58.00000000,2102.00000000,0.18685112
58.00000000,2103.00000000,0.18812022
58.00000000,2104.00000000,0.18939343
58.00000000,2105.00000000,0.19067087
58.00000000,2106.00000000,0.19195212
58.00000000,2107.00000000,0.19323695
58.00000000,2108.00000000,0.19452502
58.00000000,2109.00000000,0.19580711
58.00000000,2110.00000000,0.19709177
58.00000000,2111.00000000,0.19837863
58.00000000,2112.00000000,0.19966715
58.00000000,2113.00000000,0.20095721
58.00000000,2114.00000000,0.20224836
58.00000000,2115.00000000,0.20354005
58.00000000,2116.00000000,0.20483222
58.00000000,2117.00000000,0.20612440
58.00000000,2118.00000000,0.20741606
58.00000000,2119.00000000,0.20836868
58.00000000,2120.00000000,0.20932021
58.00000000,2121.00000000,0.21027028
58.00000000,2122.00000000,0.21121890
58.00000000,2123.00000000,0.21216579
58.00000000,2124.00000000,0.21311066
58.00000000,2125.00000000,0.21405347
58.00000000,2126.00000000,0.21499396
58.00000000,2127.00000000,0.21593188
58.00000000,2128.00000000,0.21686715
58.00000000,2129.00000000,0.21749493
58.00000000,2130.00000000,0.21811964
58.00000000,2131.00000000,0.21874103
58.00000000,2132.00000000,0.21935934
58.00000000,2133.00000000,0.21997435
58.00000000,2134.00000000,0.22058585
58.00000000,2135.00000000,0.22119408
58.00000000,2136.00000000,0.22179878
58.00000000,2137.00000000,0.22239979
58.00000000,2138.00000000,0.22299727
58.00000000,2139.00000000,0.22342139
58.00000000,2140.00000000,0.22384160
58.00000000,2141.00000000,0.22425813
58.00000000,2142.00000000,0.22467080
58.00000000,2143.00000000,0.22507973
58.00000000,2144.00000000,0.22548490
58.00000000,2145.00000000,0.22588621
58.00000000,2146.00000000,0.22628366
58.00000000,2147.00000000,0.22667732
58.00000000,2148.00000000,0.22706710
58.00000000,2149.00000000,0.22727886
58.00000000,2150.00000000,0.22748669
58.00000000,2151.00000000,0.22769202
58.00000000,2152.00000000,0.22789833
58.00000000,2153.00000000,0.22810888
58.00000000,2154.00000000,0.22832529
58.00000000,2155.00000000,0.22854858
58.00000000,2156.00000000,0.22877870
58.00000000,2157.00000000,0.22901582
58.00000000,2158.00000000,0.22925951
58.00000000,2159.00000000,0.22937661
58.00000000,2160.00000000,0.22949951
58.00000000,2161.00000000,0.22962838
58.00000000,2162.00000000,0.22976265
58.00000000,2163.00000000,0.22990208
58.00000000,2164.00000000,0.23004640
58.00000000,2165.00000000,0.23019521
58.00000000,2166.00000000,0.23034849
58.00000000,2167.00000000,0.23050576
58.00000000,2168.00000000,0.23066700
58.00000000,2169.00000000,0.23083190
58.00000000,2170.00000000,0.23100027
58.00000000,2171.00000000,0.23117186
58.00000000,2172.00000000,0.23134646
58.00000000,2173.00000000,0.23152399
58.00000000,2174.00000000,0.23170428
58.00000000,2175.00000000,0.23188707
58.00000000,2176.00000000,0.23207215
58.00000000,2177.00000000,0.23225957
58.00000000,2178.00000000,0.23244910
58.00000000,2179.00000000,0.23264049
58.00000000,2180.00000000,0.23283381
58.00000000,2181.00000000,0.23302881
58.00000000,2182.00000000,0.23322542
58.00000000,2183.00000000,0.23342352
58.00000000,2184.00000000,0.23362288
58.00000000,2185.00000000,0.23382359
58.00000000,2186.00000000,0.23402546
58.00000000,2187.00000000,0.23422838
58.00000000,2188.00000000,0.23443226
58.00000000,2189.00000000,0.23463701
58.00000000,2190.00000000,0.23484249
58.00000000,2191.00000000,0.23504872
58.00000000,2192.00000000,0.23525547
58.00000000,2193.00000000,0.23546282
58.00000000,2194.00000000,0.23567063
58.00000000,2195.00000000,0.23587879
58.00000000,2196.00000000,0.23608726
58.00000000,2197.00000000,0.23629597
58.00000000,2198.00000000,0.23650474
58.00000000,2199.00000000,0.23671367
58.00000000,2200.00000000,0.23692261
58.00000000,2201.00000000,0.23713146
58.00000000,2202.00000000,0.23734021
58.00000000,2203.00000000,0.23754872
58.00000000,2204.00000000,0.23775700
58.00000000,2205.00000000,0.23796494
58.00000000,2206.00000000,0.23817245
58.00000000,2207.00000000,0.23837943
58.00000000,2208.00000000,0.23858573
58.00000000,2209.00000000,0.23787636
58.00000000,2210.00000000,0.23716500
58.00000000,2211.00000000,0.23645167
58.00000000,2212.00000000,0.23573647
58.00000000,2213.00000000,0.23501955
58.00000000,2214.00000000,0.23430095
58.00000000,2215.00000000,0.23358066
58.00000000,2216.00000000,0.23285893
58.00000000,2217.00000000,0.23213562
58.00000000,2218.00000000,0.23141104
58.00000000,2219.00000000,0.23068512
58.00000000,2220.00000000,0.22995791
58.00000000,2221.00000000,0.22922950
58.00000000,2222.00000000,0.22849996
58.00000000,2223.00000000,0.22776931
58.00000000,2224.00000000,0.22703769
58.00000000,2225.00000000,0.22630512
58.00000000,2226.00000000,0.22557144
58.00000000,2227.00000000,0.22483700
58.00000000,2228.00000000,0.22410171
58.00000000,2229.00000000,0.22336567
58.00000000,2230.00000000,0.22262880
58.00000000,2231.00000000,0.22189118
58.00000000,2232.00000000,0.22115296
58.00000000,2233.00000000,0.22041411
58.00000000,2234.00000000,0.21967449
58.00000000,2235.00000000,0.21893437
58.00000000,2236.00000000,0.21819370
58.00000000,2237.00000000,0.21745249
58.00000000,2238.00000000,0.21671075
58.00000000,2239.00000000,0.21596855
58.00000000,2240.00000000,0.21522591
58.00000000,2241.00000000,0.21448279
58.00000000,2242.00000000,0.21373922
58.00000000,2243.00000000,0.21299535
58.00000000,2244.00000000,0.21225103
58.00000000,2245.00000000,0.21150631
58.00000000,2246.00000000,0.21076126
58.00000000,2247.00000000,0.21001594
58.00000000,2248.00000000,0.20927018
58.00000000,2249.00000000,0.20852391
58.00000000,2250.00000000,0.20777576
58.00000000,2251.00000000,0.20702301
58.00000000,2252.00000000,0.20626338
58.00000000,2253.00000000,0.20549551
58.00000000,2254.00000000,0.20471902
58.00000000,2255.00000000,0.20393380
58.00000000,2256.00000000,0.20313993
58.00000000,2257.00000000,0.20233762
58.00000000,2258.00000000,0.20152705
58.00000000,2259.00000000,0.20070841
58.00000000,2260.00000000,0.19988208
58.00000000,2261.00000000,0.19904837
58.00000000,2262.00000000,0.19820764
58.00000000,2263.00000000,0.19736042
58.00000000,2264.00000000,0.19650701
58.00000000,2265.00000000,0.19564761
58.00000000,2266.00000000,0.19478260
58.00000000,2267.00000000,0.19391212
58.00000000,2268.00000000,0.19303648
58.00000000,2269.00000000,0.19215589
58.00000000,2270.00000000,0.19127047
58.00000000,2271.00000000,0.19038056
58.00000000,2272.00000000,0.18948627
58.00000000,2273.00000000,0.18858777
58.00000000,2274.00000000,0.18768534
58.00000000,2275.00000000,0.18677909
58.00000000,2276.00000000,0.18586919
58.00000000,2277.00000000,0.18495584
58.00000000,2278.00000000,0.18403920
58.00000000,2279.00000000,0.18311943
58.00000000,2280.00000000,0.18219671
58.00000000,2281.00000000,0.18127111
58.00000000,2282.00000000,0.18034287
58.00000000,2283.00000000,0.17941206
58.00000000,2284.00000000,0.17847883
58.00000000,2285.00000000,0.17754333
58.00000000,2286.00000000,0.17660568
58.00000000,2287.00000000,0.17566595
58.00000000,2288.00000000,0.17472434
58.00000000,2289.00000000,0.17378089
58.00000000,2290.00000000,0.17283578
58.00000000,2291.00000000,0.17188907
58.00000000,2292.00000000,0.17094087
58.00000000,2293.00000000,0.16999130
58.00000000,2294.00000000,0.16904046
58.00000000,2295.00000000,0.16808838
58.00000000,2296.00000000,0.16713526
58.00000000,2297.00000000,0.16618112
58.00000000,2298.00000000,0.16522605
58.00000000,2299.00000000,0.16427016
58.00000000,2300.00000000,0.16331353
58.00000000,2301.00000000,0.16235620
58.00000000,2302.00000000,0.16139830
58.00000000,2303.00000000,0.16043984
58.00000000,2304.00000000,0.15948098
58.00000000,2305.00000000,0.15852175
58.00000000,2306.00000000,0.15756228
58.00000000,2307.00000000,0.15680741
58.00000000,2308.00000000,0.15665537
58.00000000,2309.00000000,0.15666822
58.00000000,2310.00000000,0.15668132
58.00000000,2311.00000000,0.15669466
58.00000000,2312.00000000,0.15670822
58.00000000,2313.00000000,0.15672200
58.00000000,2314.00000000,0.15676181
58.00000000,2315.00000000,0.15680187
58.00000000,2316.00000000,0.15684213
58.00000000,2317.00000000,0.15688253
58.00000000,2318.00000000,0.15692317
58.00000000,2319.00000000,0.15691290
58.00000000,2320.00000000,0.15690273
58.00000000,2321.00000000,0.15689277
58.00000000,2322.00000000,0.15688295
58.00000000,2323.00000000,0.15687325
58.00000000,2324.00000000,0.15686371
58.00000000,2325.00000000,0.15685432
58.00000000,2326.00000000,0.15684503
58.00000000,2327.00000000,0.15683591
58.00000000,2328.00000000,0.15682687
58.00000000,2329.00000000,0.15681800
58.00000000,2330.00000000,0.15680926
58.00000000,2331.00000000,0.15680061
58.00000000,2332.00000000,0.15679211
58.00000000,2333.00000000,0.15678372
58.00000000,2334.00000000,0.15677320
58.00000000,2335.00000000,0.15676282
58.00000000,2336.00000000,0.15675256
58.00000000,2337.00000000,0.15674234
58.00000000,2338.00000000,0.15673228
58.00000000,2339.00000000,0.15672228
58.00000000,2340.00000000,0.15671242
58.00000000,2341.00000000,0.15670265
58.00000000,2342.00000000,0.15669295
58.00000000,2343.00000000,0.15668336
58.00000000,2344.00000000,0.15667387
58.00000000,2345.00000000,0.15666443
58.00000000,2346.00000000,0.15665512
58.00000000,2347.00000000,0.15664589
58.00000000,2348.00000000,0.15663670
58.00000000,2349.00000000,0.15662764
58.00000000,2350.00000000,0.15661861
58.00000000,2351.00000000,0.15660970
58.00000000,2352.00000000,0.15660088
58.00000000,2353.00000000,0.15659209
58.00000000,2354.00000000,0.15658343
58.00000000,2355.00000000,0.15657486
58.00000000,2356.00000000,0.15656631
58.00000000,2357.00000000,0.15655790
58.00000000,2358.00000000,0.15654956
58.00000000,2359.00000000,0.15654617
58.00000000,2360.00000000,0.15654290
58.00000000,2361.00000000,0.15653972
58.00000000,2362.00000000,0.15653656
58.00000000,2363.00000000,0.15653350
58.00000000,2364.00000000,0.15653049
58.00000000,2365.00000000,0.15652757
58.00000000,2366.00000000,0.15652473
58.00000000,2367.00000000,0.15652191
58.00000000,2368.00000000,0.15651918
58.00000000,2369.00000000,0.15651653
58.00000000,2370.00000000,0.15651388
58.00000000,2371.00000000,0.15651135
58.00000000,2372.00000000,0.15650885
58.00000000,2373.00000000,0.15650638
58.00000000,2374.00000000,0.15650401
58.00000000,2375.00000000,0.15650164
58.00000000,2376.00000000,0.15649935
58.00000000,2377.00000000,0.15649713
58.00000000,2378.00000000,0.15649491
58.00000000,2379.00000000,0.15649278
58.00000000,2380.00000000,0.15649070
58.00000000,2381.00000000,0.15648861
58.00000000,2382.00000000,0.15648661
58.00000000,2383.00000000,0.15648466
58.00000000,2384.00000000,0.15648269
58.00000000,2385.00000000,0.15648082
58.00000000,2386.00000000,0.15647898
58.00000000,2387.00000000,0.15647713
58.00000000,2388.00000000,0.15647537
58.00000000,2389.00000000,0.15647359
58.00000000,2390.00000000,0.15647189
58.00000000,2391.00000000,0.15647023
58.00000000,2392.00000000,0.15646855
58.00000000,2393.00000000,0.15646697
58.00000000,2394.00000000,0.15646540
58.00000000,2395.00000000,0.15646381
58.00000000,2396.00000000,0.15646230
58.00000000,2397.00000000,0.15646083
58.00000000,2398.00000000,0.15645932
58.00000000,2399.00000000,0.15645789
58.00000000,2400.00000000,0.15645644
58.00000000,2401.00000000,0.15645506
58.00000000,2402.00000000,0.15645373
58.00000000,2403.00000000,0.15645235
58.00000000,2404.00000000,0.15645108
58.00000000,2405.00000000,0.15644982
58.00000000,2406.00000000,0.15644856
58.00000000,2407.00000000,0.15644736
58.00000000,2408.00000000,0.15644621
58.00000000,2409.00000000,0.15644362
58.00000000,2410.00000000,0.15644110
58.00000000,2411.00000000,0.15643863
58.00000000,2412.00000000,0.15643612
58.00000000,2413.00000000,0.15643369
58.00000000,2414.00000000,0.15643122
58.00000000,2415.00000000,0.15642884
58.00000000,2416.00000000,0.15642648
58.00000000,2417.00000000,0.15642409
58.00000000,2418.00000000,0.15642177
58.00000000,2419.00000000,0.15641948
58.00000000,2420.00000000,0.15641714
58.00000000,2421.00000000,0.15641490
58.00000000,2422.00000000,0.15641266
58.00000000,2423.00000000,0.15641038
58.00000000,2424.00000000,0.15640818
58.00000000,2425.00000000,0.15640595
58.00000000,2426.00000000,0.15640378
58.00000000,2427.00000000,0.15640163
58.00000000,2428.00000000,0.15639943
58.00000000,2429.00000000,0.15639732
58.00000000,2430.00000000,0.15639520
58.00000000,2431.00000000,0.15639306
58.00000000,2432.00000000,0.15639097
58.00000000,2433.00000000,0.15638890
58.00000000,2434.00000000,0.15638679
58.00000000,2435.00000000,0.15638475
58.00000000,2436.00000000,0.15638266
58.00000000,2437.00000000,0.15638064
58.00000000,2438.00000000,0.15637863
58.00000000,2439.00000000,0.15637657
58.00000000,2440.00000000,0.15637457
58.00000000,2441.00000000,0.15637261
58.00000000,2442.00000000,0.15637056
58.00000000,2443.00000000,0.15636860
58.00000000,2444.00000000,0.15636665
58.00000000,2445.00000000,0.15636463
58.00000000,2446.00000000,0.15636269
58.00000000,2447.00000000,0.15636077
58.00000000,2448.00000000,0.15635878
58.00000000,2449.00000000,0.15635686
58.00000000,2450.00000000,0.15635487
58.00000000,2451.00000000,0.15635296
58.00000000,2452.00000000,0.15635105
58.00000000,2453.00000000,0.15634907
58.00000000,2454.00000000,0.15634717
58.00000000,2455.00000000,0.15634525
58.00000000,2456.00000000,0.15634327
58.00000000,2457.00000000,0.15634134
58.00000000,2458.00000000,0.15633942
58.00000000,2459.00000000,0.15633593
58.00000000,2460.00000000,0.15633251
58.00000000,2461.00000000,0.15632901
58.00000000,2462.00000000,0.15632559
58.00000000,2463.00000000,0.15632215
58.00000000,2464.00000000,0.15631864
58.00000000,2465.00000000,0.15631520
58.00000000,2466.00000000,0.15631174
58.00000000,2467.00000000,0.15630821
58.00000000,2468.00000000,0.15630477
58.00000000,2469.00000000,0.15630131
58.00000000,2470.00000000,0.15629776
58.00000000,2471.00000000,0.15629429
58.00000000,2472.00000000,0.15629082
58.00000000,2473.00000000,0.15628726
58.00000000,2474.00000000,0.15628378
58.00000000,2475.00000000,0.15628021
58.00000000,2476.00000000,0.15627671
58.00000000,2477.00000000,0.15627323
58.00000000,2478.00000000,0.15626964
58.00000000,2479.00000000,0.15626613
58.00000000,2480.00000000,0.15626264
58.00000000,2481.00000000,0.15625904
58.00000000,2482.00000000,0.15625553
58.00000000,2483.00000000,0.15625201
58.00000000,2484.00000000,0.15624840
58.00000000,2485.00000000,0.15624487
58.00000000,2486.00000000,0.15624125
58.00000000,2487.00000000,0.15623772
58.00000000,2488.00000000,0.15623419
58.00000000,2489.00000000,0.15623056
58.00000000,2490.00000000,0.15622702
58.00000000,2491.00000000,0.15622347
58.00000000,2492.00000000,0.15621983
58.00000000,2493.00000000,0.15621627
58.00000000,2494.00000000,0.15621273
58.00000000,2495.00000000,0.15620906
58.00000000,2496.00000000,0.15620552
58.00000000,2497.00000000,0.15620185
58.00000000,2498.00000000,0.15619829
58.00000000,2499.00000000,0.15619471
58.00000000,2500.00000000,0.15619105
59.00000000,1765.00000000,0.12363429
59.00000000,1766.00000000,0.12363441
59.00000000,1767.00000000,0.12363454
59.00000000,1768.00000000,0.12363445
59.00000000,1769.00000000,0.12363485
59.00000000,1770.00000000,0.12363523
59.00000000,1771.00000000,0.12363585
59.00000000,1772.00000000,0.12363667
59.00000000,1773.00000000,0.12363750
59.00000000,1774.00000000,0.12363856
59.00000000,1775.00000000,0.12363977
59.00000000,1776.00000000,0.12364120
59.00000000,1777.00000000,0.12364263
59.00000000,1778.00000000,0.12364432
59.00000000,1779.00000000,0.12364621
59.00000000,1780.00000000,0.12364823
59.00000000,1781.00000000,0.12365039
59.00000000,1782.00000000,0.12365261
59.00000000,1783.00000000,0.12365499
59.00000000,1784.00000000,0.12365749
59.00000000,1785.00000000,0.12366014
59.00000000,1786.00000000,0.12366286
59.00000000,1787.00000000,0.12366578
59.00000000,1788.00000000,0.12366870
59.00000000,1789.00000000,0.12367183
59.00000000,1790.00000000,0.12367499
59.00000000,1791.00000000,0.12367827
59.00000000,1792.00000000,0.12368167
59.00000000,1793.00000000,0.12368508
59.00000000,1794.00000000,0.12368866
59.00000000,1795.00000000,0.12369238
59.00000000,1796.00000000,0.12369600
59.00000000,1797.00000000,0.12369985
59.00000000,1798.00000000,0.12370380
59.00000000,1799.00000000,0.12370771
59.00000000,1800.00000000,0.12371178
59.00000000,1801.00000000,0.12371583
59.00000000,1802.00000000,0.12372005
59.00000000,1803.00000000,0.12372428
59.00000000,1804.00000000,0.12372855
59.00000000,1805.00000000,0.12373291
59.00000000,1806.00000000,0.12373734
59.00000000,1807.00000000,0.12374187
59.00000000,1808.00000000,0.12374644
59.00000000,1809.00000000,0.12375108
59.00000000,1810.00000000,0.12375581
59.00000000,1811.00000000,0.12376067
59.00000000,1812.00000000,0.12376556
59.00000000,1813.00000000,0.12377055
59.00000000,1814.00000000,0.12377557
59.00000000,1815.00000000,0.12378072
59.00000000,1816.00000000,0.12378595
59.00000000,1817.00000000,0.12379124
59.00000000,1818.00000000,0.12379666
59.00000000,1819.00000000,0.12380212
59.00000000,1820.00000000,0.12380771
59.00000000,1821.00000000,0.12381344
59.00000000,1822.00000000,0.12381924
59.00000000,1823.00000000,0.12382519
59.00000000,1824.00000000,0.12383130
59.00000000,1825.00000000,0.12384812
59.00000000,1826.00000000,0.12385452
59.00000000,1827.00000000,0.12386098
59.00000000,1828.00000000,0.12386765
59.00000000,1829.00000000,0.12387442
59.00000000,1830.00000000,0.12388489
59.00000000,1831.00000000,0.12389189
59.00000000,1832.00000000,0.12389902
59.00000000,1833.00000000,0.12390617
59.00000000,1834.00000000,0.12391350
59.00000000,1835.00000000,0.12392090
59.00000000,1836.00000000,0.12392835
59.00000000,1837.00000000,0.12393597
59.00000000,1838.00000000,0.12394355
59.00000000,1839.00000000,0.12395135
59.00000000,1840.00000000,0.12396270
59.00000000,1841.00000000,0.12397058
59.00000000,1842.00000000,0.12397850
59.00000000,1843.00000000,0.12398654
59.00000000,1844.00000000,0.12399457
59.00000000,1845.00000000,0.12400272
59.00000000,1846.00000000,0.12401086
59.00000000,1847.00000000,0.12401905
59.00000000,1848.00000000,0.12402727
59.00000000,1849.00000000,0.12403554
59.00000000,1850.00000000,0.12404739
59.00000000,1851.00000000,0.12405572
59.00000000,1852.00000000,0.12406398
59.00000000,1853.00000000,0.12407278
59.00000000,1854.00000000,0.12408174
59.00000000,1855.00000000,0.12409077
59.00000000,1856.00000000,0.12410320
59.00000000,1857.00000000,0.12411200
59.00000000,1858.00000000,0.12412078
59.00000000,1859.00000000,0.12413304
59.00000000,1860.00000000,0.12414179
59.00000000,1861.00000000,0.12415760
59.00000000,1862.00000000,0.12416262
59.00000000,1863.00000000,0.12417030
59.00000000,1864.00000000,0.12417756
59.00000000,1865.00000000,0.12418790
59.00000000,1866.00000000,0.12419436
59.00000000,1867.00000000,0.12420048
59.00000000,1868.00000000,0.12420639
59.00000000,1869.00000000,0.12421194
59.00000000,1870.00000000,0.12422090
59.00000000,1871.00000000,0.12422606
59.00000000,1872.00000000,0.12423148
59.00000000,1873.00000000,0.12423777
59.00000000,1874.00000000,0.12424821
59.00000000,1875.00000000,0.12425898
59.00000000,1876.00000000,0.12427014
59.00000000,1877.00000000,0.12427786
59.00000000,1878.00000000,0.12428584
59.00000000,1879.00000000,0.12429394
59.00000000,1880.00000000,0.12430222
59.00000000,1881.00000000,0.12431397
59.00000000,1882.00000000,0.12432575
59.00000000,1883.00000000,0.12433330
59.00000000,1884.00000000,0.12434407
59.00000000,1885.00000000,0.12435092
59.00000000,1886.00000000,0.12436121
59.00000000,1887.00000000,0.12436781
59.00000000,1888.00000000,0.12437424
59.00000000,1889.00000000,0.12440180
59.00000000,1890.00000000,0.12440403
59.00000000,1891.00000000,0.12440943
59.00000000,1892.00000000,0.12441801
59.00000000,1893.00000000,0.12442294
59.00000000,1894.00000000,0.12443142
59.00000000,1895.00000000,0.12445089
59.00000000,1896.00000000,0.12445612
59.00000000,1897.00000000,0.12446490
59.00000000,1898.00000000,0.12447354
59.00000000,1899.00000000,0.12448551
59.00000000,1900.00000000,0.12449345
59.00000000,1901.00000000,0.12450465
59.00000000,1902.00000000,0.12451233
59.00000000,1903.00000000,0.12452367
59.00000000,1904.00000000,0.12454218
59.00000000,1905.00000000,0.12454657
59.00000000,1906.00000000,0.12456184
59.00000000,1907.00000000,0.12457007
59.00000000,1908.00000000,0.12458506
59.00000000,1909.00000000,0.12460350
59.00000000,1910.00000000,0.12460763
59.00000000,1911.00000000,0.12462235
59.00000000,1912.00000000,0.12463269
59.00000000,1913.00000000,0.12467039
59.00000000,1914.00000000,0.12467846
59.00000000,1915.00000000,0.12469687
59.00000000,1916.00000000,0.12470118
59.00000000,1917.00000000,0.12470580
59.00000000,1918.00000000,0.12472459
59.00000000,1919.00000000,0.12475436
59.00000000,1920.00000000,0.12477081
59.00000000,1921.00000000,0.12478139
59.00000000,1922.00000000,0.12481118
59.00000000,1923.00000000,0.12484607
59.00000000,1924.00000000,0.12487779
59.00000000,1925.00000000,0.12489535
59.00000000,1926.00000000,0.12493158
59.00000000,1927.00000000,0.12495684
59.00000000,1928.00000000,0.12498964
59.00000000,1929.00000000,0.12501557
59.00000000,1930.00000000,0.12505625
59.00000000,1931.00000000,0.12512730
59.00000000,1932.00000000,0.12517911
59.00000000,1933.00000000,0.12515757
59.00000000,1934.00000000,0.12522315
59.00000000,1935.00000000,0.12524977
59.00000000,1936.00000000,0.12527606
59.00000000,1937.00000000,0.12529565
59.00000000,1938.00000000,0.12535833
59.00000000,1939.00000000,0.12546268
59.00000000,1940.00000000,0.12549858
59.00000000,1941.00000000,0.12555451
59.00000000,1942.00000000,0.12561979
59.00000000,1943.00000000,0.12563773
59.00000000,1944.00000000,0.12565152
59.00000000,1945.00000000,0.12567264
59.00000000,1946.00000000,0.12573134
59.00000000,1947.00000000,0.12585695
59.00000000,1948.00000000,0.12586976
59.00000000,1949.00000000,0.12598625
59.00000000,1950.00000000,0.12605630
59.00000000,1951.00000000,0.12607608
59.00000000,1952.00000000,0.12607503
59.00000000,1953.00000000,0.12613455
59.00000000,1954.00000000,0.12622947
59.00000000,1955.00000000,0.12628886
59.00000000,1956.00000000,0.12637666
59.00000000,1957.00000000,0.12647815
59.00000000,1958.00000000,0.12663929
59.00000000,1959.00000000,0.12674606
59.00000000,1960.00000000,0.12681815
59.00000000,1961.00000000,0.12687379
59.00000000,1962.00000000,0.12706014
59.00000000,1963.00000000,0.12708852
59.00000000,1964.00000000,0.12722953
59.00000000,1965.00000000,0.12738640
59.00000000,1966.00000000,0.12765842
59.00000000,1967.00000000,0.12753237
59.00000000,1968.00000000,0.12764947
59.00000000,1969.00000000,0.12775933
59.00000000,1970.00000000,0.12780452
59.00000000,1971.00000000,0.12793696
59.00000000,1972.00000000,0.12813747
59.00000000,1973.00000000,0.12777385
59.00000000,1974.00000000,0.12769410
59.00000000,1975.00000000,0.12787849
59.00000000,1976.00000000,0.12803036
59.00000000,1977.00000000,0.12792298
59.00000000,1978.00000000,0.12742129
59.00000000,1979.00000000,0.12782824
59.00000000,1980.00000000,0.12732957
59.00000000,1981.00000000,0.12743807
59.00000000,1982.00000000,0.12784469
59.00000000,1983.00000000,0.12779017
59.00000000,1984.00000000,0.12781006
59.00000000,1985.00000000,0.12782116
59.00000000,1986.00000000,0.12808692
59.00000000,1987.00000000,0.12808543
59.00000000,1988.00000000,0.12835676
59.00000000,1989.00000000,0.12801917
59.00000000,1990.00000000,0.12760676
59.00000000,1991.00000000,0.12726505
59.00000000,1992.00000000,0.12741654
59.00000000,1993.00000000,0.12769074
59.00000000,1994.00000000,0.12787652
59.00000000,1995.00000000,0.12823866
59.00000000,1996.00000000,0.12851783
59.00000000,1997.00000000,0.12828264
59.00000000,1998.00000000,0.12846123
59.00000000,1999.00000000,0.12884269
59.00000000,2000.00000000,0.12897239
59.00000000,2001.00000000,0.12900856
59.00000000,2002.00000000,0.12919053
59.00000000,2003.00000000,0.12917325
59.00000000,2004.00000000,0.12839798
59.00000000,2005.00000000,0.12868174
59.00000000,2006.00000000,0.12922971
59.00000000,2007.00000000,0.12950221
59.00000000,2008.00000000,0.12932431
59.00000000,2009.00000000,0.13006296
59.00000000,2010.00000000,0.13054245
59.00000000,2011.00000000,0.13063281
59.00000000,2012.00000000,0.13078069
59.00000000,2013.00000000,0.13085245
59.00000000,2014.00000000,0.13146264
59.00000000,2015.00000000,0.13191892
59.00000000,2016.00000000,0.13222118
59.00000000,2017.00000000,0.13240833
59.00000000,2018.00000000,0.13284481
59.00000000,2019.00000000,0.13321889
59.00000000,2020.00000000,0.13324792
59.00000000,2021.00000000,0.13358624
59.00000000,2022.00000000,0.13406981
59.00000000,2023.00000000,0.13459389
59.00000000,2024.00000000,0.13503668
59.00000000,2025.00000000,0.13555873
59.00000000,2026.00000000,0.13589209
59.00000000,2027.00000000,0.13647187
59.00000000,2028.00000000,0.13717265
59.00000000,2029.00000000,0.13809476
59.00000000,2030.00000000,0.13859564
59.00000000,2031.00000000,0.13914087
59.00000000,2032.00000000,0.13992027
59.00000000,2033.00000000,0.13991241
59.00000000,2034.00000000,0.13977207
59.00000000,2035.00000000,0.14065600
59.00000000,2036.00000000,0.14111633
59.00000000,2037.00000000,0.14133284
59.00000000,2038.00000000,0.14225620
59.00000000,2039.00000000,0.14201701
59.00000000,2040.00000000,0.14140233
59.00000000,2041.00000000,0.14120957
59.00000000,2042.00000000,0.14109844
59.00000000,2043.00000000,0.14166082
59.00000000,2044.00000000,0.14213141
59.00000000,2045.00000000,0.14264054
59.00000000,2046.00000000,0.14306802
59.00000000,2047.00000000,0.14372453
59.00000000,2048.00000000,0.14408465
59.00000000,2049.00000000,0.14420356
59.00000000,2050.00000000,0.14444242
59.00000000,2051.00000000,0.14397299
59.00000000,2052.00000000,0.14392008
59.00000000,2053.00000000,0.14424516
59.00000000,2054.00000000,0.14460964
59.00000000,2055.00000000,0.14499984
59.00000000,2056.00000000,0.14529115
59.00000000,2057.00000000,0.14511040
59.00000000,2058.00000000,0.14497097
59.00000000,2059.00000000,0.14545429
59.00000000,2060.00000000,0.14592080
59.00000000,2061.00000000,0.14602714
59.00000000,2062.00000000,0.14708622
59.00000000,2063.00000000,0.14831029
59.00000000,2064.00000000,0.14924605
59.00000000,2065.00000000,0.14982209
59.00000000,2066.00000000,0.15040264
59.00000000,2067.00000000,0.15098755
59.00000000,2068.00000000,0.15157648
59.00000000,2069.00000000,0.15216870
59.00000000,2070.00000000,0.15299731
59.00000000,2071.00000000,0.15382919
59.00000000,2072.00000000,0.15466533
59.00000000,2073.00000000,0.15550649
59.00000000,2074.00000000,0.15635271
59.00000000,2075.00000000,0.15720472
59.00000000,2076.00000000,0.15806218
59.00000000,2077.00000000,0.15892502
59.00000000,2078.00000000,0.15979326
59.00000000,2079.00000000,0.16066632
59.00000000,2080.00000000,0.16144226
59.00000000,2081.00000000,0.16222298
59.00000000,2082.00000000,0.16300873
59.00000000,2083.00000000,0.16380003
59.00000000,2084.00000000,0.16459673
59.00000000,2085.00000000,0.16539908
59.00000000,2086.00000000,0.16620699
59.00000000,2087.00000000,0.16702013
59.00000000,2088.00000000,0.16783865
59.00000000,2089.00000000,0.16866214
59.00000000,2090.00000000,0.16970153
59.00000000,2091.00000000,0.17074568
59.00000000,2092.00000000,0.17179466
59.00000000,2093.00000000,0.17284900
59.00000000,2094.00000000,0.17390870
59.00000000,2095.00000000,0.17497376
59.00000000,2096.00000000,0.17604403
59.00000000,2097.00000000,0.17711910
59.00000000,2098.00000000,0.17819899
59.00000000,2099.00000000,0.17928341
59.00000000,2100.00000000,0.18052511
59.00000000,2101.00000000,0.18177093
59.00000000,2102.00000000,0.18302100
59.00000000,2103.00000000,0.18427536
59.00000000,2104.00000000,0.18553423
59.00000000,2105.00000000,0.18679727
59.00000000,2106.00000000,0.18806434
59.00000000,2107.00000000,0.18933518
59.00000000,2108.00000000,0.19060929
59.00000000,2109.00000000,0.19188648
59.00000000,2110.00000000,0.19315777
59.00000000,2111.00000000,0.19443130
59.00000000,2112.00000000,0.19570690
59.00000000,2113.00000000,0.19698417
59.00000000,2114.00000000,0.19826267
59.00000000,2115.00000000,0.19954219
59.00000000,2116.00000000,0.20082230
59.00000000,2117.00000000,0.20210263
59.00000000,2118.00000000,0.20338295
59.00000000,2119.00000000,0.20466281
59.00000000,2120.00000000,0.20560764
59.00000000,2121.00000000,0.20655137
59.00000000,2122.00000000,0.20749375
59.00000000,2123.00000000,0.20843457
59.00000000,2124.00000000,0.20937352
59.00000000,2125.00000000,0.21031068
59.00000000,2126.00000000,0.21124572
59.00000000,2127.00000000,0.21217834
59.00000000,2128.00000000,0.21310866
59.00000000,2129.00000000,0.21403628
59.00000000,2130.00000000,0.21466007
59.00000000,2131.00000000,0.21528098
59.00000000,2132.00000000,0.21589857
59.00000000,2133.00000000,0.21651314
59.00000000,2134.00000000,0.21712445
59.00000000,2135.00000000,0.21773235
59.00000000,2136.00000000,0.21833699
59.00000000,2137.00000000,0.21893816
59.00000000,2138.00000000,0.21953575
59.00000000,2139.00000000,0.22012982
59.00000000,2140.00000000,0.22055269
59.00000000,2141.00000000,0.22097180
59.00000000,2142.00000000,0.22138716
59.00000000,2143.00000000,0.22179884
59.00000000,2144.00000000,0.22220680
59.00000000,2145.00000000,0.22261107
59.00000000,2146.00000000,0.22301146
59.00000000,2147.00000000,0.22340823
59.00000000,2148.00000000,0.22380120
59.00000000,2149.00000000,0.22419027
59.00000000,2150.00000000,0.22440361
59.00000000,2151.00000000,0.22461439
59.00000000,2152.00000000,0.22482594
59.00000000,2153.00000000,0.22504181
59.00000000,2154.00000000,0.22526351
59.00000000,2155.00000000,0.22549187
59.00000000,2156.00000000,0.22572692
59.00000000,2157.00000000,0.22596895
59.00000000,2158.00000000,0.22621750
59.00000000,2159.00000000,0.22647226
59.00000000,2160.00000000,0.22660144
59.00000000,2161.00000000,0.22673626
59.00000000,2162.00000000,0.22687648
59.00000000,2163.00000000,0.22702160
59.00000000,2164.00000000,0.22717161
59.00000000,2165.00000000,0.22732614
59.00000000,2166.00000000,0.22748492
59.00000000,2167.00000000,0.22764764
59.00000000,2168.00000000,0.22781429
59.00000000,2169.00000000,0.22798447
59.00000000,2170.00000000,0.22815803
59.00000000,2171.00000000,0.22833470
59.00000000,2172.00000000,0.22851444
59.00000000,2173.00000000,0.22869703
59.00000000,2174.00000000,0.22888215
59.00000000,2175.00000000,0.22906991
59.00000000,2176.00000000,0.22925997
59.00000000,2177.00000000,0.22945220
59.00000000,2178.00000000,0.22964652
59.00000000,2179.00000000,0.22984277
59.00000000,2180.00000000,0.23004073
59.00000000,2181.00000000,0.23024045
59.00000000,2182.00000000,0.23044166
59.00000000,2183.00000000,0.23064439
59.00000000,2184.00000000,0.23084849
59.00000000,2185.00000000,0.23105380
59.00000000,2186.00000000,0.23126028
59.00000000,2187.00000000,0.23146780
59.00000000,2188.00000000,0.23167619
59.00000000,2189.00000000,0.23188553
59.00000000,2190.00000000,0.23209563
59.00000000,2191.00000000,0.23230643
59.00000000,2192.00000000,0.23251787
59.00000000,2193.00000000,0.23272977
59.00000000,2194.00000000,0.23294217
59.00000000,2195.00000000,0.23315496
59.00000000,2196.00000000,0.23336804
59.00000000,2197.00000000,0.23358138
59.00000000,2198.00000000,0.23379489
59.00000000,2199.00000000,0.23400843
59.00000000,2200.00000000,0.23422208
59.00000000,2201.00000000,0.23443567
59.00000000,2202.00000000,0.23464915
59.00000000,2203.00000000,0.23486249
59.00000000,2204.00000000,0.23507554
59.00000000,2205.00000000,0.23528836
59.00000000,2206.00000000,0.23550080
59.00000000,2207.00000000,0.23571278
59.00000000,2208.00000000,0.23592421
59.00000000,2209.00000000,0.23613493
59.00000000,2210.00000000,0.23543909
59.00000000,2211.00000000,0.23474121
59.00000000,2212.00000000,0.23404132
59.00000000,2213.00000000,0.23333950
59.00000000,2214.00000000,0.23263588
59.00000000,2215.00000000,0.23193053
59.00000000,2216.00000000,0.23122345
59.00000000,2217.00000000,0.23051483
59.00000000,2218.00000000,0.22980465
59.00000000,2219.00000000,0.22909307
59.00000000,2220.00000000,0.22838011
59.00000000,2221.00000000,0.22766581
59.00000000,2222.00000000,0.22695023
59.00000000,2223.00000000,0.22623348
59.00000000,2224.00000000,0.22551553
59.00000000,2225.00000000,0.22479656
59.00000000,2226.00000000,0.22407657
59.00000000,2227.00000000,0.22335541
59.00000000,2228.00000000,0.22263344
59.00000000,2229.00000000,0.22191054
59.00000000,2230.00000000,0.22118681
59.00000000,2231.00000000,0.22046222
59.00000000,2232.00000000,0.21973681
59.00000000,2233.00000000,0.21901072
59.00000000,2234.00000000,0.21828391
59.00000000,2235.00000000,0.21755631
59.00000000,2236.00000000,0.21682814
59.00000000,2237.00000000,0.21609941
59.00000000,2238.00000000,0.21536993
59.00000000,2239.00000000,0.21463996
59.00000000,2240.00000000,0.21390947
59.00000000,2241.00000000,0.21317842
59.00000000,2242.00000000,0.21244688
59.00000000,2243.00000000,0.21171480
59.00000000,2244.00000000,0.21098236
59.00000000,2245.00000000,0.21024938
59.00000000,2246.00000000,0.20951597
59.00000000,2247.00000000,0.20878223
59.00000000,2248.00000000,0.20804803
59.00000000,2249.00000000,0.20731314
59.00000000,2250.00000000,0.20657637
59.00000000,2251.00000000,0.20583499
59.00000000,2252.00000000,0.20508661
59.00000000,2253.00000000,0.20433006
59.00000000,2254.00000000,0.20356477
59.00000000,2255.00000000,0.20279080
59.00000000,2256.00000000,0.20200819
59.00000000,2257.00000000,0.20121704
59.00000000,2258.00000000,0.20041764
59.00000000,2259.00000000,0.19961022
59.00000000,2260.00000000,0.19879498
59.00000000,2261.00000000,0.19797239
59.00000000,2262.00000000,0.19714280
59.00000000,2263.00000000,0.19630660
59.00000000,2264.00000000,0.19546421
59.00000000,2265.00000000,0.19461586
59.00000000,2266.00000000,0.19376178
59.00000000,2267.00000000,0.19290227
59.00000000,2268.00000000,0.19203750
59.00000000,2269.00000000,0.19116777
59.00000000,2270.00000000,0.19029323
59.00000000,2271.00000000,0.18941407
59.00000000,2272.00000000,0.18853053
59.00000000,2273.00000000,0.18764281
59.00000000,2274.00000000,0.18675099
59.00000000,2275.00000000,0.18585538
59.00000000,2276.00000000,0.18495610
59.00000000,2277.00000000,0.18405328
59.00000000,2278.00000000,0.18314717
59.00000000,2279.00000000,0.18223784
59.00000000,2280.00000000,0.18132553
59.00000000,2281.00000000,0.18041033
59.00000000,2282.00000000,0.17949239
59.00000000,2283.00000000,0.17857187
59.00000000,2284.00000000,0.17764890
59.00000000,2285.00000000,0.17672355
59.00000000,2286.00000000,0.17579604
59.00000000,2287.00000000,0.17486644
59.00000000,2288.00000000,0.17393484
59.00000000,2289.00000000,0.17300140
59.00000000,2290.00000000,0.17206620
59.00000000,2291.00000000,0.17112938
59.00000000,2292.00000000,0.17019104
59.00000000,2293.00000000,0.16925122
59.00000000,2294.00000000,0.16831011
59.00000000,2295.00000000,0.16736776
59.00000000,2296.00000000,0.16642422
59.00000000,2297.00000000,0.16547966
59.00000000,2298.00000000,0.16453411
59.00000000,2299.00000000,0.16358767
59.00000000,2300.00000000,0.16264043
59.00000000,2301.00000000,0.16169249
59.00000000,2302.00000000,0.16074385
59.00000000,2303.00000000,0.15979464
59.00000000,2304.00000000,0.15884490
59.00000000,2305.00000000,0.15789474
59.00000000,2306.00000000,0.15694427
59.00000000,2307.00000000,0.15599355
59.00000000,2308.00000000,0.15524547
59.00000000,2309.00000000,0.15509440
59.00000000,2310.00000000,0.15510664
59.00000000,2311.00000000,0.15511914
59.00000000,2312.00000000,0.15513188
59.00000000,2313.00000000,0.15514484
59.00000000,2314.00000000,0.15515804
59.00000000,2315.00000000,0.15519699
59.00000000,2316.00000000,0.15523621
59.00000000,2317.00000000,0.15527563
59.00000000,2318.00000000,0.15531521
59.00000000,2319.00000000,0.15535501
59.00000000,2320.00000000,0.15534441
59.00000000,2321.00000000,0.15533392
59.00000000,2322.00000000,0.15532362
59.00000000,2323.00000000,0.15531347
59.00000000,2324.00000000,0.15530345
59.00000000,2325.00000000,0.15529360
59.00000000,2326.00000000,0.15528388
59.00000000,2327.00000000,0.15527426
59.00000000,2328.00000000,0.15526483
59.00000000,2329.00000000,0.15525549
59.00000000,2330.00000000,0.15524632
59.00000000,2331.00000000,0.15523726
59.00000000,2332.00000000,0.15522829
59.00000000,2333.00000000,0.15521948
59.00000000,2334.00000000,0.15521079
59.00000000,2335.00000000,0.15519999
59.00000000,2336.00000000,0.15518934
59.00000000,2337.00000000,0.15517881
59.00000000,2338.00000000,0.15516832
59.00000000,2339.00000000,0.15515799
59.00000000,2340.00000000,0.15514772
59.00000000,2341.00000000,0.15513759
59.00000000,2342.00000000,0.15512756
59.00000000,2343.00000000,0.15511757
59.00000000,2344.00000000,0.15510774
59.00000000,2345.00000000,0.15509798
59.00000000,2346.00000000,0.15508828
59.00000000,2347.00000000,0.15507870
59.00000000,2348.00000000,0.15506921
59.00000000,2349.00000000,0.15505977
59.00000000,2350.00000000,0.15505045
59.00000000,2351.00000000,0.15504117
59.00000000,2352.00000000,0.15503200
59.00000000,2353.00000000,0.15502293
59.00000000,2354.00000000,0.15501390
59.00000000,2355.00000000,0.15500500
59.00000000,2356.00000000,0.15499618
59.00000000,2357.00000000,0.15498739
59.00000000,2358.00000000,0.15497874
59.00000000,2359.00000000,0.15497016
59.00000000,2360.00000000,0.15496648
59.00000000,2361.00000000,0.15496292
59.00000000,2362.00000000,0.15495945
59.00000000,2363.00000000,0.15495600
59.00000000,2364.00000000,0.15495266
59.00000000,2365.00000000,0.15494936
59.00000000,2366.00000000,0.15494617
59.00000000,2367.00000000,0.15494303
59.00000000,2368.00000000,0.15493992
59.00000000,2369.00000000,0.15493692
59.00000000,2370.00000000,0.15493397
59.00000000,2371.00000000,0.15493104
59.00000000,2372.00000000,0.15492822
59.00000000,2373.00000000,0.15492545
59.00000000,2374.00000000,0.15492269
59.00000000,2375.00000000,0.15492002
59.00000000,2376.00000000,0.15491736
59.00000000,2377.00000000,0.15491481
59.00000000,2378.00000000,0.15491231
59.00000000,2379.00000000,0.15490980
59.00000000,2380.00000000,0.15490739
59.00000000,2381.00000000,0.15490500
59.00000000,2382.00000000,0.15490265
59.00000000,2383.00000000,0.15490035
59.00000000,2384.00000000,0.15489811
59.00000000,2385.00000000,0.15489588
59.00000000,2386.00000000,0.15489371
59.00000000,2387.00000000,0.15489159
59.00000000,2388.00000000,0.15488947
59.00000000,2389.00000000,0.15488742
59.00000000,2390.00000000,0.15488536
59.00000000,2391.00000000,0.15488338
59.00000000,2392.00000000,0.15488144
59.00000000,2393.00000000,0.15487947
59.00000000,2394.00000000,0.15487760
59.00000000,2395.00000000,0.15487575
59.00000000,2396.00000000,0.15487388
59.00000000,2397.00000000,0.15487210
59.00000000,2398.00000000,0.15487033
59.00000000,2399.00000000,0.15486854
59.00000000,2400.00000000,0.15486684
59.00000000,2401.00000000,0.15486510
59.00000000,2402.00000000,0.15486346
59.00000000,2403.00000000,0.15486183
59.00000000,2404.00000000,0.15486020
59.00000000,2405.00000000,0.15485864
59.00000000,2406.00000000,0.15485713
59.00000000,2407.00000000,0.15485557
59.00000000,2408.00000000,0.15485412
59.00000000,2409.00000000,0.15485269
59.00000000,2410.00000000,0.15484983
59.00000000,2411.00000000,0.15484707
59.00000000,2412.00000000,0.15484433
59.00000000,2413.00000000,0.15484156
59.00000000,2414.00000000,0.15483887
59.00000000,2415.00000000,0.15483614
59.00000000,2416.00000000,0.15483350
59.00000000,2417.00000000,0.15483088
59.00000000,2418.00000000,0.15482822
59.00000000,2419.00000000,0.15482564
59.00000000,2420.00000000,0.15482310
59.00000000,2421.00000000,0.15482050
59.00000000,2422.00000000,0.15481798
59.00000000,2423.00000000,0.15481548
59.00000000,2424.00000000,0.15481293
59.00000000,2425.00000000,0.15481048
59.00000000,2426.00000000,0.15480797
59.00000000,2427.00000000,0.15480555
59.00000000,2428.00000000,0.15480312
59.00000000,2429.00000000,0.15480067
59.00000000,2430.00000000,0.15479827
59.00000000,2431.00000000,0.15479591
59.00000000,2432.00000000,0.15479349
59.00000000,2433.00000000,0.15479113
59.00000000,2434.00000000,0.15478880
59.00000000,2435.00000000,0.15478642
59.00000000,2436.00000000,0.15478411
59.00000000,2437.00000000,0.15478175
59.00000000,2438.00000000,0.15477946
59.00000000,2439.00000000,0.15477719
59.00000000,2440.00000000,0.15477485
59.00000000,2441.00000000,0.15477260
59.00000000,2442.00000000,0.15477035
59.00000000,2443.00000000,0.15476805
59.00000000,2444.00000000,0.15476581
59.00000000,2445.00000000,0.15476360
59.00000000,2446.00000000,0.15476130
59.00000000,2447.00000000,0.15475910
59.00000000,2448.00000000,0.15475690
59.00000000,2449.00000000,0.15475464
59.00000000,2450.00000000,0.15475244
59.00000000,2451.00000000,0.15475019
59.00000000,2452.00000000,0.15474800
59.00000000,2453.00000000,0.15474581
59.00000000,2454.00000000,0.15474356
59.00000000,2455.00000000,0.15474137
59.00000000,2456.00000000,0.15473919
59.00000000,2457.00000000,0.15473692
59.00000000,2458.00000000,0.15473471
59.00000000,2459.00000000,0.15473251
59.00000000,2460.00000000,0.15472876
59.00000000,2461.00000000,0.15472508
59.00000000,2462.00000000,0.15472131
59.00000000,2463.00000000,0.15471762
59.00000000,2464.00000000,0.15471392
59.00000000,2465.00000000,0.15471014
59.00000000,2466.00000000,0.15470643
59.00000000,2467.00000000,0.15470272
59.00000000,2468.00000000,0.15469893
59.00000000,2469.00000000,0.15469521
59.00000000,2470.00000000,0.15469148
59.00000000,2471.00000000,0.15468767
59.00000000,2472.00000000,0.15468394
59.00000000,2473.00000000,0.15468021
59.00000000,2474.00000000,0.15467638
59.00000000,2475.00000000,0.15467263
59.00000000,2476.00000000,0.15466880
59.00000000,2477.00000000,0.15466505
59.00000000,2478.00000000,0.15466128
59.00000000,2479.00000000,0.15465743
59.00000000,2480.00000000,0.15465366
59.00000000,2481.00000000,0.15464990
59.00000000,2482.00000000,0.15464603
59.00000000,2483.00000000,0.15464226
59.00000000,2484.00000000,0.15463847
59.00000000,2485.00000000,0.15463459
59.00000000,2486.00000000,0.15463080
59.00000000,2487.00000000,0.15462692
59.00000000,2488.00000000,0.15462312
59.00000000,2489.00000000,0.15461932
59.00000000,2490.00000000,0.15461542
59.00000000,2491.00000000,0.15461161
59.00000000,2492.00000000,0.15460781
59.00000000,2493.00000000,0.15460389
59.00000000,2494.00000000,0.15460008
59.00000000,2495.00000000,0.15459625
59.00000000,2496.00000000,0.15459233
59.00000000,2497.00000000,0.15458851
59.00000000,2498.00000000,0.15458457
59.00000000,2499.00000000,0.15458075
59.00000000,2500.00000000,0.15457692
60.00000000,1765.00000000,0.12173323
60.00000000,1766.00000000,0.12173325
60.00000000,1767.00000000,0.12173343
60.00000000,1768.00000000,0.12173365
60.00000000,1769.00000000,0.12173369
60.00000000,1770.00000000,0.12173425
60.00000000,1771.00000000,0.12173479
60.00000000,1772.00000000,0.12173558
60.00000000,1773.00000000,0.12173656
60.00000000,1774.00000000,0.12173756
60.00000000,1775.00000000,0.12173879
60.00000000,1776.00000000,0.12174019
60.00000000,1777.00000000,0.12174178
60.00000000,1778.00000000,0.12174340
60.00000000,1779.00000000,0.12174524
60.00000000,1780.00000000,0.12174732
60.00000000,1781.00000000,0.12174950
60.00000000,1782.00000000,0.12175181
60.00000000,1783.00000000,0.12175419
60.00000000,1784.00000000,0.12175672
60.00000000,1785.00000000,0.12175936
60.00000000,1786.00000000,0.12176217
60.00000000,1787.00000000,0.12176503
60.00000000,1788.00000000,0.12176808
60.00000000,1789.00000000,0.12177114
60.00000000,1790.00000000,0.12177440
60.00000000,1791.00000000,0.12177770
60.00000000,1792.00000000,0.12178111
60.00000000,1793.00000000,0.12178461
60.00000000,1794.00000000,0.12178815
60.00000000,1795.00000000,0.12179184
60.00000000,1796.00000000,0.12179567
60.00000000,1797.00000000,0.12179941
60.00000000,1798.00000000,0.12180337
60.00000000,1799.00000000,0.12180741
60.00000000,1800.00000000,0.12181142
60.00000000,1801.00000000,0.12181558
60.00000000,1802.00000000,0.12181973
60.00000000,1803.00000000,0.12182403
60.00000000,1804.00000000,0.12182834
60.00000000,1805.00000000,0.12183270
60.00000000,1806.00000000,0.12183715
60.00000000,1807.00000000,0.12184167
60.00000000,1808.00000000,0.12184628
60.00000000,1809.00000000,0.12185093
60.00000000,1810.00000000,0.12185566
60.00000000,1811.00000000,0.12186047
60.00000000,1812.00000000,0.12186541
60.00000000,1813.00000000,0.12187038
60.00000000,1814.00000000,0.12187543
60.00000000,1815.00000000,0.12188054
60.00000000,1816.00000000,0.12188574
60.00000000,1817.00000000,0.12189103
60.00000000,1818.00000000,0.12189639
60.00000000,1819.00000000,0.12190184
60.00000000,1820.00000000,0.12190736
60.00000000,1821.00000000,0.12191304
60.00000000,1822.00000000,0.12191879
60.00000000,1823.00000000,0.12192465
60.00000000,1824.00000000,0.12193069
60.00000000,1825.00000000,0.12193680
60.00000000,1826.00000000,0.12195360
60.00000000,1827.00000000,0.12196000
60.00000000,1828.00000000,0.12196654
60.00000000,1829.00000000,0.12197322
60.00000000,1830.00000000,0.12198008
60.00000000,1831.00000000,0.12199048
60.00000000,1832.00000000,0.12199749
60.00000000,1833.00000000,0.12200464
60.00000000,1834.00000000,0.12201183
60.00000000,1835.00000000,0.12201920
60.00000000,1836.00000000,0.12202663
60.00000000,1837.00000000,0.12203416
60.00000000,1838.00000000,0.12204174
60.00000000,1839.00000000,0.12204940
60.00000000,1840.00000000,0.12205717
60.00000000,1841.00000000,0.12206856
60.00000000,1842.00000000,0.12207641
60.00000000,1843.00000000,0.12208440
60.00000000,1844.00000000,0.12209241
60.00000000,1845.00000000,0.12210051
60.00000000,1846.00000000,0.12210862
60.00000000,1847.00000000,0.12211681
60.00000000,1848.00000000,0.12212497
60.00000000,1849.00000000,0.12213325
60.00000000,1850.00000000,0.12214148
60.00000000,1851.00000000,0.12215330
60.00000000,1852.00000000,0.12216155
60.00000000,1853.00000000,0.12217035
60.00000000,1854.00000000,0.12217933
60.00000000,1855.00000000,0.12218827
60.00000000,1856.00000000,0.12219718
60.00000000,1857.00000000,0.12220950
60.00000000,1858.00000000,0.12221830
60.00000000,1859.00000000,0.12222703
60.00000000,1860.00000000,0.12223928
60.00000000,1861.00000000,0.12224796
60.00000000,1862.00000000,0.12226357
60.00000000,1863.00000000,0.12226782
60.00000000,1864.00000000,0.12227501
60.00000000,1865.00000000,0.12228182
60.00000000,1866.00000000,0.12229183
60.00000000,1867.00000000,0.12229794
60.00000000,1868.00000000,0.12230384
60.00000000,1869.00000000,0.12230945
60.00000000,1870.00000000,0.12231480
60.00000000,1871.00000000,0.12232349
60.00000000,1872.00000000,0.12232895
60.00000000,1873.00000000,0.12233523
60.00000000,1874.00000000,0.12234211
60.00000000,1875.00000000,0.12235284
60.00000000,1876.00000000,0.12236398
60.00000000,1877.00000000,0.12237532
60.00000000,1878.00000000,0.12238333
60.00000000,1879.00000000,0.12239147
60.00000000,1880.00000000,0.12239979
60.00000000,1881.00000000,0.12240805
60.00000000,1882.00000000,0.12241987
60.00000000,1883.00000000,0.12243104
60.00000000,1884.00000000,0.12243822
60.00000000,1885.00000000,0.12244868
60.00000000,1886.00000000,0.12245549
60.00000000,1887.00000000,0.12246565
60.00000000,1888.00000000,0.12247219
60.00000000,1889.00000000,0.12247834
60.00000000,1890.00000000,0.12250536
60.00000000,1891.00000000,0.12250735
60.00000000,1892.00000000,0.12251241
60.00000000,1893.00000000,0.12252093
60.00000000,1894.00000000,0.12252593
60.00000000,1895.00000000,0.12253468
60.00000000,1896.00000000,0.12255409
60.00000000,1897.00000000,0.12255939
60.00000000,1898.00000000,0.12256804
60.00000000,1899.00000000,0.12257650
60.00000000,1900.00000000,0.12258799
60.00000000,1901.00000000,0.12259564
60.00000000,1902.00000000,0.12260692
60.00000000,1903.00000000,0.12261472
60.00000000,1904.00000000,0.12262611
60.00000000,1905.00000000,0.12264477
60.00000000,1906.00000000,0.12264944
60.00000000,1907.00000000,0.12266482
60.00000000,1908.00000000,0.12267281
60.00000000,1909.00000000,0.12268771
60.00000000,1910.00000000,0.12270613
60.00000000,1911.00000000,0.12271030
60.00000000,1912.00000000,0.12272427
60.00000000,1913.00000000,0.12273370
60.00000000,1914.00000000,0.12277007
60.00000000,1915.00000000,0.12277797
60.00000000,1916.00000000,0.12279664
60.00000000,1917.00000000,0.12280138
60.00000000,1918.00000000,0.12280606
60.00000000,1919.00000000,0.12282516
60.00000000,1920.00000000,0.12285577
60.00000000,1921.00000000,0.12287343
60.00000000,1922.00000000,0.12288560
60.00000000,1923.00000000,0.12291642
60.00000000,1924.00000000,0.12295138
60.00000000,1925.00000000,0.12298278
60.00000000,1926.00000000,0.12300026
60.00000000,1927.00000000,0.12303632
60.00000000,1928.00000000,0.12306159
60.00000000,1929.00000000,0.12309408
60.00000000,1930.00000000,0.12312009
60.00000000,1931.00000000,0.12316188
60.00000000,1932.00000000,0.12323431
60.00000000,1933.00000000,0.12328719
60.00000000,1934.00000000,0.12326741
60.00000000,1935.00000000,0.12333270
60.00000000,1936.00000000,0.12335874
60.00000000,1937.00000000,0.12338365
60.00000000,1938.00000000,0.12340150
60.00000000,1939.00000000,0.12346244
60.00000000,1940.00000000,0.12356496
60.00000000,1941.00000000,0.12359920
60.00000000,1942.00000000,0.12365324
60.00000000,1943.00000000,0.12371695
60.00000000,1944.00000000,0.12373420
60.00000000,1945.00000000,0.12374796
60.00000000,1946.00000000,0.12377070
60.00000000,1947.00000000,0.12383136
60.00000000,1948.00000000,0.12395687
60.00000000,1949.00000000,0.12396962
60.00000000,1950.00000000,0.12408478
60.00000000,1951.00000000,0.12415374
60.00000000,1952.00000000,0.12417395
60.00000000,1953.00000000,0.12417274
60.00000000,1954.00000000,0.12423144
60.00000000,1955.00000000,0.12432560
60.00000000,1956.00000000,0.12438426
60.00000000,1957.00000000,0.12447056
60.00000000,1958.00000000,0.12457019
60.00000000,1959.00000000,0.12472880
60.00000000,1960.00000000,0.12483208
60.00000000,1961.00000000,0.12490142
60.00000000,1962.00000000,0.12495570
60.00000000,1963.00000000,0.12513930
60.00000000,1964.00000000,0.12516635
60.00000000,1965.00000000,0.12530442
60.00000000,1966.00000000,0.12545794
60.00000000,1967.00000000,0.12572550
60.00000000,1968.00000000,0.12559923
60.00000000,1969.00000000,0.12571259
60.00000000,1970.00000000,0.12581825
60.00000000,1971.00000000,0.12585879
60.00000000,1972.00000000,0.12598449
60.00000000,1973.00000000,0.12617834
60.00000000,1974.00000000,0.12581549
60.00000000,1975.00000000,0.12573497
60.00000000,1976.00000000,0.12591748
60.00000000,1977.00000000,0.12606866
60.00000000,1978.00000000,0.12596304
60.00000000,1979.00000000,0.12546752
60.00000000,1980.00000000,0.12586962
60.00000000,1981.00000000,0.12537757
60.00000000,1982.00000000,0.12548904
60.00000000,1983.00000000,0.12589830
60.00000000,1984.00000000,0.12585176
60.00000000,1985.00000000,0.12587719
60.00000000,1986.00000000,0.12589200
60.00000000,1987.00000000,0.12615701
60.00000000,1988.00000000,0.12615679
60.00000000,1989.00000000,0.12642557
60.00000000,1990.00000000,0.12609198
60.00000000,1991.00000000,0.12568498
60.00000000,1992.00000000,0.12534906
60.00000000,1993.00000000,0.12550114
60.00000000,1994.00000000,0.12577546
60.00000000,1995.00000000,0.12596211
60.00000000,1996.00000000,0.12632190
60.00000000,1997.00000000,0.12659873
60.00000000,1998.00000000,0.12636670
60.00000000,1999.00000000,0.12654460
60.00000000,2000.00000000,0.12692358
60.00000000,2001.00000000,0.12705308
60.00000000,2002.00000000,0.12708950
60.00000000,2003.00000000,0.12727051
60.00000000,2004.00000000,0.12725258
60.00000000,2005.00000000,0.12648274
60.00000000,2006.00000000,0.12675795
60.00000000,2007.00000000,0.12729430
60.00000000,2008.00000000,0.12755904
60.00000000,2009.00000000,0.12737929
60.00000000,2010.00000000,0.12810592
60.00000000,2011.00000000,0.12857678
60.00000000,2012.00000000,0.12866310
60.00000000,2013.00000000,0.12880610
60.00000000,2014.00000000,0.12887373
60.00000000,2015.00000000,0.12947349
60.00000000,2016.00000000,0.12992122
60.00000000,2017.00000000,0.13021689
60.00000000,2018.00000000,0.13039906
60.00000000,2019.00000000,0.13082771
60.00000000,2020.00000000,0.13119498
60.00000000,2021.00000000,0.13122155
60.00000000,2022.00000000,0.13155420
60.00000000,2023.00000000,0.13203069
60.00000000,2024.00000000,0.13254770
60.00000000,2025.00000000,0.13298467
60.00000000,2026.00000000,0.13350021
60.00000000,2027.00000000,0.13382957
60.00000000,2028.00000000,0.13440248
60.00000000,2029.00000000,0.13509507
60.00000000,2030.00000000,0.13600637
60.00000000,2031.00000000,0.13650161
60.00000000,2032.00000000,0.13704036
60.00000000,2033.00000000,0.13780991
60.00000000,2034.00000000,0.13780160
60.00000000,2035.00000000,0.13766218
60.00000000,2036.00000000,0.13853444
60.00000000,2037.00000000,0.13898822
60.00000000,2038.00000000,0.13920132
60.00000000,2039.00000000,0.14011251
60.00000000,2040.00000000,0.13987574
60.00000000,2041.00000000,0.13926819
60.00000000,2042.00000000,0.13907700
60.00000000,2043.00000000,0.13896613
60.00000000,2044.00000000,0.13952012
60.00000000,2045.00000000,0.13998340
60.00000000,2046.00000000,0.14048474
60.00000000,2047.00000000,0.14090548
60.00000000,2048.00000000,0.14155248
60.00000000,2049.00000000,0.14190689
60.00000000,2050.00000000,0.14202335
60.00000000,2051.00000000,0.14225832
60.00000000,2052.00000000,0.14179420
60.00000000,2053.00000000,0.14174142
60.00000000,2054.00000000,0.14206200
60.00000000,2055.00000000,0.14242159
60.00000000,2056.00000000,0.14280663
60.00000000,2057.00000000,0.14309420
60.00000000,2058.00000000,0.14291584
60.00000000,2059.00000000,0.14277837
60.00000000,2060.00000000,0.14325572
60.00000000,2061.00000000,0.14371680
60.00000000,2062.00000000,0.14382330
60.00000000,2063.00000000,0.14487129
60.00000000,2064.00000000,0.14608289
60.00000000,2065.00000000,0.14701033
60.00000000,2066.00000000,0.14758290
60.00000000,2067.00000000,0.14816005
60.00000000,2068.00000000,0.14874149
60.00000000,2069.00000000,0.14932680
60.00000000,2070.00000000,0.14991533
60.00000000,2071.00000000,0.15073728
60.00000000,2072.00000000,0.15156318
60.00000000,2073.00000000,0.15239406
60.00000000,2074.00000000,0.15323037
60.00000000,2075.00000000,0.15407191
60.00000000,2076.00000000,0.15491916
60.00000000,2077.00000000,0.15577181
60.00000000,2078.00000000,0.15662944
60.00000000,2079.00000000,0.15749229
60.00000000,2080.00000000,0.15835968
60.00000000,2081.00000000,0.15913106
60.00000000,2082.00000000,0.15990753
60.00000000,2083.00000000,0.16068904
60.00000000,2084.00000000,0.16147624
60.00000000,2085.00000000,0.16226878
60.00000000,2086.00000000,0.16306671
60.00000000,2087.00000000,0.16387000
60.00000000,2088.00000000,0.16467823
60.00000000,2089.00000000,0.16549149
60.00000000,2090.00000000,0.16630960
60.00000000,2091.00000000,0.16734064
60.00000000,2092.00000000,0.16837677
60.00000000,2093.00000000,0.16941808
60.00000000,2094.00000000,0.17046480
60.00000000,2095.00000000,0.17151693
60.00000000,2096.00000000,0.17257411
60.00000000,2097.00000000,0.17363630
60.00000000,2098.00000000,0.17470326
60.00000000,2099.00000000,0.17577458
60.00000000,2100.00000000,0.17685025
60.00000000,2101.00000000,0.17808136
60.00000000,2102.00000000,0.17931668
60.00000000,2103.00000000,0.18055664
60.00000000,2104.00000000,0.18180110
60.00000000,2105.00000000,0.18304980
60.00000000,2106.00000000,0.18430275
60.00000000,2107.00000000,0.18555943
60.00000000,2108.00000000,0.18681971
60.00000000,2109.00000000,0.18808325
60.00000000,2110.00000000,0.18934953
60.00000000,2111.00000000,0.19060985
60.00000000,2112.00000000,0.19187243
60.00000000,2113.00000000,0.19313676
60.00000000,2114.00000000,0.19440264
60.00000000,2115.00000000,0.19566981
60.00000000,2116.00000000,0.19693779
60.00000000,2117.00000000,0.19820613
60.00000000,2118.00000000,0.19947487
60.00000000,2119.00000000,0.20074342
60.00000000,2120.00000000,0.20201133
60.00000000,2121.00000000,0.20294848
60.00000000,2122.00000000,0.20388428
60.00000000,2123.00000000,0.20481879
60.00000000,2124.00000000,0.20575179
60.00000000,2125.00000000,0.20668286
60.00000000,2126.00000000,0.20761217
60.00000000,2127.00000000,0.20853942
60.00000000,2128.00000000,0.20946427
60.00000000,2129.00000000,0.21038684
60.00000000,2130.00000000,0.21130675
60.00000000,2131.00000000,0.21192655
60.00000000,2132.00000000,0.21254346
60.00000000,2133.00000000,0.21315721
60.00000000,2134.00000000,0.21376781
60.00000000,2135.00000000,0.21437526
60.00000000,2136.00000000,0.21497945
60.00000000,2137.00000000,0.21558036
60.00000000,2138.00000000,0.21617778
60.00000000,2139.00000000,0.21677182
60.00000000,2140.00000000,0.21736235
60.00000000,2141.00000000,0.21778374
60.00000000,2142.00000000,0.21820137
60.00000000,2143.00000000,0.21861546
60.00000000,2144.00000000,0.21902580
60.00000000,2145.00000000,0.21943255
60.00000000,2146.00000000,0.21983568
60.00000000,2147.00000000,0.22023502
60.00000000,2148.00000000,0.22063080
60.00000000,2149.00000000,0.22102286
60.00000000,2150.00000000,0.22141117
60.00000000,2151.00000000,0.22162690
60.00000000,2152.00000000,0.22184351
60.00000000,2153.00000000,0.22206434
60.00000000,2154.00000000,0.22229089
60.00000000,2155.00000000,0.22252391
60.00000000,2156.00000000,0.22276356
60.00000000,2157.00000000,0.22301002
60.00000000,2158.00000000,0.22326285
60.00000000,2159.00000000,0.22352199
60.00000000,2160.00000000,0.22378695
60.00000000,2161.00000000,0.22392755
60.00000000,2162.00000000,0.22407314
60.00000000,2163.00000000,0.22422388
60.00000000,2164.00000000,0.22437925
60.00000000,2165.00000000,0.22453905
60.00000000,2166.00000000,0.22470302
60.00000000,2167.00000000,0.22487082
60.00000000,2168.00000000,0.22504246
60.00000000,2169.00000000,0.22521752
60.00000000,2170.00000000,0.22539597
60.00000000,2171.00000000,0.22557753
60.00000000,2172.00000000,0.22576206
60.00000000,2173.00000000,0.22594933
60.00000000,2174.00000000,0.22613921
60.00000000,2175.00000000,0.22633145
60.00000000,2176.00000000,0.22652611
60.00000000,2177.00000000,0.22672290
60.00000000,2178.00000000,0.22692159
60.00000000,2179.00000000,0.22712229
60.00000000,2180.00000000,0.22732477
60.00000000,2181.00000000,0.22752887
60.00000000,2182.00000000,0.22773454
60.00000000,2183.00000000,0.22794155
60.00000000,2184.00000000,0.22814997
60.00000000,2185.00000000,0.22835963
60.00000000,2186.00000000,0.22857038
60.00000000,2187.00000000,0.22878220
60.00000000,2188.00000000,0.22899497
60.00000000,2189.00000000,0.22920853
60.00000000,2190.00000000,0.22942294
60.00000000,2191.00000000,0.22963803
60.00000000,2192.00000000,0.22985366
60.00000000,2193.00000000,0.23006993
60.00000000,2194.00000000,0.23028664
60.00000000,2195.00000000,0.23050375
60.00000000,2196.00000000,0.23072120
60.00000000,2197.00000000,0.23093880
60.00000000,2198.00000000,0.23115668
60.00000000,2199.00000000,0.23137467
60.00000000,2200.00000000,0.23159269
60.00000000,2201.00000000,0.23181075
60.00000000,2202.00000000,0.23202871
60.00000000,2203.00000000,0.23224645
60.00000000,2204.00000000,0.23246408
60.00000000,2205.00000000,0.23268144
60.00000000,2206.00000000,0.23289852
60.00000000,2207.00000000,0.23311519
60.00000000,2208.00000000,0.23333131
60.00000000,2209.00000000,0.23354690
60.00000000,2210.00000000,0.23376182
60.00000000,2211.00000000,0.23307896
60.00000000,2212.00000000,0.23239404
60.00000000,2213.00000000,0.23170704
60.00000000,2214.00000000,0.23101806
60.00000000,2215.00000000,0.23032723
60.00000000,2216.00000000,0.22963460
60.00000000,2217.00000000,0.22894021
60.00000000,2218.00000000,0.22824421
60.00000000,2219.00000000,0.22754662
60.00000000,2220.00000000,0.22684753
60.00000000,2221.00000000,0.22614705
60.00000000,2222.00000000,0.22544511
60.00000000,2223.00000000,0.22474193
60.00000000,2224.00000000,0.22403747
60.00000000,2225.00000000,0.22333175
60.00000000,2226.00000000,0.22262495
60.00000000,2227.00000000,0.22191708
60.00000000,2228.00000000,0.22120799
60.00000000,2229.00000000,0.22049803
60.00000000,2230.00000000,0.21978711
60.00000000,2231.00000000,0.21907521
60.00000000,2232.00000000,0.21836245
60.00000000,2233.00000000,0.21764880
60.00000000,2234.00000000,0.21693444
60.00000000,2235.00000000,0.21621922
60.00000000,2236.00000000,0.21550321
60.00000000,2237.00000000,0.21478658
60.00000000,2238.00000000,0.21406930
60.00000000,2239.00000000,0.21335124
60.00000000,2240.00000000,0.21263260
60.00000000,2241.00000000,0.21191344
60.00000000,2242.00000000,0.21119356
60.00000000,2243.00000000,0.21047317
60.00000000,2244.00000000,0.20975225
60.00000000,2245.00000000,0.20903079
60.00000000,2246.00000000,0.20830881
60.00000000,2247.00000000,0.20758638
60.00000000,2248.00000000,0.20686344
60.00000000,2249.00000000,0.20613981
60.00000000,2250.00000000,0.20541412
60.00000000,2251.00000000,0.20468384
60.00000000,2252.00000000,0.20394656
60.00000000,2253.00000000,0.20320102
60.00000000,2254.00000000,0.20244680
60.00000000,2255.00000000,0.20168378
60.00000000,2256.00000000,0.20091217
60.00000000,2257.00000000,0.20013203
60.00000000,2258.00000000,0.19934355
60.00000000,2259.00000000,0.19854705
60.00000000,2260.00000000,0.19774278
60.00000000,2261.00000000,0.19693103
60.00000000,2262.00000000,0.19611230
60.00000000,2263.00000000,0.19528698
60.00000000,2264.00000000,0.19445536
60.00000000,2265.00000000,0.19361778
60.00000000,2266.00000000,0.19277450
60.00000000,2267.00000000,0.19192567
60.00000000,2268.00000000,0.19107161
60.00000000,2269.00000000,0.19021249
60.00000000,2270.00000000,0.18934856
60.00000000,2271.00000000,0.18848002
60.00000000,2272.00000000,0.18760698
60.00000000,2273.00000000,0.18672975
60.00000000,2274.00000000,0.18584844
60.00000000,2275.00000000,0.18496320
60.00000000,2276.00000000,0.18407431
60.00000000,2277.00000000,0.18318186
60.00000000,2278.00000000,0.18228601
60.00000000,2279.00000000,0.18138697
60.00000000,2280.00000000,0.18048484
60.00000000,2281.00000000,0.17957981
60.00000000,2282.00000000,0.17867202
60.00000000,2283.00000000,0.17776154
60.00000000,2284.00000000,0.17684861
60.00000000,2285.00000000,0.17593328
60.00000000,2286.00000000,0.17501567
60.00000000,2287.00000000,0.17409595
60.00000000,2288.00000000,0.17317423
60.00000000,2289.00000000,0.17225055
60.00000000,2290.00000000,0.17132512
60.00000000,2291.00000000,0.17039796
60.00000000,2292.00000000,0.16946927
60.00000000,2293.00000000,0.16853909
60.00000000,2294.00000000,0.16760748
60.00000000,2295.00000000,0.16667462
60.00000000,2296.00000000,0.16574054
60.00000000,2297.00000000,0.16480534
60.00000000,2298.00000000,0.16386914
60.00000000,2299.00000000,0.16293200
60.00000000,2300.00000000,0.16199398
60.00000000,2301.00000000,0.16105518
60.00000000,2302.00000000,0.16011570
60.00000000,2303.00000000,0.15917552
60.00000000,2304.00000000,0.15823480
60.00000000,2305.00000000,0.15729355
60.00000000,2306.00000000,0.15635190
60.00000000,2307.00000000,0.15540995
60.00000000,2308.00000000,0.15446776
60.00000000,2309.00000000,0.15372630
60.00000000,2310.00000000,0.15357621
60.00000000,2311.00000000,0.15358788
60.00000000,2312.00000000,0.15359982
60.00000000,2313.00000000,0.15361199
60.00000000,2314.00000000,0.15362438
60.00000000,2315.00000000,0.15363702
60.00000000,2316.00000000,0.15367517
60.00000000,2317.00000000,0.15371359
60.00000000,2318.00000000,0.15375222
60.00000000,2319.00000000,0.15379100
60.00000000,2320.00000000,0.15383001
60.00000000,2321.00000000,0.15381909
60.00000000,2322.00000000,0.15380831
60.00000000,2323.00000000,0.15379771
60.00000000,2324.00000000,0.15378726
60.00000000,2325.00000000,0.15377692
60.00000000,2326.00000000,0.15376677
60.00000000,2327.00000000,0.15375677
60.00000000,2328.00000000,0.15374687
60.00000000,2329.00000000,0.15373715
60.00000000,2330.00000000,0.15372750
60.00000000,2331.00000000,0.15371804
60.00000000,2332.00000000,0.15370870
60.00000000,2333.00000000,0.15369946
60.00000000,2334.00000000,0.15369037
60.00000000,2335.00000000,0.15368140
60.00000000,2336.00000000,0.15367034
60.00000000,2337.00000000,0.15365944
60.00000000,2338.00000000,0.15364865
60.00000000,2339.00000000,0.15363790
60.00000000,2340.00000000,0.15362731
60.00000000,2341.00000000,0.15361680
60.00000000,2342.00000000,0.15360641
60.00000000,2343.00000000,0.15359613
60.00000000,2344.00000000,0.15358591
60.00000000,2345.00000000,0.15357582
60.00000000,2346.00000000,0.15356582
60.00000000,2347.00000000,0.15355588
60.00000000,2348.00000000,0.15354606
60.00000000,2349.00000000,0.15353635
60.00000000,2350.00000000,0.15352665
60.00000000,2351.00000000,0.15351710
60.00000000,2352.00000000,0.15350757
60.00000000,2353.00000000,0.15349820
60.00000000,2354.00000000,0.15348890
60.00000000,2355.00000000,0.15347964
60.00000000,2356.00000000,0.15347051
60.00000000,2357.00000000,0.15346148
60.00000000,2358.00000000,0.15345246
60.00000000,2359.00000000,0.15344358
60.00000000,2360.00000000,0.15343478
60.00000000,2361.00000000,0.15343083
60.00000000,2362.00000000,0.15342702
60.00000000,2363.00000000,0.15342326
60.00000000,2364.00000000,0.15341955
60.00000000,2365.00000000,0.15341594
60.00000000,2366.00000000,0.15341237
60.00000000,2367.00000000,0.15340890
60.00000000,2368.00000000,0.15340550
60.00000000,2369.00000000,0.15340212
60.00000000,2370.00000000,0.15339885
60.00000000,2371.00000000,0.15339565
60.00000000,2372.00000000,0.15339245
60.00000000,2373.00000000,0.15338935
60.00000000,2374.00000000,0.15338632
60.00000000,2375.00000000,0.15338329
60.00000000,2376.00000000,0.15338037
60.00000000,2377.00000000,0.15337744
60.00000000,2378.00000000,0.15337461
60.00000000,2379.00000000,0.15337184
60.00000000,2380.00000000,0.15336906
60.00000000,2381.00000000,0.15336638
60.00000000,2382.00000000,0.15336375
60.00000000,2383.00000000,0.15336111
60.00000000,2384.00000000,0.15335857
60.00000000,2385.00000000,0.15335606
60.00000000,2386.00000000,0.15335355
60.00000000,2387.00000000,0.15335112
60.00000000,2388.00000000,0.15334874
60.00000000,2389.00000000,0.15334635
60.00000000,2390.00000000,0.15334404
60.00000000,2391.00000000,0.15334171
60.00000000,2392.00000000,0.15333947
60.00000000,2393.00000000,0.15333726
60.00000000,2394.00000000,0.15333504
60.00000000,2395.00000000,0.15333290
60.00000000,2396.00000000,0.15333078
60.00000000,2397.00000000,0.15332864
60.00000000,2398.00000000,0.15332660
60.00000000,2399.00000000,0.15332457
60.00000000,2400.00000000,0.15332252
60.00000000,2401.00000000,0.15332055
60.00000000,2402.00000000,0.15331854
60.00000000,2403.00000000,0.15331665
60.00000000,2404.00000000,0.15331476
60.00000000,2405.00000000,0.15331288
60.00000000,2406.00000000,0.15331108
60.00000000,2407.00000000,0.15330929
60.00000000,2408.00000000,0.15330749
60.00000000,2409.00000000,0.15330578
60.00000000,2410.00000000,0.15330409
60.00000000,2411.00000000,0.15330100
60.00000000,2412.00000000,0.15329799
60.00000000,2413.00000000,0.15329501
60.00000000,2414.00000000,0.15329200
60.00000000,2415.00000000,0.15328905
60.00000000,2416.00000000,0.15328608
60.00000000,2417.00000000,0.15328319
60.00000000,2418.00000000,0.15328033
60.00000000,2419.00000000,0.15327744
60.00000000,2420.00000000,0.15327462
60.00000000,2421.00000000,0.15327181
60.00000000,2422.00000000,0.15326897
60.00000000,2423.00000000,0.15326620
60.00000000,2424.00000000,0.15326346
60.00000000,2425.00000000,0.15326067
60.00000000,2426.00000000,0.15325795
60.00000000,2427.00000000,0.15325520
60.00000000,2428.00000000,0.15325252
60.00000000,2429.00000000,0.15324986
60.00000000,2430.00000000,0.15324714
60.00000000,2431.00000000,0.15324451
60.00000000,2432.00000000,0.15324189
60.00000000,2433.00000000,0.15323922
60.00000000,2434.00000000,0.15323662
60.00000000,2435.00000000,0.15323404
60.00000000,2436.00000000,0.15323140
60.00000000,2437.00000000,0.15322884
60.00000000,2438.00000000,0.15322623
60.00000000,2439.00000000,0.15322369
60.00000000,2440.00000000,0.15322117
60.00000000,2441.00000000,0.15321858
60.00000000,2442.00000000,0.15321607
60.00000000,2443.00000000,0.15321358
60.00000000,2444.00000000,0.15321101
60.00000000,2445.00000000,0.15320853
60.00000000,2446.00000000,0.15320606
60.00000000,2447.00000000,0.15320351
60.00000000,2448.00000000,0.15320105
60.00000000,2449.00000000,0.15319860
60.00000000,2450.00000000,0.15319608
60.00000000,2451.00000000,0.15319363
60.00000000,2452.00000000,0.15319111
60.00000000,2453.00000000,0.15318867
60.00000000,2454.00000000,0.15318623
60.00000000,2455.00000000,0.15318370
60.00000000,2456.00000000,0.15318126
60.00000000,2457.00000000,0.15317881
60.00000000,2458.00000000,0.15317627
60.00000000,2459.00000000,0.15317381
60.00000000,2460.00000000,0.15317135
60.00000000,2461.00000000,0.15316735
60.00000000,2462.00000000,0.15316342
60.00000000,2463.00000000,0.15315940
60.00000000,2464.00000000,0.15315547
60.00000000,2465.00000000,0.15315151
60.00000000,2466.00000000,0.15314748
60.00000000,2467.00000000,0.15314353
60.00000000,2468.00000000,0.15313957
60.00000000,2469.00000000,0.15313553
60.00000000,2470.00000000,0.15313156
60.00000000,2471.00000000,0.15312758
60.00000000,2472.00000000,0.15312353
60.00000000,2473.00000000,0.15311955
60.00000000,2474.00000000,0.15311556
60.00000000,2475.00000000,0.15311150
60.00000000,2476.00000000,0.15310750
60.00000000,2477.00000000,0.15310341
60.00000000,2478.00000000,0.15309941
60.00000000,2479.00000000,0.15309541
60.00000000,2480.00000000,0.15309131
60.00000000,2481.00000000,0.15308729
60.00000000,2482.00000000,0.15308327
60.00000000,2483.00000000,0.15307916
60.00000000,2484.00000000,0.15307513
60.00000000,2485.00000000,0.15307110
60.00000000,2486.00000000,0.15306698
60.00000000,2487.00000000,0.15306294
60.00000000,2488.00000000,0.15305880
60.00000000,2489.00000000,0.15305476
60.00000000,2490.00000000,0.15305070
60.00000000,2491.00000000,0.15304656
60.00000000,2492.00000000,0.15304250
60.00000000,2493.00000000,0.15303844
60.00000000,2494.00000000,0.15303428
60.00000000,2495.00000000,0.15303021
60.00000000,2496.00000000,0.15302614
60.00000000,2497.00000000,0.15302196
60.00000000,2498.00000000,0.15301789
60.00000000,2499.00000000,0.15301371
60.00000000,2500.00000000,0.15300963
61.00000000,1765.00000000,0.11992458
61.00000000,1766.00000000,0.11992437
61.00000000,1767.00000000,0.11992444
61.00000000,1768.00000000,0.11992472
61.00000000,1769.00000000,0.11992507
61.00000000,1770.00000000,0.11992527
61.00000000,1771.00000000,0.11992599
61.00000000,1772.00000000,0.11992669
61.00000000,1773.00000000,0.11992764
61.00000000,1774.00000000,0.11992880
61.00000000,1775.00000000,0.11992998
61.00000000,1776.00000000,0.11993138
61.00000000,1777.00000000,0.11993294
61.00000000,1778.00000000,0.11993471
61.00000000,1779.00000000,0.11993649
61.00000000,1780.00000000,0.11993852
61.00000000,1781.00000000,0.11994076
61.00000000,1782.00000000,0.11994309
61.00000000,1783.00000000,0.11994556
61.00000000,1784.00000000,0.11994808
61.00000000,1785.00000000,0.11995075
61.00000000,1786.00000000,0.11995354
61.00000000,1787.00000000,0.11995649
61.00000000,1788.00000000,0.11995948
61.00000000,1789.00000000,0.11996268
61.00000000,1790.00000000,0.11996587
61.00000000,1791.00000000,0.11996925
61.00000000,1792.00000000,0.11997268
61.00000000,1793.00000000,0.11997619
61.00000000,1794.00000000,0.11997982
61.00000000,1795.00000000,0.11998347
61.00000000,1796.00000000,0.11998726
61.00000000,1797.00000000,0.11999120
61.00000000,1798.00000000,0.11999504
61.00000000,1799.00000000,0.11999910
61.00000000,1800.00000000,0.12000323
61.00000000,1801.00000000,0.12000734
61.00000000,1802.00000000,0.12001158
61.00000000,1803.00000000,0.12001581
61.00000000,1804.00000000,0.12002019
61.00000000,1805.00000000,0.12002458
61.00000000,1806.00000000,0.12002902
61.00000000,1807.00000000,0.12003356
61.00000000,1808.00000000,0.12003816
61.00000000,1809.00000000,0.12004284
61.00000000,1810.00000000,0.12004758
61.00000000,1811.00000000,0.12005239
61.00000000,1812.00000000,0.12005726
61.00000000,1813.00000000,0.12006227
61.00000000,1814.00000000,0.12006730
61.00000000,1815.00000000,0.12007243
61.00000000,1816.00000000,0.12007759
61.00000000,1817.00000000,0.12008284
61.00000000,1818.00000000,0.12008820
61.00000000,1819.00000000,0.12009358
61.00000000,1820.00000000,0.12009908
61.00000000,1821.00000000,0.12010468
61.00000000,1822.00000000,0.12011038
61.00000000,1823.00000000,0.12011619
61.00000000,1824.00000000,0.12012213
61.00000000,1825.00000000,0.12012817
61.00000000,1826.00000000,0.12013432
61.00000000,1827.00000000,0.12015104
61.00000000,1828.00000000,0.12015748
61.00000000,1829.00000000,0.12016407
61.00000000,1830.00000000,0.12017078
61.00000000,1831.00000000,0.12017764
61.00000000,1832.00000000,0.12018801
61.00000000,1833.00000000,0.12019509
61.00000000,1834.00000000,0.12020223
61.00000000,1835.00000000,0.12020949
61.00000000,1836.00000000,0.12021685
61.00000000,1837.00000000,0.12022433
61.00000000,1838.00000000,0.12023182
61.00000000,1839.00000000,0.12023947
61.00000000,1840.00000000,0.12024710
61.00000000,1841.00000000,0.12025493
61.00000000,1842.00000000,0.12026625
61.00000000,1843.00000000,0.12027417
61.00000000,1844.00000000,0.12028212
61.00000000,1845.00000000,0.12029019
61.00000000,1846.00000000,0.12029824
61.00000000,1847.00000000,0.12030640
61.00000000,1848.00000000,0.12031455
61.00000000,1849.00000000,0.12032276
61.00000000,1850.00000000,0.12033100
61.00000000,1851.00000000,0.12033919
61.00000000,1852.00000000,0.12035095
61.00000000,1853.00000000,0.12035967
61.00000000,1854.00000000,0.12036867
61.00000000,1855.00000000,0.12037762
61.00000000,1856.00000000,0.12038649
61.00000000,1857.00000000,0.12039527
61.00000000,1858.00000000,0.12040755
61.00000000,1859.00000000,0.12041629
61.00000000,1860.00000000,0.12042503
61.00000000,1861.00000000,0.12043717
61.00000000,1862.00000000,0.12044571
61.00000000,1863.00000000,0.12046044
61.00000000,1864.00000000,0.12046422
61.00000000,1865.00000000,0.12047095
61.00000000,1866.00000000,0.12047745
61.00000000,1867.00000000,0.12048705
61.00000000,1868.00000000,0.12049295
61.00000000,1869.00000000,0.12049854
61.00000000,1870.00000000,0.12050394
61.00000000,1871.00000000,0.12050907
61.00000000,1872.00000000,0.12051801
61.00000000,1873.00000000,0.12052432
61.00000000,1874.00000000,0.12053119
61.00000000,1875.00000000,0.12053840
61.00000000,1876.00000000,0.12054950
61.00000000,1877.00000000,0.12056078
61.00000000,1878.00000000,0.12057239
61.00000000,1879.00000000,0.12058055
61.00000000,1880.00000000,0.12058889
61.00000000,1881.00000000,0.12059719
61.00000000,1882.00000000,0.12060556
61.00000000,1883.00000000,0.12061676
61.00000000,1884.00000000,0.12062752
61.00000000,1885.00000000,0.12063442
61.00000000,1886.00000000,0.12064477
61.00000000,1887.00000000,0.12065148
61.00000000,1888.00000000,0.12066149
61.00000000,1889.00000000,0.12066777
61.00000000,1890.00000000,0.12067362
61.00000000,1891.00000000,0.12070011
61.00000000,1892.00000000,0.12070178
61.00000000,1893.00000000,0.12070681
61.00000000,1894.00000000,0.12071535
61.00000000,1895.00000000,0.12072065
61.00000000,1896.00000000,0.12072946
61.00000000,1897.00000000,0.12074877
61.00000000,1898.00000000,0.12075396
61.00000000,1899.00000000,0.12076242
61.00000000,1900.00000000,0.12077044
61.00000000,1901.00000000,0.12078159
61.00000000,1902.00000000,0.12078936
61.00000000,1903.00000000,0.12080071
61.00000000,1904.00000000,0.12080860
61.00000000,1905.00000000,0.12082023
61.00000000,1906.00000000,0.12083900
61.00000000,1907.00000000,0.12084388
61.00000000,1908.00000000,0.12085895
61.00000000,1909.00000000,0.12086693
61.00000000,1910.00000000,0.12088183
61.00000000,1911.00000000,0.12090011
61.00000000,1912.00000000,0.12090364
61.00000000,1913.00000000,0.12091664
61.00000000,1914.00000000,0.12092508
61.00000000,1915.00000000,0.12096090
61.00000000,1916.00000000,0.12096917
61.00000000,1917.00000000,0.12098804
61.00000000,1918.00000000,0.12099286
61.00000000,1919.00000000,0.12099794
61.00000000,1920.00000000,0.12101801
61.00000000,1921.00000000,0.12104959
61.00000000,1922.00000000,0.12106873
61.00000000,1923.00000000,0.12108203
61.00000000,1924.00000000,0.12111301
61.00000000,1925.00000000,0.12114756
61.00000000,1926.00000000,0.12117876
61.00000000,1927.00000000,0.12119620
61.00000000,1928.00000000,0.12123220
61.00000000,1929.00000000,0.12125720
61.00000000,1930.00000000,0.12128973
61.00000000,1931.00000000,0.12131693
61.00000000,1932.00000000,0.12136045
61.00000000,1933.00000000,0.12143366
61.00000000,1934.00000000,0.12148745
61.00000000,1935.00000000,0.12146827
61.00000000,1936.00000000,0.12153254
61.00000000,1937.00000000,0.12155719
61.00000000,1938.00000000,0.12158032
61.00000000,1939.00000000,0.12159692
61.00000000,1940.00000000,0.12165651
61.00000000,1941.00000000,0.12175667
61.00000000,1942.00000000,0.12178925
61.00000000,1943.00000000,0.12184187
61.00000000,1944.00000000,0.12190436
61.00000000,1945.00000000,0.12192154
61.00000000,1946.00000000,0.12193695
61.00000000,1947.00000000,0.12196202
61.00000000,1948.00000000,0.12202330
61.00000000,1949.00000000,0.12214751
61.00000000,1950.00000000,0.12216008
61.00000000,1951.00000000,0.12227367
61.00000000,1952.00000000,0.12234248
61.00000000,1953.00000000,0.12236242
61.00000000,1954.00000000,0.12236101
61.00000000,1955.00000000,0.12241936
61.00000000,1956.00000000,0.12251242
61.00000000,1957.00000000,0.12256993
61.00000000,1958.00000000,0.12265453
61.00000000,1959.00000000,0.12275238
61.00000000,1960.00000000,0.12290688
61.00000000,1961.00000000,0.12300713
61.00000000,1962.00000000,0.12307488
61.00000000,1963.00000000,0.12312793
61.00000000,1964.00000000,0.12330845
61.00000000,1965.00000000,0.12333382
61.00000000,1966.00000000,0.12346879
61.00000000,1967.00000000,0.12361920
61.00000000,1968.00000000,0.12388210
61.00000000,1969.00000000,0.12375481
61.00000000,1970.00000000,0.12386399
61.00000000,1971.00000000,0.12396425
61.00000000,1972.00000000,0.12399913
61.00000000,1973.00000000,0.12411901
61.00000000,1974.00000000,0.12430722
61.00000000,1975.00000000,0.12394669
61.00000000,1976.00000000,0.12386732
61.00000000,1977.00000000,0.12404871
61.00000000,1978.00000000,0.12419865
61.00000000,1979.00000000,0.12409448
61.00000000,1980.00000000,0.12360444
61.00000000,1981.00000000,0.12400272
61.00000000,1982.00000000,0.12352033
61.00000000,1983.00000000,0.12363777
61.00000000,1984.00000000,0.12404957
61.00000000,1985.00000000,0.12400924
61.00000000,1986.00000000,0.12403805
61.00000000,1987.00000000,0.12405492
61.00000000,1988.00000000,0.12431808
61.00000000,1989.00000000,0.12431834
61.00000000,1990.00000000,0.12458417
61.00000000,1991.00000000,0.12425497
61.00000000,1992.00000000,0.12385431
61.00000000,1993.00000000,0.12352430
61.00000000,1994.00000000,0.12367785
61.00000000,1995.00000000,0.12395191
61.00000000,1996.00000000,0.12413819
61.00000000,1997.00000000,0.12449464
61.00000000,1998.00000000,0.12476874
61.00000000,1999.00000000,0.12454046
61.00000000,2000.00000000,0.12471819
61.00000000,2001.00000000,0.12509401
61.00000000,2002.00000000,0.12522268
61.00000000,2003.00000000,0.12525974
61.00000000,2004.00000000,0.12543778
61.00000000,2005.00000000,0.12541663
61.00000000,2006.00000000,0.12465001
61.00000000,2007.00000000,0.12491685
61.00000000,2008.00000000,0.12544245
61.00000000,2009.00000000,0.12570023
61.00000000,2010.00000000,0.12551902
61.00000000,2011.00000000,0.12623431
61.00000000,2012.00000000,0.12669670
61.00000000,2013.00000000,0.12677885
61.00000000,2014.00000000,0.12691694
61.00000000,2015.00000000,0.12698046
61.00000000,2016.00000000,0.12757010
61.00000000,2017.00000000,0.12800953
61.00000000,2018.00000000,0.12829896
61.00000000,2019.00000000,0.12847634
61.00000000,2020.00000000,0.12889756
61.00000000,2021.00000000,0.12925838
61.00000000,2022.00000000,0.12928288
61.00000000,2023.00000000,0.12961037
61.00000000,2024.00000000,0.13008032
61.00000000,2025.00000000,0.13059064
61.00000000,2026.00000000,0.13102208
61.00000000,2027.00000000,0.13153142
61.00000000,2028.00000000,0.13185696
61.00000000,2029.00000000,0.13242322
61.00000000,2030.00000000,0.13310789
61.00000000,2031.00000000,0.13400855
61.00000000,2032.00000000,0.13449799
61.00000000,2033.00000000,0.13502984
61.00000000,2034.00000000,0.13578944
61.00000000,2035.00000000,0.13578033
61.00000000,2036.00000000,0.13564164
61.00000000,2037.00000000,0.13650247
61.00000000,2038.00000000,0.13694980
61.00000000,2039.00000000,0.13715955
61.00000000,2040.00000000,0.13805892
61.00000000,2041.00000000,0.13782434
61.00000000,2042.00000000,0.13722325
61.00000000,2043.00000000,0.13703306
61.00000000,2044.00000000,0.13692209
61.00000000,2045.00000000,0.13746772
61.00000000,2046.00000000,0.13792378
61.00000000,2047.00000000,0.13841745
61.00000000,2048.00000000,0.13883164
61.00000000,2049.00000000,0.13946940
61.00000000,2050.00000000,0.13981824
61.00000000,2051.00000000,0.13993231
61.00000000,2052.00000000,0.14016348
61.00000000,2053.00000000,0.13970447
61.00000000,2054.00000000,0.13965179
61.00000000,2055.00000000,0.13996793
61.00000000,2056.00000000,0.14032276
61.00000000,2057.00000000,0.14070274
61.00000000,2058.00000000,0.14098661
61.00000000,2059.00000000,0.14081045
61.00000000,2060.00000000,0.14067479
61.00000000,2061.00000000,0.14114651
61.00000000,2062.00000000,0.14160307
61.00000000,2063.00000000,0.14171058
61.00000000,2064.00000000,0.14274840
61.00000000,2065.00000000,0.14394821
61.00000000,2066.00000000,0.14486766
61.00000000,2067.00000000,0.14543679
61.00000000,2068.00000000,0.14601048
61.00000000,2069.00000000,0.14658832
61.00000000,2070.00000000,0.14716986
61.00000000,2071.00000000,0.14775473
61.00000000,2072.00000000,0.14857075
61.00000000,2073.00000000,0.14939147
61.00000000,2074.00000000,0.15021754
61.00000000,2075.00000000,0.15104918
61.00000000,2076.00000000,0.15188604
61.00000000,2077.00000000,0.15272842
61.00000000,2078.00000000,0.15357600
61.00000000,2079.00000000,0.15442828
61.00000000,2080.00000000,0.15528550
61.00000000,2081.00000000,0.15614725
61.00000000,2082.00000000,0.15691418
61.00000000,2083.00000000,0.15768655
61.00000000,2084.00000000,0.15846399
61.00000000,2085.00000000,0.15924700
61.00000000,2086.00000000,0.16003529
61.00000000,2087.00000000,0.16082850
61.00000000,2088.00000000,0.16162689
61.00000000,2089.00000000,0.16242999
61.00000000,2090.00000000,0.16323777
61.00000000,2091.00000000,0.16405033
61.00000000,2092.00000000,0.16507353
61.00000000,2093.00000000,0.16610204
61.00000000,2094.00000000,0.16713601
61.00000000,2095.00000000,0.16817513
61.00000000,2096.00000000,0.16921952
61.00000000,2097.00000000,0.17026894
61.00000000,2098.00000000,0.17132290
61.00000000,2099.00000000,0.17238153
61.00000000,2100.00000000,0.17344438
61.00000000,2101.00000000,0.17451124
61.00000000,2102.00000000,0.17573219
61.00000000,2103.00000000,0.17695770
61.00000000,2104.00000000,0.17818767
61.00000000,2105.00000000,0.17942230
61.00000000,2106.00000000,0.18066103
61.00000000,2107.00000000,0.18190378
61.00000000,2108.00000000,0.18315026
61.00000000,2109.00000000,0.18439992
61.00000000,2110.00000000,0.18565278
61.00000000,2111.00000000,0.18690833
61.00000000,2112.00000000,0.18815765
61.00000000,2113.00000000,0.18940917
61.00000000,2114.00000000,0.19066243
61.00000000,2115.00000000,0.19191692
61.00000000,2116.00000000,0.19317267
61.00000000,2117.00000000,0.19442920
61.00000000,2118.00000000,0.19568595
61.00000000,2119.00000000,0.19694305
61.00000000,2120.00000000,0.19819995
61.00000000,2121.00000000,0.19945610
61.00000000,2122.00000000,0.20038541
61.00000000,2123.00000000,0.20131338
61.00000000,2124.00000000,0.20223999
61.00000000,2125.00000000,0.20316510
61.00000000,2126.00000000,0.20408839
61.00000000,2127.00000000,0.20500977
61.00000000,2128.00000000,0.20592919
61.00000000,2129.00000000,0.20684637
61.00000000,2130.00000000,0.20776112
61.00000000,2131.00000000,0.20867330
61.00000000,2132.00000000,0.20928903
61.00000000,2133.00000000,0.20990181
61.00000000,2134.00000000,0.21051140
61.00000000,2135.00000000,0.21111805
61.00000000,2136.00000000,0.21172154
61.00000000,2137.00000000,0.21232170
61.00000000,2138.00000000,0.21291876
61.00000000,2139.00000000,0.21351246
61.00000000,2140.00000000,0.21410267
61.00000000,2141.00000000,0.21468950
61.00000000,2142.00000000,0.21510925
61.00000000,2143.00000000,0.21552527
61.00000000,2144.00000000,0.21593783
61.00000000,2145.00000000,0.21634677
61.00000000,2146.00000000,0.21675213
61.00000000,2147.00000000,0.21715385
61.00000000,2148.00000000,0.21755201
61.00000000,2149.00000000,0.21794658
61.00000000,2150.00000000,0.21833754
61.00000000,2151.00000000,0.21872589
61.00000000,2152.00000000,0.21894724
61.00000000,2153.00000000,0.21917255
61.00000000,2154.00000000,0.21940342
61.00000000,2155.00000000,0.21964080
61.00000000,2156.00000000,0.21988480
61.00000000,2157.00000000,0.22013526
61.00000000,2158.00000000,0.22039226
61.00000000,2159.00000000,0.22065538
61.00000000,2160.00000000,0.22092430
61.00000000,2161.00000000,0.22119866
61.00000000,2162.00000000,0.22134959
61.00000000,2163.00000000,0.22150538
61.00000000,2164.00000000,0.22166581
61.00000000,2165.00000000,0.22183043
61.00000000,2166.00000000,0.22199925
61.00000000,2167.00000000,0.22217194
61.00000000,2168.00000000,0.22234827
61.00000000,2169.00000000,0.22252805
61.00000000,2170.00000000,0.22271102
61.00000000,2171.00000000,0.22289711
61.00000000,2172.00000000,0.22308607
61.00000000,2173.00000000,0.22327764
61.00000000,2174.00000000,0.22347188
61.00000000,2175.00000000,0.22366852
61.00000000,2176.00000000,0.22386740
61.00000000,2177.00000000,0.22406845
61.00000000,2178.00000000,0.22427145
61.00000000,2179.00000000,0.22447625
61.00000000,2180.00000000,0.22468285
61.00000000,2181.00000000,0.22489110
61.00000000,2182.00000000,0.22510075
61.00000000,2183.00000000,0.22531192
61.00000000,2184.00000000,0.22552437
61.00000000,2185.00000000,0.22573806
61.00000000,2186.00000000,0.22595288
61.00000000,2187.00000000,0.22616862
61.00000000,2188.00000000,0.22638540
61.00000000,2189.00000000,0.22660305
61.00000000,2190.00000000,0.22682143
61.00000000,2191.00000000,0.22704056
61.00000000,2192.00000000,0.22726030
61.00000000,2193.00000000,0.22748053
61.00000000,2194.00000000,0.22770127
61.00000000,2195.00000000,0.22792242
61.00000000,2196.00000000,0.22814391
61.00000000,2197.00000000,0.22836567
61.00000000,2198.00000000,0.22858758
61.00000000,2199.00000000,0.22880969
61.00000000,2200.00000000,0.22903186
61.00000000,2201.00000000,0.22925404
61.00000000,2202.00000000,0.22947619
61.00000000,2203.00000000,0.22969820
61.00000000,2204.00000000,0.22992003
61.00000000,2205.00000000,0.23014169
61.00000000,2206.00000000,0.23036305
61.00000000,2207.00000000,0.23058409
61.00000000,2208.00000000,0.23080469
61.00000000,2209.00000000,0.23102477
61.00000000,2210.00000000,0.23124428
61.00000000,2211.00000000,0.23146306
61.00000000,2212.00000000,0.23079268
61.00000000,2213.00000000,0.23012020
61.00000000,2214.00000000,0.22944560
61.00000000,2215.00000000,0.22876891
61.00000000,2216.00000000,0.22809041
61.00000000,2217.00000000,0.22741002
61.00000000,2218.00000000,0.22672782
61.00000000,2219.00000000,0.22604397
61.00000000,2220.00000000,0.22535847
61.00000000,2221.00000000,0.22467143
61.00000000,2222.00000000,0.22398292
61.00000000,2223.00000000,0.22329293
61.00000000,2224.00000000,0.22260164
61.00000000,2225.00000000,0.22190902
61.00000000,2226.00000000,0.22121508
61.00000000,2227.00000000,0.22052001
61.00000000,2228.00000000,0.21982381
61.00000000,2229.00000000,0.21912635
61.00000000,2230.00000000,0.21842796
61.00000000,2231.00000000,0.21772855
61.00000000,2232.00000000,0.21702810
61.00000000,2233.00000000,0.21632674
61.00000000,2234.00000000,0.21562444
61.00000000,2235.00000000,0.21492136
61.00000000,2236.00000000,0.21421738
61.00000000,2237.00000000,0.21351256
61.00000000,2238.00000000,0.21280710
61.00000000,2239.00000000,0.21210082
61.00000000,2240.00000000,0.21139378
61.00000000,2241.00000000,0.21068611
61.00000000,2242.00000000,0.20997784
61.00000000,2243.00000000,0.20926880
61.00000000,2244.00000000,0.20855919
61.00000000,2245.00000000,0.20784900
61.00000000,2246.00000000,0.20713822
61.00000000,2247.00000000,0.20642686
61.00000000,2248.00000000,0.20571500
61.00000000,2249.00000000,0.20500233
61.00000000,2250.00000000,0.20428758
61.00000000,2251.00000000,0.20356814
61.00000000,2252.00000000,0.20284171
61.00000000,2253.00000000,0.20210702
61.00000000,2254.00000000,0.20136357
61.00000000,2255.00000000,0.20061138
61.00000000,2256.00000000,0.19985049
61.00000000,2257.00000000,0.19908111
61.00000000,2258.00000000,0.19830339
61.00000000,2259.00000000,0.19751758
61.00000000,2260.00000000,0.19672399
61.00000000,2261.00000000,0.19592296
61.00000000,2262.00000000,0.19511483
61.00000000,2263.00000000,0.19430013
61.00000000,2264.00000000,0.19347915
61.00000000,2265.00000000,0.19265209
61.00000000,2266.00000000,0.19181934
61.00000000,2267.00000000,0.19098105
61.00000000,2268.00000000,0.19013742
61.00000000,2269.00000000,0.18928878
61.00000000,2270.00000000,0.18843521
61.00000000,2271.00000000,0.18757703
61.00000000,2272.00000000,0.18671435
61.00000000,2273.00000000,0.18584737
61.00000000,2274.00000000,0.18497631
61.00000000,2275.00000000,0.18410136
61.00000000,2276.00000000,0.18322258
61.00000000,2277.00000000,0.18234026
61.00000000,2278.00000000,0.18145455
61.00000000,2279.00000000,0.18056552
61.00000000,2280.00000000,0.17967344
61.00000000,2281.00000000,0.17877834
61.00000000,2282.00000000,0.17788047
61.00000000,2283.00000000,0.17697991
61.00000000,2284.00000000,0.17607677
61.00000000,2285.00000000,0.17517123
61.00000000,2286.00000000,0.17426340
61.00000000,2287.00000000,0.17335334
61.00000000,2288.00000000,0.17244127
61.00000000,2289.00000000,0.17152725
61.00000000,2290.00000000,0.17061133
61.00000000,2291.00000000,0.16969372
61.00000000,2292.00000000,0.16877444
61.00000000,2293.00000000,0.16785367
61.00000000,2294.00000000,0.16693144
61.00000000,2295.00000000,0.16600787
61.00000000,2296.00000000,0.16508306
61.00000000,2297.00000000,0.16415709
61.00000000,2298.00000000,0.16323002
61.00000000,2299.00000000,0.16230197
61.00000000,2300.00000000,0.16137304
61.00000000,2301.00000000,0.16044323
61.00000000,2302.00000000,0.15951267
61.00000000,2303.00000000,0.15858143
61.00000000,2304.00000000,0.15764950
61.00000000,2305.00000000,0.15671706
61.00000000,2306.00000000,0.15578410
61.00000000,2307.00000000,0.15485076
61.00000000,2308.00000000,0.15391713
61.00000000,2309.00000000,0.15298326
61.00000000,2310.00000000,0.15224828
61.00000000,2311.00000000,0.15209915
61.00000000,2312.00000000,0.15211028
61.00000000,2313.00000000,0.15212169
61.00000000,2314.00000000,0.15213332
61.00000000,2315.00000000,0.15214518
61.00000000,2316.00000000,0.15215729
61.00000000,2317.00000000,0.15219468
61.00000000,2318.00000000,0.15223234
61.00000000,2319.00000000,0.15227021
61.00000000,2320.00000000,0.15230825
61.00000000,2321.00000000,0.15234649
61.00000000,2322.00000000,0.15233529
61.00000000,2323.00000000,0.15232422
61.00000000,2324.00000000,0.15231334
61.00000000,2325.00000000,0.15230261
61.00000000,2326.00000000,0.15229200
61.00000000,2327.00000000,0.15228157
61.00000000,2328.00000000,0.15227130
61.00000000,2329.00000000,0.15226113
61.00000000,2330.00000000,0.15225114
61.00000000,2331.00000000,0.15224124
61.00000000,2332.00000000,0.15223151
61.00000000,2333.00000000,0.15222191
61.00000000,2334.00000000,0.15221239
61.00000000,2335.00000000,0.15220304
61.00000000,2336.00000000,0.15219381
61.00000000,2337.00000000,0.15218252
61.00000000,2338.00000000,0.15217138
61.00000000,2339.00000000,0.15216035
61.00000000,2340.00000000,0.15214938
61.00000000,2341.00000000,0.15213857
61.00000000,2342.00000000,0.15212782
61.00000000,2343.00000000,0.15211721
61.00000000,2344.00000000,0.15210670
61.00000000,2345.00000000,0.15209625
61.00000000,2346.00000000,0.15208594
61.00000000,2347.00000000,0.15207571
61.00000000,2348.00000000,0.15206554
61.00000000,2349.00000000,0.15205550
61.00000000,2350.00000000,0.15204555
61.00000000,2351.00000000,0.15203565
61.00000000,2352.00000000,0.15202587
61.00000000,2353.00000000,0.15201614
61.00000000,2354.00000000,0.15200656
61.00000000,2355.00000000,0.15199705
61.00000000,2356.00000000,0.15198759
61.00000000,2357.00000000,0.15197825
61.00000000,2358.00000000,0.15196900
61.00000000,2359.00000000,0.15195978
61.00000000,2360.00000000,0.15195070
61.00000000,2361.00000000,0.15194169
61.00000000,2362.00000000,0.15193749
61.00000000,2363.00000000,0.15193343
61.00000000,2364.00000000,0.15192942
61.00000000,2365.00000000,0.15192545
61.00000000,2366.00000000,0.15192160
61.00000000,2367.00000000,0.15191777
61.00000000,2368.00000000,0.15191406
61.00000000,2369.00000000,0.15191041
61.00000000,2370.00000000,0.15190679
61.00000000,2371.00000000,0.15190325
61.00000000,2372.00000000,0.15189980
61.00000000,2373.00000000,0.15189635
61.00000000,2374.00000000,0.15189302
61.00000000,2375.00000000,0.15188972
61.00000000,2376.00000000,0.15188644
61.00000000,2377.00000000,0.15188327
61.00000000,2378.00000000,0.15188010
61.00000000,2379.00000000,0.15187702
61.00000000,2380.00000000,0.15187401
61.00000000,2381.00000000,0.15187098
61.00000000,2382.00000000,0.15186805
61.00000000,2383.00000000,0.15186517
61.00000000,2384.00000000,0.15186228
61.00000000,2385.00000000,0.15185949
61.00000000,2386.00000000,0.15185673
61.00000000,2387.00000000,0.15185397
61.00000000,2388.00000000,0.15185130
61.00000000,2389.00000000,0.15184866
61.00000000,2390.00000000,0.15184601
61.00000000,2391.00000000,0.15184347
61.00000000,2392.00000000,0.15184089
61.00000000,2393.00000000,0.15183840
61.00000000,2394.00000000,0.15183594
61.00000000,2395.00000000,0.15183347
61.00000000,2396.00000000,0.15183108
61.00000000,2397.00000000,0.15182871
61.00000000,2398.00000000,0.15182634
61.00000000,2399.00000000,0.15182403
61.00000000,2400.00000000,0.15182175
61.00000000,2401.00000000,0.15181946
61.00000000,2402.00000000,0.15181724
61.00000000,2403.00000000,0.15181501
61.00000000,2404.00000000,0.15181286
61.00000000,2405.00000000,0.15181075
61.00000000,2406.00000000,0.15180861
61.00000000,2407.00000000,0.15180657
61.00000000,2408.00000000,0.15180456
61.00000000,2409.00000000,0.15180251
61.00000000,2410.00000000,0.15180056
61.00000000,2411.00000000,0.15179864
61.00000000,2412.00000000,0.15179532
61.00000000,2413.00000000,0.15179208
61.00000000,2414.00000000,0.15178886
61.00000000,2415.00000000,0.15178562
61.00000000,2416.00000000,0.15178245
61.00000000,2417.00000000,0.15177926
61.00000000,2418.00000000,0.15177614
61.00000000,2419.00000000,0.15177304
61.00000000,2420.00000000,0.15176992
61.00000000,2421.00000000,0.15176687
61.00000000,2422.00000000,0.15176383
61.00000000,2423.00000000,0.15176075
61.00000000,2424.00000000,0.15175777
61.00000000,2425.00000000,0.15175479
61.00000000,2426.00000000,0.15175176
61.00000000,2427.00000000,0.15174882
61.00000000,2428.00000000,0.15174583
61.00000000,2429.00000000,0.15174292
61.00000000,2430.00000000,0.15174002
61.00000000,2431.00000000,0.15173708
61.00000000,2432.00000000,0.15173421
61.00000000,2433.00000000,0.15173136
61.00000000,2434.00000000,0.15172844
61.00000000,2435.00000000,0.15172561
61.00000000,2436.00000000,0.15172280
61.00000000,2437.00000000,0.15171993
61.00000000,2438.00000000,0.15171713
61.00000000,2439.00000000,0.15171429
61.00000000,2440.00000000,0.15171152
61.00000000,2441.00000000,0.15170875
61.00000000,2442.00000000,0.15170592
61.00000000,2443.00000000,0.15170319
61.00000000,2444.00000000,0.15170044
61.00000000,2445.00000000,0.15169765
61.00000000,2446.00000000,0.15169493
61.00000000,2447.00000000,0.15169221
61.00000000,2448.00000000,0.15168943
61.00000000,2449.00000000,0.15168674
61.00000000,2450.00000000,0.15168404
61.00000000,2451.00000000,0.15168128
61.00000000,2452.00000000,0.15167859
61.00000000,2453.00000000,0.15167584
61.00000000,2454.00000000,0.15167315
61.00000000,2455.00000000,0.15167045
61.00000000,2456.00000000,0.15166769
61.00000000,2457.00000000,0.15166500
61.00000000,2458.00000000,0.15166229
61.00000000,2459.00000000,0.15165951
61.00000000,2460.00000000,0.15165681
61.00000000,2461.00000000,0.15165410
61.00000000,2462.00000000,0.15164987
61.00000000,2463.00000000,0.15164570
61.00000000,2464.00000000,0.15164146
61.00000000,2465.00000000,0.15163728
61.00000000,2466.00000000,0.15163311
61.00000000,2467.00000000,0.15162884
61.00000000,2468.00000000,0.15162466
61.00000000,2469.00000000,0.15162046
61.00000000,2470.00000000,0.15161619
61.00000000,2471.00000000,0.15161199
61.00000000,2472.00000000,0.15160779
61.00000000,2473.00000000,0.15160350
61.00000000,2474.00000000,0.15159928
61.00000000,2475.00000000,0.15159506
61.00000000,2476.00000000,0.15159076
61.00000000,2477.00000000,0.15158653
61.00000000,2478.00000000,0.15158221
61.00000000,2479.00000000,0.15157798
61.00000000,2480.00000000,0.15157374
61.00000000,2481.00000000,0.15156941
61.00000000,2482.00000000,0.15156517
61.00000000,2483.00000000,0.15156090
61.00000000,2484.00000000,0.15155656
61.00000000,2485.00000000,0.15155230
61.00000000,2486.00000000,0.15154804
61.00000000,2487.00000000,0.15154369
61.00000000,2488.00000000,0.15153941
61.00000000,2489.00000000,0.15153504
61.00000000,2490.00000000,0.15153077
61.00000000,2491.00000000,0.15152648
61.00000000,2492.00000000,0.15152209
61.00000000,2493.00000000,0.15151781
61.00000000,2494.00000000,0.15151351
61.00000000,2495.00000000,0.15150912
61.00000000,2496.00000000,0.15150482
61.00000000,2497.00000000,0.15150051
61.00000000,2498.00000000,0.15149610
61.00000000,2499.00000000,0.15149179
61.00000000,2500.00000000,0.15148738
62.00000000,1765.00000000,0.11820156
62.00000000,1766.00000000,0.11820181
62.00000000,1767.00000000,0.11820166
62.00000000,1768.00000000,0.11820184
62.00000000,1769.00000000,0.11820224
62.00000000,1770.00000000,0.11820274
62.00000000,1771.00000000,0.11820311
62.00000000,1772.00000000,0.11820399
62.00000000,1773.00000000,0.11820487
62.00000000,1774.00000000,0.11820599
62.00000000,1775.00000000,0.11820732
62.00000000,1776.00000000,0.11820867
62.00000000,1777.00000000,0.11821024
62.00000000,1778.00000000,0.11821198
62.00000000,1779.00000000,0.11821392
62.00000000,1780.00000000,0.11821588
62.00000000,1781.00000000,0.11821807
62.00000000,1782.00000000,0.11822045
62.00000000,1783.00000000,0.11822293
62.00000000,1784.00000000,0.11822555
62.00000000,1785.00000000,0.11822821
62.00000000,1786.00000000,0.11823103
62.00000000,1787.00000000,0.11823396
62.00000000,1788.00000000,0.11823704
62.00000000,1789.00000000,0.11824017
62.00000000,1790.00000000,0.11824348
62.00000000,1791.00000000,0.11824680
62.00000000,1792.00000000,0.11825031
62.00000000,1793.00000000,0.11825384
62.00000000,1794.00000000,0.11825746
62.00000000,1795.00000000,0.11826120
62.00000000,1796.00000000,0.11826495
62.00000000,1797.00000000,0.11826885
62.00000000,1798.00000000,0.11827289
62.00000000,1799.00000000,0.11827682
62.00000000,1800.00000000,0.11828097
62.00000000,1801.00000000,0.11828519
62.00000000,1802.00000000,0.11828938
62.00000000,1803.00000000,0.11829369
62.00000000,1804.00000000,0.11829799
62.00000000,1805.00000000,0.11830245
62.00000000,1806.00000000,0.11830693
62.00000000,1807.00000000,0.11831145
62.00000000,1808.00000000,0.11831606
62.00000000,1809.00000000,0.11832072
62.00000000,1810.00000000,0.11832548
62.00000000,1811.00000000,0.11833030
62.00000000,1812.00000000,0.11833516
62.00000000,1813.00000000,0.11834011
62.00000000,1814.00000000,0.11834518
62.00000000,1815.00000000,0.11835028
62.00000000,1816.00000000,0.11835545
62.00000000,1817.00000000,0.11836065
62.00000000,1818.00000000,0.11836596
62.00000000,1819.00000000,0.11837134
62.00000000,1820.00000000,0.11837677
62.00000000,1821.00000000,0.11838235
62.00000000,1822.00000000,0.11838797
62.00000000,1823.00000000,0.11839371
62.00000000,1824.00000000,0.11839960
62.00000000,1825.00000000,0.11840553
62.00000000,1826.00000000,0.11841161
62.00000000,1827.00000000,0.11841783
62.00000000,1828.00000000,0.11843443
62.00000000,1829.00000000,0.11844095
62.00000000,1830.00000000,0.11844752
62.00000000,1831.00000000,0.11845428
62.00000000,1832.00000000,0.11846110
62.00000000,1833.00000000,0.11847149
62.00000000,1834.00000000,0.11847854
62.00000000,1835.00000000,0.11848575
62.00000000,1836.00000000,0.11849299
62.00000000,1837.00000000,0.11850040
62.00000000,1838.00000000,0.11850785
62.00000000,1839.00000000,0.11851539
62.00000000,1840.00000000,0.11852301
62.00000000,1841.00000000,0.11853070
62.00000000,1842.00000000,0.11853849
62.00000000,1843.00000000,0.11854982
62.00000000,1844.00000000,0.11855770
62.00000000,1845.00000000,0.11856566
62.00000000,1846.00000000,0.11857372
62.00000000,1847.00000000,0.11858176
62.00000000,1848.00000000,0.11858992
62.00000000,1849.00000000,0.11859807
62.00000000,1850.00000000,0.11860628
62.00000000,1851.00000000,0.11861447
62.00000000,1852.00000000,0.11862268
62.00000000,1853.00000000,0.11863482
62.00000000,1854.00000000,0.11864378
62.00000000,1855.00000000,0.11865270
62.00000000,1856.00000000,0.11866157
62.00000000,1857.00000000,0.11867031
62.00000000,1858.00000000,0.11867908
62.00000000,1859.00000000,0.11869125
62.00000000,1860.00000000,0.11869999
62.00000000,1861.00000000,0.11870865
62.00000000,1862.00000000,0.11872059
62.00000000,1863.00000000,0.11872832
62.00000000,1864.00000000,0.11874247
62.00000000,1865.00000000,0.11874579
62.00000000,1866.00000000,0.11875223
62.00000000,1867.00000000,0.11875835
62.00000000,1868.00000000,0.11876768
62.00000000,1869.00000000,0.11877327
62.00000000,1870.00000000,0.11877864
62.00000000,1871.00000000,0.11878381
62.00000000,1872.00000000,0.11878921
62.00000000,1873.00000000,0.11879895
62.00000000,1874.00000000,0.11880588
62.00000000,1875.00000000,0.11881307
62.00000000,1876.00000000,0.11882068
62.00000000,1877.00000000,0.11883195
62.00000000,1878.00000000,0.11884347
62.00000000,1879.00000000,0.11885521
62.00000000,1880.00000000,0.11886354
62.00000000,1881.00000000,0.11887188
62.00000000,1882.00000000,0.11888026
62.00000000,1883.00000000,0.11888802
62.00000000,1884.00000000,0.11889880
62.00000000,1885.00000000,0.11890923
62.00000000,1886.00000000,0.11891601
62.00000000,1887.00000000,0.11892627
62.00000000,1888.00000000,0.11893284
62.00000000,1889.00000000,0.11894259
62.00000000,1890.00000000,0.11894851
62.00000000,1891.00000000,0.11895406
62.00000000,1892.00000000,0.11897996
62.00000000,1893.00000000,0.11898163
62.00000000,1894.00000000,0.11898670
62.00000000,1895.00000000,0.11899549
62.00000000,1896.00000000,0.11900087
62.00000000,1897.00000000,0.11900968
62.00000000,1898.00000000,0.11902873
62.00000000,1899.00000000,0.11903377
62.00000000,1900.00000000,0.11904178
62.00000000,1901.00000000,0.11904949
62.00000000,1902.00000000,0.11906072
62.00000000,1903.00000000,0.11906859
62.00000000,1904.00000000,0.11907999
62.00000000,1905.00000000,0.11908814
62.00000000,1906.00000000,0.11909995
62.00000000,1907.00000000,0.11911880
62.00000000,1908.00000000,0.11912349
62.00000000,1909.00000000,0.11913846
62.00000000,1910.00000000,0.11914655
62.00000000,1911.00000000,0.11916129
62.00000000,1912.00000000,0.11917881
62.00000000,1913.00000000,0.11918141
62.00000000,1914.00000000,0.11919337
62.00000000,1915.00000000,0.11920148
62.00000000,1916.00000000,0.11923739
62.00000000,1917.00000000,0.11924590
62.00000000,1918.00000000,0.11926471
62.00000000,1919.00000000,0.11926985
62.00000000,1920.00000000,0.11927607
62.00000000,1921.00000000,0.11929715
62.00000000,1922.00000000,0.11933007
62.00000000,1923.00000000,0.11935025
62.00000000,1924.00000000,0.11936386
62.00000000,1925.00000000,0.11939448
62.00000000,1926.00000000,0.11942878
62.00000000,1927.00000000,0.11945976
62.00000000,1928.00000000,0.11947735
62.00000000,1929.00000000,0.11951293
62.00000000,1930.00000000,0.11953807
62.00000000,1931.00000000,0.11957171
62.00000000,1932.00000000,0.11960078
62.00000000,1933.00000000,0.11964535
62.00000000,1934.00000000,0.11971919
62.00000000,1935.00000000,0.11977277
62.00000000,1936.00000000,0.11975345
62.00000000,1937.00000000,0.11981593
62.00000000,1938.00000000,0.11983879
62.00000000,1939.00000000,0.11986060
62.00000000,1940.00000000,0.11987633
62.00000000,1941.00000000,0.11993402
62.00000000,1942.00000000,0.12003183
62.00000000,1943.00000000,0.12006324
62.00000000,1944.00000000,0.12011476
62.00000000,1945.00000000,0.12017667
62.00000000,1946.00000000,0.12019542
62.00000000,1947.00000000,0.12021324
62.00000000,1948.00000000,0.12023927
62.00000000,1949.00000000,0.12029999
62.00000000,1950.00000000,0.12042279
62.00000000,1951.00000000,0.12043495
62.00000000,1952.00000000,0.12054794
62.00000000,1953.00000000,0.12061593
62.00000000,1954.00000000,0.12063540
62.00000000,1955.00000000,0.12063435
62.00000000,1956.00000000,0.12069199
62.00000000,1957.00000000,0.12078354
62.00000000,1958.00000000,0.12083969
62.00000000,1959.00000000,0.12092271
62.00000000,1960.00000000,0.12101714
62.00000000,1961.00000000,0.12116806
62.00000000,1962.00000000,0.12126640
62.00000000,1963.00000000,0.12133271
62.00000000,1964.00000000,0.12138416
62.00000000,1965.00000000,0.12156128
62.00000000,1966.00000000,0.12158480
62.00000000,1967.00000000,0.12171684
62.00000000,1968.00000000,0.12186394
62.00000000,1969.00000000,0.12212150
62.00000000,1970.00000000,0.12199264
62.00000000,1971.00000000,0.12209640
62.00000000,1972.00000000,0.12219036
62.00000000,1973.00000000,0.12222041
62.00000000,1974.00000000,0.12233550
62.00000000,1975.00000000,0.12251981
62.00000000,1976.00000000,0.12216346
62.00000000,1977.00000000,0.12208584
62.00000000,1978.00000000,0.12226563
62.00000000,1979.00000000,0.12241417
62.00000000,1980.00000000,0.12231087
62.00000000,1981.00000000,0.12182693
62.00000000,1982.00000000,0.12222470
62.00000000,1983.00000000,0.12175478
62.00000000,1984.00000000,0.12187785
62.00000000,1985.00000000,0.12229073
62.00000000,1986.00000000,0.12225438
62.00000000,1987.00000000,0.12228504
62.00000000,1988.00000000,0.12230277
62.00000000,1989.00000000,0.12256347
62.00000000,1990.00000000,0.12256379
62.00000000,1991.00000000,0.12282725
62.00000000,1992.00000000,0.12250333
62.00000000,1993.00000000,0.12210903
62.00000000,1994.00000000,0.12178569
62.00000000,1995.00000000,0.12194017
62.00000000,1996.00000000,0.12221287
62.00000000,1997.00000000,0.12239765
62.00000000,1998.00000000,0.12275054
62.00000000,1999.00000000,0.12302271
62.00000000,2000.00000000,0.12279859
62.00000000,2001.00000000,0.12297537
62.00000000,2002.00000000,0.12334756
62.00000000,2003.00000000,0.12347581
62.00000000,2004.00000000,0.12351142
62.00000000,2005.00000000,0.12368404
62.00000000,2006.00000000,0.12365770
62.00000000,2007.00000000,0.12289417
62.00000000,2008.00000000,0.12315341
62.00000000,2009.00000000,0.12366917
62.00000000,2010.00000000,0.12392060
62.00000000,2011.00000000,0.12373823
62.00000000,2012.00000000,0.12444247
62.00000000,2013.00000000,0.12489639
62.00000000,2014.00000000,0.12497425
62.00000000,2015.00000000,0.12510743
62.00000000,2016.00000000,0.12516699
62.00000000,2017.00000000,0.12574686
62.00000000,2018.00000000,0.12617837
62.00000000,2019.00000000,0.12646185
62.00000000,2020.00000000,0.12663465
62.00000000,2021.00000000,0.12704885
62.00000000,2022.00000000,0.12740365
62.00000000,2023.00000000,0.12742653
62.00000000,2024.00000000,0.12774924
62.00000000,2025.00000000,0.12821308
62.00000000,2026.00000000,0.12871708
62.00000000,2027.00000000,0.12914325
62.00000000,2028.00000000,0.12964662
62.00000000,2029.00000000,0.12996842
62.00000000,2030.00000000,0.13052828
62.00000000,2031.00000000,0.13120514
62.00000000,2032.00000000,0.13209519
62.00000000,2033.00000000,0.13257840
62.00000000,2034.00000000,0.13310311
62.00000000,2035.00000000,0.13385281
62.00000000,2036.00000000,0.13384269
62.00000000,2037.00000000,0.13370457
62.00000000,2038.00000000,0.13455422
62.00000000,2039.00000000,0.13499531
62.00000000,2040.00000000,0.13520175
62.00000000,2041.00000000,0.13608956
62.00000000,2042.00000000,0.13585669
62.00000000,2043.00000000,0.13526133
62.00000000,2044.00000000,0.13507177
62.00000000,2045.00000000,0.13496048
62.00000000,2046.00000000,0.13549784
62.00000000,2047.00000000,0.13594685
62.00000000,2048.00000000,0.13643304
62.00000000,2049.00000000,0.13684085
62.00000000,2050.00000000,0.13746964
62.00000000,2051.00000000,0.13781309
62.00000000,2052.00000000,0.13792481
62.00000000,2053.00000000,0.13815229
62.00000000,2054.00000000,0.13769821
62.00000000,2055.00000000,0.13764558
62.00000000,2056.00000000,0.13795741
62.00000000,2057.00000000,0.13830753
62.00000000,2058.00000000,0.13868255
62.00000000,2059.00000000,0.13896276
62.00000000,2060.00000000,0.13878864
62.00000000,2061.00000000,0.13865486
62.00000000,2062.00000000,0.13912185
62.00000000,2063.00000000,0.13957491
62.00000000,2064.00000000,0.13968392
62.00000000,2065.00000000,0.14071216
62.00000000,2066.00000000,0.14190065
62.00000000,2067.00000000,0.14281231
62.00000000,2068.00000000,0.14337793
62.00000000,2069.00000000,0.14394805
62.00000000,2070.00000000,0.14452214
62.00000000,2071.00000000,0.14509999
62.00000000,2072.00000000,0.14568181
62.00000000,2073.00000000,0.14649269
62.00000000,2074.00000000,0.14730869
62.00000000,2075.00000000,0.14813014
62.00000000,2076.00000000,0.14895710
62.00000000,2077.00000000,0.14978920
62.00000000,2078.00000000,0.15062653
62.00000000,2079.00000000,0.15146885
62.00000000,2080.00000000,0.15231559
62.00000000,2081.00000000,0.15316710
62.00000000,2082.00000000,0.15402336
62.00000000,2083.00000000,0.15478619
62.00000000,2084.00000000,0.15555452
62.00000000,2085.00000000,0.15632785
62.00000000,2086.00000000,0.15710651
62.00000000,2087.00000000,0.15789024
62.00000000,2088.00000000,0.15867861
62.00000000,2089.00000000,0.15947188
62.00000000,2090.00000000,0.16026971
62.00000000,2091.00000000,0.16107189
62.00000000,2092.00000000,0.16187918
62.00000000,2093.00000000,0.16289509
62.00000000,2094.00000000,0.16391614
62.00000000,2095.00000000,0.16494273
62.00000000,2096.00000000,0.16597442
62.00000000,2097.00000000,0.16701095
62.00000000,2098.00000000,0.16805243
62.00000000,2099.00000000,0.16909816
62.00000000,2100.00000000,0.17014836
62.00000000,2101.00000000,0.17120273
62.00000000,2102.00000000,0.17226132
62.00000000,2103.00000000,0.17347255
62.00000000,2104.00000000,0.17468846
62.00000000,2105.00000000,0.17590873
62.00000000,2106.00000000,0.17713355
62.00000000,2107.00000000,0.17836245
62.00000000,2108.00000000,0.17959495
62.00000000,2109.00000000,0.18083110
62.00000000,2110.00000000,0.18207031
62.00000000,2111.00000000,0.18331249
62.00000000,2112.00000000,0.18455721
62.00000000,2113.00000000,0.18579569
62.00000000,2114.00000000,0.18703619
62.00000000,2115.00000000,0.18827832
62.00000000,2116.00000000,0.18952162
62.00000000,2117.00000000,0.19076601
62.00000000,2118.00000000,0.19201112
62.00000000,2119.00000000,0.19325644
62.00000000,2120.00000000,0.19450197
62.00000000,2121.00000000,0.19574728
62.00000000,2122.00000000,0.19699186
62.00000000,2123.00000000,0.19791327
62.00000000,2124.00000000,0.19883345
62.00000000,2125.00000000,0.19975218
62.00000000,2126.00000000,0.20066931
62.00000000,2127.00000000,0.20158475
62.00000000,2128.00000000,0.20249839
62.00000000,2129.00000000,0.20341001
62.00000000,2130.00000000,0.20431933
62.00000000,2131.00000000,0.20522641
62.00000000,2132.00000000,0.20613090
62.00000000,2133.00000000,0.20674224
62.00000000,2134.00000000,0.20735082
62.00000000,2135.00000000,0.20795621
62.00000000,2136.00000000,0.20855873
62.00000000,2137.00000000,0.20915812
62.00000000,2138.00000000,0.20975428
62.00000000,2139.00000000,0.21034734
62.00000000,2140.00000000,0.21093714
62.00000000,2141.00000000,0.21152358
62.00000000,2142.00000000,0.21210656
62.00000000,2143.00000000,0.21252444
62.00000000,2144.00000000,0.21293877
62.00000000,2145.00000000,0.21334962
62.00000000,2146.00000000,0.21375682
62.00000000,2147.00000000,0.21416063
62.00000000,2148.00000000,0.21456091
62.00000000,2149.00000000,0.21495755
62.00000000,2150.00000000,0.21535075
62.00000000,2151.00000000,0.21574156
62.00000000,2152.00000000,0.21613313
62.00000000,2153.00000000,0.21636270
62.00000000,2154.00000000,0.21659784
62.00000000,2155.00000000,0.21683927
62.00000000,2156.00000000,0.21708719
62.00000000,2157.00000000,0.21734157
62.00000000,2158.00000000,0.21760217
62.00000000,2159.00000000,0.21786891
62.00000000,2160.00000000,0.21814125
62.00000000,2161.00000000,0.21841917
62.00000000,2162.00000000,0.21870216
62.00000000,2163.00000000,0.21886288
62.00000000,2164.00000000,0.21902796
62.00000000,2165.00000000,0.21919725
62.00000000,2166.00000000,0.21937066
62.00000000,2167.00000000,0.21954783
62.00000000,2168.00000000,0.21972858
62.00000000,2169.00000000,0.21991258
62.00000000,2170.00000000,0.22009991
62.00000000,2171.00000000,0.22029021
62.00000000,2172.00000000,0.22048337
62.00000000,2173.00000000,0.22067910
62.00000000,2174.00000000,0.22087743
62.00000000,2175.00000000,0.22107810
62.00000000,2176.00000000,0.22128099
62.00000000,2177.00000000,0.22148584
62.00000000,2178.00000000,0.22169280
62.00000000,2179.00000000,0.22190157
62.00000000,2180.00000000,0.22211204
62.00000000,2181.00000000,0.22232411
62.00000000,2182.00000000,0.22253770
62.00000000,2183.00000000,0.22275261
62.00000000,2184.00000000,0.22296888
62.00000000,2185.00000000,0.22318623
62.00000000,2186.00000000,0.22340482
62.00000000,2187.00000000,0.22362443
62.00000000,2188.00000000,0.22384494
62.00000000,2189.00000000,0.22406634
62.00000000,2190.00000000,0.22428851
62.00000000,2191.00000000,0.22451127
62.00000000,2192.00000000,0.22473478
62.00000000,2193.00000000,0.22495883
62.00000000,2194.00000000,0.22518336
62.00000000,2195.00000000,0.22540831
62.00000000,2196.00000000,0.22563352
62.00000000,2197.00000000,0.22585910
62.00000000,2198.00000000,0.22608490
62.00000000,2199.00000000,0.22631084
62.00000000,2200.00000000,0.22653691
62.00000000,2201.00000000,0.22676302
62.00000000,2202.00000000,0.22698900
62.00000000,2203.00000000,0.22721499
62.00000000,2204.00000000,0.22744090
62.00000000,2205.00000000,0.22766651
62.00000000,2206.00000000,0.22789196
62.00000000,2207.00000000,0.22811700
62.00000000,2208.00000000,0.22834182
62.00000000,2209.00000000,0.22856614
62.00000000,2210.00000000,0.22878991
62.00000000,2211.00000000,0.22901311
62.00000000,2212.00000000,0.22923555
62.00000000,2213.00000000,0.22857717
62.00000000,2214.00000000,0.22791660
62.00000000,2215.00000000,0.22725390
62.00000000,2216.00000000,0.22658908
62.00000000,2217.00000000,0.22592239
62.00000000,2218.00000000,0.22525378
62.00000000,2219.00000000,0.22458331
62.00000000,2220.00000000,0.22391114
62.00000000,2221.00000000,0.22323728
62.00000000,2222.00000000,0.22256185
62.00000000,2223.00000000,0.22188487
62.00000000,2224.00000000,0.22120639
62.00000000,2225.00000000,0.22052656
62.00000000,2226.00000000,0.21984534
62.00000000,2227.00000000,0.21916276
62.00000000,2228.00000000,0.21847899
62.00000000,2229.00000000,0.21779405
62.00000000,2230.00000000,0.21710780
62.00000000,2231.00000000,0.21642058
62.00000000,2232.00000000,0.21573226
62.00000000,2233.00000000,0.21504286
62.00000000,2234.00000000,0.21435250
62.00000000,2235.00000000,0.21366116
62.00000000,2236.00000000,0.21296896
62.00000000,2237.00000000,0.21227584
62.00000000,2238.00000000,0.21158182
62.00000000,2239.00000000,0.21088711
62.00000000,2240.00000000,0.21019151
62.00000000,2241.00000000,0.20949512
62.00000000,2242.00000000,0.20879809
62.00000000,2243.00000000,0.20810028
62.00000000,2244.00000000,0.20740173
62.00000000,2245.00000000,0.20670261
62.00000000,2246.00000000,0.20600274
62.00000000,2247.00000000,0.20530229
62.00000000,2248.00000000,0.20460127
62.00000000,2249.00000000,0.20389933
62.00000000,2250.00000000,0.20319527
62.00000000,2251.00000000,0.20248653
62.00000000,2252.00000000,0.20177068
62.00000000,2253.00000000,0.20104659
62.00000000,2254.00000000,0.20031378
62.00000000,2255.00000000,0.19957212
62.00000000,2256.00000000,0.19882182
62.00000000,2257.00000000,0.19806294
62.00000000,2258.00000000,0.19729575
62.00000000,2259.00000000,0.19652048
62.00000000,2260.00000000,0.19573733
62.00000000,2261.00000000,0.19494674
62.00000000,2262.00000000,0.19414912
62.00000000,2263.00000000,0.19334478
62.00000000,2264.00000000,0.19253418
62.00000000,2265.00000000,0.19171752
62.00000000,2266.00000000,0.19089505
62.00000000,2267.00000000,0.19006705
62.00000000,2268.00000000,0.18923374
62.00000000,2269.00000000,0.18839527
62.00000000,2270.00000000,0.18755194
62.00000000,2271.00000000,0.18670388
62.00000000,2272.00000000,0.18585133
62.00000000,2273.00000000,0.18499448
62.00000000,2274.00000000,0.18413344
62.00000000,2275.00000000,0.18326849
62.00000000,2276.00000000,0.18239973
62.00000000,2277.00000000,0.18152732
62.00000000,2278.00000000,0.18065149
62.00000000,2279.00000000,0.17977237
62.00000000,2280.00000000,0.17889006
62.00000000,2281.00000000,0.17800478
62.00000000,2282.00000000,0.17711660
62.00000000,2283.00000000,0.17622574
62.00000000,2284.00000000,0.17533227
62.00000000,2285.00000000,0.17443631
62.00000000,2286.00000000,0.17353802
62.00000000,2287.00000000,0.17263752
62.00000000,2288.00000000,0.17173486
62.00000000,2289.00000000,0.17083026
62.00000000,2290.00000000,0.16992375
62.00000000,2291.00000000,0.16901544
62.00000000,2292.00000000,0.16810546
62.00000000,2293.00000000,0.16719389
62.00000000,2294.00000000,0.16628087
62.00000000,2295.00000000,0.16536644
62.00000000,2296.00000000,0.16445070
62.00000000,2297.00000000,0.16353375
62.00000000,2298.00000000,0.16261570
62.00000000,2299.00000000,0.16169656
62.00000000,2300.00000000,0.16077651
62.00000000,2301.00000000,0.15985557
62.00000000,2302.00000000,0.15893377
62.00000000,2303.00000000,0.15801125
62.00000000,2304.00000000,0.15708805
62.00000000,2305.00000000,0.15616418
62.00000000,2306.00000000,0.15523982
62.00000000,2307.00000000,0.15431495
62.00000000,2308.00000000,0.15338971
62.00000000,2309.00000000,0.15246420
62.00000000,2310.00000000,0.15153846
62.00000000,2311.00000000,0.15080979
62.00000000,2312.00000000,0.15066162
62.00000000,2313.00000000,0.15067225
62.00000000,2314.00000000,0.15068315
62.00000000,2315.00000000,0.15069429
62.00000000,2316.00000000,0.15070564
62.00000000,2317.00000000,0.15071726
62.00000000,2318.00000000,0.15075392
62.00000000,2319.00000000,0.15079085
62.00000000,2320.00000000,0.15082800
62.00000000,2321.00000000,0.15086532
62.00000000,2322.00000000,0.15090285
62.00000000,2323.00000000,0.15089139
62.00000000,2324.00000000,0.15088004
62.00000000,2325.00000000,0.15086891
62.00000000,2326.00000000,0.15085793
62.00000000,2327.00000000,0.15084707
62.00000000,2328.00000000,0.15083639
62.00000000,2329.00000000,0.15082587
62.00000000,2330.00000000,0.15081543
62.00000000,2331.00000000,0.15080519
62.00000000,2332.00000000,0.15079505
62.00000000,2333.00000000,0.15078508
62.00000000,2334.00000000,0.15077524
62.00000000,2335.00000000,0.15076549
62.00000000,2336.00000000,0.15075590
62.00000000,2337.00000000,0.15074643
62.00000000,2338.00000000,0.15073490
62.00000000,2339.00000000,0.15072356
62.00000000,2340.00000000,0.15071232
62.00000000,2341.00000000,0.15070112
62.00000000,2342.00000000,0.15069011
62.00000000,2343.00000000,0.15067913
62.00000000,2344.00000000,0.15066831
62.00000000,2345.00000000,0.15065760
62.00000000,2346.00000000,0.15064694
62.00000000,2347.00000000,0.15063642
62.00000000,2348.00000000,0.15062599
62.00000000,2349.00000000,0.15061562
62.00000000,2350.00000000,0.15060537
62.00000000,2351.00000000,0.15059522
62.00000000,2352.00000000,0.15058511
62.00000000,2353.00000000,0.15057514
62.00000000,2354.00000000,0.15056522
62.00000000,2355.00000000,0.15055542
62.00000000,2356.00000000,0.15054574
62.00000000,2357.00000000,0.15053608
62.00000000,2358.00000000,0.15052655
62.00000000,2359.00000000,0.15051710
62.00000000,2360.00000000,0.15050770
62.00000000,2361.00000000,0.15049843
62.00000000,2362.00000000,0.15048923
62.00000000,2363.00000000,0.15048480
62.00000000,2364.00000000,0.15048050
62.00000000,2365.00000000,0.15047626
62.00000000,2366.00000000,0.15047206
62.00000000,2367.00000000,0.15046798
62.00000000,2368.00000000,0.15046392
62.00000000,2369.00000000,0.15045996
62.00000000,2370.00000000,0.15045608
62.00000000,2371.00000000,0.15045222
62.00000000,2372.00000000,0.15044846
62.00000000,2373.00000000,0.15044477
62.00000000,2374.00000000,0.15044108
62.00000000,2375.00000000,0.15043751
62.00000000,2376.00000000,0.15043400
62.00000000,2377.00000000,0.15043049
62.00000000,2378.00000000,0.15042708
62.00000000,2379.00000000,0.15042367
62.00000000,2380.00000000,0.15042036
62.00000000,2381.00000000,0.15041710
62.00000000,2382.00000000,0.15041385
62.00000000,2383.00000000,0.15041068
62.00000000,2384.00000000,0.15040757
62.00000000,2385.00000000,0.15040446
62.00000000,2386.00000000,0.15040143
62.00000000,2387.00000000,0.15039844
62.00000000,2388.00000000,0.15039545
62.00000000,2389.00000000,0.15039254
62.00000000,2390.00000000,0.15038967
62.00000000,2391.00000000,0.15038679
62.00000000,2392.00000000,0.15038399
62.00000000,2393.00000000,0.15038120
62.00000000,2394.00000000,0.15037847
62.00000000,2395.00000000,0.15037578
62.00000000,2396.00000000,0.15037308
62.00000000,2397.00000000,0.15037045
62.00000000,2398.00000000,0.15036785
62.00000000,2399.00000000,0.15036524
62.00000000,2400.00000000,0.15036270
62.00000000,2401.00000000,0.15036019
62.00000000,2402.00000000,0.15035767
62.00000000,2403.00000000,0.15035524
62.00000000,2404.00000000,0.15035277
62.00000000,2405.00000000,0.15035041
62.00000000,2406.00000000,0.15034807
62.00000000,2407.00000000,0.15034571
62.00000000,2408.00000000,0.15034345
62.00000000,2409.00000000,0.15034120
62.00000000,2410.00000000,0.15033894
62.00000000,2411.00000000,0.15033676
62.00000000,2412.00000000,0.15033461
62.00000000,2413.00000000,0.15033108
62.00000000,2414.00000000,0.15032762
62.00000000,2415.00000000,0.15032419
62.00000000,2416.00000000,0.15032074
62.00000000,2417.00000000,0.15031736
62.00000000,2418.00000000,0.15031395
62.00000000,2419.00000000,0.15031061
62.00000000,2420.00000000,0.15030732
62.00000000,2421.00000000,0.15030397
62.00000000,2422.00000000,0.15030069
62.00000000,2423.00000000,0.15029744
62.00000000,2424.00000000,0.15029416
62.00000000,2425.00000000,0.15029094
62.00000000,2426.00000000,0.15028774
62.00000000,2427.00000000,0.15028451
62.00000000,2428.00000000,0.15028134
62.00000000,2429.00000000,0.15027814
62.00000000,2430.00000000,0.15027500
62.00000000,2431.00000000,0.15027189
62.00000000,2432.00000000,0.15026873
62.00000000,2433.00000000,0.15026565
62.00000000,2434.00000000,0.15026256
62.00000000,2435.00000000,0.15025944
62.00000000,2436.00000000,0.15025639
62.00000000,2437.00000000,0.15025335
62.00000000,2438.00000000,0.15025026
62.00000000,2439.00000000,0.15024725
62.00000000,2440.00000000,0.15024418
62.00000000,2441.00000000,0.15024118
62.00000000,2442.00000000,0.15023819
62.00000000,2443.00000000,0.15023515
62.00000000,2444.00000000,0.15023218
62.00000000,2445.00000000,0.15022923
62.00000000,2446.00000000,0.15022621
62.00000000,2447.00000000,0.15022326
62.00000000,2448.00000000,0.15022032
62.00000000,2449.00000000,0.15021732
62.00000000,2450.00000000,0.15021440
62.00000000,2451.00000000,0.15021148
62.00000000,2452.00000000,0.15020849
62.00000000,2453.00000000,0.15020557
62.00000000,2454.00000000,0.15020259
62.00000000,2455.00000000,0.15019966
62.00000000,2456.00000000,0.15019675
62.00000000,2457.00000000,0.15019375
62.00000000,2458.00000000,0.15019082
62.00000000,2459.00000000,0.15018789
62.00000000,2460.00000000,0.15018488
62.00000000,2461.00000000,0.15018194
62.00000000,2462.00000000,0.15017900
62.00000000,2463.00000000,0.15017455
62.00000000,2464.00000000,0.15017017
62.00000000,2465.00000000,0.15016570
62.00000000,2466.00000000,0.15016132
62.00000000,2467.00000000,0.15015691
62.00000000,2468.00000000,0.15015244
62.00000000,2469.00000000,0.15014804
62.00000000,2470.00000000,0.15014363
62.00000000,2471.00000000,0.15013914
62.00000000,2472.00000000,0.15013471
62.00000000,2473.00000000,0.15013030
62.00000000,2474.00000000,0.15012578
62.00000000,2475.00000000,0.15012135
62.00000000,2476.00000000,0.15011691
62.00000000,2477.00000000,0.15011239
62.00000000,2478.00000000,0.15010795
62.00000000,2479.00000000,0.15010341
62.00000000,2480.00000000,0.15009896
62.00000000,2481.00000000,0.15009450
62.00000000,2482.00000000,0.15008997
62.00000000,2483.00000000,0.15008549
62.00000000,2484.00000000,0.15008103
62.00000000,2485.00000000,0.15007646
62.00000000,2486.00000000,0.15007199
62.00000000,2487.00000000,0.15006750
62.00000000,2488.00000000,0.15006292
62.00000000,2489.00000000,0.15005843
62.00000000,2490.00000000,0.15005385
62.00000000,2491.00000000,0.15004935
62.00000000,2492.00000000,0.15004485
62.00000000,2493.00000000,0.15004025
62.00000000,2494.00000000,0.15003575
62.00000000,2495.00000000,0.15003123
62.00000000,2496.00000000,0.15002661
62.00000000,2497.00000000,0.15002209
62.00000000,2498.00000000,0.15001757
62.00000000,2499.00000000,0.15001294
62.00000000,2500.00000000,0.15000842
63.00000000,1765.00000000,0.11655934
63.00000000,1766.00000000,0.11655925
63.00000000,1767.00000000,0.11655954
63.00000000,1768.00000000,0.11655950
63.00000000,1769.00000000,0.11655981
63.00000000,1770.00000000,0.11656037
63.00000000,1771.00000000,0.11656103
63.00000000,1772.00000000,0.11656157
63.00000000,1773.00000000,0.11656262
63.00000000,1774.00000000,0.11656367
63.00000000,1775.00000000,0.11656496
63.00000000,1776.00000000,0.11656647
63.00000000,1777.00000000,0.11656799
63.00000000,1778.00000000,0.11656974
63.00000000,1779.00000000,0.11657164
63.00000000,1780.00000000,0.11657375
63.00000000,1781.00000000,0.11657588
63.00000000,1782.00000000,0.11657821
63.00000000,1783.00000000,0.11658075
63.00000000,1784.00000000,0.11658337
63.00000000,1785.00000000,0.11658612
63.00000000,1786.00000000,0.11658893
63.00000000,1787.00000000,0.11659189
63.00000000,1788.00000000,0.11659494
63.00000000,1789.00000000,0.11659815
63.00000000,1790.00000000,0.11660141
63.00000000,1791.00000000,0.11660485
63.00000000,1792.00000000,0.11660828
63.00000000,1793.00000000,0.11661189
63.00000000,1794.00000000,0.11661553
63.00000000,1795.00000000,0.11661926
63.00000000,1796.00000000,0.11662310
63.00000000,1797.00000000,0.11662695
63.00000000,1798.00000000,0.11663095
63.00000000,1799.00000000,0.11663507
63.00000000,1800.00000000,0.11663909
63.00000000,1801.00000000,0.11664332
63.00000000,1802.00000000,0.11664762
63.00000000,1803.00000000,0.11665187
63.00000000,1804.00000000,0.11665626
63.00000000,1805.00000000,0.11666063
63.00000000,1806.00000000,0.11666517
63.00000000,1807.00000000,0.11666971
63.00000000,1808.00000000,0.11667430
63.00000000,1809.00000000,0.11667898
63.00000000,1810.00000000,0.11668372
63.00000000,1811.00000000,0.11668855
63.00000000,1812.00000000,0.11669342
63.00000000,1813.00000000,0.11669835
63.00000000,1814.00000000,0.11670334
63.00000000,1815.00000000,0.11670848
63.00000000,1816.00000000,0.11671362
63.00000000,1817.00000000,0.11671883
63.00000000,1818.00000000,0.11672409
63.00000000,1819.00000000,0.11672942
63.00000000,1820.00000000,0.11673483
63.00000000,1821.00000000,0.11674034
63.00000000,1822.00000000,0.11674593
63.00000000,1823.00000000,0.11675159
63.00000000,1824.00000000,0.11675740
63.00000000,1825.00000000,0.11676328
63.00000000,1826.00000000,0.11676924
63.00000000,1827.00000000,0.11677539
63.00000000,1828.00000000,0.11678160
63.00000000,1829.00000000,0.11679816
63.00000000,1830.00000000,0.11680466
63.00000000,1831.00000000,0.11681127
63.00000000,1832.00000000,0.11681798
63.00000000,1833.00000000,0.11682486
63.00000000,1834.00000000,0.11683518
63.00000000,1835.00000000,0.11684230
63.00000000,1836.00000000,0.11684948
63.00000000,1837.00000000,0.11685677
63.00000000,1838.00000000,0.11686413
63.00000000,1839.00000000,0.11687158
63.00000000,1840.00000000,0.11687913
63.00000000,1841.00000000,0.11688675
63.00000000,1842.00000000,0.11689444
63.00000000,1843.00000000,0.11690224
63.00000000,1844.00000000,0.11691353
63.00000000,1845.00000000,0.11692141
63.00000000,1846.00000000,0.11692940
63.00000000,1847.00000000,0.11693741
63.00000000,1848.00000000,0.11694548
63.00000000,1849.00000000,0.11695359
63.00000000,1850.00000000,0.11696177
63.00000000,1851.00000000,0.11696988
63.00000000,1852.00000000,0.11697808
63.00000000,1853.00000000,0.11698670
63.00000000,1854.00000000,0.11699904
63.00000000,1855.00000000,0.11700792
63.00000000,1856.00000000,0.11701675
63.00000000,1857.00000000,0.11702548
63.00000000,1858.00000000,0.11703420
63.00000000,1859.00000000,0.11704289
63.00000000,1860.00000000,0.11705503
63.00000000,1861.00000000,0.11706366
63.00000000,1862.00000000,0.11707216
63.00000000,1863.00000000,0.11708326
63.00000000,1864.00000000,0.11709047
63.00000000,1865.00000000,0.11710403
63.00000000,1866.00000000,0.11710709
63.00000000,1867.00000000,0.11711314
63.00000000,1868.00000000,0.11711903
63.00000000,1869.00000000,0.11712801
63.00000000,1870.00000000,0.11713337
63.00000000,1871.00000000,0.11713848
63.00000000,1872.00000000,0.11714394
63.00000000,1873.00000000,0.11715016
63.00000000,1874.00000000,0.11716049
63.00000000,1875.00000000,0.11716777
63.00000000,1876.00000000,0.11717533
63.00000000,1877.00000000,0.11718315
63.00000000,1878.00000000,0.11719464
63.00000000,1879.00000000,0.11720629
63.00000000,1880.00000000,0.11721811
63.00000000,1881.00000000,0.11722648
63.00000000,1882.00000000,0.11723484
63.00000000,1883.00000000,0.11724266
63.00000000,1884.00000000,0.11724999
63.00000000,1885.00000000,0.11726047
63.00000000,1886.00000000,0.11727073
63.00000000,1887.00000000,0.11727748
63.00000000,1888.00000000,0.11728751
63.00000000,1889.00000000,0.11729385
63.00000000,1890.00000000,0.11730319
63.00000000,1891.00000000,0.11730880
63.00000000,1892.00000000,0.11731397
63.00000000,1893.00000000,0.11733962
63.00000000,1894.00000000,0.11734135
63.00000000,1895.00000000,0.11734669
63.00000000,1896.00000000,0.11735552
63.00000000,1897.00000000,0.11736093
63.00000000,1898.00000000,0.11736958
63.00000000,1899.00000000,0.11738832
63.00000000,1900.00000000,0.11739295
63.00000000,1901.00000000,0.11740064
63.00000000,1902.00000000,0.11740846
63.00000000,1903.00000000,0.11741976
63.00000000,1904.00000000,0.11742771
63.00000000,1905.00000000,0.11743933
63.00000000,1906.00000000,0.11744775
63.00000000,1907.00000000,0.11745966
63.00000000,1908.00000000,0.11747820
63.00000000,1909.00000000,0.11748285
63.00000000,1910.00000000,0.11749785
63.00000000,1911.00000000,0.11750580
63.00000000,1912.00000000,0.11751985
63.00000000,1913.00000000,0.11753623
63.00000000,1914.00000000,0.11753792
63.00000000,1915.00000000,0.11754949
63.00000000,1916.00000000,0.11755797
63.00000000,1917.00000000,0.11759379
63.00000000,1918.00000000,0.11760233
63.00000000,1919.00000000,0.11762126
63.00000000,1920.00000000,0.11762754
63.00000000,1921.00000000,0.11763485
63.00000000,1922.00000000,0.11765738
63.00000000,1923.00000000,0.11769114
63.00000000,1924.00000000,0.11771157
63.00000000,1925.00000000,0.11772497
63.00000000,1926.00000000,0.11775540
63.00000000,1927.00000000,0.11778946
63.00000000,1928.00000000,0.11782041
63.00000000,1929.00000000,0.11783778
63.00000000,1930.00000000,0.11787338
63.00000000,1931.00000000,0.11789971
63.00000000,1932.00000000,0.11793509
63.00000000,1933.00000000,0.11796533
63.00000000,1934.00000000,0.11801080
63.00000000,1935.00000000,0.11808419
63.00000000,1936.00000000,0.11813685
63.00000000,1937.00000000,0.11811663
63.00000000,1938.00000000,0.11817691
63.00000000,1939.00000000,0.11819844
63.00000000,1940.00000000,0.11821932
63.00000000,1941.00000000,0.11823367
63.00000000,1942.00000000,0.11828941
63.00000000,1943.00000000,0.11838541
63.00000000,1944.00000000,0.11841590
63.00000000,1945.00000000,0.11846701
63.00000000,1946.00000000,0.11852992
63.00000000,1947.00000000,0.11855100
63.00000000,1948.00000000,0.11856983
63.00000000,1949.00000000,0.11859570
63.00000000,1950.00000000,0.11865563
63.00000000,1951.00000000,0.11877694
63.00000000,1952.00000000,0.11878958
63.00000000,1953.00000000,0.11890135
63.00000000,1954.00000000,0.11896837
63.00000000,1955.00000000,0.11898797
63.00000000,1956.00000000,0.11898687
63.00000000,1957.00000000,0.11904338
63.00000000,1958.00000000,0.11913326
63.00000000,1959.00000000,0.11918809
63.00000000,1960.00000000,0.11926792
63.00000000,1961.00000000,0.11935937
63.00000000,1962.00000000,0.11950787
63.00000000,1963.00000000,0.11960441
63.00000000,1964.00000000,0.11966896
63.00000000,1965.00000000,0.11971833
63.00000000,1966.00000000,0.11989203
63.00000000,1967.00000000,0.11991377
63.00000000,1968.00000000,0.12004273
63.00000000,1969.00000000,0.12018572
63.00000000,1970.00000000,0.12043762
63.00000000,1971.00000000,0.12030592
63.00000000,1972.00000000,0.12040337
63.00000000,1973.00000000,0.12049185
63.00000000,1974.00000000,0.12051807
63.00000000,1975.00000000,0.12063011
63.00000000,1976.00000000,0.12081254
63.00000000,1977.00000000,0.12046086
63.00000000,1978.00000000,0.12038438
63.00000000,1979.00000000,0.12056242
63.00000000,1980.00000000,0.12070899
63.00000000,1981.00000000,0.12060747
63.00000000,1982.00000000,0.12013251
63.00000000,1983.00000000,0.12053302
63.00000000,1984.00000000,0.12007493
63.00000000,1985.00000000,0.12020213
63.00000000,1986.00000000,0.12061413
63.00000000,1987.00000000,0.12058016
63.00000000,1988.00000000,0.12061152
63.00000000,1989.00000000,0.12062935
63.00000000,1990.00000000,0.12088728
63.00000000,1991.00000000,0.12088798
63.00000000,1992.00000000,0.12115033
63.00000000,1993.00000000,0.12083174
63.00000000,1994.00000000,0.12044461
63.00000000,1995.00000000,0.12012718
63.00000000,1996.00000000,0.12028149
63.00000000,1997.00000000,0.12055178
63.00000000,1998.00000000,0.12073473
63.00000000,1999.00000000,0.12108490
63.00000000,2000.00000000,0.12135570
63.00000000,2001.00000000,0.12113480
63.00000000,2002.00000000,0.12131000
63.00000000,2003.00000000,0.12167918
63.00000000,2004.00000000,0.12180500
63.00000000,2005.00000000,0.12183668
63.00000000,2006.00000000,0.12200212
63.00000000,2007.00000000,0.12197068
63.00000000,2008.00000000,0.12121066
63.00000000,2009.00000000,0.12146300
63.00000000,2010.00000000,0.12196965
63.00000000,2011.00000000,0.12221511
63.00000000,2012.00000000,0.12203159
63.00000000,2013.00000000,0.12272486
63.00000000,2014.00000000,0.12317035
63.00000000,2015.00000000,0.12324400
63.00000000,2016.00000000,0.12337235
63.00000000,2017.00000000,0.12342815
63.00000000,2018.00000000,0.12399860
63.00000000,2019.00000000,0.12442256
63.00000000,2020.00000000,0.12470033
63.00000000,2021.00000000,0.12486891
63.00000000,2022.00000000,0.12527658
63.00000000,2023.00000000,0.12562589
63.00000000,2024.00000000,0.12564744
63.00000000,2025.00000000,0.12596567
63.00000000,2026.00000000,0.12642376
63.00000000,2027.00000000,0.12692171
63.00000000,2028.00000000,0.12734282
63.00000000,2029.00000000,0.12784044
63.00000000,2030.00000000,0.12815854
63.00000000,2031.00000000,0.12871214
63.00000000,2032.00000000,0.12938105
63.00000000,2033.00000000,0.13026028
63.00000000,2034.00000000,0.13073700
63.00000000,2035.00000000,0.13125456
63.00000000,2036.00000000,0.13199446
63.00000000,2037.00000000,0.13198322
63.00000000,2038.00000000,0.13184559
63.00000000,2039.00000000,0.13268433
63.00000000,2040.00000000,0.13311937
63.00000000,2041.00000000,0.13332248
63.00000000,2042.00000000,0.13419871
63.00000000,2043.00000000,0.13396701
63.00000000,2044.00000000,0.13337682
63.00000000,2045.00000000,0.13318768
63.00000000,2046.00000000,0.13307593
63.00000000,2047.00000000,0.13360520
63.00000000,2048.00000000,0.13404735
63.00000000,2049.00000000,0.13452624
63.00000000,2050.00000000,0.13492788
63.00000000,2051.00000000,0.13554793
63.00000000,2052.00000000,0.13588616
63.00000000,2053.00000000,0.13599563
63.00000000,2054.00000000,0.13621952
63.00000000,2055.00000000,0.13577017
63.00000000,2056.00000000,0.13571755
63.00000000,2057.00000000,0.13602515
63.00000000,2058.00000000,0.13637065
63.00000000,2059.00000000,0.13674081
63.00000000,2060.00000000,0.13701739
63.00000000,2061.00000000,0.13684538
63.00000000,2062.00000000,0.13671415
63.00000000,2063.00000000,0.13717743
63.00000000,2064.00000000,0.13762762
63.00000000,2065.00000000,0.13773832
63.00000000,2066.00000000,0.13875738
63.00000000,2067.00000000,0.13993484
63.00000000,2068.00000000,0.14083882
63.00000000,2069.00000000,0.14140085
63.00000000,2070.00000000,0.14196725
63.00000000,2071.00000000,0.14253768
63.00000000,2072.00000000,0.14311244
63.00000000,2073.00000000,0.14369191
63.00000000,2074.00000000,0.14449809
63.00000000,2075.00000000,0.14530956
63.00000000,2076.00000000,0.14612642
63.00000000,2077.00000000,0.14694863
63.00000000,2078.00000000,0.14777580
63.00000000,2079.00000000,0.14860792
63.00000000,2080.00000000,0.14944476
63.00000000,2081.00000000,0.15028593
63.00000000,2082.00000000,0.15113199
63.00000000,2083.00000000,0.15198306
63.00000000,2084.00000000,0.15274189
63.00000000,2085.00000000,0.15350611
63.00000000,2086.00000000,0.15427520
63.00000000,2087.00000000,0.15504931
63.00000000,2088.00000000,0.15582827
63.00000000,2089.00000000,0.15661163
63.00000000,2090.00000000,0.15739957
63.00000000,2091.00000000,0.15819198
63.00000000,2092.00000000,0.15898897
63.00000000,2093.00000000,0.15979136
63.00000000,2094.00000000,0.16080009
63.00000000,2095.00000000,0.16181388
63.00000000,2096.00000000,0.16283307
63.00000000,2097.00000000,0.16385721
63.00000000,2098.00000000,0.16488590
63.00000000,2099.00000000,0.16591933
63.00000000,2100.00000000,0.16695683
63.00000000,2101.00000000,0.16799865
63.00000000,2102.00000000,0.16904494
63.00000000,2103.00000000,0.17009576
63.00000000,2104.00000000,0.17129753
63.00000000,2105.00000000,0.17250395
63.00000000,2106.00000000,0.17371464
63.00000000,2107.00000000,0.17492969
63.00000000,2108.00000000,0.17614865
63.00000000,2109.00000000,0.17737106
63.00000000,2110.00000000,0.17859691
63.00000000,2111.00000000,0.17982578
63.00000000,2112.00000000,0.18105723
63.00000000,2113.00000000,0.18229115
63.00000000,2114.00000000,0.18351895
63.00000000,2115.00000000,0.18474841
63.00000000,2116.00000000,0.18597946
63.00000000,2117.00000000,0.18721173
63.00000000,2118.00000000,0.18844481
63.00000000,2119.00000000,0.18967858
63.00000000,2120.00000000,0.19091262
63.00000000,2121.00000000,0.19214673
63.00000000,2122.00000000,0.19338047
63.00000000,2123.00000000,0.19461364
63.00000000,2124.00000000,0.19552720
63.00000000,2125.00000000,0.19643937
63.00000000,2126.00000000,0.19735026
63.00000000,2127.00000000,0.19825962
63.00000000,2128.00000000,0.19916715
63.00000000,2129.00000000,0.20007297
63.00000000,2130.00000000,0.20097684
63.00000000,2131.00000000,0.20187839
63.00000000,2132.00000000,0.20277774
63.00000000,2133.00000000,0.20367456
63.00000000,2134.00000000,0.20428155
63.00000000,2135.00000000,0.20488580
63.00000000,2136.00000000,0.20548702
63.00000000,2137.00000000,0.20608530
63.00000000,2138.00000000,0.20668045
63.00000000,2139.00000000,0.20727257
63.00000000,2140.00000000,0.20786157
63.00000000,2141.00000000,0.20844736
63.00000000,2142.00000000,0.20902978
63.00000000,2143.00000000,0.20960896
63.00000000,2144.00000000,0.21002485
63.00000000,2145.00000000,0.21043717
63.00000000,2146.00000000,0.21084614
63.00000000,2147.00000000,0.21125158
63.00000000,2148.00000000,0.21165364
63.00000000,2149.00000000,0.21205227
63.00000000,2150.00000000,0.21244740
63.00000000,2151.00000000,0.21284026
63.00000000,2152.00000000,0.21323399
63.00000000,2153.00000000,0.21363160
63.00000000,2154.00000000,0.21387056
63.00000000,2155.00000000,0.21411571
63.00000000,2156.00000000,0.21436712
63.00000000,2157.00000000,0.21462504
63.00000000,2158.00000000,0.21488918
63.00000000,2159.00000000,0.21515912
63.00000000,2160.00000000,0.21543489
63.00000000,2161.00000000,0.21571600
63.00000000,2162.00000000,0.21600219
63.00000000,2163.00000000,0.21629311
63.00000000,2164.00000000,0.21646264
63.00000000,2165.00000000,0.21663636
63.00000000,2166.00000000,0.21681404
63.00000000,2167.00000000,0.21699531
63.00000000,2168.00000000,0.21718021
63.00000000,2169.00000000,0.21736841
63.00000000,2170.00000000,0.21755972
63.00000000,2171.00000000,0.21775401
63.00000000,2172.00000000,0.21795097
63.00000000,2173.00000000,0.21815065
63.00000000,2174.00000000,0.21835279
63.00000000,2175.00000000,0.21855716
63.00000000,2176.00000000,0.21876379
63.00000000,2177.00000000,0.21897248
63.00000000,2178.00000000,0.21918305
63.00000000,2179.00000000,0.21939549
63.00000000,2180.00000000,0.21960959
63.00000000,2181.00000000,0.21982515
63.00000000,2182.00000000,0.22004230
63.00000000,2183.00000000,0.22026084
63.00000000,2184.00000000,0.22048065
63.00000000,2185.00000000,0.22070165
63.00000000,2186.00000000,0.22092367
63.00000000,2187.00000000,0.22114678
63.00000000,2188.00000000,0.22137083
63.00000000,2189.00000000,0.22159570
63.00000000,2190.00000000,0.22182138
63.00000000,2191.00000000,0.22204776
63.00000000,2192.00000000,0.22227471
63.00000000,2193.00000000,0.22250228
63.00000000,2194.00000000,0.22273033
63.00000000,2195.00000000,0.22295881
63.00000000,2196.00000000,0.22318766
63.00000000,2197.00000000,0.22341675
63.00000000,2198.00000000,0.22364615
63.00000000,2199.00000000,0.22387571
63.00000000,2200.00000000,0.22410538
63.00000000,2201.00000000,0.22433513
63.00000000,2202.00000000,0.22456486
63.00000000,2203.00000000,0.22479451
63.00000000,2204.00000000,0.22502410
63.00000000,2205.00000000,0.22525353
63.00000000,2206.00000000,0.22548275
63.00000000,2207.00000000,0.22571172
63.00000000,2208.00000000,0.22594031
63.00000000,2209.00000000,0.22616857
63.00000000,2210.00000000,0.22639643
63.00000000,2211.00000000,0.22662365
63.00000000,2212.00000000,0.22685034
63.00000000,2213.00000000,0.22707626
63.00000000,2214.00000000,0.22642938
63.00000000,2215.00000000,0.22578030
63.00000000,2216.00000000,0.22512902
63.00000000,2217.00000000,0.22447562
63.00000000,2218.00000000,0.22382027
63.00000000,2219.00000000,0.22316303
63.00000000,2220.00000000,0.22250383
63.00000000,2221.00000000,0.22184294
63.00000000,2222.00000000,0.22118029
63.00000000,2223.00000000,0.22051602
63.00000000,2224.00000000,0.21985018
63.00000000,2225.00000000,0.21918279
63.00000000,2226.00000000,0.21851400
63.00000000,2227.00000000,0.21784376
63.00000000,2228.00000000,0.21717214
63.00000000,2229.00000000,0.21649928
63.00000000,2230.00000000,0.21582521
63.00000000,2231.00000000,0.21514977
63.00000000,2232.00000000,0.21447332
63.00000000,2233.00000000,0.21379571
63.00000000,2234.00000000,0.21311697
63.00000000,2235.00000000,0.21243724
63.00000000,2236.00000000,0.21175653
63.00000000,2237.00000000,0.21107481
63.00000000,2238.00000000,0.21039218
63.00000000,2239.00000000,0.20970861
63.00000000,2240.00000000,0.20902427
63.00000000,2241.00000000,0.20833901
63.00000000,2242.00000000,0.20765291
63.00000000,2243.00000000,0.20696611
63.00000000,2244.00000000,0.20627848
63.00000000,2245.00000000,0.20559007
63.00000000,2246.00000000,0.20490105
63.00000000,2247.00000000,0.20421123
63.00000000,2248.00000000,0.20352077
63.00000000,2249.00000000,0.20282946
63.00000000,2250.00000000,0.20213585
63.00000000,2251.00000000,0.20143755
63.00000000,2252.00000000,0.20073217
63.00000000,2253.00000000,0.20001844
63.00000000,2254.00000000,0.19929602
63.00000000,2255.00000000,0.19856477
63.00000000,2256.00000000,0.19782477
63.00000000,2257.00000000,0.19707627
63.00000000,2258.00000000,0.19631935
63.00000000,2259.00000000,0.19555438
63.00000000,2260.00000000,0.19478155
63.00000000,2261.00000000,0.19400118
63.00000000,2262.00000000,0.19321378
63.00000000,2263.00000000,0.19241970
63.00000000,2264.00000000,0.19161924
63.00000000,2265.00000000,0.19081273
63.00000000,2266.00000000,0.19000042
63.00000000,2267.00000000,0.18918249
63.00000000,2268.00000000,0.18835923
63.00000000,2269.00000000,0.18753085
63.00000000,2270.00000000,0.18669747
63.00000000,2271.00000000,0.18585941
63.00000000,2272.00000000,0.18501676
63.00000000,2273.00000000,0.18416981
63.00000000,2274.00000000,0.18331866
63.00000000,2275.00000000,0.18246349
63.00000000,2276.00000000,0.18160452
63.00000000,2277.00000000,0.18074190
63.00000000,2278.00000000,0.17987573
63.00000000,2279.00000000,0.17900628
63.00000000,2280.00000000,0.17813363
63.00000000,2281.00000000,0.17725791
63.00000000,2282.00000000,0.17637931
63.00000000,2283.00000000,0.17549792
63.00000000,2284.00000000,0.17461391
63.00000000,2285.00000000,0.17372740
63.00000000,2286.00000000,0.17283845
63.00000000,2287.00000000,0.17194729
63.00000000,2288.00000000,0.17105395
63.00000000,2289.00000000,0.17015856
63.00000000,2290.00000000,0.16926124
63.00000000,2291.00000000,0.16836212
63.00000000,2292.00000000,0.16746122
63.00000000,2293.00000000,0.16655874
63.00000000,2294.00000000,0.16565469
63.00000000,2295.00000000,0.16474923
63.00000000,2296.00000000,0.16384243
63.00000000,2297.00000000,0.16293433
63.00000000,2298.00000000,0.16202510
63.00000000,2299.00000000,0.16111478
63.00000000,2300.00000000,0.16020340
63.00000000,2301.00000000,0.15929113
63.00000000,2302.00000000,0.15837800
63.00000000,2303.00000000,0.15746401
63.00000000,2304.00000000,0.15654932
63.00000000,2305.00000000,0.15563397
63.00000000,2306.00000000,0.15471798
63.00000000,2307.00000000,0.15380150
63.00000000,2308.00000000,0.15288454
63.00000000,2309.00000000,0.15196722
63.00000000,2310.00000000,0.15104963
63.00000000,2311.00000000,0.15013183
63.00000000,2312.00000000,0.14940933
63.00000000,2313.00000000,0.14926211
63.00000000,2314.00000000,0.14927226
63.00000000,2315.00000000,0.14928269
63.00000000,2316.00000000,0.14929335
63.00000000,2317.00000000,0.14930423
63.00000000,2318.00000000,0.14931538
63.00000000,2319.00000000,0.14935136
63.00000000,2320.00000000,0.14938759
63.00000000,2321.00000000,0.14942405
63.00000000,2322.00000000,0.14946068
63.00000000,2323.00000000,0.14949753
63.00000000,2324.00000000,0.14948583
63.00000000,2325.00000000,0.14947424
63.00000000,2326.00000000,0.14946287
63.00000000,2327.00000000,0.14945165
63.00000000,2328.00000000,0.14944056
63.00000000,2329.00000000,0.14942965
63.00000000,2330.00000000,0.14941889
63.00000000,2331.00000000,0.14940825
63.00000000,2332.00000000,0.14939778
63.00000000,2333.00000000,0.14938739
63.00000000,2334.00000000,0.14937719
63.00000000,2335.00000000,0.14936713
63.00000000,2336.00000000,0.14935716
63.00000000,2337.00000000,0.14934735
63.00000000,2338.00000000,0.14933766
63.00000000,2339.00000000,0.14932595
63.00000000,2340.00000000,0.14931439
63.00000000,2341.00000000,0.14930295
63.00000000,2342.00000000,0.14929157
63.00000000,2343.00000000,0.14928034
63.00000000,2344.00000000,0.14926919
63.00000000,2345.00000000,0.14925817
63.00000000,2346.00000000,0.14924726
63.00000000,2347.00000000,0.14923641
63.00000000,2348.00000000,0.14922569
63.00000000,2349.00000000,0.14921508
63.00000000,2350.00000000,0.14920451
63.00000000,2351.00000000,0.14919409
63.00000000,2352.00000000,0.14918375
63.00000000,2353.00000000,0.14917346
63.00000000,2354.00000000,0.14916331
63.00000000,2355.00000000,0.14915321
63.00000000,2356.00000000,0.14914324
63.00000000,2357.00000000,0.14913338
63.00000000,2358.00000000,0.14912355
63.00000000,2359.00000000,0.14911384
63.00000000,2360.00000000,0.14910421
63.00000000,2361.00000000,0.14909464
63.00000000,2362.00000000,0.14908519
63.00000000,2363.00000000,0.14907581
63.00000000,2364.00000000,0.14907116
63.00000000,2365.00000000,0.14906664
63.00000000,2366.00000000,0.14906218
63.00000000,2367.00000000,0.14905776
63.00000000,2368.00000000,0.14905346
63.00000000,2369.00000000,0.14904919
63.00000000,2370.00000000,0.14904501
63.00000000,2371.00000000,0.14904091
63.00000000,2372.00000000,0.14903683
63.00000000,2373.00000000,0.14903286
63.00000000,2374.00000000,0.14902894
63.00000000,2375.00000000,0.14902506
63.00000000,2376.00000000,0.14902125
63.00000000,2377.00000000,0.14901752
63.00000000,2378.00000000,0.14901379
63.00000000,2379.00000000,0.14901016
63.00000000,2380.00000000,0.14900654
63.00000000,2381.00000000,0.14900301
63.00000000,2382.00000000,0.14899954
63.00000000,2383.00000000,0.14899606
63.00000000,2384.00000000,0.14899268
63.00000000,2385.00000000,0.14898935
63.00000000,2386.00000000,0.14898601
63.00000000,2387.00000000,0.14898276
63.00000000,2388.00000000,0.14897956
63.00000000,2389.00000000,0.14897636
63.00000000,2390.00000000,0.14897323
63.00000000,2391.00000000,0.14897014
63.00000000,2392.00000000,0.14896704
63.00000000,2393.00000000,0.14896403
63.00000000,2394.00000000,0.14896101
63.00000000,2395.00000000,0.14895807
63.00000000,2396.00000000,0.14895516
63.00000000,2397.00000000,0.14895224
63.00000000,2398.00000000,0.14894939
63.00000000,2399.00000000,0.14894657
63.00000000,2400.00000000,0.14894375
63.00000000,2401.00000000,0.14894099
63.00000000,2402.00000000,0.14893828
63.00000000,2403.00000000,0.14893553
63.00000000,2404.00000000,0.14893289
63.00000000,2405.00000000,0.14893022
63.00000000,2406.00000000,0.14892764
63.00000000,2407.00000000,0.14892510
63.00000000,2408.00000000,0.14892252
63.00000000,2409.00000000,0.14892004
63.00000000,2410.00000000,0.14891760
63.00000000,2411.00000000,0.14891513
63.00000000,2412.00000000,0.14891272
63.00000000,2413.00000000,0.14891036
63.00000000,2414.00000000,0.14890663
63.00000000,2415.00000000,0.14890298
63.00000000,2416.00000000,0.14889936
63.00000000,2417.00000000,0.14889570
63.00000000,2418.00000000,0.14889212
63.00000000,2419.00000000,0.14888851
63.00000000,2420.00000000,0.14888497
63.00000000,2421.00000000,0.14888147
63.00000000,2422.00000000,0.14887792
63.00000000,2423.00000000,0.14887444
63.00000000,2424.00000000,0.14887099
63.00000000,2425.00000000,0.14886750
63.00000000,2426.00000000,0.14886408
63.00000000,2427.00000000,0.14886069
63.00000000,2428.00000000,0.14885724
63.00000000,2429.00000000,0.14885388
63.00000000,2430.00000000,0.14885046
63.00000000,2431.00000000,0.14884713
63.00000000,2432.00000000,0.14884381
63.00000000,2433.00000000,0.14884044
63.00000000,2434.00000000,0.14883714
63.00000000,2435.00000000,0.14883386
63.00000000,2436.00000000,0.14883053
63.00000000,2437.00000000,0.14882727
63.00000000,2438.00000000,0.14882403
63.00000000,2439.00000000,0.14882073
63.00000000,2440.00000000,0.14881752
63.00000000,2441.00000000,0.14881423
63.00000000,2442.00000000,0.14881103
63.00000000,2443.00000000,0.14880784
63.00000000,2444.00000000,0.14880458
63.00000000,2445.00000000,0.14880141
63.00000000,2446.00000000,0.14879824
63.00000000,2447.00000000,0.14879501
63.00000000,2448.00000000,0.14879186
63.00000000,2449.00000000,0.14878872
63.00000000,2450.00000000,0.14878551
63.00000000,2451.00000000,0.14878237
63.00000000,2452.00000000,0.14877924
63.00000000,2453.00000000,0.14877603
63.00000000,2454.00000000,0.14877291
63.00000000,2455.00000000,0.14876970
63.00000000,2456.00000000,0.14876657
63.00000000,2457.00000000,0.14876342
63.00000000,2458.00000000,0.14876021
63.00000000,2459.00000000,0.14875707
63.00000000,2460.00000000,0.14875392
63.00000000,2461.00000000,0.14875069
63.00000000,2462.00000000,0.14874754
63.00000000,2463.00000000,0.14874437
63.00000000,2464.00000000,0.14873972
63.00000000,2465.00000000,0.14873513
63.00000000,2466.00000000,0.14873046
63.00000000,2467.00000000,0.14872587
63.00000000,2468.00000000,0.14872128
63.00000000,2469.00000000,0.14871659
63.00000000,2470.00000000,0.14871199
63.00000000,2471.00000000,0.14870738
63.00000000,2472.00000000,0.14870268
63.00000000,2473.00000000,0.14869805
63.00000000,2474.00000000,0.14869343
63.00000000,2475.00000000,0.14868872
63.00000000,2476.00000000,0.14868409
63.00000000,2477.00000000,0.14867945
63.00000000,2478.00000000,0.14867472
63.00000000,2479.00000000,0.14867007
63.00000000,2480.00000000,0.14866534
63.00000000,2481.00000000,0.14866068
63.00000000,2482.00000000,0.14865602
63.00000000,2483.00000000,0.14865126
63.00000000,2484.00000000,0.14864660
63.00000000,2485.00000000,0.14864192
63.00000000,2486.00000000,0.14863715
63.00000000,2487.00000000,0.14863248
63.00000000,2488.00000000,0.14862778
63.00000000,2489.00000000,0.14862301
63.00000000,2490.00000000,0.14861831
63.00000000,2491.00000000,0.14861352
63.00000000,2492.00000000,0.14860882
63.00000000,2493.00000000,0.14860411
63.00000000,2494.00000000,0.14859931
63.00000000,2495.00000000,0.14859460
63.00000000,2496.00000000,0.14858988
63.00000000,2497.00000000,0.14858506
63.00000000,2498.00000000,0.14858034
63.00000000,2499.00000000,0.14857561
63.00000000,2500.00000000,0.14857078
64.00000000,1765.00000000,0.11499218
64.00000000,1766.00000000,0.11499220
64.00000000,1767.00000000,0.11499216
64.00000000,1768.00000000,0.11499256
64.00000000,1769.00000000,0.11499266
64.00000000,1770.00000000,0.11499312
64.00000000,1771.00000000,0.11499384
64.00000000,1772.00000000,0.11499467
64.00000000,1773.00000000,0.11499538
64.00000000,1774.00000000,0.11499660
64.00000000,1775.00000000,0.11499783
64.00000000,1776.00000000,0.11499930
64.00000000,1777.00000000,0.11500097
64.00000000,1778.00000000,0.11500267
64.00000000,1779.00000000,0.11500458
64.00000000,1780.00000000,0.11500666
64.00000000,1781.00000000,0.11500893
64.00000000,1782.00000000,0.11501120
64.00000000,1783.00000000,0.11501369
64.00000000,1784.00000000,0.11501636
64.00000000,1785.00000000,0.11501912
64.00000000,1786.00000000,0.11502201
64.00000000,1787.00000000,0.11502496
64.00000000,1788.00000000,0.11502804
64.00000000,1789.00000000,0.11503122
64.00000000,1790.00000000,0.11503456
64.00000000,1791.00000000,0.11503793
64.00000000,1792.00000000,0.11504148
64.00000000,1793.00000000,0.11504502
64.00000000,1794.00000000,0.11504873
64.00000000,1795.00000000,0.11505247
64.00000000,1796.00000000,0.11505630
64.00000000,1797.00000000,0.11506024
64.00000000,1798.00000000,0.11506418
64.00000000,1799.00000000,0.11506826
64.00000000,1800.00000000,0.11507247
64.00000000,1801.00000000,0.11507657
64.00000000,1802.00000000,0.11508087
64.00000000,1803.00000000,0.11508523
64.00000000,1804.00000000,0.11508955
64.00000000,1805.00000000,0.11509401
64.00000000,1806.00000000,0.11509845
64.00000000,1807.00000000,0.11510306
64.00000000,1808.00000000,0.11510767
64.00000000,1809.00000000,0.11511232
64.00000000,1810.00000000,0.11511706
64.00000000,1811.00000000,0.11512187
64.00000000,1812.00000000,0.11512675
64.00000000,1813.00000000,0.11513168
64.00000000,1814.00000000,0.11513665
64.00000000,1815.00000000,0.11514171
64.00000000,1816.00000000,0.11514688
64.00000000,1817.00000000,0.11515206
64.00000000,1818.00000000,0.11515733
64.00000000,1819.00000000,0.11516260
64.00000000,1820.00000000,0.11516796
64.00000000,1821.00000000,0.11517344
64.00000000,1822.00000000,0.11517896
64.00000000,1823.00000000,0.11518458
64.00000000,1824.00000000,0.11519030
64.00000000,1825.00000000,0.11519611
64.00000000,1826.00000000,0.11520200
64.00000000,1827.00000000,0.11520803
64.00000000,1828.00000000,0.11521416
64.00000000,1829.00000000,0.11522044
64.00000000,1830.00000000,0.11523687
64.00000000,1831.00000000,0.11524341
64.00000000,1832.00000000,0.11524997
64.00000000,1833.00000000,0.11525673
64.00000000,1834.00000000,0.11526357
64.00000000,1835.00000000,0.11527392
64.00000000,1836.00000000,0.11528100
64.00000000,1837.00000000,0.11528818
64.00000000,1838.00000000,0.11529546
64.00000000,1839.00000000,0.11530282
64.00000000,1840.00000000,0.11531031
64.00000000,1841.00000000,0.11531782
64.00000000,1842.00000000,0.11532548
64.00000000,1843.00000000,0.11533312
64.00000000,1844.00000000,0.11534095
64.00000000,1845.00000000,0.11535216
64.00000000,1846.00000000,0.11536006
64.00000000,1847.00000000,0.11536799
64.00000000,1848.00000000,0.11537603
64.00000000,1849.00000000,0.11538405
64.00000000,1850.00000000,0.11539218
64.00000000,1851.00000000,0.11540027
64.00000000,1852.00000000,0.11540839
64.00000000,1853.00000000,0.11541698
64.00000000,1854.00000000,0.11542584
64.00000000,1855.00000000,0.11543805
64.00000000,1856.00000000,0.11544684
64.00000000,1857.00000000,0.11545552
64.00000000,1858.00000000,0.11546422
64.00000000,1859.00000000,0.11547286
64.00000000,1860.00000000,0.11548154
64.00000000,1861.00000000,0.11549352
64.00000000,1862.00000000,0.11550201
64.00000000,1863.00000000,0.11550967
64.00000000,1864.00000000,0.11552021
64.00000000,1865.00000000,0.11552690
64.00000000,1866.00000000,0.11554009
64.00000000,1867.00000000,0.11554279
64.00000000,1868.00000000,0.11554860
64.00000000,1869.00000000,0.11555416
64.00000000,1870.00000000,0.11556287
64.00000000,1871.00000000,0.11556797
64.00000000,1872.00000000,0.11557335
64.00000000,1873.00000000,0.11557966
64.00000000,1874.00000000,0.11558649
64.00000000,1875.00000000,0.11559714
64.00000000,1876.00000000,0.11560473
64.00000000,1877.00000000,0.11561253
64.00000000,1878.00000000,0.11562057
64.00000000,1879.00000000,0.11563223
64.00000000,1880.00000000,0.11564395
64.00000000,1881.00000000,0.11565580
64.00000000,1882.00000000,0.11566415
64.00000000,1883.00000000,0.11567200
64.00000000,1884.00000000,0.11567933
64.00000000,1885.00000000,0.11568642
64.00000000,1886.00000000,0.11569668
64.00000000,1887.00000000,0.11570687
64.00000000,1888.00000000,0.11571341
64.00000000,1889.00000000,0.11572317
64.00000000,1890.00000000,0.11572913
64.00000000,1891.00000000,0.11573811
64.00000000,1892.00000000,0.11574334
64.00000000,1893.00000000,0.11574845
64.00000000,1894.00000000,0.11577391
64.00000000,1895.00000000,0.11577594
64.00000000,1896.00000000,0.11578134
64.00000000,1897.00000000,0.11579016
64.00000000,1898.00000000,0.11579544
64.00000000,1899.00000000,0.11580389
64.00000000,1900.00000000,0.11582207
64.00000000,1901.00000000,0.11582641
64.00000000,1902.00000000,0.11583421
64.00000000,1903.00000000,0.11584212
64.00000000,1904.00000000,0.11585350
64.00000000,1905.00000000,0.11586168
64.00000000,1906.00000000,0.11587352
64.00000000,1907.00000000,0.11588203
64.00000000,1908.00000000,0.11589375
64.00000000,1909.00000000,0.11591207
64.00000000,1910.00000000,0.11591688
64.00000000,1911.00000000,0.11593166
64.00000000,1912.00000000,0.11593897
64.00000000,1913.00000000,0.11595190
64.00000000,1914.00000000,0.11596722
64.00000000,1915.00000000,0.11596860
64.00000000,1916.00000000,0.11598046
64.00000000,1917.00000000,0.11598908
64.00000000,1918.00000000,0.11602466
64.00000000,1919.00000000,0.11603342
64.00000000,1920.00000000,0.11605331
64.00000000,1921.00000000,0.11606065
64.00000000,1922.00000000,0.11606951
64.00000000,1923.00000000,0.11609299
64.00000000,1924.00000000,0.11612683
64.00000000,1925.00000000,0.11614700
64.00000000,1926.00000000,0.11616034
64.00000000,1927.00000000,0.11619057
64.00000000,1928.00000000,0.11622456
64.00000000,1929.00000000,0.11625516
64.00000000,1930.00000000,0.11627272
64.00000000,1931.00000000,0.11630939
64.00000000,1932.00000000,0.11633752
64.00000000,1933.00000000,0.11637396
64.00000000,1934.00000000,0.11640519
64.00000000,1935.00000000,0.11645049
64.00000000,1936.00000000,0.11652274
64.00000000,1937.00000000,0.11657379
64.00000000,1938.00000000,0.11655218
64.00000000,1939.00000000,0.11661080
64.00000000,1940.00000000,0.11663136
64.00000000,1941.00000000,0.11665080
64.00000000,1942.00000000,0.11666359
64.00000000,1943.00000000,0.11671800
64.00000000,1944.00000000,0.11681240
64.00000000,1945.00000000,0.11684274
64.00000000,1946.00000000,0.11689486
64.00000000,1947.00000000,0.11695968
64.00000000,1948.00000000,0.11698171
64.00000000,1949.00000000,0.11700048
64.00000000,1950.00000000,0.11702592
64.00000000,1951.00000000,0.11708502
64.00000000,1952.00000000,0.11720571
64.00000000,1953.00000000,0.11721818
64.00000000,1954.00000000,0.11732858
64.00000000,1955.00000000,0.11739524
64.00000000,1956.00000000,0.11741460
64.00000000,1957.00000000,0.11741295
64.00000000,1958.00000000,0.11746819
64.00000000,1959.00000000,0.11755640
64.00000000,1960.00000000,0.11760834
64.00000000,1961.00000000,0.11768529
64.00000000,1962.00000000,0.11777498
64.00000000,1963.00000000,0.11792113
64.00000000,1964.00000000,0.11801559
64.00000000,1965.00000000,0.11807793
64.00000000,1966.00000000,0.11812520
64.00000000,1967.00000000,0.11829559
64.00000000,1968.00000000,0.11831538
64.00000000,1969.00000000,0.11844043
64.00000000,1970.00000000,0.11857898
64.00000000,1971.00000000,0.11882412
64.00000000,1972.00000000,0.11868853
64.00000000,1973.00000000,0.11878053
64.00000000,1974.00000000,0.11886450
64.00000000,1975.00000000,0.11888860
64.00000000,1976.00000000,0.11899943
64.00000000,1977.00000000,0.11918079
64.00000000,1978.00000000,0.11883303
64.00000000,1979.00000000,0.11875750
64.00000000,1980.00000000,0.11893328
64.00000000,1981.00000000,0.11907891
64.00000000,1982.00000000,0.11898214
64.00000000,1983.00000000,0.11851900
64.00000000,1984.00000000,0.11892207
64.00000000,1985.00000000,0.11847402
64.00000000,1986.00000000,0.11860329
64.00000000,1987.00000000,0.11901291
64.00000000,1988.00000000,0.11898030
64.00000000,1989.00000000,0.11901155
64.00000000,1990.00000000,0.11902912
64.00000000,1991.00000000,0.11928477
64.00000000,1992.00000000,0.11928700
64.00000000,1993.00000000,0.11954850
64.00000000,1994.00000000,0.11923605
64.00000000,1995.00000000,0.11885530
64.00000000,1996.00000000,0.11854244
64.00000000,1997.00000000,0.11869557
64.00000000,1998.00000000,0.11896305
64.00000000,1999.00000000,0.11914507
64.00000000,2000.00000000,0.11949299
64.00000000,2001.00000000,0.11976179
64.00000000,2002.00000000,0.11954340
64.00000000,2003.00000000,0.11971759
64.00000000,2004.00000000,0.12008186
64.00000000,2005.00000000,0.12020280
64.00000000,2006.00000000,0.12022879
64.00000000,2007.00000000,0.12038709
64.00000000,2008.00000000,0.12035128
64.00000000,2009.00000000,0.11959516
64.00000000,2010.00000000,0.11984122
64.00000000,2011.00000000,0.12033925
64.00000000,2012.00000000,0.12057887
64.00000000,2013.00000000,0.12039400
64.00000000,2014.00000000,0.12107635
64.00000000,2015.00000000,0.12151365
64.00000000,2016.00000000,0.12158315
64.00000000,2017.00000000,0.12170692
64.00000000,2018.00000000,0.12175912
64.00000000,2019.00000000,0.12232054
64.00000000,2020.00000000,0.12273732
64.00000000,2021.00000000,0.12300967
64.00000000,2022.00000000,0.12317445
64.00000000,2023.00000000,0.12357612
64.00000000,2024.00000000,0.12392038
64.00000000,2025.00000000,0.12394082
64.00000000,2026.00000000,0.12425486
64.00000000,2027.00000000,0.12470743
64.00000000,2028.00000000,0.12519954
64.00000000,2029.00000000,0.12561580
64.00000000,2030.00000000,0.12610780
64.00000000,2031.00000000,0.12642229
64.00000000,2032.00000000,0.12696942
64.00000000,2033.00000000,0.12763004
64.00000000,2034.00000000,0.12849841
64.00000000,2035.00000000,0.12896853
64.00000000,2036.00000000,0.12947900
64.00000000,2037.00000000,0.13020932
64.00000000,2038.00000000,0.13019691
64.00000000,2039.00000000,0.13005968
64.00000000,2040.00000000,0.13088782
64.00000000,2041.00000000,0.13131690
64.00000000,2042.00000000,0.13151639
64.00000000,2043.00000000,0.13238095
64.00000000,2044.00000000,0.13215005
64.00000000,2045.00000000,0.13156465
64.00000000,2046.00000000,0.13137580
64.00000000,2047.00000000,0.13126347
64.00000000,2048.00000000,0.13178490
64.00000000,2049.00000000,0.13222038
64.00000000,2050.00000000,0.13269219
64.00000000,2051.00000000,0.13308784
64.00000000,2052.00000000,0.13369942
64.00000000,2053.00000000,0.13403264
64.00000000,2054.00000000,0.13413988
64.00000000,2055.00000000,0.13436028
64.00000000,2056.00000000,0.13391547
64.00000000,2057.00000000,0.13386282
64.00000000,2058.00000000,0.13416626
64.00000000,2059.00000000,0.13450723
64.00000000,2060.00000000,0.13487262
64.00000000,2061.00000000,0.13514583
64.00000000,2062.00000000,0.13497658
64.00000000,2063.00000000,0.13484867
64.00000000,2064.00000000,0.13530889
64.00000000,2065.00000000,0.13575657
64.00000000,2066.00000000,0.13586895
64.00000000,2067.00000000,0.13687906
64.00000000,2068.00000000,0.13804573
64.00000000,2069.00000000,0.13894208
64.00000000,2070.00000000,0.13950040
64.00000000,2071.00000000,0.14006318
64.00000000,2072.00000000,0.14063053
64.00000000,2073.00000000,0.14120292
64.00000000,2074.00000000,0.14178039
64.00000000,2075.00000000,0.14258206
64.00000000,2076.00000000,0.14338903
64.00000000,2077.00000000,0.14420123
64.00000000,2078.00000000,0.14501855
64.00000000,2079.00000000,0.14584063
64.00000000,2080.00000000,0.14666735
64.00000000,2081.00000000,0.14749867
64.00000000,2082.00000000,0.14833453
64.00000000,2083.00000000,0.14917545
64.00000000,2084.00000000,0.15002144
64.00000000,2085.00000000,0.15077626
64.00000000,2086.00000000,0.15153624
64.00000000,2087.00000000,0.15230091
64.00000000,2088.00000000,0.15307030
64.00000000,2089.00000000,0.15384428
64.00000000,2090.00000000,0.15462245
64.00000000,2091.00000000,0.15540502
64.00000000,2092.00000000,0.15619232
64.00000000,2093.00000000,0.15698453
64.00000000,2094.00000000,0.15778215
64.00000000,2095.00000000,0.15878378
64.00000000,2096.00000000,0.15979036
64.00000000,2097.00000000,0.16080210
64.00000000,2098.00000000,0.16181859
64.00000000,2099.00000000,0.16283943
64.00000000,2100.00000000,0.16386474
64.00000000,2101.00000000,0.16489410
64.00000000,2102.00000000,0.16592797
64.00000000,2103.00000000,0.16696661
64.00000000,2104.00000000,0.16800989
64.00000000,2105.00000000,0.16920235
64.00000000,2106.00000000,0.17039937
64.00000000,2107.00000000,0.17160055
64.00000000,2108.00000000,0.17280585
64.00000000,2109.00000000,0.17401489
64.00000000,2110.00000000,0.17522733
64.00000000,2111.00000000,0.17644283
64.00000000,2112.00000000,0.17766128
64.00000000,2113.00000000,0.17888226
64.00000000,2114.00000000,0.18010537
64.00000000,2115.00000000,0.18132242
64.00000000,2116.00000000,0.18254112
64.00000000,2117.00000000,0.18376113
64.00000000,2118.00000000,0.18498231
64.00000000,2119.00000000,0.18620436
64.00000000,2120.00000000,0.18742693
64.00000000,2121.00000000,0.18864960
64.00000000,2122.00000000,0.18987244
64.00000000,2123.00000000,0.19109492
64.00000000,2124.00000000,0.19231661
64.00000000,2125.00000000,0.19322234
64.00000000,2126.00000000,0.19412665
64.00000000,2127.00000000,0.19502972
64.00000000,2128.00000000,0.19593127
64.00000000,2129.00000000,0.19683103
64.00000000,2130.00000000,0.19772907
64.00000000,2131.00000000,0.19862520
64.00000000,2132.00000000,0.19951913
64.00000000,2133.00000000,0.20041072
64.00000000,2134.00000000,0.20129987
64.00000000,2135.00000000,0.20190253
64.00000000,2136.00000000,0.20250238
64.00000000,2137.00000000,0.20309917
64.00000000,2138.00000000,0.20369318
64.00000000,2139.00000000,0.20428417
64.00000000,2140.00000000,0.20487201
64.00000000,2141.00000000,0.20545687
64.00000000,2142.00000000,0.20603861
64.00000000,2143.00000000,0.20661700
64.00000000,2144.00000000,0.20719224
64.00000000,2145.00000000,0.20760600
64.00000000,2146.00000000,0.20801635
64.00000000,2147.00000000,0.20842326
64.00000000,2148.00000000,0.20882684
64.00000000,2149.00000000,0.20922704
64.00000000,2150.00000000,0.20962388
64.00000000,2151.00000000,0.21001832
64.00000000,2152.00000000,0.21041385
64.00000000,2153.00000000,0.21081332
64.00000000,2154.00000000,0.21121813
64.00000000,2155.00000000,0.21146674
64.00000000,2156.00000000,0.21172164
64.00000000,2157.00000000,0.21198282
64.00000000,2158.00000000,0.21225009
64.00000000,2159.00000000,0.21252312
64.00000000,2160.00000000,0.21280188
64.00000000,2161.00000000,0.21308593
64.00000000,2162.00000000,0.21337485
64.00000000,2163.00000000,0.21366863
64.00000000,2164.00000000,0.21396683
64.00000000,2165.00000000,0.21414474
64.00000000,2166.00000000,0.21432640
64.00000000,2167.00000000,0.21451164
64.00000000,2168.00000000,0.21470045
64.00000000,2169.00000000,0.21489248
64.00000000,2170.00000000,0.21508758
64.00000000,2171.00000000,0.21528544
64.00000000,2172.00000000,0.21548616
64.00000000,2173.00000000,0.21568945
64.00000000,2174.00000000,0.21589516
64.00000000,2175.00000000,0.21610315
64.00000000,2176.00000000,0.21631324
64.00000000,2177.00000000,0.21652539
64.00000000,2178.00000000,0.21673943
64.00000000,2179.00000000,0.21695514
64.00000000,2180.00000000,0.21717265
64.00000000,2181.00000000,0.21739169
64.00000000,2182.00000000,0.21761217
64.00000000,2183.00000000,0.21783402
64.00000000,2184.00000000,0.21805716
64.00000000,2185.00000000,0.21828135
64.00000000,2186.00000000,0.21850674
64.00000000,2187.00000000,0.21873312
64.00000000,2188.00000000,0.21896045
64.00000000,2189.00000000,0.21918864
64.00000000,2190.00000000,0.21941750
64.00000000,2191.00000000,0.21964717
64.00000000,2192.00000000,0.21987746
64.00000000,2193.00000000,0.22010831
64.00000000,2194.00000000,0.22033968
64.00000000,2195.00000000,0.22057148
64.00000000,2196.00000000,0.22080359
64.00000000,2197.00000000,0.22103608
64.00000000,2198.00000000,0.22126882
64.00000000,2199.00000000,0.22150178
64.00000000,2200.00000000,0.22173489
64.00000000,2201.00000000,0.22196799
64.00000000,2202.00000000,0.22220118
64.00000000,2203.00000000,0.22243440
64.00000000,2204.00000000,0.22266745
64.00000000,2205.00000000,0.22290044
64.00000000,2206.00000000,0.22313324
64.00000000,2207.00000000,0.22336577
64.00000000,2208.00000000,0.22359807
64.00000000,2209.00000000,0.22382997
64.00000000,2210.00000000,0.22406151
64.00000000,2211.00000000,0.22429259
64.00000000,2212.00000000,0.22452314
64.00000000,2213.00000000,0.22475307
64.00000000,2214.00000000,0.22498228
64.00000000,2215.00000000,0.22434644
64.00000000,2216.00000000,0.22370845
64.00000000,2217.00000000,0.22306819
64.00000000,2218.00000000,0.22242578
64.00000000,2219.00000000,0.22178137
64.00000000,2220.00000000,0.22113500
64.00000000,2221.00000000,0.22048672
64.00000000,2222.00000000,0.21983668
64.00000000,2223.00000000,0.21918485
64.00000000,2224.00000000,0.21853134
64.00000000,2225.00000000,0.21787623
64.00000000,2226.00000000,0.21721952
64.00000000,2227.00000000,0.21656139
64.00000000,2228.00000000,0.21590176
64.00000000,2229.00000000,0.21524072
64.00000000,2230.00000000,0.21457839
64.00000000,2231.00000000,0.21391480
64.00000000,2232.00000000,0.21324981
64.00000000,2233.00000000,0.21258375
64.00000000,2234.00000000,0.21191647
64.00000000,2235.00000000,0.21124807
64.00000000,2236.00000000,0.21057860
64.00000000,2237.00000000,0.20990811
64.00000000,2238.00000000,0.20923657
64.00000000,2239.00000000,0.20856408
64.00000000,2240.00000000,0.20789065
64.00000000,2241.00000000,0.20721629
64.00000000,2242.00000000,0.20654104
64.00000000,2243.00000000,0.20586494
64.00000000,2244.00000000,0.20518799
64.00000000,2245.00000000,0.20451023
64.00000000,2246.00000000,0.20383169
64.00000000,2247.00000000,0.20315238
64.00000000,2248.00000000,0.20247229
64.00000000,2249.00000000,0.20179131
64.00000000,2250.00000000,0.20110803
64.00000000,2251.00000000,0.20041994
64.00000000,2252.00000000,0.19972479
64.00000000,2253.00000000,0.19902130
64.00000000,2254.00000000,0.19830902
64.00000000,2255.00000000,0.19758794
64.00000000,2256.00000000,0.19685814
64.00000000,2257.00000000,0.19611974
64.00000000,2258.00000000,0.19537298
64.00000000,2259.00000000,0.19461805
64.00000000,2260.00000000,0.19385532
64.00000000,2261.00000000,0.19308505
64.00000000,2262.00000000,0.19230766
64.00000000,2263.00000000,0.19152358
64.00000000,2264.00000000,0.19073316
64.00000000,2265.00000000,0.18993657
64.00000000,2266.00000000,0.18913418
64.00000000,2267.00000000,0.18832620
64.00000000,2268.00000000,0.18751277
64.00000000,2269.00000000,0.18669423
64.00000000,2270.00000000,0.18587071
64.00000000,2271.00000000,0.18504238
64.00000000,2272.00000000,0.18420951
64.00000000,2273.00000000,0.18337222
64.00000000,2274.00000000,0.18253075
64.00000000,2275.00000000,0.18168526
64.00000000,2276.00000000,0.18083585
64.00000000,2277.00000000,0.17998279
64.00000000,2278.00000000,0.17912619
64.00000000,2279.00000000,0.17826619
64.00000000,2280.00000000,0.17740298
64.00000000,2281.00000000,0.17653671
64.00000000,2282.00000000,0.17566744
64.00000000,2283.00000000,0.17479541
64.00000000,2284.00000000,0.17392065
64.00000000,2285.00000000,0.17304338
64.00000000,2286.00000000,0.17216367
64.00000000,2287.00000000,0.17128163
64.00000000,2288.00000000,0.17039741
64.00000000,2289.00000000,0.16951112
64.00000000,2290.00000000,0.16862280
64.00000000,2291.00000000,0.16773265
64.00000000,2292.00000000,0.16684075
64.00000000,2293.00000000,0.16594711
64.00000000,2294.00000000,0.16505194
64.00000000,2295.00000000,0.16415524
64.00000000,2296.00000000,0.16325720
64.00000000,2297.00000000,0.16235785
64.00000000,2298.00000000,0.16145724
64.00000000,2299.00000000,0.16055553
64.00000000,2300.00000000,0.15965276
64.00000000,2301.00000000,0.15874897
64.00000000,2302.00000000,0.15784430
64.00000000,2303.00000000,0.15693876
64.00000000,2304.00000000,0.15603242
64.00000000,2305.00000000,0.15512539
64.00000000,2306.00000000,0.15421771
64.00000000,2307.00000000,0.15330940
64.00000000,2308.00000000,0.15240063
64.00000000,2309.00000000,0.15149137
64.00000000,2310.00000000,0.15058180
64.00000000,2311.00000000,0.14967195
64.00000000,2312.00000000,0.14876190
64.00000000,2313.00000000,0.14804543
64.00000000,2314.00000000,0.14789915
64.00000000,2315.00000000,0.14790885
64.00000000,2316.00000000,0.14791884
64.00000000,2317.00000000,0.14792905
64.00000000,2318.00000000,0.14793949
64.00000000,2319.00000000,0.14795019
64.00000000,2320.00000000,0.14798552
64.00000000,2321.00000000,0.14802110
64.00000000,2322.00000000,0.14805689
64.00000000,2323.00000000,0.14809286
64.00000000,2324.00000000,0.14812906
64.00000000,2325.00000000,0.14811713
64.00000000,2326.00000000,0.14810534
64.00000000,2327.00000000,0.14809375
64.00000000,2328.00000000,0.14808230
64.00000000,2329.00000000,0.14807099
64.00000000,2330.00000000,0.14805987
64.00000000,2331.00000000,0.14804890
64.00000000,2332.00000000,0.14803805
64.00000000,2333.00000000,0.14802737
64.00000000,2334.00000000,0.14801679
64.00000000,2335.00000000,0.14800638
64.00000000,2336.00000000,0.14799611
64.00000000,2337.00000000,0.14798592
64.00000000,2338.00000000,0.14797592
64.00000000,2339.00000000,0.14796603
64.00000000,2340.00000000,0.14795412
64.00000000,2341.00000000,0.14794239
64.00000000,2342.00000000,0.14793077
64.00000000,2343.00000000,0.14791919
64.00000000,2344.00000000,0.14790780
64.00000000,2345.00000000,0.14789645
64.00000000,2346.00000000,0.14788528
64.00000000,2347.00000000,0.14787418
64.00000000,2348.00000000,0.14786316
64.00000000,2349.00000000,0.14785227
64.00000000,2350.00000000,0.14784147
64.00000000,2351.00000000,0.14783073
64.00000000,2352.00000000,0.14782012
64.00000000,2353.00000000,0.14780963
64.00000000,2354.00000000,0.14779918
64.00000000,2355.00000000,0.14778887
64.00000000,2356.00000000,0.14777861
64.00000000,2357.00000000,0.14776847
64.00000000,2358.00000000,0.14775844
64.00000000,2359.00000000,0.14774844
64.00000000,2360.00000000,0.14773858
64.00000000,2361.00000000,0.14772880
64.00000000,2362.00000000,0.14771906
64.00000000,2363.00000000,0.14770945
64.00000000,2364.00000000,0.14769991
64.00000000,2365.00000000,0.14769505
64.00000000,2366.00000000,0.14769033
64.00000000,2367.00000000,0.14768567
64.00000000,2368.00000000,0.14768104
64.00000000,2369.00000000,0.14767654
64.00000000,2370.00000000,0.14767206
64.00000000,2371.00000000,0.14766769
64.00000000,2372.00000000,0.14766337
64.00000000,2373.00000000,0.14765909
64.00000000,2374.00000000,0.14765491
64.00000000,2375.00000000,0.14765080
64.00000000,2376.00000000,0.14764670
64.00000000,2377.00000000,0.14764271
64.00000000,2378.00000000,0.14763875
64.00000000,2379.00000000,0.14763483
64.00000000,2380.00000000,0.14763099
64.00000000,2381.00000000,0.14762717
64.00000000,2382.00000000,0.14762344
64.00000000,2383.00000000,0.14761975
64.00000000,2384.00000000,0.14761608
64.00000000,2385.00000000,0.14761250
64.00000000,2386.00000000,0.14760896
64.00000000,2387.00000000,0.14760542
64.00000000,2388.00000000,0.14760196
64.00000000,2389.00000000,0.14759855
64.00000000,2390.00000000,0.14759513
64.00000000,2391.00000000,0.14759180
64.00000000,2392.00000000,0.14758853
64.00000000,2393.00000000,0.14758522
64.00000000,2394.00000000,0.14758200
64.00000000,2395.00000000,0.14757878
64.00000000,2396.00000000,0.14757563
64.00000000,2397.00000000,0.14757251
64.00000000,2398.00000000,0.14756939
64.00000000,2399.00000000,0.14756634
64.00000000,2400.00000000,0.14756331
64.00000000,2401.00000000,0.14756028
64.00000000,2402.00000000,0.14755732
64.00000000,2403.00000000,0.14755441
64.00000000,2404.00000000,0.14755148
64.00000000,2405.00000000,0.14754863
64.00000000,2406.00000000,0.14754577
64.00000000,2407.00000000,0.14754299
64.00000000,2408.00000000,0.14754025
64.00000000,2409.00000000,0.14753749
64.00000000,2410.00000000,0.14753482
64.00000000,2411.00000000,0.14753216
64.00000000,2412.00000000,0.14752949
64.00000000,2413.00000000,0.14752690
64.00000000,2414.00000000,0.14752435
64.00000000,2415.00000000,0.14752043
64.00000000,2416.00000000,0.14751659
64.00000000,2417.00000000,0.14751278
64.00000000,2418.00000000,0.14750893
64.00000000,2419.00000000,0.14750516
64.00000000,2420.00000000,0.14750136
64.00000000,2421.00000000,0.14749764
64.00000000,2422.00000000,0.14749395
64.00000000,2423.00000000,0.14749020
64.00000000,2424.00000000,0.14748654
64.00000000,2425.00000000,0.14748290
64.00000000,2426.00000000,0.14747921
64.00000000,2427.00000000,0.14747561
64.00000000,2428.00000000,0.14747202
64.00000000,2429.00000000,0.14746839
64.00000000,2430.00000000,0.14746482
64.00000000,2431.00000000,0.14746122
64.00000000,2432.00000000,0.14745770
64.00000000,2433.00000000,0.14745418
64.00000000,2434.00000000,0.14745062
64.00000000,2435.00000000,0.14744713
64.00000000,2436.00000000,0.14744366
64.00000000,2437.00000000,0.14744014
64.00000000,2438.00000000,0.14743669
64.00000000,2439.00000000,0.14743325
64.00000000,2440.00000000,0.14742976
64.00000000,2441.00000000,0.14742634
64.00000000,2442.00000000,0.14742286
64.00000000,2443.00000000,0.14741948
64.00000000,2444.00000000,0.14741608
64.00000000,2445.00000000,0.14741264
64.00000000,2446.00000000,0.14740926
64.00000000,2447.00000000,0.14740590
64.00000000,2448.00000000,0.14740248
64.00000000,2449.00000000,0.14739913
64.00000000,2450.00000000,0.14739579
64.00000000,2451.00000000,0.14739238
64.00000000,2452.00000000,0.14738905
64.00000000,2453.00000000,0.14738571
64.00000000,2454.00000000,0.14738230
64.00000000,2455.00000000,0.14737897
64.00000000,2456.00000000,0.14737555
64.00000000,2457.00000000,0.14737222
64.00000000,2458.00000000,0.14736888
64.00000000,2459.00000000,0.14736546
64.00000000,2460.00000000,0.14736212
64.00000000,2461.00000000,0.14735875
64.00000000,2462.00000000,0.14735533
64.00000000,2463.00000000,0.14735197
64.00000000,2464.00000000,0.14734861
64.00000000,2465.00000000,0.14734376
64.00000000,2466.00000000,0.14733899
64.00000000,2467.00000000,0.14733413
64.00000000,2468.00000000,0.14732935
64.00000000,2469.00000000,0.14732456
64.00000000,2470.00000000,0.14731968
64.00000000,2471.00000000,0.14731488
64.00000000,2472.00000000,0.14731009
64.00000000,2473.00000000,0.14730520
64.00000000,2474.00000000,0.14730039
64.00000000,2475.00000000,0.14729556
64.00000000,2476.00000000,0.14729066
64.00000000,2477.00000000,0.14728584
64.00000000,2478.00000000,0.14728102
64.00000000,2479.00000000,0.14727609
64.00000000,2480.00000000,0.14727126
64.00000000,2481.00000000,0.14726633
64.00000000,2482.00000000,0.14726149
64.00000000,2483.00000000,0.14725663
64.00000000,2484.00000000,0.14725169
64.00000000,2485.00000000,0.14724683
64.00000000,2486.00000000,0.14724197
64.00000000,2487.00000000,0.14723700
64.00000000,2488.00000000,0.14723214
64.00000000,2489.00000000,0.14722726
64.00000000,2490.00000000,0.14722228
64.00000000,2491.00000000,0.14721741
64.00000000,2492.00000000,0.14721241
64.00000000,2493.00000000,0.14720752
64.00000000,2494.00000000,0.14720263
64.00000000,2495.00000000,0.14719763
64.00000000,2496.00000000,0.14719272
64.00000000,2497.00000000,0.14718782
64.00000000,2498.00000000,0.14718281
64.00000000,2499.00000000,0.14717789
64.00000000,2500.00000000,0.14717297
65.00000000,1765.00000000,0.11349518
65.00000000,1766.00000000,0.11349531
65.00000000,1767.00000000,0.11349539
65.00000000,1768.00000000,0.11349546
65.00000000,1769.00000000,0.11349598
65.00000000,1770.00000000,0.11349624
65.00000000,1771.00000000,0.11349687
65.00000000,1772.00000000,0.11349775
65.00000000,1773.00000000,0.11349875
65.00000000,1774.00000000,0.11349964
65.00000000,1775.00000000,0.11350103
65.00000000,1776.00000000,0.11350244
65.00000000,1777.00000000,0.11350407
65.00000000,1778.00000000,0.11350592
65.00000000,1779.00000000,0.11350778
65.00000000,1780.00000000,0.11350986
65.00000000,1781.00000000,0.11351210
65.00000000,1782.00000000,0.11351451
65.00000000,1783.00000000,0.11351693
65.00000000,1784.00000000,0.11351956
65.00000000,1785.00000000,0.11352237
65.00000000,1786.00000000,0.11352527
65.00000000,1787.00000000,0.11352830
65.00000000,1788.00000000,0.11353136
65.00000000,1789.00000000,0.11353458
65.00000000,1790.00000000,0.11353787
65.00000000,1791.00000000,0.11354133
65.00000000,1792.00000000,0.11354481
65.00000000,1793.00000000,0.11354846
65.00000000,1794.00000000,0.11355210
65.00000000,1795.00000000,0.11355591
65.00000000,1796.00000000,0.11355974
65.00000000,1797.00000000,0.11356367
65.00000000,1798.00000000,0.11356769
65.00000000,1799.00000000,0.11357172
65.00000000,1800.00000000,0.11357588
65.00000000,1801.00000000,0.11358016
65.00000000,1802.00000000,0.11358432
65.00000000,1803.00000000,0.11358869
65.00000000,1804.00000000,0.11359311
65.00000000,1805.00000000,0.11359750
65.00000000,1806.00000000,0.11360203
65.00000000,1807.00000000,0.11360654
65.00000000,1808.00000000,0.11361120
65.00000000,1809.00000000,0.11361587
65.00000000,1810.00000000,0.11362058
65.00000000,1811.00000000,0.11362539
65.00000000,1812.00000000,0.11363024
65.00000000,1813.00000000,0.11363518
65.00000000,1814.00000000,0.11364015
65.00000000,1815.00000000,0.11364519
65.00000000,1816.00000000,0.11365027
65.00000000,1817.00000000,0.11365548
65.00000000,1818.00000000,0.11366070
65.00000000,1819.00000000,0.11366597
65.00000000,1820.00000000,0.11367128
65.00000000,1821.00000000,0.11367670
65.00000000,1822.00000000,0.11368219
65.00000000,1823.00000000,0.11368773
65.00000000,1824.00000000,0.11369341
65.00000000,1825.00000000,0.11369913
65.00000000,1826.00000000,0.11370495
65.00000000,1827.00000000,0.11371090
65.00000000,1828.00000000,0.11371691
65.00000000,1829.00000000,0.11372310
65.00000000,1830.00000000,0.11372935
65.00000000,1831.00000000,0.11374567
65.00000000,1832.00000000,0.11375219
65.00000000,1833.00000000,0.11375875
65.00000000,1834.00000000,0.11376552
65.00000000,1835.00000000,0.11377237
65.00000000,1836.00000000,0.11378269
65.00000000,1837.00000000,0.11378976
65.00000000,1838.00000000,0.11379697
65.00000000,1839.00000000,0.11380420
65.00000000,1840.00000000,0.11381160
65.00000000,1841.00000000,0.11381905
65.00000000,1842.00000000,0.11382659
65.00000000,1843.00000000,0.11383419
65.00000000,1844.00000000,0.11384187
65.00000000,1845.00000000,0.11384964
65.00000000,1846.00000000,0.11386084
65.00000000,1847.00000000,0.11386868
65.00000000,1848.00000000,0.11387663
65.00000000,1849.00000000,0.11388461
65.00000000,1850.00000000,0.11389264
65.00000000,1851.00000000,0.11390066
65.00000000,1852.00000000,0.11390877
65.00000000,1853.00000000,0.11391729
65.00000000,1854.00000000,0.11392610
65.00000000,1855.00000000,0.11393483
65.00000000,1856.00000000,0.11394694
65.00000000,1857.00000000,0.11395555
65.00000000,1858.00000000,0.11396422
65.00000000,1859.00000000,0.11397282
65.00000000,1860.00000000,0.11398146
65.00000000,1861.00000000,0.11399001
65.00000000,1862.00000000,0.11400181
65.00000000,1863.00000000,0.11400946
65.00000000,1864.00000000,0.11401657
65.00000000,1865.00000000,0.11402658
65.00000000,1866.00000000,0.11403290
65.00000000,1867.00000000,0.11404569
65.00000000,1868.00000000,0.11404811
65.00000000,1869.00000000,0.11405362
65.00000000,1870.00000000,0.11405890
65.00000000,1871.00000000,0.11406738
65.00000000,1872.00000000,0.11407267
65.00000000,1873.00000000,0.11407894
65.00000000,1874.00000000,0.11408582
65.00000000,1875.00000000,0.11409304
65.00000000,1876.00000000,0.11410397
65.00000000,1877.00000000,0.11411184
65.00000000,1878.00000000,0.11411981
65.00000000,1879.00000000,0.11412808
65.00000000,1880.00000000,0.11413977
65.00000000,1881.00000000,0.11415153
65.00000000,1882.00000000,0.11416331
65.00000000,1883.00000000,0.11417114
65.00000000,1884.00000000,0.11417849
65.00000000,1885.00000000,0.11418558
65.00000000,1886.00000000,0.11419247
65.00000000,1887.00000000,0.11420264
65.00000000,1888.00000000,0.11421259
65.00000000,1889.00000000,0.11421888
65.00000000,1890.00000000,0.11422822
65.00000000,1891.00000000,0.11423385
65.00000000,1892.00000000,0.11424241
65.00000000,1893.00000000,0.11424757
65.00000000,1894.00000000,0.11425270
65.00000000,1895.00000000,0.11427821
65.00000000,1896.00000000,0.11428032
65.00000000,1897.00000000,0.11428574
65.00000000,1898.00000000,0.11429438
65.00000000,1899.00000000,0.11429949
65.00000000,1900.00000000,0.11430748
65.00000000,1901.00000000,0.11432524
65.00000000,1902.00000000,0.11432971
65.00000000,1903.00000000,0.11433760
65.00000000,1904.00000000,0.11434563
65.00000000,1905.00000000,0.11435715
65.00000000,1906.00000000,0.11436561
65.00000000,1907.00000000,0.11437752
65.00000000,1908.00000000,0.11438587
65.00000000,1909.00000000,0.11439744
65.00000000,1910.00000000,0.11441577
65.00000000,1911.00000000,0.11442045
65.00000000,1912.00000000,0.11443451
65.00000000,1913.00000000,0.11444074
65.00000000,1914.00000000,0.11445265
65.00000000,1915.00000000,0.11446747
65.00000000,1916.00000000,0.11446924
65.00000000,1917.00000000,0.11448119
65.00000000,1918.00000000,0.11448982
65.00000000,1919.00000000,0.11452534
65.00000000,1920.00000000,0.11453512
65.00000000,1921.00000000,0.11455592
65.00000000,1922.00000000,0.11456477
65.00000000,1923.00000000,0.11457469
65.00000000,1924.00000000,0.11459833
65.00000000,1925.00000000,0.11463176
65.00000000,1926.00000000,0.11465182
65.00000000,1927.00000000,0.11466512
65.00000000,1928.00000000,0.11469531
65.00000000,1929.00000000,0.11472891
65.00000000,1930.00000000,0.11475958
65.00000000,1931.00000000,0.11477838
65.00000000,1932.00000000,0.11481671
65.00000000,1933.00000000,0.11484592
65.00000000,1934.00000000,0.11488326
65.00000000,1935.00000000,0.11491449
65.00000000,1936.00000000,0.11495887
65.00000000,1937.00000000,0.11502932
65.00000000,1938.00000000,0.11507823
65.00000000,1939.00000000,0.11505582
65.00000000,1940.00000000,0.11511305
65.00000000,1941.00000000,0.11513220
65.00000000,1942.00000000,0.11515003
65.00000000,1943.00000000,0.11516193
65.00000000,1944.00000000,0.11521514
65.00000000,1945.00000000,0.11530877
65.00000000,1946.00000000,0.11534030
65.00000000,1947.00000000,0.11539441
65.00000000,1948.00000000,0.11545975
65.00000000,1949.00000000,0.11548167
65.00000000,1950.00000000,0.11550008
65.00000000,1951.00000000,0.11552504
65.00000000,1952.00000000,0.11558421
65.00000000,1953.00000000,0.11570366
65.00000000,1954.00000000,0.11571581
65.00000000,1955.00000000,0.11582539
65.00000000,1956.00000000,0.11589135
65.00000000,1957.00000000,0.11590996
65.00000000,1958.00000000,0.11590765
65.00000000,1959.00000000,0.11596152
65.00000000,1960.00000000,0.11604656
65.00000000,1961.00000000,0.11609587
65.00000000,1962.00000000,0.11617121
65.00000000,1963.00000000,0.11625913
65.00000000,1964.00000000,0.11640271
65.00000000,1965.00000000,0.11649468
65.00000000,1966.00000000,0.11655477
65.00000000,1967.00000000,0.11660006
65.00000000,1968.00000000,0.11676695
65.00000000,1969.00000000,0.11678395
65.00000000,1970.00000000,0.11690475
65.00000000,1971.00000000,0.11703773
65.00000000,1972.00000000,0.11727507
65.00000000,1973.00000000,0.11713646
65.00000000,1974.00000000,0.11722390
65.00000000,1975.00000000,0.11730515
65.00000000,1976.00000000,0.11732892
65.00000000,1977.00000000,0.11743936
65.00000000,1978.00000000,0.11761913
65.00000000,1979.00000000,0.11727501
65.00000000,1980.00000000,0.11719989
65.00000000,1981.00000000,0.11737432
65.00000000,1982.00000000,0.11752206
65.00000000,1983.00000000,0.11743295
65.00000000,1984.00000000,0.11698119
65.00000000,1985.00000000,0.11738533
65.00000000,1986.00000000,0.11694512
65.00000000,1987.00000000,0.11707494
65.00000000,1988.00000000,0.11748131
65.00000000,1989.00000000,0.11744926
65.00000000,1990.00000000,0.11748000
65.00000000,1991.00000000,0.11749771
65.00000000,1992.00000000,0.11775220
65.00000000,1993.00000000,0.11775625
65.00000000,1994.00000000,0.11801777
65.00000000,1995.00000000,0.11771082
65.00000000,1996.00000000,0.11733514
65.00000000,1997.00000000,0.11702570
65.00000000,1998.00000000,0.11717724
65.00000000,1999.00000000,0.11744283
65.00000000,2000.00000000,0.11762429
65.00000000,2001.00000000,0.11796936
65.00000000,2002.00000000,0.11823567
65.00000000,2003.00000000,0.11802013
65.00000000,2004.00000000,0.11819144
65.00000000,2005.00000000,0.11854849
65.00000000,2006.00000000,0.11866283
65.00000000,2007.00000000,0.11868320
65.00000000,2008.00000000,0.11883511
65.00000000,2009.00000000,0.11879553
65.00000000,2010.00000000,0.11804349
65.00000000,2011.00000000,0.11828376
65.00000000,2012.00000000,0.11877338
65.00000000,2013.00000000,0.11900710
65.00000000,2014.00000000,0.11882068
65.00000000,2015.00000000,0.11949239
65.00000000,2016.00000000,0.11992176
65.00000000,2017.00000000,0.11998724
65.00000000,2018.00000000,0.12010668
65.00000000,2019.00000000,0.12015547
65.00000000,2020.00000000,0.12070828
65.00000000,2021.00000000,0.12111824
65.00000000,2022.00000000,0.12138559
65.00000000,2023.00000000,0.12154701
65.00000000,2024.00000000,0.12194308
65.00000000,2025.00000000,0.12228267
65.00000000,2026.00000000,0.12230212
65.00000000,2027.00000000,0.12261220
65.00000000,2028.00000000,0.12305948
65.00000000,2029.00000000,0.12354588
65.00000000,2030.00000000,0.12395750
65.00000000,2031.00000000,0.12444393
65.00000000,2032.00000000,0.12475456
65.00000000,2033.00000000,0.12529486
65.00000000,2034.00000000,0.12594711
65.00000000,2035.00000000,0.12680467
65.00000000,2036.00000000,0.12726821
65.00000000,2037.00000000,0.12777171
65.00000000,2038.00000000,0.12849265
65.00000000,2039.00000000,0.12847907
65.00000000,2040.00000000,0.12834222
65.00000000,2041.00000000,0.12915998
65.00000000,2042.00000000,0.12958288
65.00000000,2043.00000000,0.12977839
65.00000000,2044.00000000,0.13063135
65.00000000,2045.00000000,0.13040103
65.00000000,2046.00000000,0.12982014
65.00000000,2047.00000000,0.12963152
65.00000000,2048.00000000,0.12951860
65.00000000,2049.00000000,0.13003241
65.00000000,2050.00000000,0.13046139
65.00000000,2051.00000000,0.13092635
65.00000000,2052.00000000,0.13131619
65.00000000,2053.00000000,0.13191958
65.00000000,2054.00000000,0.13224793
65.00000000,2055.00000000,0.13235297
65.00000000,2056.00000000,0.13257001
65.00000000,2057.00000000,0.13212955
65.00000000,2058.00000000,0.13207681
65.00000000,2059.00000000,0.13237618
65.00000000,2060.00000000,0.13271270
65.00000000,2061.00000000,0.13307364
65.00000000,2062.00000000,0.13334430
65.00000000,2063.00000000,0.13317857
65.00000000,2064.00000000,0.13305440
65.00000000,2065.00000000,0.13351191
65.00000000,2066.00000000,0.13395722
65.00000000,2067.00000000,0.13407118
65.00000000,2068.00000000,0.13507251
65.00000000,2069.00000000,0.13622854
65.00000000,2070.00000000,0.13711728
65.00000000,2071.00000000,0.13767200
65.00000000,2072.00000000,0.13823175
65.00000000,2073.00000000,0.13879673
65.00000000,2074.00000000,0.13936709
65.00000000,2075.00000000,0.13994268
65.00000000,2076.00000000,0.14073989
65.00000000,2077.00000000,0.14154228
65.00000000,2078.00000000,0.14234969
65.00000000,2079.00000000,0.14316197
65.00000000,2080.00000000,0.14397878
65.00000000,2081.00000000,0.14480008
65.00000000,2082.00000000,0.14562614
65.00000000,2083.00000000,0.14645700
65.00000000,2084.00000000,0.14729292
65.00000000,2085.00000000,0.14813383
65.00000000,2086.00000000,0.14888453
65.00000000,2087.00000000,0.14964011
65.00000000,2088.00000000,0.15040019
65.00000000,2089.00000000,0.15116470
65.00000000,2090.00000000,0.15193352
65.00000000,2091.00000000,0.15270648
65.00000000,2092.00000000,0.15348402
65.00000000,2093.00000000,0.15426658
65.00000000,2094.00000000,0.15505416
65.00000000,2095.00000000,0.15584703
65.00000000,2096.00000000,0.15684157
65.00000000,2097.00000000,0.15784092
65.00000000,2098.00000000,0.15884515
65.00000000,2099.00000000,0.15985393
65.00000000,2100.00000000,0.16086687
65.00000000,2101.00000000,0.16188414
65.00000000,2102.00000000,0.16290588
65.00000000,2103.00000000,0.16393218
65.00000000,2104.00000000,0.16496337
65.00000000,2105.00000000,0.16599929
65.00000000,2106.00000000,0.16718249
65.00000000,2107.00000000,0.16837015
65.00000000,2108.00000000,0.16956192
65.00000000,2109.00000000,0.17075745
65.00000000,2110.00000000,0.17195659
65.00000000,2111.00000000,0.17315901
65.00000000,2112.00000000,0.17436438
65.00000000,2113.00000000,0.17557234
65.00000000,2114.00000000,0.17678285
65.00000000,2115.00000000,0.17799543
65.00000000,2116.00000000,0.17920169
65.00000000,2117.00000000,0.18040964
65.00000000,2118.00000000,0.18161889
65.00000000,2119.00000000,0.18282902
65.00000000,2120.00000000,0.18404005
65.00000000,2121.00000000,0.18525157
65.00000000,2122.00000000,0.18646308
65.00000000,2123.00000000,0.18767475
65.00000000,2124.00000000,0.18888603
65.00000000,2125.00000000,0.19009650
65.00000000,2126.00000000,0.19099442
65.00000000,2127.00000000,0.19189105
65.00000000,2128.00000000,0.19278627
65.00000000,2129.00000000,0.19368005
65.00000000,2130.00000000,0.19457218
65.00000000,2131.00000000,0.19546250
65.00000000,2132.00000000,0.19635084
65.00000000,2133.00000000,0.19723710
65.00000000,2134.00000000,0.19812113
65.00000000,2135.00000000,0.19900268
65.00000000,2136.00000000,0.19960076
65.00000000,2137.00000000,0.20019620
65.00000000,2138.00000000,0.20078858
65.00000000,2139.00000000,0.20137825
65.00000000,2140.00000000,0.20196494
65.00000000,2141.00000000,0.20254863
65.00000000,2142.00000000,0.20312923
65.00000000,2143.00000000,0.20370683
65.00000000,2144.00000000,0.20428125
65.00000000,2145.00000000,0.20485248
65.00000000,2146.00000000,0.20526401
65.00000000,2147.00000000,0.20567213
65.00000000,2148.00000000,0.20607700
65.00000000,2149.00000000,0.20647846
65.00000000,2150.00000000,0.20687669
65.00000000,2151.00000000,0.20727272
65.00000000,2152.00000000,0.20766971
65.00000000,2153.00000000,0.20807052
65.00000000,2154.00000000,0.20847695
65.00000000,2155.00000000,0.20888945
65.00000000,2156.00000000,0.20914748
65.00000000,2157.00000000,0.20941166
65.00000000,2158.00000000,0.20968173
65.00000000,2159.00000000,0.20995772
65.00000000,2160.00000000,0.21023921
65.00000000,2161.00000000,0.21052581
65.00000000,2162.00000000,0.21081749
65.00000000,2163.00000000,0.21111384
65.00000000,2164.00000000,0.21141460
65.00000000,2165.00000000,0.21171947
65.00000000,2166.00000000,0.21190492
65.00000000,2167.00000000,0.21209396
65.00000000,2168.00000000,0.21228638
65.00000000,2169.00000000,0.21248191
65.00000000,2170.00000000,0.21268055
65.00000000,2171.00000000,0.21288203
65.00000000,2172.00000000,0.21308616
65.00000000,2173.00000000,0.21329284
65.00000000,2174.00000000,0.21350179
65.00000000,2175.00000000,0.21371310
65.00000000,2176.00000000,0.21392652
65.00000000,2177.00000000,0.21414192
65.00000000,2178.00000000,0.21435918
65.00000000,2179.00000000,0.21457819
65.00000000,2180.00000000,0.21479877
65.00000000,2181.00000000,0.21502099
65.00000000,2182.00000000,0.21524462
65.00000000,2183.00000000,0.21546948
65.00000000,2184.00000000,0.21569576
65.00000000,2185.00000000,0.21592316
65.00000000,2186.00000000,0.21615155
65.00000000,2187.00000000,0.21638102
65.00000000,2188.00000000,0.21661130
65.00000000,2189.00000000,0.21684255
65.00000000,2190.00000000,0.21707465
65.00000000,2191.00000000,0.21730730
65.00000000,2192.00000000,0.21754068
65.00000000,2193.00000000,0.21777462
65.00000000,2194.00000000,0.21800897
65.00000000,2195.00000000,0.21824393
65.00000000,2196.00000000,0.21847924
65.00000000,2197.00000000,0.21871481
65.00000000,2198.00000000,0.21895071
65.00000000,2199.00000000,0.21918679
65.00000000,2200.00000000,0.21942308
65.00000000,2201.00000000,0.21965947
65.00000000,2202.00000000,0.21989585
65.00000000,2203.00000000,0.22013226
65.00000000,2204.00000000,0.22036864
65.00000000,2205.00000000,0.22060492
65.00000000,2206.00000000,0.22084106
65.00000000,2207.00000000,0.22107704
65.00000000,2208.00000000,0.22131266
65.00000000,2209.00000000,0.22154807
65.00000000,2210.00000000,0.22178311
65.00000000,2211.00000000,0.22201778
65.00000000,2212.00000000,0.22225196
65.00000000,2213.00000000,0.22248558
65.00000000,2214.00000000,0.22271860
65.00000000,2215.00000000,0.22295085
65.00000000,2216.00000000,0.22232571
65.00000000,2217.00000000,0.22169831
65.00000000,2218.00000000,0.22106872
65.00000000,2219.00000000,0.22043688
65.00000000,2220.00000000,0.21980304
65.00000000,2221.00000000,0.21916719
65.00000000,2222.00000000,0.21852940
65.00000000,2223.00000000,0.21788980
65.00000000,2224.00000000,0.21724837
65.00000000,2225.00000000,0.21660530
65.00000000,2226.00000000,0.21596054
65.00000000,2227.00000000,0.21531415
65.00000000,2228.00000000,0.21466626
65.00000000,2229.00000000,0.21401692
65.00000000,2230.00000000,0.21336608
65.00000000,2231.00000000,0.21271392
65.00000000,2232.00000000,0.21206046
65.00000000,2233.00000000,0.21140555
65.00000000,2234.00000000,0.21074955
65.00000000,2235.00000000,0.21009227
65.00000000,2236.00000000,0.20943384
65.00000000,2237.00000000,0.20877431
65.00000000,2238.00000000,0.20811370
65.00000000,2239.00000000,0.20745200
65.00000000,2240.00000000,0.20678932
65.00000000,2241.00000000,0.20612566
65.00000000,2242.00000000,0.20546101
65.00000000,2243.00000000,0.20479543
65.00000000,2244.00000000,0.20412897
65.00000000,2245.00000000,0.20346160
65.00000000,2246.00000000,0.20279340
65.00000000,2247.00000000,0.20212437
65.00000000,2248.00000000,0.20145452
65.00000000,2249.00000000,0.20078362
65.00000000,2250.00000000,0.20011048
65.00000000,2251.00000000,0.19943247
65.00000000,2252.00000000,0.19874732
65.00000000,2253.00000000,0.19805385
65.00000000,2254.00000000,0.19735159
65.00000000,2255.00000000,0.19664046
65.00000000,2256.00000000,0.19592062
65.00000000,2257.00000000,0.19519219
65.00000000,2258.00000000,0.19445534
65.00000000,2259.00000000,0.19371036
65.00000000,2260.00000000,0.19295748
65.00000000,2261.00000000,0.19219709
65.00000000,2262.00000000,0.19142958
65.00000000,2263.00000000,0.19065530
65.00000000,2264.00000000,0.18987466
65.00000000,2265.00000000,0.18908791
65.00000000,2266.00000000,0.18829522
65.00000000,2267.00000000,0.18749695
65.00000000,2268.00000000,0.18669326
65.00000000,2269.00000000,0.18588433
65.00000000,2270.00000000,0.18507043
65.00000000,2271.00000000,0.18425175
65.00000000,2272.00000000,0.18342839
65.00000000,2273.00000000,0.18260067
65.00000000,2274.00000000,0.18176865
65.00000000,2275.00000000,0.18093262
65.00000000,2276.00000000,0.18009267
65.00000000,2277.00000000,0.17924896
65.00000000,2278.00000000,0.17840170
65.00000000,2279.00000000,0.17755106
65.00000000,2280.00000000,0.17669708
65.00000000,2281.00000000,0.17584004
65.00000000,2282.00000000,0.17498000
65.00000000,2283.00000000,0.17411709
65.00000000,2284.00000000,0.17325148
65.00000000,2285.00000000,0.17238325
65.00000000,2286.00000000,0.17151257
65.00000000,2287.00000000,0.17063956
65.00000000,2288.00000000,0.16976425
65.00000000,2289.00000000,0.16888687
65.00000000,2290.00000000,0.16800746
65.00000000,2291.00000000,0.16712608
65.00000000,2292.00000000,0.16624294
65.00000000,2293.00000000,0.16535808
65.00000000,2294.00000000,0.16447157
65.00000000,2295.00000000,0.16358356
65.00000000,2296.00000000,0.16269407
65.00000000,2297.00000000,0.16180327
65.00000000,2298.00000000,0.16091119
65.00000000,2299.00000000,0.16001791
65.00000000,2300.00000000,0.15912356
65.00000000,2301.00000000,0.15822816
65.00000000,2302.00000000,0.15733178
65.00000000,2303.00000000,0.15643453
65.00000000,2304.00000000,0.15553643
65.00000000,2305.00000000,0.15463754
65.00000000,2306.00000000,0.15373798
65.00000000,2307.00000000,0.15283779
65.00000000,2308.00000000,0.15193701
65.00000000,2309.00000000,0.15103576
65.00000000,2310.00000000,0.15013404
65.00000000,2311.00000000,0.14923202
65.00000000,2312.00000000,0.14832974
65.00000000,2313.00000000,0.14742726
65.00000000,2314.00000000,0.14671668
65.00000000,2315.00000000,0.14657134
65.00000000,2316.00000000,0.14658061
65.00000000,2317.00000000,0.14659018
65.00000000,2318.00000000,0.14659999
65.00000000,2319.00000000,0.14660999
65.00000000,2320.00000000,0.14662028
65.00000000,2321.00000000,0.14665498
65.00000000,2322.00000000,0.14668994
65.00000000,2323.00000000,0.14672510
65.00000000,2324.00000000,0.14676044
65.00000000,2325.00000000,0.14679601
65.00000000,2326.00000000,0.14678388
65.00000000,2327.00000000,0.14677189
65.00000000,2328.00000000,0.14676010
65.00000000,2329.00000000,0.14674847
65.00000000,2330.00000000,0.14673695
65.00000000,2331.00000000,0.14672563
65.00000000,2332.00000000,0.14671447
65.00000000,2333.00000000,0.14670341
65.00000000,2334.00000000,0.14669254
65.00000000,2335.00000000,0.14668177
65.00000000,2336.00000000,0.14667118
65.00000000,2337.00000000,0.14666072
65.00000000,2338.00000000,0.14665035
65.00000000,2339.00000000,0.14664015
65.00000000,2340.00000000,0.14663007
65.00000000,2341.00000000,0.14661801
65.00000000,2342.00000000,0.14660610
65.00000000,2343.00000000,0.14659431
65.00000000,2344.00000000,0.14658258
65.00000000,2345.00000000,0.14657101
65.00000000,2346.00000000,0.14655951
65.00000000,2347.00000000,0.14654816
65.00000000,2348.00000000,0.14653690
65.00000000,2349.00000000,0.14652572
65.00000000,2350.00000000,0.14651468
65.00000000,2351.00000000,0.14650372
65.00000000,2352.00000000,0.14649282
65.00000000,2353.00000000,0.14648206
65.00000000,2354.00000000,0.14647141
65.00000000,2355.00000000,0.14646081
65.00000000,2356.00000000,0.14645035
65.00000000,2357.00000000,0.14643994
65.00000000,2358.00000000,0.14642966
65.00000000,2359.00000000,0.14641947
65.00000000,2360.00000000,0.14640933
65.00000000,2361.00000000,0.14639932
65.00000000,2362.00000000,0.14638939
65.00000000,2363.00000000,0.14637950
65.00000000,2364.00000000,0.14636974
65.00000000,2365.00000000,0.14636005
65.00000000,2366.00000000,0.14635500
65.00000000,2367.00000000,0.14635009
65.00000000,2368.00000000,0.14634524
65.00000000,2369.00000000,0.14634042
65.00000000,2370.00000000,0.14633573
65.00000000,2371.00000000,0.14633106
65.00000000,2372.00000000,0.14632650
65.00000000,2373.00000000,0.14632199
65.00000000,2374.00000000,0.14631753
65.00000000,2375.00000000,0.14631315
65.00000000,2376.00000000,0.14630885
65.00000000,2377.00000000,0.14630455
65.00000000,2378.00000000,0.14630037
65.00000000,2379.00000000,0.14629624
65.00000000,2380.00000000,0.14629211
65.00000000,2381.00000000,0.14628809
65.00000000,2382.00000000,0.14628407
65.00000000,2383.00000000,0.14628015
65.00000000,2384.00000000,0.14627629
65.00000000,2385.00000000,0.14627241
65.00000000,2386.00000000,0.14626863
65.00000000,2387.00000000,0.14626491
65.00000000,2388.00000000,0.14626118
65.00000000,2389.00000000,0.14625754
65.00000000,2390.00000000,0.14625394
65.00000000,2391.00000000,0.14625032
65.00000000,2392.00000000,0.14624680
65.00000000,2393.00000000,0.14624332
65.00000000,2394.00000000,0.14623983
65.00000000,2395.00000000,0.14623642
65.00000000,2396.00000000,0.14623301
65.00000000,2397.00000000,0.14622967
65.00000000,2398.00000000,0.14622636
65.00000000,2399.00000000,0.14622304
65.00000000,2400.00000000,0.14621980
65.00000000,2401.00000000,0.14621658
65.00000000,2402.00000000,0.14621336
65.00000000,2403.00000000,0.14621023
65.00000000,2404.00000000,0.14620712
65.00000000,2405.00000000,0.14620401
65.00000000,2406.00000000,0.14620098
65.00000000,2407.00000000,0.14619793
65.00000000,2408.00000000,0.14619498
65.00000000,2409.00000000,0.14619205
65.00000000,2410.00000000,0.14618910
65.00000000,2411.00000000,0.14618624
65.00000000,2412.00000000,0.14618341
65.00000000,2413.00000000,0.14618055
65.00000000,2414.00000000,0.14617778
65.00000000,2415.00000000,0.14617504
65.00000000,2416.00000000,0.14617094
65.00000000,2417.00000000,0.14616693
65.00000000,2418.00000000,0.14616294
65.00000000,2419.00000000,0.14615892
65.00000000,2420.00000000,0.14615498
65.00000000,2421.00000000,0.14615099
65.00000000,2422.00000000,0.14614709
65.00000000,2423.00000000,0.14614323
65.00000000,2424.00000000,0.14613930
65.00000000,2425.00000000,0.14613546
65.00000000,2426.00000000,0.14613165
65.00000000,2427.00000000,0.14612778
65.00000000,2428.00000000,0.14612400
65.00000000,2429.00000000,0.14612022
65.00000000,2430.00000000,0.14611642
65.00000000,2431.00000000,0.14611269
65.00000000,2432.00000000,0.14610890
65.00000000,2433.00000000,0.14610519
65.00000000,2434.00000000,0.14610150
65.00000000,2435.00000000,0.14609775
65.00000000,2436.00000000,0.14609409
65.00000000,2437.00000000,0.14609044
65.00000000,2438.00000000,0.14608673
65.00000000,2439.00000000,0.14608309
65.00000000,2440.00000000,0.14607947
65.00000000,2441.00000000,0.14607581
65.00000000,2442.00000000,0.14607221
65.00000000,2443.00000000,0.14606854
65.00000000,2444.00000000,0.14606497
65.00000000,2445.00000000,0.14606139
65.00000000,2446.00000000,0.14605777
65.00000000,2447.00000000,0.14605422
65.00000000,2448.00000000,0.14605067
65.00000000,2449.00000000,0.14604706
65.00000000,2450.00000000,0.14604352
65.00000000,2451.00000000,0.14603999
65.00000000,2452.00000000,0.14603641
65.00000000,2453.00000000,0.14603289
65.00000000,2454.00000000,0.14602936
65.00000000,2455.00000000,0.14602577
65.00000000,2456.00000000,0.14602224
65.00000000,2457.00000000,0.14601864
65.00000000,2458.00000000,0.14601510
65.00000000,2459.00000000,0.14601157
65.00000000,2460.00000000,0.14600796
65.00000000,2461.00000000,0.14600442
65.00000000,2462.00000000,0.14600088
65.00000000,2463.00000000,0.14599726
65.00000000,2464.00000000,0.14599371
65.00000000,2465.00000000,0.14599015
65.00000000,2466.00000000,0.14598513
65.00000000,2467.00000000,0.14598018
65.00000000,2468.00000000,0.14597514
65.00000000,2469.00000000,0.14597018
65.00000000,2470.00000000,0.14596521
65.00000000,2471.00000000,0.14596016
65.00000000,2472.00000000,0.14595518
65.00000000,2473.00000000,0.14595021
65.00000000,2474.00000000,0.14594514
65.00000000,2475.00000000,0.14594015
65.00000000,2476.00000000,0.14593516
65.00000000,2477.00000000,0.14593008
65.00000000,2478.00000000,0.14592507
65.00000000,2479.00000000,0.14592006
65.00000000,2480.00000000,0.14591497
65.00000000,2481.00000000,0.14590996
65.00000000,2482.00000000,0.14590485
65.00000000,2483.00000000,0.14589982
65.00000000,2484.00000000,0.14589480
65.00000000,2485.00000000,0.14588967
65.00000000,2486.00000000,0.14588463
65.00000000,2487.00000000,0.14587960
65.00000000,2488.00000000,0.14587446
65.00000000,2489.00000000,0.14586940
65.00000000,2490.00000000,0.14586435
65.00000000,2491.00000000,0.14585920
65.00000000,2492.00000000,0.14585414
65.00000000,2493.00000000,0.14584897
65.00000000,2494.00000000,0.14584390
65.00000000,2495.00000000,0.14583883
65.00000000,2496.00000000,0.14583365
65.00000000,2497.00000000,0.14582857
65.00000000,2498.00000000,0.14582348
65.00000000,2499.00000000,0.14581829
65.00000000,2500.00000000,0.14581320
66.00000000,1765.00000000,0.11206409
66.00000000,1766.00000000,0.11206400
66.00000000,1767.00000000,0.11206419
66.00000000,1768.00000000,0.11206437
66.00000000,1769.00000000,0.11206457
66.00000000,1770.00000000,0.11206525
66.00000000,1771.00000000,0.11206567
66.00000000,1772.00000000,0.11206647
66.00000000,1773.00000000,0.11206752
66.00000000,1774.00000000,0.11206870
66.00000000,1775.00000000,0.11206976
66.00000000,1776.00000000,0.11207133
66.00000000,1777.00000000,0.11207290
66.00000000,1778.00000000,0.11207471
66.00000000,1779.00000000,0.11207672
66.00000000,1780.00000000,0.11207875
66.00000000,1781.00000000,0.11208100
66.00000000,1782.00000000,0.11208337
66.00000000,1783.00000000,0.11208594
66.00000000,1784.00000000,0.11208850
66.00000000,1785.00000000,0.11209126
66.00000000,1786.00000000,0.11209420
66.00000000,1787.00000000,0.11209723
66.00000000,1788.00000000,0.11210038
66.00000000,1789.00000000,0.11210357
66.00000000,1790.00000000,0.11210690
66.00000000,1791.00000000,0.11211031
66.00000000,1792.00000000,0.11211387
66.00000000,1793.00000000,0.11211745
66.00000000,1794.00000000,0.11212120
66.00000000,1795.00000000,0.11212494
66.00000000,1796.00000000,0.11212883
66.00000000,1797.00000000,0.11213277
66.00000000,1798.00000000,0.11213677
66.00000000,1799.00000000,0.11214087
66.00000000,1800.00000000,0.11214498
66.00000000,1801.00000000,0.11214921
66.00000000,1802.00000000,0.11215355
66.00000000,1803.00000000,0.11215778
66.00000000,1804.00000000,0.11216220
66.00000000,1805.00000000,0.11216669
66.00000000,1806.00000000,0.11217114
66.00000000,1807.00000000,0.11217573
66.00000000,1808.00000000,0.11218029
66.00000000,1809.00000000,0.11218501
66.00000000,1810.00000000,0.11218974
66.00000000,1811.00000000,0.11219451
66.00000000,1812.00000000,0.11219936
66.00000000,1813.00000000,0.11220426
66.00000000,1814.00000000,0.11220924
66.00000000,1815.00000000,0.11221427
66.00000000,1816.00000000,0.11221933
66.00000000,1817.00000000,0.11222445
66.00000000,1818.00000000,0.11222969
66.00000000,1819.00000000,0.11223492
66.00000000,1820.00000000,0.11224022
66.00000000,1821.00000000,0.11224558
66.00000000,1822.00000000,0.11225101
66.00000000,1823.00000000,0.11225653
66.00000000,1824.00000000,0.11226212
66.00000000,1825.00000000,0.11226779
66.00000000,1826.00000000,0.11227352
66.00000000,1827.00000000,0.11227939
66.00000000,1828.00000000,0.11228532
66.00000000,1829.00000000,0.11229138
66.00000000,1830.00000000,0.11229753
66.00000000,1831.00000000,0.11230377
66.00000000,1832.00000000,0.11232003
66.00000000,1833.00000000,0.11232650
66.00000000,1834.00000000,0.11233310
66.00000000,1835.00000000,0.11233983
66.00000000,1836.00000000,0.11234672
66.00000000,1837.00000000,0.11235696
66.00000000,1838.00000000,0.11236406
66.00000000,1839.00000000,0.11237122
66.00000000,1840.00000000,0.11237848
66.00000000,1841.00000000,0.11238583
66.00000000,1842.00000000,0.11239330
66.00000000,1843.00000000,0.11240078
66.00000000,1844.00000000,0.11240842
66.00000000,1845.00000000,0.11241603
66.00000000,1846.00000000,0.11242382
66.00000000,1847.00000000,0.11243491
66.00000000,1848.00000000,0.11244277
66.00000000,1849.00000000,0.11245065
66.00000000,1850.00000000,0.11245865
66.00000000,1851.00000000,0.11246656
66.00000000,1852.00000000,0.11247459
66.00000000,1853.00000000,0.11248307
66.00000000,1854.00000000,0.11249183
66.00000000,1855.00000000,0.11250052
66.00000000,1856.00000000,0.11250918
66.00000000,1857.00000000,0.11252109
66.00000000,1858.00000000,0.11252962
66.00000000,1859.00000000,0.11253823
66.00000000,1860.00000000,0.11254678
66.00000000,1861.00000000,0.11255534
66.00000000,1862.00000000,0.11256367
66.00000000,1863.00000000,0.11257464
66.00000000,1864.00000000,0.11258170
66.00000000,1865.00000000,0.11258834
66.00000000,1866.00000000,0.11259793
66.00000000,1867.00000000,0.11260396
66.00000000,1868.00000000,0.11261632
66.00000000,1869.00000000,0.11261852
66.00000000,1870.00000000,0.11262371
66.00000000,1871.00000000,0.11262882
66.00000000,1872.00000000,0.11263742
66.00000000,1873.00000000,0.11264362
66.00000000,1874.00000000,0.11265042
66.00000000,1875.00000000,0.11265773
66.00000000,1876.00000000,0.11266522
66.00000000,1877.00000000,0.11267640
66.00000000,1878.00000000,0.11268443
66.00000000,1879.00000000,0.11269263
66.00000000,1880.00000000,0.11270096
66.00000000,1881.00000000,0.11271267
66.00000000,1882.00000000,0.11272436
66.00000000,1883.00000000,0.11273560
66.00000000,1884.00000000,0.11274291
66.00000000,1885.00000000,0.11275001
66.00000000,1886.00000000,0.11275690
66.00000000,1887.00000000,0.11276372
66.00000000,1888.00000000,0.11277364
66.00000000,1889.00000000,0.11278330
66.00000000,1890.00000000,0.11278920
66.00000000,1891.00000000,0.11279817
66.00000000,1892.00000000,0.11280341
66.00000000,1893.00000000,0.11281186
66.00000000,1894.00000000,0.11281702
66.00000000,1895.00000000,0.11282239
66.00000000,1896.00000000,0.11284775
66.00000000,1897.00000000,0.11284990
66.00000000,1898.00000000,0.11285518
66.00000000,1899.00000000,0.11286361
66.00000000,1900.00000000,0.11286828
66.00000000,1901.00000000,0.11287595
66.00000000,1902.00000000,0.11289371
66.00000000,1903.00000000,0.11289831
66.00000000,1904.00000000,0.11290631
66.00000000,1905.00000000,0.11291450
66.00000000,1906.00000000,0.11292627
66.00000000,1907.00000000,0.11293483
66.00000000,1908.00000000,0.11294655
66.00000000,1909.00000000,0.11295477
66.00000000,1910.00000000,0.11296641
66.00000000,1911.00000000,0.11298448
66.00000000,1912.00000000,0.11298853
66.00000000,1913.00000000,0.11300143
66.00000000,1914.00000000,0.11300669
66.00000000,1915.00000000,0.11301811
66.00000000,1916.00000000,0.11303317
66.00000000,1917.00000000,0.11303509
66.00000000,1918.00000000,0.11304700
66.00000000,1919.00000000,0.11305582
66.00000000,1920.00000000,0.11309207
66.00000000,1921.00000000,0.11310284
66.00000000,1922.00000000,0.11312499
66.00000000,1923.00000000,0.11313487
66.00000000,1924.00000000,0.11314508
66.00000000,1925.00000000,0.11316840
66.00000000,1926.00000000,0.11320159
66.00000000,1927.00000000,0.11322152
66.00000000,1928.00000000,0.11323494
66.00000000,1929.00000000,0.11326480
66.00000000,1930.00000000,0.11329842
66.00000000,1931.00000000,0.11333018
66.00000000,1932.00000000,0.11335079
66.00000000,1933.00000000,0.11339014
66.00000000,1934.00000000,0.11342023
66.00000000,1935.00000000,0.11345747
66.00000000,1936.00000000,0.11348787
66.00000000,1937.00000000,0.11353075
66.00000000,1938.00000000,0.11359889
66.00000000,1939.00000000,0.11364632
66.00000000,1940.00000000,0.11362327
66.00000000,1941.00000000,0.11367876
66.00000000,1942.00000000,0.11369631
66.00000000,1943.00000000,0.11371319
66.00000000,1944.00000000,0.11372431
66.00000000,1945.00000000,0.11377714
66.00000000,1946.00000000,0.11387133
66.00000000,1947.00000000,0.11390501
66.00000000,1948.00000000,0.11395975
66.00000000,1949.00000000,0.11402457
66.00000000,1950.00000000,0.11404615
66.00000000,1951.00000000,0.11406409
66.00000000,1952.00000000,0.11408951
66.00000000,1953.00000000,0.11414803
66.00000000,1954.00000000,0.11426616
66.00000000,1955.00000000,0.11427843
66.00000000,1956.00000000,0.11438693
66.00000000,1957.00000000,0.11445169
66.00000000,1958.00000000,0.11446945
66.00000000,1959.00000000,0.11446633
66.00000000,1960.00000000,0.11451738
66.00000000,1961.00000000,0.11459949
66.00000000,1962.00000000,0.11464743
66.00000000,1963.00000000,0.11472116
66.00000000,1964.00000000,0.11480706
66.00000000,1965.00000000,0.11494772
66.00000000,1966.00000000,0.11503711
66.00000000,1967.00000000,0.11509508
66.00000000,1968.00000000,0.11513807
66.00000000,1969.00000000,0.11530078
66.00000000,1970.00000000,0.11531457
66.00000000,1971.00000000,0.11543001
66.00000000,1972.00000000,0.11555636
66.00000000,1973.00000000,0.11578693
66.00000000,1974.00000000,0.11564606
66.00000000,1975.00000000,0.11573074
66.00000000,1976.00000000,0.11581107
66.00000000,1977.00000000,0.11583529
66.00000000,1978.00000000,0.11594485
66.00000000,1979.00000000,0.11612281
66.00000000,1980.00000000,0.11578171
66.00000000,1981.00000000,0.11570769
66.00000000,1982.00000000,0.11588396
66.00000000,1983.00000000,0.11603680
66.00000000,1984.00000000,0.11595513
66.00000000,1985.00000000,0.11551291
66.00000000,1986.00000000,0.11591628
66.00000000,1987.00000000,0.11548223
66.00000000,1988.00000000,0.11561153
66.00000000,1989.00000000,0.11601406
66.00000000,1990.00000000,0.11598209
66.00000000,1991.00000000,0.11601282
66.00000000,1992.00000000,0.11603167
66.00000000,1993.00000000,0.11628545
66.00000000,1994.00000000,0.11629203
66.00000000,1995.00000000,0.11655321
66.00000000,1996.00000000,0.11625045
66.00000000,1997.00000000,0.11587860
66.00000000,1998.00000000,0.11557212
66.00000000,1999.00000000,0.11572280
66.00000000,2000.00000000,0.11598703
66.00000000,2001.00000000,0.11616727
66.00000000,2002.00000000,0.11650907
66.00000000,2003.00000000,0.11677339
66.00000000,2004.00000000,0.11655878
66.00000000,2005.00000000,0.11672486
66.00000000,2006.00000000,0.11707299
66.00000000,2007.00000000,0.11718084
66.00000000,2008.00000000,0.11719624
66.00000000,2009.00000000,0.11734245
66.00000000,2010.00000000,0.11729958
66.00000000,2011.00000000,0.11655181
66.00000000,2012.00000000,0.11678640
66.00000000,2013.00000000,0.11726756
66.00000000,2014.00000000,0.11749540
66.00000000,2015.00000000,0.11730738
66.00000000,2016.00000000,0.11796878
66.00000000,2017.00000000,0.11839046
66.00000000,2018.00000000,0.11845217
66.00000000,2019.00000000,0.11856752
66.00000000,2020.00000000,0.11861307
66.00000000,2021.00000000,0.11915769
66.00000000,2022.00000000,0.11956126
66.00000000,2023.00000000,0.11982413
66.00000000,2024.00000000,0.11998255
66.00000000,2025.00000000,0.12037333
66.00000000,2026.00000000,0.12070855
66.00000000,2027.00000000,0.12072711
66.00000000,2028.00000000,0.12103342
66.00000000,2029.00000000,0.12147555
66.00000000,2030.00000000,0.12195649
66.00000000,2031.00000000,0.12236346
66.00000000,2032.00000000,0.12284413
66.00000000,2033.00000000,0.12315053
66.00000000,2034.00000000,0.12368380
66.00000000,2035.00000000,0.12432768
66.00000000,2036.00000000,0.12517459
66.00000000,2037.00000000,0.12563164
66.00000000,2038.00000000,0.12612831
66.00000000,2039.00000000,0.12684008
66.00000000,2040.00000000,0.12682539
66.00000000,2041.00000000,0.12668878
66.00000000,2042.00000000,0.12749611
66.00000000,2043.00000000,0.12791260
66.00000000,2044.00000000,0.12810392
66.00000000,2045.00000000,0.12894545
66.00000000,2046.00000000,0.12871554
66.00000000,2047.00000000,0.12813901
66.00000000,2048.00000000,0.12795058
66.00000000,2049.00000000,0.12783706
66.00000000,2050.00000000,0.12834350
66.00000000,2051.00000000,0.12876614
66.00000000,2052.00000000,0.12922450
66.00000000,2053.00000000,0.12960873
66.00000000,2054.00000000,0.13020416
66.00000000,2055.00000000,0.13052780
66.00000000,2056.00000000,0.13063068
66.00000000,2057.00000000,0.13084442
66.00000000,2058.00000000,0.13040816
66.00000000,2059.00000000,0.13035528
66.00000000,2060.00000000,0.13065066
66.00000000,2061.00000000,0.13098302
66.00000000,2062.00000000,0.13134036
66.00000000,2063.00000000,0.13160941
66.00000000,2064.00000000,0.13144762
66.00000000,2065.00000000,0.13132732
66.00000000,2066.00000000,0.13178227
66.00000000,2067.00000000,0.13222525
66.00000000,2068.00000000,0.13234061
66.00000000,2069.00000000,0.13333326
66.00000000,2070.00000000,0.13447879
66.00000000,2071.00000000,0.13536015
66.00000000,2072.00000000,0.13591186
66.00000000,2073.00000000,0.13646927
66.00000000,2074.00000000,0.13703225
66.00000000,2075.00000000,0.13760070
66.00000000,2076.00000000,0.13817436
66.00000000,2077.00000000,0.13896706
66.00000000,2078.00000000,0.13976481
66.00000000,2079.00000000,0.14056723
66.00000000,2080.00000000,0.14137430
66.00000000,2081.00000000,0.14218582
66.00000000,2082.00000000,0.14300197
66.00000000,2083.00000000,0.14382309
66.00000000,2084.00000000,0.14464909
66.00000000,2085.00000000,0.14548003
66.00000000,2086.00000000,0.14631580
66.00000000,2087.00000000,0.14706223
66.00000000,2088.00000000,0.14781324
66.00000000,2089.00000000,0.14856863
66.00000000,2090.00000000,0.14932802
66.00000000,2091.00000000,0.15009168
66.00000000,2092.00000000,0.15085983
66.00000000,2093.00000000,0.15163265
66.00000000,2094.00000000,0.15241061
66.00000000,2095.00000000,0.15319367
66.00000000,2096.00000000,0.15398168
66.00000000,2097.00000000,0.15496910
66.00000000,2098.00000000,0.15596126
66.00000000,2099.00000000,0.15695786
66.00000000,2100.00000000,0.15795887
66.00000000,2101.00000000,0.15896410
66.00000000,2102.00000000,0.15997370
66.00000000,2103.00000000,0.16098812
66.00000000,2104.00000000,0.16200728
66.00000000,2105.00000000,0.16303106
66.00000000,2106.00000000,0.16405954
66.00000000,2107.00000000,0.16523373
66.00000000,2108.00000000,0.16641200
66.00000000,2109.00000000,0.16759426
66.00000000,2110.00000000,0.16878024
66.00000000,2111.00000000,0.16996949
66.00000000,2112.00000000,0.17116187
66.00000000,2113.00000000,0.17235712
66.00000000,2114.00000000,0.17355477
66.00000000,2115.00000000,0.17475485
66.00000000,2116.00000000,0.17595691
66.00000000,2117.00000000,0.17715259
66.00000000,2118.00000000,0.17834988
66.00000000,2119.00000000,0.17954838
66.00000000,2120.00000000,0.18074770
66.00000000,2121.00000000,0.18194783
66.00000000,2122.00000000,0.18314840
66.00000000,2123.00000000,0.18434895
66.00000000,2124.00000000,0.18554957
66.00000000,2125.00000000,0.18674979
66.00000000,2126.00000000,0.18794929
66.00000000,2127.00000000,0.18883940
66.00000000,2128.00000000,0.18972833
66.00000000,2129.00000000,0.19061591
66.00000000,2130.00000000,0.19150200
66.00000000,2131.00000000,0.19238634
66.00000000,2132.00000000,0.19326903
66.00000000,2133.00000000,0.19414980
66.00000000,2134.00000000,0.19502836
66.00000000,2135.00000000,0.19590480
66.00000000,2136.00000000,0.19677884
66.00000000,2137.00000000,0.19737239
66.00000000,2138.00000000,0.19796334
66.00000000,2139.00000000,0.19855139
66.00000000,2140.00000000,0.19913667
66.00000000,2141.00000000,0.19971896
66.00000000,2142.00000000,0.20029838
66.00000000,2143.00000000,0.20087483
66.00000000,2144.00000000,0.20144826
66.00000000,2145.00000000,0.20201849
66.00000000,2146.00000000,0.20258568
66.00000000,2147.00000000,0.20299491
66.00000000,2148.00000000,0.20340074
66.00000000,2149.00000000,0.20380342
66.00000000,2150.00000000,0.20420283
66.00000000,2151.00000000,0.20460012
66.00000000,2152.00000000,0.20499835
66.00000000,2153.00000000,0.20540042
66.00000000,2154.00000000,0.20580802
66.00000000,2155.00000000,0.20622169
66.00000000,2156.00000000,0.20664148
66.00000000,2157.00000000,0.20690845
66.00000000,2158.00000000,0.20718133
66.00000000,2159.00000000,0.20745991
66.00000000,2160.00000000,0.20774381
66.00000000,2161.00000000,0.20803302
66.00000000,2162.00000000,0.20832708
66.00000000,2163.00000000,0.20862578
66.00000000,2164.00000000,0.20892870
66.00000000,2165.00000000,0.20923587
66.00000000,2166.00000000,0.20954687
66.00000000,2167.00000000,0.20973949
66.00000000,2168.00000000,0.20993533
66.00000000,2169.00000000,0.21013431
66.00000000,2170.00000000,0.21033622
66.00000000,2171.00000000,0.21054096
66.00000000,2172.00000000,0.21074834
66.00000000,2173.00000000,0.21095808
66.00000000,2174.00000000,0.21117029
66.00000000,2175.00000000,0.21138469
66.00000000,2176.00000000,0.21160117
66.00000000,2177.00000000,0.21181961
66.00000000,2178.00000000,0.21203980
66.00000000,2179.00000000,0.21226180
66.00000000,2180.00000000,0.21248542
66.00000000,2181.00000000,0.21271052
66.00000000,2182.00000000,0.21293710
66.00000000,2183.00000000,0.21316499
66.00000000,2184.00000000,0.21339403
66.00000000,2185.00000000,0.21362430
66.00000000,2186.00000000,0.21385565
66.00000000,2187.00000000,0.21408796
66.00000000,2188.00000000,0.21432121
66.00000000,2189.00000000,0.21455526
66.00000000,2190.00000000,0.21479014
66.00000000,2191.00000000,0.21502575
66.00000000,2192.00000000,0.21526196
66.00000000,2193.00000000,0.21549879
66.00000000,2194.00000000,0.21573611
66.00000000,2195.00000000,0.21597386
66.00000000,2196.00000000,0.21621205
66.00000000,2197.00000000,0.21645061
66.00000000,2198.00000000,0.21668943
66.00000000,2199.00000000,0.21692851
66.00000000,2200.00000000,0.21716772
66.00000000,2201.00000000,0.21740711
66.00000000,2202.00000000,0.21764656
66.00000000,2203.00000000,0.21788604
66.00000000,2204.00000000,0.21812551
66.00000000,2205.00000000,0.21836493
66.00000000,2206.00000000,0.21860418
66.00000000,2207.00000000,0.21884330
66.00000000,2208.00000000,0.21908223
66.00000000,2209.00000000,0.21932082
66.00000000,2210.00000000,0.21955916
66.00000000,2211.00000000,0.21979711
66.00000000,2212.00000000,0.22003468
66.00000000,2213.00000000,0.22027180
66.00000000,2214.00000000,0.22050829
66.00000000,2215.00000000,0.22074427
66.00000000,2216.00000000,0.22097944
66.00000000,2217.00000000,0.22036459
66.00000000,2218.00000000,0.21974743
66.00000000,2219.00000000,0.21912807
66.00000000,2220.00000000,0.21850641
66.00000000,2221.00000000,0.21788277
66.00000000,2222.00000000,0.21725708
66.00000000,2223.00000000,0.21662941
66.00000000,2224.00000000,0.21599990
66.00000000,2225.00000000,0.21536853
66.00000000,2226.00000000,0.21473549
66.00000000,2227.00000000,0.21410073
66.00000000,2228.00000000,0.21346431
66.00000000,2229.00000000,0.21282635
66.00000000,2230.00000000,0.21218691
66.00000000,2231.00000000,0.21154594
66.00000000,2232.00000000,0.21090361
66.00000000,2233.00000000,0.21025993
66.00000000,2234.00000000,0.20961477
66.00000000,2235.00000000,0.20896849
66.00000000,2236.00000000,0.20832088
66.00000000,2237.00000000,0.20767212
66.00000000,2238.00000000,0.20702219
66.00000000,2239.00000000,0.20637114
66.00000000,2240.00000000,0.20571899
66.00000000,2241.00000000,0.20506579
66.00000000,2242.00000000,0.20441157
66.00000000,2243.00000000,0.20375634
66.00000000,2244.00000000,0.20310013
66.00000000,2245.00000000,0.20244299
66.00000000,2246.00000000,0.20178493
66.00000000,2247.00000000,0.20112598
66.00000000,2248.00000000,0.20046615
66.00000000,2249.00000000,0.19980525
66.00000000,2250.00000000,0.19914198
66.00000000,2251.00000000,0.19847385
66.00000000,2252.00000000,0.19779857
66.00000000,2253.00000000,0.19711490
66.00000000,2254.00000000,0.19642245
66.00000000,2255.00000000,0.19572115
66.00000000,2256.00000000,0.19501107
66.00000000,2257.00000000,0.19429241
66.00000000,2258.00000000,0.19356534
66.00000000,2259.00000000,0.19283005
66.00000000,2260.00000000,0.19208693
66.00000000,2261.00000000,0.19133618
66.00000000,2262.00000000,0.19057833
66.00000000,2263.00000000,0.18981375
66.00000000,2264.00000000,0.18904268
66.00000000,2265.00000000,0.18826553
66.00000000,2266.00000000,0.18748246
66.00000000,2267.00000000,0.18669368
66.00000000,2268.00000000,0.18589950
66.00000000,2269.00000000,0.18510009
66.00000000,2270.00000000,0.18429560
66.00000000,2271.00000000,0.18348633
66.00000000,2272.00000000,0.18267241
66.00000000,2273.00000000,0.18185400
66.00000000,2274.00000000,0.18103134
66.00000000,2275.00000000,0.18020455
66.00000000,2276.00000000,0.17937385
66.00000000,2277.00000000,0.17853938
66.00000000,2278.00000000,0.17770128
66.00000000,2279.00000000,0.17685976
66.00000000,2280.00000000,0.17601494
66.00000000,2281.00000000,0.17516692
66.00000000,2282.00000000,0.17431591
66.00000000,2283.00000000,0.17346203
66.00000000,2284.00000000,0.17260533
66.00000000,2285.00000000,0.17174605
66.00000000,2286.00000000,0.17088420
66.00000000,2287.00000000,0.17002002
66.00000000,2288.00000000,0.16915353
66.00000000,2289.00000000,0.16828486
66.00000000,2290.00000000,0.16741416
66.00000000,2291.00000000,0.16654148
66.00000000,2292.00000000,0.16566693
66.00000000,2293.00000000,0.16479063
66.00000000,2294.00000000,0.16391269
66.00000000,2295.00000000,0.16303314
66.00000000,2296.00000000,0.16215212
66.00000000,2297.00000000,0.16126969
66.00000000,2298.00000000,0.16038597
66.00000000,2299.00000000,0.15950103
66.00000000,2300.00000000,0.15861492
66.00000000,2301.00000000,0.15772774
66.00000000,2302.00000000,0.15683957
66.00000000,2303.00000000,0.15595041
66.00000000,2304.00000000,0.15506039
66.00000000,2305.00000000,0.15416957
66.00000000,2306.00000000,0.15327797
66.00000000,2307.00000000,0.15238572
66.00000000,2308.00000000,0.15149285
66.00000000,2309.00000000,0.15059941
66.00000000,2310.00000000,0.14970553
66.00000000,2311.00000000,0.14881118
66.00000000,2312.00000000,0.14791654
66.00000000,2313.00000000,0.14702164
66.00000000,2314.00000000,0.14612656
66.00000000,2315.00000000,0.14542175
66.00000000,2316.00000000,0.14527732
66.00000000,2317.00000000,0.14528620
66.00000000,2318.00000000,0.14529538
66.00000000,2319.00000000,0.14530479
66.00000000,2320.00000000,0.14531440
66.00000000,2321.00000000,0.14532429
66.00000000,2322.00000000,0.14535839
66.00000000,2323.00000000,0.14539275
66.00000000,2324.00000000,0.14542732
66.00000000,2325.00000000,0.14546205
66.00000000,2326.00000000,0.14549702
66.00000000,2327.00000000,0.14548471
66.00000000,2328.00000000,0.14547254
66.00000000,2329.00000000,0.14546056
66.00000000,2330.00000000,0.14544875
66.00000000,2331.00000000,0.14543707
66.00000000,2332.00000000,0.14542557
66.00000000,2333.00000000,0.14541423
66.00000000,2334.00000000,0.14540299
66.00000000,2335.00000000,0.14539195
66.00000000,2336.00000000,0.14538099
66.00000000,2337.00000000,0.14537022
66.00000000,2338.00000000,0.14535959
66.00000000,2339.00000000,0.14534904
66.00000000,2340.00000000,0.14533867
66.00000000,2341.00000000,0.14532843
66.00000000,2342.00000000,0.14531620
66.00000000,2343.00000000,0.14530415
66.00000000,2344.00000000,0.14529222
66.00000000,2345.00000000,0.14528034
66.00000000,2346.00000000,0.14526862
66.00000000,2347.00000000,0.14525697
66.00000000,2348.00000000,0.14524546
66.00000000,2349.00000000,0.14523406
66.00000000,2350.00000000,0.14522272
66.00000000,2351.00000000,0.14521152
66.00000000,2352.00000000,0.14520043
66.00000000,2353.00000000,0.14518938
66.00000000,2354.00000000,0.14517850
66.00000000,2355.00000000,0.14516770
66.00000000,2356.00000000,0.14515697
66.00000000,2357.00000000,0.14514636
66.00000000,2358.00000000,0.14513581
66.00000000,2359.00000000,0.14512541
66.00000000,2360.00000000,0.14511508
66.00000000,2361.00000000,0.14510480
66.00000000,2362.00000000,0.14509466
66.00000000,2363.00000000,0.14508459
66.00000000,2364.00000000,0.14507456
66.00000000,2365.00000000,0.14506467
66.00000000,2366.00000000,0.14505484
66.00000000,2367.00000000,0.14504961
66.00000000,2368.00000000,0.14504453
66.00000000,2369.00000000,0.14503950
66.00000000,2370.00000000,0.14503452
66.00000000,2371.00000000,0.14502963
66.00000000,2372.00000000,0.14502478
66.00000000,2373.00000000,0.14502004
66.00000000,2374.00000000,0.14501538
66.00000000,2375.00000000,0.14501072
66.00000000,2376.00000000,0.14500618
66.00000000,2377.00000000,0.14500168
66.00000000,2378.00000000,0.14499723
66.00000000,2379.00000000,0.14499285
66.00000000,2380.00000000,0.14498854
66.00000000,2381.00000000,0.14498423
66.00000000,2382.00000000,0.14498003
66.00000000,2383.00000000,0.14497585
66.00000000,2384.00000000,0.14497175
66.00000000,2385.00000000,0.14496769
66.00000000,2386.00000000,0.14496365
66.00000000,2387.00000000,0.14495969
66.00000000,2388.00000000,0.14495579
66.00000000,2389.00000000,0.14495187
66.00000000,2390.00000000,0.14494804
66.00000000,2391.00000000,0.14494426
66.00000000,2392.00000000,0.14494048
66.00000000,2393.00000000,0.14493678
66.00000000,2394.00000000,0.14493312
66.00000000,2395.00000000,0.14492945
66.00000000,2396.00000000,0.14492586
66.00000000,2397.00000000,0.14492227
66.00000000,2398.00000000,0.14491875
66.00000000,2399.00000000,0.14491526
66.00000000,2400.00000000,0.14491176
66.00000000,2401.00000000,0.14490834
66.00000000,2402.00000000,0.14490496
66.00000000,2403.00000000,0.14490155
66.00000000,2404.00000000,0.14489825
66.00000000,2405.00000000,0.14489497
66.00000000,2406.00000000,0.14489169
66.00000000,2407.00000000,0.14488850
66.00000000,2408.00000000,0.14488528
66.00000000,2409.00000000,0.14488214
66.00000000,2410.00000000,0.14487905
66.00000000,2411.00000000,0.14487593
66.00000000,2412.00000000,0.14487290
66.00000000,2413.00000000,0.14486988
66.00000000,2414.00000000,0.14486686
66.00000000,2415.00000000,0.14486390
66.00000000,2416.00000000,0.14486098
66.00000000,2417.00000000,0.14485672
66.00000000,2418.00000000,0.14485254
66.00000000,2419.00000000,0.14484839
66.00000000,2420.00000000,0.14484422
66.00000000,2421.00000000,0.14484011
66.00000000,2422.00000000,0.14483596
66.00000000,2423.00000000,0.14483189
66.00000000,2424.00000000,0.14482786
66.00000000,2425.00000000,0.14482377
66.00000000,2426.00000000,0.14481977
66.00000000,2427.00000000,0.14481578
66.00000000,2428.00000000,0.14481176
66.00000000,2429.00000000,0.14480780
66.00000000,2430.00000000,0.14480387
66.00000000,2431.00000000,0.14479989
66.00000000,2432.00000000,0.14479598
66.00000000,2433.00000000,0.14479202
66.00000000,2434.00000000,0.14478815
66.00000000,2435.00000000,0.14478429
66.00000000,2436.00000000,0.14478038
66.00000000,2437.00000000,0.14477655
66.00000000,2438.00000000,0.14477272
66.00000000,2439.00000000,0.14476884
66.00000000,2440.00000000,0.14476504
66.00000000,2441.00000000,0.14476125
66.00000000,2442.00000000,0.14475741
66.00000000,2443.00000000,0.14475364
66.00000000,2444.00000000,0.14474981
66.00000000,2445.00000000,0.14474606
66.00000000,2446.00000000,0.14474232
66.00000000,2447.00000000,0.14473852
66.00000000,2448.00000000,0.14473479
66.00000000,2449.00000000,0.14473107
66.00000000,2450.00000000,0.14472729
66.00000000,2451.00000000,0.14472358
66.00000000,2452.00000000,0.14471988
66.00000000,2453.00000000,0.14471612
66.00000000,2454.00000000,0.14471241
66.00000000,2455.00000000,0.14470871
66.00000000,2456.00000000,0.14470494
66.00000000,2457.00000000,0.14470122
66.00000000,2458.00000000,0.14469744
66.00000000,2459.00000000,0.14469374
66.00000000,2460.00000000,0.14469003
66.00000000,2461.00000000,0.14468623
66.00000000,2462.00000000,0.14468252
66.00000000,2463.00000000,0.14467879
66.00000000,2464.00000000,0.14467500
66.00000000,2465.00000000,0.14467126
66.00000000,2466.00000000,0.14466753
66.00000000,2467.00000000,0.14466233
66.00000000,2468.00000000,0.14465722
66.00000000,2469.00000000,0.14465202
66.00000000,2470.00000000,0.14464689
66.00000000,2471.00000000,0.14464176
66.00000000,2472.00000000,0.14463654
66.00000000,2473.00000000,0.14463139
66.00000000,2474.00000000,0.14462625
66.00000000,2475.00000000,0.14462101
66.00000000,2476.00000000,0.14461586
66.00000000,2477.00000000,0.14461070
66.00000000,2478.00000000,0.14460545
66.00000000,2479.00000000,0.14460027
66.00000000,2480.00000000,0.14459511
66.00000000,2481.00000000,0.14458985
66.00000000,2482.00000000,0.14458467
66.00000000,2483.00000000,0.14457939
66.00000000,2484.00000000,0.14457419
66.00000000,2485.00000000,0.14456900
66.00000000,2486.00000000,0.14456371
66.00000000,2487.00000000,0.14455851
66.00000000,2488.00000000,0.14455329
66.00000000,2489.00000000,0.14454800
66.00000000,2490.00000000,0.14454277
66.00000000,2491.00000000,0.14453755
66.00000000,2492.00000000,0.14453224
66.00000000,2493.00000000,0.14452700
66.00000000,2494.00000000,0.14452168
66.00000000,2495.00000000,0.14451645
66.00000000,2496.00000000,0.14451120
66.00000000,2497.00000000,0.14450586
66.00000000,2498.00000000,0.14450061
66.00000000,2499.00000000,0.14449536
66.00000000,2500.00000000,0.14449000
67.00000000,1765.00000000,0.11069432
67.00000000,1766.00000000,0.11069433
67.00000000,1767.00000000,0.11069430
67.00000000,1768.00000000,0.11069459
67.00000000,1769.00000000,0.11069490
67.00000000,1770.00000000,0.11069526
67.00000000,1771.00000000,0.11069611
67.00000000,1772.00000000,0.11069670
67.00000000,1773.00000000,0.11069767
67.00000000,1774.00000000,0.11069889
67.00000000,1775.00000000,0.11070024
67.00000000,1776.00000000,0.11070148
67.00000000,1777.00000000,0.11070322
67.00000000,1778.00000000,0.11070497
67.00000000,1779.00000000,0.11070693
67.00000000,1780.00000000,0.11070912
67.00000000,1781.00000000,0.11071130
67.00000000,1782.00000000,0.11071368
67.00000000,1783.00000000,0.11071621
67.00000000,1784.00000000,0.11071891
67.00000000,1785.00000000,0.11072160
67.00000000,1786.00000000,0.11072450
67.00000000,1787.00000000,0.11072758
67.00000000,1788.00000000,0.11073072
67.00000000,1789.00000000,0.11073399
67.00000000,1790.00000000,0.11073730
67.00000000,1791.00000000,0.11074074
67.00000000,1792.00000000,0.11074426
67.00000000,1793.00000000,0.11074791
67.00000000,1794.00000000,0.11075159
67.00000000,1795.00000000,0.11075543
67.00000000,1796.00000000,0.11075925
67.00000000,1797.00000000,0.11076324
67.00000000,1798.00000000,0.11076725
67.00000000,1799.00000000,0.11077133
67.00000000,1800.00000000,0.11077551
67.00000000,1801.00000000,0.11077968
67.00000000,1802.00000000,0.11078397
67.00000000,1803.00000000,0.11078837
67.00000000,1804.00000000,0.11079265
67.00000000,1805.00000000,0.11079714
67.00000000,1806.00000000,0.11080168
67.00000000,1807.00000000,0.11080619
67.00000000,1808.00000000,0.11081083
67.00000000,1809.00000000,0.11081545
67.00000000,1810.00000000,0.11082022
67.00000000,1811.00000000,0.11082501
67.00000000,1812.00000000,0.11082982
67.00000000,1813.00000000,0.11083472
67.00000000,1814.00000000,0.11083965
67.00000000,1815.00000000,0.11084468
67.00000000,1816.00000000,0.11084973
67.00000000,1817.00000000,0.11085482
67.00000000,1818.00000000,0.11085998
67.00000000,1819.00000000,0.11086522
67.00000000,1820.00000000,0.11087048
67.00000000,1821.00000000,0.11087583
67.00000000,1822.00000000,0.11088119
67.00000000,1823.00000000,0.11088664
67.00000000,1824.00000000,0.11089220
67.00000000,1825.00000000,0.11089779
67.00000000,1826.00000000,0.11090346
67.00000000,1827.00000000,0.11090924
67.00000000,1828.00000000,0.11091508
67.00000000,1829.00000000,0.11092106
67.00000000,1830.00000000,0.11092709
67.00000000,1831.00000000,0.11093323
67.00000000,1832.00000000,0.11093949
67.00000000,1833.00000000,0.11095560
67.00000000,1834.00000000,0.11096211
67.00000000,1835.00000000,0.11096867
67.00000000,1836.00000000,0.11097544
67.00000000,1837.00000000,0.11098225
67.00000000,1838.00000000,0.11099250
67.00000000,1839.00000000,0.11099954
67.00000000,1840.00000000,0.11100673
67.00000000,1841.00000000,0.11101393
67.00000000,1842.00000000,0.11102131
67.00000000,1843.00000000,0.11102872
67.00000000,1844.00000000,0.11103622
67.00000000,1845.00000000,0.11104377
67.00000000,1846.00000000,0.11105142
67.00000000,1847.00000000,0.11105913
67.00000000,1848.00000000,0.11107017
67.00000000,1849.00000000,0.11107799
67.00000000,1850.00000000,0.11108585
67.00000000,1851.00000000,0.11109377
67.00000000,1852.00000000,0.11110164
67.00000000,1853.00000000,0.11111009
67.00000000,1854.00000000,0.11111875
67.00000000,1855.00000000,0.11112745
67.00000000,1856.00000000,0.11113598
67.00000000,1857.00000000,0.11114452
67.00000000,1858.00000000,0.11115632
67.00000000,1859.00000000,0.11116483
67.00000000,1860.00000000,0.11117333
67.00000000,1861.00000000,0.11118185
67.00000000,1862.00000000,0.11119015
67.00000000,1863.00000000,0.11119774
67.00000000,1864.00000000,0.11120801
67.00000000,1865.00000000,0.11121464
67.00000000,1866.00000000,0.11122084
67.00000000,1867.00000000,0.11123011
67.00000000,1868.00000000,0.11123577
67.00000000,1869.00000000,0.11124781
67.00000000,1870.00000000,0.11124970
67.00000000,1871.00000000,0.11125473
67.00000000,1872.00000000,0.11125999
67.00000000,1873.00000000,0.11126943
67.00000000,1874.00000000,0.11127619
67.00000000,1875.00000000,0.11128342
67.00000000,1876.00000000,0.11129100
67.00000000,1877.00000000,0.11129876
67.00000000,1878.00000000,0.11131007
67.00000000,1879.00000000,0.11131832
67.00000000,1880.00000000,0.11132657
67.00000000,1881.00000000,0.11133496
67.00000000,1882.00000000,0.11134660
67.00000000,1883.00000000,0.11135775
67.00000000,1884.00000000,0.11136843
67.00000000,1885.00000000,0.11137548
67.00000000,1886.00000000,0.11138236
67.00000000,1887.00000000,0.11138917
67.00000000,1888.00000000,0.11139577
67.00000000,1889.00000000,0.11140540
67.00000000,1890.00000000,0.11141462
67.00000000,1891.00000000,0.11142019
67.00000000,1892.00000000,0.11142872
67.00000000,1893.00000000,0.11143387
67.00000000,1894.00000000,0.11144229
67.00000000,1895.00000000,0.11144767
67.00000000,1896.00000000,0.11145308
67.00000000,1897.00000000,0.11147826
67.00000000,1898.00000000,0.11148029
67.00000000,1899.00000000,0.11148538
67.00000000,1900.00000000,0.11149335
67.00000000,1901.00000000,0.11149774
67.00000000,1902.00000000,0.11150549
67.00000000,1903.00000000,0.11152325
67.00000000,1904.00000000,0.11152798
67.00000000,1905.00000000,0.11153614
67.00000000,1906.00000000,0.11154462
67.00000000,1907.00000000,0.11155645
67.00000000,1908.00000000,0.11156486
67.00000000,1909.00000000,0.11157641
67.00000000,1910.00000000,0.11158473
67.00000000,1911.00000000,0.11159613
67.00000000,1912.00000000,0.11161345
67.00000000,1913.00000000,0.11161643
67.00000000,1914.00000000,0.11162829
67.00000000,1915.00000000,0.11163311
67.00000000,1916.00000000,0.11164477
67.00000000,1917.00000000,0.11165984
67.00000000,1918.00000000,0.11166179
67.00000000,1919.00000000,0.11167384
67.00000000,1920.00000000,0.11168362
67.00000000,1921.00000000,0.11172059
67.00000000,1922.00000000,0.11173278
67.00000000,1923.00000000,0.11175581
67.00000000,1924.00000000,0.11176596
67.00000000,1925.00000000,0.11177596
67.00000000,1926.00000000,0.11179913
67.00000000,1927.00000000,0.11183208
67.00000000,1928.00000000,0.11185207
67.00000000,1929.00000000,0.11186530
67.00000000,1930.00000000,0.11189521
67.00000000,1931.00000000,0.11192995
67.00000000,1932.00000000,0.11196332
67.00000000,1933.00000000,0.11198507
67.00000000,1934.00000000,0.11202513
67.00000000,1935.00000000,0.11205521
67.00000000,1936.00000000,0.11209156
67.00000000,1937.00000000,0.11212058
67.00000000,1938.00000000,0.11216140
67.00000000,1939.00000000,0.11222790
67.00000000,1940.00000000,0.11227404
67.00000000,1941.00000000,0.11225001
67.00000000,1942.00000000,0.11230356
67.00000000,1943.00000000,0.11232014
67.00000000,1944.00000000,0.11233620
67.00000000,1945.00000000,0.11234734
67.00000000,1946.00000000,0.11240110
67.00000000,1947.00000000,0.11249683
67.00000000,1948.00000000,0.11253138
67.00000000,1949.00000000,0.11258565
67.00000000,1950.00000000,0.11264973
67.00000000,1951.00000000,0.11267078
67.00000000,1952.00000000,0.11268928
67.00000000,1953.00000000,0.11271438
67.00000000,1954.00000000,0.11277222
67.00000000,1955.00000000,0.11288944
67.00000000,1956.00000000,0.11290159
67.00000000,1957.00000000,0.11300852
67.00000000,1958.00000000,0.11307199
67.00000000,1959.00000000,0.11308876
67.00000000,1960.00000000,0.11308337
67.00000000,1961.00000000,0.11313183
67.00000000,1962.00000000,0.11321221
67.00000000,1963.00000000,0.11325880
67.00000000,1964.00000000,0.11333062
67.00000000,1965.00000000,0.11341417
67.00000000,1966.00000000,0.11355177
67.00000000,1967.00000000,0.11363876
67.00000000,1968.00000000,0.11369433
67.00000000,1969.00000000,0.11373434
67.00000000,1970.00000000,0.11389245
67.00000000,1971.00000000,0.11390193
67.00000000,1972.00000000,0.11401096
67.00000000,1973.00000000,0.11413164
67.00000000,1974.00000000,0.11435637
67.00000000,1975.00000000,0.11421490
67.00000000,1976.00000000,0.11429861
67.00000000,1977.00000000,0.11437878
67.00000000,1978.00000000,0.11440294
67.00000000,1979.00000000,0.11451138
67.00000000,1980.00000000,0.11468713
67.00000000,1981.00000000,0.11434972
67.00000000,1982.00000000,0.11427988
67.00000000,1983.00000000,0.11446094
67.00000000,1984.00000000,0.11461870
67.00000000,1985.00000000,0.11454281
67.00000000,1986.00000000,0.11410795
67.00000000,1987.00000000,0.11450920
67.00000000,1988.00000000,0.11408004
67.00000000,1989.00000000,0.11420822
67.00000000,1990.00000000,0.11460663
67.00000000,1991.00000000,0.11457517
67.00000000,1992.00000000,0.11460694
67.00000000,1993.00000000,0.11462721
67.00000000,1994.00000000,0.11488105
67.00000000,1995.00000000,0.11488963
67.00000000,1996.00000000,0.11514945
67.00000000,1997.00000000,0.11484968
67.00000000,1998.00000000,0.11448127
67.00000000,1999.00000000,0.11417834
67.00000000,2000.00000000,0.11432867
67.00000000,2001.00000000,0.11459085
67.00000000,2002.00000000,0.11476934
67.00000000,2003.00000000,0.11510850
67.00000000,2004.00000000,0.11536902
67.00000000,2005.00000000,0.11515290
67.00000000,2006.00000000,0.11531205
67.00000000,2007.00000000,0.11565142
67.00000000,2008.00000000,0.11575348
67.00000000,2009.00000000,0.11576451
67.00000000,2010.00000000,0.11590561
67.00000000,2011.00000000,0.11585973
67.00000000,2012.00000000,0.11511611
67.00000000,2013.00000000,0.11534492
67.00000000,2014.00000000,0.11581773
67.00000000,2015.00000000,0.11603978
67.00000000,2016.00000000,0.11585020
67.00000000,2017.00000000,0.11650167
67.00000000,2018.00000000,0.11691592
67.00000000,2019.00000000,0.11697410
67.00000000,2020.00000000,0.11708555
67.00000000,2021.00000000,0.11712816
67.00000000,2022.00000000,0.11766508
67.00000000,2023.00000000,0.11806274
67.00000000,2024.00000000,0.11832154
67.00000000,2025.00000000,0.11847719
67.00000000,2026.00000000,0.11886303
67.00000000,2027.00000000,0.11919404
67.00000000,2028.00000000,0.11921179
67.00000000,2029.00000000,0.11951449
67.00000000,2030.00000000,0.11995161
67.00000000,2031.00000000,0.12042718
67.00000000,2032.00000000,0.12082927
67.00000000,2033.00000000,0.12130390
67.00000000,2034.00000000,0.12160580
67.00000000,2035.00000000,0.12213196
67.00000000,2036.00000000,0.12276758
67.00000000,2037.00000000,0.12360405
67.00000000,2038.00000000,0.12405475
67.00000000,2039.00000000,0.12454476
67.00000000,2040.00000000,0.12524759
67.00000000,2041.00000000,0.12523173
67.00000000,2042.00000000,0.12509499
67.00000000,2043.00000000,0.12589180
67.00000000,2044.00000000,0.12630176
67.00000000,2045.00000000,0.12648883
67.00000000,2046.00000000,0.12731917
67.00000000,2047.00000000,0.12708960
67.00000000,2048.00000000,0.12651726
67.00000000,2049.00000000,0.12632902
67.00000000,2050.00000000,0.12621494
67.00000000,2051.00000000,0.12671424
67.00000000,2052.00000000,0.12713074
67.00000000,2053.00000000,0.12758269
67.00000000,2054.00000000,0.12796149
67.00000000,2055.00000000,0.12854922
67.00000000,2056.00000000,0.12886826
67.00000000,2057.00000000,0.12896904
67.00000000,2058.00000000,0.12917952
67.00000000,2059.00000000,0.12874732
67.00000000,2060.00000000,0.12869427
67.00000000,2061.00000000,0.12898594
67.00000000,2062.00000000,0.12931498
67.00000000,2063.00000000,0.12966968
67.00000000,2064.00000000,0.12993768
67.00000000,2065.00000000,0.12977998
67.00000000,2066.00000000,0.12966351
67.00000000,2067.00000000,0.13011596
67.00000000,2068.00000000,0.13055655
67.00000000,2069.00000000,0.13067311
67.00000000,2070.00000000,0.13165715
67.00000000,2071.00000000,0.13279256
67.00000000,2072.00000000,0.13366720
67.00000000,2073.00000000,0.13421658
67.00000000,2074.00000000,0.13477202
67.00000000,2075.00000000,0.13533312
67.00000000,2076.00000000,0.13589963
67.00000000,2077.00000000,0.13647123
67.00000000,2078.00000000,0.13725931
67.00000000,2079.00000000,0.13805223
67.00000000,2080.00000000,0.13884957
67.00000000,2081.00000000,0.13965141
67.00000000,2082.00000000,0.14045797
67.00000000,2083.00000000,0.14126923
67.00000000,2084.00000000,0.14208554
67.00000000,2085.00000000,0.14290670
67.00000000,2086.00000000,0.14373261
67.00000000,2087.00000000,0.14456314
67.00000000,2088.00000000,0.14530514
67.00000000,2089.00000000,0.14605145
67.00000000,2090.00000000,0.14680188
67.00000000,2091.00000000,0.14755626
67.00000000,2092.00000000,0.14831507
67.00000000,2093.00000000,0.14907868
67.00000000,2094.00000000,0.14984705
67.00000000,2095.00000000,0.15062046
67.00000000,2096.00000000,0.15139886
67.00000000,2097.00000000,0.15218203
67.00000000,2098.00000000,0.15316228
67.00000000,2099.00000000,0.15414710
67.00000000,2100.00000000,0.15513614
67.00000000,2101.00000000,0.15612947
67.00000000,2102.00000000,0.15712732
67.00000000,2103.00000000,0.15812980
67.00000000,2104.00000000,0.15913709
67.00000000,2105.00000000,0.16014914
67.00000000,2106.00000000,0.16116577
67.00000000,2107.00000000,0.16218671
67.00000000,2108.00000000,0.16335184
67.00000000,2109.00000000,0.16452094
67.00000000,2110.00000000,0.16569367
67.00000000,2111.00000000,0.16687003
67.00000000,2112.00000000,0.16804960
67.00000000,2113.00000000,0.16923195
67.00000000,2114.00000000,0.17041713
67.00000000,2115.00000000,0.17160459
67.00000000,2116.00000000,0.17279432
67.00000000,2117.00000000,0.17398595
67.00000000,2118.00000000,0.17517121
67.00000000,2119.00000000,0.17635793
67.00000000,2120.00000000,0.17754580
67.00000000,2121.00000000,0.17873453
67.00000000,2122.00000000,0.17992382
67.00000000,2123.00000000,0.18111357
67.00000000,2124.00000000,0.18230337
67.00000000,2125.00000000,0.18349312
67.00000000,2126.00000000,0.18468236
67.00000000,2127.00000000,0.18587098
67.00000000,2128.00000000,0.18675351
67.00000000,2129.00000000,0.18763470
67.00000000,2130.00000000,0.18851464
67.00000000,2131.00000000,0.18939313
67.00000000,2132.00000000,0.19026984
67.00000000,2133.00000000,0.19114493
67.00000000,2134.00000000,0.19201812
67.00000000,2135.00000000,0.19288922
67.00000000,2136.00000000,0.19375808
67.00000000,2137.00000000,0.19462463
67.00000000,2138.00000000,0.19521373
67.00000000,2139.00000000,0.19580018
67.00000000,2140.00000000,0.19638370
67.00000000,2141.00000000,0.19696459
67.00000000,2142.00000000,0.19754260
67.00000000,2143.00000000,0.19811763
67.00000000,2144.00000000,0.19868984
67.00000000,2145.00000000,0.19925908
67.00000000,2146.00000000,0.19982519
67.00000000,2147.00000000,0.20038830
67.00000000,2148.00000000,0.20079512
67.00000000,2149.00000000,0.20119869
67.00000000,2150.00000000,0.20159911
67.00000000,2151.00000000,0.20199730
67.00000000,2152.00000000,0.20239660
67.00000000,2153.00000000,0.20279978
67.00000000,2154.00000000,0.20320822
67.00000000,2155.00000000,0.20362283
67.00000000,2156.00000000,0.20404365
67.00000000,2157.00000000,0.20447060
67.00000000,2158.00000000,0.20474598
67.00000000,2159.00000000,0.20502695
67.00000000,2160.00000000,0.20531321
67.00000000,2161.00000000,0.20560464
67.00000000,2162.00000000,0.20590090
67.00000000,2163.00000000,0.20620160
67.00000000,2164.00000000,0.20650673
67.00000000,2165.00000000,0.20681594
67.00000000,2166.00000000,0.20712899
67.00000000,2167.00000000,0.20744561
67.00000000,2168.00000000,0.20764468
67.00000000,2169.00000000,0.20784684
67.00000000,2170.00000000,0.20805191
67.00000000,2171.00000000,0.20825964
67.00000000,2172.00000000,0.20847005
67.00000000,2173.00000000,0.20868290
67.00000000,2174.00000000,0.20889803
67.00000000,2175.00000000,0.20911536
67.00000000,2176.00000000,0.20933461
67.00000000,2177.00000000,0.20955589
67.00000000,2178.00000000,0.20977899
67.00000000,2179.00000000,0.21000379
67.00000000,2180.00000000,0.21023018
67.00000000,2181.00000000,0.21045807
67.00000000,2182.00000000,0.21068724
67.00000000,2183.00000000,0.21091787
67.00000000,2184.00000000,0.21114971
67.00000000,2185.00000000,0.21138267
67.00000000,2186.00000000,0.21161670
67.00000000,2187.00000000,0.21185174
67.00000000,2188.00000000,0.21208759
67.00000000,2189.00000000,0.21232436
67.00000000,2190.00000000,0.21256191
67.00000000,2191.00000000,0.21280020
67.00000000,2192.00000000,0.21303915
67.00000000,2193.00000000,0.21327858
67.00000000,2194.00000000,0.21351861
67.00000000,2195.00000000,0.21375911
67.00000000,2196.00000000,0.21400004
67.00000000,2197.00000000,0.21424135
67.00000000,2198.00000000,0.21448295
67.00000000,2199.00000000,0.21472471
67.00000000,2200.00000000,0.21496683
67.00000000,2201.00000000,0.21520898
67.00000000,2202.00000000,0.21545129
67.00000000,2203.00000000,0.21569363
67.00000000,2204.00000000,0.21593596
67.00000000,2205.00000000,0.21617828
67.00000000,2206.00000000,0.21642051
67.00000000,2207.00000000,0.21666256
67.00000000,2208.00000000,0.21690448
67.00000000,2209.00000000,0.21714623
67.00000000,2210.00000000,0.21738758
67.00000000,2211.00000000,0.21762871
67.00000000,2212.00000000,0.21786941
67.00000000,2213.00000000,0.21810974
67.00000000,2214.00000000,0.21834960
67.00000000,2215.00000000,0.21858886
67.00000000,2216.00000000,0.21882754
67.00000000,2217.00000000,0.21906551
67.00000000,2218.00000000,0.21846055
67.00000000,2219.00000000,0.21785331
67.00000000,2220.00000000,0.21724376
67.00000000,2221.00000000,0.21663200
67.00000000,2222.00000000,0.21601817
67.00000000,2223.00000000,0.21540230
67.00000000,2224.00000000,0.21478440
67.00000000,2225.00000000,0.21416464
67.00000000,2226.00000000,0.21354299
67.00000000,2227.00000000,0.21291965
67.00000000,2228.00000000,0.21229455
67.00000000,2229.00000000,0.21166776
67.00000000,2230.00000000,0.21103940
67.00000000,2231.00000000,0.21040954
67.00000000,2232.00000000,0.20977810
67.00000000,2233.00000000,0.20914527
67.00000000,2234.00000000,0.20851106
67.00000000,2235.00000000,0.20787534
67.00000000,2236.00000000,0.20723846
67.00000000,2237.00000000,0.20660022
67.00000000,2238.00000000,0.20596080
67.00000000,2239.00000000,0.20532018
67.00000000,2240.00000000,0.20467838
67.00000000,2241.00000000,0.20403546
67.00000000,2242.00000000,0.20339147
67.00000000,2243.00000000,0.20274638
67.00000000,2244.00000000,0.20210027
67.00000000,2245.00000000,0.20145315
67.00000000,2246.00000000,0.20080505
67.00000000,2247.00000000,0.20015601
67.00000000,2248.00000000,0.19950607
67.00000000,2249.00000000,0.19885490
67.00000000,2250.00000000,0.19820137
67.00000000,2251.00000000,0.19754293
67.00000000,2252.00000000,0.19687732
67.00000000,2253.00000000,0.19620333
67.00000000,2254.00000000,0.19552049
67.00000000,2255.00000000,0.19482881
67.00000000,2256.00000000,0.19412837
67.00000000,2257.00000000,0.19341925
67.00000000,2258.00000000,0.19270177
67.00000000,2259.00000000,0.19197608
67.00000000,2260.00000000,0.19124244
67.00000000,2261.00000000,0.19050126
67.00000000,2262.00000000,0.18975286
67.00000000,2263.00000000,0.18899776
67.00000000,2264.00000000,0.18823618
67.00000000,2265.00000000,0.18746840
67.00000000,2266.00000000,0.18669472
67.00000000,2267.00000000,0.18591537
67.00000000,2268.00000000,0.18513047
67.00000000,2269.00000000,0.18434036
67.00000000,2270.00000000,0.18354521
67.00000000,2271.00000000,0.18274513
67.00000000,2272.00000000,0.18194044
67.00000000,2273.00000000,0.18113124
67.00000000,2274.00000000,0.18031771
67.00000000,2275.00000000,0.17950006
67.00000000,2276.00000000,0.17867841
67.00000000,2277.00000000,0.17785300
67.00000000,2278.00000000,0.17702395
67.00000000,2279.00000000,0.17619136
67.00000000,2280.00000000,0.17535548
67.00000000,2281.00000000,0.17451642
67.00000000,2282.00000000,0.17367423
67.00000000,2283.00000000,0.17282917
67.00000000,2284.00000000,0.17198130
67.00000000,2285.00000000,0.17113074
67.00000000,2286.00000000,0.17027764
67.00000000,2287.00000000,0.16942209
67.00000000,2288.00000000,0.16856424
67.00000000,2289.00000000,0.16770419
67.00000000,2290.00000000,0.16684200
67.00000000,2291.00000000,0.16597784
67.00000000,2292.00000000,0.16511179
67.00000000,2293.00000000,0.16424388
67.00000000,2294.00000000,0.16337432
67.00000000,2295.00000000,0.16250315
67.00000000,2296.00000000,0.16163040
67.00000000,2297.00000000,0.16075625
67.00000000,2298.00000000,0.15988072
67.00000000,2299.00000000,0.15900394
67.00000000,2300.00000000,0.15812598
67.00000000,2301.00000000,0.15724686
67.00000000,2302.00000000,0.15636671
67.00000000,2303.00000000,0.15548558
67.00000000,2304.00000000,0.15460348
67.00000000,2305.00000000,0.15372054
67.00000000,2306.00000000,0.15283683
67.00000000,2307.00000000,0.15195236
67.00000000,2308.00000000,0.15106724
67.00000000,2309.00000000,0.15018155
67.00000000,2310.00000000,0.14929529
67.00000000,2311.00000000,0.14840860
67.00000000,2312.00000000,0.14752145
67.00000000,2313.00000000,0.14663403
67.00000000,2314.00000000,0.14574636
67.00000000,2315.00000000,0.14485851
67.00000000,2316.00000000,0.14415933
67.00000000,2317.00000000,0.14401582
67.00000000,2318.00000000,0.14402432
67.00000000,2319.00000000,0.14403312
67.00000000,2320.00000000,0.14404217
67.00000000,2321.00000000,0.14405140
67.00000000,2322.00000000,0.14406092
67.00000000,2323.00000000,0.14409445
67.00000000,2324.00000000,0.14412823
67.00000000,2325.00000000,0.14416223
67.00000000,2326.00000000,0.14419641
67.00000000,2327.00000000,0.14423080
67.00000000,2328.00000000,0.14421832
67.00000000,2329.00000000,0.14420597
67.00000000,2330.00000000,0.14419383
67.00000000,2331.00000000,0.14418186
67.00000000,2332.00000000,0.14417001
67.00000000,2333.00000000,0.14415835
67.00000000,2334.00000000,0.14414684
67.00000000,2335.00000000,0.14413545
67.00000000,2336.00000000,0.14412424
67.00000000,2337.00000000,0.14411313
67.00000000,2338.00000000,0.14410220
67.00000000,2339.00000000,0.14409140
67.00000000,2340.00000000,0.14408071
67.00000000,2341.00000000,0.14407017
67.00000000,2342.00000000,0.14405976
67.00000000,2343.00000000,0.14404741
67.00000000,2344.00000000,0.14403521
67.00000000,2345.00000000,0.14402313
67.00000000,2346.00000000,0.14401111
67.00000000,2347.00000000,0.14399925
67.00000000,2348.00000000,0.14398747
67.00000000,2349.00000000,0.14397582
67.00000000,2350.00000000,0.14396430
67.00000000,2351.00000000,0.14395283
67.00000000,2352.00000000,0.14394149
67.00000000,2353.00000000,0.14393026
67.00000000,2354.00000000,0.14391910
67.00000000,2355.00000000,0.14390809
67.00000000,2356.00000000,0.14389717
67.00000000,2357.00000000,0.14388631
67.00000000,2358.00000000,0.14387558
67.00000000,2359.00000000,0.14386491
67.00000000,2360.00000000,0.14385438
67.00000000,2361.00000000,0.14384392
67.00000000,2362.00000000,0.14383352
67.00000000,2363.00000000,0.14382325
67.00000000,2364.00000000,0.14381305
67.00000000,2365.00000000,0.14380290
67.00000000,2366.00000000,0.14379288
67.00000000,2367.00000000,0.14378293
67.00000000,2368.00000000,0.14377754
67.00000000,2369.00000000,0.14377228
67.00000000,2370.00000000,0.14376710
67.00000000,2371.00000000,0.14376194
67.00000000,2372.00000000,0.14375689
67.00000000,2373.00000000,0.14375189
67.00000000,2374.00000000,0.14374697
67.00000000,2375.00000000,0.14374214
67.00000000,2376.00000000,0.14373732
67.00000000,2377.00000000,0.14373261
67.00000000,2378.00000000,0.14372796
67.00000000,2379.00000000,0.14372332
67.00000000,2380.00000000,0.14371879
67.00000000,2381.00000000,0.14371432
67.00000000,2382.00000000,0.14370985
67.00000000,2383.00000000,0.14370548
67.00000000,2384.00000000,0.14370111
67.00000000,2385.00000000,0.14369684
67.00000000,2386.00000000,0.14369263
67.00000000,2387.00000000,0.14368841
67.00000000,2388.00000000,0.14368429
67.00000000,2389.00000000,0.14368021
67.00000000,2390.00000000,0.14367614
67.00000000,2391.00000000,0.14367215
67.00000000,2392.00000000,0.14366820
67.00000000,2393.00000000,0.14366425
67.00000000,2394.00000000,0.14366038
67.00000000,2395.00000000,0.14365655
67.00000000,2396.00000000,0.14365271
67.00000000,2397.00000000,0.14364896
67.00000000,2398.00000000,0.14364518
67.00000000,2399.00000000,0.14364150
67.00000000,2400.00000000,0.14363784
67.00000000,2401.00000000,0.14363418
67.00000000,2402.00000000,0.14363059
67.00000000,2403.00000000,0.14362705
67.00000000,2404.00000000,0.14362348
67.00000000,2405.00000000,0.14362002
67.00000000,2406.00000000,0.14361659
67.00000000,2407.00000000,0.14361314
67.00000000,2408.00000000,0.14360978
67.00000000,2409.00000000,0.14360641
67.00000000,2410.00000000,0.14360312
67.00000000,2411.00000000,0.14359985
67.00000000,2412.00000000,0.14359657
67.00000000,2413.00000000,0.14359337
67.00000000,2414.00000000,0.14359021
67.00000000,2415.00000000,0.14358701
67.00000000,2416.00000000,0.14358390
67.00000000,2417.00000000,0.14358082
67.00000000,2418.00000000,0.14357640
67.00000000,2419.00000000,0.14357207
67.00000000,2420.00000000,0.14356777
67.00000000,2421.00000000,0.14356344
67.00000000,2422.00000000,0.14355917
67.00000000,2423.00000000,0.14355487
67.00000000,2424.00000000,0.14355066
67.00000000,2425.00000000,0.14354646
67.00000000,2426.00000000,0.14354221
67.00000000,2427.00000000,0.14353806
67.00000000,2428.00000000,0.14353391
67.00000000,2429.00000000,0.14352973
67.00000000,2430.00000000,0.14352561
67.00000000,2431.00000000,0.14352152
67.00000000,2432.00000000,0.14351739
67.00000000,2433.00000000,0.14351333
67.00000000,2434.00000000,0.14350922
67.00000000,2435.00000000,0.14350517
67.00000000,2436.00000000,0.14350116
67.00000000,2437.00000000,0.14349708
67.00000000,2438.00000000,0.14349309
67.00000000,2439.00000000,0.14348912
67.00000000,2440.00000000,0.14348508
67.00000000,2441.00000000,0.14348112
67.00000000,2442.00000000,0.14347717
67.00000000,2443.00000000,0.14347317
67.00000000,2444.00000000,0.14346923
67.00000000,2445.00000000,0.14346525
67.00000000,2446.00000000,0.14346134
67.00000000,2447.00000000,0.14345743
67.00000000,2448.00000000,0.14345347
67.00000000,2449.00000000,0.14344959
67.00000000,2450.00000000,0.14344571
67.00000000,2451.00000000,0.14344177
67.00000000,2452.00000000,0.14343790
67.00000000,2453.00000000,0.14343403
67.00000000,2454.00000000,0.14343008
67.00000000,2455.00000000,0.14342622
67.00000000,2456.00000000,0.14342234
67.00000000,2457.00000000,0.14341840
67.00000000,2458.00000000,0.14341452
67.00000000,2459.00000000,0.14341057
67.00000000,2460.00000000,0.14340669
67.00000000,2461.00000000,0.14340282
67.00000000,2462.00000000,0.14339885
67.00000000,2463.00000000,0.14339496
67.00000000,2464.00000000,0.14339109
67.00000000,2465.00000000,0.14338711
67.00000000,2466.00000000,0.14338322
67.00000000,2467.00000000,0.14337931
67.00000000,2468.00000000,0.14337397
67.00000000,2469.00000000,0.14336869
67.00000000,2470.00000000,0.14336333
67.00000000,2471.00000000,0.14335805
67.00000000,2472.00000000,0.14335275
67.00000000,2473.00000000,0.14334738
67.00000000,2474.00000000,0.14334209
67.00000000,2475.00000000,0.14333678
67.00000000,2476.00000000,0.14333139
67.00000000,2477.00000000,0.14332608
67.00000000,2478.00000000,0.14332076
67.00000000,2479.00000000,0.14331536
67.00000000,2480.00000000,0.14331004
67.00000000,2481.00000000,0.14330471
67.00000000,2482.00000000,0.14329929
67.00000000,2483.00000000,0.14329396
67.00000000,2484.00000000,0.14328852
67.00000000,2485.00000000,0.14328318
67.00000000,2486.00000000,0.14327782
67.00000000,2487.00000000,0.14327239
67.00000000,2488.00000000,0.14326702
67.00000000,2489.00000000,0.14326165
67.00000000,2490.00000000,0.14325620
67.00000000,2491.00000000,0.14325083
67.00000000,2492.00000000,0.14324545
67.00000000,2493.00000000,0.14323997
67.00000000,2494.00000000,0.14323459
67.00000000,2495.00000000,0.14322910
67.00000000,2496.00000000,0.14322371
67.00000000,2497.00000000,0.14321831
67.00000000,2498.00000000,0.14321281
67.00000000,2499.00000000,0.14320741
67.00000000,2500.00000000,0.14320199
68.00000000,1765.00000000,0.10938200
68.00000000,1766.00000000,0.10938201
68.00000000,1767.00000000,0.10938207
68.00000000,1768.00000000,0.10938215
68.00000000,1769.00000000,0.10938257
68.00000000,1770.00000000,0.10938304
68.00000000,1771.00000000,0.10938357
68.00000000,1772.00000000,0.10938458
68.00000000,1773.00000000,0.10938534
68.00000000,1774.00000000,0.10938649
68.00000000,1775.00000000,0.10938788
68.00000000,1776.00000000,0.10938940
68.00000000,1777.00000000,0.10939081
68.00000000,1778.00000000,0.10939272
68.00000000,1779.00000000,0.10939463
68.00000000,1780.00000000,0.10939677
68.00000000,1781.00000000,0.10939911
68.00000000,1782.00000000,0.10940143
68.00000000,1783.00000000,0.10940396
68.00000000,1784.00000000,0.10940663
68.00000000,1785.00000000,0.10940945
68.00000000,1786.00000000,0.10941228
68.00000000,1787.00000000,0.10941531
68.00000000,1788.00000000,0.10941850
68.00000000,1789.00000000,0.10942176
68.00000000,1790.00000000,0.10942514
68.00000000,1791.00000000,0.10942856
68.00000000,1792.00000000,0.10943211
68.00000000,1793.00000000,0.10943571
68.00000000,1794.00000000,0.10943946
68.00000000,1795.00000000,0.10944323
68.00000000,1796.00000000,0.10944715
68.00000000,1797.00000000,0.10945107
68.00000000,1798.00000000,0.10945513
68.00000000,1799.00000000,0.10945921
68.00000000,1800.00000000,0.10946337
68.00000000,1801.00000000,0.10946761
68.00000000,1802.00000000,0.10947184
68.00000000,1803.00000000,0.10947618
68.00000000,1804.00000000,0.10948063
68.00000000,1805.00000000,0.10948498
68.00000000,1806.00000000,0.10948951
68.00000000,1807.00000000,0.10949411
68.00000000,1808.00000000,0.10949867
68.00000000,1809.00000000,0.10950336
68.00000000,1810.00000000,0.10950803
68.00000000,1811.00000000,0.10951286
68.00000000,1812.00000000,0.10951768
68.00000000,1813.00000000,0.10952253
68.00000000,1814.00000000,0.10952746
68.00000000,1815.00000000,0.10953245
68.00000000,1816.00000000,0.10953750
68.00000000,1817.00000000,0.10954257
68.00000000,1818.00000000,0.10954769
68.00000000,1819.00000000,0.10955285
68.00000000,1820.00000000,0.10955812
68.00000000,1821.00000000,0.10956342
68.00000000,1822.00000000,0.10956877
68.00000000,1823.00000000,0.10957415
68.00000000,1824.00000000,0.10957964
68.00000000,1825.00000000,0.10958519
68.00000000,1826.00000000,0.10959078
68.00000000,1827.00000000,0.10959650
68.00000000,1828.00000000,0.10960224
68.00000000,1829.00000000,0.10960813
68.00000000,1830.00000000,0.10961408
68.00000000,1831.00000000,0.10962009
68.00000000,1832.00000000,0.10962624
68.00000000,1833.00000000,0.10963244
68.00000000,1834.00000000,0.10964851
68.00000000,1835.00000000,0.10965497
68.00000000,1836.00000000,0.10966157
68.00000000,1837.00000000,0.10966825
68.00000000,1838.00000000,0.10967506
68.00000000,1839.00000000,0.10968526
68.00000000,1840.00000000,0.10969228
68.00000000,1841.00000000,0.10969945
68.00000000,1842.00000000,0.10970664
68.00000000,1843.00000000,0.10971399
68.00000000,1844.00000000,0.10972137
68.00000000,1845.00000000,0.10972885
68.00000000,1846.00000000,0.10973636
68.00000000,1847.00000000,0.10974398
68.00000000,1848.00000000,0.10975165
68.00000000,1849.00000000,0.10976267
68.00000000,1850.00000000,0.10977042
68.00000000,1851.00000000,0.10977824
68.00000000,1852.00000000,0.10978605
68.00000000,1853.00000000,0.10979439
68.00000000,1854.00000000,0.10980299
68.00000000,1855.00000000,0.10981163
68.00000000,1856.00000000,0.10982013
68.00000000,1857.00000000,0.10982858
68.00000000,1858.00000000,0.10983699
68.00000000,1859.00000000,0.10984873
68.00000000,1860.00000000,0.10985714
68.00000000,1861.00000000,0.10986559
68.00000000,1862.00000000,0.10987384
68.00000000,1863.00000000,0.10988140
68.00000000,1864.00000000,0.10988832
68.00000000,1865.00000000,0.10989812
68.00000000,1866.00000000,0.10990431
68.00000000,1867.00000000,0.10991020
68.00000000,1868.00000000,0.10991907
68.00000000,1869.00000000,0.10992447
68.00000000,1870.00000000,0.10993611
68.00000000,1871.00000000,0.10993787
68.00000000,1872.00000000,0.10994304
68.00000000,1873.00000000,0.10994919
68.00000000,1874.00000000,0.10995913
68.00000000,1875.00000000,0.10996633
68.00000000,1876.00000000,0.10997383
68.00000000,1877.00000000,0.10998167
68.00000000,1878.00000000,0.10998959
68.00000000,1879.00000000,0.11000108
68.00000000,1880.00000000,0.11000938
68.00000000,1881.00000000,0.11001769
68.00000000,1882.00000000,0.11002603
68.00000000,1883.00000000,0.11003712
68.00000000,1884.00000000,0.11004771
68.00000000,1885.00000000,0.11005810
68.00000000,1886.00000000,0.11006492
68.00000000,1887.00000000,0.11007172
68.00000000,1888.00000000,0.11007830
68.00000000,1889.00000000,0.11008462
68.00000000,1890.00000000,0.11009381
68.00000000,1891.00000000,0.11010266
68.00000000,1892.00000000,0.11010782
68.00000000,1893.00000000,0.11011623
68.00000000,1894.00000000,0.11012136
68.00000000,1895.00000000,0.11012997
68.00000000,1896.00000000,0.11013539
68.00000000,1897.00000000,0.11014080
68.00000000,1898.00000000,0.11016564
68.00000000,1899.00000000,0.11016751
68.00000000,1900.00000000,0.11017216
68.00000000,1901.00000000,0.11017981
68.00000000,1902.00000000,0.11018433
68.00000000,1903.00000000,0.11019216
68.00000000,1904.00000000,0.11020993
68.00000000,1905.00000000,0.11021485
68.00000000,1906.00000000,0.11022328
68.00000000,1907.00000000,0.11023185
68.00000000,1908.00000000,0.11024350
68.00000000,1909.00000000,0.11025177
68.00000000,1910.00000000,0.11026338
68.00000000,1911.00000000,0.11027149
68.00000000,1912.00000000,0.11028220
68.00000000,1913.00000000,0.11029832
68.00000000,1914.00000000,0.11030033
68.00000000,1915.00000000,0.11031167
68.00000000,1916.00000000,0.11031676
68.00000000,1917.00000000,0.11032845
68.00000000,1918.00000000,0.11034341
68.00000000,1919.00000000,0.11034557
68.00000000,1920.00000000,0.11035854
68.00000000,1921.00000000,0.11036926
68.00000000,1922.00000000,0.11040738
68.00000000,1923.00000000,0.11042051
68.00000000,1924.00000000,0.11044369
68.00000000,1925.00000000,0.11045365
68.00000000,1926.00000000,0.11046360
68.00000000,1927.00000000,0.11048661
68.00000000,1928.00000000,0.11051949
68.00000000,1929.00000000,0.11053926
68.00000000,1930.00000000,0.11055267
68.00000000,1931.00000000,0.11058371
68.00000000,1932.00000000,0.11061997
68.00000000,1933.00000000,0.11065437
68.00000000,1934.00000000,0.11067697
68.00000000,1935.00000000,0.11071692
68.00000000,1936.00000000,0.11074614
68.00000000,1937.00000000,0.11078107
68.00000000,1938.00000000,0.11080818
68.00000000,1939.00000000,0.11084760
68.00000000,1940.00000000,0.11091264
68.00000000,1941.00000000,0.11095714
68.00000000,1942.00000000,0.11093193
68.00000000,1943.00000000,0.11098418
68.00000000,1944.00000000,0.11099993
68.00000000,1945.00000000,0.11101595
68.00000000,1946.00000000,0.11102841
68.00000000,1947.00000000,0.11108405
68.00000000,1948.00000000,0.11118006
68.00000000,1949.00000000,0.11121430
68.00000000,1950.00000000,0.11126798
68.00000000,1951.00000000,0.11133115
68.00000000,1952.00000000,0.11135271
68.00000000,1953.00000000,0.11137099
68.00000000,1954.00000000,0.11139575
68.00000000,1955.00000000,0.11145326
68.00000000,1956.00000000,0.11156938
68.00000000,1957.00000000,0.11158088
68.00000000,1958.00000000,0.11168614
68.00000000,1959.00000000,0.11174826
68.00000000,1960.00000000,0.11176251
68.00000000,1961.00000000,0.11175507
68.00000000,1962.00000000,0.11180207
68.00000000,1963.00000000,0.11188082
68.00000000,1964.00000000,0.11192571
68.00000000,1965.00000000,0.11199533
68.00000000,1966.00000000,0.11207637
68.00000000,1967.00000000,0.11221113
68.00000000,1968.00000000,0.11229547
68.00000000,1969.00000000,0.11234793
68.00000000,1970.00000000,0.11238453
68.00000000,1971.00000000,0.11253693
68.00000000,1972.00000000,0.11254105
68.00000000,1973.00000000,0.11264456
68.00000000,1974.00000000,0.11276051
68.00000000,1975.00000000,0.11298104
68.00000000,1976.00000000,0.11284081
68.00000000,1977.00000000,0.11292429
68.00000000,1978.00000000,0.11300383
68.00000000,1979.00000000,0.11302771
68.00000000,1980.00000000,0.11313457
68.00000000,1981.00000000,0.11330893
68.00000000,1982.00000000,0.11297809
68.00000000,1983.00000000,0.11291535
68.00000000,1984.00000000,0.11310093
68.00000000,1985.00000000,0.11326215
68.00000000,1986.00000000,0.11319001
68.00000000,1987.00000000,0.11276096
68.00000000,1988.00000000,0.11315914
68.00000000,1989.00000000,0.11273404
68.00000000,1990.00000000,0.11286075
68.00000000,1991.00000000,0.11325551
68.00000000,1992.00000000,0.11322566
68.00000000,1993.00000000,0.11325857
68.00000000,1994.00000000,0.11328113
68.00000000,1995.00000000,0.11353460
68.00000000,1996.00000000,0.11354414
68.00000000,1997.00000000,0.11380159
68.00000000,1998.00000000,0.11350439
68.00000000,1999.00000000,0.11313998
68.00000000,2000.00000000,0.11284086
68.00000000,2001.00000000,0.11299025
68.00000000,2002.00000000,0.11324992
68.00000000,2003.00000000,0.11342724
68.00000000,2004.00000000,0.11376196
68.00000000,2005.00000000,0.11401644
68.00000000,2006.00000000,0.11379705
68.00000000,2007.00000000,0.11394930
68.00000000,2008.00000000,0.11428073
68.00000000,2009.00000000,0.11437759
68.00000000,2010.00000000,0.11438480
68.00000000,2011.00000000,0.11452113
68.00000000,2012.00000000,0.11447236
68.00000000,2013.00000000,0.11373254
68.00000000,2014.00000000,0.11395552
68.00000000,2015.00000000,0.11442018
68.00000000,2016.00000000,0.11463659
68.00000000,2017.00000000,0.11444557
68.00000000,2018.00000000,0.11508746
68.00000000,2019.00000000,0.11549461
68.00000000,2020.00000000,0.11554949
68.00000000,2021.00000000,0.11565728
68.00000000,2022.00000000,0.11569730
68.00000000,2023.00000000,0.11622704
68.00000000,2024.00000000,0.11661921
68.00000000,2025.00000000,0.11687426
68.00000000,2026.00000000,0.11702731
68.00000000,2027.00000000,0.11740848
68.00000000,2028.00000000,0.11773545
68.00000000,2029.00000000,0.11775247
68.00000000,2030.00000000,0.11805163
68.00000000,2031.00000000,0.11848380
68.00000000,2032.00000000,0.11895384
68.00000000,2033.00000000,0.11935070
68.00000000,2034.00000000,0.11981910
68.00000000,2035.00000000,0.12011639
68.00000000,2036.00000000,0.12063551
68.00000000,2037.00000000,0.12126300
68.00000000,2038.00000000,0.12208923
68.00000000,2039.00000000,0.12253377
68.00000000,2040.00000000,0.12301729
68.00000000,2041.00000000,0.12371135
68.00000000,2042.00000000,0.12369404
68.00000000,2043.00000000,0.12355673
68.00000000,2044.00000000,0.12434305
68.00000000,2045.00000000,0.12474646
68.00000000,2046.00000000,0.12492933
68.00000000,2047.00000000,0.12574874
68.00000000,2048.00000000,0.12551948
68.00000000,2049.00000000,0.12495126
68.00000000,2050.00000000,0.12476317
68.00000000,2051.00000000,0.12464860
68.00000000,2052.00000000,0.12514098
68.00000000,2053.00000000,0.12555154
68.00000000,2054.00000000,0.12599731
68.00000000,2055.00000000,0.12637079
68.00000000,2056.00000000,0.12695105
68.00000000,2057.00000000,0.12726562
68.00000000,2058.00000000,0.12736432
68.00000000,2059.00000000,0.12757164
68.00000000,2060.00000000,0.12714332
68.00000000,2061.00000000,0.12709031
68.00000000,2062.00000000,0.12737908
68.00000000,2063.00000000,0.12770572
68.00000000,2064.00000000,0.12805839
68.00000000,2065.00000000,0.12832564
68.00000000,2066.00000000,0.12817200
68.00000000,2067.00000000,0.12805920
68.00000000,2068.00000000,0.12850912
68.00000000,2069.00000000,0.12894726
68.00000000,2070.00000000,0.12906478
68.00000000,2071.00000000,0.13004047
68.00000000,2072.00000000,0.13116649
68.00000000,2073.00000000,0.13203527
68.00000000,2074.00000000,0.13258270
68.00000000,2075.00000000,0.13313628
68.00000000,2076.00000000,0.13369549
68.00000000,2077.00000000,0.13425993
68.00000000,2078.00000000,0.13482930
68.00000000,2079.00000000,0.13561265
68.00000000,2080.00000000,0.13640057
68.00000000,2081.00000000,0.13719282
68.00000000,2082.00000000,0.13798971
68.00000000,2083.00000000,0.13879155
68.00000000,2084.00000000,0.13959814
68.00000000,2085.00000000,0.14040966
68.00000000,2086.00000000,0.14122600
68.00000000,2087.00000000,0.14204673
68.00000000,2088.00000000,0.14287188
68.00000000,2089.00000000,0.14360938
68.00000000,2090.00000000,0.14435078
68.00000000,2091.00000000,0.14509626
68.00000000,2092.00000000,0.14584602
68.00000000,2093.00000000,0.14660031
68.00000000,2094.00000000,0.14735952
68.00000000,2095.00000000,0.14812358
68.00000000,2096.00000000,0.14889233
68.00000000,2097.00000000,0.14966597
68.00000000,2098.00000000,0.15044428
68.00000000,2099.00000000,0.15141728
68.00000000,2100.00000000,0.15239468
68.00000000,2101.00000000,0.15337636
68.00000000,2102.00000000,0.15436239
68.00000000,2103.00000000,0.15535325
68.00000000,2104.00000000,0.15634892
68.00000000,2105.00000000,0.15734915
68.00000000,2106.00000000,0.15835411
68.00000000,2107.00000000,0.15936352
68.00000000,2108.00000000,0.16037703
68.00000000,2109.00000000,0.16153312
68.00000000,2110.00000000,0.16269303
68.00000000,2111.00000000,0.16385634
68.00000000,2112.00000000,0.16502316
68.00000000,2113.00000000,0.16619302
68.00000000,2114.00000000,0.16736553
68.00000000,2115.00000000,0.16854070
68.00000000,2116.00000000,0.16971816
68.00000000,2117.00000000,0.17089759
68.00000000,2118.00000000,0.17207886
68.00000000,2119.00000000,0.17325389
68.00000000,2120.00000000,0.17443019
68.00000000,2121.00000000,0.17560749
68.00000000,2122.00000000,0.17678566
68.00000000,2123.00000000,0.17796442
68.00000000,2124.00000000,0.17914351
68.00000000,2125.00000000,0.18032253
68.00000000,2126.00000000,0.18150158
68.00000000,2127.00000000,0.18268019
68.00000000,2128.00000000,0.18385802
68.00000000,2129.00000000,0.18473297
68.00000000,2130.00000000,0.18560660
68.00000000,2131.00000000,0.18647897
68.00000000,2132.00000000,0.18734990
68.00000000,2133.00000000,0.18821916
68.00000000,2134.00000000,0.18908672
68.00000000,2135.00000000,0.18995234
68.00000000,2136.00000000,0.19081599
68.00000000,2137.00000000,0.19167747
68.00000000,2138.00000000,0.19253662
68.00000000,2139.00000000,0.19312109
68.00000000,2140.00000000,0.19370305
68.00000000,2141.00000000,0.19428209
68.00000000,2142.00000000,0.19485857
68.00000000,2143.00000000,0.19543221
68.00000000,2144.00000000,0.19600302
68.00000000,2145.00000000,0.19657096
68.00000000,2146.00000000,0.19713593
68.00000000,2147.00000000,0.19769798
68.00000000,2148.00000000,0.19825699
68.00000000,2149.00000000,0.19866135
68.00000000,2150.00000000,0.19906243
68.00000000,2151.00000000,0.19946159
68.00000000,2152.00000000,0.19986168
68.00000000,2153.00000000,0.20026559
68.00000000,2154.00000000,0.20067495
68.00000000,2155.00000000,0.20109027
68.00000000,2156.00000000,0.20151179
68.00000000,2157.00000000,0.20193940
68.00000000,2158.00000000,0.20237280
68.00000000,2159.00000000,0.20265603
68.00000000,2160.00000000,0.20294451
68.00000000,2161.00000000,0.20323789
68.00000000,2162.00000000,0.20353616
68.00000000,2163.00000000,0.20383893
68.00000000,2164.00000000,0.20414595
68.00000000,2165.00000000,0.20445701
68.00000000,2166.00000000,0.20477174
68.00000000,2167.00000000,0.20509019
68.00000000,2168.00000000,0.20541197
68.00000000,2169.00000000,0.20561720
68.00000000,2170.00000000,0.20582519
68.00000000,2171.00000000,0.20603588
68.00000000,2172.00000000,0.20624908
68.00000000,2173.00000000,0.20646474
68.00000000,2174.00000000,0.20668266
68.00000000,2175.00000000,0.20690260
68.00000000,2176.00000000,0.20712466
68.00000000,2177.00000000,0.20734861
68.00000000,2178.00000000,0.20757434
68.00000000,2179.00000000,0.20780176
68.00000000,2180.00000000,0.20803066
68.00000000,2181.00000000,0.20826113
68.00000000,2182.00000000,0.20849299
68.00000000,2183.00000000,0.20872611
68.00000000,2184.00000000,0.20896051
68.00000000,2185.00000000,0.20919601
68.00000000,2186.00000000,0.20943246
68.00000000,2187.00000000,0.20966999
68.00000000,2188.00000000,0.20990846
68.00000000,2189.00000000,0.21014774
68.00000000,2190.00000000,0.21038781
68.00000000,2191.00000000,0.21062850
68.00000000,2192.00000000,0.21086995
68.00000000,2193.00000000,0.21111204
68.00000000,2194.00000000,0.21135455
68.00000000,2195.00000000,0.21159759
68.00000000,2196.00000000,0.21184107
68.00000000,2197.00000000,0.21208490
68.00000000,2198.00000000,0.21232908
68.00000000,2199.00000000,0.21257353
68.00000000,2200.00000000,0.21281814
68.00000000,2201.00000000,0.21306297
68.00000000,2202.00000000,0.21330791
68.00000000,2203.00000000,0.21355293
68.00000000,2204.00000000,0.21379801
68.00000000,2205.00000000,0.21404299
68.00000000,2206.00000000,0.21428798
68.00000000,2207.00000000,0.21453293
68.00000000,2208.00000000,0.21477764
68.00000000,2209.00000000,0.21502220
68.00000000,2210.00000000,0.21526650
68.00000000,2211.00000000,0.21551051
68.00000000,2212.00000000,0.21575424
68.00000000,2213.00000000,0.21599752
68.00000000,2214.00000000,0.21624051
68.00000000,2215.00000000,0.21648296
68.00000000,2216.00000000,0.21672485
68.00000000,2217.00000000,0.21696612
68.00000000,2218.00000000,0.21720664
68.00000000,2219.00000000,0.21661128
68.00000000,2220.00000000,0.21601361
68.00000000,2221.00000000,0.21541360
68.00000000,2222.00000000,0.21481134
68.00000000,2223.00000000,0.21420699
68.00000000,2224.00000000,0.21360060
68.00000000,2225.00000000,0.21299214
68.00000000,2226.00000000,0.21238180
68.00000000,2227.00000000,0.21176955
68.00000000,2228.00000000,0.21115553
68.00000000,2229.00000000,0.21053982
68.00000000,2230.00000000,0.20992235
68.00000000,2231.00000000,0.20930329
68.00000000,2232.00000000,0.20868267
68.00000000,2233.00000000,0.20806045
68.00000000,2234.00000000,0.20743683
68.00000000,2235.00000000,0.20681178
68.00000000,2236.00000000,0.20618520
68.00000000,2237.00000000,0.20555744
68.00000000,2238.00000000,0.20492826
68.00000000,2239.00000000,0.20429789
68.00000000,2240.00000000,0.20366628
68.00000000,2241.00000000,0.20303345
68.00000000,2242.00000000,0.20239948
68.00000000,2243.00000000,0.20176439
68.00000000,2244.00000000,0.20112818
68.00000000,2245.00000000,0.20049091
68.00000000,2246.00000000,0.19985265
68.00000000,2247.00000000,0.19921328
68.00000000,2248.00000000,0.19857297
68.00000000,2249.00000000,0.19793151
68.00000000,2250.00000000,0.19728748
68.00000000,2251.00000000,0.19663859
68.00000000,2252.00000000,0.19598246
68.00000000,2253.00000000,0.19531795
68.00000000,2254.00000000,0.19464462
68.00000000,2255.00000000,0.19396235
68.00000000,2256.00000000,0.19327136
68.00000000,2257.00000000,0.19257170
68.00000000,2258.00000000,0.19186356
68.00000000,2259.00000000,0.19114728
68.00000000,2260.00000000,0.19042304
68.00000000,2261.00000000,0.18969117
68.00000000,2262.00000000,0.18895214
68.00000000,2263.00000000,0.18820629
68.00000000,2264.00000000,0.18745400
68.00000000,2265.00000000,0.18669551
68.00000000,2266.00000000,0.18593103
68.00000000,2267.00000000,0.18516086
68.00000000,2268.00000000,0.18438520
68.00000000,2269.00000000,0.18360418
68.00000000,2270.00000000,0.18281815
68.00000000,2271.00000000,0.18202720
68.00000000,2272.00000000,0.18123152
68.00000000,2273.00000000,0.18043134
68.00000000,2274.00000000,0.17962685
68.00000000,2275.00000000,0.17881811
68.00000000,2276.00000000,0.17800543
68.00000000,2277.00000000,0.17718886
68.00000000,2278.00000000,0.17636867
68.00000000,2279.00000000,0.17554494
68.00000000,2280.00000000,0.17471781
68.00000000,2281.00000000,0.17388748
68.00000000,2282.00000000,0.17305405
68.00000000,2283.00000000,0.17221763
68.00000000,2284.00000000,0.17137840
68.00000000,2285.00000000,0.17053647
68.00000000,2286.00000000,0.16969189
68.00000000,2287.00000000,0.16884490
68.00000000,2288.00000000,0.16799549
68.00000000,2289.00000000,0.16714389
68.00000000,2290.00000000,0.16629014
68.00000000,2291.00000000,0.16543430
68.00000000,2292.00000000,0.16457657
68.00000000,2293.00000000,0.16371698
68.00000000,2294.00000000,0.16285563
68.00000000,2295.00000000,0.16199265
68.00000000,2296.00000000,0.16112809
68.00000000,2297.00000000,0.16026203
68.00000000,2298.00000000,0.15939460
68.00000000,2299.00000000,0.15852581
68.00000000,2300.00000000,0.15765584
68.00000000,2301.00000000,0.15678470
68.00000000,2302.00000000,0.15591241
68.00000000,2303.00000000,0.15503913
68.00000000,2304.00000000,0.15416488
68.00000000,2305.00000000,0.15328967
68.00000000,2306.00000000,0.15241368
68.00000000,2307.00000000,0.15153692
68.00000000,2308.00000000,0.15065941
68.00000000,2309.00000000,0.14978130
68.00000000,2310.00000000,0.14890261
68.00000000,2311.00000000,0.14802337
68.00000000,2312.00000000,0.14714370
68.00000000,2313.00000000,0.14626361
68.00000000,2314.00000000,0.14538324
68.00000000,2315.00000000,0.14450263
68.00000000,2316.00000000,0.14362186
68.00000000,2317.00000000,0.14292819
68.00000000,2318.00000000,0.14278558
68.00000000,2319.00000000,0.14279373
68.00000000,2320.00000000,0.14280218
68.00000000,2321.00000000,0.14281087
68.00000000,2322.00000000,0.14281976
68.00000000,2323.00000000,0.14282893
68.00000000,2324.00000000,0.14286190
68.00000000,2325.00000000,0.14289514
68.00000000,2326.00000000,0.14292860
68.00000000,2327.00000000,0.14296223
68.00000000,2328.00000000,0.14299609
68.00000000,2329.00000000,0.14298345
68.00000000,2330.00000000,0.14297094
68.00000000,2331.00000000,0.14295865
68.00000000,2332.00000000,0.14294652
68.00000000,2333.00000000,0.14293452
68.00000000,2334.00000000,0.14292271
68.00000000,2335.00000000,0.14291105
68.00000000,2336.00000000,0.14289951
68.00000000,2337.00000000,0.14288816
68.00000000,2338.00000000,0.14287690
68.00000000,2339.00000000,0.14286582
68.00000000,2340.00000000,0.14285488
68.00000000,2341.00000000,0.14284404
68.00000000,2342.00000000,0.14283336
68.00000000,2343.00000000,0.14282281
68.00000000,2344.00000000,0.14281032
68.00000000,2345.00000000,0.14279801
68.00000000,2346.00000000,0.14278581
68.00000000,2347.00000000,0.14277366
68.00000000,2348.00000000,0.14276168
68.00000000,2349.00000000,0.14274977
68.00000000,2350.00000000,0.14273800
68.00000000,2351.00000000,0.14272634
68.00000000,2352.00000000,0.14271475
68.00000000,2353.00000000,0.14270331
68.00000000,2354.00000000,0.14269197
68.00000000,2355.00000000,0.14268069
68.00000000,2356.00000000,0.14266955
68.00000000,2357.00000000,0.14265853
68.00000000,2358.00000000,0.14264756
68.00000000,2359.00000000,0.14263671
68.00000000,2360.00000000,0.14262592
68.00000000,2361.00000000,0.14261526
68.00000000,2362.00000000,0.14260471
68.00000000,2363.00000000,0.14259419
68.00000000,2364.00000000,0.14258381
68.00000000,2365.00000000,0.14257350
68.00000000,2366.00000000,0.14256323
68.00000000,2367.00000000,0.14255309
68.00000000,2368.00000000,0.14254302
68.00000000,2369.00000000,0.14253748
68.00000000,2370.00000000,0.14253207
68.00000000,2371.00000000,0.14252674
68.00000000,2372.00000000,0.14252142
68.00000000,2373.00000000,0.14251622
68.00000000,2374.00000000,0.14251106
68.00000000,2375.00000000,0.14250599
68.00000000,2376.00000000,0.14250100
68.00000000,2377.00000000,0.14249602
68.00000000,2378.00000000,0.14249116
68.00000000,2379.00000000,0.14248636
68.00000000,2380.00000000,0.14248156
68.00000000,2381.00000000,0.14247688
68.00000000,2382.00000000,0.14247225
68.00000000,2383.00000000,0.14246762
68.00000000,2384.00000000,0.14246310
68.00000000,2385.00000000,0.14245858
68.00000000,2386.00000000,0.14245416
68.00000000,2387.00000000,0.14244979
68.00000000,2388.00000000,0.14244541
68.00000000,2389.00000000,0.14244114
68.00000000,2390.00000000,0.14243690
68.00000000,2391.00000000,0.14243267
68.00000000,2392.00000000,0.14242852
68.00000000,2393.00000000,0.14242442
68.00000000,2394.00000000,0.14242030
68.00000000,2395.00000000,0.14241629
68.00000000,2396.00000000,0.14241230
68.00000000,2397.00000000,0.14240829
68.00000000,2398.00000000,0.14240439
68.00000000,2399.00000000,0.14240045
68.00000000,2400.00000000,0.14239662
68.00000000,2401.00000000,0.14239280
68.00000000,2402.00000000,0.14238898
68.00000000,2403.00000000,0.14238524
68.00000000,2404.00000000,0.14238155
68.00000000,2405.00000000,0.14237785
68.00000000,2406.00000000,0.14237422
68.00000000,2407.00000000,0.14237065
68.00000000,2408.00000000,0.14236705
68.00000000,2409.00000000,0.14236353
68.00000000,2410.00000000,0.14236000
68.00000000,2411.00000000,0.14235657
68.00000000,2412.00000000,0.14235316
68.00000000,2413.00000000,0.14234972
68.00000000,2414.00000000,0.14234638
68.00000000,2415.00000000,0.14234306
68.00000000,2416.00000000,0.14233971
68.00000000,2417.00000000,0.14233644
68.00000000,2418.00000000,0.14233321
68.00000000,2419.00000000,0.14232865
68.00000000,2420.00000000,0.14232418
68.00000000,2421.00000000,0.14231972
68.00000000,2422.00000000,0.14231525
68.00000000,2423.00000000,0.14231084
68.00000000,2424.00000000,0.14230639
68.00000000,2425.00000000,0.14230203
68.00000000,2426.00000000,0.14229769
68.00000000,2427.00000000,0.14229331
68.00000000,2428.00000000,0.14228900
68.00000000,2429.00000000,0.14228470
68.00000000,2430.00000000,0.14228037
68.00000000,2431.00000000,0.14227612
68.00000000,2432.00000000,0.14227187
68.00000000,2433.00000000,0.14226759
68.00000000,2434.00000000,0.14226338
68.00000000,2435.00000000,0.14225912
68.00000000,2436.00000000,0.14225494
68.00000000,2437.00000000,0.14225078
68.00000000,2438.00000000,0.14224655
68.00000000,2439.00000000,0.14224241
68.00000000,2440.00000000,0.14223828
68.00000000,2441.00000000,0.14223410
68.00000000,2442.00000000,0.14222999
68.00000000,2443.00000000,0.14222589
68.00000000,2444.00000000,0.14222174
68.00000000,2445.00000000,0.14221765
68.00000000,2446.00000000,0.14221352
68.00000000,2447.00000000,0.14220946
68.00000000,2448.00000000,0.14220540
68.00000000,2449.00000000,0.14220130
68.00000000,2450.00000000,0.14219725
68.00000000,2451.00000000,0.14219322
68.00000000,2452.00000000,0.14218913
68.00000000,2453.00000000,0.14218510
68.00000000,2454.00000000,0.14218108
68.00000000,2455.00000000,0.14217697
68.00000000,2456.00000000,0.14217295
68.00000000,2457.00000000,0.14216892
68.00000000,2458.00000000,0.14216482
68.00000000,2459.00000000,0.14216079
68.00000000,2460.00000000,0.14215668
68.00000000,2461.00000000,0.14215264
68.00000000,2462.00000000,0.14214859
68.00000000,2463.00000000,0.14214448
68.00000000,2464.00000000,0.14214044
68.00000000,2465.00000000,0.14213639
68.00000000,2466.00000000,0.14213226
68.00000000,2467.00000000,0.14212822
68.00000000,2468.00000000,0.14212415
68.00000000,2469.00000000,0.14211866
68.00000000,2470.00000000,0.14211324
68.00000000,2471.00000000,0.14210772
68.00000000,2472.00000000,0.14210229
68.00000000,2473.00000000,0.14209687
68.00000000,2474.00000000,0.14209134
68.00000000,2475.00000000,0.14208590
68.00000000,2476.00000000,0.14208045
68.00000000,2477.00000000,0.14207492
68.00000000,2478.00000000,0.14206946
68.00000000,2479.00000000,0.14206399
68.00000000,2480.00000000,0.14205845
68.00000000,2481.00000000,0.14205297
68.00000000,2482.00000000,0.14204750
68.00000000,2483.00000000,0.14204194
68.00000000,2484.00000000,0.14203646
68.00000000,2485.00000000,0.14203088
68.00000000,2486.00000000,0.14202539
68.00000000,2487.00000000,0.14201990
68.00000000,2488.00000000,0.14201430
68.00000000,2489.00000000,0.14200880
68.00000000,2490.00000000,0.14200329
68.00000000,2491.00000000,0.14199769
68.00000000,2492.00000000,0.14199217
68.00000000,2493.00000000,0.14198664
68.00000000,2494.00000000,0.14198102
68.00000000,2495.00000000,0.14197549
68.00000000,2496.00000000,0.14196985
68.00000000,2497.00000000,0.14196432
68.00000000,2498.00000000,0.14195878
68.00000000,2499.00000000,0.14195313
68.00000000,2500.00000000,0.14194758
69.00000000,1765.00000000,0.10812340
69.00000000,1766.00000000,0.10812343
69.00000000,1767.00000000,0.10812349
69.00000000,1768.00000000,0.10812365
69.00000000,1769.00000000,0.10812387
69.00000000,1770.00000000,0.10812444
69.00000000,1771.00000000,0.10812508
69.00000000,1772.00000000,0.10812578
69.00000000,1773.00000000,0.10812695
69.00000000,1774.00000000,0.10812789
69.00000000,1775.00000000,0.10812921
69.00000000,1776.00000000,0.10813078
69.00000000,1777.00000000,0.10813246
69.00000000,1778.00000000,0.10813405
69.00000000,1779.00000000,0.10813612
69.00000000,1780.00000000,0.10813820
69.00000000,1781.00000000,0.10814049
69.00000000,1782.00000000,0.10814297
69.00000000,1783.00000000,0.10814544
69.00000000,1784.00000000,0.10814810
69.00000000,1785.00000000,0.10815089
69.00000000,1786.00000000,0.10815386
69.00000000,1787.00000000,0.10815681
69.00000000,1788.00000000,0.10815995
69.00000000,1789.00000000,0.10816326
69.00000000,1790.00000000,0.10816663
69.00000000,1791.00000000,0.10817012
69.00000000,1792.00000000,0.10817364
69.00000000,1793.00000000,0.10817727
69.00000000,1794.00000000,0.10818097
69.00000000,1795.00000000,0.10818481
69.00000000,1796.00000000,0.10818866
69.00000000,1797.00000000,0.10819267
69.00000000,1798.00000000,0.10819666
69.00000000,1799.00000000,0.10820079
69.00000000,1800.00000000,0.10820494
69.00000000,1801.00000000,0.10820916
69.00000000,1802.00000000,0.10821345
69.00000000,1803.00000000,0.10821773
69.00000000,1804.00000000,0.10822213
69.00000000,1805.00000000,0.10822663
69.00000000,1806.00000000,0.10823103
69.00000000,1807.00000000,0.10823562
69.00000000,1808.00000000,0.10824027
69.00000000,1809.00000000,0.10824487
69.00000000,1810.00000000,0.10824961
69.00000000,1811.00000000,0.10825433
69.00000000,1812.00000000,0.10825919
69.00000000,1813.00000000,0.10826405
69.00000000,1814.00000000,0.10826893
69.00000000,1815.00000000,0.10827391
69.00000000,1816.00000000,0.10827891
69.00000000,1817.00000000,0.10828398
69.00000000,1818.00000000,0.10828908
69.00000000,1819.00000000,0.10829420
69.00000000,1820.00000000,0.10829938
69.00000000,1821.00000000,0.10830469
69.00000000,1822.00000000,0.10830999
69.00000000,1823.00000000,0.10831536
69.00000000,1824.00000000,0.10832077
69.00000000,1825.00000000,0.10832625
69.00000000,1826.00000000,0.10833180
69.00000000,1827.00000000,0.10833742
69.00000000,1828.00000000,0.10834311
69.00000000,1829.00000000,0.10834890
69.00000000,1830.00000000,0.10835475
69.00000000,1831.00000000,0.10836067
69.00000000,1832.00000000,0.10836669
69.00000000,1833.00000000,0.10837279
69.00000000,1834.00000000,0.10837898
69.00000000,1835.00000000,0.10839496
69.00000000,1836.00000000,0.10840141
69.00000000,1837.00000000,0.10840799
69.00000000,1838.00000000,0.10841464
69.00000000,1839.00000000,0.10842147
69.00000000,1840.00000000,0.10843158
69.00000000,1841.00000000,0.10843863
69.00000000,1842.00000000,0.10844573
69.00000000,1843.00000000,0.10845293
69.00000000,1844.00000000,0.10846021
69.00000000,1845.00000000,0.10846761
69.00000000,1846.00000000,0.10847500
69.00000000,1847.00000000,0.10848252
69.00000000,1848.00000000,0.10849005
69.00000000,1849.00000000,0.10849774
69.00000000,1850.00000000,0.10850864
69.00000000,1851.00000000,0.10851634
69.00000000,1852.00000000,0.10852406
69.00000000,1853.00000000,0.10853233
69.00000000,1854.00000000,0.10854081
69.00000000,1855.00000000,0.10854939
69.00000000,1856.00000000,0.10855781
69.00000000,1857.00000000,0.10856624
69.00000000,1858.00000000,0.10857456
69.00000000,1859.00000000,0.10858294
69.00000000,1860.00000000,0.10859454
69.00000000,1861.00000000,0.10860290
69.00000000,1862.00000000,0.10861108
69.00000000,1863.00000000,0.10861858
69.00000000,1864.00000000,0.10862544
69.00000000,1865.00000000,0.10863195
69.00000000,1866.00000000,0.10864125
69.00000000,1867.00000000,0.10864715
69.00000000,1868.00000000,0.10865266
69.00000000,1869.00000000,0.10866124
69.00000000,1870.00000000,0.10866628
69.00000000,1871.00000000,0.10867772
69.00000000,1872.00000000,0.10867964
69.00000000,1873.00000000,0.10868570
69.00000000,1874.00000000,0.10869237
69.00000000,1875.00000000,0.10870272
69.00000000,1876.00000000,0.10871018
69.00000000,1877.00000000,0.10871794
69.00000000,1878.00000000,0.10872591
69.00000000,1879.00000000,0.10873407
69.00000000,1880.00000000,0.10874555
69.00000000,1881.00000000,0.10875392
69.00000000,1882.00000000,0.10876218
69.00000000,1883.00000000,0.10877000
69.00000000,1884.00000000,0.10878054
69.00000000,1885.00000000,0.10879083
69.00000000,1886.00000000,0.10880092
69.00000000,1887.00000000,0.10880767
69.00000000,1888.00000000,0.10881424
69.00000000,1889.00000000,0.10882054
69.00000000,1890.00000000,0.10882645
69.00000000,1891.00000000,0.10883526
69.00000000,1892.00000000,0.10884367
69.00000000,1893.00000000,0.10884873
69.00000000,1894.00000000,0.10885708
69.00000000,1895.00000000,0.10886243
69.00000000,1896.00000000,0.10887104
69.00000000,1897.00000000,0.10887646
69.00000000,1898.00000000,0.10888171
69.00000000,1899.00000000,0.10890617
69.00000000,1900.00000000,0.10890763
69.00000000,1901.00000000,0.10891200
69.00000000,1902.00000000,0.10891974
69.00000000,1903.00000000,0.10892436
69.00000000,1904.00000000,0.10893228
69.00000000,1905.00000000,0.10895012
69.00000000,1906.00000000,0.10895535
69.00000000,1907.00000000,0.10896387
69.00000000,1908.00000000,0.10897229
69.00000000,1909.00000000,0.10898376
69.00000000,1910.00000000,0.10899211
69.00000000,1911.00000000,0.10900347
69.00000000,1912.00000000,0.10901092
69.00000000,1913.00000000,0.10902048
69.00000000,1914.00000000,0.10903550
69.00000000,1915.00000000,0.10903707
69.00000000,1916.00000000,0.10904860
69.00000000,1917.00000000,0.10905378
69.00000000,1918.00000000,0.10906535
69.00000000,1919.00000000,0.10908039
69.00000000,1920.00000000,0.10908353
69.00000000,1921.00000000,0.10909738
69.00000000,1922.00000000,0.10910947
69.00000000,1923.00000000,0.10914829
69.00000000,1924.00000000,0.10916165
69.00000000,1925.00000000,0.10918451
69.00000000,1926.00000000,0.10919441
69.00000000,1927.00000000,0.10920431
69.00000000,1928.00000000,0.10922734
69.00000000,1929.00000000,0.10925989
69.00000000,1930.00000000,0.10927973
69.00000000,1931.00000000,0.10929445
69.00000000,1932.00000000,0.10932703
69.00000000,1933.00000000,0.10936427
69.00000000,1934.00000000,0.10939935
69.00000000,1935.00000000,0.10942199
69.00000000,1936.00000000,0.10946100
69.00000000,1937.00000000,0.10948886
69.00000000,1938.00000000,0.10952183
69.00000000,1939.00000000,0.10954766
69.00000000,1940.00000000,0.10958586
69.00000000,1941.00000000,0.10964911
69.00000000,1942.00000000,0.10969180
69.00000000,1943.00000000,0.10966601
69.00000000,1944.00000000,0.10971718
69.00000000,1945.00000000,0.10973281
69.00000000,1946.00000000,0.10975009
69.00000000,1947.00000000,0.10976476
69.00000000,1948.00000000,0.10982104
69.00000000,1949.00000000,0.10991619
69.00000000,1950.00000000,0.10995004
69.00000000,1951.00000000,0.11000292
69.00000000,1952.00000000,0.11006622
69.00000000,1953.00000000,0.11008757
69.00000000,1954.00000000,0.11010556
69.00000000,1955.00000000,0.11013031
69.00000000,1956.00000000,0.11018728
69.00000000,1957.00000000,0.11030187
69.00000000,1958.00000000,0.11031254
69.00000000,1959.00000000,0.11041608
69.00000000,1960.00000000,0.11047523
69.00000000,1961.00000000,0.11048728
69.00000000,1962.00000000,0.11047886
69.00000000,1963.00000000,0.11052455
69.00000000,1964.00000000,0.11060133
69.00000000,1965.00000000,0.11064424
69.00000000,1966.00000000,0.11071148
69.00000000,1967.00000000,0.11079020
69.00000000,1968.00000000,0.11092193
69.00000000,1969.00000000,0.11100286
69.00000000,1970.00000000,0.11105182
69.00000000,1971.00000000,0.11108379
69.00000000,1972.00000000,0.11122955
69.00000000,1973.00000000,0.11122914
69.00000000,1974.00000000,0.11132810
69.00000000,1975.00000000,0.11144091
69.00000000,1976.00000000,0.11165921
69.00000000,1977.00000000,0.11152084
69.00000000,1978.00000000,0.11160361
69.00000000,1979.00000000,0.11168234
69.00000000,1980.00000000,0.11170539
69.00000000,1981.00000000,0.11181155
69.00000000,1982.00000000,0.11198750
69.00000000,1983.00000000,0.11166608
69.00000000,1984.00000000,0.11161009
69.00000000,1985.00000000,0.11179880
69.00000000,1986.00000000,0.11196157
69.00000000,1987.00000000,0.11189169
69.00000000,1988.00000000,0.11146726
69.00000000,1989.00000000,0.11186172
69.00000000,1990.00000000,0.11144025
69.00000000,1991.00000000,0.11156586
69.00000000,1992.00000000,0.11195821
69.00000000,1993.00000000,0.11193010
69.00000000,1994.00000000,0.11196503
69.00000000,1995.00000000,0.11198933
69.00000000,1996.00000000,0.11224139
69.00000000,1997.00000000,0.11225088
69.00000000,1998.00000000,0.11250561
69.00000000,1999.00000000,0.11221169
69.00000000,2000.00000000,0.11185154
69.00000000,2001.00000000,0.11155554
69.00000000,2002.00000000,0.11170345
69.00000000,2003.00000000,0.11196117
69.00000000,2004.00000000,0.11213558
69.00000000,2005.00000000,0.11246363
69.00000000,2006.00000000,0.11271047
69.00000000,2007.00000000,0.11248778
69.00000000,2008.00000000,0.11263387
69.00000000,2009.00000000,0.11295799
69.00000000,2010.00000000,0.11305018
69.00000000,2011.00000000,0.11305394
69.00000000,2012.00000000,0.11318558
69.00000000,2013.00000000,0.11313380
69.00000000,2014.00000000,0.11239750
69.00000000,2015.00000000,0.11261479
69.00000000,2016.00000000,0.11307152
69.00000000,2017.00000000,0.11328247
69.00000000,2018.00000000,0.11309020
69.00000000,2019.00000000,0.11372284
69.00000000,2020.00000000,0.11412323
69.00000000,2021.00000000,0.11417502
69.00000000,2022.00000000,0.11427951
69.00000000,2023.00000000,0.11431737
69.00000000,2024.00000000,0.11484035
69.00000000,2025.00000000,0.11522741
69.00000000,2026.00000000,0.11547891
69.00000000,2027.00000000,0.11562957
69.00000000,2028.00000000,0.11600622
69.00000000,2029.00000000,0.11632927
69.00000000,2030.00000000,0.11634563
69.00000000,2031.00000000,0.11664124
69.00000000,2032.00000000,0.11706833
69.00000000,2033.00000000,0.11753251
69.00000000,2034.00000000,0.11792390
69.00000000,2035.00000000,0.11838603
69.00000000,2036.00000000,0.11867867
69.00000000,2037.00000000,0.11919089
69.00000000,2038.00000000,0.11981043
69.00000000,2039.00000000,0.12062667
69.00000000,2040.00000000,0.12106523
69.00000000,2041.00000000,0.12154231
69.00000000,2042.00000000,0.12222752
69.00000000,2043.00000000,0.12220841
69.00000000,2044.00000000,0.12207029
69.00000000,2045.00000000,0.12284625
69.00000000,2046.00000000,0.12324319
69.00000000,2047.00000000,0.12342191
69.00000000,2048.00000000,0.12423068
69.00000000,2049.00000000,0.12400175
69.00000000,2050.00000000,0.12343756
69.00000000,2051.00000000,0.12324965
69.00000000,2052.00000000,0.12313460
69.00000000,2053.00000000,0.12362032
69.00000000,2054.00000000,0.12402513
69.00000000,2055.00000000,0.12446491
69.00000000,2056.00000000,0.12483322
69.00000000,2057.00000000,0.12540621
69.00000000,2058.00000000,0.12571641
69.00000000,2059.00000000,0.12581308
69.00000000,2060.00000000,0.12601730
69.00000000,2061.00000000,0.12559294
69.00000000,2062.00000000,0.12554066
69.00000000,2063.00000000,0.12582745
69.00000000,2064.00000000,0.12615230
69.00000000,2065.00000000,0.12650325
69.00000000,2066.00000000,0.12676987
69.00000000,2067.00000000,0.12662015
69.00000000,2068.00000000,0.12651083
69.00000000,2069.00000000,0.12695814
69.00000000,2070.00000000,0.12739371
69.00000000,2071.00000000,0.12751218
69.00000000,2072.00000000,0.12848026
69.00000000,2073.00000000,0.12959776
69.00000000,2074.00000000,0.13046115
69.00000000,2075.00000000,0.13100676
69.00000000,2076.00000000,0.13155847
69.00000000,2077.00000000,0.13211567
69.00000000,2078.00000000,0.13267789
69.00000000,2079.00000000,0.13324482
69.00000000,2080.00000000,0.13402330
69.00000000,2081.00000000,0.13480622
69.00000000,2082.00000000,0.13559365
69.00000000,2083.00000000,0.13638591
69.00000000,2084.00000000,0.13718316
69.00000000,2085.00000000,0.13798512
69.00000000,2086.00000000,0.13879183
69.00000000,2087.00000000,0.13960315
69.00000000,2088.00000000,0.14041868
69.00000000,2089.00000000,0.14123837
69.00000000,2090.00000000,0.14197113
69.00000000,2091.00000000,0.14270771
69.00000000,2092.00000000,0.14344856
69.00000000,2093.00000000,0.14419400
69.00000000,2094.00000000,0.14494404
69.00000000,2095.00000000,0.14569889
69.00000000,2096.00000000,0.14645851
69.00000000,2097.00000000,0.14722264
69.00000000,2098.00000000,0.14799140
69.00000000,2099.00000000,0.14876468
69.00000000,2100.00000000,0.14973048
69.00000000,2101.00000000,0.15070057
69.00000000,2102.00000000,0.15167522
69.00000000,2103.00000000,0.15265456
69.00000000,2104.00000000,0.15363857
69.00000000,2105.00000000,0.15462745
69.00000000,2106.00000000,0.15562078
69.00000000,2107.00000000,0.15661867
69.00000000,2108.00000000,0.15762085
69.00000000,2109.00000000,0.15862695
69.00000000,2110.00000000,0.15977403
69.00000000,2111.00000000,0.16092477
69.00000000,2112.00000000,0.16207878
69.00000000,2113.00000000,0.16323608
69.00000000,2114.00000000,0.16439631
69.00000000,2115.00000000,0.16555916
69.00000000,2116.00000000,0.16672436
69.00000000,2117.00000000,0.16789181
69.00000000,2118.00000000,0.16906121
69.00000000,2119.00000000,0.17023221
69.00000000,2120.00000000,0.17139700
69.00000000,2121.00000000,0.17256304
69.00000000,2122.00000000,0.17373006
69.00000000,2123.00000000,0.17489772
69.00000000,2124.00000000,0.17606603
69.00000000,2125.00000000,0.17723463
69.00000000,2126.00000000,0.17840310
69.00000000,2127.00000000,0.17957162
69.00000000,2128.00000000,0.18073971
69.00000000,2129.00000000,0.18190703
69.00000000,2130.00000000,0.18277447
69.00000000,2131.00000000,0.18364070
69.00000000,2132.00000000,0.18450559
69.00000000,2133.00000000,0.18536897
69.00000000,2134.00000000,0.18623078
69.00000000,2135.00000000,0.18709090
69.00000000,2136.00000000,0.18794917
69.00000000,2137.00000000,0.18880534
69.00000000,2138.00000000,0.18965948
69.00000000,2139.00000000,0.19051133
69.00000000,2140.00000000,0.19109123
69.00000000,2141.00000000,0.19166868
69.00000000,2142.00000000,0.19224336
69.00000000,2143.00000000,0.19281541
69.00000000,2144.00000000,0.19338469
69.00000000,2145.00000000,0.19395112
69.00000000,2146.00000000,0.19451482
69.00000000,2147.00000000,0.19507563
69.00000000,2148.00000000,0.19563345
69.00000000,2149.00000000,0.19618837
69.00000000,2150.00000000,0.19659021
69.00000000,2151.00000000,0.19699000
69.00000000,2152.00000000,0.19739069
69.00000000,2153.00000000,0.19779535
69.00000000,2154.00000000,0.19820528
69.00000000,2155.00000000,0.19862118
69.00000000,2156.00000000,0.19904306
69.00000000,2157.00000000,0.19947114
69.00000000,2158.00000000,0.19990511
69.00000000,2159.00000000,0.20034468
69.00000000,2160.00000000,0.20063514
69.00000000,2161.00000000,0.20093046
69.00000000,2162.00000000,0.20123056
69.00000000,2163.00000000,0.20153511
69.00000000,2164.00000000,0.20184386
69.00000000,2165.00000000,0.20215648
69.00000000,2166.00000000,0.20247297
69.00000000,2167.00000000,0.20279301
69.00000000,2168.00000000,0.20311641
69.00000000,2169.00000000,0.20344292
69.00000000,2170.00000000,0.20365368
69.00000000,2171.00000000,0.20386710
69.00000000,2172.00000000,0.20408301
69.00000000,2173.00000000,0.20430128
69.00000000,2174.00000000,0.20452180
69.00000000,2175.00000000,0.20474443
69.00000000,2176.00000000,0.20496895
69.00000000,2177.00000000,0.20519541
69.00000000,2178.00000000,0.20542353
69.00000000,2179.00000000,0.20565339
69.00000000,2180.00000000,0.20588482
69.00000000,2181.00000000,0.20611771
69.00000000,2182.00000000,0.20635197
69.00000000,2183.00000000,0.20658751
69.00000000,2184.00000000,0.20682413
69.00000000,2185.00000000,0.20706203
69.00000000,2186.00000000,0.20730100
69.00000000,2187.00000000,0.20754081
69.00000000,2188.00000000,0.20778160
69.00000000,2189.00000000,0.20802325
69.00000000,2190.00000000,0.20826563
69.00000000,2191.00000000,0.20850876
69.00000000,2192.00000000,0.20875249
69.00000000,2193.00000000,0.20899688
69.00000000,2194.00000000,0.20924181
69.00000000,2195.00000000,0.20948719
69.00000000,2196.00000000,0.20973304
69.00000000,2197.00000000,0.20997929
69.00000000,2198.00000000,0.21022582
69.00000000,2199.00000000,0.21047270
69.00000000,2200.00000000,0.21071980
69.00000000,2201.00000000,0.21096710
69.00000000,2202.00000000,0.21121456
69.00000000,2203.00000000,0.21146201
69.00000000,2204.00000000,0.21170967
69.00000000,2205.00000000,0.21195729
69.00000000,2206.00000000,0.21220484
69.00000000,2207.00000000,0.21245234
69.00000000,2208.00000000,0.21269973
69.00000000,2209.00000000,0.21294695
69.00000000,2210.00000000,0.21319401
69.00000000,2211.00000000,0.21344081
69.00000000,2212.00000000,0.21368727
69.00000000,2213.00000000,0.21393347
69.00000000,2214.00000000,0.21417924
69.00000000,2215.00000000,0.21442463
69.00000000,2216.00000000,0.21466959
69.00000000,2217.00000000,0.21491392
69.00000000,2218.00000000,0.21515770
69.00000000,2219.00000000,0.21540068
69.00000000,2220.00000000,0.21481455
69.00000000,2221.00000000,0.21422608
69.00000000,2222.00000000,0.21363531
69.00000000,2223.00000000,0.21304224
69.00000000,2224.00000000,0.21244706
69.00000000,2225.00000000,0.21184981
69.00000000,2226.00000000,0.21125050
69.00000000,2227.00000000,0.21064926
69.00000000,2228.00000000,0.21004611
69.00000000,2229.00000000,0.20944116
69.00000000,2230.00000000,0.20883448
69.00000000,2231.00000000,0.20822603
69.00000000,2232.00000000,0.20761596
69.00000000,2233.00000000,0.20700431
69.00000000,2234.00000000,0.20639101
69.00000000,2235.00000000,0.20577630
69.00000000,2236.00000000,0.20516013
69.00000000,2237.00000000,0.20454240
69.00000000,2238.00000000,0.20392347
69.00000000,2239.00000000,0.20330309
69.00000000,2240.00000000,0.20268147
69.00000000,2241.00000000,0.20205862
69.00000000,2242.00000000,0.20143448
69.00000000,2243.00000000,0.20080919
69.00000000,2244.00000000,0.20018274
69.00000000,2245.00000000,0.19955513
69.00000000,2246.00000000,0.19892645
69.00000000,2247.00000000,0.19829673
69.00000000,2248.00000000,0.19766588
69.00000000,2249.00000000,0.19703381
69.00000000,2250.00000000,0.19639928
69.00000000,2251.00000000,0.19575968
69.00000000,2252.00000000,0.19511294
69.00000000,2253.00000000,0.19445771
69.00000000,2254.00000000,0.19379368
69.00000000,2255.00000000,0.19312075
69.00000000,2256.00000000,0.19243897
69.00000000,2257.00000000,0.19174859
69.00000000,2258.00000000,0.19104973
69.00000000,2259.00000000,0.19034263
69.00000000,2260.00000000,0.18962760
69.00000000,2261.00000000,0.18890495
69.00000000,2262.00000000,0.18817506
69.00000000,2263.00000000,0.18743838
69.00000000,2264.00000000,0.18669518
69.00000000,2265.00000000,0.18594578
69.00000000,2266.00000000,0.18519041
69.00000000,2267.00000000,0.18442924
69.00000000,2268.00000000,0.18366260
69.00000000,2269.00000000,0.18289062
69.00000000,2270.00000000,0.18211349
69.00000000,2271.00000000,0.18133147
69.00000000,2272.00000000,0.18054473
69.00000000,2273.00000000,0.17975338
69.00000000,2274.00000000,0.17895771
69.00000000,2275.00000000,0.17815783
69.00000000,2276.00000000,0.17735387
69.00000000,2277.00000000,0.17654608
69.00000000,2278.00000000,0.17573455
69.00000000,2279.00000000,0.17491949
69.00000000,2280.00000000,0.17410103
69.00000000,2281.00000000,0.17327925
69.00000000,2282.00000000,0.17245439
69.00000000,2283.00000000,0.17162653
69.00000000,2284.00000000,0.17079574
69.00000000,2285.00000000,0.16996227
69.00000000,2286.00000000,0.16912615
69.00000000,2287.00000000,0.16828749
69.00000000,2288.00000000,0.16744646
69.00000000,2289.00000000,0.16660312
69.00000000,2290.00000000,0.16575763
69.00000000,2291.00000000,0.16491004
69.00000000,2292.00000000,0.16406046
69.00000000,2293.00000000,0.16320901
69.00000000,2294.00000000,0.16235579
69.00000000,2295.00000000,0.16150084
69.00000000,2296.00000000,0.16064429
69.00000000,2297.00000000,0.15978625
69.00000000,2298.00000000,0.15892672
69.00000000,2299.00000000,0.15806586
69.00000000,2300.00000000,0.15720370
69.00000000,2301.00000000,0.15634037
69.00000000,2302.00000000,0.15547588
69.00000000,2303.00000000,0.15461030
69.00000000,2304.00000000,0.15374373
69.00000000,2305.00000000,0.15287620
69.00000000,2306.00000000,0.15200777
69.00000000,2307.00000000,0.15113856
69.00000000,2308.00000000,0.15026860
69.00000000,2309.00000000,0.14939790
69.00000000,2310.00000000,0.14852663
69.00000000,2311.00000000,0.14765480
69.00000000,2312.00000000,0.14678243
69.00000000,2313.00000000,0.14590963
69.00000000,2314.00000000,0.14503644
69.00000000,2315.00000000,0.14416297
69.00000000,2316.00000000,0.14328927
69.00000000,2317.00000000,0.14241539
69.00000000,2318.00000000,0.14172713
69.00000000,2319.00000000,0.14158542
69.00000000,2320.00000000,0.14159324
69.00000000,2321.00000000,0.14160136
69.00000000,2322.00000000,0.14160972
69.00000000,2323.00000000,0.14161827
69.00000000,2324.00000000,0.14162711
69.00000000,2325.00000000,0.14165956
69.00000000,2326.00000000,0.14169228
69.00000000,2327.00000000,0.14172521
69.00000000,2328.00000000,0.14175832
69.00000000,2329.00000000,0.14179165
69.00000000,2330.00000000,0.14177888
69.00000000,2331.00000000,0.14176625
69.00000000,2332.00000000,0.14175382
69.00000000,2333.00000000,0.14174155
69.00000000,2334.00000000,0.14172941
69.00000000,2335.00000000,0.14171747
69.00000000,2336.00000000,0.14170567
69.00000000,2337.00000000,0.14169398
69.00000000,2338.00000000,0.14168251
69.00000000,2339.00000000,0.14167110
69.00000000,2340.00000000,0.14165991
69.00000000,2341.00000000,0.14164883
69.00000000,2342.00000000,0.14163786
69.00000000,2343.00000000,0.14162705
69.00000000,2344.00000000,0.14161636
69.00000000,2345.00000000,0.14160376
69.00000000,2346.00000000,0.14159132
69.00000000,2347.00000000,0.14157900
69.00000000,2348.00000000,0.14156674
69.00000000,2349.00000000,0.14155464
69.00000000,2350.00000000,0.14154262
69.00000000,2351.00000000,0.14153075
69.00000000,2352.00000000,0.14151898
69.00000000,2353.00000000,0.14150728
69.00000000,2354.00000000,0.14149573
69.00000000,2355.00000000,0.14148430
69.00000000,2356.00000000,0.14147291
69.00000000,2357.00000000,0.14146167
69.00000000,2358.00000000,0.14145053
69.00000000,2359.00000000,0.14143945
69.00000000,2360.00000000,0.14142852
69.00000000,2361.00000000,0.14141763
69.00000000,2362.00000000,0.14140687
69.00000000,2363.00000000,0.14139621
69.00000000,2364.00000000,0.14138558
69.00000000,2365.00000000,0.14137508
69.00000000,2366.00000000,0.14136468
69.00000000,2367.00000000,0.14135430
69.00000000,2368.00000000,0.14134406
69.00000000,2369.00000000,0.14133389
69.00000000,2370.00000000,0.14132820
69.00000000,2371.00000000,0.14132265
69.00000000,2372.00000000,0.14131717
69.00000000,2373.00000000,0.14131172
69.00000000,2374.00000000,0.14130638
69.00000000,2375.00000000,0.14130107
69.00000000,2376.00000000,0.14129587
69.00000000,2377.00000000,0.14129072
69.00000000,2378.00000000,0.14128561
69.00000000,2379.00000000,0.14128059
69.00000000,2380.00000000,0.14127564
69.00000000,2381.00000000,0.14127071
69.00000000,2382.00000000,0.14126587
69.00000000,2383.00000000,0.14126109
69.00000000,2384.00000000,0.14125633
69.00000000,2385.00000000,0.14125166
69.00000000,2386.00000000,0.14124699
69.00000000,2387.00000000,0.14124242
69.00000000,2388.00000000,0.14123791
69.00000000,2389.00000000,0.14123339
69.00000000,2390.00000000,0.14122897
69.00000000,2391.00000000,0.14122459
69.00000000,2392.00000000,0.14122020
69.00000000,2393.00000000,0.14121590
69.00000000,2394.00000000,0.14121166
69.00000000,2395.00000000,0.14120740
69.00000000,2396.00000000,0.14120322
69.00000000,2397.00000000,0.14119910
69.00000000,2398.00000000,0.14119494
69.00000000,2399.00000000,0.14119089
69.00000000,2400.00000000,0.14118681
69.00000000,2401.00000000,0.14118283
69.00000000,2402.00000000,0.14117887
69.00000000,2403.00000000,0.14117491
69.00000000,2404.00000000,0.14117103
69.00000000,2405.00000000,0.14116720
69.00000000,2406.00000000,0.14116335
69.00000000,2407.00000000,0.14115959
69.00000000,2408.00000000,0.14115588
69.00000000,2409.00000000,0.14115214
69.00000000,2410.00000000,0.14114849
69.00000000,2411.00000000,0.14114482
69.00000000,2412.00000000,0.14114123
69.00000000,2413.00000000,0.14113768
69.00000000,2414.00000000,0.14113410
69.00000000,2415.00000000,0.14113061
69.00000000,2416.00000000,0.14112715
69.00000000,2417.00000000,0.14112365
69.00000000,2418.00000000,0.14112024
69.00000000,2419.00000000,0.14111686
69.00000000,2420.00000000,0.14111218
69.00000000,2421.00000000,0.14110758
69.00000000,2422.00000000,0.14110299
69.00000000,2423.00000000,0.14109836
69.00000000,2424.00000000,0.14109384
69.00000000,2425.00000000,0.14108925
69.00000000,2426.00000000,0.14108476
69.00000000,2427.00000000,0.14108027
69.00000000,2428.00000000,0.14107576
69.00000000,2429.00000000,0.14107131
69.00000000,2430.00000000,0.14106689
69.00000000,2431.00000000,0.14106240
69.00000000,2432.00000000,0.14105802
69.00000000,2433.00000000,0.14105364
69.00000000,2434.00000000,0.14104922
69.00000000,2435.00000000,0.14104488
69.00000000,2436.00000000,0.14104048
69.00000000,2437.00000000,0.14103616
69.00000000,2438.00000000,0.14103185
69.00000000,2439.00000000,0.14102749
69.00000000,2440.00000000,0.14102321
69.00000000,2441.00000000,0.14101893
69.00000000,2442.00000000,0.14101462
69.00000000,2443.00000000,0.14101036
69.00000000,2444.00000000,0.14100612
69.00000000,2445.00000000,0.14100183
69.00000000,2446.00000000,0.14099761
69.00000000,2447.00000000,0.14099332
69.00000000,2448.00000000,0.14098913
69.00000000,2449.00000000,0.14098494
69.00000000,2450.00000000,0.14098068
69.00000000,2451.00000000,0.14097650
69.00000000,2452.00000000,0.14097233
69.00000000,2453.00000000,0.14096808
69.00000000,2454.00000000,0.14096390
69.00000000,2455.00000000,0.14095974
69.00000000,2456.00000000,0.14095548
69.00000000,2457.00000000,0.14095131
69.00000000,2458.00000000,0.14094713
69.00000000,2459.00000000,0.14094288
69.00000000,2460.00000000,0.14093870
69.00000000,2461.00000000,0.14093444
69.00000000,2462.00000000,0.14093026
69.00000000,2463.00000000,0.14092607
69.00000000,2464.00000000,0.14092181
69.00000000,2465.00000000,0.14091762
69.00000000,2466.00000000,0.14091342
69.00000000,2467.00000000,0.14090914
69.00000000,2468.00000000,0.14090495
69.00000000,2469.00000000,0.14090073
69.00000000,2470.00000000,0.14089511
69.00000000,2471.00000000,0.14088955
69.00000000,2472.00000000,0.14088391
69.00000000,2473.00000000,0.14087834
69.00000000,2474.00000000,0.14087276
69.00000000,2475.00000000,0.14086711
69.00000000,2476.00000000,0.14086152
69.00000000,2477.00000000,0.14085594
69.00000000,2478.00000000,0.14085027
69.00000000,2479.00000000,0.14084468
69.00000000,2480.00000000,0.14083909
69.00000000,2481.00000000,0.14083339
69.00000000,2482.00000000,0.14082779
69.00000000,2483.00000000,0.14082218
69.00000000,2484.00000000,0.14081648
69.00000000,2485.00000000,0.14081085
69.00000000,2486.00000000,0.14080514
69.00000000,2487.00000000,0.14079952
69.00000000,2488.00000000,0.14079389
69.00000000,2489.00000000,0.14078816
69.00000000,2490.00000000,0.14078252
69.00000000,2491.00000000,0.14077688
69.00000000,2492.00000000,0.14077114
69.00000000,2493.00000000,0.14076548
69.00000000,2494.00000000,0.14075981
69.00000000,2495.00000000,0.14075406
69.00000000,2496.00000000,0.14074840
69.00000000,2497.00000000,0.14074262
69.00000000,2498.00000000,0.14073695
69.00000000,2499.00000000,0.14073127
69.00000000,2500.00000000,0.14072549
70.00000000,1765.00000000,0.10691515
70.00000000,1766.00000000,0.10691510
70.00000000,1767.00000000,0.10691518
70.00000000,1768.00000000,0.10691535
70.00000000,1769.00000000,0.10691564
70.00000000,1770.00000000,0.10691602
70.00000000,1771.00000000,0.10691677
70.00000000,1772.00000000,0.10691757
70.00000000,1773.00000000,0.10691844
70.00000000,1774.00000000,0.10691978
70.00000000,1775.00000000,0.10692090
70.00000000,1776.00000000,0.10692239
70.00000000,1777.00000000,0.10692412
70.00000000,1778.00000000,0.10692598
70.00000000,1779.00000000,0.10692773
70.00000000,1780.00000000,0.10692997
70.00000000,1781.00000000,0.10693220
70.00000000,1782.00000000,0.10693463
70.00000000,1783.00000000,0.10693725
70.00000000,1784.00000000,0.10693985
70.00000000,1785.00000000,0.10694264
70.00000000,1786.00000000,0.10694556
70.00000000,1787.00000000,0.10694865
70.00000000,1788.00000000,0.10695171
70.00000000,1789.00000000,0.10695497
70.00000000,1790.00000000,0.10695839
70.00000000,1791.00000000,0.10696187
70.00000000,1792.00000000,0.10696546
70.00000000,1793.00000000,0.10696906
70.00000000,1794.00000000,0.10697279
70.00000000,1795.00000000,0.10697657
70.00000000,1796.00000000,0.10698048
70.00000000,1797.00000000,0.10698442
70.00000000,1798.00000000,0.10698850
70.00000000,1799.00000000,0.10699255
70.00000000,1800.00000000,0.10699675
70.00000000,1801.00000000,0.10700097
70.00000000,1802.00000000,0.10700523
70.00000000,1803.00000000,0.10700958
70.00000000,1804.00000000,0.10701391
70.00000000,1805.00000000,0.10701835
70.00000000,1806.00000000,0.10702291
70.00000000,1807.00000000,0.10702736
70.00000000,1808.00000000,0.10703199
70.00000000,1809.00000000,0.10703668
70.00000000,1810.00000000,0.10704133
70.00000000,1811.00000000,0.10704612
70.00000000,1812.00000000,0.10705087
70.00000000,1813.00000000,0.10705576
70.00000000,1814.00000000,0.10706064
70.00000000,1815.00000000,0.10706557
70.00000000,1816.00000000,0.10707056
70.00000000,1817.00000000,0.10707558
70.00000000,1818.00000000,0.10708068
70.00000000,1819.00000000,0.10708578
70.00000000,1820.00000000,0.10709092
70.00000000,1821.00000000,0.10709613
70.00000000,1822.00000000,0.10710143
70.00000000,1823.00000000,0.10710675
70.00000000,1824.00000000,0.10711215
70.00000000,1825.00000000,0.10711755
70.00000000,1826.00000000,0.10712302
70.00000000,1827.00000000,0.10712860
70.00000000,1828.00000000,0.10713420
70.00000000,1829.00000000,0.10713992
70.00000000,1830.00000000,0.10714567
70.00000000,1831.00000000,0.10715150
70.00000000,1832.00000000,0.10715743
70.00000000,1833.00000000,0.10716339
70.00000000,1834.00000000,0.10716948
70.00000000,1835.00000000,0.10717571
70.00000000,1836.00000000,0.10719154
70.00000000,1837.00000000,0.10719801
70.00000000,1838.00000000,0.10720451
70.00000000,1839.00000000,0.10721119
70.00000000,1840.00000000,0.10721795
70.00000000,1841.00000000,0.10722805
70.00000000,1842.00000000,0.10723502
70.00000000,1843.00000000,0.10724214
70.00000000,1844.00000000,0.10724926
70.00000000,1845.00000000,0.10725655
70.00000000,1846.00000000,0.10726385
70.00000000,1847.00000000,0.10727126
70.00000000,1848.00000000,0.10727870
70.00000000,1849.00000000,0.10728624
70.00000000,1850.00000000,0.10729383
70.00000000,1851.00000000,0.10730466
70.00000000,1852.00000000,0.10731225
70.00000000,1853.00000000,0.10732042
70.00000000,1854.00000000,0.10732881
70.00000000,1855.00000000,0.10733729
70.00000000,1856.00000000,0.10734566
70.00000000,1857.00000000,0.10735400
70.00000000,1858.00000000,0.10736227
70.00000000,1859.00000000,0.10737058
70.00000000,1860.00000000,0.10737882
70.00000000,1861.00000000,0.10739036
70.00000000,1862.00000000,0.10739846
70.00000000,1863.00000000,0.10740589
70.00000000,1864.00000000,0.10741268
70.00000000,1865.00000000,0.10741913
70.00000000,1866.00000000,0.10742516
70.00000000,1867.00000000,0.10743413
70.00000000,1868.00000000,0.10743965
70.00000000,1869.00000000,0.10744489
70.00000000,1870.00000000,0.10745310
70.00000000,1871.00000000,0.10745798
70.00000000,1872.00000000,0.10746949
70.00000000,1873.00000000,0.10747232
70.00000000,1874.00000000,0.10747890
70.00000000,1875.00000000,0.10748601
70.00000000,1876.00000000,0.10749659
70.00000000,1877.00000000,0.10750431
70.00000000,1878.00000000,0.10751220
70.00000000,1879.00000000,0.10752040
70.00000000,1880.00000000,0.10752857
70.00000000,1881.00000000,0.10754009
70.00000000,1882.00000000,0.10754841
70.00000000,1883.00000000,0.10755614
70.00000000,1884.00000000,0.10756343
70.00000000,1885.00000000,0.10757367
70.00000000,1886.00000000,0.10758367
70.00000000,1887.00000000,0.10759366
70.00000000,1888.00000000,0.10760014
70.00000000,1889.00000000,0.10760644
70.00000000,1890.00000000,0.10761231
70.00000000,1891.00000000,0.10761788
70.00000000,1892.00000000,0.10762623
70.00000000,1893.00000000,0.10763452
70.00000000,1894.00000000,0.10763955
70.00000000,1895.00000000,0.10764808
70.00000000,1896.00000000,0.10765346
70.00000000,1897.00000000,0.10766203
70.00000000,1898.00000000,0.10766729
70.00000000,1899.00000000,0.10767233
70.00000000,1900.00000000,0.10769619
70.00000000,1901.00000000,0.10769737
70.00000000,1902.00000000,0.10770186
70.00000000,1903.00000000,0.10770968
70.00000000,1904.00000000,0.10771440
70.00000000,1905.00000000,0.10772250
70.00000000,1906.00000000,0.10774052
70.00000000,1907.00000000,0.10774586
70.00000000,1908.00000000,0.10775424
70.00000000,1909.00000000,0.10776250
70.00000000,1910.00000000,0.10777403
70.00000000,1911.00000000,0.10778215
70.00000000,1912.00000000,0.10779281
70.00000000,1913.00000000,0.10779912
70.00000000,1914.00000000,0.10780765
70.00000000,1915.00000000,0.10782208
70.00000000,1916.00000000,0.10782391
70.00000000,1917.00000000,0.10783545
70.00000000,1918.00000000,0.10784057
70.00000000,1919.00000000,0.10785224
70.00000000,1920.00000000,0.10786811
70.00000000,1921.00000000,0.10787220
70.00000000,1922.00000000,0.10788738
70.00000000,1923.00000000,0.10790038
70.00000000,1924.00000000,0.10793918
70.00000000,1925.00000000,0.10795231
70.00000000,1926.00000000,0.10797499
70.00000000,1927.00000000,0.10798486
70.00000000,1928.00000000,0.10799487
70.00000000,1929.00000000,0.10801766
70.00000000,1930.00000000,0.10805016
70.00000000,1931.00000000,0.10807124
70.00000000,1932.00000000,0.10808759
70.00000000,1933.00000000,0.10812119
70.00000000,1934.00000000,0.10815907
70.00000000,1935.00000000,0.10819406
70.00000000,1936.00000000,0.10821590
70.00000000,1937.00000000,0.10825346
70.00000000,1938.00000000,0.10827943
70.00000000,1939.00000000,0.10831107
70.00000000,1940.00000000,0.10833579
70.00000000,1941.00000000,0.10837246
70.00000000,1942.00000000,0.10843377
70.00000000,1943.00000000,0.10847525
70.00000000,1944.00000000,0.10844906
70.00000000,1945.00000000,0.10849973
70.00000000,1946.00000000,0.10851667
70.00000000,1947.00000000,0.10853605
70.00000000,1948.00000000,0.10855173
70.00000000,1949.00000000,0.10860753
70.00000000,1950.00000000,0.10870176
70.00000000,1951.00000000,0.10873501
70.00000000,1952.00000000,0.10878813
70.00000000,1953.00000000,0.10885086
70.00000000,1954.00000000,0.10887190
70.00000000,1955.00000000,0.10888997
70.00000000,1956.00000000,0.10891444
70.00000000,1957.00000000,0.10897041
70.00000000,1958.00000000,0.10908326
70.00000000,1959.00000000,0.10909310
70.00000000,1960.00000000,0.10919330
70.00000000,1961.00000000,0.10924986
70.00000000,1962.00000000,0.10926076
70.00000000,1963.00000000,0.10925151
70.00000000,1964.00000000,0.10929551
70.00000000,1965.00000000,0.10937001
70.00000000,1966.00000000,0.10941081
70.00000000,1967.00000000,0.10947584
70.00000000,1968.00000000,0.10955204
70.00000000,1969.00000000,0.10967990
70.00000000,1970.00000000,0.10975709
70.00000000,1971.00000000,0.10980136
70.00000000,1972.00000000,0.10982782
70.00000000,1973.00000000,0.10996775
70.00000000,1974.00000000,0.10996375
70.00000000,1975.00000000,0.11005978
70.00000000,1976.00000000,0.11017132
70.00000000,1977.00000000,0.11038812
70.00000000,1978.00000000,0.11025102
70.00000000,1979.00000000,0.11033294
70.00000000,1980.00000000,0.11041031
70.00000000,1981.00000000,0.11043343
70.00000000,1982.00000000,0.11054182
70.00000000,1983.00000000,0.11072234
70.00000000,1984.00000000,0.11040996
70.00000000,1985.00000000,0.11035921
70.00000000,1986.00000000,0.11054918
70.00000000,1987.00000000,0.11071199
70.00000000,1988.00000000,0.11064341
70.00000000,1989.00000000,0.11022273
70.00000000,1990.00000000,0.11061329
70.00000000,1991.00000000,0.11019570
70.00000000,1992.00000000,0.11032130
70.00000000,1993.00000000,0.11071148
70.00000000,1994.00000000,0.11068584
70.00000000,1995.00000000,0.11072238
70.00000000,1996.00000000,0.11074728
70.00000000,1997.00000000,0.11099708
70.00000000,1998.00000000,0.11100612
70.00000000,1999.00000000,0.11125900
70.00000000,2000.00000000,0.11096859
70.00000000,2001.00000000,0.11061196
70.00000000,2002.00000000,0.11031850
70.00000000,2003.00000000,0.11046545
70.00000000,2004.00000000,0.11071957
70.00000000,2005.00000000,0.11088884
70.00000000,2006.00000000,0.11120862
70.00000000,2007.00000000,0.11144789
70.00000000,2008.00000000,0.11122248
70.00000000,2009.00000000,0.11136307
70.00000000,2010.00000000,0.11168041
70.00000000,2011.00000000,0.11176835
70.00000000,2012.00000000,0.11176874
70.00000000,2013.00000000,0.11189561
70.00000000,2014.00000000,0.11184073
70.00000000,2015.00000000,0.11110780
70.00000000,2016.00000000,0.11131959
70.00000000,2017.00000000,0.11176864
70.00000000,2018.00000000,0.11197440
70.00000000,2019.00000000,0.11178102
70.00000000,2020.00000000,0.11240474
70.00000000,2021.00000000,0.11279874
70.00000000,2022.00000000,0.11284776
70.00000000,2023.00000000,0.11294939
70.00000000,2024.00000000,0.11298536
70.00000000,2025.00000000,0.11350195
70.00000000,2026.00000000,0.11388421
70.00000000,2027.00000000,0.11413228
70.00000000,2028.00000000,0.11428073
70.00000000,2029.00000000,0.11465303
70.00000000,2030.00000000,0.11497230
70.00000000,2031.00000000,0.11498791
70.00000000,2032.00000000,0.11527976
70.00000000,2033.00000000,0.11570146
70.00000000,2034.00000000,0.11615957
70.00000000,2035.00000000,0.11654546
70.00000000,2036.00000000,0.11700134
70.00000000,2037.00000000,0.11728935
70.00000000,2038.00000000,0.11779483
70.00000000,2039.00000000,0.11840658
70.00000000,2040.00000000,0.11921310
70.00000000,2041.00000000,0.11964578
70.00000000,2042.00000000,0.12011628
70.00000000,2043.00000000,0.12079252
70.00000000,2044.00000000,0.12077134
70.00000000,2045.00000000,0.12063228
70.00000000,2046.00000000,0.12139809
70.00000000,2047.00000000,0.12178868
70.00000000,2048.00000000,0.12196341
70.00000000,2049.00000000,0.12276178
70.00000000,2050.00000000,0.12253321
70.00000000,2051.00000000,0.12197300
70.00000000,2052.00000000,0.12178530
70.00000000,2053.00000000,0.12166987
70.00000000,2054.00000000,0.12214910
70.00000000,2055.00000000,0.12254832
70.00000000,2056.00000000,0.12298228
70.00000000,2057.00000000,0.12334556
70.00000000,2058.00000000,0.12391145
70.00000000,2059.00000000,0.12421740
70.00000000,2060.00000000,0.12431207
70.00000000,2061.00000000,0.12451346
70.00000000,2062.00000000,0.12409366
70.00000000,2063.00000000,0.12404294
70.00000000,2064.00000000,0.12432833
70.00000000,2065.00000000,0.12465169
70.00000000,2066.00000000,0.12500104
70.00000000,2067.00000000,0.12526708
70.00000000,2068.00000000,0.12512108
70.00000000,2069.00000000,0.12501499
70.00000000,2070.00000000,0.12545961
70.00000000,2071.00000000,0.12589272
70.00000000,2072.00000000,0.12601258
70.00000000,2073.00000000,0.12697384
70.00000000,2074.00000000,0.12808337
70.00000000,2075.00000000,0.12894161
70.00000000,2076.00000000,0.12948540
70.00000000,2077.00000000,0.13003519
70.00000000,2078.00000000,0.13059016
70.00000000,2079.00000000,0.13114997
70.00000000,2080.00000000,0.13171429
70.00000000,2081.00000000,0.13248789
70.00000000,2082.00000000,0.13326606
70.00000000,2083.00000000,0.13404899
70.00000000,2084.00000000,0.13483679
70.00000000,2085.00000000,0.13562947
70.00000000,2086.00000000,0.13642675
70.00000000,2087.00000000,0.13722858
70.00000000,2088.00000000,0.13803479
70.00000000,2089.00000000,0.13884500
70.00000000,2090.00000000,0.13965913
70.00000000,2091.00000000,0.14038717
70.00000000,2092.00000000,0.14111927
70.00000000,2093.00000000,0.14185585
70.00000000,2094.00000000,0.14259712
70.00000000,2095.00000000,0.14334305
70.00000000,2096.00000000,0.14409346
70.00000000,2097.00000000,0.14484855
70.00000000,2098.00000000,0.14560806
70.00000000,2099.00000000,0.14637180
70.00000000,2100.00000000,0.14713993
70.00000000,2101.00000000,0.14809872
70.00000000,2102.00000000,0.14906185
70.00000000,2103.00000000,0.15002989
70.00000000,2104.00000000,0.15100268
70.00000000,2105.00000000,0.15198006
70.00000000,2106.00000000,0.15296221
70.00000000,2107.00000000,0.15394867
70.00000000,2108.00000000,0.15493948
70.00000000,2109.00000000,0.15593442
70.00000000,2110.00000000,0.15693321
70.00000000,2111.00000000,0.15807125
70.00000000,2112.00000000,0.15921287
70.00000000,2113.00000000,0.16035772
70.00000000,2114.00000000,0.16150554
70.00000000,2115.00000000,0.16265621
70.00000000,2116.00000000,0.16380940
70.00000000,2117.00000000,0.16496489
70.00000000,2118.00000000,0.16612236
70.00000000,2119.00000000,0.16728177
70.00000000,2120.00000000,0.16844279
70.00000000,2121.00000000,0.16959741
70.00000000,2122.00000000,0.17075329
70.00000000,2123.00000000,0.17191012
70.00000000,2124.00000000,0.17306751
70.00000000,2125.00000000,0.17422551
70.00000000,2126.00000000,0.17538377
70.00000000,2127.00000000,0.17654199
70.00000000,2128.00000000,0.17770010
70.00000000,2129.00000000,0.17885783
70.00000000,2130.00000000,0.18001488
70.00000000,2131.00000000,0.18087491
70.00000000,2132.00000000,0.18173365
70.00000000,2133.00000000,0.18259116
70.00000000,2134.00000000,0.18344722
70.00000000,2135.00000000,0.18430157
70.00000000,2136.00000000,0.18515435
70.00000000,2137.00000000,0.18600529
70.00000000,2138.00000000,0.18685418
70.00000000,2139.00000000,0.18770104
70.00000000,2140.00000000,0.18854565
70.00000000,2141.00000000,0.18912111
70.00000000,2142.00000000,0.18969406
70.00000000,2143.00000000,0.19026421
70.00000000,2144.00000000,0.19083187
70.00000000,2145.00000000,0.19139681
70.00000000,2146.00000000,0.19195891
70.00000000,2147.00000000,0.19251836
70.00000000,2148.00000000,0.19307497
70.00000000,2149.00000000,0.19362871
70.00000000,2150.00000000,0.19417955
70.00000000,2151.00000000,0.19457981
70.00000000,2152.00000000,0.19498112
70.00000000,2153.00000000,0.19538623
70.00000000,2154.00000000,0.19579651
70.00000000,2155.00000000,0.19621277
70.00000000,2156.00000000,0.19663512
70.00000000,2157.00000000,0.19706350
70.00000000,2158.00000000,0.19749773
70.00000000,2159.00000000,0.19793755
70.00000000,2160.00000000,0.19838261
70.00000000,2161.00000000,0.19867977
70.00000000,2162.00000000,0.19898155
70.00000000,2163.00000000,0.19928760
70.00000000,2164.00000000,0.19959793
70.00000000,2165.00000000,0.19991219
70.00000000,2166.00000000,0.20023016
70.00000000,2167.00000000,0.20055165
70.00000000,2168.00000000,0.20087635
70.00000000,2169.00000000,0.20120429
70.00000000,2170.00000000,0.20153514
70.00000000,2171.00000000,0.20175119
70.00000000,2172.00000000,0.20196963
70.00000000,2173.00000000,0.20219038
70.00000000,2174.00000000,0.20241328
70.00000000,2175.00000000,0.20263832
70.00000000,2176.00000000,0.20286530
70.00000000,2177.00000000,0.20309408
70.00000000,2178.00000000,0.20332463
70.00000000,2179.00000000,0.20355674
70.00000000,2180.00000000,0.20379044
70.00000000,2181.00000000,0.20402560
70.00000000,2182.00000000,0.20426207
70.00000000,2183.00000000,0.20449985
70.00000000,2184.00000000,0.20473882
70.00000000,2185.00000000,0.20497882
70.00000000,2186.00000000,0.20521996
70.00000000,2187.00000000,0.20546204
70.00000000,2188.00000000,0.20570499
70.00000000,2189.00000000,0.20594881
70.00000000,2190.00000000,0.20619342
70.00000000,2191.00000000,0.20643870
70.00000000,2192.00000000,0.20668467
70.00000000,2193.00000000,0.20693123
70.00000000,2194.00000000,0.20717837
70.00000000,2195.00000000,0.20742602
70.00000000,2196.00000000,0.20767402
70.00000000,2197.00000000,0.20792250
70.00000000,2198.00000000,0.20817134
70.00000000,2199.00000000,0.20842051
70.00000000,2200.00000000,0.20866992
70.00000000,2201.00000000,0.20891953
70.00000000,2202.00000000,0.20916927
70.00000000,2203.00000000,0.20941917
70.00000000,2204.00000000,0.20966909
70.00000000,2205.00000000,0.20991910
70.00000000,2206.00000000,0.21016911
70.00000000,2207.00000000,0.21041908
70.00000000,2208.00000000,0.21066898
70.00000000,2209.00000000,0.21091875
70.00000000,2210.00000000,0.21116828
70.00000000,2211.00000000,0.21141768
70.00000000,2212.00000000,0.21166681
70.00000000,2213.00000000,0.21191558
70.00000000,2214.00000000,0.21216417
70.00000000,2215.00000000,0.21241227
70.00000000,2216.00000000,0.21266001
70.00000000,2217.00000000,0.21290725
70.00000000,2218.00000000,0.21315395
70.00000000,2219.00000000,0.21340006
70.00000000,2220.00000000,0.21364542
70.00000000,2221.00000000,0.21306821
70.00000000,2222.00000000,0.21248865
70.00000000,2223.00000000,0.21190678
70.00000000,2224.00000000,0.21132262
70.00000000,2225.00000000,0.21073631
70.00000000,2226.00000000,0.21014790
70.00000000,2227.00000000,0.20955740
70.00000000,2228.00000000,0.20896501
70.00000000,2229.00000000,0.20837066
70.00000000,2230.00000000,0.20777450
70.00000000,2231.00000000,0.20717657
70.00000000,2232.00000000,0.20657684
70.00000000,2233.00000000,0.20597549
70.00000000,2234.00000000,0.20537251
70.00000000,2235.00000000,0.20476787
70.00000000,2236.00000000,0.20416180
70.00000000,2237.00000000,0.20355424
70.00000000,2238.00000000,0.20294509
70.00000000,2239.00000000,0.20233472
70.00000000,2240.00000000,0.20172287
70.00000000,2241.00000000,0.20110975
70.00000000,2242.00000000,0.20049536
70.00000000,2243.00000000,0.19987967
70.00000000,2244.00000000,0.19926279
70.00000000,2245.00000000,0.19864477
70.00000000,2246.00000000,0.19802547
70.00000000,2247.00000000,0.19740512
70.00000000,2248.00000000,0.19678370
70.00000000,2249.00000000,0.19616087
70.00000000,2250.00000000,0.19553558
70.00000000,2251.00000000,0.19490524
70.00000000,2252.00000000,0.19426760
70.00000000,2253.00000000,0.19362160
70.00000000,2254.00000000,0.19296667
70.00000000,2255.00000000,0.19230288
70.00000000,2256.00000000,0.19163026
70.00000000,2257.00000000,0.19094895
70.00000000,2258.00000000,0.19025917
70.00000000,2259.00000000,0.18956117
70.00000000,2260.00000000,0.18885516
70.00000000,2261.00000000,0.18814154
70.00000000,2262.00000000,0.18742071
70.00000000,2263.00000000,0.18669297
70.00000000,2264.00000000,0.18595878
70.00000000,2265.00000000,0.18521827
70.00000000,2266.00000000,0.18447183
70.00000000,2267.00000000,0.18371958
70.00000000,2268.00000000,0.18296176
70.00000000,2269.00000000,0.18219861
70.00000000,2270.00000000,0.18143034
70.00000000,2271.00000000,0.18065704
70.00000000,2272.00000000,0.17987905
70.00000000,2273.00000000,0.17909646
70.00000000,2274.00000000,0.17830944
70.00000000,2275.00000000,0.17751820
70.00000000,2276.00000000,0.17672292
70.00000000,2277.00000000,0.17592366
70.00000000,2278.00000000,0.17512073
70.00000000,2279.00000000,0.17431415
70.00000000,2280.00000000,0.17350418
70.00000000,2281.00000000,0.17269089
70.00000000,2282.00000000,0.17187441
70.00000000,2283.00000000,0.17105491
70.00000000,2284.00000000,0.17023253
70.00000000,2285.00000000,0.16940732
70.00000000,2286.00000000,0.16857947
70.00000000,2287.00000000,0.16774909
70.00000000,2288.00000000,0.16691621
70.00000000,2289.00000000,0.16608107
70.00000000,2290.00000000,0.16524366
70.00000000,2291.00000000,0.16440416
70.00000000,2292.00000000,0.16356265
70.00000000,2293.00000000,0.16271918
70.00000000,2294.00000000,0.16187392
70.00000000,2295.00000000,0.16102693
70.00000000,2296.00000000,0.16017824
70.00000000,2297.00000000,0.15932803
70.00000000,2298.00000000,0.15847635
70.00000000,2299.00000000,0.15762322
70.00000000,2300.00000000,0.15676882
70.00000000,2301.00000000,0.15591314
70.00000000,2302.00000000,0.15505629
70.00000000,2303.00000000,0.15419834
70.00000000,2304.00000000,0.15333929
70.00000000,2305.00000000,0.15247929
70.00000000,2306.00000000,0.15161835
70.00000000,2307.00000000,0.15075653
70.00000000,2308.00000000,0.14989396
70.00000000,2309.00000000,0.14903065
70.00000000,2310.00000000,0.14816664
70.00000000,2311.00000000,0.14730206
70.00000000,2312.00000000,0.14643694
70.00000000,2313.00000000,0.14557127
70.00000000,2314.00000000,0.14470523
70.00000000,2315.00000000,0.14383878
70.00000000,2316.00000000,0.14297206
70.00000000,2317.00000000,0.14210511
70.00000000,2318.00000000,0.14123800
70.00000000,2319.00000000,0.14055501
70.00000000,2320.00000000,0.14041419
70.00000000,2321.00000000,0.14042170
70.00000000,2322.00000000,0.14042950
70.00000000,2323.00000000,0.14043755
70.00000000,2324.00000000,0.14044581
70.00000000,2325.00000000,0.14045432
70.00000000,2326.00000000,0.14048627
70.00000000,2327.00000000,0.14051848
70.00000000,2328.00000000,0.14055092
70.00000000,2329.00000000,0.14058352
70.00000000,2330.00000000,0.14061636
70.00000000,2331.00000000,0.14060346
70.00000000,2332.00000000,0.14059070
70.00000000,2333.00000000,0.14057815
70.00000000,2334.00000000,0.14056576
70.00000000,2335.00000000,0.14055350
70.00000000,2336.00000000,0.14054143
70.00000000,2337.00000000,0.14052951
70.00000000,2338.00000000,0.14051771
70.00000000,2339.00000000,0.14050610
70.00000000,2340.00000000,0.14049459
70.00000000,2341.00000000,0.14048325
70.00000000,2342.00000000,0.14047206
70.00000000,2343.00000000,0.14046096
70.00000000,2344.00000000,0.14045003
70.00000000,2345.00000000,0.14043922
70.00000000,2346.00000000,0.14042652
70.00000000,2347.00000000,0.14041397
70.00000000,2348.00000000,0.14040156
70.00000000,2349.00000000,0.14038920
70.00000000,2350.00000000,0.14037700
70.00000000,2351.00000000,0.14036487
70.00000000,2352.00000000,0.14035290
70.00000000,2353.00000000,0.14034104
70.00000000,2354.00000000,0.14032925
70.00000000,2355.00000000,0.14031760
70.00000000,2356.00000000,0.14030606
70.00000000,2357.00000000,0.14029458
70.00000000,2358.00000000,0.14028326
70.00000000,2359.00000000,0.14027203
70.00000000,2360.00000000,0.14026086
70.00000000,2361.00000000,0.14024983
70.00000000,2362.00000000,0.14023884
70.00000000,2363.00000000,0.14022798
70.00000000,2364.00000000,0.14021723
70.00000000,2365.00000000,0.14020651
70.00000000,2366.00000000,0.14019591
70.00000000,2367.00000000,0.14018542
70.00000000,2368.00000000,0.14017494
70.00000000,2369.00000000,0.14016461
70.00000000,2370.00000000,0.14015434
70.00000000,2371.00000000,0.14014852
70.00000000,2372.00000000,0.14014283
70.00000000,2373.00000000,0.14013722
70.00000000,2374.00000000,0.14013163
70.00000000,2375.00000000,0.14012616
70.00000000,2376.00000000,0.14012071
70.00000000,2377.00000000,0.14011538
70.00000000,2378.00000000,0.14011011
70.00000000,2379.00000000,0.14010485
70.00000000,2380.00000000,0.14009971
70.00000000,2381.00000000,0.14009463
70.00000000,2382.00000000,0.14008955
70.00000000,2383.00000000,0.14008458
70.00000000,2384.00000000,0.14007967
70.00000000,2385.00000000,0.14007476
70.00000000,2386.00000000,0.14006996
70.00000000,2387.00000000,0.14006516
70.00000000,2388.00000000,0.14006046
70.00000000,2389.00000000,0.14005580
70.00000000,2390.00000000,0.14005114
70.00000000,2391.00000000,0.14004658
70.00000000,2392.00000000,0.14004206
70.00000000,2393.00000000,0.14003754
70.00000000,2394.00000000,0.14003311
70.00000000,2395.00000000,0.14002872
70.00000000,2396.00000000,0.14002433
70.00000000,2397.00000000,0.14002002
70.00000000,2398.00000000,0.14001574
70.00000000,2399.00000000,0.14001146
70.00000000,2400.00000000,0.14000727
70.00000000,2401.00000000,0.14000305
70.00000000,2402.00000000,0.13999893
70.00000000,2403.00000000,0.13999484
70.00000000,2404.00000000,0.13999075
70.00000000,2405.00000000,0.13998674
70.00000000,2406.00000000,0.13998278
70.00000000,2407.00000000,0.13997881
70.00000000,2408.00000000,0.13997492
70.00000000,2409.00000000,0.13997106
70.00000000,2410.00000000,0.13996719
70.00000000,2411.00000000,0.13996342
70.00000000,2412.00000000,0.13995961
70.00000000,2413.00000000,0.13995590
70.00000000,2414.00000000,0.13995222
70.00000000,2415.00000000,0.13994850
70.00000000,2416.00000000,0.13994488
70.00000000,2417.00000000,0.13994129
70.00000000,2418.00000000,0.13993765
70.00000000,2419.00000000,0.13993411
70.00000000,2420.00000000,0.13993059
70.00000000,2421.00000000,0.13992577
70.00000000,2422.00000000,0.13992105
70.00000000,2423.00000000,0.13991634
70.00000000,2424.00000000,0.13991159
70.00000000,2425.00000000,0.13990693
70.00000000,2426.00000000,0.13990222
70.00000000,2427.00000000,0.13989760
70.00000000,2428.00000000,0.13989299
70.00000000,2429.00000000,0.13988834
70.00000000,2430.00000000,0.13988376
70.00000000,2431.00000000,0.13987922
70.00000000,2432.00000000,0.13987462
70.00000000,2433.00000000,0.13987009
70.00000000,2434.00000000,0.13986558
70.00000000,2435.00000000,0.13986103
70.00000000,2436.00000000,0.13985656
70.00000000,2437.00000000,0.13985203
70.00000000,2438.00000000,0.13984758
70.00000000,2439.00000000,0.13984314
70.00000000,2440.00000000,0.13983866
70.00000000,2441.00000000,0.13983425
70.00000000,2442.00000000,0.13982984
70.00000000,2443.00000000,0.13982539
70.00000000,2444.00000000,0.13982101
70.00000000,2445.00000000,0.13981663
70.00000000,2446.00000000,0.13981221
70.00000000,2447.00000000,0.13980786
70.00000000,2448.00000000,0.13980345
70.00000000,2449.00000000,0.13979911
70.00000000,2450.00000000,0.13979479
70.00000000,2451.00000000,0.13979039
70.00000000,2452.00000000,0.13978608
70.00000000,2453.00000000,0.13978177
70.00000000,2454.00000000,0.13977739
70.00000000,2455.00000000,0.13977307
70.00000000,2456.00000000,0.13976876
70.00000000,2457.00000000,0.13976437
70.00000000,2458.00000000,0.13976007
70.00000000,2459.00000000,0.13975574
70.00000000,2460.00000000,0.13975135
70.00000000,2461.00000000,0.13974703
70.00000000,2462.00000000,0.13974263
70.00000000,2463.00000000,0.13973831
70.00000000,2464.00000000,0.13973398
70.00000000,2465.00000000,0.13972958
70.00000000,2466.00000000,0.13972524
70.00000000,2467.00000000,0.13972092
70.00000000,2468.00000000,0.13971650
70.00000000,2469.00000000,0.13971217
70.00000000,2470.00000000,0.13970781
70.00000000,2471.00000000,0.13970206
70.00000000,2472.00000000,0.13969637
70.00000000,2473.00000000,0.13969060
70.00000000,2474.00000000,0.13968490
70.00000000,2475.00000000,0.13967921
70.00000000,2476.00000000,0.13967342
70.00000000,2477.00000000,0.13966772
70.00000000,2478.00000000,0.13966201
70.00000000,2479.00000000,0.13965621
70.00000000,2480.00000000,0.13965048
70.00000000,2481.00000000,0.13964477
70.00000000,2482.00000000,0.13963896
70.00000000,2483.00000000,0.13963321
70.00000000,2484.00000000,0.13962747
70.00000000,2485.00000000,0.13962165
70.00000000,2486.00000000,0.13961590
70.00000000,2487.00000000,0.13961007
70.00000000,2488.00000000,0.13960431
70.00000000,2489.00000000,0.13959855
70.00000000,2490.00000000,0.13959270
70.00000000,2491.00000000,0.13958693
70.00000000,2492.00000000,0.13958116
70.00000000,2493.00000000,0.13957529
70.00000000,2494.00000000,0.13956950
70.00000000,2495.00000000,0.13956372
70.00000000,2496.00000000,0.13955783
70.00000000,2497.00000000,0.13955204
70.00000000,2498.00000000,0.13954614
70.00000000,2499.00000000,0.13954034
70.00000000,2500.00000000,0.13953453
71.00000000,1765.00000000,0.10575381
71.00000000,1766.00000000,0.10575390
71.00000000,1767.00000000,0.10575392
71.00000000,1768.00000000,0.10575410
71.00000000,1769.00000000,0.10575440
71.00000000,1770.00000000,0.10575485
71.00000000,1771.00000000,0.10575540
71.00000000,1772.00000000,0.10575631
71.00000000,1773.00000000,0.10575728
71.00000000,1774.00000000,0.10575833
71.00000000,1775.00000000,0.10575984
71.00000000,1776.00000000,0.10576114
71.00000000,1777.00000000,0.10576279
71.00000000,1778.00000000,0.10576469
71.00000000,1779.00000000,0.10576671
71.00000000,1780.00000000,0.10576863
71.00000000,1781.00000000,0.10577102
71.00000000,1782.00000000,0.10577339
71.00000000,1783.00000000,0.10577595
71.00000000,1784.00000000,0.10577871
71.00000000,1785.00000000,0.10578144
71.00000000,1786.00000000,0.10578435
71.00000000,1787.00000000,0.10578740
71.00000000,1788.00000000,0.10579060
71.00000000,1789.00000000,0.10579378
71.00000000,1790.00000000,0.10579714
71.00000000,1791.00000000,0.10580066
71.00000000,1792.00000000,0.10580424
71.00000000,1793.00000000,0.10580791
71.00000000,1794.00000000,0.10581160
71.00000000,1795.00000000,0.10581541
71.00000000,1796.00000000,0.10581927
71.00000000,1797.00000000,0.10582327
71.00000000,1798.00000000,0.10582728
71.00000000,1799.00000000,0.10583142
71.00000000,1800.00000000,0.10583554
71.00000000,1801.00000000,0.10583980
71.00000000,1802.00000000,0.10584406
71.00000000,1803.00000000,0.10584837
71.00000000,1804.00000000,0.10585276
71.00000000,1805.00000000,0.10585714
71.00000000,1806.00000000,0.10586164
71.00000000,1807.00000000,0.10586623
71.00000000,1808.00000000,0.10587072
71.00000000,1809.00000000,0.10587540
71.00000000,1810.00000000,0.10588013
71.00000000,1811.00000000,0.10588483
71.00000000,1812.00000000,0.10588964
71.00000000,1813.00000000,0.10589442
71.00000000,1814.00000000,0.10589934
71.00000000,1815.00000000,0.10590426
71.00000000,1816.00000000,0.10590920
71.00000000,1817.00000000,0.10591421
71.00000000,1818.00000000,0.10591925
71.00000000,1819.00000000,0.10592434
71.00000000,1820.00000000,0.10592945
71.00000000,1821.00000000,0.10593462
71.00000000,1822.00000000,0.10593983
71.00000000,1823.00000000,0.10594515
71.00000000,1824.00000000,0.10595049
71.00000000,1825.00000000,0.10595587
71.00000000,1826.00000000,0.10596127
71.00000000,1827.00000000,0.10596677
71.00000000,1828.00000000,0.10597232
71.00000000,1829.00000000,0.10597795
71.00000000,1830.00000000,0.10598364
71.00000000,1831.00000000,0.10598936
71.00000000,1832.00000000,0.10599519
71.00000000,1833.00000000,0.10600106
71.00000000,1834.00000000,0.10600701
71.00000000,1835.00000000,0.10601312
71.00000000,1836.00000000,0.10601927
71.00000000,1837.00000000,0.10603506
71.00000000,1838.00000000,0.10604145
71.00000000,1839.00000000,0.10604797
71.00000000,1840.00000000,0.10605458
71.00000000,1841.00000000,0.10606137
71.00000000,1842.00000000,0.10607135
71.00000000,1843.00000000,0.10607834
71.00000000,1844.00000000,0.10608538
71.00000000,1845.00000000,0.10609252
71.00000000,1846.00000000,0.10609971
71.00000000,1847.00000000,0.10610701
71.00000000,1848.00000000,0.10611434
71.00000000,1849.00000000,0.10612177
71.00000000,1850.00000000,0.10612922
71.00000000,1851.00000000,0.10613677
71.00000000,1852.00000000,0.10614745
71.00000000,1853.00000000,0.10615549
71.00000000,1854.00000000,0.10616377
71.00000000,1855.00000000,0.10617217
71.00000000,1856.00000000,0.10618042
71.00000000,1857.00000000,0.10618872
71.00000000,1858.00000000,0.10619692
71.00000000,1859.00000000,0.10620515
71.00000000,1860.00000000,0.10621334
71.00000000,1861.00000000,0.10622153
71.00000000,1862.00000000,0.10623274
71.00000000,1863.00000000,0.10624012
71.00000000,1864.00000000,0.10624684
71.00000000,1865.00000000,0.10625321
71.00000000,1866.00000000,0.10625918
71.00000000,1867.00000000,0.10626491
71.00000000,1868.00000000,0.10627345
71.00000000,1869.00000000,0.10627871
71.00000000,1870.00000000,0.10628359
71.00000000,1871.00000000,0.10629162
71.00000000,1872.00000000,0.10629664
71.00000000,1873.00000000,0.10630896
71.00000000,1874.00000000,0.10631233
71.00000000,1875.00000000,0.10631936
71.00000000,1876.00000000,0.10632670
71.00000000,1877.00000000,0.10633753
71.00000000,1878.00000000,0.10634538
71.00000000,1879.00000000,0.10635350
71.00000000,1880.00000000,0.10636170
71.00000000,1881.00000000,0.10636993
71.00000000,1882.00000000,0.10638138
71.00000000,1883.00000000,0.10638917
71.00000000,1884.00000000,0.10639637
71.00000000,1885.00000000,0.10640337
71.00000000,1886.00000000,0.10641333
71.00000000,1887.00000000,0.10642321
71.00000000,1888.00000000,0.10643290
71.00000000,1889.00000000,0.10643911
71.00000000,1890.00000000,0.10644497
71.00000000,1891.00000000,0.10645050
71.00000000,1892.00000000,0.10645564
71.00000000,1893.00000000,0.10646387
71.00000000,1894.00000000,0.10647209
71.00000000,1895.00000000,0.10647732
71.00000000,1896.00000000,0.10648583
71.00000000,1897.00000000,0.10649121
71.00000000,1898.00000000,0.10649958
71.00000000,1899.00000000,0.10650463
71.00000000,1900.00000000,0.10650924
71.00000000,1901.00000000,0.10653263
71.00000000,1902.00000000,0.10653395
71.00000000,1903.00000000,0.10653856
71.00000000,1904.00000000,0.10654644
71.00000000,1905.00000000,0.10655139
71.00000000,1906.00000000,0.10655973
71.00000000,1907.00000000,0.10657775
71.00000000,1908.00000000,0.10658297
71.00000000,1909.00000000,0.10659119
71.00000000,1910.00000000,0.10659953
71.00000000,1911.00000000,0.10661079
71.00000000,1912.00000000,0.10661823
71.00000000,1913.00000000,0.10662773
71.00000000,1914.00000000,0.10663303
71.00000000,1915.00000000,0.10664101
71.00000000,1916.00000000,0.10665557
71.00000000,1917.00000000,0.10665747
71.00000000,1918.00000000,0.10666889
71.00000000,1919.00000000,0.10667414
71.00000000,1920.00000000,0.10668666
71.00000000,1921.00000000,0.10670336
71.00000000,1922.00000000,0.10670882
71.00000000,1923.00000000,0.10672488
71.00000000,1924.00000000,0.10673807
71.00000000,1925.00000000,0.10677642
71.00000000,1926.00000000,0.10678944
71.00000000,1927.00000000,0.10681198
71.00000000,1928.00000000,0.10682192
71.00000000,1929.00000000,0.10683183
71.00000000,1930.00000000,0.10685464
71.00000000,1931.00000000,0.10688827
71.00000000,1932.00000000,0.10691092
71.00000000,1933.00000000,0.10692845
71.00000000,1934.00000000,0.10696265
71.00000000,1935.00000000,0.10700040
71.00000000,1936.00000000,0.10703449
71.00000000,1937.00000000,0.10705502
71.00000000,1938.00000000,0.10709062
71.00000000,1939.00000000,0.10711532
71.00000000,1940.00000000,0.10714582
71.00000000,1941.00000000,0.10716910
71.00000000,1942.00000000,0.10720407
71.00000000,1943.00000000,0.10726398
71.00000000,1944.00000000,0.10730451
71.00000000,1945.00000000,0.10727849
71.00000000,1946.00000000,0.10733014
71.00000000,1947.00000000,0.10734916
71.00000000,1948.00000000,0.10736950
71.00000000,1949.00000000,0.10738506
71.00000000,1950.00000000,0.10744028
71.00000000,1951.00000000,0.10753339
71.00000000,1952.00000000,0.10756709
71.00000000,1953.00000000,0.10761979
71.00000000,1954.00000000,0.10768179
71.00000000,1955.00000000,0.10770290
71.00000000,1956.00000000,0.10772075
71.00000000,1957.00000000,0.10774452
71.00000000,1958.00000000,0.10779928
71.00000000,1959.00000000,0.10791042
71.00000000,1960.00000000,0.10791776
71.00000000,1961.00000000,0.10801502
71.00000000,1962.00000000,0.10807004
71.00000000,1963.00000000,0.10807990
71.00000000,1964.00000000,0.10806948
71.00000000,1965.00000000,0.10811146
71.00000000,1966.00000000,0.10818358
71.00000000,1967.00000000,0.10822238
71.00000000,1968.00000000,0.10828503
71.00000000,1969.00000000,0.10835785
71.00000000,1970.00000000,0.10848156
71.00000000,1971.00000000,0.10855385
71.00000000,1972.00000000,0.10859252
71.00000000,1973.00000000,0.10861426
71.00000000,1974.00000000,0.10874930
71.00000000,1975.00000000,0.10874330
71.00000000,1976.00000000,0.10883814
71.00000000,1977.00000000,0.10894918
71.00000000,1978.00000000,0.10916400
71.00000000,1979.00000000,0.10902803
71.00000000,1980.00000000,0.10910861
71.00000000,1981.00000000,0.10918547
71.00000000,1982.00000000,0.10921151
71.00000000,1983.00000000,0.10932499
71.00000000,1984.00000000,0.10950995
71.00000000,1985.00000000,0.10920497
71.00000000,1986.00000000,0.10915760
71.00000000,1987.00000000,0.10934738
71.00000000,1988.00000000,0.10950936
71.00000000,1989.00000000,0.10944131
71.00000000,1990.00000000,0.10902394
71.00000000,1991.00000000,0.10941107
71.00000000,1992.00000000,0.10899822
71.00000000,1993.00000000,0.10912405
71.00000000,1994.00000000,0.10951296
71.00000000,1995.00000000,0.10948936
71.00000000,1996.00000000,0.10952639
71.00000000,1997.00000000,0.10955097
71.00000000,1998.00000000,0.10979816
71.00000000,1999.00000000,0.10980744
71.00000000,2000.00000000,0.11005896
71.00000000,2001.00000000,0.10977132
71.00000000,2002.00000000,0.10941768
71.00000000,2003.00000000,0.10912719
71.00000000,2004.00000000,0.10927151
71.00000000,2005.00000000,0.10951983
71.00000000,2006.00000000,0.10968229
71.00000000,2007.00000000,0.10999394
71.00000000,2008.00000000,0.11022629
71.00000000,2009.00000000,0.10999877
71.00000000,2010.00000000,0.11013436
71.00000000,2011.00000000,0.11044536
71.00000000,2012.00000000,0.11052913
71.00000000,2013.00000000,0.11052598
71.00000000,2014.00000000,0.11064810
71.00000000,2015.00000000,0.11059014
71.00000000,2016.00000000,0.10986054
71.00000000,2017.00000000,0.11006705
71.00000000,2018.00000000,0.11050867
71.00000000,2019.00000000,0.11070953
71.00000000,2020.00000000,0.11051516
71.00000000,2021.00000000,0.11113039
71.00000000,2022.00000000,0.11151839
71.00000000,2023.00000000,0.11156503
71.00000000,2024.00000000,0.11166416
71.00000000,2025.00000000,0.11169846
71.00000000,2026.00000000,0.11220899
71.00000000,2027.00000000,0.11258664
71.00000000,2028.00000000,0.11283148
71.00000000,2029.00000000,0.11297778
71.00000000,2030.00000000,0.11334584
71.00000000,2031.00000000,0.11366139
71.00000000,2032.00000000,0.11367599
71.00000000,2033.00000000,0.11396373
71.00000000,2034.00000000,0.11437983
71.00000000,2035.00000000,0.11483182
71.00000000,2036.00000000,0.11521221
71.00000000,2037.00000000,0.11566191
71.00000000,2038.00000000,0.11594540
71.00000000,2039.00000000,0.11644432
71.00000000,2040.00000000,0.11704847
71.00000000,2041.00000000,0.11784548
71.00000000,2042.00000000,0.11827208
71.00000000,2043.00000000,0.11873581
71.00000000,2044.00000000,0.11940305
71.00000000,2045.00000000,0.11937971
71.00000000,2046.00000000,0.11923969
71.00000000,2047.00000000,0.11999553
71.00000000,2048.00000000,0.12037996
71.00000000,2049.00000000,0.12055081
71.00000000,2050.00000000,0.12133909
71.00000000,2051.00000000,0.12111089
71.00000000,2052.00000000,0.12055462
71.00000000,2053.00000000,0.12036717
71.00000000,2054.00000000,0.12025141
71.00000000,2055.00000000,0.12072435
71.00000000,2056.00000000,0.12111815
71.00000000,2057.00000000,0.12154644
71.00000000,2058.00000000,0.12190482
71.00000000,2059.00000000,0.12246381
71.00000000,2060.00000000,0.12276559
71.00000000,2061.00000000,0.12285851
71.00000000,2062.00000000,0.12305786
71.00000000,2063.00000000,0.12264331
71.00000000,2064.00000000,0.12259463
71.00000000,2065.00000000,0.12287891
71.00000000,2066.00000000,0.12320095
71.00000000,2067.00000000,0.12354877
71.00000000,2068.00000000,0.12381413
71.00000000,2069.00000000,0.12367161
71.00000000,2070.00000000,0.12356851
71.00000000,2071.00000000,0.12401053
71.00000000,2072.00000000,0.12444172
71.00000000,2073.00000000,0.12456353
71.00000000,2074.00000000,0.12551847
71.00000000,2075.00000000,0.12662033
71.00000000,2076.00000000,0.12747352
71.00000000,2077.00000000,0.12801539
71.00000000,2078.00000000,0.12856305
71.00000000,2079.00000000,0.12911569
71.00000000,2080.00000000,0.12967291
71.00000000,2081.00000000,0.13023460
71.00000000,2082.00000000,0.13100352
71.00000000,2083.00000000,0.13177726
71.00000000,2084.00000000,0.13255591
71.00000000,2085.00000000,0.13333921
71.00000000,2086.00000000,0.13412728
71.00000000,2087.00000000,0.13491988
71.00000000,2088.00000000,0.13571666
71.00000000,2089.00000000,0.13651765
71.00000000,2090.00000000,0.13732253
71.00000000,2091.00000000,0.13813108
71.00000000,2092.00000000,0.13885471
71.00000000,2093.00000000,0.13958276
71.00000000,2094.00000000,0.14031520
71.00000000,2095.00000000,0.14105236
71.00000000,2096.00000000,0.14179406
71.00000000,2097.00000000,0.14254006
71.00000000,2098.00000000,0.14329054
71.00000000,2099.00000000,0.14404526
71.00000000,2100.00000000,0.14480397
71.00000000,2101.00000000,0.14556701
71.00000000,2102.00000000,0.14651913
71.00000000,2103.00000000,0.14747581
71.00000000,2104.00000000,0.14843745
71.00000000,2105.00000000,0.14940380
71.00000000,2106.00000000,0.15037464
71.00000000,2107.00000000,0.15135007
71.00000000,2108.00000000,0.15232974
71.00000000,2109.00000000,0.15331342
71.00000000,2110.00000000,0.15430111
71.00000000,2111.00000000,0.15529251
71.00000000,2112.00000000,0.15642174
71.00000000,2113.00000000,0.15755424
71.00000000,2114.00000000,0.15868990
71.00000000,2115.00000000,0.15982848
71.00000000,2116.00000000,0.16096962
71.00000000,2117.00000000,0.16211323
71.00000000,2118.00000000,0.16325907
71.00000000,2119.00000000,0.16440675
71.00000000,2120.00000000,0.16555630
71.00000000,2121.00000000,0.16670738
71.00000000,2122.00000000,0.16785207
71.00000000,2123.00000000,0.16899794
71.00000000,2124.00000000,0.17014471
71.00000000,2125.00000000,0.17129208
71.00000000,2126.00000000,0.17243986
71.00000000,2127.00000000,0.17358797
71.00000000,2128.00000000,0.17473606
71.00000000,2129.00000000,0.17588406
71.00000000,2130.00000000,0.17703154
71.00000000,2131.00000000,0.17817839
71.00000000,2132.00000000,0.17903113
71.00000000,2133.00000000,0.17988253
71.00000000,2134.00000000,0.18073274
71.00000000,2135.00000000,0.18158150
71.00000000,2136.00000000,0.18242866
71.00000000,2137.00000000,0.18327410
71.00000000,2138.00000000,0.18411782
71.00000000,2139.00000000,0.18495957
71.00000000,2140.00000000,0.18579926
71.00000000,2141.00000000,0.18663674
71.00000000,2142.00000000,0.18720761
71.00000000,2143.00000000,0.18777609
71.00000000,2144.00000000,0.18834180
71.00000000,2145.00000000,0.18890508
71.00000000,2146.00000000,0.18946568
71.00000000,2147.00000000,0.19002357
71.00000000,2148.00000000,0.19057877
71.00000000,2149.00000000,0.19113119
71.00000000,2150.00000000,0.19168076
71.00000000,2151.00000000,0.19222856
71.00000000,2152.00000000,0.19263026
71.00000000,2153.00000000,0.19303562
71.00000000,2154.00000000,0.19344629
71.00000000,2155.00000000,0.19386282
71.00000000,2156.00000000,0.19428536
71.00000000,2157.00000000,0.19471388
71.00000000,2158.00000000,0.19514811
71.00000000,2159.00000000,0.19558803
71.00000000,2160.00000000,0.19603324
71.00000000,2161.00000000,0.19648334
71.00000000,2162.00000000,0.19678668
71.00000000,2163.00000000,0.19709433
71.00000000,2164.00000000,0.19740608
71.00000000,2165.00000000,0.19772172
71.00000000,2166.00000000,0.19804104
71.00000000,2167.00000000,0.19836372
71.00000000,2168.00000000,0.19868981
71.00000000,2169.00000000,0.19901898
71.00000000,2170.00000000,0.19935109
71.00000000,2171.00000000,0.19968592
71.00000000,2172.00000000,0.19990674
71.00000000,2173.00000000,0.20012984
71.00000000,2174.00000000,0.20035509
71.00000000,2175.00000000,0.20058235
71.00000000,2176.00000000,0.20081157
71.00000000,2177.00000000,0.20104261
71.00000000,2178.00000000,0.20127528
71.00000000,2179.00000000,0.20150963
71.00000000,2180.00000000,0.20174545
71.00000000,2181.00000000,0.20198272
71.00000000,2182.00000000,0.20222133
71.00000000,2183.00000000,0.20246115
71.00000000,2184.00000000,0.20270220
71.00000000,2185.00000000,0.20294435
71.00000000,2186.00000000,0.20318749
71.00000000,2187.00000000,0.20343165
71.00000000,2188.00000000,0.20367671
71.00000000,2189.00000000,0.20392251
71.00000000,2190.00000000,0.20416916
71.00000000,2191.00000000,0.20441654
71.00000000,2192.00000000,0.20466459
71.00000000,2193.00000000,0.20491324
71.00000000,2194.00000000,0.20516235
71.00000000,2195.00000000,0.20541206
71.00000000,2196.00000000,0.20566231
71.00000000,2197.00000000,0.20591283
71.00000000,2198.00000000,0.20616378
71.00000000,2199.00000000,0.20641505
71.00000000,2200.00000000,0.20666658
71.00000000,2201.00000000,0.20691835
71.00000000,2202.00000000,0.20717030
71.00000000,2203.00000000,0.20742234
71.00000000,2204.00000000,0.20767453
71.00000000,2205.00000000,0.20792680
71.00000000,2206.00000000,0.20817911
71.00000000,2207.00000000,0.20843139
71.00000000,2208.00000000,0.20868358
71.00000000,2209.00000000,0.20893570
71.00000000,2210.00000000,0.20918769
71.00000000,2211.00000000,0.20943942
71.00000000,2212.00000000,0.20969107
71.00000000,2213.00000000,0.20994242
71.00000000,2214.00000000,0.21019344
71.00000000,2215.00000000,0.21044417
71.00000000,2216.00000000,0.21069450
71.00000000,2217.00000000,0.21094446
71.00000000,2218.00000000,0.21119395
71.00000000,2219.00000000,0.21144285
71.00000000,2220.00000000,0.21169118
71.00000000,2221.00000000,0.21193877
71.00000000,2222.00000000,0.21137021
71.00000000,2223.00000000,0.21079929
71.00000000,2224.00000000,0.21022602
71.00000000,2225.00000000,0.20965043
71.00000000,2226.00000000,0.20907275
71.00000000,2227.00000000,0.20849292
71.00000000,2228.00000000,0.20791098
71.00000000,2229.00000000,0.20732713
71.00000000,2230.00000000,0.20674129
71.00000000,2231.00000000,0.20615365
71.00000000,2232.00000000,0.20556421
71.00000000,2233.00000000,0.20497291
71.00000000,2234.00000000,0.20438001
71.00000000,2235.00000000,0.20378545
71.00000000,2236.00000000,0.20318921
71.00000000,2237.00000000,0.20259151
71.00000000,2238.00000000,0.20199230
71.00000000,2239.00000000,0.20139148
71.00000000,2240.00000000,0.20078941
71.00000000,2241.00000000,0.20018584
71.00000000,2242.00000000,0.19958097
71.00000000,2243.00000000,0.19897483
71.00000000,2244.00000000,0.19836730
71.00000000,2245.00000000,0.19775859
71.00000000,2246.00000000,0.19714870
71.00000000,2247.00000000,0.19653753
71.00000000,2248.00000000,0.19592530
71.00000000,2249.00000000,0.19531166
71.00000000,2250.00000000,0.19469538
71.00000000,2251.00000000,0.19407413
71.00000000,2252.00000000,0.19344557
71.00000000,2253.00000000,0.19280853
71.00000000,2254.00000000,0.19216264
71.00000000,2255.00000000,0.19150778
71.00000000,2256.00000000,0.19084414
71.00000000,2257.00000000,0.19017180
71.00000000,2258.00000000,0.18949095
71.00000000,2259.00000000,0.18880186
71.00000000,2260.00000000,0.18810480
71.00000000,2261.00000000,0.18740001
71.00000000,2262.00000000,0.18668804
71.00000000,2263.00000000,0.18596919
71.00000000,2264.00000000,0.18524377
71.00000000,2265.00000000,0.18451210
71.00000000,2266.00000000,0.18377436
71.00000000,2267.00000000,0.18303088
71.00000000,2268.00000000,0.18228179
71.00000000,2269.00000000,0.18152730
71.00000000,2270.00000000,0.18076767
71.00000000,2271.00000000,0.18000308
71.00000000,2272.00000000,0.17923362
71.00000000,2273.00000000,0.17845961
71.00000000,2274.00000000,0.17768115
71.00000000,2275.00000000,0.17689840
71.00000000,2276.00000000,0.17611158
71.00000000,2277.00000000,0.17532084
71.00000000,2278.00000000,0.17452627
71.00000000,2279.00000000,0.17372810
71.00000000,2280.00000000,0.17292644
71.00000000,2281.00000000,0.17212146
71.00000000,2282.00000000,0.17131330
71.00000000,2283.00000000,0.17050200
71.00000000,2284.00000000,0.16968783
71.00000000,2285.00000000,0.16887083
71.00000000,2286.00000000,0.16805107
71.00000000,2287.00000000,0.16722879
71.00000000,2288.00000000,0.16640402
71.00000000,2289.00000000,0.16557686
71.00000000,2290.00000000,0.16474748
71.00000000,2291.00000000,0.16391589
71.00000000,2292.00000000,0.16308230
71.00000000,2293.00000000,0.16224673
71.00000000,2294.00000000,0.16140927
71.00000000,2295.00000000,0.16057008
71.00000000,2296.00000000,0.15972918
71.00000000,2297.00000000,0.15888665
71.00000000,2298.00000000,0.15804265
71.00000000,2299.00000000,0.15719720
71.00000000,2300.00000000,0.15635036
71.00000000,2301.00000000,0.15550227
71.00000000,2302.00000000,0.15465290
71.00000000,2303.00000000,0.15380243
71.00000000,2304.00000000,0.15295085
71.00000000,2305.00000000,0.15209822
71.00000000,2306.00000000,0.15124463
71.00000000,2307.00000000,0.15039016
71.00000000,2308.00000000,0.14953482
71.00000000,2309.00000000,0.14867875
71.00000000,2310.00000000,0.14782196
71.00000000,2311.00000000,0.14696449
71.00000000,2312.00000000,0.14610646
71.00000000,2313.00000000,0.14524790
71.00000000,2314.00000000,0.14438881
71.00000000,2315.00000000,0.14352935
71.00000000,2316.00000000,0.14266950
71.00000000,2317.00000000,0.14180939
71.00000000,2318.00000000,0.14094906
71.00000000,2319.00000000,0.14008857
71.00000000,2320.00000000,0.13941075
71.00000000,2321.00000000,0.13927080
71.00000000,2322.00000000,0.13927801
71.00000000,2323.00000000,0.13928552
71.00000000,2324.00000000,0.13929328
71.00000000,2325.00000000,0.13930124
71.00000000,2326.00000000,0.13930947
71.00000000,2327.00000000,0.13934092
71.00000000,2328.00000000,0.13937266
71.00000000,2329.00000000,0.13940461
71.00000000,2330.00000000,0.13943674
71.00000000,2331.00000000,0.13946910
71.00000000,2332.00000000,0.13945609
71.00000000,2333.00000000,0.13944322
71.00000000,2334.00000000,0.13943055
71.00000000,2335.00000000,0.13941804
71.00000000,2336.00000000,0.13940567
71.00000000,2337.00000000,0.13939349
71.00000000,2338.00000000,0.13938146
71.00000000,2339.00000000,0.13936955
71.00000000,2340.00000000,0.13935782
71.00000000,2341.00000000,0.13934620
71.00000000,2342.00000000,0.13933476
71.00000000,2343.00000000,0.13932345
71.00000000,2344.00000000,0.13931224
71.00000000,2345.00000000,0.13930122
71.00000000,2346.00000000,0.13929030
71.00000000,2347.00000000,0.13927750
71.00000000,2348.00000000,0.13926486
71.00000000,2349.00000000,0.13925235
71.00000000,2350.00000000,0.13923989
71.00000000,2351.00000000,0.13922761
71.00000000,2352.00000000,0.13921539
71.00000000,2353.00000000,0.13920333
71.00000000,2354.00000000,0.13919138
71.00000000,2355.00000000,0.13917950
71.00000000,2356.00000000,0.13916778
71.00000000,2357.00000000,0.13915616
71.00000000,2358.00000000,0.13914460
71.00000000,2359.00000000,0.13913318
71.00000000,2360.00000000,0.13912188
71.00000000,2361.00000000,0.13911062
71.00000000,2362.00000000,0.13909949
71.00000000,2363.00000000,0.13908843
71.00000000,2364.00000000,0.13907749
71.00000000,2365.00000000,0.13906664
71.00000000,2366.00000000,0.13905584
71.00000000,2367.00000000,0.13904516
71.00000000,2368.00000000,0.13903457
71.00000000,2369.00000000,0.13902401
71.00000000,2370.00000000,0.13901359
71.00000000,2371.00000000,0.13900323
71.00000000,2372.00000000,0.13899730
71.00000000,2373.00000000,0.13899148
71.00000000,2374.00000000,0.13898574
71.00000000,2375.00000000,0.13898002
71.00000000,2376.00000000,0.13897443
71.00000000,2377.00000000,0.13896886
71.00000000,2378.00000000,0.13896340
71.00000000,2379.00000000,0.13895800
71.00000000,2380.00000000,0.13895262
71.00000000,2381.00000000,0.13894735
71.00000000,2382.00000000,0.13894214
71.00000000,2383.00000000,0.13893694
71.00000000,2384.00000000,0.13893185
71.00000000,2385.00000000,0.13892681
71.00000000,2386.00000000,0.13892178
71.00000000,2387.00000000,0.13891685
71.00000000,2388.00000000,0.13891192
71.00000000,2389.00000000,0.13890708
71.00000000,2390.00000000,0.13890230
71.00000000,2391.00000000,0.13889752
71.00000000,2392.00000000,0.13889283
71.00000000,2393.00000000,0.13888819
71.00000000,2394.00000000,0.13888354
71.00000000,2395.00000000,0.13887898
71.00000000,2396.00000000,0.13887446
71.00000000,2397.00000000,0.13886994
71.00000000,2398.00000000,0.13886550
71.00000000,2399.00000000,0.13886109
71.00000000,2400.00000000,0.13885668
71.00000000,2401.00000000,0.13885235
71.00000000,2402.00000000,0.13884802
71.00000000,2403.00000000,0.13884378
71.00000000,2404.00000000,0.13883957
71.00000000,2405.00000000,0.13883535
71.00000000,2406.00000000,0.13883123
71.00000000,2407.00000000,0.13882714
71.00000000,2408.00000000,0.13882304
71.00000000,2409.00000000,0.13881904
71.00000000,2410.00000000,0.13881505
71.00000000,2411.00000000,0.13881106
71.00000000,2412.00000000,0.13880716
71.00000000,2413.00000000,0.13880323
71.00000000,2414.00000000,0.13879939
71.00000000,2415.00000000,0.13879559
71.00000000,2416.00000000,0.13879175
71.00000000,2417.00000000,0.13878800
71.00000000,2418.00000000,0.13878427
71.00000000,2419.00000000,0.13878053
71.00000000,2420.00000000,0.13877686
71.00000000,2421.00000000,0.13877322
71.00000000,2422.00000000,0.13876828
71.00000000,2423.00000000,0.13876343
71.00000000,2424.00000000,0.13875860
71.00000000,2425.00000000,0.13875374
71.00000000,2426.00000000,0.13874895
71.00000000,2427.00000000,0.13874413
71.00000000,2428.00000000,0.13873939
71.00000000,2429.00000000,0.13873466
71.00000000,2430.00000000,0.13872989
71.00000000,2431.00000000,0.13872519
71.00000000,2432.00000000,0.13872053
71.00000000,2433.00000000,0.13871581
71.00000000,2434.00000000,0.13871117
71.00000000,2435.00000000,0.13870653
71.00000000,2436.00000000,0.13870187
71.00000000,2437.00000000,0.13869727
71.00000000,2438.00000000,0.13869262
71.00000000,2439.00000000,0.13868805
71.00000000,2440.00000000,0.13868349
71.00000000,2441.00000000,0.13867887
71.00000000,2442.00000000,0.13867435
71.00000000,2443.00000000,0.13866982
71.00000000,2444.00000000,0.13866525
71.00000000,2445.00000000,0.13866074
71.00000000,2446.00000000,0.13865624
71.00000000,2447.00000000,0.13865169
71.00000000,2448.00000000,0.13864722
71.00000000,2449.00000000,0.13864269
71.00000000,2450.00000000,0.13863823
71.00000000,2451.00000000,0.13863378
71.00000000,2452.00000000,0.13862926
71.00000000,2453.00000000,0.13862482
71.00000000,2454.00000000,0.13862038
71.00000000,2455.00000000,0.13861587
71.00000000,2456.00000000,0.13861142
71.00000000,2457.00000000,0.13860697
71.00000000,2458.00000000,0.13860246
71.00000000,2459.00000000,0.13859801
71.00000000,2460.00000000,0.13859356
71.00000000,2461.00000000,0.13858903
71.00000000,2462.00000000,0.13858459
71.00000000,2463.00000000,0.13858007
71.00000000,2464.00000000,0.13857561
71.00000000,2465.00000000,0.13857115
71.00000000,2466.00000000,0.13856662
71.00000000,2467.00000000,0.13856215
71.00000000,2468.00000000,0.13855770
71.00000000,2469.00000000,0.13855315
71.00000000,2470.00000000,0.13854868
71.00000000,2471.00000000,0.13854420
71.00000000,2472.00000000,0.13853832
71.00000000,2473.00000000,0.13853251
71.00000000,2474.00000000,0.13852662
71.00000000,2475.00000000,0.13852082
71.00000000,2476.00000000,0.13851499
71.00000000,2477.00000000,0.13850909
71.00000000,2478.00000000,0.13850327
71.00000000,2479.00000000,0.13849744
71.00000000,2480.00000000,0.13849152
71.00000000,2481.00000000,0.13848569
71.00000000,2482.00000000,0.13847984
71.00000000,2483.00000000,0.13847390
71.00000000,2484.00000000,0.13846805
71.00000000,2485.00000000,0.13846220
71.00000000,2486.00000000,0.13845625
71.00000000,2487.00000000,0.13845038
71.00000000,2488.00000000,0.13844443
71.00000000,2489.00000000,0.13843856
71.00000000,2490.00000000,0.13843268
71.00000000,2491.00000000,0.13842670
71.00000000,2492.00000000,0.13842082
71.00000000,2493.00000000,0.13841493
71.00000000,2494.00000000,0.13840894
71.00000000,2495.00000000,0.13840303
71.00000000,2496.00000000,0.13839713
71.00000000,2497.00000000,0.13839113
71.00000000,2498.00000000,0.13838521
71.00000000,2499.00000000,0.13837919
71.00000000,2500.00000000,0.13837328
72.00000000,1765.00000000,0.10463662
72.00000000,1766.00000000,0.10463662
72.00000000,1767.00000000,0.10463677
72.00000000,1768.00000000,0.10463689
72.00000000,1769.00000000,0.10463721
72.00000000,1770.00000000,0.10463766
72.00000000,1771.00000000,0.10463828
72.00000000,1772.00000000,0.10463900
72.00000000,1773.00000000,0.10464008
72.00000000,1774.00000000,0.10464122
72.00000000,1775.00000000,0.10464244
72.00000000,1776.00000000,0.10464412
72.00000000,1777.00000000,0.10464558
72.00000000,1778.00000000,0.10464742
72.00000000,1779.00000000,0.10464947
72.00000000,1780.00000000,0.10465165
72.00000000,1781.00000000,0.10465373
72.00000000,1782.00000000,0.10465625
72.00000000,1783.00000000,0.10465876
72.00000000,1784.00000000,0.10466146
72.00000000,1785.00000000,0.10466433
72.00000000,1786.00000000,0.10466719
72.00000000,1787.00000000,0.10467023
72.00000000,1788.00000000,0.10467338
72.00000000,1789.00000000,0.10467670
72.00000000,1790.00000000,0.10467998
72.00000000,1791.00000000,0.10468345
72.00000000,1792.00000000,0.10468706
72.00000000,1793.00000000,0.10469072
72.00000000,1794.00000000,0.10469448
72.00000000,1795.00000000,0.10469826
72.00000000,1796.00000000,0.10470214
72.00000000,1797.00000000,0.10470608
72.00000000,1798.00000000,0.10471014
72.00000000,1799.00000000,0.10471421
72.00000000,1800.00000000,0.10471841
72.00000000,1801.00000000,0.10472259
72.00000000,1802.00000000,0.10472689
72.00000000,1803.00000000,0.10473120
72.00000000,1804.00000000,0.10473555
72.00000000,1805.00000000,0.10473999
72.00000000,1806.00000000,0.10474442
72.00000000,1807.00000000,0.10474896
72.00000000,1808.00000000,0.10475360
72.00000000,1809.00000000,0.10475813
72.00000000,1810.00000000,0.10476284
72.00000000,1811.00000000,0.10476761
72.00000000,1812.00000000,0.10477233
72.00000000,1813.00000000,0.10477717
72.00000000,1814.00000000,0.10478198
72.00000000,1815.00000000,0.10478693
72.00000000,1816.00000000,0.10479187
72.00000000,1817.00000000,0.10479682
72.00000000,1818.00000000,0.10480185
72.00000000,1819.00000000,0.10480688
72.00000000,1820.00000000,0.10481198
72.00000000,1821.00000000,0.10481712
72.00000000,1822.00000000,0.10482229
72.00000000,1823.00000000,0.10482751
72.00000000,1824.00000000,0.10483285
72.00000000,1825.00000000,0.10483817
72.00000000,1826.00000000,0.10484355
72.00000000,1827.00000000,0.10484897
72.00000000,1828.00000000,0.10485444
72.00000000,1829.00000000,0.10486002
72.00000000,1830.00000000,0.10486561
72.00000000,1831.00000000,0.10487126
72.00000000,1832.00000000,0.10487698
72.00000000,1833.00000000,0.10488276
72.00000000,1834.00000000,0.10488861
72.00000000,1835.00000000,0.10489459
72.00000000,1836.00000000,0.10490063
72.00000000,1837.00000000,0.10490676
72.00000000,1838.00000000,0.10492244
72.00000000,1839.00000000,0.10492880
72.00000000,1840.00000000,0.10493529
72.00000000,1841.00000000,0.10494187
72.00000000,1842.00000000,0.10494862
72.00000000,1843.00000000,0.10495859
72.00000000,1844.00000000,0.10496550
72.00000000,1845.00000000,0.10497250
72.00000000,1846.00000000,0.10497959
72.00000000,1847.00000000,0.10498674
72.00000000,1848.00000000,0.10499399
72.00000000,1849.00000000,0.10500127
72.00000000,1850.00000000,0.10500866
72.00000000,1851.00000000,0.10501601
72.00000000,1852.00000000,0.10502350
72.00000000,1853.00000000,0.10503455
72.00000000,1854.00000000,0.10504275
72.00000000,1855.00000000,0.10505097
72.00000000,1856.00000000,0.10505921
72.00000000,1857.00000000,0.10506732
72.00000000,1858.00000000,0.10507552
72.00000000,1859.00000000,0.10508363
72.00000000,1860.00000000,0.10509178
72.00000000,1861.00000000,0.10509987
72.00000000,1862.00000000,0.10510782
72.00000000,1863.00000000,0.10511820
72.00000000,1864.00000000,0.10512495
72.00000000,1865.00000000,0.10513118
72.00000000,1866.00000000,0.10513713
72.00000000,1867.00000000,0.10514273
72.00000000,1868.00000000,0.10514812
72.00000000,1869.00000000,0.10515632
72.00000000,1870.00000000,0.10516128
72.00000000,1871.00000000,0.10516598
72.00000000,1872.00000000,0.10517411
72.00000000,1873.00000000,0.10517999
72.00000000,1874.00000000,0.10519278
72.00000000,1875.00000000,0.10519663
72.00000000,1876.00000000,0.10520390
72.00000000,1877.00000000,0.10521151
72.00000000,1878.00000000,0.10522245
72.00000000,1879.00000000,0.10523050
72.00000000,1880.00000000,0.10523862
72.00000000,1881.00000000,0.10524688
72.00000000,1882.00000000,0.10525504
72.00000000,1883.00000000,0.10526594
72.00000000,1884.00000000,0.10527320
72.00000000,1885.00000000,0.10528011
72.00000000,1886.00000000,0.10528685
72.00000000,1887.00000000,0.10529669
72.00000000,1888.00000000,0.10530627
72.00000000,1889.00000000,0.10531566
72.00000000,1890.00000000,0.10532143
72.00000000,1891.00000000,0.10532695
72.00000000,1892.00000000,0.10533205
72.00000000,1893.00000000,0.10533708
72.00000000,1894.00000000,0.10534524
72.00000000,1895.00000000,0.10535362
72.00000000,1896.00000000,0.10535886
72.00000000,1897.00000000,0.10536733
72.00000000,1898.00000000,0.10537253
72.00000000,1899.00000000,0.10538068
72.00000000,1900.00000000,0.10538529
72.00000000,1901.00000000,0.10538959
72.00000000,1902.00000000,0.10541293
72.00000000,1903.00000000,0.10541439
72.00000000,1904.00000000,0.10541909
72.00000000,1905.00000000,0.10542718
72.00000000,1906.00000000,0.10543236
72.00000000,1907.00000000,0.10544080
72.00000000,1908.00000000,0.10545860
72.00000000,1909.00000000,0.10546369
72.00000000,1910.00000000,0.10547197
72.00000000,1911.00000000,0.10548009
72.00000000,1912.00000000,0.10549062
72.00000000,1913.00000000,0.10549692
72.00000000,1914.00000000,0.10550537
72.00000000,1915.00000000,0.10551015
72.00000000,1916.00000000,0.10551829
72.00000000,1917.00000000,0.10553282
72.00000000,1918.00000000,0.10553464
72.00000000,1919.00000000,0.10554613
72.00000000,1920.00000000,0.10555227
72.00000000,1921.00000000,0.10556561
72.00000000,1922.00000000,0.10558357
72.00000000,1923.00000000,0.10558997
72.00000000,1924.00000000,0.10560618
72.00000000,1925.00000000,0.10561917
72.00000000,1926.00000000,0.10565717
72.00000000,1927.00000000,0.10567012
72.00000000,1928.00000000,0.10569261
72.00000000,1929.00000000,0.10570246
72.00000000,1930.00000000,0.10571249
72.00000000,1931.00000000,0.10573651
72.00000000,1932.00000000,0.10577159
72.00000000,1933.00000000,0.10579533
72.00000000,1934.00000000,0.10581359
72.00000000,1935.00000000,0.10584766
72.00000000,1936.00000000,0.10588449
72.00000000,1937.00000000,0.10591717
72.00000000,1938.00000000,0.10593588
72.00000000,1939.00000000,0.10597014
72.00000000,1940.00000000,0.10599379
72.00000000,1941.00000000,0.10602278
72.00000000,1942.00000000,0.10604448
72.00000000,1943.00000000,0.10607827
72.00000000,1944.00000000,0.10613708
72.00000000,1945.00000000,0.10617718
72.00000000,1946.00000000,0.10615280
72.00000000,1947.00000000,0.10620624
72.00000000,1948.00000000,0.10622618
72.00000000,1949.00000000,0.10624636
72.00000000,1950.00000000,0.10626169
72.00000000,1951.00000000,0.10631615
72.00000000,1952.00000000,0.10640919
72.00000000,1953.00000000,0.10644266
72.00000000,1954.00000000,0.10649470
72.00000000,1955.00000000,0.10655646
72.00000000,1956.00000000,0.10657731
72.00000000,1957.00000000,0.10659452
72.00000000,1958.00000000,0.10661739
72.00000000,1959.00000000,0.10667094
72.00000000,1960.00000000,0.10677874
72.00000000,1961.00000000,0.10678393
72.00000000,1962.00000000,0.10687934
72.00000000,1963.00000000,0.10693291
72.00000000,1964.00000000,0.10694142
72.00000000,1965.00000000,0.10692942
72.00000000,1966.00000000,0.10696932
72.00000000,1967.00000000,0.10703917
72.00000000,1968.00000000,0.10707583
72.00000000,1969.00000000,0.10713523
72.00000000,1970.00000000,0.10720440
72.00000000,1971.00000000,0.10732286
72.00000000,1972.00000000,0.10738927
72.00000000,1973.00000000,0.10742314
72.00000000,1974.00000000,0.10744099
72.00000000,1975.00000000,0.10757283
72.00000000,1976.00000000,0.10756653
72.00000000,1977.00000000,0.10766099
72.00000000,1978.00000000,0.10777104
72.00000000,1979.00000000,0.10798379
72.00000000,1980.00000000,0.10784841
72.00000000,1981.00000000,0.10792833
72.00000000,1982.00000000,0.10800764
72.00000000,1983.00000000,0.10803942
72.00000000,1984.00000000,0.10815790
72.00000000,1985.00000000,0.10834581
72.00000000,1986.00000000,0.10804632
72.00000000,1987.00000000,0.10800085
72.00000000,1988.00000000,0.10818953
72.00000000,1989.00000000,0.10835001
72.00000000,1990.00000000,0.10828207
72.00000000,1991.00000000,0.10786835
72.00000000,1992.00000000,0.10825317
72.00000000,1993.00000000,0.10784517
72.00000000,1994.00000000,0.10797197
72.00000000,1995.00000000,0.10835921
72.00000000,1996.00000000,0.10833663
72.00000000,1997.00000000,0.10837312
72.00000000,1998.00000000,0.10839709
72.00000000,1999.00000000,0.10864241
72.00000000,2000.00000000,0.10865243
72.00000000,2001.00000000,0.10890195
72.00000000,2002.00000000,0.10861657
72.00000000,2003.00000000,0.10826635
72.00000000,2004.00000000,0.10797699
72.00000000,2005.00000000,0.10811656
72.00000000,2006.00000000,0.10835745
72.00000000,2007.00000000,0.10851320
72.00000000,2008.00000000,0.10881741
72.00000000,2009.00000000,0.10904349
72.00000000,2010.00000000,0.10881428
72.00000000,2011.00000000,0.10894520
72.00000000,2012.00000000,0.10925005
72.00000000,2013.00000000,0.10932954
72.00000000,2014.00000000,0.10932279
72.00000000,2015.00000000,0.10944027
72.00000000,2016.00000000,0.10937930
72.00000000,2017.00000000,0.10865307
72.00000000,2018.00000000,0.10885451
72.00000000,2019.00000000,0.10928904
72.00000000,2020.00000000,0.10948523
72.00000000,2021.00000000,0.10929003
72.00000000,2022.00000000,0.10989726
72.00000000,2023.00000000,0.11027971
72.00000000,2024.00000000,0.11032432
72.00000000,2025.00000000,0.11042118
72.00000000,2026.00000000,0.11045396
72.00000000,2027.00000000,0.11095872
72.00000000,2028.00000000,0.11133192
72.00000000,2029.00000000,0.11157367
72.00000000,2030.00000000,0.11171792
72.00000000,2031.00000000,0.11208175
72.00000000,2032.00000000,0.11239340
72.00000000,2033.00000000,0.11240655
72.00000000,2034.00000000,0.11269000
72.00000000,2035.00000000,0.11310044
72.00000000,2036.00000000,0.11354631
72.00000000,2037.00000000,0.11392131
72.00000000,2038.00000000,0.11436494
72.00000000,2039.00000000,0.11464401
72.00000000,2040.00000000,0.11513655
72.00000000,2041.00000000,0.11573322
72.00000000,2042.00000000,0.11652066
72.00000000,2043.00000000,0.11694098
72.00000000,2044.00000000,0.11739783
72.00000000,2045.00000000,0.11805618
72.00000000,2046.00000000,0.11803065
72.00000000,2047.00000000,0.11788969
72.00000000,2048.00000000,0.11863580
72.00000000,2049.00000000,0.11901423
72.00000000,2050.00000000,0.11918136
72.00000000,2051.00000000,0.11995982
72.00000000,2052.00000000,0.11973208
72.00000000,2053.00000000,0.11917969
72.00000000,2054.00000000,0.11899252
72.00000000,2055.00000000,0.11887648
72.00000000,2056.00000000,0.11934330
72.00000000,2057.00000000,0.11973181
72.00000000,2058.00000000,0.12015460
72.00000000,2059.00000000,0.12050820
72.00000000,2060.00000000,0.12106045
72.00000000,2061.00000000,0.12135837
72.00000000,2062.00000000,0.12145030
72.00000000,2063.00000000,0.12164847
72.00000000,2064.00000000,0.12123956
72.00000000,2065.00000000,0.12119314
72.00000000,2066.00000000,0.12147646
72.00000000,2067.00000000,0.12179719
72.00000000,2068.00000000,0.12214347
72.00000000,2069.00000000,0.12240803
72.00000000,2070.00000000,0.12226876
72.00000000,2071.00000000,0.12216860
72.00000000,2072.00000000,0.12260857
72.00000000,2073.00000000,0.12303847
72.00000000,2074.00000000,0.12316246
72.00000000,2075.00000000,0.12411135
72.00000000,2076.00000000,0.12520571
72.00000000,2077.00000000,0.12605385
72.00000000,2078.00000000,0.12659367
72.00000000,2079.00000000,0.12713902
72.00000000,2080.00000000,0.12768916
72.00000000,2081.00000000,0.12824372
72.00000000,2082.00000000,0.12880293
72.00000000,2083.00000000,0.12956755
72.00000000,2084.00000000,0.13033701
72.00000000,2085.00000000,0.13111134
72.00000000,2086.00000000,0.13189017
72.00000000,2087.00000000,0.13267357
72.00000000,2088.00000000,0.13346132
72.00000000,2089.00000000,0.13425304
72.00000000,2090.00000000,0.13504871
72.00000000,2091.00000000,0.13584823
72.00000000,2092.00000000,0.13665163
72.00000000,2093.00000000,0.13737121
72.00000000,2094.00000000,0.13809532
72.00000000,2095.00000000,0.13882374
72.00000000,2096.00000000,0.13955679
72.00000000,2097.00000000,0.14029420
72.00000000,2098.00000000,0.14103571
72.00000000,2099.00000000,0.14178151
72.00000000,2100.00000000,0.14253134
72.00000000,2101.00000000,0.14328510
72.00000000,2102.00000000,0.14404341
72.00000000,2103.00000000,0.14498925
72.00000000,2104.00000000,0.14593973
72.00000000,2105.00000000,0.14689509
72.00000000,2106.00000000,0.14785505
72.00000000,2107.00000000,0.14881937
72.00000000,2108.00000000,0.14978808
72.00000000,2109.00000000,0.15076089
72.00000000,2110.00000000,0.15173760
72.00000000,2111.00000000,0.15271799
72.00000000,2112.00000000,0.15370200
72.00000000,2113.00000000,0.15482242
72.00000000,2114.00000000,0.15594602
72.00000000,2115.00000000,0.15707250
72.00000000,2116.00000000,0.15820186
72.00000000,2117.00000000,0.15933373
72.00000000,2118.00000000,0.16046780
72.00000000,2119.00000000,0.16160408
72.00000000,2120.00000000,0.16274213
72.00000000,2121.00000000,0.16388195
72.00000000,2122.00000000,0.16502322
72.00000000,2123.00000000,0.16615820
72.00000000,2124.00000000,0.16729415
72.00000000,2125.00000000,0.16843099
72.00000000,2126.00000000,0.16956843
72.00000000,2127.00000000,0.17070633
72.00000000,2128.00000000,0.17184447
72.00000000,2129.00000000,0.17298250
72.00000000,2130.00000000,0.17412052
72.00000000,2131.00000000,0.17525807
72.00000000,2132.00000000,0.17639483
72.00000000,2133.00000000,0.17724034
72.00000000,2134.00000000,0.17808460
72.00000000,2135.00000000,0.17892753
72.00000000,2136.00000000,0.17976909
72.00000000,2137.00000000,0.18060908
72.00000000,2138.00000000,0.18144743
72.00000000,2139.00000000,0.18228401
72.00000000,2140.00000000,0.18311858
72.00000000,2141.00000000,0.18395120
72.00000000,2142.00000000,0.18478165
72.00000000,2143.00000000,0.18534802
72.00000000,2144.00000000,0.18591205
72.00000000,2145.00000000,0.18647344
72.00000000,2146.00000000,0.18703235
72.00000000,2147.00000000,0.18758863
72.00000000,2148.00000000,0.18814219
72.00000000,2149.00000000,0.18869319
72.00000000,2150.00000000,0.18924146
72.00000000,2151.00000000,0.18978791
72.00000000,2152.00000000,0.19033555
72.00000000,2153.00000000,0.19074124
72.00000000,2154.00000000,0.19115211
72.00000000,2155.00000000,0.19156874
72.00000000,2156.00000000,0.19199124
72.00000000,2157.00000000,0.19241980
72.00000000,2158.00000000,0.19285412
72.00000000,2159.00000000,0.19329390
72.00000000,2160.00000000,0.19373897
72.00000000,2161.00000000,0.19418908
72.00000000,2162.00000000,0.19464390
72.00000000,2163.00000000,0.19495293
72.00000000,2164.00000000,0.19526599
72.00000000,2165.00000000,0.19558278
72.00000000,2166.00000000,0.19590332
72.00000000,2167.00000000,0.19622729
72.00000000,2168.00000000,0.19655450
72.00000000,2169.00000000,0.19688480
72.00000000,2170.00000000,0.19721790
72.00000000,2171.00000000,0.19755384
72.00000000,2172.00000000,0.19789232
72.00000000,2173.00000000,0.19811769
72.00000000,2174.00000000,0.19834512
72.00000000,2175.00000000,0.19857455
72.00000000,2176.00000000,0.19880580
72.00000000,2177.00000000,0.19903892
72.00000000,2178.00000000,0.19927371
72.00000000,2179.00000000,0.19951005
72.00000000,2180.00000000,0.19974792
72.00000000,2181.00000000,0.19998714
72.00000000,2182.00000000,0.20022773
72.00000000,2183.00000000,0.20046957
72.00000000,2184.00000000,0.20071255
72.00000000,2185.00000000,0.20095665
72.00000000,2186.00000000,0.20120178
72.00000000,2187.00000000,0.20144776
72.00000000,2188.00000000,0.20169475
72.00000000,2189.00000000,0.20194256
72.00000000,2190.00000000,0.20219114
72.00000000,2191.00000000,0.20244045
72.00000000,2192.00000000,0.20269043
72.00000000,2193.00000000,0.20294092
72.00000000,2194.00000000,0.20319212
72.00000000,2195.00000000,0.20344371
72.00000000,2196.00000000,0.20369583
72.00000000,2197.00000000,0.20394839
72.00000000,2198.00000000,0.20420128
72.00000000,2199.00000000,0.20445453
72.00000000,2200.00000000,0.20470809
72.00000000,2201.00000000,0.20496182
72.00000000,2202.00000000,0.20521582
72.00000000,2203.00000000,0.20547003
72.00000000,2204.00000000,0.20572427
72.00000000,2205.00000000,0.20597865
72.00000000,2206.00000000,0.20623305
72.00000000,2207.00000000,0.20648750
72.00000000,2208.00000000,0.20674191
72.00000000,2209.00000000,0.20699617
72.00000000,2210.00000000,0.20725045
72.00000000,2211.00000000,0.20750455
72.00000000,2212.00000000,0.20775841
72.00000000,2213.00000000,0.20801210
72.00000000,2214.00000000,0.20826555
72.00000000,2215.00000000,0.20851869
72.00000000,2216.00000000,0.20877155
72.00000000,2217.00000000,0.20902397
72.00000000,2218.00000000,0.20927602
72.00000000,2219.00000000,0.20952761
72.00000000,2220.00000000,0.20977864
72.00000000,2221.00000000,0.21002909
72.00000000,2222.00000000,0.21027880
72.00000000,2223.00000000,0.20971858
72.00000000,2224.00000000,0.20915605
72.00000000,2225.00000000,0.20859113
72.00000000,2226.00000000,0.20802388
72.00000000,2227.00000000,0.20745451
72.00000000,2228.00000000,0.20688298
72.00000000,2229.00000000,0.20630935
72.00000000,2230.00000000,0.20573378
72.00000000,2231.00000000,0.20515619
72.00000000,2232.00000000,0.20457680
72.00000000,2233.00000000,0.20399557
72.00000000,2234.00000000,0.20341248
72.00000000,2235.00000000,0.20282776
72.00000000,2236.00000000,0.20224137
72.00000000,2237.00000000,0.20165328
72.00000000,2238.00000000,0.20106370
72.00000000,2239.00000000,0.20047259
72.00000000,2240.00000000,0.19987987
72.00000000,2241.00000000,0.19928584
72.00000000,2242.00000000,0.19869031
72.00000000,2243.00000000,0.19809345
72.00000000,2244.00000000,0.19749530
72.00000000,2245.00000000,0.19689572
72.00000000,2246.00000000,0.19629495
72.00000000,2247.00000000,0.19569297
72.00000000,2248.00000000,0.19508969
72.00000000,2249.00000000,0.19448509
72.00000000,2250.00000000,0.19387779
72.00000000,2251.00000000,0.19326538
72.00000000,2252.00000000,0.19264573
72.00000000,2253.00000000,0.19201759
72.00000000,2254.00000000,0.19138052
72.00000000,2255.00000000,0.19073454
72.00000000,2256.00000000,0.19007969
72.00000000,2257.00000000,0.18941616
72.00000000,2258.00000000,0.18874412
72.00000000,2259.00000000,0.18806379
72.00000000,2260.00000000,0.18737547
72.00000000,2261.00000000,0.18667949
72.00000000,2262.00000000,0.18597617
72.00000000,2263.00000000,0.18526604
72.00000000,2264.00000000,0.18454931
72.00000000,2265.00000000,0.18382627
72.00000000,2266.00000000,0.18309719
72.00000000,2267.00000000,0.18236226
72.00000000,2268.00000000,0.18162175
72.00000000,2269.00000000,0.18087585
72.00000000,2270.00000000,0.18012469
72.00000000,2271.00000000,0.17936858
72.00000000,2272.00000000,0.17860764
72.00000000,2273.00000000,0.17784201
72.00000000,2274.00000000,0.17707196
72.00000000,2275.00000000,0.17629762
72.00000000,2276.00000000,0.17551909
72.00000000,2277.00000000,0.17473665
72.00000000,2278.00000000,0.17395039
72.00000000,2279.00000000,0.17316045
72.00000000,2280.00000000,0.17236703
72.00000000,2281.00000000,0.17157019
72.00000000,2282.00000000,0.17077017
72.00000000,2283.00000000,0.16996702
72.00000000,2284.00000000,0.16916088
72.00000000,2285.00000000,0.16835190
72.00000000,2286.00000000,0.16754021
72.00000000,2287.00000000,0.16672585
72.00000000,2288.00000000,0.16590901
72.00000000,2289.00000000,0.16508978
72.00000000,2290.00000000,0.16426822
72.00000000,2291.00000000,0.16344449
72.00000000,2292.00000000,0.16261865
72.00000000,2293.00000000,0.16179083
72.00000000,2294.00000000,0.16096112
72.00000000,2295.00000000,0.16012956
72.00000000,2296.00000000,0.15929629
72.00000000,2297.00000000,0.15846140
72.00000000,2298.00000000,0.15762492
72.00000000,2299.00000000,0.15678697
72.00000000,2300.00000000,0.15594766
72.00000000,2301.00000000,0.15510697
72.00000000,2302.00000000,0.15426504
72.00000000,2303.00000000,0.15342189
72.00000000,2304.00000000,0.15257763
72.00000000,2305.00000000,0.15173231
72.00000000,2306.00000000,0.15088593
72.00000000,2307.00000000,0.15003866
72.00000000,2308.00000000,0.14919052
72.00000000,2309.00000000,0.14834153
72.00000000,2310.00000000,0.14749180
72.00000000,2311.00000000,0.14664141
72.00000000,2312.00000000,0.14579034
72.00000000,2313.00000000,0.14493872
72.00000000,2314.00000000,0.14408659
72.00000000,2315.00000000,0.14323394
72.00000000,2316.00000000,0.14238094
72.00000000,2317.00000000,0.14152755
72.00000000,2318.00000000,0.14067390
72.00000000,2319.00000000,0.13982004
72.00000000,2320.00000000,0.13896603
72.00000000,2321.00000000,0.13829327
72.00000000,2322.00000000,0.13815419
72.00000000,2323.00000000,0.13816113
72.00000000,2324.00000000,0.13816836
72.00000000,2325.00000000,0.13817583
72.00000000,2326.00000000,0.13818351
72.00000000,2327.00000000,0.13819147
72.00000000,2328.00000000,0.13822248
72.00000000,2329.00000000,0.13825374
72.00000000,2330.00000000,0.13828524
72.00000000,2331.00000000,0.13831691
72.00000000,2332.00000000,0.13834881
72.00000000,2333.00000000,0.13833569
72.00000000,2334.00000000,0.13832272
72.00000000,2335.00000000,0.13830995
72.00000000,2336.00000000,0.13829734
72.00000000,2337.00000000,0.13828487
72.00000000,2338.00000000,0.13827258
72.00000000,2339.00000000,0.13826046
72.00000000,2340.00000000,0.13824845
72.00000000,2341.00000000,0.13823663
72.00000000,2342.00000000,0.13822491
72.00000000,2343.00000000,0.13821337
72.00000000,2344.00000000,0.13820196
72.00000000,2345.00000000,0.13819065
72.00000000,2346.00000000,0.13817951
72.00000000,2347.00000000,0.13816849
72.00000000,2348.00000000,0.13815561
72.00000000,2349.00000000,0.13814289
72.00000000,2350.00000000,0.13813030
72.00000000,2351.00000000,0.13811776
72.00000000,2352.00000000,0.13810539
72.00000000,2353.00000000,0.13809310
72.00000000,2354.00000000,0.13808095
72.00000000,2355.00000000,0.13806894
72.00000000,2356.00000000,0.13805699
72.00000000,2357.00000000,0.13804518
72.00000000,2358.00000000,0.13803349
72.00000000,2359.00000000,0.13802186
72.00000000,2360.00000000,0.13801036
72.00000000,2361.00000000,0.13799898
72.00000000,2362.00000000,0.13798764
72.00000000,2363.00000000,0.13797644
72.00000000,2364.00000000,0.13796529
72.00000000,2365.00000000,0.13795428
72.00000000,2366.00000000,0.13794335
72.00000000,2367.00000000,0.13793248
72.00000000,2368.00000000,0.13792172
72.00000000,2369.00000000,0.13791105
72.00000000,2370.00000000,0.13790041
72.00000000,2371.00000000,0.13788991
72.00000000,2372.00000000,0.13787947
72.00000000,2373.00000000,0.13787342
72.00000000,2374.00000000,0.13786749
72.00000000,2375.00000000,0.13786164
72.00000000,2376.00000000,0.13785580
72.00000000,2377.00000000,0.13785010
72.00000000,2378.00000000,0.13784441
72.00000000,2379.00000000,0.13783883
72.00000000,2380.00000000,0.13783332
72.00000000,2381.00000000,0.13782782
72.00000000,2382.00000000,0.13782243
72.00000000,2383.00000000,0.13781711
72.00000000,2384.00000000,0.13781180
72.00000000,2385.00000000,0.13780658
72.00000000,2386.00000000,0.13780142
72.00000000,2387.00000000,0.13779627
72.00000000,2388.00000000,0.13779122
72.00000000,2389.00000000,0.13778618
72.00000000,2390.00000000,0.13778123
72.00000000,2391.00000000,0.13777633
72.00000000,2392.00000000,0.13777142
72.00000000,2393.00000000,0.13776661
72.00000000,2394.00000000,0.13776185
72.00000000,2395.00000000,0.13775707
72.00000000,2396.00000000,0.13775239
72.00000000,2397.00000000,0.13774777
72.00000000,2398.00000000,0.13774311
72.00000000,2399.00000000,0.13773856
72.00000000,2400.00000000,0.13773404
72.00000000,2401.00000000,0.13772950
72.00000000,2402.00000000,0.13772505
72.00000000,2403.00000000,0.13772060
72.00000000,2404.00000000,0.13771625
72.00000000,2405.00000000,0.13771193
72.00000000,2406.00000000,0.13770760
72.00000000,2407.00000000,0.13770337
72.00000000,2408.00000000,0.13769916
72.00000000,2409.00000000,0.13769495
72.00000000,2410.00000000,0.13769083
72.00000000,2411.00000000,0.13768674
72.00000000,2412.00000000,0.13768263
72.00000000,2413.00000000,0.13767861
72.00000000,2414.00000000,0.13767457
72.00000000,2415.00000000,0.13767061
72.00000000,2416.00000000,0.13766668
72.00000000,2417.00000000,0.13766273
72.00000000,2418.00000000,0.13765887
72.00000000,2419.00000000,0.13765503
72.00000000,2420.00000000,0.13765115
72.00000000,2421.00000000,0.13764736
72.00000000,2422.00000000,0.13764359
72.00000000,2423.00000000,0.13763856
72.00000000,2424.00000000,0.13763360
72.00000000,2425.00000000,0.13762866
72.00000000,2426.00000000,0.13762369
72.00000000,2427.00000000,0.13761879
72.00000000,2428.00000000,0.13761386
72.00000000,2429.00000000,0.13760901
72.00000000,2430.00000000,0.13760416
72.00000000,2431.00000000,0.13759928
72.00000000,2432.00000000,0.13759448
72.00000000,2433.00000000,0.13758969
72.00000000,2434.00000000,0.13758486
72.00000000,2435.00000000,0.13758011
72.00000000,2436.00000000,0.13757537
72.00000000,2437.00000000,0.13757058
72.00000000,2438.00000000,0.13756587
72.00000000,2439.00000000,0.13756110
72.00000000,2440.00000000,0.13755642
72.00000000,2441.00000000,0.13755175
72.00000000,2442.00000000,0.13754702
72.00000000,2443.00000000,0.13754237
72.00000000,2444.00000000,0.13753774
72.00000000,2445.00000000,0.13753304
72.00000000,2446.00000000,0.13752843
72.00000000,2447.00000000,0.13752381
72.00000000,2448.00000000,0.13751915
72.00000000,2449.00000000,0.13751456
72.00000000,2450.00000000,0.13750991
72.00000000,2451.00000000,0.13750534
72.00000000,2452.00000000,0.13750077
72.00000000,2453.00000000,0.13749612
72.00000000,2454.00000000,0.13749156
72.00000000,2455.00000000,0.13748699
72.00000000,2456.00000000,0.13748236
72.00000000,2457.00000000,0.13747779
72.00000000,2458.00000000,0.13747323
72.00000000,2459.00000000,0.13746859
72.00000000,2460.00000000,0.13746401
72.00000000,2461.00000000,0.13745945
72.00000000,2462.00000000,0.13745481
72.00000000,2463.00000000,0.13745022
72.00000000,2464.00000000,0.13744558
72.00000000,2465.00000000,0.13744100
72.00000000,2466.00000000,0.13743642
72.00000000,2467.00000000,0.13743176
72.00000000,2468.00000000,0.13742719
72.00000000,2469.00000000,0.13742259
72.00000000,2470.00000000,0.13741794
72.00000000,2471.00000000,0.13741334
72.00000000,2472.00000000,0.13740874
72.00000000,2473.00000000,0.13740275
72.00000000,2474.00000000,0.13739684
72.00000000,2475.00000000,0.13739084
72.00000000,2476.00000000,0.13738490
72.00000000,2477.00000000,0.13737898
72.00000000,2478.00000000,0.13737297
72.00000000,2479.00000000,0.13736703
72.00000000,2480.00000000,0.13736109
72.00000000,2481.00000000,0.13735505
72.00000000,2482.00000000,0.13734911
72.00000000,2483.00000000,0.13734315
72.00000000,2484.00000000,0.13733711
72.00000000,2485.00000000,0.13733115
72.00000000,2486.00000000,0.13732518
72.00000000,2487.00000000,0.13731913
72.00000000,2488.00000000,0.13731314
72.00000000,2489.00000000,0.13730708
72.00000000,2490.00000000,0.13730109
72.00000000,2491.00000000,0.13729510
72.00000000,2492.00000000,0.13728902
72.00000000,2493.00000000,0.13728301
72.00000000,2494.00000000,0.13727701
72.00000000,2495.00000000,0.13727092
72.00000000,2496.00000000,0.13726491
72.00000000,2497.00000000,0.13725888
72.00000000,2498.00000000,0.13725277
72.00000000,2499.00000000,0.13724675
72.00000000,2500.00000000,0.13724062
73.00000000,1765.00000000,0.10356069
73.00000000,1766.00000000,0.10356068
73.00000000,1767.00000000,0.10356074
73.00000000,1768.00000000,0.10356099
73.00000000,1769.00000000,0.10356125
73.00000000,1770.00000000,0.10356172
73.00000000,1771.00000000,0.10356235
73.00000000,1772.00000000,0.10356313
73.00000000,1773.00000000,0.10356402
73.00000000,1774.00000000,0.10356527
73.00000000,1775.00000000,0.10356658
73.00000000,1776.00000000,0.10356798
73.00000000,1777.00000000,0.10356982
73.00000000,1778.00000000,0.10357146
73.00000000,1779.00000000,0.10357344
73.00000000,1780.00000000,0.10357566
73.00000000,1781.00000000,0.10357799
73.00000000,1782.00000000,0.10358020
73.00000000,1783.00000000,0.10358286
73.00000000,1784.00000000,0.10358551
73.00000000,1785.00000000,0.10358833
73.00000000,1786.00000000,0.10359133
73.00000000,1787.00000000,0.10359431
73.00000000,1788.00000000,0.10359745
73.00000000,1789.00000000,0.10360072
73.00000000,1790.00000000,0.10360413
73.00000000,1791.00000000,0.10360752
73.00000000,1792.00000000,0.10361108
73.00000000,1793.00000000,0.10361477
73.00000000,1794.00000000,0.10361851
73.00000000,1795.00000000,0.10362236
73.00000000,1796.00000000,0.10362620
73.00000000,1797.00000000,0.10363016
73.00000000,1798.00000000,0.10363417
73.00000000,1799.00000000,0.10363829
73.00000000,1800.00000000,0.10364242
73.00000000,1801.00000000,0.10364668
73.00000000,1802.00000000,0.10365090
73.00000000,1803.00000000,0.10365525
73.00000000,1804.00000000,0.10365959
73.00000000,1805.00000000,0.10366399
73.00000000,1806.00000000,0.10366848
73.00000000,1807.00000000,0.10367294
73.00000000,1808.00000000,0.10367752
73.00000000,1809.00000000,0.10368219
73.00000000,1810.00000000,0.10368676
73.00000000,1811.00000000,0.10369151
73.00000000,1812.00000000,0.10369631
73.00000000,1813.00000000,0.10370106
73.00000000,1814.00000000,0.10370592
73.00000000,1815.00000000,0.10371076
73.00000000,1816.00000000,0.10371572
73.00000000,1817.00000000,0.10372067
73.00000000,1818.00000000,0.10372563
73.00000000,1819.00000000,0.10373065
73.00000000,1820.00000000,0.10373570
73.00000000,1821.00000000,0.10374082
73.00000000,1822.00000000,0.10374596
73.00000000,1823.00000000,0.10375114
73.00000000,1824.00000000,0.10375637
73.00000000,1825.00000000,0.10376169
73.00000000,1826.00000000,0.10376701
73.00000000,1827.00000000,0.10377240
73.00000000,1828.00000000,0.10377779
73.00000000,1829.00000000,0.10378329
73.00000000,1830.00000000,0.10378882
73.00000000,1831.00000000,0.10379438
73.00000000,1832.00000000,0.10380003
73.00000000,1833.00000000,0.10380570
73.00000000,1834.00000000,0.10381145
73.00000000,1835.00000000,0.10381733
73.00000000,1836.00000000,0.10382323
73.00000000,1837.00000000,0.10382925
73.00000000,1838.00000000,0.10383540
73.00000000,1839.00000000,0.10385091
73.00000000,1840.00000000,0.10385729
73.00000000,1841.00000000,0.10386370
73.00000000,1842.00000000,0.10387029
73.00000000,1843.00000000,0.10387696
73.00000000,1844.00000000,0.10388687
73.00000000,1845.00000000,0.10389374
73.00000000,1846.00000000,0.10390073
73.00000000,1847.00000000,0.10390772
73.00000000,1848.00000000,0.10391487
73.00000000,1849.00000000,0.10392203
73.00000000,1850.00000000,0.10392931
73.00000000,1851.00000000,0.10393656
73.00000000,1852.00000000,0.10394389
73.00000000,1853.00000000,0.10395174
73.00000000,1854.00000000,0.10396296
73.00000000,1855.00000000,0.10397104
73.00000000,1856.00000000,0.10397915
73.00000000,1857.00000000,0.10398720
73.00000000,1858.00000000,0.10399525
73.00000000,1859.00000000,0.10400332
73.00000000,1860.00000000,0.10401139
73.00000000,1861.00000000,0.10401939
73.00000000,1862.00000000,0.10402729
73.00000000,1863.00000000,0.10403437
73.00000000,1864.00000000,0.10404415
73.00000000,1865.00000000,0.10405037
73.00000000,1866.00000000,0.10405621
73.00000000,1867.00000000,0.10406176
73.00000000,1868.00000000,0.10406706
73.00000000,1869.00000000,0.10407208
73.00000000,1870.00000000,0.10407999
73.00000000,1871.00000000,0.10408468
73.00000000,1872.00000000,0.10408955
73.00000000,1873.00000000,0.10409850
73.00000000,1874.00000000,0.10410499
73.00000000,1875.00000000,0.10411806
73.00000000,1876.00000000,0.10412223
73.00000000,1877.00000000,0.10412971
73.00000000,1878.00000000,0.10413751
73.00000000,1879.00000000,0.10414857
73.00000000,1880.00000000,0.10415668
73.00000000,1881.00000000,0.10416484
73.00000000,1882.00000000,0.10417305
73.00000000,1883.00000000,0.10418064
73.00000000,1884.00000000,0.10419101
73.00000000,1885.00000000,0.10419797
73.00000000,1886.00000000,0.10420461
73.00000000,1887.00000000,0.10421125
73.00000000,1888.00000000,0.10422079
73.00000000,1889.00000000,0.10423007
73.00000000,1890.00000000,0.10423898
73.00000000,1891.00000000,0.10424441
73.00000000,1892.00000000,0.10424949
73.00000000,1893.00000000,0.10425449
73.00000000,1894.00000000,0.10425947
73.00000000,1895.00000000,0.10426779
73.00000000,1896.00000000,0.10427614
73.00000000,1897.00000000,0.10428137
73.00000000,1898.00000000,0.10428963
73.00000000,1899.00000000,0.10429462
73.00000000,1900.00000000,0.10430229
73.00000000,1901.00000000,0.10430662
73.00000000,1902.00000000,0.10431103
73.00000000,1903.00000000,0.10433431
73.00000000,1904.00000000,0.10433590
73.00000000,1905.00000000,0.10434082
73.00000000,1906.00000000,0.10434911
73.00000000,1907.00000000,0.10435445
73.00000000,1908.00000000,0.10436273
73.00000000,1909.00000000,0.10438028
73.00000000,1910.00000000,0.10438546
73.00000000,1911.00000000,0.10439352
73.00000000,1912.00000000,0.10440092
73.00000000,1913.00000000,0.10441028
73.00000000,1914.00000000,0.10441556
73.00000000,1915.00000000,0.10442344
73.00000000,1916.00000000,0.10442839
73.00000000,1917.00000000,0.10443652
73.00000000,1918.00000000,0.10445088
73.00000000,1919.00000000,0.10445284
73.00000000,1920.00000000,0.10446514
73.00000000,1921.00000000,0.10447215
73.00000000,1922.00000000,0.10448675
73.00000000,1923.00000000,0.10450552
73.00000000,1924.00000000,0.10451215
73.00000000,1925.00000000,0.10452814
73.00000000,1926.00000000,0.10454093
73.00000000,1927.00000000,0.10457870
73.00000000,1928.00000000,0.10459168
73.00000000,1929.00000000,0.10461397
73.00000000,1930.00000000,0.10462393
73.00000000,1931.00000000,0.10463527
73.00000000,1932.00000000,0.10466081
73.00000000,1933.00000000,0.10469684
73.00000000,1934.00000000,0.10472125
73.00000000,1935.00000000,0.10473951
73.00000000,1936.00000000,0.10477268
73.00000000,1937.00000000,0.10480807
73.00000000,1938.00000000,0.10483885
73.00000000,1939.00000000,0.10485636
73.00000000,1940.00000000,0.10488948
73.00000000,1941.00000000,0.10491165
73.00000000,1942.00000000,0.10493905
73.00000000,1943.00000000,0.10495967
73.00000000,1944.00000000,0.10499260
73.00000000,1945.00000000,0.10505083
73.00000000,1946.00000000,0.10509200
73.00000000,1947.00000000,0.10507001
73.00000000,1948.00000000,0.10512408
73.00000000,1949.00000000,0.10514387
73.00000000,1950.00000000,0.10516378
73.00000000,1951.00000000,0.10517867
73.00000000,1952.00000000,0.10523338
73.00000000,1953.00000000,0.10532575
73.00000000,1954.00000000,0.10535872
73.00000000,1955.00000000,0.10541061
73.00000000,1956.00000000,0.10547178
73.00000000,1957.00000000,0.10549197
73.00000000,1958.00000000,0.10550835
73.00000000,1959.00000000,0.10553028
73.00000000,1960.00000000,0.10558103
73.00000000,1961.00000000,0.10568583
73.00000000,1962.00000000,0.10568993
73.00000000,1963.00000000,0.10578351
73.00000000,1964.00000000,0.10583538
73.00000000,1965.00000000,0.10584215
73.00000000,1966.00000000,0.10582853
73.00000000,1967.00000000,0.10586645
73.00000000,1968.00000000,0.10593386
73.00000000,1969.00000000,0.10596755
73.00000000,1970.00000000,0.10602340
73.00000000,1971.00000000,0.10608781
73.00000000,1972.00000000,0.10619999
73.00000000,1973.00000000,0.10626140
73.00000000,1974.00000000,0.10629129
73.00000000,1975.00000000,0.10630695
73.00000000,1976.00000000,0.10643727
73.00000000,1977.00000000,0.10643144
73.00000000,1978.00000000,0.10652508
73.00000000,1979.00000000,0.10663392
73.00000000,1980.00000000,0.10684420
73.00000000,1981.00000000,0.10671002
73.00000000,1982.00000000,0.10679232
73.00000000,1983.00000000,0.10687684
73.00000000,1984.00000000,0.10691426
73.00000000,1985.00000000,0.10703626
73.00000000,1986.00000000,0.10722531
73.00000000,1987.00000000,0.10692983
73.00000000,1988.00000000,0.10688521
73.00000000,1989.00000000,0.10707218
73.00000000,1990.00000000,0.10723080
73.00000000,1991.00000000,0.10716343
73.00000000,1992.00000000,0.10675424
73.00000000,1993.00000000,0.10713693
73.00000000,1994.00000000,0.10673447
73.00000000,1995.00000000,0.10686180
73.00000000,1996.00000000,0.10724651
73.00000000,1997.00000000,0.10722388
73.00000000,1998.00000000,0.10725963
73.00000000,1999.00000000,0.10728366
73.00000000,2000.00000000,0.10752761
73.00000000,2001.00000000,0.10753768
73.00000000,2002.00000000,0.10778476
73.00000000,2003.00000000,0.10750217
73.00000000,2004.00000000,0.10715354
73.00000000,2005.00000000,0.10686309
73.00000000,2006.00000000,0.10699629
73.00000000,2007.00000000,0.10722982
73.00000000,2008.00000000,0.10737956
73.00000000,2009.00000000,0.10767693
73.00000000,2010.00000000,0.10789731
73.00000000,2011.00000000,0.10766667
73.00000000,2012.00000000,0.10779305
73.00000000,2013.00000000,0.10809172
73.00000000,2014.00000000,0.10816686
73.00000000,2015.00000000,0.10815663
73.00000000,2016.00000000,0.10826955
73.00000000,2017.00000000,0.10820577
73.00000000,2018.00000000,0.10748295
73.00000000,2019.00000000,0.10767952
73.00000000,2020.00000000,0.10810728
73.00000000,2021.00000000,0.10829907
73.00000000,2022.00000000,0.10810335
73.00000000,2023.00000000,0.10870308
73.00000000,2024.00000000,0.10908034
73.00000000,2025.00000000,0.10912318
73.00000000,2026.00000000,0.10921795
73.00000000,2027.00000000,0.10924940
73.00000000,2028.00000000,0.10974857
73.00000000,2029.00000000,0.11011746
73.00000000,2030.00000000,0.11035625
73.00000000,2031.00000000,0.11049839
73.00000000,2032.00000000,0.11085784
73.00000000,2033.00000000,0.11116528
73.00000000,2034.00000000,0.11117669
73.00000000,2035.00000000,0.11145577
73.00000000,2036.00000000,0.11186055
73.00000000,2037.00000000,0.11230038
73.00000000,2038.00000000,0.11267012
73.00000000,2039.00000000,0.11310782
73.00000000,2040.00000000,0.11338261
73.00000000,2041.00000000,0.11386883
73.00000000,2042.00000000,0.11445792
73.00000000,2043.00000000,0.11523569
73.00000000,2044.00000000,0.11564961
73.00000000,2045.00000000,0.11609965
73.00000000,2046.00000000,0.11674923
73.00000000,2047.00000000,0.11672156
73.00000000,2048.00000000,0.11657970
73.00000000,2049.00000000,0.11731633
73.00000000,2050.00000000,0.11768898
73.00000000,2051.00000000,0.11785250
73.00000000,2052.00000000,0.11862143
73.00000000,2053.00000000,0.11839419
73.00000000,2054.00000000,0.11784564
73.00000000,2055.00000000,0.11765877
73.00000000,2056.00000000,0.11754251
73.00000000,2057.00000000,0.11800336
73.00000000,2058.00000000,0.11838676
73.00000000,2059.00000000,0.11880417
73.00000000,2060.00000000,0.11915310
73.00000000,2061.00000000,0.11969898
73.00000000,2062.00000000,0.11999381
73.00000000,2063.00000000,0.12008560
73.00000000,2064.00000000,0.12028315
73.00000000,2065.00000000,0.11988001
73.00000000,2066.00000000,0.11983585
73.00000000,2067.00000000,0.12011829
73.00000000,2068.00000000,0.12043768
73.00000000,2069.00000000,0.12078234
73.00000000,2070.00000000,0.12104598
73.00000000,2071.00000000,0.12090992
73.00000000,2072.00000000,0.12081309
73.00000000,2073.00000000,0.12125164
73.00000000,2074.00000000,0.12168058
73.00000000,2075.00000000,0.12180679
73.00000000,2076.00000000,0.12274976
73.00000000,2077.00000000,0.12383670
73.00000000,2078.00000000,0.12467975
73.00000000,2079.00000000,0.12521735
73.00000000,2080.00000000,0.12576023
73.00000000,2081.00000000,0.12630779
73.00000000,2082.00000000,0.12685992
73.00000000,2083.00000000,0.12741688
73.00000000,2084.00000000,0.12817735
73.00000000,2085.00000000,0.12894259
73.00000000,2086.00000000,0.12971255
73.00000000,2087.00000000,0.13048686
73.00000000,2088.00000000,0.13126550
73.00000000,2089.00000000,0.13204830
73.00000000,2090.00000000,0.13283486
73.00000000,2091.00000000,0.13362528
73.00000000,2092.00000000,0.13441977
73.00000000,2093.00000000,0.13521848
73.00000000,2094.00000000,0.13593413
73.00000000,2095.00000000,0.13665433
73.00000000,2096.00000000,0.13737876
73.00000000,2097.00000000,0.13810761
73.00000000,2098.00000000,0.13884066
73.00000000,2099.00000000,0.13957762
73.00000000,2100.00000000,0.14031865
73.00000000,2101.00000000,0.14106365
73.00000000,2102.00000000,0.14181283
73.00000000,2103.00000000,0.14256676
73.00000000,2104.00000000,0.14350655
73.00000000,2105.00000000,0.14445101
73.00000000,2106.00000000,0.14540008
73.00000000,2107.00000000,0.14635368
73.00000000,2108.00000000,0.14731156
73.00000000,2109.00000000,0.14827350
73.00000000,2110.00000000,0.14923942
73.00000000,2111.00000000,0.15020911
73.00000000,2112.00000000,0.15118237
73.00000000,2113.00000000,0.15215893
73.00000000,2114.00000000,0.15327060
73.00000000,2115.00000000,0.15438534
73.00000000,2116.00000000,0.15550280
73.00000000,2117.00000000,0.15662303
73.00000000,2118.00000000,0.15774567
73.00000000,2119.00000000,0.15887040
73.00000000,2120.00000000,0.15999725
73.00000000,2121.00000000,0.16112587
73.00000000,2122.00000000,0.16225610
73.00000000,2123.00000000,0.16338764
73.00000000,2124.00000000,0.16451297
73.00000000,2125.00000000,0.16563928
73.00000000,2126.00000000,0.16676638
73.00000000,2127.00000000,0.16789399
73.00000000,2128.00000000,0.16902211
73.00000000,2129.00000000,0.17015048
73.00000000,2130.00000000,0.17127868
73.00000000,2131.00000000,0.17240687
73.00000000,2132.00000000,0.17353459
73.00000000,2133.00000000,0.17466158
73.00000000,2134.00000000,0.17549990
73.00000000,2135.00000000,0.17633706
73.00000000,2136.00000000,0.17717294
73.00000000,2137.00000000,0.17800740
73.00000000,2138.00000000,0.17884024
73.00000000,2139.00000000,0.17967154
73.00000000,2140.00000000,0.18050109
73.00000000,2141.00000000,0.18132865
73.00000000,2142.00000000,0.18215430
73.00000000,2143.00000000,0.18297780
73.00000000,2144.00000000,0.18353980
73.00000000,2145.00000000,0.18409941
73.00000000,2146.00000000,0.18465637
73.00000000,2147.00000000,0.18521095
73.00000000,2148.00000000,0.18576296
73.00000000,2149.00000000,0.18631227
73.00000000,2150.00000000,0.18685908
73.00000000,2151.00000000,0.18740423
73.00000000,2152.00000000,0.18795055
73.00000000,2153.00000000,0.18850070
73.00000000,2154.00000000,0.18891162
73.00000000,2155.00000000,0.18932816
73.00000000,2156.00000000,0.18975074
73.00000000,2157.00000000,0.19017914
73.00000000,2158.00000000,0.19061324
73.00000000,2159.00000000,0.19105290
73.00000000,2160.00000000,0.19149778
73.00000000,2161.00000000,0.19194768
73.00000000,2162.00000000,0.19240226
73.00000000,2163.00000000,0.19286115
73.00000000,2164.00000000,0.19317543
73.00000000,2165.00000000,0.19349347
73.00000000,2166.00000000,0.19381510
73.00000000,2167.00000000,0.19414014
73.00000000,2168.00000000,0.19446839
73.00000000,2169.00000000,0.19479957
73.00000000,2170.00000000,0.19513375
73.00000000,2171.00000000,0.19547062
73.00000000,2172.00000000,0.19581007
73.00000000,2173.00000000,0.19615189
73.00000000,2174.00000000,0.19638138
73.00000000,2175.00000000,0.19661283
73.00000000,2176.00000000,0.19684614
73.00000000,2177.00000000,0.19708118
73.00000000,2178.00000000,0.19731792
73.00000000,2179.00000000,0.19755622
73.00000000,2180.00000000,0.19779591
73.00000000,2181.00000000,0.19803705
73.00000000,2182.00000000,0.19827950
73.00000000,2183.00000000,0.19852318
73.00000000,2184.00000000,0.19876803
73.00000000,2185.00000000,0.19901387
73.00000000,2186.00000000,0.19926082
73.00000000,2187.00000000,0.19950871
73.00000000,2188.00000000,0.19975747
73.00000000,2189.00000000,0.20000711
73.00000000,2190.00000000,0.20025751
73.00000000,2191.00000000,0.20050852
73.00000000,2192.00000000,0.20076036
73.00000000,2193.00000000,0.20101276
73.00000000,2194.00000000,0.20126565
73.00000000,2195.00000000,0.20151912
73.00000000,2196.00000000,0.20177303
73.00000000,2197.00000000,0.20202740
73.00000000,2198.00000000,0.20228220
73.00000000,2199.00000000,0.20253724
73.00000000,2200.00000000,0.20279266
73.00000000,2201.00000000,0.20304842
73.00000000,2202.00000000,0.20330428
73.00000000,2203.00000000,0.20356038
73.00000000,2204.00000000,0.20381661
73.00000000,2205.00000000,0.20407294
73.00000000,2206.00000000,0.20432937
73.00000000,2207.00000000,0.20458577
73.00000000,2208.00000000,0.20484229
73.00000000,2209.00000000,0.20509871
73.00000000,2210.00000000,0.20535501
73.00000000,2211.00000000,0.20561122
73.00000000,2212.00000000,0.20586730
73.00000000,2213.00000000,0.20612320
73.00000000,2214.00000000,0.20637891
73.00000000,2215.00000000,0.20663435
73.00000000,2216.00000000,0.20688946
73.00000000,2217.00000000,0.20714430
73.00000000,2218.00000000,0.20739868
73.00000000,2219.00000000,0.20765279
73.00000000,2220.00000000,0.20790638
73.00000000,2221.00000000,0.20815939
73.00000000,2222.00000000,0.20841190
73.00000000,2223.00000000,0.20866365
73.00000000,2224.00000000,0.20811155
73.00000000,2225.00000000,0.20755706
73.00000000,2226.00000000,0.20700025
73.00000000,2227.00000000,0.20644109
73.00000000,2228.00000000,0.20587974
73.00000000,2229.00000000,0.20531631
73.00000000,2230.00000000,0.20475072
73.00000000,2231.00000000,0.20418314
73.00000000,2232.00000000,0.20361360
73.00000000,2233.00000000,0.20304219
73.00000000,2234.00000000,0.20246891
73.00000000,2235.00000000,0.20189382
73.00000000,2236.00000000,0.20131705
73.00000000,2237.00000000,0.20073859
73.00000000,2238.00000000,0.20015841
73.00000000,2239.00000000,0.19957672
73.00000000,2240.00000000,0.19899348
73.00000000,2241.00000000,0.19840861
73.00000000,2242.00000000,0.19782241
73.00000000,2243.00000000,0.19723468
73.00000000,2244.00000000,0.19664561
73.00000000,2245.00000000,0.19605521
73.00000000,2246.00000000,0.19546337
73.00000000,2247.00000000,0.19487032
73.00000000,2248.00000000,0.19427603
73.00000000,2249.00000000,0.19368019
73.00000000,2250.00000000,0.19308174
73.00000000,2251.00000000,0.19247814
73.00000000,2252.00000000,0.19186720
73.00000000,2253.00000000,0.19124779
73.00000000,2254.00000000,0.19061947
73.00000000,2255.00000000,0.18998215
73.00000000,2256.00000000,0.18933601
73.00000000,2257.00000000,0.18868113
73.00000000,2258.00000000,0.18801774
73.00000000,2259.00000000,0.18734609
73.00000000,2260.00000000,0.18666635
73.00000000,2261.00000000,0.18597897
73.00000000,2262.00000000,0.18528428
73.00000000,2263.00000000,0.18458266
73.00000000,2264.00000000,0.18387447
73.00000000,2265.00000000,0.18315996
73.00000000,2266.00000000,0.18243935
73.00000000,2267.00000000,0.18171291
73.00000000,2268.00000000,0.18098080
73.00000000,2269.00000000,0.18024331
73.00000000,2270.00000000,0.17950058
73.00000000,2271.00000000,0.17875278
73.00000000,2272.00000000,0.17800016
73.00000000,2273.00000000,0.17724289
73.00000000,2274.00000000,0.17648104
73.00000000,2275.00000000,0.17571495
73.00000000,2276.00000000,0.17494466
73.00000000,2277.00000000,0.17417036
73.00000000,2278.00000000,0.17339224
73.00000000,2279.00000000,0.17261045
73.00000000,2280.00000000,0.17182506
73.00000000,2281.00000000,0.17103632
73.00000000,2282.00000000,0.17024427
73.00000000,2283.00000000,0.16944910
73.00000000,2284.00000000,0.16865094
73.00000000,2285.00000000,0.16784984
73.00000000,2286.00000000,0.16704602
73.00000000,2287.00000000,0.16623954
73.00000000,2288.00000000,0.16543047
73.00000000,2289.00000000,0.16461901
73.00000000,2290.00000000,0.16380521
73.00000000,2291.00000000,0.16298916
73.00000000,2292.00000000,0.16217101
73.00000000,2293.00000000,0.16135078
73.00000000,2294.00000000,0.16052866
73.00000000,2295.00000000,0.15970468
73.00000000,2296.00000000,0.15887889
73.00000000,2297.00000000,0.15805148
73.00000000,2298.00000000,0.15722247
73.00000000,2299.00000000,0.15639189
73.00000000,2300.00000000,0.15555993
73.00000000,2301.00000000,0.15472661
73.00000000,2302.00000000,0.15389193
73.00000000,2303.00000000,0.15305606
73.00000000,2304.00000000,0.15221898
73.00000000,2305.00000000,0.15138082
73.00000000,2306.00000000,0.15054160
73.00000000,2307.00000000,0.14970139
73.00000000,2308.00000000,0.14886030
73.00000000,2309.00000000,0.14801835
73.00000000,2310.00000000,0.14717556
73.00000000,2311.00000000,0.14633209
73.00000000,2312.00000000,0.14548794
73.00000000,2313.00000000,0.14464314
73.00000000,2314.00000000,0.14379781
73.00000000,2315.00000000,0.14295196
73.00000000,2316.00000000,0.14210564
73.00000000,2317.00000000,0.14125895
73.00000000,2318.00000000,0.14041188
73.00000000,2319.00000000,0.13956457
73.00000000,2320.00000000,0.13871705
73.00000000,2321.00000000,0.13786939
73.00000000,2322.00000000,0.13720158
73.00000000,2323.00000000,0.13706336
73.00000000,2324.00000000,0.13707003
73.00000000,2325.00000000,0.13707700
73.00000000,2326.00000000,0.13708421
73.00000000,2327.00000000,0.13709163
73.00000000,2328.00000000,0.13709932
73.00000000,2329.00000000,0.13712989
73.00000000,2330.00000000,0.13716073
73.00000000,2331.00000000,0.13719178
73.00000000,2332.00000000,0.13722301
73.00000000,2333.00000000,0.13725447
73.00000000,2334.00000000,0.13724127
73.00000000,2335.00000000,0.13722819
73.00000000,2336.00000000,0.13721534
73.00000000,2337.00000000,0.13720265
73.00000000,2338.00000000,0.13719008
73.00000000,2339.00000000,0.13717770
73.00000000,2340.00000000,0.13716549
73.00000000,2341.00000000,0.13715338
73.00000000,2342.00000000,0.13714146
73.00000000,2343.00000000,0.13712965
73.00000000,2344.00000000,0.13711802
73.00000000,2345.00000000,0.13710652
73.00000000,2346.00000000,0.13709512
73.00000000,2347.00000000,0.13708389
73.00000000,2348.00000000,0.13707280
73.00000000,2349.00000000,0.13705984
73.00000000,2350.00000000,0.13704704
73.00000000,2351.00000000,0.13703436
73.00000000,2352.00000000,0.13702175
73.00000000,2353.00000000,0.13700933
73.00000000,2354.00000000,0.13699696
73.00000000,2355.00000000,0.13698476
73.00000000,2356.00000000,0.13697266
73.00000000,2357.00000000,0.13696064
73.00000000,2358.00000000,0.13694878
73.00000000,2359.00000000,0.13693701
73.00000000,2360.00000000,0.13692530
73.00000000,2361.00000000,0.13691376
73.00000000,2362.00000000,0.13690229
73.00000000,2363.00000000,0.13689089
73.00000000,2364.00000000,0.13687963
73.00000000,2365.00000000,0.13686841
73.00000000,2366.00000000,0.13685733
73.00000000,2367.00000000,0.13684633
73.00000000,2368.00000000,0.13683537
73.00000000,2369.00000000,0.13682455
73.00000000,2370.00000000,0.13681381
73.00000000,2371.00000000,0.13680310
73.00000000,2372.00000000,0.13679253
73.00000000,2373.00000000,0.13678202
73.00000000,2374.00000000,0.13677587
73.00000000,2375.00000000,0.13676982
73.00000000,2376.00000000,0.13676386
73.00000000,2377.00000000,0.13675792
73.00000000,2378.00000000,0.13675211
73.00000000,2379.00000000,0.13674632
73.00000000,2380.00000000,0.13674062
73.00000000,2381.00000000,0.13673500
73.00000000,2382.00000000,0.13672941
73.00000000,2383.00000000,0.13672391
73.00000000,2384.00000000,0.13671846
73.00000000,2385.00000000,0.13671304
73.00000000,2386.00000000,0.13670772
73.00000000,2387.00000000,0.13670245
73.00000000,2388.00000000,0.13669718
73.00000000,2389.00000000,0.13669202
73.00000000,2390.00000000,0.13668687
73.00000000,2391.00000000,0.13668181
73.00000000,2392.00000000,0.13667680
73.00000000,2393.00000000,0.13667179
73.00000000,2394.00000000,0.13666686
73.00000000,2395.00000000,0.13666199
73.00000000,2396.00000000,0.13665711
73.00000000,2397.00000000,0.13665231
73.00000000,2398.00000000,0.13664756
73.00000000,2399.00000000,0.13664280
73.00000000,2400.00000000,0.13663814
73.00000000,2401.00000000,0.13663350
73.00000000,2402.00000000,0.13662886
73.00000000,2403.00000000,0.13662431
73.00000000,2404.00000000,0.13661975
73.00000000,2405.00000000,0.13661529
73.00000000,2406.00000000,0.13661086
73.00000000,2407.00000000,0.13660643
73.00000000,2408.00000000,0.13660209
73.00000000,2409.00000000,0.13659778
73.00000000,2410.00000000,0.13659345
73.00000000,2411.00000000,0.13658923
73.00000000,2412.00000000,0.13658504
73.00000000,2413.00000000,0.13658082
73.00000000,2414.00000000,0.13657669
73.00000000,2415.00000000,0.13657253
73.00000000,2416.00000000,0.13656847
73.00000000,2417.00000000,0.13656444
73.00000000,2418.00000000,0.13656037
73.00000000,2419.00000000,0.13655639
73.00000000,2420.00000000,0.13655244
73.00000000,2421.00000000,0.13654846
73.00000000,2422.00000000,0.13654456
73.00000000,2423.00000000,0.13654069
73.00000000,2424.00000000,0.13653555
73.00000000,2425.00000000,0.13653048
73.00000000,2426.00000000,0.13652544
73.00000000,2427.00000000,0.13652037
73.00000000,2428.00000000,0.13651536
73.00000000,2429.00000000,0.13651032
73.00000000,2430.00000000,0.13650537
73.00000000,2431.00000000,0.13650042
73.00000000,2432.00000000,0.13649543
73.00000000,2433.00000000,0.13649053
73.00000000,2434.00000000,0.13648563
73.00000000,2435.00000000,0.13648070
73.00000000,2436.00000000,0.13647583
73.00000000,2437.00000000,0.13647099
73.00000000,2438.00000000,0.13646610
73.00000000,2439.00000000,0.13646127
73.00000000,2440.00000000,0.13645641
73.00000000,2441.00000000,0.13645162
73.00000000,2442.00000000,0.13644684
73.00000000,2443.00000000,0.13644201
73.00000000,2444.00000000,0.13643725
73.00000000,2445.00000000,0.13643250
73.00000000,2446.00000000,0.13642770
73.00000000,2447.00000000,0.13642298
73.00000000,2448.00000000,0.13641826
73.00000000,2449.00000000,0.13641348
73.00000000,2450.00000000,0.13640879
73.00000000,2451.00000000,0.13640402
73.00000000,2452.00000000,0.13639934
73.00000000,2453.00000000,0.13639466
73.00000000,2454.00000000,0.13638991
73.00000000,2455.00000000,0.13638523
73.00000000,2456.00000000,0.13638055
73.00000000,2457.00000000,0.13637580
73.00000000,2458.00000000,0.13637111
73.00000000,2459.00000000,0.13636644
73.00000000,2460.00000000,0.13636168
73.00000000,2461.00000000,0.13635698
73.00000000,2462.00000000,0.13635230
73.00000000,2463.00000000,0.13634755
73.00000000,2464.00000000,0.13634286
73.00000000,2465.00000000,0.13633809
73.00000000,2466.00000000,0.13633339
73.00000000,2467.00000000,0.13632871
73.00000000,2468.00000000,0.13632394
73.00000000,2469.00000000,0.13631923
73.00000000,2470.00000000,0.13631454
73.00000000,2471.00000000,0.13630976
73.00000000,2472.00000000,0.13630504
73.00000000,2473.00000000,0.13630033
73.00000000,2474.00000000,0.13629425
73.00000000,2475.00000000,0.13628823
73.00000000,2476.00000000,0.13628211
73.00000000,2477.00000000,0.13627609
73.00000000,2478.00000000,0.13627005
73.00000000,2479.00000000,0.13626394
73.00000000,2480.00000000,0.13625790
73.00000000,2481.00000000,0.13625185
73.00000000,2482.00000000,0.13624571
73.00000000,2483.00000000,0.13623966
73.00000000,2484.00000000,0.13623361
73.00000000,2485.00000000,0.13622746
73.00000000,2486.00000000,0.13622139
73.00000000,2487.00000000,0.13621531
73.00000000,2488.00000000,0.13620916
73.00000000,2489.00000000,0.13620307
73.00000000,2490.00000000,0.13619690
73.00000000,2491.00000000,0.13619081
73.00000000,2492.00000000,0.13618473
73.00000000,2493.00000000,0.13617853
73.00000000,2494.00000000,0.13617243
73.00000000,2495.00000000,0.13616632
73.00000000,2496.00000000,0.13616012
73.00000000,2497.00000000,0.13615401
73.00000000,2498.00000000,0.13614789
73.00000000,2499.00000000,0.13614167
73.00000000,2500.00000000,0.13613554
74.00000000,1765.00000000,0.10252344
74.00000000,1766.00000000,0.10252340
74.00000000,1767.00000000,0.10252344
74.00000000,1768.00000000,0.10252361
74.00000000,1769.00000000,0.10252398
74.00000000,1770.00000000,0.10252440
74.00000000,1771.00000000,0.10252504
74.00000000,1772.00000000,0.10252584
74.00000000,1773.00000000,0.10252678
74.00000000,1774.00000000,0.10252785
74.00000000,1775.00000000,0.10252927
74.00000000,1776.00000000,0.10253075
74.00000000,1777.00000000,0.10253231
74.00000000,1778.00000000,0.10253432
74.00000000,1779.00000000,0.10253612
74.00000000,1780.00000000,0.10253827
74.00000000,1781.00000000,0.10254064
74.00000000,1782.00000000,0.10254310
74.00000000,1783.00000000,0.10254545
74.00000000,1784.00000000,0.10254824
74.00000000,1785.00000000,0.10255101
74.00000000,1786.00000000,0.10255395
74.00000000,1787.00000000,0.10255707
74.00000000,1788.00000000,0.10256015
74.00000000,1789.00000000,0.10256341
74.00000000,1790.00000000,0.10256678
74.00000000,1791.00000000,0.10257029
74.00000000,1792.00000000,0.10257377
74.00000000,1793.00000000,0.10257741
74.00000000,1794.00000000,0.10258119
74.00000000,1795.00000000,0.10258500
74.00000000,1796.00000000,0.10258892
74.00000000,1797.00000000,0.10259284
74.00000000,1798.00000000,0.10259687
74.00000000,1799.00000000,0.10260093
74.00000000,1800.00000000,0.10260511
74.00000000,1801.00000000,0.10260929
74.00000000,1802.00000000,0.10261359
74.00000000,1803.00000000,0.10261785
74.00000000,1804.00000000,0.10262223
74.00000000,1805.00000000,0.10262663
74.00000000,1806.00000000,0.10263107
74.00000000,1807.00000000,0.10263559
74.00000000,1808.00000000,0.10264009
74.00000000,1809.00000000,0.10264470
74.00000000,1810.00000000,0.10264941
74.00000000,1811.00000000,0.10265402
74.00000000,1812.00000000,0.10265879
74.00000000,1813.00000000,0.10266361
74.00000000,1814.00000000,0.10266838
74.00000000,1815.00000000,0.10267327
74.00000000,1816.00000000,0.10267812
74.00000000,1817.00000000,0.10268309
74.00000000,1818.00000000,0.10268804
74.00000000,1819.00000000,0.10269301
74.00000000,1820.00000000,0.10269803
74.00000000,1821.00000000,0.10270310
74.00000000,1822.00000000,0.10270822
74.00000000,1823.00000000,0.10271336
74.00000000,1824.00000000,0.10271855
74.00000000,1825.00000000,0.10272377
74.00000000,1826.00000000,0.10272908
74.00000000,1827.00000000,0.10273441
74.00000000,1828.00000000,0.10273977
74.00000000,1829.00000000,0.10274518
74.00000000,1830.00000000,0.10275064
74.00000000,1831.00000000,0.10275614
74.00000000,1832.00000000,0.10276169
74.00000000,1833.00000000,0.10276728
74.00000000,1834.00000000,0.10277292
74.00000000,1835.00000000,0.10277870
74.00000000,1836.00000000,0.10278450
74.00000000,1837.00000000,0.10279038
74.00000000,1838.00000000,0.10279641
74.00000000,1839.00000000,0.10280248
74.00000000,1840.00000000,0.10281793
74.00000000,1841.00000000,0.10282423
74.00000000,1842.00000000,0.10283065
74.00000000,1843.00000000,0.10283716
74.00000000,1844.00000000,0.10284383
74.00000000,1845.00000000,0.10285363
74.00000000,1846.00000000,0.10286049
74.00000000,1847.00000000,0.10286738
74.00000000,1848.00000000,0.10287437
74.00000000,1849.00000000,0.10288142
74.00000000,1850.00000000,0.10288858
74.00000000,1851.00000000,0.10289570
74.00000000,1852.00000000,0.10290295
74.00000000,1853.00000000,0.10291062
74.00000000,1854.00000000,0.10291868
74.00000000,1855.00000000,0.10292974
74.00000000,1856.00000000,0.10293772
74.00000000,1857.00000000,0.10294564
74.00000000,1858.00000000,0.10295362
74.00000000,1859.00000000,0.10296154
74.00000000,1860.00000000,0.10296956
74.00000000,1861.00000000,0.10297747
74.00000000,1862.00000000,0.10298528
74.00000000,1863.00000000,0.10299232
74.00000000,1864.00000000,0.10299882
74.00000000,1865.00000000,0.10300804
74.00000000,1866.00000000,0.10301388
74.00000000,1867.00000000,0.10301931
74.00000000,1868.00000000,0.10302455
74.00000000,1869.00000000,0.10302949
74.00000000,1870.00000000,0.10303425
74.00000000,1871.00000000,0.10304186
74.00000000,1872.00000000,0.10304675
74.00000000,1873.00000000,0.10305244
74.00000000,1874.00000000,0.10306196
74.00000000,1875.00000000,0.10306879
74.00000000,1876.00000000,0.10308214
74.00000000,1877.00000000,0.10308650
74.00000000,1878.00000000,0.10309420
74.00000000,1879.00000000,0.10310210
74.00000000,1880.00000000,0.10311324
74.00000000,1881.00000000,0.10312130
74.00000000,1882.00000000,0.10312945
74.00000000,1883.00000000,0.10313705
74.00000000,1884.00000000,0.10314416
74.00000000,1885.00000000,0.10315421
74.00000000,1886.00000000,0.10316092
74.00000000,1887.00000000,0.10316745
74.00000000,1888.00000000,0.10317382
74.00000000,1889.00000000,0.10318303
74.00000000,1890.00000000,0.10319184
74.00000000,1891.00000000,0.10320038
74.00000000,1892.00000000,0.10320537
74.00000000,1893.00000000,0.10321035
74.00000000,1894.00000000,0.10321528
74.00000000,1895.00000000,0.10322045
74.00000000,1896.00000000,0.10322873
74.00000000,1897.00000000,0.10323705
74.00000000,1898.00000000,0.10324209
74.00000000,1899.00000000,0.10325012
74.00000000,1900.00000000,0.10325466
74.00000000,1901.00000000,0.10326201
74.00000000,1902.00000000,0.10326644
74.00000000,1903.00000000,0.10327095
74.00000000,1904.00000000,0.10329418
74.00000000,1905.00000000,0.10329602
74.00000000,1906.00000000,0.10330117
74.00000000,1907.00000000,0.10330958
74.00000000,1908.00000000,0.10331474
74.00000000,1909.00000000,0.10332289
74.00000000,1910.00000000,0.10334043
74.00000000,1911.00000000,0.10334540
74.00000000,1912.00000000,0.10335275
74.00000000,1913.00000000,0.10335899
74.00000000,1914.00000000,0.10336730
74.00000000,1915.00000000,0.10337203
74.00000000,1916.00000000,0.10338005
74.00000000,1917.00000000,0.10338499
74.00000000,1918.00000000,0.10339300
74.00000000,1919.00000000,0.10340738
74.00000000,1920.00000000,0.10341022
74.00000000,1921.00000000,0.10342332
74.00000000,1922.00000000,0.10343161
74.00000000,1923.00000000,0.10344705
74.00000000,1924.00000000,0.10346594
74.00000000,1925.00000000,0.10347241
74.00000000,1926.00000000,0.10348817
74.00000000,1927.00000000,0.10350094
74.00000000,1928.00000000,0.10353853
74.00000000,1929.00000000,0.10355139
74.00000000,1930.00000000,0.10357369
74.00000000,1931.00000000,0.10358494
74.00000000,1932.00000000,0.10359789
74.00000000,1933.00000000,0.10362444
74.00000000,1934.00000000,0.10366103
74.00000000,1935.00000000,0.10368537
74.00000000,1936.00000000,0.10370284
74.00000000,1937.00000000,0.10373462
74.00000000,1938.00000000,0.10376814
74.00000000,1939.00000000,0.10379757
74.00000000,1940.00000000,0.10381408
74.00000000,1941.00000000,0.10384566
74.00000000,1942.00000000,0.10386630
74.00000000,1943.00000000,0.10389257
74.00000000,1944.00000000,0.10391244
74.00000000,1945.00000000,0.10394501
74.00000000,1946.00000000,0.10400413
74.00000000,1947.00000000,0.10404713
74.00000000,1948.00000000,0.10402638
74.00000000,1949.00000000,0.10408008
74.00000000,1950.00000000,0.10409954
74.00000000,1951.00000000,0.10411900
74.00000000,1952.00000000,0.10413446
74.00000000,1953.00000000,0.10418882
74.00000000,1954.00000000,0.10428023
74.00000000,1955.00000000,0.10431322
74.00000000,1956.00000000,0.10436463
74.00000000,1957.00000000,0.10442480
74.00000000,1958.00000000,0.10444418
74.00000000,1959.00000000,0.10445964
74.00000000,1960.00000000,0.10447903
74.00000000,1961.00000000,0.10452721
74.00000000,1962.00000000,0.10463017
74.00000000,1963.00000000,0.10463318
74.00000000,1964.00000000,0.10472473
74.00000000,1965.00000000,0.10477452
74.00000000,1966.00000000,0.10477950
74.00000000,1967.00000000,0.10476437
74.00000000,1968.00000000,0.10480010
74.00000000,1969.00000000,0.10486428
74.00000000,1970.00000000,0.10489464
74.00000000,1971.00000000,0.10494587
74.00000000,1972.00000000,0.10500447
74.00000000,1973.00000000,0.10511129
74.00000000,1974.00000000,0.10516851
74.00000000,1975.00000000,0.10519609
74.00000000,1976.00000000,0.10521122
74.00000000,1977.00000000,0.10534079
74.00000000,1978.00000000,0.10533498
74.00000000,1979.00000000,0.10542754
74.00000000,1980.00000000,0.10553482
74.00000000,1981.00000000,0.10574329
74.00000000,1982.00000000,0.10561326
74.00000000,1983.00000000,0.10570074
74.00000000,1984.00000000,0.10579032
74.00000000,1985.00000000,0.10583189
74.00000000,1986.00000000,0.10595553
74.00000000,1987.00000000,0.10614444
74.00000000,1988.00000000,0.10585187
74.00000000,1989.00000000,0.10580749
74.00000000,1990.00000000,0.10599243
74.00000000,1991.00000000,0.10614964
74.00000000,1992.00000000,0.10608380
74.00000000,1993.00000000,0.10567912
74.00000000,1994.00000000,0.10606066
74.00000000,1995.00000000,0.10566311
74.00000000,1996.00000000,0.10579008
74.00000000,1997.00000000,0.10617136
74.00000000,1998.00000000,0.10614837
74.00000000,1999.00000000,0.10618405
74.00000000,2000.00000000,0.10620849
74.00000000,2001.00000000,0.10645054
74.00000000,2002.00000000,0.10646021
74.00000000,2003.00000000,0.10670549
74.00000000,2004.00000000,0.10642390
74.00000000,2005.00000000,0.10607463
74.00000000,2006.00000000,0.10578147
74.00000000,2007.00000000,0.10590832
74.00000000,2008.00000000,0.10613519
74.00000000,2009.00000000,0.10627949
74.00000000,2010.00000000,0.10657053
74.00000000,2011.00000000,0.10678559
74.00000000,2012.00000000,0.10655357
74.00000000,2013.00000000,0.10667537
74.00000000,2014.00000000,0.10696783
74.00000000,2015.00000000,0.10703873
74.00000000,2016.00000000,0.10702512
74.00000000,2017.00000000,0.10713366
74.00000000,2018.00000000,0.10706727
74.00000000,2019.00000000,0.10634790
74.00000000,2020.00000000,0.10653987
74.00000000,2021.00000000,0.10696118
74.00000000,2022.00000000,0.10714890
74.00000000,2023.00000000,0.10695300
74.00000000,2024.00000000,0.10754565
74.00000000,2025.00000000,0.10791806
74.00000000,2026.00000000,0.10795931
74.00000000,2027.00000000,0.10805213
74.00000000,2028.00000000,0.10808235
74.00000000,2029.00000000,0.10857609
74.00000000,2030.00000000,0.10894080
74.00000000,2031.00000000,0.10917664
74.00000000,2032.00000000,0.10931648
74.00000000,2033.00000000,0.10967127
74.00000000,2034.00000000,0.10997425
74.00000000,2035.00000000,0.10998377
74.00000000,2036.00000000,0.11025849
74.00000000,2037.00000000,0.11065767
74.00000000,2038.00000000,0.11109163
74.00000000,2039.00000000,0.11145620
74.00000000,2040.00000000,0.11188812
74.00000000,2041.00000000,0.11215871
74.00000000,2042.00000000,0.11263846
74.00000000,2043.00000000,0.11321982
74.00000000,2044.00000000,0.11398789
74.00000000,2045.00000000,0.11439544
74.00000000,2046.00000000,0.11483877
74.00000000,2047.00000000,0.11547976
74.00000000,2048.00000000,0.11545000
74.00000000,2049.00000000,0.11530733
74.00000000,2050.00000000,0.11603474
74.00000000,2051.00000000,0.11640179
74.00000000,2052.00000000,0.11656185
74.00000000,2053.00000000,0.11732153
74.00000000,2054.00000000,0.11709484
74.00000000,2055.00000000,0.11655007
74.00000000,2056.00000000,0.11636358
74.00000000,2057.00000000,0.11624710
74.00000000,2058.00000000,0.11670213
74.00000000,2059.00000000,0.11708055
74.00000000,2060.00000000,0.11749270
74.00000000,2061.00000000,0.11783730
74.00000000,2062.00000000,0.11837765
74.00000000,2063.00000000,0.11867027
74.00000000,2064.00000000,0.11876245
74.00000000,2065.00000000,0.11895966
74.00000000,2066.00000000,0.11856226
74.00000000,2067.00000000,0.11852037
74.00000000,2068.00000000,0.11880183
74.00000000,2069.00000000,0.11911982
74.00000000,2070.00000000,0.11946276
74.00000000,2071.00000000,0.11972556
74.00000000,2072.00000000,0.11959310
74.00000000,2073.00000000,0.11950009
74.00000000,2074.00000000,0.11993755
74.00000000,2075.00000000,0.12036565
74.00000000,2076.00000000,0.12049399
74.00000000,2077.00000000,0.12143106
74.00000000,2078.00000000,0.12251061
74.00000000,2079.00000000,0.12334848
74.00000000,2080.00000000,0.12388370
74.00000000,2081.00000000,0.12442406
74.00000000,2082.00000000,0.12496926
74.00000000,2083.00000000,0.12551920
74.00000000,2084.00000000,0.12607402
74.00000000,2085.00000000,0.12683038
74.00000000,2086.00000000,0.12759135
74.00000000,2087.00000000,0.12835689
74.00000000,2088.00000000,0.12912658
74.00000000,2089.00000000,0.12990039
74.00000000,2090.00000000,0.13067814
74.00000000,2091.00000000,0.13145968
74.00000000,2092.00000000,0.13224511
74.00000000,2093.00000000,0.13303494
74.00000000,2094.00000000,0.13382910
74.00000000,2095.00000000,0.13454095
74.00000000,2096.00000000,0.13525724
74.00000000,2097.00000000,0.13597762
74.00000000,2098.00000000,0.13670221
74.00000000,2099.00000000,0.13743082
74.00000000,2100.00000000,0.13816316
74.00000000,2101.00000000,0.13889947
74.00000000,2102.00000000,0.13964001
74.00000000,2103.00000000,0.14038503
74.00000000,2104.00000000,0.14113468
74.00000000,2105.00000000,0.14206853
74.00000000,2106.00000000,0.14300697
74.00000000,2107.00000000,0.14394984
74.00000000,2108.00000000,0.14489708
74.00000000,2109.00000000,0.14584845
74.00000000,2110.00000000,0.14680377
74.00000000,2111.00000000,0.14776275
74.00000000,2112.00000000,0.14872542
74.00000000,2113.00000000,0.14969152
74.00000000,2114.00000000,0.15066075
74.00000000,2115.00000000,0.15176376
74.00000000,2116.00000000,0.15286971
74.00000000,2117.00000000,0.15397826
74.00000000,2118.00000000,0.15508946
74.00000000,2119.00000000,0.15620299
74.00000000,2120.00000000,0.15731858
74.00000000,2121.00000000,0.15843606
74.00000000,2122.00000000,0.15955529
74.00000000,2123.00000000,0.16067609
74.00000000,2124.00000000,0.16179817
74.00000000,2125.00000000,0.16291392
74.00000000,2126.00000000,0.16403070
74.00000000,2127.00000000,0.16514825
74.00000000,2128.00000000,0.16626626
74.00000000,2129.00000000,0.16738479
74.00000000,2130.00000000,0.16850353
74.00000000,2131.00000000,0.16962217
74.00000000,2132.00000000,0.17074064
74.00000000,2133.00000000,0.17185868
74.00000000,2134.00000000,0.17297602
74.00000000,2135.00000000,0.17380738
74.00000000,2136.00000000,0.17463744
74.00000000,2137.00000000,0.17546632
74.00000000,2138.00000000,0.17629380
74.00000000,2139.00000000,0.17711966
74.00000000,2140.00000000,0.17794401
74.00000000,2141.00000000,0.17876663
74.00000000,2142.00000000,0.17958736
74.00000000,2143.00000000,0.18040614
74.00000000,2144.00000000,0.18122280
74.00000000,2145.00000000,0.18178033
74.00000000,2146.00000000,0.18233557
74.00000000,2147.00000000,0.18288819
74.00000000,2148.00000000,0.18343848
74.00000000,2149.00000000,0.18398624
74.00000000,2150.00000000,0.18453143
74.00000000,2151.00000000,0.18507511
74.00000000,2152.00000000,0.18561996
74.00000000,2153.00000000,0.18616857
74.00000000,2154.00000000,0.18672250
74.00000000,2155.00000000,0.18713908
74.00000000,2156.00000000,0.18756144
74.00000000,2157.00000000,0.18798962
74.00000000,2158.00000000,0.18842353
74.00000000,2159.00000000,0.18886290
74.00000000,2160.00000000,0.18930748
74.00000000,2161.00000000,0.18975688
74.00000000,2162.00000000,0.19021110
74.00000000,2163.00000000,0.19066975
74.00000000,2164.00000000,0.19113254
74.00000000,2165.00000000,0.19145166
74.00000000,2166.00000000,0.19177428
74.00000000,2167.00000000,0.19210018
74.00000000,2168.00000000,0.19242935
74.00000000,2169.00000000,0.19276155
74.00000000,2170.00000000,0.19309655
74.00000000,2171.00000000,0.19343428
74.00000000,2172.00000000,0.19377447
74.00000000,2173.00000000,0.19411715
74.00000000,2174.00000000,0.19446205
74.00000000,2175.00000000,0.19469546
74.00000000,2176.00000000,0.19493065
74.00000000,2177.00000000,0.19516758
74.00000000,2178.00000000,0.19540605
74.00000000,2179.00000000,0.19564616
74.00000000,2180.00000000,0.19588772
74.00000000,2181.00000000,0.19613062
74.00000000,2182.00000000,0.19637483
74.00000000,2183.00000000,0.19662017
74.00000000,2184.00000000,0.19686674
74.00000000,2185.00000000,0.19711439
74.00000000,2186.00000000,0.19736304
74.00000000,2187.00000000,0.19761263
74.00000000,2188.00000000,0.19786312
74.00000000,2189.00000000,0.19811432
74.00000000,2190.00000000,0.19836648
74.00000000,2191.00000000,0.19861929
74.00000000,2192.00000000,0.19887269
74.00000000,2193.00000000,0.19912678
74.00000000,2194.00000000,0.19938144
74.00000000,2195.00000000,0.19963657
74.00000000,2196.00000000,0.19989223
74.00000000,2197.00000000,0.20014826
74.00000000,2198.00000000,0.20040477
74.00000000,2199.00000000,0.20066170
74.00000000,2200.00000000,0.20091882
74.00000000,2201.00000000,0.20117629
74.00000000,2202.00000000,0.20143400
74.00000000,2203.00000000,0.20169187
74.00000000,2204.00000000,0.20194994
74.00000000,2205.00000000,0.20220816
74.00000000,2206.00000000,0.20246644
74.00000000,2207.00000000,0.20272481
74.00000000,2208.00000000,0.20298315
74.00000000,2209.00000000,0.20324153
74.00000000,2210.00000000,0.20349983
74.00000000,2211.00000000,0.20375806
74.00000000,2212.00000000,0.20401620
74.00000000,2213.00000000,0.20427419
74.00000000,2214.00000000,0.20453196
74.00000000,2215.00000000,0.20478954
74.00000000,2216.00000000,0.20504689
74.00000000,2217.00000000,0.20530390
74.00000000,2218.00000000,0.20556063
74.00000000,2219.00000000,0.20581694
74.00000000,2220.00000000,0.20607289
74.00000000,2221.00000000,0.20632844
74.00000000,2222.00000000,0.20658340
74.00000000,2223.00000000,0.20683779
74.00000000,2224.00000000,0.20709152
74.00000000,2225.00000000,0.20654727
74.00000000,2226.00000000,0.20600064
74.00000000,2227.00000000,0.20545166
74.00000000,2228.00000000,0.20490032
74.00000000,2229.00000000,0.20434683
74.00000000,2230.00000000,0.20379120
74.00000000,2231.00000000,0.20323340
74.00000000,2232.00000000,0.20267363
74.00000000,2233.00000000,0.20211185
74.00000000,2234.00000000,0.20154819
74.00000000,2235.00000000,0.20098268
74.00000000,2236.00000000,0.20041532
74.00000000,2237.00000000,0.19984625
74.00000000,2238.00000000,0.19927546
74.00000000,2239.00000000,0.19870301
74.00000000,2240.00000000,0.19812899
74.00000000,2241.00000000,0.19755339
74.00000000,2242.00000000,0.19697615
74.00000000,2243.00000000,0.19639755
74.00000000,2244.00000000,0.19581741
74.00000000,2245.00000000,0.19523591
74.00000000,2246.00000000,0.19465305
74.00000000,2247.00000000,0.19406874
74.00000000,2248.00000000,0.19348324
74.00000000,2249.00000000,0.19289616
74.00000000,2250.00000000,0.19230630
74.00000000,2251.00000000,0.19171138
74.00000000,2252.00000000,0.19110907
74.00000000,2253.00000000,0.19049824
74.00000000,2254.00000000,0.18987850
74.00000000,2255.00000000,0.18924979
74.00000000,2256.00000000,0.18861217
74.00000000,2257.00000000,0.18796585
74.00000000,2258.00000000,0.18731096
74.00000000,2259.00000000,0.18664779
74.00000000,2260.00000000,0.18597660
74.00000000,2261.00000000,0.18529763
74.00000000,2262.00000000,0.18461141
74.00000000,2263.00000000,0.18391824
74.00000000,2264.00000000,0.18321843
74.00000000,2265.00000000,0.18251230
74.00000000,2266.00000000,0.18180008
74.00000000,2267.00000000,0.18108193
74.00000000,2268.00000000,0.18035817
74.00000000,2269.00000000,0.17962890
74.00000000,2270.00000000,0.17889444
74.00000000,2271.00000000,0.17815489
74.00000000,2272.00000000,0.17741043
74.00000000,2273.00000000,0.17666131
74.00000000,2274.00000000,0.17590768
74.00000000,2275.00000000,0.17514963
74.00000000,2276.00000000,0.17438743
74.00000000,2277.00000000,0.17362121
74.00000000,2278.00000000,0.17285107
74.00000000,2279.00000000,0.17207726
74.00000000,2280.00000000,0.17129987
74.00000000,2281.00000000,0.17051901
74.00000000,2282.00000000,0.16973487
74.00000000,2283.00000000,0.16894753
74.00000000,2284.00000000,0.16815720
74.00000000,2285.00000000,0.16736392
74.00000000,2286.00000000,0.16656781
74.00000000,2287.00000000,0.16576904
74.00000000,2288.00000000,0.16496770
74.00000000,2289.00000000,0.16416386
74.00000000,2290.00000000,0.16335767
74.00000000,2291.00000000,0.16254924
74.00000000,2292.00000000,0.16173860
74.00000000,2293.00000000,0.16092591
74.00000000,2294.00000000,0.16011122
74.00000000,2295.00000000,0.15929468
74.00000000,2296.00000000,0.15847633
74.00000000,2297.00000000,0.15765624
74.00000000,2298.00000000,0.15683455
74.00000000,2299.00000000,0.15601130
74.00000000,2300.00000000,0.15518655
74.00000000,2301.00000000,0.15436044
74.00000000,2302.00000000,0.15353297
74.00000000,2303.00000000,0.15270420
74.00000000,2304.00000000,0.15187425
74.00000000,2305.00000000,0.15104312
74.00000000,2306.00000000,0.15021092
74.00000000,2307.00000000,0.14937773
74.00000000,2308.00000000,0.14854354
74.00000000,2309.00000000,0.14770850
74.00000000,2310.00000000,0.14687261
74.00000000,2311.00000000,0.14603593
74.00000000,2312.00000000,0.14519857
74.00000000,2313.00000000,0.14436055
74.00000000,2314.00000000,0.14352189
74.00000000,2315.00000000,0.14268270
74.00000000,2316.00000000,0.14184304
74.00000000,2317.00000000,0.14100289
74.00000000,2318.00000000,0.14016239
74.00000000,2319.00000000,0.13932152
74.00000000,2320.00000000,0.13848041
74.00000000,2321.00000000,0.13763910
74.00000000,2322.00000000,0.13679765
74.00000000,2323.00000000,0.13613470
74.00000000,2324.00000000,0.13599732
74.00000000,2325.00000000,0.13600375
74.00000000,2326.00000000,0.13601047
74.00000000,2327.00000000,0.13601743
74.00000000,2328.00000000,0.13602460
74.00000000,2329.00000000,0.13603204
74.00000000,2330.00000000,0.13606220
74.00000000,2331.00000000,0.13609261
74.00000000,2332.00000000,0.13612324
74.00000000,2333.00000000,0.13615405
74.00000000,2334.00000000,0.13618509
74.00000000,2335.00000000,0.13617181
74.00000000,2336.00000000,0.13615866
74.00000000,2337.00000000,0.13614571
74.00000000,2338.00000000,0.13613294
74.00000000,2339.00000000,0.13612029
74.00000000,2340.00000000,0.13610783
74.00000000,2341.00000000,0.13609553
74.00000000,2342.00000000,0.13608335
74.00000000,2343.00000000,0.13607135
74.00000000,2344.00000000,0.13605945
74.00000000,2345.00000000,0.13604774
74.00000000,2346.00000000,0.13603617
74.00000000,2347.00000000,0.13602469
74.00000000,2348.00000000,0.13601338
74.00000000,2349.00000000,0.13600219
74.00000000,2350.00000000,0.13598916
74.00000000,2351.00000000,0.13597630
74.00000000,2352.00000000,0.13596357
74.00000000,2353.00000000,0.13595090
74.00000000,2354.00000000,0.13593840
74.00000000,2355.00000000,0.13592598
74.00000000,2356.00000000,0.13591373
74.00000000,2357.00000000,0.13590157
74.00000000,2358.00000000,0.13588949
74.00000000,2359.00000000,0.13587757
74.00000000,2360.00000000,0.13586574
74.00000000,2361.00000000,0.13585398
74.00000000,2362.00000000,0.13584237
74.00000000,2363.00000000,0.13583084
74.00000000,2364.00000000,0.13581937
74.00000000,2365.00000000,0.13580805
74.00000000,2366.00000000,0.13579677
74.00000000,2367.00000000,0.13578562
74.00000000,2368.00000000,0.13577456
74.00000000,2369.00000000,0.13576354
74.00000000,2370.00000000,0.13575265
74.00000000,2371.00000000,0.13574185
74.00000000,2372.00000000,0.13573108
74.00000000,2373.00000000,0.13572044
74.00000000,2374.00000000,0.13570986
74.00000000,2375.00000000,0.13570361
74.00000000,2376.00000000,0.13569747
74.00000000,2377.00000000,0.13569141
74.00000000,2378.00000000,0.13568537
74.00000000,2379.00000000,0.13567945
74.00000000,2380.00000000,0.13567356
74.00000000,2381.00000000,0.13566778
74.00000000,2382.00000000,0.13566204
74.00000000,2383.00000000,0.13565635
74.00000000,2384.00000000,0.13565075
74.00000000,2385.00000000,0.13564521
74.00000000,2386.00000000,0.13563968
74.00000000,2387.00000000,0.13563425
74.00000000,2388.00000000,0.13562888
74.00000000,2389.00000000,0.13562352
74.00000000,2390.00000000,0.13561826
74.00000000,2391.00000000,0.13561300
74.00000000,2392.00000000,0.13560783
74.00000000,2393.00000000,0.13560272
74.00000000,2394.00000000,0.13559759
74.00000000,2395.00000000,0.13559258
74.00000000,2396.00000000,0.13558759
74.00000000,2397.00000000,0.13558261
74.00000000,2398.00000000,0.13557771
74.00000000,2399.00000000,0.13557285
74.00000000,2400.00000000,0.13556799
74.00000000,2401.00000000,0.13556321
74.00000000,2402.00000000,0.13555848
74.00000000,2403.00000000,0.13555374
74.00000000,2404.00000000,0.13554908
74.00000000,2405.00000000,0.13554443
74.00000000,2406.00000000,0.13553987
74.00000000,2407.00000000,0.13553535
74.00000000,2408.00000000,0.13553081
74.00000000,2409.00000000,0.13552638
74.00000000,2410.00000000,0.13552196
74.00000000,2411.00000000,0.13551755
74.00000000,2412.00000000,0.13551321
74.00000000,2413.00000000,0.13550892
74.00000000,2414.00000000,0.13550460
74.00000000,2415.00000000,0.13550037
74.00000000,2416.00000000,0.13549611
74.00000000,2417.00000000,0.13549194
74.00000000,2418.00000000,0.13548781
74.00000000,2419.00000000,0.13548365
74.00000000,2420.00000000,0.13547957
74.00000000,2421.00000000,0.13547551
74.00000000,2422.00000000,0.13547142
74.00000000,2423.00000000,0.13546741
74.00000000,2424.00000000,0.13546344
74.00000000,2425.00000000,0.13545819
74.00000000,2426.00000000,0.13545305
74.00000000,2427.00000000,0.13544791
74.00000000,2428.00000000,0.13544273
74.00000000,2429.00000000,0.13543763
74.00000000,2430.00000000,0.13543250
74.00000000,2431.00000000,0.13542745
74.00000000,2432.00000000,0.13542240
74.00000000,2433.00000000,0.13541731
74.00000000,2434.00000000,0.13541231
74.00000000,2435.00000000,0.13540732
74.00000000,2436.00000000,0.13540229
74.00000000,2437.00000000,0.13539733
74.00000000,2438.00000000,0.13539238
74.00000000,2439.00000000,0.13538739
74.00000000,2440.00000000,0.13538247
74.00000000,2441.00000000,0.13537751
74.00000000,2442.00000000,0.13537262
74.00000000,2443.00000000,0.13536773
74.00000000,2444.00000000,0.13536280
74.00000000,2445.00000000,0.13535794
74.00000000,2446.00000000,0.13535309
74.00000000,2447.00000000,0.13534819
74.00000000,2448.00000000,0.13534337
74.00000000,2449.00000000,0.13533854
74.00000000,2450.00000000,0.13533367
74.00000000,2451.00000000,0.13532886
74.00000000,2452.00000000,0.13532401
74.00000000,2453.00000000,0.13531922
74.00000000,2454.00000000,0.13531442
74.00000000,2455.00000000,0.13530956
74.00000000,2456.00000000,0.13530476
74.00000000,2457.00000000,0.13529998
74.00000000,2458.00000000,0.13529512
74.00000000,2459.00000000,0.13529033
74.00000000,2460.00000000,0.13528553
74.00000000,2461.00000000,0.13528068
74.00000000,2462.00000000,0.13527588
74.00000000,2463.00000000,0.13527109
74.00000000,2464.00000000,0.13526622
74.00000000,2465.00000000,0.13526143
74.00000000,2466.00000000,0.13525656
74.00000000,2467.00000000,0.13525175
74.00000000,2468.00000000,0.13524695
74.00000000,2469.00000000,0.13524206
74.00000000,2470.00000000,0.13523726
74.00000000,2471.00000000,0.13523246
74.00000000,2472.00000000,0.13522756
74.00000000,2473.00000000,0.13522275
74.00000000,2474.00000000,0.13521793
74.00000000,2475.00000000,0.13521175
74.00000000,2476.00000000,0.13520562
74.00000000,2477.00000000,0.13519943
74.00000000,2478.00000000,0.13519329
74.00000000,2479.00000000,0.13518717
74.00000000,2480.00000000,0.13518095
74.00000000,2481.00000000,0.13517481
74.00000000,2482.00000000,0.13516867
74.00000000,2483.00000000,0.13516243
74.00000000,2484.00000000,0.13515629
74.00000000,2485.00000000,0.13515013
74.00000000,2486.00000000,0.13514388
74.00000000,2487.00000000,0.13513773
74.00000000,2488.00000000,0.13513156
74.00000000,2489.00000000,0.13512529
74.00000000,2490.00000000,0.13511912
74.00000000,2491.00000000,0.13511285
74.00000000,2492.00000000,0.13510666
74.00000000,2493.00000000,0.13510048
74.00000000,2494.00000000,0.13509419
74.00000000,2495.00000000,0.13508799
74.00000000,2496.00000000,0.13508178
74.00000000,2497.00000000,0.13507548
74.00000000,2498.00000000,0.13506927
74.00000000,2499.00000000,0.13506305
74.00000000,2500.00000000,0.13505674
75.00000000,1765.00000000,0.10152230
75.00000000,1766.00000000,0.10152235
75.00000000,1767.00000000,0.10152236
75.00000000,1768.00000000,0.10152251
75.00000000,1769.00000000,0.10152281
75.00000000,1770.00000000,0.10152334
75.00000000,1771.00000000,0.10152393
75.00000000,1772.00000000,0.10152474
75.00000000,1773.00000000,0.10152570
75.00000000,1774.00000000,0.10152682
75.00000000,1775.00000000,0.10152806
75.00000000,1776.00000000,0.10152965
75.00000000,1777.00000000,0.10153129
75.00000000,1778.00000000,0.10153303
75.00000000,1779.00000000,0.10153518
75.00000000,1780.00000000,0.10153715
75.00000000,1781.00000000,0.10153945
75.00000000,1782.00000000,0.10154195
75.00000000,1783.00000000,0.10154455
75.00000000,1784.00000000,0.10154703
75.00000000,1785.00000000,0.10154994
75.00000000,1786.00000000,0.10155283
75.00000000,1787.00000000,0.10155589
75.00000000,1788.00000000,0.10155911
75.00000000,1789.00000000,0.10156231
75.00000000,1790.00000000,0.10156566
75.00000000,1791.00000000,0.10156913
75.00000000,1792.00000000,0.10157273
75.00000000,1793.00000000,0.10157628
75.00000000,1794.00000000,0.10158001
75.00000000,1795.00000000,0.10158386
75.00000000,1796.00000000,0.10158774
75.00000000,1797.00000000,0.10159173
75.00000000,1798.00000000,0.10159572
75.00000000,1799.00000000,0.10159980
75.00000000,1800.00000000,0.10160392
75.00000000,1801.00000000,0.10160815
75.00000000,1802.00000000,0.10161237
75.00000000,1803.00000000,0.10161671
75.00000000,1804.00000000,0.10162101
75.00000000,1805.00000000,0.10162543
75.00000000,1806.00000000,0.10162987
75.00000000,1807.00000000,0.10163434
75.00000000,1808.00000000,0.10163890
75.00000000,1809.00000000,0.10164343
75.00000000,1810.00000000,0.10164807
75.00000000,1811.00000000,0.10165282
75.00000000,1812.00000000,0.10165744
75.00000000,1813.00000000,0.10166224
75.00000000,1814.00000000,0.10166708
75.00000000,1815.00000000,0.10167187
75.00000000,1816.00000000,0.10167677
75.00000000,1817.00000000,0.10168163
75.00000000,1818.00000000,0.10168660
75.00000000,1819.00000000,0.10169155
75.00000000,1820.00000000,0.10169652
75.00000000,1821.00000000,0.10170156
75.00000000,1822.00000000,0.10170662
75.00000000,1823.00000000,0.10171175
75.00000000,1824.00000000,0.10171690
75.00000000,1825.00000000,0.10172207
75.00000000,1826.00000000,0.10172728
75.00000000,1827.00000000,0.10173260
75.00000000,1828.00000000,0.10173790
75.00000000,1829.00000000,0.10174327
75.00000000,1830.00000000,0.10174864
75.00000000,1831.00000000,0.10175407
75.00000000,1832.00000000,0.10175956
75.00000000,1833.00000000,0.10176505
75.00000000,1834.00000000,0.10177062
75.00000000,1835.00000000,0.10177628
75.00000000,1836.00000000,0.10178198
75.00000000,1837.00000000,0.10178776
75.00000000,1838.00000000,0.10179364
75.00000000,1839.00000000,0.10179959
75.00000000,1840.00000000,0.10180567
75.00000000,1841.00000000,0.10182097
75.00000000,1842.00000000,0.10182727
75.00000000,1843.00000000,0.10183361
75.00000000,1844.00000000,0.10184012
75.00000000,1845.00000000,0.10184669
75.00000000,1846.00000000,0.10185647
75.00000000,1847.00000000,0.10186323
75.00000000,1848.00000000,0.10187012
75.00000000,1849.00000000,0.10187701
75.00000000,1850.00000000,0.10188405
75.00000000,1851.00000000,0.10189105
75.00000000,1852.00000000,0.10189818
75.00000000,1853.00000000,0.10190576
75.00000000,1854.00000000,0.10191363
75.00000000,1855.00000000,0.10192158
75.00000000,1856.00000000,0.10193249
75.00000000,1857.00000000,0.10194028
75.00000000,1858.00000000,0.10194813
75.00000000,1859.00000000,0.10195598
75.00000000,1860.00000000,0.10196385
75.00000000,1861.00000000,0.10197172
75.00000000,1862.00000000,0.10197944
75.00000000,1863.00000000,0.10198638
75.00000000,1864.00000000,0.10199283
75.00000000,1865.00000000,0.10199877
75.00000000,1866.00000000,0.10200760
75.00000000,1867.00000000,0.10201302
75.00000000,1868.00000000,0.10201816
75.00000000,1869.00000000,0.10202303
75.00000000,1870.00000000,0.10202771
75.00000000,1871.00000000,0.10203218
75.00000000,1872.00000000,0.10203998
75.00000000,1873.00000000,0.10204569
75.00000000,1874.00000000,0.10205197
75.00000000,1875.00000000,0.10206180
75.00000000,1876.00000000,0.10206896
75.00000000,1877.00000000,0.10208242
75.00000000,1878.00000000,0.10208702
75.00000000,1879.00000000,0.10209482
75.00000000,1880.00000000,0.10210282
75.00000000,1881.00000000,0.10211388
75.00000000,1882.00000000,0.10212196
75.00000000,1883.00000000,0.10212947
75.00000000,1884.00000000,0.10213663
75.00000000,1885.00000000,0.10214336
75.00000000,1886.00000000,0.10215318
75.00000000,1887.00000000,0.10215972
75.00000000,1888.00000000,0.10216602
75.00000000,1889.00000000,0.10217210
75.00000000,1890.00000000,0.10218085
75.00000000,1891.00000000,0.10218927
75.00000000,1892.00000000,0.10219734
75.00000000,1893.00000000,0.10220222
75.00000000,1894.00000000,0.10220713
75.00000000,1895.00000000,0.10221225
75.00000000,1896.00000000,0.10221740
75.00000000,1897.00000000,0.10222565
75.00000000,1898.00000000,0.10223375
75.00000000,1899.00000000,0.10223858
75.00000000,1900.00000000,0.10224614
75.00000000,1901.00000000,0.10225037
75.00000000,1902.00000000,0.10225782
75.00000000,1903.00000000,0.10226234
75.00000000,1904.00000000,0.10226692
75.00000000,1905.00000000,0.10229024
75.00000000,1906.00000000,0.10229233
75.00000000,1907.00000000,0.10229763
75.00000000,1908.00000000,0.10230584
75.00000000,1909.00000000,0.10231094
75.00000000,1910.00000000,0.10231910
75.00000000,1911.00000000,0.10233633
75.00000000,1912.00000000,0.10234061
75.00000000,1913.00000000,0.10234681
75.00000000,1914.00000000,0.10235201
75.00000000,1915.00000000,0.10235974
75.00000000,1916.00000000,0.10236461
75.00000000,1917.00000000,0.10237259
75.00000000,1918.00000000,0.10237743
75.00000000,1919.00000000,0.10238551
75.00000000,1920.00000000,0.10240063
75.00000000,1921.00000000,0.10240434
75.00000000,1922.00000000,0.10241866
75.00000000,1923.00000000,0.10242782
75.00000000,1924.00000000,0.10244340
75.00000000,1925.00000000,0.10246203
75.00000000,1926.00000000,0.10246834
75.00000000,1927.00000000,0.10248404
75.00000000,1928.00000000,0.10249684
75.00000000,1929.00000000,0.10253411
75.00000000,1930.00000000,0.10254706
75.00000000,1931.00000000,0.10257054
75.00000000,1932.00000000,0.10258338
75.00000000,1933.00000000,0.10259742
75.00000000,1934.00000000,0.10262458
75.00000000,1935.00000000,0.10266099
75.00000000,1936.00000000,0.10268450
75.00000000,1937.00000000,0.10270072
75.00000000,1938.00000000,0.10273066
75.00000000,1939.00000000,0.10276277
75.00000000,1940.00000000,0.10279115
75.00000000,1941.00000000,0.10280624
75.00000000,1942.00000000,0.10283624
75.00000000,1943.00000000,0.10285581
75.00000000,1944.00000000,0.10288128
75.00000000,1945.00000000,0.10290089
75.00000000,1946.00000000,0.10293455
75.00000000,1947.00000000,0.10299534
75.00000000,1948.00000000,0.10303905
75.00000000,1949.00000000,0.10301852
75.00000000,1950.00000000,0.10307158
75.00000000,1951.00000000,0.10309065
75.00000000,1952.00000000,0.10311062
75.00000000,1953.00000000,0.10312606
75.00000000,1954.00000000,0.10317980
75.00000000,1955.00000000,0.10327076
75.00000000,1956.00000000,0.10330342
75.00000000,1957.00000000,0.10335394
75.00000000,1958.00000000,0.10341298
75.00000000,1959.00000000,0.10343139
75.00000000,1960.00000000,0.10344441
75.00000000,1961.00000000,0.10346149
75.00000000,1962.00000000,0.10350828
75.00000000,1963.00000000,0.10360935
75.00000000,1964.00000000,0.10361106
75.00000000,1965.00000000,0.10370022
75.00000000,1966.00000000,0.10374788
75.00000000,1967.00000000,0.10375122
75.00000000,1968.00000000,0.10373428
75.00000000,1969.00000000,0.10376708
75.00000000,1970.00000000,0.10382766
75.00000000,1971.00000000,0.10385366
75.00000000,1972.00000000,0.10389921
75.00000000,1973.00000000,0.10395291
75.00000000,1974.00000000,0.10405521
75.00000000,1975.00000000,0.10410985
75.00000000,1976.00000000,0.10413677
75.00000000,1977.00000000,0.10415211
75.00000000,1978.00000000,0.10428053
75.00000000,1979.00000000,0.10427449
75.00000000,1980.00000000,0.10436560
75.00000000,1981.00000000,0.10447200
75.00000000,1982.00000000,0.10468161
75.00000000,1983.00000000,0.10455847
75.00000000,1984.00000000,0.10465086
75.00000000,1985.00000000,0.10474415
75.00000000,1986.00000000,0.10478802
75.00000000,1987.00000000,0.10491204
75.00000000,1988.00000000,0.10509983
75.00000000,1989.00000000,0.10480949
75.00000000,1990.00000000,0.10476499
75.00000000,1991.00000000,0.10494826
75.00000000,1992.00000000,0.10510514
75.00000000,1993.00000000,0.10504087
75.00000000,1994.00000000,0.10464151
75.00000000,1995.00000000,0.10502144
75.00000000,1996.00000000,0.10462778
75.00000000,1997.00000000,0.10475344
75.00000000,1998.00000000,0.10513095
75.00000000,1999.00000000,0.10510840
75.00000000,2000.00000000,0.10514439
75.00000000,2001.00000000,0.10516869
75.00000000,2002.00000000,0.10540840
75.00000000,2003.00000000,0.10541822
75.00000000,2004.00000000,0.10566011
75.00000000,2005.00000000,0.10537731
75.00000000,2006.00000000,0.10502575
75.00000000,2007.00000000,0.10472985
75.00000000,2008.00000000,0.10485096
75.00000000,2009.00000000,0.10507181
75.00000000,2010.00000000,0.10521113
75.00000000,2011.00000000,0.10549629
75.00000000,2012.00000000,0.10570617
75.00000000,2013.00000000,0.10547262
75.00000000,2014.00000000,0.10558980
75.00000000,2015.00000000,0.10587614
75.00000000,2016.00000000,0.10594297
75.00000000,2017.00000000,0.10592613
75.00000000,2018.00000000,0.10603051
75.00000000,2019.00000000,0.10596169
75.00000000,2020.00000000,0.10524582
75.00000000,2021.00000000,0.10543348
75.00000000,2022.00000000,0.10584872
75.00000000,2023.00000000,0.10603276
75.00000000,2024.00000000,0.10583699
75.00000000,2025.00000000,0.10642288
75.00000000,2026.00000000,0.10679072
75.00000000,2027.00000000,0.10683049
75.00000000,2028.00000000,0.10692146
75.00000000,2029.00000000,0.10695058
75.00000000,2030.00000000,0.10743904
75.00000000,2031.00000000,0.10779965
75.00000000,2032.00000000,0.10803233
75.00000000,2033.00000000,0.10816948
75.00000000,2034.00000000,0.10851944
75.00000000,2035.00000000,0.10881787
75.00000000,2036.00000000,0.10882547
75.00000000,2037.00000000,0.10909585
75.00000000,2038.00000000,0.10948954
75.00000000,2039.00000000,0.10991779
75.00000000,2040.00000000,0.11027731
75.00000000,2041.00000000,0.11070356
75.00000000,2042.00000000,0.11096976
75.00000000,2043.00000000,0.11144284
75.00000000,2044.00000000,0.11201643
75.00000000,2045.00000000,0.11277488
75.00000000,2046.00000000,0.11317613
75.00000000,2047.00000000,0.11361293
75.00000000,2048.00000000,0.11424553
75.00000000,2049.00000000,0.11421380
75.00000000,2050.00000000,0.11407037
75.00000000,2051.00000000,0.11478882
75.00000000,2052.00000000,0.11515045
75.00000000,2053.00000000,0.11530719
75.00000000,2054.00000000,0.11605786
75.00000000,2055.00000000,0.11583180
75.00000000,2056.00000000,0.11529076
75.00000000,2057.00000000,0.11510466
75.00000000,2058.00000000,0.11498800
75.00000000,2059.00000000,0.11543737
75.00000000,2060.00000000,0.11581093
75.00000000,2061.00000000,0.11621814
75.00000000,2062.00000000,0.11655919
75.00000000,2063.00000000,0.11709494
75.00000000,2064.00000000,0.11738593
75.00000000,2065.00000000,0.11747872
75.00000000,2066.00000000,0.11767578
75.00000000,2067.00000000,0.11728398
75.00000000,2068.00000000,0.11724425
75.00000000,2069.00000000,0.11752466
75.00000000,2070.00000000,0.11784116
75.00000000,2071.00000000,0.11818247
75.00000000,2072.00000000,0.11844491
75.00000000,2073.00000000,0.11831653
75.00000000,2074.00000000,0.11822754
75.00000000,2075.00000000,0.11866405
75.00000000,2076.00000000,0.11909129
75.00000000,2077.00000000,0.11922158
75.00000000,2078.00000000,0.12015276
75.00000000,2079.00000000,0.12122490
75.00000000,2080.00000000,0.12205752
75.00000000,2081.00000000,0.12259031
75.00000000,2082.00000000,0.12312834
75.00000000,2083.00000000,0.12367144
75.00000000,2084.00000000,0.12421930
75.00000000,2085.00000000,0.12477195
75.00000000,2086.00000000,0.12552418
75.00000000,2087.00000000,0.12628083
75.00000000,2088.00000000,0.12704185
75.00000000,2089.00000000,0.12780691
75.00000000,2090.00000000,0.12857573
75.00000000,2091.00000000,0.12934850
75.00000000,2092.00000000,0.13012526
75.00000000,2093.00000000,0.13090616
75.00000000,2094.00000000,0.13169154
75.00000000,2095.00000000,0.13248122
75.00000000,2096.00000000,0.13318926
75.00000000,2097.00000000,0.13390160
75.00000000,2098.00000000,0.13461786
75.00000000,2099.00000000,0.13533812
75.00000000,2100.00000000,0.13606222
75.00000000,2101.00000000,0.13679007
75.00000000,2102.00000000,0.13752196
75.00000000,2103.00000000,0.13825836
75.00000000,2104.00000000,0.13899932
75.00000000,2105.00000000,0.13974486
75.00000000,2106.00000000,0.14067282
75.00000000,2107.00000000,0.14160524
75.00000000,2108.00000000,0.14254201
75.00000000,2109.00000000,0.14348283
75.00000000,2110.00000000,0.14442767
75.00000000,2111.00000000,0.14537632
75.00000000,2112.00000000,0.14632845
75.00000000,2113.00000000,0.14728413
75.00000000,2114.00000000,0.14824309
75.00000000,2115.00000000,0.14920507
75.00000000,2116.00000000,0.15029949
75.00000000,2117.00000000,0.15139673
75.00000000,2118.00000000,0.15249656
75.00000000,2119.00000000,0.15359879
75.00000000,2120.00000000,0.15470331
75.00000000,2121.00000000,0.15580982
75.00000000,2122.00000000,0.15691819
75.00000000,2123.00000000,0.15802811
75.00000000,2124.00000000,0.15913960
75.00000000,2125.00000000,0.16025233
75.00000000,2126.00000000,0.16135872
75.00000000,2127.00000000,0.16246613
75.00000000,2128.00000000,0.16357430
75.00000000,2129.00000000,0.16468298
75.00000000,2130.00000000,0.16579201
75.00000000,2131.00000000,0.16690128
75.00000000,2132.00000000,0.16801046
75.00000000,2133.00000000,0.16911951
75.00000000,2134.00000000,0.17022806
75.00000000,2135.00000000,0.17133583
75.00000000,2136.00000000,0.17216027
75.00000000,2137.00000000,0.17298343
75.00000000,2138.00000000,0.17380540
75.00000000,2139.00000000,0.17462599
75.00000000,2140.00000000,0.17544506
75.00000000,2141.00000000,0.17626256
75.00000000,2142.00000000,0.17707836
75.00000000,2143.00000000,0.17789223
75.00000000,2144.00000000,0.17870426
75.00000000,2145.00000000,0.17951419
75.00000000,2146.00000000,0.18006733
75.00000000,2147.00000000,0.18061825
75.00000000,2148.00000000,0.18116665
75.00000000,2149.00000000,0.18171268
75.00000000,2150.00000000,0.18225626
75.00000000,2151.00000000,0.18279821
75.00000000,2152.00000000,0.18334153
75.00000000,2153.00000000,0.18388871
75.00000000,2154.00000000,0.18444102
75.00000000,2155.00000000,0.18499909
75.00000000,2156.00000000,0.18542130
75.00000000,2157.00000000,0.18584924
75.00000000,2158.00000000,0.18628283
75.00000000,2159.00000000,0.18672170
75.00000000,2160.00000000,0.18716585
75.00000000,2161.00000000,0.18761493
75.00000000,2162.00000000,0.18806864
75.00000000,2163.00000000,0.18852680
75.00000000,2164.00000000,0.18898913
75.00000000,2165.00000000,0.18945527
75.00000000,2166.00000000,0.18977884
75.00000000,2167.00000000,0.19010570
75.00000000,2168.00000000,0.19043568
75.00000000,2169.00000000,0.19076866
75.00000000,2170.00000000,0.19110447
75.00000000,2171.00000000,0.19144285
75.00000000,2172.00000000,0.19178386
75.00000000,2173.00000000,0.19212720
75.00000000,2174.00000000,0.19247284
75.00000000,2175.00000000,0.19282056
75.00000000,2176.00000000,0.19305753
75.00000000,2177.00000000,0.19329621
75.00000000,2178.00000000,0.19353650
75.00000000,2179.00000000,0.19377827
75.00000000,2180.00000000,0.19402152
75.00000000,2181.00000000,0.19426612
75.00000000,2182.00000000,0.19451190
75.00000000,2183.00000000,0.19475897
75.00000000,2184.00000000,0.19500715
75.00000000,2185.00000000,0.19525641
75.00000000,2186.00000000,0.19550668
75.00000000,2187.00000000,0.19575778
75.00000000,2188.00000000,0.19600986
75.00000000,2189.00000000,0.19626282
75.00000000,2190.00000000,0.19651641
75.00000000,2191.00000000,0.19677083
75.00000000,2192.00000000,0.19702589
75.00000000,2193.00000000,0.19728152
75.00000000,2194.00000000,0.19753776
75.00000000,2195.00000000,0.19779455
75.00000000,2196.00000000,0.19805173
75.00000000,2197.00000000,0.19830946
75.00000000,2198.00000000,0.19856758
75.00000000,2199.00000000,0.19882609
75.00000000,2200.00000000,0.19908494
75.00000000,2201.00000000,0.19934402
75.00000000,2202.00000000,0.19960339
75.00000000,2203.00000000,0.19986300
75.00000000,2204.00000000,0.20012271
75.00000000,2205.00000000,0.20038272
75.00000000,2206.00000000,0.20064279
75.00000000,2207.00000000,0.20090289
75.00000000,2208.00000000,0.20116307
75.00000000,2209.00000000,0.20142325
75.00000000,2210.00000000,0.20168345
75.00000000,2211.00000000,0.20194358
75.00000000,2212.00000000,0.20220360
75.00000000,2213.00000000,0.20246353
75.00000000,2214.00000000,0.20272333
75.00000000,2215.00000000,0.20298290
75.00000000,2216.00000000,0.20324228
75.00000000,2217.00000000,0.20350142
75.00000000,2218.00000000,0.20376020
75.00000000,2219.00000000,0.20401879
75.00000000,2220.00000000,0.20427692
75.00000000,2221.00000000,0.20453470
75.00000000,2222.00000000,0.20479206
75.00000000,2223.00000000,0.20504885
75.00000000,2224.00000000,0.20530513
75.00000000,2225.00000000,0.20556066
75.00000000,2226.00000000,0.20502405
75.00000000,2227.00000000,0.20448506
75.00000000,2228.00000000,0.20394365
75.00000000,2229.00000000,0.20339994
75.00000000,2230.00000000,0.20285406
75.00000000,2231.00000000,0.20230598
75.00000000,2232.00000000,0.20175578
75.00000000,2233.00000000,0.20120359
75.00000000,2234.00000000,0.20064934
75.00000000,2235.00000000,0.20009323
75.00000000,2236.00000000,0.19953525
75.00000000,2237.00000000,0.19897540
75.00000000,2238.00000000,0.19841384
75.00000000,2239.00000000,0.19785054
75.00000000,2240.00000000,0.19728556
75.00000000,2241.00000000,0.19671899
75.00000000,2242.00000000,0.19615082
75.00000000,2243.00000000,0.19558100
75.00000000,2244.00000000,0.19500983
75.00000000,2245.00000000,0.19443703
75.00000000,2246.00000000,0.19386290
75.00000000,2247.00000000,0.19328738
75.00000000,2248.00000000,0.19271041
75.00000000,2249.00000000,0.19213197
75.00000000,2250.00000000,0.19155070
75.00000000,2251.00000000,0.19096424
75.00000000,2252.00000000,0.19037043
75.00000000,2253.00000000,0.18976809
75.00000000,2254.00000000,0.18915679
75.00000000,2255.00000000,0.18853651
75.00000000,2256.00000000,0.18790737
75.00000000,2257.00000000,0.18726941
75.00000000,2258.00000000,0.18662296
75.00000000,2259.00000000,0.18596813
75.00000000,2260.00000000,0.18530530
75.00000000,2261.00000000,0.18463471
75.00000000,2262.00000000,0.18395677
75.00000000,2263.00000000,0.18327190
75.00000000,2264.00000000,0.18258039
75.00000000,2265.00000000,0.18188248
75.00000000,2266.00000000,0.18117848
75.00000000,2267.00000000,0.18046859
75.00000000,2268.00000000,0.17975297
75.00000000,2269.00000000,0.17903190
75.00000000,2270.00000000,0.17830551
75.00000000,2271.00000000,0.17757406
75.00000000,2272.00000000,0.17683772
75.00000000,2273.00000000,0.17609659
75.00000000,2274.00000000,0.17535097
75.00000000,2275.00000000,0.17460095
75.00000000,2276.00000000,0.17384667
75.00000000,2277.00000000,0.17308836
75.00000000,2278.00000000,0.17232617
75.00000000,2279.00000000,0.17156019
75.00000000,2280.00000000,0.17079062
75.00000000,2281.00000000,0.17001761
75.00000000,2282.00000000,0.16924119
75.00000000,2283.00000000,0.16846163
75.00000000,2284.00000000,0.16767895
75.00000000,2285.00000000,0.16689335
75.00000000,2286.00000000,0.16610491
75.00000000,2287.00000000,0.16531370
75.00000000,2288.00000000,0.16451993
75.00000000,2289.00000000,0.16372366
75.00000000,2290.00000000,0.16292493
75.00000000,2291.00000000,0.16212396
75.00000000,2292.00000000,0.16132077
75.00000000,2293.00000000,0.16051546
75.00000000,2294.00000000,0.15970817
75.00000000,2295.00000000,0.15889891
75.00000000,2296.00000000,0.15808785
75.00000000,2297.00000000,0.15727504
75.00000000,2298.00000000,0.15646054
75.00000000,2299.00000000,0.15564446
75.00000000,2300.00000000,0.15482689
75.00000000,2301.00000000,0.15400784
75.00000000,2302.00000000,0.15318744
75.00000000,2303.00000000,0.15236574
75.00000000,2304.00000000,0.15154275
75.00000000,2305.00000000,0.15071860
75.00000000,2306.00000000,0.14989329
75.00000000,2307.00000000,0.14906697
75.00000000,2308.00000000,0.14823967
75.00000000,2309.00000000,0.14741139
75.00000000,2310.00000000,0.14658227
75.00000000,2311.00000000,0.14575235
75.00000000,2312.00000000,0.14492164
75.00000000,2313.00000000,0.14409027
75.00000000,2314.00000000,0.14325826
75.00000000,2315.00000000,0.14242561
75.00000000,2316.00000000,0.14159247
75.00000000,2317.00000000,0.14075885
75.00000000,2318.00000000,0.13992475
75.00000000,2319.00000000,0.13909032
75.00000000,2320.00000000,0.13825552
75.00000000,2321.00000000,0.13742049
75.00000000,2322.00000000,0.13658525
75.00000000,2323.00000000,0.13574989
75.00000000,2324.00000000,0.13509170
75.00000000,2325.00000000,0.13495516
75.00000000,2326.00000000,0.13496135
75.00000000,2327.00000000,0.13496784
75.00000000,2328.00000000,0.13497457
75.00000000,2329.00000000,0.13498150
75.00000000,2330.00000000,0.13498871
75.00000000,2331.00000000,0.13501846
75.00000000,2332.00000000,0.13504847
75.00000000,2333.00000000,0.13507870
75.00000000,2334.00000000,0.13510910
75.00000000,2335.00000000,0.13513974
75.00000000,2336.00000000,0.13512638
75.00000000,2337.00000000,0.13511316
75.00000000,2338.00000000,0.13510014
75.00000000,2339.00000000,0.13508729
75.00000000,2340.00000000,0.13507457
75.00000000,2341.00000000,0.13506204
75.00000000,2342.00000000,0.13504967
75.00000000,2343.00000000,0.13503741
75.00000000,2344.00000000,0.13502535
75.00000000,2345.00000000,0.13501338
75.00000000,2346.00000000,0.13500159
75.00000000,2347.00000000,0.13498994
75.00000000,2348.00000000,0.13497838
75.00000000,2349.00000000,0.13496700
75.00000000,2350.00000000,0.13495575
75.00000000,2351.00000000,0.13494267
75.00000000,2352.00000000,0.13492974
75.00000000,2353.00000000,0.13491695
75.00000000,2354.00000000,0.13490423
75.00000000,2355.00000000,0.13489169
75.00000000,2356.00000000,0.13487922
75.00000000,2357.00000000,0.13486690
75.00000000,2358.00000000,0.13485471
75.00000000,2359.00000000,0.13484257
75.00000000,2360.00000000,0.13483058
75.00000000,2361.00000000,0.13481872
75.00000000,2362.00000000,0.13480690
75.00000000,2363.00000000,0.13479522
75.00000000,2364.00000000,0.13478365
75.00000000,2365.00000000,0.13477213
75.00000000,2366.00000000,0.13476075
75.00000000,2367.00000000,0.13474941
75.00000000,2368.00000000,0.13473820
75.00000000,2369.00000000,0.13472709
75.00000000,2370.00000000,0.13471601
75.00000000,2371.00000000,0.13470507
75.00000000,2372.00000000,0.13469421
75.00000000,2373.00000000,0.13468338
75.00000000,2374.00000000,0.13467267
75.00000000,2375.00000000,0.13466204
75.00000000,2376.00000000,0.13465570
75.00000000,2377.00000000,0.13464946
75.00000000,2378.00000000,0.13464331
75.00000000,2379.00000000,0.13463719
75.00000000,2380.00000000,0.13463117
75.00000000,2381.00000000,0.13462519
75.00000000,2382.00000000,0.13461931
75.00000000,2383.00000000,0.13461349
75.00000000,2384.00000000,0.13460769
75.00000000,2385.00000000,0.13460199
75.00000000,2386.00000000,0.13459636
75.00000000,2387.00000000,0.13459074
75.00000000,2388.00000000,0.13458522
75.00000000,2389.00000000,0.13457976
75.00000000,2390.00000000,0.13457429
75.00000000,2391.00000000,0.13456893
75.00000000,2392.00000000,0.13456357
75.00000000,2393.00000000,0.13455831
75.00000000,2394.00000000,0.13455309
75.00000000,2395.00000000,0.13454788
75.00000000,2396.00000000,0.13454276
75.00000000,2397.00000000,0.13453767
75.00000000,2398.00000000,0.13453259
75.00000000,2399.00000000,0.13452761
75.00000000,2400.00000000,0.13452265
75.00000000,2401.00000000,0.13451769
75.00000000,2402.00000000,0.13451281
75.00000000,2403.00000000,0.13450799
75.00000000,2404.00000000,0.13450316
75.00000000,2405.00000000,0.13449842
75.00000000,2406.00000000,0.13449367
75.00000000,2407.00000000,0.13448902
75.00000000,2408.00000000,0.13448440
75.00000000,2409.00000000,0.13447977
75.00000000,2410.00000000,0.13447524
75.00000000,2411.00000000,0.13447075
75.00000000,2412.00000000,0.13446623
75.00000000,2413.00000000,0.13446180
75.00000000,2414.00000000,0.13445741
75.00000000,2415.00000000,0.13445301
75.00000000,2416.00000000,0.13444867
75.00000000,2417.00000000,0.13444433
75.00000000,2418.00000000,0.13444007
75.00000000,2419.00000000,0.13443583
75.00000000,2420.00000000,0.13443156
75.00000000,2421.00000000,0.13442738
75.00000000,2422.00000000,0.13442323
75.00000000,2423.00000000,0.13441905
75.00000000,2424.00000000,0.13441495
75.00000000,2425.00000000,0.13441086
75.00000000,2426.00000000,0.13440554
75.00000000,2427.00000000,0.13440029
75.00000000,2428.00000000,0.13439507
75.00000000,2429.00000000,0.13438981
75.00000000,2430.00000000,0.13438461
75.00000000,2431.00000000,0.13437939
75.00000000,2432.00000000,0.13437424
75.00000000,2433.00000000,0.13436910
75.00000000,2434.00000000,0.13436393
75.00000000,2435.00000000,0.13435883
75.00000000,2436.00000000,0.13435375
75.00000000,2437.00000000,0.13434862
75.00000000,2438.00000000,0.13434357
75.00000000,2439.00000000,0.13433853
75.00000000,2440.00000000,0.13433344
75.00000000,2441.00000000,0.13432843
75.00000000,2442.00000000,0.13432337
75.00000000,2443.00000000,0.13431839
75.00000000,2444.00000000,0.13431341
75.00000000,2445.00000000,0.13430838
75.00000000,2446.00000000,0.13430344
75.00000000,2447.00000000,0.13429849
75.00000000,2448.00000000,0.13429350
75.00000000,2449.00000000,0.13428858
75.00000000,2450.00000000,0.13428366
75.00000000,2451.00000000,0.13427870
75.00000000,2452.00000000,0.13427378
75.00000000,2453.00000000,0.13426883
75.00000000,2454.00000000,0.13426393
75.00000000,2455.00000000,0.13425904
75.00000000,2456.00000000,0.13425408
75.00000000,2457.00000000,0.13424919
75.00000000,2458.00000000,0.13424429
75.00000000,2459.00000000,0.13423933
75.00000000,2460.00000000,0.13423445
75.00000000,2461.00000000,0.13422955
75.00000000,2462.00000000,0.13422459
75.00000000,2463.00000000,0.13421968
75.00000000,2464.00000000,0.13421479
75.00000000,2465.00000000,0.13420983
75.00000000,2466.00000000,0.13420493
75.00000000,2467.00000000,0.13419995
75.00000000,2468.00000000,0.13419505
75.00000000,2469.00000000,0.13419015
75.00000000,2470.00000000,0.13418517
75.00000000,2471.00000000,0.13418027
75.00000000,2472.00000000,0.13417534
75.00000000,2473.00000000,0.13417036
75.00000000,2474.00000000,0.13416544
75.00000000,2475.00000000,0.13416052
75.00000000,2476.00000000,0.13415425
75.00000000,2477.00000000,0.13414803
75.00000000,2478.00000000,0.13414174
75.00000000,2479.00000000,0.13413553
75.00000000,2480.00000000,0.13412931
75.00000000,2481.00000000,0.13412300
75.00000000,2482.00000000,0.13411676
75.00000000,2483.00000000,0.13411053
75.00000000,2484.00000000,0.13410422
75.00000000,2485.00000000,0.13409797
75.00000000,2486.00000000,0.13409172
75.00000000,2487.00000000,0.13408539
75.00000000,2488.00000000,0.13407913
75.00000000,2489.00000000,0.13407288
75.00000000,2490.00000000,0.13406652
75.00000000,2491.00000000,0.13406026
75.00000000,2492.00000000,0.13405389
75.00000000,2493.00000000,0.13404763
75.00000000,2494.00000000,0.13404134
75.00000000,2495.00000000,0.13403497
75.00000000,2496.00000000,0.13402868
75.00000000,2497.00000000,0.13402238
75.00000000,2498.00000000,0.13401599
75.00000000,2499.00000000,0.13400968
75.00000000,2500.00000000,0.13400338
76.00000000,1765.00000000,0.10055511
76.00000000,1766.00000000,0.10055515
76.00000000,1767.00000000,0.10055525
76.00000000,1768.00000000,0.10055537
76.00000000,1769.00000000,0.10055565
76.00000000,1770.00000000,0.10055611
76.00000000,1771.00000000,0.10055680
76.00000000,1772.00000000,0.10055757
76.00000000,1773.00000000,0.10055854
76.00000000,1774.00000000,0.10055967
76.00000000,1775.00000000,0.10056096
76.00000000,1776.00000000,0.10056237
76.00000000,1777.00000000,0.10056412
76.00000000,1778.00000000,0.10056594
76.00000000,1779.00000000,0.10056782
76.00000000,1780.00000000,0.10057014
76.00000000,1781.00000000,0.10057226
76.00000000,1782.00000000,0.10057469
76.00000000,1783.00000000,0.10057732
76.00000000,1784.00000000,0.10058005
76.00000000,1785.00000000,0.10058265
76.00000000,1786.00000000,0.10058568
76.00000000,1787.00000000,0.10058869
76.00000000,1788.00000000,0.10059185
76.00000000,1789.00000000,0.10059518
76.00000000,1790.00000000,0.10059847
76.00000000,1791.00000000,0.10060193
76.00000000,1792.00000000,0.10060548
76.00000000,1793.00000000,0.10060916
76.00000000,1794.00000000,0.10061279
76.00000000,1795.00000000,0.10061659
76.00000000,1796.00000000,0.10062051
76.00000000,1797.00000000,0.10062447
76.00000000,1798.00000000,0.10062852
76.00000000,1799.00000000,0.10063255
76.00000000,1800.00000000,0.10063669
76.00000000,1801.00000000,0.10064086
76.00000000,1802.00000000,0.10064513
76.00000000,1803.00000000,0.10064939
76.00000000,1804.00000000,0.10065376
76.00000000,1805.00000000,0.10065810
76.00000000,1806.00000000,0.10066256
76.00000000,1807.00000000,0.10066703
76.00000000,1808.00000000,0.10067154
76.00000000,1809.00000000,0.10067612
76.00000000,1810.00000000,0.10068069
76.00000000,1811.00000000,0.10068537
76.00000000,1812.00000000,0.10069012
76.00000000,1813.00000000,0.10069477
76.00000000,1814.00000000,0.10069958
76.00000000,1815.00000000,0.10070444
76.00000000,1816.00000000,0.10070924
76.00000000,1817.00000000,0.10071415
76.00000000,1818.00000000,0.10071901
76.00000000,1819.00000000,0.10072398
76.00000000,1820.00000000,0.10072893
76.00000000,1821.00000000,0.10073391
76.00000000,1822.00000000,0.10073895
76.00000000,1823.00000000,0.10074401
76.00000000,1824.00000000,0.10074914
76.00000000,1825.00000000,0.10075428
76.00000000,1826.00000000,0.10075943
76.00000000,1827.00000000,0.10076465
76.00000000,1828.00000000,0.10076994
76.00000000,1829.00000000,0.10077525
76.00000000,1830.00000000,0.10078059
76.00000000,1831.00000000,0.10078592
76.00000000,1832.00000000,0.10079133
76.00000000,1833.00000000,0.10079677
76.00000000,1834.00000000,0.10080223
76.00000000,1835.00000000,0.10080782
76.00000000,1836.00000000,0.10081340
76.00000000,1837.00000000,0.10081908
76.00000000,1838.00000000,0.10082486
76.00000000,1839.00000000,0.10083066
76.00000000,1840.00000000,0.10083662
76.00000000,1841.00000000,0.10084262
76.00000000,1842.00000000,0.10085781
76.00000000,1843.00000000,0.10086407
76.00000000,1844.00000000,0.10087036
76.00000000,1845.00000000,0.10087683
76.00000000,1846.00000000,0.10088334
76.00000000,1847.00000000,0.10089304
76.00000000,1848.00000000,0.10089975
76.00000000,1849.00000000,0.10090658
76.00000000,1850.00000000,0.10091342
76.00000000,1851.00000000,0.10092036
76.00000000,1852.00000000,0.10092728
76.00000000,1853.00000000,0.10093480
76.00000000,1854.00000000,0.10094255
76.00000000,1855.00000000,0.10095032
76.00000000,1856.00000000,0.10095816
76.00000000,1857.00000000,0.10096886
76.00000000,1858.00000000,0.10097658
76.00000000,1859.00000000,0.10098430
76.00000000,1860.00000000,0.10099209
76.00000000,1861.00000000,0.10099979
76.00000000,1862.00000000,0.10100748
76.00000000,1863.00000000,0.10101432
76.00000000,1864.00000000,0.10102068
76.00000000,1865.00000000,0.10102658
76.00000000,1866.00000000,0.10103215
76.00000000,1867.00000000,0.10104053
76.00000000,1868.00000000,0.10104567
76.00000000,1869.00000000,0.10105044
76.00000000,1870.00000000,0.10105504
76.00000000,1871.00000000,0.10105943
76.00000000,1872.00000000,0.10106411
76.00000000,1873.00000000,0.10107269
76.00000000,1874.00000000,0.10107901
76.00000000,1875.00000000,0.10108559
76.00000000,1876.00000000,0.10109575
76.00000000,1877.00000000,0.10110308
76.00000000,1878.00000000,0.10111670
76.00000000,1879.00000000,0.10112141
76.00000000,1880.00000000,0.10112932
76.00000000,1881.00000000,0.10113726
76.00000000,1882.00000000,0.10114832
76.00000000,1883.00000000,0.10115576
76.00000000,1884.00000000,0.10116283
76.00000000,1885.00000000,0.10116960
76.00000000,1886.00000000,0.10117616
76.00000000,1887.00000000,0.10118574
76.00000000,1888.00000000,0.10119209
76.00000000,1889.00000000,0.10119801
76.00000000,1890.00000000,0.10120370
76.00000000,1891.00000000,0.10121206
76.00000000,1892.00000000,0.10122002
76.00000000,1893.00000000,0.10122795
76.00000000,1894.00000000,0.10123275
76.00000000,1895.00000000,0.10123785
76.00000000,1896.00000000,0.10124294
76.00000000,1897.00000000,0.10124808
76.00000000,1898.00000000,0.10125610
76.00000000,1899.00000000,0.10126397
76.00000000,1900.00000000,0.10126835
76.00000000,1901.00000000,0.10127558
76.00000000,1902.00000000,0.10127992
76.00000000,1903.00000000,0.10128744
76.00000000,1904.00000000,0.10129204
76.00000000,1905.00000000,0.10129686
76.00000000,1906.00000000,0.10132025
76.00000000,1907.00000000,0.10132251
76.00000000,1908.00000000,0.10132763
76.00000000,1909.00000000,0.10133576
76.00000000,1910.00000000,0.10134085
76.00000000,1911.00000000,0.10134881
76.00000000,1912.00000000,0.10136525
76.00000000,1913.00000000,0.10136841
76.00000000,1914.00000000,0.10137356
76.00000000,1915.00000000,0.10137819
76.00000000,1916.00000000,0.10138603
76.00000000,1917.00000000,0.10139087
76.00000000,1918.00000000,0.10139872
76.00000000,1919.00000000,0.10140364
76.00000000,1920.00000000,0.10141251
76.00000000,1921.00000000,0.10142838
76.00000000,1922.00000000,0.10143337
76.00000000,1923.00000000,0.10144849
76.00000000,1924.00000000,0.10145783
76.00000000,1925.00000000,0.10147317
76.00000000,1926.00000000,0.10149155
76.00000000,1927.00000000,0.10149788
76.00000000,1928.00000000,0.10151358
76.00000000,1929.00000000,0.10152625
76.00000000,1930.00000000,0.10156341
76.00000000,1931.00000000,0.10157760
76.00000000,1932.00000000,0.10160257
76.00000000,1933.00000000,0.10161647
76.00000000,1934.00000000,0.10163120
76.00000000,1935.00000000,0.10165825
76.00000000,1936.00000000,0.10169375
76.00000000,1937.00000000,0.10171595
76.00000000,1938.00000000,0.10173046
76.00000000,1939.00000000,0.10175902
76.00000000,1940.00000000,0.10179007
76.00000000,1941.00000000,0.10181694
76.00000000,1942.00000000,0.10183058
76.00000000,1943.00000000,0.10185945
76.00000000,1944.00000000,0.10187826
76.00000000,1945.00000000,0.10190344
76.00000000,1946.00000000,0.10192422
76.00000000,1947.00000000,0.10195973
76.00000000,1948.00000000,0.10202108
76.00000000,1949.00000000,0.10206450
76.00000000,1950.00000000,0.10204392
76.00000000,1951.00000000,0.10209632
76.00000000,1952.00000000,0.10211592
76.00000000,1953.00000000,0.10213586
76.00000000,1954.00000000,0.10215099
76.00000000,1955.00000000,0.10220458
76.00000000,1956.00000000,0.10229478
76.00000000,1957.00000000,0.10232670
76.00000000,1958.00000000,0.10237617
76.00000000,1959.00000000,0.10243393
76.00000000,1960.00000000,0.10244988
76.00000000,1961.00000000,0.10246065
76.00000000,1962.00000000,0.10247658
76.00000000,1963.00000000,0.10252194
76.00000000,1964.00000000,0.10262094
76.00000000,1965.00000000,0.10262100
76.00000000,1966.00000000,0.10270770
76.00000000,1967.00000000,0.10275337
76.00000000,1968.00000000,0.10275474
76.00000000,1969.00000000,0.10273531
76.00000000,1970.00000000,0.10276478
76.00000000,1971.00000000,0.10282076
76.00000000,1972.00000000,0.10284135
76.00000000,1973.00000000,0.10288210
76.00000000,1974.00000000,0.10293173
76.00000000,1975.00000000,0.10303103
76.00000000,1976.00000000,0.10308482
76.00000000,1977.00000000,0.10311182
76.00000000,1978.00000000,0.10312695
76.00000000,1979.00000000,0.10325404
76.00000000,1980.00000000,0.10324732
76.00000000,1981.00000000,0.10333768
76.00000000,1982.00000000,0.10344601
76.00000000,1983.00000000,0.10365965
76.00000000,1984.00000000,0.10354308
76.00000000,1985.00000000,0.10363910
76.00000000,1986.00000000,0.10373427
76.00000000,1987.00000000,0.10377912
76.00000000,1988.00000000,0.10390254
76.00000000,1989.00000000,0.10408859
76.00000000,1990.00000000,0.10380011
76.00000000,1991.00000000,0.10375579
76.00000000,1992.00000000,0.10393851
76.00000000,1993.00000000,0.10409518
76.00000000,1994.00000000,0.10403331
76.00000000,1995.00000000,0.10363867
76.00000000,1996.00000000,0.10401605
76.00000000,1997.00000000,0.10362531
76.00000000,1998.00000000,0.10374935
76.00000000,1999.00000000,0.10412395
76.00000000,2000.00000000,0.10410214
76.00000000,2001.00000000,0.10413784
76.00000000,2002.00000000,0.10416159
76.00000000,2003.00000000,0.10439956
76.00000000,2004.00000000,0.10440793
76.00000000,2005.00000000,0.10464433
76.00000000,2006.00000000,0.10435864
76.00000000,2007.00000000,0.10400481
76.00000000,2008.00000000,0.10370670
76.00000000,2009.00000000,0.10382271
76.00000000,2010.00000000,0.10403801
76.00000000,2011.00000000,0.10417274
76.00000000,2012.00000000,0.10445215
76.00000000,2013.00000000,0.10465671
76.00000000,2014.00000000,0.10442162
76.00000000,2015.00000000,0.10453426
76.00000000,2016.00000000,0.10481466
76.00000000,2017.00000000,0.10487759
76.00000000,2018.00000000,0.10485767
76.00000000,2019.00000000,0.10495815
76.00000000,2020.00000000,0.10488708
76.00000000,2021.00000000,0.10417480
76.00000000,2022.00000000,0.10435851
76.00000000,2023.00000000,0.10476809
76.00000000,2024.00000000,0.10494887
76.00000000,2025.00000000,0.10475337
76.00000000,2026.00000000,0.10533278
76.00000000,2027.00000000,0.10569628
76.00000000,2028.00000000,0.10573467
76.00000000,2029.00000000,0.10582393
76.00000000,2030.00000000,0.10585196
76.00000000,2031.00000000,0.10633520
76.00000000,2032.00000000,0.10669157
76.00000000,2033.00000000,0.10692076
76.00000000,2034.00000000,0.10705502
76.00000000,2035.00000000,0.10740007
76.00000000,2036.00000000,0.10769392
76.00000000,2037.00000000,0.10769963
76.00000000,2038.00000000,0.10796574
76.00000000,2039.00000000,0.10835409
76.00000000,2040.00000000,0.10877678
76.00000000,2041.00000000,0.10913131
76.00000000,2042.00000000,0.10955175
76.00000000,2043.00000000,0.10981331
76.00000000,2044.00000000,0.11027965
76.00000000,2045.00000000,0.11084555
76.00000000,2046.00000000,0.11159453
76.00000000,2047.00000000,0.11198964
76.00000000,2048.00000000,0.11242004
76.00000000,2049.00000000,0.11304447
76.00000000,2050.00000000,0.11301088
76.00000000,2051.00000000,0.11286674
76.00000000,2052.00000000,0.11357648
76.00000000,2053.00000000,0.11393293
76.00000000,2054.00000000,0.11408646
76.00000000,2055.00000000,0.11482841
76.00000000,2056.00000000,0.11460297
76.00000000,2057.00000000,0.11406564
76.00000000,2058.00000000,0.11387994
76.00000000,2059.00000000,0.11376311
76.00000000,2060.00000000,0.11420695
76.00000000,2061.00000000,0.11457598
76.00000000,2062.00000000,0.11497904
76.00000000,2063.00000000,0.11531738
76.00000000,2064.00000000,0.11584921
76.00000000,2065.00000000,0.11613888
76.00000000,2066.00000000,0.11623244
76.00000000,2067.00000000,0.11642931
76.00000000,2068.00000000,0.11604294
76.00000000,2069.00000000,0.11600522
76.00000000,2070.00000000,0.11628447
76.00000000,2071.00000000,0.11659957
76.00000000,2072.00000000,0.11693976
76.00000000,2073.00000000,0.11720242
76.00000000,2074.00000000,0.11707833
76.00000000,2075.00000000,0.11699336
76.00000000,2076.00000000,0.11742891
76.00000000,2077.00000000,0.11785521
76.00000000,2078.00000000,0.11798724
76.00000000,2079.00000000,0.11891247
76.00000000,2080.00000000,0.11997717
76.00000000,2081.00000000,0.12080458
76.00000000,2082.00000000,0.12133514
76.00000000,2083.00000000,0.12187111
76.00000000,2084.00000000,0.12241219
76.00000000,2085.00000000,0.12295797
76.00000000,2086.00000000,0.12350837
76.00000000,2087.00000000,0.12425647
76.00000000,2088.00000000,0.12500867
76.00000000,2089.00000000,0.12576509
76.00000000,2090.00000000,0.12652537
76.00000000,2091.00000000,0.12728932
76.00000000,2092.00000000,0.12805743
76.00000000,2093.00000000,0.12882979
76.00000000,2094.00000000,0.12960635
76.00000000,2095.00000000,0.13038737
76.00000000,2096.00000000,0.13117256
76.00000000,2097.00000000,0.13187676
76.00000000,2098.00000000,0.13258509
76.00000000,2099.00000000,0.13329723
76.00000000,2100.00000000,0.13401303
76.00000000,2101.00000000,0.13473267
76.00000000,2102.00000000,0.13545630
76.00000000,2103.00000000,0.13618420
76.00000000,2104.00000000,0.13691664
76.00000000,2105.00000000,0.13765360
76.00000000,2106.00000000,0.13839509
76.00000000,2107.00000000,0.13931713
76.00000000,2108.00000000,0.14024354
76.00000000,2109.00000000,0.14117413
76.00000000,2110.00000000,0.14210868
76.00000000,2111.00000000,0.14304693
76.00000000,2112.00000000,0.14398893
76.00000000,2113.00000000,0.14493425
76.00000000,2114.00000000,0.14588297
76.00000000,2115.00000000,0.14683484
76.00000000,2116.00000000,0.14778968
76.00000000,2117.00000000,0.14887555
76.00000000,2118.00000000,0.14996419
76.00000000,2119.00000000,0.15105533
76.00000000,2120.00000000,0.15214883
76.00000000,2121.00000000,0.15324440
76.00000000,2122.00000000,0.15434195
76.00000000,2123.00000000,0.15544130
76.00000000,2124.00000000,0.15654210
76.00000000,2125.00000000,0.15764442
76.00000000,2126.00000000,0.15874794
76.00000000,2127.00000000,0.15984524
76.00000000,2128.00000000,0.16094340
76.00000000,2129.00000000,0.16204235
76.00000000,2130.00000000,0.16314179
76.00000000,2131.00000000,0.16424161
76.00000000,2132.00000000,0.16534159
76.00000000,2133.00000000,0.16644140
76.00000000,2134.00000000,0.16754112
76.00000000,2135.00000000,0.16864035
76.00000000,2136.00000000,0.16973878
76.00000000,2137.00000000,0.17055641
76.00000000,2138.00000000,0.17137284
76.00000000,2139.00000000,0.17218802
76.00000000,2140.00000000,0.17300184
76.00000000,2141.00000000,0.17381408
76.00000000,2142.00000000,0.17462485
76.00000000,2143.00000000,0.17543394
76.00000000,2144.00000000,0.17624112
76.00000000,2145.00000000,0.17704649
76.00000000,2146.00000000,0.17784980
76.00000000,2147.00000000,0.17839869
76.00000000,2148.00000000,0.17894532
76.00000000,2149.00000000,0.17948942
76.00000000,2150.00000000,0.18003126
76.00000000,2151.00000000,0.18057167
76.00000000,2152.00000000,0.18111327
76.00000000,2153.00000000,0.18165874
76.00000000,2154.00000000,0.18220947
76.00000000,2155.00000000,0.18276594
76.00000000,2156.00000000,0.18332833
76.00000000,2157.00000000,0.18375594
76.00000000,2158.00000000,0.18418898
76.00000000,2159.00000000,0.18462751
76.00000000,2160.00000000,0.18507115
76.00000000,2161.00000000,0.18551968
76.00000000,2162.00000000,0.18597286
76.00000000,2163.00000000,0.18643032
76.00000000,2164.00000000,0.18689207
76.00000000,2165.00000000,0.18735773
76.00000000,2166.00000000,0.18782705
76.00000000,2167.00000000,0.18815472
76.00000000,2168.00000000,0.18848546
76.00000000,2169.00000000,0.18881909
76.00000000,2170.00000000,0.18915559
76.00000000,2171.00000000,0.18949472
76.00000000,2172.00000000,0.18983629
76.00000000,2173.00000000,0.19018031
76.00000000,2174.00000000,0.19052647
76.00000000,2175.00000000,0.19087483
76.00000000,2176.00000000,0.19122513
76.00000000,2177.00000000,0.19146551
76.00000000,2178.00000000,0.19170744
76.00000000,2179.00000000,0.19195087
76.00000000,2180.00000000,0.19219561
76.00000000,2181.00000000,0.19244179
76.00000000,2182.00000000,0.19268922
76.00000000,2183.00000000,0.19293782
76.00000000,2184.00000000,0.19318755
76.00000000,2185.00000000,0.19343824
76.00000000,2186.00000000,0.19369002
76.00000000,2187.00000000,0.19394272
76.00000000,2188.00000000,0.19419629
76.00000000,2189.00000000,0.19445068
76.00000000,2190.00000000,0.19470586
76.00000000,2191.00000000,0.19496168
76.00000000,2192.00000000,0.19521825
76.00000000,2193.00000000,0.19547542
76.00000000,2194.00000000,0.19573309
76.00000000,2195.00000000,0.19599136
76.00000000,2196.00000000,0.19625015
76.00000000,2197.00000000,0.19650938
76.00000000,2198.00000000,0.19676903
76.00000000,2199.00000000,0.19702903
76.00000000,2200.00000000,0.19728941
76.00000000,2201.00000000,0.19755011
76.00000000,2202.00000000,0.19781098
76.00000000,2203.00000000,0.19807216
76.00000000,2204.00000000,0.19833362
76.00000000,2205.00000000,0.19859514
76.00000000,2206.00000000,0.19885686
76.00000000,2207.00000000,0.19911866
76.00000000,2208.00000000,0.19938054
76.00000000,2209.00000000,0.19964248
76.00000000,2210.00000000,0.19990437
76.00000000,2211.00000000,0.20016628
76.00000000,2212.00000000,0.20042813
76.00000000,2213.00000000,0.20068983
76.00000000,2214.00000000,0.20095152
76.00000000,2215.00000000,0.20121303
76.00000000,2216.00000000,0.20147429
76.00000000,2217.00000000,0.20173537
76.00000000,2218.00000000,0.20199628
76.00000000,2219.00000000,0.20225680
76.00000000,2220.00000000,0.20251706
76.00000000,2221.00000000,0.20277694
76.00000000,2222.00000000,0.20303649
76.00000000,2223.00000000,0.20329558
76.00000000,2224.00000000,0.20355415
76.00000000,2225.00000000,0.20381219
76.00000000,2226.00000000,0.20406953
76.00000000,2227.00000000,0.20354030
76.00000000,2228.00000000,0.20300870
76.00000000,2229.00000000,0.20247471
76.00000000,2230.00000000,0.20193838
76.00000000,2231.00000000,0.20139987
76.00000000,2232.00000000,0.20085918
76.00000000,2233.00000000,0.20031632
76.00000000,2234.00000000,0.19977147
76.00000000,2235.00000000,0.19922457
76.00000000,2236.00000000,0.19867579
76.00000000,2237.00000000,0.19812514
76.00000000,2238.00000000,0.19757259
76.00000000,2239.00000000,0.19701832
76.00000000,2240.00000000,0.19646232
76.00000000,2241.00000000,0.19590459
76.00000000,2242.00000000,0.19534527
76.00000000,2243.00000000,0.19478434
76.00000000,2244.00000000,0.19422174
76.00000000,2245.00000000,0.19365776
76.00000000,2246.00000000,0.19309215
76.00000000,2247.00000000,0.19252519
76.00000000,2248.00000000,0.19195682
76.00000000,2249.00000000,0.19138675
76.00000000,2250.00000000,0.19081395
76.00000000,2251.00000000,0.19023590
76.00000000,2252.00000000,0.18965044
76.00000000,2253.00000000,0.18905645
76.00000000,2254.00000000,0.18845350
76.00000000,2255.00000000,0.18784153
76.00000000,2256.00000000,0.18722067
76.00000000,2257.00000000,0.18659107
76.00000000,2258.00000000,0.18595282
76.00000000,2259.00000000,0.18530631
76.00000000,2260.00000000,0.18465165
76.00000000,2261.00000000,0.18398930
76.00000000,2262.00000000,0.18331958
76.00000000,2263.00000000,0.18264286
76.00000000,2264.00000000,0.18195951
76.00000000,2265.00000000,0.18126978
76.00000000,2266.00000000,0.18057384
76.00000000,2267.00000000,0.17987204
76.00000000,2268.00000000,0.17916450
76.00000000,2269.00000000,0.17845143
76.00000000,2270.00000000,0.17773308
76.00000000,2271.00000000,0.17700958
76.00000000,2272.00000000,0.17628117
76.00000000,2273.00000000,0.17554803
76.00000000,2274.00000000,0.17481025
76.00000000,2275.00000000,0.17406809
76.00000000,2276.00000000,0.17332171
76.00000000,2277.00000000,0.17257115
76.00000000,2278.00000000,0.17181674
76.00000000,2279.00000000,0.17105852
76.00000000,2280.00000000,0.17029665
76.00000000,2281.00000000,0.16953129
76.00000000,2282.00000000,0.16876260
76.00000000,2283.00000000,0.16799061
76.00000000,2284.00000000,0.16721554
76.00000000,2285.00000000,0.16643747
76.00000000,2286.00000000,0.16565655
76.00000000,2287.00000000,0.16487287
76.00000000,2288.00000000,0.16408652
76.00000000,2289.00000000,0.16329765
76.00000000,2290.00000000,0.16250637
76.00000000,2291.00000000,0.16171271
76.00000000,2292.00000000,0.16091684
76.00000000,2293.00000000,0.16011885
76.00000000,2294.00000000,0.15931877
76.00000000,2295.00000000,0.15851675
76.00000000,2296.00000000,0.15771284
76.00000000,2297.00000000,0.15690718
76.00000000,2298.00000000,0.15609980
76.00000000,2299.00000000,0.15529078
76.00000000,2300.00000000,0.15448025
76.00000000,2301.00000000,0.15366824
76.00000000,2302.00000000,0.15285476
76.00000000,2303.00000000,0.15203998
76.00000000,2304.00000000,0.15122392
76.00000000,2305.00000000,0.15040659
76.00000000,2306.00000000,0.14958813
76.00000000,2307.00000000,0.14876856
76.00000000,2308.00000000,0.14794799
76.00000000,2309.00000000,0.14712646
76.00000000,2310.00000000,0.14630397
76.00000000,2311.00000000,0.14548068
76.00000000,2312.00000000,0.14465660
76.00000000,2313.00000000,0.14383175
76.00000000,2314.00000000,0.14300625
76.00000000,2315.00000000,0.14218012
76.00000000,2316.00000000,0.14135338
76.00000000,2317.00000000,0.14052616
76.00000000,2318.00000000,0.13969846
76.00000000,2319.00000000,0.13887030
76.00000000,2320.00000000,0.13804181
76.00000000,2321.00000000,0.13721296
76.00000000,2322.00000000,0.13638389
76.00000000,2323.00000000,0.13555461
76.00000000,2324.00000000,0.13472522
76.00000000,2325.00000000,0.13407169
76.00000000,2326.00000000,0.13393598
76.00000000,2327.00000000,0.13394195
76.00000000,2328.00000000,0.13394822
76.00000000,2329.00000000,0.13395472
76.00000000,2330.00000000,0.13396144
76.00000000,2331.00000000,0.13396842
76.00000000,2332.00000000,0.13399778
76.00000000,2333.00000000,0.13402740
76.00000000,2334.00000000,0.13405724
76.00000000,2335.00000000,0.13408726
76.00000000,2336.00000000,0.13411751
76.00000000,2337.00000000,0.13410408
76.00000000,2338.00000000,0.13409080
76.00000000,2339.00000000,0.13407772
76.00000000,2340.00000000,0.13406480
76.00000000,2341.00000000,0.13405201
76.00000000,2342.00000000,0.13403943
76.00000000,2343.00000000,0.13402700
76.00000000,2344.00000000,0.13401467
76.00000000,2345.00000000,0.13400254
76.00000000,2346.00000000,0.13399050
76.00000000,2347.00000000,0.13397865
76.00000000,2348.00000000,0.13396693
76.00000000,2349.00000000,0.13395531
76.00000000,2350.00000000,0.13394387
76.00000000,2351.00000000,0.13393254
76.00000000,2352.00000000,0.13391941
76.00000000,2353.00000000,0.13390644
76.00000000,2354.00000000,0.13389362
76.00000000,2355.00000000,0.13388085
76.00000000,2356.00000000,0.13386826
76.00000000,2357.00000000,0.13385574
76.00000000,2358.00000000,0.13384339
76.00000000,2359.00000000,0.13383113
76.00000000,2360.00000000,0.13381895
76.00000000,2361.00000000,0.13380693
76.00000000,2362.00000000,0.13379500
76.00000000,2363.00000000,0.13378315
76.00000000,2364.00000000,0.13377142
76.00000000,2365.00000000,0.13375980
76.00000000,2366.00000000,0.13374823
76.00000000,2367.00000000,0.13373679
76.00000000,2368.00000000,0.13372542
76.00000000,2369.00000000,0.13371415
76.00000000,2370.00000000,0.13370300
76.00000000,2371.00000000,0.13369186
76.00000000,2372.00000000,0.13368087
76.00000000,2373.00000000,0.13366995
76.00000000,2374.00000000,0.13365907
76.00000000,2375.00000000,0.13364832
76.00000000,2376.00000000,0.13363763
76.00000000,2377.00000000,0.13363120
76.00000000,2378.00000000,0.13362488
76.00000000,2379.00000000,0.13361865
76.00000000,2380.00000000,0.13361244
76.00000000,2381.00000000,0.13360634
76.00000000,2382.00000000,0.13360026
76.00000000,2383.00000000,0.13359429
76.00000000,2384.00000000,0.13358839
76.00000000,2385.00000000,0.13358250
76.00000000,2386.00000000,0.13357672
76.00000000,2387.00000000,0.13357099
76.00000000,2388.00000000,0.13356529
76.00000000,2389.00000000,0.13355968
76.00000000,2390.00000000,0.13355412
76.00000000,2391.00000000,0.13354858
76.00000000,2392.00000000,0.13354313
76.00000000,2393.00000000,0.13353767
76.00000000,2394.00000000,0.13353233
76.00000000,2395.00000000,0.13352702
76.00000000,2396.00000000,0.13352172
76.00000000,2397.00000000,0.13351650
76.00000000,2398.00000000,0.13351133
76.00000000,2399.00000000,0.13350615
76.00000000,2400.00000000,0.13350106
76.00000000,2401.00000000,0.13349602
76.00000000,2402.00000000,0.13349097
76.00000000,2403.00000000,0.13348601
76.00000000,2404.00000000,0.13348109
76.00000000,2405.00000000,0.13347617
76.00000000,2406.00000000,0.13347136
76.00000000,2407.00000000,0.13346653
76.00000000,2408.00000000,0.13346179
76.00000000,2409.00000000,0.13345709
76.00000000,2410.00000000,0.13345237
76.00000000,2411.00000000,0.13344776
76.00000000,2412.00000000,0.13344318
76.00000000,2413.00000000,0.13343857
76.00000000,2414.00000000,0.13343406
76.00000000,2415.00000000,0.13342957
76.00000000,2416.00000000,0.13342508
76.00000000,2417.00000000,0.13342067
76.00000000,2418.00000000,0.13341622
76.00000000,2419.00000000,0.13341187
76.00000000,2420.00000000,0.13340754
76.00000000,2421.00000000,0.13340319
76.00000000,2422.00000000,0.13339892
76.00000000,2423.00000000,0.13339468
76.00000000,2424.00000000,0.13339040
76.00000000,2425.00000000,0.13338621
76.00000000,2426.00000000,0.13338203
76.00000000,2427.00000000,0.13337662
76.00000000,2428.00000000,0.13337129
76.00000000,2429.00000000,0.13336598
76.00000000,2430.00000000,0.13336062
76.00000000,2431.00000000,0.13335536
76.00000000,2432.00000000,0.13335004
76.00000000,2433.00000000,0.13334482
76.00000000,2434.00000000,0.13333959
76.00000000,2435.00000000,0.13333432
76.00000000,2436.00000000,0.13332914
76.00000000,2437.00000000,0.13332398
76.00000000,2438.00000000,0.13331876
76.00000000,2439.00000000,0.13331362
76.00000000,2440.00000000,0.13330850
76.00000000,2441.00000000,0.13330333
76.00000000,2442.00000000,0.13329823
76.00000000,2443.00000000,0.13329308
76.00000000,2444.00000000,0.13328801
76.00000000,2445.00000000,0.13328294
76.00000000,2446.00000000,0.13327783
76.00000000,2447.00000000,0.13327278
76.00000000,2448.00000000,0.13326776
76.00000000,2449.00000000,0.13326267
76.00000000,2450.00000000,0.13325767
76.00000000,2451.00000000,0.13325265
76.00000000,2452.00000000,0.13324760
76.00000000,2453.00000000,0.13324261
76.00000000,2454.00000000,0.13323754
76.00000000,2455.00000000,0.13323255
76.00000000,2456.00000000,0.13322756
76.00000000,2457.00000000,0.13322250
76.00000000,2458.00000000,0.13321751
76.00000000,2459.00000000,0.13321254
76.00000000,2460.00000000,0.13320748
76.00000000,2461.00000000,0.13320248
76.00000000,2462.00000000,0.13319750
76.00000000,2463.00000000,0.13319243
76.00000000,2464.00000000,0.13318744
76.00000000,2465.00000000,0.13318245
76.00000000,2466.00000000,0.13317739
76.00000000,2467.00000000,0.13317240
76.00000000,2468.00000000,0.13316733
76.00000000,2469.00000000,0.13316234
76.00000000,2470.00000000,0.13315733
76.00000000,2471.00000000,0.13315227
76.00000000,2472.00000000,0.13314725
76.00000000,2473.00000000,0.13314225
76.00000000,2474.00000000,0.13313717
76.00000000,2475.00000000,0.13313216
76.00000000,2476.00000000,0.13312714
76.00000000,2477.00000000,0.13312078
76.00000000,2478.00000000,0.13311448
76.00000000,2479.00000000,0.13310810
76.00000000,2480.00000000,0.13310180
76.00000000,2481.00000000,0.13309549
76.00000000,2482.00000000,0.13308911
76.00000000,2483.00000000,0.13308279
76.00000000,2484.00000000,0.13307647
76.00000000,2485.00000000,0.13307007
76.00000000,2486.00000000,0.13306373
76.00000000,2487.00000000,0.13305740
76.00000000,2488.00000000,0.13305098
76.00000000,2489.00000000,0.13304466
76.00000000,2490.00000000,0.13303830
76.00000000,2491.00000000,0.13303187
76.00000000,2492.00000000,0.13302552
76.00000000,2493.00000000,0.13301907
76.00000000,2494.00000000,0.13301271
76.00000000,2495.00000000,0.13300635
76.00000000,2496.00000000,0.13299989
76.00000000,2497.00000000,0.13299351
76.00000000,2498.00000000,0.13298714
76.00000000,2499.00000000,0.13298065
76.00000000,2500.00000000,0.13297427
77.00000000,1765.00000000,0.09961981
77.00000000,1766.00000000,0.09961978
77.00000000,1767.00000000,0.09961987
77.00000000,1768.00000000,0.09962008
77.00000000,1769.00000000,0.09962034
77.00000000,1770.00000000,0.09962077
77.00000000,1771.00000000,0.09962140
77.00000000,1772.00000000,0.09962226
77.00000000,1773.00000000,0.09962319
77.00000000,1774.00000000,0.09962433
77.00000000,1775.00000000,0.09962563
77.00000000,1776.00000000,0.09962709
77.00000000,1777.00000000,0.09962866
77.00000000,1778.00000000,0.09963059
77.00000000,1779.00000000,0.09963255
77.00000000,1780.00000000,0.09963460
77.00000000,1781.00000000,0.09963706
77.00000000,1782.00000000,0.09963931
77.00000000,1783.00000000,0.09964188
77.00000000,1784.00000000,0.09964464
77.00000000,1785.00000000,0.09964748
77.00000000,1786.00000000,0.09965020
77.00000000,1787.00000000,0.09965335
77.00000000,1788.00000000,0.09965646
77.00000000,1789.00000000,0.09965973
77.00000000,1790.00000000,0.09966315
77.00000000,1791.00000000,0.09966654
77.00000000,1792.00000000,0.09967008
77.00000000,1793.00000000,0.09967371
77.00000000,1794.00000000,0.09967746
77.00000000,1795.00000000,0.09968117
77.00000000,1796.00000000,0.09968504
77.00000000,1797.00000000,0.09968903
77.00000000,1798.00000000,0.09969304
77.00000000,1799.00000000,0.09969714
77.00000000,1800.00000000,0.09970123
77.00000000,1801.00000000,0.09970542
77.00000000,1802.00000000,0.09970962
77.00000000,1803.00000000,0.09971393
77.00000000,1804.00000000,0.09971822
77.00000000,1805.00000000,0.09972263
77.00000000,1806.00000000,0.09972701
77.00000000,1807.00000000,0.09973150
77.00000000,1808.00000000,0.09973600
77.00000000,1809.00000000,0.09974054
77.00000000,1810.00000000,0.09974515
77.00000000,1811.00000000,0.09974975
77.00000000,1812.00000000,0.09975444
77.00000000,1813.00000000,0.09975922
77.00000000,1814.00000000,0.09976388
77.00000000,1815.00000000,0.09976871
77.00000000,1816.00000000,0.09977358
77.00000000,1817.00000000,0.09977838
77.00000000,1818.00000000,0.09978329
77.00000000,1819.00000000,0.09978815
77.00000000,1820.00000000,0.09979311
77.00000000,1821.00000000,0.09979808
77.00000000,1822.00000000,0.09980305
77.00000000,1823.00000000,0.09980809
77.00000000,1824.00000000,0.09981316
77.00000000,1825.00000000,0.09981827
77.00000000,1826.00000000,0.09982339
77.00000000,1827.00000000,0.09982855
77.00000000,1828.00000000,0.09983374
77.00000000,1829.00000000,0.09983903
77.00000000,1830.00000000,0.09984430
77.00000000,1831.00000000,0.09984961
77.00000000,1832.00000000,0.09985492
77.00000000,1833.00000000,0.09986027
77.00000000,1834.00000000,0.09986568
77.00000000,1835.00000000,0.09987116
77.00000000,1836.00000000,0.09987667
77.00000000,1837.00000000,0.09988223
77.00000000,1838.00000000,0.09988790
77.00000000,1839.00000000,0.09989360
77.00000000,1840.00000000,0.09989941
77.00000000,1841.00000000,0.09990529
77.00000000,1842.00000000,0.09991125
77.00000000,1843.00000000,0.09992637
77.00000000,1844.00000000,0.09993254
77.00000000,1845.00000000,0.09993883
77.00000000,1846.00000000,0.09994520
77.00000000,1847.00000000,0.09995170
77.00000000,1848.00000000,0.09996127
77.00000000,1849.00000000,0.09996797
77.00000000,1850.00000000,0.09997471
77.00000000,1851.00000000,0.09998148
77.00000000,1852.00000000,0.09998830
77.00000000,1853.00000000,0.09999565
77.00000000,1854.00000000,0.10000329
77.00000000,1855.00000000,0.10001101
77.00000000,1856.00000000,0.10001857
77.00000000,1857.00000000,0.10002626
77.00000000,1858.00000000,0.10003682
77.00000000,1859.00000000,0.10004445
77.00000000,1860.00000000,0.10005207
77.00000000,1861.00000000,0.10005976
77.00000000,1862.00000000,0.10006721
77.00000000,1863.00000000,0.10007409
77.00000000,1864.00000000,0.10008029
77.00000000,1865.00000000,0.10008614
77.00000000,1866.00000000,0.10009162
77.00000000,1867.00000000,0.10009680
77.00000000,1868.00000000,0.10010487
77.00000000,1869.00000000,0.10010964
77.00000000,1870.00000000,0.10011414
77.00000000,1871.00000000,0.10011846
77.00000000,1872.00000000,0.10012306
77.00000000,1873.00000000,0.10012851
77.00000000,1874.00000000,0.10013769
77.00000000,1875.00000000,0.10014432
77.00000000,1876.00000000,0.10015125
77.00000000,1877.00000000,0.10016153
77.00000000,1878.00000000,0.10016908
77.00000000,1879.00000000,0.10018275
77.00000000,1880.00000000,0.10018758
77.00000000,1881.00000000,0.10019543
77.00000000,1882.00000000,0.10020339
77.00000000,1883.00000000,0.10021379
77.00000000,1884.00000000,0.10022077
77.00000000,1885.00000000,0.10022745
77.00000000,1886.00000000,0.10023406
77.00000000,1887.00000000,0.10024039
77.00000000,1888.00000000,0.10024978
77.00000000,1889.00000000,0.10025572
77.00000000,1890.00000000,0.10026131
77.00000000,1891.00000000,0.10026654
77.00000000,1892.00000000,0.10027448
77.00000000,1893.00000000,0.10028226
77.00000000,1894.00000000,0.10029015
77.00000000,1895.00000000,0.10029512
77.00000000,1896.00000000,0.10030020
77.00000000,1897.00000000,0.10030526
77.00000000,1898.00000000,0.10031019
77.00000000,1899.00000000,0.10031798
77.00000000,1900.00000000,0.10032537
77.00000000,1901.00000000,0.10032946
77.00000000,1902.00000000,0.10033676
77.00000000,1903.00000000,0.10034120
77.00000000,1904.00000000,0.10034878
77.00000000,1905.00000000,0.10035361
77.00000000,1906.00000000,0.10035864
77.00000000,1907.00000000,0.10038204
77.00000000,1908.00000000,0.10038413
77.00000000,1909.00000000,0.10038920
77.00000000,1910.00000000,0.10039729
77.00000000,1911.00000000,0.10040224
77.00000000,1912.00000000,0.10040944
77.00000000,1913.00000000,0.10042467
77.00000000,1914.00000000,0.10042680
77.00000000,1915.00000000,0.10043137
77.00000000,1916.00000000,0.10043612
77.00000000,1917.00000000,0.10044390
77.00000000,1918.00000000,0.10044863
77.00000000,1919.00000000,0.10045652
77.00000000,1920.00000000,0.10046225
77.00000000,1921.00000000,0.10047190
77.00000000,1922.00000000,0.10048894
77.00000000,1923.00000000,0.10049478
77.00000000,1924.00000000,0.10051004
77.00000000,1925.00000000,0.10051919
77.00000000,1926.00000000,0.10053429
77.00000000,1927.00000000,0.10055258
77.00000000,1928.00000000,0.10055898
77.00000000,1929.00000000,0.10057452
77.00000000,1930.00000000,0.10058729
77.00000000,1931.00000000,0.10062550
77.00000000,1932.00000000,0.10064123
77.00000000,1933.00000000,0.10066714
77.00000000,1934.00000000,0.10068173
77.00000000,1935.00000000,0.10069643
77.00000000,1936.00000000,0.10072266
77.00000000,1937.00000000,0.10075673
77.00000000,1938.00000000,0.10077719
77.00000000,1939.00000000,0.10079045
77.00000000,1940.00000000,0.10081798
77.00000000,1941.00000000,0.10084750
77.00000000,1942.00000000,0.10087284
77.00000000,1943.00000000,0.10088548
77.00000000,1944.00000000,0.10091353
77.00000000,1945.00000000,0.10093209
77.00000000,1946.00000000,0.10095838
77.00000000,1947.00000000,0.10098111
77.00000000,1948.00000000,0.10101734
77.00000000,1949.00000000,0.10107827
77.00000000,1950.00000000,0.10112114
77.00000000,1951.00000000,0.10110049
77.00000000,1952.00000000,0.10115319
77.00000000,1953.00000000,0.10117275
77.00000000,1954.00000000,0.10119234
77.00000000,1955.00000000,0.10120763
77.00000000,1956.00000000,0.10126075
77.00000000,1957.00000000,0.10134977
77.00000000,1958.00000000,0.10138081
77.00000000,1959.00000000,0.10142907
77.00000000,1960.00000000,0.10148410
77.00000000,1961.00000000,0.10149777
77.00000000,1962.00000000,0.10150742
77.00000000,1963.00000000,0.10152219
77.00000000,1964.00000000,0.10156591
77.00000000,1965.00000000,0.10166250
77.00000000,1966.00000000,0.10166078
77.00000000,1967.00000000,0.10174521
77.00000000,1968.00000000,0.10178859
77.00000000,1969.00000000,0.10178733
77.00000000,1970.00000000,0.10176500
77.00000000,1971.00000000,0.10179012
77.00000000,1972.00000000,0.10184047
77.00000000,1973.00000000,0.10185646
77.00000000,1974.00000000,0.10189328
77.00000000,1975.00000000,0.10194034
77.00000000,1976.00000000,0.10203842
77.00000000,1977.00000000,0.10209206
77.00000000,1978.00000000,0.10211872
77.00000000,1979.00000000,0.10213345
77.00000000,1980.00000000,0.10225873
77.00000000,1981.00000000,0.10225207
77.00000000,1982.00000000,0.10234445
77.00000000,1983.00000000,0.10245756
77.00000000,1984.00000000,0.10267500
77.00000000,1985.00000000,0.10256367
77.00000000,1986.00000000,0.10266154
77.00000000,1987.00000000,0.10275720
77.00000000,1988.00000000,0.10280211
77.00000000,1989.00000000,0.10292430
77.00000000,1990.00000000,0.10310835
77.00000000,1991.00000000,0.10282202
77.00000000,1992.00000000,0.10277891
77.00000000,1993.00000000,0.10296121
77.00000000,1994.00000000,0.10311838
77.00000000,1995.00000000,0.10305852
77.00000000,1996.00000000,0.10266753
77.00000000,1997.00000000,0.10304159
77.00000000,1998.00000000,0.10265333
77.00000000,1999.00000000,0.10277644
77.00000000,2000.00000000,0.10314862
77.00000000,2001.00000000,0.10312693
77.00000000,2002.00000000,0.10316199
77.00000000,2003.00000000,0.10318576
77.00000000,2004.00000000,0.10342042
77.00000000,2005.00000000,0.10342521
77.00000000,2006.00000000,0.10365452
77.00000000,2007.00000000,0.10336601
77.00000000,2008.00000000,0.10301043
77.00000000,2009.00000000,0.10271064
77.00000000,2010.00000000,0.10282202
77.00000000,2011.00000000,0.10303208
77.00000000,2012.00000000,0.10316239
77.00000000,2013.00000000,0.10343598
77.00000000,2014.00000000,0.10363527
77.00000000,2015.00000000,0.10339862
77.00000000,2016.00000000,0.10350683
77.00000000,2017.00000000,0.10378155
77.00000000,2018.00000000,0.10384076
77.00000000,2019.00000000,0.10381798
77.00000000,2020.00000000,0.10391477
77.00000000,2021.00000000,0.10384163
77.00000000,2022.00000000,0.10313320
77.00000000,2023.00000000,0.10331334
77.00000000,2024.00000000,0.10371765
77.00000000,2025.00000000,0.10389540
77.00000000,2026.00000000,0.10370028
77.00000000,2027.00000000,0.10427352
77.00000000,2028.00000000,0.10463280
77.00000000,2029.00000000,0.10466989
77.00000000,2030.00000000,0.10475755
77.00000000,2031.00000000,0.10478445
77.00000000,2032.00000000,0.10526237
77.00000000,2033.00000000,0.10561419
77.00000000,2034.00000000,0.10583965
77.00000000,2035.00000000,0.10597096
77.00000000,2036.00000000,0.10631107
77.00000000,2037.00000000,0.10660043
77.00000000,2038.00000000,0.10660429
77.00000000,2039.00000000,0.10686620
77.00000000,2040.00000000,0.10724939
77.00000000,2041.00000000,0.10766656
77.00000000,2042.00000000,0.10801594
77.00000000,2043.00000000,0.10843041
77.00000000,2044.00000000,0.10868721
77.00000000,2045.00000000,0.10914686
77.00000000,2046.00000000,0.10970518
77.00000000,2047.00000000,0.11044487
77.00000000,2048.00000000,0.11083401
77.00000000,2049.00000000,0.11125818
77.00000000,2050.00000000,0.11187467
77.00000000,2051.00000000,0.11183934
77.00000000,2052.00000000,0.11169458
77.00000000,2053.00000000,0.11239588
77.00000000,2054.00000000,0.11274729
77.00000000,2055.00000000,0.11289774
77.00000000,2056.00000000,0.11363119
77.00000000,2057.00000000,0.11340640
77.00000000,2058.00000000,0.11287272
77.00000000,2059.00000000,0.11268747
77.00000000,2060.00000000,0.11257048
77.00000000,2061.00000000,0.11300913
77.00000000,2062.00000000,0.11337439
77.00000000,2063.00000000,0.11377418
77.00000000,2064.00000000,0.11411044
77.00000000,2065.00000000,0.11463867
77.00000000,2066.00000000,0.11492719
77.00000000,2067.00000000,0.11502152
77.00000000,2068.00000000,0.11521816
77.00000000,2069.00000000,0.11483699
77.00000000,2070.00000000,0.11480111
77.00000000,2071.00000000,0.11507929
77.00000000,2072.00000000,0.11539350
77.00000000,2073.00000000,0.11573316
77.00000000,2074.00000000,0.11599634
77.00000000,2075.00000000,0.11587653
77.00000000,2076.00000000,0.11579545
77.00000000,2077.00000000,0.11622997
77.00000000,2078.00000000,0.11665520
77.00000000,2079.00000000,0.11678874
77.00000000,2080.00000000,0.11770797
77.00000000,2081.00000000,0.11876532
77.00000000,2082.00000000,0.11958779
77.00000000,2083.00000000,0.12011637
77.00000000,2084.00000000,0.12065036
77.00000000,2085.00000000,0.12118949
77.00000000,2086.00000000,0.12173305
77.00000000,2087.00000000,0.12228112
77.00000000,2088.00000000,0.12302494
77.00000000,2089.00000000,0.12377266
77.00000000,2090.00000000,0.12452441
77.00000000,2091.00000000,0.12527995
77.00000000,2092.00000000,0.12603937
77.00000000,2093.00000000,0.12680318
77.00000000,2094.00000000,0.12757132
77.00000000,2095.00000000,0.12834364
77.00000000,2096.00000000,0.12912030
77.00000000,2097.00000000,0.12990099
77.00000000,2098.00000000,0.13060130
77.00000000,2099.00000000,0.13130553
77.00000000,2100.00000000,0.13201340
77.00000000,2101.00000000,0.13272489
77.00000000,2102.00000000,0.13344041
77.00000000,2103.00000000,0.13416017
77.00000000,2104.00000000,0.13488430
77.00000000,2105.00000000,0.13561280
77.00000000,2106.00000000,0.13634576
77.00000000,2107.00000000,0.13708312
77.00000000,2108.00000000,0.13799938
77.00000000,2109.00000000,0.13891970
77.00000000,2110.00000000,0.13984412
77.00000000,2111.00000000,0.14077234
77.00000000,2112.00000000,0.14170410
77.00000000,2113.00000000,0.14263946
77.00000000,2114.00000000,0.14357808
77.00000000,2115.00000000,0.14451982
77.00000000,2116.00000000,0.14546465
77.00000000,2117.00000000,0.14641234
77.00000000,2118.00000000,0.14748989
77.00000000,2119.00000000,0.14856998
77.00000000,2120.00000000,0.14965252
77.00000000,2121.00000000,0.15073736
77.00000000,2122.00000000,0.15182424
77.00000000,2123.00000000,0.15291288
77.00000000,2124.00000000,0.15400333
77.00000000,2125.00000000,0.15509524
77.00000000,2126.00000000,0.15618849
77.00000000,2127.00000000,0.15728297
77.00000000,2128.00000000,0.15837129
77.00000000,2129.00000000,0.15946048
77.00000000,2130.00000000,0.16055037
77.00000000,2131.00000000,0.16164066
77.00000000,2132.00000000,0.16273137
77.00000000,2133.00000000,0.16382223
77.00000000,2134.00000000,0.16491289
77.00000000,2135.00000000,0.16600345
77.00000000,2136.00000000,0.16709353
77.00000000,2137.00000000,0.16818286
77.00000000,2138.00000000,0.16899379
77.00000000,2139.00000000,0.16980346
77.00000000,2140.00000000,0.17061197
77.00000000,2141.00000000,0.17141912
77.00000000,2142.00000000,0.17222470
77.00000000,2143.00000000,0.17302884
77.00000000,2144.00000000,0.17383133
77.00000000,2145.00000000,0.17463200
77.00000000,2146.00000000,0.17543082
77.00000000,2147.00000000,0.17622761
77.00000000,2148.00000000,0.17677218
77.00000000,2149.00000000,0.17731459
77.00000000,2150.00000000,0.17785449
77.00000000,2151.00000000,0.17839314
77.00000000,2152.00000000,0.17893310
77.00000000,2153.00000000,0.17947690
77.00000000,2154.00000000,0.18002590
77.00000000,2155.00000000,0.18058065
77.00000000,2156.00000000,0.18114118
77.00000000,2157.00000000,0.18170764
77.00000000,2158.00000000,0.18214035
77.00000000,2159.00000000,0.18257831
77.00000000,2160.00000000,0.18302139
77.00000000,2161.00000000,0.18346923
77.00000000,2162.00000000,0.18392177
77.00000000,2163.00000000,0.18437868
77.00000000,2164.00000000,0.18483968
77.00000000,2165.00000000,0.18530467
77.00000000,2166.00000000,0.18577335
77.00000000,2167.00000000,0.18624543
77.00000000,2168.00000000,0.18657688
77.00000000,2169.00000000,0.18691122
77.00000000,2170.00000000,0.18724827
77.00000000,2171.00000000,0.18758800
77.00000000,2172.00000000,0.18793019
77.00000000,2173.00000000,0.18827465
77.00000000,2174.00000000,0.18862142
77.00000000,2175.00000000,0.18897023
77.00000000,2176.00000000,0.18932108
77.00000000,2177.00000000,0.18967377
77.00000000,2178.00000000,0.18991724
77.00000000,2179.00000000,0.19016220
77.00000000,2180.00000000,0.19040855
77.00000000,2181.00000000,0.19065618
77.00000000,2182.00000000,0.19090509
77.00000000,2183.00000000,0.19115518
77.00000000,2184.00000000,0.19140626
77.00000000,2185.00000000,0.19165849
77.00000000,2186.00000000,0.19191167
77.00000000,2187.00000000,0.19216580
77.00000000,2188.00000000,0.19242079
77.00000000,2189.00000000,0.19267656
77.00000000,2190.00000000,0.19293313
77.00000000,2191.00000000,0.19319041
77.00000000,2192.00000000,0.19344829
77.00000000,2193.00000000,0.19370687
77.00000000,2194.00000000,0.19396603
77.00000000,2195.00000000,0.19422570
77.00000000,2196.00000000,0.19448590
77.00000000,2197.00000000,0.19474657
77.00000000,2198.00000000,0.19500761
77.00000000,2199.00000000,0.19526909
77.00000000,2200.00000000,0.19553086
77.00000000,2201.00000000,0.19579299
77.00000000,2202.00000000,0.19605548
77.00000000,2203.00000000,0.19631809
77.00000000,2204.00000000,0.19658100
77.00000000,2205.00000000,0.19684411
77.00000000,2206.00000000,0.19710733
77.00000000,2207.00000000,0.19737074
77.00000000,2208.00000000,0.19763422
77.00000000,2209.00000000,0.19789773
77.00000000,2210.00000000,0.19816130
77.00000000,2211.00000000,0.19842481
77.00000000,2212.00000000,0.19868839
77.00000000,2213.00000000,0.19895187
77.00000000,2214.00000000,0.19921524
77.00000000,2215.00000000,0.19947850
77.00000000,2216.00000000,0.19974168
77.00000000,2217.00000000,0.20000457
77.00000000,2218.00000000,0.20026732
77.00000000,2219.00000000,0.20052980
77.00000000,2220.00000000,0.20079200
77.00000000,2221.00000000,0.20105394
77.00000000,2222.00000000,0.20131547
77.00000000,2223.00000000,0.20157668
77.00000000,2224.00000000,0.20183747
77.00000000,2225.00000000,0.20209772
77.00000000,2226.00000000,0.20235746
77.00000000,2227.00000000,0.20261652
77.00000000,2228.00000000,0.20209448
77.00000000,2229.00000000,0.20157006
77.00000000,2230.00000000,0.20104327
77.00000000,2231.00000000,0.20051411
77.00000000,2232.00000000,0.19998276
77.00000000,2233.00000000,0.19944924
77.00000000,2234.00000000,0.19891354
77.00000000,2235.00000000,0.19837583
77.00000000,2236.00000000,0.19783608
77.00000000,2237.00000000,0.19729443
77.00000000,2238.00000000,0.19675090
77.00000000,2239.00000000,0.19620547
77.00000000,2240.00000000,0.19565829
77.00000000,2241.00000000,0.19510938
77.00000000,2242.00000000,0.19455872
77.00000000,2243.00000000,0.19400645
77.00000000,2244.00000000,0.19345256
77.00000000,2245.00000000,0.19289699
77.00000000,2246.00000000,0.19234003
77.00000000,2247.00000000,0.19178142
77.00000000,2248.00000000,0.19122145
77.00000000,2249.00000000,0.19065980
77.00000000,2250.00000000,0.19009523
77.00000000,2251.00000000,0.18952549
77.00000000,2252.00000000,0.18894830
77.00000000,2253.00000000,0.18836252
77.00000000,2254.00000000,0.18776780
77.00000000,2255.00000000,0.18716404
77.00000000,2256.00000000,0.18655135
77.00000000,2257.00000000,0.18592990
77.00000000,2258.00000000,0.18529988
77.00000000,2259.00000000,0.18466143
77.00000000,2260.00000000,0.18401496
77.00000000,2261.00000000,0.18336066
77.00000000,2262.00000000,0.18269903
77.00000000,2263.00000000,0.18203040
77.00000000,2264.00000000,0.18135506
77.00000000,2265.00000000,0.18067333
77.00000000,2266.00000000,0.17998544
77.00000000,2267.00000000,0.17929155
77.00000000,2268.00000000,0.17859196
77.00000000,2269.00000000,0.17788683
77.00000000,2270.00000000,0.17717634
77.00000000,2271.00000000,0.17646075
77.00000000,2272.00000000,0.17574014
77.00000000,2273.00000000,0.17501480
77.00000000,2274.00000000,0.17428483
77.00000000,2275.00000000,0.17355040
77.00000000,2276.00000000,0.17281170
77.00000000,2277.00000000,0.17206892
77.00000000,2278.00000000,0.17132212
77.00000000,2279.00000000,0.17057153
77.00000000,2280.00000000,0.16981730
77.00000000,2281.00000000,0.16905948
77.00000000,2282.00000000,0.16829831
77.00000000,2283.00000000,0.16753387
77.00000000,2284.00000000,0.16676625
77.00000000,2285.00000000,0.16599566
77.00000000,2286.00000000,0.16522210
77.00000000,2287.00000000,0.16444582
77.00000000,2288.00000000,0.16366685
77.00000000,2289.00000000,0.16288525
77.00000000,2290.00000000,0.16210124
77.00000000,2291.00000000,0.16131487
77.00000000,2292.00000000,0.16052617
77.00000000,2293.00000000,0.15973536
77.00000000,2294.00000000,0.15894246
77.00000000,2295.00000000,0.15814752
77.00000000,2296.00000000,0.15735072
77.00000000,2297.00000000,0.15655207
77.00000000,2298.00000000,0.15575169
77.00000000,2299.00000000,0.15494968
77.00000000,2300.00000000,0.15414604
77.00000000,2301.00000000,0.15334093
77.00000000,2302.00000000,0.15253435
77.00000000,2303.00000000,0.15172637
77.00000000,2304.00000000,0.15091709
77.00000000,2305.00000000,0.15010655
77.00000000,2306.00000000,0.14929479
77.00000000,2307.00000000,0.14848194
77.00000000,2308.00000000,0.14766798
77.00000000,2309.00000000,0.14685306
77.00000000,2310.00000000,0.14603718
77.00000000,2311.00000000,0.14522040
77.00000000,2312.00000000,0.14440282
77.00000000,2313.00000000,0.14358446
77.00000000,2314.00000000,0.14276535
77.00000000,2315.00000000,0.14194561
77.00000000,2316.00000000,0.14112526
77.00000000,2317.00000000,0.14030431
77.00000000,2318.00000000,0.13948289
77.00000000,2319.00000000,0.13866100
77.00000000,2320.00000000,0.13783866
77.00000000,2321.00000000,0.13701600
77.00000000,2322.00000000,0.13619298
77.00000000,2323.00000000,0.13536973
77.00000000,2324.00000000,0.13454631
77.00000000,2325.00000000,0.13372277
77.00000000,2326.00000000,0.13307381
77.00000000,2327.00000000,0.13293892
77.00000000,2328.00000000,0.13294468
77.00000000,2329.00000000,0.13295074
77.00000000,2330.00000000,0.13295704
77.00000000,2331.00000000,0.13296354
77.00000000,2332.00000000,0.13297031
77.00000000,2333.00000000,0.13299930
77.00000000,2334.00000000,0.13302855
77.00000000,2335.00000000,0.13305802
77.00000000,2336.00000000,0.13308766
77.00000000,2337.00000000,0.13311753
77.00000000,2338.00000000,0.13310405
77.00000000,2339.00000000,0.13309071
77.00000000,2340.00000000,0.13307757
77.00000000,2341.00000000,0.13306462
77.00000000,2342.00000000,0.13305177
77.00000000,2343.00000000,0.13303912
77.00000000,2344.00000000,0.13302663
77.00000000,2345.00000000,0.13301424
77.00000000,2346.00000000,0.13300205
77.00000000,2347.00000000,0.13298996
77.00000000,2348.00000000,0.13297806
77.00000000,2349.00000000,0.13296628
77.00000000,2350.00000000,0.13295460
77.00000000,2351.00000000,0.13294309
77.00000000,2352.00000000,0.13293171
77.00000000,2353.00000000,0.13291855
77.00000000,2354.00000000,0.13290554
77.00000000,2355.00000000,0.13289267
77.00000000,2356.00000000,0.13287987
77.00000000,2357.00000000,0.13286724
77.00000000,2358.00000000,0.13285469
77.00000000,2359.00000000,0.13284228
77.00000000,2360.00000000,0.13283000
77.00000000,2361.00000000,0.13281778
77.00000000,2362.00000000,0.13280572
77.00000000,2363.00000000,0.13279375
77.00000000,2364.00000000,0.13278184
77.00000000,2365.00000000,0.13277008
77.00000000,2366.00000000,0.13275841
77.00000000,2367.00000000,0.13274681
77.00000000,2368.00000000,0.13273532
77.00000000,2369.00000000,0.13272389
77.00000000,2370.00000000,0.13271260
77.00000000,2371.00000000,0.13270139
77.00000000,2372.00000000,0.13269022
77.00000000,2373.00000000,0.13267918
77.00000000,2374.00000000,0.13266821
77.00000000,2375.00000000,0.13265729
77.00000000,2376.00000000,0.13264648
77.00000000,2377.00000000,0.13263575
77.00000000,2378.00000000,0.13262924
77.00000000,2379.00000000,0.13262285
77.00000000,2380.00000000,0.13261653
77.00000000,2381.00000000,0.13261024
77.00000000,2382.00000000,0.13260406
77.00000000,2383.00000000,0.13259790
77.00000000,2384.00000000,0.13259185
77.00000000,2385.00000000,0.13258586
77.00000000,2386.00000000,0.13257990
77.00000000,2387.00000000,0.13257404
77.00000000,2388.00000000,0.13256824
77.00000000,2389.00000000,0.13256243
77.00000000,2390.00000000,0.13255674
77.00000000,2391.00000000,0.13255110
77.00000000,2392.00000000,0.13254547
77.00000000,2393.00000000,0.13253993
77.00000000,2394.00000000,0.13253440
77.00000000,2395.00000000,0.13252896
77.00000000,2396.00000000,0.13252357
77.00000000,2397.00000000,0.13251818
77.00000000,2398.00000000,0.13251288
77.00000000,2399.00000000,0.13250764
77.00000000,2400.00000000,0.13250237
77.00000000,2401.00000000,0.13249720
77.00000000,2402.00000000,0.13249207
77.00000000,2403.00000000,0.13248693
77.00000000,2404.00000000,0.13248191
77.00000000,2405.00000000,0.13247691
77.00000000,2406.00000000,0.13247191
77.00000000,2407.00000000,0.13246702
77.00000000,2408.00000000,0.13246211
77.00000000,2409.00000000,0.13245728
77.00000000,2410.00000000,0.13245251
77.00000000,2411.00000000,0.13244771
77.00000000,2412.00000000,0.13244301
77.00000000,2413.00000000,0.13243835
77.00000000,2414.00000000,0.13243366
77.00000000,2415.00000000,0.13242907
77.00000000,2416.00000000,0.13242451
77.00000000,2417.00000000,0.13241992
77.00000000,2418.00000000,0.13241542
77.00000000,2419.00000000,0.13241090
77.00000000,2420.00000000,0.13240645
77.00000000,2421.00000000,0.13240205
77.00000000,2422.00000000,0.13239761
77.00000000,2423.00000000,0.13239325
77.00000000,2424.00000000,0.13238892
77.00000000,2425.00000000,0.13238456
77.00000000,2426.00000000,0.13238028
77.00000000,2427.00000000,0.13237603
77.00000000,2428.00000000,0.13237054
77.00000000,2429.00000000,0.13236512
77.00000000,2430.00000000,0.13235973
77.00000000,2431.00000000,0.13235430
77.00000000,2432.00000000,0.13234896
77.00000000,2433.00000000,0.13234356
77.00000000,2434.00000000,0.13233825
77.00000000,2435.00000000,0.13233294
77.00000000,2436.00000000,0.13232761
77.00000000,2437.00000000,0.13232234
77.00000000,2438.00000000,0.13231709
77.00000000,2439.00000000,0.13231180
77.00000000,2440.00000000,0.13230658
77.00000000,2441.00000000,0.13230137
77.00000000,2442.00000000,0.13229611
77.00000000,2443.00000000,0.13229093
77.00000000,2444.00000000,0.13228570
77.00000000,2445.00000000,0.13228054
77.00000000,2446.00000000,0.13227541
77.00000000,2447.00000000,0.13227021
77.00000000,2448.00000000,0.13226508
77.00000000,2449.00000000,0.13225997
77.00000000,2450.00000000,0.13225480
77.00000000,2451.00000000,0.13224971
77.00000000,2452.00000000,0.13224461
77.00000000,2453.00000000,0.13223946
77.00000000,2454.00000000,0.13223438
77.00000000,2455.00000000,0.13222922
77.00000000,2456.00000000,0.13222414
77.00000000,2457.00000000,0.13221908
77.00000000,2458.00000000,0.13221393
77.00000000,2459.00000000,0.13220885
77.00000000,2460.00000000,0.13220377
77.00000000,2461.00000000,0.13219863
77.00000000,2462.00000000,0.13219354
77.00000000,2463.00000000,0.13218847
77.00000000,2464.00000000,0.13218331
77.00000000,2465.00000000,0.13217823
77.00000000,2466.00000000,0.13217315
77.00000000,2467.00000000,0.13216800
77.00000000,2468.00000000,0.13216292
77.00000000,2469.00000000,0.13215777
77.00000000,2470.00000000,0.13215268
77.00000000,2471.00000000,0.13214759
77.00000000,2472.00000000,0.13214242
77.00000000,2473.00000000,0.13213733
77.00000000,2474.00000000,0.13213224
77.00000000,2475.00000000,0.13212707
77.00000000,2476.00000000,0.13212196
77.00000000,2477.00000000,0.13211686
77.00000000,2478.00000000,0.13211041
77.00000000,2479.00000000,0.13210405
77.00000000,2480.00000000,0.13209759
77.00000000,2481.00000000,0.13209121
77.00000000,2482.00000000,0.13208482
77.00000000,2483.00000000,0.13207834
77.00000000,2484.00000000,0.13207196
77.00000000,2485.00000000,0.13206555
77.00000000,2486.00000000,0.13205907
77.00000000,2487.00000000,0.13205267
77.00000000,2488.00000000,0.13204626
77.00000000,2489.00000000,0.13203976
77.00000000,2490.00000000,0.13203333
77.00000000,2491.00000000,0.13202692
77.00000000,2492.00000000,0.13202040
77.00000000,2493.00000000,0.13201397
77.00000000,2494.00000000,0.13200745
77.00000000,2495.00000000,0.13200100
77.00000000,2496.00000000,0.13199456
77.00000000,2497.00000000,0.13198803
77.00000000,2498.00000000,0.13198157
77.00000000,2499.00000000,0.13197511
77.00000000,2500.00000000,0.13196856
78.00000000,1765.00000000,0.09871434
78.00000000,1766.00000000,0.09871433
78.00000000,1767.00000000,0.09871435
78.00000000,1768.00000000,0.09871455
78.00000000,1769.00000000,0.09871489
78.00000000,1770.00000000,0.09871530
78.00000000,1771.00000000,0.09871590
78.00000000,1772.00000000,0.09871670
78.00000000,1773.00000000,0.09871772
78.00000000,1774.00000000,0.09871882
78.00000000,1775.00000000,0.09872013
78.00000000,1776.00000000,0.09872161
78.00000000,1777.00000000,0.09872322
78.00000000,1778.00000000,0.09872497
78.00000000,1779.00000000,0.09872704
78.00000000,1780.00000000,0.09872917
78.00000000,1781.00000000,0.09873136
78.00000000,1782.00000000,0.09873395
78.00000000,1783.00000000,0.09873633
78.00000000,1784.00000000,0.09873903
78.00000000,1785.00000000,0.09874190
78.00000000,1786.00000000,0.09874486
78.00000000,1787.00000000,0.09874771
78.00000000,1788.00000000,0.09875095
78.00000000,1789.00000000,0.09875417
78.00000000,1790.00000000,0.09875753
78.00000000,1791.00000000,0.09876105
78.00000000,1792.00000000,0.09876452
78.00000000,1793.00000000,0.09876813
78.00000000,1794.00000000,0.09877184
78.00000000,1795.00000000,0.09877567
78.00000000,1796.00000000,0.09877944
78.00000000,1797.00000000,0.09878337
78.00000000,1798.00000000,0.09878742
78.00000000,1799.00000000,0.09879148
78.00000000,1800.00000000,0.09879564
78.00000000,1801.00000000,0.09879978
78.00000000,1802.00000000,0.09880400
78.00000000,1803.00000000,0.09880824
78.00000000,1804.00000000,0.09881257
78.00000000,1805.00000000,0.09881691
78.00000000,1806.00000000,0.09882135
78.00000000,1807.00000000,0.09882576
78.00000000,1808.00000000,0.09883028
78.00000000,1809.00000000,0.09883480
78.00000000,1810.00000000,0.09883937
78.00000000,1811.00000000,0.09884401
78.00000000,1812.00000000,0.09884863
78.00000000,1813.00000000,0.09885333
78.00000000,1814.00000000,0.09885812
78.00000000,1815.00000000,0.09886281
78.00000000,1816.00000000,0.09886764
78.00000000,1817.00000000,0.09887251
78.00000000,1818.00000000,0.09887731
78.00000000,1819.00000000,0.09888221
78.00000000,1820.00000000,0.09888707
78.00000000,1821.00000000,0.09889204
78.00000000,1822.00000000,0.09889700
78.00000000,1823.00000000,0.09890197
78.00000000,1824.00000000,0.09890701
78.00000000,1825.00000000,0.09891206
78.00000000,1826.00000000,0.09891716
78.00000000,1827.00000000,0.09892228
78.00000000,1828.00000000,0.09892741
78.00000000,1829.00000000,0.09893260
78.00000000,1830.00000000,0.09893786
78.00000000,1831.00000000,0.09894309
78.00000000,1832.00000000,0.09894837
78.00000000,1833.00000000,0.09895363
78.00000000,1834.00000000,0.09895896
78.00000000,1835.00000000,0.09896437
78.00000000,1836.00000000,0.09896978
78.00000000,1837.00000000,0.09897527
78.00000000,1838.00000000,0.09898081
78.00000000,1839.00000000,0.09898641
78.00000000,1840.00000000,0.09899211
78.00000000,1841.00000000,0.09899784
78.00000000,1842.00000000,0.09900367
78.00000000,1843.00000000,0.09900963
78.00000000,1844.00000000,0.09902459
78.00000000,1845.00000000,0.09903076
78.00000000,1846.00000000,0.09903695
78.00000000,1847.00000000,0.09904331
78.00000000,1848.00000000,0.09904969
78.00000000,1849.00000000,0.09905925
78.00000000,1850.00000000,0.09906583
78.00000000,1851.00000000,0.09907252
78.00000000,1852.00000000,0.09907917
78.00000000,1853.00000000,0.09908640
78.00000000,1854.00000000,0.09909385
78.00000000,1855.00000000,0.09910150
78.00000000,1856.00000000,0.09910898
78.00000000,1857.00000000,0.09911645
78.00000000,1858.00000000,0.09912398
78.00000000,1859.00000000,0.09913447
78.00000000,1860.00000000,0.09914196
78.00000000,1861.00000000,0.09914952
78.00000000,1862.00000000,0.09915691
78.00000000,1863.00000000,0.09916361
78.00000000,1864.00000000,0.09916979
78.00000000,1865.00000000,0.09917553
78.00000000,1866.00000000,0.09918092
78.00000000,1867.00000000,0.09918606
78.00000000,1868.00000000,0.09919086
78.00000000,1869.00000000,0.09919857
78.00000000,1870.00000000,0.09920302
78.00000000,1871.00000000,0.09920730
78.00000000,1872.00000000,0.09921177
78.00000000,1873.00000000,0.09921720
78.00000000,1874.00000000,0.09922325
78.00000000,1875.00000000,0.09923274
78.00000000,1876.00000000,0.09923970
78.00000000,1877.00000000,0.09924679
78.00000000,1878.00000000,0.09925725
78.00000000,1879.00000000,0.09926489
78.00000000,1880.00000000,0.09927861
78.00000000,1881.00000000,0.09928340
78.00000000,1882.00000000,0.09929127
78.00000000,1883.00000000,0.09929859
78.00000000,1884.00000000,0.09930853
78.00000000,1885.00000000,0.09931511
78.00000000,1886.00000000,0.09932162
78.00000000,1887.00000000,0.09932800
78.00000000,1888.00000000,0.09933415
78.00000000,1889.00000000,0.09934311
78.00000000,1890.00000000,0.09934871
78.00000000,1891.00000000,0.09935383
78.00000000,1892.00000000,0.09935872
78.00000000,1893.00000000,0.09936644
78.00000000,1894.00000000,0.09937422
78.00000000,1895.00000000,0.09938217
78.00000000,1896.00000000,0.09938716
78.00000000,1897.00000000,0.09939220
78.00000000,1898.00000000,0.09939707
78.00000000,1899.00000000,0.09940177
78.00000000,1900.00000000,0.09940909
78.00000000,1901.00000000,0.09941616
78.00000000,1902.00000000,0.09942034
78.00000000,1903.00000000,0.09942771
78.00000000,1904.00000000,0.09943222
78.00000000,1905.00000000,0.09944002
78.00000000,1906.00000000,0.09944507
78.00000000,1907.00000000,0.09945025
78.00000000,1908.00000000,0.09947332
78.00000000,1909.00000000,0.09947538
78.00000000,1910.00000000,0.09948043
78.00000000,1911.00000000,0.09948835
78.00000000,1912.00000000,0.09949250
78.00000000,1913.00000000,0.09949862
78.00000000,1914.00000000,0.09951272
78.00000000,1915.00000000,0.09951431
78.00000000,1916.00000000,0.09951896
78.00000000,1917.00000000,0.09952367
78.00000000,1918.00000000,0.09953131
78.00000000,1919.00000000,0.09953610
78.00000000,1920.00000000,0.09954476
78.00000000,1921.00000000,0.09955128
78.00000000,1922.00000000,0.09956213
78.00000000,1923.00000000,0.09957992
78.00000000,1924.00000000,0.09958597
78.00000000,1925.00000000,0.09960098
78.00000000,1926.00000000,0.09960994
78.00000000,1927.00000000,0.09962498
78.00000000,1928.00000000,0.09964324
78.00000000,1929.00000000,0.09964955
78.00000000,1930.00000000,0.09966516
78.00000000,1931.00000000,0.09967915
78.00000000,1932.00000000,0.09971870
78.00000000,1933.00000000,0.09973544
78.00000000,1934.00000000,0.09976192
78.00000000,1935.00000000,0.09977647
78.00000000,1936.00000000,0.09979045
78.00000000,1937.00000000,0.09981530
78.00000000,1938.00000000,0.09984758
78.00000000,1939.00000000,0.09986675
78.00000000,1940.00000000,0.09987909
78.00000000,1941.00000000,0.09990512
78.00000000,1942.00000000,0.09993310
78.00000000,1943.00000000,0.09995737
78.00000000,1944.00000000,0.09996930
78.00000000,1945.00000000,0.09999703
78.00000000,1946.00000000,0.10001674
78.00000000,1947.00000000,0.10004491
78.00000000,1948.00000000,0.10006846
78.00000000,1949.00000000,0.10010447
78.00000000,1950.00000000,0.10016472
78.00000000,1951.00000000,0.10020703
78.00000000,1952.00000000,0.10018724
78.00000000,1953.00000000,0.10023965
78.00000000,1954.00000000,0.10025888
78.00000000,1955.00000000,0.10027860
78.00000000,1956.00000000,0.10029373
78.00000000,1957.00000000,0.10034595
78.00000000,1958.00000000,0.10043367
78.00000000,1959.00000000,0.10046365
78.00000000,1960.00000000,0.10050927
78.00000000,1961.00000000,0.10056172
78.00000000,1962.00000000,0.10057425
78.00000000,1963.00000000,0.10058278
78.00000000,1964.00000000,0.10059613
78.00000000,1965.00000000,0.10063790
78.00000000,1966.00000000,0.10073197
78.00000000,1967.00000000,0.10072866
78.00000000,1968.00000000,0.10081052
78.00000000,1969.00000000,0.10085095
78.00000000,1970.00000000,0.10084669
78.00000000,1971.00000000,0.10082040
78.00000000,1972.00000000,0.10084016
78.00000000,1973.00000000,0.10088567
78.00000000,1974.00000000,0.10089794
78.00000000,1975.00000000,0.10093231
78.00000000,1976.00000000,0.10097856
78.00000000,1977.00000000,0.10107614
78.00000000,1978.00000000,0.10112919
78.00000000,1979.00000000,0.10115535
78.00000000,1980.00000000,0.10116915
78.00000000,1981.00000000,0.10129341
78.00000000,1982.00000000,0.10128951
78.00000000,1983.00000000,0.10138673
78.00000000,1984.00000000,0.10150441
78.00000000,1985.00000000,0.10172438
78.00000000,1986.00000000,0.10161648
78.00000000,1987.00000000,0.10171480
78.00000000,1988.00000000,0.10181012
78.00000000,1989.00000000,0.10185445
78.00000000,1990.00000000,0.10197510
78.00000000,1991.00000000,0.10215755
78.00000000,1992.00000000,0.10187426
78.00000000,1993.00000000,0.10183250
78.00000000,1994.00000000,0.10201508
78.00000000,1995.00000000,0.10217249
78.00000000,1996.00000000,0.10211360
78.00000000,1997.00000000,0.10172527
78.00000000,1998.00000000,0.10209576
78.00000000,1999.00000000,0.10171057
78.00000000,2000.00000000,0.10183326
78.00000000,2001.00000000,0.10220248
78.00000000,2002.00000000,0.10218053
78.00000000,2003.00000000,0.10221549
78.00000000,2004.00000000,0.10223761
78.00000000,2005.00000000,0.10246698
78.00000000,2006.00000000,0.10246661
78.00000000,2007.00000000,0.10268892
78.00000000,2008.00000000,0.10239812
78.00000000,2009.00000000,0.10204127
78.00000000,2010.00000000,0.10174027
78.00000000,2011.00000000,0.10184732
78.00000000,2012.00000000,0.10205233
78.00000000,2013.00000000,0.10217811
78.00000000,2014.00000000,0.10244587
78.00000000,2015.00000000,0.10264001
78.00000000,2016.00000000,0.10240190
78.00000000,2017.00000000,0.10250587
78.00000000,2018.00000000,0.10277513
78.00000000,2019.00000000,0.10283079
78.00000000,2020.00000000,0.10280540
78.00000000,2021.00000000,0.10289873
78.00000000,2022.00000000,0.10282385
78.00000000,2023.00000000,0.10211949
78.00000000,2024.00000000,0.10229635
78.00000000,2025.00000000,0.10269574
78.00000000,2026.00000000,0.10287066
78.00000000,2027.00000000,0.10267605
78.00000000,2028.00000000,0.10324330
78.00000000,2029.00000000,0.10359847
78.00000000,2030.00000000,0.10363440
78.00000000,2031.00000000,0.10372040
78.00000000,2032.00000000,0.10374595
78.00000000,2033.00000000,0.10421832
78.00000000,2034.00000000,0.10456538
78.00000000,2035.00000000,0.10478705
78.00000000,2036.00000000,0.10491536
78.00000000,2037.00000000,0.10525060
78.00000000,2038.00000000,0.10553558
78.00000000,2039.00000000,0.10553761
78.00000000,2040.00000000,0.10579547
78.00000000,2041.00000000,0.10617356
78.00000000,2042.00000000,0.10658508
78.00000000,2043.00000000,0.10692911
78.00000000,2044.00000000,0.10733750
78.00000000,2045.00000000,0.10758955
78.00000000,2046.00000000,0.10804262
78.00000000,2047.00000000,0.10859347
78.00000000,2048.00000000,0.10932411
78.00000000,2049.00000000,0.10970746
78.00000000,2050.00000000,0.11012558
78.00000000,2051.00000000,0.11073432
78.00000000,2052.00000000,0.11069739
78.00000000,2053.00000000,0.11055210
78.00000000,2054.00000000,0.11124521
78.00000000,2055.00000000,0.11159172
78.00000000,2056.00000000,0.11173922
78.00000000,2057.00000000,0.11246440
78.00000000,2058.00000000,0.11224026
78.00000000,2059.00000000,0.11171020
78.00000000,2060.00000000,0.11152541
78.00000000,2061.00000000,0.11140849
78.00000000,2062.00000000,0.11184273
78.00000000,2063.00000000,0.11220509
78.00000000,2064.00000000,0.11260219
78.00000000,2065.00000000,0.11293669
78.00000000,2066.00000000,0.11346152
78.00000000,2067.00000000,0.11374894
78.00000000,2068.00000000,0.11384398
78.00000000,2069.00000000,0.11404030
78.00000000,2070.00000000,0.11366411
78.00000000,2071.00000000,0.11363009
78.00000000,2072.00000000,0.11390769
78.00000000,2073.00000000,0.11422158
78.00000000,2074.00000000,0.11456104
78.00000000,2075.00000000,0.11482484
78.00000000,2076.00000000,0.11470920
78.00000000,2077.00000000,0.11463181
78.00000000,2078.00000000,0.11506517
78.00000000,2079.00000000,0.11548917
78.00000000,2080.00000000,0.11562398
78.00000000,2081.00000000,0.11653727
78.00000000,2082.00000000,0.11758760
78.00000000,2083.00000000,0.11840543
78.00000000,2084.00000000,0.11893214
78.00000000,2085.00000000,0.11946416
78.00000000,2086.00000000,0.12000120
78.00000000,2087.00000000,0.12054251
78.00000000,2088.00000000,0.12108811
78.00000000,2089.00000000,0.12182757
78.00000000,2090.00000000,0.12257074
78.00000000,2091.00000000,0.12331787
78.00000000,2092.00000000,0.12406899
78.00000000,2093.00000000,0.12482422
78.00000000,2094.00000000,0.12558394
78.00000000,2095.00000000,0.12634794
78.00000000,2096.00000000,0.12711604
78.00000000,2097.00000000,0.12788831
78.00000000,2098.00000000,0.12866446
78.00000000,2099.00000000,0.12936081
78.00000000,2100.00000000,0.13006087
78.00000000,2101.00000000,0.13076454
78.00000000,2102.00000000,0.13147211
78.00000000,2103.00000000,0.13218380
78.00000000,2104.00000000,0.13289984
78.00000000,2105.00000000,0.13362022
78.00000000,2106.00000000,0.13434491
78.00000000,2107.00000000,0.13507379
78.00000000,2108.00000000,0.13580699
78.00000000,2109.00000000,0.13671741
78.00000000,2110.00000000,0.13763171
78.00000000,2111.00000000,0.13854997
78.00000000,2112.00000000,0.13947187
78.00000000,2113.00000000,0.14039717
78.00000000,2114.00000000,0.14132591
78.00000000,2115.00000000,0.14225781
78.00000000,2116.00000000,0.14319275
78.00000000,2117.00000000,0.14413054
78.00000000,2118.00000000,0.14507114
78.00000000,2119.00000000,0.14614041
78.00000000,2120.00000000,0.14721218
78.00000000,2121.00000000,0.14828618
78.00000000,2122.00000000,0.14936247
78.00000000,2123.00000000,0.15044072
78.00000000,2124.00000000,0.15152066
78.00000000,2125.00000000,0.15260235
78.00000000,2126.00000000,0.15368546
78.00000000,2127.00000000,0.15476993
78.00000000,2128.00000000,0.15585554
78.00000000,2129.00000000,0.15693496
78.00000000,2130.00000000,0.15801529
78.00000000,2131.00000000,0.15909628
78.00000000,2132.00000000,0.16017763
78.00000000,2133.00000000,0.16125940
78.00000000,2134.00000000,0.16234129
78.00000000,2135.00000000,0.16342303
78.00000000,2136.00000000,0.16450455
78.00000000,2137.00000000,0.16558562
78.00000000,2138.00000000,0.16666597
78.00000000,2139.00000000,0.16747031
78.00000000,2140.00000000,0.16827338
78.00000000,2141.00000000,0.16907531
78.00000000,2142.00000000,0.16987591
78.00000000,2143.00000000,0.17067502
78.00000000,2144.00000000,0.17147264
78.00000000,2145.00000000,0.17226858
78.00000000,2146.00000000,0.17306278
78.00000000,2147.00000000,0.17385517
78.00000000,2148.00000000,0.17464556
78.00000000,2149.00000000,0.17518591
78.00000000,2150.00000000,0.17572414
78.00000000,2151.00000000,0.17626095
78.00000000,2152.00000000,0.17679914
78.00000000,2153.00000000,0.17734119
78.00000000,2154.00000000,0.17788827
78.00000000,2155.00000000,0.17844121
78.00000000,2156.00000000,0.17900003
78.00000000,2157.00000000,0.17956463
78.00000000,2158.00000000,0.18013489
78.00000000,2159.00000000,0.18057233
78.00000000,2160.00000000,0.18101468
78.00000000,2161.00000000,0.18146195
78.00000000,2162.00000000,0.18191373
78.00000000,2163.00000000,0.18236992
78.00000000,2164.00000000,0.18283022
78.00000000,2165.00000000,0.18329434
78.00000000,2166.00000000,0.18376226
78.00000000,2167.00000000,0.18423367
78.00000000,2168.00000000,0.18470831
78.00000000,2169.00000000,0.18504325
78.00000000,2170.00000000,0.18538089
78.00000000,2171.00000000,0.18572103
78.00000000,2172.00000000,0.18606373
78.00000000,2173.00000000,0.18640874
78.00000000,2174.00000000,0.18675590
78.00000000,2175.00000000,0.18710522
78.00000000,2176.00000000,0.18745641
78.00000000,2177.00000000,0.18780956
78.00000000,2178.00000000,0.18816442
78.00000000,2179.00000000,0.18841086
78.00000000,2180.00000000,0.18865865
78.00000000,2181.00000000,0.18890773
78.00000000,2182.00000000,0.18915795
78.00000000,2183.00000000,0.18940942
78.00000000,2184.00000000,0.18966197
78.00000000,2185.00000000,0.18991554
78.00000000,2186.00000000,0.19017009
78.00000000,2187.00000000,0.19042551
78.00000000,2188.00000000,0.19068183
78.00000000,2189.00000000,0.19093897
78.00000000,2190.00000000,0.19119681
78.00000000,2191.00000000,0.19145541
78.00000000,2192.00000000,0.19171468
78.00000000,2193.00000000,0.19197454
78.00000000,2194.00000000,0.19223504
78.00000000,2195.00000000,0.19249607
78.00000000,2196.00000000,0.19275755
78.00000000,2197.00000000,0.19301955
78.00000000,2198.00000000,0.19328199
78.00000000,2199.00000000,0.19354475
78.00000000,2200.00000000,0.19380793
78.00000000,2201.00000000,0.19407144
78.00000000,2202.00000000,0.19433526
78.00000000,2203.00000000,0.19459935
78.00000000,2204.00000000,0.19486363
78.00000000,2205.00000000,0.19512815
78.00000000,2206.00000000,0.19539289
78.00000000,2207.00000000,0.19565771
78.00000000,2208.00000000,0.19592270
78.00000000,2209.00000000,0.19618775
78.00000000,2210.00000000,0.19645280
78.00000000,2211.00000000,0.19671797
78.00000000,2212.00000000,0.19698306
78.00000000,2213.00000000,0.19724817
78.00000000,2214.00000000,0.19751320
78.00000000,2215.00000000,0.19777814
78.00000000,2216.00000000,0.19804299
78.00000000,2217.00000000,0.19830769
78.00000000,2218.00000000,0.19857216
78.00000000,2219.00000000,0.19883648
78.00000000,2220.00000000,0.19910056
78.00000000,2221.00000000,0.19936431
78.00000000,2222.00000000,0.19962784
78.00000000,2223.00000000,0.19989098
78.00000000,2224.00000000,0.20015379
78.00000000,2225.00000000,0.20041618
78.00000000,2226.00000000,0.20067807
78.00000000,2227.00000000,0.20093944
78.00000000,2228.00000000,0.20120014
78.00000000,2229.00000000,0.20068511
78.00000000,2230.00000000,0.20016768
78.00000000,2231.00000000,0.19964786
78.00000000,2232.00000000,0.19912569
78.00000000,2233.00000000,0.19860131
78.00000000,2234.00000000,0.19807476
78.00000000,2235.00000000,0.19754602
78.00000000,2236.00000000,0.19701527
78.00000000,2237.00000000,0.19648248
78.00000000,2238.00000000,0.19594777
78.00000000,2239.00000000,0.19541117
78.00000000,2240.00000000,0.19487267
78.00000000,2241.00000000,0.19433241
78.00000000,2242.00000000,0.19379040
78.00000000,2243.00000000,0.19324661
78.00000000,2244.00000000,0.19270121
78.00000000,2245.00000000,0.19215419
78.00000000,2246.00000000,0.19160547
78.00000000,2247.00000000,0.19105534
78.00000000,2248.00000000,0.19050355
78.00000000,2249.00000000,0.18995018
78.00000000,2250.00000000,0.18939384
78.00000000,2251.00000000,0.18883219
78.00000000,2252.00000000,0.18826317
78.00000000,2253.00000000,0.18768554
78.00000000,2254.00000000,0.18709890
78.00000000,2255.00000000,0.18650324
78.00000000,2256.00000000,0.18589866
78.00000000,2257.00000000,0.18528523
78.00000000,2258.00000000,0.18466325
78.00000000,2259.00000000,0.18403288
78.00000000,2260.00000000,0.18339437
78.00000000,2261.00000000,0.18274809
78.00000000,2262.00000000,0.18209439
78.00000000,2263.00000000,0.18143371
78.00000000,2264.00000000,0.18076634
78.00000000,2265.00000000,0.18009247
78.00000000,2266.00000000,0.17941246
78.00000000,2267.00000000,0.17872646
78.00000000,2268.00000000,0.17803467
78.00000000,2269.00000000,0.17733734
78.00000000,2270.00000000,0.17663468
78.00000000,2271.00000000,0.17592677
78.00000000,2272.00000000,0.17521394
78.00000000,2273.00000000,0.17449625
78.00000000,2274.00000000,0.17377396
78.00000000,2275.00000000,0.17304719
78.00000000,2276.00000000,0.17231608
78.00000000,2277.00000000,0.17158088
78.00000000,2278.00000000,0.17084166
78.00000000,2279.00000000,0.17009857
78.00000000,2280.00000000,0.16935182
78.00000000,2281.00000000,0.16860151
78.00000000,2282.00000000,0.16784774
78.00000000,2283.00000000,0.16709069
78.00000000,2284.00000000,0.16633050
78.00000000,2285.00000000,0.16556719
78.00000000,2286.00000000,0.16480098
78.00000000,2287.00000000,0.16403193
78.00000000,2288.00000000,0.16326019
78.00000000,2289.00000000,0.16248586
78.00000000,2290.00000000,0.16170899
78.00000000,2291.00000000,0.16092974
78.00000000,2292.00000000,0.16014821
78.00000000,2293.00000000,0.15936443
78.00000000,2294.00000000,0.15857856
78.00000000,2295.00000000,0.15779068
78.00000000,2296.00000000,0.15700082
78.00000000,2297.00000000,0.15620912
78.00000000,2298.00000000,0.15541563
78.00000000,2299.00000000,0.15462049
78.00000000,2300.00000000,0.15382373
78.00000000,2301.00000000,0.15302537
78.00000000,2302.00000000,0.15222558
78.00000000,2303.00000000,0.15142436
78.00000000,2304.00000000,0.15062175
78.00000000,2305.00000000,0.14981786
78.00000000,2306.00000000,0.14901277
78.00000000,2307.00000000,0.14820647
78.00000000,2308.00000000,0.14739911
78.00000000,2309.00000000,0.14659067
78.00000000,2310.00000000,0.14578127
78.00000000,2311.00000000,0.14497097
78.00000000,2312.00000000,0.14415977
78.00000000,2313.00000000,0.14334779
78.00000000,2314.00000000,0.14253506
78.00000000,2315.00000000,0.14172157
78.00000000,2316.00000000,0.14090749
78.00000000,2317.00000000,0.14009281
78.00000000,2318.00000000,0.13927754
78.00000000,2319.00000000,0.13846180
78.00000000,2320.00000000,0.13764561
78.00000000,2321.00000000,0.13682898
78.00000000,2322.00000000,0.13601203
78.00000000,2323.00000000,0.13519472
78.00000000,2324.00000000,0.13437721
78.00000000,2325.00000000,0.13355952
78.00000000,2326.00000000,0.13274171
78.00000000,2327.00000000,0.13209724
78.00000000,2328.00000000,0.13196316
78.00000000,2329.00000000,0.13196873
78.00000000,2330.00000000,0.13197459
78.00000000,2331.00000000,0.13198069
78.00000000,2332.00000000,0.13198699
78.00000000,2333.00000000,0.13199356
78.00000000,2334.00000000,0.13202219
78.00000000,2335.00000000,0.13205108
78.00000000,2336.00000000,0.13208019
78.00000000,2337.00000000,0.13210947
78.00000000,2338.00000000,0.13213898
78.00000000,2339.00000000,0.13212547
78.00000000,2340.00000000,0.13211208
78.00000000,2341.00000000,0.13209889
78.00000000,2342.00000000,0.13208587
78.00000000,2343.00000000,0.13207298
78.00000000,2344.00000000,0.13206028
78.00000000,2345.00000000,0.13204773
78.00000000,2346.00000000,0.13203530
78.00000000,2347.00000000,0.13202307
78.00000000,2348.00000000,0.13201092
78.00000000,2349.00000000,0.13199896
78.00000000,2350.00000000,0.13198713
78.00000000,2351.00000000,0.13197540
78.00000000,2352.00000000,0.13196385
78.00000000,2353.00000000,0.13195243
78.00000000,2354.00000000,0.13193922
78.00000000,2355.00000000,0.13192618
78.00000000,2356.00000000,0.13191329
78.00000000,2357.00000000,0.13190046
78.00000000,2358.00000000,0.13188779
78.00000000,2359.00000000,0.13187521
78.00000000,2360.00000000,0.13186277
78.00000000,2361.00000000,0.13185044
78.00000000,2362.00000000,0.13183820
78.00000000,2363.00000000,0.13182609
78.00000000,2364.00000000,0.13181410
78.00000000,2365.00000000,0.13180215
78.00000000,2366.00000000,0.13179034
78.00000000,2367.00000000,0.13177865
78.00000000,2368.00000000,0.13176699
78.00000000,2369.00000000,0.13175548
78.00000000,2370.00000000,0.13174401
78.00000000,2371.00000000,0.13173268
78.00000000,2372.00000000,0.13172143
78.00000000,2373.00000000,0.13171022
78.00000000,2374.00000000,0.13169914
78.00000000,2375.00000000,0.13168813
78.00000000,2376.00000000,0.13167716
78.00000000,2377.00000000,0.13166632
78.00000000,2378.00000000,0.13165554
78.00000000,2379.00000000,0.13164896
78.00000000,2380.00000000,0.13164250
78.00000000,2381.00000000,0.13163610
78.00000000,2382.00000000,0.13162974
78.00000000,2383.00000000,0.13162348
78.00000000,2384.00000000,0.13161724
78.00000000,2385.00000000,0.13161112
78.00000000,2386.00000000,0.13160506
78.00000000,2387.00000000,0.13159902
78.00000000,2388.00000000,0.13159308
78.00000000,2389.00000000,0.13158720
78.00000000,2390.00000000,0.13158133
78.00000000,2391.00000000,0.13157556
78.00000000,2392.00000000,0.13156984
78.00000000,2393.00000000,0.13156413
78.00000000,2394.00000000,0.13155852
78.00000000,2395.00000000,0.13155290
78.00000000,2396.00000000,0.13154739
78.00000000,2397.00000000,0.13154192
78.00000000,2398.00000000,0.13153645
78.00000000,2399.00000000,0.13153107
78.00000000,2400.00000000,0.13152573
78.00000000,2401.00000000,0.13152039
78.00000000,2402.00000000,0.13151515
78.00000000,2403.00000000,0.13150994
78.00000000,2404.00000000,0.13150474
78.00000000,2405.00000000,0.13149963
78.00000000,2406.00000000,0.13149457
78.00000000,2407.00000000,0.13148950
78.00000000,2408.00000000,0.13148453
78.00000000,2409.00000000,0.13147954
78.00000000,2410.00000000,0.13147464
78.00000000,2411.00000000,0.13146979
78.00000000,2412.00000000,0.13146492
78.00000000,2413.00000000,0.13146014
78.00000000,2414.00000000,0.13145541
78.00000000,2415.00000000,0.13145064
78.00000000,2416.00000000,0.13144597
78.00000000,2417.00000000,0.13144133
78.00000000,2418.00000000,0.13143666
78.00000000,2419.00000000,0.13143209
78.00000000,2420.00000000,0.13142749
78.00000000,2421.00000000,0.13142297
78.00000000,2422.00000000,0.13141848
78.00000000,2423.00000000,0.13141397
78.00000000,2424.00000000,0.13140953
78.00000000,2425.00000000,0.13140512
78.00000000,2426.00000000,0.13140068
78.00000000,2427.00000000,0.13139631
78.00000000,2428.00000000,0.13139196
78.00000000,2429.00000000,0.13138640
78.00000000,2430.00000000,0.13138093
78.00000000,2431.00000000,0.13137546
78.00000000,2432.00000000,0.13136995
78.00000000,2433.00000000,0.13136453
78.00000000,2434.00000000,0.13135906
78.00000000,2435.00000000,0.13135368
78.00000000,2436.00000000,0.13134830
78.00000000,2437.00000000,0.13134289
78.00000000,2438.00000000,0.13133755
78.00000000,2439.00000000,0.13133221
78.00000000,2440.00000000,0.13132685
78.00000000,2441.00000000,0.13132155
78.00000000,2442.00000000,0.13131627
78.00000000,2443.00000000,0.13131094
78.00000000,2444.00000000,0.13130568
78.00000000,2445.00000000,0.13130037
78.00000000,2446.00000000,0.13129514
78.00000000,2447.00000000,0.13128991
78.00000000,2448.00000000,0.13128464
78.00000000,2449.00000000,0.13127944
78.00000000,2450.00000000,0.13127425
78.00000000,2451.00000000,0.13126900
78.00000000,2452.00000000,0.13126383
78.00000000,2453.00000000,0.13125865
78.00000000,2454.00000000,0.13125342
78.00000000,2455.00000000,0.13124825
78.00000000,2456.00000000,0.13124302
78.00000000,2457.00000000,0.13123785
78.00000000,2458.00000000,0.13123269
78.00000000,2459.00000000,0.13122745
78.00000000,2460.00000000,0.13122229
78.00000000,2461.00000000,0.13121713
78.00000000,2462.00000000,0.13121190
78.00000000,2463.00000000,0.13120674
78.00000000,2464.00000000,0.13120158
78.00000000,2465.00000000,0.13119634
78.00000000,2466.00000000,0.13119117
78.00000000,2467.00000000,0.13118601
78.00000000,2468.00000000,0.13118077
78.00000000,2469.00000000,0.13117561
78.00000000,2470.00000000,0.13117036
78.00000000,2471.00000000,0.13116519
78.00000000,2472.00000000,0.13116002
78.00000000,2473.00000000,0.13115478
78.00000000,2474.00000000,0.13114960
78.00000000,2475.00000000,0.13114443
78.00000000,2476.00000000,0.13113917
78.00000000,2477.00000000,0.13113398
78.00000000,2478.00000000,0.13112879
78.00000000,2479.00000000,0.13112227
78.00000000,2480.00000000,0.13111583
78.00000000,2481.00000000,0.13110929
78.00000000,2482.00000000,0.13110284
78.00000000,2483.00000000,0.13109637
78.00000000,2484.00000000,0.13108983
78.00000000,2485.00000000,0.13108337
78.00000000,2486.00000000,0.13107689
78.00000000,2487.00000000,0.13107034
78.00000000,2488.00000000,0.13106386
78.00000000,2489.00000000,0.13105737
78.00000000,2490.00000000,0.13105079
78.00000000,2491.00000000,0.13104431
78.00000000,2492.00000000,0.13103780
78.00000000,2493.00000000,0.13103123
78.00000000,2494.00000000,0.13102472
78.00000000,2495.00000000,0.13101812
78.00000000,2496.00000000,0.13101160
78.00000000,2497.00000000,0.13100508
78.00000000,2498.00000000,0.13099847
78.00000000,2499.00000000,0.13099195
78.00000000,2500.00000000,0.13098541
79.00000000,1765.00000000,0.09783675
79.00000000,1766.00000000,0.09783686
79.00000000,1767.00000000,0.09783691
79.00000000,1768.00000000,0.09783704
79.00000000,1769.00000000,0.09783738
79.00000000,1770.00000000,0.09783786
79.00000000,1771.00000000,0.09783845
79.00000000,1772.00000000,0.09783921
79.00000000,1773.00000000,0.09784017
79.00000000,1774.00000000,0.09784136
79.00000000,1775.00000000,0.09784264
79.00000000,1776.00000000,0.09784412
79.00000000,1777.00000000,0.09784575
79.00000000,1778.00000000,0.09784753
79.00000000,1779.00000000,0.09784943
79.00000000,1780.00000000,0.09785166
79.00000000,1781.00000000,0.09785393
79.00000000,1782.00000000,0.09785625
79.00000000,1783.00000000,0.09785898
79.00000000,1784.00000000,0.09786148
79.00000000,1785.00000000,0.09786429
79.00000000,1786.00000000,0.09786728
79.00000000,1787.00000000,0.09787036
79.00000000,1788.00000000,0.09787330
79.00000000,1789.00000000,0.09787665
79.00000000,1790.00000000,0.09787996
79.00000000,1791.00000000,0.09788342
79.00000000,1792.00000000,0.09788702
79.00000000,1793.00000000,0.09789056
79.00000000,1794.00000000,0.09789425
79.00000000,1795.00000000,0.09789803
79.00000000,1796.00000000,0.09790192
79.00000000,1797.00000000,0.09790576
79.00000000,1798.00000000,0.09790975
79.00000000,1799.00000000,0.09791384
79.00000000,1800.00000000,0.09791796
79.00000000,1801.00000000,0.09792216
79.00000000,1802.00000000,0.09792633
79.00000000,1803.00000000,0.09793059
79.00000000,1804.00000000,0.09793485
79.00000000,1805.00000000,0.09793922
79.00000000,1806.00000000,0.09794360
79.00000000,1807.00000000,0.09794806
79.00000000,1808.00000000,0.09795250
79.00000000,1809.00000000,0.09795705
79.00000000,1810.00000000,0.09796159
79.00000000,1811.00000000,0.09796619
79.00000000,1812.00000000,0.09797085
79.00000000,1813.00000000,0.09797548
79.00000000,1814.00000000,0.09798020
79.00000000,1815.00000000,0.09798500
79.00000000,1816.00000000,0.09798969
79.00000000,1817.00000000,0.09799453
79.00000000,1818.00000000,0.09799939
79.00000000,1819.00000000,0.09800419
79.00000000,1820.00000000,0.09800908
79.00000000,1821.00000000,0.09801394
79.00000000,1822.00000000,0.09801891
79.00000000,1823.00000000,0.09802387
79.00000000,1824.00000000,0.09802884
79.00000000,1825.00000000,0.09803386
79.00000000,1826.00000000,0.09803889
79.00000000,1827.00000000,0.09804398
79.00000000,1828.00000000,0.09804907
79.00000000,1829.00000000,0.09805421
79.00000000,1830.00000000,0.09805936
79.00000000,1831.00000000,0.09806458
79.00000000,1832.00000000,0.09806979
79.00000000,1833.00000000,0.09807502
79.00000000,1834.00000000,0.09808025
79.00000000,1835.00000000,0.09808557
79.00000000,1836.00000000,0.09809092
79.00000000,1837.00000000,0.09809630
79.00000000,1838.00000000,0.09810177
79.00000000,1839.00000000,0.09810725
79.00000000,1840.00000000,0.09811284
79.00000000,1841.00000000,0.09811846
79.00000000,1842.00000000,0.09812415
79.00000000,1843.00000000,0.09812998
79.00000000,1844.00000000,0.09813585
79.00000000,1845.00000000,0.09815074
79.00000000,1846.00000000,0.09815679
79.00000000,1847.00000000,0.09816298
79.00000000,1848.00000000,0.09816922
79.00000000,1849.00000000,0.09817561
79.00000000,1850.00000000,0.09818502
79.00000000,1851.00000000,0.09819156
79.00000000,1852.00000000,0.09819811
79.00000000,1853.00000000,0.09820519
79.00000000,1854.00000000,0.09821252
79.00000000,1855.00000000,0.09821997
79.00000000,1856.00000000,0.09822740
79.00000000,1857.00000000,0.09823478
79.00000000,1858.00000000,0.09824207
79.00000000,1859.00000000,0.09824956
79.00000000,1860.00000000,0.09825989
79.00000000,1861.00000000,0.09826731
79.00000000,1862.00000000,0.09827458
79.00000000,1863.00000000,0.09828122
79.00000000,1864.00000000,0.09828720
79.00000000,1865.00000000,0.09829294
79.00000000,1866.00000000,0.09829820
79.00000000,1867.00000000,0.09830326
79.00000000,1868.00000000,0.09830800
79.00000000,1869.00000000,0.09831253
79.00000000,1870.00000000,0.09831986
79.00000000,1871.00000000,0.09832413
79.00000000,1872.00000000,0.09832852
79.00000000,1873.00000000,0.09833385
79.00000000,1874.00000000,0.09833980
79.00000000,1875.00000000,0.09834621
79.00000000,1876.00000000,0.09835597
79.00000000,1877.00000000,0.09836313
79.00000000,1878.00000000,0.09837042
79.00000000,1879.00000000,0.09838095
79.00000000,1880.00000000,0.09838864
79.00000000,1881.00000000,0.09840229
79.00000000,1882.00000000,0.09840713
79.00000000,1883.00000000,0.09841435
79.00000000,1884.00000000,0.09842123
79.00000000,1885.00000000,0.09843074
79.00000000,1886.00000000,0.09843715
79.00000000,1887.00000000,0.09844343
79.00000000,1888.00000000,0.09844963
79.00000000,1889.00000000,0.09845538
79.00000000,1890.00000000,0.09846397
79.00000000,1891.00000000,0.09846910
79.00000000,1892.00000000,0.09847388
79.00000000,1893.00000000,0.09847857
79.00000000,1894.00000000,0.09848629
79.00000000,1895.00000000,0.09849412
79.00000000,1896.00000000,0.09850211
79.00000000,1897.00000000,0.09850698
79.00000000,1898.00000000,0.09851186
79.00000000,1899.00000000,0.09851651
79.00000000,1900.00000000,0.09852078
79.00000000,1901.00000000,0.09852775
79.00000000,1902.00000000,0.09853489
79.00000000,1903.00000000,0.09853917
79.00000000,1904.00000000,0.09854659
79.00000000,1905.00000000,0.09855135
79.00000000,1906.00000000,0.09855933
79.00000000,1907.00000000,0.09856453
79.00000000,1908.00000000,0.09856952
79.00000000,1909.00000000,0.09859240
79.00000000,1910.00000000,0.09859444
79.00000000,1911.00000000,0.09859935
79.00000000,1912.00000000,0.09860644
79.00000000,1913.00000000,0.09860959
79.00000000,1914.00000000,0.09861460
79.00000000,1915.00000000,0.09862806
79.00000000,1916.00000000,0.09862974
79.00000000,1917.00000000,0.09863435
79.00000000,1918.00000000,0.09863894
79.00000000,1919.00000000,0.09864660
79.00000000,1920.00000000,0.09865217
79.00000000,1921.00000000,0.09866159
79.00000000,1922.00000000,0.09866933
79.00000000,1923.00000000,0.09868097
79.00000000,1924.00000000,0.09869886
79.00000000,1925.00000000,0.09870473
79.00000000,1926.00000000,0.09871950
79.00000000,1927.00000000,0.09872845
79.00000000,1928.00000000,0.09874348
79.00000000,1929.00000000,0.09876156
79.00000000,1930.00000000,0.09876800
79.00000000,1931.00000000,0.09878481
79.00000000,1932.00000000,0.09880030
79.00000000,1933.00000000,0.09884067
79.00000000,1934.00000000,0.09885803
79.00000000,1935.00000000,0.09888438
79.00000000,1936.00000000,0.09889820
79.00000000,1937.00000000,0.09891090
79.00000000,1938.00000000,0.09893404
79.00000000,1939.00000000,0.09896494
79.00000000,1940.00000000,0.09898315
79.00000000,1941.00000000,0.09899411
79.00000000,1942.00000000,0.09901864
79.00000000,1943.00000000,0.09904553
79.00000000,1944.00000000,0.09906900
79.00000000,1945.00000000,0.09908078
79.00000000,1946.00000000,0.09910952
79.00000000,1947.00000000,0.09913116
79.00000000,1948.00000000,0.09916009
79.00000000,1949.00000000,0.09918351
79.00000000,1950.00000000,0.09921904
79.00000000,1951.00000000,0.09927861
79.00000000,1952.00000000,0.09932130
79.00000000,1953.00000000,0.09930178
79.00000000,1954.00000000,0.09935365
79.00000000,1955.00000000,0.09937299
79.00000000,1956.00000000,0.09939252
79.00000000,1957.00000000,0.09940703
79.00000000,1958.00000000,0.09945826
79.00000000,1959.00000000,0.09954449
79.00000000,1960.00000000,0.09957198
79.00000000,1961.00000000,0.09961511
79.00000000,1962.00000000,0.09966612
79.00000000,1963.00000000,0.09967751
79.00000000,1964.00000000,0.09968465
79.00000000,1965.00000000,0.09969630
79.00000000,1966.00000000,0.09973597
79.00000000,1967.00000000,0.09982772
79.00000000,1968.00000000,0.09982255
79.00000000,1969.00000000,0.09990116
79.00000000,1970.00000000,0.09993828
79.00000000,1971.00000000,0.09992989
79.00000000,1972.00000000,0.09989869
79.00000000,1973.00000000,0.09991387
79.00000000,1974.00000000,0.09995545
79.00000000,1975.00000000,0.09996546
79.00000000,1976.00000000,0.09999911
79.00000000,1977.00000000,0.10004527
79.00000000,1978.00000000,0.10014187
79.00000000,1979.00000000,0.10019420
79.00000000,1980.00000000,0.10021934
79.00000000,1981.00000000,0.10023299
79.00000000,1982.00000000,0.10035896
79.00000000,1983.00000000,0.10036058
79.00000000,1984.00000000,0.10046246
79.00000000,1985.00000000,0.10058336
79.00000000,1986.00000000,0.10080416
79.00000000,1987.00000000,0.10069830
79.00000000,1988.00000000,0.10079623
79.00000000,1989.00000000,0.10089058
79.00000000,1990.00000000,0.10093394
79.00000000,1991.00000000,0.10105351
79.00000000,1992.00000000,0.10123528
79.00000000,1993.00000000,0.10095519
79.00000000,1994.00000000,0.10091547
79.00000000,1995.00000000,0.10109803
79.00000000,1996.00000000,0.10125469
79.00000000,1997.00000000,0.10119582
79.00000000,1998.00000000,0.10080984
79.00000000,1999.00000000,0.10117752
79.00000000,2000.00000000,0.10079576
79.00000000,2001.00000000,0.10091742
79.00000000,2002.00000000,0.10128329
79.00000000,2003.00000000,0.10126171
79.00000000,2004.00000000,0.10129496
79.00000000,2005.00000000,0.10131347
79.00000000,2006.00000000,0.10153594
79.00000000,2007.00000000,0.10153040
79.00000000,2008.00000000,0.10174640
79.00000000,2009.00000000,0.10145380
79.00000000,2010.00000000,0.10109612
79.00000000,2011.00000000,0.10079415
79.00000000,2012.00000000,0.10089699
79.00000000,2013.00000000,0.10109691
79.00000000,2014.00000000,0.10121815
79.00000000,2015.00000000,0.10148020
79.00000000,2016.00000000,0.10166932
79.00000000,2017.00000000,0.10142984
79.00000000,2018.00000000,0.10152983
79.00000000,2019.00000000,0.10179384
79.00000000,2020.00000000,0.10184620
79.00000000,2021.00000000,0.10181840
79.00000000,2022.00000000,0.10190855
79.00000000,2023.00000000,0.10183233
79.00000000,2024.00000000,0.10113222
79.00000000,2025.00000000,0.10130608
79.00000000,2026.00000000,0.10170077
79.00000000,2027.00000000,0.10187301
79.00000000,2028.00000000,0.10167900
79.00000000,2029.00000000,0.10224043
79.00000000,2030.00000000,0.10259166
79.00000000,2031.00000000,0.10262637
79.00000000,2032.00000000,0.10271053
79.00000000,2033.00000000,0.10273442
79.00000000,2034.00000000,0.10320103
79.00000000,2035.00000000,0.10354327
79.00000000,2036.00000000,0.10376116
79.00000000,2037.00000000,0.10388648
79.00000000,2038.00000000,0.10421692
79.00000000,2039.00000000,0.10449766
79.00000000,2040.00000000,0.10449793
79.00000000,2041.00000000,0.10475181
79.00000000,2042.00000000,0.10512463
79.00000000,2043.00000000,0.10553030
79.00000000,2044.00000000,0.10586893
79.00000000,2045.00000000,0.10627125
79.00000000,2046.00000000,0.10651860
79.00000000,2047.00000000,0.10696523
79.00000000,2048.00000000,0.10750880
79.00000000,2049.00000000,0.10823058
79.00000000,2050.00000000,0.10860833
79.00000000,2051.00000000,0.10902060
79.00000000,2052.00000000,0.10962184
79.00000000,2053.00000000,0.10958339
79.00000000,2054.00000000,0.10943767
79.00000000,2055.00000000,0.11012281
79.00000000,2056.00000000,0.11046458
79.00000000,2057.00000000,0.11060922
79.00000000,2058.00000000,0.11132632
79.00000000,2059.00000000,0.11110287
79.00000000,2060.00000000,0.11057638
79.00000000,2061.00000000,0.11039226
79.00000000,2062.00000000,0.11027606
79.00000000,2063.00000000,0.11070677
79.00000000,2064.00000000,0.11106680
79.00000000,2065.00000000,0.11146155
79.00000000,2066.00000000,0.11179446
79.00000000,2067.00000000,0.11231599
79.00000000,2068.00000000,0.11260229
79.00000000,2069.00000000,0.11269794
79.00000000,2070.00000000,0.11289385
79.00000000,2071.00000000,0.11252259
79.00000000,2072.00000000,0.11249086
79.00000000,2073.00000000,0.11276845
79.00000000,2074.00000000,0.11308234
79.00000000,2075.00000000,0.11342171
79.00000000,2076.00000000,0.11368609
79.00000000,2077.00000000,0.11357441
79.00000000,2078.00000000,0.11350049
79.00000000,2079.00000000,0.11393253
79.00000000,2080.00000000,0.11435515
79.00000000,2081.00000000,0.11449113
79.00000000,2082.00000000,0.11539875
79.00000000,2083.00000000,0.11644242
79.00000000,2084.00000000,0.11725584
79.00000000,2085.00000000,0.11778061
79.00000000,2086.00000000,0.11831059
79.00000000,2087.00000000,0.11884545
79.00000000,2088.00000000,0.11938438
79.00000000,2089.00000000,0.11992741
79.00000000,2090.00000000,0.12066243
79.00000000,2091.00000000,0.12140109
79.00000000,2092.00000000,0.12214392
79.00000000,2093.00000000,0.12289097
79.00000000,2094.00000000,0.12364223
79.00000000,2095.00000000,0.12439792
79.00000000,2096.00000000,0.12515780
79.00000000,2097.00000000,0.12592164
79.00000000,2098.00000000,0.12668948
79.00000000,2099.00000000,0.12746104
79.00000000,2100.00000000,0.12815342
79.00000000,2101.00000000,0.12884933
79.00000000,2102.00000000,0.12954913
79.00000000,2103.00000000,0.13025305
79.00000000,2104.00000000,0.13096114
79.00000000,2105.00000000,0.13167352
79.00000000,2106.00000000,0.13239015
79.00000000,2107.00000000,0.13311096
79.00000000,2108.00000000,0.13383578
79.00000000,2109.00000000,0.13456479
79.00000000,2110.00000000,0.13546936
79.00000000,2111.00000000,0.13637766
79.00000000,2112.00000000,0.13728976
79.00000000,2113.00000000,0.13820537
79.00000000,2114.00000000,0.13912430
79.00000000,2115.00000000,0.14004642
79.00000000,2116.00000000,0.14097162
79.00000000,2117.00000000,0.14189977
79.00000000,2118.00000000,0.14283071
79.00000000,2119.00000000,0.14376423
79.00000000,2120.00000000,0.14482531
79.00000000,2121.00000000,0.14588882
79.00000000,2122.00000000,0.14695446
79.00000000,2123.00000000,0.14802231
79.00000000,2124.00000000,0.14909207
79.00000000,2125.00000000,0.15016352
79.00000000,2126.00000000,0.15123652
79.00000000,2127.00000000,0.15231099
79.00000000,2128.00000000,0.15338679
79.00000000,2129.00000000,0.15446370
79.00000000,2130.00000000,0.15553442
79.00000000,2131.00000000,0.15660604
79.00000000,2132.00000000,0.15767829
79.00000000,2133.00000000,0.15875093
79.00000000,2134.00000000,0.15982384
79.00000000,2135.00000000,0.16089692
79.00000000,2136.00000000,0.16196985
79.00000000,2137.00000000,0.16304260
79.00000000,2138.00000000,0.16411484
79.00000000,2139.00000000,0.16518630
79.00000000,2140.00000000,0.16598415
79.00000000,2141.00000000,0.16678081
79.00000000,2142.00000000,0.16757627
79.00000000,2143.00000000,0.16837037
79.00000000,2144.00000000,0.16916306
79.00000000,2145.00000000,0.16995428
79.00000000,2146.00000000,0.17074388
79.00000000,2147.00000000,0.17153167
79.00000000,2148.00000000,0.17231773
79.00000000,2149.00000000,0.17310182
79.00000000,2150.00000000,0.17363809
79.00000000,2151.00000000,0.17417315
79.00000000,2152.00000000,0.17470938
79.00000000,2153.00000000,0.17524962
79.00000000,2154.00000000,0.17579499
79.00000000,2155.00000000,0.17634598
79.00000000,2156.00000000,0.17690291
79.00000000,2157.00000000,0.17746557
79.00000000,2158.00000000,0.17803392
79.00000000,2159.00000000,0.17860768
79.00000000,2160.00000000,0.17904947
79.00000000,2161.00000000,0.17949589
79.00000000,2162.00000000,0.17994697
79.00000000,2163.00000000,0.18040234
79.00000000,2164.00000000,0.18086184
79.00000000,2165.00000000,0.18132522
79.00000000,2166.00000000,0.18179218
79.00000000,2167.00000000,0.18226275
79.00000000,2168.00000000,0.18273661
79.00000000,2169.00000000,0.18321354
79.00000000,2170.00000000,0.18355170
79.00000000,2171.00000000,0.18389239
79.00000000,2172.00000000,0.18423545
79.00000000,2173.00000000,0.18458088
79.00000000,2174.00000000,0.18492849
79.00000000,2175.00000000,0.18527807
79.00000000,2176.00000000,0.18562972
79.00000000,2177.00000000,0.18598317
79.00000000,2178.00000000,0.18633842
79.00000000,2179.00000000,0.18669529
79.00000000,2180.00000000,0.18694443
79.00000000,2181.00000000,0.18719486
79.00000000,2182.00000000,0.18744649
79.00000000,2183.00000000,0.18769924
79.00000000,2184.00000000,0.18795310
79.00000000,2185.00000000,0.18820798
79.00000000,2186.00000000,0.18846371
79.00000000,2187.00000000,0.18872050
79.00000000,2188.00000000,0.18897802
79.00000000,2189.00000000,0.18923640
79.00000000,2190.00000000,0.18949556
79.00000000,2191.00000000,0.18975537
79.00000000,2192.00000000,0.19001590
79.00000000,2193.00000000,0.19027705
79.00000000,2194.00000000,0.19053868
79.00000000,2195.00000000,0.19080102
79.00000000,2196.00000000,0.19106381
79.00000000,2197.00000000,0.19132700
79.00000000,2198.00000000,0.19159070
79.00000000,2199.00000000,0.19185479
79.00000000,2200.00000000,0.19211925
79.00000000,2201.00000000,0.19238407
79.00000000,2202.00000000,0.19264915
79.00000000,2203.00000000,0.19291455
79.00000000,2204.00000000,0.19318021
79.00000000,2205.00000000,0.19344600
79.00000000,2206.00000000,0.19371212
79.00000000,2207.00000000,0.19397838
79.00000000,2208.00000000,0.19424470
79.00000000,2209.00000000,0.19451117
79.00000000,2210.00000000,0.19477776
79.00000000,2211.00000000,0.19504432
79.00000000,2212.00000000,0.19531096
79.00000000,2213.00000000,0.19557755
79.00000000,2214.00000000,0.19584415
79.00000000,2215.00000000,0.19611070
79.00000000,2216.00000000,0.19637710
79.00000000,2217.00000000,0.19664343
79.00000000,2218.00000000,0.19690963
79.00000000,2219.00000000,0.19717561
79.00000000,2220.00000000,0.19744142
79.00000000,2221.00000000,0.19770701
79.00000000,2222.00000000,0.19797229
79.00000000,2223.00000000,0.19823734
79.00000000,2224.00000000,0.19850199
79.00000000,2225.00000000,0.19876637
79.00000000,2226.00000000,0.19903031
79.00000000,2227.00000000,0.19929373
79.00000000,2228.00000000,0.19955671
79.00000000,2229.00000000,0.19981900
79.00000000,2230.00000000,0.19931078
79.00000000,2231.00000000,0.19880014
79.00000000,2232.00000000,0.19828712
79.00000000,2233.00000000,0.19777174
79.00000000,2234.00000000,0.19725415
79.00000000,2235.00000000,0.19673438
79.00000000,2236.00000000,0.19621243
79.00000000,2237.00000000,0.19568846
79.00000000,2238.00000000,0.19516244
79.00000000,2239.00000000,0.19463449
79.00000000,2240.00000000,0.19410464
79.00000000,2241.00000000,0.19357288
79.00000000,2242.00000000,0.19303936
79.00000000,2243.00000000,0.19250407
79.00000000,2244.00000000,0.19196699
79.00000000,2245.00000000,0.19142829
79.00000000,2246.00000000,0.19088796
79.00000000,2247.00000000,0.19034592
79.00000000,2248.00000000,0.18980245
79.00000000,2249.00000000,0.18925709
79.00000000,2250.00000000,0.18870890
79.00000000,2251.00000000,0.18815534
79.00000000,2252.00000000,0.18759431
79.00000000,2253.00000000,0.18702470
79.00000000,2254.00000000,0.18644609
79.00000000,2255.00000000,0.18585839
79.00000000,2256.00000000,0.18526176
79.00000000,2257.00000000,0.18465634
79.00000000,2258.00000000,0.18404224
79.00000000,2259.00000000,0.18341980
79.00000000,2260.00000000,0.18278922
79.00000000,2261.00000000,0.18215079
79.00000000,2262.00000000,0.18150499
79.00000000,2263.00000000,0.18085212
79.00000000,2264.00000000,0.18019255
79.00000000,2265.00000000,0.17952653
79.00000000,2266.00000000,0.17885424
79.00000000,2267.00000000,0.17817600
79.00000000,2268.00000000,0.17749195
79.00000000,2269.00000000,0.17680230
79.00000000,2270.00000000,0.17610728
79.00000000,2271.00000000,0.17540709
79.00000000,2272.00000000,0.17470183
79.00000000,2273.00000000,0.17399176
79.00000000,2274.00000000,0.17327700
79.00000000,2275.00000000,0.17255777
79.00000000,2276.00000000,0.17183421
79.00000000,2277.00000000,0.17110642
79.00000000,2278.00000000,0.17037466
79.00000000,2279.00000000,0.16963905
79.00000000,2280.00000000,0.16889963
79.00000000,2281.00000000,0.16815669
79.00000000,2282.00000000,0.16741027
79.00000000,2283.00000000,0.16666050
79.00000000,2284.00000000,0.16590756
79.00000000,2285.00000000,0.16515152
79.00000000,2286.00000000,0.16439249
79.00000000,2287.00000000,0.16363065
79.00000000,2288.00000000,0.16286601
79.00000000,2289.00000000,0.16209879
79.00000000,2290.00000000,0.16132901
79.00000000,2291.00000000,0.16055679
79.00000000,2292.00000000,0.15978226
79.00000000,2293.00000000,0.15900550
79.00000000,2294.00000000,0.15822654
79.00000000,2295.00000000,0.15744557
79.00000000,2296.00000000,0.15666263
79.00000000,2297.00000000,0.15587774
79.00000000,2298.00000000,0.15509110
79.00000000,2299.00000000,0.15430269
79.00000000,2300.00000000,0.15351267
79.00000000,2301.00000000,0.15272106
79.00000000,2302.00000000,0.15192790
79.00000000,2303.00000000,0.15113333
79.00000000,2304.00000000,0.15033734
79.00000000,2305.00000000,0.14954001
79.00000000,2306.00000000,0.14874145
79.00000000,2307.00000000,0.14794169
79.00000000,2308.00000000,0.14714076
79.00000000,2309.00000000,0.14633877
79.00000000,2310.00000000,0.14553575
79.00000000,2311.00000000,0.14473181
79.00000000,2312.00000000,0.14392697
79.00000000,2313.00000000,0.14312124
79.00000000,2314.00000000,0.14231476
79.00000000,2315.00000000,0.14150754
79.00000000,2316.00000000,0.14069960
79.00000000,2317.00000000,0.13989106
79.00000000,2318.00000000,0.13908194
79.00000000,2319.00000000,0.13827224
79.00000000,2320.00000000,0.13746208
79.00000000,2321.00000000,0.13665149
79.00000000,2322.00000000,0.13584045
79.00000000,2323.00000000,0.13502909
79.00000000,2324.00000000,0.13421741
79.00000000,2325.00000000,0.13340552
79.00000000,2326.00000000,0.13259345
79.00000000,2327.00000000,0.13178126
79.00000000,2328.00000000,0.13114120
79.00000000,2329.00000000,0.13100791
79.00000000,2330.00000000,0.13101329
79.00000000,2331.00000000,0.13101896
79.00000000,2332.00000000,0.13102488
79.00000000,2333.00000000,0.13103099
79.00000000,2334.00000000,0.13103737
79.00000000,2335.00000000,0.13106566
79.00000000,2336.00000000,0.13109421
79.00000000,2337.00000000,0.13112297
79.00000000,2338.00000000,0.13115190
79.00000000,2339.00000000,0.13118108
79.00000000,2340.00000000,0.13116751
79.00000000,2341.00000000,0.13115408
79.00000000,2342.00000000,0.13114085
79.00000000,2343.00000000,0.13112779
79.00000000,2344.00000000,0.13111485
79.00000000,2345.00000000,0.13110210
79.00000000,2346.00000000,0.13108953
79.00000000,2347.00000000,0.13107705
79.00000000,2348.00000000,0.13106476
79.00000000,2349.00000000,0.13105257
79.00000000,2350.00000000,0.13104056
79.00000000,2351.00000000,0.13102870
79.00000000,2352.00000000,0.13101693
79.00000000,2353.00000000,0.13100533
79.00000000,2354.00000000,0.13099386
79.00000000,2355.00000000,0.13098064
79.00000000,2356.00000000,0.13096758
79.00000000,2357.00000000,0.13095465
79.00000000,2358.00000000,0.13094180
79.00000000,2359.00000000,0.13092910
79.00000000,2360.00000000,0.13091648
79.00000000,2361.00000000,0.13090403
79.00000000,2362.00000000,0.13089168
79.00000000,2363.00000000,0.13087939
79.00000000,2364.00000000,0.13086726
79.00000000,2365.00000000,0.13085522
79.00000000,2366.00000000,0.13084326
79.00000000,2367.00000000,0.13083142
79.00000000,2368.00000000,0.13081969
79.00000000,2369.00000000,0.13080800
79.00000000,2370.00000000,0.13079646
79.00000000,2371.00000000,0.13078495
79.00000000,2372.00000000,0.13077359
79.00000000,2373.00000000,0.13076229
79.00000000,2374.00000000,0.13075106
79.00000000,2375.00000000,0.13073994
79.00000000,2376.00000000,0.13072889
79.00000000,2377.00000000,0.13071789
79.00000000,2378.00000000,0.13070700
79.00000000,2379.00000000,0.13069619
79.00000000,2380.00000000,0.13068955
79.00000000,2381.00000000,0.13068302
79.00000000,2382.00000000,0.13067655
79.00000000,2383.00000000,0.13067011
79.00000000,2384.00000000,0.13066379
79.00000000,2385.00000000,0.13065750
79.00000000,2386.00000000,0.13065130
79.00000000,2387.00000000,0.13064516
79.00000000,2388.00000000,0.13063905
79.00000000,2389.00000000,0.13063304
79.00000000,2390.00000000,0.13062708
79.00000000,2391.00000000,0.13062114
79.00000000,2392.00000000,0.13061530
79.00000000,2393.00000000,0.13060951
79.00000000,2394.00000000,0.13060373
79.00000000,2395.00000000,0.13059804
79.00000000,2396.00000000,0.13059236
79.00000000,2397.00000000,0.13058676
79.00000000,2398.00000000,0.13058122
79.00000000,2399.00000000,0.13057567
79.00000000,2400.00000000,0.13057023
79.00000000,2401.00000000,0.13056482
79.00000000,2402.00000000,0.13055940
79.00000000,2403.00000000,0.13055408
79.00000000,2404.00000000,0.13054882
79.00000000,2405.00000000,0.13054355
79.00000000,2406.00000000,0.13053837
79.00000000,2407.00000000,0.13053325
79.00000000,2408.00000000,0.13052811
79.00000000,2409.00000000,0.13052307
79.00000000,2410.00000000,0.13051801
79.00000000,2411.00000000,0.13051304
79.00000000,2412.00000000,0.13050812
79.00000000,2413.00000000,0.13050317
79.00000000,2414.00000000,0.13049833
79.00000000,2415.00000000,0.13049352
79.00000000,2416.00000000,0.13048868
79.00000000,2417.00000000,0.13048393
79.00000000,2418.00000000,0.13047922
79.00000000,2419.00000000,0.13047450
79.00000000,2420.00000000,0.13046985
79.00000000,2421.00000000,0.13046516
79.00000000,2422.00000000,0.13046057
79.00000000,2423.00000000,0.13045600
79.00000000,2424.00000000,0.13045141
79.00000000,2425.00000000,0.13044690
79.00000000,2426.00000000,0.13044241
79.00000000,2427.00000000,0.13043789
79.00000000,2428.00000000,0.13043346
79.00000000,2429.00000000,0.13042904
79.00000000,2430.00000000,0.13042341
79.00000000,2431.00000000,0.13041785
79.00000000,2432.00000000,0.13041232
79.00000000,2433.00000000,0.13040675
79.00000000,2434.00000000,0.13040126
79.00000000,2435.00000000,0.13039572
79.00000000,2436.00000000,0.13039026
79.00000000,2437.00000000,0.13038481
79.00000000,2438.00000000,0.13037933
79.00000000,2439.00000000,0.13037392
79.00000000,2440.00000000,0.13036852
79.00000000,2441.00000000,0.13036307
79.00000000,2442.00000000,0.13035770
79.00000000,2443.00000000,0.13035235
79.00000000,2444.00000000,0.13034695
79.00000000,2445.00000000,0.13034162
79.00000000,2446.00000000,0.13033623
79.00000000,2447.00000000,0.13033094
79.00000000,2448.00000000,0.13032564
79.00000000,2449.00000000,0.13032029
79.00000000,2450.00000000,0.13031502
79.00000000,2451.00000000,0.13030975
79.00000000,2452.00000000,0.13030443
79.00000000,2453.00000000,0.13029918
79.00000000,2454.00000000,0.13029392
79.00000000,2455.00000000,0.13028861
79.00000000,2456.00000000,0.13028336
79.00000000,2457.00000000,0.13027805
79.00000000,2458.00000000,0.13027280
79.00000000,2459.00000000,0.13026756
79.00000000,2460.00000000,0.13026224
79.00000000,2461.00000000,0.13025701
79.00000000,2462.00000000,0.13025176
79.00000000,2463.00000000,0.13024646
79.00000000,2464.00000000,0.13024122
79.00000000,2465.00000000,0.13023597
79.00000000,2466.00000000,0.13023065
79.00000000,2467.00000000,0.13022541
79.00000000,2468.00000000,0.13022017
79.00000000,2469.00000000,0.13021485
79.00000000,2470.00000000,0.13020961
79.00000000,2471.00000000,0.13020428
79.00000000,2472.00000000,0.13019904
79.00000000,2473.00000000,0.13019378
79.00000000,2474.00000000,0.13018845
79.00000000,2475.00000000,0.13018320
79.00000000,2476.00000000,0.13017795
79.00000000,2477.00000000,0.13017262
79.00000000,2478.00000000,0.13016735
79.00000000,2479.00000000,0.13016208
79.00000000,2480.00000000,0.13015549
79.00000000,2481.00000000,0.13014898
79.00000000,2482.00000000,0.13014238
79.00000000,2483.00000000,0.13013586
79.00000000,2484.00000000,0.13012933
79.00000000,2485.00000000,0.13012271
79.00000000,2486.00000000,0.13011617
79.00000000,2487.00000000,0.13010963
79.00000000,2488.00000000,0.13010301
79.00000000,2489.00000000,0.13009646
79.00000000,2490.00000000,0.13008990
79.00000000,2491.00000000,0.13008326
79.00000000,2492.00000000,0.13007669
79.00000000,2493.00000000,0.13007013
79.00000000,2494.00000000,0.13006348
79.00000000,2495.00000000,0.13005690
79.00000000,2496.00000000,0.13005023
79.00000000,2497.00000000,0.13004365
79.00000000,2498.00000000,0.13003707
79.00000000,2499.00000000,0.13003038
79.00000000,2500.00000000,0.13002378
80.00000000,1765.00000000,0.09698560
80.00000000,1766.00000000,0.09698557
80.00000000,1767.00000000,0.09698574
80.00000000,1768.00000000,0.09698589
80.00000000,1769.00000000,0.09698615
80.00000000,1770.00000000,0.09698664
80.00000000,1771.00000000,0.09698729
80.00000000,1772.00000000,0.09698805
80.00000000,1773.00000000,0.09698898
80.00000000,1774.00000000,0.09699011
80.00000000,1775.00000000,0.09699146
80.00000000,1776.00000000,0.09699291
80.00000000,1777.00000000,0.09699454
80.00000000,1778.00000000,0.09699635
80.00000000,1779.00000000,0.09699827
80.00000000,1780.00000000,0.09700033
80.00000000,1781.00000000,0.09700271
80.00000000,1782.00000000,0.09700510
80.00000000,1783.00000000,0.09700756
80.00000000,1784.00000000,0.09701041
80.00000000,1785.00000000,0.09701303
80.00000000,1786.00000000,0.09701596
80.00000000,1787.00000000,0.09701906
80.00000000,1788.00000000,0.09702223
80.00000000,1789.00000000,0.09702528
80.00000000,1790.00000000,0.09702872
80.00000000,1791.00000000,0.09703212
80.00000000,1792.00000000,0.09703566
80.00000000,1793.00000000,0.09703933
80.00000000,1794.00000000,0.09704295
80.00000000,1795.00000000,0.09704671
80.00000000,1796.00000000,0.09705055
80.00000000,1797.00000000,0.09705451
80.00000000,1798.00000000,0.09705841
80.00000000,1799.00000000,0.09706244
80.00000000,1800.00000000,0.09706658
80.00000000,1801.00000000,0.09707074
80.00000000,1802.00000000,0.09707497
80.00000000,1803.00000000,0.09707918
80.00000000,1804.00000000,0.09708346
80.00000000,1805.00000000,0.09708776
80.00000000,1806.00000000,0.09709217
80.00000000,1807.00000000,0.09709656
80.00000000,1808.00000000,0.09710106
80.00000000,1809.00000000,0.09710552
80.00000000,1810.00000000,0.09711009
80.00000000,1811.00000000,0.09711467
80.00000000,1812.00000000,0.09711927
80.00000000,1813.00000000,0.09712394
80.00000000,1814.00000000,0.09712858
80.00000000,1815.00000000,0.09713331
80.00000000,1816.00000000,0.09713812
80.00000000,1817.00000000,0.09714281
80.00000000,1818.00000000,0.09714764
80.00000000,1819.00000000,0.09715250
80.00000000,1820.00000000,0.09715729
80.00000000,1821.00000000,0.09716219
80.00000000,1822.00000000,0.09716705
80.00000000,1823.00000000,0.09717201
80.00000000,1824.00000000,0.09717696
80.00000000,1825.00000000,0.09718191
80.00000000,1826.00000000,0.09718692
80.00000000,1827.00000000,0.09719194
80.00000000,1828.00000000,0.09719701
80.00000000,1829.00000000,0.09720210
80.00000000,1830.00000000,0.09720719
80.00000000,1831.00000000,0.09721230
80.00000000,1832.00000000,0.09721750
80.00000000,1833.00000000,0.09722265
80.00000000,1834.00000000,0.09722785
80.00000000,1835.00000000,0.09723308
80.00000000,1836.00000000,0.09723834
80.00000000,1837.00000000,0.09724366
80.00000000,1838.00000000,0.09724902
80.00000000,1839.00000000,0.09725442
80.00000000,1840.00000000,0.09725989
80.00000000,1841.00000000,0.09726541
80.00000000,1842.00000000,0.09727098
80.00000000,1843.00000000,0.09727667
80.00000000,1844.00000000,0.09728241
80.00000000,1845.00000000,0.09728823
80.00000000,1846.00000000,0.09730299
80.00000000,1847.00000000,0.09730898
80.00000000,1848.00000000,0.09731511
80.00000000,1849.00000000,0.09732130
80.00000000,1850.00000000,0.09732763
80.00000000,1851.00000000,0.09733692
80.00000000,1852.00000000,0.09734336
80.00000000,1853.00000000,0.09735031
80.00000000,1854.00000000,0.09735752
80.00000000,1855.00000000,0.09736478
80.00000000,1856.00000000,0.09737206
80.00000000,1857.00000000,0.09737939
80.00000000,1858.00000000,0.09738661
80.00000000,1859.00000000,0.09739384
80.00000000,1860.00000000,0.09740118
80.00000000,1861.00000000,0.09741144
80.00000000,1862.00000000,0.09741856
80.00000000,1863.00000000,0.09742507
80.00000000,1864.00000000,0.09743102
80.00000000,1865.00000000,0.09743656
80.00000000,1866.00000000,0.09744179
80.00000000,1867.00000000,0.09744674
80.00000000,1868.00000000,0.09745141
80.00000000,1869.00000000,0.09745586
80.00000000,1870.00000000,0.09746003
80.00000000,1871.00000000,0.09746717
80.00000000,1872.00000000,0.09747154
80.00000000,1873.00000000,0.09747678
80.00000000,1874.00000000,0.09748262
80.00000000,1875.00000000,0.09748900
80.00000000,1876.00000000,0.09749565
80.00000000,1877.00000000,0.09750562
80.00000000,1878.00000000,0.09751290
80.00000000,1879.00000000,0.09752033
80.00000000,1880.00000000,0.09753088
80.00000000,1881.00000000,0.09753860
80.00000000,1882.00000000,0.09755213
80.00000000,1883.00000000,0.09755640
80.00000000,1884.00000000,0.09756316
80.00000000,1885.00000000,0.09756966
80.00000000,1886.00000000,0.09757897
80.00000000,1887.00000000,0.09758514
80.00000000,1888.00000000,0.09759124
80.00000000,1889.00000000,0.09759703
80.00000000,1890.00000000,0.09760244
80.00000000,1891.00000000,0.09761053
80.00000000,1892.00000000,0.09761533
80.00000000,1893.00000000,0.09761990
80.00000000,1894.00000000,0.09762460
80.00000000,1895.00000000,0.09763237
80.00000000,1896.00000000,0.09764024
80.00000000,1897.00000000,0.09764807
80.00000000,1898.00000000,0.09765284
80.00000000,1899.00000000,0.09765743
80.00000000,1900.00000000,0.09766167
80.00000000,1901.00000000,0.09766562
80.00000000,1902.00000000,0.09767268
80.00000000,1903.00000000,0.09767987
80.00000000,1904.00000000,0.09768423
80.00000000,1905.00000000,0.09769187
80.00000000,1906.00000000,0.09769682
80.00000000,1907.00000000,0.09770495
80.00000000,1908.00000000,0.09770995
80.00000000,1909.00000000,0.09771488
80.00000000,1910.00000000,0.09773759
80.00000000,1911.00000000,0.09773953
80.00000000,1912.00000000,0.09774362
80.00000000,1913.00000000,0.09774968
80.00000000,1914.00000000,0.09775173
80.00000000,1915.00000000,0.09775617
80.00000000,1916.00000000,0.09776962
80.00000000,1917.00000000,0.09777129
80.00000000,1918.00000000,0.09777577
80.00000000,1919.00000000,0.09778039
80.00000000,1920.00000000,0.09778879
80.00000000,1921.00000000,0.09779514
80.00000000,1922.00000000,0.09780574
80.00000000,1923.00000000,0.09781427
80.00000000,1924.00000000,0.09782605
80.00000000,1925.00000000,0.09784363
80.00000000,1926.00000000,0.09784938
80.00000000,1927.00000000,0.09786409
80.00000000,1928.00000000,0.09787306
80.00000000,1929.00000000,0.09788793
80.00000000,1930.00000000,0.09790606
80.00000000,1931.00000000,0.09791375
80.00000000,1932.00000000,0.09793203
80.00000000,1933.00000000,0.09794850
80.00000000,1934.00000000,0.09798930
80.00000000,1935.00000000,0.09800659
80.00000000,1936.00000000,0.09803213
80.00000000,1937.00000000,0.09804468
80.00000000,1938.00000000,0.09805576
80.00000000,1939.00000000,0.09807758
80.00000000,1940.00000000,0.09810745
80.00000000,1941.00000000,0.09812425
80.00000000,1942.00000000,0.09813383
80.00000000,1943.00000000,0.09815729
80.00000000,1944.00000000,0.09818337
80.00000000,1945.00000000,0.09820660
80.00000000,1946.00000000,0.09821946
80.00000000,1947.00000000,0.09825009
80.00000000,1948.00000000,0.09827253
80.00000000,1949.00000000,0.09830130
80.00000000,1950.00000000,0.09832433
80.00000000,1951.00000000,0.09835936
80.00000000,1952.00000000,0.09841919
80.00000000,1953.00000000,0.09846170
80.00000000,1954.00000000,0.09844218
80.00000000,1955.00000000,0.09849389
80.00000000,1956.00000000,0.09851307
80.00000000,1957.00000000,0.09853196
80.00000000,1958.00000000,0.09854576
80.00000000,1959.00000000,0.09859579
80.00000000,1960.00000000,0.09867913
80.00000000,1961.00000000,0.09870430
80.00000000,1962.00000000,0.09874603
80.00000000,1963.00000000,0.09879562
80.00000000,1964.00000000,0.09880558
80.00000000,1965.00000000,0.09881107
80.00000000,1966.00000000,0.09882085
80.00000000,1967.00000000,0.09885862
80.00000000,1968.00000000,0.09894783
80.00000000,1969.00000000,0.09894007
80.00000000,1970.00000000,0.09901509
80.00000000,1971.00000000,0.09904778
80.00000000,1972.00000000,0.09903436
80.00000000,1973.00000000,0.09899899
80.00000000,1974.00000000,0.09901047
80.00000000,1975.00000000,0.09904962
80.00000000,1976.00000000,0.09905906
80.00000000,1977.00000000,0.09909268
80.00000000,1978.00000000,0.09913826
80.00000000,1979.00000000,0.09923380
80.00000000,1980.00000000,0.09928490
80.00000000,1981.00000000,0.09930977
80.00000000,1982.00000000,0.09932598
80.00000000,1983.00000000,0.09945637
80.00000000,1984.00000000,0.09946334
80.00000000,1985.00000000,0.09956851
80.00000000,1986.00000000,0.09969098
80.00000000,1987.00000000,0.09991132
80.00000000,1988.00000000,0.09980659
80.00000000,1989.00000000,0.09990353
80.00000000,1990.00000000,0.09999651
80.00000000,1991.00000000,0.10003937
80.00000000,1992.00000000,0.10015881
80.00000000,1993.00000000,0.10034013
80.00000000,1994.00000000,0.10006382
80.00000000,1995.00000000,0.10002571
80.00000000,1996.00000000,0.10020735
80.00000000,1997.00000000,0.10036239
80.00000000,1998.00000000,0.10030326
80.00000000,1999.00000000,0.09992026
80.00000000,2000.00000000,0.10028551
80.00000000,2001.00000000,0.09990661
80.00000000,2002.00000000,0.10002683
80.00000000,2003.00000000,0.10039004
80.00000000,2004.00000000,0.10036722
80.00000000,2005.00000000,0.10039673
80.00000000,2006.00000000,0.10041007
80.00000000,2007.00000000,0.10062568
80.00000000,2008.00000000,0.10061566
80.00000000,2009.00000000,0.10082587
80.00000000,2010.00000000,0.10053186
80.00000000,2011.00000000,0.10017365
80.00000000,2012.00000000,0.09987076
80.00000000,2013.00000000,0.09996937
80.00000000,2014.00000000,0.10016418
80.00000000,2015.00000000,0.10028092
80.00000000,2016.00000000,0.10053746
80.00000000,2017.00000000,0.10072172
80.00000000,2018.00000000,0.10048108
80.00000000,2019.00000000,0.10057727
80.00000000,2020.00000000,0.10083624
80.00000000,2021.00000000,0.10088557
80.00000000,2022.00000000,0.10085566
80.00000000,2023.00000000,0.10094304
80.00000000,2024.00000000,0.10086573
80.00000000,2025.00000000,0.10016998
80.00000000,2026.00000000,0.10034106
80.00000000,2027.00000000,0.10073124
80.00000000,2028.00000000,0.10090091
80.00000000,2029.00000000,0.10070759
80.00000000,2030.00000000,0.10126335
80.00000000,2031.00000000,0.10161068
80.00000000,2032.00000000,0.10164398
80.00000000,2033.00000000,0.10172596
80.00000000,2034.00000000,0.10174796
80.00000000,2035.00000000,0.10220878
80.00000000,2036.00000000,0.10254618
80.00000000,2037.00000000,0.10276035
80.00000000,2038.00000000,0.10288274
80.00000000,2039.00000000,0.10320853
80.00000000,2040.00000000,0.10348512
80.00000000,2041.00000000,0.10348364
80.00000000,2042.00000000,0.10373338
80.00000000,2043.00000000,0.10410074
80.00000000,2044.00000000,0.10450045
80.00000000,2045.00000000,0.10483371
80.00000000,2046.00000000,0.10523004
80.00000000,2047.00000000,0.10547277
80.00000000,2048.00000000,0.10591314
80.00000000,2049.00000000,0.10644963
80.00000000,2050.00000000,0.10716281
80.00000000,2051.00000000,0.10753511
80.00000000,2052.00000000,0.10794171
80.00000000,2053.00000000,0.10853570
80.00000000,2054.00000000,0.10849582
80.00000000,2055.00000000,0.10834974
80.00000000,2056.00000000,0.10902712
80.00000000,2057.00000000,0.10936427
80.00000000,2058.00000000,0.10950616
80.00000000,2059.00000000,0.11021537
80.00000000,2060.00000000,0.10999263
80.00000000,2061.00000000,0.10946982
80.00000000,2062.00000000,0.10928705
80.00000000,2063.00000000,0.10917236
80.00000000,2064.00000000,0.10960006
80.00000000,2065.00000000,0.10995812
80.00000000,2066.00000000,0.11035072
80.00000000,2067.00000000,0.11068209
80.00000000,2068.00000000,0.11120035
80.00000000,2069.00000000,0.11148549
80.00000000,2070.00000000,0.11158163
80.00000000,2071.00000000,0.11177720
80.00000000,2072.00000000,0.11141123
80.00000000,2073.00000000,0.11138228
80.00000000,2074.00000000,0.11166018
80.00000000,2075.00000000,0.11197418
80.00000000,2076.00000000,0.11231343
80.00000000,2077.00000000,0.11257829
80.00000000,2078.00000000,0.11247035
80.00000000,2079.00000000,0.11239964
80.00000000,2080.00000000,0.11283023
80.00000000,2081.00000000,0.11325141
80.00000000,2082.00000000,0.11338866
80.00000000,2083.00000000,0.11429095
80.00000000,2084.00000000,0.11532817
80.00000000,2085.00000000,0.11613718
80.00000000,2086.00000000,0.11666001
80.00000000,2087.00000000,0.11718786
80.00000000,2088.00000000,0.11772042
80.00000000,2089.00000000,0.11825686
80.00000000,2090.00000000,0.11879720
80.00000000,2091.00000000,0.11952783
80.00000000,2092.00000000,0.12026230
80.00000000,2093.00000000,0.12100117
80.00000000,2094.00000000,0.12174434
80.00000000,2095.00000000,0.12249169
80.00000000,2096.00000000,0.12324336
80.00000000,2097.00000000,0.12399909
80.00000000,2098.00000000,0.12475865
80.00000000,2099.00000000,0.12552201
80.00000000,2100.00000000,0.12628893
80.00000000,2101.00000000,0.12697734
80.00000000,2102.00000000,0.12766949
80.00000000,2103.00000000,0.12836574
80.00000000,2104.00000000,0.12906617
80.00000000,2105.00000000,0.12977079
80.00000000,2106.00000000,0.13047946
80.00000000,2107.00000000,0.13119233
80.00000000,2108.00000000,0.13190922
80.00000000,2109.00000000,0.13262996
80.00000000,2110.00000000,0.13335472
80.00000000,2111.00000000,0.13425346
80.00000000,2112.00000000,0.13515577
80.00000000,2113.00000000,0.13606174
80.00000000,2114.00000000,0.13697107
80.00000000,2115.00000000,0.13788361
80.00000000,2116.00000000,0.13879927
80.00000000,2117.00000000,0.13971778
80.00000000,2118.00000000,0.14063919
80.00000000,2119.00000000,0.14156329
80.00000000,2120.00000000,0.14248986
80.00000000,2121.00000000,0.14354287
80.00000000,2122.00000000,0.14459823
80.00000000,2123.00000000,0.14565570
80.00000000,2124.00000000,0.14671518
80.00000000,2125.00000000,0.14777656
80.00000000,2126.00000000,0.14883959
80.00000000,2127.00000000,0.14990420
80.00000000,2128.00000000,0.15097011
80.00000000,2129.00000000,0.15203740
80.00000000,2130.00000000,0.15310575
80.00000000,2131.00000000,0.15416795
80.00000000,2132.00000000,0.15523099
80.00000000,2133.00000000,0.15629465
80.00000000,2134.00000000,0.15735868
80.00000000,2135.00000000,0.15842302
80.00000000,2136.00000000,0.15948745
80.00000000,2137.00000000,0.16055165
80.00000000,2138.00000000,0.16161574
80.00000000,2139.00000000,0.16267931
80.00000000,2140.00000000,0.16374209
80.00000000,2141.00000000,0.16453357
80.00000000,2142.00000000,0.16532388
80.00000000,2143.00000000,0.16611299
80.00000000,2144.00000000,0.16690080
80.00000000,2145.00000000,0.16768711
80.00000000,2146.00000000,0.16847203
80.00000000,2147.00000000,0.16925537
80.00000000,2148.00000000,0.17003697
80.00000000,2149.00000000,0.17081681
80.00000000,2150.00000000,0.17159466
80.00000000,2151.00000000,0.17212777
80.00000000,2152.00000000,0.17266232
80.00000000,2153.00000000,0.17320060
80.00000000,2154.00000000,0.17374401
80.00000000,2155.00000000,0.17429315
80.00000000,2156.00000000,0.17484809
80.00000000,2157.00000000,0.17540885
80.00000000,2158.00000000,0.17597523
80.00000000,2159.00000000,0.17654692
80.00000000,2160.00000000,0.17712384
80.00000000,2161.00000000,0.17756962
80.00000000,2162.00000000,0.17801988
80.00000000,2163.00000000,0.17847444
80.00000000,2164.00000000,0.17893296
80.00000000,2165.00000000,0.17939547
80.00000000,2166.00000000,0.17986164
80.00000000,2167.00000000,0.18033128
80.00000000,2168.00000000,0.18080424
80.00000000,2169.00000000,0.18128031
80.00000000,2170.00000000,0.18175920
80.00000000,2171.00000000,0.18210031
80.00000000,2172.00000000,0.18244381
80.00000000,2173.00000000,0.18278956
80.00000000,2174.00000000,0.18313750
80.00000000,2175.00000000,0.18348750
80.00000000,2176.00000000,0.18383939
80.00000000,2177.00000000,0.18419318
80.00000000,2178.00000000,0.18454863
80.00000000,2179.00000000,0.18490583
80.00000000,2180.00000000,0.18526454
80.00000000,2181.00000000,0.18551626
80.00000000,2182.00000000,0.18576917
80.00000000,2183.00000000,0.18602321
80.00000000,2184.00000000,0.18627821
80.00000000,2185.00000000,0.18653431
80.00000000,2186.00000000,0.18679136
80.00000000,2187.00000000,0.18704928
80.00000000,2188.00000000,0.18730807
80.00000000,2189.00000000,0.18756760
80.00000000,2190.00000000,0.18782793
80.00000000,2191.00000000,0.18808897
80.00000000,2192.00000000,0.18835060
80.00000000,2193.00000000,0.18861292
80.00000000,2194.00000000,0.18887583
80.00000000,2195.00000000,0.18913926
80.00000000,2196.00000000,0.18940324
80.00000000,2197.00000000,0.18966769
80.00000000,2198.00000000,0.18993253
80.00000000,2199.00000000,0.19019784
80.00000000,2200.00000000,0.19046354
80.00000000,2201.00000000,0.19072953
80.00000000,2202.00000000,0.19099588
80.00000000,2203.00000000,0.19126245
80.00000000,2204.00000000,0.19152934
80.00000000,2205.00000000,0.19179653
80.00000000,2206.00000000,0.19206383
80.00000000,2207.00000000,0.19233137
80.00000000,2208.00000000,0.19259907
80.00000000,2209.00000000,0.19286685
80.00000000,2210.00000000,0.19313478
80.00000000,2211.00000000,0.19340277
80.00000000,2212.00000000,0.19367078
80.00000000,2213.00000000,0.19393884
80.00000000,2214.00000000,0.19420686
80.00000000,2215.00000000,0.19447489
80.00000000,2216.00000000,0.19474285
80.00000000,2217.00000000,0.19501065
80.00000000,2218.00000000,0.19527845
80.00000000,2219.00000000,0.19554608
80.00000000,2220.00000000,0.19581346
80.00000000,2221.00000000,0.19608075
80.00000000,2222.00000000,0.19634779
80.00000000,2223.00000000,0.19661450
80.00000000,2224.00000000,0.19688105
80.00000000,2225.00000000,0.19714718
80.00000000,2226.00000000,0.19741301
80.00000000,2227.00000000,0.19767848
80.00000000,2228.00000000,0.19794342
80.00000000,2229.00000000,0.19820792
80.00000000,2230.00000000,0.19847175
80.00000000,2231.00000000,0.19797013
80.00000000,2232.00000000,0.19746613
80.00000000,2233.00000000,0.19695972
80.00000000,2234.00000000,0.19645093
80.00000000,2235.00000000,0.19593998
80.00000000,2236.00000000,0.19542682
80.00000000,2237.00000000,0.19491148
80.00000000,2238.00000000,0.19439411
80.00000000,2239.00000000,0.19387469
80.00000000,2240.00000000,0.19335333
80.00000000,2241.00000000,0.19283006
80.00000000,2242.00000000,0.19230488
80.00000000,2243.00000000,0.19177791
80.00000000,2244.00000000,0.19124917
80.00000000,2245.00000000,0.19071864
80.00000000,2246.00000000,0.19018648
80.00000000,2247.00000000,0.18965267
80.00000000,2248.00000000,0.18911715
80.00000000,2249.00000000,0.18857995
80.00000000,2250.00000000,0.18803963
80.00000000,2251.00000000,0.18749409
80.00000000,2252.00000000,0.18694100
80.00000000,2253.00000000,0.18637928
80.00000000,2254.00000000,0.18580857
80.00000000,2255.00000000,0.18522878
80.00000000,2256.00000000,0.18464000
80.00000000,2257.00000000,0.18404241
80.00000000,2258.00000000,0.18343620
80.00000000,2259.00000000,0.18282152
80.00000000,2260.00000000,0.18219875
80.00000000,2261.00000000,0.18156814
80.00000000,2262.00000000,0.18093005
80.00000000,2263.00000000,0.18028495
80.00000000,2264.00000000,0.17963307
80.00000000,2265.00000000,0.17897473
80.00000000,2266.00000000,0.17831016
80.00000000,2267.00000000,0.17763953
80.00000000,2268.00000000,0.17696310
80.00000000,2269.00000000,0.17628108
80.00000000,2270.00000000,0.17559359
80.00000000,2271.00000000,0.17490094
80.00000000,2272.00000000,0.17420322
80.00000000,2273.00000000,0.17350061
80.00000000,2274.00000000,0.17279334
80.00000000,2275.00000000,0.17208151
80.00000000,2276.00000000,0.17136536
80.00000000,2277.00000000,0.17064499
80.00000000,2278.00000000,0.16992054
80.00000000,2279.00000000,0.16919222
80.00000000,2280.00000000,0.16846016
80.00000000,2281.00000000,0.16772443
80.00000000,2282.00000000,0.16698524
80.00000000,2283.00000000,0.16624270
80.00000000,2284.00000000,0.16549688
80.00000000,2285.00000000,0.16474799
80.00000000,2286.00000000,0.16399611
80.00000000,2287.00000000,0.16324128
80.00000000,2288.00000000,0.16248374
80.00000000,2289.00000000,0.16172349
80.00000000,2290.00000000,0.16096070
80.00000000,2291.00000000,0.16019546
80.00000000,2292.00000000,0.15942781
80.00000000,2293.00000000,0.15865792
80.00000000,2294.00000000,0.15788586
80.00000000,2295.00000000,0.15711167
80.00000000,2296.00000000,0.15633549
80.00000000,2297.00000000,0.15555741
80.00000000,2298.00000000,0.15477745
80.00000000,2299.00000000,0.15399577
80.00000000,2300.00000000,0.15321235
80.00000000,2301.00000000,0.15242737
80.00000000,2302.00000000,0.15164084
80.00000000,2303.00000000,0.15085277
80.00000000,2304.00000000,0.15006331
80.00000000,2305.00000000,0.14927249
80.00000000,2306.00000000,0.14848035
80.00000000,2307.00000000,0.14768700
80.00000000,2308.00000000,0.14689247
80.00000000,2309.00000000,0.14609681
80.00000000,2310.00000000,0.14530014
80.00000000,2311.00000000,0.14450243
80.00000000,2312.00000000,0.14370383
80.00000000,2313.00000000,0.14290436
80.00000000,2314.00000000,0.14210400
80.00000000,2315.00000000,0.14130292
80.00000000,2316.00000000,0.14050112
80.00000000,2317.00000000,0.13969861
80.00000000,2318.00000000,0.13889552
80.00000000,2319.00000000,0.13809186
80.00000000,2320.00000000,0.13728762
80.00000000,2321.00000000,0.13648295
80.00000000,2322.00000000,0.13567783
80.00000000,2323.00000000,0.13487228
80.00000000,2324.00000000,0.13406644
80.00000000,2325.00000000,0.13326026
80.00000000,2326.00000000,0.13245388
80.00000000,2327.00000000,0.13164733
80.00000000,2328.00000000,0.13084066
80.00000000,2329.00000000,0.13020491
80.00000000,2330.00000000,0.13007242
80.00000000,2331.00000000,0.13007762
80.00000000,2332.00000000,0.13008311
80.00000000,2333.00000000,0.13008885
80.00000000,2334.00000000,0.13009478
80.00000000,2335.00000000,0.13010099
80.00000000,2336.00000000,0.13012894
80.00000000,2337.00000000,0.13015716
80.00000000,2338.00000000,0.13018560
80.00000000,2339.00000000,0.13021420
80.00000000,2340.00000000,0.13024303
80.00000000,2341.00000000,0.13022942
80.00000000,2342.00000000,0.13021595
80.00000000,2343.00000000,0.13020269
80.00000000,2344.00000000,0.13018959
80.00000000,2345.00000000,0.13017661
80.00000000,2346.00000000,0.13016385
80.00000000,2347.00000000,0.13015122
80.00000000,2348.00000000,0.13013870
80.00000000,2349.00000000,0.13012637
80.00000000,2350.00000000,0.13011415
80.00000000,2351.00000000,0.13010211
80.00000000,2352.00000000,0.13009020
80.00000000,2353.00000000,0.13007840
80.00000000,2354.00000000,0.13006676
80.00000000,2355.00000000,0.13005528
80.00000000,2356.00000000,0.13004202
80.00000000,2357.00000000,0.13002894
80.00000000,2358.00000000,0.13001600
80.00000000,2359.00000000,0.13000311
80.00000000,2360.00000000,0.12999040
80.00000000,2361.00000000,0.12997777
80.00000000,2362.00000000,0.12996528
80.00000000,2363.00000000,0.12995291
80.00000000,2364.00000000,0.12994060
80.00000000,2365.00000000,0.12992843
80.00000000,2366.00000000,0.12991638
80.00000000,2367.00000000,0.12990437
80.00000000,2368.00000000,0.12989252
80.00000000,2369.00000000,0.12988075
80.00000000,2370.00000000,0.12986905
80.00000000,2371.00000000,0.12985748
80.00000000,2372.00000000,0.12984594
80.00000000,2373.00000000,0.12983455
80.00000000,2374.00000000,0.12982322
80.00000000,2375.00000000,0.12981195
80.00000000,2376.00000000,0.12980079
80.00000000,2377.00000000,0.12978972
80.00000000,2378.00000000,0.12977869
80.00000000,2379.00000000,0.12976776
80.00000000,2380.00000000,0.12975693
80.00000000,2381.00000000,0.12975022
80.00000000,2382.00000000,0.12974363
80.00000000,2383.00000000,0.12973710
80.00000000,2384.00000000,0.12973059
80.00000000,2385.00000000,0.12972421
80.00000000,2386.00000000,0.12971785
80.00000000,2387.00000000,0.12971159
80.00000000,2388.00000000,0.12970539
80.00000000,2389.00000000,0.12969920
80.00000000,2390.00000000,0.12969312
80.00000000,2391.00000000,0.12968710
80.00000000,2392.00000000,0.12968109
80.00000000,2393.00000000,0.12967518
80.00000000,2394.00000000,0.12966933
80.00000000,2395.00000000,0.12966347
80.00000000,2396.00000000,0.12965773
80.00000000,2397.00000000,0.12965197
80.00000000,2398.00000000,0.12964632
80.00000000,2399.00000000,0.12964070
80.00000000,2400.00000000,0.12963509
80.00000000,2401.00000000,0.12962956
80.00000000,2402.00000000,0.12962410
80.00000000,2403.00000000,0.12961862
80.00000000,2404.00000000,0.12961324
80.00000000,2405.00000000,0.12960790
80.00000000,2406.00000000,0.12960258
80.00000000,2407.00000000,0.12959733
80.00000000,2408.00000000,0.12959214
80.00000000,2409.00000000,0.12958694
80.00000000,2410.00000000,0.12958182
80.00000000,2411.00000000,0.12957671
80.00000000,2412.00000000,0.12957167
80.00000000,2413.00000000,0.12956669
80.00000000,2414.00000000,0.12956168
80.00000000,2415.00000000,0.12955677
80.00000000,2416.00000000,0.12955189
80.00000000,2417.00000000,0.12954699
80.00000000,2418.00000000,0.12954217
80.00000000,2419.00000000,0.12953739
80.00000000,2420.00000000,0.12953259
80.00000000,2421.00000000,0.12952787
80.00000000,2422.00000000,0.12952313
80.00000000,2423.00000000,0.12951847
80.00000000,2424.00000000,0.12951383
80.00000000,2425.00000000,0.12950917
80.00000000,2426.00000000,0.12950458
80.00000000,2427.00000000,0.12950002
80.00000000,2428.00000000,0.12949543
80.00000000,2429.00000000,0.12949091
80.00000000,2430.00000000,0.12948644
80.00000000,2431.00000000,0.12948074
80.00000000,2432.00000000,0.12947511
80.00000000,2433.00000000,0.12946952
80.00000000,2434.00000000,0.12946388
80.00000000,2435.00000000,0.12945833
80.00000000,2436.00000000,0.12945272
80.00000000,2437.00000000,0.12944720
80.00000000,2438.00000000,0.12944168
80.00000000,2439.00000000,0.12943613
80.00000000,2440.00000000,0.12943066
80.00000000,2441.00000000,0.12942519
80.00000000,2442.00000000,0.12941968
80.00000000,2443.00000000,0.12941425
80.00000000,2444.00000000,0.12940883
80.00000000,2445.00000000,0.12940336
80.00000000,2446.00000000,0.12939796
80.00000000,2447.00000000,0.12939251
80.00000000,2448.00000000,0.12938713
80.00000000,2449.00000000,0.12938178
80.00000000,2450.00000000,0.12937635
80.00000000,2451.00000000,0.12937102
80.00000000,2452.00000000,0.12936567
80.00000000,2453.00000000,0.12936028
80.00000000,2454.00000000,0.12935495
80.00000000,2455.00000000,0.12934962
80.00000000,2456.00000000,0.12934423
80.00000000,2457.00000000,0.12933891
80.00000000,2458.00000000,0.12933352
80.00000000,2459.00000000,0.12932820
80.00000000,2460.00000000,0.12932289
80.00000000,2461.00000000,0.12931750
80.00000000,2462.00000000,0.12931218
80.00000000,2463.00000000,0.12930687
80.00000000,2464.00000000,0.12930149
80.00000000,2465.00000000,0.12929616
80.00000000,2466.00000000,0.12929085
80.00000000,2467.00000000,0.12928546
80.00000000,2468.00000000,0.12928014
80.00000000,2469.00000000,0.12927482
80.00000000,2470.00000000,0.12926944
80.00000000,2471.00000000,0.12926412
80.00000000,2472.00000000,0.12925872
80.00000000,2473.00000000,0.12925339
80.00000000,2474.00000000,0.12924807
80.00000000,2475.00000000,0.12924267
80.00000000,2476.00000000,0.12923734
80.00000000,2477.00000000,0.12923201
80.00000000,2478.00000000,0.12922661
80.00000000,2479.00000000,0.12922127
80.00000000,2480.00000000,0.12921592
80.00000000,2481.00000000,0.12920928
80.00000000,2482.00000000,0.12920268
80.00000000,2483.00000000,0.12919602
80.00000000,2484.00000000,0.12918943
80.00000000,2485.00000000,0.12918283
80.00000000,2486.00000000,0.12917616
80.00000000,2487.00000000,0.12916955
80.00000000,2488.00000000,0.12916295
80.00000000,2489.00000000,0.12915626
80.00000000,2490.00000000,0.12914964
80.00000000,2491.00000000,0.12914302
80.00000000,2492.00000000,0.12913632
80.00000000,2493.00000000,0.12912970
80.00000000,2494.00000000,0.12912307
80.00000000,2495.00000000,0.12911634
80.00000000,2496.00000000,0.12910971
80.00000000,2497.00000000,0.12910297
80.00000000,2498.00000000,0.12909632
80.00000000,2499.00000000,0.12908967
80.00000000,2500.00000000,0.12908292
81.00000000,1765.00000000,0.09615911
81.00000000,1766.00000000,0.09615912
81.00000000,1767.00000000,0.09615914
81.00000000,1768.00000000,0.09615941
81.00000000,1769.00000000,0.09615970
81.00000000,1770.00000000,0.09616011
81.00000000,1771.00000000,0.09616077
81.00000000,1772.00000000,0.09616158
81.00000000,1773.00000000,0.09616250
81.00000000,1774.00000000,0.09616360
81.00000000,1775.00000000,0.09616490
81.00000000,1776.00000000,0.09616642
81.00000000,1777.00000000,0.09616803
81.00000000,1778.00000000,0.09616983
81.00000000,1779.00000000,0.09617178
81.00000000,1780.00000000,0.09617387
81.00000000,1781.00000000,0.09617607
81.00000000,1782.00000000,0.09617857
81.00000000,1783.00000000,0.09618110
81.00000000,1784.00000000,0.09618368
81.00000000,1785.00000000,0.09618663
81.00000000,1786.00000000,0.09618938
81.00000000,1787.00000000,0.09619241
81.00000000,1788.00000000,0.09619561
81.00000000,1789.00000000,0.09619889
81.00000000,1790.00000000,0.09620202
81.00000000,1791.00000000,0.09620556
81.00000000,1792.00000000,0.09620904
81.00000000,1793.00000000,0.09621264
81.00000000,1794.00000000,0.09621640
81.00000000,1795.00000000,0.09622008
81.00000000,1796.00000000,0.09622390
81.00000000,1797.00000000,0.09622780
81.00000000,1798.00000000,0.09623181
81.00000000,1799.00000000,0.09623576
81.00000000,1800.00000000,0.09623984
81.00000000,1801.00000000,0.09624403
81.00000000,1802.00000000,0.09624822
81.00000000,1803.00000000,0.09625248
81.00000000,1804.00000000,0.09625671
81.00000000,1805.00000000,0.09626103
81.00000000,1806.00000000,0.09626536
81.00000000,1807.00000000,0.09626979
81.00000000,1808.00000000,0.09627421
81.00000000,1809.00000000,0.09627873
81.00000000,1810.00000000,0.09628321
81.00000000,1811.00000000,0.09628781
81.00000000,1812.00000000,0.09629240
81.00000000,1813.00000000,0.09629701
81.00000000,1814.00000000,0.09630169
81.00000000,1815.00000000,0.09630635
81.00000000,1816.00000000,0.09631108
81.00000000,1817.00000000,0.09631589
81.00000000,1818.00000000,0.09632057
81.00000000,1819.00000000,0.09632539
81.00000000,1820.00000000,0.09633024
81.00000000,1821.00000000,0.09633504
81.00000000,1822.00000000,0.09633993
81.00000000,1823.00000000,0.09634478
81.00000000,1824.00000000,0.09634974
81.00000000,1825.00000000,0.09635467
81.00000000,1826.00000000,0.09635960
81.00000000,1827.00000000,0.09636460
81.00000000,1828.00000000,0.09636959
81.00000000,1829.00000000,0.09637465
81.00000000,1830.00000000,0.09637971
81.00000000,1831.00000000,0.09638476
81.00000000,1832.00000000,0.09638985
81.00000000,1833.00000000,0.09639499
81.00000000,1834.00000000,0.09640011
81.00000000,1835.00000000,0.09640530
81.00000000,1836.00000000,0.09641047
81.00000000,1837.00000000,0.09641570
81.00000000,1838.00000000,0.09642100
81.00000000,1839.00000000,0.09642629
81.00000000,1840.00000000,0.09643168
81.00000000,1841.00000000,0.09643707
81.00000000,1842.00000000,0.09644254
81.00000000,1843.00000000,0.09644811
81.00000000,1844.00000000,0.09645371
81.00000000,1845.00000000,0.09645940
81.00000000,1846.00000000,0.09646520
81.00000000,1847.00000000,0.09647980
81.00000000,1848.00000000,0.09648578
81.00000000,1849.00000000,0.09649181
81.00000000,1850.00000000,0.09649798
81.00000000,1851.00000000,0.09650416
81.00000000,1852.00000000,0.09651340
81.00000000,1853.00000000,0.09652017
81.00000000,1854.00000000,0.09652730
81.00000000,1855.00000000,0.09653440
81.00000000,1856.00000000,0.09654153
81.00000000,1857.00000000,0.09654862
81.00000000,1858.00000000,0.09655583
81.00000000,1859.00000000,0.09656295
81.00000000,1860.00000000,0.09657009
81.00000000,1861.00000000,0.09657730
81.00000000,1862.00000000,0.09658730
81.00000000,1863.00000000,0.09659365
81.00000000,1864.00000000,0.09659948
81.00000000,1865.00000000,0.09660494
81.00000000,1866.00000000,0.09661003
81.00000000,1867.00000000,0.09661495
81.00000000,1868.00000000,0.09661950
81.00000000,1869.00000000,0.09662388
81.00000000,1870.00000000,0.09662797
81.00000000,1871.00000000,0.09663196
81.00000000,1872.00000000,0.09663919
81.00000000,1873.00000000,0.09664439
81.00000000,1874.00000000,0.09665015
81.00000000,1875.00000000,0.09665641
81.00000000,1876.00000000,0.09666304
81.00000000,1877.00000000,0.09666992
81.00000000,1878.00000000,0.09667998
81.00000000,1879.00000000,0.09668744
81.00000000,1880.00000000,0.09669486
81.00000000,1881.00000000,0.09670542
81.00000000,1882.00000000,0.09671307
81.00000000,1883.00000000,0.09672602
81.00000000,1884.00000000,0.09672977
81.00000000,1885.00000000,0.09673618
81.00000000,1886.00000000,0.09674249
81.00000000,1887.00000000,0.09675156
81.00000000,1888.00000000,0.09675753
81.00000000,1889.00000000,0.09676322
81.00000000,1890.00000000,0.09676867
81.00000000,1891.00000000,0.09677361
81.00000000,1892.00000000,0.09678134
81.00000000,1893.00000000,0.09678591
81.00000000,1894.00000000,0.09679050
81.00000000,1895.00000000,0.09679528
81.00000000,1896.00000000,0.09680309
81.00000000,1897.00000000,0.09681081
81.00000000,1898.00000000,0.09681851
81.00000000,1899.00000000,0.09682296
81.00000000,1900.00000000,0.09682719
81.00000000,1901.00000000,0.09683105
81.00000000,1902.00000000,0.09683514
81.00000000,1903.00000000,0.09684225
81.00000000,1904.00000000,0.09684951
81.00000000,1905.00000000,0.09685410
81.00000000,1906.00000000,0.09686192
81.00000000,1907.00000000,0.09686704
81.00000000,1908.00000000,0.09687493
81.00000000,1909.00000000,0.09687988
81.00000000,1910.00000000,0.09688478
81.00000000,1911.00000000,0.09690723
81.00000000,1912.00000000,0.09690837
81.00000000,1913.00000000,0.09691144
81.00000000,1914.00000000,0.09691633
81.00000000,1915.00000000,0.09691789
81.00000000,1916.00000000,0.09692237
81.00000000,1917.00000000,0.09693571
81.00000000,1918.00000000,0.09693726
81.00000000,1919.00000000,0.09694177
81.00000000,1920.00000000,0.09694714
81.00000000,1921.00000000,0.09695629
81.00000000,1922.00000000,0.09696383
81.00000000,1923.00000000,0.09697520
81.00000000,1924.00000000,0.09698388
81.00000000,1925.00000000,0.09699539
81.00000000,1926.00000000,0.09701279
81.00000000,1927.00000000,0.09701850
81.00000000,1928.00000000,0.09703320
81.00000000,1929.00000000,0.09704206
81.00000000,1930.00000000,0.09705700
81.00000000,1931.00000000,0.09707627
81.00000000,1932.00000000,0.09708550
81.00000000,1933.00000000,0.09710471
81.00000000,1934.00000000,0.09712178
81.00000000,1935.00000000,0.09716234
81.00000000,1936.00000000,0.09717888
81.00000000,1937.00000000,0.09720306
81.00000000,1938.00000000,0.09721400
81.00000000,1939.00000000,0.09722386
81.00000000,1940.00000000,0.09724472
81.00000000,1941.00000000,0.09727310
81.00000000,1942.00000000,0.09728848
81.00000000,1943.00000000,0.09729710
81.00000000,1944.00000000,0.09731979
81.00000000,1945.00000000,0.09734561
81.00000000,1946.00000000,0.09736982
81.00000000,1947.00000000,0.09738467
81.00000000,1948.00000000,0.09741602
81.00000000,1949.00000000,0.09743835
81.00000000,1950.00000000,0.09746669
81.00000000,1951.00000000,0.09748932
81.00000000,1952.00000000,0.09752480
81.00000000,1953.00000000,0.09758432
81.00000000,1954.00000000,0.09762639
81.00000000,1955.00000000,0.09760723
81.00000000,1956.00000000,0.09765854
81.00000000,1957.00000000,0.09767710
81.00000000,1958.00000000,0.09769525
81.00000000,1959.00000000,0.09770814
81.00000000,1960.00000000,0.09775555
81.00000000,1961.00000000,0.09783618
81.00000000,1962.00000000,0.09786006
81.00000000,1963.00000000,0.09790047
81.00000000,1964.00000000,0.09794834
81.00000000,1965.00000000,0.09795663
81.00000000,1966.00000000,0.09796031
81.00000000,1967.00000000,0.09796842
81.00000000,1968.00000000,0.09800407
81.00000000,1969.00000000,0.09808994
81.00000000,1970.00000000,0.09807929
81.00000000,1971.00000000,0.09814960
81.00000000,1972.00000000,0.09817699
81.00000000,1973.00000000,0.09815930
81.00000000,1974.00000000,0.09812060
81.00000000,1975.00000000,0.09812990
81.00000000,1976.00000000,0.09816819
81.00000000,1977.00000000,0.09817783
81.00000000,1978.00000000,0.09821095
81.00000000,1979.00000000,0.09825585
81.00000000,1980.00000000,0.09834987
81.00000000,1981.00000000,0.09840045
81.00000000,1982.00000000,0.09842773
81.00000000,1983.00000000,0.09844914
81.00000000,1984.00000000,0.09858387
81.00000000,1985.00000000,0.09859482
81.00000000,1986.00000000,0.09870164
81.00000000,1987.00000000,0.09882438
81.00000000,1988.00000000,0.09904333
81.00000000,1989.00000000,0.09893915
81.00000000,1990.00000000,0.09903470
81.00000000,1991.00000000,0.09912681
81.00000000,1992.00000000,0.09917010
81.00000000,1993.00000000,0.09928948
81.00000000,1994.00000000,0.09947112
81.00000000,1995.00000000,0.09919815
81.00000000,1996.00000000,0.09916076
81.00000000,1997.00000000,0.09934061
81.00000000,1998.00000000,0.09949371
81.00000000,1999.00000000,0.09943507
81.00000000,2000.00000000,0.09905529
81.00000000,2001.00000000,0.09941771
81.00000000,2002.00000000,0.09904116
81.00000000,2003.00000000,0.09916058
81.00000000,2004.00000000,0.09951962
81.00000000,2005.00000000,0.09949352
81.00000000,2006.00000000,0.09951781
81.00000000,2007.00000000,0.09952598
81.00000000,2008.00000000,0.09973538
81.00000000,2009.00000000,0.09972137
81.00000000,2010.00000000,0.09992623
81.00000000,2011.00000000,0.09963116
81.00000000,2012.00000000,0.09927248
81.00000000,2013.00000000,0.09896855
81.00000000,2014.00000000,0.09906290
81.00000000,2015.00000000,0.09925268
81.00000000,2016.00000000,0.09936509
81.00000000,2017.00000000,0.09961629
81.00000000,2018.00000000,0.09979591
81.00000000,2019.00000000,0.09955428
81.00000000,2020.00000000,0.09964687
81.00000000,2021.00000000,0.09990110
81.00000000,2022.00000000,0.09994768
81.00000000,2023.00000000,0.09991597
81.00000000,2024.00000000,0.10000094
81.00000000,2025.00000000,0.09992275
81.00000000,2026.00000000,0.09923140
81.00000000,2027.00000000,0.09939990
81.00000000,2028.00000000,0.09978573
81.00000000,2029.00000000,0.09995298
81.00000000,2030.00000000,0.09976034
81.00000000,2031.00000000,0.10031047
81.00000000,2032.00000000,0.10065380
81.00000000,2033.00000000,0.10068535
81.00000000,2034.00000000,0.10076491
81.00000000,2035.00000000,0.10078494
81.00000000,2036.00000000,0.10123999
81.00000000,2037.00000000,0.10157265
81.00000000,2038.00000000,0.10178316
81.00000000,2039.00000000,0.10190267
81.00000000,2040.00000000,0.10222398
81.00000000,2041.00000000,0.10249644
81.00000000,2042.00000000,0.10249299
81.00000000,2043.00000000,0.10273841
81.00000000,2044.00000000,0.10310022
81.00000000,2045.00000000,0.10349402
81.00000000,2046.00000000,0.10382196
81.00000000,2047.00000000,0.10421242
81.00000000,2048.00000000,0.10445069
81.00000000,2049.00000000,0.10488495
81.00000000,2050.00000000,0.10541454
81.00000000,2051.00000000,0.10611936
81.00000000,2052.00000000,0.10648639
81.00000000,2053.00000000,0.10688747
81.00000000,2054.00000000,0.10747445
81.00000000,2055.00000000,0.10743324
81.00000000,2056.00000000,0.10728683
81.00000000,2057.00000000,0.10795667
81.00000000,2058.00000000,0.10828935
81.00000000,2059.00000000,0.10842854
81.00000000,2060.00000000,0.10913006
81.00000000,2061.00000000,0.10890824
81.00000000,2062.00000000,0.10838977
81.00000000,2063.00000000,0.10820905
81.00000000,2064.00000000,0.10809632
81.00000000,2065.00000000,0.10852141
81.00000000,2066.00000000,0.10887763
81.00000000,2067.00000000,0.10926813
81.00000000,2068.00000000,0.10959797
81.00000000,2069.00000000,0.11011297
81.00000000,2070.00000000,0.11039686
81.00000000,2071.00000000,0.11049355
81.00000000,2072.00000000,0.11068925
81.00000000,2073.00000000,0.11032901
81.00000000,2074.00000000,0.11030309
81.00000000,2075.00000000,0.11058139
81.00000000,2076.00000000,0.11089548
81.00000000,2077.00000000,0.11123453
81.00000000,2078.00000000,0.11149974
81.00000000,2079.00000000,0.11139528
81.00000000,2080.00000000,0.11132753
81.00000000,2081.00000000,0.11175661
81.00000000,2082.00000000,0.11217655
81.00000000,2083.00000000,0.11231524
81.00000000,2084.00000000,0.11321237
81.00000000,2085.00000000,0.11424325
81.00000000,2086.00000000,0.11504785
81.00000000,2087.00000000,0.11556863
81.00000000,2088.00000000,0.11609425
81.00000000,2089.00000000,0.11662439
81.00000000,2090.00000000,0.11715823
81.00000000,2091.00000000,0.11769589
81.00000000,2092.00000000,0.11842243
81.00000000,2093.00000000,0.11915305
81.00000000,2094.00000000,0.11988814
81.00000000,2095.00000000,0.12062751
81.00000000,2096.00000000,0.12137097
81.00000000,2097.00000000,0.12211860
81.00000000,2098.00000000,0.12287014
81.00000000,2099.00000000,0.12362540
81.00000000,2100.00000000,0.12438420
81.00000000,2101.00000000,0.12514655
81.00000000,2102.00000000,0.12583131
81.00000000,2103.00000000,0.12652008
81.00000000,2104.00000000,0.12721288
81.00000000,2105.00000000,0.12790989
81.00000000,2106.00000000,0.12861099
81.00000000,2107.00000000,0.12931601
81.00000000,2108.00000000,0.13002507
81.00000000,2109.00000000,0.13073800
81.00000000,2110.00000000,0.13145464
81.00000000,2111.00000000,0.13217512
81.00000000,2112.00000000,0.13306802
81.00000000,2113.00000000,0.13396442
81.00000000,2114.00000000,0.13486423
81.00000000,2115.00000000,0.13576733
81.00000000,2116.00000000,0.13667352
81.00000000,2117.00000000,0.13758271
81.00000000,2118.00000000,0.13849463
81.00000000,2119.00000000,0.13940937
81.00000000,2120.00000000,0.14032670
81.00000000,2121.00000000,0.14124642
81.00000000,2122.00000000,0.14229146
81.00000000,2123.00000000,0.14333877
81.00000000,2124.00000000,0.14438813
81.00000000,2125.00000000,0.14543949
81.00000000,2126.00000000,0.14649257
81.00000000,2127.00000000,0.14754734
81.00000000,2128.00000000,0.14860366
81.00000000,2129.00000000,0.14966123
81.00000000,2130.00000000,0.15072014
81.00000000,2131.00000000,0.15178008
81.00000000,2132.00000000,0.15283395
81.00000000,2133.00000000,0.15388858
81.00000000,2134.00000000,0.15494374
81.00000000,2135.00000000,0.15599931
81.00000000,2136.00000000,0.15705517
81.00000000,2137.00000000,0.15811110
81.00000000,2138.00000000,0.15916680
81.00000000,2139.00000000,0.16022237
81.00000000,2140.00000000,0.16127743
81.00000000,2141.00000000,0.16233177
81.00000000,2142.00000000,0.16311698
81.00000000,2143.00000000,0.16390097
81.00000000,2144.00000000,0.16468385
81.00000000,2145.00000000,0.16546544
81.00000000,2146.00000000,0.16624559
81.00000000,2147.00000000,0.16702427
81.00000000,2148.00000000,0.16780145
81.00000000,2149.00000000,0.16857691
81.00000000,2150.00000000,0.16935064
81.00000000,2151.00000000,0.17012340
81.00000000,2152.00000000,0.17065591
81.00000000,2153.00000000,0.17119240
81.00000000,2154.00000000,0.17173389
81.00000000,2155.00000000,0.17228107
81.00000000,2156.00000000,0.17283405
81.00000000,2157.00000000,0.17339268
81.00000000,2158.00000000,0.17395703
81.00000000,2159.00000000,0.17452677
81.00000000,2160.00000000,0.17510164
81.00000000,2161.00000000,0.17568141
81.00000000,2162.00000000,0.17613086
81.00000000,2163.00000000,0.17658444
81.00000000,2164.00000000,0.17704218
81.00000000,2165.00000000,0.17750373
81.00000000,2166.00000000,0.17796897
81.00000000,2167.00000000,0.17843767
81.00000000,2168.00000000,0.17890955
81.00000000,2169.00000000,0.17938467
81.00000000,2170.00000000,0.17986272
81.00000000,2171.00000000,0.18034352
81.00000000,2172.00000000,0.18068737
81.00000000,2173.00000000,0.18103346
81.00000000,2174.00000000,0.18138158
81.00000000,2175.00000000,0.18173185
81.00000000,2176.00000000,0.18208405
81.00000000,2177.00000000,0.18243804
81.00000000,2178.00000000,0.18279381
81.00000000,2179.00000000,0.18315117
81.00000000,2180.00000000,0.18351015
81.00000000,2181.00000000,0.18387055
81.00000000,2182.00000000,0.18412465
81.00000000,2183.00000000,0.18437988
81.00000000,2184.00000000,0.18463614
81.00000000,2185.00000000,0.18489338
81.00000000,2186.00000000,0.18515159
81.00000000,2187.00000000,0.18541068
81.00000000,2188.00000000,0.18567055
81.00000000,2189.00000000,0.18593126
81.00000000,2190.00000000,0.18619265
81.00000000,2191.00000000,0.18645480
81.00000000,2192.00000000,0.18671761
81.00000000,2193.00000000,0.18698103
81.00000000,2194.00000000,0.18724506
81.00000000,2195.00000000,0.18750963
81.00000000,2196.00000000,0.18777466
81.00000000,2197.00000000,0.18804024
81.00000000,2198.00000000,0.18830626
81.00000000,2199.00000000,0.18857261
81.00000000,2200.00000000,0.18883949
81.00000000,2201.00000000,0.18910667
81.00000000,2202.00000000,0.18937411
81.00000000,2203.00000000,0.18964191
81.00000000,2204.00000000,0.18990995
81.00000000,2205.00000000,0.19017830
81.00000000,2206.00000000,0.19044687
81.00000000,2207.00000000,0.19071559
81.00000000,2208.00000000,0.19098452
81.00000000,2209.00000000,0.19125362
81.00000000,2210.00000000,0.19152276
81.00000000,2211.00000000,0.19179207
81.00000000,2212.00000000,0.19206142
81.00000000,2213.00000000,0.19233080
81.00000000,2214.00000000,0.19260023
81.00000000,2215.00000000,0.19286960
81.00000000,2216.00000000,0.19313897
81.00000000,2217.00000000,0.19340834
81.00000000,2218.00000000,0.19367753
81.00000000,2219.00000000,0.19394665
81.00000000,2220.00000000,0.19421568
81.00000000,2221.00000000,0.19448446
81.00000000,2222.00000000,0.19475310
81.00000000,2223.00000000,0.19502157
81.00000000,2224.00000000,0.19528970
81.00000000,2225.00000000,0.19555762
81.00000000,2226.00000000,0.19582520
81.00000000,2227.00000000,0.19609247
81.00000000,2228.00000000,0.19635938
81.00000000,2229.00000000,0.19662579
81.00000000,2230.00000000,0.19689174
81.00000000,2231.00000000,0.19715707
81.00000000,2232.00000000,0.19666190
81.00000000,2233.00000000,0.19616432
81.00000000,2234.00000000,0.19566438
81.00000000,2235.00000000,0.19516206
81.00000000,2236.00000000,0.19465754
81.00000000,2237.00000000,0.19415082
81.00000000,2238.00000000,0.19364194
81.00000000,2239.00000000,0.19313100
81.00000000,2240.00000000,0.19261800
81.00000000,2241.00000000,0.19210308
81.00000000,2242.00000000,0.19158623
81.00000000,2243.00000000,0.19106745
81.00000000,2244.00000000,0.19054689
81.00000000,2245.00000000,0.19002454
81.00000000,2246.00000000,0.18950040
81.00000000,2247.00000000,0.18897462
81.00000000,2248.00000000,0.18844718
81.00000000,2249.00000000,0.18791779
81.00000000,2250.00000000,0.18738549
81.00000000,2251.00000000,0.18684769
81.00000000,2252.00000000,0.18630249
81.00000000,2253.00000000,0.18574862
81.00000000,2254.00000000,0.18518567
81.00000000,2255.00000000,0.18461367
81.00000000,2256.00000000,0.18403268
81.00000000,2257.00000000,0.18344282
81.00000000,2258.00000000,0.18284433
81.00000000,2259.00000000,0.18223743
81.00000000,2260.00000000,0.18162232
81.00000000,2261.00000000,0.18099938
81.00000000,2262.00000000,0.18036899
81.00000000,2263.00000000,0.17973149
81.00000000,2264.00000000,0.17908727
81.00000000,2265.00000000,0.17843648
81.00000000,2266.00000000,0.17777948
81.00000000,2267.00000000,0.17711641
81.00000000,2268.00000000,0.17644749
81.00000000,2269.00000000,0.17577295
81.00000000,2270.00000000,0.17509299
81.00000000,2271.00000000,0.17440771
81.00000000,2272.00000000,0.17371743
81.00000000,2273.00000000,0.17302224
81.00000000,2274.00000000,0.17232230
81.00000000,2275.00000000,0.17161785
81.00000000,2276.00000000,0.17090895
81.00000000,2277.00000000,0.17019587
81.00000000,2278.00000000,0.16947870
81.00000000,2279.00000000,0.16875757
81.00000000,2280.00000000,0.16803270
81.00000000,2281.00000000,0.16730417
81.00000000,2282.00000000,0.16657208
81.00000000,2283.00000000,0.16583665
81.00000000,2284.00000000,0.16509794
81.00000000,2285.00000000,0.16435606
81.00000000,2286.00000000,0.16361117
81.00000000,2287.00000000,0.16286339
81.00000000,2288.00000000,0.16211275
81.00000000,2289.00000000,0.16135944
81.00000000,2290.00000000,0.16060351
81.00000000,2291.00000000,0.15984513
81.00000000,2292.00000000,0.15908433
81.00000000,2293.00000000,0.15832120
81.00000000,2294.00000000,0.15755590
81.00000000,2295.00000000,0.15678847
81.00000000,2296.00000000,0.15601895
81.00000000,2297.00000000,0.15524754
81.00000000,2298.00000000,0.15447425
81.00000000,2299.00000000,0.15369911
81.00000000,2300.00000000,0.15292230
81.00000000,2301.00000000,0.15214382
81.00000000,2302.00000000,0.15136378
81.00000000,2303.00000000,0.15058221
81.00000000,2304.00000000,0.14979915
81.00000000,2305.00000000,0.14901473
81.00000000,2306.00000000,0.14822899
81.00000000,2307.00000000,0.14744194
81.00000000,2308.00000000,0.14665370
81.00000000,2309.00000000,0.14586435
81.00000000,2310.00000000,0.14507386
81.00000000,2311.00000000,0.14428239
81.00000000,2312.00000000,0.14348992
81.00000000,2313.00000000,0.14269657
81.00000000,2314.00000000,0.14190234
81.00000000,2315.00000000,0.14110729
81.00000000,2316.00000000,0.14031151
81.00000000,2317.00000000,0.13951503
81.00000000,2318.00000000,0.13871785
81.00000000,2319.00000000,0.13792011
81.00000000,2320.00000000,0.13712180
81.00000000,2321.00000000,0.13632294
81.00000000,2322.00000000,0.13552362
81.00000000,2323.00000000,0.13472389
81.00000000,2324.00000000,0.13392375
81.00000000,2325.00000000,0.13312330
81.00000000,2326.00000000,0.13232253
81.00000000,2327.00000000,0.13152156
81.00000000,2328.00000000,0.13072042
81.00000000,2329.00000000,0.12991917
81.00000000,2330.00000000,0.12928766
81.00000000,2331.00000000,0.12915595
81.00000000,2332.00000000,0.12916098
81.00000000,2333.00000000,0.12916631
81.00000000,2334.00000000,0.12917187
81.00000000,2335.00000000,0.12917764
81.00000000,2336.00000000,0.12918367
81.00000000,2337.00000000,0.12921132
81.00000000,2338.00000000,0.12923922
81.00000000,2339.00000000,0.12926732
81.00000000,2340.00000000,0.12929560
81.00000000,2341.00000000,0.12932411
81.00000000,2342.00000000,0.12931047
81.00000000,2343.00000000,0.12929697
81.00000000,2344.00000000,0.12928368
81.00000000,2345.00000000,0.12927056
81.00000000,2346.00000000,0.12925756
81.00000000,2347.00000000,0.12924474
81.00000000,2348.00000000,0.12923208
81.00000000,2349.00000000,0.12921953
81.00000000,2350.00000000,0.12920718
81.00000000,2351.00000000,0.12919492
81.00000000,2352.00000000,0.12918285
81.00000000,2353.00000000,0.12917091
81.00000000,2354.00000000,0.12915909
81.00000000,2355.00000000,0.12914743
81.00000000,2356.00000000,0.12913590
81.00000000,2357.00000000,0.12912264
81.00000000,2358.00000000,0.12910954
81.00000000,2359.00000000,0.12909657
81.00000000,2360.00000000,0.12908368
81.00000000,2361.00000000,0.12907095
81.00000000,2362.00000000,0.12905828
81.00000000,2363.00000000,0.12904579
81.00000000,2364.00000000,0.12903339
81.00000000,2365.00000000,0.12902107
81.00000000,2366.00000000,0.12900888
81.00000000,2367.00000000,0.12899681
81.00000000,2368.00000000,0.12898478
81.00000000,2369.00000000,0.12897290
81.00000000,2370.00000000,0.12896111
81.00000000,2371.00000000,0.12894938
81.00000000,2372.00000000,0.12893777
81.00000000,2373.00000000,0.12892622
81.00000000,2374.00000000,0.12891479
81.00000000,2375.00000000,0.12890345
81.00000000,2376.00000000,0.12889216
81.00000000,2377.00000000,0.12888097
81.00000000,2378.00000000,0.12886987
81.00000000,2379.00000000,0.12885881
81.00000000,2380.00000000,0.12884785
81.00000000,2381.00000000,0.12883699
81.00000000,2382.00000000,0.12883022
81.00000000,2383.00000000,0.12882357
81.00000000,2384.00000000,0.12881699
81.00000000,2385.00000000,0.12881042
81.00000000,2386.00000000,0.12880397
81.00000000,2387.00000000,0.12879755
81.00000000,2388.00000000,0.12879123
81.00000000,2389.00000000,0.12878497
81.00000000,2390.00000000,0.12877873
81.00000000,2391.00000000,0.12877260
81.00000000,2392.00000000,0.12876651
81.00000000,2393.00000000,0.12876044
81.00000000,2394.00000000,0.12875447
81.00000000,2395.00000000,0.12874855
81.00000000,2396.00000000,0.12874263
81.00000000,2397.00000000,0.12873681
81.00000000,2398.00000000,0.12873100
81.00000000,2399.00000000,0.12872527
81.00000000,2400.00000000,0.12871959
81.00000000,2401.00000000,0.12871391
81.00000000,2402.00000000,0.12870834
81.00000000,2403.00000000,0.12870280
81.00000000,2404.00000000,0.12869726
81.00000000,2405.00000000,0.12869184
81.00000000,2406.00000000,0.12868644
81.00000000,2407.00000000,0.12868104
81.00000000,2408.00000000,0.12867576
81.00000000,2409.00000000,0.12867049
81.00000000,2410.00000000,0.12866524
81.00000000,2411.00000000,0.12866006
81.00000000,2412.00000000,0.12865489
81.00000000,2413.00000000,0.12864979
81.00000000,2414.00000000,0.12864475
81.00000000,2415.00000000,0.12863968
81.00000000,2416.00000000,0.12863470
81.00000000,2417.00000000,0.12862976
81.00000000,2418.00000000,0.12862480
81.00000000,2419.00000000,0.12861992
81.00000000,2420.00000000,0.12861506
81.00000000,2421.00000000,0.12861020
81.00000000,2422.00000000,0.12860542
81.00000000,2423.00000000,0.12860061
81.00000000,2424.00000000,0.12859588
81.00000000,2425.00000000,0.12859118
81.00000000,2426.00000000,0.12858645
81.00000000,2427.00000000,0.12858179
81.00000000,2428.00000000,0.12857718
81.00000000,2429.00000000,0.12857252
81.00000000,2430.00000000,0.12856794
81.00000000,2431.00000000,0.12856337
81.00000000,2432.00000000,0.12855762
81.00000000,2433.00000000,0.12855195
81.00000000,2434.00000000,0.12854629
81.00000000,2435.00000000,0.12854059
81.00000000,2436.00000000,0.12853496
81.00000000,2437.00000000,0.12852930
81.00000000,2438.00000000,0.12852372
81.00000000,2439.00000000,0.12851814
81.00000000,2440.00000000,0.12851253
81.00000000,2441.00000000,0.12850699
81.00000000,2442.00000000,0.12850146
81.00000000,2443.00000000,0.12849589
81.00000000,2444.00000000,0.12849040
81.00000000,2445.00000000,0.12848491
81.00000000,2446.00000000,0.12847937
81.00000000,2447.00000000,0.12847391
81.00000000,2448.00000000,0.12846840
81.00000000,2449.00000000,0.12846297
81.00000000,2450.00000000,0.12845753
81.00000000,2451.00000000,0.12845206
81.00000000,2452.00000000,0.12844664
81.00000000,2453.00000000,0.12844124
81.00000000,2454.00000000,0.12843578
81.00000000,2455.00000000,0.12843037
81.00000000,2456.00000000,0.12842497
81.00000000,2457.00000000,0.12841951
81.00000000,2458.00000000,0.12841412
81.00000000,2459.00000000,0.12840866
81.00000000,2460.00000000,0.12840328
81.00000000,2461.00000000,0.12839789
81.00000000,2462.00000000,0.12839243
81.00000000,2463.00000000,0.12838705
81.00000000,2464.00000000,0.12838165
81.00000000,2465.00000000,0.12837620
81.00000000,2466.00000000,0.12837082
81.00000000,2467.00000000,0.12836543
81.00000000,2468.00000000,0.12835997
81.00000000,2469.00000000,0.12835458
81.00000000,2470.00000000,0.12834919
81.00000000,2471.00000000,0.12834374
81.00000000,2472.00000000,0.12833834
81.00000000,2473.00000000,0.12833288
81.00000000,2474.00000000,0.12832749
81.00000000,2475.00000000,0.12832209
81.00000000,2476.00000000,0.12831663
81.00000000,2477.00000000,0.12831123
81.00000000,2478.00000000,0.12830583
81.00000000,2479.00000000,0.12830034
81.00000000,2480.00000000,0.12829494
81.00000000,2481.00000000,0.12828953
81.00000000,2482.00000000,0.12828282
81.00000000,2483.00000000,0.12827617
81.00000000,2484.00000000,0.12826944
81.00000000,2485.00000000,0.12826280
81.00000000,2486.00000000,0.12825614
81.00000000,2487.00000000,0.12824939
81.00000000,2488.00000000,0.12824274
81.00000000,2489.00000000,0.12823607
81.00000000,2490.00000000,0.12822932
81.00000000,2491.00000000,0.12822264
81.00000000,2492.00000000,0.12821597
81.00000000,2493.00000000,0.12820919
81.00000000,2494.00000000,0.12820250
81.00000000,2495.00000000,0.12819581
81.00000000,2496.00000000,0.12818903
81.00000000,2497.00000000,0.12818234
81.00000000,2498.00000000,0.12817554
81.00000000,2499.00000000,0.12816883
81.00000000,2500.00000000,0.12816212
82.00000000,1765.00000000,0.09535586
82.00000000,1766.00000000,0.09535583
82.00000000,1767.00000000,0.09535589
82.00000000,1768.00000000,0.09535602
82.00000000,1769.00000000,0.09535642
82.00000000,1770.00000000,0.09535686
82.00000000,1771.00000000,0.09535744
82.00000000,1772.00000000,0.09535826
82.00000000,1773.00000000,0.09535924
82.00000000,1774.00000000,0.09536033
82.00000000,1775.00000000,0.09536159
82.00000000,1776.00000000,0.09536306
82.00000000,1777.00000000,0.09536474
82.00000000,1778.00000000,0.09536651
82.00000000,1779.00000000,0.09536845
82.00000000,1780.00000000,0.09537057
82.00000000,1781.00000000,0.09537279
82.00000000,1782.00000000,0.09537512
82.00000000,1783.00000000,0.09537776
82.00000000,1784.00000000,0.09538040
82.00000000,1785.00000000,0.09538310
82.00000000,1786.00000000,0.09538616
82.00000000,1787.00000000,0.09538902
82.00000000,1788.00000000,0.09539215
82.00000000,1789.00000000,0.09539545
82.00000000,1790.00000000,0.09539881
82.00000000,1791.00000000,0.09540205
82.00000000,1792.00000000,0.09540566
82.00000000,1793.00000000,0.09540921
82.00000000,1794.00000000,0.09541289
82.00000000,1795.00000000,0.09541670
82.00000000,1796.00000000,0.09542045
82.00000000,1797.00000000,0.09542433
82.00000000,1798.00000000,0.09542829
82.00000000,1799.00000000,0.09543234
82.00000000,1800.00000000,0.09543634
82.00000000,1801.00000000,0.09544046
82.00000000,1802.00000000,0.09544468
82.00000000,1803.00000000,0.09544890
82.00000000,1804.00000000,0.09545318
82.00000000,1805.00000000,0.09545744
82.00000000,1806.00000000,0.09546179
82.00000000,1807.00000000,0.09546615
82.00000000,1808.00000000,0.09547060
82.00000000,1809.00000000,0.09547505
82.00000000,1810.00000000,0.09547958
82.00000000,1811.00000000,0.09548410
82.00000000,1812.00000000,0.09548870
82.00000000,1813.00000000,0.09549330
82.00000000,1814.00000000,0.09549792
82.00000000,1815.00000000,0.09550261
82.00000000,1816.00000000,0.09550727
82.00000000,1817.00000000,0.09551200
82.00000000,1818.00000000,0.09551680
82.00000000,1819.00000000,0.09552147
82.00000000,1820.00000000,0.09552629
82.00000000,1821.00000000,0.09553114
82.00000000,1822.00000000,0.09553593
82.00000000,1823.00000000,0.09554081
82.00000000,1824.00000000,0.09554565
82.00000000,1825.00000000,0.09555059
82.00000000,1826.00000000,0.09555550
82.00000000,1827.00000000,0.09556043
82.00000000,1828.00000000,0.09556539
82.00000000,1829.00000000,0.09557038
82.00000000,1830.00000000,0.09557540
82.00000000,1831.00000000,0.09558042
82.00000000,1832.00000000,0.09558544
82.00000000,1833.00000000,0.09559047
82.00000000,1834.00000000,0.09559558
82.00000000,1835.00000000,0.09560070
82.00000000,1836.00000000,0.09560583
82.00000000,1837.00000000,0.09561096
82.00000000,1838.00000000,0.09561617
82.00000000,1839.00000000,0.09562140
82.00000000,1840.00000000,0.09562668
82.00000000,1841.00000000,0.09563199
82.00000000,1842.00000000,0.09563734
82.00000000,1843.00000000,0.09564280
82.00000000,1844.00000000,0.09564829
82.00000000,1845.00000000,0.09565383
82.00000000,1846.00000000,0.09565950
82.00000000,1847.00000000,0.09566520
82.00000000,1848.00000000,0.09567972
82.00000000,1849.00000000,0.09568558
82.00000000,1850.00000000,0.09569161
82.00000000,1851.00000000,0.09569763
82.00000000,1852.00000000,0.09570378
82.00000000,1853.00000000,0.09571333
82.00000000,1854.00000000,0.09572029
82.00000000,1855.00000000,0.09572729
82.00000000,1856.00000000,0.09573427
82.00000000,1857.00000000,0.09574120
82.00000000,1858.00000000,0.09574823
82.00000000,1859.00000000,0.09575529
82.00000000,1860.00000000,0.09576235
82.00000000,1861.00000000,0.09576934
82.00000000,1862.00000000,0.09577635
82.00000000,1863.00000000,0.09578547
82.00000000,1864.00000000,0.09579119
82.00000000,1865.00000000,0.09579652
82.00000000,1866.00000000,0.09580159
82.00000000,1867.00000000,0.09580627
82.00000000,1868.00000000,0.09581083
82.00000000,1869.00000000,0.09581505
82.00000000,1870.00000000,0.09581912
82.00000000,1871.00000000,0.09582301
82.00000000,1872.00000000,0.09582713
82.00000000,1873.00000000,0.09583518
82.00000000,1874.00000000,0.09584087
82.00000000,1875.00000000,0.09584706
82.00000000,1876.00000000,0.09585355
82.00000000,1877.00000000,0.09586042
82.00000000,1878.00000000,0.09586742
82.00000000,1879.00000000,0.09587762
82.00000000,1880.00000000,0.09588507
82.00000000,1881.00000000,0.09589253
82.00000000,1882.00000000,0.09590300
82.00000000,1883.00000000,0.09591011
82.00000000,1884.00000000,0.09592248
82.00000000,1885.00000000,0.09592595
82.00000000,1886.00000000,0.09593208
82.00000000,1887.00000000,0.09593821
82.00000000,1888.00000000,0.09594701
82.00000000,1889.00000000,0.09595263
82.00000000,1890.00000000,0.09595797
82.00000000,1891.00000000,0.09596296
82.00000000,1892.00000000,0.09596755
82.00000000,1893.00000000,0.09597502
82.00000000,1894.00000000,0.09597961
82.00000000,1895.00000000,0.09598427
82.00000000,1896.00000000,0.09598912
82.00000000,1897.00000000,0.09599676
82.00000000,1898.00000000,0.09600436
82.00000000,1899.00000000,0.09601173
82.00000000,1900.00000000,0.09601583
82.00000000,1901.00000000,0.09601967
82.00000000,1902.00000000,0.09602369
82.00000000,1903.00000000,0.09602779
82.00000000,1904.00000000,0.09603500
82.00000000,1905.00000000,0.09604247
82.00000000,1906.00000000,0.09604726
82.00000000,1907.00000000,0.09605523
82.00000000,1908.00000000,0.09606014
82.00000000,1909.00000000,0.09606795
82.00000000,1910.00000000,0.09607286
82.00000000,1911.00000000,0.09607763
82.00000000,1912.00000000,0.09609914
82.00000000,1913.00000000,0.09609929
82.00000000,1914.00000000,0.09610120
82.00000000,1915.00000000,0.09610562
82.00000000,1916.00000000,0.09610717
82.00000000,1917.00000000,0.09611161
82.00000000,1918.00000000,0.09612475
82.00000000,1919.00000000,0.09612635
82.00000000,1920.00000000,0.09613158
82.00000000,1921.00000000,0.09613771
82.00000000,1922.00000000,0.09614803
82.00000000,1923.00000000,0.09615635
82.00000000,1924.00000000,0.09616785
82.00000000,1925.00000000,0.09617627
82.00000000,1926.00000000,0.09618765
82.00000000,1927.00000000,0.09620492
82.00000000,1928.00000000,0.09621068
82.00000000,1929.00000000,0.09622522
82.00000000,1930.00000000,0.09623419
82.00000000,1931.00000000,0.09625029
82.00000000,1932.00000000,0.09627100
82.00000000,1933.00000000,0.09628121
82.00000000,1934.00000000,0.09630099
82.00000000,1935.00000000,0.09631798
82.00000000,1936.00000000,0.09635762
82.00000000,1937.00000000,0.09637288
82.00000000,1938.00000000,0.09639538
82.00000000,1939.00000000,0.09640510
82.00000000,1940.00000000,0.09641410
82.00000000,1941.00000000,0.09643354
82.00000000,1942.00000000,0.09646042
82.00000000,1943.00000000,0.09647480
82.00000000,1944.00000000,0.09648276
82.00000000,1945.00000000,0.09650521
82.00000000,1946.00000000,0.09653198
82.00000000,1947.00000000,0.09655808
82.00000000,1948.00000000,0.09657375
82.00000000,1949.00000000,0.09660493
82.00000000,1950.00000000,0.09662689
82.00000000,1951.00000000,0.09665479
82.00000000,1952.00000000,0.09667799
82.00000000,1953.00000000,0.09671333
82.00000000,1954.00000000,0.09677229
82.00000000,1955.00000000,0.09681428
82.00000000,1956.00000000,0.09679523
82.00000000,1957.00000000,0.09684570
82.00000000,1958.00000000,0.09686352
82.00000000,1959.00000000,0.09688073
82.00000000,1960.00000000,0.09689129
82.00000000,1961.00000000,0.09693626
82.00000000,1962.00000000,0.09701520
82.00000000,1963.00000000,0.09703789
82.00000000,1964.00000000,0.09707666
82.00000000,1965.00000000,0.09712258
82.00000000,1966.00000000,0.09712908
82.00000000,1967.00000000,0.09713110
82.00000000,1968.00000000,0.09713731
82.00000000,1969.00000000,0.09717003
82.00000000,1970.00000000,0.09725234
82.00000000,1971.00000000,0.09723765
82.00000000,1972.00000000,0.09730240
82.00000000,1973.00000000,0.09732523
82.00000000,1974.00000000,0.09730405
82.00000000,1975.00000000,0.09726358
82.00000000,1976.00000000,0.09727224
82.00000000,1977.00000000,0.09731049
82.00000000,1978.00000000,0.09731982
82.00000000,1979.00000000,0.09735235
82.00000000,1980.00000000,0.09739610
82.00000000,1981.00000000,0.09748923
82.00000000,1982.00000000,0.09754202
82.00000000,1983.00000000,0.09757436
82.00000000,1984.00000000,0.09760089
82.00000000,1985.00000000,0.09773862
82.00000000,1986.00000000,0.09775186
82.00000000,1987.00000000,0.09785907
82.00000000,1988.00000000,0.09798113
82.00000000,1989.00000000,0.09819819
82.00000000,1990.00000000,0.09809417
82.00000000,1991.00000000,0.09818877
82.00000000,1992.00000000,0.09828093
82.00000000,1993.00000000,0.09832472
82.00000000,1994.00000000,0.09844486
82.00000000,1995.00000000,0.09862641
82.00000000,1996.00000000,0.09835584
82.00000000,1997.00000000,0.09831828
82.00000000,1998.00000000,0.09849600
82.00000000,1999.00000000,0.09864799
82.00000000,2000.00000000,0.09859010
82.00000000,2001.00000000,0.09821304
82.00000000,2002.00000000,0.09857224
82.00000000,2003.00000000,0.09819857
82.00000000,2004.00000000,0.09831570
82.00000000,2005.00000000,0.09866864
82.00000000,2006.00000000,0.09863773
82.00000000,2007.00000000,0.09865681
82.00000000,2008.00000000,0.09866035
82.00000000,2009.00000000,0.09886413
82.00000000,2010.00000000,0.09884657
82.00000000,2011.00000000,0.09904645
82.00000000,2012.00000000,0.09875039
82.00000000,2013.00000000,0.09839106
82.00000000,2014.00000000,0.09808608
82.00000000,2015.00000000,0.09817624
82.00000000,2016.00000000,0.09836110
82.00000000,2017.00000000,0.09846940
82.00000000,2018.00000000,0.09871547
82.00000000,2019.00000000,0.09889069
82.00000000,2020.00000000,0.09864821
82.00000000,2021.00000000,0.09873740
82.00000000,2022.00000000,0.09898727
82.00000000,2023.00000000,0.09903147
82.00000000,2024.00000000,0.09899828
82.00000000,2025.00000000,0.09908104
82.00000000,2026.00000000,0.09900209
82.00000000,2027.00000000,0.09831527
82.00000000,2028.00000000,0.09848127
82.00000000,2029.00000000,0.09886286
82.00000000,2030.00000000,0.09902783
82.00000000,2031.00000000,0.09883583
82.00000000,2032.00000000,0.09938025
82.00000000,2033.00000000,0.09971927
82.00000000,2034.00000000,0.09974881
82.00000000,2035.00000000,0.09982593
82.00000000,2036.00000000,0.09984392
82.00000000,2037.00000000,0.10029323
82.00000000,2038.00000000,0.10062129
82.00000000,2039.00000000,0.10082822
82.00000000,2040.00000000,0.10094498
82.00000000,2041.00000000,0.10126183
82.00000000,2042.00000000,0.10153002
82.00000000,2043.00000000,0.10152439
82.00000000,2044.00000000,0.10176535
82.00000000,2045.00000000,0.10212160
82.00000000,2046.00000000,0.10250962
82.00000000,2047.00000000,0.10283233
82.00000000,2048.00000000,0.10321705
82.00000000,2049.00000000,0.10345104
82.00000000,2050.00000000,0.10387935
82.00000000,2051.00000000,0.10440221
82.00000000,2052.00000000,0.10509893
82.00000000,2053.00000000,0.10546086
82.00000000,2054.00000000,0.10585664
82.00000000,2055.00000000,0.10643676
82.00000000,2056.00000000,0.10639430
82.00000000,2057.00000000,0.10624767
82.00000000,2058.00000000,0.10691011
82.00000000,2059.00000000,0.10723843
82.00000000,2060.00000000,0.10737505
82.00000000,2061.00000000,0.10806922
82.00000000,2062.00000000,0.10784896
82.00000000,2063.00000000,0.10733550
82.00000000,2064.00000000,0.10715730
82.00000000,2065.00000000,0.10704677
82.00000000,2066.00000000,0.10746942
82.00000000,2067.00000000,0.10782387
82.00000000,2068.00000000,0.10821230
82.00000000,2069.00000000,0.10854057
82.00000000,2070.00000000,0.10905226
82.00000000,2071.00000000,0.10933501
82.00000000,2072.00000000,0.10943269
82.00000000,2073.00000000,0.10962908
82.00000000,2074.00000000,0.10927475
82.00000000,2075.00000000,0.10925189
82.00000000,2076.00000000,0.10953058
82.00000000,2077.00000000,0.10984468
82.00000000,2078.00000000,0.11018341
82.00000000,2079.00000000,0.11044878
82.00000000,2080.00000000,0.11034756
82.00000000,2081.00000000,0.11028264
82.00000000,2082.00000000,0.11071039
82.00000000,2083.00000000,0.11112930
82.00000000,2084.00000000,0.11126947
82.00000000,2085.00000000,0.11216151
82.00000000,2086.00000000,0.11318609
82.00000000,2087.00000000,0.11398623
82.00000000,2088.00000000,0.11450487
82.00000000,2089.00000000,0.11502814
82.00000000,2090.00000000,0.11555575
82.00000000,2091.00000000,0.11608700
82.00000000,2092.00000000,0.11662226
82.00000000,2093.00000000,0.11734504
82.00000000,2094.00000000,0.11807200
82.00000000,2095.00000000,0.11880338
82.00000000,2096.00000000,0.11953895
82.00000000,2097.00000000,0.12027849
82.00000000,2098.00000000,0.12102203
82.00000000,2099.00000000,0.12176935
82.00000000,2100.00000000,0.12252021
82.00000000,2101.00000000,0.12327457
82.00000000,2102.00000000,0.12403269
82.00000000,2103.00000000,0.12471411
82.00000000,2104.00000000,0.12539961
82.00000000,2105.00000000,0.12608909
82.00000000,2106.00000000,0.12678268
82.00000000,2107.00000000,0.12748024
82.00000000,2108.00000000,0.12818156
82.00000000,2109.00000000,0.12888678
82.00000000,2110.00000000,0.12959572
82.00000000,2111.00000000,0.13030826
82.00000000,2112.00000000,0.13102440
82.00000000,2113.00000000,0.13191148
82.00000000,2114.00000000,0.13280194
82.00000000,2115.00000000,0.13369572
82.00000000,2116.00000000,0.13459257
82.00000000,2117.00000000,0.13549246
82.00000000,2118.00000000,0.13639524
82.00000000,2119.00000000,0.13730065
82.00000000,2120.00000000,0.13820878
82.00000000,2121.00000000,0.13911942
82.00000000,2122.00000000,0.14003242
82.00000000,2123.00000000,0.14106960
82.00000000,2124.00000000,0.14210893
82.00000000,2125.00000000,0.14315029
82.00000000,2126.00000000,0.14419360
82.00000000,2127.00000000,0.14523867
82.00000000,2128.00000000,0.14628526
82.00000000,2129.00000000,0.14733342
82.00000000,2130.00000000,0.14838287
82.00000000,2131.00000000,0.14943353
82.00000000,2132.00000000,0.15048516
82.00000000,2133.00000000,0.15153079
82.00000000,2134.00000000,0.15257715
82.00000000,2135.00000000,0.15362407
82.00000000,2136.00000000,0.15467126
82.00000000,2137.00000000,0.15571879
82.00000000,2138.00000000,0.15676639
82.00000000,2139.00000000,0.15781379
82.00000000,2140.00000000,0.15886100
82.00000000,2141.00000000,0.15990766
82.00000000,2142.00000000,0.16095364
82.00000000,2143.00000000,0.16173270
82.00000000,2144.00000000,0.16251055
82.00000000,2145.00000000,0.16328729
82.00000000,2146.00000000,0.16406276
82.00000000,2147.00000000,0.16483683
82.00000000,2148.00000000,0.16560948
82.00000000,2149.00000000,0.16638060
82.00000000,2150.00000000,0.16714999
82.00000000,2151.00000000,0.16791863
82.00000000,2152.00000000,0.16868888
82.00000000,2153.00000000,0.16922336
82.00000000,2154.00000000,0.16976297
82.00000000,2155.00000000,0.17030804
82.00000000,2156.00000000,0.17085902
82.00000000,2157.00000000,0.17141572
82.00000000,2158.00000000,0.17197793
82.00000000,2159.00000000,0.17254558
82.00000000,2160.00000000,0.17311838
82.00000000,2161.00000000,0.17369599
82.00000000,2162.00000000,0.17427831
82.00000000,2163.00000000,0.17473110
82.00000000,2164.00000000,0.17518785
82.00000000,2165.00000000,0.17564848
82.00000000,2166.00000000,0.17611264
82.00000000,2167.00000000,0.17658035
82.00000000,2168.00000000,0.17705133
82.00000000,2169.00000000,0.17752538
82.00000000,2170.00000000,0.17800243
82.00000000,2171.00000000,0.17848226
82.00000000,2172.00000000,0.17896462
82.00000000,2173.00000000,0.17931099
82.00000000,2174.00000000,0.17965947
82.00000000,2175.00000000,0.18000993
82.00000000,2176.00000000,0.18036234
82.00000000,2177.00000000,0.18071657
82.00000000,2178.00000000,0.18107246
82.00000000,2179.00000000,0.18143005
82.00000000,2180.00000000,0.18178911
82.00000000,2181.00000000,0.18214972
82.00000000,2182.00000000,0.18251168
82.00000000,2183.00000000,0.18276806
82.00000000,2184.00000000,0.18302547
82.00000000,2185.00000000,0.18328386
82.00000000,2186.00000000,0.18354307
82.00000000,2187.00000000,0.18380325
82.00000000,2188.00000000,0.18406431
82.00000000,2189.00000000,0.18432602
82.00000000,2190.00000000,0.18458854
82.00000000,2191.00000000,0.18485172
82.00000000,2192.00000000,0.18511559
82.00000000,2193.00000000,0.18538010
82.00000000,2194.00000000,0.18564514
82.00000000,2195.00000000,0.18591078
82.00000000,2196.00000000,0.18617692
82.00000000,2197.00000000,0.18644347
82.00000000,2198.00000000,0.18671056
82.00000000,2199.00000000,0.18697806
82.00000000,2200.00000000,0.18724593
82.00000000,2201.00000000,0.18751420
82.00000000,2202.00000000,0.18778281
82.00000000,2203.00000000,0.18805165
82.00000000,2204.00000000,0.18832086
82.00000000,2205.00000000,0.18859028
82.00000000,2206.00000000,0.18885998
82.00000000,2207.00000000,0.18912990
82.00000000,2208.00000000,0.18939992
82.00000000,2209.00000000,0.18967022
82.00000000,2210.00000000,0.18994063
82.00000000,2211.00000000,0.19021108
82.00000000,2212.00000000,0.19048172
82.00000000,2213.00000000,0.19075239
82.00000000,2214.00000000,0.19102306
82.00000000,2215.00000000,0.19129378
82.00000000,2216.00000000,0.19156449
82.00000000,2217.00000000,0.19183519
82.00000000,2218.00000000,0.19210583
82.00000000,2219.00000000,0.19237635
82.00000000,2220.00000000,0.19264681
82.00000000,2221.00000000,0.19291714
82.00000000,2222.00000000,0.19318727
82.00000000,2223.00000000,0.19345727
82.00000000,2224.00000000,0.19372704
82.00000000,2225.00000000,0.19399655
82.00000000,2226.00000000,0.19426585
82.00000000,2227.00000000,0.19453479
82.00000000,2228.00000000,0.19480346
82.00000000,2229.00000000,0.19507176
82.00000000,2230.00000000,0.19533959
82.00000000,2231.00000000,0.19560697
82.00000000,2232.00000000,0.19587372
82.00000000,2233.00000000,0.19538484
82.00000000,2234.00000000,0.19489357
82.00000000,2235.00000000,0.19439991
82.00000000,2236.00000000,0.19390387
82.00000000,2237.00000000,0.19340565
82.00000000,2238.00000000,0.19290522
82.00000000,2239.00000000,0.19240260
82.00000000,2240.00000000,0.19189796
82.00000000,2241.00000000,0.19139125
82.00000000,2242.00000000,0.19088259
82.00000000,2243.00000000,0.19037200
82.00000000,2244.00000000,0.18985948
82.00000000,2245.00000000,0.18934516
82.00000000,2246.00000000,0.18882906
82.00000000,2247.00000000,0.18831115
82.00000000,2248.00000000,0.18779160
82.00000000,2249.00000000,0.18727015
82.00000000,2250.00000000,0.18674553
82.00000000,2251.00000000,0.18621563
82.00000000,2252.00000000,0.18567807
82.00000000,2253.00000000,0.18513196
82.00000000,2254.00000000,0.18457675
82.00000000,2255.00000000,0.18401241
82.00000000,2256.00000000,0.18343910
82.00000000,2257.00000000,0.18285694
82.00000000,2258.00000000,0.18226605
82.00000000,2259.00000000,0.18166677
82.00000000,2260.00000000,0.18105929
82.00000000,2261.00000000,0.18044391
82.00000000,2262.00000000,0.17982109
82.00000000,2263.00000000,0.17919118
82.00000000,2264.00000000,0.17855441
82.00000000,2265.00000000,0.17791119
82.00000000,2266.00000000,0.17726159
82.00000000,2267.00000000,0.17660600
82.00000000,2268.00000000,0.17594452
82.00000000,2269.00000000,0.17527736
82.00000000,2270.00000000,0.17460476
82.00000000,2271.00000000,0.17392689
82.00000000,2272.00000000,0.17324389
82.00000000,2273.00000000,0.17255600
82.00000000,2274.00000000,0.17186337
82.00000000,2275.00000000,0.17116610
82.00000000,2276.00000000,0.17046447
82.00000000,2277.00000000,0.16975854
82.00000000,2278.00000000,0.16904852
82.00000000,2279.00000000,0.16833457
82.00000000,2280.00000000,0.16761673
82.00000000,2281.00000000,0.16689528
82.00000000,2282.00000000,0.16617029
82.00000000,2283.00000000,0.16544180
82.00000000,2284.00000000,0.16471009
82.00000000,2285.00000000,0.16397518
82.00000000,2286.00000000,0.16323719
82.00000000,2287.00000000,0.16249630
82.00000000,2288.00000000,0.16175255
82.00000000,2289.00000000,0.16100604
82.00000000,2290.00000000,0.16025695
82.00000000,2291.00000000,0.15950529
82.00000000,2292.00000000,0.15875123
82.00000000,2293.00000000,0.15799485
82.00000000,2294.00000000,0.15723617
82.00000000,2295.00000000,0.15647537
82.00000000,2296.00000000,0.15571252
82.00000000,2297.00000000,0.15494764
82.00000000,2298.00000000,0.15418089
82.00000000,2299.00000000,0.15341230
82.00000000,2300.00000000,0.15264194
82.00000000,2301.00000000,0.15186994
82.00000000,2302.00000000,0.15109628
82.00000000,2303.00000000,0.15032108
82.00000000,2304.00000000,0.14954441
82.00000000,2305.00000000,0.14876628
82.00000000,2306.00000000,0.14798682
82.00000000,2307.00000000,0.14720604
82.00000000,2308.00000000,0.14642400
82.00000000,2309.00000000,0.14564082
82.00000000,2310.00000000,0.14485653
82.00000000,2311.00000000,0.14407114
82.00000000,2312.00000000,0.14328479
82.00000000,2313.00000000,0.14249743
82.00000000,2314.00000000,0.14170924
82.00000000,2315.00000000,0.14092021
82.00000000,2316.00000000,0.14013034
82.00000000,2317.00000000,0.13933978
82.00000000,2318.00000000,0.13854852
82.00000000,2319.00000000,0.13775658
82.00000000,2320.00000000,0.13696408
82.00000000,2321.00000000,0.13617102
82.00000000,2322.00000000,0.13537743
82.00000000,2323.00000000,0.13458341
82.00000000,2324.00000000,0.13378897
82.00000000,2325.00000000,0.13299412
82.00000000,2326.00000000,0.13219898
82.00000000,2327.00000000,0.13140351
82.00000000,2328.00000000,0.13060785
82.00000000,2329.00000000,0.12981202
82.00000000,2330.00000000,0.12901609
82.00000000,2331.00000000,0.12838874
82.00000000,2332.00000000,0.12825780
82.00000000,2333.00000000,0.12826268
82.00000000,2334.00000000,0.12826785
82.00000000,2335.00000000,0.12827325
82.00000000,2336.00000000,0.12827886
82.00000000,2337.00000000,0.12828474
82.00000000,2338.00000000,0.12831207
82.00000000,2339.00000000,0.12833965
82.00000000,2340.00000000,0.12836745
82.00000000,2341.00000000,0.12839542
82.00000000,2342.00000000,0.12842362
82.00000000,2343.00000000,0.12840996
82.00000000,2344.00000000,0.12839643
82.00000000,2345.00000000,0.12838312
82.00000000,2346.00000000,0.12836997
82.00000000,2347.00000000,0.12835694
82.00000000,2348.00000000,0.12834410
82.00000000,2349.00000000,0.12833141
82.00000000,2350.00000000,0.12831885
82.00000000,2351.00000000,0.12830646
82.00000000,2352.00000000,0.12829417
82.00000000,2353.00000000,0.12828207
82.00000000,2354.00000000,0.12827012
82.00000000,2355.00000000,0.12825826
82.00000000,2356.00000000,0.12824658
82.00000000,2357.00000000,0.12823504
82.00000000,2358.00000000,0.12822176
82.00000000,2359.00000000,0.12820865
82.00000000,2360.00000000,0.12819568
82.00000000,2361.00000000,0.12818276
82.00000000,2362.00000000,0.12817003
82.00000000,2363.00000000,0.12815735
82.00000000,2364.00000000,0.12814482
82.00000000,2365.00000000,0.12813242
82.00000000,2366.00000000,0.12812007
82.00000000,2367.00000000,0.12810788
82.00000000,2368.00000000,0.12809577
82.00000000,2369.00000000,0.12808374
82.00000000,2370.00000000,0.12807183
82.00000000,2371.00000000,0.12806004
82.00000000,2372.00000000,0.12804827
82.00000000,2373.00000000,0.12803666
82.00000000,2374.00000000,0.12802509
82.00000000,2375.00000000,0.12801363
82.00000000,2376.00000000,0.12800227
82.00000000,2377.00000000,0.12799095
82.00000000,2378.00000000,0.12797974
82.00000000,2379.00000000,0.12796862
82.00000000,2380.00000000,0.12795753
82.00000000,2381.00000000,0.12794655
82.00000000,2382.00000000,0.12793566
82.00000000,2383.00000000,0.12792884
82.00000000,2384.00000000,0.12792213
82.00000000,2385.00000000,0.12791550
82.00000000,2386.00000000,0.12790887
82.00000000,2387.00000000,0.12790237
82.00000000,2388.00000000,0.12789589
82.00000000,2389.00000000,0.12788952
82.00000000,2390.00000000,0.12788320
82.00000000,2391.00000000,0.12787691
82.00000000,2392.00000000,0.12787071
82.00000000,2393.00000000,0.12786457
82.00000000,2394.00000000,0.12785844
82.00000000,2395.00000000,0.12785241
82.00000000,2396.00000000,0.12784643
82.00000000,2397.00000000,0.12784045
82.00000000,2398.00000000,0.12783457
82.00000000,2399.00000000,0.12782869
82.00000000,2400.00000000,0.12782292
82.00000000,2401.00000000,0.12781718
82.00000000,2402.00000000,0.12781145
82.00000000,2403.00000000,0.12780580
82.00000000,2404.00000000,0.12780023
82.00000000,2405.00000000,0.12779464
82.00000000,2406.00000000,0.12778914
82.00000000,2407.00000000,0.12778371
82.00000000,2408.00000000,0.12777826
82.00000000,2409.00000000,0.12777291
82.00000000,2410.00000000,0.12776759
82.00000000,2411.00000000,0.12776228
82.00000000,2412.00000000,0.12775705
82.00000000,2413.00000000,0.12775182
82.00000000,2414.00000000,0.12774666
82.00000000,2415.00000000,0.12774156
82.00000000,2416.00000000,0.12773644
82.00000000,2417.00000000,0.12773139
82.00000000,2418.00000000,0.12772639
82.00000000,2419.00000000,0.12772137
82.00000000,2420.00000000,0.12771644
82.00000000,2421.00000000,0.12771153
82.00000000,2422.00000000,0.12770659
82.00000000,2423.00000000,0.12770175
82.00000000,2424.00000000,0.12769688
82.00000000,2425.00000000,0.12769208
82.00000000,2426.00000000,0.12768733
82.00000000,2427.00000000,0.12768254
82.00000000,2428.00000000,0.12767783
82.00000000,2429.00000000,0.12767313
82.00000000,2430.00000000,0.12766841
82.00000000,2431.00000000,0.12766377
82.00000000,2432.00000000,0.12765915
82.00000000,2433.00000000,0.12765333
82.00000000,2434.00000000,0.12764761
82.00000000,2435.00000000,0.12764188
82.00000000,2436.00000000,0.12763614
82.00000000,2437.00000000,0.12763045
82.00000000,2438.00000000,0.12762473
82.00000000,2439.00000000,0.12761909
82.00000000,2440.00000000,0.12761346
82.00000000,2441.00000000,0.12760778
82.00000000,2442.00000000,0.12760218
82.00000000,2443.00000000,0.12759660
82.00000000,2444.00000000,0.12759097
82.00000000,2445.00000000,0.12758541
82.00000000,2446.00000000,0.12757987
82.00000000,2447.00000000,0.12757427
82.00000000,2448.00000000,0.12756876
82.00000000,2449.00000000,0.12756319
82.00000000,2450.00000000,0.12755768
82.00000000,2451.00000000,0.12755220
82.00000000,2452.00000000,0.12754665
82.00000000,2453.00000000,0.12754118
82.00000000,2454.00000000,0.12753571
82.00000000,2455.00000000,0.12753018
82.00000000,2456.00000000,0.12752471
82.00000000,2457.00000000,0.12751924
82.00000000,2458.00000000,0.12751372
82.00000000,2459.00000000,0.12750826
82.00000000,2460.00000000,0.12750274
82.00000000,2461.00000000,0.12749728
82.00000000,2462.00000000,0.12749182
82.00000000,2463.00000000,0.12748631
82.00000000,2464.00000000,0.12748084
82.00000000,2465.00000000,0.12747540
82.00000000,2466.00000000,0.12746988
82.00000000,2467.00000000,0.12746443
82.00000000,2468.00000000,0.12745897
82.00000000,2469.00000000,0.12745345
82.00000000,2470.00000000,0.12744799
82.00000000,2471.00000000,0.12744254
82.00000000,2472.00000000,0.12743701
82.00000000,2473.00000000,0.12743155
82.00000000,2474.00000000,0.12742602
82.00000000,2475.00000000,0.12742057
82.00000000,2476.00000000,0.12741511
82.00000000,2477.00000000,0.12740957
82.00000000,2478.00000000,0.12740410
82.00000000,2479.00000000,0.12739863
82.00000000,2480.00000000,0.12739309
82.00000000,2481.00000000,0.12738763
82.00000000,2482.00000000,0.12738215
82.00000000,2483.00000000,0.12737538
82.00000000,2484.00000000,0.12736868
82.00000000,2485.00000000,0.12736190
82.00000000,2486.00000000,0.12735518
82.00000000,2487.00000000,0.12734847
82.00000000,2488.00000000,0.12734168
82.00000000,2489.00000000,0.12733496
82.00000000,2490.00000000,0.12732824
82.00000000,2491.00000000,0.12732142
82.00000000,2492.00000000,0.12731469
82.00000000,2493.00000000,0.12730796
82.00000000,2494.00000000,0.12730113
82.00000000,2495.00000000,0.12729439
82.00000000,2496.00000000,0.12728764
82.00000000,2497.00000000,0.12728080
82.00000000,2498.00000000,0.12727405
82.00000000,2499.00000000,0.12726719
82.00000000,2500.00000000,0.12726043
83.00000000,1765.00000000,0.09457429
83.00000000,1766.00000000,0.09457439
83.00000000,1767.00000000,0.09457441
83.00000000,1768.00000000,0.09457457
83.00000000,1769.00000000,0.09457484
83.00000000,1770.00000000,0.09457539
83.00000000,1771.00000000,0.09457600
83.00000000,1772.00000000,0.09457674
83.00000000,1773.00000000,0.09457773
83.00000000,1774.00000000,0.09457887
83.00000000,1775.00000000,0.09458012
83.00000000,1776.00000000,0.09458156
83.00000000,1777.00000000,0.09458318
83.00000000,1778.00000000,0.09458502
83.00000000,1779.00000000,0.09458694
83.00000000,1780.00000000,0.09458904
83.00000000,1781.00000000,0.09459130
83.00000000,1782.00000000,0.09459365
83.00000000,1783.00000000,0.09459611
83.00000000,1784.00000000,0.09459886
83.00000000,1785.00000000,0.09460162
83.00000000,1786.00000000,0.09460443
83.00000000,1787.00000000,0.09460760
83.00000000,1788.00000000,0.09461055
83.00000000,1789.00000000,0.09461379
83.00000000,1790.00000000,0.09461717
83.00000000,1791.00000000,0.09462063
83.00000000,1792.00000000,0.09462394
83.00000000,1793.00000000,0.09462761
83.00000000,1794.00000000,0.09463124
83.00000000,1795.00000000,0.09463498
83.00000000,1796.00000000,0.09463886
83.00000000,1797.00000000,0.09464267
83.00000000,1798.00000000,0.09464660
83.00000000,1799.00000000,0.09465060
83.00000000,1800.00000000,0.09465470
83.00000000,1801.00000000,0.09465873
83.00000000,1802.00000000,0.09466289
83.00000000,1803.00000000,0.09466713
83.00000000,1804.00000000,0.09467137
83.00000000,1805.00000000,0.09467569
83.00000000,1806.00000000,0.09467999
83.00000000,1807.00000000,0.09468435
83.00000000,1808.00000000,0.09468874
83.00000000,1809.00000000,0.09469321
83.00000000,1810.00000000,0.09469767
83.00000000,1811.00000000,0.09470224
83.00000000,1812.00000000,0.09470675
83.00000000,1813.00000000,0.09471136
83.00000000,1814.00000000,0.09471597
83.00000000,1815.00000000,0.09472061
83.00000000,1816.00000000,0.09472530
83.00000000,1817.00000000,0.09472995
83.00000000,1818.00000000,0.09473467
83.00000000,1819.00000000,0.09473946
83.00000000,1820.00000000,0.09474413
83.00000000,1821.00000000,0.09474894
83.00000000,1822.00000000,0.09475378
83.00000000,1823.00000000,0.09475856
83.00000000,1824.00000000,0.09476344
83.00000000,1825.00000000,0.09476826
83.00000000,1826.00000000,0.09477318
83.00000000,1827.00000000,0.09477808
83.00000000,1828.00000000,0.09478297
83.00000000,1829.00000000,0.09478793
83.00000000,1830.00000000,0.09479288
83.00000000,1831.00000000,0.09479786
83.00000000,1832.00000000,0.09480284
83.00000000,1833.00000000,0.09480782
83.00000000,1834.00000000,0.09481281
83.00000000,1835.00000000,0.09481791
83.00000000,1836.00000000,0.09482297
83.00000000,1837.00000000,0.09482807
83.00000000,1838.00000000,0.09483318
83.00000000,1839.00000000,0.09483832
83.00000000,1840.00000000,0.09484353
83.00000000,1841.00000000,0.09484874
83.00000000,1842.00000000,0.09485401
83.00000000,1843.00000000,0.09485934
83.00000000,1844.00000000,0.09486472
83.00000000,1845.00000000,0.09487015
83.00000000,1846.00000000,0.09487567
83.00000000,1847.00000000,0.09488124
83.00000000,1848.00000000,0.09488688
83.00000000,1849.00000000,0.09490128
83.00000000,1850.00000000,0.09490709
83.00000000,1851.00000000,0.09491299
83.00000000,1852.00000000,0.09491898
83.00000000,1853.00000000,0.09492545
83.00000000,1854.00000000,0.09493519
83.00000000,1855.00000000,0.09494201
83.00000000,1856.00000000,0.09494890
83.00000000,1857.00000000,0.09495567
83.00000000,1858.00000000,0.09496254
83.00000000,1859.00000000,0.09496942
83.00000000,1860.00000000,0.09497642
83.00000000,1861.00000000,0.09498332
83.00000000,1862.00000000,0.09499011
83.00000000,1863.00000000,0.09499628
83.00000000,1864.00000000,0.09500479
83.00000000,1865.00000000,0.09500995
83.00000000,1866.00000000,0.09501491
83.00000000,1867.00000000,0.09501956
83.00000000,1868.00000000,0.09502393
83.00000000,1869.00000000,0.09502812
83.00000000,1870.00000000,0.09503208
83.00000000,1871.00000000,0.09503587
83.00000000,1872.00000000,0.09503991
83.00000000,1873.00000000,0.09504484
83.00000000,1874.00000000,0.09505343
83.00000000,1875.00000000,0.09505947
83.00000000,1876.00000000,0.09506592
83.00000000,1877.00000000,0.09507266
83.00000000,1878.00000000,0.09507965
83.00000000,1879.00000000,0.09508681
83.00000000,1880.00000000,0.09509699
83.00000000,1881.00000000,0.09510446
83.00000000,1882.00000000,0.09511186
83.00000000,1883.00000000,0.09512176
83.00000000,1884.00000000,0.09512834
83.00000000,1885.00000000,0.09514036
83.00000000,1886.00000000,0.09514356
83.00000000,1887.00000000,0.09514956
83.00000000,1888.00000000,0.09515539
83.00000000,1889.00000000,0.09516387
83.00000000,1890.00000000,0.09516906
83.00000000,1891.00000000,0.09517398
83.00000000,1892.00000000,0.09517857
83.00000000,1893.00000000,0.09518299
83.00000000,1894.00000000,0.09519044
83.00000000,1895.00000000,0.09519509
83.00000000,1896.00000000,0.09519982
83.00000000,1897.00000000,0.09520453
83.00000000,1898.00000000,0.09521205
83.00000000,1899.00000000,0.09521931
83.00000000,1900.00000000,0.09522630
83.00000000,1901.00000000,0.09523002
83.00000000,1902.00000000,0.09523402
83.00000000,1903.00000000,0.09523806
83.00000000,1904.00000000,0.09524231
83.00000000,1905.00000000,0.09524966
83.00000000,1906.00000000,0.09525734
83.00000000,1907.00000000,0.09526230
83.00000000,1908.00000000,0.09527005
83.00000000,1909.00000000,0.09527489
83.00000000,1910.00000000,0.09528265
83.00000000,1911.00000000,0.09528741
83.00000000,1912.00000000,0.09529137
83.00000000,1913.00000000,0.09531174
83.00000000,1914.00000000,0.09531076
83.00000000,1915.00000000,0.09531222
83.00000000,1916.00000000,0.09531658
83.00000000,1917.00000000,0.09531812
83.00000000,1918.00000000,0.09532242
83.00000000,1919.00000000,0.09533552
83.00000000,1920.00000000,0.09533785
83.00000000,1921.00000000,0.09534384
83.00000000,1922.00000000,0.09535114
83.00000000,1923.00000000,0.09536221
83.00000000,1924.00000000,0.09537068
83.00000000,1925.00000000,0.09538191
83.00000000,1926.00000000,0.09539021
83.00000000,1927.00000000,0.09540149
83.00000000,1928.00000000,0.09541873
83.00000000,1929.00000000,0.09542440
83.00000000,1930.00000000,0.09543901
83.00000000,1931.00000000,0.09544918
83.00000000,1932.00000000,0.09546671
83.00000000,1933.00000000,0.09548828
83.00000000,1934.00000000,0.09549915
83.00000000,1935.00000000,0.09551882
83.00000000,1936.00000000,0.09553506
83.00000000,1937.00000000,0.09557326
83.00000000,1938.00000000,0.09558690
83.00000000,1939.00000000,0.09560811
83.00000000,1940.00000000,0.09561697
83.00000000,1941.00000000,0.09562464
83.00000000,1942.00000000,0.09564266
83.00000000,1943.00000000,0.09566847
83.00000000,1944.00000000,0.09568214
83.00000000,1945.00000000,0.09568996
83.00000000,1946.00000000,0.09571338
83.00000000,1947.00000000,0.09574201
83.00000000,1948.00000000,0.09576885
83.00000000,1949.00000000,0.09578446
83.00000000,1950.00000000,0.09581521
83.00000000,1951.00000000,0.09583677
83.00000000,1952.00000000,0.09586521
83.00000000,1953.00000000,0.09588833
83.00000000,1954.00000000,0.09592332
83.00000000,1955.00000000,0.09598208
83.00000000,1956.00000000,0.09602375
83.00000000,1957.00000000,0.09600437
83.00000000,1958.00000000,0.09605387
83.00000000,1959.00000000,0.09607081
83.00000000,1960.00000000,0.09608562
83.00000000,1961.00000000,0.09609401
83.00000000,1962.00000000,0.09613756
83.00000000,1963.00000000,0.09621492
83.00000000,1964.00000000,0.09623611
83.00000000,1965.00000000,0.09627299
83.00000000,1966.00000000,0.09631686
83.00000000,1967.00000000,0.09632166
83.00000000,1968.00000000,0.09632186
83.00000000,1969.00000000,0.09632536
83.00000000,1970.00000000,0.09635492
83.00000000,1971.00000000,0.09643252
83.00000000,1972.00000000,0.09641293
83.00000000,1973.00000000,0.09647287
83.00000000,1974.00000000,0.09649192
83.00000000,1975.00000000,0.09646882
83.00000000,1976.00000000,0.09642809
83.00000000,1977.00000000,0.09643689
83.00000000,1978.00000000,0.09647466
83.00000000,1979.00000000,0.09648354
83.00000000,1980.00000000,0.09651502
83.00000000,1981.00000000,0.09655824
83.00000000,1982.00000000,0.09665323
83.00000000,1983.00000000,0.09671084
83.00000000,1984.00000000,0.09674816
83.00000000,1985.00000000,0.09677845
83.00000000,1986.00000000,0.09691748
83.00000000,1987.00000000,0.09693181
83.00000000,1988.00000000,0.09703845
83.00000000,1989.00000000,0.09715934
83.00000000,1990.00000000,0.09737418
83.00000000,1991.00000000,0.09727064
83.00000000,1992.00000000,0.09736528
83.00000000,1993.00000000,0.09745755
83.00000000,1994.00000000,0.09750264
83.00000000,1995.00000000,0.09762314
83.00000000,1996.00000000,0.09780368
83.00000000,1997.00000000,0.09753466
83.00000000,1998.00000000,0.09749656
83.00000000,1999.00000000,0.09767298
83.00000000,2000.00000000,0.09782417
83.00000000,2001.00000000,0.09776654
83.00000000,2002.00000000,0.09739173
83.00000000,2003.00000000,0.09774834
83.00000000,2004.00000000,0.09737602
83.00000000,2005.00000000,0.09748890
83.00000000,2006.00000000,0.09783419
83.00000000,2007.00000000,0.09779855
83.00000000,2008.00000000,0.09781299
83.00000000,2009.00000000,0.09781248
83.00000000,2010.00000000,0.09801107
83.00000000,2011.00000000,0.09799023
83.00000000,2012.00000000,0.09818531
83.00000000,2013.00000000,0.09788813
83.00000000,2014.00000000,0.09752813
83.00000000,2015.00000000,0.09722211
83.00000000,2016.00000000,0.09730817
83.00000000,2017.00000000,0.09748837
83.00000000,2018.00000000,0.09759272
83.00000000,2019.00000000,0.09783385
83.00000000,2020.00000000,0.09800491
83.00000000,2021.00000000,0.09776175
83.00000000,2022.00000000,0.09784794
83.00000000,2023.00000000,0.09809379
83.00000000,2024.00000000,0.09813585
83.00000000,2025.00000000,0.09810146
83.00000000,2026.00000000,0.09818219
83.00000000,2027.00000000,0.09810266
83.00000000,2028.00000000,0.09742032
83.00000000,2029.00000000,0.09758391
83.00000000,2030.00000000,0.09796146
83.00000000,2031.00000000,0.09812411
83.00000000,2032.00000000,0.09793250
83.00000000,2033.00000000,0.09847102
83.00000000,2034.00000000,0.09880554
83.00000000,2035.00000000,0.09883301
83.00000000,2036.00000000,0.09890763
83.00000000,2037.00000000,0.09892360
83.00000000,2038.00000000,0.09936732
83.00000000,2039.00000000,0.09969084
83.00000000,2040.00000000,0.09989427
83.00000000,2041.00000000,0.10000835
83.00000000,2042.00000000,0.10032059
83.00000000,2043.00000000,0.10058427
83.00000000,2044.00000000,0.10057637
83.00000000,2045.00000000,0.10081286
83.00000000,2046.00000000,0.10116365
83.00000000,2047.00000000,0.10154598
83.00000000,2048.00000000,0.10186359
83.00000000,2049.00000000,0.10224276
83.00000000,2050.00000000,0.10247258
83.00000000,2051.00000000,0.10289513
83.00000000,2052.00000000,0.10341149
83.00000000,2053.00000000,0.10410029
83.00000000,2054.00000000,0.10445730
83.00000000,2055.00000000,0.10484794
83.00000000,2056.00000000,0.10542137
83.00000000,2057.00000000,0.10537775
83.00000000,2058.00000000,0.10523095
83.00000000,2059.00000000,0.10588617
83.00000000,2060.00000000,0.10621025
83.00000000,2061.00000000,0.10634456
83.00000000,2062.00000000,0.10703215
83.00000000,2063.00000000,0.10681421
83.00000000,2064.00000000,0.10630617
83.00000000,2065.00000000,0.10613070
83.00000000,2066.00000000,0.10602247
83.00000000,2067.00000000,0.10644276
83.00000000,2068.00000000,0.10679545
83.00000000,2069.00000000,0.10718178
83.00000000,2070.00000000,0.10750841
83.00000000,2071.00000000,0.10801694
83.00000000,2072.00000000,0.10829902
83.00000000,2073.00000000,0.10839822
83.00000000,2074.00000000,0.10859558
83.00000000,2075.00000000,0.10824715
83.00000000,2076.00000000,0.10822728
83.00000000,2077.00000000,0.10850628
83.00000000,2078.00000000,0.10882026
83.00000000,2079.00000000,0.10915850
83.00000000,2080.00000000,0.10942388
83.00000000,2081.00000000,0.10932575
83.00000000,2082.00000000,0.10926375
83.00000000,2083.00000000,0.10969040
83.00000000,2084.00000000,0.11010836
83.00000000,2085.00000000,0.11024994
83.00000000,2086.00000000,0.11113691
83.00000000,2087.00000000,0.11215519
83.00000000,2088.00000000,0.11295083
83.00000000,2089.00000000,0.11346721
83.00000000,2090.00000000,0.11398802
83.00000000,2091.00000000,0.11451312
83.00000000,2092.00000000,0.11504208
83.00000000,2093.00000000,0.11557518
83.00000000,2094.00000000,0.11629439
83.00000000,2095.00000000,0.11701775
83.00000000,2096.00000000,0.11774543
83.00000000,2097.00000000,0.11847718
83.00000000,2098.00000000,0.11921281
83.00000000,2099.00000000,0.11995218
83.00000000,2100.00000000,0.12069520
83.00000000,2101.00000000,0.12144174
83.00000000,2102.00000000,0.12219204
83.00000000,2103.00000000,0.12294621
83.00000000,2104.00000000,0.12362446
83.00000000,2105.00000000,0.12430674
83.00000000,2106.00000000,0.12499290
83.00000000,2107.00000000,0.12568306
83.00000000,2108.00000000,0.12637703
83.00000000,2109.00000000,0.12707463
83.00000000,2110.00000000,0.12777597
83.00000000,2111.00000000,0.12848088
83.00000000,2112.00000000,0.12918925
83.00000000,2113.00000000,0.12990113
83.00000000,2114.00000000,0.13078236
83.00000000,2115.00000000,0.13166690
83.00000000,2116.00000000,0.13255465
83.00000000,2117.00000000,0.13344541
83.00000000,2118.00000000,0.13433898
83.00000000,2119.00000000,0.13523542
83.00000000,2120.00000000,0.13613444
83.00000000,2121.00000000,0.13703598
83.00000000,2122.00000000,0.13794000
83.00000000,2123.00000000,0.13884631
83.00000000,2124.00000000,0.13987575
83.00000000,2125.00000000,0.14090732
83.00000000,2126.00000000,0.14194076
83.00000000,2127.00000000,0.14297617
83.00000000,2128.00000000,0.14401331
83.00000000,2129.00000000,0.14505192
83.00000000,2130.00000000,0.14609207
83.00000000,2131.00000000,0.14713346
83.00000000,2132.00000000,0.14817604
83.00000000,2133.00000000,0.14921959
83.00000000,2134.00000000,0.15025706
83.00000000,2135.00000000,0.15129531
83.00000000,2136.00000000,0.15233407
83.00000000,2137.00000000,0.15337315
83.00000000,2138.00000000,0.15441245
83.00000000,2139.00000000,0.15545185
83.00000000,2140.00000000,0.15649106
83.00000000,2141.00000000,0.15753007
83.00000000,2142.00000000,0.15856857
83.00000000,2143.00000000,0.15960630
83.00000000,2144.00000000,0.16037932
83.00000000,2145.00000000,0.16115118
83.00000000,2146.00000000,0.16192190
83.00000000,2147.00000000,0.16269137
83.00000000,2148.00000000,0.16345940
83.00000000,2149.00000000,0.16422608
83.00000000,2150.00000000,0.16499126
83.00000000,2151.00000000,0.16575567
83.00000000,2152.00000000,0.16652184
83.00000000,2153.00000000,0.16729197
83.00000000,2154.00000000,0.16782954
83.00000000,2155.00000000,0.16837276
83.00000000,2156.00000000,0.16892161
83.00000000,2157.00000000,0.16947622
83.00000000,2158.00000000,0.17003633
83.00000000,2159.00000000,0.17060182
83.00000000,2160.00000000,0.17117247
83.00000000,2161.00000000,0.17174802
83.00000000,2162.00000000,0.17232818
83.00000000,2163.00000000,0.17291277
83.00000000,2164.00000000,0.17336857
83.00000000,2165.00000000,0.17382816
83.00000000,2166.00000000,0.17429141
83.00000000,2167.00000000,0.17475804
83.00000000,2168.00000000,0.17522798
83.00000000,2169.00000000,0.17570102
83.00000000,2170.00000000,0.17617692
83.00000000,2171.00000000,0.17665571
83.00000000,2172.00000000,0.17713713
83.00000000,2173.00000000,0.17762099
83.00000000,2174.00000000,0.17796970
83.00000000,2175.00000000,0.17832038
83.00000000,2176.00000000,0.17867286
83.00000000,2177.00000000,0.17902724
83.00000000,2178.00000000,0.17938334
83.00000000,2179.00000000,0.17974103
83.00000000,2180.00000000,0.18010030
83.00000000,2181.00000000,0.18046098
83.00000000,2182.00000000,0.18082310
83.00000000,2183.00000000,0.18118650
83.00000000,2184.00000000,0.18144496
83.00000000,2185.00000000,0.18170441
83.00000000,2186.00000000,0.18196476
83.00000000,2187.00000000,0.18222595
83.00000000,2188.00000000,0.18248800
83.00000000,2189.00000000,0.18275082
83.00000000,2190.00000000,0.18301431
83.00000000,2191.00000000,0.18327855
83.00000000,2192.00000000,0.18354336
83.00000000,2193.00000000,0.18380885
83.00000000,2194.00000000,0.18407494
83.00000000,2195.00000000,0.18434155
83.00000000,2196.00000000,0.18460869
83.00000000,2197.00000000,0.18487633
83.00000000,2198.00000000,0.18514436
83.00000000,2199.00000000,0.18541290
83.00000000,2200.00000000,0.18568183
83.00000000,2201.00000000,0.18595106
83.00000000,2202.00000000,0.18622069
83.00000000,2203.00000000,0.18649064
83.00000000,2204.00000000,0.18676084
83.00000000,2205.00000000,0.18703137
83.00000000,2206.00000000,0.18730208
83.00000000,2207.00000000,0.18757307
83.00000000,2208.00000000,0.18784431
83.00000000,2209.00000000,0.18811562
83.00000000,2210.00000000,0.18838715
83.00000000,2211.00000000,0.18865882
83.00000000,2212.00000000,0.18893057
83.00000000,2213.00000000,0.18920244
83.00000000,2214.00000000,0.18947438
83.00000000,2215.00000000,0.18974632
83.00000000,2216.00000000,0.19001832
83.00000000,2217.00000000,0.19029026
83.00000000,2218.00000000,0.19056222
83.00000000,2219.00000000,0.19083414
83.00000000,2220.00000000,0.19110592
83.00000000,2221.00000000,0.19137765
83.00000000,2222.00000000,0.19164927
83.00000000,2223.00000000,0.19192068
83.00000000,2224.00000000,0.19219197
83.00000000,2225.00000000,0.19246306
83.00000000,2226.00000000,0.19273387
83.00000000,2227.00000000,0.19300449
83.00000000,2228.00000000,0.19327477
83.00000000,2229.00000000,0.19354478
83.00000000,2230.00000000,0.19381444
83.00000000,2231.00000000,0.19408364
83.00000000,2232.00000000,0.19435240
83.00000000,2233.00000000,0.19462055
83.00000000,2234.00000000,0.19413779
83.00000000,2235.00000000,0.19365266
83.00000000,2236.00000000,0.19316514
83.00000000,2237.00000000,0.19267524
83.00000000,2238.00000000,0.19218315
83.00000000,2239.00000000,0.19168887
83.00000000,2240.00000000,0.19119238
83.00000000,2241.00000000,0.19069388
83.00000000,2242.00000000,0.19019328
83.00000000,2243.00000000,0.18969075
83.00000000,2244.00000000,0.18918626
83.00000000,2245.00000000,0.18867986
83.00000000,2246.00000000,0.18817164
83.00000000,2247.00000000,0.18766164
83.00000000,2248.00000000,0.18714983
83.00000000,2249.00000000,0.18663614
83.00000000,2250.00000000,0.18611933
83.00000000,2251.00000000,0.18559700
83.00000000,2252.00000000,0.18506721
83.00000000,2253.00000000,0.18452863
83.00000000,2254.00000000,0.18398108
83.00000000,2255.00000000,0.18342437
83.00000000,2256.00000000,0.18285862
83.00000000,2257.00000000,0.18228401
83.00000000,2258.00000000,0.18170074
83.00000000,2259.00000000,0.18110893
83.00000000,2260.00000000,0.18050899
83.00000000,2261.00000000,0.17990113
83.00000000,2262.00000000,0.17928575
83.00000000,2263.00000000,0.17866328
83.00000000,2264.00000000,0.17803401
83.00000000,2265.00000000,0.17739812
83.00000000,2266.00000000,0.17675598
83.00000000,2267.00000000,0.17610769
83.00000000,2268.00000000,0.17545355
83.00000000,2269.00000000,0.17479372
83.00000000,2270.00000000,0.17412838
83.00000000,2271.00000000,0.17345778
83.00000000,2272.00000000,0.17278204
83.00000000,2273.00000000,0.17210132
83.00000000,2274.00000000,0.17141585
83.00000000,2275.00000000,0.17072580
83.00000000,2276.00000000,0.17003125
83.00000000,2277.00000000,0.16933243
83.00000000,2278.00000000,0.16862946
83.00000000,2279.00000000,0.16792253
83.00000000,2280.00000000,0.16721177
83.00000000,2281.00000000,0.16649725
83.00000000,2282.00000000,0.16577919
83.00000000,2283.00000000,0.16505770
83.00000000,2284.00000000,0.16433283
83.00000000,2285.00000000,0.16360479
83.00000000,2286.00000000,0.16287367
83.00000000,2287.00000000,0.16213954
83.00000000,2288.00000000,0.16140256
83.00000000,2289.00000000,0.16066284
83.00000000,2290.00000000,0.15992042
83.00000000,2291.00000000,0.15917546
83.00000000,2292.00000000,0.15842802
83.00000000,2293.00000000,0.15767826
83.00000000,2294.00000000,0.15692620
83.00000000,2295.00000000,0.15617193
83.00000000,2296.00000000,0.15541560
83.00000000,2297.00000000,0.15465724
83.00000000,2298.00000000,0.15389691
83.00000000,2299.00000000,0.15313477
83.00000000,2300.00000000,0.15237085
83.00000000,2301.00000000,0.15160517
83.00000000,2302.00000000,0.15083787
83.00000000,2303.00000000,0.15006895
83.00000000,2304.00000000,0.14929855
83.00000000,2305.00000000,0.14852669
83.00000000,2306.00000000,0.14775339
83.00000000,2307.00000000,0.14697879
83.00000000,2308.00000000,0.14620293
83.00000000,2309.00000000,0.14542582
83.00000000,2310.00000000,0.14464760
83.00000000,2311.00000000,0.14386829
83.00000000,2312.00000000,0.14308790
83.00000000,2313.00000000,0.14230657
83.00000000,2314.00000000,0.14152428
83.00000000,2315.00000000,0.14074116
83.00000000,2316.00000000,0.13995721
83.00000000,2317.00000000,0.13917245
83.00000000,2318.00000000,0.13838700
83.00000000,2319.00000000,0.13760088
83.00000000,2320.00000000,0.13681408
83.00000000,2321.00000000,0.13602673
83.00000000,2322.00000000,0.13523885
83.00000000,2323.00000000,0.13445044
83.00000000,2324.00000000,0.13366160
83.00000000,2325.00000000,0.13287236
83.00000000,2326.00000000,0.13208271
83.00000000,2327.00000000,0.13129277
83.00000000,2328.00000000,0.13050252
83.00000000,2329.00000000,0.12971207
83.00000000,2330.00000000,0.12892146
83.00000000,2331.00000000,0.12813075
83.00000000,2332.00000000,0.12750750
83.00000000,2333.00000000,0.12737732
83.00000000,2334.00000000,0.12738204
83.00000000,2335.00000000,0.12738706
83.00000000,2336.00000000,0.12739231
83.00000000,2337.00000000,0.12739778
83.00000000,2338.00000000,0.12740350
83.00000000,2339.00000000,0.12743053
83.00000000,2340.00000000,0.12745781
83.00000000,2341.00000000,0.12748531
83.00000000,2342.00000000,0.12751298
83.00000000,2343.00000000,0.12754087
83.00000000,2344.00000000,0.12752719
83.00000000,2345.00000000,0.12751366
83.00000000,2346.00000000,0.12750032
83.00000000,2347.00000000,0.12748715
83.00000000,2348.00000000,0.12747409
83.00000000,2349.00000000,0.12746123
83.00000000,2350.00000000,0.12744854
83.00000000,2351.00000000,0.12743594
83.00000000,2352.00000000,0.12742353
83.00000000,2353.00000000,0.12741122
83.00000000,2354.00000000,0.12739912
83.00000000,2355.00000000,0.12738714
83.00000000,2356.00000000,0.12737526
83.00000000,2357.00000000,0.12736358
83.00000000,2358.00000000,0.12735201
83.00000000,2359.00000000,0.12733872
83.00000000,2360.00000000,0.12732561
83.00000000,2361.00000000,0.12731262
83.00000000,2362.00000000,0.12729971
83.00000000,2363.00000000,0.12728694
83.00000000,2364.00000000,0.12727425
83.00000000,2365.00000000,0.12726173
83.00000000,2366.00000000,0.12724930
83.00000000,2367.00000000,0.12723695
83.00000000,2368.00000000,0.12722473
83.00000000,2369.00000000,0.12721263
83.00000000,2370.00000000,0.12720057
83.00000000,2371.00000000,0.12718866
83.00000000,2372.00000000,0.12717684
83.00000000,2373.00000000,0.12716506
83.00000000,2374.00000000,0.12715343
83.00000000,2375.00000000,0.12714183
83.00000000,2376.00000000,0.12713036
83.00000000,2377.00000000,0.12711899
83.00000000,2378.00000000,0.12710763
83.00000000,2379.00000000,0.12709642
83.00000000,2380.00000000,0.12708528
83.00000000,2381.00000000,0.12707417
83.00000000,2382.00000000,0.12706317
83.00000000,2383.00000000,0.12705225
83.00000000,2384.00000000,0.12704538
83.00000000,2385.00000000,0.12703863
83.00000000,2386.00000000,0.12703194
83.00000000,2387.00000000,0.12702527
83.00000000,2388.00000000,0.12701871
83.00000000,2389.00000000,0.12701218
83.00000000,2390.00000000,0.12700575
83.00000000,2391.00000000,0.12699938
83.00000000,2392.00000000,0.12699303
83.00000000,2393.00000000,0.12698678
83.00000000,2394.00000000,0.12698059
83.00000000,2395.00000000,0.12697440
83.00000000,2396.00000000,0.12696832
83.00000000,2397.00000000,0.12696230
83.00000000,2398.00000000,0.12695627
83.00000000,2399.00000000,0.12695033
83.00000000,2400.00000000,0.12694440
83.00000000,2401.00000000,0.12693855
83.00000000,2402.00000000,0.12693276
83.00000000,2403.00000000,0.12692699
83.00000000,2404.00000000,0.12692130
83.00000000,2405.00000000,0.12691566
83.00000000,2406.00000000,0.12691003
83.00000000,2407.00000000,0.12690448
83.00000000,2408.00000000,0.12689900
83.00000000,2409.00000000,0.12689350
83.00000000,2410.00000000,0.12688808
83.00000000,2411.00000000,0.12688273
83.00000000,2412.00000000,0.12687735
83.00000000,2413.00000000,0.12687208
83.00000000,2414.00000000,0.12686680
83.00000000,2415.00000000,0.12686159
83.00000000,2416.00000000,0.12685643
83.00000000,2417.00000000,0.12685125
83.00000000,2418.00000000,0.12684615
83.00000000,2419.00000000,0.12684109
83.00000000,2420.00000000,0.12683602
83.00000000,2421.00000000,0.12683103
83.00000000,2422.00000000,0.12682607
83.00000000,2423.00000000,0.12682108
83.00000000,2424.00000000,0.12681618
83.00000000,2425.00000000,0.12681125
83.00000000,2426.00000000,0.12680640
83.00000000,2427.00000000,0.12680157
83.00000000,2428.00000000,0.12679672
83.00000000,2429.00000000,0.12679195
83.00000000,2430.00000000,0.12678721
83.00000000,2431.00000000,0.12678242
83.00000000,2432.00000000,0.12677772
83.00000000,2433.00000000,0.12677304
83.00000000,2434.00000000,0.12676717
83.00000000,2435.00000000,0.12676139
83.00000000,2436.00000000,0.12675562
83.00000000,2437.00000000,0.12674981
83.00000000,2438.00000000,0.12674407
83.00000000,2439.00000000,0.12673830
83.00000000,2440.00000000,0.12673261
83.00000000,2441.00000000,0.12672692
83.00000000,2442.00000000,0.12672119
83.00000000,2443.00000000,0.12671553
83.00000000,2444.00000000,0.12670989
83.00000000,2445.00000000,0.12670421
83.00000000,2446.00000000,0.12669860
83.00000000,2447.00000000,0.12669301
83.00000000,2448.00000000,0.12668735
83.00000000,2449.00000000,0.12668177
83.00000000,2450.00000000,0.12667615
83.00000000,2451.00000000,0.12667059
83.00000000,2452.00000000,0.12666505
83.00000000,2453.00000000,0.12665944
83.00000000,2454.00000000,0.12665390
83.00000000,2455.00000000,0.12664838
83.00000000,2456.00000000,0.12664277
83.00000000,2457.00000000,0.12663724
83.00000000,2458.00000000,0.12663172
83.00000000,2459.00000000,0.12662612
83.00000000,2460.00000000,0.12662061
83.00000000,2461.00000000,0.12661502
83.00000000,2462.00000000,0.12660950
83.00000000,2463.00000000,0.12660399
83.00000000,2464.00000000,0.12659840
83.00000000,2465.00000000,0.12659289
83.00000000,2466.00000000,0.12658737
83.00000000,2467.00000000,0.12658179
83.00000000,2468.00000000,0.12657626
83.00000000,2469.00000000,0.12657075
83.00000000,2470.00000000,0.12656517
83.00000000,2471.00000000,0.12655965
83.00000000,2472.00000000,0.12655413
83.00000000,2473.00000000,0.12654855
83.00000000,2474.00000000,0.12654302
83.00000000,2475.00000000,0.12653744
83.00000000,2476.00000000,0.12653191
83.00000000,2477.00000000,0.12652639
83.00000000,2478.00000000,0.12652080
83.00000000,2479.00000000,0.12651527
83.00000000,2480.00000000,0.12650974
83.00000000,2481.00000000,0.12650413
83.00000000,2482.00000000,0.12649861
83.00000000,2483.00000000,0.12649306
83.00000000,2484.00000000,0.12648624
83.00000000,2485.00000000,0.12647949
83.00000000,2486.00000000,0.12647265
83.00000000,2487.00000000,0.12646588
83.00000000,2488.00000000,0.12645913
83.00000000,2489.00000000,0.12645228
83.00000000,2490.00000000,0.12644551
83.00000000,2491.00000000,0.12643873
83.00000000,2492.00000000,0.12643186
83.00000000,2493.00000000,0.12642507
83.00000000,2494.00000000,0.12641829
83.00000000,2495.00000000,0.12641141
83.00000000,2496.00000000,0.12640461
83.00000000,2497.00000000,0.12639782
83.00000000,2498.00000000,0.12639093
83.00000000,2499.00000000,0.12638412
83.00000000,2500.00000000,0.12637721
84.00000000,1765.00000000,0.09381339
84.00000000,1766.00000000,0.09381333
84.00000000,1767.00000000,0.09381349
84.00000000,1768.00000000,0.09381361
84.00000000,1769.00000000,0.09381391
84.00000000,1770.00000000,0.09381432
84.00000000,1771.00000000,0.09381503
84.00000000,1772.00000000,0.09381581
84.00000000,1773.00000000,0.09381672
84.00000000,1774.00000000,0.09381787
84.00000000,1775.00000000,0.09381917
84.00000000,1776.00000000,0.09382060
84.00000000,1777.00000000,0.09382218
84.00000000,1778.00000000,0.09382398
84.00000000,1779.00000000,0.09382595
84.00000000,1780.00000000,0.09382803
84.00000000,1781.00000000,0.09383028
84.00000000,1782.00000000,0.09383265
84.00000000,1783.00000000,0.09383513
84.00000000,1784.00000000,0.09383772
84.00000000,1785.00000000,0.09384058
84.00000000,1786.00000000,0.09384345
84.00000000,1787.00000000,0.09384637
84.00000000,1788.00000000,0.09384963
84.00000000,1789.00000000,0.09385269
84.00000000,1790.00000000,0.09385600
84.00000000,1791.00000000,0.09385948
84.00000000,1792.00000000,0.09386301
84.00000000,1793.00000000,0.09386639
84.00000000,1794.00000000,0.09387013
84.00000000,1795.00000000,0.09387383
84.00000000,1796.00000000,0.09387762
84.00000000,1797.00000000,0.09388156
84.00000000,1798.00000000,0.09388542
84.00000000,1799.00000000,0.09388939
84.00000000,1800.00000000,0.09389344
84.00000000,1801.00000000,0.09389758
84.00000000,1802.00000000,0.09390164
84.00000000,1803.00000000,0.09390583
84.00000000,1804.00000000,0.09391009
84.00000000,1805.00000000,0.09391437
84.00000000,1806.00000000,0.09391871
84.00000000,1807.00000000,0.09392303
84.00000000,1808.00000000,0.09392742
84.00000000,1809.00000000,0.09393182
84.00000000,1810.00000000,0.09393631
84.00000000,1811.00000000,0.09394080
84.00000000,1812.00000000,0.09394537
84.00000000,1813.00000000,0.09394989
84.00000000,1814.00000000,0.09395451
84.00000000,1815.00000000,0.09395913
84.00000000,1816.00000000,0.09396376
84.00000000,1817.00000000,0.09396845
84.00000000,1818.00000000,0.09397309
84.00000000,1819.00000000,0.09397780
84.00000000,1820.00000000,0.09398258
84.00000000,1821.00000000,0.09398725
84.00000000,1822.00000000,0.09399205
84.00000000,1823.00000000,0.09399688
84.00000000,1824.00000000,0.09400165
84.00000000,1825.00000000,0.09400651
84.00000000,1826.00000000,0.09401131
84.00000000,1827.00000000,0.09401621
84.00000000,1828.00000000,0.09402108
84.00000000,1829.00000000,0.09402597
84.00000000,1830.00000000,0.09403089
84.00000000,1831.00000000,0.09403580
84.00000000,1832.00000000,0.09404075
84.00000000,1833.00000000,0.09404568
84.00000000,1834.00000000,0.09405061
84.00000000,1835.00000000,0.09405560
84.00000000,1836.00000000,0.09406064
84.00000000,1837.00000000,0.09406566
84.00000000,1838.00000000,0.09407073
84.00000000,1839.00000000,0.09407577
84.00000000,1840.00000000,0.09408090
84.00000000,1841.00000000,0.09408604
84.00000000,1842.00000000,0.09409120
84.00000000,1843.00000000,0.09409645
84.00000000,1844.00000000,0.09410171
84.00000000,1845.00000000,0.09410703
84.00000000,1846.00000000,0.09411244
84.00000000,1847.00000000,0.09411786
84.00000000,1848.00000000,0.09412337
84.00000000,1849.00000000,0.09412900
84.00000000,1850.00000000,0.09414323
84.00000000,1851.00000000,0.09414897
84.00000000,1852.00000000,0.09415475
84.00000000,1853.00000000,0.09416111
84.00000000,1854.00000000,0.09416774
84.00000000,1855.00000000,0.09417738
84.00000000,1856.00000000,0.09418402
84.00000000,1857.00000000,0.09419076
84.00000000,1858.00000000,0.09419746
84.00000000,1859.00000000,0.09420419
84.00000000,1860.00000000,0.09421096
84.00000000,1861.00000000,0.09421783
84.00000000,1862.00000000,0.09422455
84.00000000,1863.00000000,0.09423047
84.00000000,1864.00000000,0.09423606
84.00000000,1865.00000000,0.09424399
84.00000000,1866.00000000,0.09424879
84.00000000,1867.00000000,0.09425332
84.00000000,1868.00000000,0.09425768
84.00000000,1869.00000000,0.09426168
84.00000000,1870.00000000,0.09426560
84.00000000,1871.00000000,0.09426928
84.00000000,1872.00000000,0.09427325
84.00000000,1873.00000000,0.09427807
84.00000000,1874.00000000,0.09428359
84.00000000,1875.00000000,0.09429247
84.00000000,1876.00000000,0.09429883
84.00000000,1877.00000000,0.09430543
84.00000000,1878.00000000,0.09431233
84.00000000,1879.00000000,0.09431944
84.00000000,1880.00000000,0.09432663
84.00000000,1881.00000000,0.09433681
84.00000000,1882.00000000,0.09434420
84.00000000,1883.00000000,0.09435107
84.00000000,1884.00000000,0.09436042
84.00000000,1885.00000000,0.09436670
84.00000000,1886.00000000,0.09437839
84.00000000,1887.00000000,0.09438148
84.00000000,1888.00000000,0.09438718
84.00000000,1889.00000000,0.09439271
84.00000000,1890.00000000,0.09440073
84.00000000,1891.00000000,0.09440555
84.00000000,1892.00000000,0.09441004
84.00000000,1893.00000000,0.09441449
84.00000000,1894.00000000,0.09441887
84.00000000,1895.00000000,0.09442637
84.00000000,1896.00000000,0.09443107
84.00000000,1897.00000000,0.09443566
84.00000000,1898.00000000,0.09444026
84.00000000,1899.00000000,0.09444745
84.00000000,1900.00000000,0.09445434
84.00000000,1901.00000000,0.09446093
84.00000000,1902.00000000,0.09446480
84.00000000,1903.00000000,0.09446881
84.00000000,1904.00000000,0.09447300
84.00000000,1905.00000000,0.09447741
84.00000000,1906.00000000,0.09448501
84.00000000,1907.00000000,0.09449277
84.00000000,1908.00000000,0.09449757
84.00000000,1909.00000000,0.09450523
84.00000000,1910.00000000,0.09451004
84.00000000,1911.00000000,0.09451762
84.00000000,1912.00000000,0.09452157
84.00000000,1913.00000000,0.09452452
84.00000000,1914.00000000,0.09454362
84.00000000,1915.00000000,0.09454221
84.00000000,1916.00000000,0.09454361
84.00000000,1917.00000000,0.09454798
84.00000000,1918.00000000,0.09454935
84.00000000,1919.00000000,0.09455367
84.00000000,1920.00000000,0.09456741
84.00000000,1921.00000000,0.09457051
84.00000000,1922.00000000,0.09457766
84.00000000,1923.00000000,0.09458572
84.00000000,1924.00000000,0.09459692
84.00000000,1925.00000000,0.09460513
84.00000000,1926.00000000,0.09461622
84.00000000,1927.00000000,0.09462442
84.00000000,1928.00000000,0.09463574
84.00000000,1929.00000000,0.09465280
84.00000000,1930.00000000,0.09465861
84.00000000,1931.00000000,0.09467437
84.00000000,1932.00000000,0.09468599
84.00000000,1933.00000000,0.09470440
84.00000000,1934.00000000,0.09472653
84.00000000,1935.00000000,0.09473734
84.00000000,1936.00000000,0.09475625
84.00000000,1937.00000000,0.09477122
84.00000000,1938.00000000,0.09480766
84.00000000,1939.00000000,0.09482007
84.00000000,1940.00000000,0.09484035
84.00000000,1941.00000000,0.09484788
84.00000000,1942.00000000,0.09485421
84.00000000,1943.00000000,0.09487123
84.00000000,1944.00000000,0.09489625
84.00000000,1945.00000000,0.09490975
84.00000000,1946.00000000,0.09491863
84.00000000,1947.00000000,0.09494392
84.00000000,1948.00000000,0.09497326
84.00000000,1949.00000000,0.09499997
84.00000000,1950.00000000,0.09501526
84.00000000,1951.00000000,0.09504555
84.00000000,1952.00000000,0.09506770
84.00000000,1953.00000000,0.09509602
84.00000000,1954.00000000,0.09511889
84.00000000,1955.00000000,0.09515384
84.00000000,1956.00000000,0.09521218
84.00000000,1957.00000000,0.09525309
84.00000000,1958.00000000,0.09523324
84.00000000,1959.00000000,0.09528164
84.00000000,1960.00000000,0.09529616
84.00000000,1961.00000000,0.09530882
84.00000000,1962.00000000,0.09531605
84.00000000,1963.00000000,0.09535827
84.00000000,1964.00000000,0.09543374
84.00000000,1965.00000000,0.09545318
84.00000000,1966.00000000,0.09548808
84.00000000,1967.00000000,0.09552999
84.00000000,1968.00000000,0.09553296
84.00000000,1969.00000000,0.09553050
84.00000000,1970.00000000,0.09553106
84.00000000,1971.00000000,0.09555637
84.00000000,1972.00000000,0.09562838
84.00000000,1973.00000000,0.09560462
84.00000000,1974.00000000,0.09566052
84.00000000,1975.00000000,0.09567735
84.00000000,1976.00000000,0.09565385
84.00000000,1977.00000000,0.09561361
84.00000000,1978.00000000,0.09562215
84.00000000,1979.00000000,0.09565922
84.00000000,1980.00000000,0.09566726
84.00000000,1981.00000000,0.09569828
84.00000000,1982.00000000,0.09574371
84.00000000,1983.00000000,0.09584319
84.00000000,1984.00000000,0.09590549
84.00000000,1985.00000000,0.09594646
84.00000000,1986.00000000,0.09597881
84.00000000,1987.00000000,0.09611799
84.00000000,1988.00000000,0.09613245
84.00000000,1989.00000000,0.09623800
84.00000000,1990.00000000,0.09635739
84.00000000,1991.00000000,0.09657036
84.00000000,1992.00000000,0.09646829
84.00000000,1993.00000000,0.09656305
84.00000000,1994.00000000,0.09665621
84.00000000,1995.00000000,0.09670217
84.00000000,1996.00000000,0.09682208
84.00000000,1997.00000000,0.09700086
84.00000000,1998.00000000,0.09673302
84.00000000,1999.00000000,0.09669513
84.00000000,2000.00000000,0.09687058
84.00000000,2001.00000000,0.09702044
84.00000000,2002.00000000,0.09696273
84.00000000,2003.00000000,0.09659074
84.00000000,2004.00000000,0.09694330
84.00000000,2005.00000000,0.09657032
84.00000000,2006.00000000,0.09667740
84.00000000,2007.00000000,0.09701519
84.00000000,2008.00000000,0.09697534
84.00000000,2009.00000000,0.09698563
84.00000000,2010.00000000,0.09698155
84.00000000,2011.00000000,0.09717523
84.00000000,2012.00000000,0.09715131
84.00000000,2013.00000000,0.09734149
84.00000000,2014.00000000,0.09704311
84.00000000,2015.00000000,0.09668250
84.00000000,2016.00000000,0.09637552
84.00000000,2017.00000000,0.09645769
84.00000000,2018.00000000,0.09663340
84.00000000,2019.00000000,0.09673398
84.00000000,2020.00000000,0.09697045
84.00000000,2021.00000000,0.09713758
84.00000000,2022.00000000,0.09689403
84.00000000,2023.00000000,0.09697754
84.00000000,2024.00000000,0.09721965
84.00000000,2025.00000000,0.09725990
84.00000000,2026.00000000,0.09722442
84.00000000,2027.00000000,0.09730323
84.00000000,2028.00000000,0.09722326
84.00000000,2029.00000000,0.09654541
84.00000000,2030.00000000,0.09670672
84.00000000,2031.00000000,0.09708023
84.00000000,2032.00000000,0.09724041
84.00000000,2033.00000000,0.09704888
84.00000000,2034.00000000,0.09758131
84.00000000,2035.00000000,0.09791124
84.00000000,2036.00000000,0.09793665
84.00000000,2037.00000000,0.09800879
84.00000000,2038.00000000,0.09802275
84.00000000,2039.00000000,0.09846105
84.00000000,2040.00000000,0.09878016
84.00000000,2041.00000000,0.09898016
84.00000000,2042.00000000,0.09909134
84.00000000,2043.00000000,0.09939878
84.00000000,2044.00000000,0.09965789
84.00000000,2045.00000000,0.09964765
84.00000000,2046.00000000,0.09987973
84.00000000,2047.00000000,0.10022518
84.00000000,2048.00000000,0.10060195
84.00000000,2049.00000000,0.10091459
84.00000000,2050.00000000,0.10128841
84.00000000,2051.00000000,0.10151421
84.00000000,2052.00000000,0.10193113
84.00000000,2053.00000000,0.10244124
84.00000000,2054.00000000,0.10312233
84.00000000,2055.00000000,0.10347452
84.00000000,2056.00000000,0.10386022
84.00000000,2057.00000000,0.10442714
84.00000000,2058.00000000,0.10438238
84.00000000,2059.00000000,0.10423552
84.00000000,2060.00000000,0.10488365
84.00000000,2061.00000000,0.10520375
84.00000000,2062.00000000,0.10533649
84.00000000,2063.00000000,0.10601838
84.00000000,2064.00000000,0.10580315
84.00000000,2065.00000000,0.10530075
84.00000000,2066.00000000,0.10512810
84.00000000,2067.00000000,0.10502212
84.00000000,2068.00000000,0.10544011
84.00000000,2069.00000000,0.10579101
84.00000000,2070.00000000,0.10617520
84.00000000,2071.00000000,0.10650028
84.00000000,2072.00000000,0.10700618
84.00000000,2073.00000000,0.10728816
84.00000000,2074.00000000,0.10738914
84.00000000,2075.00000000,0.10758757
84.00000000,2076.00000000,0.10724491
84.00000000,2077.00000000,0.10722788
84.00000000,2078.00000000,0.10750705
84.00000000,2079.00000000,0.10782076
84.00000000,2080.00000000,0.10815837
84.00000000,2081.00000000,0.10842368
84.00000000,2082.00000000,0.10832873
84.00000000,2083.00000000,0.10826978
84.00000000,2084.00000000,0.10869542
84.00000000,2085.00000000,0.10911242
84.00000000,2086.00000000,0.10925528
84.00000000,2087.00000000,0.11013717
84.00000000,2088.00000000,0.11114914
84.00000000,2089.00000000,0.11194021
84.00000000,2090.00000000,0.11245423
84.00000000,2091.00000000,0.11297260
84.00000000,2092.00000000,0.11349542
84.00000000,2093.00000000,0.11402236
84.00000000,2094.00000000,0.11455348
84.00000000,2095.00000000,0.11526918
84.00000000,2096.00000000,0.11598896
84.00000000,2097.00000000,0.11671291
84.00000000,2098.00000000,0.11744080
84.00000000,2099.00000000,0.11817241
84.00000000,2100.00000000,0.11890761
84.00000000,2101.00000000,0.11964642
84.00000000,2102.00000000,0.12038896
84.00000000,2103.00000000,0.12113547
84.00000000,2104.00000000,0.12188591
84.00000000,2105.00000000,0.12256103
84.00000000,2106.00000000,0.12324010
84.00000000,2107.00000000,0.12392293
84.00000000,2108.00000000,0.12460961
84.00000000,2109.00000000,0.12529997
84.00000000,2110.00000000,0.12599386
84.00000000,2111.00000000,0.12669122
84.00000000,2112.00000000,0.12739208
84.00000000,2113.00000000,0.12809627
84.00000000,2114.00000000,0.12880383
84.00000000,2115.00000000,0.12967929
84.00000000,2116.00000000,0.13055795
84.00000000,2117.00000000,0.13143970
84.00000000,2118.00000000,0.13232436
84.00000000,2119.00000000,0.13321173
84.00000000,2120.00000000,0.13410188
84.00000000,2121.00000000,0.13499453
84.00000000,2122.00000000,0.13588967
84.00000000,2123.00000000,0.13678710
84.00000000,2124.00000000,0.13768681
84.00000000,2125.00000000,0.13870861
84.00000000,2126.00000000,0.13973249
84.00000000,2127.00000000,0.14075821
84.00000000,2128.00000000,0.14178587
84.00000000,2129.00000000,0.14281520
84.00000000,2130.00000000,0.14384603
84.00000000,2131.00000000,0.14487824
84.00000000,2132.00000000,0.14591172
84.00000000,2133.00000000,0.14694634
84.00000000,2134.00000000,0.14798191
84.00000000,2135.00000000,0.14901141
84.00000000,2136.00000000,0.15004167
84.00000000,2137.00000000,0.15107244
84.00000000,2138.00000000,0.15210350
84.00000000,2139.00000000,0.15313481
84.00000000,2140.00000000,0.15416617
84.00000000,2141.00000000,0.15519728
84.00000000,2142.00000000,0.15622824
84.00000000,2143.00000000,0.15725869
84.00000000,2144.00000000,0.15828841
84.00000000,2145.00000000,0.15905544
84.00000000,2146.00000000,0.15982138
84.00000000,2147.00000000,0.16058619
84.00000000,2148.00000000,0.16134975
84.00000000,2149.00000000,0.16211190
84.00000000,2150.00000000,0.16287272
84.00000000,2151.00000000,0.16363295
84.00000000,2152.00000000,0.16439493
84.00000000,2153.00000000,0.16516104
84.00000000,2154.00000000,0.16593239
84.00000000,2155.00000000,0.16647344
84.00000000,2156.00000000,0.16702032
84.00000000,2157.00000000,0.16757279
84.00000000,2158.00000000,0.16813083
84.00000000,2159.00000000,0.16869420
84.00000000,2160.00000000,0.16926258
84.00000000,2161.00000000,0.16983594
84.00000000,2162.00000000,0.17041396
84.00000000,2163.00000000,0.17099637
84.00000000,2164.00000000,0.17158297
84.00000000,2165.00000000,0.17204160
84.00000000,2166.00000000,0.17250370
84.00000000,2167.00000000,0.17296933
84.00000000,2168.00000000,0.17343816
84.00000000,2169.00000000,0.17391012
84.00000000,2170.00000000,0.17438502
84.00000000,2171.00000000,0.17486266
84.00000000,2172.00000000,0.17534300
84.00000000,2173.00000000,0.17582585
84.00000000,2174.00000000,0.17631096
84.00000000,2175.00000000,0.17666183
84.00000000,2176.00000000,0.17701455
84.00000000,2177.00000000,0.17736900
84.00000000,2178.00000000,0.17772520
84.00000000,2179.00000000,0.17808302
84.00000000,2180.00000000,0.17844228
84.00000000,2181.00000000,0.17880314
84.00000000,2182.00000000,0.17916526
84.00000000,2183.00000000,0.17952877
84.00000000,2184.00000000,0.17989349
84.00000000,2185.00000000,0.18015398
84.00000000,2186.00000000,0.18041535
84.00000000,2187.00000000,0.18067758
84.00000000,2188.00000000,0.18094052
84.00000000,2189.00000000,0.18120437
84.00000000,2190.00000000,0.18146889
84.00000000,2191.00000000,0.18173401
84.00000000,2192.00000000,0.18199987
84.00000000,2193.00000000,0.18226628
84.00000000,2194.00000000,0.18253332
84.00000000,2195.00000000,0.18280091
84.00000000,2196.00000000,0.18306897
84.00000000,2197.00000000,0.18333756
84.00000000,2198.00000000,0.18360660
84.00000000,2199.00000000,0.18387599
84.00000000,2200.00000000,0.18414594
84.00000000,2201.00000000,0.18441620
84.00000000,2202.00000000,0.18468673
84.00000000,2203.00000000,0.18495765
84.00000000,2204.00000000,0.18522892
84.00000000,2205.00000000,0.18550038
84.00000000,2206.00000000,0.18577217
84.00000000,2207.00000000,0.18604415
84.00000000,2208.00000000,0.18631639
84.00000000,2209.00000000,0.18658884
84.00000000,2210.00000000,0.18686138
84.00000000,2211.00000000,0.18713413
84.00000000,2212.00000000,0.18740703
84.00000000,2213.00000000,0.18767999
84.00000000,2214.00000000,0.18795307
84.00000000,2215.00000000,0.18822622
84.00000000,2216.00000000,0.18849937
84.00000000,2217.00000000,0.18877257
84.00000000,2218.00000000,0.18904574
84.00000000,2219.00000000,0.18931891
84.00000000,2220.00000000,0.18959204
84.00000000,2221.00000000,0.18986506
84.00000000,2222.00000000,0.19013801
84.00000000,2223.00000000,0.19041086
84.00000000,2224.00000000,0.19068353
84.00000000,2225.00000000,0.19095607
84.00000000,2226.00000000,0.19122842
84.00000000,2227.00000000,0.19150050
84.00000000,2228.00000000,0.19177240
84.00000000,2229.00000000,0.19204398
84.00000000,2230.00000000,0.19231530
84.00000000,2231.00000000,0.19258628
84.00000000,2232.00000000,0.19285681
84.00000000,2233.00000000,0.19312689
84.00000000,2234.00000000,0.19339640
84.00000000,2235.00000000,0.19291963
84.00000000,2236.00000000,0.19244049
84.00000000,2237.00000000,0.19195895
84.00000000,2238.00000000,0.19147506
84.00000000,2239.00000000,0.19098896
84.00000000,2240.00000000,0.19050068
84.00000000,2241.00000000,0.19001019
84.00000000,2242.00000000,0.18951767
84.00000000,2243.00000000,0.18902305
84.00000000,2244.00000000,0.18852650
84.00000000,2245.00000000,0.18802799
84.00000000,2246.00000000,0.18752756
84.00000000,2247.00000000,0.18702531
84.00000000,2248.00000000,0.18652127
84.00000000,2249.00000000,0.18601520
84.00000000,2250.00000000,0.18550601
84.00000000,2251.00000000,0.18499137
84.00000000,2252.00000000,0.18446905
84.00000000,2253.00000000,0.18393814
84.00000000,2254.00000000,0.18339802
84.00000000,2255.00000000,0.18284887
84.00000000,2256.00000000,0.18229064
84.00000000,2257.00000000,0.18172350
84.00000000,2258.00000000,0.18114766
84.00000000,2259.00000000,0.18056338
84.00000000,2260.00000000,0.17997079
84.00000000,2261.00000000,0.17937037
84.00000000,2262.00000000,0.17876240
84.00000000,2263.00000000,0.17814727
84.00000000,2264.00000000,0.17752533
84.00000000,2265.00000000,0.17689683
84.00000000,2266.00000000,0.17626193
84.00000000,2267.00000000,0.17562095
84.00000000,2268.00000000,0.17497403
84.00000000,2269.00000000,0.17432143
84.00000000,2270.00000000,0.17366332
84.00000000,2271.00000000,0.17299983
84.00000000,2272.00000000,0.17233125
84.00000000,2273.00000000,0.17165768
84.00000000,2274.00000000,0.17097928
84.00000000,2275.00000000,0.17029629
84.00000000,2276.00000000,0.16960880
84.00000000,2277.00000000,0.16891697
84.00000000,2278.00000000,0.16822101
84.00000000,2279.00000000,0.16752100
84.00000000,2280.00000000,0.16681717
84.00000000,2281.00000000,0.16610957
84.00000000,2282.00000000,0.16539835
84.00000000,2283.00000000,0.16468369
84.00000000,2284.00000000,0.16396567
84.00000000,2285.00000000,0.16324437
84.00000000,2286.00000000,0.16252001
84.00000000,2287.00000000,0.16179262
84.00000000,2288.00000000,0.16106231
84.00000000,2289.00000000,0.16032925
84.00000000,2290.00000000,0.15959348
84.00000000,2291.00000000,0.15885510
84.00000000,2292.00000000,0.15811427
84.00000000,2293.00000000,0.15737099
84.00000000,2294.00000000,0.15662545
84.00000000,2295.00000000,0.15587769
84.00000000,2296.00000000,0.15512776
84.00000000,2297.00000000,0.15437581
84.00000000,2298.00000000,0.15362191
84.00000000,2299.00000000,0.15286608
84.00000000,2300.00000000,0.15210847
84.00000000,2301.00000000,0.15134911
84.00000000,2302.00000000,0.15058804
84.00000000,2303.00000000,0.14982539
84.00000000,2304.00000000,0.14906114
84.00000000,2305.00000000,0.14829542
84.00000000,2306.00000000,0.14752830
84.00000000,2307.00000000,0.14675976
84.00000000,2308.00000000,0.14598997
84.00000000,2309.00000000,0.14521894
84.00000000,2310.00000000,0.14444668
84.00000000,2311.00000000,0.14367332
84.00000000,2312.00000000,0.14289892
84.00000000,2313.00000000,0.14212346
84.00000000,2314.00000000,0.14134708
84.00000000,2315.00000000,0.14056975
84.00000000,2316.00000000,0.13979161
84.00000000,2317.00000000,0.13901267
84.00000000,2318.00000000,0.13823292
84.00000000,2319.00000000,0.13745249
84.00000000,2320.00000000,0.13667141
84.00000000,2321.00000000,0.13588968
84.00000000,2322.00000000,0.13510741
84.00000000,2323.00000000,0.13432460
84.00000000,2324.00000000,0.13354128
84.00000000,2325.00000000,0.13275754
84.00000000,2326.00000000,0.13197340
84.00000000,2327.00000000,0.13118886
84.00000000,2328.00000000,0.13040404
84.00000000,2329.00000000,0.12961890
84.00000000,2330.00000000,0.12883358
84.00000000,2331.00000000,0.12804809
84.00000000,2332.00000000,0.12726250
84.00000000,2333.00000000,0.12664327
84.00000000,2334.00000000,0.12651384
84.00000000,2335.00000000,0.12651843
84.00000000,2336.00000000,0.12652330
84.00000000,2337.00000000,0.12652841
84.00000000,2338.00000000,0.12653373
84.00000000,2339.00000000,0.12653931
84.00000000,2340.00000000,0.12656605
84.00000000,2341.00000000,0.12659305
84.00000000,2342.00000000,0.12662025
84.00000000,2343.00000000,0.12664763
84.00000000,2344.00000000,0.12667523
84.00000000,2345.00000000,0.12666156
84.00000000,2346.00000000,0.12664800
84.00000000,2347.00000000,0.12663464
84.00000000,2348.00000000,0.12662145
84.00000000,2349.00000000,0.12660837
84.00000000,2350.00000000,0.12659551
84.00000000,2351.00000000,0.12658278
84.00000000,2352.00000000,0.12657017
84.00000000,2353.00000000,0.12655776
84.00000000,2354.00000000,0.12654544
84.00000000,2355.00000000,0.12653331
84.00000000,2356.00000000,0.12652133
84.00000000,2357.00000000,0.12650944
84.00000000,2358.00000000,0.12649773
84.00000000,2359.00000000,0.12648616
84.00000000,2360.00000000,0.12647287
84.00000000,2361.00000000,0.12645974
84.00000000,2362.00000000,0.12644675
84.00000000,2363.00000000,0.12643382
84.00000000,2364.00000000,0.12642107
84.00000000,2365.00000000,0.12640837
84.00000000,2366.00000000,0.12639584
84.00000000,2367.00000000,0.12638340
84.00000000,2368.00000000,0.12637104
84.00000000,2369.00000000,0.12635881
84.00000000,2370.00000000,0.12634670
84.00000000,2371.00000000,0.12633462
84.00000000,2372.00000000,0.12632270
84.00000000,2373.00000000,0.12631086
84.00000000,2374.00000000,0.12629908
84.00000000,2375.00000000,0.12628743
84.00000000,2376.00000000,0.12627581
84.00000000,2377.00000000,0.12626434
84.00000000,2378.00000000,0.12625295
84.00000000,2379.00000000,0.12624157
84.00000000,2380.00000000,0.12623034
84.00000000,2381.00000000,0.12621918
84.00000000,2382.00000000,0.12620806
84.00000000,2383.00000000,0.12619704
84.00000000,2384.00000000,0.12618610
84.00000000,2385.00000000,0.12617919
84.00000000,2386.00000000,0.12617239
84.00000000,2387.00000000,0.12616565
84.00000000,2388.00000000,0.12615894
84.00000000,2389.00000000,0.12615234
84.00000000,2390.00000000,0.12614575
84.00000000,2391.00000000,0.12613927
84.00000000,2392.00000000,0.12613287
84.00000000,2393.00000000,0.12612645
84.00000000,2394.00000000,0.12612016
84.00000000,2395.00000000,0.12611392
84.00000000,2396.00000000,0.12610769
84.00000000,2397.00000000,0.12610155
84.00000000,2398.00000000,0.12609546
84.00000000,2399.00000000,0.12608938
84.00000000,2400.00000000,0.12608339
84.00000000,2401.00000000,0.12607741
84.00000000,2402.00000000,0.12607153
84.00000000,2403.00000000,0.12606569
84.00000000,2404.00000000,0.12605986
84.00000000,2405.00000000,0.12605413
84.00000000,2406.00000000,0.12604845
84.00000000,2407.00000000,0.12604276
84.00000000,2408.00000000,0.12603718
84.00000000,2409.00000000,0.12603163
84.00000000,2410.00000000,0.12602610
84.00000000,2411.00000000,0.12602064
84.00000000,2412.00000000,0.12601524
84.00000000,2413.00000000,0.12600981
84.00000000,2414.00000000,0.12600449
84.00000000,2415.00000000,0.12599914
84.00000000,2416.00000000,0.12599389
84.00000000,2417.00000000,0.12598868
84.00000000,2418.00000000,0.12598346
84.00000000,2419.00000000,0.12597831
84.00000000,2420.00000000,0.12597319
84.00000000,2421.00000000,0.12596806
84.00000000,2422.00000000,0.12596302
84.00000000,2423.00000000,0.12595800
84.00000000,2424.00000000,0.12595296
84.00000000,2425.00000000,0.12594801
84.00000000,2426.00000000,0.12594302
84.00000000,2427.00000000,0.12593812
84.00000000,2428.00000000,0.12593324
84.00000000,2429.00000000,0.12592834
84.00000000,2430.00000000,0.12592351
84.00000000,2431.00000000,0.12591870
84.00000000,2432.00000000,0.12591386
84.00000000,2433.00000000,0.12590911
84.00000000,2434.00000000,0.12590437
84.00000000,2435.00000000,0.12589846
84.00000000,2436.00000000,0.12589262
84.00000000,2437.00000000,0.12588680
84.00000000,2438.00000000,0.12588094
84.00000000,2439.00000000,0.12587516
84.00000000,2440.00000000,0.12586934
84.00000000,2441.00000000,0.12586359
84.00000000,2442.00000000,0.12585786
84.00000000,2443.00000000,0.12585206
84.00000000,2444.00000000,0.12584636
84.00000000,2445.00000000,0.12584068
84.00000000,2446.00000000,0.12583494
84.00000000,2447.00000000,0.12582927
84.00000000,2448.00000000,0.12582362
84.00000000,2449.00000000,0.12581791
84.00000000,2450.00000000,0.12581229
84.00000000,2451.00000000,0.12580660
84.00000000,2452.00000000,0.12580100
84.00000000,2453.00000000,0.12579539
84.00000000,2454.00000000,0.12578973
84.00000000,2455.00000000,0.12578414
84.00000000,2456.00000000,0.12577853
84.00000000,2457.00000000,0.12577288
84.00000000,2458.00000000,0.12576729
84.00000000,2459.00000000,0.12576171
84.00000000,2460.00000000,0.12575607
84.00000000,2461.00000000,0.12575049
84.00000000,2462.00000000,0.12574484
84.00000000,2463.00000000,0.12573926
84.00000000,2464.00000000,0.12573368
84.00000000,2465.00000000,0.12572804
84.00000000,2466.00000000,0.12572246
84.00000000,2467.00000000,0.12571689
84.00000000,2468.00000000,0.12571124
84.00000000,2469.00000000,0.12570567
84.00000000,2470.00000000,0.12570010
84.00000000,2471.00000000,0.12569446
84.00000000,2472.00000000,0.12568888
84.00000000,2473.00000000,0.12568330
84.00000000,2474.00000000,0.12567766
84.00000000,2475.00000000,0.12567209
84.00000000,2476.00000000,0.12566643
84.00000000,2477.00000000,0.12566086
84.00000000,2478.00000000,0.12565528
84.00000000,2479.00000000,0.12564961
84.00000000,2480.00000000,0.12564404
84.00000000,2481.00000000,0.12563845
84.00000000,2482.00000000,0.12563278
84.00000000,2483.00000000,0.12562720
84.00000000,2484.00000000,0.12562159
84.00000000,2485.00000000,0.12561472
84.00000000,2486.00000000,0.12560791
84.00000000,2487.00000000,0.12560102
84.00000000,2488.00000000,0.12559422
84.00000000,2489.00000000,0.12558740
84.00000000,2490.00000000,0.12558050
84.00000000,2491.00000000,0.12557368
84.00000000,2492.00000000,0.12556685
84.00000000,2493.00000000,0.12555994
84.00000000,2494.00000000,0.12555311
84.00000000,2495.00000000,0.12554627
84.00000000,2496.00000000,0.12553935
84.00000000,2497.00000000,0.12553250
84.00000000,2498.00000000,0.12552565
84.00000000,2499.00000000,0.12551871
84.00000000,2500.00000000,0.12551185
85.00000000,1765.00000000,0.09307176
85.00000000,1766.00000000,0.09307174
85.00000000,1767.00000000,0.09307173
85.00000000,1768.00000000,0.09307199
85.00000000,1769.00000000,0.09307224
85.00000000,1770.00000000,0.09307269
85.00000000,1771.00000000,0.09307327
85.00000000,1772.00000000,0.09307414
85.00000000,1773.00000000,0.09307508
85.00000000,1774.00000000,0.09307616
85.00000000,1775.00000000,0.09307747
85.00000000,1776.00000000,0.09307894
85.00000000,1777.00000000,0.09308052
85.00000000,1778.00000000,0.09308227
85.00000000,1779.00000000,0.09308421
85.00000000,1780.00000000,0.09308634
85.00000000,1781.00000000,0.09308856
85.00000000,1782.00000000,0.09309093
85.00000000,1783.00000000,0.09309343
85.00000000,1784.00000000,0.09309603
85.00000000,1785.00000000,0.09309872
85.00000000,1786.00000000,0.09310170
85.00000000,1787.00000000,0.09310468
85.00000000,1788.00000000,0.09310769
85.00000000,1789.00000000,0.09311105
85.00000000,1790.00000000,0.09311419
85.00000000,1791.00000000,0.09311760
85.00000000,1792.00000000,0.09312115
85.00000000,1793.00000000,0.09312474
85.00000000,1794.00000000,0.09312819
85.00000000,1795.00000000,0.09313200
85.00000000,1796.00000000,0.09313575
85.00000000,1797.00000000,0.09313961
85.00000000,1798.00000000,0.09314360
85.00000000,1799.00000000,0.09314750
85.00000000,1800.00000000,0.09315152
85.00000000,1801.00000000,0.09315560
85.00000000,1802.00000000,0.09315977
85.00000000,1803.00000000,0.09316386
85.00000000,1804.00000000,0.09316806
85.00000000,1805.00000000,0.09317236
85.00000000,1806.00000000,0.09317666
85.00000000,1807.00000000,0.09318102
85.00000000,1808.00000000,0.09318536
85.00000000,1809.00000000,0.09318977
85.00000000,1810.00000000,0.09319418
85.00000000,1811.00000000,0.09319870
85.00000000,1812.00000000,0.09320320
85.00000000,1813.00000000,0.09320777
85.00000000,1814.00000000,0.09321230
85.00000000,1815.00000000,0.09321693
85.00000000,1816.00000000,0.09322154
85.00000000,1817.00000000,0.09322617
85.00000000,1818.00000000,0.09323085
85.00000000,1819.00000000,0.09323548
85.00000000,1820.00000000,0.09324018
85.00000000,1821.00000000,0.09324495
85.00000000,1822.00000000,0.09324961
85.00000000,1823.00000000,0.09325440
85.00000000,1824.00000000,0.09325922
85.00000000,1825.00000000,0.09326397
85.00000000,1826.00000000,0.09326881
85.00000000,1827.00000000,0.09327359
85.00000000,1828.00000000,0.09327847
85.00000000,1829.00000000,0.09328333
85.00000000,1830.00000000,0.09328817
85.00000000,1831.00000000,0.09329305
85.00000000,1832.00000000,0.09329793
85.00000000,1833.00000000,0.09330282
85.00000000,1834.00000000,0.09330772
85.00000000,1835.00000000,0.09331264
85.00000000,1836.00000000,0.09331758
85.00000000,1837.00000000,0.09332257
85.00000000,1838.00000000,0.09332757
85.00000000,1839.00000000,0.09333257
85.00000000,1840.00000000,0.09333760
85.00000000,1841.00000000,0.09334265
85.00000000,1842.00000000,0.09334774
85.00000000,1843.00000000,0.09335288
85.00000000,1844.00000000,0.09335806
85.00000000,1845.00000000,0.09336326
85.00000000,1846.00000000,0.09336855
85.00000000,1847.00000000,0.09337386
85.00000000,1848.00000000,0.09337923
85.00000000,1849.00000000,0.09338472
85.00000000,1850.00000000,0.09339023
85.00000000,1851.00000000,0.09340435
85.00000000,1852.00000000,0.09340997
85.00000000,1853.00000000,0.09341615
85.00000000,1854.00000000,0.09342261
85.00000000,1855.00000000,0.09342922
85.00000000,1856.00000000,0.09343862
85.00000000,1857.00000000,0.09344516
85.00000000,1858.00000000,0.09345173
85.00000000,1859.00000000,0.09345834
85.00000000,1860.00000000,0.09346497
85.00000000,1861.00000000,0.09347166
85.00000000,1862.00000000,0.09347825
85.00000000,1863.00000000,0.09348417
85.00000000,1864.00000000,0.09348950
85.00000000,1865.00000000,0.09349454
85.00000000,1866.00000000,0.09350207
85.00000000,1867.00000000,0.09350645
85.00000000,1868.00000000,0.09351068
85.00000000,1869.00000000,0.09351467
85.00000000,1870.00000000,0.09351841
85.00000000,1871.00000000,0.09352204
85.00000000,1872.00000000,0.09352591
85.00000000,1873.00000000,0.09353065
85.00000000,1874.00000000,0.09353606
85.00000000,1875.00000000,0.09354189
85.00000000,1876.00000000,0.09355107
85.00000000,1877.00000000,0.09355757
85.00000000,1878.00000000,0.09356437
85.00000000,1879.00000000,0.09357134
85.00000000,1880.00000000,0.09357854
85.00000000,1881.00000000,0.09358566
85.00000000,1882.00000000,0.09359581
85.00000000,1883.00000000,0.09360260
85.00000000,1884.00000000,0.09360899
85.00000000,1885.00000000,0.09361801
85.00000000,1886.00000000,0.09362401
85.00000000,1887.00000000,0.09363552
85.00000000,1888.00000000,0.09363833
85.00000000,1889.00000000,0.09364373
85.00000000,1890.00000000,0.09364882
85.00000000,1891.00000000,0.09365645
85.00000000,1892.00000000,0.09366084
85.00000000,1893.00000000,0.09366519
85.00000000,1894.00000000,0.09366956
85.00000000,1895.00000000,0.09367405
85.00000000,1896.00000000,0.09368152
85.00000000,1897.00000000,0.09368615
85.00000000,1898.00000000,0.09369062
85.00000000,1899.00000000,0.09369492
85.00000000,1900.00000000,0.09370172
85.00000000,1901.00000000,0.09370822
85.00000000,1902.00000000,0.09371496
85.00000000,1903.00000000,0.09371882
85.00000000,1904.00000000,0.09372298
85.00000000,1905.00000000,0.09372732
85.00000000,1906.00000000,0.09373200
85.00000000,1907.00000000,0.09373969
85.00000000,1908.00000000,0.09374730
85.00000000,1909.00000000,0.09375200
85.00000000,1910.00000000,0.09375961
85.00000000,1911.00000000,0.09376427
85.00000000,1912.00000000,0.09377101
85.00000000,1913.00000000,0.09377395
85.00000000,1914.00000000,0.09377575
85.00000000,1915.00000000,0.09379427
85.00000000,1916.00000000,0.09379282
85.00000000,1917.00000000,0.09379424
85.00000000,1918.00000000,0.09379837
85.00000000,1919.00000000,0.09379983
85.00000000,1920.00000000,0.09380484
85.00000000,1921.00000000,0.09381927
85.00000000,1922.00000000,0.09382352
85.00000000,1923.00000000,0.09383142
85.00000000,1924.00000000,0.09383964
85.00000000,1925.00000000,0.09385055
85.00000000,1926.00000000,0.09385865
85.00000000,1927.00000000,0.09386962
85.00000000,1928.00000000,0.09387790
85.00000000,1929.00000000,0.09388906
85.00000000,1930.00000000,0.09390617
85.00000000,1931.00000000,0.09391318
85.00000000,1932.00000000,0.09393033
85.00000000,1933.00000000,0.09394288
85.00000000,1934.00000000,0.09396185
85.00000000,1935.00000000,0.09398385
85.00000000,1936.00000000,0.09399392
85.00000000,1937.00000000,0.09401158
85.00000000,1938.00000000,0.09402495
85.00000000,1939.00000000,0.09406001
85.00000000,1940.00000000,0.09407155
85.00000000,1941.00000000,0.09409043
85.00000000,1942.00000000,0.09409663
85.00000000,1943.00000000,0.09410206
85.00000000,1944.00000000,0.09411836
85.00000000,1945.00000000,0.09414311
85.00000000,1946.00000000,0.09415762
85.00000000,1947.00000000,0.09416846
85.00000000,1948.00000000,0.09419448
85.00000000,1949.00000000,0.09422367
85.00000000,1950.00000000,0.09424998
85.00000000,1951.00000000,0.09426493
85.00000000,1952.00000000,0.09429575
85.00000000,1953.00000000,0.09431783
85.00000000,1954.00000000,0.09434587
85.00000000,1955.00000000,0.09436878
85.00000000,1956.00000000,0.09440348
85.00000000,1957.00000000,0.09446095
85.00000000,1958.00000000,0.09450098
85.00000000,1959.00000000,0.09448052
85.00000000,1960.00000000,0.09452630
85.00000000,1961.00000000,0.09453867
85.00000000,1962.00000000,0.09455014
85.00000000,1963.00000000,0.09455630
85.00000000,1964.00000000,0.09459690
85.00000000,1965.00000000,0.09467024
85.00000000,1966.00000000,0.09468783
85.00000000,1967.00000000,0.09472084
85.00000000,1968.00000000,0.09476066
85.00000000,1969.00000000,0.09476096
85.00000000,1970.00000000,0.09475562
85.00000000,1971.00000000,0.09475216
85.00000000,1972.00000000,0.09477224
85.00000000,1973.00000000,0.09483946
85.00000000,1974.00000000,0.09481231
85.00000000,1975.00000000,0.09486571
85.00000000,1976.00000000,0.09488184
85.00000000,1977.00000000,0.09485869
85.00000000,1978.00000000,0.09481855
85.00000000,1979.00000000,0.09482660
85.00000000,1980.00000000,0.09486262
85.00000000,1981.00000000,0.09487036
85.00000000,1982.00000000,0.09490364
85.00000000,1983.00000000,0.09495389
85.00000000,1984.00000000,0.09505767
85.00000000,1985.00000000,0.09512344
85.00000000,1986.00000000,0.09516635
85.00000000,1987.00000000,0.09519960
85.00000000,1988.00000000,0.09533802
85.00000000,1989.00000000,0.09535202
85.00000000,1990.00000000,0.09545620
85.00000000,1991.00000000,0.09557441
85.00000000,1992.00000000,0.09578654
85.00000000,1993.00000000,0.09568600
85.00000000,1994.00000000,0.09578155
85.00000000,1995.00000000,0.09587525
85.00000000,1996.00000000,0.09592115
85.00000000,1997.00000000,0.09603974
85.00000000,1998.00000000,0.09621644
85.00000000,1999.00000000,0.09595041
85.00000000,2000.00000000,0.09591312
85.00000000,2001.00000000,0.09608707
85.00000000,2002.00000000,0.09623533
85.00000000,2003.00000000,0.09617811
85.00000000,2004.00000000,0.09580734
85.00000000,2005.00000000,0.09615401
85.00000000,2006.00000000,0.09577880
85.00000000,2007.00000000,0.09588018
85.00000000,2008.00000000,0.09621103
85.00000000,2009.00000000,0.09616745
85.00000000,2010.00000000,0.09617411
85.00000000,2011.00000000,0.09616670
85.00000000,2012.00000000,0.09635567
85.00000000,2013.00000000,0.09632855
85.00000000,2014.00000000,0.09651380
85.00000000,2015.00000000,0.09621431
85.00000000,2016.00000000,0.09585316
85.00000000,2017.00000000,0.09554533
85.00000000,2018.00000000,0.09562383
85.00000000,2019.00000000,0.09579526
85.00000000,2020.00000000,0.09589229
85.00000000,2021.00000000,0.09612434
85.00000000,2022.00000000,0.09628779
85.00000000,2023.00000000,0.09604422
85.00000000,2024.00000000,0.09612535
85.00000000,2025.00000000,0.09636401
85.00000000,2026.00000000,0.09640258
85.00000000,2027.00000000,0.09636616
85.00000000,2028.00000000,0.09644322
85.00000000,2029.00000000,0.09636284
85.00000000,2030.00000000,0.09568946
85.00000000,2031.00000000,0.09584849
85.00000000,2032.00000000,0.09621784
85.00000000,2033.00000000,0.09637522
85.00000000,2034.00000000,0.09618358
85.00000000,2035.00000000,0.09670988
85.00000000,2036.00000000,0.09703525
85.00000000,2037.00000000,0.09705860
85.00000000,2038.00000000,0.09712831
85.00000000,2039.00000000,0.09714037
85.00000000,2040.00000000,0.09757335
85.00000000,2041.00000000,0.09788810
85.00000000,2042.00000000,0.09808451
85.00000000,2043.00000000,0.09819259
85.00000000,2044.00000000,0.09849512
85.00000000,2045.00000000,0.09874968
85.00000000,2046.00000000,0.09873712
85.00000000,2047.00000000,0.09896486
85.00000000,2048.00000000,0.09930514
85.00000000,2049.00000000,0.09967651
85.00000000,2050.00000000,0.09998436
85.00000000,2051.00000000,0.10035296
85.00000000,2052.00000000,0.10057489
85.00000000,2053.00000000,0.10098641
85.00000000,2054.00000000,0.10149040
85.00000000,2055.00000000,0.10216397
85.00000000,2056.00000000,0.10251154
85.00000000,2057.00000000,0.10289239
85.00000000,2058.00000000,0.10345295
85.00000000,2059.00000000,0.10340718
85.00000000,2060.00000000,0.10326024
85.00000000,2061.00000000,0.10390165
85.00000000,2062.00000000,0.10421852
85.00000000,2063.00000000,0.10435041
85.00000000,2064.00000000,0.10502720
85.00000000,2065.00000000,0.10481496
85.00000000,2066.00000000,0.10431818
85.00000000,2067.00000000,0.10414834
85.00000000,2068.00000000,0.10404458
85.00000000,2069.00000000,0.10446022
85.00000000,2070.00000000,0.10480927
85.00000000,2071.00000000,0.10519139
85.00000000,2072.00000000,0.10551545
85.00000000,2073.00000000,0.10601930
85.00000000,2074.00000000,0.10630147
85.00000000,2075.00000000,0.10640432
85.00000000,2076.00000000,0.10660378
85.00000000,2077.00000000,0.10626670
85.00000000,2078.00000000,0.10625234
85.00000000,2079.00000000,0.10653153
85.00000000,2080.00000000,0.10684481
85.00000000,2081.00000000,0.10718173
85.00000000,2082.00000000,0.10744713
85.00000000,2083.00000000,0.10735549
85.00000000,2084.00000000,0.10729959
85.00000000,2085.00000000,0.10772421
85.00000000,2086.00000000,0.10814018
85.00000000,2087.00000000,0.10828422
85.00000000,2088.00000000,0.10916094
85.00000000,2089.00000000,0.11016659
85.00000000,2090.00000000,0.11095303
85.00000000,2091.00000000,0.11146469
85.00000000,2092.00000000,0.11198088
85.00000000,2093.00000000,0.11250173
85.00000000,2094.00000000,0.11302676
85.00000000,2095.00000000,0.11355594
85.00000000,2096.00000000,0.11426815
85.00000000,2097.00000000,0.11498435
85.00000000,2098.00000000,0.11570450
85.00000000,2099.00000000,0.11642847
85.00000000,2100.00000000,0.11715603
85.00000000,2101.00000000,0.11788712
85.00000000,2102.00000000,0.11862203
85.00000000,2103.00000000,0.11936088
85.00000000,2104.00000000,0.12010377
85.00000000,2105.00000000,0.12085059
85.00000000,2106.00000000,0.12152255
85.00000000,2107.00000000,0.12219839
85.00000000,2108.00000000,0.12287785
85.00000000,2109.00000000,0.12356101
85.00000000,2110.00000000,0.12424772
85.00000000,2111.00000000,0.12493781
85.00000000,2112.00000000,0.12563128
85.00000000,2113.00000000,0.12632802
85.00000000,2114.00000000,0.12702801
85.00000000,2115.00000000,0.12773124
85.00000000,2116.00000000,0.12860102
85.00000000,2117.00000000,0.12947378
85.00000000,2118.00000000,0.13034958
85.00000000,2119.00000000,0.13122820
85.00000000,2120.00000000,0.13210944
85.00000000,2121.00000000,0.13299336
85.00000000,2122.00000000,0.13387971
85.00000000,2123.00000000,0.13476846
85.00000000,2124.00000000,0.13565950
85.00000000,2125.00000000,0.13655264
85.00000000,2126.00000000,0.13756693
85.00000000,2127.00000000,0.13858325
85.00000000,2128.00000000,0.13960139
85.00000000,2129.00000000,0.14062142
85.00000000,2130.00000000,0.14164308
85.00000000,2131.00000000,0.14266620
85.00000000,2132.00000000,0.14369072
85.00000000,2133.00000000,0.14471634
85.00000000,2134.00000000,0.14574315
85.00000000,2135.00000000,0.14677087
85.00000000,2136.00000000,0.14779261
85.00000000,2137.00000000,0.14881502
85.00000000,2138.00000000,0.14983787
85.00000000,2139.00000000,0.15086106
85.00000000,2140.00000000,0.15188448
85.00000000,2141.00000000,0.15290794
85.00000000,2142.00000000,0.15393114
85.00000000,2143.00000000,0.15495419
85.00000000,2144.00000000,0.15597674
85.00000000,2145.00000000,0.15699857
85.00000000,2146.00000000,0.15775981
85.00000000,2147.00000000,0.15851987
85.00000000,2148.00000000,0.15927888
85.00000000,2149.00000000,0.16003666
85.00000000,2150.00000000,0.16079308
85.00000000,2151.00000000,0.16154903
85.00000000,2152.00000000,0.16230685
85.00000000,2153.00000000,0.16306873
85.00000000,2154.00000000,0.16383600
85.00000000,2155.00000000,0.16460902
85.00000000,2156.00000000,0.16515374
85.00000000,2157.00000000,0.16570418
85.00000000,2158.00000000,0.16625996
85.00000000,2159.00000000,0.16682117
85.00000000,2160.00000000,0.16738748
85.00000000,2161.00000000,0.16795858
85.00000000,2162.00000000,0.16853437
85.00000000,2163.00000000,0.16911459
85.00000000,2164.00000000,0.16969890
85.00000000,2165.00000000,0.17028727
85.00000000,2166.00000000,0.17074845
85.00000000,2167.00000000,0.17121295
85.00000000,2168.00000000,0.17168073
85.00000000,2169.00000000,0.17215148
85.00000000,2170.00000000,0.17262526
85.00000000,2171.00000000,0.17310182
85.00000000,2172.00000000,0.17358100
85.00000000,2173.00000000,0.17406274
85.00000000,2174.00000000,0.17454684
85.00000000,2175.00000000,0.17503313
85.00000000,2176.00000000,0.17538599
85.00000000,2177.00000000,0.17574060
85.00000000,2178.00000000,0.17609679
85.00000000,2179.00000000,0.17645468
85.00000000,2180.00000000,0.17681409
85.00000000,2181.00000000,0.17717491
85.00000000,2182.00000000,0.17753715
85.00000000,2183.00000000,0.17790065
85.00000000,2184.00000000,0.17826545
85.00000000,2185.00000000,0.17863139
85.00000000,2186.00000000,0.17889371
85.00000000,2187.00000000,0.17915690
85.00000000,2188.00000000,0.17942087
85.00000000,2189.00000000,0.17968558
85.00000000,2190.00000000,0.17995104
85.00000000,2191.00000000,0.18021717
85.00000000,2192.00000000,0.18048390
85.00000000,2193.00000000,0.18075127
85.00000000,2194.00000000,0.18101914
85.00000000,2195.00000000,0.18128768
85.00000000,2196.00000000,0.18155669
85.00000000,2197.00000000,0.18182611
85.00000000,2198.00000000,0.18209608
85.00000000,2199.00000000,0.18236645
85.00000000,2200.00000000,0.18263722
85.00000000,2201.00000000,0.18290841
85.00000000,2202.00000000,0.18317995
85.00000000,2203.00000000,0.18345175
85.00000000,2204.00000000,0.18372394
85.00000000,2205.00000000,0.18399642
85.00000000,2206.00000000,0.18426912
85.00000000,2207.00000000,0.18454211
85.00000000,2208.00000000,0.18481530
85.00000000,2209.00000000,0.18508872
85.00000000,2210.00000000,0.18536234
85.00000000,2211.00000000,0.18563603
85.00000000,2212.00000000,0.18591000
85.00000000,2213.00000000,0.18618406
85.00000000,2214.00000000,0.18645816
85.00000000,2215.00000000,0.18673244
85.00000000,2216.00000000,0.18700675
85.00000000,2217.00000000,0.18728104
85.00000000,2218.00000000,0.18755544
85.00000000,2219.00000000,0.18782975
85.00000000,2220.00000000,0.18810410
85.00000000,2221.00000000,0.18837843
85.00000000,2222.00000000,0.18865261
85.00000000,2223.00000000,0.18892678
85.00000000,2224.00000000,0.18920083
85.00000000,2225.00000000,0.18947468
85.00000000,2226.00000000,0.18974846
85.00000000,2227.00000000,0.19002203
85.00000000,2228.00000000,0.19029533
85.00000000,2229.00000000,0.19056849
85.00000000,2230.00000000,0.19084131
85.00000000,2231.00000000,0.19111392
85.00000000,2232.00000000,0.19138617
85.00000000,2233.00000000,0.19165799
85.00000000,2234.00000000,0.19192939
85.00000000,2235.00000000,0.19220021
85.00000000,2236.00000000,0.19172930
85.00000000,2237.00000000,0.19125600
85.00000000,2238.00000000,0.19078033
85.00000000,2239.00000000,0.19030229
85.00000000,2240.00000000,0.18982205
85.00000000,2241.00000000,0.18933963
85.00000000,2242.00000000,0.18885498
85.00000000,2243.00000000,0.18836831
85.00000000,2244.00000000,0.18787954
85.00000000,2245.00000000,0.18738884
85.00000000,2246.00000000,0.18689617
85.00000000,2247.00000000,0.18640158
85.00000000,2248.00000000,0.18590517
85.00000000,2249.00000000,0.18540674
85.00000000,2250.00000000,0.18490506
85.00000000,2251.00000000,0.18439792
85.00000000,2252.00000000,0.18388319
85.00000000,2253.00000000,0.18335965
85.00000000,2254.00000000,0.18282710
85.00000000,2255.00000000,0.18228529
85.00000000,2256.00000000,0.18173452
85.00000000,2257.00000000,0.18117480
85.00000000,2258.00000000,0.18060633
85.00000000,2259.00000000,0.18002938
85.00000000,2260.00000000,0.17944422
85.00000000,2261.00000000,0.17885105
85.00000000,2262.00000000,0.17825042
85.00000000,2263.00000000,0.17764259
85.00000000,2264.00000000,0.17702789
85.00000000,2265.00000000,0.17640660
85.00000000,2266.00000000,0.17577897
85.00000000,2267.00000000,0.17514515
85.00000000,2268.00000000,0.17450542
85.00000000,2269.00000000,0.17385993
85.00000000,2270.00000000,0.17320892
85.00000000,2271.00000000,0.17255258
85.00000000,2272.00000000,0.17189102
85.00000000,2273.00000000,0.17122449
85.00000000,2274.00000000,0.17055314
85.00000000,2275.00000000,0.16987707
85.00000000,2276.00000000,0.16919656
85.00000000,2277.00000000,0.16851168
85.00000000,2278.00000000,0.16782259
85.00000000,2279.00000000,0.16712950
85.00000000,2280.00000000,0.16643246
85.00000000,2281.00000000,0.16573168
85.00000000,2282.00000000,0.16502729
85.00000000,2283.00000000,0.16431932
85.00000000,2284.00000000,0.16360804
85.00000000,2285.00000000,0.16289350
85.00000000,2286.00000000,0.16217573
85.00000000,2287.00000000,0.16145500
85.00000000,2288.00000000,0.16073134
85.00000000,2289.00000000,0.16000480
85.00000000,2290.00000000,0.15927560
85.00000000,2291.00000000,0.15854378
85.00000000,2292.00000000,0.15780938
85.00000000,2293.00000000,0.15707261
85.00000000,2294.00000000,0.15633346
85.00000000,2295.00000000,0.15559211
85.00000000,2296.00000000,0.15484857
85.00000000,2297.00000000,0.15410293
85.00000000,2298.00000000,0.15335533
85.00000000,2299.00000000,0.15260580
85.00000000,2300.00000000,0.15185439
85.00000000,2301.00000000,0.15110126
85.00000000,2302.00000000,0.15034641
85.00000000,2303.00000000,0.14958987
85.00000000,2304.00000000,0.14883176
85.00000000,2305.00000000,0.14807211
85.00000000,2306.00000000,0.14731104
85.00000000,2307.00000000,0.14654857
85.00000000,2308.00000000,0.14578473
85.00000000,2309.00000000,0.14501966
85.00000000,2310.00000000,0.14425336
85.00000000,2311.00000000,0.14348588
85.00000000,2312.00000000,0.14271733
85.00000000,2313.00000000,0.14194775
85.00000000,2314.00000000,0.14117714
85.00000000,2315.00000000,0.14040562
85.00000000,2316.00000000,0.13963318
85.00000000,2317.00000000,0.13885992
85.00000000,2318.00000000,0.13808589
85.00000000,2319.00000000,0.13731108
85.00000000,2320.00000000,0.13653561
85.00000000,2321.00000000,0.13575949
85.00000000,2322.00000000,0.13498273
85.00000000,2323.00000000,0.13420544
85.00000000,2324.00000000,0.13342763
85.00000000,2325.00000000,0.13264930
85.00000000,2326.00000000,0.13187057
85.00000000,2327.00000000,0.13109145
85.00000000,2328.00000000,0.13031193
85.00000000,2329.00000000,0.12953213
85.00000000,2330.00000000,0.12875202
85.00000000,2331.00000000,0.12797174
85.00000000,2332.00000000,0.12719129
85.00000000,2333.00000000,0.12641074
85.00000000,2334.00000000,0.12579546
85.00000000,2335.00000000,0.12566677
85.00000000,2336.00000000,0.12567122
85.00000000,2337.00000000,0.12567596
85.00000000,2338.00000000,0.12568095
85.00000000,2339.00000000,0.12568612
85.00000000,2340.00000000,0.12569155
85.00000000,2341.00000000,0.12571801
85.00000000,2342.00000000,0.12574473
85.00000000,2343.00000000,0.12577166
85.00000000,2344.00000000,0.12579875
85.00000000,2345.00000000,0.12582609
85.00000000,2346.00000000,0.12581239
85.00000000,2347.00000000,0.12579882
85.00000000,2348.00000000,0.12578545
85.00000000,2349.00000000,0.12577224
85.00000000,2350.00000000,0.12575917
85.00000000,2351.00000000,0.12574628
85.00000000,2352.00000000,0.12573355
85.00000000,2353.00000000,0.12572094
85.00000000,2354.00000000,0.12570850
85.00000000,2355.00000000,0.12569618
85.00000000,2356.00000000,0.12568405
85.00000000,2357.00000000,0.12567205
85.00000000,2358.00000000,0.12566015
85.00000000,2359.00000000,0.12564844
85.00000000,2360.00000000,0.12563684
85.00000000,2361.00000000,0.12562355
85.00000000,2362.00000000,0.12561044
85.00000000,2363.00000000,0.12559743
85.00000000,2364.00000000,0.12558451
85.00000000,2365.00000000,0.12557174
85.00000000,2366.00000000,0.12555905
85.00000000,2367.00000000,0.12554650
85.00000000,2368.00000000,0.12553407
85.00000000,2369.00000000,0.12552169
85.00000000,2370.00000000,0.12550947
85.00000000,2371.00000000,0.12549733
85.00000000,2372.00000000,0.12548526
85.00000000,2373.00000000,0.12547333
85.00000000,2374.00000000,0.12546148
85.00000000,2375.00000000,0.12544969
85.00000000,2376.00000000,0.12543802
85.00000000,2377.00000000,0.12542640
85.00000000,2378.00000000,0.12541491
85.00000000,2379.00000000,0.12540351
85.00000000,2380.00000000,0.12539213
85.00000000,2381.00000000,0.12538088
85.00000000,2382.00000000,0.12536971
85.00000000,2383.00000000,0.12535856
85.00000000,2384.00000000,0.12534753
85.00000000,2385.00000000,0.12533658
85.00000000,2386.00000000,0.12532962
85.00000000,2387.00000000,0.12532278
85.00000000,2388.00000000,0.12531600
85.00000000,2389.00000000,0.12530925
85.00000000,2390.00000000,0.12530260
85.00000000,2391.00000000,0.12529598
85.00000000,2392.00000000,0.12528945
85.00000000,2393.00000000,0.12528299
85.00000000,2394.00000000,0.12527654
85.00000000,2395.00000000,0.12527020
85.00000000,2396.00000000,0.12526391
85.00000000,2397.00000000,0.12525762
85.00000000,2398.00000000,0.12525144
85.00000000,2399.00000000,0.12524530
85.00000000,2400.00000000,0.12523917
85.00000000,2401.00000000,0.12523315
85.00000000,2402.00000000,0.12522712
85.00000000,2403.00000000,0.12522118
85.00000000,2404.00000000,0.12521532
85.00000000,2405.00000000,0.12520944
85.00000000,2406.00000000,0.12520366
85.00000000,2407.00000000,0.12519795
85.00000000,2408.00000000,0.12519222
85.00000000,2409.00000000,0.12518658
85.00000000,2410.00000000,0.12518100
85.00000000,2411.00000000,0.12517541
85.00000000,2412.00000000,0.12516992
85.00000000,2413.00000000,0.12516447
85.00000000,2414.00000000,0.12515900
85.00000000,2415.00000000,0.12515363
85.00000000,2416.00000000,0.12514823
85.00000000,2417.00000000,0.12514294
85.00000000,2418.00000000,0.12513768
85.00000000,2419.00000000,0.12513240
85.00000000,2420.00000000,0.12512721
85.00000000,2421.00000000,0.12512205
85.00000000,2422.00000000,0.12511686
85.00000000,2423.00000000,0.12511177
85.00000000,2424.00000000,0.12510670
85.00000000,2425.00000000,0.12510161
85.00000000,2426.00000000,0.12509660
85.00000000,2427.00000000,0.12509156
85.00000000,2428.00000000,0.12508662
85.00000000,2429.00000000,0.12508169
85.00000000,2430.00000000,0.12507673
85.00000000,2431.00000000,0.12507184
85.00000000,2432.00000000,0.12506700
85.00000000,2433.00000000,0.12506210
85.00000000,2434.00000000,0.12505728
85.00000000,2435.00000000,0.12505250
85.00000000,2436.00000000,0.12504653
85.00000000,2437.00000000,0.12504065
85.00000000,2438.00000000,0.12503479
85.00000000,2439.00000000,0.12502888
85.00000000,2440.00000000,0.12502305
85.00000000,2441.00000000,0.12501718
85.00000000,2442.00000000,0.12501139
85.00000000,2443.00000000,0.12500560
85.00000000,2444.00000000,0.12499978
85.00000000,2445.00000000,0.12499402
85.00000000,2446.00000000,0.12498828
85.00000000,2447.00000000,0.12498249
85.00000000,2448.00000000,0.12497678
85.00000000,2449.00000000,0.12497107
85.00000000,2450.00000000,0.12496533
85.00000000,2451.00000000,0.12495964
85.00000000,2452.00000000,0.12495392
85.00000000,2453.00000000,0.12494824
85.00000000,2454.00000000,0.12494259
85.00000000,2455.00000000,0.12493688
85.00000000,2456.00000000,0.12493121
85.00000000,2457.00000000,0.12492557
85.00000000,2458.00000000,0.12491986
85.00000000,2459.00000000,0.12491421
85.00000000,2460.00000000,0.12490857
85.00000000,2461.00000000,0.12490288
85.00000000,2462.00000000,0.12489724
85.00000000,2463.00000000,0.12489153
85.00000000,2464.00000000,0.12488590
85.00000000,2465.00000000,0.12488026
85.00000000,2466.00000000,0.12487456
85.00000000,2467.00000000,0.12486894
85.00000000,2468.00000000,0.12486331
85.00000000,2469.00000000,0.12485761
85.00000000,2470.00000000,0.12485198
85.00000000,2471.00000000,0.12484635
85.00000000,2472.00000000,0.12484066
85.00000000,2473.00000000,0.12483503
85.00000000,2474.00000000,0.12482939
85.00000000,2475.00000000,0.12482369
85.00000000,2476.00000000,0.12481806
85.00000000,2477.00000000,0.12481235
85.00000000,2478.00000000,0.12480672
85.00000000,2479.00000000,0.12480108
85.00000000,2480.00000000,0.12479537
85.00000000,2481.00000000,0.12478973
85.00000000,2482.00000000,0.12478410
85.00000000,2483.00000000,0.12477837
85.00000000,2484.00000000,0.12477273
85.00000000,2485.00000000,0.12476707
85.00000000,2486.00000000,0.12476015
85.00000000,2487.00000000,0.12475331
85.00000000,2488.00000000,0.12474637
85.00000000,2489.00000000,0.12473951
85.00000000,2490.00000000,0.12473265
85.00000000,2491.00000000,0.12472570
85.00000000,2492.00000000,0.12471883
85.00000000,2493.00000000,0.12471196
85.00000000,2494.00000000,0.12470500
85.00000000,2495.00000000,0.12469813
85.00000000,2496.00000000,0.12469124
85.00000000,2497.00000000,0.12468426
85.00000000,2498.00000000,0.12467737
85.00000000,2499.00000000,0.12467048
85.00000000,2500.00000000,0.12466349
86.00000000,1765.00000000,0.09234831
86.00000000,1766.00000000,0.09234828
86.00000000,1767.00000000,0.09234831
86.00000000,1768.00000000,0.09234841
86.00000000,1769.00000000,0.09234880
86.00000000,1770.00000000,0.09234920
86.00000000,1771.00000000,0.09234981
86.00000000,1772.00000000,0.09235056
86.00000000,1773.00000000,0.09235159
86.00000000,1774.00000000,0.09235269
86.00000000,1775.00000000,0.09235393
86.00000000,1776.00000000,0.09235542
86.00000000,1777.00000000,0.09235704
86.00000000,1778.00000000,0.09235878
86.00000000,1779.00000000,0.09236067
86.00000000,1780.00000000,0.09236277
86.00000000,1781.00000000,0.09236504
86.00000000,1782.00000000,0.09236738
86.00000000,1783.00000000,0.09236987
86.00000000,1784.00000000,0.09237250
86.00000000,1785.00000000,0.09237520
86.00000000,1786.00000000,0.09237801
86.00000000,1787.00000000,0.09238109
86.00000000,1788.00000000,0.09238415
86.00000000,1789.00000000,0.09238727
86.00000000,1790.00000000,0.09239071
86.00000000,1791.00000000,0.09239394
86.00000000,1792.00000000,0.09239743
86.00000000,1793.00000000,0.09240103
86.00000000,1794.00000000,0.09240470
86.00000000,1795.00000000,0.09240822
86.00000000,1796.00000000,0.09241208
86.00000000,1797.00000000,0.09241589
86.00000000,1798.00000000,0.09241980
86.00000000,1799.00000000,0.09242382
86.00000000,1800.00000000,0.09242777
86.00000000,1801.00000000,0.09243182
86.00000000,1802.00000000,0.09243593
86.00000000,1803.00000000,0.09244013
86.00000000,1804.00000000,0.09244423
86.00000000,1805.00000000,0.09244847
86.00000000,1806.00000000,0.09245279
86.00000000,1807.00000000,0.09245711
86.00000000,1808.00000000,0.09246149
86.00000000,1809.00000000,0.09246585
86.00000000,1810.00000000,0.09247027
86.00000000,1811.00000000,0.09247472
86.00000000,1812.00000000,0.09247924
86.00000000,1813.00000000,0.09248373
86.00000000,1814.00000000,0.09248831
86.00000000,1815.00000000,0.09249285
86.00000000,1816.00000000,0.09249748
86.00000000,1817.00000000,0.09250209
86.00000000,1818.00000000,0.09250670
86.00000000,1819.00000000,0.09251137
86.00000000,1820.00000000,0.09251599
86.00000000,1821.00000000,0.09252068
86.00000000,1822.00000000,0.09252545
86.00000000,1823.00000000,0.09253009
86.00000000,1824.00000000,0.09253487
86.00000000,1825.00000000,0.09253967
86.00000000,1826.00000000,0.09254440
86.00000000,1827.00000000,0.09254921
86.00000000,1828.00000000,0.09255397
86.00000000,1829.00000000,0.09255883
86.00000000,1830.00000000,0.09256366
86.00000000,1831.00000000,0.09256846
86.00000000,1832.00000000,0.09257330
86.00000000,1833.00000000,0.09257813
86.00000000,1834.00000000,0.09258299
86.00000000,1835.00000000,0.09258787
86.00000000,1836.00000000,0.09259274
86.00000000,1837.00000000,0.09259763
86.00000000,1838.00000000,0.09260260
86.00000000,1839.00000000,0.09260753
86.00000000,1840.00000000,0.09261251
86.00000000,1841.00000000,0.09261746
86.00000000,1842.00000000,0.09262247
86.00000000,1843.00000000,0.09262754
86.00000000,1844.00000000,0.09263261
86.00000000,1845.00000000,0.09263773
86.00000000,1846.00000000,0.09264290
86.00000000,1847.00000000,0.09264809
86.00000000,1848.00000000,0.09265335
86.00000000,1849.00000000,0.09265869
86.00000000,1850.00000000,0.09266407
86.00000000,1851.00000000,0.09266953
86.00000000,1852.00000000,0.09268347
86.00000000,1853.00000000,0.09268950
86.00000000,1854.00000000,0.09269577
86.00000000,1855.00000000,0.09270221
86.00000000,1856.00000000,0.09270860
86.00000000,1857.00000000,0.09271788
86.00000000,1858.00000000,0.09272426
86.00000000,1859.00000000,0.09273077
86.00000000,1860.00000000,0.09273722
86.00000000,1861.00000000,0.09274378
86.00000000,1862.00000000,0.09275020
86.00000000,1863.00000000,0.09275604
86.00000000,1864.00000000,0.09276126
86.00000000,1865.00000000,0.09276610
86.00000000,1866.00000000,0.09277072
86.00000000,1867.00000000,0.09277787
86.00000000,1868.00000000,0.09278189
86.00000000,1869.00000000,0.09278580
86.00000000,1870.00000000,0.09278947
86.00000000,1871.00000000,0.09279298
86.00000000,1872.00000000,0.09279679
86.00000000,1873.00000000,0.09280142
86.00000000,1874.00000000,0.09280675
86.00000000,1875.00000000,0.09281247
86.00000000,1876.00000000,0.09281863
86.00000000,1877.00000000,0.09282794
86.00000000,1878.00000000,0.09283462
86.00000000,1879.00000000,0.09284150
86.00000000,1880.00000000,0.09284856
86.00000000,1881.00000000,0.09285569
86.00000000,1882.00000000,0.09286283
86.00000000,1883.00000000,0.09287232
86.00000000,1884.00000000,0.09287867
86.00000000,1885.00000000,0.09288467
86.00000000,1886.00000000,0.09289344
86.00000000,1887.00000000,0.09289929
86.00000000,1888.00000000,0.09291047
86.00000000,1889.00000000,0.09291300
86.00000000,1890.00000000,0.09291796
86.00000000,1891.00000000,0.09292268
86.00000000,1892.00000000,0.09292985
86.00000000,1893.00000000,0.09293411
86.00000000,1894.00000000,0.09293837
86.00000000,1895.00000000,0.09294288
86.00000000,1896.00000000,0.09294734
86.00000000,1897.00000000,0.09295474
86.00000000,1898.00000000,0.09295917
86.00000000,1899.00000000,0.09296339
86.00000000,1900.00000000,0.09296733
86.00000000,1901.00000000,0.09297373
86.00000000,1902.00000000,0.09298038
86.00000000,1903.00000000,0.09298709
86.00000000,1904.00000000,0.09299110
86.00000000,1905.00000000,0.09299541
86.00000000,1906.00000000,0.09300002
86.00000000,1907.00000000,0.09300480
86.00000000,1908.00000000,0.09301234
86.00000000,1909.00000000,0.09301980
86.00000000,1910.00000000,0.09302450
86.00000000,1911.00000000,0.09303194
86.00000000,1912.00000000,0.09303579
86.00000000,1913.00000000,0.09304150
86.00000000,1914.00000000,0.09304328
86.00000000,1915.00000000,0.09304462
86.00000000,1916.00000000,0.09306296
86.00000000,1917.00000000,0.09306156
86.00000000,1918.00000000,0.09306275
86.00000000,1919.00000000,0.09306699
86.00000000,1920.00000000,0.09306910
86.00000000,1921.00000000,0.09307484
86.00000000,1922.00000000,0.09309035
86.00000000,1923.00000000,0.09309536
86.00000000,1924.00000000,0.09310342
86.00000000,1925.00000000,0.09311136
86.00000000,1926.00000000,0.09312214
86.00000000,1927.00000000,0.09313013
86.00000000,1928.00000000,0.09314116
86.00000000,1929.00000000,0.09314930
86.00000000,1930.00000000,0.09316055
86.00000000,1931.00000000,0.09317878
86.00000000,1932.00000000,0.09318725
86.00000000,1933.00000000,0.09320525
86.00000000,1934.00000000,0.09321838
86.00000000,1935.00000000,0.09323724
86.00000000,1936.00000000,0.09325843
86.00000000,1937.00000000,0.09326735
86.00000000,1938.00000000,0.09328337
86.00000000,1939.00000000,0.09329554
86.00000000,1940.00000000,0.09332957
86.00000000,1941.00000000,0.09333978
86.00000000,1942.00000000,0.09335726
86.00000000,1943.00000000,0.09336255
86.00000000,1944.00000000,0.09336734
86.00000000,1945.00000000,0.09338344
86.00000000,1946.00000000,0.09340912
86.00000000,1947.00000000,0.09342553
86.00000000,1948.00000000,0.09343719
86.00000000,1949.00000000,0.09346309
86.00000000,1950.00000000,0.09349186
86.00000000,1951.00000000,0.09351776
86.00000000,1952.00000000,0.09353335
86.00000000,1953.00000000,0.09356405
86.00000000,1954.00000000,0.09358589
86.00000000,1955.00000000,0.09361395
86.00000000,1956.00000000,0.09363669
86.00000000,1957.00000000,0.09367068
86.00000000,1958.00000000,0.09372717
86.00000000,1959.00000000,0.09376617
86.00000000,1960.00000000,0.09374358
86.00000000,1961.00000000,0.09378700
86.00000000,1962.00000000,0.09379819
86.00000000,1963.00000000,0.09380857
86.00000000,1964.00000000,0.09381339
86.00000000,1965.00000000,0.09385208
86.00000000,1966.00000000,0.09392320
86.00000000,1967.00000000,0.09393903
86.00000000,1968.00000000,0.09397002
86.00000000,1969.00000000,0.09400693
86.00000000,1970.00000000,0.09400434
86.00000000,1971.00000000,0.09399503
86.00000000,1972.00000000,0.09398659
86.00000000,1973.00000000,0.09400227
86.00000000,1974.00000000,0.09406545
86.00000000,1975.00000000,0.09403642
86.00000000,1976.00000000,0.09408886
86.00000000,1977.00000000,0.09410503
86.00000000,1978.00000000,0.09408184
86.00000000,1979.00000000,0.09404155
86.00000000,1980.00000000,0.09404875
86.00000000,1981.00000000,0.09408431
86.00000000,1982.00000000,0.09409442
86.00000000,1983.00000000,0.09413255
86.00000000,1984.00000000,0.09418741
86.00000000,1985.00000000,0.09429432
86.00000000,1986.00000000,0.09436184
86.00000000,1987.00000000,0.09440555
86.00000000,1988.00000000,0.09443879
86.00000000,1989.00000000,0.09457585
86.00000000,1990.00000000,0.09458915
86.00000000,1991.00000000,0.09469225
86.00000000,1992.00000000,0.09481031
86.00000000,1993.00000000,0.09502168
86.00000000,1994.00000000,0.09492329
86.00000000,1995.00000000,0.09501936
86.00000000,1996.00000000,0.09511265
86.00000000,1997.00000000,0.09515774
86.00000000,1998.00000000,0.09527468
86.00000000,1999.00000000,0.09544999
86.00000000,2000.00000000,0.09518618
86.00000000,2001.00000000,0.09514893
86.00000000,2002.00000000,0.09532107
86.00000000,2003.00000000,0.09546833
86.00000000,2004.00000000,0.09541004
86.00000000,2005.00000000,0.09503862
86.00000000,2006.00000000,0.09537789
86.00000000,2007.00000000,0.09500049
86.00000000,2008.00000000,0.09509673
86.00000000,2009.00000000,0.09542118
86.00000000,2010.00000000,0.09537433
86.00000000,2011.00000000,0.09537761
86.00000000,2012.00000000,0.09536699
86.00000000,2013.00000000,0.09555120
86.00000000,2014.00000000,0.09552086
86.00000000,2015.00000000,0.09570130
86.00000000,2016.00000000,0.09540078
86.00000000,2017.00000000,0.09503917
86.00000000,2018.00000000,0.09473069
86.00000000,2019.00000000,0.09480571
86.00000000,2020.00000000,0.09497302
86.00000000,2021.00000000,0.09506678
86.00000000,2022.00000000,0.09529472
86.00000000,2023.00000000,0.09545491
86.00000000,2024.00000000,0.09521153
86.00000000,2025.00000000,0.09529050
86.00000000,2026.00000000,0.09552592
86.00000000,2027.00000000,0.09556296
86.00000000,2028.00000000,0.09552565
86.00000000,2029.00000000,0.09560109
86.00000000,2030.00000000,0.09552038
86.00000000,2031.00000000,0.09485134
86.00000000,2032.00000000,0.09500798
86.00000000,2033.00000000,0.09537291
86.00000000,2034.00000000,0.09552732
86.00000000,2035.00000000,0.09533542
86.00000000,2036.00000000,0.09585563
86.00000000,2037.00000000,0.09617651
86.00000000,2038.00000000,0.09619784
86.00000000,2039.00000000,0.09626516
86.00000000,2040.00000000,0.09627544
86.00000000,2041.00000000,0.09670316
86.00000000,2042.00000000,0.09701337
86.00000000,2043.00000000,0.09720602
86.00000000,2044.00000000,0.09731089
86.00000000,2045.00000000,0.09760850
86.00000000,2046.00000000,0.09785859
86.00000000,2047.00000000,0.09784378
86.00000000,2048.00000000,0.09806733
86.00000000,2049.00000000,0.09840256
86.00000000,2050.00000000,0.09876868
86.00000000,2051.00000000,0.09907191
86.00000000,2052.00000000,0.09943546
86.00000000,2053.00000000,0.09965367
86.00000000,2054.00000000,0.10005995
86.00000000,2055.00000000,0.10055799
86.00000000,2056.00000000,0.10122424
86.00000000,2057.00000000,0.10156731
86.00000000,2058.00000000,0.10194344
86.00000000,2059.00000000,0.10249780
86.00000000,2060.00000000,0.10245107
86.00000000,2061.00000000,0.10230428
86.00000000,2062.00000000,0.10293971
86.00000000,2063.00000000,0.10325415
86.00000000,2064.00000000,0.10338570
86.00000000,2065.00000000,0.10405776
86.00000000,2066.00000000,0.10384859
86.00000000,2067.00000000,0.10335736
86.00000000,2068.00000000,0.10319026
86.00000000,2069.00000000,0.10308862
86.00000000,2070.00000000,0.10350186
86.00000000,2071.00000000,0.10384918
86.00000000,2072.00000000,0.10422975
86.00000000,2073.00000000,0.10455331
86.00000000,2074.00000000,0.10505544
86.00000000,2075.00000000,0.10533792
86.00000000,2076.00000000,0.10544260
86.00000000,2077.00000000,0.10564300
86.00000000,2078.00000000,0.10531127
86.00000000,2079.00000000,0.10529938
86.00000000,2080.00000000,0.10557843
86.00000000,2081.00000000,0.10589122
86.00000000,2082.00000000,0.10622762
86.00000000,2083.00000000,0.10649330
86.00000000,2084.00000000,0.10640497
86.00000000,2085.00000000,0.10635203
86.00000000,2086.00000000,0.10677557
86.00000000,2087.00000000,0.10719041
86.00000000,2088.00000000,0.10733542
86.00000000,2089.00000000,0.10820698
86.00000000,2090.00000000,0.10920628
86.00000000,2091.00000000,0.10998815
86.00000000,2092.00000000,0.11049771
86.00000000,2093.00000000,0.11101198
86.00000000,2094.00000000,0.11153100
86.00000000,2095.00000000,0.11205416
86.00000000,2096.00000000,0.11258139
86.00000000,2097.00000000,0.11329007
86.00000000,2098.00000000,0.11400261
86.00000000,2099.00000000,0.11471894
86.00000000,2100.00000000,0.11543896
86.00000000,2101.00000000,0.11616251
86.00000000,2102.00000000,0.11688986
86.00000000,2103.00000000,0.11762114
86.00000000,2104.00000000,0.11835646
86.00000000,2105.00000000,0.11909579
86.00000000,2106.00000000,0.11983898
86.00000000,2107.00000000,0.12050779
86.00000000,2108.00000000,0.12118036
86.00000000,2109.00000000,0.12185646
86.00000000,2110.00000000,0.12253602
86.00000000,2111.00000000,0.12321902
86.00000000,2112.00000000,0.12390529
86.00000000,2113.00000000,0.12459481
86.00000000,2114.00000000,0.12528745
86.00000000,2115.00000000,0.12598324
86.00000000,2116.00000000,0.12668216
86.00000000,2117.00000000,0.12754623
86.00000000,2118.00000000,0.12841318
86.00000000,2119.00000000,0.12928309
86.00000000,2120.00000000,0.13015573
86.00000000,2121.00000000,0.13103094
86.00000000,2122.00000000,0.13190866
86.00000000,2123.00000000,0.13278878
86.00000000,2124.00000000,0.13367124
86.00000000,2125.00000000,0.13455590
86.00000000,2126.00000000,0.13544261
86.00000000,2127.00000000,0.13644953
86.00000000,2128.00000000,0.13745844
86.00000000,2129.00000000,0.13846917
86.00000000,2130.00000000,0.13948169
86.00000000,2131.00000000,0.14049576
86.00000000,2132.00000000,0.14151130
86.00000000,2133.00000000,0.14252819
86.00000000,2134.00000000,0.14354616
86.00000000,2135.00000000,0.14456527
86.00000000,2136.00000000,0.14558528
86.00000000,2137.00000000,0.14659933
86.00000000,2138.00000000,0.14761404
86.00000000,2139.00000000,0.14862922
86.00000000,2140.00000000,0.14964461
86.00000000,2141.00000000,0.15066029
86.00000000,2142.00000000,0.15167599
86.00000000,2143.00000000,0.15269148
86.00000000,2144.00000000,0.15370676
86.00000000,2145.00000000,0.15472155
86.00000000,2146.00000000,0.15573558
86.00000000,2147.00000000,0.15649109
86.00000000,2148.00000000,0.15724549
86.00000000,2149.00000000,0.15799879
86.00000000,2150.00000000,0.15875083
86.00000000,2151.00000000,0.15950245
86.00000000,2152.00000000,0.16025604
86.00000000,2153.00000000,0.16101383
86.00000000,2154.00000000,0.16177690
86.00000000,2155.00000000,0.16254576
86.00000000,2156.00000000,0.16332056
86.00000000,2157.00000000,0.16386882
86.00000000,2158.00000000,0.16442260
86.00000000,2159.00000000,0.16498156
86.00000000,2160.00000000,0.16554565
86.00000000,2161.00000000,0.16611458
86.00000000,2162.00000000,0.16668804
86.00000000,2163.00000000,0.16726601
86.00000000,2164.00000000,0.16784818
86.00000000,2165.00000000,0.16843429
86.00000000,2166.00000000,0.16902421
86.00000000,2167.00000000,0.16948769
86.00000000,2168.00000000,0.16995426
86.00000000,2169.00000000,0.17042399
86.00000000,2170.00000000,0.17089658
86.00000000,2171.00000000,0.17137200
86.00000000,2172.00000000,0.17185006
86.00000000,2173.00000000,0.17233054
86.00000000,2174.00000000,0.17281351
86.00000000,2175.00000000,0.17329873
86.00000000,2176.00000000,0.17378605
86.00000000,2177.00000000,0.17414075
86.00000000,2178.00000000,0.17449709
86.00000000,2179.00000000,0.17485497
86.00000000,2180.00000000,0.17521442
86.00000000,2181.00000000,0.17557530
86.00000000,2182.00000000,0.17593745
86.00000000,2183.00000000,0.17630102
86.00000000,2184.00000000,0.17666579
86.00000000,2185.00000000,0.17703176
86.00000000,2186.00000000,0.17739882
86.00000000,2187.00000000,0.17766295
86.00000000,2188.00000000,0.17792785
86.00000000,2189.00000000,0.17819350
86.00000000,2190.00000000,0.17845981
86.00000000,2191.00000000,0.17872684
86.00000000,2192.00000000,0.17899450
86.00000000,2193.00000000,0.17926268
86.00000000,2194.00000000,0.17953149
86.00000000,2195.00000000,0.17980082
86.00000000,2196.00000000,0.18007070
86.00000000,2197.00000000,0.18034106
86.00000000,2198.00000000,0.18061185
86.00000000,2199.00000000,0.18088311
86.00000000,2200.00000000,0.18115479
86.00000000,2201.00000000,0.18142679
86.00000000,2202.00000000,0.18169921
86.00000000,2203.00000000,0.18197196
86.00000000,2204.00000000,0.18224498
86.00000000,2205.00000000,0.18251836
86.00000000,2206.00000000,0.18279202
86.00000000,2207.00000000,0.18306587
86.00000000,2208.00000000,0.18334005
86.00000000,2209.00000000,0.18361435
86.00000000,2210.00000000,0.18388892
86.00000000,2211.00000000,0.18416369
86.00000000,2212.00000000,0.18443854
86.00000000,2213.00000000,0.18471359
86.00000000,2214.00000000,0.18498877
86.00000000,2215.00000000,0.18526404
86.00000000,2216.00000000,0.18553941
86.00000000,2217.00000000,0.18581484
86.00000000,2218.00000000,0.18609029
86.00000000,2219.00000000,0.18636579
86.00000000,2220.00000000,0.18664125
86.00000000,2221.00000000,0.18691675
86.00000000,2222.00000000,0.18719221
86.00000000,2223.00000000,0.18746755
86.00000000,2224.00000000,0.18774286
86.00000000,2225.00000000,0.18801807
86.00000000,2226.00000000,0.18829312
86.00000000,2227.00000000,0.18856805
86.00000000,2228.00000000,0.18884283
86.00000000,2229.00000000,0.18911734
86.00000000,2230.00000000,0.18939171
86.00000000,2231.00000000,0.18966576
86.00000000,2232.00000000,0.18993959
86.00000000,2233.00000000,0.19021309
86.00000000,2234.00000000,0.19048615
86.00000000,2235.00000000,0.19075883
86.00000000,2236.00000000,0.19103094
86.00000000,2237.00000000,0.19056575
86.00000000,2238.00000000,0.19009818
86.00000000,2239.00000000,0.18962823
86.00000000,2240.00000000,0.18915592
86.00000000,2241.00000000,0.18868141
86.00000000,2242.00000000,0.18820470
86.00000000,2243.00000000,0.18772578
86.00000000,2244.00000000,0.18724483
86.00000000,2245.00000000,0.18676178
86.00000000,2246.00000000,0.18627679
86.00000000,2247.00000000,0.18578985
86.00000000,2248.00000000,0.18530097
86.00000000,2249.00000000,0.18481005
86.00000000,2250.00000000,0.18431589
86.00000000,2251.00000000,0.18381616
86.00000000,2252.00000000,0.18330884
86.00000000,2253.00000000,0.18279279
86.00000000,2254.00000000,0.18226752
86.00000000,2255.00000000,0.18173317
86.00000000,2256.00000000,0.18118965
86.00000000,2257.00000000,0.18063730
86.00000000,2258.00000000,0.18007615
86.00000000,2259.00000000,0.17950647
86.00000000,2260.00000000,0.17892855
86.00000000,2261.00000000,0.17834271
86.00000000,2262.00000000,0.17774925
86.00000000,2263.00000000,0.17714864
86.00000000,2264.00000000,0.17654113
86.00000000,2265.00000000,0.17592698
86.00000000,2266.00000000,0.17530649
86.00000000,2267.00000000,0.17467981
86.00000000,2268.00000000,0.17404713
86.00000000,2269.00000000,0.17340873
86.00000000,2270.00000000,0.17276473
86.00000000,2271.00000000,0.17211540
86.00000000,2272.00000000,0.17146085
86.00000000,2273.00000000,0.17080125
86.00000000,2274.00000000,0.17013681
86.00000000,2275.00000000,0.16946771
86.00000000,2276.00000000,0.16879402
86.00000000,2277.00000000,0.16811600
86.00000000,2278.00000000,0.16743377
86.00000000,2279.00000000,0.16674740
86.00000000,2280.00000000,0.16605718
86.00000000,2281.00000000,0.16536311
86.00000000,2282.00000000,0.16466540
86.00000000,2283.00000000,0.16396418
86.00000000,2284.00000000,0.16325950
86.00000000,2285.00000000,0.16255156
86.00000000,2286.00000000,0.16184045
86.00000000,2287.00000000,0.16112623
86.00000000,2288.00000000,0.16040909
86.00000000,2289.00000000,0.15968911
86.00000000,2290.00000000,0.15896634
86.00000000,2291.00000000,0.15824095
86.00000000,2292.00000000,0.15751302
86.00000000,2293.00000000,0.15678259
86.00000000,2294.00000000,0.15604983
86.00000000,2295.00000000,0.15531474
86.00000000,2296.00000000,0.15457752
86.00000000,2297.00000000,0.15383818
86.00000000,2298.00000000,0.15309677
86.00000000,2299.00000000,0.15235344
86.00000000,2300.00000000,0.15160825
86.00000000,2301.00000000,0.15086121
86.00000000,2302.00000000,0.15011247
86.00000000,2303.00000000,0.14936203
86.00000000,2304.00000000,0.14860995
86.00000000,2305.00000000,0.14785636
86.00000000,2306.00000000,0.14710123
86.00000000,2307.00000000,0.14634472
86.00000000,2308.00000000,0.14558682
86.00000000,2309.00000000,0.14482760
86.00000000,2310.00000000,0.14406718
86.00000000,2311.00000000,0.14330557
86.00000000,2312.00000000,0.14254279
86.00000000,2313.00000000,0.14177897
86.00000000,2314.00000000,0.14101413
86.00000000,2315.00000000,0.14024828
86.00000000,2316.00000000,0.13948154
86.00000000,2317.00000000,0.13871390
86.00000000,2318.00000000,0.13794548
86.00000000,2319.00000000,0.13717629
86.00000000,2320.00000000,0.13640633
86.00000000,2321.00000000,0.13563572
86.00000000,2322.00000000,0.13486448
86.00000000,2323.00000000,0.13409260
86.00000000,2324.00000000,0.13332021
86.00000000,2325.00000000,0.13254731
86.00000000,2326.00000000,0.13177389
86.00000000,2327.00000000,0.13100009
86.00000000,2328.00000000,0.13022589
86.00000000,2329.00000000,0.12945131
86.00000000,2330.00000000,0.12867645
86.00000000,2331.00000000,0.12790129
86.00000000,2332.00000000,0.12712595
86.00000000,2333.00000000,0.12635045
86.00000000,2334.00000000,0.12557485
86.00000000,2335.00000000,0.12496346
86.00000000,2336.00000000,0.12483550
86.00000000,2337.00000000,0.12483983
86.00000000,2338.00000000,0.12484444
86.00000000,2339.00000000,0.12484929
86.00000000,2340.00000000,0.12485433
86.00000000,2341.00000000,0.12485963
86.00000000,2342.00000000,0.12488582
86.00000000,2343.00000000,0.12491227
86.00000000,2344.00000000,0.12493893
86.00000000,2345.00000000,0.12496577
86.00000000,2346.00000000,0.12499282
86.00000000,2347.00000000,0.12497911
86.00000000,2348.00000000,0.12496553
86.00000000,2349.00000000,0.12495216
86.00000000,2350.00000000,0.12493896
86.00000000,2351.00000000,0.12492586
86.00000000,2352.00000000,0.12491297
86.00000000,2353.00000000,0.12490024
86.00000000,2354.00000000,0.12488761
86.00000000,2355.00000000,0.12487517
86.00000000,2356.00000000,0.12486286
86.00000000,2357.00000000,0.12485071
86.00000000,2358.00000000,0.12483871
86.00000000,2359.00000000,0.12482681
86.00000000,2360.00000000,0.12481508
86.00000000,2361.00000000,0.12480347
86.00000000,2362.00000000,0.12479020
86.00000000,2363.00000000,0.12477707
86.00000000,2364.00000000,0.12476408
86.00000000,2365.00000000,0.12475115
86.00000000,2366.00000000,0.12473839
86.00000000,2367.00000000,0.12472568
86.00000000,2368.00000000,0.12471314
86.00000000,2369.00000000,0.12470070
86.00000000,2370.00000000,0.12468833
86.00000000,2371.00000000,0.12467609
86.00000000,2372.00000000,0.12466396
86.00000000,2373.00000000,0.12465189
86.00000000,2374.00000000,0.12463993
86.00000000,2375.00000000,0.12462809
86.00000000,2376.00000000,0.12461629
86.00000000,2377.00000000,0.12460461
86.00000000,2378.00000000,0.12459299
86.00000000,2379.00000000,0.12458149
86.00000000,2380.00000000,0.12457006
86.00000000,2381.00000000,0.12455868
86.00000000,2382.00000000,0.12454742
86.00000000,2383.00000000,0.12453624
86.00000000,2384.00000000,0.12452508
86.00000000,2385.00000000,0.12451404
86.00000000,2386.00000000,0.12450307
86.00000000,2387.00000000,0.12449607
86.00000000,2388.00000000,0.12448919
86.00000000,2389.00000000,0.12448237
86.00000000,2390.00000000,0.12447558
86.00000000,2391.00000000,0.12446889
86.00000000,2392.00000000,0.12446222
86.00000000,2393.00000000,0.12445566
86.00000000,2394.00000000,0.12444916
86.00000000,2395.00000000,0.12444267
86.00000000,2396.00000000,0.12443628
86.00000000,2397.00000000,0.12442994
86.00000000,2398.00000000,0.12442361
86.00000000,2399.00000000,0.12441738
86.00000000,2400.00000000,0.12441122
86.00000000,2401.00000000,0.12440504
86.00000000,2402.00000000,0.12439896
86.00000000,2403.00000000,0.12439289
86.00000000,2404.00000000,0.12438693
86.00000000,2405.00000000,0.12438102
86.00000000,2406.00000000,0.12437510
86.00000000,2407.00000000,0.12436930
86.00000000,2408.00000000,0.12436353
86.00000000,2409.00000000,0.12435777
86.00000000,2410.00000000,0.12435209
86.00000000,2411.00000000,0.12434647
86.00000000,2412.00000000,0.12434084
86.00000000,2413.00000000,0.12433530
86.00000000,2414.00000000,0.12432980
86.00000000,2415.00000000,0.12432430
86.00000000,2416.00000000,0.12431888
86.00000000,2417.00000000,0.12431344
86.00000000,2418.00000000,0.12430810
86.00000000,2419.00000000,0.12430280
86.00000000,2420.00000000,0.12429748
86.00000000,2421.00000000,0.12429224
86.00000000,2422.00000000,0.12428704
86.00000000,2423.00000000,0.12428180
86.00000000,2424.00000000,0.12427666
86.00000000,2425.00000000,0.12427155
86.00000000,2426.00000000,0.12426642
86.00000000,2427.00000000,0.12426136
86.00000000,2428.00000000,0.12425627
86.00000000,2429.00000000,0.12425127
86.00000000,2430.00000000,0.12424629
86.00000000,2431.00000000,0.12424127
86.00000000,2432.00000000,0.12423635
86.00000000,2433.00000000,0.12423144
86.00000000,2434.00000000,0.12422651
86.00000000,2435.00000000,0.12422164
86.00000000,2436.00000000,0.12421681
86.00000000,2437.00000000,0.12421079
86.00000000,2438.00000000,0.12420487
86.00000000,2439.00000000,0.12419896
86.00000000,2440.00000000,0.12419301
86.00000000,2441.00000000,0.12418714
86.00000000,2442.00000000,0.12418122
86.00000000,2443.00000000,0.12417538
86.00000000,2444.00000000,0.12416955
86.00000000,2445.00000000,0.12416368
86.00000000,2446.00000000,0.12415788
86.00000000,2447.00000000,0.12415209
86.00000000,2448.00000000,0.12414625
86.00000000,2449.00000000,0.12414049
86.00000000,2450.00000000,0.12413475
86.00000000,2451.00000000,0.12412895
86.00000000,2452.00000000,0.12412323
86.00000000,2453.00000000,0.12411743
86.00000000,2454.00000000,0.12411172
86.00000000,2455.00000000,0.12410602
86.00000000,2456.00000000,0.12410023
86.00000000,2457.00000000,0.12409453
86.00000000,2458.00000000,0.12408883
86.00000000,2459.00000000,0.12408307
86.00000000,2460.00000000,0.12407737
86.00000000,2461.00000000,0.12407168
86.00000000,2462.00000000,0.12406593
86.00000000,2463.00000000,0.12406023
86.00000000,2464.00000000,0.12405448
86.00000000,2465.00000000,0.12404879
86.00000000,2466.00000000,0.12404312
86.00000000,2467.00000000,0.12403736
86.00000000,2468.00000000,0.12403167
86.00000000,2469.00000000,0.12402599
86.00000000,2470.00000000,0.12402025
86.00000000,2471.00000000,0.12401457
86.00000000,2472.00000000,0.12400889
86.00000000,2473.00000000,0.12400312
86.00000000,2474.00000000,0.12399745
86.00000000,2475.00000000,0.12399176
86.00000000,2476.00000000,0.12398600
86.00000000,2477.00000000,0.12398033
86.00000000,2478.00000000,0.12397456
86.00000000,2479.00000000,0.12396888
86.00000000,2480.00000000,0.12396320
86.00000000,2481.00000000,0.12395742
86.00000000,2482.00000000,0.12395174
86.00000000,2483.00000000,0.12394604
86.00000000,2484.00000000,0.12394028
86.00000000,2485.00000000,0.12393459
86.00000000,2486.00000000,0.12392888
86.00000000,2487.00000000,0.12392192
86.00000000,2488.00000000,0.12391502
86.00000000,2489.00000000,0.12390803
86.00000000,2490.00000000,0.12390114
86.00000000,2491.00000000,0.12389424
86.00000000,2492.00000000,0.12388724
86.00000000,2493.00000000,0.12388033
86.00000000,2494.00000000,0.12387341
86.00000000,2495.00000000,0.12386641
86.00000000,2496.00000000,0.12385949
86.00000000,2497.00000000,0.12385256
86.00000000,2498.00000000,0.12384554
86.00000000,2499.00000000,0.12383861
86.00000000,2500.00000000,0.12383167
87.00000000,1765.00000000,0.09164184
87.00000000,1766.00000000,0.09164196
87.00000000,1767.00000000,0.09164197
87.00000000,1768.00000000,0.09164211
87.00000000,1769.00000000,0.09164234
87.00000000,1770.00000000,0.09164288
87.00000000,1771.00000000,0.09164344
87.00000000,1772.00000000,0.09164421
87.00000000,1773.00000000,0.09164512
87.00000000,1774.00000000,0.09164632
87.00000000,1775.00000000,0.09164759
87.00000000,1776.00000000,0.09164899
87.00000000,1777.00000000,0.09165062
87.00000000,1778.00000000,0.09165241
87.00000000,1779.00000000,0.09165429
87.00000000,1780.00000000,0.09165634
87.00000000,1781.00000000,0.09165857
87.00000000,1782.00000000,0.09166096
87.00000000,1783.00000000,0.09166343
87.00000000,1784.00000000,0.09166604
87.00000000,1785.00000000,0.09166877
87.00000000,1786.00000000,0.09167159
87.00000000,1787.00000000,0.09167450
87.00000000,1788.00000000,0.09167767
87.00000000,1789.00000000,0.09168084
87.00000000,1790.00000000,0.09168403
87.00000000,1791.00000000,0.09168756
87.00000000,1792.00000000,0.09169087
87.00000000,1793.00000000,0.09169441
87.00000000,1794.00000000,0.09169809
87.00000000,1795.00000000,0.09170182
87.00000000,1796.00000000,0.09170539
87.00000000,1797.00000000,0.09170931
87.00000000,1798.00000000,0.09171317
87.00000000,1799.00000000,0.09171711
87.00000000,1800.00000000,0.09172119
87.00000000,1801.00000000,0.09172517
87.00000000,1802.00000000,0.09172924
87.00000000,1803.00000000,0.09173338
87.00000000,1804.00000000,0.09173759
87.00000000,1805.00000000,0.09174174
87.00000000,1806.00000000,0.09174600
87.00000000,1807.00000000,0.09175033
87.00000000,1808.00000000,0.09175467
87.00000000,1809.00000000,0.09175907
87.00000000,1810.00000000,0.09176344
87.00000000,1811.00000000,0.09176789
87.00000000,1812.00000000,0.09177234
87.00000000,1813.00000000,0.09177686
87.00000000,1814.00000000,0.09178136
87.00000000,1815.00000000,0.09178594
87.00000000,1816.00000000,0.09179048
87.00000000,1817.00000000,0.09179510
87.00000000,1818.00000000,0.09179970
87.00000000,1819.00000000,0.09180430
87.00000000,1820.00000000,0.09180895
87.00000000,1821.00000000,0.09181357
87.00000000,1822.00000000,0.09181825
87.00000000,1823.00000000,0.09182300
87.00000000,1824.00000000,0.09182764
87.00000000,1825.00000000,0.09183240
87.00000000,1826.00000000,0.09183717
87.00000000,1827.00000000,0.09184188
87.00000000,1828.00000000,0.09184667
87.00000000,1829.00000000,0.09185141
87.00000000,1830.00000000,0.09185623
87.00000000,1831.00000000,0.09186101
87.00000000,1832.00000000,0.09186578
87.00000000,1833.00000000,0.09187057
87.00000000,1834.00000000,0.09187536
87.00000000,1835.00000000,0.09188020
87.00000000,1836.00000000,0.09188503
87.00000000,1837.00000000,0.09188986
87.00000000,1838.00000000,0.09189472
87.00000000,1839.00000000,0.09189963
87.00000000,1840.00000000,0.09190453
87.00000000,1841.00000000,0.09190944
87.00000000,1842.00000000,0.09191435
87.00000000,1843.00000000,0.09191933
87.00000000,1844.00000000,0.09192433
87.00000000,1845.00000000,0.09192934
87.00000000,1846.00000000,0.09193443
87.00000000,1847.00000000,0.09193950
87.00000000,1848.00000000,0.09194465
87.00000000,1849.00000000,0.09194988
87.00000000,1850.00000000,0.09195511
87.00000000,1851.00000000,0.09196044
87.00000000,1852.00000000,0.09196577
87.00000000,1853.00000000,0.09198002
87.00000000,1854.00000000,0.09198619
87.00000000,1855.00000000,0.09199243
87.00000000,1856.00000000,0.09199865
87.00000000,1857.00000000,0.09200494
87.00000000,1858.00000000,0.09201403
87.00000000,1859.00000000,0.09202036
87.00000000,1860.00000000,0.09202672
87.00000000,1861.00000000,0.09203311
87.00000000,1862.00000000,0.09203937
87.00000000,1863.00000000,0.09204505
87.00000000,1864.00000000,0.09205022
87.00000000,1865.00000000,0.09205498
87.00000000,1866.00000000,0.09205935
87.00000000,1867.00000000,0.09206365
87.00000000,1868.00000000,0.09207037
87.00000000,1869.00000000,0.09207413
87.00000000,1870.00000000,0.09207767
87.00000000,1871.00000000,0.09208117
87.00000000,1872.00000000,0.09208478
87.00000000,1873.00000000,0.09208938
87.00000000,1874.00000000,0.09209456
87.00000000,1875.00000000,0.09210024
87.00000000,1876.00000000,0.09210629
87.00000000,1877.00000000,0.09211257
87.00000000,1878.00000000,0.09212206
87.00000000,1879.00000000,0.09212881
87.00000000,1880.00000000,0.09213578
87.00000000,1881.00000000,0.09214277
87.00000000,1882.00000000,0.09214991
87.00000000,1883.00000000,0.09215643
87.00000000,1884.00000000,0.09216546
87.00000000,1885.00000000,0.09217141
87.00000000,1886.00000000,0.09217723
87.00000000,1887.00000000,0.09218574
87.00000000,1888.00000000,0.09219135
87.00000000,1889.00000000,0.09220218
87.00000000,1890.00000000,0.09220430
87.00000000,1891.00000000,0.09220889
87.00000000,1892.00000000,0.09221317
87.00000000,1893.00000000,0.09222020
87.00000000,1894.00000000,0.09222435
87.00000000,1895.00000000,0.09222877
87.00000000,1896.00000000,0.09223324
87.00000000,1897.00000000,0.09223765
87.00000000,1898.00000000,0.09224483
87.00000000,1899.00000000,0.09224904
87.00000000,1900.00000000,0.09225282
87.00000000,1901.00000000,0.09225642
87.00000000,1902.00000000,0.09226297
87.00000000,1903.00000000,0.09226960
87.00000000,1904.00000000,0.09227645
87.00000000,1905.00000000,0.09228060
87.00000000,1906.00000000,0.09228517
87.00000000,1907.00000000,0.09228988
87.00000000,1908.00000000,0.09229454
87.00000000,1909.00000000,0.09230192
87.00000000,1910.00000000,0.09230939
87.00000000,1911.00000000,0.09231391
87.00000000,1912.00000000,0.09232053
87.00000000,1913.00000000,0.09232336
87.00000000,1914.00000000,0.09232790
87.00000000,1915.00000000,0.09232922
87.00000000,1916.00000000,0.09233049
87.00000000,1917.00000000,0.09234874
87.00000000,1918.00000000,0.09234711
87.00000000,1919.00000000,0.09234844
87.00000000,1920.00000000,0.09235326
87.00000000,1921.00000000,0.09235615
87.00000000,1922.00000000,0.09236303
87.00000000,1923.00000000,0.09237920
87.00000000,1924.00000000,0.09238439
87.00000000,1925.00000000,0.09239217
87.00000000,1926.00000000,0.09240000
87.00000000,1927.00000000,0.09241065
87.00000000,1928.00000000,0.09241873
87.00000000,1929.00000000,0.09242956
87.00000000,1930.00000000,0.09243784
87.00000000,1931.00000000,0.09245025
87.00000000,1932.00000000,0.09246986
87.00000000,1933.00000000,0.09247921
87.00000000,1934.00000000,0.09249775
87.00000000,1935.00000000,0.09251080
87.00000000,1936.00000000,0.09252888
87.00000000,1937.00000000,0.09254885
87.00000000,1938.00000000,0.09255619
87.00000000,1939.00000000,0.09257099
87.00000000,1940.00000000,0.09258229
87.00000000,1941.00000000,0.09261485
87.00000000,1942.00000000,0.09262372
87.00000000,1943.00000000,0.09264021
87.00000000,1944.00000000,0.09264487
87.00000000,1945.00000000,0.09264955
87.00000000,1946.00000000,0.09266662
87.00000000,1947.00000000,0.09269411
87.00000000,1948.00000000,0.09271130
87.00000000,1949.00000000,0.09272293
87.00000000,1950.00000000,0.09274844
87.00000000,1951.00000000,0.09277679
87.00000000,1952.00000000,0.09280325
87.00000000,1953.00000000,0.09281883
87.00000000,1954.00000000,0.09284924
87.00000000,1955.00000000,0.09287114
87.00000000,1956.00000000,0.09289899
87.00000000,1957.00000000,0.09292112
87.00000000,1958.00000000,0.09295430
87.00000000,1959.00000000,0.09300965
87.00000000,1960.00000000,0.09304613
87.00000000,1961.00000000,0.09302166
87.00000000,1962.00000000,0.09306368
87.00000000,1963.00000000,0.09307379
87.00000000,1964.00000000,0.09308280
87.00000000,1965.00000000,0.09308594
87.00000000,1966.00000000,0.09312268
87.00000000,1967.00000000,0.09319169
87.00000000,1968.00000000,0.09320563
87.00000000,1969.00000000,0.09323378
87.00000000,1970.00000000,0.09326753
87.00000000,1971.00000000,0.09326100
87.00000000,1972.00000000,0.09324678
87.00000000,1973.00000000,0.09323415
87.00000000,1974.00000000,0.09324618
87.00000000,1975.00000000,0.09330683
87.00000000,1976.00000000,0.09327743
87.00000000,1977.00000000,0.09332963
87.00000000,1978.00000000,0.09334548
87.00000000,1979.00000000,0.09332201
87.00000000,1980.00000000,0.09328122
87.00000000,1981.00000000,0.09328817
87.00000000,1982.00000000,0.09332581
87.00000000,1983.00000000,0.09334094
87.00000000,1984.00000000,0.09338372
87.00000000,1985.00000000,0.09344202
87.00000000,1986.00000000,0.09355041
87.00000000,1987.00000000,0.09361850
87.00000000,1988.00000000,0.09366212
87.00000000,1989.00000000,0.09369473
87.00000000,1990.00000000,0.09383022
87.00000000,1991.00000000,0.09384312
87.00000000,1992.00000000,0.09394612
87.00000000,1993.00000000,0.09406408
87.00000000,1994.00000000,0.09427537
87.00000000,1995.00000000,0.09417885
87.00000000,1996.00000000,0.09427452
87.00000000,1997.00000000,0.09436662
87.00000000,1998.00000000,0.09441059
87.00000000,1999.00000000,0.09452654
87.00000000,2000.00000000,0.09470092
87.00000000,2001.00000000,0.09443875
87.00000000,2002.00000000,0.09440113
87.00000000,2003.00000000,0.09457214
87.00000000,2004.00000000,0.09471690
87.00000000,2005.00000000,0.09465571
87.00000000,2006.00000000,0.09428209
87.00000000,2007.00000000,0.09461398
87.00000000,2008.00000000,0.09423496
87.00000000,2009.00000000,0.09432657
87.00000000,2010.00000000,0.09464502
87.00000000,2011.00000000,0.09459525
87.00000000,2012.00000000,0.09459524
87.00000000,2013.00000000,0.09458138
87.00000000,2014.00000000,0.09476082
87.00000000,2015.00000000,0.09472729
87.00000000,2016.00000000,0.09490309
87.00000000,2017.00000000,0.09460166
87.00000000,2018.00000000,0.09423977
87.00000000,2019.00000000,0.09393080
87.00000000,2020.00000000,0.09400247
87.00000000,2021.00000000,0.09416599
87.00000000,2022.00000000,0.09425674
87.00000000,2023.00000000,0.09448089
87.00000000,2024.00000000,0.09463815
87.00000000,2025.00000000,0.09439517
87.00000000,2026.00000000,0.09447213
87.00000000,2027.00000000,0.09470451
87.00000000,2028.00000000,0.09474012
87.00000000,2029.00000000,0.09470206
87.00000000,2030.00000000,0.09477593
87.00000000,2031.00000000,0.09469482
87.00000000,2032.00000000,0.09402995
87.00000000,2033.00000000,0.09418388
87.00000000,2034.00000000,0.09454418
87.00000000,2035.00000000,0.09469560
87.00000000,2036.00000000,0.09450339
87.00000000,2037.00000000,0.09501754
87.00000000,2038.00000000,0.09533405
87.00000000,2039.00000000,0.09535343
87.00000000,2040.00000000,0.09541849
87.00000000,2041.00000000,0.09542697
87.00000000,2042.00000000,0.09584931
87.00000000,2043.00000000,0.09615482
87.00000000,2044.00000000,0.09634359
87.00000000,2045.00000000,0.09644522
87.00000000,2046.00000000,0.09673801
87.00000000,2047.00000000,0.09698370
87.00000000,2048.00000000,0.09696673
87.00000000,2049.00000000,0.09718623
87.00000000,2050.00000000,0.09751656
87.00000000,2051.00000000,0.09787759
87.00000000,2052.00000000,0.09817635
87.00000000,2053.00000000,0.09853502
87.00000000,2054.00000000,0.09874966
87.00000000,2055.00000000,0.09915085
87.00000000,2056.00000000,0.09964311
87.00000000,2057.00000000,0.10030219
87.00000000,2058.00000000,0.10064090
87.00000000,2059.00000000,0.10101243
87.00000000,2060.00000000,0.10156072
87.00000000,2061.00000000,0.10151327
87.00000000,2062.00000000,0.10136728
87.00000000,2063.00000000,0.10199751
87.00000000,2064.00000000,0.10231008
87.00000000,2065.00000000,0.10244158
87.00000000,2066.00000000,0.10310908
87.00000000,2067.00000000,0.10290301
87.00000000,2068.00000000,0.10241722
87.00000000,2069.00000000,0.10225275
87.00000000,2070.00000000,0.10215311
87.00000000,2071.00000000,0.10256408
87.00000000,2072.00000000,0.10291014
87.00000000,2073.00000000,0.10328972
87.00000000,2074.00000000,0.10361308
87.00000000,2075.00000000,0.10411364
87.00000000,2076.00000000,0.10439637
87.00000000,2077.00000000,0.10450282
87.00000000,2078.00000000,0.10470403
87.00000000,2079.00000000,0.10437740
87.00000000,2080.00000000,0.10436778
87.00000000,2081.00000000,0.10464662
87.00000000,2082.00000000,0.10495909
87.00000000,2083.00000000,0.10529517
87.00000000,2084.00000000,0.10556119
87.00000000,2085.00000000,0.10547607
87.00000000,2086.00000000,0.10542596
87.00000000,2087.00000000,0.10584832
87.00000000,2088.00000000,0.10626192
87.00000000,2089.00000000,0.10640775
87.00000000,2090.00000000,0.10727410
87.00000000,2091.00000000,0.10826713
87.00000000,2092.00000000,0.10904473
87.00000000,2093.00000000,0.10955245
87.00000000,2094.00000000,0.11006496
87.00000000,2095.00000000,0.11058217
87.00000000,2096.00000000,0.11110344
87.00000000,2097.00000000,0.11162865
87.00000000,2098.00000000,0.11233377
87.00000000,2099.00000000,0.11304260
87.00000000,2100.00000000,0.11375507
87.00000000,2101.00000000,0.11447117
87.00000000,2102.00000000,0.11519104
87.00000000,2103.00000000,0.11591491
87.00000000,2104.00000000,0.11664275
87.00000000,2105.00000000,0.11737462
87.00000000,2106.00000000,0.11811040
87.00000000,2107.00000000,0.11884993
87.00000000,2108.00000000,0.11951557
87.00000000,2109.00000000,0.12018483
87.00000000,2110.00000000,0.12085748
87.00000000,2111.00000000,0.12153345
87.00000000,2112.00000000,0.12221273
87.00000000,2113.00000000,0.12289514
87.00000000,2114.00000000,0.12358069
87.00000000,2115.00000000,0.12426929
87.00000000,2116.00000000,0.12496083
87.00000000,2117.00000000,0.12565543
87.00000000,2118.00000000,0.12651384
87.00000000,2119.00000000,0.12737504
87.00000000,2120.00000000,0.12823910
87.00000000,2121.00000000,0.12910581
87.00000000,2122.00000000,0.12997502
87.00000000,2123.00000000,0.13084670
87.00000000,2124.00000000,0.13172062
87.00000000,2125.00000000,0.13259686
87.00000000,2126.00000000,0.13347525
87.00000000,2127.00000000,0.13435570
87.00000000,2128.00000000,0.13535531
87.00000000,2129.00000000,0.13635693
87.00000000,2130.00000000,0.13736032
87.00000000,2131.00000000,0.13836546
87.00000000,2132.00000000,0.13937216
87.00000000,2133.00000000,0.14038018
87.00000000,2134.00000000,0.14138958
87.00000000,2135.00000000,0.14240007
87.00000000,2136.00000000,0.14341163
87.00000000,2137.00000000,0.14442405
87.00000000,2138.00000000,0.14543050
87.00000000,2139.00000000,0.14643763
87.00000000,2140.00000000,0.14744522
87.00000000,2141.00000000,0.14845306
87.00000000,2142.00000000,0.14946107
87.00000000,2143.00000000,0.15046915
87.00000000,2144.00000000,0.15147703
87.00000000,2145.00000000,0.15248469
87.00000000,2146.00000000,0.15349186
87.00000000,2147.00000000,0.15449827
87.00000000,2148.00000000,0.15524816
87.00000000,2149.00000000,0.15599695
87.00000000,2150.00000000,0.15674465
87.00000000,2151.00000000,0.15749201
87.00000000,2152.00000000,0.15824125
87.00000000,2153.00000000,0.15899482
87.00000000,2154.00000000,0.15975374
87.00000000,2155.00000000,0.16051846
87.00000000,2156.00000000,0.16128915
87.00000000,2157.00000000,0.16206569
87.00000000,2158.00000000,0.16261719
87.00000000,2159.00000000,0.16317405
87.00000000,2160.00000000,0.16373588
87.00000000,2161.00000000,0.16430258
87.00000000,2162.00000000,0.16487388
87.00000000,2163.00000000,0.16544949
87.00000000,2164.00000000,0.16602939
87.00000000,2165.00000000,0.16661328
87.00000000,2166.00000000,0.16720093
87.00000000,2167.00000000,0.16779220
87.00000000,2168.00000000,0.16825776
87.00000000,2169.00000000,0.16872630
87.00000000,2170.00000000,0.16919779
87.00000000,2171.00000000,0.16967196
87.00000000,2172.00000000,0.17014885
87.00000000,2173.00000000,0.17062825
87.00000000,2174.00000000,0.17110998
87.00000000,2175.00000000,0.17159405
87.00000000,2176.00000000,0.17208027
87.00000000,2177.00000000,0.17256846
87.00000000,2178.00000000,0.17292487
87.00000000,2179.00000000,0.17328282
87.00000000,2180.00000000,0.17364218
87.00000000,2181.00000000,0.17400306
87.00000000,2182.00000000,0.17436532
87.00000000,2183.00000000,0.17472880
87.00000000,2184.00000000,0.17509359
87.00000000,2185.00000000,0.17545949
87.00000000,2186.00000000,0.17582656
87.00000000,2187.00000000,0.17619466
87.00000000,2188.00000000,0.17646042
87.00000000,2189.00000000,0.17672694
87.00000000,2190.00000000,0.17699415
87.00000000,2191.00000000,0.17726201
87.00000000,2192.00000000,0.17753052
87.00000000,2193.00000000,0.17779962
87.00000000,2194.00000000,0.17806924
87.00000000,2195.00000000,0.17833943
87.00000000,2196.00000000,0.17861010
87.00000000,2197.00000000,0.17888130
87.00000000,2198.00000000,0.17915296
87.00000000,2199.00000000,0.17942498
87.00000000,2200.00000000,0.17969751
87.00000000,2201.00000000,0.17997040
87.00000000,2202.00000000,0.18024357
87.00000000,2203.00000000,0.18051718
87.00000000,2204.00000000,0.18079113
87.00000000,2205.00000000,0.18106529
87.00000000,2206.00000000,0.18133981
87.00000000,2207.00000000,0.18161460
87.00000000,2208.00000000,0.18188960
87.00000000,2209.00000000,0.18216486
87.00000000,2210.00000000,0.18244028
87.00000000,2211.00000000,0.18271595
87.00000000,2212.00000000,0.18299181
87.00000000,2213.00000000,0.18326776
87.00000000,2214.00000000,0.18354391
87.00000000,2215.00000000,0.18382019
87.00000000,2216.00000000,0.18409652
87.00000000,2217.00000000,0.18437299
87.00000000,2218.00000000,0.18464952
87.00000000,2219.00000000,0.18492604
87.00000000,2220.00000000,0.18520264
87.00000000,2221.00000000,0.18547921
87.00000000,2222.00000000,0.18575580
87.00000000,2223.00000000,0.18603237
87.00000000,2224.00000000,0.18630883
87.00000000,2225.00000000,0.18658527
87.00000000,2226.00000000,0.18686161
87.00000000,2227.00000000,0.18713778
87.00000000,2228.00000000,0.18741388
87.00000000,2229.00000000,0.18768979
87.00000000,2230.00000000,0.18796550
87.00000000,2231.00000000,0.18824104
87.00000000,2232.00000000,0.18851628
87.00000000,2233.00000000,0.18879131
87.00000000,2234.00000000,0.18906603
87.00000000,2235.00000000,0.18934032
87.00000000,2236.00000000,0.18961424
87.00000000,2237.00000000,0.18988762
87.00000000,2238.00000000,0.18942801
87.00000000,2239.00000000,0.18896604
87.00000000,2240.00000000,0.18850169
87.00000000,2241.00000000,0.18803498
87.00000000,2242.00000000,0.18756606
87.00000000,2243.00000000,0.18709495
87.00000000,2244.00000000,0.18662164
87.00000000,2245.00000000,0.18614628
87.00000000,2246.00000000,0.18566884
87.00000000,2247.00000000,0.18518944
87.00000000,2248.00000000,0.18470810
87.00000000,2249.00000000,0.18422458
87.00000000,2250.00000000,0.18373784
87.00000000,2251.00000000,0.18324552
87.00000000,2252.00000000,0.18274551
87.00000000,2253.00000000,0.18223678
87.00000000,2254.00000000,0.18171890
87.00000000,2255.00000000,0.18119175
87.00000000,2256.00000000,0.18065561
87.00000000,2257.00000000,0.18011043
87.00000000,2258.00000000,0.17955654
87.00000000,2259.00000000,0.17899409
87.00000000,2260.00000000,0.17842334
87.00000000,2261.00000000,0.17784465
87.00000000,2262.00000000,0.17725839
87.00000000,2263.00000000,0.17666488
87.00000000,2264.00000000,0.17606449
87.00000000,2265.00000000,0.17545746
87.00000000,2266.00000000,0.17484396
87.00000000,2267.00000000,0.17422433
87.00000000,2268.00000000,0.17359870
87.00000000,2269.00000000,0.17296725
87.00000000,2270.00000000,0.17233024
87.00000000,2271.00000000,0.17168780
87.00000000,2272.00000000,0.17104017
87.00000000,2273.00000000,0.17038748
87.00000000,2274.00000000,0.16972988
87.00000000,2275.00000000,0.16906759
87.00000000,2276.00000000,0.16840074
87.00000000,2277.00000000,0.16772945
87.00000000,2278.00000000,0.16705395
87.00000000,2279.00000000,0.16637437
87.00000000,2280.00000000,0.16569079
87.00000000,2281.00000000,0.16500340
87.00000000,2282.00000000,0.16431231
87.00000000,2283.00000000,0.16361769
87.00000000,2284.00000000,0.16291961
87.00000000,2285.00000000,0.16221818
87.00000000,2286.00000000,0.16151359
87.00000000,2287.00000000,0.16080589
87.00000000,2288.00000000,0.16009518
87.00000000,2289.00000000,0.15938163
87.00000000,2290.00000000,0.15866528
87.00000000,2291.00000000,0.15794623
87.00000000,2292.00000000,0.15722465
87.00000000,2293.00000000,0.15650056
87.00000000,2294.00000000,0.15577404
87.00000000,2295.00000000,0.15504525
87.00000000,2296.00000000,0.15431420
87.00000000,2297.00000000,0.15358106
87.00000000,2298.00000000,0.15284584
87.00000000,2299.00000000,0.15210860
87.00000000,2300.00000000,0.15136951
87.00000000,2301.00000000,0.15062857
87.00000000,2302.00000000,0.14988583
87.00000000,2303.00000000,0.14914142
87.00000000,2304.00000000,0.14839536
87.00000000,2305.00000000,0.14764767
87.00000000,2306.00000000,0.14689850
87.00000000,2307.00000000,0.14614782
87.00000000,2308.00000000,0.14539580
87.00000000,2309.00000000,0.14464244
87.00000000,2310.00000000,0.14388777
87.00000000,2311.00000000,0.14313193
87.00000000,2312.00000000,0.14237492
87.00000000,2313.00000000,0.14161677
87.00000000,2314.00000000,0.14085758
87.00000000,2315.00000000,0.14009742
87.00000000,2316.00000000,0.13933626
87.00000000,2317.00000000,0.13857424
87.00000000,2318.00000000,0.13781133
87.00000000,2319.00000000,0.13704765
87.00000000,2320.00000000,0.13628321
87.00000000,2321.00000000,0.13551803
87.00000000,2322.00000000,0.13475221
87.00000000,2323.00000000,0.13398576
87.00000000,2324.00000000,0.13321869
87.00000000,2325.00000000,0.13245112
87.00000000,2326.00000000,0.13168304
87.00000000,2327.00000000,0.13091446
87.00000000,2328.00000000,0.13014550
87.00000000,2329.00000000,0.12937615
87.00000000,2330.00000000,0.12860642
87.00000000,2331.00000000,0.12783642
87.00000000,2332.00000000,0.12706612
87.00000000,2333.00000000,0.12629564
87.00000000,2334.00000000,0.12552501
87.00000000,2335.00000000,0.12475428
87.00000000,2336.00000000,0.12414670
87.00000000,2337.00000000,0.12401948
87.00000000,2338.00000000,0.12402368
87.00000000,2339.00000000,0.12402817
87.00000000,2340.00000000,0.12403289
87.00000000,2341.00000000,0.12403780
87.00000000,2342.00000000,0.12404298
87.00000000,2343.00000000,0.12406891
87.00000000,2344.00000000,0.12409510
87.00000000,2345.00000000,0.12412151
87.00000000,2346.00000000,0.12414807
87.00000000,2347.00000000,0.12417486
87.00000000,2348.00000000,0.12416114
87.00000000,2349.00000000,0.12414756
87.00000000,2350.00000000,0.12413420
87.00000000,2351.00000000,0.12412098
87.00000000,2352.00000000,0.12410788
87.00000000,2353.00000000,0.12409500
87.00000000,2354.00000000,0.12408226
87.00000000,2355.00000000,0.12406963
87.00000000,2356.00000000,0.12405721
87.00000000,2357.00000000,0.12404488
87.00000000,2358.00000000,0.12403273
87.00000000,2359.00000000,0.12402073
87.00000000,2360.00000000,0.12400882
87.00000000,2361.00000000,0.12399708
87.00000000,2362.00000000,0.12398548
87.00000000,2363.00000000,0.12397220
87.00000000,2364.00000000,0.12395909
87.00000000,2365.00000000,0.12394609
87.00000000,2366.00000000,0.12393317
87.00000000,2367.00000000,0.12392040
87.00000000,2368.00000000,0.12390771
87.00000000,2369.00000000,0.12389516
87.00000000,2370.00000000,0.12388273
87.00000000,2371.00000000,0.12387034
87.00000000,2372.00000000,0.12385811
87.00000000,2373.00000000,0.12384598
87.00000000,2374.00000000,0.12383389
87.00000000,2375.00000000,0.12382195
87.00000000,2376.00000000,0.12381010
87.00000000,2377.00000000,0.12379829
87.00000000,2378.00000000,0.12378661
87.00000000,2379.00000000,0.12377498
87.00000000,2380.00000000,0.12376346
87.00000000,2381.00000000,0.12375204
87.00000000,2382.00000000,0.12374065
87.00000000,2383.00000000,0.12372939
87.00000000,2384.00000000,0.12371819
87.00000000,2385.00000000,0.12370702
87.00000000,2386.00000000,0.12369597
87.00000000,2387.00000000,0.12368500
87.00000000,2388.00000000,0.12367796
87.00000000,2389.00000000,0.12367104
87.00000000,2390.00000000,0.12366419
87.00000000,2391.00000000,0.12365736
87.00000000,2392.00000000,0.12365063
87.00000000,2393.00000000,0.12364392
87.00000000,2394.00000000,0.12363732
87.00000000,2395.00000000,0.12363078
87.00000000,2396.00000000,0.12362425
87.00000000,2397.00000000,0.12361782
87.00000000,2398.00000000,0.12361145
87.00000000,2399.00000000,0.12360509
87.00000000,2400.00000000,0.12359881
87.00000000,2401.00000000,0.12359259
87.00000000,2402.00000000,0.12358638
87.00000000,2403.00000000,0.12358028
87.00000000,2404.00000000,0.12357417
87.00000000,2405.00000000,0.12356816
87.00000000,2406.00000000,0.12356223
87.00000000,2407.00000000,0.12355627
87.00000000,2408.00000000,0.12355042
87.00000000,2409.00000000,0.12354462
87.00000000,2410.00000000,0.12353881
87.00000000,2411.00000000,0.12353311
87.00000000,2412.00000000,0.12352744
87.00000000,2413.00000000,0.12352178
87.00000000,2414.00000000,0.12351621
87.00000000,2415.00000000,0.12351066
87.00000000,2416.00000000,0.12350512
87.00000000,2417.00000000,0.12349967
87.00000000,2418.00000000,0.12349418
87.00000000,2419.00000000,0.12348880
87.00000000,2420.00000000,0.12348346
87.00000000,2421.00000000,0.12347809
87.00000000,2422.00000000,0.12347281
87.00000000,2423.00000000,0.12346756
87.00000000,2424.00000000,0.12346229
87.00000000,2425.00000000,0.12345711
87.00000000,2426.00000000,0.12345195
87.00000000,2427.00000000,0.12344676
87.00000000,2428.00000000,0.12344166
87.00000000,2429.00000000,0.12343653
87.00000000,2430.00000000,0.12343147
87.00000000,2431.00000000,0.12342646
87.00000000,2432.00000000,0.12342140
87.00000000,2433.00000000,0.12341642
87.00000000,2434.00000000,0.12341148
87.00000000,2435.00000000,0.12340648
87.00000000,2436.00000000,0.12340158
87.00000000,2437.00000000,0.12339668
87.00000000,2438.00000000,0.12339064
87.00000000,2439.00000000,0.12338468
87.00000000,2440.00000000,0.12337872
87.00000000,2441.00000000,0.12337273
87.00000000,2442.00000000,0.12336681
87.00000000,2443.00000000,0.12336085
87.00000000,2444.00000000,0.12335497
87.00000000,2445.00000000,0.12334910
87.00000000,2446.00000000,0.12334318
87.00000000,2447.00000000,0.12333734
87.00000000,2448.00000000,0.12333151
87.00000000,2449.00000000,0.12332563
87.00000000,2450.00000000,0.12331984
87.00000000,2451.00000000,0.12331404
87.00000000,2452.00000000,0.12330820
87.00000000,2453.00000000,0.12330242
87.00000000,2454.00000000,0.12329659
87.00000000,2455.00000000,0.12329081
87.00000000,2456.00000000,0.12328506
87.00000000,2457.00000000,0.12327923
87.00000000,2458.00000000,0.12327348
87.00000000,2459.00000000,0.12326773
87.00000000,2460.00000000,0.12326192
87.00000000,2461.00000000,0.12325617
87.00000000,2462.00000000,0.12325042
87.00000000,2463.00000000,0.12324462
87.00000000,2464.00000000,0.12323888
87.00000000,2465.00000000,0.12323308
87.00000000,2466.00000000,0.12322734
87.00000000,2467.00000000,0.12322161
87.00000000,2468.00000000,0.12321581
87.00000000,2469.00000000,0.12321008
87.00000000,2470.00000000,0.12320435
87.00000000,2471.00000000,0.12319854
87.00000000,2472.00000000,0.12319281
87.00000000,2473.00000000,0.12318709
87.00000000,2474.00000000,0.12318128
87.00000000,2475.00000000,0.12317556
87.00000000,2476.00000000,0.12316982
87.00000000,2477.00000000,0.12316401
87.00000000,2478.00000000,0.12315828
87.00000000,2479.00000000,0.12315248
87.00000000,2480.00000000,0.12314674
87.00000000,2481.00000000,0.12314101
87.00000000,2482.00000000,0.12313519
87.00000000,2483.00000000,0.12312945
87.00000000,2484.00000000,0.12312371
87.00000000,2485.00000000,0.12311789
87.00000000,2486.00000000,0.12311214
87.00000000,2487.00000000,0.12310639
87.00000000,2488.00000000,0.12309939
87.00000000,2489.00000000,0.12309245
87.00000000,2490.00000000,0.12308543
87.00000000,2491.00000000,0.12307848
87.00000000,2492.00000000,0.12307154
87.00000000,2493.00000000,0.12306451
87.00000000,2494.00000000,0.12305756
87.00000000,2495.00000000,0.12305060
87.00000000,2496.00000000,0.12304355
87.00000000,2497.00000000,0.12303659
87.00000000,2498.00000000,0.12302962
87.00000000,2499.00000000,0.12302256
87.00000000,2500.00000000,0.12301559
88.00000000,1765.00000000,0.09095165
88.00000000,1766.00000000,0.09095162
88.00000000,1767.00000000,0.09095179
88.00000000,1768.00000000,0.09095191
88.00000000,1769.00000000,0.09095218
88.00000000,1770.00000000,0.09095256
88.00000000,1771.00000000,0.09095326
88.00000000,1772.00000000,0.09095398
88.00000000,1773.00000000,0.09095491
88.00000000,1774.00000000,0.09095598
88.00000000,1775.00000000,0.09095734
88.00000000,1776.00000000,0.09095878
88.00000000,1777.00000000,0.09096033
88.00000000,1778.00000000,0.09096213
88.00000000,1779.00000000,0.09096405
88.00000000,1780.00000000,0.09096609
88.00000000,1781.00000000,0.09096828
88.00000000,1782.00000000,0.09097063
88.00000000,1783.00000000,0.09097314
88.00000000,1784.00000000,0.09097573
88.00000000,1785.00000000,0.09097845
88.00000000,1786.00000000,0.09098129
88.00000000,1787.00000000,0.09098421
88.00000000,1788.00000000,0.09098721
88.00000000,1789.00000000,0.09099048
88.00000000,1790.00000000,0.09099372
88.00000000,1791.00000000,0.09099701
88.00000000,1792.00000000,0.09100061
88.00000000,1793.00000000,0.09100397
88.00000000,1794.00000000,0.09100759
88.00000000,1795.00000000,0.09101133
88.00000000,1796.00000000,0.09101511
88.00000000,1797.00000000,0.09101874
88.00000000,1798.00000000,0.09102271
88.00000000,1799.00000000,0.09102660
88.00000000,1800.00000000,0.09103059
88.00000000,1801.00000000,0.09103470
88.00000000,1802.00000000,0.09103870
88.00000000,1803.00000000,0.09104281
88.00000000,1804.00000000,0.09104696
88.00000000,1805.00000000,0.09105120
88.00000000,1806.00000000,0.09105537
88.00000000,1807.00000000,0.09105964
88.00000000,1808.00000000,0.09106400
88.00000000,1809.00000000,0.09106836
88.00000000,1810.00000000,0.09107277
88.00000000,1811.00000000,0.09107716
88.00000000,1812.00000000,0.09108162
88.00000000,1813.00000000,0.09108606
88.00000000,1814.00000000,0.09109059
88.00000000,1815.00000000,0.09109509
88.00000000,1816.00000000,0.09109968
88.00000000,1817.00000000,0.09110421
88.00000000,1818.00000000,0.09110881
88.00000000,1819.00000000,0.09111339
88.00000000,1820.00000000,0.09111799
88.00000000,1821.00000000,0.09112263
88.00000000,1822.00000000,0.09112724
88.00000000,1823.00000000,0.09113191
88.00000000,1824.00000000,0.09113664
88.00000000,1825.00000000,0.09114126
88.00000000,1826.00000000,0.09114599
88.00000000,1827.00000000,0.09115075
88.00000000,1828.00000000,0.09115543
88.00000000,1829.00000000,0.09116020
88.00000000,1830.00000000,0.09116490
88.00000000,1831.00000000,0.09116968
88.00000000,1832.00000000,0.09117442
88.00000000,1833.00000000,0.09117914
88.00000000,1834.00000000,0.09118389
88.00000000,1835.00000000,0.09118867
88.00000000,1836.00000000,0.09119346
88.00000000,1837.00000000,0.09119824
88.00000000,1838.00000000,0.09120304
88.00000000,1839.00000000,0.09120783
88.00000000,1840.00000000,0.09121272
88.00000000,1841.00000000,0.09121755
88.00000000,1842.00000000,0.09122242
88.00000000,1843.00000000,0.09122730
88.00000000,1844.00000000,0.09123221
88.00000000,1845.00000000,0.09123715
88.00000000,1846.00000000,0.09124213
88.00000000,1847.00000000,0.09124712
88.00000000,1848.00000000,0.09125214
88.00000000,1849.00000000,0.09125726
88.00000000,1850.00000000,0.09126238
88.00000000,1851.00000000,0.09126756
88.00000000,1852.00000000,0.09127276
88.00000000,1853.00000000,0.09127846
88.00000000,1854.00000000,0.09129283
88.00000000,1855.00000000,0.09129888
88.00000000,1856.00000000,0.09130496
88.00000000,1857.00000000,0.09131104
88.00000000,1858.00000000,0.09131721
88.00000000,1859.00000000,0.09132618
88.00000000,1860.00000000,0.09133241
88.00000000,1861.00000000,0.09133864
88.00000000,1862.00000000,0.09134479
88.00000000,1863.00000000,0.09135031
88.00000000,1864.00000000,0.09135532
88.00000000,1865.00000000,0.09136004
88.00000000,1866.00000000,0.09136433
88.00000000,1867.00000000,0.09136837
88.00000000,1868.00000000,0.09137227
88.00000000,1869.00000000,0.09137871
88.00000000,1870.00000000,0.09138210
88.00000000,1871.00000000,0.09138546
88.00000000,1872.00000000,0.09138907
88.00000000,1873.00000000,0.09139348
88.00000000,1874.00000000,0.09139860
88.00000000,1875.00000000,0.09140419
88.00000000,1876.00000000,0.09141010
88.00000000,1877.00000000,0.09141633
88.00000000,1878.00000000,0.09142281
88.00000000,1879.00000000,0.09143235
88.00000000,1880.00000000,0.09143919
88.00000000,1881.00000000,0.09144608
88.00000000,1882.00000000,0.09145308
88.00000000,1883.00000000,0.09145959
88.00000000,1884.00000000,0.09146567
88.00000000,1885.00000000,0.09147429
88.00000000,1886.00000000,0.09148006
88.00000000,1887.00000000,0.09148564
88.00000000,1888.00000000,0.09149393
88.00000000,1889.00000000,0.09149914
88.00000000,1890.00000000,0.09150955
88.00000000,1891.00000000,0.09151127
88.00000000,1892.00000000,0.09151547
88.00000000,1893.00000000,0.09151962
88.00000000,1894.00000000,0.09152654
88.00000000,1895.00000000,0.09153084
88.00000000,1896.00000000,0.09153521
88.00000000,1897.00000000,0.09153964
88.00000000,1898.00000000,0.09154386
88.00000000,1899.00000000,0.09155079
88.00000000,1900.00000000,0.09155456
88.00000000,1901.00000000,0.09155803
88.00000000,1902.00000000,0.09156173
88.00000000,1903.00000000,0.09156830
88.00000000,1904.00000000,0.09157507
88.00000000,1905.00000000,0.09158204
88.00000000,1906.00000000,0.09158645
88.00000000,1907.00000000,0.09159112
88.00000000,1908.00000000,0.09159571
88.00000000,1909.00000000,0.09160022
88.00000000,1910.00000000,0.09160763
88.00000000,1911.00000000,0.09161484
88.00000000,1912.00000000,0.09161861
88.00000000,1913.00000000,0.09162419
88.00000000,1914.00000000,0.09162589
88.00000000,1915.00000000,0.09162993
88.00000000,1916.00000000,0.09163118
88.00000000,1917.00000000,0.09163247
88.00000000,1918.00000000,0.09165036
88.00000000,1919.00000000,0.09164888
88.00000000,1920.00000000,0.09165080
88.00000000,1921.00000000,0.09165641
88.00000000,1922.00000000,0.09166040
88.00000000,1923.00000000,0.09166801
88.00000000,1924.00000000,0.09168428
88.00000000,1925.00000000,0.09168920
88.00000000,1926.00000000,0.09169687
88.00000000,1927.00000000,0.09170459
88.00000000,1928.00000000,0.09171531
88.00000000,1929.00000000,0.09172320
88.00000000,1930.00000000,0.09173418
88.00000000,1931.00000000,0.09174361
88.00000000,1932.00000000,0.09175742
88.00000000,1933.00000000,0.09177783
88.00000000,1934.00000000,0.09178777
88.00000000,1935.00000000,0.09180619
88.00000000,1936.00000000,0.09181850
88.00000000,1937.00000000,0.09183539
88.00000000,1938.00000000,0.09185371
88.00000000,1939.00000000,0.09185989
88.00000000,1940.00000000,0.09187380
88.00000000,1941.00000000,0.09188380
88.00000000,1942.00000000,0.09191487
88.00000000,1943.00000000,0.09192283
88.00000000,1944.00000000,0.09193862
88.00000000,1945.00000000,0.09194315
88.00000000,1946.00000000,0.09194887
88.00000000,1947.00000000,0.09196780
88.00000000,1948.00000000,0.09199599
88.00000000,1949.00000000,0.09201311
88.00000000,1950.00000000,0.09202446
88.00000000,1951.00000000,0.09204957
88.00000000,1952.00000000,0.09207847
88.00000000,1953.00000000,0.09210485
88.00000000,1954.00000000,0.09212024
88.00000000,1955.00000000,0.09215065
88.00000000,1956.00000000,0.09217239
88.00000000,1957.00000000,0.09219960
88.00000000,1958.00000000,0.09222100
88.00000000,1959.00000000,0.09225321
88.00000000,1960.00000000,0.09230593
88.00000000,1961.00000000,0.09234015
88.00000000,1962.00000000,0.09231475
88.00000000,1963.00000000,0.09235547
88.00000000,1964.00000000,0.09236422
88.00000000,1965.00000000,0.09237153
88.00000000,1966.00000000,0.09237297
88.00000000,1967.00000000,0.09240785
88.00000000,1968.00000000,0.09247461
88.00000000,1969.00000000,0.09248583
88.00000000,1970.00000000,0.09251091
88.00000000,1971.00000000,0.09254048
88.00000000,1972.00000000,0.09252902
88.00000000,1973.00000000,0.09251069
88.00000000,1974.00000000,0.09249463
88.00000000,1975.00000000,0.09250451
88.00000000,1976.00000000,0.09256414
88.00000000,1977.00000000,0.09253508
88.00000000,1978.00000000,0.09258671
88.00000000,1979.00000000,0.09260198
88.00000000,1980.00000000,0.09257789
88.00000000,1981.00000000,0.09253718
88.00000000,1982.00000000,0.09254640
88.00000000,1983.00000000,0.09258881
88.00000000,1984.00000000,0.09260871
88.00000000,1985.00000000,0.09265498
88.00000000,1986.00000000,0.09271509
88.00000000,1987.00000000,0.09282371
88.00000000,1988.00000000,0.09289155
88.00000000,1989.00000000,0.09293447
88.00000000,1990.00000000,0.09296624
88.00000000,1991.00000000,0.09310047
88.00000000,1992.00000000,0.09311386
88.00000000,1993.00000000,0.09321690
88.00000000,1994.00000000,0.09333541
88.00000000,1995.00000000,0.09354637
88.00000000,1996.00000000,0.09345078
88.00000000,1997.00000000,0.09354520
88.00000000,1998.00000000,0.09363588
88.00000000,1999.00000000,0.09367941
88.00000000,2000.00000000,0.09379480
88.00000000,2001.00000000,0.09396772
88.00000000,2002.00000000,0.09370676
88.00000000,2003.00000000,0.09366947
88.00000000,2004.00000000,0.09383784
88.00000000,2005.00000000,0.09397822
88.00000000,2006.00000000,0.09391266
88.00000000,2007.00000000,0.09353682
88.00000000,2008.00000000,0.09386198
88.00000000,2009.00000000,0.09348179
88.00000000,2010.00000000,0.09356916
88.00000000,2011.00000000,0.09388202
88.00000000,2012.00000000,0.09382939
88.00000000,2013.00000000,0.09382606
88.00000000,2014.00000000,0.09380893
88.00000000,2015.00000000,0.09398363
88.00000000,2016.00000000,0.09394709
88.00000000,2017.00000000,0.09411840
88.00000000,2018.00000000,0.09381620
88.00000000,2019.00000000,0.09345422
88.00000000,2020.00000000,0.09314489
88.00000000,2021.00000000,0.09321349
88.00000000,2022.00000000,0.09337348
88.00000000,2023.00000000,0.09346154
88.00000000,2024.00000000,0.09368227
88.00000000,2025.00000000,0.09383681
88.00000000,2026.00000000,0.09359432
88.00000000,2027.00000000,0.09366949
88.00000000,2028.00000000,0.09389893
88.00000000,2029.00000000,0.09393317
88.00000000,2030.00000000,0.09389448
88.00000000,2031.00000000,0.09396676
88.00000000,2032.00000000,0.09388512
88.00000000,2033.00000000,0.09322401
88.00000000,2034.00000000,0.09337505
88.00000000,2035.00000000,0.09373071
88.00000000,2036.00000000,0.09387909
88.00000000,2037.00000000,0.09368653
88.00000000,2038.00000000,0.09419480
88.00000000,2039.00000000,0.09450702
88.00000000,2040.00000000,0.09452450
88.00000000,2041.00000000,0.09458735
88.00000000,2042.00000000,0.09459386
88.00000000,2043.00000000,0.09501060
88.00000000,2044.00000000,0.09531137
88.00000000,2045.00000000,0.09549625
88.00000000,2046.00000000,0.09559465
88.00000000,2047.00000000,0.09588275
88.00000000,2048.00000000,0.09612416
88.00000000,2049.00000000,0.09610511
88.00000000,2050.00000000,0.09632073
88.00000000,2051.00000000,0.09664630
88.00000000,2052.00000000,0.09700239
88.00000000,2053.00000000,0.09729687
88.00000000,2054.00000000,0.09765082
88.00000000,2055.00000000,0.09786197
88.00000000,2056.00000000,0.09825826
88.00000000,2057.00000000,0.09874488
88.00000000,2058.00000000,0.09939692
88.00000000,2059.00000000,0.09973142
88.00000000,2060.00000000,0.10009848
88.00000000,2061.00000000,0.10064096
88.00000000,2062.00000000,0.10059349
88.00000000,2063.00000000,0.10044899
88.00000000,2064.00000000,0.10107464
88.00000000,2065.00000000,0.10138561
88.00000000,2066.00000000,0.10151718
88.00000000,2067.00000000,0.10218029
88.00000000,2068.00000000,0.10197720
88.00000000,2069.00000000,0.10149670
88.00000000,2070.00000000,0.10133471
88.00000000,2071.00000000,0.10123715
88.00000000,2072.00000000,0.10164632
88.00000000,2073.00000000,0.10199168
88.00000000,2074.00000000,0.10237057
88.00000000,2075.00000000,0.10269385
88.00000000,2076.00000000,0.10319287
88.00000000,2077.00000000,0.10347582
88.00000000,2078.00000000,0.10358384
88.00000000,2079.00000000,0.10378570
88.00000000,2080.00000000,0.10346392
88.00000000,2081.00000000,0.10345648
88.00000000,2082.00000000,0.10373526
88.00000000,2083.00000000,0.10404762
88.00000000,2084.00000000,0.10438344
88.00000000,2085.00000000,0.10464977
88.00000000,2086.00000000,0.10456773
88.00000000,2087.00000000,0.10452027
88.00000000,2088.00000000,0.10494134
88.00000000,2089.00000000,0.10535359
88.00000000,2090.00000000,0.10550009
88.00000000,2091.00000000,0.10636129
88.00000000,2092.00000000,0.10734838
88.00000000,2093.00000000,0.10812201
88.00000000,2094.00000000,0.10862808
88.00000000,2095.00000000,0.10913881
88.00000000,2096.00000000,0.10965420
88.00000000,2097.00000000,0.11017351
88.00000000,2098.00000000,0.11069664
88.00000000,2099.00000000,0.11139814
88.00000000,2100.00000000,0.11210320
88.00000000,2101.00000000,0.11281187
88.00000000,2102.00000000,0.11352439
88.00000000,2103.00000000,0.11424085
88.00000000,2104.00000000,0.11496139
88.00000000,2105.00000000,0.11568591
88.00000000,2106.00000000,0.11641429
88.00000000,2107.00000000,0.11714651
88.00000000,2108.00000000,0.11788236
88.00000000,2109.00000000,0.11854478
88.00000000,2110.00000000,0.11921068
88.00000000,2111.00000000,0.11987984
88.00000000,2112.00000000,0.12055224
88.00000000,2113.00000000,0.12122772
88.00000000,2114.00000000,0.12190627
88.00000000,2115.00000000,0.12258784
88.00000000,2116.00000000,0.12327235
88.00000000,2117.00000000,0.12395968
88.00000000,2118.00000000,0.12465000
88.00000000,2119.00000000,0.12550279
88.00000000,2120.00000000,0.12635833
88.00000000,2121.00000000,0.12721656
88.00000000,2122.00000000,0.12807739
88.00000000,2123.00000000,0.12894067
88.00000000,2124.00000000,0.12980634
88.00000000,2125.00000000,0.13067418
88.00000000,2126.00000000,0.13154428
88.00000000,2127.00000000,0.13241652
88.00000000,2128.00000000,0.13329076
88.00000000,2129.00000000,0.13428329
88.00000000,2130.00000000,0.13527767
88.00000000,2131.00000000,0.13627385
88.00000000,2132.00000000,0.13727172
88.00000000,2133.00000000,0.13827111
88.00000000,2134.00000000,0.13927178
88.00000000,2135.00000000,0.14027381
88.00000000,2136.00000000,0.14127690
88.00000000,2137.00000000,0.14228103
88.00000000,2138.00000000,0.14328600
88.00000000,2139.00000000,0.14428502
88.00000000,2140.00000000,0.14528472
88.00000000,2141.00000000,0.14628485
88.00000000,2142.00000000,0.14728522
88.00000000,2143.00000000,0.14828581
88.00000000,2144.00000000,0.14928641
88.00000000,2145.00000000,0.15028675
88.00000000,2146.00000000,0.15128693
88.00000000,2147.00000000,0.15228662
88.00000000,2148.00000000,0.15328560
88.00000000,2149.00000000,0.15402997
88.00000000,2150.00000000,0.15477319
88.00000000,2151.00000000,0.15551624
88.00000000,2152.00000000,0.15626133
88.00000000,2153.00000000,0.15701061
88.00000000,2154.00000000,0.15776531
88.00000000,2155.00000000,0.15852587
88.00000000,2156.00000000,0.15929231
88.00000000,2157.00000000,0.16006471
88.00000000,2158.00000000,0.16084282
88.00000000,2159.00000000,0.16139743
88.00000000,2160.00000000,0.16195712
88.00000000,2161.00000000,0.16252146
88.00000000,2162.00000000,0.16309052
88.00000000,2163.00000000,0.16366396
88.00000000,2164.00000000,0.16424152
88.00000000,2165.00000000,0.16482312
88.00000000,2166.00000000,0.16540853
88.00000000,2167.00000000,0.16599745
88.00000000,2168.00000000,0.16658987
88.00000000,2169.00000000,0.16705733
88.00000000,2170.00000000,0.16752762
88.00000000,2171.00000000,0.16800070
88.00000000,2172.00000000,0.16847636
88.00000000,2173.00000000,0.16895457
88.00000000,2174.00000000,0.16943517
88.00000000,2175.00000000,0.16991795
88.00000000,2176.00000000,0.17040299
88.00000000,2177.00000000,0.17089007
88.00000000,2178.00000000,0.17137904
88.00000000,2179.00000000,0.17173702
88.00000000,2180.00000000,0.17209647
88.00000000,2181.00000000,0.17245727
88.00000000,2182.00000000,0.17281949
88.00000000,2183.00000000,0.17318300
88.00000000,2184.00000000,0.17354763
88.00000000,2185.00000000,0.17391354
88.00000000,2186.00000000,0.17428052
88.00000000,2187.00000000,0.17464860
88.00000000,2188.00000000,0.17501766
88.00000000,2189.00000000,0.17528504
88.00000000,2190.00000000,0.17555310
88.00000000,2191.00000000,0.17582182
88.00000000,2192.00000000,0.17609110
88.00000000,2193.00000000,0.17636103
88.00000000,2194.00000000,0.17663150
88.00000000,2195.00000000,0.17690242
88.00000000,2196.00000000,0.17717396
88.00000000,2197.00000000,0.17744588
88.00000000,2198.00000000,0.17771833
88.00000000,2199.00000000,0.17799123
88.00000000,2200.00000000,0.17826449
88.00000000,2201.00000000,0.17853818
88.00000000,2202.00000000,0.17881223
88.00000000,2203.00000000,0.17908657
88.00000000,2204.00000000,0.17936132
88.00000000,2205.00000000,0.17963637
88.00000000,2206.00000000,0.17991166
88.00000000,2207.00000000,0.18018728
88.00000000,2208.00000000,0.18046317
88.00000000,2209.00000000,0.18073923
88.00000000,2210.00000000,0.18101556
88.00000000,2211.00000000,0.18129205
88.00000000,2212.00000000,0.18156878
88.00000000,2213.00000000,0.18184569
88.00000000,2214.00000000,0.18212270
88.00000000,2215.00000000,0.18239991
88.00000000,2216.00000000,0.18267724
88.00000000,2217.00000000,0.18295463
88.00000000,2218.00000000,0.18323215
88.00000000,2219.00000000,0.18350973
88.00000000,2220.00000000,0.18378732
88.00000000,2221.00000000,0.18406498
88.00000000,2222.00000000,0.18434259
88.00000000,2223.00000000,0.18462028
88.00000000,2224.00000000,0.18489792
88.00000000,2225.00000000,0.18517548
88.00000000,2226.00000000,0.18545300
88.00000000,2227.00000000,0.18573044
88.00000000,2228.00000000,0.18600773
88.00000000,2229.00000000,0.18628494
88.00000000,2230.00000000,0.18656201
88.00000000,2231.00000000,0.18683885
88.00000000,2232.00000000,0.18711554
88.00000000,2233.00000000,0.18739194
88.00000000,2234.00000000,0.18766814
88.00000000,2235.00000000,0.18794403
88.00000000,2236.00000000,0.18821954
88.00000000,2237.00000000,0.18849467
88.00000000,2238.00000000,0.18876930
88.00000000,2239.00000000,0.18831515
88.00000000,2240.00000000,0.18785867
88.00000000,2241.00000000,0.18739979
88.00000000,2242.00000000,0.18693856
88.00000000,2243.00000000,0.18647512
88.00000000,2244.00000000,0.18600949
88.00000000,2245.00000000,0.18554166
88.00000000,2246.00000000,0.18507179
88.00000000,2247.00000000,0.18459982
88.00000000,2248.00000000,0.18412591
88.00000000,2249.00000000,0.18364983
88.00000000,2250.00000000,0.18317037
88.00000000,2251.00000000,0.18268538
88.00000000,2252.00000000,0.18219268
88.00000000,2253.00000000,0.18169117
88.00000000,2254.00000000,0.18118052
88.00000000,2255.00000000,0.18066068
88.00000000,2256.00000000,0.18013164
88.00000000,2257.00000000,0.17959373
88.00000000,2258.00000000,0.17904695
88.00000000,2259.00000000,0.17849166
88.00000000,2260.00000000,0.17792806
88.00000000,2261.00000000,0.17735644
88.00000000,2262.00000000,0.17677726
88.00000000,2263.00000000,0.17619084
88.00000000,2264.00000000,0.17559746
88.00000000,2265.00000000,0.17499743
88.00000000,2266.00000000,0.17439098
88.00000000,2267.00000000,0.17377825
88.00000000,2268.00000000,0.17315957
88.00000000,2269.00000000,0.17253506
88.00000000,2270.00000000,0.17190491
88.00000000,2271.00000000,0.17126937
88.00000000,2272.00000000,0.17062851
88.00000000,2273.00000000,0.16998265
88.00000000,2274.00000000,0.16933185
88.00000000,2275.00000000,0.16867629
88.00000000,2276.00000000,0.16801617
88.00000000,2277.00000000,0.16735162
88.00000000,2278.00000000,0.16668276
88.00000000,2279.00000000,0.16600982
88.00000000,2280.00000000,0.16533288
88.00000000,2281.00000000,0.16465206
88.00000000,2282.00000000,0.16396756
88.00000000,2283.00000000,0.16327941
88.00000000,2284.00000000,0.16258786
88.00000000,2285.00000000,0.16189294
88.00000000,2286.00000000,0.16119474
88.00000000,2287.00000000,0.16049347
88.00000000,2288.00000000,0.15978919
88.00000000,2289.00000000,0.15908194
88.00000000,2290.00000000,0.15837194
88.00000000,2291.00000000,0.15765923
88.00000000,2292.00000000,0.15694387
88.00000000,2293.00000000,0.15622602
88.00000000,2294.00000000,0.15550576
88.00000000,2295.00000000,0.15478311
88.00000000,2296.00000000,0.15405824
88.00000000,2297.00000000,0.15333117
88.00000000,2298.00000000,0.15260206
88.00000000,2299.00000000,0.15187093
88.00000000,2300.00000000,0.15113783
88.00000000,2301.00000000,0.15040289
88.00000000,2302.00000000,0.14966617
88.00000000,2303.00000000,0.14892765
88.00000000,2304.00000000,0.14818750
88.00000000,2305.00000000,0.14744572
88.00000000,2306.00000000,0.14670237
88.00000000,2307.00000000,0.14595756
88.00000000,2308.00000000,0.14521129
88.00000000,2309.00000000,0.14446370
88.00000000,2310.00000000,0.14371480
88.00000000,2311.00000000,0.14296462
88.00000000,2312.00000000,0.14221327
88.00000000,2313.00000000,0.14146079
88.00000000,2314.00000000,0.14070719
88.00000000,2315.00000000,0.13995260
88.00000000,2316.00000000,0.13919704
88.00000000,2317.00000000,0.13844050
88.00000000,2318.00000000,0.13768311
88.00000000,2319.00000000,0.13692486
88.00000000,2320.00000000,0.13616585
88.00000000,2321.00000000,0.13540610
88.00000000,2322.00000000,0.13464560
88.00000000,2323.00000000,0.13388449
88.00000000,2324.00000000,0.13312275
88.00000000,2325.00000000,0.13236042
88.00000000,2326.00000000,0.13159758
88.00000000,2327.00000000,0.13083424
88.00000000,2328.00000000,0.13007043
88.00000000,2329.00000000,0.12930623
88.00000000,2330.00000000,0.12854165
88.00000000,2331.00000000,0.12777669
88.00000000,2332.00000000,0.12701147
88.00000000,2333.00000000,0.12624595
88.00000000,2334.00000000,0.12548026
88.00000000,2335.00000000,0.12471442
88.00000000,2336.00000000,0.12394847
88.00000000,2337.00000000,0.12334465
88.00000000,2338.00000000,0.12321814
88.00000000,2339.00000000,0.12322222
88.00000000,2340.00000000,0.12322660
88.00000000,2341.00000000,0.12323121
88.00000000,2342.00000000,0.12323600
88.00000000,2343.00000000,0.12324105
88.00000000,2344.00000000,0.12326673
88.00000000,2345.00000000,0.12329266
88.00000000,2346.00000000,0.12331882
88.00000000,2347.00000000,0.12334512
88.00000000,2348.00000000,0.12337165
88.00000000,2349.00000000,0.12335794
88.00000000,2350.00000000,0.12334438
88.00000000,2351.00000000,0.12333100
88.00000000,2352.00000000,0.12331778
88.00000000,2353.00000000,0.12330470
88.00000000,2354.00000000,0.12329181
88.00000000,2355.00000000,0.12327907
88.00000000,2356.00000000,0.12326646
88.00000000,2357.00000000,0.12325403
88.00000000,2358.00000000,0.12324169
88.00000000,2359.00000000,0.12322956
88.00000000,2360.00000000,0.12321755
88.00000000,2361.00000000,0.12320564
88.00000000,2362.00000000,0.12319391
88.00000000,2363.00000000,0.12318230
88.00000000,2364.00000000,0.12316903
88.00000000,2365.00000000,0.12315592
88.00000000,2366.00000000,0.12314294
88.00000000,2367.00000000,0.12313001
88.00000000,2368.00000000,0.12311726
88.00000000,2369.00000000,0.12310456
88.00000000,2370.00000000,0.12309202
88.00000000,2371.00000000,0.12307959
88.00000000,2372.00000000,0.12306721
88.00000000,2373.00000000,0.12305498
88.00000000,2374.00000000,0.12304283
88.00000000,2375.00000000,0.12303076
88.00000000,2376.00000000,0.12301881
88.00000000,2377.00000000,0.12300695
88.00000000,2378.00000000,0.12299514
88.00000000,2379.00000000,0.12298347
88.00000000,2380.00000000,0.12297183
88.00000000,2381.00000000,0.12296031
88.00000000,2382.00000000,0.12294888
88.00000000,2383.00000000,0.12293749
88.00000000,2384.00000000,0.12292622
88.00000000,2385.00000000,0.12291502
88.00000000,2386.00000000,0.12290383
88.00000000,2387.00000000,0.12289278
88.00000000,2388.00000000,0.12288180
88.00000000,2389.00000000,0.12287473
88.00000000,2390.00000000,0.12286777
88.00000000,2391.00000000,0.12286089
88.00000000,2392.00000000,0.12285402
88.00000000,2393.00000000,0.12284726
88.00000000,2394.00000000,0.12284051
88.00000000,2395.00000000,0.12283387
88.00000000,2396.00000000,0.12282729
88.00000000,2397.00000000,0.12282073
88.00000000,2398.00000000,0.12281427
88.00000000,2399.00000000,0.12280786
88.00000000,2400.00000000,0.12280145
88.00000000,2401.00000000,0.12279514
88.00000000,2402.00000000,0.12278888
88.00000000,2403.00000000,0.12278265
88.00000000,2404.00000000,0.12277650
88.00000000,2405.00000000,0.12277036
88.00000000,2406.00000000,0.12276434
88.00000000,2407.00000000,0.12275835
88.00000000,2408.00000000,0.12275238
88.00000000,2409.00000000,0.12274649
88.00000000,2410.00000000,0.12274066
88.00000000,2411.00000000,0.12273482
88.00000000,2412.00000000,0.12272908
88.00000000,2413.00000000,0.12272337
88.00000000,2414.00000000,0.12271767
88.00000000,2415.00000000,0.12271205
88.00000000,2416.00000000,0.12270648
88.00000000,2417.00000000,0.12270090
88.00000000,2418.00000000,0.12269540
88.00000000,2419.00000000,0.12268988
88.00000000,2420.00000000,0.12268446
88.00000000,2421.00000000,0.12267908
88.00000000,2422.00000000,0.12267367
88.00000000,2423.00000000,0.12266835
88.00000000,2424.00000000,0.12266306
88.00000000,2425.00000000,0.12265775
88.00000000,2426.00000000,0.12265252
88.00000000,2427.00000000,0.12264732
88.00000000,2428.00000000,0.12264209
88.00000000,2429.00000000,0.12263694
88.00000000,2430.00000000,0.12263177
88.00000000,2431.00000000,0.12262669
88.00000000,2432.00000000,0.12262162
88.00000000,2433.00000000,0.12261651
88.00000000,2434.00000000,0.12261150
88.00000000,2435.00000000,0.12260649
88.00000000,2436.00000000,0.12260147
88.00000000,2437.00000000,0.12259651
88.00000000,2438.00000000,0.12259158
88.00000000,2439.00000000,0.12258550
88.00000000,2440.00000000,0.12257948
88.00000000,2441.00000000,0.12257349
88.00000000,2442.00000000,0.12256747
88.00000000,2443.00000000,0.12256151
88.00000000,2444.00000000,0.12255551
88.00000000,2445.00000000,0.12254959
88.00000000,2446.00000000,0.12254368
88.00000000,2447.00000000,0.12253772
88.00000000,2448.00000000,0.12253184
88.00000000,2449.00000000,0.12252596
88.00000000,2450.00000000,0.12252006
88.00000000,2451.00000000,0.12251421
88.00000000,2452.00000000,0.12250836
88.00000000,2453.00000000,0.12250248
88.00000000,2454.00000000,0.12249666
88.00000000,2455.00000000,0.12249077
88.00000000,2456.00000000,0.12248496
88.00000000,2457.00000000,0.12247916
88.00000000,2458.00000000,0.12247329
88.00000000,2459.00000000,0.12246749
88.00000000,2460.00000000,0.12246169
88.00000000,2461.00000000,0.12245583
88.00000000,2462.00000000,0.12245003
88.00000000,2463.00000000,0.12244424
88.00000000,2464.00000000,0.12243839
88.00000000,2465.00000000,0.12243260
88.00000000,2466.00000000,0.12242675
88.00000000,2467.00000000,0.12242098
88.00000000,2468.00000000,0.12241519
88.00000000,2469.00000000,0.12240935
88.00000000,2470.00000000,0.12240356
88.00000000,2471.00000000,0.12239778
88.00000000,2472.00000000,0.12239194
88.00000000,2473.00000000,0.12238616
88.00000000,2474.00000000,0.12238038
88.00000000,2475.00000000,0.12237453
88.00000000,2476.00000000,0.12236876
88.00000000,2477.00000000,0.12236298
88.00000000,2478.00000000,0.12235713
88.00000000,2479.00000000,0.12235134
88.00000000,2480.00000000,0.12234549
88.00000000,2481.00000000,0.12233971
88.00000000,2482.00000000,0.12233393
88.00000000,2483.00000000,0.12232808
88.00000000,2484.00000000,0.12232229
88.00000000,2485.00000000,0.12231650
88.00000000,2486.00000000,0.12231063
88.00000000,2487.00000000,0.12230484
88.00000000,2488.00000000,0.12229904
88.00000000,2489.00000000,0.12229200
88.00000000,2490.00000000,0.12228502
88.00000000,2491.00000000,0.12227796
88.00000000,2492.00000000,0.12227099
88.00000000,2493.00000000,0.12226400
88.00000000,2494.00000000,0.12225692
88.00000000,2495.00000000,0.12224994
88.00000000,2496.00000000,0.12224294
88.00000000,2497.00000000,0.12223585
88.00000000,2498.00000000,0.12222885
88.00000000,2499.00000000,0.12222184
88.00000000,2500.00000000,0.12221475
89.00000000,1765.00000000,0.09027672
89.00000000,1766.00000000,0.09027665
89.00000000,1767.00000000,0.09027668
89.00000000,1768.00000000,0.09027695
89.00000000,1769.00000000,0.09027720
89.00000000,1770.00000000,0.09027762
89.00000000,1771.00000000,0.09027816
89.00000000,1772.00000000,0.09027902
89.00000000,1773.00000000,0.09027990
89.00000000,1774.00000000,0.09028100
89.00000000,1775.00000000,0.09028223
89.00000000,1776.00000000,0.09028375
89.00000000,1777.00000000,0.09028533
89.00000000,1778.00000000,0.09028705
89.00000000,1779.00000000,0.09028899
89.00000000,1780.00000000,0.09029106
89.00000000,1781.00000000,0.09029324
89.00000000,1782.00000000,0.09029554
89.00000000,1783.00000000,0.09029802
89.00000000,1784.00000000,0.09030065
89.00000000,1785.00000000,0.09030334
89.00000000,1786.00000000,0.09030617
89.00000000,1787.00000000,0.09030911
89.00000000,1788.00000000,0.09031212
89.00000000,1789.00000000,0.09031522
89.00000000,1790.00000000,0.09031857
89.00000000,1791.00000000,0.09032190
89.00000000,1792.00000000,0.09032526
89.00000000,1793.00000000,0.09032892
89.00000000,1794.00000000,0.09033235
89.00000000,1795.00000000,0.09033603
89.00000000,1796.00000000,0.09033982
89.00000000,1797.00000000,0.09034366
89.00000000,1798.00000000,0.09034734
89.00000000,1799.00000000,0.09035134
89.00000000,1800.00000000,0.09035528
89.00000000,1801.00000000,0.09035931
89.00000000,1802.00000000,0.09036343
89.00000000,1803.00000000,0.09036746
89.00000000,1804.00000000,0.09037158
89.00000000,1805.00000000,0.09037577
89.00000000,1806.00000000,0.09038003
89.00000000,1807.00000000,0.09038421
89.00000000,1808.00000000,0.09038851
89.00000000,1809.00000000,0.09039288
89.00000000,1810.00000000,0.09039724
89.00000000,1811.00000000,0.09040168
89.00000000,1812.00000000,0.09040608
89.00000000,1813.00000000,0.09041053
89.00000000,1814.00000000,0.09041498
89.00000000,1815.00000000,0.09041951
89.00000000,1816.00000000,0.09042401
89.00000000,1817.00000000,0.09042859
89.00000000,1818.00000000,0.09043310
89.00000000,1819.00000000,0.09043769
89.00000000,1820.00000000,0.09044226
89.00000000,1821.00000000,0.09044685
89.00000000,1822.00000000,0.09045148
89.00000000,1823.00000000,0.09045607
89.00000000,1824.00000000,0.09046073
89.00000000,1825.00000000,0.09046544
89.00000000,1826.00000000,0.09047003
89.00000000,1827.00000000,0.09047474
89.00000000,1828.00000000,0.09047947
89.00000000,1829.00000000,0.09048413
89.00000000,1830.00000000,0.09048887
89.00000000,1831.00000000,0.09049353
89.00000000,1832.00000000,0.09049827
89.00000000,1833.00000000,0.09050296
89.00000000,1834.00000000,0.09050764
89.00000000,1835.00000000,0.09051237
89.00000000,1836.00000000,0.09051710
89.00000000,1837.00000000,0.09052184
89.00000000,1838.00000000,0.09052659
89.00000000,1839.00000000,0.09053133
89.00000000,1840.00000000,0.09053610
89.00000000,1841.00000000,0.09054091
89.00000000,1842.00000000,0.09054570
89.00000000,1843.00000000,0.09055054
89.00000000,1844.00000000,0.09055535
89.00000000,1845.00000000,0.09056020
89.00000000,1846.00000000,0.09056511
89.00000000,1847.00000000,0.09056999
89.00000000,1848.00000000,0.09057493
89.00000000,1849.00000000,0.09057993
89.00000000,1850.00000000,0.09058494
89.00000000,1851.00000000,0.09059000
89.00000000,1852.00000000,0.09059505
89.00000000,1853.00000000,0.09060062
89.00000000,1854.00000000,0.09060651
89.00000000,1855.00000000,0.09062070
89.00000000,1856.00000000,0.09062663
89.00000000,1857.00000000,0.09063251
89.00000000,1858.00000000,0.09063852
89.00000000,1859.00000000,0.09064456
89.00000000,1860.00000000,0.09065344
89.00000000,1861.00000000,0.09065951
89.00000000,1862.00000000,0.09066554
89.00000000,1863.00000000,0.09067087
89.00000000,1864.00000000,0.09067576
89.00000000,1865.00000000,0.09068027
89.00000000,1866.00000000,0.09068457
89.00000000,1867.00000000,0.09068849
89.00000000,1868.00000000,0.09069219
89.00000000,1869.00000000,0.09069581
89.00000000,1870.00000000,0.09070187
89.00000000,1871.00000000,0.09070509
89.00000000,1872.00000000,0.09070855
89.00000000,1873.00000000,0.09071298
89.00000000,1874.00000000,0.09071789
89.00000000,1875.00000000,0.09072341
89.00000000,1876.00000000,0.09072923
89.00000000,1877.00000000,0.09073537
89.00000000,1878.00000000,0.09074169
89.00000000,1879.00000000,0.09074829
89.00000000,1880.00000000,0.09075785
89.00000000,1881.00000000,0.09076466
89.00000000,1882.00000000,0.09077156
89.00000000,1883.00000000,0.09077795
89.00000000,1884.00000000,0.09078401
89.00000000,1885.00000000,0.09078971
89.00000000,1886.00000000,0.09079812
89.00000000,1887.00000000,0.09080365
89.00000000,1888.00000000,0.09080903
89.00000000,1889.00000000,0.09081690
89.00000000,1890.00000000,0.09082177
89.00000000,1891.00000000,0.09083169
89.00000000,1892.00000000,0.09083308
89.00000000,1893.00000000,0.09083711
89.00000000,1894.00000000,0.09084118
89.00000000,1895.00000000,0.09084821
89.00000000,1896.00000000,0.09085247
89.00000000,1897.00000000,0.09085680
89.00000000,1898.00000000,0.09086101
89.00000000,1899.00000000,0.09086502
89.00000000,1900.00000000,0.09087150
89.00000000,1901.00000000,0.09087496
89.00000000,1902.00000000,0.09087853
89.00000000,1903.00000000,0.09088230
89.00000000,1904.00000000,0.09088896
89.00000000,1905.00000000,0.09089586
89.00000000,1906.00000000,0.09090307
89.00000000,1907.00000000,0.09090757
89.00000000,1908.00000000,0.09091213
89.00000000,1909.00000000,0.09091657
89.00000000,1910.00000000,0.09092113
89.00000000,1911.00000000,0.09092828
89.00000000,1912.00000000,0.09093477
89.00000000,1913.00000000,0.09093743
89.00000000,1914.00000000,0.09094191
89.00000000,1915.00000000,0.09094313
89.00000000,1916.00000000,0.09094708
89.00000000,1917.00000000,0.09094834
89.00000000,1918.00000000,0.09094938
89.00000000,1919.00000000,0.09096728
89.00000000,1920.00000000,0.09096640
89.00000000,1921.00000000,0.09096913
89.00000000,1922.00000000,0.09097577
89.00000000,1923.00000000,0.09098054
89.00000000,1924.00000000,0.09098829
89.00000000,1925.00000000,0.09100424
89.00000000,1926.00000000,0.09100905
89.00000000,1927.00000000,0.09101661
89.00000000,1928.00000000,0.09102444
89.00000000,1929.00000000,0.09103494
89.00000000,1930.00000000,0.09104300
89.00000000,1931.00000000,0.09105509
89.00000000,1932.00000000,0.09106593
89.00000000,1933.00000000,0.09108057
89.00000000,1934.00000000,0.09110149
89.00000000,1935.00000000,0.09111136
89.00000000,1936.00000000,0.09112900
89.00000000,1937.00000000,0.09114017
89.00000000,1938.00000000,0.09115544
89.00000000,1939.00000000,0.09117254
89.00000000,1940.00000000,0.09117789
89.00000000,1941.00000000,0.09119048
89.00000000,1942.00000000,0.09119916
89.00000000,1943.00000000,0.09122917
89.00000000,1944.00000000,0.09123648
89.00000000,1945.00000000,0.09125207
89.00000000,1946.00000000,0.09125764
89.00000000,1947.00000000,0.09126528
89.00000000,1948.00000000,0.09128496
89.00000000,1949.00000000,0.09131301
89.00000000,1950.00000000,0.09132981
89.00000000,1951.00000000,0.09134086
89.00000000,1952.00000000,0.09136654
89.00000000,1953.00000000,0.09139536
89.00000000,1954.00000000,0.09142148
89.00000000,1955.00000000,0.09143697
89.00000000,1956.00000000,0.09146716
89.00000000,1957.00000000,0.09148831
89.00000000,1958.00000000,0.09151476
89.00000000,1959.00000000,0.09153527
89.00000000,1960.00000000,0.09156501
89.00000000,1961.00000000,0.09161538
89.00000000,1962.00000000,0.09164828
89.00000000,1963.00000000,0.09162204
89.00000000,1964.00000000,0.09166120
89.00000000,1965.00000000,0.09166825
89.00000000,1966.00000000,0.09167384
89.00000000,1967.00000000,0.09167367
89.00000000,1968.00000000,0.09170654
89.00000000,1969.00000000,0.09177026
89.00000000,1970.00000000,0.09177853
89.00000000,1971.00000000,0.09179950
89.00000000,1972.00000000,0.09182391
89.00000000,1973.00000000,0.09180835
89.00000000,1974.00000000,0.09178665
89.00000000,1975.00000000,0.09176864
89.00000000,1976.00000000,0.09177786
89.00000000,1977.00000000,0.09183718
89.00000000,1978.00000000,0.09180813
89.00000000,1979.00000000,0.09185892
89.00000000,1980.00000000,0.09187329
89.00000000,1981.00000000,0.09184914
89.00000000,1982.00000000,0.09181102
89.00000000,1983.00000000,0.09182516
89.00000000,1984.00000000,0.09187212
89.00000000,1985.00000000,0.09189562
89.00000000,1986.00000000,0.09194377
89.00000000,1987.00000000,0.09200443
89.00000000,1988.00000000,0.09211252
89.00000000,1989.00000000,0.09217949
89.00000000,1990.00000000,0.09222150
89.00000000,1991.00000000,0.09225273
89.00000000,1992.00000000,0.09238658
89.00000000,1993.00000000,0.09240062
89.00000000,1994.00000000,0.09250434
89.00000000,1995.00000000,0.09262312
89.00000000,1996.00000000,0.09283285
89.00000000,1997.00000000,0.09273733
89.00000000,1998.00000000,0.09283031
89.00000000,1999.00000000,0.09292023
89.00000000,2000.00000000,0.09296365
89.00000000,2001.00000000,0.09307802
89.00000000,2002.00000000,0.09324910
89.00000000,2003.00000000,0.09299001
89.00000000,2004.00000000,0.09295156
89.00000000,2005.00000000,0.09311542
89.00000000,2006.00000000,0.09325003
89.00000000,2007.00000000,0.09318010
89.00000000,2008.00000000,0.09280258
89.00000000,2009.00000000,0.09312151
89.00000000,2010.00000000,0.09274050
89.00000000,2011.00000000,0.09282400
89.00000000,2012.00000000,0.09313139
89.00000000,2013.00000000,0.09307580
89.00000000,2014.00000000,0.09306916
89.00000000,2015.00000000,0.09304881
89.00000000,2016.00000000,0.09321895
89.00000000,2017.00000000,0.09317954
89.00000000,2018.00000000,0.09334652
89.00000000,2019.00000000,0.09304375
89.00000000,2020.00000000,0.09268182
89.00000000,2021.00000000,0.09237230
89.00000000,2022.00000000,0.09243815
89.00000000,2023.00000000,0.09259497
89.00000000,2024.00000000,0.09268065
89.00000000,2025.00000000,0.09289818
89.00000000,2026.00000000,0.09305013
89.00000000,2027.00000000,0.09280833
89.00000000,2028.00000000,0.09288179
89.00000000,2029.00000000,0.09310836
89.00000000,2030.00000000,0.09314139
89.00000000,2031.00000000,0.09310201
89.00000000,2032.00000000,0.09317252
89.00000000,2033.00000000,0.09309008
89.00000000,2034.00000000,0.09243247
89.00000000,2035.00000000,0.09258051
89.00000000,2036.00000000,0.09293156
89.00000000,2037.00000000,0.09307694
89.00000000,2038.00000000,0.09288409
89.00000000,2039.00000000,0.09338658
89.00000000,2040.00000000,0.09369462
89.00000000,2041.00000000,0.09371024
89.00000000,2042.00000000,0.09377069
89.00000000,2043.00000000,0.09377502
89.00000000,2044.00000000,0.09418612
89.00000000,2045.00000000,0.09448213
89.00000000,2046.00000000,0.09466316
89.00000000,2047.00000000,0.09475845
89.00000000,2048.00000000,0.09504195
89.00000000,2049.00000000,0.09527921
89.00000000,2050.00000000,0.09525823
89.00000000,2051.00000000,0.09547007
89.00000000,2052.00000000,0.09579106
89.00000000,2053.00000000,0.09614238
89.00000000,2054.00000000,0.09643271
89.00000000,2055.00000000,0.09678207
89.00000000,2056.00000000,0.09698990
89.00000000,2057.00000000,0.09738139
89.00000000,2058.00000000,0.09786250
89.00000000,2059.00000000,0.09850770
89.00000000,2060.00000000,0.09883806
89.00000000,2061.00000000,0.09920092
89.00000000,2062.00000000,0.09973836
89.00000000,2063.00000000,0.09969154
89.00000000,2064.00000000,0.09954900
89.00000000,2065.00000000,0.10017040
89.00000000,2066.00000000,0.10047993
89.00000000,2067.00000000,0.10061163
89.00000000,2068.00000000,0.10127040
89.00000000,2069.00000000,0.10107018
89.00000000,2070.00000000,0.10059482
89.00000000,2071.00000000,0.10043537
89.00000000,2072.00000000,0.10034026
89.00000000,2073.00000000,0.10074818
89.00000000,2074.00000000,0.10109313
89.00000000,2075.00000000,0.10147145
89.00000000,2076.00000000,0.10179466
89.00000000,2077.00000000,0.10229211
89.00000000,2078.00000000,0.10257516
89.00000000,2079.00000000,0.10268458
89.00000000,2080.00000000,0.10288694
89.00000000,2081.00000000,0.10256986
89.00000000,2082.00000000,0.10256470
89.00000000,2083.00000000,0.10284363
89.00000000,2084.00000000,0.10315593
89.00000000,2085.00000000,0.10349148
89.00000000,2086.00000000,0.10375803
89.00000000,2087.00000000,0.10367889
89.00000000,2088.00000000,0.10363391
89.00000000,2089.00000000,0.10405359
89.00000000,2090.00000000,0.10446438
89.00000000,2091.00000000,0.10461150
89.00000000,2092.00000000,0.10546785
89.00000000,2093.00000000,0.10644933
89.00000000,2094.00000000,0.10721917
89.00000000,2095.00000000,0.10772358
89.00000000,2096.00000000,0.10823254
89.00000000,2097.00000000,0.10874605
89.00000000,2098.00000000,0.10926334
89.00000000,2099.00000000,0.10978431
89.00000000,2100.00000000,0.11048213
89.00000000,2101.00000000,0.11118349
89.00000000,2102.00000000,0.11188871
89.00000000,2103.00000000,0.11259787
89.00000000,2104.00000000,0.11331109
89.00000000,2105.00000000,0.11402835
89.00000000,2106.00000000,0.11474952
89.00000000,2107.00000000,0.11547443
89.00000000,2108.00000000,0.11620307
89.00000000,2109.00000000,0.11693520
89.00000000,2110.00000000,0.11759436
89.00000000,2111.00000000,0.11825687
89.00000000,2112.00000000,0.11892251
89.00000000,2113.00000000,0.11959126
89.00000000,2114.00000000,0.12026303
89.00000000,2115.00000000,0.12093766
89.00000000,2116.00000000,0.12161524
89.00000000,2117.00000000,0.12229566
89.00000000,2118.00000000,0.12297881
89.00000000,2119.00000000,0.12366484
89.00000000,2120.00000000,0.12451208
89.00000000,2121.00000000,0.12536196
89.00000000,2122.00000000,0.12621450
89.00000000,2123.00000000,0.12706949
89.00000000,2124.00000000,0.12792689
89.00000000,2125.00000000,0.12878662
89.00000000,2126.00000000,0.12964852
89.00000000,2127.00000000,0.13051255
89.00000000,2128.00000000,0.13137872
89.00000000,2129.00000000,0.13224686
89.00000000,2130.00000000,0.13323236
89.00000000,2131.00000000,0.13421973
89.00000000,2132.00000000,0.13520874
89.00000000,2133.00000000,0.13619946
89.00000000,2134.00000000,0.13719167
89.00000000,2135.00000000,0.13818517
89.00000000,2136.00000000,0.13917994
89.00000000,2137.00000000,0.14017571
89.00000000,2138.00000000,0.14117253
89.00000000,2139.00000000,0.14217017
89.00000000,2140.00000000,0.14316194
89.00000000,2141.00000000,0.14415427
89.00000000,2142.00000000,0.14514707
89.00000000,2143.00000000,0.14614012
89.00000000,2144.00000000,0.14713336
89.00000000,2145.00000000,0.14812661
89.00000000,2146.00000000,0.14911960
89.00000000,2147.00000000,0.15011243
89.00000000,2148.00000000,0.15110477
89.00000000,2149.00000000,0.15209642
89.00000000,2150.00000000,0.15283536
89.00000000,2151.00000000,0.15357400
89.00000000,2152.00000000,0.15431482
89.00000000,2153.00000000,0.15505991
89.00000000,2154.00000000,0.15581034
89.00000000,2155.00000000,0.15656666
89.00000000,2156.00000000,0.15732897
89.00000000,2157.00000000,0.15809711
89.00000000,2158.00000000,0.15887109
89.00000000,2159.00000000,0.15965056
89.00000000,2160.00000000,0.16020798
89.00000000,2161.00000000,0.16077022
89.00000000,2162.00000000,0.16133695
89.00000000,2163.00000000,0.16190810
89.00000000,2164.00000000,0.16248343
89.00000000,2165.00000000,0.16306264
89.00000000,2166.00000000,0.16364575
89.00000000,2167.00000000,0.16423247
89.00000000,2168.00000000,0.16482259
89.00000000,2169.00000000,0.16541601
89.00000000,2170.00000000,0.16588518
89.00000000,2171.00000000,0.16635698
89.00000000,2172.00000000,0.16683149
89.00000000,2173.00000000,0.16730846
89.00000000,2174.00000000,0.16778785
89.00000000,2175.00000000,0.16826951
89.00000000,2176.00000000,0.16875329
89.00000000,2177.00000000,0.16923919
89.00000000,2178.00000000,0.16972703
89.00000000,2179.00000000,0.17021661
89.00000000,2180.00000000,0.17057606
89.00000000,2181.00000000,0.17093689
89.00000000,2182.00000000,0.17129902
89.00000000,2183.00000000,0.17166247
89.00000000,2184.00000000,0.17202714
89.00000000,2185.00000000,0.17239292
89.00000000,2186.00000000,0.17275988
89.00000000,2187.00000000,0.17312784
89.00000000,2188.00000000,0.17349685
89.00000000,2189.00000000,0.17386680
89.00000000,2190.00000000,0.17413565
89.00000000,2191.00000000,0.17440517
89.00000000,2192.00000000,0.17467529
89.00000000,2193.00000000,0.17494597
89.00000000,2194.00000000,0.17521723
89.00000000,2195.00000000,0.17548900
89.00000000,2196.00000000,0.17576124
89.00000000,2197.00000000,0.17603401
89.00000000,2198.00000000,0.17630718
89.00000000,2199.00000000,0.17658083
89.00000000,2200.00000000,0.17685490
89.00000000,2201.00000000,0.17712931
89.00000000,2202.00000000,0.17740413
89.00000000,2203.00000000,0.17767930
89.00000000,2204.00000000,0.17795472
89.00000000,2205.00000000,0.17823059
89.00000000,2206.00000000,0.17850672
89.00000000,2207.00000000,0.17878306
89.00000000,2208.00000000,0.17905976
89.00000000,2209.00000000,0.17933669
89.00000000,2210.00000000,0.17961377
89.00000000,2211.00000000,0.17989115
89.00000000,2212.00000000,0.18016865
89.00000000,2213.00000000,0.18044640
89.00000000,2214.00000000,0.18072437
89.00000000,2215.00000000,0.18100238
89.00000000,2216.00000000,0.18128061
89.00000000,2217.00000000,0.18155898
89.00000000,2218.00000000,0.18183737
89.00000000,2219.00000000,0.18211591
89.00000000,2220.00000000,0.18239454
89.00000000,2221.00000000,0.18267313
89.00000000,2222.00000000,0.18295185
89.00000000,2223.00000000,0.18323051
89.00000000,2224.00000000,0.18350923
89.00000000,2225.00000000,0.18378794
89.00000000,2226.00000000,0.18406653
89.00000000,2227.00000000,0.18434514
89.00000000,2228.00000000,0.18462366
89.00000000,2229.00000000,0.18490202
89.00000000,2230.00000000,0.18518034
89.00000000,2231.00000000,0.18545851
89.00000000,2232.00000000,0.18573646
89.00000000,2233.00000000,0.18601427
89.00000000,2234.00000000,0.18629182
89.00000000,2235.00000000,0.18656916
89.00000000,2236.00000000,0.18684622
89.00000000,2237.00000000,0.18712290
89.00000000,2238.00000000,0.18739924
89.00000000,2239.00000000,0.18767505
89.00000000,2240.00000000,0.18722628
89.00000000,2241.00000000,0.18677515
89.00000000,2242.00000000,0.18632164
89.00000000,2243.00000000,0.18586577
89.00000000,2244.00000000,0.18540770
89.00000000,2245.00000000,0.18494744
89.00000000,2246.00000000,0.18448498
89.00000000,2247.00000000,0.18402048
89.00000000,2248.00000000,0.18355388
89.00000000,2249.00000000,0.18308513
89.00000000,2250.00000000,0.18261301
89.00000000,2251.00000000,0.18213518
89.00000000,2252.00000000,0.18164973
89.00000000,2253.00000000,0.18115545
89.00000000,2254.00000000,0.18065194
89.00000000,2255.00000000,0.18013924
89.00000000,2256.00000000,0.17961743
89.00000000,2257.00000000,0.17908654
89.00000000,2258.00000000,0.17854693
89.00000000,2259.00000000,0.17799867
89.00000000,2260.00000000,0.17744214
89.00000000,2261.00000000,0.17687758
89.00000000,2262.00000000,0.17630537
89.00000000,2263.00000000,0.17572596
89.00000000,2264.00000000,0.17513957
89.00000000,2265.00000000,0.17454646
89.00000000,2266.00000000,0.17394691
89.00000000,2267.00000000,0.17334114
89.00000000,2268.00000000,0.17272928
89.00000000,2269.00000000,0.17211162
89.00000000,2270.00000000,0.17148831
89.00000000,2271.00000000,0.17085952
89.00000000,2272.00000000,0.17022549
89.00000000,2273.00000000,0.16958631
89.00000000,2274.00000000,0.16894223
89.00000000,2275.00000000,0.16829339
89.00000000,2276.00000000,0.16763988
89.00000000,2277.00000000,0.16698197
89.00000000,2278.00000000,0.16631974
89.00000000,2279.00000000,0.16565333
89.00000000,2280.00000000,0.16498296
89.00000000,2281.00000000,0.16430868
89.00000000,2282.00000000,0.16363063
89.00000000,2283.00000000,0.16294901
89.00000000,2284.00000000,0.16226384
89.00000000,2285.00000000,0.16157532
89.00000000,2286.00000000,0.16088355
89.00000000,2287.00000000,0.16018858
89.00000000,2288.00000000,0.15949060
89.00000000,2289.00000000,0.15878971
89.00000000,2290.00000000,0.15808592
89.00000000,2291.00000000,0.15737943
89.00000000,2292.00000000,0.15667031
89.00000000,2293.00000000,0.15595861
89.00000000,2294.00000000,0.15524449
89.00000000,2295.00000000,0.15452799
89.00000000,2296.00000000,0.15380917
89.00000000,2297.00000000,0.15308820
89.00000000,2298.00000000,0.15236507
89.00000000,2299.00000000,0.15163993
89.00000000,2300.00000000,0.15091284
89.00000000,2301.00000000,0.15018381
89.00000000,2302.00000000,0.14945299
89.00000000,2303.00000000,0.14872038
89.00000000,2304.00000000,0.14798604
89.00000000,2305.00000000,0.14725009
89.00000000,2306.00000000,0.14651257
89.00000000,2307.00000000,0.14577348
89.00000000,2308.00000000,0.14503298
89.00000000,2309.00000000,0.14429105
89.00000000,2310.00000000,0.14354781
89.00000000,2311.00000000,0.14280330
89.00000000,2312.00000000,0.14205753
89.00000000,2313.00000000,0.14131064
89.00000000,2314.00000000,0.14056263
89.00000000,2315.00000000,0.13981353
89.00000000,2316.00000000,0.13906345
89.00000000,2317.00000000,0.13831241
89.00000000,2318.00000000,0.13756042
89.00000000,2319.00000000,0.13680758
89.00000000,2320.00000000,0.13605392
89.00000000,2321.00000000,0.13529949
89.00000000,2322.00000000,0.13454435
89.00000000,2323.00000000,0.13378847
89.00000000,2324.00000000,0.13303200
89.00000000,2325.00000000,0.13227491
89.00000000,2326.00000000,0.13151722
89.00000000,2327.00000000,0.13075905
89.00000000,2328.00000000,0.13000040
89.00000000,2329.00000000,0.12924125
89.00000000,2330.00000000,0.12848173
89.00000000,2331.00000000,0.12772184
89.00000000,2332.00000000,0.12696159
89.00000000,2333.00000000,0.12620107
89.00000000,2334.00000000,0.12544025
89.00000000,2335.00000000,0.12467927
89.00000000,2336.00000000,0.12391814
89.00000000,2337.00000000,0.12315690
89.00000000,2338.00000000,0.12255678
89.00000000,2339.00000000,0.12243097
89.00000000,2340.00000000,0.12243495
89.00000000,2341.00000000,0.12243922
89.00000000,2342.00000000,0.12244370
89.00000000,2343.00000000,0.12244838
89.00000000,2344.00000000,0.12245332
89.00000000,2345.00000000,0.12247875
89.00000000,2346.00000000,0.12250445
89.00000000,2347.00000000,0.12253035
89.00000000,2348.00000000,0.12255641
89.00000000,2349.00000000,0.12258269
89.00000000,2350.00000000,0.12256899
89.00000000,2351.00000000,0.12255542
89.00000000,2352.00000000,0.12254204
89.00000000,2353.00000000,0.12252883
89.00000000,2354.00000000,0.12251576
89.00000000,2355.00000000,0.12250288
89.00000000,2356.00000000,0.12249014
89.00000000,2357.00000000,0.12247754
89.00000000,2358.00000000,0.12246511
89.00000000,2359.00000000,0.12245280
89.00000000,2360.00000000,0.12244065
89.00000000,2361.00000000,0.12242865
89.00000000,2362.00000000,0.12241675
89.00000000,2363.00000000,0.12240501
89.00000000,2364.00000000,0.12239340
89.00000000,2365.00000000,0.12238013
89.00000000,2366.00000000,0.12236704
89.00000000,2367.00000000,0.12235406
89.00000000,2368.00000000,0.12234115
89.00000000,2369.00000000,0.12232839
89.00000000,2370.00000000,0.12231571
89.00000000,2371.00000000,0.12230318
89.00000000,2372.00000000,0.12229074
89.00000000,2373.00000000,0.12227837
89.00000000,2374.00000000,0.12226613
89.00000000,2375.00000000,0.12225401
89.00000000,2376.00000000,0.12224193
89.00000000,2377.00000000,0.12222997
89.00000000,2378.00000000,0.12221812
89.00000000,2379.00000000,0.12220632
89.00000000,2380.00000000,0.12219464
89.00000000,2381.00000000,0.12218299
89.00000000,2382.00000000,0.12217148
89.00000000,2383.00000000,0.12216005
89.00000000,2384.00000000,0.12214865
89.00000000,2385.00000000,0.12213737
89.00000000,2386.00000000,0.12212617
89.00000000,2387.00000000,0.12211498
89.00000000,2388.00000000,0.12210392
89.00000000,2389.00000000,0.12209294
89.00000000,2390.00000000,0.12208583
89.00000000,2391.00000000,0.12207885
89.00000000,2392.00000000,0.12207193
89.00000000,2393.00000000,0.12206503
89.00000000,2394.00000000,0.12205823
89.00000000,2395.00000000,0.12205146
89.00000000,2396.00000000,0.12204478
89.00000000,2397.00000000,0.12203818
89.00000000,2398.00000000,0.12203158
89.00000000,2399.00000000,0.12202507
89.00000000,2400.00000000,0.12201863
89.00000000,2401.00000000,0.12201218
89.00000000,2402.00000000,0.12200585
89.00000000,2403.00000000,0.12199957
89.00000000,2404.00000000,0.12199329
89.00000000,2405.00000000,0.12198711
89.00000000,2406.00000000,0.12198096
89.00000000,2407.00000000,0.12197489
89.00000000,2408.00000000,0.12196889
89.00000000,2409.00000000,0.12196287
89.00000000,2410.00000000,0.12195696
89.00000000,2411.00000000,0.12195109
89.00000000,2412.00000000,0.12194522
89.00000000,2413.00000000,0.12193944
89.00000000,2414.00000000,0.12193371
89.00000000,2415.00000000,0.12192796
89.00000000,2416.00000000,0.12192232
89.00000000,2417.00000000,0.12191671
89.00000000,2418.00000000,0.12191109
89.00000000,2419.00000000,0.12190555
89.00000000,2420.00000000,0.12190001
89.00000000,2421.00000000,0.12189455
89.00000000,2422.00000000,0.12188912
89.00000000,2423.00000000,0.12188368
89.00000000,2424.00000000,0.12187832
89.00000000,2425.00000000,0.12187299
89.00000000,2426.00000000,0.12186764
89.00000000,2427.00000000,0.12186237
89.00000000,2428.00000000,0.12185713
89.00000000,2429.00000000,0.12185186
89.00000000,2430.00000000,0.12184669
89.00000000,2431.00000000,0.12184147
89.00000000,2432.00000000,0.12183633
89.00000000,2433.00000000,0.12183123
89.00000000,2434.00000000,0.12182609
89.00000000,2435.00000000,0.12182102
89.00000000,2436.00000000,0.12181599
89.00000000,2437.00000000,0.12181090
89.00000000,2438.00000000,0.12180591
89.00000000,2439.00000000,0.12180094
89.00000000,2440.00000000,0.12179481
89.00000000,2441.00000000,0.12178877
89.00000000,2442.00000000,0.12178274
89.00000000,2443.00000000,0.12177668
89.00000000,2444.00000000,0.12177069
89.00000000,2445.00000000,0.12176465
89.00000000,2446.00000000,0.12175869
89.00000000,2447.00000000,0.12175274
89.00000000,2448.00000000,0.12174674
89.00000000,2449.00000000,0.12174082
89.00000000,2450.00000000,0.12173492
89.00000000,2451.00000000,0.12172896
89.00000000,2452.00000000,0.12172307
89.00000000,2453.00000000,0.12171720
89.00000000,2454.00000000,0.12171126
89.00000000,2455.00000000,0.12170539
89.00000000,2456.00000000,0.12169947
89.00000000,2457.00000000,0.12169362
89.00000000,2458.00000000,0.12168775
89.00000000,2459.00000000,0.12168185
89.00000000,2460.00000000,0.12167600
89.00000000,2461.00000000,0.12167016
89.00000000,2462.00000000,0.12166425
89.00000000,2463.00000000,0.12165841
89.00000000,2464.00000000,0.12165257
89.00000000,2465.00000000,0.12164668
89.00000000,2466.00000000,0.12164085
89.00000000,2467.00000000,0.12163495
89.00000000,2468.00000000,0.12162913
89.00000000,2469.00000000,0.12162331
89.00000000,2470.00000000,0.12161741
89.00000000,2471.00000000,0.12161159
89.00000000,2472.00000000,0.12160576
89.00000000,2473.00000000,0.12159987
89.00000000,2474.00000000,0.12159405
89.00000000,2475.00000000,0.12158823
89.00000000,2476.00000000,0.12158233
89.00000000,2477.00000000,0.12157652
89.00000000,2478.00000000,0.12157069
89.00000000,2479.00000000,0.12156480
89.00000000,2480.00000000,0.12155898
89.00000000,2481.00000000,0.12155307
89.00000000,2482.00000000,0.12154726
89.00000000,2483.00000000,0.12154143
89.00000000,2484.00000000,0.12153552
89.00000000,2485.00000000,0.12152970
89.00000000,2486.00000000,0.12152385
89.00000000,2487.00000000,0.12151794
89.00000000,2488.00000000,0.12151211
89.00000000,2489.00000000,0.12150627
89.00000000,2490.00000000,0.12149919
89.00000000,2491.00000000,0.12149217
89.00000000,2492.00000000,0.12148508
89.00000000,2493.00000000,0.12147806
89.00000000,2494.00000000,0.12147104
89.00000000,2495.00000000,0.12146394
89.00000000,2496.00000000,0.12145691
89.00000000,2497.00000000,0.12144988
89.00000000,2498.00000000,0.12144275
89.00000000,2499.00000000,0.12143571
89.00000000,2500.00000000,0.12142868
90.00000000,1765.00000000,0.08961599
90.00000000,1766.00000000,0.08961609
90.00000000,1767.00000000,0.08961608
90.00000000,1768.00000000,0.08961621
90.00000000,1769.00000000,0.08961660
90.00000000,1770.00000000,0.08961701
90.00000000,1771.00000000,0.08961758
90.00000000,1772.00000000,0.08961829
90.00000000,1773.00000000,0.08961930
90.00000000,1774.00000000,0.08962035
90.00000000,1775.00000000,0.08962160
90.00000000,1776.00000000,0.08962300
90.00000000,1777.00000000,0.08962467
90.00000000,1778.00000000,0.08962641
90.00000000,1779.00000000,0.08962827
90.00000000,1780.00000000,0.08963036
90.00000000,1781.00000000,0.08963257
90.00000000,1782.00000000,0.08963487
90.00000000,1783.00000000,0.08963729
90.00000000,1784.00000000,0.08963989
90.00000000,1785.00000000,0.08964262
90.00000000,1786.00000000,0.08964542
90.00000000,1787.00000000,0.08964835
90.00000000,1788.00000000,0.08965138
90.00000000,1789.00000000,0.08965449
90.00000000,1790.00000000,0.08965767
90.00000000,1791.00000000,0.08966110
90.00000000,1792.00000000,0.08966450
90.00000000,1793.00000000,0.08966792
90.00000000,1794.00000000,0.08967164
90.00000000,1795.00000000,0.08967514
90.00000000,1796.00000000,0.08967887
90.00000000,1797.00000000,0.08968272
90.00000000,1798.00000000,0.08968660
90.00000000,1799.00000000,0.08969031
90.00000000,1800.00000000,0.08969436
90.00000000,1801.00000000,0.08969833
90.00000000,1802.00000000,0.08970238
90.00000000,1803.00000000,0.08970653
90.00000000,1804.00000000,0.08971058
90.00000000,1805.00000000,0.08971473
90.00000000,1806.00000000,0.08971893
90.00000000,1807.00000000,0.08972321
90.00000000,1808.00000000,0.08972741
90.00000000,1809.00000000,0.08973172
90.00000000,1810.00000000,0.08973610
90.00000000,1811.00000000,0.08974049
90.00000000,1812.00000000,0.08974493
90.00000000,1813.00000000,0.08974932
90.00000000,1814.00000000,0.08975378
90.00000000,1815.00000000,0.08975823
90.00000000,1816.00000000,0.08976276
90.00000000,1817.00000000,0.08976726
90.00000000,1818.00000000,0.08977181
90.00000000,1819.00000000,0.08977631
90.00000000,1820.00000000,0.08978089
90.00000000,1821.00000000,0.08978545
90.00000000,1822.00000000,0.08979002
90.00000000,1823.00000000,0.08979464
90.00000000,1824.00000000,0.08979922
90.00000000,1825.00000000,0.08980386
90.00000000,1826.00000000,0.08980854
90.00000000,1827.00000000,0.08981311
90.00000000,1828.00000000,0.08981779
90.00000000,1829.00000000,0.08982250
90.00000000,1830.00000000,0.08982713
90.00000000,1831.00000000,0.08983182
90.00000000,1832.00000000,0.08983644
90.00000000,1833.00000000,0.08984113
90.00000000,1834.00000000,0.08984578
90.00000000,1835.00000000,0.08985044
90.00000000,1836.00000000,0.08985513
90.00000000,1837.00000000,0.08985980
90.00000000,1838.00000000,0.08986451
90.00000000,1839.00000000,0.08986920
90.00000000,1840.00000000,0.08987391
90.00000000,1841.00000000,0.08987862
90.00000000,1842.00000000,0.08988338
90.00000000,1843.00000000,0.08988814
90.00000000,1844.00000000,0.08989291
90.00000000,1845.00000000,0.08989767
90.00000000,1846.00000000,0.08990248
90.00000000,1847.00000000,0.08990730
90.00000000,1848.00000000,0.08991213
90.00000000,1849.00000000,0.08991704
90.00000000,1850.00000000,0.08992193
90.00000000,1851.00000000,0.08992688
90.00000000,1852.00000000,0.08993182
90.00000000,1853.00000000,0.08993724
90.00000000,1854.00000000,0.08994299
90.00000000,1855.00000000,0.08994876
90.00000000,1856.00000000,0.08996276
90.00000000,1857.00000000,0.08996852
90.00000000,1858.00000000,0.08997432
90.00000000,1859.00000000,0.08998018
90.00000000,1860.00000000,0.08998616
90.00000000,1861.00000000,0.08999486
90.00000000,1862.00000000,0.09000074
90.00000000,1863.00000000,0.09000594
90.00000000,1864.00000000,0.09001069
90.00000000,1865.00000000,0.09001504
90.00000000,1866.00000000,0.09001918
90.00000000,1867.00000000,0.09002307
90.00000000,1868.00000000,0.09002669
90.00000000,1869.00000000,0.09003003
90.00000000,1870.00000000,0.09003334
90.00000000,1871.00000000,0.09003915
90.00000000,1872.00000000,0.09004252
90.00000000,1873.00000000,0.09004680
90.00000000,1874.00000000,0.09005172
90.00000000,1875.00000000,0.09005703
90.00000000,1876.00000000,0.09006277
90.00000000,1877.00000000,0.09006883
90.00000000,1878.00000000,0.09007506
90.00000000,1879.00000000,0.09008155
90.00000000,1880.00000000,0.09008814
90.00000000,1881.00000000,0.09009769
90.00000000,1882.00000000,0.09010444
90.00000000,1883.00000000,0.09011076
90.00000000,1884.00000000,0.09011666
90.00000000,1885.00000000,0.09012238
90.00000000,1886.00000000,0.09012788
90.00000000,1887.00000000,0.09013604
90.00000000,1888.00000000,0.09014137
90.00000000,1889.00000000,0.09014636
90.00000000,1890.00000000,0.09015387
90.00000000,1891.00000000,0.09015828
90.00000000,1892.00000000,0.09016782
90.00000000,1893.00000000,0.09016902
90.00000000,1894.00000000,0.09017300
90.00000000,1895.00000000,0.09017716
90.00000000,1896.00000000,0.09018418
90.00000000,1897.00000000,0.09018839
90.00000000,1898.00000000,0.09019251
90.00000000,1899.00000000,0.09019651
90.00000000,1900.00000000,0.09020008
90.00000000,1901.00000000,0.09020624
90.00000000,1902.00000000,0.09020979
90.00000000,1903.00000000,0.09021344
90.00000000,1904.00000000,0.09021728
90.00000000,1905.00000000,0.09022410
90.00000000,1906.00000000,0.09023124
90.00000000,1907.00000000,0.09023852
90.00000000,1908.00000000,0.09024292
90.00000000,1909.00000000,0.09024732
90.00000000,1910.00000000,0.09025181
90.00000000,1911.00000000,0.09025612
90.00000000,1912.00000000,0.09026255
90.00000000,1913.00000000,0.09026792
90.00000000,1914.00000000,0.09026955
90.00000000,1915.00000000,0.09027344
90.00000000,1916.00000000,0.09027463
90.00000000,1917.00000000,0.09027856
90.00000000,1918.00000000,0.09027958
90.00000000,1919.00000000,0.09028073
90.00000000,1920.00000000,0.09029910
90.00000000,1921.00000000,0.09029904
90.00000000,1922.00000000,0.09030280
90.00000000,1923.00000000,0.09031024
90.00000000,1924.00000000,0.09031513
90.00000000,1925.00000000,0.09032261
90.00000000,1926.00000000,0.09033838
90.00000000,1927.00000000,0.09034311
90.00000000,1928.00000000,0.09035076
90.00000000,1929.00000000,0.09035840
90.00000000,1930.00000000,0.09036905
90.00000000,1931.00000000,0.09037819
90.00000000,1932.00000000,0.09039170
90.00000000,1933.00000000,0.09040339
90.00000000,1934.00000000,0.09041856
90.00000000,1935.00000000,0.09043935
90.00000000,1936.00000000,0.09044849
90.00000000,1937.00000000,0.09046496
90.00000000,1938.00000000,0.09047451
90.00000000,1939.00000000,0.09048862
90.00000000,1940.00000000,0.09050483
90.00000000,1941.00000000,0.09050893
90.00000000,1942.00000000,0.09052018
90.00000000,1943.00000000,0.09052795
90.00000000,1944.00000000,0.09055717
90.00000000,1945.00000000,0.09056430
90.00000000,1946.00000000,0.09058087
90.00000000,1947.00000000,0.09058836
90.00000000,1948.00000000,0.09059683
90.00000000,1949.00000000,0.09061643
90.00000000,1950.00000000,0.09064408
90.00000000,1951.00000000,0.09066055
90.00000000,1952.00000000,0.09067226
90.00000000,1953.00000000,0.09069788
90.00000000,1954.00000000,0.09072642
90.00000000,1955.00000000,0.09075258
90.00000000,1956.00000000,0.09076795
90.00000000,1957.00000000,0.09079750
90.00000000,1958.00000000,0.09081793
90.00000000,1959.00000000,0.09084346
90.00000000,1960.00000000,0.09086160
90.00000000,1961.00000000,0.09088916
90.00000000,1962.00000000,0.09093810
90.00000000,1963.00000000,0.09096978
90.00000000,1964.00000000,0.09094243
90.00000000,1965.00000000,0.09097969
90.00000000,1966.00000000,0.09098503
90.00000000,1967.00000000,0.09098898
90.00000000,1968.00000000,0.09098706
90.00000000,1969.00000000,0.09101714
90.00000000,1970.00000000,0.09107754
90.00000000,1971.00000000,0.09108185
90.00000000,1972.00000000,0.09109775
90.00000000,1973.00000000,0.09111783
90.00000000,1974.00000000,0.09109891
90.00000000,1975.00000000,0.09107529
90.00000000,1976.00000000,0.09105682
90.00000000,1977.00000000,0.09106608
90.00000000,1978.00000000,0.09112477
90.00000000,1979.00000000,0.09109546
90.00000000,1980.00000000,0.09114509
90.00000000,1981.00000000,0.09115913
90.00000000,1982.00000000,0.09113743
90.00000000,1983.00000000,0.09110452
90.00000000,1984.00000000,0.09112339
90.00000000,1985.00000000,0.09117370
90.00000000,1986.00000000,0.09119921
90.00000000,1987.00000000,0.09124798
90.00000000,1988.00000000,0.09130844
90.00000000,1989.00000000,0.09141542
90.00000000,1990.00000000,0.09148126
90.00000000,1991.00000000,0.09152265
90.00000000,1992.00000000,0.09155420
90.00000000,1993.00000000,0.09168787
90.00000000,1994.00000000,0.09170319
90.00000000,1995.00000000,0.09180721
90.00000000,1996.00000000,0.09192544
90.00000000,1997.00000000,0.09213312
90.00000000,1998.00000000,0.09203748
90.00000000,1999.00000000,0.09212967
90.00000000,2000.00000000,0.09221915
90.00000000,2001.00000000,0.09226204
90.00000000,2002.00000000,0.09237500
90.00000000,2003.00000000,0.09254490
90.00000000,2004.00000000,0.09228621
90.00000000,2005.00000000,0.09224470
90.00000000,2006.00000000,0.09240267
90.00000000,2007.00000000,0.09253153
90.00000000,2008.00000000,0.09245772
90.00000000,2009.00000000,0.09207906
90.00000000,2010.00000000,0.09239219
90.00000000,2011.00000000,0.09201066
90.00000000,2012.00000000,0.09209039
90.00000000,2013.00000000,0.09239222
90.00000000,2014.00000000,0.09233371
90.00000000,2015.00000000,0.09232380
90.00000000,2016.00000000,0.09230034
90.00000000,2017.00000000,0.09246610
90.00000000,2018.00000000,0.09242400
90.00000000,2019.00000000,0.09258687
90.00000000,2020.00000000,0.09228369
90.00000000,2021.00000000,0.09192198
90.00000000,2022.00000000,0.09161256
90.00000000,2023.00000000,0.09167597
90.00000000,2024.00000000,0.09182986
90.00000000,2025.00000000,0.09191342
90.00000000,2026.00000000,0.09212795
90.00000000,2027.00000000,0.09227751
90.00000000,2028.00000000,0.09203644
90.00000000,2029.00000000,0.09210830
90.00000000,2030.00000000,0.09233213
90.00000000,2031.00000000,0.09236390
90.00000000,2032.00000000,0.09232366
90.00000000,2033.00000000,0.09239215
90.00000000,2034.00000000,0.09230868
90.00000000,2035.00000000,0.09165442
90.00000000,2036.00000000,0.09179947
90.00000000,2037.00000000,0.09214596
90.00000000,2038.00000000,0.09228840
90.00000000,2039.00000000,0.09209532
90.00000000,2040.00000000,0.09259215
90.00000000,2041.00000000,0.09289601
90.00000000,2042.00000000,0.09290966
90.00000000,2043.00000000,0.09296750
90.00000000,2044.00000000,0.09296949
90.00000000,2045.00000000,0.09337501
90.00000000,2046.00000000,0.09366631
90.00000000,2047.00000000,0.09384355
90.00000000,2048.00000000,0.09393587
90.00000000,2049.00000000,0.09421491
90.00000000,2050.00000000,0.09444812
90.00000000,2051.00000000,0.09442535
90.00000000,2052.00000000,0.09463357
90.00000000,2053.00000000,0.09495008
90.00000000,2054.00000000,0.09529684
90.00000000,2055.00000000,0.09558314
90.00000000,2056.00000000,0.09592802
90.00000000,2057.00000000,0.09613267
90.00000000,2058.00000000,0.09651949
90.00000000,2059.00000000,0.09699518
90.00000000,2060.00000000,0.09763372
90.00000000,2061.00000000,0.09796022
90.00000000,2062.00000000,0.09831957
90.00000000,2063.00000000,0.09885276
90.00000000,2064.00000000,0.09880705
90.00000000,2065.00000000,0.09866670
90.00000000,2066.00000000,0.09928406
90.00000000,2067.00000000,0.09959221
90.00000000,2068.00000000,0.09972402
90.00000000,2069.00000000,0.10037847
90.00000000,2070.00000000,0.10018102
90.00000000,2071.00000000,0.09971077
90.00000000,2072.00000000,0.09955426
90.00000000,2073.00000000,0.09946208
90.00000000,2074.00000000,0.09986905
90.00000000,2075.00000000,0.10021367
90.00000000,2076.00000000,0.10059149
90.00000000,2077.00000000,0.10091455
90.00000000,2078.00000000,0.10141034
90.00000000,2079.00000000,0.10169336
90.00000000,2080.00000000,0.10180401
90.00000000,2081.00000000,0.10200680
90.00000000,2082.00000000,0.10169445
90.00000000,2083.00000000,0.10169175
90.00000000,2084.00000000,0.10197089
90.00000000,2085.00000000,0.10228312
90.00000000,2086.00000000,0.10261833
90.00000000,2087.00000000,0.10288498
90.00000000,2088.00000000,0.10280858
90.00000000,2089.00000000,0.10276590
90.00000000,2090.00000000,0.10318407
90.00000000,2091.00000000,0.10359339
90.00000000,2092.00000000,0.10374132
90.00000000,2093.00000000,0.10459313
90.00000000,2094.00000000,0.10556922
90.00000000,2095.00000000,0.10633533
90.00000000,2096.00000000,0.10683804
90.00000000,2097.00000000,0.10734519
90.00000000,2098.00000000,0.10785675
90.00000000,2099.00000000,0.10837194
90.00000000,2100.00000000,0.10889067
90.00000000,2101.00000000,0.10958488
90.00000000,2102.00000000,0.11028282
90.00000000,2103.00000000,0.11098482
90.00000000,2104.00000000,0.11169082
90.00000000,2105.00000000,0.11240086
90.00000000,2106.00000000,0.11311485
90.00000000,2107.00000000,0.11383266
90.00000000,2108.00000000,0.11455407
90.00000000,2109.00000000,0.11527909
90.00000000,2110.00000000,0.11600748
90.00000000,2111.00000000,0.11666338
90.00000000,2112.00000000,0.11732241
90.00000000,2113.00000000,0.11798451
90.00000000,2114.00000000,0.11864959
90.00000000,2115.00000000,0.11931759
90.00000000,2116.00000000,0.11998833
90.00000000,2117.00000000,0.12066194
90.00000000,2118.00000000,0.12133828
90.00000000,2119.00000000,0.12201731
90.00000000,2120.00000000,0.12269904
90.00000000,2121.00000000,0.12354075
90.00000000,2122.00000000,0.12438504
90.00000000,2123.00000000,0.12523191
90.00000000,2124.00000000,0.12608121
90.00000000,2125.00000000,0.12693276
90.00000000,2126.00000000,0.12778663
90.00000000,2127.00000000,0.12864264
90.00000000,2128.00000000,0.12950079
90.00000000,2129.00000000,0.13036094
90.00000000,2130.00000000,0.13122307
90.00000000,2131.00000000,0.13220165
90.00000000,2132.00000000,0.13318205
90.00000000,2133.00000000,0.13416406
90.00000000,2134.00000000,0.13514775
90.00000000,2135.00000000,0.13613288
90.00000000,2136.00000000,0.13711928
90.00000000,2137.00000000,0.13810692
90.00000000,2138.00000000,0.13909552
90.00000000,2139.00000000,0.14008516
90.00000000,2140.00000000,0.14107560
90.00000000,2141.00000000,0.14206020
90.00000000,2142.00000000,0.14304539
90.00000000,2143.00000000,0.14403100
90.00000000,2144.00000000,0.14501679
90.00000000,2145.00000000,0.14600281
90.00000000,2146.00000000,0.14698885
90.00000000,2147.00000000,0.14797466
90.00000000,2148.00000000,0.14896028
90.00000000,2149.00000000,0.14994541
90.00000000,2150.00000000,0.15092980
90.00000000,2151.00000000,0.15166423
90.00000000,2152.00000000,0.15240074
90.00000000,2153.00000000,0.15314157
90.00000000,2154.00000000,0.15388780
90.00000000,2155.00000000,0.15463978
90.00000000,2156.00000000,0.15539787
90.00000000,2157.00000000,0.15616190
90.00000000,2158.00000000,0.15693163
90.00000000,2159.00000000,0.15770697
90.00000000,2160.00000000,0.15848760
90.00000000,2161.00000000,0.15904749
90.00000000,2162.00000000,0.15961205
90.00000000,2163.00000000,0.16018087
90.00000000,2164.00000000,0.16075390
90.00000000,2165.00000000,0.16133091
90.00000000,2166.00000000,0.16191166
90.00000000,2167.00000000,0.16249607
90.00000000,2168.00000000,0.16308394
90.00000000,2169.00000000,0.16367499
90.00000000,2170.00000000,0.16426924
90.00000000,2171.00000000,0.16473997
90.00000000,2172.00000000,0.16521323
90.00000000,2173.00000000,0.16568903
90.00000000,2174.00000000,0.16616710
90.00000000,2175.00000000,0.16664755
90.00000000,2176.00000000,0.16713021
90.00000000,2177.00000000,0.16761479
90.00000000,2178.00000000,0.16810143
90.00000000,2179.00000000,0.16858994
90.00000000,2180.00000000,0.16908015
90.00000000,2181.00000000,0.16944096
90.00000000,2182.00000000,0.16980308
90.00000000,2183.00000000,0.17016641
90.00000000,2184.00000000,0.17053100
90.00000000,2185.00000000,0.17089675
90.00000000,2186.00000000,0.17126352
90.00000000,2187.00000000,0.17163143
90.00000000,2188.00000000,0.17200031
90.00000000,2189.00000000,0.17237020
90.00000000,2190.00000000,0.17274098
90.00000000,2191.00000000,0.17301128
90.00000000,2192.00000000,0.17328219
90.00000000,2193.00000000,0.17355368
90.00000000,2194.00000000,0.17382564
90.00000000,2195.00000000,0.17409818
90.00000000,2196.00000000,0.17437121
90.00000000,2197.00000000,0.17464466
90.00000000,2198.00000000,0.17491863
90.00000000,2199.00000000,0.17519293
90.00000000,2200.00000000,0.17546774
90.00000000,2201.00000000,0.17574292
90.00000000,2202.00000000,0.17601845
90.00000000,2203.00000000,0.17629435
90.00000000,2204.00000000,0.17657060
90.00000000,2205.00000000,0.17684713
90.00000000,2206.00000000,0.17712402
90.00000000,2207.00000000,0.17740119
90.00000000,2208.00000000,0.17767857
90.00000000,2209.00000000,0.17795627
90.00000000,2210.00000000,0.17823420
90.00000000,2211.00000000,0.17851231
90.00000000,2212.00000000,0.17879068
90.00000000,2213.00000000,0.17906920
90.00000000,2214.00000000,0.17934795
90.00000000,2215.00000000,0.17962689
90.00000000,2216.00000000,0.17990591
90.00000000,2217.00000000,0.18018512
90.00000000,2218.00000000,0.18046447
90.00000000,2219.00000000,0.18074387
90.00000000,2220.00000000,0.18102341
90.00000000,2221.00000000,0.18130301
90.00000000,2222.00000000,0.18158264
90.00000000,2223.00000000,0.18186235
90.00000000,2224.00000000,0.18214203
90.00000000,2225.00000000,0.18242177
90.00000000,2226.00000000,0.18270148
90.00000000,2227.00000000,0.18298113
90.00000000,2228.00000000,0.18326077
90.00000000,2229.00000000,0.18354036
90.00000000,2230.00000000,0.18381979
90.00000000,2231.00000000,0.18409918
90.00000000,2232.00000000,0.18437843
90.00000000,2233.00000000,0.18465745
90.00000000,2234.00000000,0.18493637
90.00000000,2235.00000000,0.18521502
90.00000000,2236.00000000,0.18549350
90.00000000,2237.00000000,0.18577171
90.00000000,2238.00000000,0.18604955
90.00000000,2239.00000000,0.18632704
90.00000000,2240.00000000,0.18660404
90.00000000,2241.00000000,0.18616053
90.00000000,2242.00000000,0.18571463
90.00000000,2243.00000000,0.18526639
90.00000000,2244.00000000,0.18481576
90.00000000,2245.00000000,0.18436297
90.00000000,2246.00000000,0.18390797
90.00000000,2247.00000000,0.18345077
90.00000000,2248.00000000,0.18299154
90.00000000,2249.00000000,0.18252999
90.00000000,2250.00000000,0.18206508
90.00000000,2251.00000000,0.18159452
90.00000000,2252.00000000,0.18111614
90.00000000,2253.00000000,0.18062903
90.00000000,2254.00000000,0.18013267
90.00000000,2255.00000000,0.17962703
90.00000000,2256.00000000,0.17911228
90.00000000,2257.00000000,0.17858853
90.00000000,2258.00000000,0.17805586
90.00000000,2259.00000000,0.17751470
90.00000000,2260.00000000,0.17696511
90.00000000,2261.00000000,0.17640753
90.00000000,2262.00000000,0.17584230
90.00000000,2263.00000000,0.17526976
90.00000000,2264.00000000,0.17469029
90.00000000,2265.00000000,0.17410409
90.00000000,2266.00000000,0.17351136
90.00000000,2267.00000000,0.17291240
90.00000000,2268.00000000,0.17230740
90.00000000,2269.00000000,0.17169648
90.00000000,2270.00000000,0.17107993
90.00000000,2271.00000000,0.17045791
90.00000000,2272.00000000,0.16983051
90.00000000,2273.00000000,0.16919806
90.00000000,2274.00000000,0.16856059
90.00000000,2275.00000000,0.16791835
90.00000000,2276.00000000,0.16727149
90.00000000,2277.00000000,0.16662010
90.00000000,2278.00000000,0.16596441
90.00000000,2279.00000000,0.16530456
90.00000000,2280.00000000,0.16464061
90.00000000,2281.00000000,0.16397279
90.00000000,2282.00000000,0.16330121
90.00000000,2283.00000000,0.16262592
90.00000000,2284.00000000,0.16194716
90.00000000,2285.00000000,0.16126495
90.00000000,2286.00000000,0.16057949
90.00000000,2287.00000000,0.15989084
90.00000000,2288.00000000,0.15919909
90.00000000,2289.00000000,0.15850441
90.00000000,2290.00000000,0.15780685
90.00000000,2291.00000000,0.15710650
90.00000000,2292.00000000,0.15640352
90.00000000,2293.00000000,0.15569795
90.00000000,2294.00000000,0.15498987
90.00000000,2295.00000000,0.15427944
90.00000000,2296.00000000,0.15356669
90.00000000,2297.00000000,0.15285166
90.00000000,2298.00000000,0.15213452
90.00000000,2299.00000000,0.15141529
90.00000000,2300.00000000,0.15069410
90.00000000,2301.00000000,0.14997099
90.00000000,2302.00000000,0.14924597
90.00000000,2303.00000000,0.14851918
90.00000000,2304.00000000,0.14779067
90.00000000,2305.00000000,0.14706044
90.00000000,2306.00000000,0.14632864
90.00000000,2307.00000000,0.14559528
90.00000000,2308.00000000,0.14486041
90.00000000,2309.00000000,0.14412416
90.00000000,2310.00000000,0.14338650
90.00000000,2311.00000000,0.14264758
90.00000000,2312.00000000,0.14190740
90.00000000,2313.00000000,0.14116599
90.00000000,2314.00000000,0.14042348
90.00000000,2315.00000000,0.13967987
90.00000000,2316.00000000,0.13893518
90.00000000,2317.00000000,0.13818953
90.00000000,2318.00000000,0.13744296
90.00000000,2319.00000000,0.13669544
90.00000000,2320.00000000,0.13594712
90.00000000,2321.00000000,0.13519795
90.00000000,2322.00000000,0.13444806
90.00000000,2323.00000000,0.13369746
90.00000000,2324.00000000,0.13294614
90.00000000,2325.00000000,0.13219422
90.00000000,2326.00000000,0.13144171
90.00000000,2327.00000000,0.13068860
90.00000000,2328.00000000,0.12993502
90.00000000,2329.00000000,0.12918096
90.00000000,2330.00000000,0.12842642
90.00000000,2331.00000000,0.12767151
90.00000000,2332.00000000,0.12691624
90.00000000,2333.00000000,0.12616059
90.00000000,2334.00000000,0.12540471
90.00000000,2335.00000000,0.12464852
90.00000000,2336.00000000,0.12389217
90.00000000,2337.00000000,0.12313566
90.00000000,2338.00000000,0.12237907
90.00000000,2339.00000000,0.12178258
90.00000000,2340.00000000,0.12165747
90.00000000,2341.00000000,0.12166134
90.00000000,2342.00000000,0.12166550
90.00000000,2343.00000000,0.12166988
90.00000000,2344.00000000,0.12167445
90.00000000,2345.00000000,0.12167927
90.00000000,2346.00000000,0.12170447
90.00000000,2347.00000000,0.12172994
90.00000000,2348.00000000,0.12175559
90.00000000,2349.00000000,0.12178141
90.00000000,2350.00000000,0.12180745
90.00000000,2351.00000000,0.12179376
90.00000000,2352.00000000,0.12178019
90.00000000,2353.00000000,0.12176683
90.00000000,2354.00000000,0.12175365
90.00000000,2355.00000000,0.12174057
90.00000000,2356.00000000,0.12172769
90.00000000,2357.00000000,0.12171499
90.00000000,2358.00000000,0.12170238
90.00000000,2359.00000000,0.12168997
90.00000000,2360.00000000,0.12167765
90.00000000,2361.00000000,0.12166551
90.00000000,2362.00000000,0.12165352
90.00000000,2363.00000000,0.12164161
90.00000000,2364.00000000,0.12162988
90.00000000,2365.00000000,0.12161827
90.00000000,2366.00000000,0.12160503
90.00000000,2367.00000000,0.12159193
90.00000000,2368.00000000,0.12157897
90.00000000,2369.00000000,0.12156606
90.00000000,2370.00000000,0.12155332
90.00000000,2371.00000000,0.12154065
90.00000000,2372.00000000,0.12152811
90.00000000,2373.00000000,0.12151569
90.00000000,2374.00000000,0.12150332
90.00000000,2375.00000000,0.12149109
90.00000000,2376.00000000,0.12147897
90.00000000,2377.00000000,0.12146688
90.00000000,2378.00000000,0.12145494
90.00000000,2379.00000000,0.12144310
90.00000000,2380.00000000,0.12143129
90.00000000,2381.00000000,0.12141960
90.00000000,2382.00000000,0.12140796
90.00000000,2383.00000000,0.12139645
90.00000000,2384.00000000,0.12138502
90.00000000,2385.00000000,0.12137362
90.00000000,2386.00000000,0.12136234
90.00000000,2387.00000000,0.12135112
90.00000000,2388.00000000,0.12133995
90.00000000,2389.00000000,0.12132888
90.00000000,2390.00000000,0.12131789
90.00000000,2391.00000000,0.12131076
90.00000000,2392.00000000,0.12130375
90.00000000,2393.00000000,0.12129680
90.00000000,2394.00000000,0.12128986
90.00000000,2395.00000000,0.12128304
90.00000000,2396.00000000,0.12127623
90.00000000,2397.00000000,0.12126954
90.00000000,2398.00000000,0.12126290
90.00000000,2399.00000000,0.12125626
90.00000000,2400.00000000,0.12124972
90.00000000,2401.00000000,0.12124324
90.00000000,2402.00000000,0.12123678
90.00000000,2403.00000000,0.12123041
90.00000000,2404.00000000,0.12122410
90.00000000,2405.00000000,0.12121781
90.00000000,2406.00000000,0.12121161
90.00000000,2407.00000000,0.12120541
90.00000000,2408.00000000,0.12119932
90.00000000,2409.00000000,0.12119328
90.00000000,2410.00000000,0.12118724
90.00000000,2411.00000000,0.12118129
90.00000000,2412.00000000,0.12117540
90.00000000,2413.00000000,0.12116949
90.00000000,2414.00000000,0.12116369
90.00000000,2415.00000000,0.12115793
90.00000000,2416.00000000,0.12115215
90.00000000,2417.00000000,0.12114647
90.00000000,2418.00000000,0.12114083
90.00000000,2419.00000000,0.12113517
90.00000000,2420.00000000,0.12112960
90.00000000,2421.00000000,0.12112402
90.00000000,2422.00000000,0.12111853
90.00000000,2423.00000000,0.12111307
90.00000000,2424.00000000,0.12110759
90.00000000,2425.00000000,0.12110219
90.00000000,2426.00000000,0.12109683
90.00000000,2427.00000000,0.12109144
90.00000000,2428.00000000,0.12108613
90.00000000,2429.00000000,0.12108085
90.00000000,2430.00000000,0.12107556
90.00000000,2431.00000000,0.12107033
90.00000000,2432.00000000,0.12106508
90.00000000,2433.00000000,0.12105991
90.00000000,2434.00000000,0.12105476
90.00000000,2435.00000000,0.12104957
90.00000000,2436.00000000,0.12104448
90.00000000,2437.00000000,0.12103939
90.00000000,2438.00000000,0.12103428
90.00000000,2439.00000000,0.12102925
90.00000000,2440.00000000,0.12102422
90.00000000,2441.00000000,0.12101807
90.00000000,2442.00000000,0.12101200
90.00000000,2443.00000000,0.12100594
90.00000000,2444.00000000,0.12099984
90.00000000,2445.00000000,0.12099381
90.00000000,2446.00000000,0.12098774
90.00000000,2447.00000000,0.12098174
90.00000000,2448.00000000,0.12097575
90.00000000,2449.00000000,0.12096972
90.00000000,2450.00000000,0.12096376
90.00000000,2451.00000000,0.12095783
90.00000000,2452.00000000,0.12095182
90.00000000,2453.00000000,0.12094590
90.00000000,2454.00000000,0.12093998
90.00000000,2455.00000000,0.12093400
90.00000000,2456.00000000,0.12092810
90.00000000,2457.00000000,0.12092212
90.00000000,2458.00000000,0.12091622
90.00000000,2459.00000000,0.12091033
90.00000000,2460.00000000,0.12090437
90.00000000,2461.00000000,0.12089848
90.00000000,2462.00000000,0.12089260
90.00000000,2463.00000000,0.12088666
90.00000000,2464.00000000,0.12088077
90.00000000,2465.00000000,0.12087489
90.00000000,2466.00000000,0.12086895
90.00000000,2467.00000000,0.12086309
90.00000000,2468.00000000,0.12085715
90.00000000,2469.00000000,0.12085127
90.00000000,2470.00000000,0.12084541
90.00000000,2471.00000000,0.12083947
90.00000000,2472.00000000,0.12083360
90.00000000,2473.00000000,0.12082774
90.00000000,2474.00000000,0.12082181
90.00000000,2475.00000000,0.12081594
90.00000000,2476.00000000,0.12081009
90.00000000,2477.00000000,0.12080415
90.00000000,2478.00000000,0.12079829
90.00000000,2479.00000000,0.12079242
90.00000000,2480.00000000,0.12078649
90.00000000,2481.00000000,0.12078063
90.00000000,2482.00000000,0.12077469
90.00000000,2483.00000000,0.12076882
90.00000000,2484.00000000,0.12076294
90.00000000,2485.00000000,0.12075701
90.00000000,2486.00000000,0.12075113
90.00000000,2487.00000000,0.12074526
90.00000000,2488.00000000,0.12073930
90.00000000,2489.00000000,0.12073342
90.00000000,2490.00000000,0.12072754
90.00000000,2491.00000000,0.12072043
90.00000000,2492.00000000,0.12071339
90.00000000,2493.00000000,0.12070626
90.00000000,2494.00000000,0.12069921
90.00000000,2495.00000000,0.12069215
90.00000000,2496.00000000,0.12068501
90.00000000,2497.00000000,0.12067794
90.00000000,2498.00000000,0.12067088
90.00000000,2499.00000000,0.12066372
90.00000000,2500.00000000,0.12065665
91.00000000,1765.00000000,0.08896895
91.00000000,1766.00000000,0.08896893
91.00000000,1767.00000000,0.08896909
91.00000000,1768.00000000,0.08896917
91.00000000,1769.00000000,0.08896943
91.00000000,1770.00000000,0.08896998
91.00000000,1771.00000000,0.08897054
91.00000000,1772.00000000,0.08897127
91.00000000,1773.00000000,0.08897214
91.00000000,1774.00000000,0.08897331
91.00000000,1775.00000000,0.08897452
91.00000000,1776.00000000,0.08897594
91.00000000,1777.00000000,0.08897749
91.00000000,1778.00000000,0.08897931
91.00000000,1779.00000000,0.08898119
91.00000000,1780.00000000,0.08898320
91.00000000,1781.00000000,0.08898543
91.00000000,1782.00000000,0.08898775
91.00000000,1783.00000000,0.08899018
91.00000000,1784.00000000,0.08899272
91.00000000,1785.00000000,0.08899541
91.00000000,1786.00000000,0.08899825
91.00000000,1787.00000000,0.08900116
91.00000000,1788.00000000,0.08900417
91.00000000,1789.00000000,0.08900730
91.00000000,1790.00000000,0.08901048
91.00000000,1791.00000000,0.08901375
91.00000000,1792.00000000,0.08901725
91.00000000,1793.00000000,0.08902071
91.00000000,1794.00000000,0.08902420
91.00000000,1795.00000000,0.08902798
91.00000000,1796.00000000,0.08903153
91.00000000,1797.00000000,0.08903532
91.00000000,1798.00000000,0.08903921
91.00000000,1799.00000000,0.08904312
91.00000000,1800.00000000,0.08904688
91.00000000,1801.00000000,0.08905096
91.00000000,1802.00000000,0.08905495
91.00000000,1803.00000000,0.08905902
91.00000000,1804.00000000,0.08906319
91.00000000,1805.00000000,0.08906726
91.00000000,1806.00000000,0.08907143
91.00000000,1807.00000000,0.08907565
91.00000000,1808.00000000,0.08907995
91.00000000,1809.00000000,0.08908416
91.00000000,1810.00000000,0.08908848
91.00000000,1811.00000000,0.08909289
91.00000000,1812.00000000,0.08909727
91.00000000,1813.00000000,0.08910171
91.00000000,1814.00000000,0.08910611
91.00000000,1815.00000000,0.08911057
91.00000000,1816.00000000,0.08911502
91.00000000,1817.00000000,0.08911953
91.00000000,1818.00000000,0.08912401
91.00000000,1819.00000000,0.08912856
91.00000000,1820.00000000,0.08913304
91.00000000,1821.00000000,0.08913761
91.00000000,1822.00000000,0.08914216
91.00000000,1823.00000000,0.08914672
91.00000000,1824.00000000,0.08915132
91.00000000,1825.00000000,0.08915588
91.00000000,1826.00000000,0.08916048
91.00000000,1827.00000000,0.08916515
91.00000000,1828.00000000,0.08916969
91.00000000,1829.00000000,0.08917435
91.00000000,1830.00000000,0.08917903
91.00000000,1831.00000000,0.08918361
91.00000000,1832.00000000,0.08918825
91.00000000,1833.00000000,0.08919283
91.00000000,1834.00000000,0.08919748
91.00000000,1835.00000000,0.08920211
91.00000000,1836.00000000,0.08920672
91.00000000,1837.00000000,0.08921136
91.00000000,1838.00000000,0.08921600
91.00000000,1839.00000000,0.08922065
91.00000000,1840.00000000,0.08922531
91.00000000,1841.00000000,0.08922995
91.00000000,1842.00000000,0.08923461
91.00000000,1843.00000000,0.08923935
91.00000000,1844.00000000,0.08924404
91.00000000,1845.00000000,0.08924875
91.00000000,1846.00000000,0.08925347
91.00000000,1847.00000000,0.08925819
91.00000000,1848.00000000,0.08926295
91.00000000,1849.00000000,0.08926775
91.00000000,1850.00000000,0.08927256
91.00000000,1851.00000000,0.08927739
91.00000000,1852.00000000,0.08928222
91.00000000,1853.00000000,0.08928753
91.00000000,1854.00000000,0.08929312
91.00000000,1855.00000000,0.08929876
91.00000000,1856.00000000,0.08930436
91.00000000,1857.00000000,0.08931817
91.00000000,1858.00000000,0.08932380
91.00000000,1859.00000000,0.08932951
91.00000000,1860.00000000,0.08933527
91.00000000,1861.00000000,0.08934113
91.00000000,1862.00000000,0.08934962
91.00000000,1863.00000000,0.08935466
91.00000000,1864.00000000,0.08935929
91.00000000,1865.00000000,0.08936351
91.00000000,1866.00000000,0.08936749
91.00000000,1867.00000000,0.08937121
91.00000000,1868.00000000,0.08937480
91.00000000,1869.00000000,0.08937807
91.00000000,1870.00000000,0.08938115
91.00000000,1871.00000000,0.08938418
91.00000000,1872.00000000,0.08939015
91.00000000,1873.00000000,0.08939426
91.00000000,1874.00000000,0.08939908
91.00000000,1875.00000000,0.08940435
91.00000000,1876.00000000,0.08940993
91.00000000,1877.00000000,0.08941590
91.00000000,1878.00000000,0.08942206
91.00000000,1879.00000000,0.08942845
91.00000000,1880.00000000,0.08943493
91.00000000,1881.00000000,0.08944153
91.00000000,1882.00000000,0.08945099
91.00000000,1883.00000000,0.08945721
91.00000000,1884.00000000,0.08946301
91.00000000,1885.00000000,0.08946861
91.00000000,1886.00000000,0.08947405
91.00000000,1887.00000000,0.08947937
91.00000000,1888.00000000,0.08948730
91.00000000,1889.00000000,0.08949224
91.00000000,1890.00000000,0.08949688
91.00000000,1891.00000000,0.08950392
91.00000000,1892.00000000,0.08950798
91.00000000,1893.00000000,0.08951727
91.00000000,1894.00000000,0.08951849
91.00000000,1895.00000000,0.08952252
91.00000000,1896.00000000,0.08952673
91.00000000,1897.00000000,0.08953360
91.00000000,1898.00000000,0.08953765
91.00000000,1899.00000000,0.08954155
91.00000000,1900.00000000,0.08954511
91.00000000,1901.00000000,0.08954838
91.00000000,1902.00000000,0.08955460
91.00000000,1903.00000000,0.08955825
91.00000000,1904.00000000,0.08956196
91.00000000,1905.00000000,0.08956601
91.00000000,1906.00000000,0.08957301
91.00000000,1907.00000000,0.08958025
91.00000000,1908.00000000,0.08958740
91.00000000,1909.00000000,0.08959166
91.00000000,1910.00000000,0.08959610
91.00000000,1911.00000000,0.08960035
91.00000000,1912.00000000,0.08960396
91.00000000,1913.00000000,0.08960927
91.00000000,1914.00000000,0.08961359
91.00000000,1915.00000000,0.08961465
91.00000000,1916.00000000,0.08961853
91.00000000,1917.00000000,0.08961967
91.00000000,1918.00000000,0.08962335
91.00000000,1919.00000000,0.08962447
91.00000000,1920.00000000,0.08962620
91.00000000,1921.00000000,0.08964525
91.00000000,1922.00000000,0.08964623
91.00000000,1923.00000000,0.08965080
91.00000000,1924.00000000,0.08965830
91.00000000,1925.00000000,0.08966298
91.00000000,1926.00000000,0.08967033
91.00000000,1927.00000000,0.08968593
91.00000000,1928.00000000,0.08969078
91.00000000,1929.00000000,0.08969825
91.00000000,1930.00000000,0.08970605
91.00000000,1931.00000000,0.08971775
91.00000000,1932.00000000,0.08972836
91.00000000,1933.00000000,0.08974264
91.00000000,1934.00000000,0.08975489
91.00000000,1935.00000000,0.08976996
91.00000000,1936.00000000,0.08978995
91.00000000,1937.00000000,0.08979797
91.00000000,1938.00000000,0.08981280
91.00000000,1939.00000000,0.08982128
91.00000000,1940.00000000,0.08983449
91.00000000,1941.00000000,0.08984938
91.00000000,1942.00000000,0.08985219
91.00000000,1943.00000000,0.08986253
91.00000000,1944.00000000,0.08986966
91.00000000,1945.00000000,0.08989855
91.00000000,1946.00000000,0.08990676
91.00000000,1947.00000000,0.08992512
91.00000000,1948.00000000,0.08993343
91.00000000,1949.00000000,0.08994189
91.00000000,1950.00000000,0.08996115
91.00000000,1951.00000000,0.08998840
91.00000000,1952.00000000,0.09000550
91.00000000,1953.00000000,0.09001724
91.00000000,1954.00000000,0.09004262
91.00000000,1955.00000000,0.09007118
91.00000000,1956.00000000,0.09009715
91.00000000,1957.00000000,0.09011199
91.00000000,1958.00000000,0.09014077
91.00000000,1959.00000000,0.09016032
91.00000000,1960.00000000,0.09018345
91.00000000,1961.00000000,0.09019950
91.00000000,1962.00000000,0.09022578
91.00000000,1963.00000000,0.09027340
91.00000000,1964.00000000,0.09030360
91.00000000,1965.00000000,0.09027479
91.00000000,1966.00000000,0.09031015
91.00000000,1967.00000000,0.09031386
91.00000000,1968.00000000,0.09031603
91.00000000,1969.00000000,0.09031157
91.00000000,1970.00000000,0.09033858
91.00000000,1971.00000000,0.09039468
91.00000000,1972.00000000,0.09039408
91.00000000,1973.00000000,0.09040572
91.00000000,1974.00000000,0.09042222
91.00000000,1975.00000000,0.09040133
91.00000000,1976.00000000,0.09037731
91.00000000,1977.00000000,0.09035907
91.00000000,1978.00000000,0.09036805
91.00000000,1979.00000000,0.09042590
91.00000000,1980.00000000,0.09039596
91.00000000,1981.00000000,0.09044500
91.00000000,1982.00000000,0.09046119
91.00000000,1983.00000000,0.09044454
91.00000000,1984.00000000,0.09041665
91.00000000,1985.00000000,0.09043901
91.00000000,1986.00000000,0.09049114
91.00000000,1987.00000000,0.09051742
91.00000000,1988.00000000,0.09056607
91.00000000,1989.00000000,0.09062575
91.00000000,1990.00000000,0.09073129
91.00000000,1991.00000000,0.09079638
91.00000000,1992.00000000,0.09083801
91.00000000,1993.00000000,0.09087005
91.00000000,1994.00000000,0.09100416
91.00000000,1995.00000000,0.09102039
91.00000000,1996.00000000,0.09112395
91.00000000,1997.00000000,0.09124080
91.00000000,1998.00000000,0.09144623
91.00000000,1999.00000000,0.09135108
91.00000000,2000.00000000,0.09144280
91.00000000,2001.00000000,0.09153143
91.00000000,2002.00000000,0.09157341
91.00000000,2003.00000000,0.09168558
91.00000000,2004.00000000,0.09185292
91.00000000,2005.00000000,0.09159271
91.00000000,2006.00000000,0.09154678
91.00000000,2007.00000000,0.09169888
91.00000000,2008.00000000,0.09182249
91.00000000,2009.00000000,0.09174536
91.00000000,2010.00000000,0.09136591
91.00000000,2011.00000000,0.09167351
91.00000000,2012.00000000,0.09129160
91.00000000,2013.00000000,0.09136750
91.00000000,2014.00000000,0.09166380
91.00000000,2015.00000000,0.09160242
91.00000000,2016.00000000,0.09158933
91.00000000,2017.00000000,0.09156296
91.00000000,2018.00000000,0.09172452
91.00000000,2019.00000000,0.09167987
91.00000000,2020.00000000,0.09183886
91.00000000,2021.00000000,0.09153546
91.00000000,2022.00000000,0.09117420
91.00000000,2023.00000000,0.09086522
91.00000000,2024.00000000,0.09092646
91.00000000,2025.00000000,0.09107769
91.00000000,2026.00000000,0.09115929
91.00000000,2027.00000000,0.09137091
91.00000000,2028.00000000,0.09151824
91.00000000,2029.00000000,0.09127798
91.00000000,2030.00000000,0.09134826
91.00000000,2031.00000000,0.09156942
91.00000000,2032.00000000,0.09159979
91.00000000,2033.00000000,0.09155835
91.00000000,2034.00000000,0.09162468
91.00000000,2035.00000000,0.09154008
91.00000000,2036.00000000,0.09088904
91.00000000,2037.00000000,0.09103119
91.00000000,2038.00000000,0.09137319
91.00000000,2039.00000000,0.09151274
91.00000000,2040.00000000,0.09131952
91.00000000,2041.00000000,0.09181076
91.00000000,2042.00000000,0.09211034
91.00000000,2043.00000000,0.09212177
91.00000000,2044.00000000,0.09217690
91.00000000,2045.00000000,0.09217656
91.00000000,2046.00000000,0.09257654
91.00000000,2047.00000000,0.09286323
91.00000000,2048.00000000,0.09303682
91.00000000,2049.00000000,0.09312625
91.00000000,2050.00000000,0.09340097
91.00000000,2051.00000000,0.09363031
91.00000000,2052.00000000,0.09360584
91.00000000,2053.00000000,0.09381057
91.00000000,2054.00000000,0.09412279
91.00000000,2055.00000000,0.09446509
91.00000000,2056.00000000,0.09474750
91.00000000,2057.00000000,0.09508806
91.00000000,2058.00000000,0.09528960
91.00000000,2059.00000000,0.09567186
91.00000000,2060.00000000,0.09614230
91.00000000,2061.00000000,0.09677445
91.00000000,2062.00000000,0.09709775
91.00000000,2063.00000000,0.09745431
91.00000000,2064.00000000,0.09798382
91.00000000,2065.00000000,0.09793947
91.00000000,2066.00000000,0.09780141
91.00000000,2067.00000000,0.09841484
91.00000000,2068.00000000,0.09872163
91.00000000,2069.00000000,0.09885349
91.00000000,2070.00000000,0.09950362
91.00000000,2071.00000000,0.09930897
91.00000000,2072.00000000,0.09884419
91.00000000,2073.00000000,0.09869107
91.00000000,2074.00000000,0.09860204
91.00000000,2075.00000000,0.09900820
91.00000000,2076.00000000,0.09935254
91.00000000,2077.00000000,0.09972977
91.00000000,2078.00000000,0.10005257
91.00000000,2079.00000000,0.10054660
91.00000000,2080.00000000,0.10082944
91.00000000,2081.00000000,0.10094125
91.00000000,2082.00000000,0.10114461
91.00000000,2083.00000000,0.10083713
91.00000000,2084.00000000,0.10083689
91.00000000,2085.00000000,0.10111621
91.00000000,2086.00000000,0.10142828
91.00000000,2087.00000000,0.10176306
91.00000000,2088.00000000,0.10202969
91.00000000,2089.00000000,0.10195583
91.00000000,2090.00000000,0.10191529
91.00000000,2091.00000000,0.10233195
91.00000000,2092.00000000,0.10274002
91.00000000,2093.00000000,0.10288897
91.00000000,2094.00000000,0.10373643
91.00000000,2095.00000000,0.10470721
91.00000000,2096.00000000,0.10546961
91.00000000,2097.00000000,0.10597057
91.00000000,2098.00000000,0.10647584
91.00000000,2099.00000000,0.10698536
91.00000000,2100.00000000,0.10749838
91.00000000,2101.00000000,0.10801490
91.00000000,2102.00000000,0.10870578
91.00000000,2103.00000000,0.10940059
91.00000000,2104.00000000,0.11009951
91.00000000,2105.00000000,0.11080241
91.00000000,2106.00000000,0.11150927
91.00000000,2107.00000000,0.11221999
91.00000000,2108.00000000,0.11293439
91.00000000,2109.00000000,0.11365227
91.00000000,2110.00000000,0.11437364
91.00000000,2111.00000000,0.11509825
91.00000000,2112.00000000,0.11575081
91.00000000,2113.00000000,0.11640639
91.00000000,2114.00000000,0.11706492
91.00000000,2115.00000000,0.11772633
91.00000000,2116.00000000,0.11839054
91.00000000,2117.00000000,0.11905740
91.00000000,2118.00000000,0.11972704
91.00000000,2119.00000000,0.12039932
91.00000000,2120.00000000,0.12107419
91.00000000,2121.00000000,0.12175174
91.00000000,2122.00000000,0.12258793
91.00000000,2123.00000000,0.12342669
91.00000000,2124.00000000,0.12426795
91.00000000,2125.00000000,0.12511158
91.00000000,2126.00000000,0.12595739
91.00000000,2127.00000000,0.12680552
91.00000000,2128.00000000,0.12765572
91.00000000,2129.00000000,0.12850804
91.00000000,2130.00000000,0.12936235
91.00000000,2131.00000000,0.13021851
91.00000000,2132.00000000,0.13119027
91.00000000,2133.00000000,0.13216382
91.00000000,2134.00000000,0.13313898
91.00000000,2135.00000000,0.13411574
91.00000000,2136.00000000,0.13509386
91.00000000,2137.00000000,0.13607328
91.00000000,2138.00000000,0.13705390
91.00000000,2139.00000000,0.13803551
91.00000000,2140.00000000,0.13901803
91.00000000,2141.00000000,0.14000139
91.00000000,2142.00000000,0.14097895
91.00000000,2143.00000000,0.14195707
91.00000000,2144.00000000,0.14293561
91.00000000,2145.00000000,0.14391430
91.00000000,2146.00000000,0.14489324
91.00000000,2147.00000000,0.14587219
91.00000000,2148.00000000,0.14685092
91.00000000,2149.00000000,0.14782944
91.00000000,2150.00000000,0.14880748
91.00000000,2151.00000000,0.14978559
91.00000000,2152.00000000,0.15051789
91.00000000,2153.00000000,0.15125444
91.00000000,2154.00000000,0.15199642
91.00000000,2155.00000000,0.15274425
91.00000000,2156.00000000,0.15349803
91.00000000,2157.00000000,0.15425781
91.00000000,2158.00000000,0.15502338
91.00000000,2159.00000000,0.15579444
91.00000000,2160.00000000,0.15657094
91.00000000,2161.00000000,0.15735251
91.00000000,2162.00000000,0.15791474
91.00000000,2163.00000000,0.15848137
91.00000000,2164.00000000,0.15905199
91.00000000,2165.00000000,0.15962669
91.00000000,2166.00000000,0.16020518
91.00000000,2167.00000000,0.16078723
91.00000000,2168.00000000,0.16137278
91.00000000,2169.00000000,0.16196162
91.00000000,2170.00000000,0.16255357
91.00000000,2171.00000000,0.16314852
91.00000000,2172.00000000,0.16362064
91.00000000,2173.00000000,0.16409513
91.00000000,2174.00000000,0.16457208
91.00000000,2175.00000000,0.16505125
91.00000000,2176.00000000,0.16553262
91.00000000,2177.00000000,0.16601606
91.00000000,2178.00000000,0.16650143
91.00000000,2179.00000000,0.16698873
91.00000000,2180.00000000,0.16747781
91.00000000,2181.00000000,0.16796848
91.00000000,2182.00000000,0.16833055
91.00000000,2183.00000000,0.16869385
91.00000000,2184.00000000,0.16905831
91.00000000,2185.00000000,0.16942397
91.00000000,2186.00000000,0.16979072
91.00000000,2187.00000000,0.17015847
91.00000000,2188.00000000,0.17052729
91.00000000,2189.00000000,0.17089701
91.00000000,2190.00000000,0.17126771
91.00000000,2191.00000000,0.17163926
91.00000000,2192.00000000,0.17191089
91.00000000,2193.00000000,0.17218311
91.00000000,2194.00000000,0.17245591
91.00000000,2195.00000000,0.17272909
91.00000000,2196.00000000,0.17300284
91.00000000,2197.00000000,0.17327708
91.00000000,2198.00000000,0.17355171
91.00000000,2199.00000000,0.17382682
91.00000000,2200.00000000,0.17410228
91.00000000,2201.00000000,0.17437818
91.00000000,2202.00000000,0.17465445
91.00000000,2203.00000000,0.17493102
91.00000000,2204.00000000,0.17520798
91.00000000,2205.00000000,0.17548528
91.00000000,2206.00000000,0.17576282
91.00000000,2207.00000000,0.17604072
91.00000000,2208.00000000,0.17631890
91.00000000,2209.00000000,0.17659727
91.00000000,2210.00000000,0.17687595
91.00000000,2211.00000000,0.17715486
91.00000000,2212.00000000,0.17743395
91.00000000,2213.00000000,0.17771329
91.00000000,2214.00000000,0.17799278
91.00000000,2215.00000000,0.17827250
91.00000000,2216.00000000,0.17855239
91.00000000,2217.00000000,0.17883238
91.00000000,2218.00000000,0.17911256
91.00000000,2219.00000000,0.17939287
91.00000000,2220.00000000,0.17967324
91.00000000,2221.00000000,0.17995374
91.00000000,2222.00000000,0.18023433
91.00000000,2223.00000000,0.18051493
91.00000000,2224.00000000,0.18079563
91.00000000,2225.00000000,0.18107630
91.00000000,2226.00000000,0.18135703
91.00000000,2227.00000000,0.18163776
91.00000000,2228.00000000,0.18191842
91.00000000,2229.00000000,0.18219908
91.00000000,2230.00000000,0.18247969
91.00000000,2231.00000000,0.18276017
91.00000000,2232.00000000,0.18304059
91.00000000,2233.00000000,0.18332091
91.00000000,2234.00000000,0.18360100
91.00000000,2235.00000000,0.18388101
91.00000000,2236.00000000,0.18416074
91.00000000,2237.00000000,0.18444034
91.00000000,2238.00000000,0.18471966
91.00000000,2239.00000000,0.18499864
91.00000000,2240.00000000,0.18527728
91.00000000,2241.00000000,0.18555545
91.00000000,2242.00000000,0.18511707
91.00000000,2243.00000000,0.18467633
91.00000000,2244.00000000,0.18423323
91.00000000,2245.00000000,0.18378776
91.00000000,2246.00000000,0.18334012
91.00000000,2247.00000000,0.18289028
91.00000000,2248.00000000,0.18243825
91.00000000,2249.00000000,0.18198396
91.00000000,2250.00000000,0.18152617
91.00000000,2251.00000000,0.18106273
91.00000000,2252.00000000,0.18059153
91.00000000,2253.00000000,0.18011141
91.00000000,2254.00000000,0.17962214
91.00000000,2255.00000000,0.17912357
91.00000000,2256.00000000,0.17861580
91.00000000,2257.00000000,0.17809903
91.00000000,2258.00000000,0.17757343
91.00000000,2259.00000000,0.17703912
91.00000000,2260.00000000,0.17649654
91.00000000,2261.00000000,0.17594583
91.00000000,2262.00000000,0.17538749
91.00000000,2263.00000000,0.17482186
91.00000000,2264.00000000,0.17424917
91.00000000,2265.00000000,0.17366980
91.00000000,2266.00000000,0.17308390
91.00000000,2267.00000000,0.17249167
91.00000000,2268.00000000,0.17189339
91.00000000,2269.00000000,0.17128924
91.00000000,2270.00000000,0.17067934
91.00000000,2271.00000000,0.17006396
91.00000000,2272.00000000,0.16944328
91.00000000,2273.00000000,0.16881738
91.00000000,2274.00000000,0.16818652
91.00000000,2275.00000000,0.16755081
91.00000000,2276.00000000,0.16691046
91.00000000,2277.00000000,0.16626561
91.00000000,2278.00000000,0.16561637
91.00000000,2279.00000000,0.16496294
91.00000000,2280.00000000,0.16430546
91.00000000,2281.00000000,0.16364400
91.00000000,2282.00000000,0.16297877
91.00000000,2283.00000000,0.16230987
91.00000000,2284.00000000,0.16163737
91.00000000,2285.00000000,0.16096147
91.00000000,2286.00000000,0.16028221
91.00000000,2287.00000000,0.15959980
91.00000000,2288.00000000,0.15891426
91.00000000,2289.00000000,0.15822570
91.00000000,2290.00000000,0.15753429
91.00000000,2291.00000000,0.15684009
91.00000000,2292.00000000,0.15614312
91.00000000,2293.00000000,0.15544362
91.00000000,2294.00000000,0.15474160
91.00000000,2295.00000000,0.15403711
91.00000000,2296.00000000,0.15333030
91.00000000,2297.00000000,0.15262126
91.00000000,2298.00000000,0.15190999
91.00000000,2299.00000000,0.15119667
91.00000000,2300.00000000,0.15048129
91.00000000,2301.00000000,0.14976397
91.00000000,2302.00000000,0.14904479
91.00000000,2303.00000000,0.14832372
91.00000000,2304.00000000,0.14760094
91.00000000,2305.00000000,0.14687643
91.00000000,2306.00000000,0.14615026
91.00000000,2307.00000000,0.14542256
91.00000000,2308.00000000,0.14469334
91.00000000,2309.00000000,0.14396263
91.00000000,2310.00000000,0.14323057
91.00000000,2311.00000000,0.14249713
91.00000000,2312.00000000,0.14176245
91.00000000,2313.00000000,0.14102653
91.00000000,2314.00000000,0.14028941
91.00000000,2315.00000000,0.13955122
91.00000000,2316.00000000,0.13881195
91.00000000,2317.00000000,0.13807162
91.00000000,2318.00000000,0.13733037
91.00000000,2319.00000000,0.13658819
91.00000000,2320.00000000,0.13584508
91.00000000,2321.00000000,0.13510119
91.00000000,2322.00000000,0.13435646
91.00000000,2323.00000000,0.13361103
91.00000000,2324.00000000,0.13286489
91.00000000,2325.00000000,0.13211805
91.00000000,2326.00000000,0.13137063
91.00000000,2327.00000000,0.13062262
91.00000000,2328.00000000,0.12987402
91.00000000,2329.00000000,0.12912496
91.00000000,2330.00000000,0.12837542
91.00000000,2331.00000000,0.12762541
91.00000000,2332.00000000,0.12687504
91.00000000,2333.00000000,0.12612431
91.00000000,2334.00000000,0.12537322
91.00000000,2335.00000000,0.12462187
91.00000000,2336.00000000,0.12387026
91.00000000,2337.00000000,0.12311846
91.00000000,2338.00000000,0.12236652
91.00000000,2339.00000000,0.12161448
91.00000000,2340.00000000,0.12102157
91.00000000,2341.00000000,0.12089715
91.00000000,2342.00000000,0.12090093
91.00000000,2343.00000000,0.12090498
91.00000000,2344.00000000,0.12090926
91.00000000,2345.00000000,0.12091372
91.00000000,2346.00000000,0.12091844
91.00000000,2347.00000000,0.12094342
91.00000000,2348.00000000,0.12096864
91.00000000,2349.00000000,0.12099406
91.00000000,2350.00000000,0.12101964
91.00000000,2351.00000000,0.12104547
91.00000000,2352.00000000,0.12103178
91.00000000,2353.00000000,0.12101822
91.00000000,2354.00000000,0.12100489
91.00000000,2355.00000000,0.12099170
91.00000000,2356.00000000,0.12097864
91.00000000,2357.00000000,0.12096579
91.00000000,2358.00000000,0.12095308
91.00000000,2359.00000000,0.12094048
91.00000000,2360.00000000,0.12092808
91.00000000,2361.00000000,0.12091577
91.00000000,2362.00000000,0.12090365
91.00000000,2363.00000000,0.12089165
91.00000000,2364.00000000,0.12087976
91.00000000,2365.00000000,0.12086803
91.00000000,2366.00000000,0.12085643
91.00000000,2367.00000000,0.12084319
91.00000000,2368.00000000,0.12083012
91.00000000,2369.00000000,0.12081716
91.00000000,2370.00000000,0.12080427
91.00000000,2371.00000000,0.12079154
91.00000000,2372.00000000,0.12077886
91.00000000,2373.00000000,0.12076635
91.00000000,2374.00000000,0.12075392
91.00000000,2375.00000000,0.12074157
91.00000000,2376.00000000,0.12072936
91.00000000,2377.00000000,0.12071722
91.00000000,2378.00000000,0.12070515
91.00000000,2379.00000000,0.12069322
91.00000000,2380.00000000,0.12068138
91.00000000,2381.00000000,0.12066956
91.00000000,2382.00000000,0.12065789
91.00000000,2383.00000000,0.12064625
91.00000000,2384.00000000,0.12063474
91.00000000,2385.00000000,0.12062331
91.00000000,2386.00000000,0.12061191
91.00000000,2387.00000000,0.12060062
91.00000000,2388.00000000,0.12058941
91.00000000,2389.00000000,0.12057823
91.00000000,2390.00000000,0.12056717
91.00000000,2391.00000000,0.12055618
91.00000000,2392.00000000,0.12054902
91.00000000,2393.00000000,0.12054198
91.00000000,2394.00000000,0.12053500
91.00000000,2395.00000000,0.12052804
91.00000000,2396.00000000,0.12052120
91.00000000,2397.00000000,0.12051436
91.00000000,2398.00000000,0.12050763
91.00000000,2399.00000000,0.12050095
91.00000000,2400.00000000,0.12049429
91.00000000,2401.00000000,0.12048772
91.00000000,2402.00000000,0.12048123
91.00000000,2403.00000000,0.12047473
91.00000000,2404.00000000,0.12046833
91.00000000,2405.00000000,0.12046201
91.00000000,2406.00000000,0.12045568
91.00000000,2407.00000000,0.12044945
91.00000000,2408.00000000,0.12044324
91.00000000,2409.00000000,0.12043712
91.00000000,2410.00000000,0.12043106
91.00000000,2411.00000000,0.12042498
91.00000000,2412.00000000,0.12041902
91.00000000,2413.00000000,0.12041308
91.00000000,2414.00000000,0.12040716
91.00000000,2415.00000000,0.12040133
91.00000000,2416.00000000,0.12039552
91.00000000,2417.00000000,0.12038973
91.00000000,2418.00000000,0.12038402
91.00000000,2419.00000000,0.12037835
91.00000000,2420.00000000,0.12037265
91.00000000,2421.00000000,0.12036705
91.00000000,2422.00000000,0.12036144
91.00000000,2423.00000000,0.12035591
91.00000000,2424.00000000,0.12035042
91.00000000,2425.00000000,0.12034490
91.00000000,2426.00000000,0.12033947
91.00000000,2427.00000000,0.12033407
91.00000000,2428.00000000,0.12032865
91.00000000,2429.00000000,0.12032331
91.00000000,2430.00000000,0.12031801
91.00000000,2431.00000000,0.12031266
91.00000000,2432.00000000,0.12030740
91.00000000,2433.00000000,0.12030212
91.00000000,2434.00000000,0.12029691
91.00000000,2435.00000000,0.12029171
91.00000000,2436.00000000,0.12028650
91.00000000,2437.00000000,0.12028136
91.00000000,2438.00000000,0.12027625
91.00000000,2439.00000000,0.12027110
91.00000000,2440.00000000,0.12026601
91.00000000,2441.00000000,0.12026096
91.00000000,2442.00000000,0.12025477
91.00000000,2443.00000000,0.12024867
91.00000000,2444.00000000,0.12024257
91.00000000,2445.00000000,0.12023644
91.00000000,2446.00000000,0.12023038
91.00000000,2447.00000000,0.12022427
91.00000000,2448.00000000,0.12021824
91.00000000,2449.00000000,0.12021222
91.00000000,2450.00000000,0.12020615
91.00000000,2451.00000000,0.12020017
91.00000000,2452.00000000,0.12019418
91.00000000,2453.00000000,0.12018815
91.00000000,2454.00000000,0.12018218
91.00000000,2455.00000000,0.12017623
91.00000000,2456.00000000,0.12017020
91.00000000,2457.00000000,0.12016426
91.00000000,2458.00000000,0.12015825
91.00000000,2459.00000000,0.12015231
91.00000000,2460.00000000,0.12014638
91.00000000,2461.00000000,0.12014038
91.00000000,2462.00000000,0.12013445
91.00000000,2463.00000000,0.12012852
91.00000000,2464.00000000,0.12012254
91.00000000,2465.00000000,0.12011662
91.00000000,2466.00000000,0.12011070
91.00000000,2467.00000000,0.12010472
91.00000000,2468.00000000,0.12009881
91.00000000,2469.00000000,0.12009283
91.00000000,2470.00000000,0.12008692
91.00000000,2471.00000000,0.12008101
91.00000000,2472.00000000,0.12007504
91.00000000,2473.00000000,0.12006914
91.00000000,2474.00000000,0.12006323
91.00000000,2475.00000000,0.12005726
91.00000000,2476.00000000,0.12005135
91.00000000,2477.00000000,0.12004546
91.00000000,2478.00000000,0.12003948
91.00000000,2479.00000000,0.12003358
91.00000000,2480.00000000,0.12002767
91.00000000,2481.00000000,0.12002169
91.00000000,2482.00000000,0.12001579
91.00000000,2483.00000000,0.12000981
91.00000000,2484.00000000,0.12000390
91.00000000,2485.00000000,0.11999800
91.00000000,2486.00000000,0.11999200
91.00000000,2487.00000000,0.11998610
91.00000000,2488.00000000,0.11998019
91.00000000,2489.00000000,0.11997419
91.00000000,2490.00000000,0.11996827
91.00000000,2491.00000000,0.11996235
91.00000000,2492.00000000,0.11995520
91.00000000,2493.00000000,0.11994813
91.00000000,2494.00000000,0.11994096
91.00000000,2495.00000000,0.11993388
91.00000000,2496.00000000,0.11992679
91.00000000,2497.00000000,0.11991962
91.00000000,2498.00000000,0.11991253
91.00000000,2499.00000000,0.11990543
91.00000000,2500.00000000,0.11989824
92.00000000,1765.00000000,0.08833461
92.00000000,1766.00000000,0.08833472
92.00000000,1767.00000000,0.08833476
92.00000000,1768.00000000,0.08833501
92.00000000,1769.00000000,0.08833522
92.00000000,1770.00000000,0.08833563
92.00000000,1771.00000000,0.08833633
92.00000000,1772.00000000,0.08833705
92.00000000,1773.00000000,0.08833794
92.00000000,1774.00000000,0.08833897
92.00000000,1775.00000000,0.08834031
92.00000000,1776.00000000,0.08834168
92.00000000,1777.00000000,0.08834324
92.00000000,1778.00000000,0.08834495
92.00000000,1779.00000000,0.08834691
92.00000000,1780.00000000,0.08834894
92.00000000,1781.00000000,0.08835109
92.00000000,1782.00000000,0.08835342
92.00000000,1783.00000000,0.08835587
92.00000000,1784.00000000,0.08835841
92.00000000,1785.00000000,0.08836105
92.00000000,1786.00000000,0.08836386
92.00000000,1787.00000000,0.08836680
92.00000000,1788.00000000,0.08836979
92.00000000,1789.00000000,0.08837290
92.00000000,1790.00000000,0.08837610
92.00000000,1791.00000000,0.08837937
92.00000000,1792.00000000,0.08838271
92.00000000,1793.00000000,0.08838627
92.00000000,1794.00000000,0.08838980
92.00000000,1795.00000000,0.08839334
92.00000000,1796.00000000,0.08839717
92.00000000,1797.00000000,0.08840078
92.00000000,1798.00000000,0.08840461
92.00000000,1799.00000000,0.08840853
92.00000000,1800.00000000,0.08841249
92.00000000,1801.00000000,0.08841628
92.00000000,1802.00000000,0.08842038
92.00000000,1803.00000000,0.08842440
92.00000000,1804.00000000,0.08842848
92.00000000,1805.00000000,0.08843267
92.00000000,1806.00000000,0.08843677
92.00000000,1807.00000000,0.08844095
92.00000000,1808.00000000,0.08844519
92.00000000,1809.00000000,0.08844950
92.00000000,1810.00000000,0.08845372
92.00000000,1811.00000000,0.08845806
92.00000000,1812.00000000,0.08846247
92.00000000,1813.00000000,0.08846685
92.00000000,1814.00000000,0.08847129
92.00000000,1815.00000000,0.08847569
92.00000000,1816.00000000,0.08848014
92.00000000,1817.00000000,0.08848458
92.00000000,1818.00000000,0.08848908
92.00000000,1819.00000000,0.08849355
92.00000000,1820.00000000,0.08849808
92.00000000,1821.00000000,0.08850255
92.00000000,1822.00000000,0.08850711
92.00000000,1823.00000000,0.08851164
92.00000000,1824.00000000,0.08851618
92.00000000,1825.00000000,0.08852077
92.00000000,1826.00000000,0.08852529
92.00000000,1827.00000000,0.08852988
92.00000000,1828.00000000,0.08853451
92.00000000,1829.00000000,0.08853903
92.00000000,1830.00000000,0.08854366
92.00000000,1831.00000000,0.08854829
92.00000000,1832.00000000,0.08855283
92.00000000,1833.00000000,0.08855743
92.00000000,1834.00000000,0.08856196
92.00000000,1835.00000000,0.08856659
92.00000000,1836.00000000,0.08857117
92.00000000,1837.00000000,0.08857574
92.00000000,1838.00000000,0.08858034
92.00000000,1839.00000000,0.08858492
92.00000000,1840.00000000,0.08858954
92.00000000,1841.00000000,0.08859414
92.00000000,1842.00000000,0.08859873
92.00000000,1843.00000000,0.08860336
92.00000000,1844.00000000,0.08860803
92.00000000,1845.00000000,0.08861266
92.00000000,1846.00000000,0.08861733
92.00000000,1847.00000000,0.08862196
92.00000000,1848.00000000,0.08862663
92.00000000,1849.00000000,0.08863136
92.00000000,1850.00000000,0.08863606
92.00000000,1851.00000000,0.08864081
92.00000000,1852.00000000,0.08864552
92.00000000,1853.00000000,0.08865071
92.00000000,1854.00000000,0.08865619
92.00000000,1855.00000000,0.08866168
92.00000000,1856.00000000,0.08866715
92.00000000,1857.00000000,0.08867265
92.00000000,1858.00000000,0.08868624
92.00000000,1859.00000000,0.08869182
92.00000000,1860.00000000,0.08869738
92.00000000,1861.00000000,0.08870307
92.00000000,1862.00000000,0.08870865
92.00000000,1863.00000000,0.08871634
92.00000000,1864.00000000,0.08872076
92.00000000,1865.00000000,0.08872491
92.00000000,1866.00000000,0.08872876
92.00000000,1867.00000000,0.08873233
92.00000000,1868.00000000,0.08873576
92.00000000,1869.00000000,0.08873898
92.00000000,1870.00000000,0.08874199
92.00000000,1871.00000000,0.08874479
92.00000000,1872.00000000,0.08874799
92.00000000,1873.00000000,0.08875469
92.00000000,1874.00000000,0.08875938
92.00000000,1875.00000000,0.08876451
92.00000000,1876.00000000,0.08877009
92.00000000,1877.00000000,0.08877581
92.00000000,1878.00000000,0.08878192
92.00000000,1879.00000000,0.08878819
92.00000000,1880.00000000,0.08879461
92.00000000,1881.00000000,0.08880111
92.00000000,1882.00000000,0.08880764
92.00000000,1883.00000000,0.08881655
92.00000000,1884.00000000,0.08882225
92.00000000,1885.00000000,0.08882776
92.00000000,1886.00000000,0.08883308
92.00000000,1887.00000000,0.08883837
92.00000000,1888.00000000,0.08884340
92.00000000,1889.00000000,0.08885097
92.00000000,1890.00000000,0.08885553
92.00000000,1891.00000000,0.08885976
92.00000000,1892.00000000,0.08886643
92.00000000,1893.00000000,0.08887028
92.00000000,1894.00000000,0.08887952
92.00000000,1895.00000000,0.08888081
92.00000000,1896.00000000,0.08888489
92.00000000,1897.00000000,0.08888896
92.00000000,1898.00000000,0.08889570
92.00000000,1899.00000000,0.08889945
92.00000000,1900.00000000,0.08890296
92.00000000,1901.00000000,0.08890622
92.00000000,1902.00000000,0.08890958
92.00000000,1903.00000000,0.08891586
92.00000000,1904.00000000,0.08891957
92.00000000,1905.00000000,0.08892350
92.00000000,1906.00000000,0.08892774
92.00000000,1907.00000000,0.08893488
92.00000000,1908.00000000,0.08894192
92.00000000,1909.00000000,0.08894895
92.00000000,1910.00000000,0.08895324
92.00000000,1911.00000000,0.08895745
92.00000000,1912.00000000,0.08896098
92.00000000,1913.00000000,0.08896350
92.00000000,1914.00000000,0.08896776
92.00000000,1915.00000000,0.08897149
92.00000000,1916.00000000,0.08897257
92.00000000,1917.00000000,0.08897634
92.00000000,1918.00000000,0.08897729
92.00000000,1919.00000000,0.08898104
92.00000000,1920.00000000,0.08898274
92.00000000,1921.00000000,0.08898524
92.00000000,1922.00000000,0.08900519
92.00000000,1923.00000000,0.08900700
92.00000000,1924.00000000,0.08901165
92.00000000,1925.00000000,0.08901896
92.00000000,1926.00000000,0.08902349
92.00000000,1927.00000000,0.08903073
92.00000000,1928.00000000,0.08904638
92.00000000,1929.00000000,0.08905105
92.00000000,1930.00000000,0.08905869
92.00000000,1931.00000000,0.08906756
92.00000000,1932.00000000,0.08908069
92.00000000,1933.00000000,0.08909208
92.00000000,1934.00000000,0.08910690
92.00000000,1935.00000000,0.08911906
92.00000000,1936.00000000,0.08913337
92.00000000,1937.00000000,0.08915218
92.00000000,1938.00000000,0.08915863
92.00000000,1939.00000000,0.08917236
92.00000000,1940.00000000,0.08917997
92.00000000,1941.00000000,0.08919188
92.00000000,1942.00000000,0.08920543
92.00000000,1943.00000000,0.08920738
92.00000000,1944.00000000,0.08921707
92.00000000,1945.00000000,0.08922402
92.00000000,1946.00000000,0.08925383
92.00000000,1947.00000000,0.08926387
92.00000000,1948.00000000,0.08928297
92.00000000,1949.00000000,0.08929128
92.00000000,1950.00000000,0.08929948
92.00000000,1951.00000000,0.08931839
92.00000000,1952.00000000,0.08934620
92.00000000,1953.00000000,0.08936330
92.00000000,1954.00000000,0.08937489
92.00000000,1955.00000000,0.08940031
92.00000000,1956.00000000,0.08942868
92.00000000,1957.00000000,0.08945404
92.00000000,1958.00000000,0.08946821
92.00000000,1959.00000000,0.08949607
92.00000000,1960.00000000,0.08951328
92.00000000,1961.00000000,0.08953429
92.00000000,1962.00000000,0.08954914
92.00000000,1963.00000000,0.08957426
92.00000000,1964.00000000,0.08962030
92.00000000,1965.00000000,0.08964866
92.00000000,1966.00000000,0.08961839
92.00000000,1967.00000000,0.08965193
92.00000000,1968.00000000,0.08965387
92.00000000,1969.00000000,0.08965349
92.00000000,1970.00000000,0.08964620
92.00000000,1971.00000000,0.08966917
92.00000000,1972.00000000,0.08972003
92.00000000,1973.00000000,0.08971530
92.00000000,1974.00000000,0.08972344
92.00000000,1975.00000000,0.08973773
92.00000000,1976.00000000,0.08971643
92.00000000,1977.00000000,0.08969266
92.00000000,1978.00000000,0.08967432
92.00000000,1979.00000000,0.08968282
92.00000000,1980.00000000,0.08973938
92.00000000,1981.00000000,0.08970944
92.00000000,1982.00000000,0.08976037
92.00000000,1983.00000000,0.08978129
92.00000000,1984.00000000,0.08976952
92.00000000,1985.00000000,0.08974541
92.00000000,1986.00000000,0.08976977
92.00000000,1987.00000000,0.08982247
92.00000000,1988.00000000,0.08984877
92.00000000,1989.00000000,0.08989673
92.00000000,1990.00000000,0.08995529
92.00000000,1991.00000000,0.09005980
92.00000000,1992.00000000,0.09012496
92.00000000,1993.00000000,0.09016700
92.00000000,1994.00000000,0.09020017
92.00000000,1995.00000000,0.09033436
92.00000000,1996.00000000,0.09035071
92.00000000,1997.00000000,0.09045299
92.00000000,1998.00000000,0.09056818
92.00000000,1999.00000000,0.09077207
92.00000000,2000.00000000,0.09067772
92.00000000,2001.00000000,0.09076858
92.00000000,2002.00000000,0.09085598
92.00000000,2003.00000000,0.09089764
92.00000000,2004.00000000,0.09100766
92.00000000,2005.00000000,0.09117061
92.00000000,2006.00000000,0.09090747
92.00000000,2007.00000000,0.09085712
92.00000000,2008.00000000,0.09100384
92.00000000,2009.00000000,0.09112276
92.00000000,2010.00000000,0.09104271
92.00000000,2011.00000000,0.09066269
92.00000000,2012.00000000,0.09096498
92.00000000,2013.00000000,0.09058256
92.00000000,2014.00000000,0.09065458
92.00000000,2015.00000000,0.09094548
92.00000000,2016.00000000,0.09088131
92.00000000,2017.00000000,0.09086525
92.00000000,2018.00000000,0.09083612
92.00000000,2019.00000000,0.09099365
92.00000000,2020.00000000,0.09094669
92.00000000,2021.00000000,0.09110202
92.00000000,2022.00000000,0.09079861
92.00000000,2023.00000000,0.09043816
92.00000000,2024.00000000,0.09012984
92.00000000,2025.00000000,0.09018909
92.00000000,2026.00000000,0.09033788
92.00000000,2027.00000000,0.09041765
92.00000000,2028.00000000,0.09062654
92.00000000,2029.00000000,0.09077171
92.00000000,2030.00000000,0.09053230
92.00000000,2031.00000000,0.09060104
92.00000000,2032.00000000,0.09081936
92.00000000,2033.00000000,0.09084800
92.00000000,2034.00000000,0.09080525
92.00000000,2035.00000000,0.09086931
92.00000000,2036.00000000,0.09078350
92.00000000,2037.00000000,0.09013572
92.00000000,2038.00000000,0.09027501
92.00000000,2039.00000000,0.09061258
92.00000000,2040.00000000,0.09074939
92.00000000,2041.00000000,0.09055602
92.00000000,2042.00000000,0.09104151
92.00000000,2043.00000000,0.09133666
92.00000000,2044.00000000,0.09134577
92.00000000,2045.00000000,0.09139814
92.00000000,2046.00000000,0.09139554
92.00000000,2047.00000000,0.09179007
92.00000000,2048.00000000,0.09207224
92.00000000,2049.00000000,0.09224234
92.00000000,2050.00000000,0.09232900
92.00000000,2051.00000000,0.09259951
92.00000000,2052.00000000,0.09282515
92.00000000,2053.00000000,0.09279910
92.00000000,2054.00000000,0.09300045
92.00000000,2055.00000000,0.09330855
92.00000000,2056.00000000,0.09364653
92.00000000,2057.00000000,0.09392511
92.00000000,2058.00000000,0.09426150
92.00000000,2059.00000000,0.09446004
92.00000000,2060.00000000,0.09483786
92.00000000,2061.00000000,0.09530333
92.00000000,2062.00000000,0.09592978
92.00000000,2063.00000000,0.09625064
92.00000000,2064.00000000,0.09660494
92.00000000,2065.00000000,0.09713105
92.00000000,2066.00000000,0.09708818
92.00000000,2067.00000000,0.09695238
92.00000000,2068.00000000,0.09756197
92.00000000,2069.00000000,0.09786736
92.00000000,2070.00000000,0.09799920
92.00000000,2071.00000000,0.09864517
92.00000000,2072.00000000,0.09845369
92.00000000,2073.00000000,0.09799481
92.00000000,2074.00000000,0.09784531
92.00000000,2075.00000000,0.09775949
92.00000000,2076.00000000,0.09816486
92.00000000,2077.00000000,0.09850886
92.00000000,2078.00000000,0.09888539
92.00000000,2079.00000000,0.09920782
92.00000000,2080.00000000,0.09969993
92.00000000,2081.00000000,0.09998257
92.00000000,2082.00000000,0.10009567
92.00000000,2083.00000000,0.10029978
92.00000000,2084.00000000,0.09999716
92.00000000,2085.00000000,0.09999930
92.00000000,2086.00000000,0.10027873
92.00000000,2087.00000000,0.10059054
92.00000000,2088.00000000,0.10092477
92.00000000,2089.00000000,0.10119125
92.00000000,2090.00000000,0.10111977
92.00000000,2091.00000000,0.10108129
92.00000000,2092.00000000,0.10149667
92.00000000,2093.00000000,0.10190374
92.00000000,2094.00000000,0.10205379
92.00000000,2095.00000000,0.10289697
92.00000000,2096.00000000,0.10386248
92.00000000,2097.00000000,0.10462115
92.00000000,2098.00000000,0.10512030
92.00000000,2099.00000000,0.10562359
92.00000000,2100.00000000,0.10613101
92.00000000,2101.00000000,0.10664189
92.00000000,2102.00000000,0.10715646
92.00000000,2103.00000000,0.10784428
92.00000000,2104.00000000,0.10853610
92.00000000,2105.00000000,0.10923200
92.00000000,2106.00000000,0.10993184
92.00000000,2107.00000000,0.11063547
92.00000000,2108.00000000,0.11134286
92.00000000,2109.00000000,0.11205382
92.00000000,2110.00000000,0.11276815
92.00000000,2111.00000000,0.11348583
92.00000000,2112.00000000,0.11420663
92.00000000,2113.00000000,0.11485583
92.00000000,2114.00000000,0.11550798
92.00000000,2115.00000000,0.11616288
92.00000000,2116.00000000,0.11682061
92.00000000,2117.00000000,0.11748103
92.00000000,2118.00000000,0.11814402
92.00000000,2119.00000000,0.11880969
92.00000000,2120.00000000,0.11947793
92.00000000,2121.00000000,0.12014868
92.00000000,2122.00000000,0.12082203
92.00000000,2123.00000000,0.12165285
92.00000000,2124.00000000,0.12248608
92.00000000,2125.00000000,0.12332180
92.00000000,2126.00000000,0.12415982
92.00000000,2127.00000000,0.12500006
92.00000000,2128.00000000,0.12584246
92.00000000,2129.00000000,0.12668696
92.00000000,2130.00000000,0.12753352
92.00000000,2131.00000000,0.12838203
92.00000000,2132.00000000,0.12923234
92.00000000,2133.00000000,0.13019740
92.00000000,2134.00000000,0.13116420
92.00000000,2135.00000000,0.13213257
92.00000000,2136.00000000,0.13310251
92.00000000,2137.00000000,0.13407383
92.00000000,2138.00000000,0.13504632
92.00000000,2139.00000000,0.13602004
92.00000000,2140.00000000,0.13699472
92.00000000,2141.00000000,0.13797035
92.00000000,2142.00000000,0.13894675
92.00000000,2143.00000000,0.13991732
92.00000000,2144.00000000,0.14088851
92.00000000,2145.00000000,0.14186009
92.00000000,2146.00000000,0.14283187
92.00000000,2147.00000000,0.14380385
92.00000000,2148.00000000,0.14477583
92.00000000,2149.00000000,0.14574754
92.00000000,2150.00000000,0.14671909
92.00000000,2151.00000000,0.14769097
92.00000000,2152.00000000,0.14866523
92.00000000,2153.00000000,0.14939758
92.00000000,2154.00000000,0.15013521
92.00000000,2155.00000000,0.15087880
92.00000000,2156.00000000,0.15162839
92.00000000,2157.00000000,0.15238385
92.00000000,2158.00000000,0.15314518
92.00000000,2159.00000000,0.15391211
92.00000000,2160.00000000,0.15468432
92.00000000,2161.00000000,0.15546176
92.00000000,2162.00000000,0.15624406
92.00000000,2163.00000000,0.15680837
92.00000000,2164.00000000,0.15737684
92.00000000,2165.00000000,0.15794918
92.00000000,2166.00000000,0.15852535
92.00000000,2167.00000000,0.15910513
92.00000000,2168.00000000,0.15968827
92.00000000,2169.00000000,0.16027480
92.00000000,2170.00000000,0.16086447
92.00000000,2171.00000000,0.16145710
92.00000000,2172.00000000,0.16205261
92.00000000,2173.00000000,0.16252599
92.00000000,2174.00000000,0.16300168
92.00000000,2175.00000000,0.16347966
92.00000000,2176.00000000,0.16395971
92.00000000,2177.00000000,0.16444191
92.00000000,2178.00000000,0.16492609
92.00000000,2179.00000000,0.16541210
92.00000000,2180.00000000,0.16589997
92.00000000,2181.00000000,0.16638954
92.00000000,2182.00000000,0.16688066
92.00000000,2183.00000000,0.16724390
92.00000000,2184.00000000,0.16760832
92.00000000,2185.00000000,0.16797382
92.00000000,2186.00000000,0.16834047
92.00000000,2187.00000000,0.16870815
92.00000000,2188.00000000,0.16907674
92.00000000,2189.00000000,0.16944640
92.00000000,2190.00000000,0.16981693
92.00000000,2191.00000000,0.17018838
92.00000000,2192.00000000,0.17056063
92.00000000,2193.00000000,0.17083358
92.00000000,2194.00000000,0.17110707
92.00000000,2195.00000000,0.17138106
92.00000000,2196.00000000,0.17165547
92.00000000,2197.00000000,0.17193040
92.00000000,2198.00000000,0.17220578
92.00000000,2199.00000000,0.17248153
92.00000000,2200.00000000,0.17275773
92.00000000,2201.00000000,0.17303424
92.00000000,2202.00000000,0.17331122
92.00000000,2203.00000000,0.17358853
92.00000000,2204.00000000,0.17386609
92.00000000,2205.00000000,0.17414408
92.00000000,2206.00000000,0.17442241
92.00000000,2207.00000000,0.17470091
92.00000000,2208.00000000,0.17497979
92.00000000,2209.00000000,0.17525896
92.00000000,2210.00000000,0.17553827
92.00000000,2211.00000000,0.17581790
92.00000000,2212.00000000,0.17609779
92.00000000,2213.00000000,0.17637780
92.00000000,2214.00000000,0.17665809
92.00000000,2215.00000000,0.17693852
92.00000000,2216.00000000,0.17721917
92.00000000,2217.00000000,0.17750003
92.00000000,2218.00000000,0.17778094
92.00000000,2219.00000000,0.17806206
92.00000000,2220.00000000,0.17834333
92.00000000,2221.00000000,0.17862462
92.00000000,2222.00000000,0.17890610
92.00000000,2223.00000000,0.17918764
92.00000000,2224.00000000,0.17946918
92.00000000,2225.00000000,0.17975086
92.00000000,2226.00000000,0.18003249
92.00000000,2227.00000000,0.18031421
92.00000000,2228.00000000,0.18059592
92.00000000,2229.00000000,0.18087757
92.00000000,2230.00000000,0.18115923
92.00000000,2231.00000000,0.18144086
92.00000000,2232.00000000,0.18172235
92.00000000,2233.00000000,0.18200381
92.00000000,2234.00000000,0.18228513
92.00000000,2235.00000000,0.18256630
92.00000000,2236.00000000,0.18284735
92.00000000,2237.00000000,0.18312818
92.00000000,2238.00000000,0.18340884
92.00000000,2239.00000000,0.18368929
92.00000000,2240.00000000,0.18396936
92.00000000,2241.00000000,0.18424916
92.00000000,2242.00000000,0.18452845
92.00000000,2243.00000000,0.18409512
92.00000000,2244.00000000,0.18365943
92.00000000,2245.00000000,0.18322136
92.00000000,2246.00000000,0.18278098
92.00000000,2247.00000000,0.18233840
92.00000000,2248.00000000,0.18189361
92.00000000,2249.00000000,0.18144643
92.00000000,2250.00000000,0.18099581
92.00000000,2251.00000000,0.18053940
92.00000000,2252.00000000,0.18007524
92.00000000,2253.00000000,0.17960222
92.00000000,2254.00000000,0.17911987
92.00000000,2255.00000000,0.17862831
92.00000000,2256.00000000,0.17812754
92.00000000,2257.00000000,0.17761767
92.00000000,2258.00000000,0.17709897
92.00000000,2259.00000000,0.17657165
92.00000000,2260.00000000,0.17603585
92.00000000,2261.00000000,0.17549207
92.00000000,2262.00000000,0.17494052
92.00000000,2263.00000000,0.17438169
92.00000000,2264.00000000,0.17381584
92.00000000,2265.00000000,0.17324316
92.00000000,2266.00000000,0.17266401
92.00000000,2267.00000000,0.17207852
92.00000000,2268.00000000,0.17148689
92.00000000,2269.00000000,0.17088939
92.00000000,2270.00000000,0.17028615
92.00000000,2271.00000000,0.16967735
92.00000000,2272.00000000,0.16906321
92.00000000,2273.00000000,0.16844392
92.00000000,2274.00000000,0.16781955
92.00000000,2275.00000000,0.16719036
92.00000000,2276.00000000,0.16655645
92.00000000,2277.00000000,0.16591805
92.00000000,2278.00000000,0.16527524
92.00000000,2279.00000000,0.16462818
92.00000000,2280.00000000,0.16397705
92.00000000,2281.00000000,0.16332195
92.00000000,2282.00000000,0.16266298
92.00000000,2283.00000000,0.16200036
92.00000000,2284.00000000,0.16133413
92.00000000,2285.00000000,0.16066442
92.00000000,2286.00000000,0.15999139
92.00000000,2287.00000000,0.15931509
92.00000000,2288.00000000,0.15863568
92.00000000,2289.00000000,0.15795327
92.00000000,2290.00000000,0.15726789
92.00000000,2291.00000000,0.15657972
92.00000000,2292.00000000,0.15588883
92.00000000,2293.00000000,0.15519527
92.00000000,2294.00000000,0.15449919
92.00000000,2295.00000000,0.15380067
92.00000000,2296.00000000,0.15309974
92.00000000,2297.00000000,0.15239657
92.00000000,2298.00000000,0.15169118
92.00000000,2299.00000000,0.15098363
92.00000000,2300.00000000,0.15027407
92.00000000,2301.00000000,0.14956249
92.00000000,2302.00000000,0.14884903
92.00000000,2303.00000000,0.14813369
92.00000000,2304.00000000,0.14741654
92.00000000,2305.00000000,0.14669769
92.00000000,2306.00000000,0.14597718
92.00000000,2307.00000000,0.14525502
92.00000000,2308.00000000,0.14453136
92.00000000,2309.00000000,0.14380621
92.00000000,2310.00000000,0.14307961
92.00000000,2311.00000000,0.14235166
92.00000000,2312.00000000,0.14162239
92.00000000,2313.00000000,0.14089189
92.00000000,2314.00000000,0.14016020
92.00000000,2315.00000000,0.13942732
92.00000000,2316.00000000,0.13869338
92.00000000,2317.00000000,0.13795839
92.00000000,2318.00000000,0.13722236
92.00000000,2319.00000000,0.13648542
92.00000000,2320.00000000,0.13574757
92.00000000,2321.00000000,0.13500881
92.00000000,2322.00000000,0.13426928
92.00000000,2323.00000000,0.13352893
92.00000000,2324.00000000,0.13278789
92.00000000,2325.00000000,0.13204616
92.00000000,2326.00000000,0.13130373
92.00000000,2327.00000000,0.13056073
92.00000000,2328.00000000,0.12981715
92.00000000,2329.00000000,0.12907299
92.00000000,2330.00000000,0.12832838
92.00000000,2331.00000000,0.12758330
92.00000000,2332.00000000,0.12683776
92.00000000,2333.00000000,0.12609186
92.00000000,2334.00000000,0.12534560
92.00000000,2335.00000000,0.12459898
92.00000000,2336.00000000,0.12385212
92.00000000,2337.00000000,0.12310499
92.00000000,2338.00000000,0.12235768
92.00000000,2339.00000000,0.12161023
92.00000000,2340.00000000,0.12086268
92.00000000,2341.00000000,0.12027329
92.00000000,2342.00000000,0.12014956
92.00000000,2343.00000000,0.12015324
92.00000000,2344.00000000,0.12015719
92.00000000,2345.00000000,0.12016137
92.00000000,2346.00000000,0.12016573
92.00000000,2347.00000000,0.12017035
92.00000000,2348.00000000,0.12019511
92.00000000,2349.00000000,0.12022010
92.00000000,2350.00000000,0.12024530
92.00000000,2351.00000000,0.12027066
92.00000000,2352.00000000,0.12029625
92.00000000,2353.00000000,0.12028258
92.00000000,2354.00000000,0.12026905
92.00000000,2355.00000000,0.12025572
92.00000000,2356.00000000,0.12024255
92.00000000,2357.00000000,0.12022952
92.00000000,2358.00000000,0.12021667
92.00000000,2359.00000000,0.12020397
92.00000000,2360.00000000,0.12019140
92.00000000,2361.00000000,0.12017899
92.00000000,2362.00000000,0.12016671
92.00000000,2363.00000000,0.12015458
92.00000000,2364.00000000,0.12014261
92.00000000,2365.00000000,0.12013071
92.00000000,2366.00000000,0.12011900
92.00000000,2367.00000000,0.12010739
92.00000000,2368.00000000,0.12009418
92.00000000,2369.00000000,0.12008111
92.00000000,2370.00000000,0.12006817
92.00000000,2371.00000000,0.12005529
92.00000000,2372.00000000,0.12004257
92.00000000,2373.00000000,0.12002992
92.00000000,2374.00000000,0.12001740
92.00000000,2375.00000000,0.12000500
92.00000000,2376.00000000,0.11999265
92.00000000,2377.00000000,0.11998043
92.00000000,2378.00000000,0.11996832
92.00000000,2379.00000000,0.11995626
92.00000000,2380.00000000,0.11994433
92.00000000,2381.00000000,0.11993248
92.00000000,2382.00000000,0.11992068
92.00000000,2383.00000000,0.11990901
92.00000000,2384.00000000,0.11989738
92.00000000,2385.00000000,0.11988588
92.00000000,2386.00000000,0.11987445
92.00000000,2387.00000000,0.11986304
92.00000000,2388.00000000,0.11985176
92.00000000,2389.00000000,0.11984055
92.00000000,2390.00000000,0.11982937
92.00000000,2391.00000000,0.11981831
92.00000000,2392.00000000,0.11980732
92.00000000,2393.00000000,0.11980013
92.00000000,2394.00000000,0.11979306
92.00000000,2395.00000000,0.11978606
92.00000000,2396.00000000,0.11977909
92.00000000,2397.00000000,0.11977221
92.00000000,2398.00000000,0.11976535
92.00000000,2399.00000000,0.11975858
92.00000000,2400.00000000,0.11975188
92.00000000,2401.00000000,0.11974518
92.00000000,2402.00000000,0.11973861
92.00000000,2403.00000000,0.11973208
92.00000000,2404.00000000,0.11972556
92.00000000,2405.00000000,0.11971915
92.00000000,2406.00000000,0.11971279
92.00000000,2407.00000000,0.11970644
92.00000000,2408.00000000,0.11970020
92.00000000,2409.00000000,0.11969395
92.00000000,2410.00000000,0.11968782
92.00000000,2411.00000000,0.11968172
92.00000000,2412.00000000,0.11967563
92.00000000,2413.00000000,0.11966963
92.00000000,2414.00000000,0.11966368
92.00000000,2415.00000000,0.11965773
92.00000000,2416.00000000,0.11965186
92.00000000,2417.00000000,0.11964604
92.00000000,2418.00000000,0.11964021
92.00000000,2419.00000000,0.11963447
92.00000000,2420.00000000,0.11962876
92.00000000,2421.00000000,0.11962305
92.00000000,2422.00000000,0.11961742
92.00000000,2423.00000000,0.11961177
92.00000000,2424.00000000,0.11960622
92.00000000,2425.00000000,0.11960069
92.00000000,2426.00000000,0.11959514
92.00000000,2427.00000000,0.11958968
92.00000000,2428.00000000,0.11958425
92.00000000,2429.00000000,0.11957879
92.00000000,2430.00000000,0.11957343
92.00000000,2431.00000000,0.11956808
92.00000000,2432.00000000,0.11956270
92.00000000,2433.00000000,0.11955740
92.00000000,2434.00000000,0.11955209
92.00000000,2435.00000000,0.11954684
92.00000000,2436.00000000,0.11954162
92.00000000,2437.00000000,0.11953636
92.00000000,2438.00000000,0.11953119
92.00000000,2439.00000000,0.11952603
92.00000000,2440.00000000,0.11952084
92.00000000,2441.00000000,0.11951574
92.00000000,2442.00000000,0.11951065
92.00000000,2443.00000000,0.11950443
92.00000000,2444.00000000,0.11949828
92.00000000,2445.00000000,0.11949216
92.00000000,2446.00000000,0.11948599
92.00000000,2447.00000000,0.11947990
92.00000000,2448.00000000,0.11947377
92.00000000,2449.00000000,0.11946771
92.00000000,2450.00000000,0.11946165
92.00000000,2451.00000000,0.11945555
92.00000000,2452.00000000,0.11944953
92.00000000,2453.00000000,0.11944351
92.00000000,2454.00000000,0.11943745
92.00000000,2455.00000000,0.11943144
92.00000000,2456.00000000,0.11942544
92.00000000,2457.00000000,0.11941939
92.00000000,2458.00000000,0.11941341
92.00000000,2459.00000000,0.11940736
92.00000000,2460.00000000,0.11940137
92.00000000,2461.00000000,0.11939540
92.00000000,2462.00000000,0.11938937
92.00000000,2463.00000000,0.11938340
92.00000000,2464.00000000,0.11937744
92.00000000,2465.00000000,0.11937142
92.00000000,2466.00000000,0.11936545
92.00000000,2467.00000000,0.11935949
92.00000000,2468.00000000,0.11935347
92.00000000,2469.00000000,0.11934753
92.00000000,2470.00000000,0.11934151
92.00000000,2471.00000000,0.11933557
92.00000000,2472.00000000,0.11932963
92.00000000,2473.00000000,0.11932360
92.00000000,2474.00000000,0.11931766
92.00000000,2475.00000000,0.11931173
92.00000000,2476.00000000,0.11930572
92.00000000,2477.00000000,0.11929977
92.00000000,2478.00000000,0.11929383
92.00000000,2479.00000000,0.11928782
92.00000000,2480.00000000,0.11928187
92.00000000,2481.00000000,0.11927593
92.00000000,2482.00000000,0.11926992
92.00000000,2483.00000000,0.11926398
92.00000000,2484.00000000,0.11925796
92.00000000,2485.00000000,0.11925202
92.00000000,2486.00000000,0.11924607
92.00000000,2487.00000000,0.11924005
92.00000000,2488.00000000,0.11923411
92.00000000,2489.00000000,0.11922816
92.00000000,2490.00000000,0.11922212
92.00000000,2491.00000000,0.11921617
92.00000000,2492.00000000,0.11921020
92.00000000,2493.00000000,0.11920302
92.00000000,2494.00000000,0.11919592
92.00000000,2495.00000000,0.11918873
92.00000000,2496.00000000,0.11918162
92.00000000,2497.00000000,0.11917450
92.00000000,2498.00000000,0.11916729
92.00000000,2499.00000000,0.11916017
92.00000000,2500.00000000,0.11915304
93.00000000,1765.00000000,0.08771260
93.00000000,1766.00000000,0.08771251
93.00000000,1767.00000000,0.08771267
93.00000000,1768.00000000,0.08771281
93.00000000,1769.00000000,0.08771319
93.00000000,1770.00000000,0.08771355
93.00000000,1771.00000000,0.08771411
93.00000000,1772.00000000,0.08771497
93.00000000,1773.00000000,0.08771585
93.00000000,1774.00000000,0.08771690
93.00000000,1775.00000000,0.08771809
93.00000000,1776.00000000,0.08771959
93.00000000,1777.00000000,0.08772110
93.00000000,1778.00000000,0.08772282
93.00000000,1779.00000000,0.08772466
93.00000000,1780.00000000,0.08772678
93.00000000,1781.00000000,0.08772894
93.00000000,1782.00000000,0.08773120
93.00000000,1783.00000000,0.08773367
93.00000000,1784.00000000,0.08773622
93.00000000,1785.00000000,0.08773887
93.00000000,1786.00000000,0.08774162
93.00000000,1787.00000000,0.08774452
93.00000000,1788.00000000,0.08774754
93.00000000,1789.00000000,0.08775063
93.00000000,1790.00000000,0.08775382
93.00000000,1791.00000000,0.08775711
93.00000000,1792.00000000,0.08776044
93.00000000,1793.00000000,0.08776384
93.00000000,1794.00000000,0.08776746
93.00000000,1795.00000000,0.08777105
93.00000000,1796.00000000,0.08777464
93.00000000,1797.00000000,0.08777852
93.00000000,1798.00000000,0.08778218
93.00000000,1799.00000000,0.08778604
93.00000000,1800.00000000,0.08779000
93.00000000,1801.00000000,0.08779399
93.00000000,1802.00000000,0.08779780
93.00000000,1803.00000000,0.08780193
93.00000000,1804.00000000,0.08780596
93.00000000,1805.00000000,0.08781007
93.00000000,1806.00000000,0.08781428
93.00000000,1807.00000000,0.08781839
93.00000000,1808.00000000,0.08782259
93.00000000,1809.00000000,0.08782684
93.00000000,1810.00000000,0.08783115
93.00000000,1811.00000000,0.08783540
93.00000000,1812.00000000,0.08783974
93.00000000,1813.00000000,0.08784414
93.00000000,1814.00000000,0.08784853
93.00000000,1815.00000000,0.08785297
93.00000000,1816.00000000,0.08785737
93.00000000,1817.00000000,0.08786181
93.00000000,1818.00000000,0.08786623
93.00000000,1819.00000000,0.08787071
93.00000000,1820.00000000,0.08787517
93.00000000,1821.00000000,0.08787968
93.00000000,1822.00000000,0.08788415
93.00000000,1823.00000000,0.08788869
93.00000000,1824.00000000,0.08789320
93.00000000,1825.00000000,0.08789772
93.00000000,1826.00000000,0.08790228
93.00000000,1827.00000000,0.08790678
93.00000000,1828.00000000,0.08791134
93.00000000,1829.00000000,0.08791595
93.00000000,1830.00000000,0.08792044
93.00000000,1831.00000000,0.08792502
93.00000000,1832.00000000,0.08792960
93.00000000,1833.00000000,0.08793409
93.00000000,1834.00000000,0.08793865
93.00000000,1835.00000000,0.08794316
93.00000000,1836.00000000,0.08794774
93.00000000,1837.00000000,0.08795228
93.00000000,1838.00000000,0.08795681
93.00000000,1839.00000000,0.08796135
93.00000000,1840.00000000,0.08796590
93.00000000,1841.00000000,0.08797046
93.00000000,1842.00000000,0.08797501
93.00000000,1843.00000000,0.08797957
93.00000000,1844.00000000,0.08798413
93.00000000,1845.00000000,0.08798874
93.00000000,1846.00000000,0.08799333
93.00000000,1847.00000000,0.08799792
93.00000000,1848.00000000,0.08800249
93.00000000,1849.00000000,0.08800713
93.00000000,1850.00000000,0.08801176
93.00000000,1851.00000000,0.08801640
93.00000000,1852.00000000,0.08802103
93.00000000,1853.00000000,0.08802610
93.00000000,1854.00000000,0.08803146
93.00000000,1855.00000000,0.08803684
93.00000000,1856.00000000,0.08804215
93.00000000,1857.00000000,0.08804752
93.00000000,1858.00000000,0.08805287
93.00000000,1859.00000000,0.08806634
93.00000000,1860.00000000,0.08807178
93.00000000,1861.00000000,0.08807727
93.00000000,1862.00000000,0.08808269
93.00000000,1863.00000000,0.08808752
93.00000000,1864.00000000,0.08809455
93.00000000,1865.00000000,0.08809853
93.00000000,1866.00000000,0.08810222
93.00000000,1867.00000000,0.08810571
93.00000000,1868.00000000,0.08810894
93.00000000,1869.00000000,0.08811205
93.00000000,1870.00000000,0.08811501
93.00000000,1871.00000000,0.08811774
93.00000000,1872.00000000,0.08812072
93.00000000,1873.00000000,0.08812466
93.00000000,1874.00000000,0.08813193
93.00000000,1875.00000000,0.08813691
93.00000000,1876.00000000,0.08814236
93.00000000,1877.00000000,0.08814807
93.00000000,1878.00000000,0.08815398
93.00000000,1879.00000000,0.08816016
93.00000000,1880.00000000,0.08816651
93.00000000,1881.00000000,0.08817286
93.00000000,1882.00000000,0.08817933
93.00000000,1883.00000000,0.08818532
93.00000000,1884.00000000,0.08819370
93.00000000,1885.00000000,0.08819911
93.00000000,1886.00000000,0.08820433
93.00000000,1887.00000000,0.08820951
93.00000000,1888.00000000,0.08821451
93.00000000,1889.00000000,0.08821924
93.00000000,1890.00000000,0.08822637
93.00000000,1891.00000000,0.08823056
93.00000000,1892.00000000,0.08823437
93.00000000,1893.00000000,0.08824084
93.00000000,1894.00000000,0.08824468
93.00000000,1895.00000000,0.08825394
93.00000000,1896.00000000,0.08825529
93.00000000,1897.00000000,0.08825924
93.00000000,1898.00000000,0.08826319
93.00000000,1899.00000000,0.08826961
93.00000000,1900.00000000,0.08827301
93.00000000,1901.00000000,0.08827616
93.00000000,1902.00000000,0.08827953
93.00000000,1903.00000000,0.08828297
93.00000000,1904.00000000,0.08828931
93.00000000,1905.00000000,0.08829323
93.00000000,1906.00000000,0.08829734
93.00000000,1907.00000000,0.08830174
93.00000000,1908.00000000,0.08830867
93.00000000,1909.00000000,0.08831563
93.00000000,1910.00000000,0.08832259
93.00000000,1911.00000000,0.08832669
93.00000000,1912.00000000,0.08833019
93.00000000,1913.00000000,0.08833265
93.00000000,1914.00000000,0.08833413
93.00000000,1915.00000000,0.08833781
93.00000000,1916.00000000,0.08834153
93.00000000,1917.00000000,0.08834252
93.00000000,1918.00000000,0.08834611
93.00000000,1919.00000000,0.08834707
93.00000000,1920.00000000,0.08835141
93.00000000,1921.00000000,0.08835389
93.00000000,1922.00000000,0.08835739
93.00000000,1923.00000000,0.08837803
93.00000000,1924.00000000,0.08837992
93.00000000,1925.00000000,0.08838441
93.00000000,1926.00000000,0.08839151
93.00000000,1927.00000000,0.08839599
93.00000000,1928.00000000,0.08840333
93.00000000,1929.00000000,0.08841873
93.00000000,1930.00000000,0.08842359
93.00000000,1931.00000000,0.08843229
93.00000000,1932.00000000,0.08844260
93.00000000,1933.00000000,0.08845645
93.00000000,1934.00000000,0.08846843
93.00000000,1935.00000000,0.08848314
93.00000000,1936.00000000,0.08849456
93.00000000,1937.00000000,0.08850773
93.00000000,1938.00000000,0.08852490
93.00000000,1939.00000000,0.08853031
93.00000000,1940.00000000,0.08854311
93.00000000,1941.00000000,0.08854951
93.00000000,1942.00000000,0.08856010
93.00000000,1943.00000000,0.08857273
93.00000000,1944.00000000,0.08857408
93.00000000,1945.00000000,0.08858357
93.00000000,1946.00000000,0.08859157
93.00000000,1947.00000000,0.08862306
93.00000000,1948.00000000,0.08863390
93.00000000,1949.00000000,0.08865293
93.00000000,1950.00000000,0.08866097
93.00000000,1951.00000000,0.08866890
93.00000000,1952.00000000,0.08868839
93.00000000,1953.00000000,0.08871617
93.00000000,1954.00000000,0.08873309
93.00000000,1955.00000000,0.08874481
93.00000000,1956.00000000,0.08877006
93.00000000,1957.00000000,0.08879780
93.00000000,1958.00000000,0.08882244
93.00000000,1959.00000000,0.08883579
93.00000000,1960.00000000,0.08886126
93.00000000,1961.00000000,0.08887640
93.00000000,1962.00000000,0.08889619
93.00000000,1963.00000000,0.08890996
93.00000000,1964.00000000,0.08893364
93.00000000,1965.00000000,0.08897775
93.00000000,1966.00000000,0.08900429
93.00000000,1967.00000000,0.08897264
93.00000000,1968.00000000,0.08900421
93.00000000,1969.00000000,0.08900362
93.00000000,1970.00000000,0.08900039
93.00000000,1971.00000000,0.08898932
93.00000000,1972.00000000,0.08900730
93.00000000,1973.00000000,0.08905371
93.00000000,1974.00000000,0.08904560
93.00000000,1975.00000000,0.08905160
93.00000000,1976.00000000,0.08906523
93.00000000,1977.00000000,0.08904416
93.00000000,1978.00000000,0.08902033
93.00000000,1979.00000000,0.08900169
93.00000000,1980.00000000,0.08900925
93.00000000,1981.00000000,0.08906520
93.00000000,1982.00000000,0.08903769
93.00000000,1983.00000000,0.08909305
93.00000000,1984.00000000,0.08911855
93.00000000,1985.00000000,0.08911043
93.00000000,1986.00000000,0.08908861
93.00000000,1987.00000000,0.08911372
93.00000000,1988.00000000,0.08916625
93.00000000,1989.00000000,0.08919201
93.00000000,1990.00000000,0.08923893
93.00000000,1991.00000000,0.08929679
93.00000000,1992.00000000,0.08940113
93.00000000,1993.00000000,0.08946649
93.00000000,1994.00000000,0.08950957
93.00000000,1995.00000000,0.08954347
93.00000000,1996.00000000,0.08967698
93.00000000,1997.00000000,0.08969264
93.00000000,1998.00000000,0.08979336
93.00000000,1999.00000000,0.08990763
93.00000000,2000.00000000,0.09011028
93.00000000,2001.00000000,0.09001632
93.00000000,2002.00000000,0.09010593
93.00000000,2003.00000000,0.09019271
93.00000000,2004.00000000,0.09023272
93.00000000,2005.00000000,0.09033876
93.00000000,2006.00000000,0.09049586
93.00000000,2007.00000000,0.09022984
93.00000000,2008.00000000,0.09017559
93.00000000,2009.00000000,0.09031746
93.00000000,2010.00000000,0.09043209
93.00000000,2011.00000000,0.09034936
93.00000000,2012.00000000,0.08996893
93.00000000,2013.00000000,0.09026583
93.00000000,2014.00000000,0.08988285
93.00000000,2015.00000000,0.08995112
93.00000000,2016.00000000,0.09023673
93.00000000,2017.00000000,0.09016994
93.00000000,2018.00000000,0.09015107
93.00000000,2019.00000000,0.09011933
93.00000000,2020.00000000,0.09027307
93.00000000,2021.00000000,0.09022399
93.00000000,2022.00000000,0.09037590
93.00000000,2023.00000000,0.09007286
93.00000000,2024.00000000,0.08971344
93.00000000,2025.00000000,0.08940591
93.00000000,2026.00000000,0.08946342
93.00000000,2027.00000000,0.08960989
93.00000000,2028.00000000,0.08968790
93.00000000,2029.00000000,0.08989421
93.00000000,2030.00000000,0.09003730
93.00000000,2031.00000000,0.08979868
93.00000000,2032.00000000,0.08986578
93.00000000,2033.00000000,0.09008099
93.00000000,2034.00000000,0.09010775
93.00000000,2035.00000000,0.09006357
93.00000000,2036.00000000,0.09012534
93.00000000,2037.00000000,0.09003838
93.00000000,2038.00000000,0.08939383
93.00000000,2039.00000000,0.08953032
93.00000000,2040.00000000,0.08986361
93.00000000,2041.00000000,0.08999770
93.00000000,2042.00000000,0.08980398
93.00000000,2043.00000000,0.09028359
93.00000000,2044.00000000,0.09057422
93.00000000,2045.00000000,0.09058096
93.00000000,2046.00000000,0.09063064
93.00000000,2047.00000000,0.09062583
93.00000000,2048.00000000,0.09101504
93.00000000,2049.00000000,0.09129284
93.00000000,2050.00000000,0.09145955
93.00000000,2051.00000000,0.09154357
93.00000000,2052.00000000,0.09181004
93.00000000,2053.00000000,0.09203210
93.00000000,2054.00000000,0.09200459
93.00000000,2055.00000000,0.09220270
93.00000000,2056.00000000,0.09250678
93.00000000,2057.00000000,0.09284055
93.00000000,2058.00000000,0.09311546
93.00000000,2059.00000000,0.09344777
93.00000000,2060.00000000,0.09364339
93.00000000,2061.00000000,0.09401699
93.00000000,2062.00000000,0.09447820
93.00000000,2063.00000000,0.09509972
93.00000000,2064.00000000,0.09541858
93.00000000,2065.00000000,0.09577097
93.00000000,2066.00000000,0.09629387
93.00000000,2067.00000000,0.09625249
93.00000000,2068.00000000,0.09611895
93.00000000,2069.00000000,0.09672467
93.00000000,2070.00000000,0.09702863
93.00000000,2071.00000000,0.09716049
93.00000000,2072.00000000,0.09780281
93.00000000,2073.00000000,0.09761497
93.00000000,2074.00000000,0.09716217
93.00000000,2075.00000000,0.09701635
93.00000000,2076.00000000,0.09693368
93.00000000,2077.00000000,0.09733821
93.00000000,2078.00000000,0.09768176
93.00000000,2079.00000000,0.09805749
93.00000000,2080.00000000,0.09837941
93.00000000,2081.00000000,0.09886962
93.00000000,2082.00000000,0.09915219
93.00000000,2083.00000000,0.09926674
93.00000000,2084.00000000,0.09947164
93.00000000,2085.00000000,0.09917377
93.00000000,2086.00000000,0.09917820
93.00000000,2087.00000000,0.09945762
93.00000000,2088.00000000,0.09976906
93.00000000,2089.00000000,0.10010262
93.00000000,2090.00000000,0.10036882
93.00000000,2091.00000000,0.10029965
93.00000000,2092.00000000,0.10026341
93.00000000,2093.00000000,0.10067774
93.00000000,2094.00000000,0.10108393
93.00000000,2095.00000000,0.10123506
93.00000000,2096.00000000,0.10207397
93.00000000,2097.00000000,0.10303423
93.00000000,2098.00000000,0.10378913
93.00000000,2099.00000000,0.10428638
93.00000000,2100.00000000,0.10478764
93.00000000,2101.00000000,0.10529297
93.00000000,2102.00000000,0.10580197
93.00000000,2103.00000000,0.10631483
93.00000000,2104.00000000,0.10699973
93.00000000,2105.00000000,0.10768861
93.00000000,2106.00000000,0.10838149
93.00000000,2107.00000000,0.10907822
93.00000000,2108.00000000,0.10977862
93.00000000,2109.00000000,0.11048266
93.00000000,2110.00000000,0.11119014
93.00000000,2111.00000000,0.11190087
93.00000000,2112.00000000,0.11261483
93.00000000,2113.00000000,0.11333182
93.00000000,2114.00000000,0.11397762
93.00000000,2115.00000000,0.11462628
93.00000000,2116.00000000,0.11527759
93.00000000,2117.00000000,0.11593163
93.00000000,2118.00000000,0.11658827
93.00000000,2119.00000000,0.11724744
93.00000000,2120.00000000,0.11790912
93.00000000,2121.00000000,0.11857334
93.00000000,2122.00000000,0.11923999
93.00000000,2123.00000000,0.11990917
93.00000000,2124.00000000,0.12073463
93.00000000,2125.00000000,0.12156244
93.00000000,2126.00000000,0.12239268
93.00000000,2127.00000000,0.12322520
93.00000000,2128.00000000,0.12405989
93.00000000,2129.00000000,0.12489675
93.00000000,2130.00000000,0.12573558
93.00000000,2131.00000000,0.12657646
93.00000000,2132.00000000,0.12741925
93.00000000,2133.00000000,0.12826385
93.00000000,2134.00000000,0.12922224
93.00000000,2135.00000000,0.13018239
93.00000000,2136.00000000,0.13114409
93.00000000,2137.00000000,0.13210731
93.00000000,2138.00000000,0.13307189
93.00000000,2139.00000000,0.13403761
93.00000000,2140.00000000,0.13500453
93.00000000,2141.00000000,0.13597241
93.00000000,2142.00000000,0.13694121
93.00000000,2143.00000000,0.13791076
93.00000000,2144.00000000,0.13887451
93.00000000,2145.00000000,0.13983887
93.00000000,2146.00000000,0.14080363
93.00000000,2147.00000000,0.14176857
93.00000000,2148.00000000,0.14273370
93.00000000,2149.00000000,0.14369883
93.00000000,2150.00000000,0.14466369
93.00000000,2151.00000000,0.14562919
93.00000000,2152.00000000,0.14659724
93.00000000,2153.00000000,0.14756980
93.00000000,2154.00000000,0.14830330
93.00000000,2155.00000000,0.14904259
93.00000000,2156.00000000,0.14978791
93.00000000,2157.00000000,0.15053918
93.00000000,2158.00000000,0.15129615
93.00000000,2159.00000000,0.15205884
93.00000000,2160.00000000,0.15282693
93.00000000,2161.00000000,0.15360013
93.00000000,2162.00000000,0.15437831
93.00000000,2163.00000000,0.15516115
93.00000000,2164.00000000,0.15572723
93.00000000,2165.00000000,0.15629736
93.00000000,2166.00000000,0.15687117
93.00000000,2167.00000000,0.15744863
93.00000000,2168.00000000,0.15802954
93.00000000,2169.00000000,0.15861370
93.00000000,2170.00000000,0.15920106
93.00000000,2171.00000000,0.15979142
93.00000000,2172.00000000,0.16038458
93.00000000,2173.00000000,0.16098053
93.00000000,2174.00000000,0.16145505
93.00000000,2175.00000000,0.16193176
93.00000000,2176.00000000,0.16241066
93.00000000,2177.00000000,0.16289157
93.00000000,2178.00000000,0.16337450
93.00000000,2179.00000000,0.16385933
93.00000000,2180.00000000,0.16434585
93.00000000,2181.00000000,0.16483420
93.00000000,2182.00000000,0.16532424
93.00000000,2183.00000000,0.16581567
93.00000000,2184.00000000,0.16618000
93.00000000,2185.00000000,0.16654546
93.00000000,2186.00000000,0.16691192
93.00000000,2187.00000000,0.16727949
93.00000000,2188.00000000,0.16764805
93.00000000,2189.00000000,0.16801750
93.00000000,2190.00000000,0.16838794
93.00000000,2191.00000000,0.16875920
93.00000000,2192.00000000,0.16913135
93.00000000,2193.00000000,0.16950428
93.00000000,2194.00000000,0.16977842
93.00000000,2195.00000000,0.17005310
93.00000000,2196.00000000,0.17032831
93.00000000,2197.00000000,0.17060383
93.00000000,2198.00000000,0.17087990
93.00000000,2199.00000000,0.17115636
93.00000000,2200.00000000,0.17143320
93.00000000,2201.00000000,0.17171045
93.00000000,2202.00000000,0.17198802
93.00000000,2203.00000000,0.17226599
93.00000000,2204.00000000,0.17254430
93.00000000,2205.00000000,0.17282290
93.00000000,2206.00000000,0.17310187
93.00000000,2207.00000000,0.17338113
93.00000000,2208.00000000,0.17366062
93.00000000,2209.00000000,0.17394045
93.00000000,2210.00000000,0.17422052
93.00000000,2211.00000000,0.17450078
93.00000000,2212.00000000,0.17478135
93.00000000,2213.00000000,0.17506214
93.00000000,2214.00000000,0.17534310
93.00000000,2215.00000000,0.17562431
93.00000000,2216.00000000,0.17590565
93.00000000,2217.00000000,0.17618722
93.00000000,2218.00000000,0.17646898
93.00000000,2219.00000000,0.17675081
93.00000000,2220.00000000,0.17703286
93.00000000,2221.00000000,0.17731502
93.00000000,2222.00000000,0.17759726
93.00000000,2223.00000000,0.17787965
93.00000000,2224.00000000,0.17816212
93.00000000,2225.00000000,0.17844463
93.00000000,2226.00000000,0.17872723
93.00000000,2227.00000000,0.17900982
93.00000000,2228.00000000,0.17929248
93.00000000,2229.00000000,0.17957519
93.00000000,2230.00000000,0.17985779
93.00000000,2231.00000000,0.18014046
93.00000000,2232.00000000,0.18042307
93.00000000,2233.00000000,0.18070556
93.00000000,2234.00000000,0.18098802
93.00000000,2235.00000000,0.18127038
93.00000000,2236.00000000,0.18155257
93.00000000,2237.00000000,0.18183468
93.00000000,2238.00000000,0.18211656
93.00000000,2239.00000000,0.18239830
93.00000000,2240.00000000,0.18267983
93.00000000,2241.00000000,0.18296100
93.00000000,2242.00000000,0.18324190
93.00000000,2243.00000000,0.18352232
93.00000000,2244.00000000,0.18309394
93.00000000,2245.00000000,0.18266319
93.00000000,2246.00000000,0.18223010
93.00000000,2247.00000000,0.18179467
93.00000000,2248.00000000,0.18135704
93.00000000,2249.00000000,0.18091703
93.00000000,2250.00000000,0.18047342
93.00000000,2251.00000000,0.18002409
93.00000000,2252.00000000,0.17956689
93.00000000,2253.00000000,0.17910083
93.00000000,2254.00000000,0.17862549
93.00000000,2255.00000000,0.17814081
93.00000000,2256.00000000,0.17764696
93.00000000,2257.00000000,0.17714402
93.00000000,2258.00000000,0.17663216
93.00000000,2259.00000000,0.17611166
93.00000000,2260.00000000,0.17558277
93.00000000,2261.00000000,0.17504571
93.00000000,2262.00000000,0.17450100
93.00000000,2263.00000000,0.17394887
93.00000000,2264.00000000,0.17338974
93.00000000,2265.00000000,0.17282383
93.00000000,2266.00000000,0.17225128
93.00000000,2267.00000000,0.17167246
93.00000000,2268.00000000,0.17108749
93.00000000,2269.00000000,0.17049654
93.00000000,2270.00000000,0.16989989
93.00000000,2271.00000000,0.16929766
93.00000000,2272.00000000,0.16869002
93.00000000,2273.00000000,0.16807721
93.00000000,2274.00000000,0.16745934
93.00000000,2275.00000000,0.16683656
93.00000000,2276.00000000,0.16620908
93.00000000,2277.00000000,0.16557701
93.00000000,2278.00000000,0.16494058
93.00000000,2279.00000000,0.16429987
93.00000000,2280.00000000,0.16365500
93.00000000,2281.00000000,0.16300619
93.00000000,2282.00000000,0.16235349
93.00000000,2283.00000000,0.16169703
93.00000000,2284.00000000,0.16103701
93.00000000,2285.00000000,0.16037348
93.00000000,2286.00000000,0.15970654
93.00000000,2287.00000000,0.15903639
93.00000000,2288.00000000,0.15836303
93.00000000,2289.00000000,0.15768664
93.00000000,2290.00000000,0.15700732
93.00000000,2291.00000000,0.15632511
93.00000000,2292.00000000,0.15564018
93.00000000,2293.00000000,0.15495258
93.00000000,2294.00000000,0.15426237
93.00000000,2295.00000000,0.15356973
93.00000000,2296.00000000,0.15287467
93.00000000,2297.00000000,0.15217727
93.00000000,2298.00000000,0.15147768
93.00000000,2299.00000000,0.15077594
93.00000000,2300.00000000,0.15007207
93.00000000,2301.00000000,0.14936623
93.00000000,2302.00000000,0.14865840
93.00000000,2303.00000000,0.14794871
93.00000000,2304.00000000,0.14723721
93.00000000,2305.00000000,0.14652391
93.00000000,2306.00000000,0.14580896
93.00000000,2307.00000000,0.14509236
93.00000000,2308.00000000,0.14437417
93.00000000,2309.00000000,0.14365449
93.00000000,2310.00000000,0.14293337
93.00000000,2311.00000000,0.14221082
93.00000000,2312.00000000,0.14148697
93.00000000,2313.00000000,0.14076179
93.00000000,2314.00000000,0.14003543
93.00000000,2315.00000000,0.13930790
93.00000000,2316.00000000,0.13857919
93.00000000,2317.00000000,0.13784945
93.00000000,2318.00000000,0.13711866
93.00000000,2319.00000000,0.13638688
93.00000000,2320.00000000,0.13565418
93.00000000,2321.00000000,0.13492060
93.00000000,2322.00000000,0.13418613
93.00000000,2323.00000000,0.13345090
93.00000000,2324.00000000,0.13271486
93.00000000,2325.00000000,0.13197815
93.00000000,2326.00000000,0.13124075
93.00000000,2327.00000000,0.13050267
93.00000000,2328.00000000,0.12976403
93.00000000,2329.00000000,0.12902482
93.00000000,2330.00000000,0.12828505
93.00000000,2331.00000000,0.12754482
93.00000000,2332.00000000,0.12680414
93.00000000,2333.00000000,0.12606299
93.00000000,2334.00000000,0.12532149
93.00000000,2335.00000000,0.12457964
93.00000000,2336.00000000,0.12383743
93.00000000,2337.00000000,0.12309498
93.00000000,2338.00000000,0.12235225
93.00000000,2339.00000000,0.12160937
93.00000000,2340.00000000,0.12086634
93.00000000,2341.00000000,0.12012321
93.00000000,2342.00000000,0.11953730
93.00000000,2343.00000000,0.11941424
93.00000000,2344.00000000,0.11941783
93.00000000,2345.00000000,0.11942169
93.00000000,2346.00000000,0.11942577
93.00000000,2347.00000000,0.11943004
93.00000000,2348.00000000,0.11943456
93.00000000,2349.00000000,0.11945910
93.00000000,2350.00000000,0.11948387
93.00000000,2351.00000000,0.11950885
93.00000000,2352.00000000,0.11953400
93.00000000,2353.00000000,0.11955936
93.00000000,2354.00000000,0.11954571
93.00000000,2355.00000000,0.11953221
93.00000000,2356.00000000,0.11951889
93.00000000,2357.00000000,0.11950574
93.00000000,2358.00000000,0.11949273
93.00000000,2359.00000000,0.11947989
93.00000000,2360.00000000,0.11946723
93.00000000,2361.00000000,0.11945465
93.00000000,2362.00000000,0.11944227
93.00000000,2363.00000000,0.11942998
93.00000000,2364.00000000,0.11941788
93.00000000,2365.00000000,0.11940591
93.00000000,2366.00000000,0.11939403
93.00000000,2367.00000000,0.11938231
93.00000000,2368.00000000,0.11937073
93.00000000,2369.00000000,0.11935752
93.00000000,2370.00000000,0.11934448
93.00000000,2371.00000000,0.11933154
93.00000000,2372.00000000,0.11931869
93.00000000,2373.00000000,0.11930598
93.00000000,2374.00000000,0.11929333
93.00000000,2375.00000000,0.11928084
93.00000000,2376.00000000,0.11926845
93.00000000,2377.00000000,0.11925610
93.00000000,2378.00000000,0.11924390
93.00000000,2379.00000000,0.11923180
93.00000000,2380.00000000,0.11921974
93.00000000,2381.00000000,0.11920781
93.00000000,2382.00000000,0.11919598
93.00000000,2383.00000000,0.11918419
93.00000000,2384.00000000,0.11917253
93.00000000,2385.00000000,0.11916090
93.00000000,2386.00000000,0.11914939
93.00000000,2387.00000000,0.11913796
93.00000000,2388.00000000,0.11912656
93.00000000,2389.00000000,0.11911529
93.00000000,2390.00000000,0.11910409
93.00000000,2391.00000000,0.11909291
93.00000000,2392.00000000,0.11908185
93.00000000,2393.00000000,0.11907085
93.00000000,2394.00000000,0.11906365
93.00000000,2395.00000000,0.11905656
93.00000000,2396.00000000,0.11904954
93.00000000,2397.00000000,0.11904253
93.00000000,2398.00000000,0.11903563
93.00000000,2399.00000000,0.11902874
93.00000000,2400.00000000,0.11902195
93.00000000,2401.00000000,0.11901522
93.00000000,2402.00000000,0.11900852
93.00000000,2403.00000000,0.11900191
93.00000000,2404.00000000,0.11899536
93.00000000,2405.00000000,0.11898883
93.00000000,2406.00000000,0.11898239
93.00000000,2407.00000000,0.11897601
93.00000000,2408.00000000,0.11896965
93.00000000,2409.00000000,0.11896338
93.00000000,2410.00000000,0.11895712
93.00000000,2411.00000000,0.11895095
93.00000000,2412.00000000,0.11894484
93.00000000,2413.00000000,0.11893871
93.00000000,2414.00000000,0.11893270
93.00000000,2415.00000000,0.11892673
93.00000000,2416.00000000,0.11892073
93.00000000,2417.00000000,0.11891485
93.00000000,2418.00000000,0.11890901
93.00000000,2419.00000000,0.11890315
93.00000000,2420.00000000,0.11889737
93.00000000,2421.00000000,0.11889164
93.00000000,2422.00000000,0.11888590
93.00000000,2423.00000000,0.11888024
93.00000000,2424.00000000,0.11887457
93.00000000,2425.00000000,0.11886898
93.00000000,2426.00000000,0.11886343
93.00000000,2427.00000000,0.11885785
93.00000000,2428.00000000,0.11885235
93.00000000,2429.00000000,0.11884689
93.00000000,2430.00000000,0.11884141
93.00000000,2431.00000000,0.11883600
93.00000000,2432.00000000,0.11883062
93.00000000,2433.00000000,0.11882521
93.00000000,2434.00000000,0.11881989
93.00000000,2435.00000000,0.11881453
93.00000000,2436.00000000,0.11880926
93.00000000,2437.00000000,0.11880400
93.00000000,2438.00000000,0.11879872
93.00000000,2439.00000000,0.11879350
93.00000000,2440.00000000,0.11878832
93.00000000,2441.00000000,0.11878310
93.00000000,2442.00000000,0.11877795
93.00000000,2443.00000000,0.11877281
93.00000000,2444.00000000,0.11876657
93.00000000,2445.00000000,0.11876040
93.00000000,2446.00000000,0.11875425
93.00000000,2447.00000000,0.11874805
93.00000000,2448.00000000,0.11874193
93.00000000,2449.00000000,0.11873577
93.00000000,2450.00000000,0.11872968
93.00000000,2451.00000000,0.11872359
93.00000000,2452.00000000,0.11871747
93.00000000,2453.00000000,0.11871140
93.00000000,2454.00000000,0.11870535
93.00000000,2455.00000000,0.11869924
93.00000000,2456.00000000,0.11869321
93.00000000,2457.00000000,0.11868717
93.00000000,2458.00000000,0.11868108
93.00000000,2459.00000000,0.11867506
93.00000000,2460.00000000,0.11866897
93.00000000,2461.00000000,0.11866296
93.00000000,2462.00000000,0.11865695
93.00000000,2463.00000000,0.11865087
93.00000000,2464.00000000,0.11864488
93.00000000,2465.00000000,0.11863888
93.00000000,2466.00000000,0.11863282
93.00000000,2467.00000000,0.11862682
93.00000000,2468.00000000,0.11862082
93.00000000,2469.00000000,0.11861477
93.00000000,2470.00000000,0.11860879
93.00000000,2471.00000000,0.11860273
93.00000000,2472.00000000,0.11859675
93.00000000,2473.00000000,0.11859077
93.00000000,2474.00000000,0.11858472
93.00000000,2475.00000000,0.11857874
93.00000000,2476.00000000,0.11857276
93.00000000,2477.00000000,0.11856671
93.00000000,2478.00000000,0.11856074
93.00000000,2479.00000000,0.11855476
93.00000000,2480.00000000,0.11854872
93.00000000,2481.00000000,0.11854273
93.00000000,2482.00000000,0.11853676
93.00000000,2483.00000000,0.11853071
93.00000000,2484.00000000,0.11852473
93.00000000,2485.00000000,0.11851868
93.00000000,2486.00000000,0.11851270
93.00000000,2487.00000000,0.11850672
93.00000000,2488.00000000,0.11850066
93.00000000,2489.00000000,0.11849467
93.00000000,2490.00000000,0.11848869
93.00000000,2491.00000000,0.11848263
93.00000000,2492.00000000,0.11847663
93.00000000,2493.00000000,0.11847063
93.00000000,2494.00000000,0.11846343
93.00000000,2495.00000000,0.11845629
93.00000000,2496.00000000,0.11844907
93.00000000,2497.00000000,0.11844193
93.00000000,2498.00000000,0.11843478
93.00000000,2499.00000000,0.11842755
93.00000000,2500.00000000,0.11842040
94.00000000,1765.00000000,0.08710187
94.00000000,1766.00000000,0.08710198
94.00000000,1767.00000000,0.08710194
94.00000000,1768.00000000,0.08710220
94.00000000,1769.00000000,0.08710247
94.00000000,1770.00000000,0.08710299
94.00000000,1771.00000000,0.08710351
94.00000000,1772.00000000,0.08710423
94.00000000,1773.00000000,0.08710525
94.00000000,1774.00000000,0.08710629
94.00000000,1775.00000000,0.08710749
94.00000000,1776.00000000,0.08710885
94.00000000,1777.00000000,0.08711049
94.00000000,1778.00000000,0.08711216
94.00000000,1779.00000000,0.08711401
94.00000000,1780.00000000,0.08711601
94.00000000,1781.00000000,0.08711825
94.00000000,1782.00000000,0.08712053
94.00000000,1783.00000000,0.08712292
94.00000000,1784.00000000,0.08712549
94.00000000,1785.00000000,0.08712815
94.00000000,1786.00000000,0.08713090
94.00000000,1787.00000000,0.08713375
94.00000000,1788.00000000,0.08713674
94.00000000,1789.00000000,0.08713985
94.00000000,1790.00000000,0.08714302
94.00000000,1791.00000000,0.08714629
94.00000000,1792.00000000,0.08714964
94.00000000,1793.00000000,0.08715303
94.00000000,1794.00000000,0.08715650
94.00000000,1795.00000000,0.08716017
94.00000000,1796.00000000,0.08716381
94.00000000,1797.00000000,0.08716746
94.00000000,1798.00000000,0.08717138
94.00000000,1799.00000000,0.08717507
94.00000000,1800.00000000,0.08717897
94.00000000,1801.00000000,0.08718297
94.00000000,1802.00000000,0.08718697
94.00000000,1803.00000000,0.08719081
94.00000000,1804.00000000,0.08719494
94.00000000,1805.00000000,0.08719900
94.00000000,1806.00000000,0.08720313
94.00000000,1807.00000000,0.08720735
94.00000000,1808.00000000,0.08721148
94.00000000,1809.00000000,0.08721569
94.00000000,1810.00000000,0.08721995
94.00000000,1811.00000000,0.08722429
94.00000000,1812.00000000,0.08722853
94.00000000,1813.00000000,0.08723287
94.00000000,1814.00000000,0.08723727
94.00000000,1815.00000000,0.08724166
94.00000000,1816.00000000,0.08724610
94.00000000,1817.00000000,0.08725048
94.00000000,1818.00000000,0.08725490
94.00000000,1819.00000000,0.08725931
94.00000000,1820.00000000,0.08726378
94.00000000,1821.00000000,0.08726822
94.00000000,1822.00000000,0.08727272
94.00000000,1823.00000000,0.08727717
94.00000000,1824.00000000,0.08728169
94.00000000,1825.00000000,0.08728619
94.00000000,1826.00000000,0.08729068
94.00000000,1827.00000000,0.08729521
94.00000000,1828.00000000,0.08729968
94.00000000,1829.00000000,0.08730422
94.00000000,1830.00000000,0.08730880
94.00000000,1831.00000000,0.08731324
94.00000000,1832.00000000,0.08731778
94.00000000,1833.00000000,0.08732231
94.00000000,1834.00000000,0.08732676
94.00000000,1835.00000000,0.08733130
94.00000000,1836.00000000,0.08733576
94.00000000,1837.00000000,0.08734030
94.00000000,1838.00000000,0.08734479
94.00000000,1839.00000000,0.08734926
94.00000000,1840.00000000,0.08735378
94.00000000,1841.00000000,0.08735826
94.00000000,1842.00000000,0.08736277
94.00000000,1843.00000000,0.08736729
94.00000000,1844.00000000,0.08737178
94.00000000,1845.00000000,0.08737628
94.00000000,1846.00000000,0.08738085
94.00000000,1847.00000000,0.08738536
94.00000000,1848.00000000,0.08738989
94.00000000,1849.00000000,0.08739443
94.00000000,1850.00000000,0.08739898
94.00000000,1851.00000000,0.08740354
94.00000000,1852.00000000,0.08740806
94.00000000,1853.00000000,0.08741305
94.00000000,1854.00000000,0.08741829
94.00000000,1855.00000000,0.08742355
94.00000000,1856.00000000,0.08742875
94.00000000,1857.00000000,0.08743397
94.00000000,1858.00000000,0.08743918
94.00000000,1859.00000000,0.08744443
94.00000000,1860.00000000,0.08745776
94.00000000,1861.00000000,0.08746308
94.00000000,1862.00000000,0.08746833
94.00000000,1863.00000000,0.08747301
94.00000000,1864.00000000,0.08747720
94.00000000,1865.00000000,0.08748377
94.00000000,1866.00000000,0.08748729
94.00000000,1867.00000000,0.08749067
94.00000000,1868.00000000,0.08749378
94.00000000,1869.00000000,0.08749674
94.00000000,1870.00000000,0.08749951
94.00000000,1871.00000000,0.08750223
94.00000000,1872.00000000,0.08750511
94.00000000,1873.00000000,0.08750885
94.00000000,1874.00000000,0.08751336
94.00000000,1875.00000000,0.08752093
94.00000000,1876.00000000,0.08752622
94.00000000,1877.00000000,0.08753179
94.00000000,1878.00000000,0.08753769
94.00000000,1879.00000000,0.08754368
94.00000000,1880.00000000,0.08754993
94.00000000,1881.00000000,0.08755621
94.00000000,1882.00000000,0.08756256
94.00000000,1883.00000000,0.08756843
94.00000000,1884.00000000,0.08757395
94.00000000,1885.00000000,0.08758201
94.00000000,1886.00000000,0.08758715
94.00000000,1887.00000000,0.08759223
94.00000000,1888.00000000,0.08759712
94.00000000,1889.00000000,0.08760182
94.00000000,1890.00000000,0.08760612
94.00000000,1891.00000000,0.08761287
94.00000000,1892.00000000,0.08761663
94.00000000,1893.00000000,0.08762031
94.00000000,1894.00000000,0.08762667
94.00000000,1895.00000000,0.08763060
94.00000000,1896.00000000,0.08763987
94.00000000,1897.00000000,0.08764111
94.00000000,1898.00000000,0.08764494
94.00000000,1899.00000000,0.08764859
94.00000000,1900.00000000,0.08765465
94.00000000,1901.00000000,0.08765768
94.00000000,1902.00000000,0.08766097
94.00000000,1903.00000000,0.08766435
94.00000000,1904.00000000,0.08766790
94.00000000,1905.00000000,0.08767444
94.00000000,1906.00000000,0.08767854
94.00000000,1907.00000000,0.08768282
94.00000000,1908.00000000,0.08768703
94.00000000,1909.00000000,0.08769387
94.00000000,1910.00000000,0.08770077
94.00000000,1911.00000000,0.08770755
94.00000000,1912.00000000,0.08771090
94.00000000,1913.00000000,0.08771333
94.00000000,1914.00000000,0.08771476
94.00000000,1915.00000000,0.08771568
94.00000000,1916.00000000,0.08771934
94.00000000,1917.00000000,0.08772295
94.00000000,1918.00000000,0.08772378
94.00000000,1919.00000000,0.08772737
94.00000000,1920.00000000,0.08772897
94.00000000,1921.00000000,0.08773402
94.00000000,1922.00000000,0.08773749
94.00000000,1923.00000000,0.08774177
94.00000000,1924.00000000,0.08776238
94.00000000,1925.00000000,0.08776413
94.00000000,1926.00000000,0.08776843
94.00000000,1927.00000000,0.08777550
94.00000000,1928.00000000,0.08778005
94.00000000,1929.00000000,0.08778720
94.00000000,1930.00000000,0.08780271
94.00000000,1931.00000000,0.08780863
94.00000000,1932.00000000,0.08781878
94.00000000,1933.00000000,0.08782982
94.00000000,1934.00000000,0.08784427
94.00000000,1935.00000000,0.08785612
94.00000000,1936.00000000,0.08787007
94.00000000,1937.00000000,0.08788037
94.00000000,1938.00000000,0.08789195
94.00000000,1939.00000000,0.08790802
94.00000000,1940.00000000,0.08791255
94.00000000,1941.00000000,0.08792415
94.00000000,1942.00000000,0.08792924
94.00000000,1943.00000000,0.08793893
94.00000000,1944.00000000,0.08795090
94.00000000,1945.00000000,0.08795210
94.00000000,1946.00000000,0.08796262
94.00000000,1947.00000000,0.08797243
94.00000000,1948.00000000,0.08800458
94.00000000,1949.00000000,0.08801539
94.00000000,1950.00000000,0.08803409
94.00000000,1951.00000000,0.08804187
94.00000000,1952.00000000,0.08805044
94.00000000,1953.00000000,0.08807001
94.00000000,1954.00000000,0.08809749
94.00000000,1955.00000000,0.08811451
94.00000000,1956.00000000,0.08812614
94.00000000,1957.00000000,0.08815080
94.00000000,1958.00000000,0.08817781
94.00000000,1959.00000000,0.08820156
94.00000000,1960.00000000,0.08821263
94.00000000,1961.00000000,0.08823599
94.00000000,1962.00000000,0.08824994
94.00000000,1963.00000000,0.08826862
94.00000000,1964.00000000,0.08828104
94.00000000,1965.00000000,0.08830295
94.00000000,1966.00000000,0.08834513
94.00000000,1967.00000000,0.08836993
94.00000000,1968.00000000,0.08833675
94.00000000,1969.00000000,0.08836560
94.00000000,1970.00000000,0.08836218
94.00000000,1971.00000000,0.08835516
94.00000000,1972.00000000,0.08833936
94.00000000,1973.00000000,0.08835314
94.00000000,1974.00000000,0.08839583
94.00000000,1975.00000000,0.08838571
94.00000000,1976.00000000,0.08839110
94.00000000,1977.00000000,0.08840472
94.00000000,1978.00000000,0.08838356
94.00000000,1979.00000000,0.08835947
94.00000000,1980.00000000,0.08834008
94.00000000,1981.00000000,0.08834737
94.00000000,1982.00000000,0.08840512
94.00000000,1983.00000000,0.08838255
94.00000000,1984.00000000,0.08844222
94.00000000,1985.00000000,0.08847107
94.00000000,1986.00000000,0.08846513
94.00000000,1987.00000000,0.08844436
94.00000000,1988.00000000,0.08846948
94.00000000,1989.00000000,0.08852130
94.00000000,1990.00000000,0.08854616
94.00000000,1991.00000000,0.08859245
94.00000000,1992.00000000,0.08865045
94.00000000,1993.00000000,0.08875468
94.00000000,1994.00000000,0.08882094
94.00000000,1995.00000000,0.08886467
94.00000000,1996.00000000,0.08889855
94.00000000,1997.00000000,0.08903059
94.00000000,1998.00000000,0.08904526
94.00000000,1999.00000000,0.08914516
94.00000000,2000.00000000,0.08925882
94.00000000,2001.00000000,0.08945982
94.00000000,2002.00000000,0.08936585
94.00000000,2003.00000000,0.08945482
94.00000000,2004.00000000,0.08953966
94.00000000,2005.00000000,0.08957618
94.00000000,2006.00000000,0.08967681
94.00000000,2007.00000000,0.08982816
94.00000000,2008.00000000,0.08955976
94.00000000,2009.00000000,0.08950204
94.00000000,2010.00000000,0.08963953
94.00000000,2011.00000000,0.08975015
94.00000000,2012.00000000,0.08966487
94.00000000,2013.00000000,0.08928393
94.00000000,2014.00000000,0.08957542
94.00000000,2015.00000000,0.08919196
94.00000000,2016.00000000,0.08925660
94.00000000,2017.00000000,0.08953706
94.00000000,2018.00000000,0.08946786
94.00000000,2019.00000000,0.08944635
94.00000000,2020.00000000,0.08941221
94.00000000,2021.00000000,0.08956236
94.00000000,2022.00000000,0.08951143
94.00000000,2023.00000000,0.08966029
94.00000000,2024.00000000,0.08935784
94.00000000,2025.00000000,0.08899962
94.00000000,2026.00000000,0.08869306
94.00000000,2027.00000000,0.08874895
94.00000000,2028.00000000,0.08889320
94.00000000,2029.00000000,0.08896958
94.00000000,2030.00000000,0.08917337
94.00000000,2031.00000000,0.08931436
94.00000000,2032.00000000,0.08907641
94.00000000,2033.00000000,0.08914157
94.00000000,2034.00000000,0.08935347
94.00000000,2035.00000000,0.08937831
94.00000000,2036.00000000,0.08933269
94.00000000,2037.00000000,0.08939215
94.00000000,2038.00000000,0.08930412
94.00000000,2039.00000000,0.08866282
94.00000000,2040.00000000,0.08879658
94.00000000,2041.00000000,0.08912566
94.00000000,2042.00000000,0.08925687
94.00000000,2043.00000000,0.08906256
94.00000000,2044.00000000,0.08953626
94.00000000,2045.00000000,0.08982235
94.00000000,2046.00000000,0.08982675
94.00000000,2047.00000000,0.08987383
94.00000000,2048.00000000,0.08986690
94.00000000,2049.00000000,0.09025091
94.00000000,2050.00000000,0.09052451
94.00000000,2051.00000000,0.09068796
94.00000000,2052.00000000,0.09076943
94.00000000,2053.00000000,0.09103204
94.00000000,2054.00000000,0.09125066
94.00000000,2055.00000000,0.09122178
94.00000000,2056.00000000,0.09141677
94.00000000,2057.00000000,0.09171695
94.00000000,2058.00000000,0.09204663
94.00000000,2059.00000000,0.09231796
94.00000000,2060.00000000,0.09264629
94.00000000,2061.00000000,0.09283924
94.00000000,2062.00000000,0.09320931
94.00000000,2063.00000000,0.09366697
94.00000000,2064.00000000,0.09428408
94.00000000,2065.00000000,0.09460127
94.00000000,2066.00000000,0.09495187
94.00000000,2067.00000000,0.09547164
94.00000000,2068.00000000,0.09543170
94.00000000,2069.00000000,0.09530037
94.00000000,2070.00000000,0.09590221
94.00000000,2071.00000000,0.09620483
94.00000000,2072.00000000,0.09633718
94.00000000,2073.00000000,0.09697638
94.00000000,2074.00000000,0.09679240
94.00000000,2075.00000000,0.09634565
94.00000000,2076.00000000,0.09620348
94.00000000,2077.00000000,0.09612386
94.00000000,2078.00000000,0.09652746
94.00000000,2079.00000000,0.09687045
94.00000000,2080.00000000,0.09724524
94.00000000,2081.00000000,0.09756661
94.00000000,2082.00000000,0.09805509
94.00000000,2083.00000000,0.09833778
94.00000000,2084.00000000,0.09845382
94.00000000,2085.00000000,0.09865949
94.00000000,2086.00000000,0.09836622
94.00000000,2087.00000000,0.09837278
94.00000000,2088.00000000,0.09865208
94.00000000,2089.00000000,0.09896304
94.00000000,2090.00000000,0.09929581
94.00000000,2091.00000000,0.09956172
94.00000000,2092.00000000,0.09949501
94.00000000,2093.00000000,0.09946119
94.00000000,2094.00000000,0.09987458
94.00000000,2095.00000000,0.10027990
94.00000000,2096.00000000,0.10043204
94.00000000,2097.00000000,0.10126669
94.00000000,2098.00000000,0.10222167
94.00000000,2099.00000000,0.10297277
94.00000000,2100.00000000,0.10346804
94.00000000,2101.00000000,0.10396728
94.00000000,2102.00000000,0.10447079
94.00000000,2103.00000000,0.10497814
94.00000000,2104.00000000,0.10548945
94.00000000,2105.00000000,0.10617144
94.00000000,2106.00000000,0.10685738
94.00000000,2107.00000000,0.10754722
94.00000000,2108.00000000,0.10824080
94.00000000,2109.00000000,0.10893792
94.00000000,2110.00000000,0.10963858
94.00000000,2111.00000000,0.11034256
94.00000000,2112.00000000,0.11104969
94.00000000,2113.00000000,0.11175988
94.00000000,2114.00000000,0.11247302
94.00000000,2115.00000000,0.11311542
94.00000000,2116.00000000,0.11376057
94.00000000,2117.00000000,0.11440828
94.00000000,2118.00000000,0.11505864
94.00000000,2119.00000000,0.11571152
94.00000000,2120.00000000,0.11636683
94.00000000,2121.00000000,0.11702463
94.00000000,2122.00000000,0.11768480
94.00000000,2123.00000000,0.11834739
94.00000000,2124.00000000,0.11901243
94.00000000,2125.00000000,0.11983258
94.00000000,2126.00000000,0.12065503
94.00000000,2127.00000000,0.12147989
94.00000000,2128.00000000,0.12230699
94.00000000,2129.00000000,0.12313621
94.00000000,2130.00000000,0.12396756
94.00000000,2131.00000000,0.12480083
94.00000000,2132.00000000,0.12563612
94.00000000,2133.00000000,0.12647328
94.00000000,2134.00000000,0.12731220
94.00000000,2135.00000000,0.12826412
94.00000000,2136.00000000,0.12921773
94.00000000,2137.00000000,0.13017280
94.00000000,2138.00000000,0.13112941
94.00000000,2139.00000000,0.13208735
94.00000000,2140.00000000,0.13304645
94.00000000,2141.00000000,0.13400670
94.00000000,2142.00000000,0.13496782
94.00000000,2143.00000000,0.13592991
94.00000000,2144.00000000,0.13689272
94.00000000,2145.00000000,0.13784982
94.00000000,2146.00000000,0.13880748
94.00000000,2147.00000000,0.13976551
94.00000000,2148.00000000,0.14072368
94.00000000,2149.00000000,0.14168208
94.00000000,2150.00000000,0.14264049
94.00000000,2151.00000000,0.14359944
94.00000000,2152.00000000,0.14456117
94.00000000,2153.00000000,0.14552756
94.00000000,2154.00000000,0.14649948
94.00000000,2155.00000000,0.14723459
94.00000000,2156.00000000,0.14797561
94.00000000,2157.00000000,0.14872262
94.00000000,2158.00000000,0.14947544
94.00000000,2159.00000000,0.15023378
94.00000000,2160.00000000,0.15099762
94.00000000,2161.00000000,0.15176666
94.00000000,2162.00000000,0.15254061
94.00000000,2163.00000000,0.15331933
94.00000000,2164.00000000,0.15410253
94.00000000,2165.00000000,0.15467031
94.00000000,2166.00000000,0.15524190
94.00000000,2167.00000000,0.15581693
94.00000000,2168.00000000,0.15639552
94.00000000,2169.00000000,0.15697741
94.00000000,2170.00000000,0.15756241
94.00000000,2171.00000000,0.15815046
94.00000000,2172.00000000,0.15874140
94.00000000,2173.00000000,0.15933504
94.00000000,2174.00000000,0.15993133
94.00000000,2175.00000000,0.16040687
94.00000000,2176.00000000,0.16088444
94.00000000,2177.00000000,0.16136416
94.00000000,2178.00000000,0.16184581
94.00000000,2179.00000000,0.16232938
94.00000000,2180.00000000,0.16281476
94.00000000,2181.00000000,0.16330182
94.00000000,2182.00000000,0.16379058
94.00000000,2183.00000000,0.16428092
94.00000000,2184.00000000,0.16477269
94.00000000,2185.00000000,0.16513804
94.00000000,2186.00000000,0.16550444
94.00000000,2187.00000000,0.16587177
94.00000000,2188.00000000,0.16624019
94.00000000,2189.00000000,0.16660961
94.00000000,2190.00000000,0.16697979
94.00000000,2191.00000000,0.16735097
94.00000000,2192.00000000,0.16772291
94.00000000,2193.00000000,0.16809572
94.00000000,2194.00000000,0.16846925
94.00000000,2195.00000000,0.16874461
94.00000000,2196.00000000,0.16902046
94.00000000,2197.00000000,0.16929676
94.00000000,2198.00000000,0.16957342
94.00000000,2199.00000000,0.16985056
94.00000000,2200.00000000,0.17012809
94.00000000,2201.00000000,0.17040595
94.00000000,2202.00000000,0.17068421
94.00000000,2203.00000000,0.17096278
94.00000000,2204.00000000,0.17124174
94.00000000,2205.00000000,0.17152103
94.00000000,2206.00000000,0.17180055
94.00000000,2207.00000000,0.17208050
94.00000000,2208.00000000,0.17236070
94.00000000,2209.00000000,0.17264108
94.00000000,2210.00000000,0.17292185
94.00000000,2211.00000000,0.17320284
94.00000000,2212.00000000,0.17348402
94.00000000,2213.00000000,0.17376549
94.00000000,2214.00000000,0.17404718
94.00000000,2215.00000000,0.17432904
94.00000000,2216.00000000,0.17461114
94.00000000,2217.00000000,0.17489335
94.00000000,2218.00000000,0.17517585
94.00000000,2219.00000000,0.17545849
94.00000000,2220.00000000,0.17574123
94.00000000,2221.00000000,0.17602417
94.00000000,2222.00000000,0.17630724
94.00000000,2223.00000000,0.17659039
94.00000000,2224.00000000,0.17687368
94.00000000,2225.00000000,0.17715708
94.00000000,2226.00000000,0.17744049
94.00000000,2227.00000000,0.17772402
94.00000000,2228.00000000,0.17800755
94.00000000,2229.00000000,0.17829116
94.00000000,2230.00000000,0.17857479
94.00000000,2231.00000000,0.17885838
94.00000000,2232.00000000,0.17914198
94.00000000,2233.00000000,0.17942559
94.00000000,2234.00000000,0.17970904
94.00000000,2235.00000000,0.17999252
94.00000000,2236.00000000,0.18027588
94.00000000,2237.00000000,0.18055909
94.00000000,2238.00000000,0.18084223
94.00000000,2239.00000000,0.18112516
94.00000000,2240.00000000,0.18140795
94.00000000,2241.00000000,0.18169053
94.00000000,2242.00000000,0.18197280
94.00000000,2243.00000000,0.18225477
94.00000000,2244.00000000,0.18253632
94.00000000,2245.00000000,0.18211279
94.00000000,2246.00000000,0.18168691
94.00000000,2247.00000000,0.18125869
94.00000000,2248.00000000,0.18082813
94.00000000,2249.00000000,0.18039517
94.00000000,2250.00000000,0.17995864
94.00000000,2251.00000000,0.17951624
94.00000000,2252.00000000,0.17906605
94.00000000,2253.00000000,0.17860688
94.00000000,2254.00000000,0.17813846
94.00000000,2255.00000000,0.17766069
94.00000000,2256.00000000,0.17717365
94.00000000,2257.00000000,0.17667757
94.00000000,2258.00000000,0.17617256
94.00000000,2259.00000000,0.17565882
94.00000000,2260.00000000,0.17513669
94.00000000,2261.00000000,0.17460645
94.00000000,2262.00000000,0.17406840
94.00000000,2263.00000000,0.17352303
94.00000000,2264.00000000,0.17297052
94.00000000,2265.00000000,0.17241125
94.00000000,2266.00000000,0.17184539
94.00000000,2267.00000000,0.17127312
94.00000000,2268.00000000,0.17069472
94.00000000,2269.00000000,0.17011034
94.00000000,2270.00000000,0.16952016
94.00000000,2271.00000000,0.16892445
94.00000000,2272.00000000,0.16832329
94.00000000,2273.00000000,0.16771688
94.00000000,2274.00000000,0.16710543
94.00000000,2275.00000000,0.16648906
94.00000000,2276.00000000,0.16586791
94.00000000,2277.00000000,0.16524222
94.00000000,2278.00000000,0.16461202
94.00000000,2279.00000000,0.16397760
94.00000000,2280.00000000,0.16333901
94.00000000,2281.00000000,0.16269635
94.00000000,2282.00000000,0.16204987
94.00000000,2283.00000000,0.16139961
94.00000000,2284.00000000,0.16074566
94.00000000,2285.00000000,0.16008825
94.00000000,2286.00000000,0.15942743
94.00000000,2287.00000000,0.15876327
94.00000000,2288.00000000,0.15809596
94.00000000,2289.00000000,0.15742554
94.00000000,2290.00000000,0.15675218
94.00000000,2291.00000000,0.15607592
94.00000000,2292.00000000,0.15539686
94.00000000,2293.00000000,0.15471515
94.00000000,2294.00000000,0.15403084
94.00000000,2295.00000000,0.15334396
94.00000000,2296.00000000,0.15265470
94.00000000,2297.00000000,0.15196311
94.00000000,2298.00000000,0.15126921
94.00000000,2299.00000000,0.15057316
94.00000000,2300.00000000,0.14987500
94.00000000,2301.00000000,0.14917477
94.00000000,2302.00000000,0.14847261
94.00000000,2303.00000000,0.14776848
94.00000000,2304.00000000,0.14706255
94.00000000,2305.00000000,0.14635481
94.00000000,2306.00000000,0.14564532
94.00000000,2307.00000000,0.14493421
94.00000000,2308.00000000,0.14422151
94.00000000,2309.00000000,0.14350722
94.00000000,2310.00000000,0.14279150
94.00000000,2311.00000000,0.14207435
94.00000000,2312.00000000,0.14135580
94.00000000,2313.00000000,0.14063596
94.00000000,2314.00000000,0.13991486
94.00000000,2315.00000000,0.13919256
94.00000000,2316.00000000,0.13846912
94.00000000,2317.00000000,0.13774453
94.00000000,2318.00000000,0.13701893
94.00000000,2319.00000000,0.13629232
94.00000000,2320.00000000,0.13556471
94.00000000,2321.00000000,0.13483621
94.00000000,2322.00000000,0.13410684
94.00000000,2323.00000000,0.13337660
94.00000000,2324.00000000,0.13264561
94.00000000,2325.00000000,0.13191382
94.00000000,2326.00000000,0.13118137
94.00000000,2327.00000000,0.13044825
94.00000000,2328.00000000,0.12971445
94.00000000,2329.00000000,0.12898010
94.00000000,2330.00000000,0.12824520
94.00000000,2331.00000000,0.12750973
94.00000000,2332.00000000,0.12677382
94.00000000,2333.00000000,0.12603745
94.00000000,2334.00000000,0.12530065
94.00000000,2335.00000000,0.12456349
94.00000000,2336.00000000,0.12382598
94.00000000,2337.00000000,0.12308812
94.00000000,2338.00000000,0.12235002
94.00000000,2339.00000000,0.12161164
94.00000000,2340.00000000,0.12087311
94.00000000,2341.00000000,0.12013443
94.00000000,2342.00000000,0.11939566
94.00000000,2343.00000000,0.11881317
94.00000000,2344.00000000,0.11869077
94.00000000,2345.00000000,0.11869428
94.00000000,2346.00000000,0.11869805
94.00000000,2347.00000000,0.11870204
94.00000000,2348.00000000,0.11870621
94.00000000,2349.00000000,0.11871065
94.00000000,2350.00000000,0.11873497
94.00000000,2351.00000000,0.11875953
94.00000000,2352.00000000,0.11878429
94.00000000,2353.00000000,0.11880923
94.00000000,2354.00000000,0.11883438
94.00000000,2355.00000000,0.11882076
94.00000000,2356.00000000,0.11880727
94.00000000,2357.00000000,0.11879398
94.00000000,2358.00000000,0.11878086
94.00000000,2359.00000000,0.11876785
94.00000000,2360.00000000,0.11875505
94.00000000,2361.00000000,0.11874238
94.00000000,2362.00000000,0.11872982
94.00000000,2363.00000000,0.11871746
94.00000000,2364.00000000,0.11870518
94.00000000,2365.00000000,0.11869310
94.00000000,2366.00000000,0.11868113
94.00000000,2367.00000000,0.11866927
94.00000000,2368.00000000,0.11865757
94.00000000,2369.00000000,0.11864598
94.00000000,2370.00000000,0.11863280
94.00000000,2371.00000000,0.11861977
94.00000000,2372.00000000,0.11860686
94.00000000,2373.00000000,0.11859402
94.00000000,2374.00000000,0.11858132
94.00000000,2375.00000000,0.11856869
94.00000000,2376.00000000,0.11855621
94.00000000,2377.00000000,0.11854382
94.00000000,2378.00000000,0.11853150
94.00000000,2379.00000000,0.11851931
94.00000000,2380.00000000,0.11850721
94.00000000,2381.00000000,0.11849516
94.00000000,2382.00000000,0.11848325
94.00000000,2383.00000000,0.11847143
94.00000000,2384.00000000,0.11845964
94.00000000,2385.00000000,0.11844799
94.00000000,2386.00000000,0.11843635
94.00000000,2387.00000000,0.11842486
94.00000000,2388.00000000,0.11841344
94.00000000,2389.00000000,0.11840205
94.00000000,2390.00000000,0.11839078
94.00000000,2391.00000000,0.11837958
94.00000000,2392.00000000,0.11836840
94.00000000,2393.00000000,0.11835734
94.00000000,2394.00000000,0.11834635
94.00000000,2395.00000000,0.11833913
94.00000000,2396.00000000,0.11833201
94.00000000,2397.00000000,0.11832498
94.00000000,2398.00000000,0.11831794
94.00000000,2399.00000000,0.11831102
94.00000000,2400.00000000,0.11830410
94.00000000,2401.00000000,0.11829729
94.00000000,2402.00000000,0.11829056
94.00000000,2403.00000000,0.11828382
94.00000000,2404.00000000,0.11827719
94.00000000,2405.00000000,0.11827064
94.00000000,2406.00000000,0.11826408
94.00000000,2407.00000000,0.11825762
94.00000000,2408.00000000,0.11825124
94.00000000,2409.00000000,0.11824484
94.00000000,2410.00000000,0.11823856
94.00000000,2411.00000000,0.11823227
94.00000000,2412.00000000,0.11822609
94.00000000,2413.00000000,0.11821994
94.00000000,2414.00000000,0.11821381
94.00000000,2415.00000000,0.11820777
94.00000000,2416.00000000,0.11820176
94.00000000,2417.00000000,0.11819576
94.00000000,2418.00000000,0.11818985
94.00000000,2419.00000000,0.11818397
94.00000000,2420.00000000,0.11817809
94.00000000,2421.00000000,0.11817229
94.00000000,2422.00000000,0.11816654
94.00000000,2423.00000000,0.11816077
94.00000000,2424.00000000,0.11815509
94.00000000,2425.00000000,0.11814938
94.00000000,2426.00000000,0.11814377
94.00000000,2427.00000000,0.11813818
94.00000000,2428.00000000,0.11813257
94.00000000,2429.00000000,0.11812705
94.00000000,2430.00000000,0.11812156
94.00000000,2431.00000000,0.11811605
94.00000000,2432.00000000,0.11811061
94.00000000,2433.00000000,0.11810520
94.00000000,2434.00000000,0.11809977
94.00000000,2435.00000000,0.11809441
94.00000000,2436.00000000,0.11808902
94.00000000,2437.00000000,0.11808371
94.00000000,2438.00000000,0.11807843
94.00000000,2439.00000000,0.11807310
94.00000000,2440.00000000,0.11806787
94.00000000,2441.00000000,0.11806265
94.00000000,2442.00000000,0.11805738
94.00000000,2443.00000000,0.11805220
94.00000000,2444.00000000,0.11804704
94.00000000,2445.00000000,0.11804077
94.00000000,2446.00000000,0.11803457
94.00000000,2447.00000000,0.11802839
94.00000000,2448.00000000,0.11802217
94.00000000,2449.00000000,0.11801601
94.00000000,2450.00000000,0.11800983
94.00000000,2451.00000000,0.11800370
94.00000000,2452.00000000,0.11799759
94.00000000,2453.00000000,0.11799143
94.00000000,2454.00000000,0.11798533
94.00000000,2455.00000000,0.11797925
94.00000000,2456.00000000,0.11797310
94.00000000,2457.00000000,0.11796703
94.00000000,2458.00000000,0.11796097
94.00000000,2459.00000000,0.11795484
94.00000000,2460.00000000,0.11794877
94.00000000,2461.00000000,0.11794267
94.00000000,2462.00000000,0.11793662
94.00000000,2463.00000000,0.11793057
94.00000000,2464.00000000,0.11792446
94.00000000,2465.00000000,0.11791842
94.00000000,2466.00000000,0.11791240
94.00000000,2467.00000000,0.11790629
94.00000000,2468.00000000,0.11790027
94.00000000,2469.00000000,0.11789424
94.00000000,2470.00000000,0.11788815
94.00000000,2471.00000000,0.11788213
94.00000000,2472.00000000,0.11787605
94.00000000,2473.00000000,0.11787003
94.00000000,2474.00000000,0.11786400
94.00000000,2475.00000000,0.11785792
94.00000000,2476.00000000,0.11785191
94.00000000,2477.00000000,0.11784591
94.00000000,2478.00000000,0.11783982
94.00000000,2479.00000000,0.11783380
94.00000000,2480.00000000,0.11782780
94.00000000,2481.00000000,0.11782172
94.00000000,2482.00000000,0.11781570
94.00000000,2483.00000000,0.11780969
94.00000000,2484.00000000,0.11780360
94.00000000,2485.00000000,0.11779760
94.00000000,2486.00000000,0.11779151
94.00000000,2487.00000000,0.11778550
94.00000000,2488.00000000,0.11777948
94.00000000,2489.00000000,0.11777338
94.00000000,2490.00000000,0.11776737
94.00000000,2491.00000000,0.11776135
94.00000000,2492.00000000,0.11775525
94.00000000,2493.00000000,0.11774922
94.00000000,2494.00000000,0.11774319
94.00000000,2495.00000000,0.11773596
94.00000000,2496.00000000,0.11772880
94.00000000,2497.00000000,0.11772154
94.00000000,2498.00000000,0.11771438
94.00000000,2499.00000000,0.11770720
94.00000000,2500.00000000,0.11769993
95.00000000,1765.00000000,0.08650227
95.00000000,1766.00000000,0.08650213
95.00000000,1767.00000000,0.08650229
95.00000000,1768.00000000,0.08650235
95.00000000,1769.00000000,0.08650274
95.00000000,1770.00000000,0.08650315
95.00000000,1771.00000000,0.08650383
95.00000000,1772.00000000,0.08650450
95.00000000,1773.00000000,0.08650538
95.00000000,1774.00000000,0.08650656
95.00000000,1775.00000000,0.08650776
95.00000000,1776.00000000,0.08650912
95.00000000,1777.00000000,0.08651062
95.00000000,1778.00000000,0.08651241
95.00000000,1779.00000000,0.08651422
95.00000000,1780.00000000,0.08651622
95.00000000,1781.00000000,0.08651835
95.00000000,1782.00000000,0.08652071
95.00000000,1783.00000000,0.08652311
95.00000000,1784.00000000,0.08652561
95.00000000,1785.00000000,0.08652828
95.00000000,1786.00000000,0.08653104
95.00000000,1787.00000000,0.08653389
95.00000000,1788.00000000,0.08653682
95.00000000,1789.00000000,0.08653991
95.00000000,1790.00000000,0.08654309
95.00000000,1791.00000000,0.08654635
95.00000000,1792.00000000,0.08654968
95.00000000,1793.00000000,0.08655309
95.00000000,1794.00000000,0.08655655
95.00000000,1795.00000000,0.08656007
95.00000000,1796.00000000,0.08656379
95.00000000,1797.00000000,0.08656748
95.00000000,1798.00000000,0.08657117
95.00000000,1799.00000000,0.08657513
95.00000000,1800.00000000,0.08657886
95.00000000,1801.00000000,0.08658279
95.00000000,1802.00000000,0.08658680
95.00000000,1803.00000000,0.08659083
95.00000000,1804.00000000,0.08659468
95.00000000,1805.00000000,0.08659884
95.00000000,1806.00000000,0.08660292
95.00000000,1807.00000000,0.08660706
95.00000000,1808.00000000,0.08661130
95.00000000,1809.00000000,0.08661544
95.00000000,1810.00000000,0.08661965
95.00000000,1811.00000000,0.08662393
95.00000000,1812.00000000,0.08662827
95.00000000,1813.00000000,0.08663251
95.00000000,1814.00000000,0.08663685
95.00000000,1815.00000000,0.08664125
95.00000000,1816.00000000,0.08664563
95.00000000,1817.00000000,0.08665006
95.00000000,1818.00000000,0.08665442
95.00000000,1819.00000000,0.08665883
95.00000000,1820.00000000,0.08666322
95.00000000,1821.00000000,0.08666768
95.00000000,1822.00000000,0.08667211
95.00000000,1823.00000000,0.08667659
95.00000000,1824.00000000,0.08668102
95.00000000,1825.00000000,0.08668552
95.00000000,1826.00000000,0.08668999
95.00000000,1827.00000000,0.08669445
95.00000000,1828.00000000,0.08669895
95.00000000,1829.00000000,0.08670341
95.00000000,1830.00000000,0.08670791
95.00000000,1831.00000000,0.08671244
95.00000000,1832.00000000,0.08671683
95.00000000,1833.00000000,0.08672133
95.00000000,1834.00000000,0.08672582
95.00000000,1835.00000000,0.08673025
95.00000000,1836.00000000,0.08673474
95.00000000,1837.00000000,0.08673915
95.00000000,1838.00000000,0.08674365
95.00000000,1839.00000000,0.08674809
95.00000000,1840.00000000,0.08675253
95.00000000,1841.00000000,0.08675698
95.00000000,1842.00000000,0.08676142
95.00000000,1843.00000000,0.08676589
95.00000000,1844.00000000,0.08677034
95.00000000,1845.00000000,0.08677478
95.00000000,1846.00000000,0.08677924
95.00000000,1847.00000000,0.08678372
95.00000000,1848.00000000,0.08678818
95.00000000,1849.00000000,0.08679267
95.00000000,1850.00000000,0.08679712
95.00000000,1851.00000000,0.08680159
95.00000000,1852.00000000,0.08680605
95.00000000,1853.00000000,0.08681092
95.00000000,1854.00000000,0.08681608
95.00000000,1855.00000000,0.08682121
95.00000000,1856.00000000,0.08682631
95.00000000,1857.00000000,0.08683141
95.00000000,1858.00000000,0.08683647
95.00000000,1859.00000000,0.08684158
95.00000000,1860.00000000,0.08684677
95.00000000,1861.00000000,0.08685990
95.00000000,1862.00000000,0.08686502
95.00000000,1863.00000000,0.08686946
95.00000000,1864.00000000,0.08687355
95.00000000,1865.00000000,0.08687725
95.00000000,1866.00000000,0.08688339
95.00000000,1867.00000000,0.08688660
95.00000000,1868.00000000,0.08688960
95.00000000,1869.00000000,0.08689244
95.00000000,1870.00000000,0.08689505
95.00000000,1871.00000000,0.08689764
95.00000000,1872.00000000,0.08690046
95.00000000,1873.00000000,0.08690412
95.00000000,1874.00000000,0.08690838
95.00000000,1875.00000000,0.08691324
95.00000000,1876.00000000,0.08692105
95.00000000,1877.00000000,0.08692652
95.00000000,1878.00000000,0.08693228
95.00000000,1879.00000000,0.08693824
95.00000000,1880.00000000,0.08694430
95.00000000,1881.00000000,0.08695048
95.00000000,1882.00000000,0.08695677
95.00000000,1883.00000000,0.08696251
95.00000000,1884.00000000,0.08696796
95.00000000,1885.00000000,0.08697310
95.00000000,1886.00000000,0.08698091
95.00000000,1887.00000000,0.08698586
95.00000000,1888.00000000,0.08699069
95.00000000,1889.00000000,0.08699528
95.00000000,1890.00000000,0.08699956
95.00000000,1891.00000000,0.08700350
95.00000000,1892.00000000,0.08700981
95.00000000,1893.00000000,0.08701344
95.00000000,1894.00000000,0.08701702
95.00000000,1895.00000000,0.08702351
95.00000000,1896.00000000,0.08702739
95.00000000,1897.00000000,0.08703653
95.00000000,1898.00000000,0.08703767
95.00000000,1899.00000000,0.08704121
95.00000000,1900.00000000,0.08704452
95.00000000,1901.00000000,0.08705019
95.00000000,1902.00000000,0.08705338
95.00000000,1903.00000000,0.08705667
95.00000000,1904.00000000,0.08706020
95.00000000,1905.00000000,0.08706389
95.00000000,1906.00000000,0.08707062
95.00000000,1907.00000000,0.08707489
95.00000000,1908.00000000,0.08707898
95.00000000,1909.00000000,0.08708311
95.00000000,1910.00000000,0.08708989
95.00000000,1911.00000000,0.08709661
95.00000000,1912.00000000,0.08710259
95.00000000,1913.00000000,0.08710492
95.00000000,1914.00000000,0.08710632
95.00000000,1915.00000000,0.08710720
95.00000000,1916.00000000,0.08710810
95.00000000,1917.00000000,0.08711165
95.00000000,1918.00000000,0.08711509
95.00000000,1919.00000000,0.08711592
95.00000000,1920.00000000,0.08712014
95.00000000,1921.00000000,0.08712242
95.00000000,1922.00000000,0.08712848
95.00000000,1923.00000000,0.08713273
95.00000000,1924.00000000,0.08713708
95.00000000,1925.00000000,0.08715742
95.00000000,1926.00000000,0.08715899
95.00000000,1927.00000000,0.08716327
95.00000000,1928.00000000,0.08717036
95.00000000,1929.00000000,0.08717479
95.00000000,1930.00000000,0.08718210
95.00000000,1931.00000000,0.08719860
95.00000000,1932.00000000,0.08720596
95.00000000,1933.00000000,0.08721683
95.00000000,1934.00000000,0.08722849
95.00000000,1935.00000000,0.08724279
95.00000000,1936.00000000,0.08725390
95.00000000,1937.00000000,0.08726673
95.00000000,1938.00000000,0.08727546
95.00000000,1939.00000000,0.08728599
95.00000000,1940.00000000,0.08730111
95.00000000,1941.00000000,0.08730450
95.00000000,1942.00000000,0.08731476
95.00000000,1943.00000000,0.08731899
95.00000000,1944.00000000,0.08732804
95.00000000,1945.00000000,0.08733979
95.00000000,1946.00000000,0.08734207
95.00000000,1947.00000000,0.08735433
95.00000000,1948.00000000,0.08736497
95.00000000,1949.00000000,0.08739695
95.00000000,1950.00000000,0.08740749
95.00000000,1951.00000000,0.08742586
95.00000000,1952.00000000,0.08743428
95.00000000,1953.00000000,0.08744301
95.00000000,1954.00000000,0.08746233
95.00000000,1955.00000000,0.08748985
95.00000000,1956.00000000,0.08750675
95.00000000,1957.00000000,0.08751788
95.00000000,1958.00000000,0.08754183
95.00000000,1959.00000000,0.08756794
95.00000000,1960.00000000,0.08758936
95.00000000,1961.00000000,0.08759841
95.00000000,1962.00000000,0.08762055
95.00000000,1963.00000000,0.08763343
95.00000000,1964.00000000,0.08765072
95.00000000,1965.00000000,0.08766145
95.00000000,1966.00000000,0.08768159
95.00000000,1967.00000000,0.08772194
95.00000000,1968.00000000,0.08774484
95.00000000,1969.00000000,0.08770939
95.00000000,1970.00000000,0.08773523
95.00000000,1971.00000000,0.08772803
95.00000000,1972.00000000,0.08771629
95.00000000,1973.00000000,0.08769653
95.00000000,1974.00000000,0.08770684
95.00000000,1975.00000000,0.08774718
95.00000000,1976.00000000,0.08773656
95.00000000,1977.00000000,0.08774199
95.00000000,1978.00000000,0.08775529
95.00000000,1979.00000000,0.08773386
95.00000000,1980.00000000,0.08770904
95.00000000,1981.00000000,0.08768955
95.00000000,1982.00000000,0.08769896
95.00000000,1983.00000000,0.08776103
95.00000000,1984.00000000,0.08774326
95.00000000,1985.00000000,0.08780602
95.00000000,1986.00000000,0.08783678
95.00000000,1987.00000000,0.08783181
95.00000000,1988.00000000,0.08781131
95.00000000,1989.00000000,0.08783590
95.00000000,1990.00000000,0.08788665
95.00000000,1991.00000000,0.08791102
95.00000000,1992.00000000,0.08795753
95.00000000,1993.00000000,0.08801572
95.00000000,1994.00000000,0.08812057
95.00000000,1995.00000000,0.08818732
95.00000000,1996.00000000,0.08823096
95.00000000,1997.00000000,0.08826402
95.00000000,1998.00000000,0.08839429
95.00000000,1999.00000000,0.08840872
95.00000000,2000.00000000,0.08850810
95.00000000,2001.00000000,0.08862066
95.00000000,2002.00000000,0.08881973
95.00000000,2003.00000000,0.08872638
95.00000000,2004.00000000,0.08881336
95.00000000,2005.00000000,0.08889443
95.00000000,2006.00000000,0.08892605
95.00000000,2007.00000000,0.08902134
95.00000000,2008.00000000,0.08916746
95.00000000,2009.00000000,0.08889710
95.00000000,2010.00000000,0.08883640
95.00000000,2011.00000000,0.08896975
95.00000000,2012.00000000,0.08907646
95.00000000,2013.00000000,0.08898861
95.00000000,2014.00000000,0.08860711
95.00000000,2015.00000000,0.08889330
95.00000000,2016.00000000,0.08850945
95.00000000,2017.00000000,0.08857057
95.00000000,2018.00000000,0.08884611
95.00000000,2019.00000000,0.08877466
95.00000000,2020.00000000,0.08875067
95.00000000,2021.00000000,0.08871436
95.00000000,2022.00000000,0.08886121
95.00000000,2023.00000000,0.08880872
95.00000000,2024.00000000,0.08895485
95.00000000,2025.00000000,0.08865317
95.00000000,2026.00000000,0.08829624
95.00000000,2027.00000000,0.08799081
95.00000000,2028.00000000,0.08804518
95.00000000,2029.00000000,0.08818727
95.00000000,2030.00000000,0.08826216
95.00000000,2031.00000000,0.08846343
95.00000000,2032.00000000,0.08860220
95.00000000,2033.00000000,0.08836463
95.00000000,2034.00000000,0.08842767
95.00000000,2035.00000000,0.08863621
95.00000000,2036.00000000,0.08865909
95.00000000,2037.00000000,0.08861203
95.00000000,2038.00000000,0.08866927
95.00000000,2039.00000000,0.08858022
95.00000000,2040.00000000,0.08794219
95.00000000,2041.00000000,0.08807327
95.00000000,2042.00000000,0.08839800
95.00000000,2043.00000000,0.08852614
95.00000000,2044.00000000,0.08833113
95.00000000,2045.00000000,0.08879892
95.00000000,2046.00000000,0.08908053
95.00000000,2047.00000000,0.08908267
95.00000000,2048.00000000,0.08912725
95.00000000,2049.00000000,0.08911830
95.00000000,2050.00000000,0.08949725
95.00000000,2051.00000000,0.08976678
95.00000000,2052.00000000,0.08992710
95.00000000,2053.00000000,0.09000617
95.00000000,2054.00000000,0.09026504
95.00000000,2055.00000000,0.09048033
95.00000000,2056.00000000,0.09045014
95.00000000,2057.00000000,0.09064217
95.00000000,2058.00000000,0.09093855
95.00000000,2059.00000000,0.09126420
95.00000000,2060.00000000,0.09153210
95.00000000,2061.00000000,0.09185670
95.00000000,2062.00000000,0.09204761
95.00000000,2063.00000000,0.09241487
95.00000000,2064.00000000,0.09286947
95.00000000,2065.00000000,0.09348249
95.00000000,2066.00000000,0.09379817
95.00000000,2067.00000000,0.09414705
95.00000000,2068.00000000,0.09466373
95.00000000,2069.00000000,0.09462519
95.00000000,2070.00000000,0.09449595
95.00000000,2071.00000000,0.09509404
95.00000000,2072.00000000,0.09539572
95.00000000,2073.00000000,0.09552908
95.00000000,2074.00000000,0.09616549
95.00000000,2075.00000000,0.09598543
95.00000000,2076.00000000,0.09554466
95.00000000,2077.00000000,0.09540600
95.00000000,2078.00000000,0.09532927
95.00000000,2079.00000000,0.09573183
95.00000000,2080.00000000,0.09607414
95.00000000,2081.00000000,0.09644795
95.00000000,2082.00000000,0.09676892
95.00000000,2083.00000000,0.09725590
95.00000000,2084.00000000,0.09753876
95.00000000,2085.00000000,0.09765625
95.00000000,2086.00000000,0.09786260
95.00000000,2087.00000000,0.09757376
95.00000000,2088.00000000,0.09758230
95.00000000,2089.00000000,0.09786136
95.00000000,2090.00000000,0.09817171
95.00000000,2091.00000000,0.09850369
95.00000000,2092.00000000,0.09876949
95.00000000,2093.00000000,0.09870544
95.00000000,2094.00000000,0.09867408
95.00000000,2095.00000000,0.09908656
95.00000000,2096.00000000,0.09949097
95.00000000,2097.00000000,0.09964403
95.00000000,2098.00000000,0.10047438
95.00000000,2099.00000000,0.10142407
95.00000000,2100.00000000,0.10217131
95.00000000,2101.00000000,0.10266464
95.00000000,2102.00000000,0.10316211
95.00000000,2103.00000000,0.10366404
95.00000000,2104.00000000,0.10416984
95.00000000,2105.00000000,0.10467958
95.00000000,2106.00000000,0.10535871
95.00000000,2107.00000000,0.10604169
95.00000000,2108.00000000,0.10672846
95.00000000,2109.00000000,0.10741884
95.00000000,2110.00000000,0.10811265
95.00000000,2111.00000000,0.10880988
95.00000000,2112.00000000,0.10951032
95.00000000,2113.00000000,0.11021380
95.00000000,2114.00000000,0.11092024
95.00000000,2115.00000000,0.11162952
95.00000000,2116.00000000,0.11226851
95.00000000,2117.00000000,0.11291014
95.00000000,2118.00000000,0.11355425
95.00000000,2119.00000000,0.11420093
95.00000000,2120.00000000,0.11485006
95.00000000,2121.00000000,0.11550153
95.00000000,2122.00000000,0.11615542
95.00000000,2123.00000000,0.11681167
95.00000000,2124.00000000,0.11747018
95.00000000,2125.00000000,0.11813112
95.00000000,2126.00000000,0.11894603
95.00000000,2127.00000000,0.11976326
95.00000000,2128.00000000,0.12058276
95.00000000,2129.00000000,0.12140451
95.00000000,2130.00000000,0.12222834
95.00000000,2131.00000000,0.12305425
95.00000000,2132.00000000,0.12388209
95.00000000,2133.00000000,0.12471181
95.00000000,2134.00000000,0.12554341
95.00000000,2135.00000000,0.12637673
95.00000000,2136.00000000,0.12732224
95.00000000,2137.00000000,0.12826939
95.00000000,2138.00000000,0.12921798
95.00000000,2139.00000000,0.13016809
95.00000000,2140.00000000,0.13111950
95.00000000,2141.00000000,0.13207204
95.00000000,2142.00000000,0.13302571
95.00000000,2143.00000000,0.13398024
95.00000000,2144.00000000,0.13493572
95.00000000,2145.00000000,0.13589191
95.00000000,2146.00000000,0.13684242
95.00000000,2147.00000000,0.13779348
95.00000000,2148.00000000,0.13874490
95.00000000,2149.00000000,0.13969646
95.00000000,2150.00000000,0.14064826
95.00000000,2151.00000000,0.14160081
95.00000000,2152.00000000,0.14255608
95.00000000,2153.00000000,0.14351619
95.00000000,2154.00000000,0.14448200
95.00000000,2155.00000000,0.14545389
95.00000000,2156.00000000,0.14619072
95.00000000,2157.00000000,0.14693339
95.00000000,2158.00000000,0.14768195
95.00000000,2159.00000000,0.14843613
95.00000000,2160.00000000,0.14919567
95.00000000,2161.00000000,0.14996047
95.00000000,2162.00000000,0.15073026
95.00000000,2163.00000000,0.15150471
95.00000000,2164.00000000,0.15228380
95.00000000,2165.00000000,0.15306719
95.00000000,2166.00000000,0.15363644
95.00000000,2167.00000000,0.15420931
95.00000000,2168.00000000,0.15478553
95.00000000,2169.00000000,0.15536509
95.00000000,2170.00000000,0.15594781
95.00000000,2171.00000000,0.15653344
95.00000000,2172.00000000,0.15712207
95.00000000,2173.00000000,0.15771346
95.00000000,2174.00000000,0.15830746
95.00000000,2175.00000000,0.15890399
95.00000000,2176.00000000,0.15938044
95.00000000,2177.00000000,0.15985887
95.00000000,2178.00000000,0.16033932
95.00000000,2179.00000000,0.16082160
95.00000000,2180.00000000,0.16130574
95.00000000,2181.00000000,0.16179160
95.00000000,2182.00000000,0.16227902
95.00000000,2183.00000000,0.16276814
95.00000000,2184.00000000,0.16325876
95.00000000,2185.00000000,0.16375075
95.00000000,2186.00000000,0.16411705
95.00000000,2187.00000000,0.16448435
95.00000000,2188.00000000,0.16485257
95.00000000,2189.00000000,0.16522179
95.00000000,2190.00000000,0.16559193
95.00000000,2191.00000000,0.16596287
95.00000000,2192.00000000,0.16633471
95.00000000,2193.00000000,0.16670731
95.00000000,2194.00000000,0.16708072
95.00000000,2195.00000000,0.16745484
95.00000000,2196.00000000,0.16773130
95.00000000,2197.00000000,0.16800824
95.00000000,2198.00000000,0.16828568
95.00000000,2199.00000000,0.16856336
95.00000000,2200.00000000,0.16884154
95.00000000,2201.00000000,0.16912013
95.00000000,2202.00000000,0.16939894
95.00000000,2203.00000000,0.16967819
95.00000000,2204.00000000,0.16995772
95.00000000,2205.00000000,0.17023764
95.00000000,2206.00000000,0.17051787
95.00000000,2207.00000000,0.17079837
95.00000000,2208.00000000,0.17107919
95.00000000,2209.00000000,0.17136030
95.00000000,2210.00000000,0.17164161
95.00000000,2211.00000000,0.17192324
95.00000000,2212.00000000,0.17220513
95.00000000,2213.00000000,0.17248720
95.00000000,2214.00000000,0.17276954
95.00000000,2215.00000000,0.17305212
95.00000000,2216.00000000,0.17333485
95.00000000,2217.00000000,0.17361783
95.00000000,2218.00000000,0.17390094
95.00000000,2219.00000000,0.17418428
95.00000000,2220.00000000,0.17446783
95.00000000,2221.00000000,0.17475142
95.00000000,2222.00000000,0.17503524
95.00000000,2223.00000000,0.17531923
95.00000000,2224.00000000,0.17560324
95.00000000,2225.00000000,0.17588745
95.00000000,2226.00000000,0.17617174
95.00000000,2227.00000000,0.17645606
95.00000000,2228.00000000,0.17674050
95.00000000,2229.00000000,0.17702495
95.00000000,2230.00000000,0.17730949
95.00000000,2231.00000000,0.17759406
95.00000000,2232.00000000,0.17787859
95.00000000,2233.00000000,0.17816315
95.00000000,2234.00000000,0.17844768
95.00000000,2235.00000000,0.17873213
95.00000000,2236.00000000,0.17901657
95.00000000,2237.00000000,0.17930094
95.00000000,2238.00000000,0.17958515
95.00000000,2239.00000000,0.17986931
95.00000000,2240.00000000,0.18015326
95.00000000,2241.00000000,0.18043710
95.00000000,2242.00000000,0.18072074
95.00000000,2243.00000000,0.18100406
95.00000000,2244.00000000,0.18128712
95.00000000,2245.00000000,0.18156976
95.00000000,2246.00000000,0.18115098
95.00000000,2247.00000000,0.18072990
95.00000000,2248.00000000,0.18030647
95.00000000,2249.00000000,0.17988047
95.00000000,2250.00000000,0.17945091
95.00000000,2251.00000000,0.17901553
95.00000000,2252.00000000,0.17857217
95.00000000,2253.00000000,0.17811996
95.00000000,2254.00000000,0.17765836
95.00000000,2255.00000000,0.17718744
95.00000000,2256.00000000,0.17670725
95.00000000,2257.00000000,0.17621791
95.00000000,2258.00000000,0.17571969
95.00000000,2259.00000000,0.17521274
95.00000000,2260.00000000,0.17469729
95.00000000,2261.00000000,0.17417373
95.00000000,2262.00000000,0.17364242
95.00000000,2263.00000000,0.17310365
95.00000000,2264.00000000,0.17255783
95.00000000,2265.00000000,0.17200510
95.00000000,2266.00000000,0.17144581
95.00000000,2267.00000000,0.17088013
95.00000000,2268.00000000,0.17030821
95.00000000,2269.00000000,0.16973034
95.00000000,2270.00000000,0.16914667
95.00000000,2271.00000000,0.16855733
95.00000000,2272.00000000,0.16796261
95.00000000,2273.00000000,0.16736260
95.00000000,2274.00000000,0.16675747
95.00000000,2275.00000000,0.16614745
95.00000000,2276.00000000,0.16553263
95.00000000,2277.00000000,0.16491316
95.00000000,2278.00000000,0.16428928
95.00000000,2279.00000000,0.16366102
95.00000000,2280.00000000,0.16302862
95.00000000,2281.00000000,0.16239218
95.00000000,2282.00000000,0.16175178
95.00000000,2283.00000000,0.16110762
95.00000000,2284.00000000,0.16045981
95.00000000,2285.00000000,0.15980840
95.00000000,2286.00000000,0.15915359
95.00000000,2287.00000000,0.15849547
95.00000000,2288.00000000,0.15783409
95.00000000,2289.00000000,0.15716963
95.00000000,2290.00000000,0.15650214
95.00000000,2291.00000000,0.15583178
95.00000000,2292.00000000,0.15515861
95.00000000,2293.00000000,0.15448268
95.00000000,2294.00000000,0.15380415
95.00000000,2295.00000000,0.15312309
95.00000000,2296.00000000,0.15243953
95.00000000,2297.00000000,0.15175365
95.00000000,2298.00000000,0.15106546
95.00000000,2299.00000000,0.15037503
95.00000000,2300.00000000,0.14968251
95.00000000,2301.00000000,0.14898792
95.00000000,2302.00000000,0.14829128
95.00000000,2303.00000000,0.14759273
95.00000000,2304.00000000,0.14689226
95.00000000,2305.00000000,0.14619002
95.00000000,2306.00000000,0.14548604
95.00000000,2307.00000000,0.14478031
95.00000000,2308.00000000,0.14407301
95.00000000,2309.00000000,0.14336412
95.00000000,2310.00000000,0.14265372
95.00000000,2311.00000000,0.14194188
95.00000000,2312.00000000,0.14122866
95.00000000,2313.00000000,0.14051406
95.00000000,2314.00000000,0.13979821
95.00000000,2315.00000000,0.13908109
95.00000000,2316.00000000,0.13836283
95.00000000,2317.00000000,0.13764344
95.00000000,2318.00000000,0.13692292
95.00000000,2319.00000000,0.13620141
95.00000000,2320.00000000,0.13547890
95.00000000,2321.00000000,0.13475540
95.00000000,2322.00000000,0.13403105
95.00000000,2323.00000000,0.13330583
95.00000000,2324.00000000,0.13257975
95.00000000,2325.00000000,0.13185294
95.00000000,2326.00000000,0.13112535
95.00000000,2327.00000000,0.13039710
95.00000000,2328.00000000,0.12966819
95.00000000,2329.00000000,0.12893862
95.00000000,2330.00000000,0.12820850
95.00000000,2331.00000000,0.12747784
95.00000000,2332.00000000,0.12674662
95.00000000,2333.00000000,0.12601496
95.00000000,2334.00000000,0.12528286
95.00000000,2335.00000000,0.12455033
95.00000000,2336.00000000,0.12381744
95.00000000,2337.00000000,0.12308421
95.00000000,2338.00000000,0.12235062
95.00000000,2339.00000000,0.12161681
95.00000000,2340.00000000,0.12088271
95.00000000,2341.00000000,0.12014846
95.00000000,2342.00000000,0.11941409
95.00000000,2343.00000000,0.11867961
95.00000000,2344.00000000,0.11810049
95.00000000,2345.00000000,0.11797875
95.00000000,2346.00000000,0.11798217
95.00000000,2347.00000000,0.11798585
95.00000000,2348.00000000,0.11798976
95.00000000,2349.00000000,0.11799384
95.00000000,2350.00000000,0.11799820
95.00000000,2351.00000000,0.11802230
95.00000000,2352.00000000,0.11804665
95.00000000,2353.00000000,0.11807123
95.00000000,2354.00000000,0.11809595
95.00000000,2355.00000000,0.11812090
95.00000000,2356.00000000,0.11810731
95.00000000,2357.00000000,0.11809383
95.00000000,2358.00000000,0.11808058
95.00000000,2359.00000000,0.11806747
95.00000000,2360.00000000,0.11805448
95.00000000,2361.00000000,0.11804169
95.00000000,2362.00000000,0.11802904
95.00000000,2363.00000000,0.11801651
95.00000000,2364.00000000,0.11800416
95.00000000,2365.00000000,0.11799191
95.00000000,2366.00000000,0.11797982
95.00000000,2367.00000000,0.11796788
95.00000000,2368.00000000,0.11795601
95.00000000,2369.00000000,0.11794433
95.00000000,2370.00000000,0.11793275
95.00000000,2371.00000000,0.11791959
95.00000000,2372.00000000,0.11790659
95.00000000,2373.00000000,0.11789369
95.00000000,2374.00000000,0.11788086
95.00000000,2375.00000000,0.11786819
95.00000000,2376.00000000,0.11785556
95.00000000,2377.00000000,0.11784310
95.00000000,2378.00000000,0.11783073
95.00000000,2379.00000000,0.11781842
95.00000000,2380.00000000,0.11780624
95.00000000,2381.00000000,0.11779416
95.00000000,2382.00000000,0.11778212
95.00000000,2383.00000000,0.11777022
95.00000000,2384.00000000,0.11775841
95.00000000,2385.00000000,0.11774663
95.00000000,2386.00000000,0.11773497
95.00000000,2387.00000000,0.11772336
95.00000000,2388.00000000,0.11771187
95.00000000,2389.00000000,0.11770046
95.00000000,2390.00000000,0.11768907
95.00000000,2391.00000000,0.11767781
95.00000000,2392.00000000,0.11766661
95.00000000,2393.00000000,0.11765544
95.00000000,2394.00000000,0.11764438
95.00000000,2395.00000000,0.11763340
95.00000000,2396.00000000,0.11762615
95.00000000,2397.00000000,0.11761903
95.00000000,2398.00000000,0.11761196
95.00000000,2399.00000000,0.11760491
95.00000000,2400.00000000,0.11759796
95.00000000,2401.00000000,0.11759102
95.00000000,2402.00000000,0.11758421
95.00000000,2403.00000000,0.11757744
95.00000000,2404.00000000,0.11757069
95.00000000,2405.00000000,0.11756406
95.00000000,2406.00000000,0.11755748
95.00000000,2407.00000000,0.11755090
95.00000000,2408.00000000,0.11754444
95.00000000,2409.00000000,0.11753802
95.00000000,2410.00000000,0.11753162
95.00000000,2411.00000000,0.11752531
95.00000000,2412.00000000,0.11751901
95.00000000,2413.00000000,0.11751280
95.00000000,2414.00000000,0.11750664
95.00000000,2415.00000000,0.11750049
95.00000000,2416.00000000,0.11749441
95.00000000,2417.00000000,0.11748840
95.00000000,2418.00000000,0.11748237
95.00000000,2419.00000000,0.11747642
95.00000000,2420.00000000,0.11747053
95.00000000,2421.00000000,0.11746462
95.00000000,2422.00000000,0.11745881
95.00000000,2423.00000000,0.11745303
95.00000000,2424.00000000,0.11744723
95.00000000,2425.00000000,0.11744152
95.00000000,2426.00000000,0.11743579
95.00000000,2427.00000000,0.11743015
95.00000000,2428.00000000,0.11742454
95.00000000,2429.00000000,0.11741890
95.00000000,2430.00000000,0.11741335
95.00000000,2431.00000000,0.11740784
95.00000000,2432.00000000,0.11740229
95.00000000,2433.00000000,0.11739682
95.00000000,2434.00000000,0.11739138
95.00000000,2435.00000000,0.11738592
95.00000000,2436.00000000,0.11738053
95.00000000,2437.00000000,0.11737512
95.00000000,2438.00000000,0.11736977
95.00000000,2439.00000000,0.11736446
95.00000000,2440.00000000,0.11735911
95.00000000,2441.00000000,0.11735383
95.00000000,2442.00000000,0.11734859
95.00000000,2443.00000000,0.11734330
95.00000000,2444.00000000,0.11733809
95.00000000,2445.00000000,0.11733289
95.00000000,2446.00000000,0.11732659
95.00000000,2447.00000000,0.11732037
95.00000000,2448.00000000,0.11731417
95.00000000,2449.00000000,0.11730791
95.00000000,2450.00000000,0.11730173
95.00000000,2451.00000000,0.11729552
95.00000000,2452.00000000,0.11728936
95.00000000,2453.00000000,0.11728322
95.00000000,2454.00000000,0.11727703
95.00000000,2455.00000000,0.11727089
95.00000000,2456.00000000,0.11726478
95.00000000,2457.00000000,0.11725861
95.00000000,2458.00000000,0.11725249
95.00000000,2459.00000000,0.11724640
95.00000000,2460.00000000,0.11724023
95.00000000,2461.00000000,0.11723415
95.00000000,2462.00000000,0.11722799
95.00000000,2463.00000000,0.11722191
95.00000000,2464.00000000,0.11721583
95.00000000,2465.00000000,0.11720970
95.00000000,2466.00000000,0.11720362
95.00000000,2467.00000000,0.11719755
95.00000000,2468.00000000,0.11719142
95.00000000,2469.00000000,0.11718537
95.00000000,2470.00000000,0.11717931
95.00000000,2471.00000000,0.11717319
95.00000000,2472.00000000,0.11716713
95.00000000,2473.00000000,0.11716102
95.00000000,2474.00000000,0.11715497
95.00000000,2475.00000000,0.11714892
95.00000000,2476.00000000,0.11714280
95.00000000,2477.00000000,0.11713676
95.00000000,2478.00000000,0.11713071
95.00000000,2479.00000000,0.11712460
95.00000000,2480.00000000,0.11711855
95.00000000,2481.00000000,0.11711251
95.00000000,2482.00000000,0.11710639
95.00000000,2483.00000000,0.11710034
95.00000000,2484.00000000,0.11709430
95.00000000,2485.00000000,0.11708819
95.00000000,2486.00000000,0.11708215
95.00000000,2487.00000000,0.11707602
95.00000000,2488.00000000,0.11706998
95.00000000,2489.00000000,0.11706393
95.00000000,2490.00000000,0.11705781
95.00000000,2491.00000000,0.11705175
95.00000000,2492.00000000,0.11704570
95.00000000,2493.00000000,0.11703956
95.00000000,2494.00000000,0.11703351
95.00000000,2495.00000000,0.11702744
95.00000000,2496.00000000,0.11702018
95.00000000,2497.00000000,0.11701300
95.00000000,2498.00000000,0.11700572
95.00000000,2499.00000000,0.11699852
95.00000000,2500.00000000,0.11699133
96.00000000,1765.00000000,0.08591281
96.00000000,1766.00000000,0.08591284
96.00000000,1767.00000000,0.08591276
96.00000000,1768.00000000,0.08591301
96.00000000,1769.00000000,0.08591320
96.00000000,1770.00000000,0.08591373
96.00000000,1771.00000000,0.08591430
96.00000000,1772.00000000,0.08591513
96.00000000,1773.00000000,0.08591596
96.00000000,1774.00000000,0.08591700
96.00000000,1775.00000000,0.08591833
96.00000000,1776.00000000,0.08591969
96.00000000,1777.00000000,0.08592119
96.00000000,1778.00000000,0.08592285
96.00000000,1779.00000000,0.08592478
96.00000000,1780.00000000,0.08592673
96.00000000,1781.00000000,0.08592887
96.00000000,1782.00000000,0.08593111
96.00000000,1783.00000000,0.08593358
96.00000000,1784.00000000,0.08593610
96.00000000,1785.00000000,0.08593869
96.00000000,1786.00000000,0.08594147
96.00000000,1787.00000000,0.08594433
96.00000000,1788.00000000,0.08594726
96.00000000,1789.00000000,0.08595029
96.00000000,1790.00000000,0.08595344
96.00000000,1791.00000000,0.08595672
96.00000000,1792.00000000,0.08596003
96.00000000,1793.00000000,0.08596342
96.00000000,1794.00000000,0.08596690
96.00000000,1795.00000000,0.08597041
96.00000000,1796.00000000,0.08597398
96.00000000,1797.00000000,0.08597776
96.00000000,1798.00000000,0.08598149
96.00000000,1799.00000000,0.08598521
96.00000000,1800.00000000,0.08598920
96.00000000,1801.00000000,0.08599296
96.00000000,1802.00000000,0.08599691
96.00000000,1803.00000000,0.08600095
96.00000000,1804.00000000,0.08600499
96.00000000,1805.00000000,0.08600887
96.00000000,1806.00000000,0.08601304
96.00000000,1807.00000000,0.08601713
96.00000000,1808.00000000,0.08602129
96.00000000,1809.00000000,0.08602554
96.00000000,1810.00000000,0.08602968
96.00000000,1811.00000000,0.08603392
96.00000000,1812.00000000,0.08603820
96.00000000,1813.00000000,0.08604253
96.00000000,1814.00000000,0.08604677
96.00000000,1815.00000000,0.08605111
96.00000000,1816.00000000,0.08605550
96.00000000,1817.00000000,0.08605988
96.00000000,1818.00000000,0.08606428
96.00000000,1819.00000000,0.08606863
96.00000000,1820.00000000,0.08607302
96.00000000,1821.00000000,0.08607740
96.00000000,1822.00000000,0.08608184
96.00000000,1823.00000000,0.08608625
96.00000000,1824.00000000,0.08609072
96.00000000,1825.00000000,0.08609513
96.00000000,1826.00000000,0.08609960
96.00000000,1827.00000000,0.08610404
96.00000000,1828.00000000,0.08610848
96.00000000,1829.00000000,0.08611296
96.00000000,1830.00000000,0.08611737
96.00000000,1831.00000000,0.08612183
96.00000000,1832.00000000,0.08612631
96.00000000,1833.00000000,0.08613066
96.00000000,1834.00000000,0.08613511
96.00000000,1835.00000000,0.08613958
96.00000000,1836.00000000,0.08614397
96.00000000,1837.00000000,0.08614841
96.00000000,1838.00000000,0.08615278
96.00000000,1839.00000000,0.08615722
96.00000000,1840.00000000,0.08616163
96.00000000,1841.00000000,0.08616600
96.00000000,1842.00000000,0.08617041
96.00000000,1843.00000000,0.08617481
96.00000000,1844.00000000,0.08617922
96.00000000,1845.00000000,0.08618361
96.00000000,1846.00000000,0.08618801
96.00000000,1847.00000000,0.08619238
96.00000000,1848.00000000,0.08619681
96.00000000,1849.00000000,0.08620123
96.00000000,1850.00000000,0.08620564
96.00000000,1851.00000000,0.08621001
96.00000000,1852.00000000,0.08621438
96.00000000,1853.00000000,0.08621918
96.00000000,1854.00000000,0.08622422
96.00000000,1855.00000000,0.08622928
96.00000000,1856.00000000,0.08623425
96.00000000,1857.00000000,0.08623924
96.00000000,1858.00000000,0.08624419
96.00000000,1859.00000000,0.08624915
96.00000000,1860.00000000,0.08625421
96.00000000,1861.00000000,0.08625925
96.00000000,1862.00000000,0.08627212
96.00000000,1863.00000000,0.08627643
96.00000000,1864.00000000,0.08628033
96.00000000,1865.00000000,0.08628389
96.00000000,1866.00000000,0.08628723
96.00000000,1867.00000000,0.08629294
96.00000000,1868.00000000,0.08629583
96.00000000,1869.00000000,0.08629852
96.00000000,1870.00000000,0.08630105
96.00000000,1871.00000000,0.08630349
96.00000000,1872.00000000,0.08630618
96.00000000,1873.00000000,0.08630979
96.00000000,1874.00000000,0.08631393
96.00000000,1875.00000000,0.08631859
96.00000000,1876.00000000,0.08632367
96.00000000,1877.00000000,0.08633168
96.00000000,1878.00000000,0.08633725
96.00000000,1879.00000000,0.08634312
96.00000000,1880.00000000,0.08634911
96.00000000,1881.00000000,0.08635514
96.00000000,1882.00000000,0.08636133
96.00000000,1883.00000000,0.08636700
96.00000000,1884.00000000,0.08637233
96.00000000,1885.00000000,0.08637741
96.00000000,1886.00000000,0.08638236
96.00000000,1887.00000000,0.08638992
96.00000000,1888.00000000,0.08639467
96.00000000,1889.00000000,0.08639912
96.00000000,1890.00000000,0.08640333
96.00000000,1891.00000000,0.08640724
96.00000000,1892.00000000,0.08641077
96.00000000,1893.00000000,0.08641693
96.00000000,1894.00000000,0.08642047
96.00000000,1895.00000000,0.08642418
96.00000000,1896.00000000,0.08643060
96.00000000,1897.00000000,0.08643443
96.00000000,1898.00000000,0.08644335
96.00000000,1899.00000000,0.08644425
96.00000000,1900.00000000,0.08644744
96.00000000,1901.00000000,0.08645039
96.00000000,1902.00000000,0.08645620
96.00000000,1903.00000000,0.08645939
96.00000000,1904.00000000,0.08646282
96.00000000,1905.00000000,0.08646649
96.00000000,1906.00000000,0.08647043
96.00000000,1907.00000000,0.08647724
96.00000000,1908.00000000,0.08648135
96.00000000,1909.00000000,0.08648538
96.00000000,1910.00000000,0.08648946
96.00000000,1911.00000000,0.08649606
96.00000000,1912.00000000,0.08650197
96.00000000,1913.00000000,0.08650695
96.00000000,1914.00000000,0.08650819
96.00000000,1915.00000000,0.08650908
96.00000000,1916.00000000,0.08650994
96.00000000,1917.00000000,0.08651075
96.00000000,1918.00000000,0.08651412
96.00000000,1919.00000000,0.08651755
96.00000000,1920.00000000,0.08651902
96.00000000,1921.00000000,0.08652389
96.00000000,1922.00000000,0.08652723
96.00000000,1923.00000000,0.08653400
96.00000000,1924.00000000,0.08653832
96.00000000,1925.00000000,0.08654250
96.00000000,1926.00000000,0.08656255
96.00000000,1927.00000000,0.08656412
96.00000000,1928.00000000,0.08656843
96.00000000,1929.00000000,0.08657542
96.00000000,1930.00000000,0.08657999
96.00000000,1931.00000000,0.08658833
96.00000000,1932.00000000,0.08660619
96.00000000,1933.00000000,0.08661428
96.00000000,1934.00000000,0.08662578
96.00000000,1935.00000000,0.08663726
96.00000000,1936.00000000,0.08665085
96.00000000,1937.00000000,0.08666086
96.00000000,1938.00000000,0.08667211
96.00000000,1939.00000000,0.08667981
96.00000000,1940.00000000,0.08668943
96.00000000,1941.00000000,0.08670335
96.00000000,1942.00000000,0.08670546
96.00000000,1943.00000000,0.08671484
96.00000000,1944.00000000,0.08671847
96.00000000,1945.00000000,0.08672732
96.00000000,1946.00000000,0.08674007
96.00000000,1947.00000000,0.08674414
96.00000000,1948.00000000,0.08675723
96.00000000,1949.00000000,0.08676781
96.00000000,1950.00000000,0.08679939
96.00000000,1951.00000000,0.08680965
96.00000000,1952.00000000,0.08682859
96.00000000,1953.00000000,0.08683717
96.00000000,1954.00000000,0.08684573
96.00000000,1955.00000000,0.08686513
96.00000000,1956.00000000,0.08689246
96.00000000,1957.00000000,0.08690884
96.00000000,1958.00000000,0.08691935
96.00000000,1959.00000000,0.08694242
96.00000000,1960.00000000,0.08696620
96.00000000,1961.00000000,0.08698555
96.00000000,1962.00000000,0.08699348
96.00000000,1963.00000000,0.08701449
96.00000000,1964.00000000,0.08702603
96.00000000,1965.00000000,0.08704161
96.00000000,1966.00000000,0.08705065
96.00000000,1967.00000000,0.08706911
96.00000000,1968.00000000,0.08710747
96.00000000,1969.00000000,0.08712773
96.00000000,1970.00000000,0.08708972
96.00000000,1971.00000000,0.08711160
96.00000000,1972.00000000,0.08709971
96.00000000,1973.00000000,0.08708400
96.00000000,1974.00000000,0.08706102
96.00000000,1975.00000000,0.08706920
96.00000000,1976.00000000,0.08710870
96.00000000,1977.00000000,0.08709823
96.00000000,1978.00000000,0.08710339
96.00000000,1979.00000000,0.08711618
96.00000000,1980.00000000,0.08709400
96.00000000,1981.00000000,0.08706912
96.00000000,1982.00000000,0.08705192
96.00000000,1983.00000000,0.08706594
96.00000000,1984.00000000,0.08713220
96.00000000,1985.00000000,0.08711801
96.00000000,1986.00000000,0.08718244
96.00000000,1987.00000000,0.08721392
96.00000000,1988.00000000,0.08720907
96.00000000,1989.00000000,0.08718837
96.00000000,1990.00000000,0.08721208
96.00000000,1991.00000000,0.08726216
96.00000000,1992.00000000,0.08728689
96.00000000,1993.00000000,0.08733365
96.00000000,1994.00000000,0.08739276
96.00000000,1995.00000000,0.08749787
96.00000000,1996.00000000,0.08756432
96.00000000,1997.00000000,0.08760707
96.00000000,1998.00000000,0.08763902
96.00000000,1999.00000000,0.08776828
96.00000000,2000.00000000,0.08778274
96.00000000,2001.00000000,0.08788112
96.00000000,2002.00000000,0.08799234
96.00000000,2003.00000000,0.08819009
96.00000000,2004.00000000,0.08809592
96.00000000,2005.00000000,0.08817918
96.00000000,2006.00000000,0.08825509
96.00000000,2007.00000000,0.08828188
96.00000000,2008.00000000,0.08837235
96.00000000,2009.00000000,0.08851368
96.00000000,2010.00000000,0.08824181
96.00000000,2011.00000000,0.08817837
96.00000000,2012.00000000,0.08830768
96.00000000,2013.00000000,0.08841047
96.00000000,2014.00000000,0.08832001
96.00000000,2015.00000000,0.08793799
96.00000000,2016.00000000,0.08821904
96.00000000,2017.00000000,0.08783493
96.00000000,2018.00000000,0.08789272
96.00000000,2019.00000000,0.08816354
96.00000000,2020.00000000,0.08808998
96.00000000,2021.00000000,0.08806375
96.00000000,2022.00000000,0.08802553
96.00000000,2023.00000000,0.08816938
96.00000000,2024.00000000,0.08811565
96.00000000,2025.00000000,0.08825924
96.00000000,2026.00000000,0.08795843
96.00000000,2027.00000000,0.08760298
96.00000000,2028.00000000,0.08729872
96.00000000,2029.00000000,0.08735161
96.00000000,2030.00000000,0.08749172
96.00000000,2031.00000000,0.08756507
96.00000000,2032.00000000,0.08776366
96.00000000,2033.00000000,0.08790001
96.00000000,2034.00000000,0.08766259
96.00000000,2035.00000000,0.08772339
96.00000000,2036.00000000,0.08792863
96.00000000,2037.00000000,0.08794956
96.00000000,2038.00000000,0.08790108
96.00000000,2039.00000000,0.08795623
96.00000000,2040.00000000,0.08786621
96.00000000,2041.00000000,0.08723139
96.00000000,2042.00000000,0.08735968
96.00000000,2043.00000000,0.08767988
96.00000000,2044.00000000,0.08780482
96.00000000,2045.00000000,0.08760913
96.00000000,2046.00000000,0.08807107
96.00000000,2047.00000000,0.08834825
96.00000000,2048.00000000,0.08834827
96.00000000,2049.00000000,0.08839044
96.00000000,2050.00000000,0.08837954
96.00000000,2051.00000000,0.08875364
96.00000000,2052.00000000,0.08901922
96.00000000,2053.00000000,0.08917651
96.00000000,2054.00000000,0.08925334
96.00000000,2055.00000000,0.08950859
96.00000000,2056.00000000,0.08972066
96.00000000,2057.00000000,0.08968928
96.00000000,2058.00000000,0.08987841
96.00000000,2059.00000000,0.09017110
96.00000000,2060.00000000,0.09049286
96.00000000,2061.00000000,0.09075755
96.00000000,2062.00000000,0.09107905
96.00000000,2063.00000000,0.09126857
96.00000000,2064.00000000,0.09163355
96.00000000,2065.00000000,0.09208537
96.00000000,2066.00000000,0.09269450
96.00000000,2067.00000000,0.09300873
96.00000000,2068.00000000,0.09335590
96.00000000,2069.00000000,0.09386950
96.00000000,2070.00000000,0.09383228
96.00000000,2071.00000000,0.09370517
96.00000000,2072.00000000,0.09429999
96.00000000,2073.00000000,0.09460127
96.00000000,2074.00000000,0.09473587
96.00000000,2075.00000000,0.09536964
96.00000000,2076.00000000,0.09519343
96.00000000,2077.00000000,0.09475850
96.00000000,2078.00000000,0.09462318
96.00000000,2079.00000000,0.09454918
96.00000000,2080.00000000,0.09495054
96.00000000,2081.00000000,0.09529218
96.00000000,2082.00000000,0.09566517
96.00000000,2083.00000000,0.09598593
96.00000000,2084.00000000,0.09647149
96.00000000,2085.00000000,0.09675450
96.00000000,2086.00000000,0.09687335
96.00000000,2087.00000000,0.09708024
96.00000000,2088.00000000,0.09679567
96.00000000,2089.00000000,0.09680604
96.00000000,2090.00000000,0.09708474
96.00000000,2091.00000000,0.09739447
96.00000000,2092.00000000,0.09772585
96.00000000,2093.00000000,0.09799178
96.00000000,2094.00000000,0.09793042
96.00000000,2095.00000000,0.09790149
96.00000000,2096.00000000,0.09831301
96.00000000,2097.00000000,0.09871646
96.00000000,2098.00000000,0.09887032
96.00000000,2099.00000000,0.09969634
96.00000000,2100.00000000,0.10064073
96.00000000,2101.00000000,0.10138417
96.00000000,2102.00000000,0.10187579
96.00000000,2103.00000000,0.10237172
96.00000000,2104.00000000,0.10287217
96.00000000,2105.00000000,0.10337647
96.00000000,2106.00000000,0.10388462
96.00000000,2107.00000000,0.10456085
96.00000000,2108.00000000,0.10524083
96.00000000,2109.00000000,0.10592448
96.00000000,2110.00000000,0.10661164
96.00000000,2111.00000000,0.10730209
96.00000000,2112.00000000,0.10799587
96.00000000,2113.00000000,0.10869274
96.00000000,2114.00000000,0.10939256
96.00000000,2115.00000000,0.11009526
96.00000000,2116.00000000,0.11080064
96.00000000,2117.00000000,0.11143621
96.00000000,2118.00000000,0.11207433
96.00000000,2119.00000000,0.11271489
96.00000000,2120.00000000,0.11335785
96.00000000,2121.00000000,0.11400323
96.00000000,2122.00000000,0.11465090
96.00000000,2123.00000000,0.11530090
96.00000000,2124.00000000,0.11595321
96.00000000,2125.00000000,0.11660771
96.00000000,2126.00000000,0.11726460
96.00000000,2127.00000000,0.11807435
96.00000000,2128.00000000,0.11888638
96.00000000,2129.00000000,0.11970069
96.00000000,2130.00000000,0.12051711
96.00000000,2131.00000000,0.12133562
96.00000000,2132.00000000,0.12215617
96.00000000,2133.00000000,0.12297860
96.00000000,2134.00000000,0.12380292
96.00000000,2135.00000000,0.12462899
96.00000000,2136.00000000,0.12545681
96.00000000,2137.00000000,0.12639599
96.00000000,2138.00000000,0.12733678
96.00000000,2139.00000000,0.12827904
96.00000000,2140.00000000,0.12922273
96.00000000,2141.00000000,0.13016766
96.00000000,2142.00000000,0.13111376
96.00000000,2143.00000000,0.13206096
96.00000000,2144.00000000,0.13300905
96.00000000,2145.00000000,0.13395802
96.00000000,2146.00000000,0.13490770
96.00000000,2147.00000000,0.13585169
96.00000000,2148.00000000,0.13679626
96.00000000,2149.00000000,0.13774118
96.00000000,2150.00000000,0.13868629
96.00000000,2151.00000000,0.13963233
96.00000000,2152.00000000,0.14058126
96.00000000,2153.00000000,0.14153490
96.00000000,2154.00000000,0.14249448
96.00000000,2155.00000000,0.14346021
96.00000000,2156.00000000,0.14443217
96.00000000,2157.00000000,0.14517068
96.00000000,2158.00000000,0.14591490
96.00000000,2159.00000000,0.14666482
96.00000000,2160.00000000,0.14742016
96.00000000,2161.00000000,0.14818068
96.00000000,2162.00000000,0.14894623
96.00000000,2163.00000000,0.14971659
96.00000000,2164.00000000,0.15049148
96.00000000,2165.00000000,0.15127077
96.00000000,2166.00000000,0.15205420
96.00000000,2167.00000000,0.15262467
96.00000000,2168.00000000,0.15319866
96.00000000,2169.00000000,0.15377587
96.00000000,2170.00000000,0.15435627
96.00000000,2171.00000000,0.15493969
96.00000000,2172.00000000,0.15552596
96.00000000,2173.00000000,0.15611504
96.00000000,2174.00000000,0.15670678
96.00000000,2175.00000000,0.15730096
96.00000000,2176.00000000,0.15789764
96.00000000,2177.00000000,0.15837496
96.00000000,2178.00000000,0.15885407
96.00000000,2179.00000000,0.15933515
96.00000000,2180.00000000,0.15981799
96.00000000,2181.00000000,0.16030260
96.00000000,2182.00000000,0.16078889
96.00000000,2183.00000000,0.16127672
96.00000000,2184.00000000,0.16176612
96.00000000,2185.00000000,0.16225696
96.00000000,2186.00000000,0.16274913
96.00000000,2187.00000000,0.16311632
96.00000000,2188.00000000,0.16348446
96.00000000,2189.00000000,0.16385344
96.00000000,2190.00000000,0.16422340
96.00000000,2191.00000000,0.16459429
96.00000000,2192.00000000,0.16496586
96.00000000,2193.00000000,0.16533834
96.00000000,2194.00000000,0.16571153
96.00000000,2195.00000000,0.16608552
96.00000000,2196.00000000,0.16646019
96.00000000,2197.00000000,0.16673777
96.00000000,2198.00000000,0.16701581
96.00000000,2199.00000000,0.16729423
96.00000000,2200.00000000,0.16757297
96.00000000,2201.00000000,0.16785215
96.00000000,2202.00000000,0.16813168
96.00000000,2203.00000000,0.16841149
96.00000000,2204.00000000,0.16869169
96.00000000,2205.00000000,0.16897217
96.00000000,2206.00000000,0.16925301
96.00000000,2207.00000000,0.16953416
96.00000000,2208.00000000,0.16981555
96.00000000,2209.00000000,0.17009727
96.00000000,2210.00000000,0.17037925
96.00000000,2211.00000000,0.17066145
96.00000000,2212.00000000,0.17094396
96.00000000,2213.00000000,0.17122671
96.00000000,2214.00000000,0.17150964
96.00000000,2215.00000000,0.17179285
96.00000000,2216.00000000,0.17207629
96.00000000,2217.00000000,0.17235987
96.00000000,2218.00000000,0.17264371
96.00000000,2219.00000000,0.17292768
96.00000000,2220.00000000,0.17321188
96.00000000,2221.00000000,0.17349626
96.00000000,2222.00000000,0.17378073
96.00000000,2223.00000000,0.17406543
96.00000000,2224.00000000,0.17435026
96.00000000,2225.00000000,0.17463517
96.00000000,2226.00000000,0.17492023
96.00000000,2227.00000000,0.17520543
96.00000000,2228.00000000,0.17549062
96.00000000,2229.00000000,0.17577599
96.00000000,2230.00000000,0.17606132
96.00000000,2231.00000000,0.17634680
96.00000000,2232.00000000,0.17663229
96.00000000,2233.00000000,0.17691773
96.00000000,2234.00000000,0.17720323
96.00000000,2235.00000000,0.17748872
96.00000000,2236.00000000,0.17777411
96.00000000,2237.00000000,0.17805953
96.00000000,2238.00000000,0.17834488
96.00000000,2239.00000000,0.17863007
96.00000000,2240.00000000,0.17891524
96.00000000,2241.00000000,0.17920019
96.00000000,2242.00000000,0.17948508
96.00000000,2243.00000000,0.17976975
96.00000000,2244.00000000,0.18005413
96.00000000,2245.00000000,0.18033825
96.00000000,2246.00000000,0.18062196
96.00000000,2247.00000000,0.18020790
96.00000000,2248.00000000,0.17979151
96.00000000,2249.00000000,0.17937255
96.00000000,2250.00000000,0.17894989
96.00000000,2251.00000000,0.17852138
96.00000000,2252.00000000,0.17808499
96.00000000,2253.00000000,0.17763953
96.00000000,2254.00000000,0.17718482
96.00000000,2255.00000000,0.17672066
96.00000000,2256.00000000,0.17624725
96.00000000,2257.00000000,0.17576469
96.00000000,2258.00000000,0.17527315
96.00000000,2259.00000000,0.17477292
96.00000000,2260.00000000,0.17426419
96.00000000,2261.00000000,0.17374725
96.00000000,2262.00000000,0.17322255
96.00000000,2263.00000000,0.17269045
96.00000000,2264.00000000,0.17215115
96.00000000,2265.00000000,0.17160504
96.00000000,2266.00000000,0.17105222
96.00000000,2267.00000000,0.17049303
96.00000000,2268.00000000,0.16992764
96.00000000,2269.00000000,0.16935617
96.00000000,2270.00000000,0.16877891
96.00000000,2271.00000000,0.16819602
96.00000000,2272.00000000,0.16760760
96.00000000,2273.00000000,0.16701395
96.00000000,2274.00000000,0.16641515
96.00000000,2275.00000000,0.16581136
96.00000000,2276.00000000,0.16520282
96.00000000,2277.00000000,0.16458960
96.00000000,2278.00000000,0.16397186
96.00000000,2279.00000000,0.16334983
96.00000000,2280.00000000,0.16272353
96.00000000,2281.00000000,0.16209319
96.00000000,2282.00000000,0.16145892
96.00000000,2283.00000000,0.16082079
96.00000000,2284.00000000,0.16017899
96.00000000,2285.00000000,0.15953363
96.00000000,2286.00000000,0.15888476
96.00000000,2287.00000000,0.15823258
96.00000000,2288.00000000,0.15757715
96.00000000,2289.00000000,0.15691855
96.00000000,2290.00000000,0.15625696
96.00000000,2291.00000000,0.15559238
96.00000000,2292.00000000,0.15492500
96.00000000,2293.00000000,0.15425489
96.00000000,2294.00000000,0.15358207
96.00000000,2295.00000000,0.15290673
96.00000000,2296.00000000,0.15222890
96.00000000,2297.00000000,0.15154863
96.00000000,2298.00000000,0.15086609
96.00000000,2299.00000000,0.15018131
96.00000000,2300.00000000,0.14949432
96.00000000,2301.00000000,0.14880526
96.00000000,2302.00000000,0.14811419
96.00000000,2303.00000000,0.14742110
96.00000000,2304.00000000,0.14672614
96.00000000,2305.00000000,0.14602930
96.00000000,2306.00000000,0.14533072
96.00000000,2307.00000000,0.14463040
96.00000000,2308.00000000,0.14392841
96.00000000,2309.00000000,0.14322487
96.00000000,2310.00000000,0.14251979
96.00000000,2311.00000000,0.14181319
96.00000000,2312.00000000,0.14110521
96.00000000,2313.00000000,0.14039587
96.00000000,2314.00000000,0.13968517
96.00000000,2315.00000000,0.13897326
96.00000000,2316.00000000,0.13826009
96.00000000,2317.00000000,0.13754580
96.00000000,2318.00000000,0.13683039
96.00000000,2319.00000000,0.13611390
96.00000000,2320.00000000,0.13539640
96.00000000,2321.00000000,0.13467794
96.00000000,2322.00000000,0.13395851
96.00000000,2323.00000000,0.13323823
96.00000000,2324.00000000,0.13251711
96.00000000,2325.00000000,0.13179516
96.00000000,2326.00000000,0.13107245
96.00000000,2327.00000000,0.13034901
96.00000000,2328.00000000,0.12962491
96.00000000,2329.00000000,0.12890016
96.00000000,2330.00000000,0.12817475
96.00000000,2331.00000000,0.12744881
96.00000000,2332.00000000,0.12672232
96.00000000,2333.00000000,0.12599529
96.00000000,2334.00000000,0.12526783
96.00000000,2335.00000000,0.12453993
96.00000000,2336.00000000,0.12381159
96.00000000,2337.00000000,0.12308291
96.00000000,2338.00000000,0.12235391
96.00000000,2339.00000000,0.12162455
96.00000000,2340.00000000,0.12089495
96.00000000,2341.00000000,0.12016508
96.00000000,2342.00000000,0.11943506
96.00000000,2343.00000000,0.11870491
96.00000000,2344.00000000,0.11797466
96.00000000,2345.00000000,0.11739886
96.00000000,2346.00000000,0.11727777
96.00000000,2347.00000000,0.11728112
96.00000000,2348.00000000,0.11728471
96.00000000,2349.00000000,0.11728853
96.00000000,2350.00000000,0.11729253
96.00000000,2351.00000000,0.11729680
96.00000000,2352.00000000,0.11732071
96.00000000,2353.00000000,0.11734486
96.00000000,2354.00000000,0.11736924
96.00000000,2355.00000000,0.11739376
96.00000000,2356.00000000,0.11741852
96.00000000,2357.00000000,0.11740495
96.00000000,2358.00000000,0.11739150
96.00000000,2359.00000000,0.11737826
96.00000000,2360.00000000,0.11736518
96.00000000,2361.00000000,0.11735222
96.00000000,2362.00000000,0.11733944
96.00000000,2363.00000000,0.11732683
96.00000000,2364.00000000,0.11731430
96.00000000,2365.00000000,0.11730197
96.00000000,2366.00000000,0.11728973
96.00000000,2367.00000000,0.11727767
96.00000000,2368.00000000,0.11726573
96.00000000,2369.00000000,0.11725389
96.00000000,2370.00000000,0.11724220
96.00000000,2371.00000000,0.11723065
96.00000000,2372.00000000,0.11721751
96.00000000,2373.00000000,0.11720451
96.00000000,2374.00000000,0.11719164
96.00000000,2375.00000000,0.11717884
96.00000000,2376.00000000,0.11716617
96.00000000,2377.00000000,0.11715357
96.00000000,2378.00000000,0.11714112
96.00000000,2379.00000000,0.11712876
96.00000000,2380.00000000,0.11711646
96.00000000,2381.00000000,0.11710430
96.00000000,2382.00000000,0.11709223
96.00000000,2383.00000000,0.11708021
96.00000000,2384.00000000,0.11706832
96.00000000,2385.00000000,0.11705651
96.00000000,2386.00000000,0.11704474
96.00000000,2387.00000000,0.11703310
96.00000000,2388.00000000,0.11702150
96.00000000,2389.00000000,0.11701002
96.00000000,2390.00000000,0.11699861
96.00000000,2391.00000000,0.11698723
96.00000000,2392.00000000,0.11697597
96.00000000,2393.00000000,0.11696479
96.00000000,2394.00000000,0.11695362
96.00000000,2395.00000000,0.11694257
96.00000000,2396.00000000,0.11693159
96.00000000,2397.00000000,0.11692432
96.00000000,2398.00000000,0.11691718
96.00000000,2399.00000000,0.11691010
96.00000000,2400.00000000,0.11690302
96.00000000,2401.00000000,0.11689605
96.00000000,2402.00000000,0.11688911
96.00000000,2403.00000000,0.11688227
96.00000000,2404.00000000,0.11687549
96.00000000,2405.00000000,0.11686872
96.00000000,2406.00000000,0.11686208
96.00000000,2407.00000000,0.11685548
96.00000000,2408.00000000,0.11684890
96.00000000,2409.00000000,0.11684241
96.00000000,2410.00000000,0.11683599
96.00000000,2411.00000000,0.11682956
96.00000000,2412.00000000,0.11682324
96.00000000,2413.00000000,0.11681691
96.00000000,2414.00000000,0.11681069
96.00000000,2415.00000000,0.11680451
96.00000000,2416.00000000,0.11679833
96.00000000,2417.00000000,0.11679225
96.00000000,2418.00000000,0.11678620
96.00000000,2419.00000000,0.11678015
96.00000000,2420.00000000,0.11677419
96.00000000,2421.00000000,0.11676828
96.00000000,2422.00000000,0.11676235
96.00000000,2423.00000000,0.11675651
96.00000000,2424.00000000,0.11675070
96.00000000,2425.00000000,0.11674488
96.00000000,2426.00000000,0.11673915
96.00000000,2427.00000000,0.11673339
96.00000000,2428.00000000,0.11672772
96.00000000,2429.00000000,0.11672208
96.00000000,2430.00000000,0.11671642
96.00000000,2431.00000000,0.11671084
96.00000000,2432.00000000,0.11670531
96.00000000,2433.00000000,0.11669973
96.00000000,2434.00000000,0.11669423
96.00000000,2435.00000000,0.11668878
96.00000000,2436.00000000,0.11668327
96.00000000,2437.00000000,0.11667787
96.00000000,2438.00000000,0.11667241
96.00000000,2439.00000000,0.11666705
96.00000000,2440.00000000,0.11666170
96.00000000,2441.00000000,0.11665632
96.00000000,2442.00000000,0.11665102
96.00000000,2443.00000000,0.11664575
96.00000000,2444.00000000,0.11664043
96.00000000,2445.00000000,0.11663517
96.00000000,2446.00000000,0.11662995
96.00000000,2447.00000000,0.11662364
96.00000000,2448.00000000,0.11661739
96.00000000,2449.00000000,0.11661116
96.00000000,2450.00000000,0.11660488
96.00000000,2451.00000000,0.11659867
96.00000000,2452.00000000,0.11659243
96.00000000,2453.00000000,0.11658624
96.00000000,2454.00000000,0.11658007
96.00000000,2455.00000000,0.11657384
96.00000000,2456.00000000,0.11656768
96.00000000,2457.00000000,0.11656154
96.00000000,2458.00000000,0.11655533
96.00000000,2459.00000000,0.11654920
96.00000000,2460.00000000,0.11654305
96.00000000,2461.00000000,0.11653687
96.00000000,2462.00000000,0.11653074
96.00000000,2463.00000000,0.11652456
96.00000000,2464.00000000,0.11651845
96.00000000,2465.00000000,0.11651234
96.00000000,2466.00000000,0.11650617
96.00000000,2467.00000000,0.11650007
96.00000000,2468.00000000,0.11649397
96.00000000,2469.00000000,0.11648780
96.00000000,2470.00000000,0.11648172
96.00000000,2471.00000000,0.11647562
96.00000000,2472.00000000,0.11646948
96.00000000,2473.00000000,0.11646339
96.00000000,2474.00000000,0.11645723
96.00000000,2475.00000000,0.11645115
96.00000000,2476.00000000,0.11644507
96.00000000,2477.00000000,0.11643892
96.00000000,2478.00000000,0.11643284
96.00000000,2479.00000000,0.11642678
96.00000000,2480.00000000,0.11642062
96.00000000,2481.00000000,0.11641456
96.00000000,2482.00000000,0.11640848
96.00000000,2483.00000000,0.11640233
96.00000000,2484.00000000,0.11639625
96.00000000,2485.00000000,0.11639018
96.00000000,2486.00000000,0.11638404
96.00000000,2487.00000000,0.11637796
96.00000000,2488.00000000,0.11637181
96.00000000,2489.00000000,0.11636572
96.00000000,2490.00000000,0.11635965
96.00000000,2491.00000000,0.11635349
96.00000000,2492.00000000,0.11634740
96.00000000,2493.00000000,0.11634132
96.00000000,2494.00000000,0.11633516
96.00000000,2495.00000000,0.11632907
96.00000000,2496.00000000,0.11632298
96.00000000,2497.00000000,0.11631569
96.00000000,2498.00000000,0.11630848
96.00000000,2499.00000000,0.11630118
96.00000000,2500.00000000,0.11629396
97.00000000,1765.00000000,0.08533320
97.00000000,1766.00000000,0.08533317
97.00000000,1767.00000000,0.08533324
97.00000000,1768.00000000,0.08533326
97.00000000,1769.00000000,0.08533363
97.00000000,1770.00000000,0.08533398
97.00000000,1771.00000000,0.08533466
97.00000000,1772.00000000,0.08533539
97.00000000,1773.00000000,0.08533637
97.00000000,1774.00000000,0.08533735
97.00000000,1775.00000000,0.08533855
97.00000000,1776.00000000,0.08534004
97.00000000,1777.00000000,0.08534154
97.00000000,1778.00000000,0.08534320
97.00000000,1779.00000000,0.08534499
97.00000000,1780.00000000,0.08534706
97.00000000,1781.00000000,0.08534915
97.00000000,1782.00000000,0.08535139
97.00000000,1783.00000000,0.08535376
97.00000000,1784.00000000,0.08535634
97.00000000,1785.00000000,0.08535895
97.00000000,1786.00000000,0.08536165
97.00000000,1787.00000000,0.08536453
97.00000000,1788.00000000,0.08536747
97.00000000,1789.00000000,0.08537050
97.00000000,1790.00000000,0.08537359
97.00000000,1791.00000000,0.08537683
97.00000000,1792.00000000,0.08538017
97.00000000,1793.00000000,0.08538354
97.00000000,1794.00000000,0.08538700
97.00000000,1795.00000000,0.08539053
97.00000000,1796.00000000,0.08539408
97.00000000,1797.00000000,0.08539771
97.00000000,1798.00000000,0.08540152
97.00000000,1799.00000000,0.08540528
97.00000000,1800.00000000,0.08540905
97.00000000,1801.00000000,0.08541307
97.00000000,1802.00000000,0.08541684
97.00000000,1803.00000000,0.08542082
97.00000000,1804.00000000,0.08542486
97.00000000,1805.00000000,0.08542893
97.00000000,1806.00000000,0.08543283
97.00000000,1807.00000000,0.08543701
97.00000000,1808.00000000,0.08544112
97.00000000,1809.00000000,0.08544528
97.00000000,1810.00000000,0.08544954
97.00000000,1811.00000000,0.08545370
97.00000000,1812.00000000,0.08545794
97.00000000,1813.00000000,0.08546221
97.00000000,1814.00000000,0.08546654
97.00000000,1815.00000000,0.08547078
97.00000000,1816.00000000,0.08547512
97.00000000,1817.00000000,0.08547950
97.00000000,1818.00000000,0.08548385
97.00000000,1819.00000000,0.08548824
97.00000000,1820.00000000,0.08549257
97.00000000,1821.00000000,0.08549695
97.00000000,1822.00000000,0.08550132
97.00000000,1823.00000000,0.08550575
97.00000000,1824.00000000,0.08551013
97.00000000,1825.00000000,0.08551458
97.00000000,1826.00000000,0.08551896
97.00000000,1827.00000000,0.08552340
97.00000000,1828.00000000,0.08552782
97.00000000,1829.00000000,0.08553223
97.00000000,1830.00000000,0.08553667
97.00000000,1831.00000000,0.08554104
97.00000000,1832.00000000,0.08554545
97.00000000,1833.00000000,0.08554989
97.00000000,1834.00000000,0.08555420
97.00000000,1835.00000000,0.08555863
97.00000000,1836.00000000,0.08556305
97.00000000,1837.00000000,0.08556738
97.00000000,1838.00000000,0.08557178
97.00000000,1839.00000000,0.08557611
97.00000000,1840.00000000,0.08558051
97.00000000,1841.00000000,0.08558485
97.00000000,1842.00000000,0.08558918
97.00000000,1843.00000000,0.08559355
97.00000000,1844.00000000,0.08559789
97.00000000,1845.00000000,0.08560224
97.00000000,1846.00000000,0.08560659
97.00000000,1847.00000000,0.08561090
97.00000000,1848.00000000,0.08561523
97.00000000,1849.00000000,0.08561962
97.00000000,1850.00000000,0.08562395
97.00000000,1851.00000000,0.08562828
97.00000000,1852.00000000,0.08563255
97.00000000,1853.00000000,0.08563726
97.00000000,1854.00000000,0.08564223
97.00000000,1855.00000000,0.08564718
97.00000000,1856.00000000,0.08565206
97.00000000,1857.00000000,0.08565693
97.00000000,1858.00000000,0.08566177
97.00000000,1859.00000000,0.08566662
97.00000000,1860.00000000,0.08567153
97.00000000,1861.00000000,0.08567643
97.00000000,1862.00000000,0.08568124
97.00000000,1863.00000000,0.08569328
97.00000000,1864.00000000,0.08569705
97.00000000,1865.00000000,0.08570043
97.00000000,1866.00000000,0.08570363
97.00000000,1867.00000000,0.08570657
97.00000000,1868.00000000,0.08571198
97.00000000,1869.00000000,0.08571452
97.00000000,1870.00000000,0.08571695
97.00000000,1871.00000000,0.08571922
97.00000000,1872.00000000,0.08572179
97.00000000,1873.00000000,0.08572524
97.00000000,1874.00000000,0.08572937
97.00000000,1875.00000000,0.08573390
97.00000000,1876.00000000,0.08573879
97.00000000,1877.00000000,0.08574408
97.00000000,1878.00000000,0.08575218
97.00000000,1879.00000000,0.08575790
97.00000000,1880.00000000,0.08576376
97.00000000,1881.00000000,0.08576977
97.00000000,1882.00000000,0.08577573
97.00000000,1883.00000000,0.08578135
97.00000000,1884.00000000,0.08578656
97.00000000,1885.00000000,0.08579155
97.00000000,1886.00000000,0.08579644
97.00000000,1887.00000000,0.08580116
97.00000000,1888.00000000,0.08580850
97.00000000,1889.00000000,0.08581288
97.00000000,1890.00000000,0.08581699
97.00000000,1891.00000000,0.08582075
97.00000000,1892.00000000,0.08582429
97.00000000,1893.00000000,0.08582768
97.00000000,1894.00000000,0.08583374
97.00000000,1895.00000000,0.08583741
97.00000000,1896.00000000,0.08584107
97.00000000,1897.00000000,0.08584743
97.00000000,1898.00000000,0.08585106
97.00000000,1899.00000000,0.08585973
97.00000000,1900.00000000,0.08586023
97.00000000,1901.00000000,0.08586309
97.00000000,1902.00000000,0.08586620
97.00000000,1903.00000000,0.08587200
97.00000000,1904.00000000,0.08587534
97.00000000,1905.00000000,0.08587890
97.00000000,1906.00000000,0.08588282
97.00000000,1907.00000000,0.08588685
97.00000000,1908.00000000,0.08589353
97.00000000,1909.00000000,0.08589750
97.00000000,1910.00000000,0.08590151
97.00000000,1911.00000000,0.08590543
97.00000000,1912.00000000,0.08591122
97.00000000,1913.00000000,0.08591614
97.00000000,1914.00000000,0.08592001
97.00000000,1915.00000000,0.08592078
97.00000000,1916.00000000,0.08592157
97.00000000,1917.00000000,0.08592239
97.00000000,1918.00000000,0.08592303
97.00000000,1919.00000000,0.08592639
97.00000000,1920.00000000,0.08593043
97.00000000,1921.00000000,0.08593256
97.00000000,1922.00000000,0.08593847
97.00000000,1923.00000000,0.08594249
97.00000000,1924.00000000,0.08594936
97.00000000,1925.00000000,0.08595351
97.00000000,1926.00000000,0.08595750
97.00000000,1927.00000000,0.08597744
97.00000000,1928.00000000,0.08597905
97.00000000,1929.00000000,0.08598328
97.00000000,1930.00000000,0.08599037
97.00000000,1931.00000000,0.08599601
97.00000000,1932.00000000,0.08600575
97.00000000,1933.00000000,0.08602426
97.00000000,1934.00000000,0.08603298
97.00000000,1935.00000000,0.08604430
97.00000000,1936.00000000,0.08605514
97.00000000,1937.00000000,0.08606757
97.00000000,1938.00000000,0.08607603
97.00000000,1939.00000000,0.08608624
97.00000000,1940.00000000,0.08609306
97.00000000,1941.00000000,0.08610151
97.00000000,1942.00000000,0.08611406
97.00000000,1943.00000000,0.08611537
97.00000000,1944.00000000,0.08612412
97.00000000,1945.00000000,0.08612759
97.00000000,1946.00000000,0.08613745
97.00000000,1947.00000000,0.08615191
97.00000000,1948.00000000,0.08615687
97.00000000,1949.00000000,0.08616988
97.00000000,1950.00000000,0.08618019
97.00000000,1951.00000000,0.08621136
97.00000000,1952.00000000,0.08622225
97.00000000,1953.00000000,0.08624127
97.00000000,1954.00000000,0.08624969
97.00000000,1955.00000000,0.08625839
97.00000000,1956.00000000,0.08627767
97.00000000,1957.00000000,0.08630441
97.00000000,1958.00000000,0.08632014
97.00000000,1959.00000000,0.08632986
97.00000000,1960.00000000,0.08635064
97.00000000,1961.00000000,0.08637235
97.00000000,1962.00000000,0.08639051
97.00000000,1963.00000000,0.08639740
97.00000000,1964.00000000,0.08641703
97.00000000,1965.00000000,0.08642690
97.00000000,1966.00000000,0.08644078
97.00000000,1967.00000000,0.08644821
97.00000000,1968.00000000,0.08646484
97.00000000,1969.00000000,0.08650047
97.00000000,1970.00000000,0.08651781
97.00000000,1971.00000000,0.08647628
97.00000000,1972.00000000,0.08649331
97.00000000,1973.00000000,0.08647748
97.00000000,1974.00000000,0.08645854
97.00000000,1975.00000000,0.08643366
97.00000000,1976.00000000,0.08644122
97.00000000,1977.00000000,0.08648053
97.00000000,1978.00000000,0.08646989
97.00000000,1979.00000000,0.08647459
97.00000000,1980.00000000,0.08648640
97.00000000,1981.00000000,0.08646414
97.00000000,1982.00000000,0.08644156
97.00000000,1983.00000000,0.08642911
97.00000000,1984.00000000,0.08644762
97.00000000,1985.00000000,0.08651688
97.00000000,1986.00000000,0.08650483
97.00000000,1987.00000000,0.08656975
97.00000000,1988.00000000,0.08660110
97.00000000,1989.00000000,0.08659595
97.00000000,1990.00000000,0.08657467
97.00000000,1991.00000000,0.08659790
97.00000000,1992.00000000,0.08664815
97.00000000,1993.00000000,0.08667325
97.00000000,1994.00000000,0.08672101
97.00000000,1995.00000000,0.08678066
97.00000000,1996.00000000,0.08688518
97.00000000,1997.00000000,0.08695063
97.00000000,1998.00000000,0.08699220
97.00000000,1999.00000000,0.08702379
97.00000000,2000.00000000,0.08715231
97.00000000,2001.00000000,0.08716634
97.00000000,2002.00000000,0.08726348
97.00000000,2003.00000000,0.08737395
97.00000000,2004.00000000,0.08756897
97.00000000,2005.00000000,0.08747229
97.00000000,2006.00000000,0.08755043
97.00000000,2007.00000000,0.08762123
97.00000000,2008.00000000,0.08764369
97.00000000,2009.00000000,0.08772979
97.00000000,2010.00000000,0.08786678
97.00000000,2011.00000000,0.08759365
97.00000000,2012.00000000,0.08752757
97.00000000,2013.00000000,0.08765282
97.00000000,2014.00000000,0.08775168
97.00000000,2015.00000000,0.08765864
97.00000000,2016.00000000,0.08727624
97.00000000,2017.00000000,0.08755229
97.00000000,2018.00000000,0.08716804
97.00000000,2019.00000000,0.08722272
97.00000000,2020.00000000,0.08748901
97.00000000,2021.00000000,0.08741355
97.00000000,2022.00000000,0.08738536
97.00000000,2023.00000000,0.08734550
97.00000000,2024.00000000,0.08748668
97.00000000,2025.00000000,0.08743189
97.00000000,2026.00000000,0.08757307
97.00000000,2027.00000000,0.08727331
97.00000000,2028.00000000,0.08691939
97.00000000,2029.00000000,0.08661633
97.00000000,2030.00000000,0.08666789
97.00000000,2031.00000000,0.08680599
97.00000000,2032.00000000,0.08687763
97.00000000,2033.00000000,0.08707335
97.00000000,2034.00000000,0.08720707
97.00000000,2035.00000000,0.08696968
97.00000000,2036.00000000,0.08702830
97.00000000,2037.00000000,0.08723024
97.00000000,2038.00000000,0.08724925
97.00000000,2039.00000000,0.08719947
97.00000000,2040.00000000,0.08725257
97.00000000,2041.00000000,0.08716157
97.00000000,2042.00000000,0.08652982
97.00000000,2043.00000000,0.08665511
97.00000000,2044.00000000,0.08697067
97.00000000,2045.00000000,0.08709246
97.00000000,2046.00000000,0.08689609
97.00000000,2047.00000000,0.08735227
97.00000000,2048.00000000,0.08762518
97.00000000,2049.00000000,0.08762315
97.00000000,2050.00000000,0.08766302
97.00000000,2051.00000000,0.08765031
97.00000000,2052.00000000,0.08801967
97.00000000,2053.00000000,0.08828145
97.00000000,2054.00000000,0.08843585
97.00000000,2055.00000000,0.08851054
97.00000000,2056.00000000,0.08876227
97.00000000,2057.00000000,0.08897120
97.00000000,2058.00000000,0.08893875
97.00000000,2059.00000000,0.08912507
97.00000000,2060.00000000,0.08941412
97.00000000,2061.00000000,0.08973228
97.00000000,2062.00000000,0.08999438
97.00000000,2063.00000000,0.09031348
97.00000000,2064.00000000,0.09050211
97.00000000,2065.00000000,0.09086504
97.00000000,2066.00000000,0.09131426
97.00000000,2067.00000000,0.09191954
97.00000000,2068.00000000,0.09223239
97.00000000,2069.00000000,0.09257784
97.00000000,2070.00000000,0.09308834
97.00000000,2071.00000000,0.09305250
97.00000000,2072.00000000,0.09292789
97.00000000,2073.00000000,0.09351998
97.00000000,2074.00000000,0.09382114
97.00000000,2075.00000000,0.09395707
97.00000000,2076.00000000,0.09458825
97.00000000,2077.00000000,0.09441574
97.00000000,2078.00000000,0.09398650
97.00000000,2079.00000000,0.09385434
97.00000000,2080.00000000,0.09378290
97.00000000,2081.00000000,0.09418307
97.00000000,2082.00000000,0.09452413
97.00000000,2083.00000000,0.09489650
97.00000000,2084.00000000,0.09521709
97.00000000,2085.00000000,0.09570127
97.00000000,2086.00000000,0.09598436
97.00000000,2087.00000000,0.09610444
97.00000000,2088.00000000,0.09631178
97.00000000,2089.00000000,0.09603127
97.00000000,2090.00000000,0.09604331
97.00000000,2091.00000000,0.09632164
97.00000000,2092.00000000,0.09663091
97.00000000,2093.00000000,0.09696195
97.00000000,2094.00000000,0.09722809
97.00000000,2095.00000000,0.09716939
97.00000000,2096.00000000,0.09714281
97.00000000,2097.00000000,0.09755331
97.00000000,2098.00000000,0.09795571
97.00000000,2099.00000000,0.09811026
97.00000000,2100.00000000,0.09893192
97.00000000,2101.00000000,0.09987107
97.00000000,2102.00000000,0.10061098
97.00000000,2103.00000000,0.10110112
97.00000000,2104.00000000,0.10159563
97.00000000,2105.00000000,0.10209462
97.00000000,2106.00000000,0.10259738
97.00000000,2107.00000000,0.10310390
97.00000000,2108.00000000,0.10377721
97.00000000,2109.00000000,0.10445414
97.00000000,2110.00000000,0.10513464
97.00000000,2111.00000000,0.10581852
97.00000000,2112.00000000,0.10650560
97.00000000,2113.00000000,0.10719589
97.00000000,2114.00000000,0.10788917
97.00000000,2115.00000000,0.10858530
97.00000000,2116.00000000,0.10928423
97.00000000,2117.00000000,0.10998579
97.00000000,2118.00000000,0.11061789
97.00000000,2119.00000000,0.11125250
97.00000000,2120.00000000,0.11188947
97.00000000,2121.00000000,0.11252882
97.00000000,2122.00000000,0.11317043
97.00000000,2123.00000000,0.11381431
97.00000000,2124.00000000,0.11446046
97.00000000,2125.00000000,0.11510884
97.00000000,2126.00000000,0.11575938
97.00000000,2127.00000000,0.11641228
97.00000000,2128.00000000,0.11721695
97.00000000,2129.00000000,0.11802384
97.00000000,2130.00000000,0.11883298
97.00000000,2131.00000000,0.11964424
97.00000000,2132.00000000,0.12045745
97.00000000,2133.00000000,0.12127270
97.00000000,2134.00000000,0.12208980
97.00000000,2135.00000000,0.12290875
97.00000000,2136.00000000,0.12372946
97.00000000,2137.00000000,0.12455180
97.00000000,2138.00000000,0.12548475
97.00000000,2139.00000000,0.12641928
97.00000000,2140.00000000,0.12735524
97.00000000,2141.00000000,0.12829263
97.00000000,2142.00000000,0.12923128
97.00000000,2143.00000000,0.13017098
97.00000000,2144.00000000,0.13111181
97.00000000,2145.00000000,0.13205351
97.00000000,2146.00000000,0.13299609
97.00000000,2147.00000000,0.13393935
97.00000000,2148.00000000,0.13487697
97.00000000,2149.00000000,0.13581515
97.00000000,2150.00000000,0.13675369
97.00000000,2151.00000000,0.13769315
97.00000000,2152.00000000,0.13863563
97.00000000,2153.00000000,0.13958301
97.00000000,2154.00000000,0.14053619
97.00000000,2155.00000000,0.14149566
97.00000000,2156.00000000,0.14246149
97.00000000,2157.00000000,0.14343350
97.00000000,2158.00000000,0.14417357
97.00000000,2159.00000000,0.14491919
97.00000000,2160.00000000,0.14567028
97.00000000,2161.00000000,0.14642659
97.00000000,2162.00000000,0.14718782
97.00000000,2163.00000000,0.14795395
97.00000000,2164.00000000,0.14872470
97.00000000,2165.00000000,0.14949982
97.00000000,2166.00000000,0.15027917
97.00000000,2167.00000000,0.15106249
97.00000000,2168.00000000,0.15163414
97.00000000,2169.00000000,0.15220911
97.00000000,2170.00000000,0.15278710
97.00000000,2171.00000000,0.15336821
97.00000000,2172.00000000,0.15395221
97.00000000,2173.00000000,0.15453896
97.00000000,2174.00000000,0.15512840
97.00000000,2175.00000000,0.15572039
97.00000000,2176.00000000,0.15631478
97.00000000,2177.00000000,0.15691152
97.00000000,2178.00000000,0.15738951
97.00000000,2179.00000000,0.15786931
97.00000000,2180.00000000,0.15835096
97.00000000,2181.00000000,0.15883424
97.00000000,2182.00000000,0.15931927
97.00000000,2183.00000000,0.15980589
97.00000000,2184.00000000,0.16029401
97.00000000,2185.00000000,0.16078365
97.00000000,2186.00000000,0.16127467
97.00000000,2187.00000000,0.16176697
97.00000000,2188.00000000,0.16213499
97.00000000,2189.00000000,0.16250392
97.00000000,2190.00000000,0.16287368
97.00000000,2191.00000000,0.16324435
97.00000000,2192.00000000,0.16361585
97.00000000,2193.00000000,0.16398810
97.00000000,2194.00000000,0.16436117
97.00000000,2195.00000000,0.16473488
97.00000000,2196.00000000,0.16510946
97.00000000,2197.00000000,0.16548465
97.00000000,2198.00000000,0.16576324
97.00000000,2199.00000000,0.16604234
97.00000000,2200.00000000,0.16632178
97.00000000,2201.00000000,0.16660147
97.00000000,2202.00000000,0.16688159
97.00000000,2203.00000000,0.16716212
97.00000000,2204.00000000,0.16744282
97.00000000,2205.00000000,0.16772395
97.00000000,2206.00000000,0.16800535
97.00000000,2207.00000000,0.16828708
97.00000000,2208.00000000,0.16856916
97.00000000,2209.00000000,0.16885139
97.00000000,2210.00000000,0.16913398
97.00000000,2211.00000000,0.16941686
97.00000000,2212.00000000,0.16969987
97.00000000,2213.00000000,0.16998324
97.00000000,2214.00000000,0.17026688
97.00000000,2215.00000000,0.17055062
97.00000000,2216.00000000,0.17083471
97.00000000,2217.00000000,0.17111899
97.00000000,2218.00000000,0.17140341
97.00000000,2219.00000000,0.17168808
97.00000000,2220.00000000,0.17197287
97.00000000,2221.00000000,0.17225794
97.00000000,2222.00000000,0.17254316
97.00000000,2223.00000000,0.17282849
97.00000000,2224.00000000,0.17311404
97.00000000,2225.00000000,0.17339973
97.00000000,2226.00000000,0.17368549
97.00000000,2227.00000000,0.17397143
97.00000000,2228.00000000,0.17425747
97.00000000,2229.00000000,0.17454357
97.00000000,2230.00000000,0.17482980
97.00000000,2231.00000000,0.17511605
97.00000000,2232.00000000,0.17540240
97.00000000,2233.00000000,0.17568881
97.00000000,2234.00000000,0.17597515
97.00000000,2235.00000000,0.17626159
97.00000000,2236.00000000,0.17654801
97.00000000,2237.00000000,0.17683437
97.00000000,2238.00000000,0.17712073
97.00000000,2239.00000000,0.17740704
97.00000000,2240.00000000,0.17769323
97.00000000,2241.00000000,0.17797937
97.00000000,2242.00000000,0.17826535
97.00000000,2243.00000000,0.17855124
97.00000000,2244.00000000,0.17883694
97.00000000,2245.00000000,0.17912236
97.00000000,2246.00000000,0.17940754
97.00000000,2247.00000000,0.17969232
97.00000000,2248.00000000,0.17928287
97.00000000,2249.00000000,0.17887088
97.00000000,2250.00000000,0.17845517
97.00000000,2251.00000000,0.17803349
97.00000000,2252.00000000,0.17760391
97.00000000,2253.00000000,0.17716533
97.00000000,2254.00000000,0.17671734
97.00000000,2255.00000000,0.17626000
97.00000000,2256.00000000,0.17579326
97.00000000,2257.00000000,0.17531745
97.00000000,2258.00000000,0.17483262
97.00000000,2259.00000000,0.17433900
97.00000000,2260.00000000,0.17383693
97.00000000,2261.00000000,0.17332664
97.00000000,2262.00000000,0.17280849
97.00000000,2263.00000000,0.17228294
97.00000000,2264.00000000,0.17175024
97.00000000,2265.00000000,0.17121058
97.00000000,2266.00000000,0.17066430
97.00000000,2267.00000000,0.17011152
97.00000000,2268.00000000,0.16955253
97.00000000,2269.00000000,0.16898752
97.00000000,2270.00000000,0.16841660
97.00000000,2271.00000000,0.16784003
97.00000000,2272.00000000,0.16725800
97.00000000,2273.00000000,0.16667059
97.00000000,2274.00000000,0.16607806
97.00000000,2275.00000000,0.16548055
97.00000000,2276.00000000,0.16487815
97.00000000,2277.00000000,0.16427112
97.00000000,2278.00000000,0.16365958
97.00000000,2279.00000000,0.16304360
97.00000000,2280.00000000,0.16242344
97.00000000,2281.00000000,0.16179914
97.00000000,2282.00000000,0.16117090
97.00000000,2283.00000000,0.16053881
97.00000000,2284.00000000,0.15990296
97.00000000,2285.00000000,0.15926355
97.00000000,2286.00000000,0.15862063
97.00000000,2287.00000000,0.15797430
97.00000000,2288.00000000,0.15732476
97.00000000,2289.00000000,0.15667202
97.00000000,2290.00000000,0.15601620
97.00000000,2291.00000000,0.15535745
97.00000000,2292.00000000,0.15469579
97.00000000,2293.00000000,0.15403141
97.00000000,2294.00000000,0.15336432
97.00000000,2295.00000000,0.15269460
97.00000000,2296.00000000,0.15202242
97.00000000,2297.00000000,0.15134782
97.00000000,2298.00000000,0.15067081
97.00000000,2299.00000000,0.14999157
97.00000000,2300.00000000,0.14931016
97.00000000,2301.00000000,0.14862658
97.00000000,2302.00000000,0.14794098
97.00000000,2303.00000000,0.14725336
97.00000000,2304.00000000,0.14656378
97.00000000,2305.00000000,0.14587237
97.00000000,2306.00000000,0.14517911
97.00000000,2307.00000000,0.14448415
97.00000000,2308.00000000,0.14378751
97.00000000,2309.00000000,0.14308920
97.00000000,2310.00000000,0.14238938
97.00000000,2311.00000000,0.14168803
97.00000000,2312.00000000,0.14098523
97.00000000,2313.00000000,0.14028104
97.00000000,2314.00000000,0.13957553
97.00000000,2315.00000000,0.13886869
97.00000000,2316.00000000,0.13816065
97.00000000,2317.00000000,0.13745138
97.00000000,2318.00000000,0.13674102
97.00000000,2319.00000000,0.13602956
97.00000000,2320.00000000,0.13531702
97.00000000,2321.00000000,0.13460352
97.00000000,2322.00000000,0.13388905
97.00000000,2323.00000000,0.13317364
97.00000000,2324.00000000,0.13245739
97.00000000,2325.00000000,0.13174031
97.00000000,2326.00000000,0.13102239
97.00000000,2327.00000000,0.13030377
97.00000000,2328.00000000,0.12958439
97.00000000,2329.00000000,0.12886437
97.00000000,2330.00000000,0.12814372
97.00000000,2331.00000000,0.12742243
97.00000000,2332.00000000,0.12670061
97.00000000,2333.00000000,0.12597825
97.00000000,2334.00000000,0.12525535
97.00000000,2335.00000000,0.12453202
97.00000000,2336.00000000,0.12380827
97.00000000,2337.00000000,0.12308407
97.00000000,2338.00000000,0.12235954
97.00000000,2339.00000000,0.12163469
97.00000000,2340.00000000,0.12090950
97.00000000,2341.00000000,0.12018406
97.00000000,2342.00000000,0.11945836
97.00000000,2343.00000000,0.11873250
97.00000000,2344.00000000,0.11800652
97.00000000,2345.00000000,0.11728044
97.00000000,2346.00000000,0.11670792
97.00000000,2347.00000000,0.11658747
97.00000000,2348.00000000,0.11659074
97.00000000,2349.00000000,0.11659425
97.00000000,2350.00000000,0.11659799
97.00000000,2351.00000000,0.11660192
97.00000000,2352.00000000,0.11660610
97.00000000,2353.00000000,0.11662981
97.00000000,2354.00000000,0.11665379
97.00000000,2355.00000000,0.11667796
97.00000000,2356.00000000,0.11670229
97.00000000,2357.00000000,0.11672686
97.00000000,2358.00000000,0.11671331
97.00000000,2359.00000000,0.11669989
97.00000000,2360.00000000,0.11668667
97.00000000,2361.00000000,0.11667361
97.00000000,2362.00000000,0.11666067
97.00000000,2363.00000000,0.11664792
97.00000000,2364.00000000,0.11663532
97.00000000,2365.00000000,0.11662282
97.00000000,2366.00000000,0.11661051
97.00000000,2367.00000000,0.11659829
97.00000000,2368.00000000,0.11658623
97.00000000,2369.00000000,0.11657432
97.00000000,2370.00000000,0.11656248
97.00000000,2371.00000000,0.11655083
97.00000000,2372.00000000,0.11653927
97.00000000,2373.00000000,0.11652615
97.00000000,2374.00000000,0.11651319
97.00000000,2375.00000000,0.11650032
97.00000000,2376.00000000,0.11648753
97.00000000,2377.00000000,0.11647490
97.00000000,2378.00000000,0.11646232
97.00000000,2379.00000000,0.11644987
97.00000000,2380.00000000,0.11643754
97.00000000,2381.00000000,0.11642526
97.00000000,2382.00000000,0.11641311
97.00000000,2383.00000000,0.11640104
97.00000000,2384.00000000,0.11638903
97.00000000,2385.00000000,0.11637716
97.00000000,2386.00000000,0.11636537
97.00000000,2387.00000000,0.11635361
97.00000000,2388.00000000,0.11634198
97.00000000,2389.00000000,0.11633039
97.00000000,2390.00000000,0.11631892
97.00000000,2391.00000000,0.11630752
97.00000000,2392.00000000,0.11629615
97.00000000,2393.00000000,0.11628490
97.00000000,2394.00000000,0.11627372
97.00000000,2395.00000000,0.11626256
97.00000000,2396.00000000,0.11625151
97.00000000,2397.00000000,0.11624053
97.00000000,2398.00000000,0.11623326
97.00000000,2399.00000000,0.11622610
97.00000000,2400.00000000,0.11621899
97.00000000,2401.00000000,0.11621190
97.00000000,2402.00000000,0.11620492
97.00000000,2403.00000000,0.11619796
97.00000000,2404.00000000,0.11619111
97.00000000,2405.00000000,0.11618432
97.00000000,2406.00000000,0.11617755
97.00000000,2407.00000000,0.11617088
97.00000000,2408.00000000,0.11616426
97.00000000,2409.00000000,0.11615767
97.00000000,2410.00000000,0.11615116
97.00000000,2411.00000000,0.11614473
97.00000000,2412.00000000,0.11613828
97.00000000,2413.00000000,0.11613195
97.00000000,2414.00000000,0.11612561
97.00000000,2415.00000000,0.11611936
97.00000000,2416.00000000,0.11611317
97.00000000,2417.00000000,0.11610697
97.00000000,2418.00000000,0.11610086
97.00000000,2419.00000000,0.11609480
97.00000000,2420.00000000,0.11608873
97.00000000,2421.00000000,0.11608276
97.00000000,2422.00000000,0.11607682
97.00000000,2423.00000000,0.11607086
97.00000000,2424.00000000,0.11606499
97.00000000,2425.00000000,0.11605916
97.00000000,2426.00000000,0.11605333
97.00000000,2427.00000000,0.11604757
97.00000000,2428.00000000,0.11604179
97.00000000,2429.00000000,0.11603610
97.00000000,2430.00000000,0.11603044
97.00000000,2431.00000000,0.11602475
97.00000000,2432.00000000,0.11601914
97.00000000,2433.00000000,0.11601358
97.00000000,2434.00000000,0.11600798
97.00000000,2435.00000000,0.11600247
97.00000000,2436.00000000,0.11599697
97.00000000,2437.00000000,0.11599145
97.00000000,2438.00000000,0.11598601
97.00000000,2439.00000000,0.11598054
97.00000000,2440.00000000,0.11597514
97.00000000,2441.00000000,0.11596977
97.00000000,2442.00000000,0.11596436
97.00000000,2443.00000000,0.11595902
97.00000000,2444.00000000,0.11595372
97.00000000,2445.00000000,0.11594837
97.00000000,2446.00000000,0.11594310
97.00000000,2447.00000000,0.11593784
97.00000000,2448.00000000,0.11593149
97.00000000,2449.00000000,0.11592522
97.00000000,2450.00000000,0.11591897
97.00000000,2451.00000000,0.11591267
97.00000000,2452.00000000,0.11590644
97.00000000,2453.00000000,0.11590017
97.00000000,2454.00000000,0.11589395
97.00000000,2455.00000000,0.11588775
97.00000000,2456.00000000,0.11588149
97.00000000,2457.00000000,0.11587531
97.00000000,2458.00000000,0.11586912
97.00000000,2459.00000000,0.11586289
97.00000000,2460.00000000,0.11585672
97.00000000,2461.00000000,0.11585056
97.00000000,2462.00000000,0.11584434
97.00000000,2463.00000000,0.11583819
97.00000000,2464.00000000,0.11583196
97.00000000,2465.00000000,0.11582582
97.00000000,2466.00000000,0.11581969
97.00000000,2467.00000000,0.11581348
97.00000000,2468.00000000,0.11580736
97.00000000,2469.00000000,0.11580123
97.00000000,2470.00000000,0.11579503
97.00000000,2471.00000000,0.11578892
97.00000000,2472.00000000,0.11578279
97.00000000,2473.00000000,0.11577661
97.00000000,2474.00000000,0.11577050
97.00000000,2475.00000000,0.11576431
97.00000000,2476.00000000,0.11575820
97.00000000,2477.00000000,0.11575210
97.00000000,2478.00000000,0.11574592
97.00000000,2479.00000000,0.11573981
97.00000000,2480.00000000,0.11573370
97.00000000,2481.00000000,0.11572753
97.00000000,2482.00000000,0.11572143
97.00000000,2483.00000000,0.11571531
97.00000000,2484.00000000,0.11570914
97.00000000,2485.00000000,0.11570303
97.00000000,2486.00000000,0.11569693
97.00000000,2487.00000000,0.11569075
97.00000000,2488.00000000,0.11568464
97.00000000,2489.00000000,0.11567846
97.00000000,2490.00000000,0.11567236
97.00000000,2491.00000000,0.11566624
97.00000000,2492.00000000,0.11566006
97.00000000,2493.00000000,0.11565395
97.00000000,2494.00000000,0.11564783
97.00000000,2495.00000000,0.11564164
97.00000000,2496.00000000,0.11563553
97.00000000,2497.00000000,0.11562939
97.00000000,2498.00000000,0.11562208
97.00000000,2499.00000000,0.11561485
97.00000000,2500.00000000,0.11560753
98.00000000,1765.00000000,0.08476274
98.00000000,1766.00000000,0.08476284
98.00000000,1767.00000000,0.08476287
98.00000000,1768.00000000,0.08476304
98.00000000,1769.00000000,0.08476318
98.00000000,1770.00000000,0.08476370
98.00000000,1771.00000000,0.08476420
98.00000000,1772.00000000,0.08476503
98.00000000,1773.00000000,0.08476591
98.00000000,1774.00000000,0.08476705
98.00000000,1775.00000000,0.08476819
98.00000000,1776.00000000,0.08476954
98.00000000,1777.00000000,0.08477117
98.00000000,1778.00000000,0.08477283
98.00000000,1779.00000000,0.08477462
98.00000000,1780.00000000,0.08477656
98.00000000,1781.00000000,0.08477876
98.00000000,1782.00000000,0.08478096
98.00000000,1783.00000000,0.08478332
98.00000000,1784.00000000,0.08478580
98.00000000,1785.00000000,0.08478847
98.00000000,1786.00000000,0.08479119
98.00000000,1787.00000000,0.08479399
98.00000000,1788.00000000,0.08479695
98.00000000,1789.00000000,0.08479998
98.00000000,1790.00000000,0.08480307
98.00000000,1791.00000000,0.08480625
98.00000000,1792.00000000,0.08480956
98.00000000,1793.00000000,0.08481295
98.00000000,1794.00000000,0.08481639
98.00000000,1795.00000000,0.08481990
98.00000000,1796.00000000,0.08482347
98.00000000,1797.00000000,0.08482708
98.00000000,1798.00000000,0.08483075
98.00000000,1799.00000000,0.08483459
98.00000000,1800.00000000,0.08483839
98.00000000,1801.00000000,0.08484218
98.00000000,1802.00000000,0.08484622
98.00000000,1803.00000000,0.08485002
98.00000000,1804.00000000,0.08485400
98.00000000,1805.00000000,0.08485807
98.00000000,1806.00000000,0.08486216
98.00000000,1807.00000000,0.08486606
98.00000000,1808.00000000,0.08487026
98.00000000,1809.00000000,0.08487438
98.00000000,1810.00000000,0.08487855
98.00000000,1811.00000000,0.08488283
98.00000000,1812.00000000,0.08488699
98.00000000,1813.00000000,0.08489122
98.00000000,1814.00000000,0.08489549
98.00000000,1815.00000000,0.08489982
98.00000000,1816.00000000,0.08490406
98.00000000,1817.00000000,0.08490838
98.00000000,1818.00000000,0.08491274
98.00000000,1819.00000000,0.08491707
98.00000000,1820.00000000,0.08492145
98.00000000,1821.00000000,0.08492576
98.00000000,1822.00000000,0.08493013
98.00000000,1823.00000000,0.08493448
98.00000000,1824.00000000,0.08493889
98.00000000,1825.00000000,0.08494326
98.00000000,1826.00000000,0.08494767
98.00000000,1827.00000000,0.08495202
98.00000000,1828.00000000,0.08495644
98.00000000,1829.00000000,0.08496083
98.00000000,1830.00000000,0.08496521
98.00000000,1831.00000000,0.08496960
98.00000000,1832.00000000,0.08497393
98.00000000,1833.00000000,0.08497829
98.00000000,1834.00000000,0.08498269
98.00000000,1835.00000000,0.08498697
98.00000000,1836.00000000,0.08499135
98.00000000,1837.00000000,0.08499573
98.00000000,1838.00000000,0.08500002
98.00000000,1839.00000000,0.08500437
98.00000000,1840.00000000,0.08500865
98.00000000,1841.00000000,0.08501299
98.00000000,1842.00000000,0.08501729
98.00000000,1843.00000000,0.08502158
98.00000000,1844.00000000,0.08502589
98.00000000,1845.00000000,0.08503017
98.00000000,1846.00000000,0.08503448
98.00000000,1847.00000000,0.08503875
98.00000000,1848.00000000,0.08504300
98.00000000,1849.00000000,0.08504729
98.00000000,1850.00000000,0.08505159
98.00000000,1851.00000000,0.08505585
98.00000000,1852.00000000,0.08506007
98.00000000,1853.00000000,0.08506469
98.00000000,1854.00000000,0.08506957
98.00000000,1855.00000000,0.08507444
98.00000000,1856.00000000,0.08507922
98.00000000,1857.00000000,0.08508400
98.00000000,1858.00000000,0.08508872
98.00000000,1859.00000000,0.08509346
98.00000000,1860.00000000,0.08509825
98.00000000,1861.00000000,0.08510301
98.00000000,1862.00000000,0.08510769
98.00000000,1863.00000000,0.08511179
98.00000000,1864.00000000,0.08512314
98.00000000,1865.00000000,0.08512643
98.00000000,1866.00000000,0.08512945
98.00000000,1867.00000000,0.08513226
98.00000000,1868.00000000,0.08513491
98.00000000,1869.00000000,0.08513995
98.00000000,1870.00000000,0.08514224
98.00000000,1871.00000000,0.08514441
98.00000000,1872.00000000,0.08514684
98.00000000,1873.00000000,0.08515014
98.00000000,1874.00000000,0.08515416
98.00000000,1875.00000000,0.08515858
98.00000000,1876.00000000,0.08516337
98.00000000,1877.00000000,0.08516848
98.00000000,1878.00000000,0.08517387
98.00000000,1879.00000000,0.08518210
98.00000000,1880.00000000,0.08518781
98.00000000,1881.00000000,0.08519369
98.00000000,1882.00000000,0.08519962
98.00000000,1883.00000000,0.08520506
98.00000000,1884.00000000,0.08521020
98.00000000,1885.00000000,0.08521511
98.00000000,1886.00000000,0.08521986
98.00000000,1887.00000000,0.08522453
98.00000000,1888.00000000,0.08522905
98.00000000,1889.00000000,0.08523599
98.00000000,1890.00000000,0.08524003
98.00000000,1891.00000000,0.08524370
98.00000000,1892.00000000,0.08524713
98.00000000,1893.00000000,0.08525046
98.00000000,1894.00000000,0.08525380
98.00000000,1895.00000000,0.08525994
98.00000000,1896.00000000,0.08526360
98.00000000,1897.00000000,0.08526721
98.00000000,1898.00000000,0.08527335
98.00000000,1899.00000000,0.08527677
98.00000000,1900.00000000,0.08528499
98.00000000,1901.00000000,0.08528521
98.00000000,1902.00000000,0.08528816
98.00000000,1903.00000000,0.08529131
98.00000000,1904.00000000,0.08529724
98.00000000,1905.00000000,0.08530071
98.00000000,1906.00000000,0.08530453
98.00000000,1907.00000000,0.08530853
98.00000000,1908.00000000,0.08531246
98.00000000,1909.00000000,0.08531897
98.00000000,1910.00000000,0.08532297
98.00000000,1911.00000000,0.08532677
98.00000000,1912.00000000,0.08532992
98.00000000,1913.00000000,0.08533471
98.00000000,1914.00000000,0.08533852
98.00000000,1915.00000000,0.08534190
98.00000000,1916.00000000,0.08534258
98.00000000,1917.00000000,0.08534337
98.00000000,1918.00000000,0.08534393
98.00000000,1919.00000000,0.08534463
98.00000000,1920.00000000,0.08534859
98.00000000,1921.00000000,0.08535327
98.00000000,1922.00000000,0.08535644
98.00000000,1923.00000000,0.08536302
98.00000000,1924.00000000,0.08536719
98.00000000,1925.00000000,0.08537383
98.00000000,1926.00000000,0.08537779
98.00000000,1927.00000000,0.08538177
98.00000000,1928.00000000,0.08540163
98.00000000,1929.00000000,0.08540318
98.00000000,1930.00000000,0.08540752
98.00000000,1931.00000000,0.08541569
98.00000000,1932.00000000,0.08542271
98.00000000,1933.00000000,0.08543314
98.00000000,1934.00000000,0.08545221
98.00000000,1935.00000000,0.08546077
98.00000000,1936.00000000,0.08547145
98.00000000,1937.00000000,0.08548112
98.00000000,1938.00000000,0.08549203
98.00000000,1939.00000000,0.08549947
98.00000000,1940.00000000,0.08550878
98.00000000,1941.00000000,0.08551446
98.00000000,1942.00000000,0.08552158
98.00000000,1943.00000000,0.08553331
98.00000000,1944.00000000,0.08553401
98.00000000,1945.00000000,0.08554257
98.00000000,1946.00000000,0.08554707
98.00000000,1947.00000000,0.08555865
98.00000000,1948.00000000,0.08557392
98.00000000,1949.00000000,0.08557886
98.00000000,1950.00000000,0.08559159
98.00000000,1951.00000000,0.08560162
98.00000000,1952.00000000,0.08563329
98.00000000,1953.00000000,0.08564431
98.00000000,1954.00000000,0.08566307
98.00000000,1955.00000000,0.08567167
98.00000000,1956.00000000,0.08568032
98.00000000,1957.00000000,0.08569906
98.00000000,1958.00000000,0.08572509
98.00000000,1959.00000000,0.08573999
98.00000000,1960.00000000,0.08574755
98.00000000,1961.00000000,0.08576626
98.00000000,1962.00000000,0.08578677
98.00000000,1963.00000000,0.08580384
98.00000000,1964.00000000,0.08580945
98.00000000,1965.00000000,0.08582736
98.00000000,1966.00000000,0.08583557
98.00000000,1967.00000000,0.08584782
98.00000000,1968.00000000,0.08585350
98.00000000,1969.00000000,0.08586755
98.00000000,1970.00000000,0.08590018
98.00000000,1971.00000000,0.08591366
98.00000000,1972.00000000,0.08586773
98.00000000,1973.00000000,0.08588064
98.00000000,1974.00000000,0.08586160
98.00000000,1975.00000000,0.08584075
98.00000000,1976.00000000,0.08581547
98.00000000,1977.00000000,0.08582305
98.00000000,1978.00000000,0.08586184
98.00000000,1979.00000000,0.08585085
98.00000000,1980.00000000,0.08585464
98.00000000,1981.00000000,0.08586613
98.00000000,1982.00000000,0.08584614
98.00000000,1983.00000000,0.08582832
98.00000000,1984.00000000,0.08582049
98.00000000,1985.00000000,0.08584228
98.00000000,1986.00000000,0.08591311
98.00000000,1987.00000000,0.08590206
98.00000000,1988.00000000,0.08596662
98.00000000,1989.00000000,0.08599743
98.00000000,1990.00000000,0.08599160
98.00000000,1991.00000000,0.08597013
98.00000000,1992.00000000,0.08599369
98.00000000,1993.00000000,0.08604415
98.00000000,1994.00000000,0.08607037
98.00000000,1995.00000000,0.08611874
98.00000000,1996.00000000,0.08617809
98.00000000,1997.00000000,0.08628135
98.00000000,1998.00000000,0.08634548
98.00000000,1999.00000000,0.08638662
98.00000000,2000.00000000,0.08641811
98.00000000,2001.00000000,0.08654544
98.00000000,2002.00000000,0.08655878
98.00000000,2003.00000000,0.08665527
98.00000000,2004.00000000,0.08676362
98.00000000,2005.00000000,0.08695422
98.00000000,2006.00000000,0.08685365
98.00000000,2007.00000000,0.08692666
98.00000000,2008.00000000,0.08699289
98.00000000,2009.00000000,0.08701149
98.00000000,2010.00000000,0.08709363
98.00000000,2011.00000000,0.08722656
98.00000000,2012.00000000,0.08695225
98.00000000,2013.00000000,0.08688350
98.00000000,2014.00000000,0.08700469
98.00000000,2015.00000000,0.08709966
98.00000000,2016.00000000,0.08700420
98.00000000,2017.00000000,0.08662154
98.00000000,2018.00000000,0.08689274
98.00000000,2019.00000000,0.08650855
98.00000000,2020.00000000,0.08656029
98.00000000,2021.00000000,0.08682222
98.00000000,2022.00000000,0.08674518
98.00000000,2023.00000000,0.08671532
98.00000000,2024.00000000,0.08667411
98.00000000,2025.00000000,0.08681281
98.00000000,2026.00000000,0.08675712
98.00000000,2027.00000000,0.08689606
98.00000000,2028.00000000,0.08659741
98.00000000,2029.00000000,0.08624508
98.00000000,2030.00000000,0.08594329
98.00000000,2031.00000000,0.08599351
98.00000000,2032.00000000,0.08612946
98.00000000,2033.00000000,0.08619915
98.00000000,2034.00000000,0.08639182
98.00000000,2035.00000000,0.08652284
98.00000000,2036.00000000,0.08628547
98.00000000,2037.00000000,0.08634191
98.00000000,2038.00000000,0.08654061
98.00000000,2039.00000000,0.08655779
98.00000000,2040.00000000,0.08650678
98.00000000,2041.00000000,0.08655786
98.00000000,2042.00000000,0.08646573
98.00000000,2043.00000000,0.08583679
98.00000000,2044.00000000,0.08595900
98.00000000,2045.00000000,0.08626994
98.00000000,2046.00000000,0.08638860
98.00000000,2047.00000000,0.08619160
98.00000000,2048.00000000,0.08664211
98.00000000,2049.00000000,0.08691090
98.00000000,2050.00000000,0.08690694
98.00000000,2051.00000000,0.08694459
98.00000000,2052.00000000,0.08693023
98.00000000,2053.00000000,0.08729500
98.00000000,2054.00000000,0.08755306
98.00000000,2055.00000000,0.08770474
98.00000000,2056.00000000,0.08777737
98.00000000,2057.00000000,0.08802570
98.00000000,2058.00000000,0.08823161
98.00000000,2059.00000000,0.08819814
98.00000000,2060.00000000,0.08838173
98.00000000,2061.00000000,0.08866743
98.00000000,2062.00000000,0.08898258
98.00000000,2063.00000000,0.08924276
98.00000000,2064.00000000,0.08955989
98.00000000,2065.00000000,0.08974792
98.00000000,2066.00000000,0.09010896
98.00000000,2067.00000000,0.09055567
98.00000000,2068.00000000,0.09115719
98.00000000,2069.00000000,0.09146859
98.00000000,2070.00000000,0.09181227
98.00000000,2071.00000000,0.09231975
98.00000000,2072.00000000,0.09228572
98.00000000,2073.00000000,0.09216406
98.00000000,2074.00000000,0.09275369
98.00000000,2075.00000000,0.09305489
98.00000000,2076.00000000,0.09319213
98.00000000,2077.00000000,0.09382070
98.00000000,2078.00000000,0.09365177
98.00000000,2079.00000000,0.09322797
98.00000000,2080.00000000,0.09309880
98.00000000,2081.00000000,0.09302983
98.00000000,2082.00000000,0.09342897
98.00000000,2083.00000000,0.09376965
98.00000000,2084.00000000,0.09414147
98.00000000,2085.00000000,0.09446190
98.00000000,2086.00000000,0.09494463
98.00000000,2087.00000000,0.09522769
98.00000000,2088.00000000,0.09534888
98.00000000,2089.00000000,0.09555654
98.00000000,2090.00000000,0.09527991
98.00000000,2091.00000000,0.09529358
98.00000000,2092.00000000,0.09557172
98.00000000,2093.00000000,0.09588078
98.00000000,2094.00000000,0.09621155
98.00000000,2095.00000000,0.09647790
98.00000000,2096.00000000,0.09642176
98.00000000,2097.00000000,0.09639742
98.00000000,2098.00000000,0.09680682
98.00000000,2099.00000000,0.09720809
98.00000000,2100.00000000,0.09736322
98.00000000,2101.00000000,0.09818057
98.00000000,2102.00000000,0.09911479
98.00000000,2103.00000000,0.09985142
98.00000000,2104.00000000,0.10034018
98.00000000,2105.00000000,0.10083329
98.00000000,2106.00000000,0.10133080
98.00000000,2107.00000000,0.10183197
98.00000000,2108.00000000,0.10233681
98.00000000,2109.00000000,0.10300717
98.00000000,2110.00000000,0.10368099
98.00000000,2111.00000000,0.10435829
98.00000000,2112.00000000,0.10503886
98.00000000,2113.00000000,0.10572257
98.00000000,2114.00000000,0.10640931
98.00000000,2115.00000000,0.10709900
98.00000000,2116.00000000,0.10779143
98.00000000,2117.00000000,0.10848658
98.00000000,2118.00000000,0.10918429
98.00000000,2119.00000000,0.10981296
98.00000000,2120.00000000,0.11044406
98.00000000,2121.00000000,0.11107745
98.00000000,2122.00000000,0.11171316
98.00000000,2123.00000000,0.11235106
98.00000000,2124.00000000,0.11299118
98.00000000,2125.00000000,0.11363350
98.00000000,2126.00000000,0.11427801
98.00000000,2127.00000000,0.11492469
98.00000000,2128.00000000,0.11557361
98.00000000,2129.00000000,0.11637326
98.00000000,2130.00000000,0.11717509
98.00000000,2131.00000000,0.11797911
98.00000000,2132.00000000,0.11878522
98.00000000,2133.00000000,0.11959324
98.00000000,2134.00000000,0.12040328
98.00000000,2135.00000000,0.12121511
98.00000000,2136.00000000,0.12202876
98.00000000,2137.00000000,0.12284415
98.00000000,2138.00000000,0.12366112
98.00000000,2139.00000000,0.12458793
98.00000000,2140.00000000,0.12551630
98.00000000,2141.00000000,0.12644606
98.00000000,2142.00000000,0.12737723
98.00000000,2143.00000000,0.12830964
98.00000000,2144.00000000,0.12924309
98.00000000,2145.00000000,0.13017765
98.00000000,2146.00000000,0.13111308
98.00000000,2147.00000000,0.13204935
98.00000000,2148.00000000,0.13298631
98.00000000,2149.00000000,0.13391771
98.00000000,2150.00000000,0.13484961
98.00000000,2151.00000000,0.13578260
98.00000000,2152.00000000,0.13671852
98.00000000,2153.00000000,0.13765950
98.00000000,2154.00000000,0.13860639
98.00000000,2155.00000000,0.13955952
98.00000000,2156.00000000,0.14051913
98.00000000,2157.00000000,0.14148504
98.00000000,2158.00000000,0.14245696
98.00000000,2159.00000000,0.14319839
98.00000000,2160.00000000,0.14394520
98.00000000,2161.00000000,0.14469726
98.00000000,2162.00000000,0.14545435
98.00000000,2163.00000000,0.14621621
98.00000000,2164.00000000,0.14698275
98.00000000,2165.00000000,0.14775373
98.00000000,2166.00000000,0.14852885
98.00000000,2167.00000000,0.14930812
98.00000000,2168.00000000,0.15009122
98.00000000,2169.00000000,0.15066386
98.00000000,2170.00000000,0.15123968
98.00000000,2171.00000000,0.15181842
98.00000000,2172.00000000,0.15240012
98.00000000,2173.00000000,0.15298460
98.00000000,2174.00000000,0.15357165
98.00000000,2175.00000000,0.15416136
98.00000000,2176.00000000,0.15475357
98.00000000,2177.00000000,0.15534799
98.00000000,2178.00000000,0.15594473
98.00000000,2179.00000000,0.15642336
98.00000000,2180.00000000,0.15690371
98.00000000,2181.00000000,0.15738584
98.00000000,2182.00000000,0.15786958
98.00000000,2183.00000000,0.15835497
98.00000000,2184.00000000,0.15884189
98.00000000,2185.00000000,0.15933026
98.00000000,2186.00000000,0.15982007
98.00000000,2187.00000000,0.16031123
98.00000000,2188.00000000,0.16080358
98.00000000,2189.00000000,0.16117236
98.00000000,2190.00000000,0.16154208
98.00000000,2191.00000000,0.16191249
98.00000000,2192.00000000,0.16228383
98.00000000,2193.00000000,0.16265595
98.00000000,2194.00000000,0.16302879
98.00000000,2195.00000000,0.16340242
98.00000000,2196.00000000,0.16377671
98.00000000,2197.00000000,0.16415175
98.00000000,2198.00000000,0.16452743
98.00000000,2199.00000000,0.16480708
98.00000000,2200.00000000,0.16508713
98.00000000,2201.00000000,0.16536754
98.00000000,2202.00000000,0.16564821
98.00000000,2203.00000000,0.16592928
98.00000000,2204.00000000,0.16621069
98.00000000,2205.00000000,0.16649235
98.00000000,2206.00000000,0.16677438
98.00000000,2207.00000000,0.16705665
98.00000000,2208.00000000,0.16733927
98.00000000,2209.00000000,0.16762217
98.00000000,2210.00000000,0.16790528
98.00000000,2211.00000000,0.16818871
98.00000000,2212.00000000,0.16847242
98.00000000,2213.00000000,0.16875630
98.00000000,2214.00000000,0.16904051
98.00000000,2215.00000000,0.16932494
98.00000000,2216.00000000,0.16960954
98.00000000,2217.00000000,0.16989443
98.00000000,2218.00000000,0.17017952
98.00000000,2219.00000000,0.17046478
98.00000000,2220.00000000,0.17075027
98.00000000,2221.00000000,0.17103592
98.00000000,2222.00000000,0.17132179
98.00000000,2223.00000000,0.17160788
98.00000000,2224.00000000,0.17189402
98.00000000,2225.00000000,0.17218043
98.00000000,2226.00000000,0.17246696
98.00000000,2227.00000000,0.17275357
98.00000000,2228.00000000,0.17304036
98.00000000,2229.00000000,0.17332727
98.00000000,2230.00000000,0.17361424
98.00000000,2231.00000000,0.17390134
98.00000000,2232.00000000,0.17418847
98.00000000,2233.00000000,0.17447571
98.00000000,2234.00000000,0.17476299
98.00000000,2235.00000000,0.17505026
98.00000000,2236.00000000,0.17533759
98.00000000,2237.00000000,0.17562497
98.00000000,2238.00000000,0.17591225
98.00000000,2239.00000000,0.17619957
98.00000000,2240.00000000,0.17648684
98.00000000,2241.00000000,0.17677399
98.00000000,2242.00000000,0.17706112
98.00000000,2243.00000000,0.17734808
98.00000000,2244.00000000,0.17763496
98.00000000,2245.00000000,0.17792169
98.00000000,2246.00000000,0.17820814
98.00000000,2247.00000000,0.17849437
98.00000000,2248.00000000,0.17878021
98.00000000,2249.00000000,0.17837508
98.00000000,2250.00000000,0.17796623
98.00000000,2251.00000000,0.17755146
98.00000000,2252.00000000,0.17712864
98.00000000,2253.00000000,0.17669685
98.00000000,2254.00000000,0.17625564
98.00000000,2255.00000000,0.17580496
98.00000000,2256.00000000,0.17534502
98.00000000,2257.00000000,0.17487579
98.00000000,2258.00000000,0.17439764
98.00000000,2259.00000000,0.17391068
98.00000000,2260.00000000,0.17341515
98.00000000,2261.00000000,0.17291145
98.00000000,2262.00000000,0.17239989
98.00000000,2263.00000000,0.17188082
98.00000000,2264.00000000,0.17135460
98.00000000,2265.00000000,0.17082147
98.00000000,2266.00000000,0.17028158
98.00000000,2267.00000000,0.16973526
98.00000000,2268.00000000,0.16918262
98.00000000,2269.00000000,0.16862395
98.00000000,2270.00000000,0.16805941
98.00000000,2271.00000000,0.16748911
98.00000000,2272.00000000,0.16691333
98.00000000,2273.00000000,0.16633221
98.00000000,2274.00000000,0.16574587
98.00000000,2275.00000000,0.16515453
98.00000000,2276.00000000,0.16455835
98.00000000,2277.00000000,0.16395742
98.00000000,2278.00000000,0.16335196
98.00000000,2279.00000000,0.16274212
98.00000000,2280.00000000,0.16212796
98.00000000,2281.00000000,0.16150971
98.00000000,2282.00000000,0.16088742
98.00000000,2283.00000000,0.16026131
98.00000000,2284.00000000,0.15963142
98.00000000,2285.00000000,0.15899787
98.00000000,2286.00000000,0.15836085
98.00000000,2287.00000000,0.15772040
98.00000000,2288.00000000,0.15707662
98.00000000,2289.00000000,0.15642970
98.00000000,2290.00000000,0.15577968
98.00000000,2291.00000000,0.15512663
98.00000000,2292.00000000,0.15447071
98.00000000,2293.00000000,0.15381195
98.00000000,2294.00000000,0.15315054
98.00000000,2295.00000000,0.15248649
98.00000000,2296.00000000,0.15181986
98.00000000,2297.00000000,0.15115080
98.00000000,2298.00000000,0.15047939
98.00000000,2299.00000000,0.14980563
98.00000000,2300.00000000,0.14912970
98.00000000,2301.00000000,0.14845160
98.00000000,2302.00000000,0.14777139
98.00000000,2303.00000000,0.14708919
98.00000000,2304.00000000,0.14640503
98.00000000,2305.00000000,0.14571892
98.00000000,2306.00000000,0.14503103
98.00000000,2307.00000000,0.14434131
98.00000000,2308.00000000,0.14364992
98.00000000,2309.00000000,0.14295689
98.00000000,2310.00000000,0.14226223
98.00000000,2311.00000000,0.14156609
98.00000000,2312.00000000,0.14086847
98.00000000,2313.00000000,0.14016938
98.00000000,2314.00000000,0.13946897
98.00000000,2315.00000000,0.13876725
98.00000000,2316.00000000,0.13806421
98.00000000,2317.00000000,0.13736001
98.00000000,2318.00000000,0.13665460
98.00000000,2319.00000000,0.13594811
98.00000000,2320.00000000,0.13524055
98.00000000,2321.00000000,0.13453191
98.00000000,2322.00000000,0.13382234
98.00000000,2323.00000000,0.13311182
98.00000000,2324.00000000,0.13240036
98.00000000,2325.00000000,0.13168809
98.00000000,2326.00000000,0.13097500
98.00000000,2327.00000000,0.13026108
98.00000000,2328.00000000,0.12954647
98.00000000,2329.00000000,0.12883111
98.00000000,2330.00000000,0.12811513
98.00000000,2331.00000000,0.12739852
98.00000000,2332.00000000,0.12668127
98.00000000,2333.00000000,0.12596350
98.00000000,2334.00000000,0.12524521
98.00000000,2335.00000000,0.12452640
98.00000000,2336.00000000,0.12380716
98.00000000,2337.00000000,0.12308748
98.00000000,2338.00000000,0.12236738
98.00000000,2339.00000000,0.12164695
98.00000000,2340.00000000,0.12092619
98.00000000,2341.00000000,0.12020510
98.00000000,2342.00000000,0.11948377
98.00000000,2343.00000000,0.11876217
98.00000000,2344.00000000,0.11804043
98.00000000,2345.00000000,0.11731855
98.00000000,2346.00000000,0.11659659
98.00000000,2347.00000000,0.11602729
98.00000000,2348.00000000,0.11590748
98.00000000,2349.00000000,0.11591067
98.00000000,2350.00000000,0.11591411
98.00000000,2351.00000000,0.11591777
98.00000000,2352.00000000,0.11592163
98.00000000,2353.00000000,0.11592573
98.00000000,2354.00000000,0.11594925
98.00000000,2355.00000000,0.11597305
98.00000000,2356.00000000,0.11599703
98.00000000,2357.00000000,0.11602118
98.00000000,2358.00000000,0.11604554
98.00000000,2359.00000000,0.11603202
98.00000000,2360.00000000,0.11601863
98.00000000,2361.00000000,0.11600544
98.00000000,2362.00000000,0.11599241
98.00000000,2363.00000000,0.11597949
98.00000000,2364.00000000,0.11596677
98.00000000,2365.00000000,0.11595418
98.00000000,2366.00000000,0.11594171
98.00000000,2367.00000000,0.11592940
98.00000000,2368.00000000,0.11591720
98.00000000,2369.00000000,0.11590516
98.00000000,2370.00000000,0.11589327
98.00000000,2371.00000000,0.11588146
98.00000000,2372.00000000,0.11586980
98.00000000,2373.00000000,0.11585828
98.00000000,2374.00000000,0.11584518
98.00000000,2375.00000000,0.11583222
98.00000000,2376.00000000,0.11581939
98.00000000,2377.00000000,0.11580662
98.00000000,2378.00000000,0.11579399
98.00000000,2379.00000000,0.11578143
98.00000000,2380.00000000,0.11576901
98.00000000,2381.00000000,0.11575669
98.00000000,2382.00000000,0.11574443
98.00000000,2383.00000000,0.11573228
98.00000000,2384.00000000,0.11572024
98.00000000,2385.00000000,0.11570825
98.00000000,2386.00000000,0.11569638
98.00000000,2387.00000000,0.11568461
98.00000000,2388.00000000,0.11567286
98.00000000,2389.00000000,0.11566125
98.00000000,2390.00000000,0.11564966
98.00000000,2391.00000000,0.11563820
98.00000000,2392.00000000,0.11562681
98.00000000,2393.00000000,0.11561545
98.00000000,2394.00000000,0.11560421
98.00000000,2395.00000000,0.11559303
98.00000000,2396.00000000,0.11558188
98.00000000,2397.00000000,0.11557084
98.00000000,2398.00000000,0.11555987
98.00000000,2399.00000000,0.11555258
98.00000000,2400.00000000,0.11554540
98.00000000,2401.00000000,0.11553828
98.00000000,2402.00000000,0.11553117
98.00000000,2403.00000000,0.11552418
98.00000000,2404.00000000,0.11551722
98.00000000,2405.00000000,0.11551035
98.00000000,2406.00000000,0.11550355
98.00000000,2407.00000000,0.11549677
98.00000000,2408.00000000,0.11549008
98.00000000,2409.00000000,0.11548347
98.00000000,2410.00000000,0.11547685
98.00000000,2411.00000000,0.11547034
98.00000000,2412.00000000,0.11546388
98.00000000,2413.00000000,0.11545743
98.00000000,2414.00000000,0.11545106
98.00000000,2415.00000000,0.11544471
98.00000000,2416.00000000,0.11543846
98.00000000,2417.00000000,0.11543224
98.00000000,2418.00000000,0.11542602
98.00000000,2419.00000000,0.11541990
98.00000000,2420.00000000,0.11541383
98.00000000,2421.00000000,0.11540774
98.00000000,2422.00000000,0.11540173
98.00000000,2423.00000000,0.11539577
98.00000000,2424.00000000,0.11538979
98.00000000,2425.00000000,0.11538391
98.00000000,2426.00000000,0.11537806
98.00000000,2427.00000000,0.11537219
98.00000000,2428.00000000,0.11536641
98.00000000,2429.00000000,0.11536062
98.00000000,2430.00000000,0.11535491
98.00000000,2431.00000000,0.11534922
98.00000000,2432.00000000,0.11534351
98.00000000,2433.00000000,0.11533789
98.00000000,2434.00000000,0.11533229
98.00000000,2435.00000000,0.11532666
98.00000000,2436.00000000,0.11532113
98.00000000,2437.00000000,0.11531561
98.00000000,2438.00000000,0.11531006
98.00000000,2439.00000000,0.11530459
98.00000000,2440.00000000,0.11529909
98.00000000,2441.00000000,0.11529368
98.00000000,2442.00000000,0.11528827
98.00000000,2443.00000000,0.11528283
98.00000000,2444.00000000,0.11527748
98.00000000,2445.00000000,0.11527215
98.00000000,2446.00000000,0.11526677
98.00000000,2447.00000000,0.11526147
98.00000000,2448.00000000,0.11525619
98.00000000,2449.00000000,0.11524982
98.00000000,2450.00000000,0.11524352
98.00000000,2451.00000000,0.11523724
98.00000000,2452.00000000,0.11523092
98.00000000,2453.00000000,0.11522466
98.00000000,2454.00000000,0.11521836
98.00000000,2455.00000000,0.11521212
98.00000000,2456.00000000,0.11520588
98.00000000,2457.00000000,0.11519960
98.00000000,2458.00000000,0.11519339
98.00000000,2459.00000000,0.11518717
98.00000000,2460.00000000,0.11518090
98.00000000,2461.00000000,0.11517471
98.00000000,2462.00000000,0.11516852
98.00000000,2463.00000000,0.11516226
98.00000000,2464.00000000,0.11515608
98.00000000,2465.00000000,0.11514985
98.00000000,2466.00000000,0.11514367
98.00000000,2467.00000000,0.11513750
98.00000000,2468.00000000,0.11513127
98.00000000,2469.00000000,0.11512511
98.00000000,2470.00000000,0.11511896
98.00000000,2471.00000000,0.11511274
98.00000000,2472.00000000,0.11510659
98.00000000,2473.00000000,0.11510043
98.00000000,2474.00000000,0.11509423
98.00000000,2475.00000000,0.11508808
98.00000000,2476.00000000,0.11508188
98.00000000,2477.00000000,0.11507574
98.00000000,2478.00000000,0.11506960
98.00000000,2479.00000000,0.11506339
98.00000000,2480.00000000,0.11505725
98.00000000,2481.00000000,0.11505112
98.00000000,2482.00000000,0.11504492
98.00000000,2483.00000000,0.11503877
98.00000000,2484.00000000,0.11503264
98.00000000,2485.00000000,0.11502644
98.00000000,2486.00000000,0.11502030
98.00000000,2487.00000000,0.11501417
98.00000000,2488.00000000,0.11500796
98.00000000,2489.00000000,0.11500182
98.00000000,2490.00000000,0.11499561
98.00000000,2491.00000000,0.11498948
98.00000000,2492.00000000,0.11498335
98.00000000,2493.00000000,0.11497712
98.00000000,2494.00000000,0.11497099
98.00000000,2495.00000000,0.11496485
98.00000000,2496.00000000,0.11495862
98.00000000,2497.00000000,0.11495248
98.00000000,2498.00000000,0.11494632
98.00000000,2499.00000000,0.11493899
98.00000000,2500.00000000,0.11493173
99.00000000,1765.00000000,0.08420120
99.00000000,1766.00000000,0.08420122
99.00000000,1767.00000000,0.08420137
99.00000000,1768.00000000,0.08420150
99.00000000,1769.00000000,0.08420179
99.00000000,1770.00000000,0.08420208
99.00000000,1771.00000000,0.08420274
99.00000000,1772.00000000,0.08420340
99.00000000,1773.00000000,0.08420438
99.00000000,1774.00000000,0.08420542
99.00000000,1775.00000000,0.08420671
99.00000000,1776.00000000,0.08420801
99.00000000,1777.00000000,0.08420950
99.00000000,1778.00000000,0.08421129
99.00000000,1779.00000000,0.08421307
99.00000000,1780.00000000,0.08421501
99.00000000,1781.00000000,0.08421708
99.00000000,1782.00000000,0.08421939
99.00000000,1783.00000000,0.08422171
99.00000000,1784.00000000,0.08422418
99.00000000,1785.00000000,0.08422675
99.00000000,1786.00000000,0.08422953
99.00000000,1787.00000000,0.08423234
99.00000000,1788.00000000,0.08423522
99.00000000,1789.00000000,0.08423827
99.00000000,1790.00000000,0.08424137
99.00000000,1791.00000000,0.08424455
99.00000000,1792.00000000,0.08424780
99.00000000,1793.00000000,0.08425116
99.00000000,1794.00000000,0.08425461
99.00000000,1795.00000000,0.08425810
99.00000000,1796.00000000,0.08426165
99.00000000,1797.00000000,0.08426528
99.00000000,1798.00000000,0.08426893
99.00000000,1799.00000000,0.08427262
99.00000000,1800.00000000,0.08427651
99.00000000,1801.00000000,0.08428034
99.00000000,1802.00000000,0.08428414
99.00000000,1803.00000000,0.08428820
99.00000000,1804.00000000,0.08429201
99.00000000,1805.00000000,0.08429602
99.00000000,1806.00000000,0.08430011
99.00000000,1807.00000000,0.08430420
99.00000000,1808.00000000,0.08430812
99.00000000,1809.00000000,0.08431233
99.00000000,1810.00000000,0.08431645
99.00000000,1811.00000000,0.08432064
99.00000000,1812.00000000,0.08432491
99.00000000,1813.00000000,0.08432907
99.00000000,1814.00000000,0.08433330
99.00000000,1815.00000000,0.08433757
99.00000000,1816.00000000,0.08434190
99.00000000,1817.00000000,0.08434612
99.00000000,1818.00000000,0.08435042
99.00000000,1819.00000000,0.08435477
99.00000000,1820.00000000,0.08435908
99.00000000,1821.00000000,0.08436344
99.00000000,1822.00000000,0.08436775
99.00000000,1823.00000000,0.08437210
99.00000000,1824.00000000,0.08437642
99.00000000,1825.00000000,0.08438081
99.00000000,1826.00000000,0.08438515
99.00000000,1827.00000000,0.08438954
99.00000000,1828.00000000,0.08439386
99.00000000,1829.00000000,0.08439825
99.00000000,1830.00000000,0.08440260
99.00000000,1831.00000000,0.08440694
99.00000000,1832.00000000,0.08441129
99.00000000,1833.00000000,0.08441557
99.00000000,1834.00000000,0.08441989
99.00000000,1835.00000000,0.08442426
99.00000000,1836.00000000,0.08442850
99.00000000,1837.00000000,0.08443283
99.00000000,1838.00000000,0.08443716
99.00000000,1839.00000000,0.08444140
99.00000000,1840.00000000,0.08444571
99.00000000,1841.00000000,0.08444994
99.00000000,1842.00000000,0.08445423
99.00000000,1843.00000000,0.08445849
99.00000000,1844.00000000,0.08446272
99.00000000,1845.00000000,0.08446697
99.00000000,1846.00000000,0.08447120
99.00000000,1847.00000000,0.08447544
99.00000000,1848.00000000,0.08447965
99.00000000,1849.00000000,0.08448387
99.00000000,1850.00000000,0.08448807
99.00000000,1851.00000000,0.08449229
99.00000000,1852.00000000,0.08449645
99.00000000,1853.00000000,0.08450102
99.00000000,1854.00000000,0.08450580
99.00000000,1855.00000000,0.08451058
99.00000000,1856.00000000,0.08451529
99.00000000,1857.00000000,0.08451996
99.00000000,1858.00000000,0.08452460
99.00000000,1859.00000000,0.08452922
99.00000000,1860.00000000,0.08453390
99.00000000,1861.00000000,0.08453855
99.00000000,1862.00000000,0.08454308
99.00000000,1863.00000000,0.08454704
99.00000000,1864.00000000,0.08455050
99.00000000,1865.00000000,0.08456138
99.00000000,1866.00000000,0.08456423
99.00000000,1867.00000000,0.08456690
99.00000000,1868.00000000,0.08456938
99.00000000,1869.00000000,0.08457172
99.00000000,1870.00000000,0.08457649
99.00000000,1871.00000000,0.08457852
99.00000000,1872.00000000,0.08458086
99.00000000,1873.00000000,0.08458401
99.00000000,1874.00000000,0.08458788
99.00000000,1875.00000000,0.08459219
99.00000000,1876.00000000,0.08459691
99.00000000,1877.00000000,0.08460184
99.00000000,1878.00000000,0.08460710
99.00000000,1879.00000000,0.08461259
99.00000000,1880.00000000,0.08462084
99.00000000,1881.00000000,0.08462656
99.00000000,1882.00000000,0.08463236
99.00000000,1883.00000000,0.08463776
99.00000000,1884.00000000,0.08464272
99.00000000,1885.00000000,0.08464757
99.00000000,1886.00000000,0.08465221
99.00000000,1887.00000000,0.08465677
99.00000000,1888.00000000,0.08466121
99.00000000,1889.00000000,0.08466539
99.00000000,1890.00000000,0.08467197
99.00000000,1891.00000000,0.08467558
99.00000000,1892.00000000,0.08467892
99.00000000,1893.00000000,0.08468214
99.00000000,1894.00000000,0.08468546
99.00000000,1895.00000000,0.08468884
99.00000000,1896.00000000,0.08469500
99.00000000,1897.00000000,0.08469853
99.00000000,1898.00000000,0.08470198
99.00000000,1899.00000000,0.08470790
99.00000000,1900.00000000,0.08471090
99.00000000,1901.00000000,0.08471880
99.00000000,1902.00000000,0.08471912
99.00000000,1903.00000000,0.08472215
99.00000000,1904.00000000,0.08472536
99.00000000,1905.00000000,0.08473145
99.00000000,1906.00000000,0.08473518
99.00000000,1907.00000000,0.08473907
99.00000000,1908.00000000,0.08474297
99.00000000,1909.00000000,0.08474676
99.00000000,1910.00000000,0.08475329
99.00000000,1911.00000000,0.08475705
99.00000000,1912.00000000,0.08476011
99.00000000,1913.00000000,0.08476226
99.00000000,1914.00000000,0.08476596
99.00000000,1915.00000000,0.08476928
99.00000000,1916.00000000,0.08477255
99.00000000,1917.00000000,0.08477323
99.00000000,1918.00000000,0.08477376
99.00000000,1919.00000000,0.08477442
99.00000000,1920.00000000,0.08477568
99.00000000,1921.00000000,0.08478028
99.00000000,1922.00000000,0.08478598
99.00000000,1923.00000000,0.08478983
99.00000000,1924.00000000,0.08479653
99.00000000,1925.00000000,0.08480046
99.00000000,1926.00000000,0.08480694
99.00000000,1927.00000000,0.08481088
99.00000000,1928.00000000,0.08481488
99.00000000,1929.00000000,0.08483457
99.00000000,1930.00000000,0.08483625
99.00000000,1931.00000000,0.08484169
99.00000000,1932.00000000,0.08485117
99.00000000,1933.00000000,0.08485894
99.00000000,1934.00000000,0.08486995
99.00000000,1935.00000000,0.08488880
99.00000000,1936.00000000,0.08489673
99.00000000,1937.00000000,0.08490626
99.00000000,1938.00000000,0.08491446
99.00000000,1939.00000000,0.08492431
99.00000000,1940.00000000,0.08493087
99.00000000,1941.00000000,0.08493903
99.00000000,1942.00000000,0.08494340
99.00000000,1943.00000000,0.08494974
99.00000000,1944.00000000,0.08496075
99.00000000,1945.00000000,0.08496137
99.00000000,1946.00000000,0.08497091
99.00000000,1947.00000000,0.08497715
99.00000000,1948.00000000,0.08498956
99.00000000,1949.00000000,0.08500470
99.00000000,1950.00000000,0.08500945
99.00000000,1951.00000000,0.08502188
99.00000000,1952.00000000,0.08503255
99.00000000,1953.00000000,0.08506423
99.00000000,1954.00000000,0.08507504
99.00000000,1955.00000000,0.08509395
99.00000000,1956.00000000,0.08510247
99.00000000,1957.00000000,0.08511064
99.00000000,1958.00000000,0.08512873
99.00000000,1959.00000000,0.08515387
99.00000000,1960.00000000,0.08516659
99.00000000,1961.00000000,0.08517217
99.00000000,1962.00000000,0.08518971
99.00000000,1963.00000000,0.08520912
99.00000000,1964.00000000,0.08522481
99.00000000,1965.00000000,0.08522883
99.00000000,1966.00000000,0.08524505
99.00000000,1967.00000000,0.08525167
99.00000000,1968.00000000,0.08526214
99.00000000,1969.00000000,0.08526534
99.00000000,1970.00000000,0.08527654
99.00000000,1971.00000000,0.08530523
99.00000000,1972.00000000,0.08531397
99.00000000,1973.00000000,0.08526436
99.00000000,1974.00000000,0.08527388
99.00000000,1975.00000000,0.08525294
99.00000000,1976.00000000,0.08523166
99.00000000,1977.00000000,0.08520662
99.00000000,1978.00000000,0.08521390
99.00000000,1979.00000000,0.08525201
99.00000000,1980.00000000,0.08524021
99.00000000,1981.00000000,0.08524373
99.00000000,1982.00000000,0.08525725
99.00000000,1983.00000000,0.08524196
99.00000000,1984.00000000,0.08522876
99.00000000,1985.00000000,0.08522437
99.00000000,1986.00000000,0.08524803
99.00000000,1987.00000000,0.08531930
99.00000000,1988.00000000,0.08530839
99.00000000,1989.00000000,0.08537219
99.00000000,1990.00000000,0.08540209
99.00000000,1991.00000000,0.08539595
99.00000000,1992.00000000,0.08537511
99.00000000,1993.00000000,0.08539904
99.00000000,1994.00000000,0.08545043
99.00000000,1995.00000000,0.08547739
99.00000000,1996.00000000,0.08552553
99.00000000,1997.00000000,0.08558392
99.00000000,1998.00000000,0.08568565
99.00000000,1999.00000000,0.08574916
99.00000000,2000.00000000,0.08579014
99.00000000,2001.00000000,0.08582107
99.00000000,2002.00000000,0.08594697
99.00000000,2003.00000000,0.08596020
99.00000000,2004.00000000,0.08605467
99.00000000,2005.00000000,0.08615920
99.00000000,2006.00000000,0.08634403
99.00000000,2007.00000000,0.08623957
99.00000000,2008.00000000,0.08630802
99.00000000,2009.00000000,0.08637012
99.00000000,2010.00000000,0.08638523
99.00000000,2011.00000000,0.08646372
99.00000000,2012.00000000,0.08659268
99.00000000,2013.00000000,0.08631716
99.00000000,2014.00000000,0.08624571
99.00000000,2015.00000000,0.08636289
99.00000000,2016.00000000,0.08645413
99.00000000,2017.00000000,0.08635638
99.00000000,2018.00000000,0.08597358
99.00000000,2019.00000000,0.08624017
99.00000000,2020.00000000,0.08585619
99.00000000,2021.00000000,0.08590516
99.00000000,2022.00000000,0.08616308
99.00000000,2023.00000000,0.08608473
99.00000000,2024.00000000,0.08605343
99.00000000,2025.00000000,0.08601111
99.00000000,2026.00000000,0.08614750
99.00000000,2027.00000000,0.08609099
99.00000000,2028.00000000,0.08622785
99.00000000,2029.00000000,0.08593038
99.00000000,2030.00000000,0.08557964
99.00000000,2031.00000000,0.08527914
99.00000000,2032.00000000,0.08532787
99.00000000,2033.00000000,0.08546139
99.00000000,2034.00000000,0.08552901
99.00000000,2035.00000000,0.08571855
99.00000000,2036.00000000,0.08584682
99.00000000,2037.00000000,0.08560953
99.00000000,2038.00000000,0.08566384
99.00000000,2039.00000000,0.08585935
99.00000000,2040.00000000,0.08587483
99.00000000,2041.00000000,0.08582259
99.00000000,2042.00000000,0.08587146
99.00000000,2043.00000000,0.08577806
99.00000000,2044.00000000,0.08515178
99.00000000,2045.00000000,0.08527085
99.00000000,2046.00000000,0.08557726
99.00000000,2047.00000000,0.08569288
99.00000000,2048.00000000,0.08549529
99.00000000,2049.00000000,0.08594033
99.00000000,2050.00000000,0.08620509
99.00000000,2051.00000000,0.08619930
99.00000000,2052.00000000,0.08623489
99.00000000,2053.00000000,0.08621897
99.00000000,2054.00000000,0.08657928
99.00000000,2055.00000000,0.08683378
99.00000000,2056.00000000,0.08698281
99.00000000,2057.00000000,0.08705347
99.00000000,2058.00000000,0.08729847
99.00000000,2059.00000000,0.08750150
99.00000000,2060.00000000,0.08746706
99.00000000,2061.00000000,0.08764812
99.00000000,2062.00000000,0.08793112
99.00000000,2063.00000000,0.08824394
99.00000000,2064.00000000,0.08850265
99.00000000,2065.00000000,0.08881812
99.00000000,2066.00000000,0.08900566
99.00000000,2067.00000000,0.08936487
99.00000000,2068.00000000,0.08980905
99.00000000,2069.00000000,0.09040688
99.00000000,2070.00000000,0.09071678
99.00000000,2071.00000000,0.09105880
99.00000000,2072.00000000,0.09156374
99.00000000,2073.00000000,0.09153193
99.00000000,2074.00000000,0.09141345
99.00000000,2075.00000000,0.09200080
99.00000000,2076.00000000,0.09230201
99.00000000,2077.00000000,0.09244047
99.00000000,2078.00000000,0.09306639
99.00000000,2079.00000000,0.09290086
99.00000000,2080.00000000,0.09248229
99.00000000,2081.00000000,0.09235602
99.00000000,2082.00000000,0.09228961
99.00000000,2083.00000000,0.09268792
99.00000000,2084.00000000,0.09302829
99.00000000,2085.00000000,0.09339956
99.00000000,2086.00000000,0.09371977
99.00000000,2087.00000000,0.09420096
99.00000000,2088.00000000,0.09448388
99.00000000,2089.00000000,0.09460604
99.00000000,2090.00000000,0.09481390
99.00000000,2091.00000000,0.09454107
99.00000000,2092.00000000,0.09455653
99.00000000,2093.00000000,0.09483470
99.00000000,2094.00000000,0.09514365
99.00000000,2095.00000000,0.09547415
99.00000000,2096.00000000,0.09574065
99.00000000,2097.00000000,0.09568697
99.00000000,2098.00000000,0.09566473
99.00000000,2099.00000000,0.09607296
99.00000000,2100.00000000,0.09647301
99.00000000,2101.00000000,0.09662871
99.00000000,2102.00000000,0.09744203
99.00000000,2103.00000000,0.09837157
99.00000000,2104.00000000,0.09910505
99.00000000,2105.00000000,0.09959246
99.00000000,2106.00000000,0.10008414
99.00000000,2107.00000000,0.10058011
99.00000000,2108.00000000,0.10107966
99.00000000,2109.00000000,0.10158273
99.00000000,2110.00000000,0.10225008
99.00000000,2111.00000000,0.10292078
99.00000000,2112.00000000,0.10359484
99.00000000,2113.00000000,0.10427208
99.00000000,2114.00000000,0.10495236
99.00000000,2115.00000000,0.10563557
99.00000000,2116.00000000,0.10632165
99.00000000,2117.00000000,0.10701038
99.00000000,2118.00000000,0.10770175
99.00000000,2119.00000000,0.10839560
99.00000000,2120.00000000,0.10902085
99.00000000,2121.00000000,0.10964846
99.00000000,2122.00000000,0.11027829
99.00000000,2123.00000000,0.11091037
99.00000000,2124.00000000,0.11154463
99.00000000,2125.00000000,0.11218097
99.00000000,2126.00000000,0.11281950
99.00000000,2127.00000000,0.11346019
99.00000000,2128.00000000,0.11410302
99.00000000,2129.00000000,0.11474809
99.00000000,2130.00000000,0.11554273
99.00000000,2131.00000000,0.11633956
99.00000000,2132.00000000,0.11713854
99.00000000,2133.00000000,0.11793956
99.00000000,2134.00000000,0.11874250
99.00000000,2135.00000000,0.11954733
99.00000000,2136.00000000,0.12035398
99.00000000,2137.00000000,0.12116241
99.00000000,2138.00000000,0.12197254
99.00000000,2139.00000000,0.12278427
99.00000000,2140.00000000,0.12370502
99.00000000,2141.00000000,0.12462726
99.00000000,2142.00000000,0.12555094
99.00000000,2143.00000000,0.12647599
99.00000000,2144.00000000,0.12740225
99.00000000,2145.00000000,0.12832959
99.00000000,2146.00000000,0.12925798
99.00000000,2147.00000000,0.13018717
99.00000000,2148.00000000,0.13111725
99.00000000,2149.00000000,0.13204801
99.00000000,2150.00000000,0.13297322
99.00000000,2151.00000000,0.13389967
99.00000000,2152.00000000,0.13482923
99.00000000,2153.00000000,0.13576369
99.00000000,2154.00000000,0.13670420
99.00000000,2155.00000000,0.13765107
99.00000000,2156.00000000,0.13860433
99.00000000,2157.00000000,0.13956402
99.00000000,2158.00000000,0.14052990
99.00000000,2159.00000000,0.14150167
99.00000000,2160.00000000,0.14224428
99.00000000,2161.00000000,0.14299201
99.00000000,2162.00000000,0.14374486
99.00000000,2163.00000000,0.14450255
99.00000000,2164.00000000,0.14526483
99.00000000,2165.00000000,0.14603162
99.00000000,2166.00000000,0.14680268
99.00000000,2167.00000000,0.14757779
99.00000000,2168.00000000,0.14835684
99.00000000,2169.00000000,0.14913959
99.00000000,2170.00000000,0.14971303
99.00000000,2171.00000000,0.15028956
99.00000000,2172.00000000,0.15086892
99.00000000,2173.00000000,0.15145110
99.00000000,2174.00000000,0.15203595
99.00000000,2175.00000000,0.15262332
99.00000000,2176.00000000,0.15321321
99.00000000,2177.00000000,0.15380545
99.00000000,2178.00000000,0.15439993
99.00000000,2179.00000000,0.15499659
99.00000000,2180.00000000,0.15547578
99.00000000,2181.00000000,0.15595658
99.00000000,2182.00000000,0.15643912
99.00000000,2183.00000000,0.15692324
99.00000000,2184.00000000,0.15740892
99.00000000,2185.00000000,0.15789609
99.00000000,2186.00000000,0.15838462
99.00000000,2187.00000000,0.15887459
99.00000000,2188.00000000,0.15936585
99.00000000,2189.00000000,0.15985828
99.00000000,2190.00000000,0.16022781
99.00000000,2191.00000000,0.16059817
99.00000000,2192.00000000,0.16096928
99.00000000,2193.00000000,0.16134123
99.00000000,2194.00000000,0.16171394
99.00000000,2195.00000000,0.16208733
99.00000000,2196.00000000,0.16246150
99.00000000,2197.00000000,0.16283624
99.00000000,2198.00000000,0.16321182
99.00000000,2199.00000000,0.16358796
99.00000000,2200.00000000,0.16386855
99.00000000,2201.00000000,0.16414960
99.00000000,2202.00000000,0.16443094
99.00000000,2203.00000000,0.16471250
99.00000000,2204.00000000,0.16499453
99.00000000,2205.00000000,0.16527683
99.00000000,2206.00000000,0.16555934
99.00000000,2207.00000000,0.16584228
99.00000000,2208.00000000,0.16612537
99.00000000,2209.00000000,0.16640884
99.00000000,2210.00000000,0.16669262
99.00000000,2211.00000000,0.16697653
99.00000000,2212.00000000,0.16726084
99.00000000,2213.00000000,0.16754536
99.00000000,2214.00000000,0.16783004
99.00000000,2215.00000000,0.16811509
99.00000000,2216.00000000,0.16840034
99.00000000,2217.00000000,0.16868576
99.00000000,2218.00000000,0.16897145
99.00000000,2219.00000000,0.16925736
99.00000000,2220.00000000,0.16954342
99.00000000,2221.00000000,0.16982973
99.00000000,2222.00000000,0.17011619
99.00000000,2223.00000000,0.17040288
99.00000000,2224.00000000,0.17068977
99.00000000,2225.00000000,0.17097675
99.00000000,2226.00000000,0.17126397
99.00000000,2227.00000000,0.17155133
99.00000000,2228.00000000,0.17183879
99.00000000,2229.00000000,0.17212642
99.00000000,2230.00000000,0.17241421
99.00000000,2231.00000000,0.17270203
99.00000000,2232.00000000,0.17298999
99.00000000,2233.00000000,0.17327799
99.00000000,2234.00000000,0.17356610
99.00000000,2235.00000000,0.17385428
99.00000000,2236.00000000,0.17414244
99.00000000,2237.00000000,0.17443069
99.00000000,2238.00000000,0.17471897
99.00000000,2239.00000000,0.17500717
99.00000000,2240.00000000,0.17529544
99.00000000,2241.00000000,0.17558366
99.00000000,2242.00000000,0.17587177
99.00000000,2243.00000000,0.17615986
99.00000000,2244.00000000,0.17644781
99.00000000,2245.00000000,0.17673569
99.00000000,2246.00000000,0.17702342
99.00000000,2247.00000000,0.17731088
99.00000000,2248.00000000,0.17759816
99.00000000,2249.00000000,0.17788484
99.00000000,2250.00000000,0.17748280
99.00000000,2251.00000000,0.17707481
99.00000000,2252.00000000,0.17665883
99.00000000,2253.00000000,0.17623371
99.00000000,2254.00000000,0.17579925
99.00000000,2255.00000000,0.17535531
99.00000000,2256.00000000,0.17490196
99.00000000,2257.00000000,0.17443946
99.00000000,2258.00000000,0.17396784
99.00000000,2259.00000000,0.17348750
99.00000000,2260.00000000,0.17299857
99.00000000,2261.00000000,0.17250135
99.00000000,2262.00000000,0.17199630
99.00000000,2263.00000000,0.17148377
99.00000000,2264.00000000,0.17096397
99.00000000,2265.00000000,0.17043725
99.00000000,2266.00000000,0.16990382
99.00000000,2267.00000000,0.16936383
99.00000000,2268.00000000,0.16881758
99.00000000,2269.00000000,0.16826518
99.00000000,2270.00000000,0.16770691
99.00000000,2271.00000000,0.16714293
99.00000000,2272.00000000,0.16657334
99.00000000,2273.00000000,0.16599841
99.00000000,2274.00000000,0.16541829
99.00000000,2275.00000000,0.16483307
99.00000000,2276.00000000,0.16424299
99.00000000,2277.00000000,0.16364820
99.00000000,2278.00000000,0.16304878
99.00000000,2279.00000000,0.16244495
99.00000000,2280.00000000,0.16183685
99.00000000,2281.00000000,0.16122453
99.00000000,2282.00000000,0.16060822
99.00000000,2283.00000000,0.15998798
99.00000000,2284.00000000,0.15936400
99.00000000,2285.00000000,0.15873634
99.00000000,2286.00000000,0.15810511
99.00000000,2287.00000000,0.15747049
99.00000000,2288.00000000,0.15683253
99.00000000,2289.00000000,0.15619131
99.00000000,2290.00000000,0.15554700
99.00000000,2291.00000000,0.15489969
99.00000000,2292.00000000,0.15424940
99.00000000,2293.00000000,0.15359631
99.00000000,2294.00000000,0.15294047
99.00000000,2295.00000000,0.15228199
99.00000000,2296.00000000,0.15162096
99.00000000,2297.00000000,0.15095740
99.00000000,2298.00000000,0.15029148
99.00000000,2299.00000000,0.14962322
99.00000000,2300.00000000,0.14895269
99.00000000,2301.00000000,0.14828002
99.00000000,2302.00000000,0.14760524
99.00000000,2303.00000000,0.14692835
99.00000000,2304.00000000,0.14624951
99.00000000,2305.00000000,0.14556875
99.00000000,2306.00000000,0.14488608
99.00000000,2307.00000000,0.14420166
99.00000000,2308.00000000,0.14351546
99.00000000,2309.00000000,0.14282763
99.00000000,2310.00000000,0.14213819
99.00000000,2311.00000000,0.14144714
99.00000000,2312.00000000,0.14075463
99.00000000,2313.00000000,0.14006066
99.00000000,2314.00000000,0.13936528
99.00000000,2315.00000000,0.13866857
99.00000000,2316.00000000,0.13797059
99.00000000,2317.00000000,0.13727133
99.00000000,2318.00000000,0.13657091
99.00000000,2319.00000000,0.13586930
99.00000000,2320.00000000,0.13516664
99.00000000,2321.00000000,0.13446293
99.00000000,2322.00000000,0.13375816
99.00000000,2323.00000000,0.13305246
99.00000000,2324.00000000,0.13234584
99.00000000,2325.00000000,0.13163829
99.00000000,2326.00000000,0.13092994
99.00000000,2327.00000000,0.13022078
99.00000000,2328.00000000,0.12951083
99.00000000,2329.00000000,0.12880018
99.00000000,2330.00000000,0.12808879
99.00000000,2331.00000000,0.12737679
99.00000000,2332.00000000,0.12666417
99.00000000,2333.00000000,0.12595092
99.00000000,2334.00000000,0.12523716
99.00000000,2335.00000000,0.12452288
99.00000000,2336.00000000,0.12380807
99.00000000,2337.00000000,0.12309286
99.00000000,2338.00000000,0.12237722
99.00000000,2339.00000000,0.12166115
99.00000000,2340.00000000,0.12094476
99.00000000,2341.00000000,0.12022804
99.00000000,2342.00000000,0.11951100
99.00000000,2343.00000000,0.11879372
99.00000000,2344.00000000,0.11807617
99.00000000,2345.00000000,0.11735848
99.00000000,2346.00000000,0.11664065
99.00000000,2347.00000000,0.11592274
99.00000000,2348.00000000,0.11535663
99.00000000,2349.00000000,0.11523745
99.00000000,2350.00000000,0.11524057
99.00000000,2351.00000000,0.11524394
99.00000000,2352.00000000,0.11524753
99.00000000,2353.00000000,0.11525131
99.00000000,2354.00000000,0.11525534
99.00000000,2355.00000000,0.11527868
99.00000000,2356.00000000,0.11530229
99.00000000,2357.00000000,0.11532609
99.00000000,2358.00000000,0.11535006
99.00000000,2359.00000000,0.11537423
99.00000000,2360.00000000,0.11536074
99.00000000,2361.00000000,0.11534738
99.00000000,2362.00000000,0.11533421
99.00000000,2363.00000000,0.11532121
99.00000000,2364.00000000,0.11530831
99.00000000,2365.00000000,0.11529561
99.00000000,2366.00000000,0.11528304
99.00000000,2367.00000000,0.11527059
99.00000000,2368.00000000,0.11525832
99.00000000,2369.00000000,0.11524613
99.00000000,2370.00000000,0.11523412
99.00000000,2371.00000000,0.11522223
99.00000000,2372.00000000,0.11521044
99.00000000,2373.00000000,0.11519881
99.00000000,2374.00000000,0.11518728
99.00000000,2375.00000000,0.11517420
99.00000000,2376.00000000,0.11516128
99.00000000,2377.00000000,0.11514846
99.00000000,2378.00000000,0.11513571
99.00000000,2379.00000000,0.11512311
99.00000000,2380.00000000,0.11511057
99.00000000,2381.00000000,0.11509817
99.00000000,2382.00000000,0.11508586
99.00000000,2383.00000000,0.11507361
99.00000000,2384.00000000,0.11506149
99.00000000,2385.00000000,0.11504947
99.00000000,2386.00000000,0.11503749
99.00000000,2387.00000000,0.11502564
99.00000000,2388.00000000,0.11501387
99.00000000,2389.00000000,0.11500214
99.00000000,2390.00000000,0.11499053
99.00000000,2391.00000000,0.11497896
99.00000000,2392.00000000,0.11496751
99.00000000,2393.00000000,0.11495613
99.00000000,2394.00000000,0.11494478
99.00000000,2395.00000000,0.11493355
99.00000000,2396.00000000,0.11492238
99.00000000,2397.00000000,0.11491124
99.00000000,2398.00000000,0.11490021
99.00000000,2399.00000000,0.11488924
99.00000000,2400.00000000,0.11488194
99.00000000,2401.00000000,0.11487474
99.00000000,2402.00000000,0.11486761
99.00000000,2403.00000000,0.11486049
99.00000000,2404.00000000,0.11485351
99.00000000,2405.00000000,0.11484652
99.00000000,2406.00000000,0.11483964
99.00000000,2407.00000000,0.11483284
99.00000000,2408.00000000,0.11482604
99.00000000,2409.00000000,0.11481936
99.00000000,2410.00000000,0.11481272
99.00000000,2411.00000000,0.11480610
99.00000000,2412.00000000,0.11479956
99.00000000,2413.00000000,0.11479310
99.00000000,2414.00000000,0.11478662
99.00000000,2415.00000000,0.11478026
99.00000000,2416.00000000,0.11477389
99.00000000,2417.00000000,0.11476760
99.00000000,2418.00000000,0.11476138
99.00000000,2419.00000000,0.11475515
99.00000000,2420.00000000,0.11474901
99.00000000,2421.00000000,0.11474290
99.00000000,2422.00000000,0.11473679
99.00000000,2423.00000000,0.11473078
99.00000000,2424.00000000,0.11472480
99.00000000,2425.00000000,0.11471881
99.00000000,2426.00000000,0.11471290
99.00000000,2427.00000000,0.11470703
99.00000000,2428.00000000,0.11470114
99.00000000,2429.00000000,0.11469534
99.00000000,2430.00000000,0.11468953
99.00000000,2431.00000000,0.11468379
99.00000000,2432.00000000,0.11467808
99.00000000,2433.00000000,0.11467234
99.00000000,2434.00000000,0.11466670
99.00000000,2435.00000000,0.11466108
99.00000000,2436.00000000,0.11465542
99.00000000,2437.00000000,0.11464987
99.00000000,2438.00000000,0.11464432
99.00000000,2439.00000000,0.11463875
99.00000000,2440.00000000,0.11463327
99.00000000,2441.00000000,0.11462773
99.00000000,2442.00000000,0.11462229
99.00000000,2443.00000000,0.11461687
99.00000000,2444.00000000,0.11461141
99.00000000,2445.00000000,0.11460601
99.00000000,2446.00000000,0.11460065
99.00000000,2447.00000000,0.11459525
99.00000000,2448.00000000,0.11458992
99.00000000,2449.00000000,0.11458461
99.00000000,2450.00000000,0.11457823
99.00000000,2451.00000000,0.11457191
99.00000000,2452.00000000,0.11456561
99.00000000,2453.00000000,0.11455926
99.00000000,2454.00000000,0.11455297
99.00000000,2455.00000000,0.11454664
99.00000000,2456.00000000,0.11454037
99.00000000,2457.00000000,0.11453411
99.00000000,2458.00000000,0.11452780
99.00000000,2459.00000000,0.11452156
99.00000000,2460.00000000,0.11451533
99.00000000,2461.00000000,0.11450903
99.00000000,2462.00000000,0.11450281
99.00000000,2463.00000000,0.11449658
99.00000000,2464.00000000,0.11449031
99.00000000,2465.00000000,0.11448410
99.00000000,2466.00000000,0.11447783
99.00000000,2467.00000000,0.11447163
99.00000000,2468.00000000,0.11446543
99.00000000,2469.00000000,0.11445917
99.00000000,2470.00000000,0.11445298
99.00000000,2471.00000000,0.11444680
99.00000000,2472.00000000,0.11444055
99.00000000,2473.00000000,0.11443438
99.00000000,2474.00000000,0.11442819
99.00000000,2475.00000000,0.11442196
99.00000000,2476.00000000,0.11441579
99.00000000,2477.00000000,0.11440955
99.00000000,2478.00000000,0.11440338
99.00000000,2479.00000000,0.11439721
99.00000000,2480.00000000,0.11439097
99.00000000,2481.00000000,0.11438482
99.00000000,2482.00000000,0.11437865
99.00000000,2483.00000000,0.11437242
99.00000000,2484.00000000,0.11436626
99.00000000,2485.00000000,0.11436010
99.00000000,2486.00000000,0.11435387
99.00000000,2487.00000000,0.11434770
99.00000000,2488.00000000,0.11434154
99.00000000,2489.00000000,0.11433531
99.00000000,2490.00000000,0.11432915
99.00000000,2491.00000000,0.11432291
99.00000000,2492.00000000,0.11431674
99.00000000,2493.00000000,0.11431057
99.00000000,2494.00000000,0.11430433
99.00000000,2495.00000000,0.11429816
99.00000000,2496.00000000,0.11429200
99.00000000,2497.00000000,0.11428575
99.00000000,2498.00000000,0.11427957
99.00000000,2499.00000000,0.11427339
99.00000000,2500.00000000,0.11426604
100.00000000,1765.00000000,0.08364810
100.00000000,1766.00000000,0.08364808
100.00000000,1767.00000000,0.08364815
100.00000000,1768.00000000,0.08364840
100.00000000,1769.00000000,0.08364865
100.00000000,1770.00000000,0.08364908
100.00000000,1771.00000000,0.08364953
100.00000000,1772.00000000,0.08365034
100.00000000,1773.00000000,0.08365115
100.00000000,1774.00000000,0.08365229
100.00000000,1775.00000000,0.08365348
100.00000000,1776.00000000,0.08365493
100.00000000,1777.00000000,0.08365636
100.00000000,1778.00000000,0.08365801
100.00000000,1779.00000000,0.08365992
100.00000000,1780.00000000,0.08366186
100.00000000,1781.00000000,0.08366392
100.00000000,1782.00000000,0.08366610
100.00000000,1783.00000000,0.08366853
100.00000000,1784.00000000,0.08367095
100.00000000,1785.00000000,0.08367352
100.00000000,1786.00000000,0.08367619
100.00000000,1787.00000000,0.08367907
100.00000000,1788.00000000,0.08368196
100.00000000,1789.00000000,0.08368493
100.00000000,1790.00000000,0.08368805
100.00000000,1791.00000000,0.08369124
100.00000000,1792.00000000,0.08369448
100.00000000,1793.00000000,0.08369778
100.00000000,1794.00000000,0.08370120
100.00000000,1795.00000000,0.08370470
100.00000000,1796.00000000,0.08370824
100.00000000,1797.00000000,0.08371184
100.00000000,1798.00000000,0.08371551
100.00000000,1799.00000000,0.08371919
100.00000000,1800.00000000,0.08372292
100.00000000,1801.00000000,0.08372684
100.00000000,1802.00000000,0.08373068
100.00000000,1803.00000000,0.08373451
100.00000000,1804.00000000,0.08373857
100.00000000,1805.00000000,0.08374241
100.00000000,1806.00000000,0.08374644
100.00000000,1807.00000000,0.08375053
100.00000000,1808.00000000,0.08375463
100.00000000,1809.00000000,0.08375857
100.00000000,1810.00000000,0.08376278
100.00000000,1811.00000000,0.08376692
100.00000000,1812.00000000,0.08377111
100.00000000,1813.00000000,0.08377537
100.00000000,1814.00000000,0.08377953
100.00000000,1815.00000000,0.08378376
100.00000000,1816.00000000,0.08378802
100.00000000,1817.00000000,0.08379233
100.00000000,1818.00000000,0.08379653
100.00000000,1819.00000000,0.08380082
100.00000000,1820.00000000,0.08380515
100.00000000,1821.00000000,0.08380945
100.00000000,1822.00000000,0.08381379
100.00000000,1823.00000000,0.08381808
100.00000000,1824.00000000,0.08382241
100.00000000,1825.00000000,0.08382672
100.00000000,1826.00000000,0.08383107
100.00000000,1827.00000000,0.08383538
100.00000000,1828.00000000,0.08383974
100.00000000,1829.00000000,0.08384405
100.00000000,1830.00000000,0.08384840
100.00000000,1831.00000000,0.08385271
100.00000000,1832.00000000,0.08385699
100.00000000,1833.00000000,0.08386130
100.00000000,1834.00000000,0.08386554
100.00000000,1835.00000000,0.08386983
100.00000000,1836.00000000,0.08387416
100.00000000,1837.00000000,0.08387835
100.00000000,1838.00000000,0.08388264
100.00000000,1839.00000000,0.08388692
100.00000000,1840.00000000,0.08389112
100.00000000,1841.00000000,0.08389537
100.00000000,1842.00000000,0.08389955
100.00000000,1843.00000000,0.08390380
100.00000000,1844.00000000,0.08390800
100.00000000,1845.00000000,0.08391218
100.00000000,1846.00000000,0.08391638
100.00000000,1847.00000000,0.08392054
100.00000000,1848.00000000,0.08392471
100.00000000,1849.00000000,0.08392888
100.00000000,1850.00000000,0.08393302
100.00000000,1851.00000000,0.08393714
100.00000000,1852.00000000,0.08394127
100.00000000,1853.00000000,0.08394577
100.00000000,1854.00000000,0.08395050
100.00000000,1855.00000000,0.08395518
100.00000000,1856.00000000,0.08395980
100.00000000,1857.00000000,0.08396440
100.00000000,1858.00000000,0.08396893
100.00000000,1859.00000000,0.08397347
100.00000000,1860.00000000,0.08397803
100.00000000,1861.00000000,0.08398257
100.00000000,1862.00000000,0.08398699
100.00000000,1863.00000000,0.08399081
100.00000000,1864.00000000,0.08399414
100.00000000,1865.00000000,0.08399717
100.00000000,1866.00000000,0.08400756
100.00000000,1867.00000000,0.08401010
100.00000000,1868.00000000,0.08401241
100.00000000,1869.00000000,0.08401462
100.00000000,1870.00000000,0.08401663
100.00000000,1871.00000000,0.08402117
100.00000000,1872.00000000,0.08402335
100.00000000,1873.00000000,0.08402642
100.00000000,1874.00000000,0.08403013
100.00000000,1875.00000000,0.08403431
100.00000000,1876.00000000,0.08403892
100.00000000,1877.00000000,0.08404377
100.00000000,1878.00000000,0.08404888
100.00000000,1879.00000000,0.08405421
100.00000000,1880.00000000,0.08405977
100.00000000,1881.00000000,0.08406793
100.00000000,1882.00000000,0.08407363
100.00000000,1883.00000000,0.08407890
100.00000000,1884.00000000,0.08408382
100.00000000,1885.00000000,0.08408848
100.00000000,1886.00000000,0.08409306
100.00000000,1887.00000000,0.08409756
100.00000000,1888.00000000,0.08410184
100.00000000,1889.00000000,0.08410597
100.00000000,1890.00000000,0.08410975
100.00000000,1891.00000000,0.08411592
100.00000000,1892.00000000,0.08411920
100.00000000,1893.00000000,0.08412233
100.00000000,1894.00000000,0.08412554
100.00000000,1895.00000000,0.08412890
100.00000000,1896.00000000,0.08413233
100.00000000,1897.00000000,0.08413834
100.00000000,1898.00000000,0.08414175
100.00000000,1899.00000000,0.08414492
100.00000000,1900.00000000,0.08415044
100.00000000,1901.00000000,0.08415315
100.00000000,1902.00000000,0.08416110
100.00000000,1903.00000000,0.08416152
100.00000000,1904.00000000,0.08416462
100.00000000,1905.00000000,0.08416805
100.00000000,1906.00000000,0.08417429
100.00000000,1907.00000000,0.08417813
100.00000000,1908.00000000,0.08418193
100.00000000,1909.00000000,0.08418568
100.00000000,1910.00000000,0.08418950
100.00000000,1911.00000000,0.08419577
100.00000000,1912.00000000,0.08419882
100.00000000,1913.00000000,0.08420085
100.00000000,1914.00000000,0.08420196
100.00000000,1915.00000000,0.08420516
100.00000000,1916.00000000,0.08420836
100.00000000,1917.00000000,0.08421162
100.00000000,1918.00000000,0.08421204
100.00000000,1919.00000000,0.08421266
100.00000000,1920.00000000,0.08421385
100.00000000,1921.00000000,0.08421580
100.00000000,1922.00000000,0.08422141
100.00000000,1923.00000000,0.08422776
100.00000000,1924.00000000,0.08423176
100.00000000,1925.00000000,0.08423820
100.00000000,1926.00000000,0.08424202
100.00000000,1927.00000000,0.08424839
100.00000000,1928.00000000,0.08425240
100.00000000,1929.00000000,0.08425632
100.00000000,1930.00000000,0.08427602
100.00000000,1931.00000000,0.08427881
100.00000000,1932.00000000,0.08428557
100.00000000,1933.00000000,0.08429582
100.00000000,1934.00000000,0.08430413
100.00000000,1935.00000000,0.08431497
100.00000000,1936.00000000,0.08433313
100.00000000,1937.00000000,0.08433994
100.00000000,1938.00000000,0.08434800
100.00000000,1939.00000000,0.08435513
100.00000000,1940.00000000,0.08436413
100.00000000,1941.00000000,0.08436956
100.00000000,1942.00000000,0.08437641
100.00000000,1943.00000000,0.08438002
100.00000000,1944.00000000,0.08438568
100.00000000,1945.00000000,0.08439657
100.00000000,1946.00000000,0.08439817
100.00000000,1947.00000000,0.08440942
100.00000000,1948.00000000,0.08441652
100.00000000,1949.00000000,0.08442881
100.00000000,1950.00000000,0.08444375
100.00000000,1951.00000000,0.08444820
100.00000000,1952.00000000,0.08446125
100.00000000,1953.00000000,0.08447206
100.00000000,1954.00000000,0.08450341
100.00000000,1955.00000000,0.08451442
100.00000000,1956.00000000,0.08453318
100.00000000,1957.00000000,0.08454123
100.00000000,1958.00000000,0.08454883
100.00000000,1959.00000000,0.08456608
100.00000000,1960.00000000,0.08458899
100.00000000,1961.00000000,0.08459970
100.00000000,1962.00000000,0.08460421
100.00000000,1963.00000000,0.08462067
100.00000000,1964.00000000,0.08463869
100.00000000,1965.00000000,0.08465278
100.00000000,1966.00000000,0.08465515
100.00000000,1967.00000000,0.08466974
100.00000000,1968.00000000,0.08467463
100.00000000,1969.00000000,0.08468258
100.00000000,1970.00000000,0.08468303
100.00000000,1971.00000000,0.08469046
100.00000000,1972.00000000,0.08471434
100.00000000,1973.00000000,0.08471906
100.00000000,1974.00000000,0.08466648
100.00000000,1975.00000000,0.08467393
100.00000000,1976.00000000,0.08465256
100.00000000,1977.00000000,0.08463148
100.00000000,1978.00000000,0.08460637
100.00000000,1979.00000000,0.08461317
100.00000000,1980.00000000,0.08465015
100.00000000,1981.00000000,0.08463818
100.00000000,1982.00000000,0.08464376
100.00000000,1983.00000000,0.08466173
100.00000000,1984.00000000,0.08465102
100.00000000,1985.00000000,0.08464126
100.00000000,1986.00000000,0.08463889
100.00000000,1987.00000000,0.08466329
100.00000000,1988.00000000,0.08473416
100.00000000,1989.00000000,0.08472298
100.00000000,1990.00000000,0.08478565
100.00000000,1991.00000000,0.08481502
100.00000000,1992.00000000,0.08480939
100.00000000,1993.00000000,0.08478921
100.00000000,1994.00000000,0.08481423
100.00000000,1995.00000000,0.08486618
100.00000000,1996.00000000,0.08489305
100.00000000,1997.00000000,0.08494030
100.00000000,1998.00000000,0.08499746
100.00000000,1999.00000000,0.08509829
100.00000000,2000.00000000,0.08516151
100.00000000,2001.00000000,0.08520187
100.00000000,2002.00000000,0.08523200
100.00000000,2003.00000000,0.08535706
100.00000000,2004.00000000,0.08536882
100.00000000,2005.00000000,0.08545959
100.00000000,2006.00000000,0.08555896
100.00000000,2007.00000000,0.08573803
100.00000000,2008.00000000,0.08563022
100.00000000,2009.00000000,0.08569455
100.00000000,2010.00000000,0.08575288
100.00000000,2011.00000000,0.08576482
100.00000000,2012.00000000,0.08583977
100.00000000,2013.00000000,0.08596472
100.00000000,2014.00000000,0.08568796
100.00000000,2015.00000000,0.08561386
100.00000000,2016.00000000,0.08572717
100.00000000,2017.00000000,0.08581483
100.00000000,2018.00000000,0.08571493
100.00000000,2019.00000000,0.08533219
100.00000000,2020.00000000,0.08559434
100.00000000,2021.00000000,0.08521072
100.00000000,2022.00000000,0.08525723
100.00000000,2023.00000000,0.08551145
100.00000000,2024.00000000,0.08543202
100.00000000,2025.00000000,0.08539953
100.00000000,2026.00000000,0.08535624
100.00000000,2027.00000000,0.08549042
100.00000000,2028.00000000,0.08543326
100.00000000,2029.00000000,0.08556811
100.00000000,2030.00000000,0.08527182
100.00000000,2031.00000000,0.08492272
100.00000000,2032.00000000,0.08462332
100.00000000,2033.00000000,0.08467028
100.00000000,2034.00000000,0.08480125
100.00000000,2035.00000000,0.08486670
100.00000000,2036.00000000,0.08505309
100.00000000,2037.00000000,0.08517870
100.00000000,2038.00000000,0.08494149
100.00000000,2039.00000000,0.08499372
100.00000000,2040.00000000,0.08518619
100.00000000,2041.00000000,0.08519994
100.00000000,2042.00000000,0.08514633
100.00000000,2043.00000000,0.08519282
100.00000000,2044.00000000,0.08509802
100.00000000,2045.00000000,0.08447435
100.00000000,2046.00000000,0.08459036
100.00000000,2047.00000000,0.08489230
100.00000000,2048.00000000,0.08500497
100.00000000,2049.00000000,0.08480690
100.00000000,2050.00000000,0.08524659
100.00000000,2051.00000000,0.08550745
100.00000000,2052.00000000,0.08549992
100.00000000,2053.00000000,0.08553358
100.00000000,2054.00000000,0.08551621
100.00000000,2055.00000000,0.08587216
100.00000000,2056.00000000,0.08612325
100.00000000,2057.00000000,0.08626973
100.00000000,2058.00000000,0.08633851
100.00000000,2059.00000000,0.08658030
100.00000000,2060.00000000,0.08678051
100.00000000,2061.00000000,0.08674532
100.00000000,2062.00000000,0.08692448
100.00000000,2063.00000000,0.08720541
100.00000000,2064.00000000,0.08751634
100.00000000,2065.00000000,0.08777382
100.00000000,2066.00000000,0.08808781
100.00000000,2067.00000000,0.08827490
100.00000000,2068.00000000,0.08863231
100.00000000,2069.00000000,0.08907399
100.00000000,2070.00000000,0.08966807
100.00000000,2071.00000000,0.08997657
100.00000000,2072.00000000,0.09031732
100.00000000,2073.00000000,0.09082028
100.00000000,2074.00000000,0.09079092
100.00000000,2075.00000000,0.09067568
100.00000000,2076.00000000,0.09126078
100.00000000,2077.00000000,0.09156194
100.00000000,2078.00000000,0.09170152
100.00000000,2079.00000000,0.09232466
100.00000000,2080.00000000,0.09216240
100.00000000,2081.00000000,0.09174893
100.00000000,2082.00000000,0.09162566
100.00000000,2083.00000000,0.09156194
100.00000000,2084.00000000,0.09195952
100.00000000,2085.00000000,0.09229956
100.00000000,2086.00000000,0.09267021
100.00000000,2087.00000000,0.09299011
100.00000000,2088.00000000,0.09346967
100.00000000,2089.00000000,0.09375235
100.00000000,2090.00000000,0.09387535
100.00000000,2091.00000000,0.09408338
100.00000000,2092.00000000,0.09381446
100.00000000,2093.00000000,0.09383191
100.00000000,2094.00000000,0.09411019
100.00000000,2095.00000000,0.09441904
100.00000000,2096.00000000,0.09474922
100.00000000,2097.00000000,0.09501581
100.00000000,2098.00000000,0.09496444
100.00000000,2099.00000000,0.09494418
100.00000000,2100.00000000,0.09535115
100.00000000,2101.00000000,0.09575000
100.00000000,2102.00000000,0.09590646
100.00000000,2103.00000000,0.09671600
100.00000000,2104.00000000,0.09764101
100.00000000,2105.00000000,0.09837139
100.00000000,2106.00000000,0.09885742
100.00000000,2107.00000000,0.09934763
100.00000000,2108.00000000,0.09984201
100.00000000,2109.00000000,0.10033986
100.00000000,2110.00000000,0.10084112
100.00000000,2111.00000000,0.10150541
100.00000000,2112.00000000,0.10217295
100.00000000,2113.00000000,0.10284375
100.00000000,2114.00000000,0.10351762
100.00000000,2115.00000000,0.10419445
100.00000000,2116.00000000,0.10487416
100.00000000,2117.00000000,0.10555658
100.00000000,2118.00000000,0.10624162
100.00000000,2119.00000000,0.10692921
100.00000000,2120.00000000,0.10761921
100.00000000,2121.00000000,0.10824104
100.00000000,2122.00000000,0.10886517
100.00000000,2123.00000000,0.10949145
100.00000000,2124.00000000,0.11011992
100.00000000,2125.00000000,0.11075052
100.00000000,2126.00000000,0.11138316
100.00000000,2127.00000000,0.11201797
100.00000000,2128.00000000,0.11265489
100.00000000,2129.00000000,0.11329391
100.00000000,2130.00000000,0.11393512
100.00000000,2131.00000000,0.11472490
100.00000000,2132.00000000,0.11551675
100.00000000,2133.00000000,0.11631075
100.00000000,2134.00000000,0.11710674
100.00000000,2135.00000000,0.11790463
100.00000000,2136.00000000,0.11870441
100.00000000,2137.00000000,0.11950590
100.00000000,2138.00000000,0.12030917
100.00000000,2139.00000000,0.12111412
100.00000000,2140.00000000,0.12192064
100.00000000,2141.00000000,0.12283543
100.00000000,2142.00000000,0.12375172
100.00000000,2143.00000000,0.12466934
100.00000000,2144.00000000,0.12558836
100.00000000,2145.00000000,0.12650858
100.00000000,2146.00000000,0.12742984
100.00000000,2147.00000000,0.12835215
100.00000000,2148.00000000,0.12927530
100.00000000,2149.00000000,0.13019924
100.00000000,2150.00000000,0.13112389
100.00000000,2151.00000000,0.13204374
100.00000000,2152.00000000,0.13296683
100.00000000,2153.00000000,0.13389496
100.00000000,2154.00000000,0.13482903
100.00000000,2155.00000000,0.13576954
100.00000000,2156.00000000,0.13671653
100.00000000,2157.00000000,0.13766983
100.00000000,2158.00000000,0.13862951
100.00000000,2159.00000000,0.13959522
100.00000000,2160.00000000,0.14056664
100.00000000,2161.00000000,0.14131023
100.00000000,2162.00000000,0.14205881
100.00000000,2163.00000000,0.14281227
100.00000000,2164.00000000,0.14357038
100.00000000,2165.00000000,0.14433289
100.00000000,2166.00000000,0.14509977
100.00000000,2167.00000000,0.14587079
100.00000000,2168.00000000,0.14664570
100.00000000,2169.00000000,0.14742442
100.00000000,2170.00000000,0.14820672
100.00000000,2171.00000000,0.14878093
100.00000000,2172.00000000,0.14935807
100.00000000,2173.00000000,0.14993786
100.00000000,2174.00000000,0.15052042
100.00000000,2175.00000000,0.15110555
100.00000000,2176.00000000,0.15169312
100.00000000,2177.00000000,0.15228310
100.00000000,2178.00000000,0.15287537
100.00000000,2179.00000000,0.15346977
100.00000000,2180.00000000,0.15406630
100.00000000,2181.00000000,0.15454598
100.00000000,2182.00000000,0.15502725
100.00000000,2183.00000000,0.15551017
100.00000000,2184.00000000,0.15599458
100.00000000,2185.00000000,0.15648052
100.00000000,2186.00000000,0.15696787
100.00000000,2187.00000000,0.15745651
100.00000000,2188.00000000,0.15794656
100.00000000,2189.00000000,0.15843794
100.00000000,2190.00000000,0.15893034
100.00000000,2191.00000000,0.15930057
100.00000000,2192.00000000,0.15967156
100.00000000,2193.00000000,0.16004330
100.00000000,2194.00000000,0.16041582
100.00000000,2195.00000000,0.16078909
100.00000000,2196.00000000,0.16116301
100.00000000,2197.00000000,0.16153768
100.00000000,2198.00000000,0.16191295
100.00000000,2199.00000000,0.16228894
100.00000000,2200.00000000,0.16266552
100.00000000,2201.00000000,0.16294709
100.00000000,2202.00000000,0.16322903
100.00000000,2203.00000000,0.16351128
100.00000000,2204.00000000,0.16379378
100.00000000,2205.00000000,0.16407666
100.00000000,2206.00000000,0.16435984
100.00000000,2207.00000000,0.16464324
100.00000000,2208.00000000,0.16492700
100.00000000,2209.00000000,0.16521097
100.00000000,2210.00000000,0.16549526
100.00000000,2211.00000000,0.16577983
100.00000000,2212.00000000,0.16606460
100.00000000,2213.00000000,0.16634969
100.00000000,2214.00000000,0.16663502
100.00000000,2215.00000000,0.16692054
100.00000000,2216.00000000,0.16720636
100.00000000,2217.00000000,0.16749241
100.00000000,2218.00000000,0.16777863
100.00000000,2219.00000000,0.16806512
100.00000000,2220.00000000,0.16835186
100.00000000,2221.00000000,0.16863869
100.00000000,2222.00000000,0.16892584
100.00000000,2223.00000000,0.16921306
100.00000000,2224.00000000,0.16950060
100.00000000,2225.00000000,0.16978829
100.00000000,2226.00000000,0.17007609
100.00000000,2227.00000000,0.17036412
100.00000000,2228.00000000,0.17065231
100.00000000,2229.00000000,0.17094059
100.00000000,2230.00000000,0.17122907
100.00000000,2231.00000000,0.17151767
100.00000000,2232.00000000,0.17180634
100.00000000,2233.00000000,0.17209518
100.00000000,2234.00000000,0.17238401
100.00000000,2235.00000000,0.17267302
100.00000000,2236.00000000,0.17296207
100.00000000,2237.00000000,0.17325113
100.00000000,2238.00000000,0.17354027
100.00000000,2239.00000000,0.17382945
100.00000000,2240.00000000,0.17411858
100.00000000,2241.00000000,0.17440776
100.00000000,2242.00000000,0.17469694
100.00000000,2243.00000000,0.17498600
100.00000000,2244.00000000,0.17527505
100.00000000,2245.00000000,0.17556397
100.00000000,2246.00000000,0.17585283
100.00000000,2247.00000000,0.17614155
100.00000000,2248.00000000,0.17643005
100.00000000,2249.00000000,0.17671814
100.00000000,2250.00000000,0.17700449
100.00000000,2251.00000000,0.17660323
100.00000000,2252.00000000,0.17619398
100.00000000,2253.00000000,0.17577566
100.00000000,2254.00000000,0.17534781
100.00000000,2255.00000000,0.17491055
100.00000000,2256.00000000,0.17446389
100.00000000,2257.00000000,0.17400793
100.00000000,2258.00000000,0.17354296
100.00000000,2259.00000000,0.17306911
100.00000000,2260.00000000,0.17258674
100.00000000,2261.00000000,0.17209606
100.00000000,2262.00000000,0.17159745
100.00000000,2263.00000000,0.17109134
100.00000000,2264.00000000,0.17057802
100.00000000,2265.00000000,0.17005765
100.00000000,2266.00000000,0.16953058
100.00000000,2267.00000000,0.16899698
100.00000000,2268.00000000,0.16845699
100.00000000,2269.00000000,0.16791092
100.00000000,2270.00000000,0.16735886
100.00000000,2271.00000000,0.16680108
100.00000000,2272.00000000,0.16623774
100.00000000,2273.00000000,0.16566894
100.00000000,2274.00000000,0.16509494
100.00000000,2275.00000000,0.16451588
100.00000000,2276.00000000,0.16393184
100.00000000,2277.00000000,0.16334308
100.00000000,2278.00000000,0.16274973
100.00000000,2279.00000000,0.16215187
100.00000000,2280.00000000,0.16154971
100.00000000,2281.00000000,0.16094338
100.00000000,2282.00000000,0.16033294
100.00000000,2283.00000000,0.15971861
100.00000000,2284.00000000,0.15910043
100.00000000,2285.00000000,0.15847862
100.00000000,2286.00000000,0.15785322
100.00000000,2287.00000000,0.15722431
100.00000000,2288.00000000,0.15659208
100.00000000,2289.00000000,0.15595661
100.00000000,2290.00000000,0.15531795
100.00000000,2291.00000000,0.15467627
100.00000000,2292.00000000,0.15403165
100.00000000,2293.00000000,0.15338413
100.00000000,2294.00000000,0.15273388
100.00000000,2295.00000000,0.15208091
100.00000000,2296.00000000,0.15142538
100.00000000,2297.00000000,0.15076734
100.00000000,2298.00000000,0.15010684
100.00000000,2299.00000000,0.14944402
100.00000000,2300.00000000,0.14877894
100.00000000,2301.00000000,0.14811159
100.00000000,2302.00000000,0.14744214
100.00000000,2303.00000000,0.14677062
100.00000000,2304.00000000,0.14609703
100.00000000,2305.00000000,0.14542154
100.00000000,2306.00000000,0.14474416
100.00000000,2307.00000000,0.14406490
100.00000000,2308.00000000,0.14338392
100.00000000,2309.00000000,0.14270121
100.00000000,2310.00000000,0.14201687
100.00000000,2311.00000000,0.14133097
100.00000000,2312.00000000,0.14064349
100.00000000,2313.00000000,0.13995458
100.00000000,2314.00000000,0.13926425
100.00000000,2315.00000000,0.13857251
100.00000000,2316.00000000,0.13787950
100.00000000,2317.00000000,0.13718522
100.00000000,2318.00000000,0.13648967
100.00000000,2319.00000000,0.13579300
100.00000000,2320.00000000,0.13509516
100.00000000,2321.00000000,0.13439628
100.00000000,2322.00000000,0.13369636
100.00000000,2323.00000000,0.13299540
100.00000000,2324.00000000,0.13229354
100.00000000,2325.00000000,0.13159077
100.00000000,2326.00000000,0.13088708
100.00000000,2327.00000000,0.13018260
100.00000000,2328.00000000,0.12947733
100.00000000,2329.00000000,0.12877126
100.00000000,2330.00000000,0.12806452
100.00000000,2331.00000000,0.12735706
100.00000000,2332.00000000,0.12664899
100.00000000,2333.00000000,0.12594030
100.00000000,2334.00000000,0.12523100
100.00000000,2335.00000000,0.12452119
100.00000000,2336.00000000,0.12381087
100.00000000,2337.00000000,0.12310003
100.00000000,2338.00000000,0.12238878
100.00000000,2339.00000000,0.12167711
100.00000000,2340.00000000,0.12096504
100.00000000,2341.00000000,0.12025263
100.00000000,2342.00000000,0.11953990
100.00000000,2343.00000000,0.11882684
100.00000000,2344.00000000,0.11811356
100.00000000,2345.00000000,0.11740001
100.00000000,2346.00000000,0.11668632
100.00000000,2347.00000000,0.11597249
100.00000000,2348.00000000,0.11525858
100.00000000,2349.00000000,0.11469562
100.00000000,2350.00000000,0.11457705
100.00000000,2351.00000000,0.11458010
100.00000000,2352.00000000,0.11458340
100.00000000,2353.00000000,0.11458692
100.00000000,2354.00000000,0.11459064
100.00000000,2355.00000000,0.11459460
100.00000000,2356.00000000,0.11461778
100.00000000,2357.00000000,0.11464120
100.00000000,2358.00000000,0.11466481
100.00000000,2359.00000000,0.11468860
100.00000000,2360.00000000,0.11471259
100.00000000,2361.00000000,0.11469914
100.00000000,2362.00000000,0.11468579
100.00000000,2363.00000000,0.11467267
100.00000000,2364.00000000,0.11465968
100.00000000,2365.00000000,0.11464682
100.00000000,2366.00000000,0.11463413
100.00000000,2367.00000000,0.11462160
100.00000000,2368.00000000,0.11460915
100.00000000,2369.00000000,0.11459690
100.00000000,2370.00000000,0.11458474
100.00000000,2371.00000000,0.11457274
100.00000000,2372.00000000,0.11456088
100.00000000,2373.00000000,0.11454909
100.00000000,2374.00000000,0.11453748
100.00000000,2375.00000000,0.11452598
100.00000000,2376.00000000,0.11451292
100.00000000,2377.00000000,0.11450001
100.00000000,2378.00000000,0.11448723
100.00000000,2379.00000000,0.11447450
100.00000000,2380.00000000,0.11446191
100.00000000,2381.00000000,0.11444938
100.00000000,2382.00000000,0.11443700
100.00000000,2383.00000000,0.11442472
100.00000000,2384.00000000,0.11441249
100.00000000,2385.00000000,0.11440039
100.00000000,2386.00000000,0.11438838
100.00000000,2387.00000000,0.11437641
100.00000000,2388.00000000,0.11436456
100.00000000,2389.00000000,0.11435281
100.00000000,2390.00000000,0.11434109
100.00000000,2391.00000000,0.11432950
100.00000000,2392.00000000,0.11431794
100.00000000,2393.00000000,0.11430650
100.00000000,2394.00000000,0.11429513
100.00000000,2395.00000000,0.11428381
100.00000000,2396.00000000,0.11427258
100.00000000,2397.00000000,0.11426143
100.00000000,2398.00000000,0.11425029
100.00000000,2399.00000000,0.11423927
100.00000000,2400.00000000,0.11422831
100.00000000,2401.00000000,0.11422100
100.00000000,2402.00000000,0.11421379
100.00000000,2403.00000000,0.11420665
100.00000000,2404.00000000,0.11419952
100.00000000,2405.00000000,0.11419253
100.00000000,2406.00000000,0.11418553
100.00000000,2407.00000000,0.11417866
100.00000000,2408.00000000,0.11417184
100.00000000,2409.00000000,0.11416502
100.00000000,2410.00000000,0.11415833
100.00000000,2411.00000000,0.11415168
100.00000000,2412.00000000,0.11414504
100.00000000,2413.00000000,0.11413850
100.00000000,2414.00000000,0.11413202
100.00000000,2415.00000000,0.11412554
100.00000000,2416.00000000,0.11411915
100.00000000,2417.00000000,0.11411277
100.00000000,2418.00000000,0.11410648
100.00000000,2419.00000000,0.11410024
100.00000000,2420.00000000,0.11409398
100.00000000,2421.00000000,0.11408782
100.00000000,2422.00000000,0.11408171
100.00000000,2423.00000000,0.11407558
100.00000000,2424.00000000,0.11406955
100.00000000,2425.00000000,0.11406355
100.00000000,2426.00000000,0.11405754
100.00000000,2427.00000000,0.11405162
100.00000000,2428.00000000,0.11404573
100.00000000,2429.00000000,0.11403982
100.00000000,2430.00000000,0.11403399
100.00000000,2431.00000000,0.11402816
100.00000000,2432.00000000,0.11402240
100.00000000,2433.00000000,0.11401667
100.00000000,2434.00000000,0.11401091
100.00000000,2435.00000000,0.11400525
100.00000000,2436.00000000,0.11399960
100.00000000,2437.00000000,0.11399394
100.00000000,2438.00000000,0.11398834
100.00000000,2439.00000000,0.11398278
100.00000000,2440.00000000,0.11397718
100.00000000,2441.00000000,0.11397167
100.00000000,2442.00000000,0.11396612
100.00000000,2443.00000000,0.11396064
100.00000000,2444.00000000,0.11395519
100.00000000,2445.00000000,0.11394971
100.00000000,2446.00000000,0.11394430
100.00000000,2447.00000000,0.11393891
100.00000000,2448.00000000,0.11393348
100.00000000,2449.00000000,0.11392813
100.00000000,2450.00000000,0.11392279
100.00000000,2451.00000000,0.11391638
100.00000000,2452.00000000,0.11391005
100.00000000,2453.00000000,0.11390372
100.00000000,2454.00000000,0.11389733
100.00000000,2455.00000000,0.11389103
100.00000000,2456.00000000,0.11388467
100.00000000,2457.00000000,0.11387838
100.00000000,2458.00000000,0.11387209
100.00000000,2459.00000000,0.11386575
100.00000000,2460.00000000,0.11385948
100.00000000,2461.00000000,0.11385322
100.00000000,2462.00000000,0.11384690
100.00000000,2463.00000000,0.11384065
100.00000000,2464.00000000,0.11383440
100.00000000,2465.00000000,0.11382809
100.00000000,2466.00000000,0.11382186
100.00000000,2467.00000000,0.11381556
100.00000000,2468.00000000,0.11380933
100.00000000,2469.00000000,0.11380312
100.00000000,2470.00000000,0.11379683
100.00000000,2471.00000000,0.11379062
100.00000000,2472.00000000,0.11378441
100.00000000,2473.00000000,0.11377813
100.00000000,2474.00000000,0.11377193
100.00000000,2475.00000000,0.11376572
100.00000000,2476.00000000,0.11375945
100.00000000,2477.00000000,0.11375326
100.00000000,2478.00000000,0.11374699
100.00000000,2479.00000000,0.11374080
100.00000000,2480.00000000,0.11373461
100.00000000,2481.00000000,0.11372835
100.00000000,2482.00000000,0.11372215
100.00000000,2483.00000000,0.11371597
100.00000000,2484.00000000,0.11370971
100.00000000,2485.00000000,0.11370352
100.00000000,2486.00000000,0.11369734
100.00000000,2487.00000000,0.11369107
100.00000000,2488.00000000,0.11368488
100.00000000,2489.00000000,0.11367869
100.00000000,2490.00000000,0.11367243
100.00000000,2491.00000000,0.11366625
100.00000000,2492.00000000,0.11365998
100.00000000,2493.00000000,0.11365379
100.00000000,2494.00000000,0.11364760
100.00000000,2495.00000000,0.11364133
100.00000000,2496.00000000,0.11363513
100.00000000,2497.00000000,0.11362893
100.00000000,2498.00000000,0.11362266
100.00000000,2499.00000000,0.11361646
100.00000000,2500.00000000,0.11361026
101.00000000,1765.00000000,0.08310296
101.00000000,1766.00000000,0.08310298
101.00000000,1767.00000000,0.08310301
101.00000000,1768.00000000,0.08310318
101.00000000,1769.00000000,0.08310355
101.00000000,1770.00000000,0.08310394
101.00000000,1771.00000000,0.08310452
101.00000000,1772.00000000,0.08310512
101.00000000,1773.00000000,0.08310608
101.00000000,1774.00000000,0.08310705
101.00000000,1775.00000000,0.08310834
101.00000000,1776.00000000,0.08310969
101.00000000,1777.00000000,0.08311127
101.00000000,1778.00000000,0.08311286
101.00000000,1779.00000000,0.08311464
101.00000000,1780.00000000,0.08311670
101.00000000,1781.00000000,0.08311876
101.00000000,1782.00000000,0.08312093
101.00000000,1783.00000000,0.08312322
101.00000000,1784.00000000,0.08312576
101.00000000,1785.00000000,0.08312828
101.00000000,1786.00000000,0.08313095
101.00000000,1787.00000000,0.08313372
101.00000000,1788.00000000,0.08313668
101.00000000,1789.00000000,0.08313966
101.00000000,1790.00000000,0.08314270
101.00000000,1791.00000000,0.08314590
101.00000000,1792.00000000,0.08314914
101.00000000,1793.00000000,0.08315244
101.00000000,1794.00000000,0.08315580
101.00000000,1795.00000000,0.08315928
101.00000000,1796.00000000,0.08316282
101.00000000,1797.00000000,0.08316641
101.00000000,1798.00000000,0.08317005
101.00000000,1799.00000000,0.08317375
101.00000000,1800.00000000,0.08317747
101.00000000,1801.00000000,0.08318123
101.00000000,1802.00000000,0.08318515
101.00000000,1803.00000000,0.08318902
101.00000000,1804.00000000,0.08319286
101.00000000,1805.00000000,0.08319695
101.00000000,1806.00000000,0.08320080
101.00000000,1807.00000000,0.08320483
101.00000000,1808.00000000,0.08320894
101.00000000,1809.00000000,0.08321306
101.00000000,1810.00000000,0.08321699
101.00000000,1811.00000000,0.08322123
101.00000000,1812.00000000,0.08322536
101.00000000,1813.00000000,0.08322954
101.00000000,1814.00000000,0.08323381
101.00000000,1815.00000000,0.08323796
101.00000000,1816.00000000,0.08324218
101.00000000,1817.00000000,0.08324643
101.00000000,1818.00000000,0.08325072
101.00000000,1819.00000000,0.08325491
101.00000000,1820.00000000,0.08325917
101.00000000,1821.00000000,0.08326349
101.00000000,1822.00000000,0.08326778
101.00000000,1823.00000000,0.08327210
101.00000000,1824.00000000,0.08327637
101.00000000,1825.00000000,0.08328068
101.00000000,1826.00000000,0.08328495
101.00000000,1827.00000000,0.08328928
101.00000000,1828.00000000,0.08329356
101.00000000,1829.00000000,0.08329790
101.00000000,1830.00000000,0.08330217
101.00000000,1831.00000000,0.08330647
101.00000000,1832.00000000,0.08331073
101.00000000,1833.00000000,0.08331498
101.00000000,1834.00000000,0.08331924
101.00000000,1835.00000000,0.08332345
101.00000000,1836.00000000,0.08332770
101.00000000,1837.00000000,0.08333198
101.00000000,1838.00000000,0.08333613
101.00000000,1839.00000000,0.08334037
101.00000000,1840.00000000,0.08334461
101.00000000,1841.00000000,0.08334875
101.00000000,1842.00000000,0.08335295
101.00000000,1843.00000000,0.08335709
101.00000000,1844.00000000,0.08336129
101.00000000,1845.00000000,0.08336543
101.00000000,1846.00000000,0.08336955
101.00000000,1847.00000000,0.08337368
101.00000000,1848.00000000,0.08337778
101.00000000,1849.00000000,0.08338192
101.00000000,1850.00000000,0.08338600
101.00000000,1851.00000000,0.08339006
101.00000000,1852.00000000,0.08339409
101.00000000,1853.00000000,0.08339856
101.00000000,1854.00000000,0.08340321
101.00000000,1855.00000000,0.08340785
101.00000000,1856.00000000,0.08341237
101.00000000,1857.00000000,0.08341688
101.00000000,1858.00000000,0.08342135
101.00000000,1859.00000000,0.08342578
101.00000000,1860.00000000,0.08343025
101.00000000,1861.00000000,0.08343467
101.00000000,1862.00000000,0.08343898
101.00000000,1863.00000000,0.08344270
101.00000000,1864.00000000,0.08344589
101.00000000,1865.00000000,0.08344879
101.00000000,1866.00000000,0.08345139
101.00000000,1867.00000000,0.08346142
101.00000000,1868.00000000,0.08346360
101.00000000,1869.00000000,0.08346564
101.00000000,1870.00000000,0.08346753
101.00000000,1871.00000000,0.08346937
101.00000000,1872.00000000,0.08347400
101.00000000,1873.00000000,0.08347692
101.00000000,1874.00000000,0.08348050
101.00000000,1875.00000000,0.08348455
101.00000000,1876.00000000,0.08348899
101.00000000,1877.00000000,0.08349377
101.00000000,1878.00000000,0.08349879
101.00000000,1879.00000000,0.08350397
101.00000000,1880.00000000,0.08350937
101.00000000,1881.00000000,0.08351487
101.00000000,1882.00000000,0.08352301
101.00000000,1883.00000000,0.08352813
101.00000000,1884.00000000,0.08353295
101.00000000,1885.00000000,0.08353754
101.00000000,1886.00000000,0.08354198
101.00000000,1887.00000000,0.08354640
101.00000000,1888.00000000,0.08355062
101.00000000,1889.00000000,0.08355461
101.00000000,1890.00000000,0.08355834
101.00000000,1891.00000000,0.08356176
101.00000000,1892.00000000,0.08356751
101.00000000,1893.00000000,0.08357062
101.00000000,1894.00000000,0.08357374
101.00000000,1895.00000000,0.08357700
101.00000000,1896.00000000,0.08358039
101.00000000,1897.00000000,0.08358368
101.00000000,1898.00000000,0.08358957
101.00000000,1899.00000000,0.08359269
101.00000000,1900.00000000,0.08359552
101.00000000,1901.00000000,0.08360067
101.00000000,1902.00000000,0.08360350
101.00000000,1903.00000000,0.08361150
101.00000000,1904.00000000,0.08361201
101.00000000,1905.00000000,0.08361532
101.00000000,1906.00000000,0.08361892
101.00000000,1907.00000000,0.08362530
101.00000000,1908.00000000,0.08362896
101.00000000,1909.00000000,0.08363265
101.00000000,1910.00000000,0.08363643
101.00000000,1911.00000000,0.08364001
101.00000000,1912.00000000,0.08364556
101.00000000,1913.00000000,0.08364758
101.00000000,1914.00000000,0.08364859
101.00000000,1915.00000000,0.08364916
101.00000000,1916.00000000,0.08365229
101.00000000,1917.00000000,0.08365547
101.00000000,1918.00000000,0.08365846
101.00000000,1919.00000000,0.08365896
101.00000000,1920.00000000,0.08366011
101.00000000,1921.00000000,0.08366202
101.00000000,1922.00000000,0.08366495
101.00000000,1923.00000000,0.08367121
101.00000000,1924.00000000,0.08367769
101.00000000,1925.00000000,0.08368144
101.00000000,1926.00000000,0.08368776
101.00000000,1927.00000000,0.08369149
101.00000000,1928.00000000,0.08369794
101.00000000,1929.00000000,0.08370183
101.00000000,1930.00000000,0.08370587
101.00000000,1931.00000000,0.08372656
101.00000000,1932.00000000,0.08373068
101.00000000,1933.00000000,0.08373823
101.00000000,1934.00000000,0.08374896
101.00000000,1935.00000000,0.08375715
101.00000000,1936.00000000,0.08376735
101.00000000,1937.00000000,0.08378433
101.00000000,1938.00000000,0.08378969
101.00000000,1939.00000000,0.08379669
101.00000000,1940.00000000,0.08380302
101.00000000,1941.00000000,0.08381084
101.00000000,1942.00000000,0.08381499
101.00000000,1943.00000000,0.08382107
101.00000000,1944.00000000,0.08382402
101.00000000,1945.00000000,0.08382959
101.00000000,1946.00000000,0.08384141
101.00000000,1947.00000000,0.08384473
101.00000000,1948.00000000,0.08385681
101.00000000,1949.00000000,0.08386383
101.00000000,1950.00000000,0.08387593
101.00000000,1951.00000000,0.08389054
101.00000000,1952.00000000,0.08389563
101.00000000,1953.00000000,0.08390881
101.00000000,1954.00000000,0.08391942
101.00000000,1955.00000000,0.08395085
101.00000000,1956.00000000,0.08396175
101.00000000,1957.00000000,0.08397999
101.00000000,1958.00000000,0.08398747
101.00000000,1959.00000000,0.08399430
101.00000000,1960.00000000,0.08400937
101.00000000,1961.00000000,0.08403023
101.00000000,1962.00000000,0.08403984
101.00000000,1963.00000000,0.08404336
101.00000000,1964.00000000,0.08405845
101.00000000,1965.00000000,0.08407486
101.00000000,1966.00000000,0.08408725
101.00000000,1967.00000000,0.08408810
101.00000000,1968.00000000,0.08410091
101.00000000,1969.00000000,0.08410333
101.00000000,1970.00000000,0.08410854
101.00000000,1971.00000000,0.08410528
101.00000000,1972.00000000,0.08410806
101.00000000,1973.00000000,0.08412785
101.00000000,1974.00000000,0.08412927
101.00000000,1975.00000000,0.08407504
101.00000000,1976.00000000,0.08408186
101.00000000,1977.00000000,0.08406069
101.00000000,1978.00000000,0.08403951
101.00000000,1979.00000000,0.08401413
101.00000000,1980.00000000,0.08402002
101.00000000,1981.00000000,0.08405649
101.00000000,1982.00000000,0.08404668
101.00000000,1983.00000000,0.08405673
101.00000000,1984.00000000,0.08407903
101.00000000,1985.00000000,0.08407171
101.00000000,1986.00000000,0.08406400
101.00000000,1987.00000000,0.08406252
101.00000000,1988.00000000,0.08408683
101.00000000,1989.00000000,0.08415689
101.00000000,1990.00000000,0.08414510
101.00000000,1991.00000000,0.08420700
101.00000000,1992.00000000,0.08423665
101.00000000,1993.00000000,0.08423157
101.00000000,1994.00000000,0.08421275
101.00000000,1995.00000000,0.08423849
101.00000000,1996.00000000,0.08429019
101.00000000,1997.00000000,0.08431630
101.00000000,1998.00000000,0.08436239
101.00000000,1999.00000000,0.08441893
101.00000000,2000.00000000,0.08451923
101.00000000,2001.00000000,0.08458171
101.00000000,2002.00000000,0.08462119
101.00000000,2003.00000000,0.08465110
101.00000000,2004.00000000,0.08477396
101.00000000,2005.00000000,0.08478259
101.00000000,2006.00000000,0.08486832
101.00000000,2007.00000000,0.08496254
101.00000000,2008.00000000,0.08513639
101.00000000,2009.00000000,0.08502566
101.00000000,2010.00000000,0.08508624
101.00000000,2011.00000000,0.08514113
101.00000000,2012.00000000,0.08515001
101.00000000,2013.00000000,0.08522133
101.00000000,2014.00000000,0.08534230
101.00000000,2015.00000000,0.08506434
101.00000000,2016.00000000,0.08498771
101.00000000,2017.00000000,0.08509732
101.00000000,2018.00000000,0.08518155
101.00000000,2019.00000000,0.08507967
101.00000000,2020.00000000,0.08469714
101.00000000,2021.00000000,0.08495507
101.00000000,2022.00000000,0.08457208
101.00000000,2023.00000000,0.08461642
101.00000000,2024.00000000,0.08486720
101.00000000,2025.00000000,0.08478691
101.00000000,2026.00000000,0.08475338
101.00000000,2027.00000000,0.08470919
101.00000000,2028.00000000,0.08484134
101.00000000,2029.00000000,0.08478359
101.00000000,2030.00000000,0.08491647
101.00000000,2031.00000000,0.08462141
101.00000000,2032.00000000,0.08427376
101.00000000,2033.00000000,0.08397515
101.00000000,2034.00000000,0.08402021
101.00000000,2035.00000000,0.08414856
101.00000000,2036.00000000,0.08421182
101.00000000,2037.00000000,0.08439511
101.00000000,2038.00000000,0.08451812
101.00000000,2039.00000000,0.08428103
101.00000000,2040.00000000,0.08433127
101.00000000,2041.00000000,0.08452072
101.00000000,2042.00000000,0.08453261
101.00000000,2043.00000000,0.08447739
101.00000000,2044.00000000,0.08452146
101.00000000,2045.00000000,0.08442522
101.00000000,2046.00000000,0.08380413
101.00000000,2047.00000000,0.08391718
101.00000000,2048.00000000,0.08421477
101.00000000,2049.00000000,0.08432456
101.00000000,2050.00000000,0.08412614
101.00000000,2051.00000000,0.08456060
101.00000000,2052.00000000,0.08481768
101.00000000,2053.00000000,0.08480857
101.00000000,2054.00000000,0.08484041
101.00000000,2055.00000000,0.08482168
101.00000000,2056.00000000,0.08517340
101.00000000,2057.00000000,0.08542116
101.00000000,2058.00000000,0.08556518
101.00000000,2059.00000000,0.08563213
101.00000000,2060.00000000,0.08587083
101.00000000,2061.00000000,0.08606845
101.00000000,2062.00000000,0.08603308
101.00000000,2063.00000000,0.08621100
101.00000000,2064.00000000,0.08649029
101.00000000,2065.00000000,0.08679961
101.00000000,2066.00000000,0.08705603
101.00000000,2067.00000000,0.08736857
101.00000000,2068.00000000,0.08755521
101.00000000,2069.00000000,0.08791078
101.00000000,2070.00000000,0.08834998
101.00000000,2071.00000000,0.08894041
101.00000000,2072.00000000,0.08924793
101.00000000,2073.00000000,0.08958794
101.00000000,2074.00000000,0.09008916
101.00000000,2075.00000000,0.09006232
101.00000000,2076.00000000,0.08995028
101.00000000,2077.00000000,0.09053313
101.00000000,2078.00000000,0.09083413
101.00000000,2079.00000000,0.09097471
101.00000000,2080.00000000,0.09159502
101.00000000,2081.00000000,0.09143590
101.00000000,2082.00000000,0.09102760
101.00000000,2083.00000000,0.09090746
101.00000000,2084.00000000,0.09084647
101.00000000,2085.00000000,0.09124329
101.00000000,2086.00000000,0.09158293
101.00000000,2087.00000000,0.09195289
101.00000000,2088.00000000,0.09227237
101.00000000,2089.00000000,0.09275021
101.00000000,2090.00000000,0.09303253
101.00000000,2091.00000000,0.09315634
101.00000000,2092.00000000,0.09336473
101.00000000,2093.00000000,0.09309988
101.00000000,2094.00000000,0.09311936
101.00000000,2095.00000000,0.09339776
101.00000000,2096.00000000,0.09370645
101.00000000,2097.00000000,0.09403625
101.00000000,2098.00000000,0.09430282
101.00000000,2099.00000000,0.09425365
101.00000000,2100.00000000,0.09423524
101.00000000,2101.00000000,0.09464096
101.00000000,2102.00000000,0.09503883
101.00000000,2103.00000000,0.09519623
101.00000000,2104.00000000,0.09600211
101.00000000,2105.00000000,0.09692266
101.00000000,2106.00000000,0.09764994
101.00000000,2107.00000000,0.09813455
101.00000000,2108.00000000,0.09862322
101.00000000,2109.00000000,0.09911596
101.00000000,2110.00000000,0.09961204
101.00000000,2111.00000000,0.10011143
101.00000000,2112.00000000,0.10077262
101.00000000,2113.00000000,0.10143697
101.00000000,2114.00000000,0.10210448
101.00000000,2115.00000000,0.10277497
101.00000000,2116.00000000,0.10344833
101.00000000,2117.00000000,0.10412450
101.00000000,2118.00000000,0.10480329
101.00000000,2119.00000000,0.10548464
101.00000000,2120.00000000,0.10616846
101.00000000,2121.00000000,0.10685463
101.00000000,2122.00000000,0.10747308
101.00000000,2123.00000000,0.10809371
101.00000000,2124.00000000,0.10871647
101.00000000,2125.00000000,0.10934135
101.00000000,2126.00000000,0.10996832
101.00000000,2127.00000000,0.11059730
101.00000000,2128.00000000,0.11122843
101.00000000,2129.00000000,0.11186163
101.00000000,2130.00000000,0.11249687
101.00000000,2131.00000000,0.11313428
101.00000000,2132.00000000,0.11391920
101.00000000,2133.00000000,0.11470618
101.00000000,2134.00000000,0.11549525
101.00000000,2135.00000000,0.11628628
101.00000000,2136.00000000,0.11707917
101.00000000,2137.00000000,0.11787393
101.00000000,2138.00000000,0.11867036
101.00000000,2139.00000000,0.11946856
101.00000000,2140.00000000,0.12026840
101.00000000,2141.00000000,0.12106979
101.00000000,2142.00000000,0.12197868
101.00000000,2143.00000000,0.12288907
101.00000000,2144.00000000,0.12380081
101.00000000,2145.00000000,0.12471385
101.00000000,2146.00000000,0.12562811
101.00000000,2147.00000000,0.12654340
101.00000000,2148.00000000,0.12745973
101.00000000,2149.00000000,0.12837687
101.00000000,2150.00000000,0.12929485
101.00000000,2151.00000000,0.13021418
101.00000000,2152.00000000,0.13113071
101.00000000,2153.00000000,0.13205241
101.00000000,2154.00000000,0.13298012
101.00000000,2155.00000000,0.13391418
101.00000000,2156.00000000,0.13485482
101.00000000,2157.00000000,0.13580192
101.00000000,2158.00000000,0.13675527
101.00000000,2159.00000000,0.13771479
101.00000000,2160.00000000,0.13868017
101.00000000,2161.00000000,0.13965106
101.00000000,2162.00000000,0.14039545
101.00000000,2163.00000000,0.14114464
101.00000000,2164.00000000,0.14189854
101.00000000,2165.00000000,0.14265692
101.00000000,2166.00000000,0.14341959
101.00000000,2167.00000000,0.14418644
101.00000000,2168.00000000,0.14495728
101.00000000,2169.00000000,0.14573186
101.00000000,2170.00000000,0.14651014
101.00000000,2171.00000000,0.14729189
101.00000000,2172.00000000,0.14786671
101.00000000,2173.00000000,0.14844434
101.00000000,2174.00000000,0.14902457
101.00000000,2175.00000000,0.14960743
101.00000000,2176.00000000,0.15019276
101.00000000,2177.00000000,0.15078044
101.00000000,2178.00000000,0.15137045
101.00000000,2179.00000000,0.15196266
101.00000000,2180.00000000,0.15255690
101.00000000,2181.00000000,0.15315322
101.00000000,2182.00000000,0.15363333
101.00000000,2183.00000000,0.15411498
101.00000000,2184.00000000,0.15459820
101.00000000,2185.00000000,0.15508286
101.00000000,2186.00000000,0.15556900
101.00000000,2187.00000000,0.15605651
101.00000000,2188.00000000,0.15654530
101.00000000,2189.00000000,0.15703542
101.00000000,2190.00000000,0.15752676
101.00000000,2191.00000000,0.15801922
101.00000000,2192.00000000,0.15839008
101.00000000,2193.00000000,0.15876169
101.00000000,2194.00000000,0.15913400
101.00000000,2195.00000000,0.15950708
101.00000000,2196.00000000,0.15988087
101.00000000,2197.00000000,0.16025529
101.00000000,2198.00000000,0.16063043
101.00000000,2199.00000000,0.16100612
101.00000000,2200.00000000,0.16138259
101.00000000,2201.00000000,0.16175957
101.00000000,2202.00000000,0.16204202
101.00000000,2203.00000000,0.16232490
101.00000000,2204.00000000,0.16260805
101.00000000,2205.00000000,0.16289138
101.00000000,2206.00000000,0.16317517
101.00000000,2207.00000000,0.16345920
101.00000000,2208.00000000,0.16374345
101.00000000,2209.00000000,0.16402803
101.00000000,2210.00000000,0.16431278
101.00000000,2211.00000000,0.16459793
101.00000000,2212.00000000,0.16488330
101.00000000,2213.00000000,0.16516888
101.00000000,2214.00000000,0.16545477
101.00000000,2215.00000000,0.16574089
101.00000000,2216.00000000,0.16602720
101.00000000,2217.00000000,0.16631382
101.00000000,2218.00000000,0.16660066
101.00000000,2219.00000000,0.16688766
101.00000000,2220.00000000,0.16717494
101.00000000,2221.00000000,0.16746243
101.00000000,2222.00000000,0.16775008
101.00000000,2223.00000000,0.16803799
101.00000000,2224.00000000,0.16832605
101.00000000,2225.00000000,0.16861435
101.00000000,2226.00000000,0.16890287
101.00000000,2227.00000000,0.16919144
101.00000000,2228.00000000,0.16948031
101.00000000,2229.00000000,0.16976932
101.00000000,2230.00000000,0.17005843
101.00000000,2231.00000000,0.17034773
101.00000000,2232.00000000,0.17063716
101.00000000,2233.00000000,0.17092666
101.00000000,2234.00000000,0.17121633
101.00000000,2235.00000000,0.17150603
101.00000000,2236.00000000,0.17179588
101.00000000,2237.00000000,0.17208583
101.00000000,2238.00000000,0.17237574
101.00000000,2239.00000000,0.17266581
101.00000000,2240.00000000,0.17295588
101.00000000,2241.00000000,0.17324593
101.00000000,2242.00000000,0.17353603
101.00000000,2243.00000000,0.17382613
101.00000000,2244.00000000,0.17411611
101.00000000,2245.00000000,0.17440614
101.00000000,2246.00000000,0.17469602
101.00000000,2247.00000000,0.17498587
101.00000000,2248.00000000,0.17527559
101.00000000,2249.00000000,0.17556487
101.00000000,2250.00000000,0.17585260
101.00000000,2251.00000000,0.17613640
101.00000000,2252.00000000,0.17573383
101.00000000,2253.00000000,0.17532218
101.00000000,2254.00000000,0.17490106
101.00000000,2255.00000000,0.17447037
101.00000000,2256.00000000,0.17403034
101.00000000,2257.00000000,0.17358101
101.00000000,2258.00000000,0.17312254
101.00000000,2259.00000000,0.17265526
101.00000000,2260.00000000,0.17217933
101.00000000,2261.00000000,0.17169515
101.00000000,2262.00000000,0.17120302
101.00000000,2263.00000000,0.17070329
101.00000000,2264.00000000,0.17019633
101.00000000,2265.00000000,0.16968238
101.00000000,2266.00000000,0.16916160
101.00000000,2267.00000000,0.16863429
101.00000000,2268.00000000,0.16810063
101.00000000,2269.00000000,0.16756076
101.00000000,2270.00000000,0.16701496
101.00000000,2271.00000000,0.16646332
101.00000000,2272.00000000,0.16590614
101.00000000,2273.00000000,0.16534351
101.00000000,2274.00000000,0.16477557
101.00000000,2275.00000000,0.16420255
101.00000000,2276.00000000,0.16362462
101.00000000,2277.00000000,0.16304183
101.00000000,2278.00000000,0.16245445
101.00000000,2279.00000000,0.16186259
101.00000000,2280.00000000,0.16126632
101.00000000,2281.00000000,0.16066589
101.00000000,2282.00000000,0.16006136
101.00000000,2283.00000000,0.15945283
101.00000000,2284.00000000,0.15884051
101.00000000,2285.00000000,0.15822442
101.00000000,2286.00000000,0.15760477
101.00000000,2287.00000000,0.15698163
101.00000000,2288.00000000,0.15635507
101.00000000,2289.00000000,0.15572525
101.00000000,2290.00000000,0.15509228
101.00000000,2291.00000000,0.15445617
101.00000000,2292.00000000,0.15381714
101.00000000,2293.00000000,0.15317520
101.00000000,2294.00000000,0.15253044
101.00000000,2295.00000000,0.15188301
101.00000000,2296.00000000,0.15123292
101.00000000,2297.00000000,0.15058033
101.00000000,2298.00000000,0.14992527
101.00000000,2299.00000000,0.14926781
101.00000000,2300.00000000,0.14860807
101.00000000,2301.00000000,0.14794611
101.00000000,2302.00000000,0.14728193
101.00000000,2303.00000000,0.14661568
101.00000000,2304.00000000,0.14594738
101.00000000,2305.00000000,0.14527708
101.00000000,2306.00000000,0.14460488
101.00000000,2307.00000000,0.14393084
101.00000000,2308.00000000,0.14325496
101.00000000,2309.00000000,0.14257740
101.00000000,2310.00000000,0.14189813
101.00000000,2311.00000000,0.14121729
101.00000000,2312.00000000,0.14053489
101.00000000,2313.00000000,0.13985095
101.00000000,2314.00000000,0.13916560
101.00000000,2315.00000000,0.13847885
101.00000000,2316.00000000,0.13779074
101.00000000,2317.00000000,0.13710134
101.00000000,2318.00000000,0.13641072
101.00000000,2319.00000000,0.13571887
101.00000000,2320.00000000,0.13502588
101.00000000,2321.00000000,0.13433177
101.00000000,2322.00000000,0.13363663
101.00000000,2323.00000000,0.13294045
101.00000000,2324.00000000,0.13224328
101.00000000,2325.00000000,0.13154520
101.00000000,2326.00000000,0.13084623
101.00000000,2327.00000000,0.13014635
101.00000000,2328.00000000,0.12944570
101.00000000,2329.00000000,0.12874427
101.00000000,2330.00000000,0.12804205
101.00000000,2331.00000000,0.12733916
101.00000000,2332.00000000,0.12663556
101.00000000,2333.00000000,0.12593137
101.00000000,2334.00000000,0.12522657
101.00000000,2335.00000000,0.12452117
101.00000000,2336.00000000,0.12381526
101.00000000,2337.00000000,0.12310885
101.00000000,2338.00000000,0.12240192
101.00000000,2339.00000000,0.12169459
101.00000000,2340.00000000,0.12098685
101.00000000,2341.00000000,0.12027870
101.00000000,2342.00000000,0.11957023
101.00000000,2343.00000000,0.11886144
101.00000000,2344.00000000,0.11815231
101.00000000,2345.00000000,0.11744298
101.00000000,2346.00000000,0.11673337
101.00000000,2347.00000000,0.11602362
101.00000000,2348.00000000,0.11531374
101.00000000,2349.00000000,0.11460378
101.00000000,2350.00000000,0.11404391
101.00000000,2351.00000000,0.11392597
101.00000000,2352.00000000,0.11392895
101.00000000,2353.00000000,0.11393218
101.00000000,2354.00000000,0.11393564
101.00000000,2355.00000000,0.11393929
101.00000000,2356.00000000,0.11394319
101.00000000,2357.00000000,0.11396619
101.00000000,2358.00000000,0.11398944
101.00000000,2359.00000000,0.11401288
101.00000000,2360.00000000,0.11403648
101.00000000,2361.00000000,0.11406029
101.00000000,2362.00000000,0.11404687
101.00000000,2363.00000000,0.11403356
101.00000000,2364.00000000,0.11402046
101.00000000,2365.00000000,0.11400750
101.00000000,2366.00000000,0.11399466
101.00000000,2367.00000000,0.11398199
101.00000000,2368.00000000,0.11396949
101.00000000,2369.00000000,0.11395708
101.00000000,2370.00000000,0.11394483
101.00000000,2371.00000000,0.11393269
101.00000000,2372.00000000,0.11392072
101.00000000,2373.00000000,0.11390887
101.00000000,2374.00000000,0.11389711
101.00000000,2375.00000000,0.11388551
101.00000000,2376.00000000,0.11387402
101.00000000,2377.00000000,0.11386099
101.00000000,2378.00000000,0.11384811
101.00000000,2379.00000000,0.11383534
101.00000000,2380.00000000,0.11382263
101.00000000,2381.00000000,0.11381007
101.00000000,2382.00000000,0.11379757
101.00000000,2383.00000000,0.11378521
101.00000000,2384.00000000,0.11377294
101.00000000,2385.00000000,0.11376071
101.00000000,2386.00000000,0.11374863
101.00000000,2387.00000000,0.11373664
101.00000000,2388.00000000,0.11372469
101.00000000,2389.00000000,0.11371287
101.00000000,2390.00000000,0.11370113
101.00000000,2391.00000000,0.11368943
101.00000000,2392.00000000,0.11367785
101.00000000,2393.00000000,0.11366630
101.00000000,2394.00000000,0.11365487
101.00000000,2395.00000000,0.11364352
101.00000000,2396.00000000,0.11363220
101.00000000,2397.00000000,0.11362098
101.00000000,2398.00000000,0.11360984
101.00000000,2399.00000000,0.11359871
101.00000000,2400.00000000,0.11358769
101.00000000,2401.00000000,0.11357675
101.00000000,2402.00000000,0.11356943
101.00000000,2403.00000000,0.11356221
101.00000000,2404.00000000,0.11355506
101.00000000,2405.00000000,0.11354794
101.00000000,2406.00000000,0.11354093
101.00000000,2407.00000000,0.11353392
101.00000000,2408.00000000,0.11352704
101.00000000,2409.00000000,0.11352021
101.00000000,2410.00000000,0.11351340
101.00000000,2411.00000000,0.11350668
101.00000000,2412.00000000,0.11350004
101.00000000,2413.00000000,0.11349337
101.00000000,2414.00000000,0.11348683
101.00000000,2415.00000000,0.11348033
101.00000000,2416.00000000,0.11347384
101.00000000,2417.00000000,0.11346744
101.00000000,2418.00000000,0.11346105
101.00000000,2419.00000000,0.11345473
101.00000000,2420.00000000,0.11344848
101.00000000,2421.00000000,0.11344221
101.00000000,2422.00000000,0.11343604
101.00000000,2423.00000000,0.11342991
101.00000000,2424.00000000,0.11342377
101.00000000,2425.00000000,0.11341772
101.00000000,2426.00000000,0.11341169
101.00000000,2427.00000000,0.11340567
101.00000000,2428.00000000,0.11339973
101.00000000,2429.00000000,0.11339382
101.00000000,2430.00000000,0.11338789
101.00000000,2431.00000000,0.11338205
101.00000000,2432.00000000,0.11337618
101.00000000,2433.00000000,0.11337041
101.00000000,2434.00000000,0.11336466
101.00000000,2435.00000000,0.11335888
101.00000000,2436.00000000,0.11335320
101.00000000,2437.00000000,0.11334753
101.00000000,2438.00000000,0.11334184
101.00000000,2439.00000000,0.11333622
101.00000000,2440.00000000,0.11333064
101.00000000,2441.00000000,0.11332502
101.00000000,2442.00000000,0.11331948
101.00000000,2443.00000000,0.11331390
101.00000000,2444.00000000,0.11330841
101.00000000,2445.00000000,0.11330294
101.00000000,2446.00000000,0.11329743
101.00000000,2447.00000000,0.11329199
101.00000000,2448.00000000,0.11328658
101.00000000,2449.00000000,0.11328113
101.00000000,2450.00000000,0.11327575
101.00000000,2451.00000000,0.11327039
101.00000000,2452.00000000,0.11326395
101.00000000,2453.00000000,0.11325759
101.00000000,2454.00000000,0.11325124
101.00000000,2455.00000000,0.11324483
101.00000000,2456.00000000,0.11323851
101.00000000,2457.00000000,0.11323211
101.00000000,2458.00000000,0.11322580
101.00000000,2459.00000000,0.11321948
101.00000000,2460.00000000,0.11321313
101.00000000,2461.00000000,0.11320682
101.00000000,2462.00000000,0.11320054
101.00000000,2463.00000000,0.11319419
101.00000000,2464.00000000,0.11318791
101.00000000,2465.00000000,0.11318164
101.00000000,2466.00000000,0.11317532
101.00000000,2467.00000000,0.11316905
101.00000000,2468.00000000,0.11316273
101.00000000,2469.00000000,0.11315648
101.00000000,2470.00000000,0.11315023
101.00000000,2471.00000000,0.11314392
101.00000000,2472.00000000,0.11313768
101.00000000,2473.00000000,0.11313144
101.00000000,2474.00000000,0.11312515
101.00000000,2475.00000000,0.11311892
101.00000000,2476.00000000,0.11311268
101.00000000,2477.00000000,0.11310639
101.00000000,2478.00000000,0.11310016
101.00000000,2479.00000000,0.11309387
101.00000000,2480.00000000,0.11308766
101.00000000,2481.00000000,0.11308144
101.00000000,2482.00000000,0.11307515
101.00000000,2483.00000000,0.11306894
101.00000000,2484.00000000,0.11306273
101.00000000,2485.00000000,0.11305644
101.00000000,2486.00000000,0.11305022
101.00000000,2487.00000000,0.11304401
101.00000000,2488.00000000,0.11303773
101.00000000,2489.00000000,0.11303151
101.00000000,2490.00000000,0.11302529
101.00000000,2491.00000000,0.11301901
101.00000000,2492.00000000,0.11301280
101.00000000,2493.00000000,0.11300650
101.00000000,2494.00000000,0.11300029
101.00000000,2495.00000000,0.11299407
101.00000000,2496.00000000,0.11298777
101.00000000,2497.00000000,0.11298156
101.00000000,2498.00000000,0.11297533
101.00000000,2499.00000000,0.11296903
101.00000000,2500.00000000,0.11296280
102.00000000,1765.00000000,0.08256546
102.00000000,1766.00000000,0.08256547
102.00000000,1767.00000000,0.08256553
102.00000000,1768.00000000,0.08256566
102.00000000,1769.00000000,0.08256596
102.00000000,1770.00000000,0.08256646
102.00000000,1771.00000000,0.08256701
102.00000000,1772.00000000,0.08256774
102.00000000,1773.00000000,0.08256849
102.00000000,1774.00000000,0.08256960
102.00000000,1775.00000000,0.08257073
102.00000000,1776.00000000,0.08257217
102.00000000,1777.00000000,0.08257365
102.00000000,1778.00000000,0.08257539
102.00000000,1779.00000000,0.08257710
102.00000000,1780.00000000,0.08257903
102.00000000,1781.00000000,0.08258121
102.00000000,1782.00000000,0.08258338
102.00000000,1783.00000000,0.08258567
102.00000000,1784.00000000,0.08258807
102.00000000,1785.00000000,0.08259070
102.00000000,1786.00000000,0.08259333
102.00000000,1787.00000000,0.08259609
102.00000000,1788.00000000,0.08259894
102.00000000,1789.00000000,0.08260198
102.00000000,1790.00000000,0.08260503
102.00000000,1791.00000000,0.08260815
102.00000000,1792.00000000,0.08261141
102.00000000,1793.00000000,0.08261471
102.00000000,1794.00000000,0.08261807
102.00000000,1795.00000000,0.08262148
102.00000000,1796.00000000,0.08262500
102.00000000,1797.00000000,0.08262860
102.00000000,1798.00000000,0.08263223
102.00000000,1799.00000000,0.08263589
102.00000000,1800.00000000,0.08263963
102.00000000,1801.00000000,0.08264338
102.00000000,1802.00000000,0.08264715
102.00000000,1803.00000000,0.08265110
102.00000000,1804.00000000,0.08265497
102.00000000,1805.00000000,0.08265883
102.00000000,1806.00000000,0.08266294
102.00000000,1807.00000000,0.08266680
102.00000000,1808.00000000,0.08267085
102.00000000,1809.00000000,0.08267496
102.00000000,1810.00000000,0.08267908
102.00000000,1811.00000000,0.08268304
102.00000000,1812.00000000,0.08268727
102.00000000,1813.00000000,0.08269139
102.00000000,1814.00000000,0.08269557
102.00000000,1815.00000000,0.08269983
102.00000000,1816.00000000,0.08270398
102.00000000,1817.00000000,0.08270819
102.00000000,1818.00000000,0.08271242
102.00000000,1819.00000000,0.08271669
102.00000000,1820.00000000,0.08272086
102.00000000,1821.00000000,0.08272511
102.00000000,1822.00000000,0.08272942
102.00000000,1823.00000000,0.08273369
102.00000000,1824.00000000,0.08273799
102.00000000,1825.00000000,0.08274224
102.00000000,1826.00000000,0.08274651
102.00000000,1827.00000000,0.08275076
102.00000000,1828.00000000,0.08275506
102.00000000,1829.00000000,0.08275932
102.00000000,1830.00000000,0.08276362
102.00000000,1831.00000000,0.08276784
102.00000000,1832.00000000,0.08277209
102.00000000,1833.00000000,0.08277631
102.00000000,1834.00000000,0.08278051
102.00000000,1835.00000000,0.08278475
102.00000000,1836.00000000,0.08278892
102.00000000,1837.00000000,0.08279312
102.00000000,1838.00000000,0.08279736
102.00000000,1839.00000000,0.08280145
102.00000000,1840.00000000,0.08280565
102.00000000,1841.00000000,0.08280983
102.00000000,1842.00000000,0.08281393
102.00000000,1843.00000000,0.08281809
102.00000000,1844.00000000,0.08282217
102.00000000,1845.00000000,0.08282631
102.00000000,1846.00000000,0.08283040
102.00000000,1847.00000000,0.08283446
102.00000000,1848.00000000,0.08283852
102.00000000,1849.00000000,0.08284259
102.00000000,1850.00000000,0.08284664
102.00000000,1851.00000000,0.08285065
102.00000000,1852.00000000,0.08285461
102.00000000,1853.00000000,0.08285898
102.00000000,1854.00000000,0.08286360
102.00000000,1855.00000000,0.08286816
102.00000000,1856.00000000,0.08287264
102.00000000,1857.00000000,0.08287705
102.00000000,1858.00000000,0.08288143
102.00000000,1859.00000000,0.08288579
102.00000000,1860.00000000,0.08289016
102.00000000,1861.00000000,0.08289450
102.00000000,1862.00000000,0.08289869
102.00000000,1863.00000000,0.08290230
102.00000000,1864.00000000,0.08290539
102.00000000,1865.00000000,0.08290815
102.00000000,1866.00000000,0.08291063
102.00000000,1867.00000000,0.08291288
102.00000000,1868.00000000,0.08292254
102.00000000,1869.00000000,0.08292442
102.00000000,1870.00000000,0.08292618
102.00000000,1871.00000000,0.08292788
102.00000000,1872.00000000,0.08292984
102.00000000,1873.00000000,0.08293521
102.00000000,1874.00000000,0.08293861
102.00000000,1875.00000000,0.08294257
102.00000000,1876.00000000,0.08294685
102.00000000,1877.00000000,0.08295149
102.00000000,1878.00000000,0.08295637
102.00000000,1879.00000000,0.08296150
102.00000000,1880.00000000,0.08296674
102.00000000,1881.00000000,0.08297208
102.00000000,1882.00000000,0.08297758
102.00000000,1883.00000000,0.08298512
102.00000000,1884.00000000,0.08298983
102.00000000,1885.00000000,0.08299430
102.00000000,1886.00000000,0.08299869
102.00000000,1887.00000000,0.08300291
102.00000000,1888.00000000,0.08300710
102.00000000,1889.00000000,0.08301099
102.00000000,1890.00000000,0.08301460
102.00000000,1891.00000000,0.08301797
102.00000000,1892.00000000,0.08302099
102.00000000,1893.00000000,0.08302660
102.00000000,1894.00000000,0.08302962
102.00000000,1895.00000000,0.08303283
102.00000000,1896.00000000,0.08303609
102.00000000,1897.00000000,0.08303938
102.00000000,1898.00000000,0.08304256
102.00000000,1899.00000000,0.08304814
102.00000000,1900.00000000,0.08305093
102.00000000,1901.00000000,0.08305342
102.00000000,1902.00000000,0.08305870
102.00000000,1903.00000000,0.08306153
102.00000000,1904.00000000,0.08306961
102.00000000,1905.00000000,0.08307035
102.00000000,1906.00000000,0.08307383
102.00000000,1907.00000000,0.08307758
102.00000000,1908.00000000,0.08308376
102.00000000,1909.00000000,0.08308736
102.00000000,1910.00000000,0.08309101
102.00000000,1911.00000000,0.08309458
102.00000000,1912.00000000,0.08309746
102.00000000,1913.00000000,0.08310196
102.00000000,1914.00000000,0.08310298
102.00000000,1915.00000000,0.08310345
102.00000000,1916.00000000,0.08310400
102.00000000,1917.00000000,0.08310706
102.00000000,1918.00000000,0.08310998
102.00000000,1919.00000000,0.08311303
102.00000000,1920.00000000,0.08311406
102.00000000,1921.00000000,0.08311592
102.00000000,1922.00000000,0.08311878
102.00000000,1923.00000000,0.08312241
102.00000000,1924.00000000,0.08312878
102.00000000,1925.00000000,0.08313500
102.00000000,1926.00000000,0.08313864
102.00000000,1927.00000000,0.08314486
102.00000000,1928.00000000,0.08314868
102.00000000,1929.00000000,0.08315497
102.00000000,1930.00000000,0.08315899
102.00000000,1931.00000000,0.08316413
102.00000000,1932.00000000,0.08318603
102.00000000,1933.00000000,0.08319092
102.00000000,1934.00000000,0.08319900
102.00000000,1935.00000000,0.08320961
102.00000000,1936.00000000,0.08321715
102.00000000,1937.00000000,0.08322622
102.00000000,1938.00000000,0.08324170
102.00000000,1939.00000000,0.08324603
102.00000000,1940.00000000,0.08325222
102.00000000,1941.00000000,0.08325740
102.00000000,1942.00000000,0.08326394
102.00000000,1943.00000000,0.08326733
102.00000000,1944.00000000,0.08327274
102.00000000,1945.00000000,0.08327562
102.00000000,1946.00000000,0.08328212
102.00000000,1947.00000000,0.08329562
102.00000000,1948.00000000,0.08329982
102.00000000,1949.00000000,0.08331178
102.00000000,1950.00000000,0.08331864
102.00000000,1951.00000000,0.08333043
102.00000000,1952.00000000,0.08334563
102.00000000,1953.00000000,0.08335089
102.00000000,1954.00000000,0.08336385
102.00000000,1955.00000000,0.08337467
102.00000000,1956.00000000,0.08340587
102.00000000,1957.00000000,0.08341630
102.00000000,1958.00000000,0.08343391
102.00000000,1959.00000000,0.08344063
102.00000000,1960.00000000,0.08344535
102.00000000,1961.00000000,0.08345843
102.00000000,1962.00000000,0.08347814
102.00000000,1963.00000000,0.08348671
102.00000000,1964.00000000,0.08348896
102.00000000,1965.00000000,0.08350247
102.00000000,1966.00000000,0.08351718
102.00000000,1967.00000000,0.08352799
102.00000000,1968.00000000,0.08352715
102.00000000,1969.00000000,0.08353745
102.00000000,1970.00000000,0.08353719
102.00000000,1971.00000000,0.08353868
102.00000000,1972.00000000,0.08353087
102.00000000,1973.00000000,0.08352971
102.00000000,1974.00000000,0.08354612
102.00000000,1975.00000000,0.08354554
102.00000000,1976.00000000,0.08349109
102.00000000,1977.00000000,0.08349793
102.00000000,1978.00000000,0.08347666
102.00000000,1979.00000000,0.08345519
102.00000000,1980.00000000,0.08342910
102.00000000,1981.00000000,0.08343469
102.00000000,1982.00000000,0.08347299
102.00000000,1983.00000000,0.08346771
102.00000000,1984.00000000,0.08348211
102.00000000,1985.00000000,0.08350757
102.00000000,1986.00000000,0.08350227
102.00000000,1987.00000000,0.08349547
102.00000000,1988.00000000,0.08349406
102.00000000,1989.00000000,0.08351786
102.00000000,1990.00000000,0.08358678
102.00000000,1991.00000000,0.08357468
102.00000000,1992.00000000,0.08363667
102.00000000,1993.00000000,0.08366663
102.00000000,1994.00000000,0.08366280
102.00000000,1995.00000000,0.08364497
102.00000000,1996.00000000,0.08367063
102.00000000,1997.00000000,0.08372140
102.00000000,1998.00000000,0.08374650
102.00000000,1999.00000000,0.08379204
102.00000000,2000.00000000,0.08384833
102.00000000,2001.00000000,0.08394765
102.00000000,2002.00000000,0.08400909
102.00000000,2003.00000000,0.08404830
102.00000000,2004.00000000,0.08407665
102.00000000,2005.00000000,0.08419568
102.00000000,2006.00000000,0.08419983
102.00000000,2007.00000000,0.08428054
102.00000000,2008.00000000,0.08437013
102.00000000,2009.00000000,0.08453920
102.00000000,2010.00000000,0.08442592
102.00000000,2011.00000000,0.08448306
102.00000000,2012.00000000,0.08453462
102.00000000,2013.00000000,0.08454034
102.00000000,2014.00000000,0.08460807
102.00000000,2015.00000000,0.08472512
102.00000000,2016.00000000,0.08444604
102.00000000,2017.00000000,0.08436706
102.00000000,2018.00000000,0.08447311
102.00000000,2019.00000000,0.08455407
102.00000000,2020.00000000,0.08445044
102.00000000,2021.00000000,0.08406828
102.00000000,2022.00000000,0.08432223
102.00000000,2023.00000000,0.08394019
102.00000000,2024.00000000,0.08398262
102.00000000,2025.00000000,0.08423014
102.00000000,2026.00000000,0.08414918
102.00000000,2027.00000000,0.08411473
102.00000000,2028.00000000,0.08406978
102.00000000,2029.00000000,0.08419996
102.00000000,2030.00000000,0.08414168
102.00000000,2031.00000000,0.08427264
102.00000000,2032.00000000,0.08397863
102.00000000,2033.00000000,0.08363214
102.00000000,2034.00000000,0.08333415
102.00000000,2035.00000000,0.08337724
102.00000000,2036.00000000,0.08350295
102.00000000,2037.00000000,0.08356401
102.00000000,2038.00000000,0.08374430
102.00000000,2039.00000000,0.08386477
102.00000000,2040.00000000,0.08362784
102.00000000,2041.00000000,0.08367617
102.00000000,2042.00000000,0.08386245
102.00000000,2043.00000000,0.08387225
102.00000000,2044.00000000,0.08381538
102.00000000,2045.00000000,0.08385699
102.00000000,2046.00000000,0.08375932
102.00000000,2047.00000000,0.08314088
102.00000000,2048.00000000,0.08325104
102.00000000,2049.00000000,0.08354440
102.00000000,2050.00000000,0.08365145
102.00000000,2051.00000000,0.08345276
102.00000000,2052.00000000,0.08388214
102.00000000,2053.00000000,0.08413557
102.00000000,2054.00000000,0.08412498
102.00000000,2055.00000000,0.08415509
102.00000000,2056.00000000,0.08413506
102.00000000,2057.00000000,0.08448271
102.00000000,2058.00000000,0.08472723
102.00000000,2059.00000000,0.08486885
102.00000000,2060.00000000,0.08493410
102.00000000,2061.00000000,0.08516992
102.00000000,2062.00000000,0.08536552
102.00000000,2063.00000000,0.08533057
102.00000000,2064.00000000,0.08550771
102.00000000,2065.00000000,0.08578563
102.00000000,2066.00000000,0.08609348
102.00000000,2067.00000000,0.08634890
102.00000000,2068.00000000,0.08666000
102.00000000,2069.00000000,0.08684616
102.00000000,2070.00000000,0.08719988
102.00000000,2071.00000000,0.08763666
102.00000000,2072.00000000,0.08822391
102.00000000,2073.00000000,0.08853090
102.00000000,2074.00000000,0.08887046
102.00000000,2075.00000000,0.08937007
102.00000000,2076.00000000,0.08934573
102.00000000,2077.00000000,0.08923675
102.00000000,2078.00000000,0.08981731
102.00000000,2079.00000000,0.09011805
102.00000000,2080.00000000,0.09025948
102.00000000,2081.00000000,0.09087696
102.00000000,2082.00000000,0.09072106
102.00000000,2083.00000000,0.09031804
102.00000000,2084.00000000,0.09020105
102.00000000,2085.00000000,0.09014273
102.00000000,2086.00000000,0.09053873
102.00000000,2087.00000000,0.09087790
102.00000000,2088.00000000,0.09124707
102.00000000,2089.00000000,0.09156602
102.00000000,2090.00000000,0.09204205
102.00000000,2091.00000000,0.09232399
102.00000000,2092.00000000,0.09244875
102.00000000,2093.00000000,0.09265772
102.00000000,2094.00000000,0.09239697
102.00000000,2095.00000000,0.09241845
102.00000000,2096.00000000,0.09269692
102.00000000,2097.00000000,0.09300539
102.00000000,2098.00000000,0.09333472
102.00000000,2099.00000000,0.09360118
102.00000000,2100.00000000,0.09355407
102.00000000,2101.00000000,0.09353748
102.00000000,2102.00000000,0.09394218
102.00000000,2103.00000000,0.09433926
102.00000000,2104.00000000,0.09449767
102.00000000,2105.00000000,0.09529997
102.00000000,2106.00000000,0.09621606
102.00000000,2107.00000000,0.09694021
102.00000000,2108.00000000,0.09742334
102.00000000,2109.00000000,0.09791044
102.00000000,2110.00000000,0.09840143
102.00000000,2111.00000000,0.09889569
102.00000000,2112.00000000,0.09939316
102.00000000,2113.00000000,0.10005122
102.00000000,2114.00000000,0.10071234
102.00000000,2115.00000000,0.10137654
102.00000000,2116.00000000,0.10204365
102.00000000,2117.00000000,0.10271353
102.00000000,2118.00000000,0.10338614
102.00000000,2119.00000000,0.10406134
102.00000000,2120.00000000,0.10473897
102.00000000,2121.00000000,0.10541904
102.00000000,2122.00000000,0.10610138
102.00000000,2123.00000000,0.10671644
102.00000000,2124.00000000,0.10733361
102.00000000,2125.00000000,0.10795287
102.00000000,2126.00000000,0.10857420
102.00000000,2127.00000000,0.10919759
102.00000000,2128.00000000,0.10982300
102.00000000,2129.00000000,0.11045043
102.00000000,2130.00000000,0.11107995
102.00000000,2131.00000000,0.11171147
102.00000000,2132.00000000,0.11234510
102.00000000,2133.00000000,0.11312523
102.00000000,2134.00000000,0.11390741
102.00000000,2135.00000000,0.11469158
102.00000000,2136.00000000,0.11547772
102.00000000,2137.00000000,0.11626568
102.00000000,2138.00000000,0.11705547
102.00000000,2139.00000000,0.11784696
102.00000000,2140.00000000,0.11864014
102.00000000,2141.00000000,0.11943490
102.00000000,2142.00000000,0.12023123
102.00000000,2143.00000000,0.12113433
102.00000000,2144.00000000,0.12203890
102.00000000,2145.00000000,0.12294480
102.00000000,2146.00000000,0.12385202
102.00000000,2147.00000000,0.12476041
102.00000000,2148.00000000,0.12566979
102.00000000,2149.00000000,0.12658021
102.00000000,2150.00000000,0.12749145
102.00000000,2151.00000000,0.12840420
102.00000000,2152.00000000,0.12932026
102.00000000,2153.00000000,0.13023547
102.00000000,2154.00000000,0.13115676
102.00000000,2155.00000000,0.13208445
102.00000000,2156.00000000,0.13301868
102.00000000,2157.00000000,0.13395944
102.00000000,2158.00000000,0.13490655
102.00000000,2159.00000000,0.13585975
102.00000000,2160.00000000,0.13681897
102.00000000,2161.00000000,0.13778386
102.00000000,2162.00000000,0.13875409
102.00000000,2163.00000000,0.13949911
102.00000000,2164.00000000,0.14024876
102.00000000,2165.00000000,0.14100295
102.00000000,2166.00000000,0.14176146
102.00000000,2167.00000000,0.14252410
102.00000000,2168.00000000,0.14329080
102.00000000,2169.00000000,0.14406135
102.00000000,2170.00000000,0.14483555
102.00000000,2171.00000000,0.14561331
102.00000000,2172.00000000,0.14639442
102.00000000,2173.00000000,0.14696970
102.00000000,2174.00000000,0.14754773
102.00000000,2175.00000000,0.14812828
102.00000000,2176.00000000,0.14871134
102.00000000,2177.00000000,0.14929679
102.00000000,2178.00000000,0.14988450
102.00000000,2179.00000000,0.15047447
102.00000000,2180.00000000,0.15106658
102.00000000,2181.00000000,0.15166068
102.00000000,2182.00000000,0.15225676
102.00000000,2183.00000000,0.15273724
102.00000000,2184.00000000,0.15321921
102.00000000,2185.00000000,0.15370269
102.00000000,2186.00000000,0.15418752
102.00000000,2187.00000000,0.15467380
102.00000000,2188.00000000,0.15516147
102.00000000,2189.00000000,0.15565029
102.00000000,2190.00000000,0.15614045
102.00000000,2191.00000000,0.15663179
102.00000000,2192.00000000,0.15712420
102.00000000,2193.00000000,0.15749567
102.00000000,2194.00000000,0.15786787
102.00000000,2195.00000000,0.15824071
102.00000000,2196.00000000,0.15861432
102.00000000,2197.00000000,0.15898860
102.00000000,2198.00000000,0.15936350
102.00000000,2199.00000000,0.15973910
102.00000000,2200.00000000,0.16011526
102.00000000,2201.00000000,0.16049209
102.00000000,2202.00000000,0.16086947
102.00000000,2203.00000000,0.16115285
102.00000000,2204.00000000,0.16143657
102.00000000,2205.00000000,0.16172059
102.00000000,2206.00000000,0.16200482
102.00000000,2207.00000000,0.16228942
102.00000000,2208.00000000,0.16257427
102.00000000,2209.00000000,0.16285934
102.00000000,2210.00000000,0.16314473
102.00000000,2211.00000000,0.16343032
102.00000000,2212.00000000,0.16371624
102.00000000,2213.00000000,0.16400240
102.00000000,2214.00000000,0.16428878
102.00000000,2215.00000000,0.16457544
102.00000000,2216.00000000,0.16486239
102.00000000,2217.00000000,0.16514945
102.00000000,2218.00000000,0.16543684
102.00000000,2219.00000000,0.16572449
102.00000000,2220.00000000,0.16601223
102.00000000,2221.00000000,0.16630032
102.00000000,2222.00000000,0.16658860
102.00000000,2223.00000000,0.16687703
102.00000000,2224.00000000,0.16716573
102.00000000,2225.00000000,0.16745456
102.00000000,2226.00000000,0.16774365
102.00000000,2227.00000000,0.16803294
102.00000000,2228.00000000,0.16832233
102.00000000,2229.00000000,0.16861198
102.00000000,2230.00000000,0.16890182
102.00000000,2231.00000000,0.16919172
102.00000000,2232.00000000,0.16948187
102.00000000,2233.00000000,0.16977212
102.00000000,2234.00000000,0.17006245
102.00000000,2235.00000000,0.17035295
102.00000000,2236.00000000,0.17064351
102.00000000,2237.00000000,0.17093421
102.00000000,2238.00000000,0.17122500
102.00000000,2239.00000000,0.17151582
102.00000000,2240.00000000,0.17180676
102.00000000,2241.00000000,0.17209774
102.00000000,2242.00000000,0.17238868
102.00000000,2243.00000000,0.17267969
102.00000000,2244.00000000,0.17297070
102.00000000,2245.00000000,0.17326164
102.00000000,2246.00000000,0.17355259
102.00000000,2247.00000000,0.17384344
102.00000000,2248.00000000,0.17413428
102.00000000,2249.00000000,0.17442478
102.00000000,2250.00000000,0.17471371
102.00000000,2251.00000000,0.17499886
102.00000000,2252.00000000,0.17527804
102.00000000,2253.00000000,0.17487302
102.00000000,2254.00000000,0.17445853
102.00000000,2255.00000000,0.17403450
102.00000000,2256.00000000,0.17360098
102.00000000,2257.00000000,0.17315824
102.00000000,2258.00000000,0.17270635
102.00000000,2259.00000000,0.17224552
102.00000000,2260.00000000,0.17177610
102.00000000,2261.00000000,0.17129830
102.00000000,2262.00000000,0.17081261
102.00000000,2263.00000000,0.17031931
102.00000000,2264.00000000,0.16981867
102.00000000,2265.00000000,0.16931103
102.00000000,2266.00000000,0.16879660
102.00000000,2267.00000000,0.16827552
102.00000000,2268.00000000,0.16774809
102.00000000,2269.00000000,0.16721448
102.00000000,2270.00000000,0.16667482
102.00000000,2271.00000000,0.16612939
102.00000000,2272.00000000,0.16557827
102.00000000,2273.00000000,0.16502174
102.00000000,2274.00000000,0.16445990
102.00000000,2275.00000000,0.16389289
102.00000000,2276.00000000,0.16332095
102.00000000,2277.00000000,0.16274418
102.00000000,2278.00000000,0.16216271
102.00000000,2279.00000000,0.16157677
102.00000000,2280.00000000,0.16098643
102.00000000,2281.00000000,0.16039181
102.00000000,2282.00000000,0.15979312
102.00000000,2283.00000000,0.15919043
102.00000000,2284.00000000,0.15858383
102.00000000,2285.00000000,0.15797354
102.00000000,2286.00000000,0.15735956
102.00000000,2287.00000000,0.15674210
102.00000000,2288.00000000,0.15612124
102.00000000,2289.00000000,0.15549703
102.00000000,2290.00000000,0.15486965
102.00000000,2291.00000000,0.15423916
102.00000000,2292.00000000,0.15360562
102.00000000,2293.00000000,0.15296922
102.00000000,2294.00000000,0.15232999
102.00000000,2295.00000000,0.15168798
102.00000000,2296.00000000,0.15104334
102.00000000,2297.00000000,0.15039612
102.00000000,2298.00000000,0.14974645
102.00000000,2299.00000000,0.14909437
102.00000000,2300.00000000,0.14843992
102.00000000,2301.00000000,0.14778325
102.00000000,2302.00000000,0.14712438
102.00000000,2303.00000000,0.14646333
102.00000000,2304.00000000,0.14580025
102.00000000,2305.00000000,0.14513517
102.00000000,2306.00000000,0.14446810
102.00000000,2307.00000000,0.14379919
102.00000000,2308.00000000,0.14312845
102.00000000,2309.00000000,0.14245594
102.00000000,2310.00000000,0.14178175
102.00000000,2311.00000000,0.14110590
102.00000000,2312.00000000,0.14042849
102.00000000,2313.00000000,0.13974957
102.00000000,2314.00000000,0.13906912
102.00000000,2315.00000000,0.13838730
102.00000000,2316.00000000,0.13770412
102.00000000,2317.00000000,0.13701956
102.00000000,2318.00000000,0.13633378
102.00000000,2319.00000000,0.13564678
102.00000000,2320.00000000,0.13495855
102.00000000,2321.00000000,0.13426924
102.00000000,2322.00000000,0.13357879
102.00000000,2323.00000000,0.13288734
102.00000000,2324.00000000,0.13219488
102.00000000,2325.00000000,0.13150142
102.00000000,2326.00000000,0.13080709
102.00000000,2327.00000000,0.13011186
102.00000000,2328.00000000,0.12941576
102.00000000,2329.00000000,0.12871888
102.00000000,2330.00000000,0.12802124
102.00000000,2331.00000000,0.12732284
102.00000000,2332.00000000,0.12662376
102.00000000,2333.00000000,0.12592398
102.00000000,2334.00000000,0.12522362
102.00000000,2335.00000000,0.12452265
102.00000000,2336.00000000,0.12382109
102.00000000,2337.00000000,0.12311903
102.00000000,2338.00000000,0.12241649
102.00000000,2339.00000000,0.12171343
102.00000000,2340.00000000,0.12100997
102.00000000,2341.00000000,0.12030610
102.00000000,2342.00000000,0.11960183
102.00000000,2343.00000000,0.11889724
102.00000000,2344.00000000,0.11819233
102.00000000,2345.00000000,0.11748709
102.00000000,2346.00000000,0.11678164
102.00000000,2347.00000000,0.11607593
102.00000000,2348.00000000,0.11537007
102.00000000,2349.00000000,0.11466409
102.00000000,2350.00000000,0.11395802
102.00000000,2351.00000000,0.11340122
102.00000000,2352.00000000,0.11328388
102.00000000,2353.00000000,0.11328680
102.00000000,2354.00000000,0.11328998
102.00000000,2355.00000000,0.11329338
102.00000000,2356.00000000,0.11329697
102.00000000,2357.00000000,0.11330080
102.00000000,2358.00000000,0.11332363
102.00000000,2359.00000000,0.11334670
102.00000000,2360.00000000,0.11336998
102.00000000,2361.00000000,0.11339340
102.00000000,2362.00000000,0.11341705
102.00000000,2363.00000000,0.11340364
102.00000000,2364.00000000,0.11339037
102.00000000,2365.00000000,0.11337728
102.00000000,2366.00000000,0.11336436
102.00000000,2367.00000000,0.11335154
102.00000000,2368.00000000,0.11333891
102.00000000,2369.00000000,0.11332642
102.00000000,2370.00000000,0.11331403
102.00000000,2371.00000000,0.11330182
102.00000000,2372.00000000,0.11328969
102.00000000,2373.00000000,0.11327774
102.00000000,2374.00000000,0.11326592
102.00000000,2375.00000000,0.11325416
102.00000000,2376.00000000,0.11324258
102.00000000,2377.00000000,0.11323112
102.00000000,2378.00000000,0.11321810
102.00000000,2379.00000000,0.11320525
102.00000000,2380.00000000,0.11319251
102.00000000,2381.00000000,0.11317982
102.00000000,2382.00000000,0.11316728
102.00000000,2383.00000000,0.11315480
102.00000000,2384.00000000,0.11314244
102.00000000,2385.00000000,0.11313020
102.00000000,2386.00000000,0.11311800
102.00000000,2387.00000000,0.11310594
102.00000000,2388.00000000,0.11309396
102.00000000,2389.00000000,0.11308203
102.00000000,2390.00000000,0.11307022
102.00000000,2391.00000000,0.11305850
102.00000000,2392.00000000,0.11304681
102.00000000,2393.00000000,0.11303524
102.00000000,2394.00000000,0.11302371
102.00000000,2395.00000000,0.11301229
102.00000000,2396.00000000,0.11300095
102.00000000,2397.00000000,0.11298963
102.00000000,2398.00000000,0.11297844
102.00000000,2399.00000000,0.11296730
102.00000000,2400.00000000,0.11295618
102.00000000,2401.00000000,0.11294518
102.00000000,2402.00000000,0.11293424
102.00000000,2403.00000000,0.11292692
102.00000000,2404.00000000,0.11291970
102.00000000,2405.00000000,0.11291254
102.00000000,2406.00000000,0.11290542
102.00000000,2407.00000000,0.11289839
102.00000000,2408.00000000,0.11289140
102.00000000,2409.00000000,0.11288450
102.00000000,2410.00000000,0.11287766
102.00000000,2411.00000000,0.11287084
102.00000000,2412.00000000,0.11286411
102.00000000,2413.00000000,0.11285745
102.00000000,2414.00000000,0.11285079
102.00000000,2415.00000000,0.11284423
102.00000000,2416.00000000,0.11283773
102.00000000,2417.00000000,0.11283122
102.00000000,2418.00000000,0.11282480
102.00000000,2419.00000000,0.11281839
102.00000000,2420.00000000,0.11281207
102.00000000,2421.00000000,0.11280580
102.00000000,2422.00000000,0.11279952
102.00000000,2423.00000000,0.11279332
102.00000000,2424.00000000,0.11278718
102.00000000,2425.00000000,0.11278102
102.00000000,2426.00000000,0.11277495
102.00000000,2427.00000000,0.11276892
102.00000000,2428.00000000,0.11276287
102.00000000,2429.00000000,0.11275691
102.00000000,2430.00000000,0.11275098
102.00000000,2431.00000000,0.11274504
102.00000000,2432.00000000,0.11273918
102.00000000,2433.00000000,0.11273329
102.00000000,2434.00000000,0.11272751
102.00000000,2435.00000000,0.11272173
102.00000000,2436.00000000,0.11271594
102.00000000,2437.00000000,0.11271023
102.00000000,2438.00000000,0.11270454
102.00000000,2439.00000000,0.11269883
102.00000000,2440.00000000,0.11269319
102.00000000,2441.00000000,0.11268759
102.00000000,2442.00000000,0.11268195
102.00000000,2443.00000000,0.11267638
102.00000000,2444.00000000,0.11267078
102.00000000,2445.00000000,0.11266527
102.00000000,2446.00000000,0.11265978
102.00000000,2447.00000000,0.11265424
102.00000000,2448.00000000,0.11264879
102.00000000,2449.00000000,0.11264335
102.00000000,2450.00000000,0.11263787
102.00000000,2451.00000000,0.11263246
102.00000000,2452.00000000,0.11262707
102.00000000,2453.00000000,0.11262062
102.00000000,2454.00000000,0.11261423
102.00000000,2455.00000000,0.11260785
102.00000000,2456.00000000,0.11260143
102.00000000,2457.00000000,0.11259508
102.00000000,2458.00000000,0.11258866
102.00000000,2459.00000000,0.11258232
102.00000000,2460.00000000,0.11257599
102.00000000,2461.00000000,0.11256960
102.00000000,2462.00000000,0.11256327
102.00000000,2463.00000000,0.11255696
102.00000000,2464.00000000,0.11255059
102.00000000,2465.00000000,0.11254428
102.00000000,2466.00000000,0.11253799
102.00000000,2467.00000000,0.11253163
102.00000000,2468.00000000,0.11252535
102.00000000,2469.00000000,0.11251900
102.00000000,2470.00000000,0.11251272
102.00000000,2471.00000000,0.11250646
102.00000000,2472.00000000,0.11250012
102.00000000,2473.00000000,0.11249386
102.00000000,2474.00000000,0.11248759
102.00000000,2475.00000000,0.11248127
102.00000000,2476.00000000,0.11247502
102.00000000,2477.00000000,0.11246876
102.00000000,2478.00000000,0.11246244
102.00000000,2479.00000000,0.11245619
102.00000000,2480.00000000,0.11244988
102.00000000,2481.00000000,0.11244364
102.00000000,2482.00000000,0.11243739
102.00000000,2483.00000000,0.11243108
102.00000000,2484.00000000,0.11242484
102.00000000,2485.00000000,0.11241860
102.00000000,2486.00000000,0.11241229
102.00000000,2487.00000000,0.11240605
102.00000000,2488.00000000,0.11239982
102.00000000,2489.00000000,0.11239351
102.00000000,2490.00000000,0.11238727
102.00000000,2491.00000000,0.11238103
102.00000000,2492.00000000,0.11237471
102.00000000,2493.00000000,0.11236848
102.00000000,2494.00000000,0.11236216
102.00000000,2495.00000000,0.11235592
102.00000000,2496.00000000,0.11234968
102.00000000,2497.00000000,0.11234336
102.00000000,2498.00000000,0.11233711
102.00000000,2499.00000000,0.11233087
102.00000000,2500.00000000,0.11232453
103.00000000,1765.00000000,0.08203517
103.00000000,1766.00000000,0.08203524
103.00000000,1767.00000000,0.08203530
103.00000000,1768.00000000,0.08203546
103.00000000,1769.00000000,0.08203571
103.00000000,1770.00000000,0.08203614
103.00000000,1771.00000000,0.08203680
103.00000000,1772.00000000,0.08203750
103.00000000,1773.00000000,0.08203837
103.00000000,1774.00000000,0.08203928
103.00000000,1775.00000000,0.08204054
103.00000000,1776.00000000,0.08204182
103.00000000,1777.00000000,0.08204340
103.00000000,1778.00000000,0.08204504
103.00000000,1779.00000000,0.08204689
103.00000000,1780.00000000,0.08204876
103.00000000,1781.00000000,0.08205081
103.00000000,1782.00000000,0.08205309
103.00000000,1783.00000000,0.08205538
103.00000000,1784.00000000,0.08205777
103.00000000,1785.00000000,0.08206027
103.00000000,1786.00000000,0.08206301
103.00000000,1787.00000000,0.08206572
103.00000000,1788.00000000,0.08206856
103.00000000,1789.00000000,0.08207150
103.00000000,1790.00000000,0.08207461
103.00000000,1791.00000000,0.08207774
103.00000000,1792.00000000,0.08208093
103.00000000,1793.00000000,0.08208424
103.00000000,1794.00000000,0.08208760
103.00000000,1795.00000000,0.08209101
103.00000000,1796.00000000,0.08209446
103.00000000,1797.00000000,0.08209803
103.00000000,1798.00000000,0.08210167
103.00000000,1799.00000000,0.08210532
103.00000000,1800.00000000,0.08210903
103.00000000,1801.00000000,0.08211279
103.00000000,1802.00000000,0.08211655
103.00000000,1803.00000000,0.08212035
103.00000000,1804.00000000,0.08212430
103.00000000,1805.00000000,0.08212820
103.00000000,1806.00000000,0.08213208
103.00000000,1807.00000000,0.08213619
103.00000000,1808.00000000,0.08214006
103.00000000,1809.00000000,0.08214412
103.00000000,1810.00000000,0.08214824
103.00000000,1811.00000000,0.08215238
103.00000000,1812.00000000,0.08215633
103.00000000,1813.00000000,0.08216055
103.00000000,1814.00000000,0.08216468
103.00000000,1815.00000000,0.08216885
103.00000000,1816.00000000,0.08217311
103.00000000,1817.00000000,0.08217724
103.00000000,1818.00000000,0.08218143
103.00000000,1819.00000000,0.08218564
103.00000000,1820.00000000,0.08218990
103.00000000,1821.00000000,0.08219405
103.00000000,1822.00000000,0.08219829
103.00000000,1823.00000000,0.08220257
103.00000000,1824.00000000,0.08220682
103.00000000,1825.00000000,0.08221110
103.00000000,1826.00000000,0.08221531
103.00000000,1827.00000000,0.08221957
103.00000000,1828.00000000,0.08222378
103.00000000,1829.00000000,0.08222806
103.00000000,1830.00000000,0.08223228
103.00000000,1831.00000000,0.08223653
103.00000000,1832.00000000,0.08224071
103.00000000,1833.00000000,0.08224492
103.00000000,1834.00000000,0.08224910
103.00000000,1835.00000000,0.08225327
103.00000000,1836.00000000,0.08225746
103.00000000,1837.00000000,0.08226158
103.00000000,1838.00000000,0.08226574
103.00000000,1839.00000000,0.08226993
103.00000000,1840.00000000,0.08227398
103.00000000,1841.00000000,0.08227812
103.00000000,1842.00000000,0.08228226
103.00000000,1843.00000000,0.08228632
103.00000000,1844.00000000,0.08229042
103.00000000,1845.00000000,0.08229444
103.00000000,1846.00000000,0.08229853
103.00000000,1847.00000000,0.08230256
103.00000000,1848.00000000,0.08230655
103.00000000,1849.00000000,0.08231058
103.00000000,1850.00000000,0.08231456
103.00000000,1851.00000000,0.08231853
103.00000000,1852.00000000,0.08232245
103.00000000,1853.00000000,0.08232675
103.00000000,1854.00000000,0.08233127
103.00000000,1855.00000000,0.08233580
103.00000000,1856.00000000,0.08234020
103.00000000,1857.00000000,0.08234457
103.00000000,1858.00000000,0.08234885
103.00000000,1859.00000000,0.08235312
103.00000000,1860.00000000,0.08235742
103.00000000,1861.00000000,0.08236166
103.00000000,1862.00000000,0.08236577
103.00000000,1863.00000000,0.08236926
103.00000000,1864.00000000,0.08237225
103.00000000,1865.00000000,0.08237491
103.00000000,1866.00000000,0.08237725
103.00000000,1867.00000000,0.08237938
103.00000000,1868.00000000,0.08238134
103.00000000,1869.00000000,0.08239062
103.00000000,1870.00000000,0.08239225
103.00000000,1871.00000000,0.08239377
103.00000000,1872.00000000,0.08239561
103.00000000,1873.00000000,0.08239830
103.00000000,1874.00000000,0.08240418
103.00000000,1875.00000000,0.08240794
103.00000000,1876.00000000,0.08241213
103.00000000,1877.00000000,0.08241661
103.00000000,1878.00000000,0.08242135
103.00000000,1879.00000000,0.08242637
103.00000000,1880.00000000,0.08243150
103.00000000,1881.00000000,0.08243673
103.00000000,1882.00000000,0.08244206
103.00000000,1883.00000000,0.08244697
103.00000000,1884.00000000,0.08245409
103.00000000,1885.00000000,0.08245845
103.00000000,1886.00000000,0.08246272
103.00000000,1887.00000000,0.08246690
103.00000000,1888.00000000,0.08247092
103.00000000,1889.00000000,0.08247474
103.00000000,1890.00000000,0.08247829
103.00000000,1891.00000000,0.08248152
103.00000000,1892.00000000,0.08248449
103.00000000,1893.00000000,0.08248739
103.00000000,1894.00000000,0.08249289
103.00000000,1895.00000000,0.08249603
103.00000000,1896.00000000,0.08249920
103.00000000,1897.00000000,0.08250240
103.00000000,1898.00000000,0.08250551
103.00000000,1899.00000000,0.08250844
103.00000000,1900.00000000,0.08251368
103.00000000,1901.00000000,0.08251612
103.00000000,1902.00000000,0.08251875
103.00000000,1903.00000000,0.08252402
103.00000000,1904.00000000,0.08252699
103.00000000,1905.00000000,0.08253518
103.00000000,1906.00000000,0.08253615
103.00000000,1907.00000000,0.08253978
103.00000000,1908.00000000,0.08254335
103.00000000,1909.00000000,0.08254945
103.00000000,1910.00000000,0.08255300
103.00000000,1911.00000000,0.08255648
103.00000000,1912.00000000,0.08255930
103.00000000,1913.00000000,0.08256119
103.00000000,1914.00000000,0.08256467
103.00000000,1915.00000000,0.08256515
103.00000000,1916.00000000,0.08256560
103.00000000,1917.00000000,0.08256606
103.00000000,1918.00000000,0.08256889
103.00000000,1919.00000000,0.08257186
103.00000000,1920.00000000,0.08257542
103.00000000,1921.00000000,0.08257717
103.00000000,1922.00000000,0.08257997
103.00000000,1923.00000000,0.08258355
103.00000000,1924.00000000,0.08258725
103.00000000,1925.00000000,0.08259340
103.00000000,1926.00000000,0.08259949
103.00000000,1927.00000000,0.08260305
103.00000000,1928.00000000,0.08260934
103.00000000,1929.00000000,0.08261301
103.00000000,1930.00000000,0.08261945
103.00000000,1931.00000000,0.08262452
103.00000000,1932.00000000,0.08263098
103.00000000,1933.00000000,0.08265352
103.00000000,1934.00000000,0.08265894
103.00000000,1935.00000000,0.08266692
103.00000000,1936.00000000,0.08267684
103.00000000,1937.00000000,0.08268329
103.00000000,1938.00000000,0.08269094
103.00000000,1939.00000000,0.08270532
103.00000000,1940.00000000,0.08270887
103.00000000,1941.00000000,0.08271390
103.00000000,1942.00000000,0.08271784
103.00000000,1943.00000000,0.08272361
103.00000000,1944.00000000,0.08272636
103.00000000,1945.00000000,0.08273167
103.00000000,1946.00000000,0.08273549
103.00000000,1947.00000000,0.08274373
103.00000000,1948.00000000,0.08275800
103.00000000,1949.00000000,0.08276213
103.00000000,1950.00000000,0.08277390
103.00000000,1951.00000000,0.08278047
103.00000000,1952.00000000,0.08279291
103.00000000,1953.00000000,0.08280819
103.00000000,1954.00000000,0.08281328
103.00000000,1955.00000000,0.08282643
103.00000000,1956.00000000,0.08283713
103.00000000,1957.00000000,0.08286777
103.00000000,1958.00000000,0.08287762
103.00000000,1959.00000000,0.08289441
103.00000000,1960.00000000,0.08289903
103.00000000,1961.00000000,0.08290182
103.00000000,1962.00000000,0.08291382
103.00000000,1963.00000000,0.08293243
103.00000000,1964.00000000,0.08293971
103.00000000,1965.00000000,0.08294046
103.00000000,1966.00000000,0.08295230
103.00000000,1967.00000000,0.08296542
103.00000000,1968.00000000,0.08297449
103.00000000,1969.00000000,0.08297125
103.00000000,1970.00000000,0.08297883
103.00000000,1971.00000000,0.08297491
103.00000000,1972.00000000,0.08297184
103.00000000,1973.00000000,0.08296018
103.00000000,1974.00000000,0.08295578
103.00000000,1975.00000000,0.08297012
103.00000000,1976.00000000,0.08296897
103.00000000,1977.00000000,0.08291493
103.00000000,1978.00000000,0.08292148
103.00000000,1979.00000000,0.08289991
103.00000000,1980.00000000,0.08287772
103.00000000,1981.00000000,0.08285155
103.00000000,1982.00000000,0.08285915
103.00000000,1983.00000000,0.08290163
103.00000000,1984.00000000,0.08290077
103.00000000,1985.00000000,0.08291836
103.00000000,1986.00000000,0.08294560
103.00000000,1987.00000000,0.08294119
103.00000000,1988.00000000,0.08293449
103.00000000,1989.00000000,0.08293274
103.00000000,1990.00000000,0.08295571
103.00000000,1991.00000000,0.08302380
103.00000000,1992.00000000,0.08301226
103.00000000,1993.00000000,0.08307434
103.00000000,1994.00000000,0.08310531
103.00000000,1995.00000000,0.08310237
103.00000000,1996.00000000,0.08308473
103.00000000,1997.00000000,0.08310964
103.00000000,1998.00000000,0.08315923
103.00000000,1999.00000000,0.08318392
103.00000000,2000.00000000,0.08322928
103.00000000,2001.00000000,0.08328488
103.00000000,2002.00000000,0.08338291
103.00000000,2003.00000000,0.08344393
103.00000000,2004.00000000,0.08348153
103.00000000,2005.00000000,0.08350668
103.00000000,2006.00000000,0.08362054
103.00000000,2007.00000000,0.08362025
103.00000000,2008.00000000,0.08369644
103.00000000,2009.00000000,0.08378185
103.00000000,2010.00000000,0.08394651
103.00000000,2011.00000000,0.08383098
103.00000000,2012.00000000,0.08388480
103.00000000,2013.00000000,0.08393294
103.00000000,2014.00000000,0.08393554
103.00000000,2015.00000000,0.08399973
103.00000000,2016.00000000,0.08411294
103.00000000,2017.00000000,0.08383292
103.00000000,2018.00000000,0.08375174
103.00000000,2019.00000000,0.08385439
103.00000000,2020.00000000,0.08393230
103.00000000,2021.00000000,0.08382708
103.00000000,2022.00000000,0.08344551
103.00000000,2023.00000000,0.08369587
103.00000000,2024.00000000,0.08331496
103.00000000,2025.00000000,0.08335565
103.00000000,2026.00000000,0.08360015
103.00000000,2027.00000000,0.08351861
103.00000000,2028.00000000,0.08348330
103.00000000,2029.00000000,0.08343771
103.00000000,2030.00000000,0.08356601
103.00000000,2031.00000000,0.08350717
103.00000000,2032.00000000,0.08363610
103.00000000,2033.00000000,0.08334286
103.00000000,2034.00000000,0.08299733
103.00000000,2035.00000000,0.08269990
103.00000000,2036.00000000,0.08274099
103.00000000,2037.00000000,0.08286407
103.00000000,2038.00000000,0.08292305
103.00000000,2039.00000000,0.08310039
103.00000000,2040.00000000,0.08321837
103.00000000,2041.00000000,0.08298166
103.00000000,2042.00000000,0.08302790
103.00000000,2043.00000000,0.08321081
103.00000000,2044.00000000,0.08321849
103.00000000,2045.00000000,0.08315993
103.00000000,2046.00000000,0.08319910
103.00000000,2047.00000000,0.08310009
103.00000000,2048.00000000,0.08248434
103.00000000,2049.00000000,0.08259172
103.00000000,2050.00000000,0.08288092
103.00000000,2051.00000000,0.08298539
103.00000000,2052.00000000,0.08278651
103.00000000,2053.00000000,0.08321093
103.00000000,2054.00000000,0.08346089
103.00000000,2055.00000000,0.08344891
103.00000000,2056.00000000,0.08347738
103.00000000,2057.00000000,0.08345616
103.00000000,2058.00000000,0.08379982
103.00000000,2059.00000000,0.08404119
103.00000000,2060.00000000,0.08418050
103.00000000,2061.00000000,0.08424425
103.00000000,2062.00000000,0.08447777
103.00000000,2063.00000000,0.08467196
103.00000000,2064.00000000,0.08463790
103.00000000,2065.00000000,0.08481447
103.00000000,2066.00000000,0.08509117
103.00000000,2067.00000000,0.08539757
103.00000000,2068.00000000,0.08565203
103.00000000,2069.00000000,0.08596167
103.00000000,2070.00000000,0.08614731
103.00000000,2071.00000000,0.08649929
103.00000000,2072.00000000,0.08693407
103.00000000,2073.00000000,0.08751862
103.00000000,2074.00000000,0.08782538
103.00000000,2075.00000000,0.08816457
103.00000000,2076.00000000,0.08866260
103.00000000,2077.00000000,0.08864067
103.00000000,2078.00000000,0.08853466
103.00000000,2079.00000000,0.08911281
103.00000000,2080.00000000,0.08941317
103.00000000,2081.00000000,0.08955539
103.00000000,2082.00000000,0.09017022
103.00000000,2083.00000000,0.09001767
103.00000000,2084.00000000,0.08961992
103.00000000,2085.00000000,0.08950599
103.00000000,2086.00000000,0.08945027
103.00000000,2087.00000000,0.08984536
103.00000000,2088.00000000,0.09018397
103.00000000,2089.00000000,0.09055223
103.00000000,2090.00000000,0.09087055
103.00000000,2091.00000000,0.09134478
103.00000000,2092.00000000,0.09162653
103.00000000,2093.00000000,0.09175245
103.00000000,2094.00000000,0.09196205
103.00000000,2095.00000000,0.09170534
103.00000000,2096.00000000,0.09172876
103.00000000,2097.00000000,0.09200722
103.00000000,2098.00000000,0.09231538
103.00000000,2099.00000000,0.09264415
103.00000000,2100.00000000,0.09291041
103.00000000,2101.00000000,0.09286532
103.00000000,2102.00000000,0.09285073
103.00000000,2103.00000000,0.09325459
103.00000000,2104.00000000,0.09365097
103.00000000,2105.00000000,0.09381036
103.00000000,2106.00000000,0.09460907
103.00000000,2107.00000000,0.09552072
103.00000000,2108.00000000,0.09624172
103.00000000,2109.00000000,0.09672330
103.00000000,2110.00000000,0.09720873
103.00000000,2111.00000000,0.09769796
103.00000000,2112.00000000,0.09819034
103.00000000,2113.00000000,0.09868583
103.00000000,2114.00000000,0.09934074
103.00000000,2115.00000000,0.09999861
103.00000000,2116.00000000,0.10065950
103.00000000,2117.00000000,0.10132319
103.00000000,2118.00000000,0.10198959
103.00000000,2119.00000000,0.10265865
103.00000000,2120.00000000,0.10333023
103.00000000,2121.00000000,0.10400418
103.00000000,2122.00000000,0.10468050
103.00000000,2123.00000000,0.10535904
103.00000000,2124.00000000,0.10597071
103.00000000,2125.00000000,0.10658448
103.00000000,2126.00000000,0.10720023
103.00000000,2127.00000000,0.10781806
103.00000000,2128.00000000,0.10843791
103.00000000,2129.00000000,0.10905974
103.00000000,2130.00000000,0.10968360
103.00000000,2131.00000000,0.11030945
103.00000000,2132.00000000,0.11093726
103.00000000,2133.00000000,0.11156717
103.00000000,2134.00000000,0.11234256
103.00000000,2135.00000000,0.11311996
103.00000000,2136.00000000,0.11389936
103.00000000,2137.00000000,0.11468065
103.00000000,2138.00000000,0.11546372
103.00000000,2139.00000000,0.11624862
103.00000000,2140.00000000,0.11703517
103.00000000,2141.00000000,0.11782341
103.00000000,2142.00000000,0.11861324
103.00000000,2143.00000000,0.11940455
103.00000000,2144.00000000,0.12030193
103.00000000,2145.00000000,0.12120075
103.00000000,2146.00000000,0.12210089
103.00000000,2147.00000000,0.12300234
103.00000000,2148.00000000,0.12390495
103.00000000,2149.00000000,0.12480857
103.00000000,2150.00000000,0.12571316
103.00000000,2151.00000000,0.12661927
103.00000000,2152.00000000,0.12752881
103.00000000,2153.00000000,0.12844350
103.00000000,2154.00000000,0.12935831
103.00000000,2155.00000000,0.13027964
103.00000000,2156.00000000,0.13120754
103.00000000,2157.00000000,0.13214185
103.00000000,2158.00000000,0.13308263
103.00000000,2159.00000000,0.13402962
103.00000000,2160.00000000,0.13498254
103.00000000,2161.00000000,0.13594128
103.00000000,2162.00000000,0.13690554
103.00000000,2163.00000000,0.13787501
103.00000000,2164.00000000,0.13862050
103.00000000,2165.00000000,0.13937040
103.00000000,2166.00000000,0.14012473
103.00000000,2167.00000000,0.14088325
103.00000000,2168.00000000,0.14164576
103.00000000,2169.00000000,0.14241218
103.00000000,2170.00000000,0.14318234
103.00000000,2171.00000000,0.14395602
103.00000000,2172.00000000,0.14473316
103.00000000,2173.00000000,0.14551355
103.00000000,2174.00000000,0.14608929
103.00000000,2175.00000000,0.14666764
103.00000000,2176.00000000,0.14724835
103.00000000,2177.00000000,0.14783159
103.00000000,2178.00000000,0.14841710
103.00000000,2179.00000000,0.14900474
103.00000000,2180.00000000,0.14959462
103.00000000,2181.00000000,0.15018655
103.00000000,2182.00000000,0.15078042
103.00000000,2183.00000000,0.15137621
103.00000000,2184.00000000,0.15185702
103.00000000,2185.00000000,0.15233924
103.00000000,2186.00000000,0.15282294
103.00000000,2187.00000000,0.15330797
103.00000000,2188.00000000,0.15379438
103.00000000,2189.00000000,0.15428208
103.00000000,2190.00000000,0.15477099
103.00000000,2191.00000000,0.15526115
103.00000000,2192.00000000,0.15575246
103.00000000,2193.00000000,0.15624480
103.00000000,2194.00000000,0.15661685
103.00000000,2195.00000000,0.15698958
103.00000000,2196.00000000,0.15736296
103.00000000,2197.00000000,0.15773706
103.00000000,2198.00000000,0.15811182
103.00000000,2199.00000000,0.15848718
103.00000000,2200.00000000,0.15886320
103.00000000,2201.00000000,0.15923973
103.00000000,2202.00000000,0.15961700
103.00000000,2203.00000000,0.15999475
103.00000000,2204.00000000,0.16027896
103.00000000,2205.00000000,0.16056359
103.00000000,2206.00000000,0.16084846
103.00000000,2207.00000000,0.16113353
103.00000000,2208.00000000,0.16141894
103.00000000,2209.00000000,0.16170461
103.00000000,2210.00000000,0.16199047
103.00000000,2211.00000000,0.16227666
103.00000000,2212.00000000,0.16256305
103.00000000,2213.00000000,0.16284974
103.00000000,2214.00000000,0.16313669
103.00000000,2215.00000000,0.16342384
103.00000000,2216.00000000,0.16371128
103.00000000,2217.00000000,0.16399896
103.00000000,2218.00000000,0.16428682
103.00000000,2219.00000000,0.16457498
103.00000000,2220.00000000,0.16486336
103.00000000,2221.00000000,0.16515190
103.00000000,2222.00000000,0.16544073
103.00000000,2223.00000000,0.16572981
103.00000000,2224.00000000,0.16601898
103.00000000,2225.00000000,0.16630849
103.00000000,2226.00000000,0.16659806
103.00000000,2227.00000000,0.16688797
103.00000000,2228.00000000,0.16717803
103.00000000,2229.00000000,0.16746823
103.00000000,2230.00000000,0.16775867
103.00000000,2231.00000000,0.16804929
103.00000000,2232.00000000,0.16834001
103.00000000,2233.00000000,0.16863094
103.00000000,2234.00000000,0.16892204
103.00000000,2235.00000000,0.16921316
103.00000000,2236.00000000,0.16950453
103.00000000,2237.00000000,0.16979592
103.00000000,2238.00000000,0.17008749
103.00000000,2239.00000000,0.17037914
103.00000000,2240.00000000,0.17067083
103.00000000,2241.00000000,0.17096263
103.00000000,2242.00000000,0.17125451
103.00000000,2243.00000000,0.17154632
103.00000000,2244.00000000,0.17183827
103.00000000,2245.00000000,0.17213019
103.00000000,2246.00000000,0.17242206
103.00000000,2247.00000000,0.17271396
103.00000000,2248.00000000,0.17300576
103.00000000,2249.00000000,0.17329736
103.00000000,2250.00000000,0.17358749
103.00000000,2251.00000000,0.17387385
103.00000000,2252.00000000,0.17415440
103.00000000,2253.00000000,0.17442786
103.00000000,2254.00000000,0.17401993
103.00000000,2255.00000000,0.17360252
103.00000000,2256.00000000,0.17317560
103.00000000,2257.00000000,0.17273932
103.00000000,2258.00000000,0.17229394
103.00000000,2259.00000000,0.17183965
103.00000000,2260.00000000,0.17137664
103.00000000,2261.00000000,0.17090530
103.00000000,2262.00000000,0.17042593
103.00000000,2263.00000000,0.16993901
103.00000000,2264.00000000,0.16944474
103.00000000,2265.00000000,0.16894336
103.00000000,2266.00000000,0.16843518
103.00000000,2267.00000000,0.16792039
103.00000000,2268.00000000,0.16739914
103.00000000,2269.00000000,0.16687169
103.00000000,2270.00000000,0.16633824
103.00000000,2271.00000000,0.16579888
103.00000000,2272.00000000,0.16525390
103.00000000,2273.00000000,0.16470338
103.00000000,2274.00000000,0.16414759
103.00000000,2275.00000000,0.16358661
103.00000000,2276.00000000,0.16302060
103.00000000,2277.00000000,0.16244979
103.00000000,2278.00000000,0.16187426
103.00000000,2279.00000000,0.16129415
103.00000000,2280.00000000,0.16070968
103.00000000,2281.00000000,0.16012092
103.00000000,2282.00000000,0.15952798
103.00000000,2283.00000000,0.15893107
103.00000000,2284.00000000,0.15833025
103.00000000,2285.00000000,0.15772561
103.00000000,2286.00000000,0.15711737
103.00000000,2287.00000000,0.15650552
103.00000000,2288.00000000,0.15589029
103.00000000,2289.00000000,0.15527170
103.00000000,2290.00000000,0.15464985
103.00000000,2291.00000000,0.15402491
103.00000000,2292.00000000,0.15339691
103.00000000,2293.00000000,0.15276595
103.00000000,2294.00000000,0.15213216
103.00000000,2295.00000000,0.15149563
103.00000000,2296.00000000,0.15085636
103.00000000,2297.00000000,0.15021455
103.00000000,2298.00000000,0.14957017
103.00000000,2299.00000000,0.14892340
103.00000000,2300.00000000,0.14827428
103.00000000,2301.00000000,0.14762283
103.00000000,2302.00000000,0.14696919
103.00000000,2303.00000000,0.14631340
103.00000000,2304.00000000,0.14565545
103.00000000,2305.00000000,0.14499551
103.00000000,2306.00000000,0.14433360
103.00000000,2307.00000000,0.14366975
103.00000000,2308.00000000,0.14300410
103.00000000,2309.00000000,0.14233666
103.00000000,2310.00000000,0.14166746
103.00000000,2311.00000000,0.14099663
103.00000000,2312.00000000,0.14032415
103.00000000,2313.00000000,0.13965017
103.00000000,2314.00000000,0.13897468
103.00000000,2315.00000000,0.13829770
103.00000000,2316.00000000,0.13761938
103.00000000,2317.00000000,0.13693969
103.00000000,2318.00000000,0.13625869
103.00000000,2319.00000000,0.13557646
103.00000000,2320.00000000,0.13489302
103.00000000,2321.00000000,0.13420841
103.00000000,2322.00000000,0.13352271
103.00000000,2323.00000000,0.13283590
103.00000000,2324.00000000,0.13214810
103.00000000,2325.00000000,0.13145931
103.00000000,2326.00000000,0.13076953
103.00000000,2327.00000000,0.13007889
103.00000000,2328.00000000,0.12938738
103.00000000,2329.00000000,0.12869499
103.00000000,2330.00000000,0.12800185
103.00000000,2331.00000000,0.12730795
103.00000000,2332.00000000,0.12661329
103.00000000,2333.00000000,0.12591798
103.00000000,2334.00000000,0.12522199
103.00000000,2335.00000000,0.12452540
103.00000000,2336.00000000,0.12382823
103.00000000,2337.00000000,0.12313046
103.00000000,2338.00000000,0.12243221
103.00000000,2339.00000000,0.12173346
103.00000000,2340.00000000,0.12103423
103.00000000,2341.00000000,0.12033459
103.00000000,2342.00000000,0.11963455
103.00000000,2343.00000000,0.11893409
103.00000000,2344.00000000,0.11823334
103.00000000,2345.00000000,0.11753227
103.00000000,2346.00000000,0.11683087
103.00000000,2347.00000000,0.11612926
103.00000000,2348.00000000,0.11542740
103.00000000,2349.00000000,0.11472538
103.00000000,2350.00000000,0.11402324
103.00000000,2351.00000000,0.11332102
103.00000000,2352.00000000,0.11276725
103.00000000,2353.00000000,0.11265051
103.00000000,2354.00000000,0.11265338
103.00000000,2355.00000000,0.11265650
103.00000000,2356.00000000,0.11265984
103.00000000,2357.00000000,0.11266336
103.00000000,2358.00000000,0.11266713
103.00000000,2359.00000000,0.11268980
103.00000000,2360.00000000,0.11271270
103.00000000,2361.00000000,0.11273581
103.00000000,2362.00000000,0.11275905
103.00000000,2363.00000000,0.11278253
103.00000000,2364.00000000,0.11276915
103.00000000,2365.00000000,0.11275591
103.00000000,2366.00000000,0.11274285
103.00000000,2367.00000000,0.11272996
103.00000000,2368.00000000,0.11271717
103.00000000,2369.00000000,0.11270456
103.00000000,2370.00000000,0.11269210
103.00000000,2371.00000000,0.11267973
103.00000000,2372.00000000,0.11266754
103.00000000,2373.00000000,0.11265544
103.00000000,2374.00000000,0.11264350
103.00000000,2375.00000000,0.11263170
103.00000000,2376.00000000,0.11261997
103.00000000,2377.00000000,0.11260840
103.00000000,2378.00000000,0.11259695
103.00000000,2379.00000000,0.11258397
103.00000000,2380.00000000,0.11257114
103.00000000,2381.00000000,0.11255841
103.00000000,2382.00000000,0.11254574
103.00000000,2383.00000000,0.11253323
103.00000000,2384.00000000,0.11252076
103.00000000,2385.00000000,0.11250844
103.00000000,2386.00000000,0.11249622
103.00000000,2387.00000000,0.11248404
103.00000000,2388.00000000,0.11247199
103.00000000,2389.00000000,0.11246003
103.00000000,2390.00000000,0.11244812
103.00000000,2391.00000000,0.11243633
103.00000000,2392.00000000,0.11242462
103.00000000,2393.00000000,0.11241294
103.00000000,2394.00000000,0.11240139
103.00000000,2395.00000000,0.11238987
103.00000000,2396.00000000,0.11237847
103.00000000,2397.00000000,0.11236714
103.00000000,2398.00000000,0.11235583
103.00000000,2399.00000000,0.11234464
103.00000000,2400.00000000,0.11233352
103.00000000,2401.00000000,0.11232242
103.00000000,2402.00000000,0.11231142
103.00000000,2403.00000000,0.11230050
103.00000000,2404.00000000,0.11229317
103.00000000,2405.00000000,0.11228595
103.00000000,2406.00000000,0.11227879
103.00000000,2407.00000000,0.11227166
103.00000000,2408.00000000,0.11226463
103.00000000,2409.00000000,0.11225763
103.00000000,2410.00000000,0.11225072
103.00000000,2411.00000000,0.11224388
103.00000000,2412.00000000,0.11223704
103.00000000,2413.00000000,0.11223032
103.00000000,2414.00000000,0.11222364
103.00000000,2415.00000000,0.11221697
103.00000000,2416.00000000,0.11221040
103.00000000,2417.00000000,0.11220388
103.00000000,2418.00000000,0.11219736
103.00000000,2419.00000000,0.11219094
103.00000000,2420.00000000,0.11218452
103.00000000,2421.00000000,0.11217818
103.00000000,2422.00000000,0.11217189
103.00000000,2423.00000000,0.11216560
103.00000000,2424.00000000,0.11215940
103.00000000,2425.00000000,0.11215324
103.00000000,2426.00000000,0.11214706
103.00000000,2427.00000000,0.11214097
103.00000000,2428.00000000,0.11213493
103.00000000,2429.00000000,0.11212886
103.00000000,2430.00000000,0.11212288
103.00000000,2431.00000000,0.11211694
103.00000000,2432.00000000,0.11211098
103.00000000,2433.00000000,0.11210510
103.00000000,2434.00000000,0.11209919
103.00000000,2435.00000000,0.11209339
103.00000000,2436.00000000,0.11208759
103.00000000,2437.00000000,0.11208178
103.00000000,2438.00000000,0.11207605
103.00000000,2439.00000000,0.11207034
103.00000000,2440.00000000,0.11206461
103.00000000,2441.00000000,0.11205896
103.00000000,2442.00000000,0.11205332
103.00000000,2443.00000000,0.11204766
103.00000000,2444.00000000,0.11204208
103.00000000,2445.00000000,0.11203646
103.00000000,2446.00000000,0.11203093
103.00000000,2447.00000000,0.11202540
103.00000000,2448.00000000,0.11201985
103.00000000,2449.00000000,0.11201437
103.00000000,2450.00000000,0.11200890
103.00000000,2451.00000000,0.11200341
103.00000000,2452.00000000,0.11199798
103.00000000,2453.00000000,0.11199256
103.00000000,2454.00000000,0.11198609
103.00000000,2455.00000000,0.11197967
103.00000000,2456.00000000,0.11197327
103.00000000,2457.00000000,0.11196682
103.00000000,2458.00000000,0.11196043
103.00000000,2459.00000000,0.11195400
103.00000000,2460.00000000,0.11194764
103.00000000,2461.00000000,0.11194128
103.00000000,2462.00000000,0.11193487
103.00000000,2463.00000000,0.11192853
103.00000000,2464.00000000,0.11192218
103.00000000,2465.00000000,0.11191579
103.00000000,2466.00000000,0.11190947
103.00000000,2467.00000000,0.11190315
103.00000000,2468.00000000,0.11189677
103.00000000,2469.00000000,0.11189046
103.00000000,2470.00000000,0.11188409
103.00000000,2471.00000000,0.11187778
103.00000000,2472.00000000,0.11187148
103.00000000,2473.00000000,0.11186513
103.00000000,2474.00000000,0.11185884
103.00000000,2475.00000000,0.11185256
103.00000000,2476.00000000,0.11184621
103.00000000,2477.00000000,0.11183993
103.00000000,2478.00000000,0.11183365
103.00000000,2479.00000000,0.11182730
103.00000000,2480.00000000,0.11182104
103.00000000,2481.00000000,0.11181470
103.00000000,2482.00000000,0.11180843
103.00000000,2483.00000000,0.11180217
103.00000000,2484.00000000,0.11179582
103.00000000,2485.00000000,0.11178956
103.00000000,2486.00000000,0.11178331
103.00000000,2487.00000000,0.11177697
103.00000000,2488.00000000,0.11177071
103.00000000,2489.00000000,0.11176444
103.00000000,2490.00000000,0.11175811
103.00000000,2491.00000000,0.11175185
103.00000000,2492.00000000,0.11174558
103.00000000,2493.00000000,0.11173925
103.00000000,2494.00000000,0.11173298
103.00000000,2495.00000000,0.11172664
103.00000000,2496.00000000,0.11172038
103.00000000,2497.00000000,0.11171411
103.00000000,2498.00000000,0.11170776
103.00000000,2499.00000000,0.11170150
103.00000000,2500.00000000,0.11169523
104.00000000,1765.00000000,0.08151206
104.00000000,1766.00000000,0.08151190
104.00000000,1767.00000000,0.08151202
104.00000000,1768.00000000,0.08151217
104.00000000,1769.00000000,0.08151245
104.00000000,1770.00000000,0.08151284
104.00000000,1771.00000000,0.08151343
104.00000000,1772.00000000,0.08151423
104.00000000,1773.00000000,0.08151508
104.00000000,1774.00000000,0.08151610
104.00000000,1775.00000000,0.08151716
104.00000000,1776.00000000,0.08151858
104.00000000,1777.00000000,0.08152000
104.00000000,1778.00000000,0.08152172
104.00000000,1779.00000000,0.08152349
104.00000000,1780.00000000,0.08152549
104.00000000,1781.00000000,0.08152747
104.00000000,1782.00000000,0.08152963
104.00000000,1783.00000000,0.08153203
104.00000000,1784.00000000,0.08153443
104.00000000,1785.00000000,0.08153691
104.00000000,1786.00000000,0.08153951
104.00000000,1787.00000000,0.08154234
104.00000000,1788.00000000,0.08154513
104.00000000,1789.00000000,0.08154806
104.00000000,1790.00000000,0.08155106
104.00000000,1791.00000000,0.08155426
104.00000000,1792.00000000,0.08155745
104.00000000,1793.00000000,0.08156068
104.00000000,1794.00000000,0.08156405
104.00000000,1795.00000000,0.08156746
104.00000000,1796.00000000,0.08157092
104.00000000,1797.00000000,0.08157442
104.00000000,1798.00000000,0.08157803
104.00000000,1799.00000000,0.08158169
104.00000000,1800.00000000,0.08158538
104.00000000,1801.00000000,0.08158912
104.00000000,1802.00000000,0.08159289
104.00000000,1803.00000000,0.08159667
104.00000000,1804.00000000,0.08160048
104.00000000,1805.00000000,0.08160445
104.00000000,1806.00000000,0.08160837
104.00000000,1807.00000000,0.08161225
104.00000000,1808.00000000,0.08161638
104.00000000,1809.00000000,0.08162026
104.00000000,1810.00000000,0.08162432
104.00000000,1811.00000000,0.08162846
104.00000000,1812.00000000,0.08163259
104.00000000,1813.00000000,0.08163654
104.00000000,1814.00000000,0.08164075
104.00000000,1815.00000000,0.08164487
104.00000000,1816.00000000,0.08164905
104.00000000,1817.00000000,0.08165329
104.00000000,1818.00000000,0.08165740
104.00000000,1819.00000000,0.08166157
104.00000000,1820.00000000,0.08166576
104.00000000,1821.00000000,0.08167000
104.00000000,1822.00000000,0.08167415
104.00000000,1823.00000000,0.08167837
104.00000000,1824.00000000,0.08168262
104.00000000,1825.00000000,0.08168685
104.00000000,1826.00000000,0.08169110
104.00000000,1827.00000000,0.08169529
104.00000000,1828.00000000,0.08169951
104.00000000,1829.00000000,0.08170370
104.00000000,1830.00000000,0.08170794
104.00000000,1831.00000000,0.08171212
104.00000000,1832.00000000,0.08171632
104.00000000,1833.00000000,0.08172046
104.00000000,1834.00000000,0.08172463
104.00000000,1835.00000000,0.08172878
104.00000000,1836.00000000,0.08173291
104.00000000,1837.00000000,0.08173705
104.00000000,1838.00000000,0.08174113
104.00000000,1839.00000000,0.08174523
104.00000000,1840.00000000,0.08174938
104.00000000,1841.00000000,0.08175338
104.00000000,1842.00000000,0.08175747
104.00000000,1843.00000000,0.08176157
104.00000000,1844.00000000,0.08176557
104.00000000,1845.00000000,0.08176961
104.00000000,1846.00000000,0.08177359
104.00000000,1847.00000000,0.08177761
104.00000000,1848.00000000,0.08178157
104.00000000,1849.00000000,0.08178552
104.00000000,1850.00000000,0.08178947
104.00000000,1851.00000000,0.08179337
104.00000000,1852.00000000,0.08179725
104.00000000,1853.00000000,0.08180151
104.00000000,1854.00000000,0.08180596
104.00000000,1855.00000000,0.08181039
104.00000000,1856.00000000,0.08181476
104.00000000,1857.00000000,0.08181905
104.00000000,1858.00000000,0.08182329
104.00000000,1859.00000000,0.08182747
104.00000000,1860.00000000,0.08183168
104.00000000,1861.00000000,0.08183585
104.00000000,1862.00000000,0.08183985
104.00000000,1863.00000000,0.08184327
104.00000000,1864.00000000,0.08184615
104.00000000,1865.00000000,0.08184871
104.00000000,1866.00000000,0.08185095
104.00000000,1867.00000000,0.08185295
104.00000000,1868.00000000,0.08185479
104.00000000,1869.00000000,0.08185642
104.00000000,1870.00000000,0.08186541
104.00000000,1871.00000000,0.08186679
104.00000000,1872.00000000,0.08186848
104.00000000,1873.00000000,0.08187102
104.00000000,1874.00000000,0.08187426
104.00000000,1875.00000000,0.08188042
104.00000000,1876.00000000,0.08188443
104.00000000,1877.00000000,0.08188880
104.00000000,1878.00000000,0.08189342
104.00000000,1879.00000000,0.08189830
104.00000000,1880.00000000,0.08190332
104.00000000,1881.00000000,0.08190845
104.00000000,1882.00000000,0.08191363
104.00000000,1883.00000000,0.08191842
104.00000000,1884.00000000,0.08192288
104.00000000,1885.00000000,0.08192966
104.00000000,1886.00000000,0.08193382
104.00000000,1887.00000000,0.08193788
104.00000000,1888.00000000,0.08194185
104.00000000,1889.00000000,0.08194551
104.00000000,1890.00000000,0.08194900
104.00000000,1891.00000000,0.08195213
104.00000000,1892.00000000,0.08195500
104.00000000,1893.00000000,0.08195781
104.00000000,1894.00000000,0.08196065
104.00000000,1895.00000000,0.08196626
104.00000000,1896.00000000,0.08196936
104.00000000,1897.00000000,0.08197247
104.00000000,1898.00000000,0.08197549
104.00000000,1899.00000000,0.08197838
104.00000000,1900.00000000,0.08198093
104.00000000,1901.00000000,0.08198584
104.00000000,1902.00000000,0.08198841
104.00000000,1903.00000000,0.08199106
104.00000000,1904.00000000,0.08199646
104.00000000,1905.00000000,0.08199956
104.00000000,1906.00000000,0.08200797
104.00000000,1907.00000000,0.08200903
104.00000000,1908.00000000,0.08201251
104.00000000,1909.00000000,0.08201601
104.00000000,1910.00000000,0.08202206
104.00000000,1911.00000000,0.08202544
104.00000000,1912.00000000,0.08202817
104.00000000,1913.00000000,0.08203002
104.00000000,1914.00000000,0.08203089
104.00000000,1915.00000000,0.08203383
104.00000000,1916.00000000,0.08203427
104.00000000,1917.00000000,0.08203463
104.00000000,1918.00000000,0.08203491
104.00000000,1919.00000000,0.08203774
104.00000000,1920.00000000,0.08204125
104.00000000,1921.00000000,0.08204550
104.00000000,1922.00000000,0.08204818
104.00000000,1923.00000000,0.08205169
104.00000000,1924.00000000,0.08205534
104.00000000,1925.00000000,0.08205887
104.00000000,1926.00000000,0.08206483
104.00000000,1927.00000000,0.08207086
104.00000000,1928.00000000,0.08207450
104.00000000,1929.00000000,0.08208063
104.00000000,1930.00000000,0.08208447
104.00000000,1931.00000000,0.08209191
104.00000000,1932.00000000,0.08209829
104.00000000,1933.00000000,0.08210550
104.00000000,1934.00000000,0.08212846
104.00000000,1935.00000000,0.08213379
104.00000000,1936.00000000,0.08214111
104.00000000,1937.00000000,0.08214996
104.00000000,1938.00000000,0.08215498
104.00000000,1939.00000000,0.08216158
104.00000000,1940.00000000,0.08217512
104.00000000,1941.00000000,0.08217753
104.00000000,1942.00000000,0.08218135
104.00000000,1943.00000000,0.08218453
104.00000000,1944.00000000,0.08218964
104.00000000,1945.00000000,0.08219231
104.00000000,1946.00000000,0.08219854
104.00000000,1947.00000000,0.08220410
104.00000000,1948.00000000,0.08221313
104.00000000,1949.00000000,0.08222728
104.00000000,1950.00000000,0.08223126
104.00000000,1951.00000000,0.08224273
104.00000000,1952.00000000,0.08224998
104.00000000,1953.00000000,0.08226250
104.00000000,1954.00000000,0.08227757
104.00000000,1955.00000000,0.08228289
104.00000000,1956.00000000,0.08229592
104.00000000,1957.00000000,0.08230620
104.00000000,1958.00000000,0.08233611
104.00000000,1959.00000000,0.08234519
104.00000000,1960.00000000,0.08235984
104.00000000,1961.00000000,0.08236254
104.00000000,1962.00000000,0.08236432
104.00000000,1963.00000000,0.08237526
104.00000000,1964.00000000,0.08239253
104.00000000,1965.00000000,0.08239829
104.00000000,1966.00000000,0.08239744
104.00000000,1967.00000000,0.08240774
104.00000000,1968.00000000,0.08241911
104.00000000,1969.00000000,0.08242573
104.00000000,1970.00000000,0.08241987
104.00000000,1971.00000000,0.08242376
104.00000000,1972.00000000,0.08241533
104.00000000,1973.00000000,0.08240841
104.00000000,1974.00000000,0.08239360
104.00000000,1975.00000000,0.08238729
104.00000000,1976.00000000,0.08240095
104.00000000,1977.00000000,0.08239986
104.00000000,1978.00000000,0.08234593
104.00000000,1979.00000000,0.08235200
104.00000000,1980.00000000,0.08232971
104.00000000,1981.00000000,0.08230741
104.00000000,1982.00000000,0.08228345
104.00000000,1983.00000000,0.08229540
104.00000000,1984.00000000,0.08234196
104.00000000,1985.00000000,0.08234435
104.00000000,1986.00000000,0.08236376
104.00000000,1987.00000000,0.08239168
104.00000000,1988.00000000,0.08238734
104.00000000,1989.00000000,0.08238034
104.00000000,1990.00000000,0.08237792
104.00000000,1991.00000000,0.08240035
104.00000000,1992.00000000,0.08246848
104.00000000,1993.00000000,0.08245750
104.00000000,1994.00000000,0.08252038
104.00000000,1995.00000000,0.08255201
104.00000000,1996.00000000,0.08254915
104.00000000,1997.00000000,0.08253104
104.00000000,1998.00000000,0.08255493
104.00000000,1999.00000000,0.08260396
104.00000000,2000.00000000,0.08262860
104.00000000,2001.00000000,0.08267333
104.00000000,2002.00000000,0.08272792
104.00000000,2003.00000000,0.08282531
104.00000000,2004.00000000,0.08288461
104.00000000,2005.00000000,0.08291896
104.00000000,2006.00000000,0.08293958
104.00000000,2007.00000000,0.08304830
104.00000000,2008.00000000,0.08304405
104.00000000,2009.00000000,0.08311618
104.00000000,2010.00000000,0.08319777
104.00000000,2011.00000000,0.08335832
104.00000000,2012.00000000,0.08324066
104.00000000,2013.00000000,0.08329106
104.00000000,2014.00000000,0.08333581
104.00000000,2015.00000000,0.08333534
104.00000000,2016.00000000,0.08339609
104.00000000,2017.00000000,0.08350565
104.00000000,2018.00000000,0.08322484
104.00000000,2019.00000000,0.08314158
104.00000000,2020.00000000,0.08324105
104.00000000,2021.00000000,0.08331611
104.00000000,2022.00000000,0.08320952
104.00000000,2023.00000000,0.08282888
104.00000000,2024.00000000,0.08307587
104.00000000,2025.00000000,0.08269625
104.00000000,2026.00000000,0.08273542
104.00000000,2027.00000000,0.08297700
104.00000000,2028.00000000,0.08289495
104.00000000,2029.00000000,0.08285893
104.00000000,2030.00000000,0.08281273
104.00000000,2031.00000000,0.08293913
104.00000000,2032.00000000,0.08287965
104.00000000,2033.00000000,0.08300629
104.00000000,2034.00000000,0.08271361
104.00000000,2035.00000000,0.08236898
104.00000000,2036.00000000,0.08207206
104.00000000,2037.00000000,0.08211116
104.00000000,2038.00000000,0.08223171
104.00000000,2039.00000000,0.08228865
104.00000000,2040.00000000,0.08246314
104.00000000,2041.00000000,0.08257868
104.00000000,2042.00000000,0.08234201
104.00000000,2043.00000000,0.08238597
104.00000000,2044.00000000,0.08256545
104.00000000,2045.00000000,0.08257097
104.00000000,2046.00000000,0.08251075
104.00000000,2047.00000000,0.08254753
104.00000000,2048.00000000,0.08244728
104.00000000,2049.00000000,0.08183428
104.00000000,2050.00000000,0.08193897
104.00000000,2051.00000000,0.08222420
104.00000000,2052.00000000,0.08232617
104.00000000,2053.00000000,0.08212722
104.00000000,2054.00000000,0.08254683
104.00000000,2055.00000000,0.08279340
104.00000000,2056.00000000,0.08278012
104.00000000,2057.00000000,0.08280701
104.00000000,2058.00000000,0.08278471
104.00000000,2059.00000000,0.08312446
104.00000000,2060.00000000,0.08336277
104.00000000,2061.00000000,0.08350001
104.00000000,2062.00000000,0.08356281
104.00000000,2063.00000000,0.08379466
104.00000000,2064.00000000,0.08398792
104.00000000,2065.00000000,0.08395494
104.00000000,2066.00000000,0.08413107
104.00000000,2067.00000000,0.08440656
104.00000000,2068.00000000,0.08471160
104.00000000,2069.00000000,0.08496505
104.00000000,2070.00000000,0.08527320
104.00000000,2071.00000000,0.08545835
104.00000000,2072.00000000,0.08580902
104.00000000,2073.00000000,0.08624228
104.00000000,2074.00000000,0.08682444
104.00000000,2075.00000000,0.08713106
104.00000000,2076.00000000,0.08746989
104.00000000,2077.00000000,0.08796632
104.00000000,2078.00000000,0.08794665
104.00000000,2079.00000000,0.08784347
104.00000000,2080.00000000,0.08841913
104.00000000,2081.00000000,0.08871907
104.00000000,2082.00000000,0.08886221
104.00000000,2083.00000000,0.08947460
104.00000000,2084.00000000,0.08932542
104.00000000,2085.00000000,0.08893283
104.00000000,2086.00000000,0.08882188
104.00000000,2087.00000000,0.08876861
104.00000000,2088.00000000,0.08916271
104.00000000,2089.00000000,0.08950064
104.00000000,2090.00000000,0.08986788
104.00000000,2091.00000000,0.09018558
104.00000000,2092.00000000,0.09065820
104.00000000,2093.00000000,0.09093997
104.00000000,2094.00000000,0.09106712
104.00000000,2095.00000000,0.09127734
104.00000000,2096.00000000,0.09102458
104.00000000,2097.00000000,0.09104982
104.00000000,2098.00000000,0.09132818
104.00000000,2099.00000000,0.09163594
104.00000000,2100.00000000,0.09196406
104.00000000,2101.00000000,0.09223012
104.00000000,2102.00000000,0.09218723
104.00000000,2103.00000000,0.09217478
104.00000000,2104.00000000,0.09257790
104.00000000,2105.00000000,0.09297359
104.00000000,2106.00000000,0.09313391
104.00000000,2107.00000000,0.09392901
104.00000000,2108.00000000,0.09483620
104.00000000,2109.00000000,0.09555400
104.00000000,2110.00000000,0.09603397
104.00000000,2111.00000000,0.09651768
104.00000000,2112.00000000,0.09700507
104.00000000,2113.00000000,0.09749554
104.00000000,2114.00000000,0.09798900
104.00000000,2115.00000000,0.09864073
104.00000000,2116.00000000,0.09929535
104.00000000,2117.00000000,0.09995289
104.00000000,2118.00000000,0.10061317
104.00000000,2119.00000000,0.10127609
104.00000000,2120.00000000,0.10194159
104.00000000,2121.00000000,0.10260956
104.00000000,2122.00000000,0.10327984
104.00000000,2123.00000000,0.10395243
104.00000000,2124.00000000,0.10462719
104.00000000,2125.00000000,0.10523549
104.00000000,2126.00000000,0.10584585
104.00000000,2127.00000000,0.10645817
104.00000000,2128.00000000,0.10707253
104.00000000,2129.00000000,0.10768888
104.00000000,2130.00000000,0.10830718
104.00000000,2131.00000000,0.10892745
104.00000000,2132.00000000,0.10954969
104.00000000,2133.00000000,0.11017385
104.00000000,2134.00000000,0.11080007
104.00000000,2135.00000000,0.11157077
104.00000000,2136.00000000,0.11234345
104.00000000,2137.00000000,0.11311810
104.00000000,2138.00000000,0.11389462
104.00000000,2139.00000000,0.11467289
104.00000000,2140.00000000,0.11545295
104.00000000,2141.00000000,0.11623464
104.00000000,2142.00000000,0.11701799
104.00000000,2143.00000000,0.11780292
104.00000000,2144.00000000,0.11858934
104.00000000,2145.00000000,0.11948104
104.00000000,2146.00000000,0.12037422
104.00000000,2147.00000000,0.12126869
104.00000000,2148.00000000,0.12216445
104.00000000,2149.00000000,0.12306135
104.00000000,2150.00000000,0.12395926
104.00000000,2151.00000000,0.12485883
104.00000000,2152.00000000,0.12576175
104.00000000,2153.00000000,0.12666996
104.00000000,2154.00000000,0.12758425
104.00000000,2155.00000000,0.12849912
104.00000000,2156.00000000,0.12942062
104.00000000,2157.00000000,0.13034865
104.00000000,2158.00000000,0.13128305
104.00000000,2159.00000000,0.13222372
104.00000000,2160.00000000,0.13317043
104.00000000,2161.00000000,0.13412285
104.00000000,2162.00000000,0.13508098
104.00000000,2163.00000000,0.13604445
104.00000000,2164.00000000,0.13701300
104.00000000,2165.00000000,0.13775880
104.00000000,2166.00000000,0.13850890
104.00000000,2167.00000000,0.13926325
104.00000000,2168.00000000,0.14002164
104.00000000,2169.00000000,0.14078389
104.00000000,2170.00000000,0.14154994
104.00000000,2171.00000000,0.14231961
104.00000000,2172.00000000,0.14309266
104.00000000,2173.00000000,0.14386911
104.00000000,2174.00000000,0.14464870
104.00000000,2175.00000000,0.14522476
104.00000000,2176.00000000,0.14580333
104.00000000,2177.00000000,0.14638423
104.00000000,2178.00000000,0.14696749
104.00000000,2179.00000000,0.14755298
104.00000000,2180.00000000,0.14814059
104.00000000,2181.00000000,0.14873030
104.00000000,2182.00000000,0.14932202
104.00000000,2183.00000000,0.14991557
104.00000000,2184.00000000,0.15051109
104.00000000,2185.00000000,0.15099216
104.00000000,2186.00000000,0.15147457
104.00000000,2187.00000000,0.15195843
104.00000000,2188.00000000,0.15244359
104.00000000,2189.00000000,0.15293008
104.00000000,2190.00000000,0.15341784
104.00000000,2191.00000000,0.15390675
104.00000000,2192.00000000,0.15439689
104.00000000,2193.00000000,0.15488813
104.00000000,2194.00000000,0.15538040
104.00000000,2195.00000000,0.15575298
104.00000000,2196.00000000,0.15612624
104.00000000,2197.00000000,0.15650011
104.00000000,2198.00000000,0.15687469
104.00000000,2199.00000000,0.15724990
104.00000000,2200.00000000,0.15762568
104.00000000,2201.00000000,0.15800212
104.00000000,2202.00000000,0.15837908
104.00000000,2203.00000000,0.15875668
104.00000000,2204.00000000,0.15913481
104.00000000,2205.00000000,0.15941992
104.00000000,2206.00000000,0.15970534
104.00000000,2207.00000000,0.15999104
104.00000000,2208.00000000,0.16027692
104.00000000,2209.00000000,0.16056313
104.00000000,2210.00000000,0.16084959
104.00000000,2211.00000000,0.16113625
104.00000000,2212.00000000,0.16142321
104.00000000,2213.00000000,0.16171039
104.00000000,2214.00000000,0.16199786
104.00000000,2215.00000000,0.16228562
104.00000000,2216.00000000,0.16257349
104.00000000,2217.00000000,0.16286169
104.00000000,2218.00000000,0.16315017
104.00000000,2219.00000000,0.16343879
104.00000000,2220.00000000,0.16372770
104.00000000,2221.00000000,0.16401684
104.00000000,2222.00000000,0.16430614
104.00000000,2223.00000000,0.16459573
104.00000000,2224.00000000,0.16488555
104.00000000,2225.00000000,0.16517551
104.00000000,2226.00000000,0.16546575
104.00000000,2227.00000000,0.16575612
104.00000000,2228.00000000,0.16604677
104.00000000,2229.00000000,0.16633765
104.00000000,2230.00000000,0.16662860
104.00000000,2231.00000000,0.16691987
104.00000000,2232.00000000,0.16721128
104.00000000,2233.00000000,0.16750279
104.00000000,2234.00000000,0.16779453
104.00000000,2235.00000000,0.16808641
104.00000000,2236.00000000,0.16837839
104.00000000,2237.00000000,0.16867055
104.00000000,2238.00000000,0.16896279
104.00000000,2239.00000000,0.16925522
104.00000000,2240.00000000,0.16954773
104.00000000,2241.00000000,0.16984028
104.00000000,2242.00000000,0.17013295
104.00000000,2243.00000000,0.17042569
104.00000000,2244.00000000,0.17071842
104.00000000,2245.00000000,0.17101126
104.00000000,2246.00000000,0.17130411
104.00000000,2247.00000000,0.17159690
104.00000000,2248.00000000,0.17188974
104.00000000,2249.00000000,0.17218228
104.00000000,2250.00000000,0.17247348
104.00000000,2251.00000000,0.17276107
104.00000000,2252.00000000,0.17304284
104.00000000,2253.00000000,0.17331770
104.00000000,2254.00000000,0.17358502
104.00000000,2255.00000000,0.17317410
104.00000000,2256.00000000,0.17275376
104.00000000,2257.00000000,0.17232403
104.00000000,2258.00000000,0.17188509
104.00000000,2259.00000000,0.17143724
104.00000000,2260.00000000,0.17098071
104.00000000,2261.00000000,0.17051572
104.00000000,2262.00000000,0.17004276
104.00000000,2263.00000000,0.16956211
104.00000000,2264.00000000,0.16907417
104.00000000,2265.00000000,0.16857910
104.00000000,2266.00000000,0.16807712
104.00000000,2267.00000000,0.16756853
104.00000000,2268.00000000,0.16705351
104.00000000,2269.00000000,0.16653218
104.00000000,2270.00000000,0.16600483
104.00000000,2271.00000000,0.16547163
104.00000000,2272.00000000,0.16493266
104.00000000,2273.00000000,0.16438822
104.00000000,2274.00000000,0.16383837
104.00000000,2275.00000000,0.16328338
104.00000000,2276.00000000,0.16272334
104.00000000,2277.00000000,0.16215839
104.00000000,2278.00000000,0.16158876
104.00000000,2279.00000000,0.16101454
104.00000000,2280.00000000,0.16043584
104.00000000,2281.00000000,0.15985289
104.00000000,2282.00000000,0.15926575
104.00000000,2283.00000000,0.15867452
104.00000000,2284.00000000,0.15807942
104.00000000,2285.00000000,0.15748050
104.00000000,2286.00000000,0.15687786
104.00000000,2287.00000000,0.15627167
104.00000000,2288.00000000,0.15566198
104.00000000,2289.00000000,0.15504897
104.00000000,2290.00000000,0.15443268
104.00000000,2291.00000000,0.15381319
104.00000000,2292.00000000,0.15319069
104.00000000,2293.00000000,0.15256522
104.00000000,2294.00000000,0.15193681
104.00000000,2295.00000000,0.15130565
104.00000000,2296.00000000,0.15067179
104.00000000,2297.00000000,0.15003527
104.00000000,2298.00000000,0.14939625
104.00000000,2299.00000000,0.14875472
104.00000000,2300.00000000,0.14811086
104.00000000,2301.00000000,0.14746466
104.00000000,2302.00000000,0.14681618
104.00000000,2303.00000000,0.14616555
104.00000000,2304.00000000,0.14551280
104.00000000,2305.00000000,0.14485794
104.00000000,2306.00000000,0.14420112
104.00000000,2307.00000000,0.14354238
104.00000000,2308.00000000,0.14288172
104.00000000,2309.00000000,0.14221927
104.00000000,2310.00000000,0.14155510
104.00000000,2311.00000000,0.14088919
104.00000000,2312.00000000,0.14022169
104.00000000,2313.00000000,0.13955256
104.00000000,2314.00000000,0.13888195
104.00000000,2315.00000000,0.13820987
104.00000000,2316.00000000,0.13753633
104.00000000,2317.00000000,0.13686145
104.00000000,2318.00000000,0.13618526
104.00000000,2319.00000000,0.13550774
104.00000000,2320.00000000,0.13482904
104.00000000,2321.00000000,0.13414916
104.00000000,2322.00000000,0.13346809
104.00000000,2323.00000000,0.13278597
104.00000000,2324.00000000,0.13210275
104.00000000,2325.00000000,0.13141856
104.00000000,2326.00000000,0.13073339
104.00000000,2327.00000000,0.13004727
104.00000000,2328.00000000,0.12936027
104.00000000,2329.00000000,0.12867242
104.00000000,2330.00000000,0.12798373
104.00000000,2331.00000000,0.12729427
104.00000000,2332.00000000,0.12660408
104.00000000,2333.00000000,0.12591312
104.00000000,2334.00000000,0.12522153
104.00000000,2335.00000000,0.12452925
104.00000000,2336.00000000,0.12383642
104.00000000,2337.00000000,0.12314299
104.00000000,2338.00000000,0.12244897
104.00000000,2339.00000000,0.12175448
104.00000000,2340.00000000,0.12105949
104.00000000,2341.00000000,0.12036402
104.00000000,2342.00000000,0.11966816
104.00000000,2343.00000000,0.11897189
104.00000000,2344.00000000,0.11827522
104.00000000,2345.00000000,0.11757824
104.00000000,2346.00000000,0.11688097
104.00000000,2347.00000000,0.11618336
104.00000000,2348.00000000,0.11548554
104.00000000,2349.00000000,0.11478747
104.00000000,2350.00000000,0.11408926
104.00000000,2351.00000000,0.11339091
104.00000000,2352.00000000,0.11269249
104.00000000,2353.00000000,0.11214171
104.00000000,2354.00000000,0.11202557
104.00000000,2355.00000000,0.11202838
104.00000000,2356.00000000,0.11203145
104.00000000,2357.00000000,0.11203473
104.00000000,2358.00000000,0.11203819
104.00000000,2359.00000000,0.11204190
104.00000000,2360.00000000,0.11206440
104.00000000,2361.00000000,0.11208714
104.00000000,2362.00000000,0.11211008
104.00000000,2363.00000000,0.11213315
104.00000000,2364.00000000,0.11215646
104.00000000,2365.00000000,0.11214312
104.00000000,2366.00000000,0.11212991
104.00000000,2367.00000000,0.11211689
104.00000000,2368.00000000,0.11210401
104.00000000,2369.00000000,0.11209125
104.00000000,2370.00000000,0.11207866
104.00000000,2371.00000000,0.11206623
104.00000000,2372.00000000,0.11205389
104.00000000,2373.00000000,0.11204171
104.00000000,2374.00000000,0.11202964
104.00000000,2375.00000000,0.11201773
104.00000000,2376.00000000,0.11200593
104.00000000,2377.00000000,0.11199423
104.00000000,2378.00000000,0.11198268
104.00000000,2379.00000000,0.11197125
104.00000000,2380.00000000,0.11195828
104.00000000,2381.00000000,0.11194548
104.00000000,2382.00000000,0.11193278
104.00000000,2383.00000000,0.11192014
104.00000000,2384.00000000,0.11190765
104.00000000,2385.00000000,0.11189521
104.00000000,2386.00000000,0.11188290
104.00000000,2387.00000000,0.11187069
104.00000000,2388.00000000,0.11185852
104.00000000,2389.00000000,0.11184650
104.00000000,2390.00000000,0.11183456
104.00000000,2391.00000000,0.11182265
104.00000000,2392.00000000,0.11181088
104.00000000,2393.00000000,0.11179919
104.00000000,2394.00000000,0.11178753
104.00000000,2395.00000000,0.11177599
104.00000000,2396.00000000,0.11176450
104.00000000,2397.00000000,0.11175311
104.00000000,2398.00000000,0.11174179
104.00000000,2399.00000000,0.11173049
104.00000000,2400.00000000,0.11171931
104.00000000,2401.00000000,0.11170820
104.00000000,2402.00000000,0.11169712
104.00000000,2403.00000000,0.11168614
104.00000000,2404.00000000,0.11167524
104.00000000,2405.00000000,0.11166790
104.00000000,2406.00000000,0.11166068
104.00000000,2407.00000000,0.11165351
104.00000000,2408.00000000,0.11164638
104.00000000,2409.00000000,0.11163934
104.00000000,2410.00000000,0.11163233
104.00000000,2411.00000000,0.11162542
104.00000000,2412.00000000,0.11161858
104.00000000,2413.00000000,0.11161172
104.00000000,2414.00000000,0.11160499
104.00000000,2415.00000000,0.11159832
104.00000000,2416.00000000,0.11159163
104.00000000,2417.00000000,0.11158505
104.00000000,2418.00000000,0.11157853
104.00000000,2419.00000000,0.11157198
104.00000000,2420.00000000,0.11156556
104.00000000,2421.00000000,0.11155912
104.00000000,2422.00000000,0.11155278
104.00000000,2423.00000000,0.11154648
104.00000000,2424.00000000,0.11154017
104.00000000,2425.00000000,0.11153395
104.00000000,2426.00000000,0.11152777
104.00000000,2427.00000000,0.11152159
104.00000000,2428.00000000,0.11151549
104.00000000,2429.00000000,0.11150942
104.00000000,2430.00000000,0.11150334
104.00000000,2431.00000000,0.11149734
104.00000000,2432.00000000,0.11149138
104.00000000,2433.00000000,0.11148540
104.00000000,2434.00000000,0.11147951
104.00000000,2435.00000000,0.11147358
104.00000000,2436.00000000,0.11146776
104.00000000,2437.00000000,0.11146195
104.00000000,2438.00000000,0.11145612
104.00000000,2439.00000000,0.11145036
104.00000000,2440.00000000,0.11144463
104.00000000,2441.00000000,0.11143888
104.00000000,2442.00000000,0.11143321
104.00000000,2443.00000000,0.11142755
104.00000000,2444.00000000,0.11142187
104.00000000,2445.00000000,0.11141627
104.00000000,2446.00000000,0.11141063
104.00000000,2447.00000000,0.11140507
104.00000000,2448.00000000,0.11139953
104.00000000,2449.00000000,0.11139395
104.00000000,2450.00000000,0.11138845
104.00000000,2451.00000000,0.11138297
104.00000000,2452.00000000,0.11137743
104.00000000,2453.00000000,0.11137199
104.00000000,2454.00000000,0.11136655
104.00000000,2455.00000000,0.11136003
104.00000000,2456.00000000,0.11135361
104.00000000,2457.00000000,0.11134719
104.00000000,2458.00000000,0.11134071
104.00000000,2459.00000000,0.11133430
104.00000000,2460.00000000,0.11132784
104.00000000,2461.00000000,0.11132146
104.00000000,2462.00000000,0.11131508
104.00000000,2463.00000000,0.11130864
104.00000000,2464.00000000,0.11130228
104.00000000,2465.00000000,0.11129592
104.00000000,2466.00000000,0.11128949
104.00000000,2467.00000000,0.11128315
104.00000000,2468.00000000,0.11127680
104.00000000,2469.00000000,0.11127040
104.00000000,2470.00000000,0.11126407
104.00000000,2471.00000000,0.11125767
104.00000000,2472.00000000,0.11125136
104.00000000,2473.00000000,0.11124503
104.00000000,2474.00000000,0.11123866
104.00000000,2475.00000000,0.11123234
104.00000000,2476.00000000,0.11122603
104.00000000,2477.00000000,0.11121966
104.00000000,2478.00000000,0.11121335
104.00000000,2479.00000000,0.11120705
104.00000000,2480.00000000,0.11120070
104.00000000,2481.00000000,0.11119440
104.00000000,2482.00000000,0.11118803
104.00000000,2483.00000000,0.11118174
104.00000000,2484.00000000,0.11117545
104.00000000,2485.00000000,0.11116910
104.00000000,2486.00000000,0.11116280
104.00000000,2487.00000000,0.11115652
104.00000000,2488.00000000,0.11115017
104.00000000,2489.00000000,0.11114388
104.00000000,2490.00000000,0.11113760
104.00000000,2491.00000000,0.11113123
104.00000000,2492.00000000,0.11112495
104.00000000,2493.00000000,0.11111866
104.00000000,2494.00000000,0.11111231
104.00000000,2495.00000000,0.11110602
104.00000000,2496.00000000,0.11109965
104.00000000,2497.00000000,0.11109336
104.00000000,2498.00000000,0.11108708
104.00000000,2499.00000000,0.11108071
104.00000000,2500.00000000,0.11107441
105.00000000,1765.00000000,0.08099529
105.00000000,1766.00000000,0.08099543
105.00000000,1767.00000000,0.08099531
105.00000000,1768.00000000,0.08099554
105.00000000,1769.00000000,0.08099581
105.00000000,1770.00000000,0.08099622
105.00000000,1771.00000000,0.08099676
105.00000000,1772.00000000,0.08099750
105.00000000,1773.00000000,0.08099845
105.00000000,1774.00000000,0.08099944
105.00000000,1775.00000000,0.08100062
105.00000000,1776.00000000,0.08100183
105.00000000,1777.00000000,0.08100338
105.00000000,1778.00000000,0.08100495
105.00000000,1779.00000000,0.08100680
105.00000000,1780.00000000,0.08100871
105.00000000,1781.00000000,0.08101083
105.00000000,1782.00000000,0.08101292
105.00000000,1783.00000000,0.08101520
105.00000000,1784.00000000,0.08101770
105.00000000,1785.00000000,0.08102019
105.00000000,1786.00000000,0.08102277
105.00000000,1787.00000000,0.08102547
105.00000000,1788.00000000,0.08102837
105.00000000,1789.00000000,0.08103125
105.00000000,1790.00000000,0.08103425
105.00000000,1791.00000000,0.08103733
105.00000000,1792.00000000,0.08104058
105.00000000,1793.00000000,0.08104383
105.00000000,1794.00000000,0.08104712
105.00000000,1795.00000000,0.08105054
105.00000000,1796.00000000,0.08105400
105.00000000,1797.00000000,0.08105750
105.00000000,1798.00000000,0.08106104
105.00000000,1799.00000000,0.08106468
105.00000000,1800.00000000,0.08106838
105.00000000,1801.00000000,0.08107209
105.00000000,1802.00000000,0.08107584
105.00000000,1803.00000000,0.08107964
105.00000000,1804.00000000,0.08108342
105.00000000,1805.00000000,0.08108725
105.00000000,1806.00000000,0.08109124
105.00000000,1807.00000000,0.08109516
105.00000000,1808.00000000,0.08109906
105.00000000,1809.00000000,0.08110319
105.00000000,1810.00000000,0.08110708
105.00000000,1811.00000000,0.08111116
105.00000000,1812.00000000,0.08111529
105.00000000,1813.00000000,0.08111941
105.00000000,1814.00000000,0.08112336
105.00000000,1815.00000000,0.08112757
105.00000000,1816.00000000,0.08113169
105.00000000,1817.00000000,0.08113584
105.00000000,1818.00000000,0.08114006
105.00000000,1819.00000000,0.08114416
105.00000000,1820.00000000,0.08114831
105.00000000,1821.00000000,0.08115249
105.00000000,1822.00000000,0.08115671
105.00000000,1823.00000000,0.08116084
105.00000000,1824.00000000,0.08116503
105.00000000,1825.00000000,0.08116927
105.00000000,1826.00000000,0.08117347
105.00000000,1827.00000000,0.08117769
105.00000000,1828.00000000,0.08118185
105.00000000,1829.00000000,0.08118604
105.00000000,1830.00000000,0.08119020
105.00000000,1831.00000000,0.08119439
105.00000000,1832.00000000,0.08119853
105.00000000,1833.00000000,0.08120269
105.00000000,1834.00000000,0.08120678
105.00000000,1835.00000000,0.08121092
105.00000000,1836.00000000,0.08121503
105.00000000,1837.00000000,0.08121911
105.00000000,1838.00000000,0.08122321
105.00000000,1839.00000000,0.08122723
105.00000000,1840.00000000,0.08123130
105.00000000,1841.00000000,0.08123539
105.00000000,1842.00000000,0.08123934
105.00000000,1843.00000000,0.08124340
105.00000000,1844.00000000,0.08124743
105.00000000,1845.00000000,0.08125137
105.00000000,1846.00000000,0.08125537
105.00000000,1847.00000000,0.08125928
105.00000000,1848.00000000,0.08126324
105.00000000,1849.00000000,0.08126716
105.00000000,1850.00000000,0.08127104
105.00000000,1851.00000000,0.08127490
105.00000000,1852.00000000,0.08127871
105.00000000,1853.00000000,0.08128293
105.00000000,1854.00000000,0.08128733
105.00000000,1855.00000000,0.08129170
105.00000000,1856.00000000,0.08129596
105.00000000,1857.00000000,0.08130023
105.00000000,1858.00000000,0.08130439
105.00000000,1859.00000000,0.08130853
105.00000000,1860.00000000,0.08131264
105.00000000,1861.00000000,0.08131672
105.00000000,1862.00000000,0.08132067
105.00000000,1863.00000000,0.08132398
105.00000000,1864.00000000,0.08132679
105.00000000,1865.00000000,0.08132924
105.00000000,1866.00000000,0.08133138
105.00000000,1867.00000000,0.08133328
105.00000000,1868.00000000,0.08133499
105.00000000,1869.00000000,0.08133651
105.00000000,1870.00000000,0.08133785
105.00000000,1871.00000000,0.08134659
105.00000000,1872.00000000,0.08134814
105.00000000,1873.00000000,0.08135053
105.00000000,1874.00000000,0.08135362
105.00000000,1875.00000000,0.08135715
105.00000000,1876.00000000,0.08136358
105.00000000,1877.00000000,0.08136774
105.00000000,1878.00000000,0.08137227
105.00000000,1879.00000000,0.08137696
105.00000000,1880.00000000,0.08138188
105.00000000,1881.00000000,0.08138687
105.00000000,1882.00000000,0.08139199
105.00000000,1883.00000000,0.08139664
105.00000000,1884.00000000,0.08140097
105.00000000,1885.00000000,0.08140513
105.00000000,1886.00000000,0.08141164
105.00000000,1887.00000000,0.08141562
105.00000000,1888.00000000,0.08141945
105.00000000,1889.00000000,0.08142309
105.00000000,1890.00000000,0.08142642
105.00000000,1891.00000000,0.08142949
105.00000000,1892.00000000,0.08143230
105.00000000,1893.00000000,0.08143498
105.00000000,1894.00000000,0.08143777
105.00000000,1895.00000000,0.08144069
105.00000000,1896.00000000,0.08144625
105.00000000,1897.00000000,0.08144929
105.00000000,1898.00000000,0.08145221
105.00000000,1899.00000000,0.08145502
105.00000000,1900.00000000,0.08145753
105.00000000,1901.00000000,0.08145978
105.00000000,1902.00000000,0.08146478
105.00000000,1903.00000000,0.08146739
105.00000000,1904.00000000,0.08147017
105.00000000,1905.00000000,0.08147569
105.00000000,1906.00000000,0.08147904
105.00000000,1907.00000000,0.08148751
105.00000000,1908.00000000,0.08148846
105.00000000,1909.00000000,0.08149184
105.00000000,1910.00000000,0.08149530
105.00000000,1911.00000000,0.08150116
105.00000000,1912.00000000,0.08150379
105.00000000,1913.00000000,0.08150557
105.00000000,1914.00000000,0.08150638
105.00000000,1915.00000000,0.08150674
105.00000000,1916.00000000,0.08150962
105.00000000,1917.00000000,0.08150998
105.00000000,1918.00000000,0.08151017
105.00000000,1919.00000000,0.08151045
105.00000000,1920.00000000,0.08151385
105.00000000,1921.00000000,0.08151797
105.00000000,1922.00000000,0.08152317
105.00000000,1923.00000000,0.08152656
105.00000000,1924.00000000,0.08153014
105.00000000,1925.00000000,0.08153361
105.00000000,1926.00000000,0.08153697
105.00000000,1927.00000000,0.08154289
105.00000000,1928.00000000,0.08154897
105.00000000,1929.00000000,0.08155246
105.00000000,1930.00000000,0.08155875
105.00000000,1931.00000000,0.08156360
105.00000000,1932.00000000,0.08157236
105.00000000,1933.00000000,0.08157943
105.00000000,1934.00000000,0.08158717
105.00000000,1935.00000000,0.08160994
105.00000000,1936.00000000,0.08161462
105.00000000,1937.00000000,0.08162088
105.00000000,1938.00000000,0.08162827
105.00000000,1939.00000000,0.08163229
105.00000000,1940.00000000,0.08163811
105.00000000,1941.00000000,0.08165046
105.00000000,1942.00000000,0.08165168
105.00000000,1943.00000000,0.08165472
105.00000000,1944.00000000,0.08165728
105.00000000,1945.00000000,0.08166229
105.00000000,1946.00000000,0.08166589
105.00000000,1947.00000000,0.08167386
105.00000000,1948.00000000,0.08168017
105.00000000,1949.00000000,0.08168914
105.00000000,1950.00000000,0.08170308
105.00000000,1951.00000000,0.08170681
105.00000000,1952.00000000,0.08171891
105.00000000,1953.00000000,0.08172626
105.00000000,1954.00000000,0.08173862
105.00000000,1955.00000000,0.08175385
105.00000000,1956.00000000,0.08175910
105.00000000,1957.00000000,0.08177170
105.00000000,1958.00000000,0.08178138
105.00000000,1959.00000000,0.08181041
105.00000000,1960.00000000,0.08181741
105.00000000,1961.00000000,0.08183008
105.00000000,1962.00000000,0.08183179
105.00000000,1963.00000000,0.08183257
105.00000000,1964.00000000,0.08184222
105.00000000,1965.00000000,0.08185792
105.00000000,1966.00000000,0.08186206
105.00000000,1967.00000000,0.08185977
105.00000000,1968.00000000,0.08186833
105.00000000,1969.00000000,0.08187725
105.00000000,1970.00000000,0.08188120
105.00000000,1971.00000000,0.08187175
105.00000000,1972.00000000,0.08187112
105.00000000,1973.00000000,0.08185890
105.00000000,1974.00000000,0.08184881
105.00000000,1975.00000000,0.08183216
105.00000000,1976.00000000,0.08182531
105.00000000,1977.00000000,0.08183893
105.00000000,1978.00000000,0.08183760
105.00000000,1979.00000000,0.08178358
105.00000000,1980.00000000,0.08178875
105.00000000,1981.00000000,0.08176636
105.00000000,1982.00000000,0.08174622
105.00000000,1983.00000000,0.08172678
105.00000000,1984.00000000,0.08174298
105.00000000,1985.00000000,0.08179247
105.00000000,1986.00000000,0.08179677
105.00000000,1987.00000000,0.08181689
105.00000000,1988.00000000,0.08184469
105.00000000,1989.00000000,0.08184003
105.00000000,1990.00000000,0.08183239
105.00000000,1991.00000000,0.08182960
105.00000000,1992.00000000,0.08185236
105.00000000,1993.00000000,0.08192053
105.00000000,1994.00000000,0.08191080
105.00000000,1995.00000000,0.08197412
105.00000000,1996.00000000,0.08200561
105.00000000,1997.00000000,0.08200218
105.00000000,1998.00000000,0.08198334
105.00000000,1999.00000000,0.08200683
105.00000000,2000.00000000,0.08205565
105.00000000,2001.00000000,0.08207979
105.00000000,2002.00000000,0.08212361
105.00000000,2003.00000000,0.08217782
105.00000000,2004.00000000,0.08227326
105.00000000,2005.00000000,0.08232915
105.00000000,2006.00000000,0.08235896
105.00000000,2007.00000000,0.08237509
105.00000000,2008.00000000,0.08247917
105.00000000,2009.00000000,0.08247141
105.00000000,2010.00000000,0.08253984
105.00000000,2011.00000000,0.08261790
105.00000000,2012.00000000,0.08277448
105.00000000,2013.00000000,0.08265458
105.00000000,2014.00000000,0.08270159
105.00000000,2015.00000000,0.08274300
105.00000000,2016.00000000,0.08273956
105.00000000,2017.00000000,0.08279705
105.00000000,2018.00000000,0.08290311
105.00000000,2019.00000000,0.08262164
105.00000000,2020.00000000,0.08253652
105.00000000,2021.00000000,0.08263300
105.00000000,2022.00000000,0.08270542
105.00000000,2023.00000000,0.08259781
105.00000000,2024.00000000,0.08221830
105.00000000,2025.00000000,0.08246211
105.00000000,2026.00000000,0.08208397
105.00000000,2027.00000000,0.08212171
105.00000000,2028.00000000,0.08236048
105.00000000,2029.00000000,0.08227805
105.00000000,2030.00000000,0.08224136
105.00000000,2031.00000000,0.08219453
105.00000000,2032.00000000,0.08231896
105.00000000,2033.00000000,0.08225856
105.00000000,2034.00000000,0.08238271
105.00000000,2035.00000000,0.08209055
105.00000000,2036.00000000,0.08174677
105.00000000,2037.00000000,0.08145037
105.00000000,2038.00000000,0.08148754
105.00000000,2039.00000000,0.08160562
105.00000000,2040.00000000,0.08166061
105.00000000,2041.00000000,0.08183223
105.00000000,2042.00000000,0.08194523
105.00000000,2043.00000000,0.08170841
105.00000000,2044.00000000,0.08174997
105.00000000,2045.00000000,0.08192604
105.00000000,2046.00000000,0.08192944
105.00000000,2047.00000000,0.08186760
105.00000000,2048.00000000,0.08190212
105.00000000,2049.00000000,0.08180070
105.00000000,2050.00000000,0.08119053
105.00000000,2051.00000000,0.08129265
105.00000000,2052.00000000,0.08157402
105.00000000,2053.00000000,0.08167361
105.00000000,2054.00000000,0.08147465
105.00000000,2055.00000000,0.08188961
105.00000000,2056.00000000,0.08213288
105.00000000,2057.00000000,0.08211836
105.00000000,2058.00000000,0.08214381
105.00000000,2059.00000000,0.08212047
105.00000000,2060.00000000,0.08245642
105.00000000,2061.00000000,0.08269186
105.00000000,2062.00000000,0.08282761
105.00000000,2063.00000000,0.08289009
105.00000000,2064.00000000,0.08312070
105.00000000,2065.00000000,0.08331326
105.00000000,2066.00000000,0.08328147
105.00000000,2067.00000000,0.08345720
105.00000000,2068.00000000,0.08373154
105.00000000,2069.00000000,0.08403517
105.00000000,2070.00000000,0.08428755
105.00000000,2071.00000000,0.08459430
105.00000000,2072.00000000,0.08477941
105.00000000,2073.00000000,0.08512919
105.00000000,2074.00000000,0.08556120
105.00000000,2075.00000000,0.08614109
105.00000000,2076.00000000,0.08644760
105.00000000,2077.00000000,0.08678602
105.00000000,2078.00000000,0.08728077
105.00000000,2079.00000000,0.08726324
105.00000000,2080.00000000,0.08716272
105.00000000,2081.00000000,0.08773587
105.00000000,2082.00000000,0.08803554
105.00000000,2083.00000000,0.08817973
105.00000000,2084.00000000,0.08878978
105.00000000,2085.00000000,0.08864392
105.00000000,2086.00000000,0.08825637
105.00000000,2087.00000000,0.08814827
105.00000000,2088.00000000,0.08809730
105.00000000,2089.00000000,0.08849031
105.00000000,2090.00000000,0.08882746
105.00000000,2091.00000000,0.08919370
105.00000000,2092.00000000,0.08951093
105.00000000,2093.00000000,0.08998217
105.00000000,2094.00000000,0.09026403
105.00000000,2095.00000000,0.09039240
105.00000000,2096.00000000,0.09060319
105.00000000,2097.00000000,0.09035423
105.00000000,2098.00000000,0.09038120
105.00000000,2099.00000000,0.09065938
105.00000000,2100.00000000,0.09096663
105.00000000,2101.00000000,0.09129412
105.00000000,2102.00000000,0.09156017
105.00000000,2103.00000000,0.09151962
105.00000000,2104.00000000,0.09150936
105.00000000,2105.00000000,0.09191174
105.00000000,2106.00000000,0.09230671
105.00000000,2107.00000000,0.09246787
105.00000000,2108.00000000,0.09325934
105.00000000,2109.00000000,0.09416204
105.00000000,2110.00000000,0.09487661
105.00000000,2111.00000000,0.09535490
105.00000000,2112.00000000,0.09583684
105.00000000,2113.00000000,0.09632236
105.00000000,2114.00000000,0.09681084
105.00000000,2115.00000000,0.09730226
105.00000000,2116.00000000,0.09795078
105.00000000,2117.00000000,0.09860215
105.00000000,2118.00000000,0.09925631
105.00000000,2119.00000000,0.09991318
105.00000000,2120.00000000,0.10057261
105.00000000,2121.00000000,0.10123458
105.00000000,2122.00000000,0.10189894
105.00000000,2123.00000000,0.10256555
105.00000000,2124.00000000,0.10323444
105.00000000,2125.00000000,0.10390544
105.00000000,2126.00000000,0.10451040
105.00000000,2127.00000000,0.10511739
105.00000000,2128.00000000,0.10572631
105.00000000,2129.00000000,0.10633724
105.00000000,2130.00000000,0.10695013
105.00000000,2131.00000000,0.10756491
105.00000000,2132.00000000,0.10818165
105.00000000,2133.00000000,0.10880031
105.00000000,2134.00000000,0.10942085
105.00000000,2135.00000000,0.11004342
105.00000000,2136.00000000,0.11080949
105.00000000,2137.00000000,0.11157750
105.00000000,2138.00000000,0.11234746
105.00000000,2139.00000000,0.11311926
105.00000000,2140.00000000,0.11389280
105.00000000,2141.00000000,0.11466807
105.00000000,2142.00000000,0.11544497
105.00000000,2143.00000000,0.11622351
105.00000000,2144.00000000,0.11700359
105.00000000,2145.00000000,0.11778515
105.00000000,2146.00000000,0.11867133
105.00000000,2147.00000000,0.11955892
105.00000000,2148.00000000,0.12044778
105.00000000,2149.00000000,0.12133792
105.00000000,2150.00000000,0.12222921
105.00000000,2151.00000000,0.12312215
105.00000000,2152.00000000,0.12401862
105.00000000,2153.00000000,0.12492029
105.00000000,2154.00000000,0.12582811
105.00000000,2155.00000000,0.12674242
105.00000000,2156.00000000,0.12765744
105.00000000,2157.00000000,0.12857907
105.00000000,2158.00000000,0.12950716
105.00000000,2159.00000000,0.13044145
105.00000000,2160.00000000,0.13138186
105.00000000,2161.00000000,0.13232813
105.00000000,2162.00000000,0.13328001
105.00000000,2163.00000000,0.13423737
105.00000000,2164.00000000,0.13519994
105.00000000,2165.00000000,0.13616739
105.00000000,2166.00000000,0.13691336
105.00000000,2167.00000000,0.13766349
105.00000000,2168.00000000,0.13841773
105.00000000,2169.00000000,0.13917589
105.00000000,2170.00000000,0.13993778
105.00000000,2171.00000000,0.14070336
105.00000000,2172.00000000,0.14147245
105.00000000,2173.00000000,0.14224487
105.00000000,2174.00000000,0.14302054
105.00000000,2175.00000000,0.14379927
105.00000000,2176.00000000,0.14437554
105.00000000,2177.00000000,0.14495426
105.00000000,2178.00000000,0.14553525
105.00000000,2179.00000000,0.14611850
105.00000000,2180.00000000,0.14670392
105.00000000,2181.00000000,0.14729138
105.00000000,2182.00000000,0.14788090
105.00000000,2183.00000000,0.14847235
105.00000000,2184.00000000,0.14906563
105.00000000,2185.00000000,0.14966073
105.00000000,2186.00000000,0.15014203
105.00000000,2187.00000000,0.15062466
105.00000000,2188.00000000,0.15110866
105.00000000,2189.00000000,0.15159391
105.00000000,2190.00000000,0.15208046
105.00000000,2191.00000000,0.15256823
105.00000000,2192.00000000,0.15305714
105.00000000,2193.00000000,0.15354722
105.00000000,2194.00000000,0.15403839
105.00000000,2195.00000000,0.15453049
105.00000000,2196.00000000,0.15490365
105.00000000,2197.00000000,0.15527741
105.00000000,2198.00000000,0.15565171
105.00000000,2199.00000000,0.15602678
105.00000000,2200.00000000,0.15640242
105.00000000,2201.00000000,0.15677862
105.00000000,2202.00000000,0.15715545
105.00000000,2203.00000000,0.15753274
105.00000000,2204.00000000,0.15791076
105.00000000,2205.00000000,0.15828924
105.00000000,2206.00000000,0.15857513
105.00000000,2207.00000000,0.15886143
105.00000000,2208.00000000,0.15914792
105.00000000,2209.00000000,0.15943461
105.00000000,2210.00000000,0.15972159
105.00000000,2211.00000000,0.16000884
105.00000000,2212.00000000,0.16029627
105.00000000,2213.00000000,0.16058401
105.00000000,2214.00000000,0.16087195
105.00000000,2215.00000000,0.16116018
105.00000000,2216.00000000,0.16144866
105.00000000,2217.00000000,0.16173732
105.00000000,2218.00000000,0.16202627
105.00000000,2219.00000000,0.16231547
105.00000000,2220.00000000,0.16260483
105.00000000,2221.00000000,0.16289449
105.00000000,2222.00000000,0.16318442
105.00000000,2223.00000000,0.16347444
105.00000000,2224.00000000,0.16376482
105.00000000,2225.00000000,0.16405539
105.00000000,2226.00000000,0.16434611
105.00000000,2227.00000000,0.16463710
105.00000000,2228.00000000,0.16492825
105.00000000,2229.00000000,0.16521967
105.00000000,2230.00000000,0.16551130
105.00000000,2231.00000000,0.16580305
105.00000000,2232.00000000,0.16609507
105.00000000,2233.00000000,0.16638729
105.00000000,2234.00000000,0.16667956
105.00000000,2235.00000000,0.16697214
105.00000000,2236.00000000,0.16726483
105.00000000,2237.00000000,0.16755762
105.00000000,2238.00000000,0.16785062
105.00000000,2239.00000000,0.16814369
105.00000000,2240.00000000,0.16843694
105.00000000,2241.00000000,0.16873032
105.00000000,2242.00000000,0.16902369
105.00000000,2243.00000000,0.16931726
105.00000000,2244.00000000,0.16961087
105.00000000,2245.00000000,0.16990449
105.00000000,2246.00000000,0.17019821
105.00000000,2247.00000000,0.17049199
105.00000000,2248.00000000,0.17078570
105.00000000,2249.00000000,0.17107927
105.00000000,2250.00000000,0.17137143
105.00000000,2251.00000000,0.17166006
105.00000000,2252.00000000,0.17194308
105.00000000,2253.00000000,0.17221916
105.00000000,2254.00000000,0.17248795
105.00000000,2255.00000000,0.17274906
105.00000000,2256.00000000,0.17233517
105.00000000,2257.00000000,0.17191196
105.00000000,2258.00000000,0.17147952
105.00000000,2259.00000000,0.17103806
105.00000000,2260.00000000,0.17058792
105.00000000,2261.00000000,0.17012937
105.00000000,2262.00000000,0.16966271
105.00000000,2263.00000000,0.16918841
105.00000000,2264.00000000,0.16870669
105.00000000,2265.00000000,0.16821787
105.00000000,2266.00000000,0.16772217
105.00000000,2267.00000000,0.16721972
105.00000000,2268.00000000,0.16671084
105.00000000,2269.00000000,0.16619570
105.00000000,2270.00000000,0.16567440
105.00000000,2271.00000000,0.16514724
105.00000000,2272.00000000,0.16461437
105.00000000,2273.00000000,0.16407588
105.00000000,2274.00000000,0.16353205
105.00000000,2275.00000000,0.16298295
105.00000000,2276.00000000,0.16242884
105.00000000,2277.00000000,0.16186981
105.00000000,2278.00000000,0.16130598
105.00000000,2279.00000000,0.16073760
105.00000000,2280.00000000,0.16016473
105.00000000,2281.00000000,0.15958749
105.00000000,2282.00000000,0.15900610
105.00000000,2283.00000000,0.15842060
105.00000000,2284.00000000,0.15783113
105.00000000,2285.00000000,0.15723787
105.00000000,2286.00000000,0.15664089
105.00000000,2287.00000000,0.15604024
105.00000000,2288.00000000,0.15543614
105.00000000,2289.00000000,0.15482861
105.00000000,2290.00000000,0.15421784
105.00000000,2291.00000000,0.15360387
105.00000000,2292.00000000,0.15298676
105.00000000,2293.00000000,0.15236669
105.00000000,2294.00000000,0.15174372
105.00000000,2295.00000000,0.15111788
105.00000000,2296.00000000,0.15048936
105.00000000,2297.00000000,0.14985816
105.00000000,2298.00000000,0.14922437
105.00000000,2299.00000000,0.14858814
105.00000000,2300.00000000,0.14794945
105.00000000,2301.00000000,0.14730846
105.00000000,2302.00000000,0.14666519
105.00000000,2303.00000000,0.14601966
105.00000000,2304.00000000,0.14537201
105.00000000,2305.00000000,0.14472227
105.00000000,2306.00000000,0.14407046
105.00000000,2307.00000000,0.14341675
105.00000000,2308.00000000,0.14276114
105.00000000,2309.00000000,0.14210365
105.00000000,2310.00000000,0.14144442
105.00000000,2311.00000000,0.14078348
105.00000000,2312.00000000,0.14012083
105.00000000,2313.00000000,0.13945662
105.00000000,2314.00000000,0.13879082
105.00000000,2315.00000000,0.13812356
105.00000000,2316.00000000,0.13745485
105.00000000,2317.00000000,0.13678471
105.00000000,2318.00000000,0.13611325
105.00000000,2319.00000000,0.13544049
105.00000000,2320.00000000,0.13476645
105.00000000,2321.00000000,0.13409123
105.00000000,2322.00000000,0.13341484
105.00000000,2323.00000000,0.13273730
105.00000000,2324.00000000,0.13205872
105.00000000,2325.00000000,0.13137905
105.00000000,2326.00000000,0.13069844
105.00000000,2327.00000000,0.13001686
105.00000000,2328.00000000,0.12933432
105.00000000,2329.00000000,0.12865094
105.00000000,2330.00000000,0.12796672
105.00000000,2331.00000000,0.12728164
105.00000000,2332.00000000,0.12659584
105.00000000,2333.00000000,0.12590930
105.00000000,2334.00000000,0.12522202
105.00000000,2335.00000000,0.12453411
105.00000000,2336.00000000,0.12384551
105.00000000,2337.00000000,0.12315636
105.00000000,2338.00000000,0.12246663
105.00000000,2339.00000000,0.12177633
105.00000000,2340.00000000,0.12108554
105.00000000,2341.00000000,0.12039427
105.00000000,2342.00000000,0.11970251
105.00000000,2343.00000000,0.11901037
105.00000000,2344.00000000,0.11831785
105.00000000,2345.00000000,0.11762491
105.00000000,2346.00000000,0.11693168
105.00000000,2347.00000000,0.11623813
105.00000000,2348.00000000,0.11554428
105.00000000,2349.00000000,0.11485021
105.00000000,2350.00000000,0.11415589
105.00000000,2351.00000000,0.11346142
105.00000000,2352.00000000,0.11276683
105.00000000,2353.00000000,0.11207216
105.00000000,2354.00000000,0.11152433
105.00000000,2355.00000000,0.11140879
105.00000000,2356.00000000,0.11141155
105.00000000,2357.00000000,0.11141456
105.00000000,2358.00000000,0.11141779
105.00000000,2359.00000000,0.11142119
105.00000000,2360.00000000,0.11142484
105.00000000,2361.00000000,0.11144718
105.00000000,2362.00000000,0.11146976
105.00000000,2363.00000000,0.11149253
105.00000000,2364.00000000,0.11151545
105.00000000,2365.00000000,0.11153858
105.00000000,2366.00000000,0.11152528
105.00000000,2367.00000000,0.11151208
105.00000000,2368.00000000,0.11149910
105.00000000,2369.00000000,0.11148625
105.00000000,2370.00000000,0.11147351
105.00000000,2371.00000000,0.11146096
105.00000000,2372.00000000,0.11144854
105.00000000,2373.00000000,0.11143623
105.00000000,2374.00000000,0.11142408
105.00000000,2375.00000000,0.11141202
105.00000000,2376.00000000,0.11140013
105.00000000,2377.00000000,0.11138837
105.00000000,2378.00000000,0.11137668
105.00000000,2379.00000000,0.11136514
105.00000000,2380.00000000,0.11135373
105.00000000,2381.00000000,0.11134080
105.00000000,2382.00000000,0.11132802
105.00000000,2383.00000000,0.11131533
105.00000000,2384.00000000,0.11130271
105.00000000,2385.00000000,0.11129024
105.00000000,2386.00000000,0.11127782
105.00000000,2387.00000000,0.11126554
105.00000000,2388.00000000,0.11125335
105.00000000,2389.00000000,0.11124121
105.00000000,2390.00000000,0.11122920
105.00000000,2391.00000000,0.11121728
105.00000000,2392.00000000,0.11120540
105.00000000,2393.00000000,0.11119364
105.00000000,2394.00000000,0.11118196
105.00000000,2395.00000000,0.11117032
105.00000000,2396.00000000,0.11115880
105.00000000,2397.00000000,0.11114731
105.00000000,2398.00000000,0.11113594
105.00000000,2399.00000000,0.11112463
105.00000000,2400.00000000,0.11111335
105.00000000,2401.00000000,0.11110218
105.00000000,2402.00000000,0.11109108
105.00000000,2403.00000000,0.11108002
105.00000000,2404.00000000,0.11106906
105.00000000,2405.00000000,0.11105817
105.00000000,2406.00000000,0.11105084
105.00000000,2407.00000000,0.11104360
105.00000000,2408.00000000,0.11103644
105.00000000,2409.00000000,0.11102930
105.00000000,2410.00000000,0.11102226
105.00000000,2411.00000000,0.11101524
105.00000000,2412.00000000,0.11100833
105.00000000,2413.00000000,0.11100147
105.00000000,2414.00000000,0.11099463
105.00000000,2415.00000000,0.11098787
105.00000000,2416.00000000,0.11098119
105.00000000,2417.00000000,0.11097450
105.00000000,2418.00000000,0.11096790
105.00000000,2419.00000000,0.11096137
105.00000000,2420.00000000,0.11095483
105.00000000,2421.00000000,0.11094838
105.00000000,2422.00000000,0.11094193
105.00000000,2423.00000000,0.11093557
105.00000000,2424.00000000,0.11092926
105.00000000,2425.00000000,0.11092293
105.00000000,2426.00000000,0.11091671
105.00000000,2427.00000000,0.11091052
105.00000000,2428.00000000,0.11090431
105.00000000,2429.00000000,0.11089819
105.00000000,2430.00000000,0.11089211
105.00000000,2431.00000000,0.11088603
105.00000000,2432.00000000,0.11088001
105.00000000,2433.00000000,0.11087404
105.00000000,2434.00000000,0.11086803
105.00000000,2435.00000000,0.11086213
105.00000000,2436.00000000,0.11085618
105.00000000,2437.00000000,0.11085034
105.00000000,2438.00000000,0.11084451
105.00000000,2439.00000000,0.11083866
105.00000000,2440.00000000,0.11083289
105.00000000,2441.00000000,0.11082715
105.00000000,2442.00000000,0.11082137
105.00000000,2443.00000000,0.11081568
105.00000000,2444.00000000,0.11081001
105.00000000,2445.00000000,0.11080431
105.00000000,2446.00000000,0.11079868
105.00000000,2447.00000000,0.11079303
105.00000000,2448.00000000,0.11078744
105.00000000,2449.00000000,0.11078188
105.00000000,2450.00000000,0.11077628
105.00000000,2451.00000000,0.11077076
105.00000000,2452.00000000,0.11076525
105.00000000,2453.00000000,0.11075969
105.00000000,2454.00000000,0.11075421
105.00000000,2455.00000000,0.11074874
105.00000000,2456.00000000,0.11074222
105.00000000,2457.00000000,0.11073576
105.00000000,2458.00000000,0.11072932
105.00000000,2459.00000000,0.11072283
105.00000000,2460.00000000,0.11071639
105.00000000,2461.00000000,0.11070991
105.00000000,2462.00000000,0.11070351
105.00000000,2463.00000000,0.11069711
105.00000000,2464.00000000,0.11069064
105.00000000,2465.00000000,0.11068426
105.00000000,2466.00000000,0.11067787
105.00000000,2467.00000000,0.11067142
105.00000000,2468.00000000,0.11066505
105.00000000,2469.00000000,0.11065870
105.00000000,2470.00000000,0.11065226
105.00000000,2471.00000000,0.11064592
105.00000000,2472.00000000,0.11063950
105.00000000,2473.00000000,0.11063315
105.00000000,2474.00000000,0.11062681
105.00000000,2475.00000000,0.11062040
105.00000000,2476.00000000,0.11061407
105.00000000,2477.00000000,0.11060775
105.00000000,2478.00000000,0.11060134
105.00000000,2479.00000000,0.11059502
105.00000000,2480.00000000,0.11058869
105.00000000,2481.00000000,0.11058232
105.00000000,2482.00000000,0.11057600
105.00000000,2483.00000000,0.11056960
105.00000000,2484.00000000,0.11056330
105.00000000,2485.00000000,0.11055698
105.00000000,2486.00000000,0.11055060
105.00000000,2487.00000000,0.11054429
105.00000000,2488.00000000,0.11053799
105.00000000,2489.00000000,0.11053160
105.00000000,2490.00000000,0.11052529
105.00000000,2491.00000000,0.11051899
105.00000000,2492.00000000,0.11051260
105.00000000,2493.00000000,0.11050630
105.00000000,2494.00000000,0.11049998
105.00000000,2495.00000000,0.11049361
105.00000000,2496.00000000,0.11048730
105.00000000,2497.00000000,0.11048091
105.00000000,2498.00000000,0.11047460
105.00000000,2499.00000000,0.11046829
105.00000000,2500.00000000,0.11046190
106.00000000,1765.00000000,0.08048500
106.00000000,1766.00000000,0.08048502
106.00000000,1767.00000000,0.08048520
106.00000000,1768.00000000,0.08048518
106.00000000,1769.00000000,0.08048552
106.00000000,1770.00000000,0.08048593
106.00000000,1771.00000000,0.08048649
106.00000000,1772.00000000,0.08048718
106.00000000,1773.00000000,0.08048806
106.00000000,1774.00000000,0.08048916
106.00000000,1775.00000000,0.08049031
106.00000000,1776.00000000,0.08049164
106.00000000,1777.00000000,0.08049299
106.00000000,1778.00000000,0.08049468
106.00000000,1779.00000000,0.08049638
106.00000000,1780.00000000,0.08049837
106.00000000,1781.00000000,0.08050040
106.00000000,1782.00000000,0.08050262
106.00000000,1783.00000000,0.08050483
106.00000000,1784.00000000,0.08050721
106.00000000,1785.00000000,0.08050981
106.00000000,1786.00000000,0.08051239
106.00000000,1787.00000000,0.08051507
106.00000000,1788.00000000,0.08051784
106.00000000,1789.00000000,0.08052083
106.00000000,1790.00000000,0.08052378
106.00000000,1791.00000000,0.08052685
106.00000000,1792.00000000,0.08053000
106.00000000,1793.00000000,0.08053330
106.00000000,1794.00000000,0.08053660
106.00000000,1795.00000000,0.08053995
106.00000000,1796.00000000,0.08054341
106.00000000,1797.00000000,0.08054691
106.00000000,1798.00000000,0.08055045
106.00000000,1799.00000000,0.08055402
106.00000000,1800.00000000,0.08055769
106.00000000,1801.00000000,0.08056142
106.00000000,1802.00000000,0.08056515
106.00000000,1803.00000000,0.08056891
106.00000000,1804.00000000,0.08057272
106.00000000,1805.00000000,0.08057653
106.00000000,1806.00000000,0.08058037
106.00000000,1807.00000000,0.08058437
106.00000000,1808.00000000,0.08058830
106.00000000,1809.00000000,0.08059221
106.00000000,1810.00000000,0.08059634
106.00000000,1811.00000000,0.08060025
106.00000000,1812.00000000,0.08060432
106.00000000,1813.00000000,0.08060844
106.00000000,1814.00000000,0.08061256
106.00000000,1815.00000000,0.08061650
106.00000000,1816.00000000,0.08062071
106.00000000,1817.00000000,0.08062482
106.00000000,1818.00000000,0.08062895
106.00000000,1819.00000000,0.08063315
106.00000000,1820.00000000,0.08063723
106.00000000,1821.00000000,0.08064136
106.00000000,1822.00000000,0.08064553
106.00000000,1823.00000000,0.08064974
106.00000000,1824.00000000,0.08065384
106.00000000,1825.00000000,0.08065801
106.00000000,1826.00000000,0.08066222
106.00000000,1827.00000000,0.08066638
106.00000000,1828.00000000,0.08067058
106.00000000,1829.00000000,0.08067471
106.00000000,1830.00000000,0.08067887
106.00000000,1831.00000000,0.08068299
106.00000000,1832.00000000,0.08068713
106.00000000,1833.00000000,0.08069122
106.00000000,1834.00000000,0.08069534
106.00000000,1835.00000000,0.08069940
106.00000000,1836.00000000,0.08070350
106.00000000,1837.00000000,0.08070756
106.00000000,1838.00000000,0.08071159
106.00000000,1839.00000000,0.08071564
106.00000000,1840.00000000,0.08071963
106.00000000,1841.00000000,0.08072364
106.00000000,1842.00000000,0.08072768
106.00000000,1843.00000000,0.08073160
106.00000000,1844.00000000,0.08073559
106.00000000,1845.00000000,0.08073957
106.00000000,1846.00000000,0.08074347
106.00000000,1847.00000000,0.08074739
106.00000000,1848.00000000,0.08075124
106.00000000,1849.00000000,0.08075516
106.00000000,1850.00000000,0.08075901
106.00000000,1851.00000000,0.08076280
106.00000000,1852.00000000,0.08076658
106.00000000,1853.00000000,0.08077072
106.00000000,1854.00000000,0.08077508
106.00000000,1855.00000000,0.08077940
106.00000000,1856.00000000,0.08078361
106.00000000,1857.00000000,0.08078777
106.00000000,1858.00000000,0.08079190
106.00000000,1859.00000000,0.08079596
106.00000000,1860.00000000,0.08080003
106.00000000,1861.00000000,0.08080402
106.00000000,1862.00000000,0.08080788
106.00000000,1863.00000000,0.08081113
106.00000000,1864.00000000,0.08081384
106.00000000,1865.00000000,0.08081622
106.00000000,1866.00000000,0.08081826
106.00000000,1867.00000000,0.08082006
106.00000000,1868.00000000,0.08082167
106.00000000,1869.00000000,0.08082306
106.00000000,1870.00000000,0.08082430
106.00000000,1871.00000000,0.08082547
106.00000000,1872.00000000,0.08083427
106.00000000,1873.00000000,0.08083655
106.00000000,1874.00000000,0.08083947
106.00000000,1875.00000000,0.08084286
106.00000000,1876.00000000,0.08084668
106.00000000,1877.00000000,0.08085323
106.00000000,1878.00000000,0.08085756
106.00000000,1879.00000000,0.08086217
106.00000000,1880.00000000,0.08086692
106.00000000,1881.00000000,0.08087178
106.00000000,1882.00000000,0.08087678
106.00000000,1883.00000000,0.08088135
106.00000000,1884.00000000,0.08088554
106.00000000,1885.00000000,0.08088958
106.00000000,1886.00000000,0.08089349
106.00000000,1887.00000000,0.08089984
106.00000000,1888.00000000,0.08090356
106.00000000,1889.00000000,0.08090708
106.00000000,1890.00000000,0.08091034
106.00000000,1891.00000000,0.08091329
106.00000000,1892.00000000,0.08091603
106.00000000,1893.00000000,0.08091865
106.00000000,1894.00000000,0.08092130
106.00000000,1895.00000000,0.08092415
106.00000000,1896.00000000,0.08092707
106.00000000,1897.00000000,0.08093251
106.00000000,1898.00000000,0.08093541
106.00000000,1899.00000000,0.08093812
106.00000000,1900.00000000,0.08094054
106.00000000,1901.00000000,0.08094276
106.00000000,1902.00000000,0.08094511
106.00000000,1903.00000000,0.08095016
106.00000000,1904.00000000,0.08095285
106.00000000,1905.00000000,0.08095580
106.00000000,1906.00000000,0.08096154
106.00000000,1907.00000000,0.08096497
106.00000000,1908.00000000,0.08097329
106.00000000,1909.00000000,0.08097413
106.00000000,1910.00000000,0.08097751
106.00000000,1911.00000000,0.08098077
106.00000000,1912.00000000,0.08098590
106.00000000,1913.00000000,0.08098758
106.00000000,1914.00000000,0.08098831
106.00000000,1915.00000000,0.08098865
106.00000000,1916.00000000,0.08098892
106.00000000,1917.00000000,0.08099173
106.00000000,1918.00000000,0.08099190
106.00000000,1919.00000000,0.08099210
106.00000000,1920.00000000,0.08099296
106.00000000,1921.00000000,0.08099697
106.00000000,1922.00000000,0.08100207
106.00000000,1923.00000000,0.08100789
106.00000000,1924.00000000,0.08101138
106.00000000,1925.00000000,0.08101479
106.00000000,1926.00000000,0.08101809
106.00000000,1927.00000000,0.08102142
106.00000000,1928.00000000,0.08102737
106.00000000,1929.00000000,0.08103332
106.00000000,1930.00000000,0.08103697
106.00000000,1931.00000000,0.08104424
106.00000000,1932.00000000,0.08105043
106.00000000,1933.00000000,0.08105985
106.00000000,1934.00000000,0.08106747
106.00000000,1935.00000000,0.08107508
106.00000000,1936.00000000,0.08109710
106.00000000,1937.00000000,0.08110075
106.00000000,1938.00000000,0.08110558
106.00000000,1939.00000000,0.08111198
106.00000000,1940.00000000,0.08111521
106.00000000,1941.00000000,0.08111989
106.00000000,1942.00000000,0.08113100
106.00000000,1943.00000000,0.08113146
106.00000000,1944.00000000,0.08113391
106.00000000,1945.00000000,0.08113636
106.00000000,1946.00000000,0.08114229
106.00000000,1947.00000000,0.08114762
106.00000000,1948.00000000,0.08115633
106.00000000,1949.00000000,0.08116263
106.00000000,1950.00000000,0.08117140
106.00000000,1951.00000000,0.08118501
106.00000000,1952.00000000,0.08118942
106.00000000,1953.00000000,0.08120160
106.00000000,1954.00000000,0.08120884
106.00000000,1955.00000000,0.08122137
106.00000000,1956.00000000,0.08123646
106.00000000,1957.00000000,0.08124133
106.00000000,1958.00000000,0.08125329
106.00000000,1959.00000000,0.08126223
106.00000000,1960.00000000,0.08128908
106.00000000,1961.00000000,0.08129416
106.00000000,1962.00000000,0.08130579
106.00000000,1963.00000000,0.08130650
106.00000000,1964.00000000,0.08130605
106.00000000,1965.00000000,0.08131419
106.00000000,1966.00000000,0.08132822
106.00000000,1967.00000000,0.08133090
106.00000000,1968.00000000,0.08132696
106.00000000,1969.00000000,0.08133310
106.00000000,1970.00000000,0.08133935
106.00000000,1971.00000000,0.08133967
106.00000000,1972.00000000,0.08132581
106.00000000,1973.00000000,0.08132135
106.00000000,1974.00000000,0.08130602
106.00000000,1975.00000000,0.08129408
106.00000000,1976.00000000,0.08127695
106.00000000,1977.00000000,0.08127019
106.00000000,1978.00000000,0.08128347
106.00000000,1979.00000000,0.08128169
106.00000000,1980.00000000,0.08122720
106.00000000,1981.00000000,0.08123208
106.00000000,1982.00000000,0.08121184
106.00000000,1983.00000000,0.08119616
106.00000000,1984.00000000,0.08118115
106.00000000,1985.00000000,0.08120045
106.00000000,1986.00000000,0.08125152
106.00000000,1987.00000000,0.08125662
106.00000000,1988.00000000,0.08127667
106.00000000,1989.00000000,0.08130394
106.00000000,1990.00000000,0.08129861
106.00000000,1991.00000000,0.08129066
106.00000000,1992.00000000,0.08128834
106.00000000,1993.00000000,0.08131144
106.00000000,1994.00000000,0.08138034
106.00000000,1995.00000000,0.08137150
106.00000000,1996.00000000,0.08143448
106.00000000,1997.00000000,0.08146519
106.00000000,1998.00000000,0.08146093
106.00000000,1999.00000000,0.08144196
106.00000000,2000.00000000,0.08146540
106.00000000,2001.00000000,0.08151356
106.00000000,2002.00000000,0.08153692
106.00000000,2003.00000000,0.08158043
106.00000000,2004.00000000,0.08163297
106.00000000,2005.00000000,0.08172480
106.00000000,2006.00000000,0.08177605
106.00000000,2007.00000000,0.08180134
106.00000000,2008.00000000,0.08181345
106.00000000,2009.00000000,0.08191333
106.00000000,2010.00000000,0.08190242
106.00000000,2011.00000000,0.08196744
106.00000000,2012.00000000,0.08204210
106.00000000,2013.00000000,0.08219461
106.00000000,2014.00000000,0.08207249
106.00000000,2015.00000000,0.08211618
106.00000000,2016.00000000,0.08215436
106.00000000,2017.00000000,0.08214811
106.00000000,2018.00000000,0.08220248
106.00000000,2019.00000000,0.08230521
106.00000000,2020.00000000,0.08202326
106.00000000,2021.00000000,0.08193647
106.00000000,2022.00000000,0.08203018
106.00000000,2023.00000000,0.08210032
106.00000000,2024.00000000,0.08199190
106.00000000,2025.00000000,0.08161369
106.00000000,2026.00000000,0.08185452
106.00000000,2027.00000000,0.08147794
106.00000000,2028.00000000,0.08151434
106.00000000,2029.00000000,0.08175043
106.00000000,2030.00000000,0.08166767
106.00000000,2031.00000000,0.08163031
106.00000000,2032.00000000,0.08158274
106.00000000,2033.00000000,0.08170492
106.00000000,2034.00000000,0.08164344
106.00000000,2035.00000000,0.08176507
106.00000000,2036.00000000,0.08147337
106.00000000,2037.00000000,0.08113045
106.00000000,2038.00000000,0.08083457
106.00000000,2039.00000000,0.08086992
106.00000000,2040.00000000,0.08098560
106.00000000,2041.00000000,0.08103863
106.00000000,2042.00000000,0.08120731
106.00000000,2043.00000000,0.08131757
106.00000000,2044.00000000,0.08108046
106.00000000,2045.00000000,0.08111967
106.00000000,2046.00000000,0.08129235
106.00000000,2047.00000000,0.08129368
106.00000000,2048.00000000,0.08123031
106.00000000,2049.00000000,0.08126267
106.00000000,2050.00000000,0.08116018
106.00000000,2051.00000000,0.08055288
106.00000000,2052.00000000,0.08065258
106.00000000,2053.00000000,0.08093022
106.00000000,2054.00000000,0.08102754
106.00000000,2055.00000000,0.08082867
106.00000000,2056.00000000,0.08123907
106.00000000,2057.00000000,0.08147916
106.00000000,2058.00000000,0.08146349
106.00000000,2059.00000000,0.08148754
106.00000000,2060.00000000,0.08146324
106.00000000,2061.00000000,0.08179558
106.00000000,2062.00000000,0.08202877
106.00000000,2063.00000000,0.08216363
106.00000000,2064.00000000,0.08222619
106.00000000,2065.00000000,0.08245577
106.00000000,2066.00000000,0.08264779
106.00000000,2067.00000000,0.08261722
106.00000000,2068.00000000,0.08279253
106.00000000,2069.00000000,0.08306572
106.00000000,2070.00000000,0.08336790
106.00000000,2071.00000000,0.08361931
106.00000000,2072.00000000,0.08392503
106.00000000,2073.00000000,0.08411054
106.00000000,2074.00000000,0.08445970
106.00000000,2075.00000000,0.08489058
106.00000000,2076.00000000,0.08546822
106.00000000,2077.00000000,0.08577458
106.00000000,2078.00000000,0.08611251
106.00000000,2079.00000000,0.08660551
106.00000000,2080.00000000,0.08658998
106.00000000,2081.00000000,0.08649202
106.00000000,2082.00000000,0.08706284
106.00000000,2083.00000000,0.08736240
106.00000000,2084.00000000,0.08750772
106.00000000,2085.00000000,0.08811543
106.00000000,2086.00000000,0.08797277
106.00000000,2087.00000000,0.08759009
106.00000000,2088.00000000,0.08748469
106.00000000,2089.00000000,0.08743589
106.00000000,2090.00000000,0.08782772
106.00000000,2091.00000000,0.08816408
106.00000000,2092.00000000,0.08852950
106.00000000,2093.00000000,0.08884647
106.00000000,2094.00000000,0.08931643
106.00000000,2095.00000000,0.08959839
106.00000000,2096.00000000,0.08972792
106.00000000,2097.00000000,0.08993919
106.00000000,2098.00000000,0.08969391
106.00000000,2099.00000000,0.08972247
106.00000000,2100.00000000,0.09000035
106.00000000,2101.00000000,0.09030713
106.00000000,2102.00000000,0.09063418
106.00000000,2103.00000000,0.09090039
106.00000000,2104.00000000,0.09086223
106.00000000,2105.00000000,0.09085412
106.00000000,2106.00000000,0.09125573
106.00000000,2107.00000000,0.09164992
106.00000000,2108.00000000,0.09181184
106.00000000,2109.00000000,0.09259964
106.00000000,2110.00000000,0.09349784
106.00000000,2111.00000000,0.09420914
106.00000000,2112.00000000,0.09468570
106.00000000,2113.00000000,0.09516581
106.00000000,2114.00000000,0.09564941
106.00000000,2115.00000000,0.09613588
106.00000000,2116.00000000,0.09662520
106.00000000,2117.00000000,0.09727051
106.00000000,2118.00000000,0.09791860
106.00000000,2119.00000000,0.09856940
106.00000000,2120.00000000,0.09922285
106.00000000,2121.00000000,0.09987881
106.00000000,2122.00000000,0.10053723
106.00000000,2123.00000000,0.10119800
106.00000000,2124.00000000,0.10186098
106.00000000,2125.00000000,0.10252616
106.00000000,2126.00000000,0.10319343
106.00000000,2127.00000000,0.10379509
106.00000000,2128.00000000,0.10439875
106.00000000,2129.00000000,0.10500433
106.00000000,2130.00000000,0.10561184
106.00000000,2131.00000000,0.10622128
106.00000000,2132.00000000,0.10683259
106.00000000,2133.00000000,0.10744581
106.00000000,2134.00000000,0.10806093
106.00000000,2135.00000000,0.10867792
106.00000000,2136.00000000,0.10929685
106.00000000,2137.00000000,0.11005834
106.00000000,2138.00000000,0.11082175
106.00000000,2139.00000000,0.11158707
106.00000000,2140.00000000,0.11235420
106.00000000,2141.00000000,0.11312306
106.00000000,2142.00000000,0.11389364
106.00000000,2143.00000000,0.11466579
106.00000000,2144.00000000,0.11543957
106.00000000,2145.00000000,0.11621489
106.00000000,2146.00000000,0.11699166
106.00000000,2147.00000000,0.11787235
106.00000000,2148.00000000,0.11875444
106.00000000,2149.00000000,0.11963777
106.00000000,2150.00000000,0.12052240
106.00000000,2151.00000000,0.12140881
106.00000000,2152.00000000,0.12229870
106.00000000,2153.00000000,0.12319391
106.00000000,2154.00000000,0.12409519
106.00000000,2155.00000000,0.12500304
106.00000000,2156.00000000,0.12591750
106.00000000,2157.00000000,0.12683267
106.00000000,2158.00000000,0.12775438
106.00000000,2159.00000000,0.12868237
106.00000000,2160.00000000,0.12961642
106.00000000,2161.00000000,0.13055641
106.00000000,2162.00000000,0.13150211
106.00000000,2163.00000000,0.13245324
106.00000000,2164.00000000,0.13340971
106.00000000,2165.00000000,0.13437124
106.00000000,2166.00000000,0.13533755
106.00000000,2167.00000000,0.13608357
106.00000000,2168.00000000,0.13683358
106.00000000,2169.00000000,0.13758760
106.00000000,2170.00000000,0.13834542
106.00000000,2171.00000000,0.13910687
106.00000000,2172.00000000,0.13987189
106.00000000,2173.00000000,0.14064032
106.00000000,2174.00000000,0.14141199
106.00000000,2175.00000000,0.14218681
106.00000000,2176.00000000,0.14296462
106.00000000,2177.00000000,0.14354110
106.00000000,2178.00000000,0.14411991
106.00000000,2179.00000000,0.14470090
106.00000000,2180.00000000,0.14528410
106.00000000,2181.00000000,0.14586939
106.00000000,2182.00000000,0.14645664
106.00000000,2183.00000000,0.14704590
106.00000000,2184.00000000,0.14763705
106.00000000,2185.00000000,0.14822998
106.00000000,2186.00000000,0.14882468
106.00000000,2187.00000000,0.14930617
106.00000000,2188.00000000,0.14978893
106.00000000,2189.00000000,0.15027303
106.00000000,2190.00000000,0.15075835
106.00000000,2191.00000000,0.15124493
106.00000000,2192.00000000,0.15173269
106.00000000,2193.00000000,0.15222155
106.00000000,2194.00000000,0.15271156
106.00000000,2195.00000000,0.15320264
106.00000000,2196.00000000,0.15369467
106.00000000,2197.00000000,0.15406827
106.00000000,2198.00000000,0.15444250
106.00000000,2199.00000000,0.15481730
106.00000000,2200.00000000,0.15519276
106.00000000,2201.00000000,0.15556881
106.00000000,2202.00000000,0.15594539
106.00000000,2203.00000000,0.15632260
106.00000000,2204.00000000,0.15670031
106.00000000,2205.00000000,0.15707863
106.00000000,2206.00000000,0.15745747
106.00000000,2207.00000000,0.15774422
106.00000000,2208.00000000,0.15803126
106.00000000,2209.00000000,0.15831855
106.00000000,2210.00000000,0.15860601
106.00000000,2211.00000000,0.15889378
106.00000000,2212.00000000,0.15918180
106.00000000,2213.00000000,0.15946999
106.00000000,2214.00000000,0.15975850
106.00000000,2215.00000000,0.16004718
106.00000000,2216.00000000,0.16033617
106.00000000,2217.00000000,0.16062543
106.00000000,2218.00000000,0.16091479
106.00000000,2219.00000000,0.16120454
106.00000000,2220.00000000,0.16149446
106.00000000,2221.00000000,0.16178457
106.00000000,2222.00000000,0.16207498
106.00000000,2223.00000000,0.16236562
106.00000000,2224.00000000,0.16265641
106.00000000,2225.00000000,0.16294751
106.00000000,2226.00000000,0.16323881
106.00000000,2227.00000000,0.16353029
106.00000000,2228.00000000,0.16382208
106.00000000,2229.00000000,0.16411395
106.00000000,2230.00000000,0.16440617
106.00000000,2231.00000000,0.16469856
106.00000000,2232.00000000,0.16499110
106.00000000,2233.00000000,0.16528388
106.00000000,2234.00000000,0.16557686
106.00000000,2235.00000000,0.16586996
106.00000000,2236.00000000,0.16616329
106.00000000,2237.00000000,0.16645683
106.00000000,2238.00000000,0.16675043
106.00000000,2239.00000000,0.16704425
106.00000000,2240.00000000,0.16733815
106.00000000,2241.00000000,0.16763223
106.00000000,2242.00000000,0.16792643
106.00000000,2243.00000000,0.16822069
106.00000000,2244.00000000,0.16851511
106.00000000,2245.00000000,0.16880960
106.00000000,2246.00000000,0.16910410
106.00000000,2247.00000000,0.16939872
106.00000000,2248.00000000,0.16969337
106.00000000,2249.00000000,0.16998781
106.00000000,2250.00000000,0.17028101
106.00000000,2251.00000000,0.17057061
106.00000000,2252.00000000,0.17085469
106.00000000,2253.00000000,0.17113204
106.00000000,2254.00000000,0.17140207
106.00000000,2255.00000000,0.17166468
106.00000000,2256.00000000,0.17191962
106.00000000,2257.00000000,0.17150282
106.00000000,2258.00000000,0.17107684
106.00000000,2259.00000000,0.17064186
106.00000000,2260.00000000,0.17019805
106.00000000,2261.00000000,0.16974584
106.00000000,2262.00000000,0.16928557
106.00000000,2263.00000000,0.16881751
106.00000000,2264.00000000,0.16834209
106.00000000,2265.00000000,0.16785946
106.00000000,2266.00000000,0.16736994
106.00000000,2267.00000000,0.16687372
106.00000000,2268.00000000,0.16637093
106.00000000,2269.00000000,0.16586187
106.00000000,2270.00000000,0.16534670
106.00000000,2271.00000000,0.16482554
106.00000000,2272.00000000,0.16429866
106.00000000,2273.00000000,0.16376621
106.00000000,2274.00000000,0.16322829
106.00000000,2275.00000000,0.16268515
106.00000000,2276.00000000,0.16213686
106.00000000,2277.00000000,0.16158370
106.00000000,2278.00000000,0.16102573
106.00000000,2279.00000000,0.16046309
106.00000000,2280.00000000,0.15989600
106.00000000,2281.00000000,0.15932453
106.00000000,2282.00000000,0.15874879
106.00000000,2283.00000000,0.15816900
106.00000000,2284.00000000,0.15758521
106.00000000,2285.00000000,0.15699752
106.00000000,2286.00000000,0.15640610
106.00000000,2287.00000000,0.15581107
106.00000000,2288.00000000,0.15521246
106.00000000,2289.00000000,0.15461046
106.00000000,2290.00000000,0.15400510
106.00000000,2291.00000000,0.15339658
106.00000000,2292.00000000,0.15278494
106.00000000,2293.00000000,0.15217021
106.00000000,2294.00000000,0.15155258
106.00000000,2295.00000000,0.15093212
106.00000000,2296.00000000,0.15030885
106.00000000,2297.00000000,0.14968295
106.00000000,2298.00000000,0.14905445
106.00000000,2299.00000000,0.14842338
106.00000000,2300.00000000,0.14778991
106.00000000,2301.00000000,0.14715405
106.00000000,2302.00000000,0.14651590
106.00000000,2303.00000000,0.14587552
106.00000000,2304.00000000,0.14523291
106.00000000,2305.00000000,0.14458823
106.00000000,2306.00000000,0.14394151
106.00000000,2307.00000000,0.14329274
106.00000000,2308.00000000,0.14264210
106.00000000,2309.00000000,0.14198959
106.00000000,2310.00000000,0.14133524
106.00000000,2311.00000000,0.14067919
106.00000000,2312.00000000,0.14002146
106.00000000,2313.00000000,0.13936205
106.00000000,2314.00000000,0.13870110
106.00000000,2315.00000000,0.13803859
106.00000000,2316.00000000,0.13737465
106.00000000,2317.00000000,0.13670929
106.00000000,2318.00000000,0.13604250
106.00000000,2319.00000000,0.13537444
106.00000000,2320.00000000,0.13470510
106.00000000,2321.00000000,0.13403447
106.00000000,2322.00000000,0.13336271
106.00000000,2323.00000000,0.13268979
106.00000000,2324.00000000,0.13201573
106.00000000,2325.00000000,0.13134064
106.00000000,2326.00000000,0.13066451
106.00000000,2327.00000000,0.12998741
106.00000000,2328.00000000,0.12930937
106.00000000,2329.00000000,0.12863041
106.00000000,2330.00000000,0.12795060
106.00000000,2331.00000000,0.12726996
106.00000000,2332.00000000,0.12658848
106.00000000,2333.00000000,0.12590628
106.00000000,2334.00000000,0.12522335
106.00000000,2335.00000000,0.12453969
106.00000000,2336.00000000,0.12385542
106.00000000,2337.00000000,0.12317046
106.00000000,2338.00000000,0.12248496
106.00000000,2339.00000000,0.12179888
106.00000000,2340.00000000,0.12111223
106.00000000,2341.00000000,0.12042512
106.00000000,2342.00000000,0.11973753
106.00000000,2343.00000000,0.11904945
106.00000000,2344.00000000,0.11836099
106.00000000,2345.00000000,0.11767214
106.00000000,2346.00000000,0.11698290
106.00000000,2347.00000000,0.11629336
106.00000000,2348.00000000,0.11560351
106.00000000,2349.00000000,0.11491336
106.00000000,2350.00000000,0.11422299
106.00000000,2351.00000000,0.11353237
106.00000000,2352.00000000,0.11284161
106.00000000,2353.00000000,0.11215073
106.00000000,2354.00000000,0.11145977
106.00000000,2355.00000000,0.11091486
106.00000000,2356.00000000,0.11079991
106.00000000,2357.00000000,0.11080261
106.00000000,2358.00000000,0.11080557
106.00000000,2359.00000000,0.11080875
106.00000000,2360.00000000,0.11081209
106.00000000,2361.00000000,0.11081570
106.00000000,2362.00000000,0.11083786
106.00000000,2363.00000000,0.11086029
106.00000000,2364.00000000,0.11088289
106.00000000,2365.00000000,0.11090565
106.00000000,2366.00000000,0.11092861
106.00000000,2367.00000000,0.11091534
106.00000000,2368.00000000,0.11090218
106.00000000,2369.00000000,0.11088922
106.00000000,2370.00000000,0.11087641
106.00000000,2371.00000000,0.11086369
106.00000000,2372.00000000,0.11085117
106.00000000,2373.00000000,0.11083877
106.00000000,2374.00000000,0.11082648
106.00000000,2375.00000000,0.11081436
106.00000000,2376.00000000,0.11080233
106.00000000,2377.00000000,0.11079045
106.00000000,2378.00000000,0.11077871
106.00000000,2379.00000000,0.11076704
106.00000000,2380.00000000,0.11075553
106.00000000,2381.00000000,0.11074412
106.00000000,2382.00000000,0.11073122
106.00000000,2383.00000000,0.11071846
106.00000000,2384.00000000,0.11070582
106.00000000,2385.00000000,0.11069322
106.00000000,2386.00000000,0.11068077
106.00000000,2387.00000000,0.11066837
106.00000000,2388.00000000,0.11065611
106.00000000,2389.00000000,0.11064394
106.00000000,2390.00000000,0.11063182
106.00000000,2391.00000000,0.11061983
106.00000000,2392.00000000,0.11060793
106.00000000,2393.00000000,0.11059606
106.00000000,2394.00000000,0.11058432
106.00000000,2395.00000000,0.11057266
106.00000000,2396.00000000,0.11056103
106.00000000,2397.00000000,0.11054952
106.00000000,2398.00000000,0.11053804
106.00000000,2399.00000000,0.11052668
106.00000000,2400.00000000,0.11051540
106.00000000,2401.00000000,0.11050413
106.00000000,2402.00000000,0.11049298
106.00000000,2403.00000000,0.11048190
106.00000000,2404.00000000,0.11047085
106.00000000,2405.00000000,0.11045991
106.00000000,2406.00000000,0.11044904
106.00000000,2407.00000000,0.11044170
106.00000000,2408.00000000,0.11043447
106.00000000,2409.00000000,0.11042731
106.00000000,2410.00000000,0.11042015
106.00000000,2411.00000000,0.11041312
106.00000000,2412.00000000,0.11040609
106.00000000,2413.00000000,0.11039917
106.00000000,2414.00000000,0.11039230
106.00000000,2415.00000000,0.11038545
106.00000000,2416.00000000,0.11037870
106.00000000,2417.00000000,0.11037200
106.00000000,2418.00000000,0.11036530
106.00000000,2419.00000000,0.11035871
106.00000000,2420.00000000,0.11035215
106.00000000,2421.00000000,0.11034559
106.00000000,2422.00000000,0.11033914
106.00000000,2423.00000000,0.11033268
106.00000000,2424.00000000,0.11032631
106.00000000,2425.00000000,0.11031999
106.00000000,2426.00000000,0.11031366
106.00000000,2427.00000000,0.11030741
106.00000000,2428.00000000,0.11030121
106.00000000,2429.00000000,0.11029499
106.00000000,2430.00000000,0.11028886
106.00000000,2431.00000000,0.11028276
106.00000000,2432.00000000,0.11027664
106.00000000,2433.00000000,0.11027063
106.00000000,2434.00000000,0.11026464
106.00000000,2435.00000000,0.11025861
106.00000000,2436.00000000,0.11025269
106.00000000,2437.00000000,0.11024673
106.00000000,2438.00000000,0.11024087
106.00000000,2439.00000000,0.11023502
106.00000000,2440.00000000,0.11022916
106.00000000,2441.00000000,0.11022336
106.00000000,2442.00000000,0.11021761
106.00000000,2443.00000000,0.11021182
106.00000000,2444.00000000,0.11020610
106.00000000,2445.00000000,0.11020041
106.00000000,2446.00000000,0.11019469
106.00000000,2447.00000000,0.11018905
106.00000000,2448.00000000,0.11018336
106.00000000,2449.00000000,0.11017777
106.00000000,2450.00000000,0.11017218
106.00000000,2451.00000000,0.11016656
106.00000000,2452.00000000,0.11016101
106.00000000,2453.00000000,0.11015548
106.00000000,2454.00000000,0.11014990
106.00000000,2455.00000000,0.11014439
106.00000000,2456.00000000,0.11013889
106.00000000,2457.00000000,0.11013235
106.00000000,2458.00000000,0.11012587
106.00000000,2459.00000000,0.11011941
106.00000000,2460.00000000,0.11011289
106.00000000,2461.00000000,0.11010644
106.00000000,2462.00000000,0.11009993
106.00000000,2463.00000000,0.11009351
106.00000000,2464.00000000,0.11008709
106.00000000,2465.00000000,0.11008060
106.00000000,2466.00000000,0.11007419
106.00000000,2467.00000000,0.11006779
106.00000000,2468.00000000,0.11006133
106.00000000,2469.00000000,0.11005493
106.00000000,2470.00000000,0.11004855
106.00000000,2471.00000000,0.11004210
106.00000000,2472.00000000,0.11003572
106.00000000,2473.00000000,0.11002928
106.00000000,2474.00000000,0.11002292
106.00000000,2475.00000000,0.11001655
106.00000000,2476.00000000,0.11001013
106.00000000,2477.00000000,0.11000377
106.00000000,2478.00000000,0.10999741
106.00000000,2479.00000000,0.10999099
106.00000000,2480.00000000,0.10998465
106.00000000,2481.00000000,0.10997830
106.00000000,2482.00000000,0.10997190
106.00000000,2483.00000000,0.10996556
106.00000000,2484.00000000,0.10995916
106.00000000,2485.00000000,0.10995282
106.00000000,2486.00000000,0.10994649
106.00000000,2487.00000000,0.10994008
106.00000000,2488.00000000,0.10993374
106.00000000,2489.00000000,0.10992741
106.00000000,2490.00000000,0.10992102
106.00000000,2491.00000000,0.10991468
106.00000000,2492.00000000,0.10990835
106.00000000,2493.00000000,0.10990195
106.00000000,2494.00000000,0.10989563
106.00000000,2495.00000000,0.10988929
106.00000000,2496.00000000,0.10988289
106.00000000,2497.00000000,0.10987656
106.00000000,2498.00000000,0.10987015
106.00000000,2499.00000000,0.10986381
106.00000000,2500.00000000,0.10985748
107.00000000,1765.00000000,0.07998080
107.00000000,1766.00000000,0.07998081
107.00000000,1767.00000000,0.07998088
107.00000000,1768.00000000,0.07998116
107.00000000,1769.00000000,0.07998125
107.00000000,1770.00000000,0.07998173
107.00000000,1771.00000000,0.07998229
107.00000000,1772.00000000,0.07998299
107.00000000,1773.00000000,0.07998383
107.00000000,1774.00000000,0.07998486
107.00000000,1775.00000000,0.07998611
107.00000000,1776.00000000,0.07998741
107.00000000,1777.00000000,0.07998887
107.00000000,1778.00000000,0.07999037
107.00000000,1779.00000000,0.07999218
107.00000000,1780.00000000,0.07999403
107.00000000,1781.00000000,0.07999613
107.00000000,1782.00000000,0.07999827
107.00000000,1783.00000000,0.08000061
107.00000000,1784.00000000,0.08000292
107.00000000,1785.00000000,0.08000539
107.00000000,1786.00000000,0.08000809
107.00000000,1787.00000000,0.08001076
107.00000000,1788.00000000,0.08001351
107.00000000,1789.00000000,0.08001637
107.00000000,1790.00000000,0.08001943
107.00000000,1791.00000000,0.08002245
107.00000000,1792.00000000,0.08002559
107.00000000,1793.00000000,0.08002878
107.00000000,1794.00000000,0.08003214
107.00000000,1795.00000000,0.08003550
107.00000000,1796.00000000,0.08003888
107.00000000,1797.00000000,0.08004239
107.00000000,1798.00000000,0.08004593
107.00000000,1799.00000000,0.08004950
107.00000000,1800.00000000,0.08005310
107.00000000,1801.00000000,0.08005680
107.00000000,1802.00000000,0.08006054
107.00000000,1803.00000000,0.08006429
107.00000000,1804.00000000,0.08006806
107.00000000,1805.00000000,0.08007189
107.00000000,1806.00000000,0.08007571
107.00000000,1807.00000000,0.08007956
107.00000000,1808.00000000,0.08008357
107.00000000,1809.00000000,0.08008751
107.00000000,1810.00000000,0.08009142
107.00000000,1811.00000000,0.08009557
107.00000000,1812.00000000,0.08009947
107.00000000,1813.00000000,0.08010353
107.00000000,1814.00000000,0.08010766
107.00000000,1815.00000000,0.08011177
107.00000000,1816.00000000,0.08011571
107.00000000,1817.00000000,0.08011990
107.00000000,1818.00000000,0.08012398
107.00000000,1819.00000000,0.08012810
107.00000000,1820.00000000,0.08013228
107.00000000,1821.00000000,0.08013634
107.00000000,1822.00000000,0.08014047
107.00000000,1823.00000000,0.08014461
107.00000000,1824.00000000,0.08014880
107.00000000,1825.00000000,0.08015288
107.00000000,1826.00000000,0.08015702
107.00000000,1827.00000000,0.08016120
107.00000000,1828.00000000,0.08016534
107.00000000,1829.00000000,0.08016950
107.00000000,1830.00000000,0.08017360
107.00000000,1831.00000000,0.08017772
107.00000000,1832.00000000,0.08018179
107.00000000,1833.00000000,0.08018589
107.00000000,1834.00000000,0.08018993
107.00000000,1835.00000000,0.08019402
107.00000000,1836.00000000,0.08019804
107.00000000,1837.00000000,0.08020210
107.00000000,1838.00000000,0.08020611
107.00000000,1839.00000000,0.08021010
107.00000000,1840.00000000,0.08021410
107.00000000,1841.00000000,0.08021804
107.00000000,1842.00000000,0.08022200
107.00000000,1843.00000000,0.08022600
107.00000000,1844.00000000,0.08022986
107.00000000,1845.00000000,0.08023380
107.00000000,1846.00000000,0.08023773
107.00000000,1847.00000000,0.08024155
107.00000000,1848.00000000,0.08024542
107.00000000,1849.00000000,0.08024923
107.00000000,1850.00000000,0.08025307
107.00000000,1851.00000000,0.08025684
107.00000000,1852.00000000,0.08026054
107.00000000,1853.00000000,0.08026465
107.00000000,1854.00000000,0.08026894
107.00000000,1855.00000000,0.08027321
107.00000000,1856.00000000,0.08027737
107.00000000,1857.00000000,0.08028147
107.00000000,1858.00000000,0.08028550
107.00000000,1859.00000000,0.08028954
107.00000000,1860.00000000,0.08029354
107.00000000,1861.00000000,0.08029748
107.00000000,1862.00000000,0.08030125
107.00000000,1863.00000000,0.08030441
107.00000000,1864.00000000,0.08030706
107.00000000,1865.00000000,0.08030935
107.00000000,1866.00000000,0.08031132
107.00000000,1867.00000000,0.08031302
107.00000000,1868.00000000,0.08031454
107.00000000,1869.00000000,0.08031583
107.00000000,1870.00000000,0.08031694
107.00000000,1871.00000000,0.08031800
107.00000000,1872.00000000,0.08031929
107.00000000,1873.00000000,0.08032877
107.00000000,1874.00000000,0.08033154
107.00000000,1875.00000000,0.08033481
107.00000000,1876.00000000,0.08033844
107.00000000,1877.00000000,0.08034243
107.00000000,1878.00000000,0.08034913
107.00000000,1879.00000000,0.08035354
107.00000000,1880.00000000,0.08035820
107.00000000,1881.00000000,0.08036291
107.00000000,1882.00000000,0.08036777
107.00000000,1883.00000000,0.08037220
107.00000000,1884.00000000,0.08037634
107.00000000,1885.00000000,0.08038022
107.00000000,1886.00000000,0.08038404
107.00000000,1887.00000000,0.08038778
107.00000000,1888.00000000,0.08039386
107.00000000,1889.00000000,0.08039729
107.00000000,1890.00000000,0.08040043
107.00000000,1891.00000000,0.08040333
107.00000000,1892.00000000,0.08040590
107.00000000,1893.00000000,0.08040848
107.00000000,1894.00000000,0.08041107
107.00000000,1895.00000000,0.08041379
107.00000000,1896.00000000,0.08041666
107.00000000,1897.00000000,0.08041946
107.00000000,1898.00000000,0.08042476
107.00000000,1899.00000000,0.08042739
107.00000000,1900.00000000,0.08042975
107.00000000,1901.00000000,0.08043188
107.00000000,1902.00000000,0.08043420
107.00000000,1903.00000000,0.08043662
107.00000000,1904.00000000,0.08044173
107.00000000,1905.00000000,0.08044462
107.00000000,1906.00000000,0.08044774
107.00000000,1907.00000000,0.08045359
107.00000000,1908.00000000,0.08045690
107.00000000,1909.00000000,0.08046507
107.00000000,1910.00000000,0.08046594
107.00000000,1911.00000000,0.08046909
107.00000000,1912.00000000,0.08047167
107.00000000,1913.00000000,0.08047578
107.00000000,1914.00000000,0.08047645
107.00000000,1915.00000000,0.08047671
107.00000000,1916.00000000,0.08047695
107.00000000,1917.00000000,0.08047719
107.00000000,1918.00000000,0.08047975
107.00000000,1919.00000000,0.08047997
107.00000000,1920.00000000,0.08048073
107.00000000,1921.00000000,0.08048222
107.00000000,1922.00000000,0.08048719
107.00000000,1923.00000000,0.08049291
107.00000000,1924.00000000,0.08049884
107.00000000,1925.00000000,0.08050214
107.00000000,1926.00000000,0.08050537
107.00000000,1927.00000000,0.08050865
107.00000000,1928.00000000,0.08051203
107.00000000,1929.00000000,0.08051787
107.00000000,1930.00000000,0.08052392
107.00000000,1931.00000000,0.08052859
107.00000000,1932.00000000,0.08053716
107.00000000,1933.00000000,0.08054403
107.00000000,1934.00000000,0.08055399
107.00000000,1935.00000000,0.08056145
107.00000000,1936.00000000,0.08056843
107.00000000,1937.00000000,0.08058931
107.00000000,1938.00000000,0.08059155
107.00000000,1939.00000000,0.08059541
107.00000000,1940.00000000,0.08060100
107.00000000,1941.00000000,0.08060313
107.00000000,1942.00000000,0.08060663
107.00000000,1943.00000000,0.08061692
107.00000000,1944.00000000,0.08061681
107.00000000,1945.00000000,0.08061913
107.00000000,1946.00000000,0.08062253
107.00000000,1947.00000000,0.08063016
107.00000000,1948.00000000,0.08063625
107.00000000,1949.00000000,0.08064493
107.00000000,1950.00000000,0.08065103
107.00000000,1951.00000000,0.08065951
107.00000000,1952.00000000,0.08067377
107.00000000,1953.00000000,0.08067827
107.00000000,1954.00000000,0.08069032
107.00000000,1955.00000000,0.08069777
107.00000000,1956.00000000,0.08071017
107.00000000,1957.00000000,0.08072484
107.00000000,1958.00000000,0.08072911
107.00000000,1959.00000000,0.08074034
107.00000000,1960.00000000,0.08074721
107.00000000,1961.00000000,0.08077203
107.00000000,1962.00000000,0.08077612
107.00000000,1963.00000000,0.08078667
107.00000000,1964.00000000,0.08078618
107.00000000,1965.00000000,0.08078429
107.00000000,1966.00000000,0.08079082
107.00000000,1967.00000000,0.08080333
107.00000000,1968.00000000,0.08080433
107.00000000,1969.00000000,0.08079806
107.00000000,1970.00000000,0.08080157
107.00000000,1971.00000000,0.08080420
107.00000000,1972.00000000,0.08080008
107.00000000,1973.00000000,0.08078250
107.00000000,1974.00000000,0.08077489
107.00000000,1975.00000000,0.08075775
107.00000000,1976.00000000,0.08074529
107.00000000,1977.00000000,0.08072832
107.00000000,1978.00000000,0.08072137
107.00000000,1979.00000000,0.08073410
107.00000000,1980.00000000,0.08073152
107.00000000,1981.00000000,0.08067711
107.00000000,1982.00000000,0.08068395
107.00000000,1983.00000000,0.08066815
107.00000000,1984.00000000,0.08065684
107.00000000,1985.00000000,0.08064511
107.00000000,1986.00000000,0.08066617
107.00000000,1987.00000000,0.08071773
107.00000000,1988.00000000,0.08072286
107.00000000,1989.00000000,0.08074243
107.00000000,1990.00000000,0.08076883
107.00000000,1991.00000000,0.08076319
107.00000000,1992.00000000,0.08075573
107.00000000,1993.00000000,0.08075390
107.00000000,1994.00000000,0.08077800
107.00000000,1995.00000000,0.08084729
107.00000000,1996.00000000,0.08083856
107.00000000,1997.00000000,0.08090056
107.00000000,1998.00000000,0.08093023
107.00000000,1999.00000000,0.08092574
107.00000000,2000.00000000,0.08090698
107.00000000,2001.00000000,0.08092993
107.00000000,2002.00000000,0.08097716
107.00000000,2003.00000000,0.08100033
107.00000000,2004.00000000,0.08104226
107.00000000,2005.00000000,0.08109148
107.00000000,2006.00000000,0.08117847
107.00000000,2007.00000000,0.08122509
107.00000000,2008.00000000,0.08124632
107.00000000,2009.00000000,0.08125487
107.00000000,2010.00000000,0.08135090
107.00000000,2011.00000000,0.08133714
107.00000000,2012.00000000,0.08139885
107.00000000,2013.00000000,0.08147002
107.00000000,2014.00000000,0.08161849
107.00000000,2015.00000000,0.08149422
107.00000000,2016.00000000,0.08153467
107.00000000,2017.00000000,0.08156978
107.00000000,2018.00000000,0.08156089
107.00000000,2019.00000000,0.08161230
107.00000000,2020.00000000,0.08171188
107.00000000,2021.00000000,0.08142965
107.00000000,2022.00000000,0.08134139
107.00000000,2023.00000000,0.08143268
107.00000000,2024.00000000,0.08150076
107.00000000,2025.00000000,0.08139171
107.00000000,2026.00000000,0.08101496
107.00000000,2027.00000000,0.08125294
107.00000000,2028.00000000,0.08087800
107.00000000,2029.00000000,0.08091316
107.00000000,2030.00000000,0.08114665
107.00000000,2031.00000000,0.08106355
107.00000000,2032.00000000,0.08102536
107.00000000,2033.00000000,0.08097682
107.00000000,2034.00000000,0.08109661
107.00000000,2035.00000000,0.08103394
107.00000000,2036.00000000,0.08115305
107.00000000,2037.00000000,0.08086183
107.00000000,2038.00000000,0.08051978
107.00000000,2039.00000000,0.08022452
107.00000000,2040.00000000,0.08025810
107.00000000,2041.00000000,0.08037139
107.00000000,2042.00000000,0.08042237
107.00000000,2043.00000000,0.08058791
107.00000000,2044.00000000,0.08069534
107.00000000,2045.00000000,0.08045794
107.00000000,2046.00000000,0.08049480
107.00000000,2047.00000000,0.08066417
107.00000000,2048.00000000,0.08066350
107.00000000,2049.00000000,0.08059874
107.00000000,2050.00000000,0.08062902
107.00000000,2051.00000000,0.08052555
107.00000000,2052.00000000,0.07992123
107.00000000,2053.00000000,0.08001860
107.00000000,2054.00000000,0.08029263
107.00000000,2055.00000000,0.08038775
107.00000000,2056.00000000,0.08018909
107.00000000,2057.00000000,0.08059503
107.00000000,2058.00000000,0.08083199
107.00000000,2059.00000000,0.08081529
107.00000000,2060.00000000,0.08083801
107.00000000,2061.00000000,0.08081294
107.00000000,2062.00000000,0.08114226
107.00000000,2063.00000000,0.08137381
107.00000000,2064.00000000,0.08150818
107.00000000,2065.00000000,0.08157102
107.00000000,2066.00000000,0.08179976
107.00000000,2067.00000000,0.08199126
107.00000000,2068.00000000,0.08196189
107.00000000,2069.00000000,0.08213679
107.00000000,2070.00000000,0.08240876
107.00000000,2071.00000000,0.08270958
107.00000000,2072.00000000,0.08296040
107.00000000,2073.00000000,0.08326557
107.00000000,2074.00000000,0.08345170
107.00000000,2075.00000000,0.08380034
107.00000000,2076.00000000,0.08423011
107.00000000,2077.00000000,0.08480552
107.00000000,2078.00000000,0.08511160
107.00000000,2079.00000000,0.08544895
107.00000000,2080.00000000,0.08594009
107.00000000,2081.00000000,0.08592649
107.00000000,2082.00000000,0.08583119
107.00000000,2083.00000000,0.08639988
107.00000000,2084.00000000,0.08669938
107.00000000,2085.00000000,0.08684580
107.00000000,2086.00000000,0.08745115
107.00000000,2087.00000000,0.08731155
107.00000000,2088.00000000,0.08693359
107.00000000,2089.00000000,0.08683075
107.00000000,2090.00000000,0.08678398
107.00000000,2091.00000000,0.08717462
107.00000000,2092.00000000,0.08751035
107.00000000,2093.00000000,0.08787517
107.00000000,2094.00000000,0.08819197
107.00000000,2095.00000000,0.08866067
107.00000000,2096.00000000,0.08894268
107.00000000,2097.00000000,0.08907326
107.00000000,2098.00000000,0.08928493
107.00000000,2099.00000000,0.08904318
107.00000000,2100.00000000,0.08907324
107.00000000,2101.00000000,0.08935083
107.00000000,2102.00000000,0.08965731
107.00000000,2103.00000000,0.08998410
107.00000000,2104.00000000,0.09025055
107.00000000,2105.00000000,0.09021474
107.00000000,2106.00000000,0.09020870
107.00000000,2107.00000000,0.09060949
107.00000000,2108.00000000,0.09100284
107.00000000,2109.00000000,0.09116543
107.00000000,2110.00000000,0.09194952
107.00000000,2111.00000000,0.09284320
107.00000000,2112.00000000,0.09355119
107.00000000,2113.00000000,0.09402597
107.00000000,2114.00000000,0.09450420
107.00000000,2115.00000000,0.09498586
107.00000000,2116.00000000,0.09547027
107.00000000,2117.00000000,0.09595747
107.00000000,2118.00000000,0.09659955
107.00000000,2119.00000000,0.09724434
107.00000000,2120.00000000,0.09789181
107.00000000,2121.00000000,0.09854183
107.00000000,2122.00000000,0.09919431
107.00000000,2123.00000000,0.09984920
107.00000000,2124.00000000,0.10050639
107.00000000,2125.00000000,0.10116577
107.00000000,2126.00000000,0.10182727
107.00000000,2127.00000000,0.10249084
107.00000000,2128.00000000,0.10308923
107.00000000,2129.00000000,0.10368959
107.00000000,2130.00000000,0.10429184
107.00000000,2131.00000000,0.10489600
107.00000000,2132.00000000,0.10550201
107.00000000,2133.00000000,0.10610988
107.00000000,2134.00000000,0.10671962
107.00000000,2135.00000000,0.10733122
107.00000000,2136.00000000,0.10794468
107.00000000,2137.00000000,0.10856006
107.00000000,2138.00000000,0.10931702
107.00000000,2139.00000000,0.11007585
107.00000000,2140.00000000,0.11083659
107.00000000,2141.00000000,0.11159911
107.00000000,2142.00000000,0.11236335
107.00000000,2143.00000000,0.11312927
107.00000000,2144.00000000,0.11389675
107.00000000,2145.00000000,0.11466584
107.00000000,2146.00000000,0.11543645
107.00000000,2147.00000000,0.11620849
107.00000000,2148.00000000,0.11708376
107.00000000,2149.00000000,0.11796043
107.00000000,2150.00000000,0.11883836
107.00000000,2151.00000000,0.11971817
107.00000000,2152.00000000,0.12060159
107.00000000,2153.00000000,0.12149022
107.00000000,2154.00000000,0.12238507
107.00000000,2155.00000000,0.12328640
107.00000000,2156.00000000,0.12419440
107.00000000,2157.00000000,0.12510899
107.00000000,2158.00000000,0.12602427
107.00000000,2159.00000000,0.12694590
107.00000000,2160.00000000,0.12787365
107.00000000,2161.00000000,0.12880726
107.00000000,2162.00000000,0.12974669
107.00000000,2163.00000000,0.13069167
107.00000000,2164.00000000,0.13164194
107.00000000,2165.00000000,0.13259740
107.00000000,2166.00000000,0.13355777
107.00000000,2167.00000000,0.13452281
107.00000000,2168.00000000,0.13526874
107.00000000,2169.00000000,0.13601860
107.00000000,2170.00000000,0.13677229
107.00000000,2171.00000000,0.13752968
107.00000000,2172.00000000,0.13829056
107.00000000,2173.00000000,0.13905494
107.00000000,2174.00000000,0.13982265
107.00000000,2175.00000000,0.14059350
107.00000000,2176.00000000,0.14136743
107.00000000,2177.00000000,0.14214426
107.00000000,2178.00000000,0.14272083
107.00000000,2179.00000000,0.14329967
107.00000000,2180.00000000,0.14388061
107.00000000,2181.00000000,0.14446369
107.00000000,2182.00000000,0.14504881
107.00000000,2183.00000000,0.14563586
107.00000000,2184.00000000,0.14622483
107.00000000,2185.00000000,0.14681565
107.00000000,2186.00000000,0.14740819
107.00000000,2187.00000000,0.14800245
107.00000000,2188.00000000,0.14848409
107.00000000,2189.00000000,0.14896697
107.00000000,2190.00000000,0.14945114
107.00000000,2191.00000000,0.14993646
107.00000000,2192.00000000,0.15042307
107.00000000,2193.00000000,0.15091080
107.00000000,2194.00000000,0.15139957
107.00000000,2195.00000000,0.15188948
107.00000000,2196.00000000,0.15238048
107.00000000,2197.00000000,0.15287236
107.00000000,2198.00000000,0.15324642
107.00000000,2199.00000000,0.15362115
107.00000000,2200.00000000,0.15399634
107.00000000,2201.00000000,0.15437225
107.00000000,2202.00000000,0.15474869
107.00000000,2203.00000000,0.15512561
107.00000000,2204.00000000,0.15550322
107.00000000,2205.00000000,0.15588125
107.00000000,2206.00000000,0.15625996
107.00000000,2207.00000000,0.15663913
107.00000000,2208.00000000,0.15692668
107.00000000,2209.00000000,0.15721450
107.00000000,2210.00000000,0.15750256
107.00000000,2211.00000000,0.15779079
107.00000000,2212.00000000,0.15807933
107.00000000,2213.00000000,0.15836810
107.00000000,2214.00000000,0.15865705
107.00000000,2215.00000000,0.15894630
107.00000000,2216.00000000,0.15923573
107.00000000,2217.00000000,0.15952545
107.00000000,2218.00000000,0.15981542
107.00000000,2219.00000000,0.16010555
107.00000000,2220.00000000,0.16039599
107.00000000,2221.00000000,0.16068665
107.00000000,2222.00000000,0.16097750
107.00000000,2223.00000000,0.16126868
107.00000000,2224.00000000,0.16156006
107.00000000,2225.00000000,0.16185160
107.00000000,2226.00000000,0.16214342
107.00000000,2227.00000000,0.16243548
107.00000000,2228.00000000,0.16272770
107.00000000,2229.00000000,0.16302021
107.00000000,2230.00000000,0.16331287
107.00000000,2231.00000000,0.16360582
107.00000000,2232.00000000,0.16389900
107.00000000,2233.00000000,0.16419226
107.00000000,2234.00000000,0.16448586
107.00000000,2235.00000000,0.16477962
107.00000000,2236.00000000,0.16507350
107.00000000,2237.00000000,0.16536763
107.00000000,2238.00000000,0.16566193
107.00000000,2239.00000000,0.16595636
107.00000000,2240.00000000,0.16625101
107.00000000,2241.00000000,0.16654570
107.00000000,2242.00000000,0.16684066
107.00000000,2243.00000000,0.16713570
107.00000000,2244.00000000,0.16743080
107.00000000,2245.00000000,0.16772606
107.00000000,2246.00000000,0.16802145
107.00000000,2247.00000000,0.16831683
107.00000000,2248.00000000,0.16861234
107.00000000,2249.00000000,0.16890770
107.00000000,2250.00000000,0.16920173
107.00000000,2251.00000000,0.16949237
107.00000000,2252.00000000,0.16977741
107.00000000,2253.00000000,0.17005591
107.00000000,2254.00000000,0.17032721
107.00000000,2255.00000000,0.17059109
107.00000000,2256.00000000,0.17084756
107.00000000,2257.00000000,0.17109644
107.00000000,2258.00000000,0.17067683
107.00000000,2259.00000000,0.17024824
107.00000000,2260.00000000,0.16981087
107.00000000,2261.00000000,0.16936495
107.00000000,2262.00000000,0.16891096
107.00000000,2263.00000000,0.16844925
107.00000000,2264.00000000,0.16798000
107.00000000,2265.00000000,0.16750364
107.00000000,2266.00000000,0.16702026
107.00000000,2267.00000000,0.16653016
107.00000000,2268.00000000,0.16603354
107.00000000,2269.00000000,0.16553052
107.00000000,2270.00000000,0.16502138
107.00000000,2271.00000000,0.16450630
107.00000000,2272.00000000,0.16398536
107.00000000,2273.00000000,0.16345885
107.00000000,2274.00000000,0.16292690
107.00000000,2275.00000000,0.16238961
107.00000000,2276.00000000,0.16184724
107.00000000,2277.00000000,0.16129984
107.00000000,2278.00000000,0.16074770
107.00000000,2279.00000000,0.16019085
107.00000000,2280.00000000,0.15962945
107.00000000,2281.00000000,0.15906370
107.00000000,2282.00000000,0.15849368
107.00000000,2283.00000000,0.15791949
107.00000000,2284.00000000,0.15734131
107.00000000,2285.00000000,0.15675925
107.00000000,2286.00000000,0.15617337
107.00000000,2287.00000000,0.15558384
107.00000000,2288.00000000,0.15499078
107.00000000,2289.00000000,0.15439422
107.00000000,2290.00000000,0.15379436
107.00000000,2291.00000000,0.15319119
107.00000000,2292.00000000,0.15258492
107.00000000,2293.00000000,0.15197560
107.00000000,2294.00000000,0.15136326
107.00000000,2295.00000000,0.15074810
107.00000000,2296.00000000,0.15013013
107.00000000,2297.00000000,0.14950942
107.00000000,2298.00000000,0.14888614
107.00000000,2299.00000000,0.14826031
107.00000000,2300.00000000,0.14763196
107.00000000,2301.00000000,0.14700127
107.00000000,2302.00000000,0.14636819
107.00000000,2303.00000000,0.14573289
107.00000000,2304.00000000,0.14509536
107.00000000,2305.00000000,0.14445566
107.00000000,2306.00000000,0.14381393
107.00000000,2307.00000000,0.14317018
107.00000000,2308.00000000,0.14252444
107.00000000,2309.00000000,0.14187686
107.00000000,2310.00000000,0.14122745
107.00000000,2311.00000000,0.14057622
107.00000000,2312.00000000,0.13992332
107.00000000,2313.00000000,0.13926876
107.00000000,2314.00000000,0.13861257
107.00000000,2315.00000000,0.13795485
107.00000000,2316.00000000,0.13729561
107.00000000,2317.00000000,0.13663496
107.00000000,2318.00000000,0.13597289
107.00000000,2319.00000000,0.13530946
107.00000000,2320.00000000,0.13464475
107.00000000,2321.00000000,0.13397877
107.00000000,2322.00000000,0.13331155
107.00000000,2323.00000000,0.13264320
107.00000000,2324.00000000,0.13197371
107.00000000,2325.00000000,0.13130310
107.00000000,2326.00000000,0.13063148
107.00000000,2327.00000000,0.12995881
107.00000000,2328.00000000,0.12928521
107.00000000,2329.00000000,0.12861069
107.00000000,2330.00000000,0.12793523
107.00000000,2331.00000000,0.12725895
107.00000000,2332.00000000,0.12658185
107.00000000,2333.00000000,0.12590394
107.00000000,2334.00000000,0.12522531
107.00000000,2335.00000000,0.12454595
107.00000000,2336.00000000,0.12386587
107.00000000,2337.00000000,0.12318518
107.00000000,2338.00000000,0.12250384
107.00000000,2339.00000000,0.12182193
107.00000000,2340.00000000,0.12113947
107.00000000,2341.00000000,0.12045644
107.00000000,2342.00000000,0.11977294
107.00000000,2343.00000000,0.11908898
107.00000000,2344.00000000,0.11840454
107.00000000,2345.00000000,0.11771972
107.00000000,2346.00000000,0.11703452
107.00000000,2347.00000000,0.11634893
107.00000000,2348.00000000,0.11566304
107.00000000,2349.00000000,0.11497684
107.00000000,2350.00000000,0.11429034
107.00000000,2351.00000000,0.11360362
107.00000000,2352.00000000,0.11291667
107.00000000,2353.00000000,0.11222957
107.00000000,2354.00000000,0.11154236
107.00000000,2355.00000000,0.11085507
107.00000000,2356.00000000,0.11031305
107.00000000,2357.00000000,0.11019867
107.00000000,2358.00000000,0.11020133
107.00000000,2359.00000000,0.11020423
107.00000000,2360.00000000,0.11020736
107.00000000,2361.00000000,0.11021065
107.00000000,2362.00000000,0.11021419
107.00000000,2363.00000000,0.11023620
107.00000000,2364.00000000,0.11025847
107.00000000,2365.00000000,0.11028091
107.00000000,2366.00000000,0.11030351
107.00000000,2367.00000000,0.11032631
107.00000000,2368.00000000,0.11031307
107.00000000,2369.00000000,0.11029995
107.00000000,2370.00000000,0.11028701
107.00000000,2371.00000000,0.11027423
107.00000000,2372.00000000,0.11026155
107.00000000,2373.00000000,0.11024904
107.00000000,2374.00000000,0.11023669
107.00000000,2375.00000000,0.11022442
107.00000000,2376.00000000,0.11021231
107.00000000,2377.00000000,0.11020030
107.00000000,2378.00000000,0.11018845
107.00000000,2379.00000000,0.11017672
107.00000000,2380.00000000,0.11016507
107.00000000,2381.00000000,0.11015358
107.00000000,2382.00000000,0.11014220
107.00000000,2383.00000000,0.11012932
107.00000000,2384.00000000,0.11011659
107.00000000,2385.00000000,0.11010395
107.00000000,2386.00000000,0.11009138
107.00000000,2387.00000000,0.11007895
107.00000000,2388.00000000,0.11006658
107.00000000,2389.00000000,0.11005434
107.00000000,2390.00000000,0.11004219
107.00000000,2391.00000000,0.11003009
107.00000000,2392.00000000,0.11001812
107.00000000,2393.00000000,0.11000623
107.00000000,2394.00000000,0.10999438
107.00000000,2395.00000000,0.10998266
107.00000000,2396.00000000,0.10997102
107.00000000,2397.00000000,0.10995941
107.00000000,2398.00000000,0.10994792
107.00000000,2399.00000000,0.10993645
107.00000000,2400.00000000,0.10992511
107.00000000,2401.00000000,0.10991383
107.00000000,2402.00000000,0.10990259
107.00000000,2403.00000000,0.10989145
107.00000000,2404.00000000,0.10988039
107.00000000,2405.00000000,0.10986936
107.00000000,2406.00000000,0.10985844
107.00000000,2407.00000000,0.10984759
107.00000000,2408.00000000,0.10984025
107.00000000,2409.00000000,0.10983301
107.00000000,2410.00000000,0.10982585
107.00000000,2411.00000000,0.10981869
107.00000000,2412.00000000,0.10981165
107.00000000,2413.00000000,0.10980461
107.00000000,2414.00000000,0.10979769
107.00000000,2415.00000000,0.10979081
107.00000000,2416.00000000,0.10978395
107.00000000,2417.00000000,0.10977720
107.00000000,2418.00000000,0.10977049
107.00000000,2419.00000000,0.10976378
107.00000000,2420.00000000,0.10975718
107.00000000,2421.00000000,0.10975062
107.00000000,2422.00000000,0.10974406
107.00000000,2423.00000000,0.10973758
107.00000000,2424.00000000,0.10973112
107.00000000,2425.00000000,0.10972473
107.00000000,2426.00000000,0.10971840
107.00000000,2427.00000000,0.10971205
107.00000000,2428.00000000,0.10970579
107.00000000,2429.00000000,0.10969957
107.00000000,2430.00000000,0.10969335
107.00000000,2431.00000000,0.10968721
107.00000000,2432.00000000,0.10968110
107.00000000,2433.00000000,0.10967496
107.00000000,2434.00000000,0.10966892
107.00000000,2435.00000000,0.10966292
107.00000000,2436.00000000,0.10965689
107.00000000,2437.00000000,0.10965094
107.00000000,2438.00000000,0.10964497
107.00000000,2439.00000000,0.10963908
107.00000000,2440.00000000,0.10963323
107.00000000,2441.00000000,0.10962734
107.00000000,2442.00000000,0.10962153
107.00000000,2443.00000000,0.10961576
107.00000000,2444.00000000,0.10960995
107.00000000,2445.00000000,0.10960421
107.00000000,2446.00000000,0.10959850
107.00000000,2447.00000000,0.10959276
107.00000000,2448.00000000,0.10958710
107.00000000,2449.00000000,0.10958140
107.00000000,2450.00000000,0.10957578
107.00000000,2451.00000000,0.10957017
107.00000000,2452.00000000,0.10956453
107.00000000,2453.00000000,0.10955896
107.00000000,2454.00000000,0.10955341
107.00000000,2455.00000000,0.10954779
107.00000000,2456.00000000,0.10954225
107.00000000,2457.00000000,0.10953674
107.00000000,2458.00000000,0.10953018
107.00000000,2459.00000000,0.10952368
107.00000000,2460.00000000,0.10951719
107.00000000,2461.00000000,0.10951066
107.00000000,2462.00000000,0.10950418
107.00000000,2463.00000000,0.10949765
107.00000000,2464.00000000,0.10949121
107.00000000,2465.00000000,0.10948476
107.00000000,2466.00000000,0.10947825
107.00000000,2467.00000000,0.10947182
107.00000000,2468.00000000,0.10946540
107.00000000,2469.00000000,0.10945892
107.00000000,2470.00000000,0.10945250
107.00000000,2471.00000000,0.10944609
107.00000000,2472.00000000,0.10943962
107.00000000,2473.00000000,0.10943323
107.00000000,2474.00000000,0.10942677
107.00000000,2475.00000000,0.10942038
107.00000000,2476.00000000,0.10941400
107.00000000,2477.00000000,0.10940755
107.00000000,2478.00000000,0.10940117
107.00000000,2479.00000000,0.10939480
107.00000000,2480.00000000,0.10938836
107.00000000,2481.00000000,0.10938199
107.00000000,2482.00000000,0.10937562
107.00000000,2483.00000000,0.10936920
107.00000000,2484.00000000,0.10936283
107.00000000,2485.00000000,0.10935641
107.00000000,2486.00000000,0.10935005
107.00000000,2487.00000000,0.10934370
107.00000000,2488.00000000,0.10933727
107.00000000,2489.00000000,0.10933092
107.00000000,2490.00000000,0.10932457
107.00000000,2491.00000000,0.10931814
107.00000000,2492.00000000,0.10931179
107.00000000,2493.00000000,0.10930544
107.00000000,2494.00000000,0.10929901
107.00000000,2495.00000000,0.10929267
107.00000000,2496.00000000,0.10928631
107.00000000,2497.00000000,0.10927988
107.00000000,2498.00000000,0.10927353
107.00000000,2499.00000000,0.10926710
107.00000000,2500.00000000,0.10926075
108.00000000,1765.00000000,0.07948243
108.00000000,1766.00000000,0.07948245
108.00000000,1767.00000000,0.07948250
108.00000000,1768.00000000,0.07948267
108.00000000,1769.00000000,0.07948306
108.00000000,1770.00000000,0.07948330
108.00000000,1771.00000000,0.07948392
108.00000000,1772.00000000,0.07948463
108.00000000,1773.00000000,0.07948547
108.00000000,1774.00000000,0.07948646
108.00000000,1775.00000000,0.07948764
108.00000000,1776.00000000,0.07948904
108.00000000,1777.00000000,0.07949047
108.00000000,1778.00000000,0.07949207
108.00000000,1779.00000000,0.07949370
108.00000000,1780.00000000,0.07949565
108.00000000,1781.00000000,0.07949762
108.00000000,1782.00000000,0.07949983
108.00000000,1783.00000000,0.07950208
108.00000000,1784.00000000,0.07950452
108.00000000,1785.00000000,0.07950692
108.00000000,1786.00000000,0.07950949
108.00000000,1787.00000000,0.07951228
108.00000000,1788.00000000,0.07951503
108.00000000,1789.00000000,0.07951787
108.00000000,1790.00000000,0.07952079
108.00000000,1791.00000000,0.07952393
108.00000000,1792.00000000,0.07952701
108.00000000,1793.00000000,0.07953019
108.00000000,1794.00000000,0.07953345
108.00000000,1795.00000000,0.07953685
108.00000000,1796.00000000,0.07954025
108.00000000,1797.00000000,0.07954368
108.00000000,1798.00000000,0.07954723
108.00000000,1799.00000000,0.07955080
108.00000000,1800.00000000,0.07955440
108.00000000,1801.00000000,0.07955803
108.00000000,1802.00000000,0.07956174
108.00000000,1803.00000000,0.07956549
108.00000000,1804.00000000,0.07956925
108.00000000,1805.00000000,0.07957305
108.00000000,1806.00000000,0.07957689
108.00000000,1807.00000000,0.07958072
108.00000000,1808.00000000,0.07958458
108.00000000,1809.00000000,0.07958860
108.00000000,1810.00000000,0.07959254
108.00000000,1811.00000000,0.07959647
108.00000000,1812.00000000,0.07960061
108.00000000,1813.00000000,0.07960450
108.00000000,1814.00000000,0.07960857
108.00000000,1815.00000000,0.07961268
108.00000000,1816.00000000,0.07961679
108.00000000,1817.00000000,0.07962072
108.00000000,1818.00000000,0.07962488
108.00000000,1819.00000000,0.07962895
108.00000000,1820.00000000,0.07963305
108.00000000,1821.00000000,0.07963721
108.00000000,1822.00000000,0.07964126
108.00000000,1823.00000000,0.07964536
108.00000000,1824.00000000,0.07964949
108.00000000,1825.00000000,0.07965365
108.00000000,1826.00000000,0.07965770
108.00000000,1827.00000000,0.07966181
108.00000000,1828.00000000,0.07966596
108.00000000,1829.00000000,0.07967008
108.00000000,1830.00000000,0.07967421
108.00000000,1831.00000000,0.07967826
108.00000000,1832.00000000,0.07968233
108.00000000,1833.00000000,0.07968635
108.00000000,1834.00000000,0.07969041
108.00000000,1835.00000000,0.07969443
108.00000000,1836.00000000,0.07969848
108.00000000,1837.00000000,0.07970245
108.00000000,1838.00000000,0.07970646
108.00000000,1839.00000000,0.07971042
108.00000000,1840.00000000,0.07971437
108.00000000,1841.00000000,0.07971832
108.00000000,1842.00000000,0.07972221
108.00000000,1843.00000000,0.07972613
108.00000000,1844.00000000,0.07973007
108.00000000,1845.00000000,0.07973388
108.00000000,1846.00000000,0.07973777
108.00000000,1847.00000000,0.07974163
108.00000000,1848.00000000,0.07974540
108.00000000,1849.00000000,0.07974922
108.00000000,1850.00000000,0.07975295
108.00000000,1851.00000000,0.07975672
108.00000000,1852.00000000,0.07976039
108.00000000,1853.00000000,0.07976443
108.00000000,1854.00000000,0.07976868
108.00000000,1855.00000000,0.07977288
108.00000000,1856.00000000,0.07977700
108.00000000,1857.00000000,0.07978105
108.00000000,1858.00000000,0.07978502
108.00000000,1859.00000000,0.07978896
108.00000000,1860.00000000,0.07979293
108.00000000,1861.00000000,0.07979680
108.00000000,1862.00000000,0.07980053
108.00000000,1863.00000000,0.07980360
108.00000000,1864.00000000,0.07980618
108.00000000,1865.00000000,0.07980840
108.00000000,1866.00000000,0.07981028
108.00000000,1867.00000000,0.07981192
108.00000000,1868.00000000,0.07981333
108.00000000,1869.00000000,0.07981454
108.00000000,1870.00000000,0.07981555
108.00000000,1871.00000000,0.07981649
108.00000000,1872.00000000,0.07981767
108.00000000,1873.00000000,0.07981967
108.00000000,1874.00000000,0.07982960
108.00000000,1875.00000000,0.07983273
108.00000000,1876.00000000,0.07983622
108.00000000,1877.00000000,0.07984006
108.00000000,1878.00000000,0.07984415
108.00000000,1879.00000000,0.07985094
108.00000000,1880.00000000,0.07985538
108.00000000,1881.00000000,0.07986003
108.00000000,1882.00000000,0.07986473
108.00000000,1883.00000000,0.07986903
108.00000000,1884.00000000,0.07987305
108.00000000,1885.00000000,0.07987685
108.00000000,1886.00000000,0.07988054
108.00000000,1887.00000000,0.07988416
108.00000000,1888.00000000,0.07988767
108.00000000,1889.00000000,0.07989344
108.00000000,1890.00000000,0.07989648
108.00000000,1891.00000000,0.07989927
108.00000000,1892.00000000,0.07990179
108.00000000,1893.00000000,0.07990423
108.00000000,1894.00000000,0.07990673
108.00000000,1895.00000000,0.07990941
108.00000000,1896.00000000,0.07991215
108.00000000,1897.00000000,0.07991490
108.00000000,1898.00000000,0.07991758
108.00000000,1899.00000000,0.07992261
108.00000000,1900.00000000,0.07992490
108.00000000,1901.00000000,0.07992693
108.00000000,1902.00000000,0.07992920
108.00000000,1903.00000000,0.07993157
108.00000000,1904.00000000,0.07993407
108.00000000,1905.00000000,0.07993936
108.00000000,1906.00000000,0.07994242
108.00000000,1907.00000000,0.07994568
108.00000000,1908.00000000,0.07995135
108.00000000,1909.00000000,0.07995456
108.00000000,1910.00000000,0.07996271
108.00000000,1911.00000000,0.07996338
108.00000000,1912.00000000,0.07996586
108.00000000,1913.00000000,0.07996744
108.00000000,1914.00000000,0.07997055
108.00000000,1915.00000000,0.07997072
108.00000000,1916.00000000,0.07997089
108.00000000,1917.00000000,0.07997111
108.00000000,1918.00000000,0.07997112
108.00000000,1919.00000000,0.07997372
108.00000000,1920.00000000,0.07997444
108.00000000,1921.00000000,0.07997585
108.00000000,1922.00000000,0.07997831
108.00000000,1923.00000000,0.07998391
108.00000000,1924.00000000,0.07998974
108.00000000,1925.00000000,0.07999543
108.00000000,1926.00000000,0.07999859
108.00000000,1927.00000000,0.08000180
108.00000000,1928.00000000,0.08000512
108.00000000,1929.00000000,0.08000840
108.00000000,1930.00000000,0.08001435
108.00000000,1931.00000000,0.08002142
108.00000000,1932.00000000,0.08002736
108.00000000,1933.00000000,0.08003659
108.00000000,1934.00000000,0.08004402
108.00000000,1935.00000000,0.08005381
108.00000000,1936.00000000,0.08006066
108.00000000,1937.00000000,0.08006658
108.00000000,1938.00000000,0.08008596
108.00000000,1939.00000000,0.08008725
108.00000000,1940.00000000,0.08009032
108.00000000,1941.00000000,0.08009481
108.00000000,1942.00000000,0.08009576
108.00000000,1943.00000000,0.08009849
108.00000000,1944.00000000,0.08010816
108.00000000,1945.00000000,0.08010793
108.00000000,1946.00000000,0.08011121
108.00000000,1947.00000000,0.08011631
108.00000000,1948.00000000,0.08012468
108.00000000,1949.00000000,0.08013075
108.00000000,1950.00000000,0.08013920
108.00000000,1951.00000000,0.08014504
108.00000000,1952.00000000,0.08015420
108.00000000,1953.00000000,0.08016851
108.00000000,1954.00000000,0.08017292
108.00000000,1955.00000000,0.08018511
108.00000000,1956.00000000,0.08019248
108.00000000,1957.00000000,0.08020448
108.00000000,1958.00000000,0.08021851
108.00000000,1959.00000000,0.08022210
108.00000000,1960.00000000,0.08023125
108.00000000,1961.00000000,0.08023623
108.00000000,1962.00000000,0.08025993
108.00000000,1963.00000000,0.08026301
108.00000000,1964.00000000,0.08027233
108.00000000,1965.00000000,0.08027039
108.00000000,1966.00000000,0.08026695
108.00000000,1967.00000000,0.08027202
108.00000000,1968.00000000,0.08028280
108.00000000,1969.00000000,0.08028146
108.00000000,1970.00000000,0.08027264
108.00000000,1971.00000000,0.08027256
108.00000000,1972.00000000,0.08027077
108.00000000,1973.00000000,0.08026289
108.00000000,1974.00000000,0.08024226
108.00000000,1975.00000000,0.08023281
108.00000000,1976.00000000,0.08021518
108.00000000,1977.00000000,0.08020285
108.00000000,1978.00000000,0.08018575
108.00000000,1979.00000000,0.08017838
108.00000000,1980.00000000,0.08019022
108.00000000,1981.00000000,0.08018739
108.00000000,1982.00000000,0.08013530
108.00000000,1983.00000000,0.08014639
108.00000000,1984.00000000,0.08013492
108.00000000,1985.00000000,0.08012684
108.00000000,1986.00000000,0.08011705
108.00000000,1987.00000000,0.08013879
108.00000000,1988.00000000,0.08019009
108.00000000,1989.00000000,0.08019482
108.00000000,1990.00000000,0.08021358
108.00000000,1991.00000000,0.08023947
108.00000000,1992.00000000,0.08023431
108.00000000,1993.00000000,0.08022735
108.00000000,1994.00000000,0.08022667
108.00000000,1995.00000000,0.08025143
108.00000000,1996.00000000,0.08032034
108.00000000,1997.00000000,0.08031109
108.00000000,1998.00000000,0.08037185
108.00000000,1999.00000000,0.08040108
108.00000000,2000.00000000,0.08039671
108.00000000,2001.00000000,0.08037773
108.00000000,2002.00000000,0.08039990
108.00000000,2003.00000000,0.08044679
108.00000000,2004.00000000,0.08046852
108.00000000,2005.00000000,0.08050722
108.00000000,2006.00000000,0.08055190
108.00000000,2007.00000000,0.08063405
108.00000000,2008.00000000,0.08067651
108.00000000,2009.00000000,0.08069414
108.00000000,2010.00000000,0.08069947
108.00000000,2011.00000000,0.08079195
108.00000000,2012.00000000,0.08077543
108.00000000,2013.00000000,0.08083377
108.00000000,2014.00000000,0.08090148
108.00000000,2015.00000000,0.08104597
108.00000000,2016.00000000,0.08091963
108.00000000,2017.00000000,0.08095701
108.00000000,2018.00000000,0.08098920
108.00000000,2019.00000000,0.08097780
108.00000000,2020.00000000,0.08102645
108.00000000,2021.00000000,0.08112309
108.00000000,2022.00000000,0.08084079
108.00000000,2023.00000000,0.08075138
108.00000000,2024.00000000,0.08084048
108.00000000,2025.00000000,0.08090671
108.00000000,2026.00000000,0.08079719
108.00000000,2027.00000000,0.08042198
108.00000000,2028.00000000,0.08065723
108.00000000,2029.00000000,0.08028397
108.00000000,2030.00000000,0.08031799
108.00000000,2031.00000000,0.08054888
108.00000000,2032.00000000,0.08046529
108.00000000,2033.00000000,0.08042607
108.00000000,2034.00000000,0.08037638
108.00000000,2035.00000000,0.08049369
108.00000000,2036.00000000,0.08042984
108.00000000,2037.00000000,0.08054646
108.00000000,2038.00000000,0.08025574
108.00000000,2039.00000000,0.07991464
108.00000000,2040.00000000,0.07962003
108.00000000,2041.00000000,0.07965186
108.00000000,2042.00000000,0.07976265
108.00000000,2043.00000000,0.07981138
108.00000000,2044.00000000,0.07997370
108.00000000,2045.00000000,0.08007827
108.00000000,2046.00000000,0.07984062
108.00000000,2047.00000000,0.07987521
108.00000000,2048.00000000,0.08004133
108.00000000,2049.00000000,0.08003880
108.00000000,2050.00000000,0.07997272
108.00000000,2051.00000000,0.08000104
108.00000000,2052.00000000,0.07989670
108.00000000,2053.00000000,0.07929543
108.00000000,2054.00000000,0.07939058
108.00000000,2055.00000000,0.07966107
108.00000000,2056.00000000,0.07975415
108.00000000,2057.00000000,0.07955574
108.00000000,2058.00000000,0.07995732
108.00000000,2059.00000000,0.08019128
108.00000000,2060.00000000,0.08017357
108.00000000,2061.00000000,0.08019517
108.00000000,2062.00000000,0.08016984
108.00000000,2063.00000000,0.08049679
108.00000000,2064.00000000,0.08072710
108.00000000,2065.00000000,0.08086122
108.00000000,2066.00000000,0.08092448
108.00000000,2067.00000000,0.08115241
108.00000000,2068.00000000,0.08134339
108.00000000,2069.00000000,0.08131517
108.00000000,2070.00000000,0.08148961
108.00000000,2071.00000000,0.08176045
108.00000000,2072.00000000,0.08206029
108.00000000,2073.00000000,0.08231094
108.00000000,2074.00000000,0.08261582
108.00000000,2075.00000000,0.08280266
108.00000000,2076.00000000,0.08315081
108.00000000,2077.00000000,0.08357941
108.00000000,2078.00000000,0.08415254
108.00000000,2079.00000000,0.08445827
108.00000000,2080.00000000,0.08479491
108.00000000,2081.00000000,0.08528416
108.00000000,2082.00000000,0.08527261
108.00000000,2083.00000000,0.08518011
108.00000000,2084.00000000,0.08574675
108.00000000,2085.00000000,0.08604619
108.00000000,2086.00000000,0.08619363
108.00000000,2087.00000000,0.08679655
108.00000000,2088.00000000,0.08665987
108.00000000,2089.00000000,0.08628644
108.00000000,2090.00000000,0.08618604
108.00000000,2091.00000000,0.08614125
108.00000000,2092.00000000,0.08653088
108.00000000,2093.00000000,0.08686621
108.00000000,2094.00000000,0.08723050
108.00000000,2095.00000000,0.08754712
108.00000000,2096.00000000,0.08801454
108.00000000,2097.00000000,0.08829652
108.00000000,2098.00000000,0.08842806
108.00000000,2099.00000000,0.08864004
108.00000000,2100.00000000,0.08840167
108.00000000,2101.00000000,0.08843319
108.00000000,2102.00000000,0.08871069
108.00000000,2103.00000000,0.08901706
108.00000000,2104.00000000,0.08934365
108.00000000,2105.00000000,0.08961034
108.00000000,2106.00000000,0.08957678
108.00000000,2107.00000000,0.08957275
108.00000000,2108.00000000,0.08997265
108.00000000,2109.00000000,0.09036508
108.00000000,2110.00000000,0.09052825
108.00000000,2111.00000000,0.09130860
108.00000000,2112.00000000,0.09219774
108.00000000,2113.00000000,0.09290238
108.00000000,2114.00000000,0.09337534
108.00000000,2115.00000000,0.09385166
108.00000000,2116.00000000,0.09433132
108.00000000,2117.00000000,0.09481365
108.00000000,2118.00000000,0.09529871
108.00000000,2119.00000000,0.09593755
108.00000000,2120.00000000,0.09657905
108.00000000,2121.00000000,0.09722317
108.00000000,2122.00000000,0.09786977
108.00000000,2123.00000000,0.09851879
108.00000000,2124.00000000,0.09917016
108.00000000,2125.00000000,0.09982379
108.00000000,2126.00000000,0.10047956
108.00000000,2127.00000000,0.10113746
108.00000000,2128.00000000,0.10179737
108.00000000,2129.00000000,0.10239252
108.00000000,2130.00000000,0.10298960
108.00000000,2131.00000000,0.10358854
108.00000000,2132.00000000,0.10418935
108.00000000,2133.00000000,0.10479201
108.00000000,2134.00000000,0.10539644
108.00000000,2135.00000000,0.10600274
108.00000000,2136.00000000,0.10661087
108.00000000,2137.00000000,0.10722082
108.00000000,2138.00000000,0.10783266
108.00000000,2139.00000000,0.10858515
108.00000000,2140.00000000,0.10933947
108.00000000,2141.00000000,0.11009568
108.00000000,2142.00000000,0.11085366
108.00000000,2143.00000000,0.11161332
108.00000000,2144.00000000,0.11237466
108.00000000,2145.00000000,0.11313755
108.00000000,2146.00000000,0.11390201
108.00000000,2147.00000000,0.11466797
108.00000000,2148.00000000,0.11543533
108.00000000,2149.00000000,0.11630526
108.00000000,2150.00000000,0.11717657
108.00000000,2151.00000000,0.11804976
108.00000000,2152.00000000,0.11892664
108.00000000,2153.00000000,0.11980884
108.00000000,2154.00000000,0.12069717
108.00000000,2155.00000000,0.12159206
108.00000000,2156.00000000,0.12249353
108.00000000,2157.00000000,0.12340166
108.00000000,2158.00000000,0.12431629
108.00000000,2159.00000000,0.12523150
108.00000000,2160.00000000,0.12615290
108.00000000,2161.00000000,0.12708027
108.00000000,2162.00000000,0.12801338
108.00000000,2163.00000000,0.12895211
108.00000000,2164.00000000,0.12989623
108.00000000,2165.00000000,0.13084547
108.00000000,2166.00000000,0.13179981
108.00000000,2167.00000000,0.13275893
108.00000000,2168.00000000,0.13372260
108.00000000,2169.00000000,0.13446836
108.00000000,2170.00000000,0.13521789
108.00000000,2171.00000000,0.13597118
108.00000000,2172.00000000,0.13672805
108.00000000,2173.00000000,0.13748835
108.00000000,2174.00000000,0.13825203
108.00000000,2175.00000000,0.13901894
108.00000000,2176.00000000,0.13978891
108.00000000,2177.00000000,0.14056188
108.00000000,2178.00000000,0.14133769
108.00000000,2179.00000000,0.14191426
108.00000000,2180.00000000,0.14249306
108.00000000,2181.00000000,0.14307391
108.00000000,2182.00000000,0.14365683
108.00000000,2183.00000000,0.14424172
108.00000000,2184.00000000,0.14482850
108.00000000,2185.00000000,0.14541715
108.00000000,2186.00000000,0.14600759
108.00000000,2187.00000000,0.14659971
108.00000000,2188.00000000,0.14719352
108.00000000,2189.00000000,0.14767527
108.00000000,2190.00000000,0.14815822
108.00000000,2191.00000000,0.14864244
108.00000000,2192.00000000,0.14912780
108.00000000,2193.00000000,0.14961436
108.00000000,2194.00000000,0.15010202
108.00000000,2195.00000000,0.15059075
108.00000000,2196.00000000,0.15108057
108.00000000,2197.00000000,0.15157140
108.00000000,2198.00000000,0.15206316
108.00000000,2199.00000000,0.15243769
108.00000000,2200.00000000,0.15281281
108.00000000,2201.00000000,0.15318845
108.00000000,2202.00000000,0.15356471
108.00000000,2203.00000000,0.15394153
108.00000000,2204.00000000,0.15431885
108.00000000,2205.00000000,0.15469679
108.00000000,2206.00000000,0.15507521
108.00000000,2207.00000000,0.15545420
108.00000000,2208.00000000,0.15583370
108.00000000,2209.00000000,0.15612202
108.00000000,2210.00000000,0.15641062
108.00000000,2211.00000000,0.15669944
108.00000000,2212.00000000,0.15698843
108.00000000,2213.00000000,0.15727772
108.00000000,2214.00000000,0.15756729
108.00000000,2215.00000000,0.15785693
108.00000000,2216.00000000,0.15814697
108.00000000,2217.00000000,0.15843708
108.00000000,2218.00000000,0.15872759
108.00000000,2219.00000000,0.15901827
108.00000000,2220.00000000,0.15930915
108.00000000,2221.00000000,0.15960030
108.00000000,2222.00000000,0.15989169
108.00000000,2223.00000000,0.16018327
108.00000000,2224.00000000,0.16047515
108.00000000,2225.00000000,0.16076725
108.00000000,2226.00000000,0.16105953
108.00000000,2227.00000000,0.16135208
108.00000000,2228.00000000,0.16164493
108.00000000,2229.00000000,0.16193789
108.00000000,2230.00000000,0.16223114
108.00000000,2231.00000000,0.16252456
108.00000000,2232.00000000,0.16281826
108.00000000,2233.00000000,0.16311217
108.00000000,2234.00000000,0.16340622
108.00000000,2235.00000000,0.16370055
108.00000000,2236.00000000,0.16399513
108.00000000,2237.00000000,0.16428979
108.00000000,2238.00000000,0.16458472
108.00000000,2239.00000000,0.16487982
108.00000000,2240.00000000,0.16517505
108.00000000,2241.00000000,0.16547049
108.00000000,2242.00000000,0.16576604
108.00000000,2243.00000000,0.16606181
108.00000000,2244.00000000,0.16635769
108.00000000,2245.00000000,0.16665364
108.00000000,2246.00000000,0.16694976
108.00000000,2247.00000000,0.16724598
108.00000000,2248.00000000,0.16754225
108.00000000,2249.00000000,0.16783847
108.00000000,2250.00000000,0.16813342
108.00000000,2251.00000000,0.16842490
108.00000000,2252.00000000,0.16871101
108.00000000,2253.00000000,0.16899049
108.00000000,2254.00000000,0.16926297
108.00000000,2255.00000000,0.16952814
108.00000000,2256.00000000,0.16978591
108.00000000,2257.00000000,0.17003631
108.00000000,2258.00000000,0.17027927
108.00000000,2259.00000000,0.16985701
108.00000000,2260.00000000,0.16942598
108.00000000,2261.00000000,0.16898645
108.00000000,2262.00000000,0.16853870
108.00000000,2263.00000000,0.16808324
108.00000000,2264.00000000,0.16762028
108.00000000,2265.00000000,0.16715005
108.00000000,2266.00000000,0.16667288
108.00000000,2267.00000000,0.16618887
108.00000000,2268.00000000,0.16569833
108.00000000,2269.00000000,0.16520142
108.00000000,2270.00000000,0.16469828
108.00000000,2271.00000000,0.16418916
108.00000000,2272.00000000,0.16367425
108.00000000,2273.00000000,0.16315363
108.00000000,2274.00000000,0.16262757
108.00000000,2275.00000000,0.16209620
108.00000000,2276.00000000,0.16155962
108.00000000,2277.00000000,0.16101808
108.00000000,2278.00000000,0.16047164
108.00000000,2279.00000000,0.15992057
108.00000000,2280.00000000,0.15936491
108.00000000,2281.00000000,0.15880480
108.00000000,2282.00000000,0.15824044
108.00000000,2283.00000000,0.15767191
108.00000000,2284.00000000,0.15709929
108.00000000,2285.00000000,0.15652278
108.00000000,2286.00000000,0.15594247
108.00000000,2287.00000000,0.15535842
108.00000000,2288.00000000,0.15477081
108.00000000,2289.00000000,0.15417974
108.00000000,2290.00000000,0.15358524
108.00000000,2291.00000000,0.15298752
108.00000000,2292.00000000,0.15238656
108.00000000,2293.00000000,0.15178255
108.00000000,2294.00000000,0.15117557
108.00000000,2295.00000000,0.15056563
108.00000000,2296.00000000,0.14995292
108.00000000,2297.00000000,0.14933747
108.00000000,2298.00000000,0.14871932
108.00000000,2299.00000000,0.14809864
108.00000000,2300.00000000,0.14747547
108.00000000,2301.00000000,0.14684983
108.00000000,2302.00000000,0.14622188
108.00000000,2303.00000000,0.14559158
108.00000000,2304.00000000,0.14495909
108.00000000,2305.00000000,0.14432443
108.00000000,2306.00000000,0.14368762
108.00000000,2307.00000000,0.14304880
108.00000000,2308.00000000,0.14240803
108.00000000,2309.00000000,0.14176528
108.00000000,2310.00000000,0.14112074
108.00000000,2311.00000000,0.14047439
108.00000000,2312.00000000,0.13982626
108.00000000,2313.00000000,0.13917650
108.00000000,2314.00000000,0.13852510
108.00000000,2315.00000000,0.13787208
108.00000000,2316.00000000,0.13721759
108.00000000,2317.00000000,0.13656157
108.00000000,2318.00000000,0.13590418
108.00000000,2319.00000000,0.13524540
108.00000000,2320.00000000,0.13458526
108.00000000,2321.00000000,0.13392387
108.00000000,2322.00000000,0.13326125
108.00000000,2323.00000000,0.13259738
108.00000000,2324.00000000,0.13193240
108.00000000,2325.00000000,0.13126632
108.00000000,2326.00000000,0.13059911
108.00000000,2327.00000000,0.12993092
108.00000000,2328.00000000,0.12926171
108.00000000,2329.00000000,0.12859157
108.00000000,2330.00000000,0.12792051
108.00000000,2331.00000000,0.12724853
108.00000000,2332.00000000,0.12657575
108.00000000,2333.00000000,0.12590216
108.00000000,2334.00000000,0.12522775
108.00000000,2335.00000000,0.12455263
108.00000000,2336.00000000,0.12387682
108.00000000,2337.00000000,0.12320029
108.00000000,2338.00000000,0.12252315
108.00000000,2339.00000000,0.12184535
108.00000000,2340.00000000,0.12116701
108.00000000,2341.00000000,0.12048813
108.00000000,2342.00000000,0.11980868
108.00000000,2343.00000000,0.11912877
108.00000000,2344.00000000,0.11844839
108.00000000,2345.00000000,0.11776755
108.00000000,2346.00000000,0.11708633
108.00000000,2347.00000000,0.11640472
108.00000000,2348.00000000,0.11572273
108.00000000,2349.00000000,0.11504045
108.00000000,2350.00000000,0.11435786
108.00000000,2351.00000000,0.11367498
108.00000000,2352.00000000,0.11299188
108.00000000,2353.00000000,0.11230853
108.00000000,2354.00000000,0.11162507
108.00000000,2355.00000000,0.11094148
108.00000000,2356.00000000,0.11025782
108.00000000,2357.00000000,0.10971864
108.00000000,2358.00000000,0.10960485
108.00000000,2359.00000000,0.10960745
108.00000000,2360.00000000,0.10961030
108.00000000,2361.00000000,0.10961338
108.00000000,2362.00000000,0.10961661
108.00000000,2363.00000000,0.10962010
108.00000000,2364.00000000,0.10964196
108.00000000,2365.00000000,0.10966407
108.00000000,2366.00000000,0.10968635
108.00000000,2367.00000000,0.10970879
108.00000000,2368.00000000,0.10973144
108.00000000,2369.00000000,0.10971823
108.00000000,2370.00000000,0.10970514
108.00000000,2371.00000000,0.10969223
108.00000000,2372.00000000,0.10967947
108.00000000,2373.00000000,0.10966682
108.00000000,2374.00000000,0.10965434
108.00000000,2375.00000000,0.10964201
108.00000000,2376.00000000,0.10962976
108.00000000,2377.00000000,0.10961769
108.00000000,2378.00000000,0.10960569
108.00000000,2379.00000000,0.10959387
108.00000000,2380.00000000,0.10958217
108.00000000,2381.00000000,0.10957054
108.00000000,2382.00000000,0.10955906
108.00000000,2383.00000000,0.10954769
108.00000000,2384.00000000,0.10953484
108.00000000,2385.00000000,0.10952213
108.00000000,2386.00000000,0.10950953
108.00000000,2387.00000000,0.10949698
108.00000000,2388.00000000,0.10948458
108.00000000,2389.00000000,0.10947222
108.00000000,2390.00000000,0.10946000
108.00000000,2391.00000000,0.10944788
108.00000000,2392.00000000,0.10943579
108.00000000,2393.00000000,0.10942384
108.00000000,2394.00000000,0.10941198
108.00000000,2395.00000000,0.10940014
108.00000000,2396.00000000,0.10938844
108.00000000,2397.00000000,0.10937681
108.00000000,2398.00000000,0.10936522
108.00000000,2399.00000000,0.10935375
108.00000000,2400.00000000,0.10934229
108.00000000,2401.00000000,0.10933096
108.00000000,2402.00000000,0.10931970
108.00000000,2403.00000000,0.10930848
108.00000000,2404.00000000,0.10929736
108.00000000,2405.00000000,0.10928632
108.00000000,2406.00000000,0.10927531
108.00000000,2407.00000000,0.10926441
108.00000000,2408.00000000,0.10925357
108.00000000,2409.00000000,0.10924623
108.00000000,2410.00000000,0.10923899
108.00000000,2411.00000000,0.10923183
108.00000000,2412.00000000,0.10922466
108.00000000,2413.00000000,0.10921762
108.00000000,2414.00000000,0.10921058
108.00000000,2415.00000000,0.10920365
108.00000000,2416.00000000,0.10919678
108.00000000,2417.00000000,0.10918990
108.00000000,2418.00000000,0.10918314
108.00000000,2419.00000000,0.10917643
108.00000000,2420.00000000,0.10916971
108.00000000,2421.00000000,0.10916309
108.00000000,2422.00000000,0.10915652
108.00000000,2423.00000000,0.10914995
108.00000000,2424.00000000,0.10914348
108.00000000,2425.00000000,0.10913699
108.00000000,2426.00000000,0.10913060
108.00000000,2427.00000000,0.10912425
108.00000000,2428.00000000,0.10911789
108.00000000,2429.00000000,0.10911162
108.00000000,2430.00000000,0.10910539
108.00000000,2431.00000000,0.10909914
108.00000000,2432.00000000,0.10909298
108.00000000,2433.00000000,0.10908686
108.00000000,2434.00000000,0.10908072
108.00000000,2435.00000000,0.10907467
108.00000000,2436.00000000,0.10906864
108.00000000,2437.00000000,0.10906260
108.00000000,2438.00000000,0.10905663
108.00000000,2439.00000000,0.10905065
108.00000000,2440.00000000,0.10904474
108.00000000,2441.00000000,0.10903888
108.00000000,2442.00000000,0.10903297
108.00000000,2443.00000000,0.10902714
108.00000000,2444.00000000,0.10902135
108.00000000,2445.00000000,0.10901552
108.00000000,2446.00000000,0.10900977
108.00000000,2447.00000000,0.10900404
108.00000000,2448.00000000,0.10899828
108.00000000,2449.00000000,0.10899260
108.00000000,2450.00000000,0.10898689
108.00000000,2451.00000000,0.10898124
108.00000000,2452.00000000,0.10897561
108.00000000,2453.00000000,0.10896995
108.00000000,2454.00000000,0.10896435
108.00000000,2455.00000000,0.10895877
108.00000000,2456.00000000,0.10895314
108.00000000,2457.00000000,0.10894758
108.00000000,2458.00000000,0.10894203
108.00000000,2459.00000000,0.10893544
108.00000000,2460.00000000,0.10892893
108.00000000,2461.00000000,0.10892242
108.00000000,2462.00000000,0.10891586
108.00000000,2463.00000000,0.10890937
108.00000000,2464.00000000,0.10890282
108.00000000,2465.00000000,0.10889635
108.00000000,2466.00000000,0.10888989
108.00000000,2467.00000000,0.10888336
108.00000000,2468.00000000,0.10887691
108.00000000,2469.00000000,0.10887046
108.00000000,2470.00000000,0.10886396
108.00000000,2471.00000000,0.10885752
108.00000000,2472.00000000,0.10885111
108.00000000,2473.00000000,0.10884462
108.00000000,2474.00000000,0.10883819
108.00000000,2475.00000000,0.10883172
108.00000000,2476.00000000,0.10882531
108.00000000,2477.00000000,0.10881891
108.00000000,2478.00000000,0.10881243
108.00000000,2479.00000000,0.10880603
108.00000000,2480.00000000,0.10879964
108.00000000,2481.00000000,0.10879318
108.00000000,2482.00000000,0.10878679
108.00000000,2483.00000000,0.10878040
108.00000000,2484.00000000,0.10877396
108.00000000,2485.00000000,0.10876757
108.00000000,2486.00000000,0.10876112
108.00000000,2487.00000000,0.10875475
108.00000000,2488.00000000,0.10874837
108.00000000,2489.00000000,0.10874193
108.00000000,2490.00000000,0.10873554
108.00000000,2491.00000000,0.10872917
108.00000000,2492.00000000,0.10872273
108.00000000,2493.00000000,0.10871635
108.00000000,2494.00000000,0.10870999
108.00000000,2495.00000000,0.10870354
108.00000000,2496.00000000,0.10869717
108.00000000,2497.00000000,0.10869079
108.00000000,2498.00000000,0.10868434
108.00000000,2499.00000000,0.10867797
108.00000000,2500.00000000,0.10867152
109.00000000,1765.00000000,0.07898970
109.00000000,1766.00000000,0.07898968
109.00000000,1767.00000000,0.07898975
109.00000000,1768.00000000,0.07898990
109.00000000,1769.00000000,0.07899018
109.00000000,1770.00000000,0.07899071
109.00000000,1771.00000000,0.07899109
109.00000000,1772.00000000,0.07899186
109.00000000,1773.00000000,0.07899271
109.00000000,1774.00000000,0.07899370
109.00000000,1775.00000000,0.07899484
109.00000000,1776.00000000,0.07899616
109.00000000,1777.00000000,0.07899769
109.00000000,1778.00000000,0.07899927
109.00000000,1779.00000000,0.07900100
109.00000000,1780.00000000,0.07900276
109.00000000,1781.00000000,0.07900484
109.00000000,1782.00000000,0.07900691
109.00000000,1783.00000000,0.07900923
109.00000000,1784.00000000,0.07901158
109.00000000,1785.00000000,0.07901411
109.00000000,1786.00000000,0.07901661
109.00000000,1787.00000000,0.07901927
109.00000000,1788.00000000,0.07902213
109.00000000,1789.00000000,0.07902497
109.00000000,1790.00000000,0.07902787
109.00000000,1791.00000000,0.07903087
109.00000000,1792.00000000,0.07903407
109.00000000,1793.00000000,0.07903720
109.00000000,1794.00000000,0.07904044
109.00000000,1795.00000000,0.07904374
109.00000000,1796.00000000,0.07904719
109.00000000,1797.00000000,0.07905063
109.00000000,1798.00000000,0.07905411
109.00000000,1799.00000000,0.07905768
109.00000000,1800.00000000,0.07906128
109.00000000,1801.00000000,0.07906491
109.00000000,1802.00000000,0.07906855
109.00000000,1803.00000000,0.07907228
109.00000000,1804.00000000,0.07907604
109.00000000,1805.00000000,0.07907982
109.00000000,1806.00000000,0.07908363
109.00000000,1807.00000000,0.07908748
109.00000000,1808.00000000,0.07909132
109.00000000,1809.00000000,0.07909519
109.00000000,1810.00000000,0.07909921
109.00000000,1811.00000000,0.07910316
109.00000000,1812.00000000,0.07910709
109.00000000,1813.00000000,0.07911122
109.00000000,1814.00000000,0.07911511
109.00000000,1815.00000000,0.07911917
109.00000000,1816.00000000,0.07912328
109.00000000,1817.00000000,0.07912737
109.00000000,1818.00000000,0.07913128
109.00000000,1819.00000000,0.07913543
109.00000000,1820.00000000,0.07913947
109.00000000,1821.00000000,0.07914355
109.00000000,1822.00000000,0.07914770
109.00000000,1823.00000000,0.07915173
109.00000000,1824.00000000,0.07915582
109.00000000,1825.00000000,0.07915992
109.00000000,1826.00000000,0.07916405
109.00000000,1827.00000000,0.07916807
109.00000000,1828.00000000,0.07917216
109.00000000,1829.00000000,0.07917628
109.00000000,1830.00000000,0.07918036
109.00000000,1831.00000000,0.07918444
109.00000000,1832.00000000,0.07918845
109.00000000,1833.00000000,0.07919248
109.00000000,1834.00000000,0.07919646
109.00000000,1835.00000000,0.07920049
109.00000000,1836.00000000,0.07920446
109.00000000,1837.00000000,0.07920846
109.00000000,1838.00000000,0.07921239
109.00000000,1839.00000000,0.07921635
109.00000000,1840.00000000,0.07922027
109.00000000,1841.00000000,0.07922417
109.00000000,1842.00000000,0.07922807
109.00000000,1843.00000000,0.07923192
109.00000000,1844.00000000,0.07923579
109.00000000,1845.00000000,0.07923967
109.00000000,1846.00000000,0.07924343
109.00000000,1847.00000000,0.07924725
109.00000000,1848.00000000,0.07925105
109.00000000,1849.00000000,0.07925478
109.00000000,1850.00000000,0.07925853
109.00000000,1851.00000000,0.07926218
109.00000000,1852.00000000,0.07926585
109.00000000,1853.00000000,0.07926986
109.00000000,1854.00000000,0.07927404
109.00000000,1855.00000000,0.07927820
109.00000000,1856.00000000,0.07928226
109.00000000,1857.00000000,0.07928627
109.00000000,1858.00000000,0.07929019
109.00000000,1859.00000000,0.07929407
109.00000000,1860.00000000,0.07929793
109.00000000,1861.00000000,0.07930178
109.00000000,1862.00000000,0.07930543
109.00000000,1863.00000000,0.07930847
109.00000000,1864.00000000,0.07931096
109.00000000,1865.00000000,0.07931311
109.00000000,1866.00000000,0.07931493
109.00000000,1867.00000000,0.07931648
109.00000000,1868.00000000,0.07931783
109.00000000,1869.00000000,0.07931893
109.00000000,1870.00000000,0.07931986
109.00000000,1871.00000000,0.07932070
109.00000000,1872.00000000,0.07932176
109.00000000,1873.00000000,0.07932365
109.00000000,1874.00000000,0.07932617
109.00000000,1875.00000000,0.07933636
109.00000000,1876.00000000,0.07933974
109.00000000,1877.00000000,0.07934344
109.00000000,1878.00000000,0.07934738
109.00000000,1879.00000000,0.07935160
109.00000000,1880.00000000,0.07935838
109.00000000,1881.00000000,0.07936284
109.00000000,1882.00000000,0.07936743
109.00000000,1883.00000000,0.07937160
109.00000000,1884.00000000,0.07937549
109.00000000,1885.00000000,0.07937918
109.00000000,1886.00000000,0.07938278
109.00000000,1887.00000000,0.07938627
109.00000000,1888.00000000,0.07938968
109.00000000,1889.00000000,0.07939285
109.00000000,1890.00000000,0.07939825
109.00000000,1891.00000000,0.07940094
109.00000000,1892.00000000,0.07940336
109.00000000,1893.00000000,0.07940574
109.00000000,1894.00000000,0.07940810
109.00000000,1895.00000000,0.07941071
109.00000000,1896.00000000,0.07941337
109.00000000,1897.00000000,0.07941602
109.00000000,1898.00000000,0.07941864
109.00000000,1899.00000000,0.07942107
109.00000000,1900.00000000,0.07942575
109.00000000,1901.00000000,0.07942772
109.00000000,1902.00000000,0.07942988
109.00000000,1903.00000000,0.07943216
109.00000000,1904.00000000,0.07943465
109.00000000,1905.00000000,0.07943734
109.00000000,1906.00000000,0.07944279
109.00000000,1907.00000000,0.07944599
109.00000000,1908.00000000,0.07944909
109.00000000,1909.00000000,0.07945467
109.00000000,1910.00000000,0.07945784
109.00000000,1911.00000000,0.07946578
109.00000000,1912.00000000,0.07946577
109.00000000,1913.00000000,0.07946727
109.00000000,1914.00000000,0.07946787
109.00000000,1915.00000000,0.07947045
109.00000000,1916.00000000,0.07947056
109.00000000,1917.00000000,0.07947069
109.00000000,1918.00000000,0.07947067
109.00000000,1919.00000000,0.07947074
109.00000000,1920.00000000,0.07947384
109.00000000,1921.00000000,0.07947524
109.00000000,1922.00000000,0.07947758
109.00000000,1923.00000000,0.07948068
109.00000000,1924.00000000,0.07948638
109.00000000,1925.00000000,0.07949197
109.00000000,1926.00000000,0.07949752
109.00000000,1927.00000000,0.07950064
109.00000000,1928.00000000,0.07950389
109.00000000,1929.00000000,0.07950712
109.00000000,1930.00000000,0.07951052
109.00000000,1931.00000000,0.07951749
109.00000000,1932.00000000,0.07952581
109.00000000,1933.00000000,0.07953243
109.00000000,1934.00000000,0.07954218
109.00000000,1935.00000000,0.07954946
109.00000000,1936.00000000,0.07955862
109.00000000,1937.00000000,0.07956441
109.00000000,1938.00000000,0.07956894
109.00000000,1939.00000000,0.07958727
109.00000000,1940.00000000,0.07958779
109.00000000,1941.00000000,0.07958978
109.00000000,1942.00000000,0.07959307
109.00000000,1943.00000000,0.07959329
109.00000000,1944.00000000,0.07959545
109.00000000,1945.00000000,0.07960494
109.00000000,1946.00000000,0.07960569
109.00000000,1947.00000000,0.07961065
109.00000000,1948.00000000,0.07961649
109.00000000,1949.00000000,0.07962483
109.00000000,1950.00000000,0.07963069
109.00000000,1951.00000000,0.07963889
109.00000000,1952.00000000,0.07964541
109.00000000,1953.00000000,0.07965465
109.00000000,1954.00000000,0.07966880
109.00000000,1955.00000000,0.07967340
109.00000000,1956.00000000,0.07968551
109.00000000,1957.00000000,0.07969249
109.00000000,1958.00000000,0.07970387
109.00000000,1959.00000000,0.07971716
109.00000000,1960.00000000,0.07971873
109.00000000,1961.00000000,0.07972599
109.00000000,1962.00000000,0.07972998
109.00000000,1963.00000000,0.07975255
109.00000000,1964.00000000,0.07975445
109.00000000,1965.00000000,0.07976227
109.00000000,1966.00000000,0.07975878
109.00000000,1967.00000000,0.07975397
109.00000000,1968.00000000,0.07975734
109.00000000,1969.00000000,0.07976575
109.00000000,1970.00000000,0.07976184
109.00000000,1971.00000000,0.07974953
109.00000000,1972.00000000,0.07974508
109.00000000,1973.00000000,0.07973953
109.00000000,1974.00000000,0.07972855
109.00000000,1975.00000000,0.07970617
109.00000000,1976.00000000,0.07969618
109.00000000,1977.00000000,0.07967872
109.00000000,1978.00000000,0.07966623
109.00000000,1979.00000000,0.07964878
109.00000000,1980.00000000,0.07964065
109.00000000,1981.00000000,0.07965215
109.00000000,1982.00000000,0.07965129
109.00000000,1983.00000000,0.07960381
109.00000000,1984.00000000,0.07961903
109.00000000,1985.00000000,0.07961076
109.00000000,1986.00000000,0.07960458
109.00000000,1987.00000000,0.07959563
109.00000000,1988.00000000,0.07961732
109.00000000,1989.00000000,0.07966794
109.00000000,1990.00000000,0.07967196
109.00000000,1991.00000000,0.07969025
109.00000000,1992.00000000,0.07971642
109.00000000,1993.00000000,0.07971174
109.00000000,1994.00000000,0.07970596
109.00000000,1995.00000000,0.07970608
109.00000000,1996.00000000,0.07973074
109.00000000,1997.00000000,0.07979863
109.00000000,1998.00000000,0.07978860
109.00000000,1999.00000000,0.07984873
109.00000000,2000.00000000,0.07987786
109.00000000,2001.00000000,0.07987317
109.00000000,2002.00000000,0.07985368
109.00000000,2003.00000000,0.07987568
109.00000000,2004.00000000,0.07992098
109.00000000,2005.00000000,0.07993963
109.00000000,2006.00000000,0.07997388
109.00000000,2007.00000000,0.08001403
109.00000000,2008.00000000,0.08009182
109.00000000,2009.00000000,0.08013054
109.00000000,2010.00000000,0.08014493
109.00000000,2011.00000000,0.08014732
109.00000000,2012.00000000,0.08023636
109.00000000,2013.00000000,0.08021701
109.00000000,2014.00000000,0.08027200
109.00000000,2015.00000000,0.08033630
109.00000000,2016.00000000,0.08047691
109.00000000,2017.00000000,0.08034866
109.00000000,2018.00000000,0.08038313
109.00000000,2019.00000000,0.08041257
109.00000000,2020.00000000,0.08039884
109.00000000,2021.00000000,0.08044492
109.00000000,2022.00000000,0.08053884
109.00000000,2023.00000000,0.08025674
109.00000000,2024.00000000,0.08016645
109.00000000,2025.00000000,0.08025356
109.00000000,2026.00000000,0.08031806
109.00000000,2027.00000000,0.08020821
109.00000000,2028.00000000,0.07983463
109.00000000,2029.00000000,0.08006721
109.00000000,2030.00000000,0.07969573
109.00000000,2031.00000000,0.07972859
109.00000000,2032.00000000,0.07995675
109.00000000,2033.00000000,0.07987246
109.00000000,2034.00000000,0.07983204
109.00000000,2035.00000000,0.07978110
109.00000000,2036.00000000,0.07989594
109.00000000,2037.00000000,0.07983094
109.00000000,2038.00000000,0.07994510
109.00000000,2039.00000000,0.07965495
109.00000000,2040.00000000,0.07931484
109.00000000,2041.00000000,0.07902090
109.00000000,2042.00000000,0.07905082
109.00000000,2043.00000000,0.07915895
109.00000000,2044.00000000,0.07920535
109.00000000,2045.00000000,0.07936443
109.00000000,2046.00000000,0.07946621
109.00000000,2047.00000000,0.07922835
109.00000000,2048.00000000,0.07926074
109.00000000,2049.00000000,0.07942375
109.00000000,2050.00000000,0.07941944
109.00000000,2051.00000000,0.07935214
109.00000000,2052.00000000,0.07937858
109.00000000,2053.00000000,0.07927350
109.00000000,2054.00000000,0.07867534
109.00000000,2055.00000000,0.07876836
109.00000000,2056.00000000,0.07903547
109.00000000,2057.00000000,0.07912656
109.00000000,2058.00000000,0.07892846
109.00000000,2059.00000000,0.07932575
109.00000000,2060.00000000,0.07955681
109.00000000,2061.00000000,0.07953830
109.00000000,2062.00000000,0.07955930
109.00000000,2063.00000000,0.07953434
109.00000000,2064.00000000,0.07985931
109.00000000,2065.00000000,0.08008862
109.00000000,2066.00000000,0.08022258
109.00000000,2067.00000000,0.08028632
109.00000000,2068.00000000,0.08051346
109.00000000,2069.00000000,0.08070388
109.00000000,2070.00000000,0.08067674
109.00000000,2071.00000000,0.08085081
109.00000000,2072.00000000,0.08112090
109.00000000,2073.00000000,0.08142020
109.00000000,2074.00000000,0.08167095
109.00000000,2075.00000000,0.08197562
109.00000000,2076.00000000,0.08216317
109.00000000,2077.00000000,0.08251074
109.00000000,2078.00000000,0.08293816
109.00000000,2079.00000000,0.08350890
109.00000000,2080.00000000,0.08381416
109.00000000,2081.00000000,0.08415007
109.00000000,2082.00000000,0.08463761
109.00000000,2083.00000000,0.08462822
109.00000000,2084.00000000,0.08453855
109.00000000,2085.00000000,0.08510312
109.00000000,2086.00000000,0.08540246
109.00000000,2087.00000000,0.08555082
109.00000000,2088.00000000,0.08615124
109.00000000,2089.00000000,0.08601735
109.00000000,2090.00000000,0.08564828
109.00000000,2091.00000000,0.08555025
109.00000000,2092.00000000,0.08550759
109.00000000,2093.00000000,0.08589642
109.00000000,2094.00000000,0.08623143
109.00000000,2095.00000000,0.08659519
109.00000000,2096.00000000,0.08691160
109.00000000,2097.00000000,0.08737767
109.00000000,2098.00000000,0.08765954
109.00000000,2099.00000000,0.08779195
109.00000000,2100.00000000,0.08800412
109.00000000,2101.00000000,0.08776910
109.00000000,2102.00000000,0.08780225
109.00000000,2103.00000000,0.08807982
109.00000000,2104.00000000,0.08838614
109.00000000,2105.00000000,0.08871255
109.00000000,2106.00000000,0.08897942
109.00000000,2107.00000000,0.08894804
109.00000000,2108.00000000,0.08894590
109.00000000,2109.00000000,0.08934484
109.00000000,2110.00000000,0.08973628
109.00000000,2111.00000000,0.08989994
109.00000000,2112.00000000,0.09067653
109.00000000,2113.00000000,0.09156111
109.00000000,2114.00000000,0.09226238
109.00000000,2115.00000000,0.09273348
109.00000000,2116.00000000,0.09320784
109.00000000,2117.00000000,0.09368547
109.00000000,2118.00000000,0.09416571
109.00000000,2119.00000000,0.09464860
109.00000000,2120.00000000,0.09528420
109.00000000,2121.00000000,0.09592241
109.00000000,2122.00000000,0.09656317
109.00000000,2123.00000000,0.09720638
109.00000000,2124.00000000,0.09785193
109.00000000,2125.00000000,0.09849981
109.00000000,2126.00000000,0.09914989
109.00000000,2127.00000000,0.09980210
109.00000000,2128.00000000,0.10045642
109.00000000,2129.00000000,0.10111272
109.00000000,2130.00000000,0.10170464
109.00000000,2131.00000000,0.10229847
109.00000000,2132.00000000,0.10289412
109.00000000,2133.00000000,0.10349162
109.00000000,2134.00000000,0.10409092
109.00000000,2135.00000000,0.10469197
109.00000000,2136.00000000,0.10529487
109.00000000,2137.00000000,0.10589956
109.00000000,2138.00000000,0.10650603
109.00000000,2139.00000000,0.10711438
109.00000000,2140.00000000,0.10786244
109.00000000,2141.00000000,0.10861234
109.00000000,2142.00000000,0.10936405
109.00000000,2143.00000000,0.11011754
109.00000000,2144.00000000,0.11087268
109.00000000,2145.00000000,0.11162948
109.00000000,2146.00000000,0.11238782
109.00000000,2147.00000000,0.11314771
109.00000000,2148.00000000,0.11390909
109.00000000,2149.00000000,0.11467184
109.00000000,2150.00000000,0.11553650
109.00000000,2151.00000000,0.11640315
109.00000000,2152.00000000,0.11727347
109.00000000,2153.00000000,0.11814916
109.00000000,2154.00000000,0.11903102
109.00000000,2155.00000000,0.11991940
109.00000000,2156.00000000,0.12081446
109.00000000,2157.00000000,0.12171607
109.00000000,2158.00000000,0.12262426
109.00000000,2159.00000000,0.12353879
109.00000000,2160.00000000,0.12445379
109.00000000,2161.00000000,0.12537482
109.00000000,2162.00000000,0.12630166
109.00000000,2163.00000000,0.12723408
109.00000000,2164.00000000,0.12817198
109.00000000,2165.00000000,0.12911513
109.00000000,2166.00000000,0.13006331
109.00000000,2167.00000000,0.13101642
109.00000000,2168.00000000,0.13197419
109.00000000,2169.00000000,0.13293636
109.00000000,2170.00000000,0.13368183
109.00000000,2171.00000000,0.13443099
109.00000000,2172.00000000,0.13518377
109.00000000,2173.00000000,0.13594004
109.00000000,2174.00000000,0.13669965
109.00000000,2175.00000000,0.13746256
109.00000000,2176.00000000,0.13822861
109.00000000,2177.00000000,0.13899765
109.00000000,2178.00000000,0.13976962
109.00000000,2179.00000000,0.14054435
109.00000000,2180.00000000,0.14112093
109.00000000,2181.00000000,0.14169965
109.00000000,2182.00000000,0.14228034
109.00000000,2183.00000000,0.14286306
109.00000000,2184.00000000,0.14344769
109.00000000,2185.00000000,0.14403412
109.00000000,2186.00000000,0.14462244
109.00000000,2187.00000000,0.14521248
109.00000000,2188.00000000,0.14580414
109.00000000,2189.00000000,0.14639745
109.00000000,2190.00000000,0.14687932
109.00000000,2191.00000000,0.14736230
109.00000000,2192.00000000,0.14784653
109.00000000,2193.00000000,0.14833188
109.00000000,2194.00000000,0.14881838
109.00000000,2195.00000000,0.14930598
109.00000000,2196.00000000,0.14979460
109.00000000,2197.00000000,0.15028431
109.00000000,2198.00000000,0.15077501
109.00000000,2199.00000000,0.15126661
109.00000000,2200.00000000,0.15164158
109.00000000,2201.00000000,0.15201713
109.00000000,2202.00000000,0.15239313
109.00000000,2203.00000000,0.15276977
109.00000000,2204.00000000,0.15314700
109.00000000,2205.00000000,0.15352466
109.00000000,2206.00000000,0.15390297
109.00000000,2207.00000000,0.15428168
109.00000000,2208.00000000,0.15466105
109.00000000,2209.00000000,0.15504085
109.00000000,2210.00000000,0.15532994
109.00000000,2211.00000000,0.15561929
109.00000000,2212.00000000,0.15590887
109.00000000,2213.00000000,0.15619861
109.00000000,2214.00000000,0.15648864
109.00000000,2215.00000000,0.15677889
109.00000000,2216.00000000,0.15706932
109.00000000,2217.00000000,0.15736004
109.00000000,2218.00000000,0.15765092
109.00000000,2219.00000000,0.15794211
109.00000000,2220.00000000,0.15823351
109.00000000,2221.00000000,0.15852511
109.00000000,2222.00000000,0.15881699
109.00000000,2223.00000000,0.15910916
109.00000000,2224.00000000,0.15940145
109.00000000,2225.00000000,0.15969405
109.00000000,2226.00000000,0.15998688
109.00000000,2227.00000000,0.16027988
109.00000000,2228.00000000,0.16057317
109.00000000,2229.00000000,0.16086672
109.00000000,2230.00000000,0.16116043
109.00000000,2231.00000000,0.16145441
109.00000000,2232.00000000,0.16174859
109.00000000,2233.00000000,0.16204307
109.00000000,2234.00000000,0.16233773
109.00000000,2235.00000000,0.16263255
109.00000000,2236.00000000,0.16292765
109.00000000,2237.00000000,0.16322296
109.00000000,2238.00000000,0.16351842
109.00000000,2239.00000000,0.16381416
109.00000000,2240.00000000,0.16411006
109.00000000,2241.00000000,0.16440609
109.00000000,2242.00000000,0.16470234
109.00000000,2243.00000000,0.16499870
109.00000000,2244.00000000,0.16529527
109.00000000,2245.00000000,0.16559201
109.00000000,2246.00000000,0.16588881
109.00000000,2247.00000000,0.16618579
109.00000000,2248.00000000,0.16648289
109.00000000,2249.00000000,0.16677982
109.00000000,2250.00000000,0.16707559
109.00000000,2251.00000000,0.16736804
109.00000000,2252.00000000,0.16765503
109.00000000,2253.00000000,0.16793557
109.00000000,2254.00000000,0.16820906
109.00000000,2255.00000000,0.16847542
109.00000000,2256.00000000,0.16873453
109.00000000,2257.00000000,0.16898628
109.00000000,2258.00000000,0.16923076
109.00000000,2259.00000000,0.16946795
109.00000000,2260.00000000,0.16904321
109.00000000,2261.00000000,0.16860997
109.00000000,2262.00000000,0.16816856
109.00000000,2263.00000000,0.16771928
109.00000000,2264.00000000,0.16726256
109.00000000,2265.00000000,0.16679855
109.00000000,2266.00000000,0.16632746
109.00000000,2267.00000000,0.16584962
109.00000000,2268.00000000,0.16536511
109.00000000,2269.00000000,0.16487423
109.00000000,2270.00000000,0.16437716
109.00000000,2271.00000000,0.16387398
109.00000000,2272.00000000,0.16336499
109.00000000,2273.00000000,0.16285035
109.00000000,2274.00000000,0.16233012
109.00000000,2275.00000000,0.16180459
109.00000000,2276.00000000,0.16127388
109.00000000,2277.00000000,0.16073808
109.00000000,2278.00000000,0.16019745
109.00000000,2279.00000000,0.15965203
109.00000000,2280.00000000,0.15910209
109.00000000,2281.00000000,0.15854766
109.00000000,2282.00000000,0.15798888
109.00000000,2283.00000000,0.15742595
109.00000000,2284.00000000,0.15685895
109.00000000,2285.00000000,0.15628794
109.00000000,2286.00000000,0.15571312
109.00000000,2287.00000000,0.15513460
109.00000000,2288.00000000,0.15455241
109.00000000,2289.00000000,0.15396675
109.00000000,2290.00000000,0.15337768
109.00000000,2291.00000000,0.15278526
109.00000000,2292.00000000,0.15218969
109.00000000,2293.00000000,0.15159095
109.00000000,2294.00000000,0.15098924
109.00000000,2295.00000000,0.15038458
109.00000000,2296.00000000,0.14977703
109.00000000,2297.00000000,0.14916678
109.00000000,2298.00000000,0.14855384
109.00000000,2299.00000000,0.14793825
109.00000000,2300.00000000,0.14732019
109.00000000,2301.00000000,0.14669966
109.00000000,2302.00000000,0.14607671
109.00000000,2303.00000000,0.14545148
109.00000000,2304.00000000,0.14482394
109.00000000,2305.00000000,0.14419425
109.00000000,2306.00000000,0.14356243
109.00000000,2307.00000000,0.14292849
109.00000000,2308.00000000,0.14229260
109.00000000,2309.00000000,0.14165478
109.00000000,2310.00000000,0.14101501
109.00000000,2311.00000000,0.14037348
109.00000000,2312.00000000,0.13973016
109.00000000,2313.00000000,0.13908513
109.00000000,2314.00000000,0.13843845
109.00000000,2315.00000000,0.13779019
109.00000000,2316.00000000,0.13714034
109.00000000,2317.00000000,0.13648901
109.00000000,2318.00000000,0.13583622
109.00000000,2319.00000000,0.13518204
109.00000000,2320.00000000,0.13452652
109.00000000,2321.00000000,0.13386966
109.00000000,2322.00000000,0.13321156
109.00000000,2323.00000000,0.13255224
109.00000000,2324.00000000,0.13189171
109.00000000,2325.00000000,0.13123009
109.00000000,2326.00000000,0.13056736
109.00000000,2327.00000000,0.12990353
109.00000000,2328.00000000,0.12923874
109.00000000,2329.00000000,0.12857291
109.00000000,2330.00000000,0.12790620
109.00000000,2331.00000000,0.12723857
109.00000000,2332.00000000,0.12657005
109.00000000,2333.00000000,0.12590073
109.00000000,2334.00000000,0.12523060
109.00000000,2335.00000000,0.12455966
109.00000000,2336.00000000,0.12388804
109.00000000,2337.00000000,0.12321572
109.00000000,2338.00000000,0.12254269
109.00000000,2339.00000000,0.12186906
109.00000000,2340.00000000,0.12119478
109.00000000,2341.00000000,0.12051997
109.00000000,2342.00000000,0.11984461
109.00000000,2343.00000000,0.11916870
109.00000000,2344.00000000,0.11849233
109.00000000,2345.00000000,0.11781550
109.00000000,2346.00000000,0.11713821
109.00000000,2347.00000000,0.11646055
109.00000000,2348.00000000,0.11578250
109.00000000,2349.00000000,0.11510408
109.00000000,2350.00000000,0.11442536
109.00000000,2351.00000000,0.11374634
109.00000000,2352.00000000,0.11306703
109.00000000,2353.00000000,0.11238751
109.00000000,2354.00000000,0.11170774
109.00000000,2355.00000000,0.11102786
109.00000000,2356.00000000,0.11034786
109.00000000,2357.00000000,0.10966778
109.00000000,2358.00000000,0.10913142
109.00000000,2359.00000000,0.10901819
109.00000000,2360.00000000,0.10902075
109.00000000,2361.00000000,0.10902355
109.00000000,2362.00000000,0.10902658
109.00000000,2363.00000000,0.10902975
109.00000000,2364.00000000,0.10903319
109.00000000,2365.00000000,0.10905491
109.00000000,2366.00000000,0.10907685
109.00000000,2367.00000000,0.10909898
109.00000000,2368.00000000,0.10912126
109.00000000,2369.00000000,0.10914376
109.00000000,2370.00000000,0.10913057
109.00000000,2371.00000000,0.10911751
109.00000000,2372.00000000,0.10910464
109.00000000,2373.00000000,0.10909191
109.00000000,2374.00000000,0.10907928
109.00000000,2375.00000000,0.10906684
109.00000000,2376.00000000,0.10905452
109.00000000,2377.00000000,0.10904230
109.00000000,2378.00000000,0.10903025
109.00000000,2379.00000000,0.10901828
109.00000000,2380.00000000,0.10900648
109.00000000,2381.00000000,0.10899479
109.00000000,2382.00000000,0.10898318
109.00000000,2383.00000000,0.10897173
109.00000000,2384.00000000,0.10896039
109.00000000,2385.00000000,0.10894756
109.00000000,2386.00000000,0.10893488
109.00000000,2387.00000000,0.10892229
109.00000000,2388.00000000,0.10890977
109.00000000,2389.00000000,0.10889738
109.00000000,2390.00000000,0.10888506
109.00000000,2391.00000000,0.10887285
109.00000000,2392.00000000,0.10886074
109.00000000,2393.00000000,0.10884869
109.00000000,2394.00000000,0.10883676
109.00000000,2395.00000000,0.10882491
109.00000000,2396.00000000,0.10881309
109.00000000,2397.00000000,0.10880141
109.00000000,2398.00000000,0.10878980
109.00000000,2399.00000000,0.10877821
109.00000000,2400.00000000,0.10876675
109.00000000,2401.00000000,0.10875533
109.00000000,2402.00000000,0.10874401
109.00000000,2403.00000000,0.10873277
109.00000000,2404.00000000,0.10872157
109.00000000,2405.00000000,0.10871047
109.00000000,2406.00000000,0.10869945
109.00000000,2407.00000000,0.10868846
109.00000000,2408.00000000,0.10867757
109.00000000,2409.00000000,0.10866676
109.00000000,2410.00000000,0.10865941
109.00000000,2411.00000000,0.10865217
109.00000000,2412.00000000,0.10864500
109.00000000,2413.00000000,0.10863784
109.00000000,2414.00000000,0.10863079
109.00000000,2415.00000000,0.10862375
109.00000000,2416.00000000,0.10861680
109.00000000,2417.00000000,0.10860993
109.00000000,2418.00000000,0.10860305
109.00000000,2419.00000000,0.10859627
109.00000000,2420.00000000,0.10858955
109.00000000,2421.00000000,0.10858283
109.00000000,2422.00000000,0.10857621
109.00000000,2423.00000000,0.10856962
109.00000000,2424.00000000,0.10856305
109.00000000,2425.00000000,0.10855656
109.00000000,2426.00000000,0.10855007
109.00000000,2427.00000000,0.10854366
109.00000000,2428.00000000,0.10853730
109.00000000,2429.00000000,0.10853094
109.00000000,2430.00000000,0.10852466
109.00000000,2431.00000000,0.10851841
109.00000000,2432.00000000,0.10851215
109.00000000,2433.00000000,0.10850598
109.00000000,2434.00000000,0.10849984
109.00000000,2435.00000000,0.10849369
109.00000000,2436.00000000,0.10848762
109.00000000,2437.00000000,0.10848158
109.00000000,2438.00000000,0.10847552
109.00000000,2439.00000000,0.10846954
109.00000000,2440.00000000,0.10846354
109.00000000,2441.00000000,0.10845761
109.00000000,2442.00000000,0.10845173
109.00000000,2443.00000000,0.10844581
109.00000000,2444.00000000,0.10843996
109.00000000,2445.00000000,0.10843415
109.00000000,2446.00000000,0.10842831
109.00000000,2447.00000000,0.10842254
109.00000000,2448.00000000,0.10841679
109.00000000,2449.00000000,0.10841102
109.00000000,2450.00000000,0.10840532
109.00000000,2451.00000000,0.10839958
109.00000000,2452.00000000,0.10839391
109.00000000,2453.00000000,0.10838827
109.00000000,2454.00000000,0.10838257
109.00000000,2455.00000000,0.10837696
109.00000000,2456.00000000,0.10837135
109.00000000,2457.00000000,0.10836570
109.00000000,2458.00000000,0.10836011
109.00000000,2459.00000000,0.10835453
109.00000000,2460.00000000,0.10834793
109.00000000,2461.00000000,0.10834140
109.00000000,2462.00000000,0.10833487
109.00000000,2463.00000000,0.10832828
109.00000000,2464.00000000,0.10832178
109.00000000,2465.00000000,0.10831521
109.00000000,2466.00000000,0.10830872
109.00000000,2467.00000000,0.10830224
109.00000000,2468.00000000,0.10829569
109.00000000,2469.00000000,0.10828922
109.00000000,2470.00000000,0.10828276
109.00000000,2471.00000000,0.10827623
109.00000000,2472.00000000,0.10826978
109.00000000,2473.00000000,0.10826333
109.00000000,2474.00000000,0.10825681
109.00000000,2475.00000000,0.10825038
109.00000000,2476.00000000,0.10824388
109.00000000,2477.00000000,0.10823745
109.00000000,2478.00000000,0.10823102
109.00000000,2479.00000000,0.10822453
109.00000000,2480.00000000,0.10821812
109.00000000,2481.00000000,0.10821171
109.00000000,2482.00000000,0.10820522
109.00000000,2483.00000000,0.10819881
109.00000000,2484.00000000,0.10819240
109.00000000,2485.00000000,0.10818594
109.00000000,2486.00000000,0.10817953
109.00000000,2487.00000000,0.10817306
109.00000000,2488.00000000,0.10816667
109.00000000,2489.00000000,0.10816027
109.00000000,2490.00000000,0.10815380
109.00000000,2491.00000000,0.10814741
109.00000000,2492.00000000,0.10814102
109.00000000,2493.00000000,0.10813455
109.00000000,2494.00000000,0.10812815
109.00000000,2495.00000000,0.10812177
109.00000000,2496.00000000,0.10811530
109.00000000,2497.00000000,0.10810891
109.00000000,2498.00000000,0.10810251
109.00000000,2499.00000000,0.10809604
109.00000000,2500.00000000,0.10808964
110.00000000,1765.00000000,0.07850238
110.00000000,1766.00000000,0.07850233
110.00000000,1767.00000000,0.07850236
110.00000000,1768.00000000,0.07850252
110.00000000,1769.00000000,0.07850279
110.00000000,1770.00000000,0.07850320
110.00000000,1771.00000000,0.07850388
110.00000000,1772.00000000,0.07850440
110.00000000,1773.00000000,0.07850532
110.00000000,1774.00000000,0.07850631
110.00000000,1775.00000000,0.07850745
110.00000000,1776.00000000,0.07850873
110.00000000,1777.00000000,0.07851019
110.00000000,1778.00000000,0.07851187
110.00000000,1779.00000000,0.07851357
110.00000000,1780.00000000,0.07851543
110.00000000,1781.00000000,0.07851732
110.00000000,1782.00000000,0.07851949
110.00000000,1783.00000000,0.07852168
110.00000000,1784.00000000,0.07852410
110.00000000,1785.00000000,0.07852654
110.00000000,1786.00000000,0.07852917
110.00000000,1787.00000000,0.07853176
110.00000000,1788.00000000,0.07853449
110.00000000,1789.00000000,0.07853744
110.00000000,1790.00000000,0.07854034
110.00000000,1791.00000000,0.07854332
110.00000000,1792.00000000,0.07854638
110.00000000,1793.00000000,0.07854962
110.00000000,1794.00000000,0.07855281
110.00000000,1795.00000000,0.07855610
110.00000000,1796.00000000,0.07855944
110.00000000,1797.00000000,0.07856294
110.00000000,1798.00000000,0.07856642
110.00000000,1799.00000000,0.07856992
110.00000000,1800.00000000,0.07857353
110.00000000,1801.00000000,0.07857715
110.00000000,1802.00000000,0.07858079
110.00000000,1803.00000000,0.07858445
110.00000000,1804.00000000,0.07858819
110.00000000,1805.00000000,0.07859197
110.00000000,1806.00000000,0.07859576
110.00000000,1807.00000000,0.07859958
110.00000000,1808.00000000,0.07860344
110.00000000,1809.00000000,0.07860729
110.00000000,1810.00000000,0.07861116
110.00000000,1811.00000000,0.07861519
110.00000000,1812.00000000,0.07861914
110.00000000,1813.00000000,0.07862306
110.00000000,1814.00000000,0.07862719
110.00000000,1815.00000000,0.07863108
110.00000000,1816.00000000,0.07863513
110.00000000,1817.00000000,0.07863922
110.00000000,1818.00000000,0.07864329
110.00000000,1819.00000000,0.07864718
110.00000000,1820.00000000,0.07865131
110.00000000,1821.00000000,0.07865534
110.00000000,1822.00000000,0.07865941
110.00000000,1823.00000000,0.07866354
110.00000000,1824.00000000,0.07866755
110.00000000,1825.00000000,0.07867161
110.00000000,1826.00000000,0.07867568
110.00000000,1827.00000000,0.07867978
110.00000000,1828.00000000,0.07868377
110.00000000,1829.00000000,0.07868783
110.00000000,1830.00000000,0.07869192
110.00000000,1831.00000000,0.07869595
110.00000000,1832.00000000,0.07869999
110.00000000,1833.00000000,0.07870396
110.00000000,1834.00000000,0.07870794
110.00000000,1835.00000000,0.07871189
110.00000000,1836.00000000,0.07871588
110.00000000,1837.00000000,0.07871981
110.00000000,1838.00000000,0.07872377
110.00000000,1839.00000000,0.07872764
110.00000000,1840.00000000,0.07873156
110.00000000,1841.00000000,0.07873543
110.00000000,1842.00000000,0.07873928
110.00000000,1843.00000000,0.07874315
110.00000000,1844.00000000,0.07874693
110.00000000,1845.00000000,0.07875075
110.00000000,1846.00000000,0.07875458
110.00000000,1847.00000000,0.07875827
110.00000000,1848.00000000,0.07876203
110.00000000,1849.00000000,0.07876580
110.00000000,1850.00000000,0.07876945
110.00000000,1851.00000000,0.07877312
110.00000000,1852.00000000,0.07877669
110.00000000,1853.00000000,0.07878068
110.00000000,1854.00000000,0.07878483
110.00000000,1855.00000000,0.07878892
110.00000000,1856.00000000,0.07879294
110.00000000,1857.00000000,0.07879688
110.00000000,1858.00000000,0.07880077
110.00000000,1859.00000000,0.07880460
110.00000000,1860.00000000,0.07880840
110.00000000,1861.00000000,0.07881215
110.00000000,1862.00000000,0.07881578
110.00000000,1863.00000000,0.07881875
110.00000000,1864.00000000,0.07882120
110.00000000,1865.00000000,0.07882327
110.00000000,1866.00000000,0.07882502
110.00000000,1867.00000000,0.07882651
110.00000000,1868.00000000,0.07882777
110.00000000,1869.00000000,0.07882881
110.00000000,1870.00000000,0.07882965
110.00000000,1871.00000000,0.07883040
110.00000000,1872.00000000,0.07883136
110.00000000,1873.00000000,0.07883312
110.00000000,1874.00000000,0.07883553
110.00000000,1875.00000000,0.07883836
110.00000000,1876.00000000,0.07884877
110.00000000,1877.00000000,0.07885231
110.00000000,1878.00000000,0.07885614
110.00000000,1879.00000000,0.07886020
110.00000000,1880.00000000,0.07886444
110.00000000,1881.00000000,0.07887121
110.00000000,1882.00000000,0.07887562
110.00000000,1883.00000000,0.07887970
110.00000000,1884.00000000,0.07888342
110.00000000,1885.00000000,0.07888701
110.00000000,1886.00000000,0.07889047
110.00000000,1887.00000000,0.07889390
110.00000000,1888.00000000,0.07889718
110.00000000,1889.00000000,0.07890026
110.00000000,1890.00000000,0.07890310
110.00000000,1891.00000000,0.07890809
110.00000000,1892.00000000,0.07891043
110.00000000,1893.00000000,0.07891269
110.00000000,1894.00000000,0.07891502
110.00000000,1895.00000000,0.07891749
110.00000000,1896.00000000,0.07892007
110.00000000,1897.00000000,0.07892266
110.00000000,1898.00000000,0.07892515
110.00000000,1899.00000000,0.07892754
110.00000000,1900.00000000,0.07892963
110.00000000,1901.00000000,0.07893398
110.00000000,1902.00000000,0.07893609
110.00000000,1903.00000000,0.07893826
110.00000000,1904.00000000,0.07894067
110.00000000,1905.00000000,0.07894329
110.00000000,1906.00000000,0.07894619
110.00000000,1907.00000000,0.07895177
110.00000000,1908.00000000,0.07895481
110.00000000,1909.00000000,0.07895783
110.00000000,1910.00000000,0.07896336
110.00000000,1911.00000000,0.07896636
110.00000000,1912.00000000,0.07897357
110.00000000,1913.00000000,0.07897261
110.00000000,1914.00000000,0.07897313
110.00000000,1915.00000000,0.07897321
110.00000000,1916.00000000,0.07897573
110.00000000,1917.00000000,0.07897576
110.00000000,1918.00000000,0.07897569
110.00000000,1919.00000000,0.07897573
110.00000000,1920.00000000,0.07897630
110.00000000,1921.00000000,0.07898006
110.00000000,1922.00000000,0.07898236
110.00000000,1923.00000000,0.07898536
110.00000000,1924.00000000,0.07898856
110.00000000,1925.00000000,0.07899403
110.00000000,1926.00000000,0.07899949
110.00000000,1927.00000000,0.07900496
110.00000000,1928.00000000,0.07900814
110.00000000,1929.00000000,0.07901130
110.00000000,1930.00000000,0.07901465
110.00000000,1931.00000000,0.07901908
110.00000000,1932.00000000,0.07902728
110.00000000,1933.00000000,0.07903632
110.00000000,1934.00000000,0.07904343
110.00000000,1935.00000000,0.07905302
110.00000000,1936.00000000,0.07905969
110.00000000,1937.00000000,0.07906778
110.00000000,1938.00000000,0.07907220
110.00000000,1939.00000000,0.07907576
110.00000000,1940.00000000,0.07909321
110.00000000,1941.00000000,0.07909268
110.00000000,1942.00000000,0.07909348
110.00000000,1943.00000000,0.07909606
110.00000000,1944.00000000,0.07909570
110.00000000,1945.00000000,0.07909773
110.00000000,1946.00000000,0.07910813
110.00000000,1947.00000000,0.07911054
110.00000000,1948.00000000,0.07911626
110.00000000,1949.00000000,0.07912209
110.00000000,1950.00000000,0.07913022
110.00000000,1951.00000000,0.07913584
110.00000000,1952.00000000,0.07914467
110.00000000,1953.00000000,0.07915131
110.00000000,1954.00000000,0.07916043
110.00000000,1955.00000000,0.07917472
110.00000000,1956.00000000,0.07917928
110.00000000,1957.00000000,0.07919098
110.00000000,1958.00000000,0.07919736
110.00000000,1959.00000000,0.07920802
110.00000000,1960.00000000,0.07921924
110.00000000,1961.00000000,0.07921898
110.00000000,1962.00000000,0.07922525
110.00000000,1963.00000000,0.07922823
110.00000000,1964.00000000,0.07924951
110.00000000,1965.00000000,0.07924995
110.00000000,1966.00000000,0.07925617
110.00000000,1967.00000000,0.07925132
110.00000000,1968.00000000,0.07924489
110.00000000,1969.00000000,0.07924596
110.00000000,1970.00000000,0.07925174
110.00000000,1971.00000000,0.07924433
110.00000000,1972.00000000,0.07922774
110.00000000,1973.00000000,0.07921958
110.00000000,1974.00000000,0.07921093
110.00000000,1975.00000000,0.07919815
110.00000000,1976.00000000,0.07917532
110.00000000,1977.00000000,0.07916546
110.00000000,1978.00000000,0.07914786
110.00000000,1979.00000000,0.07913500
110.00000000,1980.00000000,0.07911685
110.00000000,1981.00000000,0.07910851
110.00000000,1982.00000000,0.07912187
110.00000000,1983.00000000,0.07912526
110.00000000,1984.00000000,0.07908225
110.00000000,1985.00000000,0.07910049
110.00000000,1986.00000000,0.07909410
110.00000000,1987.00000000,0.07908875
110.00000000,1988.00000000,0.07907996
110.00000000,1989.00000000,0.07910113
110.00000000,1990.00000000,0.07915074
110.00000000,1991.00000000,0.07915440
110.00000000,1992.00000000,0.07917301
110.00000000,1993.00000000,0.07919946
110.00000000,1994.00000000,0.07919593
110.00000000,1995.00000000,0.07919097
110.00000000,1996.00000000,0.07919115
110.00000000,1997.00000000,0.07921507
110.00000000,1998.00000000,0.07928170
110.00000000,1999.00000000,0.07927148
110.00000000,2000.00000000,0.07933131
110.00000000,2001.00000000,0.07935991
110.00000000,2002.00000000,0.07935462
110.00000000,2003.00000000,0.07933522
110.00000000,2004.00000000,0.07935580
110.00000000,2005.00000000,0.07939789
110.00000000,2006.00000000,0.07941224
110.00000000,2007.00000000,0.07944207
110.00000000,2008.00000000,0.07947814
110.00000000,2009.00000000,0.07955200
110.00000000,2010.00000000,0.07958737
110.00000000,2011.00000000,0.07959877
110.00000000,2012.00000000,0.07959834
110.00000000,2013.00000000,0.07968388
110.00000000,2014.00000000,0.07966170
110.00000000,2015.00000000,0.07971339
110.00000000,2016.00000000,0.07977440
110.00000000,2017.00000000,0.07991127
110.00000000,2018.00000000,0.07978127
110.00000000,2019.00000000,0.07981299
110.00000000,2020.00000000,0.07983981
110.00000000,2021.00000000,0.07982398
110.00000000,2022.00000000,0.07986771
110.00000000,2023.00000000,0.07995921
110.00000000,2024.00000000,0.07967758
110.00000000,2025.00000000,0.07958656
110.00000000,2026.00000000,0.07967181
110.00000000,2027.00000000,0.07973476
110.00000000,2028.00000000,0.07962465
110.00000000,2029.00000000,0.07925274
110.00000000,2030.00000000,0.07948279
110.00000000,2031.00000000,0.07911304
110.00000000,2032.00000000,0.07914461
110.00000000,2033.00000000,0.07936985
110.00000000,2034.00000000,0.07928467
110.00000000,2035.00000000,0.07924295
110.00000000,2036.00000000,0.07919077
110.00000000,2037.00000000,0.07930318
110.00000000,2038.00000000,0.07923707
110.00000000,2039.00000000,0.07934884
110.00000000,2040.00000000,0.07905931
110.00000000,2041.00000000,0.07872020
110.00000000,2042.00000000,0.07842675
110.00000000,2043.00000000,0.07845462
110.00000000,2044.00000000,0.07856001
110.00000000,2045.00000000,0.07860404
110.00000000,2046.00000000,0.07875994
110.00000000,2047.00000000,0.07885899
110.00000000,2048.00000000,0.07862099
110.00000000,2049.00000000,0.07865127
110.00000000,2050.00000000,0.07881129
110.00000000,2051.00000000,0.07880530
110.00000000,2052.00000000,0.07873686
110.00000000,2053.00000000,0.07876158
110.00000000,2054.00000000,0.07865584
110.00000000,2055.00000000,0.07806085
110.00000000,2056.00000000,0.07815184
110.00000000,2057.00000000,0.07841565
110.00000000,2058.00000000,0.07850484
110.00000000,2059.00000000,0.07830708
110.00000000,2060.00000000,0.07870023
110.00000000,2061.00000000,0.07892858
110.00000000,2062.00000000,0.07890978
110.00000000,2063.00000000,0.07893076
110.00000000,2064.00000000,0.07890656
110.00000000,2065.00000000,0.07922980
110.00000000,2066.00000000,0.07945823
110.00000000,2067.00000000,0.07959211
110.00000000,2068.00000000,0.07965631
110.00000000,2069.00000000,0.07988261
110.00000000,2070.00000000,0.08007242
110.00000000,2071.00000000,0.08004645
110.00000000,2072.00000000,0.08022051
110.00000000,2073.00000000,0.08049027
110.00000000,2074.00000000,0.08078925
110.00000000,2075.00000000,0.08104021
110.00000000,2076.00000000,0.08134468
110.00000000,2077.00000000,0.08153288
110.00000000,2078.00000000,0.08187984
110.00000000,2079.00000000,0.08230595
110.00000000,2080.00000000,0.08287423
110.00000000,2081.00000000,0.08317898
110.00000000,2082.00000000,0.08351428
110.00000000,2083.00000000,0.08400030
110.00000000,2084.00000000,0.08399311
110.00000000,2085.00000000,0.08390620
110.00000000,2086.00000000,0.08446871
110.00000000,2087.00000000,0.08476784
110.00000000,2088.00000000,0.08491699
110.00000000,2089.00000000,0.08551484
110.00000000,2090.00000000,0.08538358
110.00000000,2091.00000000,0.08501883
110.00000000,2092.00000000,0.08492330
110.00000000,2093.00000000,0.08488294
110.00000000,2094.00000000,0.08527104
110.00000000,2095.00000000,0.08560573
110.00000000,2096.00000000,0.08596894
110.00000000,2097.00000000,0.08628507
110.00000000,2098.00000000,0.08674972
110.00000000,2099.00000000,0.08703137
110.00000000,2100.00000000,0.08716456
110.00000000,2101.00000000,0.08737692
110.00000000,2102.00000000,0.08714538
110.00000000,2103.00000000,0.08718031
110.00000000,2104.00000000,0.08745803
110.00000000,2105.00000000,0.08776430
110.00000000,2106.00000000,0.08809047
110.00000000,2107.00000000,0.08835746
110.00000000,2108.00000000,0.08832816
110.00000000,2109.00000000,0.08832779
110.00000000,2110.00000000,0.08872571
110.00000000,2111.00000000,0.08911609
110.00000000,2112.00000000,0.08928016
110.00000000,2113.00000000,0.09005297
110.00000000,2114.00000000,0.09093298
110.00000000,2115.00000000,0.09163086
110.00000000,2116.00000000,0.09210005
110.00000000,2117.00000000,0.09257243
110.00000000,2118.00000000,0.09304801
110.00000000,2119.00000000,0.09352614
110.00000000,2120.00000000,0.09400682
110.00000000,2121.00000000,0.09463919
110.00000000,2122.00000000,0.09527410
110.00000000,2123.00000000,0.09591152
110.00000000,2124.00000000,0.09655134
110.00000000,2125.00000000,0.09719344
110.00000000,2126.00000000,0.09783784
110.00000000,2127.00000000,0.09848442
110.00000000,2128.00000000,0.09913311
110.00000000,2129.00000000,0.09978386
110.00000000,2130.00000000,0.10043658
110.00000000,2131.00000000,0.10102530
110.00000000,2132.00000000,0.10161591
110.00000000,2133.00000000,0.10220830
110.00000000,2134.00000000,0.10280251
110.00000000,2135.00000000,0.10339849
110.00000000,2136.00000000,0.10399620
110.00000000,2137.00000000,0.10459571
110.00000000,2138.00000000,0.10519699
110.00000000,2139.00000000,0.10580003
110.00000000,2140.00000000,0.10640493
110.00000000,2141.00000000,0.10714861
110.00000000,2142.00000000,0.10789411
110.00000000,2143.00000000,0.10864143
110.00000000,2144.00000000,0.10939047
110.00000000,2145.00000000,0.11014113
110.00000000,2146.00000000,0.11089345
110.00000000,2147.00000000,0.11164729
110.00000000,2148.00000000,0.11240268
110.00000000,2149.00000000,0.11315952
110.00000000,2150.00000000,0.11391776
110.00000000,2151.00000000,0.11477784
110.00000000,2152.00000000,0.11564166
110.00000000,2153.00000000,0.11651077
110.00000000,2154.00000000,0.11738614
110.00000000,2155.00000000,0.11826806
110.00000000,2156.00000000,0.11915661
110.00000000,2157.00000000,0.12005183
110.00000000,2158.00000000,0.12095353
110.00000000,2159.00000000,0.12186163
110.00000000,2160.00000000,0.12277593
110.00000000,2161.00000000,0.12369053
110.00000000,2162.00000000,0.12461105
110.00000000,2163.00000000,0.12553722
110.00000000,2164.00000000,0.12646883
110.00000000,2165.00000000,0.12740578
110.00000000,2166.00000000,0.12834786
110.00000000,2167.00000000,0.12929482
110.00000000,2168.00000000,0.13024660
110.00000000,2169.00000000,0.13120294
110.00000000,2170.00000000,0.13216361
110.00000000,2171.00000000,0.13290870
110.00000000,2172.00000000,0.13365734
110.00000000,2173.00000000,0.13440958
110.00000000,2174.00000000,0.13516518
110.00000000,2175.00000000,0.13592402
110.00000000,2176.00000000,0.13668608
110.00000000,2177.00000000,0.13745122
110.00000000,2178.00000000,0.13821928
110.00000000,2179.00000000,0.13899020
110.00000000,2180.00000000,0.13976382
110.00000000,2181.00000000,0.14034032
110.00000000,2182.00000000,0.14091890
110.00000000,2183.00000000,0.14149940
110.00000000,2184.00000000,0.14208187
110.00000000,2185.00000000,0.14266620
110.00000000,2186.00000000,0.14325232
110.00000000,2187.00000000,0.14384022
110.00000000,2188.00000000,0.14442982
110.00000000,2189.00000000,0.14502104
110.00000000,2190.00000000,0.14561386
110.00000000,2191.00000000,0.14609575
110.00000000,2192.00000000,0.14657879
110.00000000,2193.00000000,0.14706301
110.00000000,2194.00000000,0.14754832
110.00000000,2195.00000000,0.14803476
110.00000000,2196.00000000,0.14852227
110.00000000,2197.00000000,0.14901079
110.00000000,2198.00000000,0.14950037
110.00000000,2199.00000000,0.14999091
110.00000000,2200.00000000,0.15048235
110.00000000,2201.00000000,0.15085772
110.00000000,2202.00000000,0.15123364
110.00000000,2203.00000000,0.15161006
110.00000000,2204.00000000,0.15198707
110.00000000,2205.00000000,0.15236462
110.00000000,2206.00000000,0.15274266
110.00000000,2207.00000000,0.15312127
110.00000000,2208.00000000,0.15350035
110.00000000,2209.00000000,0.15387998
110.00000000,2210.00000000,0.15426010
110.00000000,2211.00000000,0.15454993
110.00000000,2212.00000000,0.15484004
110.00000000,2213.00000000,0.15513036
110.00000000,2214.00000000,0.15542084
110.00000000,2215.00000000,0.15571160
110.00000000,2216.00000000,0.15600263
110.00000000,2217.00000000,0.15629374
110.00000000,2218.00000000,0.15658522
110.00000000,2219.00000000,0.15687682
110.00000000,2220.00000000,0.15716872
110.00000000,2221.00000000,0.15746084
110.00000000,2222.00000000,0.15775316
110.00000000,2223.00000000,0.15804576
110.00000000,2224.00000000,0.15833860
110.00000000,2225.00000000,0.15863161
110.00000000,2226.00000000,0.15892493
110.00000000,2227.00000000,0.15921853
110.00000000,2228.00000000,0.15951220
110.00000000,2229.00000000,0.15980628
110.00000000,2230.00000000,0.16010055
110.00000000,2231.00000000,0.16039500
110.00000000,2232.00000000,0.16068972
110.00000000,2233.00000000,0.16098463
110.00000000,2234.00000000,0.16127983
110.00000000,2235.00000000,0.16157528
110.00000000,2236.00000000,0.16187082
110.00000000,2237.00000000,0.16216673
110.00000000,2238.00000000,0.16246281
110.00000000,2239.00000000,0.16275904
110.00000000,2240.00000000,0.16305555
110.00000000,2241.00000000,0.16335227
110.00000000,2242.00000000,0.16364906
110.00000000,2243.00000000,0.16394616
110.00000000,2244.00000000,0.16424333
110.00000000,2245.00000000,0.16454073
110.00000000,2246.00000000,0.16483828
110.00000000,2247.00000000,0.16513592
110.00000000,2248.00000000,0.16543378
110.00000000,2249.00000000,0.16573154
110.00000000,2250.00000000,0.16602806
110.00000000,2251.00000000,0.16632131
110.00000000,2252.00000000,0.16660927
110.00000000,2253.00000000,0.16689072
110.00000000,2254.00000000,0.16716530
110.00000000,2255.00000000,0.16743272
110.00000000,2256.00000000,0.16769302
110.00000000,2257.00000000,0.16794614
110.00000000,2258.00000000,0.16819199
110.00000000,2259.00000000,0.16843073
110.00000000,2260.00000000,0.16866234
110.00000000,2261.00000000,0.16823534
110.00000000,2262.00000000,0.16780021
110.00000000,2263.00000000,0.16735721
110.00000000,2264.00000000,0.16690662
110.00000000,2265.00000000,0.16644880
110.00000000,2266.00000000,0.16598388
110.00000000,2267.00000000,0.16551207
110.00000000,2268.00000000,0.16503369
110.00000000,2269.00000000,0.16454880
110.00000000,2270.00000000,0.16405769
110.00000000,2271.00000000,0.16356054
110.00000000,2272.00000000,0.16305744
110.00000000,2273.00000000,0.16254866
110.00000000,2274.00000000,0.16203436
110.00000000,2275.00000000,0.16151462
110.00000000,2276.00000000,0.16098969
110.00000000,2277.00000000,0.16045972
110.00000000,2278.00000000,0.15992477
110.00000000,2279.00000000,0.15938510
110.00000000,2280.00000000,0.15884077
110.00000000,2281.00000000,0.15829200
110.00000000,2282.00000000,0.15773886
110.00000000,2283.00000000,0.15718147
110.00000000,2284.00000000,0.15662000
110.00000000,2285.00000000,0.15605456
110.00000000,2286.00000000,0.15548519
110.00000000,2287.00000000,0.15491211
110.00000000,2288.00000000,0.15433539
110.00000000,2289.00000000,0.15375508
110.00000000,2290.00000000,0.15317139
110.00000000,2291.00000000,0.15258434
110.00000000,2292.00000000,0.15199402
110.00000000,2293.00000000,0.15140062
110.00000000,2294.00000000,0.15080410
110.00000000,2295.00000000,0.15020468
110.00000000,2296.00000000,0.14960236
110.00000000,2297.00000000,0.14899723
110.00000000,2298.00000000,0.14838941
110.00000000,2299.00000000,0.14777898
110.00000000,2300.00000000,0.14716595
110.00000000,2301.00000000,0.14655049
110.00000000,2302.00000000,0.14593261
110.00000000,2303.00000000,0.14531233
110.00000000,2304.00000000,0.14468979
110.00000000,2305.00000000,0.14406502
110.00000000,2306.00000000,0.14343810
110.00000000,2307.00000000,0.14280910
110.00000000,2308.00000000,0.14217802
110.00000000,2309.00000000,0.14154503
110.00000000,2310.00000000,0.14091013
110.00000000,2311.00000000,0.14027333
110.00000000,2312.00000000,0.13963479
110.00000000,2313.00000000,0.13899452
110.00000000,2314.00000000,0.13835252
110.00000000,2315.00000000,0.13770894
110.00000000,2316.00000000,0.13706378
110.00000000,2317.00000000,0.13641705
110.00000000,2318.00000000,0.13576889
110.00000000,2319.00000000,0.13511926
110.00000000,2320.00000000,0.13446830
110.00000000,2321.00000000,0.13381601
110.00000000,2322.00000000,0.13316237
110.00000000,2323.00000000,0.13250754
110.00000000,2324.00000000,0.13185151
110.00000000,2325.00000000,0.13119427
110.00000000,2326.00000000,0.13053595
110.00000000,2327.00000000,0.12987656
110.00000000,2328.00000000,0.12921607
110.00000000,2329.00000000,0.12855463
110.00000000,2330.00000000,0.12789220
110.00000000,2331.00000000,0.12722887
110.00000000,2332.00000000,0.12656464
110.00000000,2333.00000000,0.12589951
110.00000000,2334.00000000,0.12523361
110.00000000,2335.00000000,0.12456691
110.00000000,2336.00000000,0.12389943
110.00000000,2337.00000000,0.12323126
110.00000000,2338.00000000,0.12256239
110.00000000,2339.00000000,0.12189282
110.00000000,2340.00000000,0.12122266
110.00000000,2341.00000000,0.12055187
110.00000000,2342.00000000,0.11988055
110.00000000,2343.00000000,0.11920868
110.00000000,2344.00000000,0.11853627
110.00000000,2345.00000000,0.11786340
110.00000000,2346.00000000,0.11719008
110.00000000,2347.00000000,0.11651629
110.00000000,2348.00000000,0.11584216
110.00000000,2349.00000000,0.11516763
110.00000000,2350.00000000,0.11449272
110.00000000,2351.00000000,0.11381754
110.00000000,2352.00000000,0.11314205
110.00000000,2353.00000000,0.11246626
110.00000000,2354.00000000,0.11179029
110.00000000,2355.00000000,0.11111406
110.00000000,2356.00000000,0.11043773
110.00000000,2357.00000000,0.10976126
110.00000000,2358.00000000,0.10908473
110.00000000,2359.00000000,0.10855116
110.00000000,2360.00000000,0.10843849
110.00000000,2361.00000000,0.10844100
110.00000000,2362.00000000,0.10844375
110.00000000,2363.00000000,0.10844673
110.00000000,2364.00000000,0.10844986
110.00000000,2365.00000000,0.10845324
110.00000000,2366.00000000,0.10847480
110.00000000,2367.00000000,0.10849659
110.00000000,2368.00000000,0.10851858
110.00000000,2369.00000000,0.10854070
110.00000000,2370.00000000,0.10856304
110.00000000,2371.00000000,0.10854989
110.00000000,2372.00000000,0.10853686
110.00000000,2373.00000000,0.10852402
110.00000000,2374.00000000,0.10851131
110.00000000,2375.00000000,0.10849871
110.00000000,2376.00000000,0.10848630
110.00000000,2377.00000000,0.10847401
110.00000000,2378.00000000,0.10846182
110.00000000,2379.00000000,0.10844978
110.00000000,2380.00000000,0.10843784
110.00000000,2381.00000000,0.10842606
110.00000000,2382.00000000,0.10841440
110.00000000,2383.00000000,0.10840281
110.00000000,2384.00000000,0.10839136
110.00000000,2385.00000000,0.10838004
110.00000000,2386.00000000,0.10836723
110.00000000,2387.00000000,0.10835458
110.00000000,2388.00000000,0.10834203
110.00000000,2389.00000000,0.10832952
110.00000000,2390.00000000,0.10831716
110.00000000,2391.00000000,0.10830485
110.00000000,2392.00000000,0.10829267
110.00000000,2393.00000000,0.10828059
110.00000000,2394.00000000,0.10826854
110.00000000,2395.00000000,0.10825663
110.00000000,2396.00000000,0.10824480
110.00000000,2397.00000000,0.10823301
110.00000000,2398.00000000,0.10822134
110.00000000,2399.00000000,0.10820975
110.00000000,2400.00000000,0.10819818
110.00000000,2401.00000000,0.10818674
110.00000000,2402.00000000,0.10817533
110.00000000,2403.00000000,0.10816404
110.00000000,2404.00000000,0.10815282
110.00000000,2405.00000000,0.10814163
110.00000000,2406.00000000,0.10813056
110.00000000,2407.00000000,0.10811956
110.00000000,2408.00000000,0.10810858
110.00000000,2409.00000000,0.10809771
110.00000000,2410.00000000,0.10808691
110.00000000,2411.00000000,0.10807956
110.00000000,2412.00000000,0.10807232
110.00000000,2413.00000000,0.10806515
110.00000000,2414.00000000,0.10805799
110.00000000,2415.00000000,0.10805093
110.00000000,2416.00000000,0.10804389
110.00000000,2417.00000000,0.10803694
110.00000000,2418.00000000,0.10803006
110.00000000,2419.00000000,0.10802317
110.00000000,2420.00000000,0.10801640
110.00000000,2421.00000000,0.10800966
110.00000000,2422.00000000,0.10800293
110.00000000,2423.00000000,0.10799630
110.00000000,2424.00000000,0.10798972
110.00000000,2425.00000000,0.10798312
110.00000000,2426.00000000,0.10797663
110.00000000,2427.00000000,0.10797012
110.00000000,2428.00000000,0.10796371
110.00000000,2429.00000000,0.10795734
110.00000000,2430.00000000,0.10795095
110.00000000,2431.00000000,0.10794466
110.00000000,2432.00000000,0.10793840
110.00000000,2433.00000000,0.10793214
110.00000000,2434.00000000,0.10792595
110.00000000,2435.00000000,0.10791980
110.00000000,2436.00000000,0.10791364
110.00000000,2437.00000000,0.10790755
110.00000000,2438.00000000,0.10790150
110.00000000,2439.00000000,0.10789542
110.00000000,2440.00000000,0.10788943
110.00000000,2441.00000000,0.10788341
110.00000000,2442.00000000,0.10787747
110.00000000,2443.00000000,0.10787157
110.00000000,2444.00000000,0.10786563
110.00000000,2445.00000000,0.10785977
110.00000000,2446.00000000,0.10785394
110.00000000,2447.00000000,0.10784807
110.00000000,2448.00000000,0.10784229
110.00000000,2449.00000000,0.10783654
110.00000000,2450.00000000,0.10783073
110.00000000,2451.00000000,0.10782502
110.00000000,2452.00000000,0.10781925
110.00000000,2453.00000000,0.10781356
110.00000000,2454.00000000,0.10780789
110.00000000,2455.00000000,0.10780218
110.00000000,2456.00000000,0.10779654
110.00000000,2457.00000000,0.10779090
110.00000000,2458.00000000,0.10778522
110.00000000,2459.00000000,0.10777961
110.00000000,2460.00000000,0.10777403
110.00000000,2461.00000000,0.10776740
110.00000000,2462.00000000,0.10776084
110.00000000,2463.00000000,0.10775430
110.00000000,2464.00000000,0.10774769
110.00000000,2465.00000000,0.10774117
110.00000000,2466.00000000,0.10773458
110.00000000,2467.00000000,0.10772807
110.00000000,2468.00000000,0.10772157
110.00000000,2469.00000000,0.10771501
110.00000000,2470.00000000,0.10770852
110.00000000,2471.00000000,0.10770203
110.00000000,2472.00000000,0.10769548
110.00000000,2473.00000000,0.10768901
110.00000000,2474.00000000,0.10768254
110.00000000,2475.00000000,0.10767602
110.00000000,2476.00000000,0.10766955
110.00000000,2477.00000000,0.10766304
110.00000000,2478.00000000,0.10765658
110.00000000,2479.00000000,0.10765014
110.00000000,2480.00000000,0.10764363
110.00000000,2481.00000000,0.10763720
110.00000000,2482.00000000,0.10763076
110.00000000,2483.00000000,0.10762426
110.00000000,2484.00000000,0.10761783
110.00000000,2485.00000000,0.10761140
110.00000000,2486.00000000,0.10760491
110.00000000,2487.00000000,0.10759850
110.00000000,2488.00000000,0.10759200
110.00000000,2489.00000000,0.10758558
110.00000000,2490.00000000,0.10757917
110.00000000,2491.00000000,0.10757267
110.00000000,2492.00000000,0.10756626
110.00000000,2493.00000000,0.10755986
110.00000000,2494.00000000,0.10755337
110.00000000,2495.00000000,0.10754695
110.00000000,2496.00000000,0.10754054
110.00000000,2497.00000000,0.10753406
110.00000000,2498.00000000,0.10752764
110.00000000,2499.00000000,0.10752122
110.00000000,2500.00000000,0.10751474
111.00000000,1765.00000000,0.07802002
111.00000000,1766.00000000,0.07802019
111.00000000,1767.00000000,0.07802018
111.00000000,1768.00000000,0.07802031
111.00000000,1769.00000000,0.07802059
111.00000000,1770.00000000,0.07802099
111.00000000,1771.00000000,0.07802155
111.00000000,1772.00000000,0.07802236
111.00000000,1773.00000000,0.07802303
111.00000000,1774.00000000,0.07802409
111.00000000,1775.00000000,0.07802524
111.00000000,1776.00000000,0.07802652
111.00000000,1777.00000000,0.07802793
111.00000000,1778.00000000,0.07802954
111.00000000,1779.00000000,0.07803133
111.00000000,1780.00000000,0.07803317
111.00000000,1781.00000000,0.07803515
111.00000000,1782.00000000,0.07803714
111.00000000,1783.00000000,0.07803943
111.00000000,1784.00000000,0.07804172
111.00000000,1785.00000000,0.07804423
111.00000000,1786.00000000,0.07804677
111.00000000,1787.00000000,0.07804948
111.00000000,1788.00000000,0.07805214
111.00000000,1789.00000000,0.07805496
111.00000000,1790.00000000,0.07805797
111.00000000,1791.00000000,0.07806095
111.00000000,1792.00000000,0.07806399
111.00000000,1793.00000000,0.07806710
111.00000000,1794.00000000,0.07807039
111.00000000,1795.00000000,0.07807363
111.00000000,1796.00000000,0.07807696
111.00000000,1797.00000000,0.07808035
111.00000000,1798.00000000,0.07808388
111.00000000,1799.00000000,0.07808739
111.00000000,1800.00000000,0.07809092
111.00000000,1801.00000000,0.07809455
111.00000000,1802.00000000,0.07809819
111.00000000,1803.00000000,0.07810185
111.00000000,1804.00000000,0.07810552
111.00000000,1805.00000000,0.07810927
111.00000000,1806.00000000,0.07811307
111.00000000,1807.00000000,0.07811687
111.00000000,1808.00000000,0.07812070
111.00000000,1809.00000000,0.07812456
111.00000000,1810.00000000,0.07812841
111.00000000,1811.00000000,0.07813230
111.00000000,1812.00000000,0.07813633
111.00000000,1813.00000000,0.07814027
111.00000000,1814.00000000,0.07814419
111.00000000,1815.00000000,0.07814831
111.00000000,1816.00000000,0.07815219
111.00000000,1817.00000000,0.07815623
111.00000000,1818.00000000,0.07816029
111.00000000,1819.00000000,0.07816435
111.00000000,1820.00000000,0.07816822
111.00000000,1821.00000000,0.07817233
111.00000000,1822.00000000,0.07817635
111.00000000,1823.00000000,0.07818040
111.00000000,1824.00000000,0.07818450
111.00000000,1825.00000000,0.07818849
111.00000000,1826.00000000,0.07819252
111.00000000,1827.00000000,0.07819656
111.00000000,1828.00000000,0.07820064
111.00000000,1829.00000000,0.07820460
111.00000000,1830.00000000,0.07820863
111.00000000,1831.00000000,0.07821267
111.00000000,1832.00000000,0.07821666
111.00000000,1833.00000000,0.07822066
111.00000000,1834.00000000,0.07822458
111.00000000,1835.00000000,0.07822853
111.00000000,1836.00000000,0.07823245
111.00000000,1837.00000000,0.07823639
111.00000000,1838.00000000,0.07824027
111.00000000,1839.00000000,0.07824418
111.00000000,1840.00000000,0.07824801
111.00000000,1841.00000000,0.07825188
111.00000000,1842.00000000,0.07825570
111.00000000,1843.00000000,0.07825951
111.00000000,1844.00000000,0.07826332
111.00000000,1845.00000000,0.07826705
111.00000000,1846.00000000,0.07827082
111.00000000,1847.00000000,0.07827459
111.00000000,1848.00000000,0.07827822
111.00000000,1849.00000000,0.07828194
111.00000000,1850.00000000,0.07828563
111.00000000,1851.00000000,0.07828920
111.00000000,1852.00000000,0.07829278
111.00000000,1853.00000000,0.07829667
111.00000000,1854.00000000,0.07830081
111.00000000,1855.00000000,0.07830487
111.00000000,1856.00000000,0.07830882
111.00000000,1857.00000000,0.07831272
111.00000000,1858.00000000,0.07831654
111.00000000,1859.00000000,0.07832033
111.00000000,1860.00000000,0.07832409
111.00000000,1861.00000000,0.07832778
111.00000000,1862.00000000,0.07833131
111.00000000,1863.00000000,0.07833426
111.00000000,1864.00000000,0.07833665
111.00000000,1865.00000000,0.07833868
111.00000000,1866.00000000,0.07834035
111.00000000,1867.00000000,0.07834177
111.00000000,1868.00000000,0.07834298
111.00000000,1869.00000000,0.07834394
111.00000000,1870.00000000,0.07834471
111.00000000,1871.00000000,0.07834536
111.00000000,1872.00000000,0.07834624
111.00000000,1873.00000000,0.07834791
111.00000000,1874.00000000,0.07835018
111.00000000,1875.00000000,0.07835289
111.00000000,1876.00000000,0.07835599
111.00000000,1877.00000000,0.07836651
111.00000000,1878.00000000,0.07837020
111.00000000,1879.00000000,0.07837412
111.00000000,1880.00000000,0.07837822
111.00000000,1881.00000000,0.07838242
111.00000000,1882.00000000,0.07838917
111.00000000,1883.00000000,0.07839307
111.00000000,1884.00000000,0.07839671
111.00000000,1885.00000000,0.07840014
111.00000000,1886.00000000,0.07840349
111.00000000,1887.00000000,0.07840680
111.00000000,1888.00000000,0.07840998
111.00000000,1889.00000000,0.07841295
111.00000000,1890.00000000,0.07841569
111.00000000,1891.00000000,0.07841815
111.00000000,1892.00000000,0.07842280
111.00000000,1893.00000000,0.07842496
111.00000000,1894.00000000,0.07842719
111.00000000,1895.00000000,0.07842958
111.00000000,1896.00000000,0.07843205
111.00000000,1897.00000000,0.07843456
111.00000000,1898.00000000,0.07843699
111.00000000,1899.00000000,0.07843926
111.00000000,1900.00000000,0.07844129
111.00000000,1901.00000000,0.07844309
111.00000000,1902.00000000,0.07844754
111.00000000,1903.00000000,0.07844967
111.00000000,1904.00000000,0.07845198
111.00000000,1905.00000000,0.07845453
111.00000000,1906.00000000,0.07845738
111.00000000,1907.00000000,0.07846037
111.00000000,1908.00000000,0.07846580
111.00000000,1909.00000000,0.07846875
111.00000000,1910.00000000,0.07847175
111.00000000,1911.00000000,0.07847709
111.00000000,1912.00000000,0.07847938
111.00000000,1913.00000000,0.07848561
111.00000000,1914.00000000,0.07848366
111.00000000,1915.00000000,0.07848369
111.00000000,1916.00000000,0.07848373
111.00000000,1917.00000000,0.07848615
111.00000000,1918.00000000,0.07848600
111.00000000,1919.00000000,0.07848594
111.00000000,1920.00000000,0.07848651
111.00000000,1921.00000000,0.07848775
111.00000000,1922.00000000,0.07849240
111.00000000,1923.00000000,0.07849536
111.00000000,1924.00000000,0.07849844
111.00000000,1925.00000000,0.07850144
111.00000000,1926.00000000,0.07850678
111.00000000,1927.00000000,0.07851215
111.00000000,1928.00000000,0.07851769
111.00000000,1929.00000000,0.07852073
111.00000000,1930.00000000,0.07852403
111.00000000,1931.00000000,0.07852842
111.00000000,1932.00000000,0.07853408
111.00000000,1933.00000000,0.07854300
111.00000000,1934.00000000,0.07855249
111.00000000,1935.00000000,0.07855946
111.00000000,1936.00000000,0.07856844
111.00000000,1937.00000000,0.07857406
111.00000000,1938.00000000,0.07858077
111.00000000,1939.00000000,0.07858421
111.00000000,1940.00000000,0.07858700
111.00000000,1941.00000000,0.07860331
111.00000000,1942.00000000,0.07860162
111.00000000,1943.00000000,0.07860172
111.00000000,1944.00000000,0.07860368
111.00000000,1945.00000000,0.07860323
111.00000000,1946.00000000,0.07860622
111.00000000,1947.00000000,0.07861820
111.00000000,1948.00000000,0.07862142
111.00000000,1949.00000000,0.07862710
111.00000000,1950.00000000,0.07863273
111.00000000,1951.00000000,0.07864061
111.00000000,1952.00000000,0.07864688
111.00000000,1953.00000000,0.07865583
111.00000000,1954.00000000,0.07866235
111.00000000,1955.00000000,0.07867163
111.00000000,1956.00000000,0.07868582
111.00000000,1957.00000000,0.07868999
111.00000000,1958.00000000,0.07870109
111.00000000,1959.00000000,0.07870680
111.00000000,1960.00000000,0.07871541
111.00000000,1961.00000000,0.07872477
111.00000000,1962.00000000,0.07872355
111.00000000,1963.00000000,0.07872880
111.00000000,1964.00000000,0.07873062
111.00000000,1965.00000000,0.07875031
111.00000000,1966.00000000,0.07874923
111.00000000,1967.00000000,0.07875404
111.00000000,1968.00000000,0.07874757
111.00000000,1969.00000000,0.07873891
111.00000000,1970.00000000,0.07873742
111.00000000,1971.00000000,0.07873967
111.00000000,1972.00000000,0.07872798
111.00000000,1973.00000000,0.07870775
111.00000000,1974.00000000,0.07869654
111.00000000,1975.00000000,0.07868609
111.00000000,1976.00000000,0.07867280
111.00000000,1977.00000000,0.07865018
111.00000000,1978.00000000,0.07864011
111.00000000,1979.00000000,0.07862218
111.00000000,1980.00000000,0.07860860
111.00000000,1981.00000000,0.07859030
111.00000000,1982.00000000,0.07858392
111.00000000,1983.00000000,0.07860143
111.00000000,1984.00000000,0.07860891
111.00000000,1985.00000000,0.07856930
111.00000000,1986.00000000,0.07858924
111.00000000,1987.00000000,0.07858366
111.00000000,1988.00000000,0.07857844
111.00000000,1989.00000000,0.07856933
111.00000000,1990.00000000,0.07858969
111.00000000,1991.00000000,0.07863866
111.00000000,1992.00000000,0.07864272
111.00000000,1993.00000000,0.07866166
111.00000000,1994.00000000,0.07868904
111.00000000,1995.00000000,0.07868632
111.00000000,1996.00000000,0.07868145
111.00000000,1997.00000000,0.07868104
111.00000000,1998.00000000,0.07870398
111.00000000,1999.00000000,0.07876993
111.00000000,2000.00000000,0.07875985
111.00000000,2001.00000000,0.07881896
111.00000000,2002.00000000,0.07884676
111.00000000,2003.00000000,0.07884146
111.00000000,2004.00000000,0.07882091
111.00000000,2005.00000000,0.07883845
111.00000000,2006.00000000,0.07887613
111.00000000,2007.00000000,0.07888621
111.00000000,2008.00000000,0.07891206
111.00000000,2009.00000000,0.07894450
111.00000000,2010.00000000,0.07901479
111.00000000,2011.00000000,0.07904705
111.00000000,2012.00000000,0.07905559
111.00000000,2013.00000000,0.07905227
111.00000000,2014.00000000,0.07913429
111.00000000,2015.00000000,0.07910937
111.00000000,2016.00000000,0.07915787
111.00000000,2017.00000000,0.07921569
111.00000000,2018.00000000,0.07934903
111.00000000,2019.00000000,0.07921742
111.00000000,2020.00000000,0.07924652
111.00000000,2021.00000000,0.07927098
111.00000000,2022.00000000,0.07925325
111.00000000,2023.00000000,0.07929492
111.00000000,2024.00000000,0.07938428
111.00000000,2025.00000000,0.07910328
111.00000000,2026.00000000,0.07901166
111.00000000,2027.00000000,0.07909521
111.00000000,2028.00000000,0.07915668
111.00000000,2029.00000000,0.07904638
111.00000000,2030.00000000,0.07867623
111.00000000,2031.00000000,0.07890374
111.00000000,2032.00000000,0.07853557
111.00000000,2033.00000000,0.07856563
111.00000000,2034.00000000,0.07878778
111.00000000,2035.00000000,0.07870166
111.00000000,2036.00000000,0.07865862
111.00000000,2037.00000000,0.07860522
111.00000000,2038.00000000,0.07871525
111.00000000,2039.00000000,0.07864805
111.00000000,2040.00000000,0.07875755
111.00000000,2041.00000000,0.07846865
111.00000000,2042.00000000,0.07813036
111.00000000,2043.00000000,0.07783725
111.00000000,2044.00000000,0.07786298
111.00000000,2045.00000000,0.07796560
111.00000000,2046.00000000,0.07800731
111.00000000,2047.00000000,0.07816010
111.00000000,2048.00000000,0.07825650
111.00000000,2049.00000000,0.07801842
111.00000000,2050.00000000,0.07804672
111.00000000,2051.00000000,0.07820385
111.00000000,2052.00000000,0.07819627
111.00000000,2053.00000000,0.07812684
111.00000000,2054.00000000,0.07814992
111.00000000,2055.00000000,0.07804360
111.00000000,2056.00000000,0.07745182
111.00000000,2057.00000000,0.07754089
111.00000000,2058.00000000,0.07780148
111.00000000,2059.00000000,0.07788884
111.00000000,2060.00000000,0.07769151
111.00000000,2061.00000000,0.07808071
111.00000000,2062.00000000,0.07830688
111.00000000,2063.00000000,0.07828837
111.00000000,2064.00000000,0.07830976
111.00000000,2065.00000000,0.07828651
111.00000000,2066.00000000,0.07860814
111.00000000,2067.00000000,0.07883573
111.00000000,2068.00000000,0.07896954
111.00000000,2069.00000000,0.07903415
111.00000000,2070.00000000,0.07925959
111.00000000,2071.00000000,0.07944890
111.00000000,2072.00000000,0.07942442
111.00000000,2073.00000000,0.07959887
111.00000000,2074.00000000,0.07986854
111.00000000,2075.00000000,0.08016733
111.00000000,2076.00000000,0.08041848
111.00000000,2077.00000000,0.08072271
111.00000000,2078.00000000,0.08091146
111.00000000,2079.00000000,0.08125771
111.00000000,2080.00000000,0.08168242
111.00000000,2081.00000000,0.08224823
111.00000000,2082.00000000,0.08255260
111.00000000,2083.00000000,0.08288748
111.00000000,2084.00000000,0.08337204
111.00000000,2085.00000000,0.08336700
111.00000000,2086.00000000,0.08328277
111.00000000,2087.00000000,0.08384314
111.00000000,2088.00000000,0.08414197
111.00000000,2089.00000000,0.08429181
111.00000000,2090.00000000,0.08488701
111.00000000,2091.00000000,0.08475833
111.00000000,2092.00000000,0.08439800
111.00000000,2093.00000000,0.08430513
111.00000000,2094.00000000,0.08426710
111.00000000,2095.00000000,0.08465450
111.00000000,2096.00000000,0.08498882
111.00000000,2097.00000000,0.08535142
111.00000000,2098.00000000,0.08566718
111.00000000,2099.00000000,0.08613034
111.00000000,2100.00000000,0.08641171
111.00000000,2101.00000000,0.08654563
111.00000000,2102.00000000,0.08675836
111.00000000,2103.00000000,0.08653044
111.00000000,2104.00000000,0.08656718
111.00000000,2105.00000000,0.08684504
111.00000000,2106.00000000,0.08715122
111.00000000,2107.00000000,0.08747710
111.00000000,2108.00000000,0.08774413
111.00000000,2109.00000000,0.08771680
111.00000000,2110.00000000,0.08771811
111.00000000,2111.00000000,0.08811493
111.00000000,2112.00000000,0.08850420
111.00000000,2113.00000000,0.08866861
111.00000000,2114.00000000,0.08943760
111.00000000,2115.00000000,0.09031303
111.00000000,2116.00000000,0.09100750
111.00000000,2117.00000000,0.09147476
111.00000000,2118.00000000,0.09194513
111.00000000,2119.00000000,0.09241862
111.00000000,2120.00000000,0.09289462
111.00000000,2121.00000000,0.09337310
111.00000000,2122.00000000,0.09400224
111.00000000,2123.00000000,0.09463385
111.00000000,2124.00000000,0.09526793
111.00000000,2125.00000000,0.09590437
111.00000000,2126.00000000,0.09654305
111.00000000,2127.00000000,0.09718400
111.00000000,2128.00000000,0.09782712
111.00000000,2129.00000000,0.09847231
111.00000000,2130.00000000,0.09911953
111.00000000,2131.00000000,0.09976868
111.00000000,2132.00000000,0.10035423
111.00000000,2133.00000000,0.10094164
111.00000000,2134.00000000,0.10153080
111.00000000,2135.00000000,0.10212175
111.00000000,2136.00000000,0.10271444
111.00000000,2137.00000000,0.10330885
111.00000000,2138.00000000,0.10390501
111.00000000,2139.00000000,0.10450291
111.00000000,2140.00000000,0.10510256
111.00000000,2141.00000000,0.10570403
111.00000000,2142.00000000,0.10644338
111.00000000,2143.00000000,0.10718453
111.00000000,2144.00000000,0.10792748
111.00000000,2145.00000000,0.10867213
111.00000000,2146.00000000,0.10941838
111.00000000,2147.00000000,0.11016628
111.00000000,2148.00000000,0.11091569
111.00000000,2149.00000000,0.11166661
111.00000000,2150.00000000,0.11241899
111.00000000,2151.00000000,0.11317337
111.00000000,2152.00000000,0.11403065
111.00000000,2153.00000000,0.11489332
111.00000000,2154.00000000,0.11576212
111.00000000,2155.00000000,0.11663756
111.00000000,2156.00000000,0.11751966
111.00000000,2157.00000000,0.11840837
111.00000000,2158.00000000,0.11930364
111.00000000,2159.00000000,0.12020525
111.00000000,2160.00000000,0.12111313
111.00000000,2161.00000000,0.12202704
111.00000000,2162.00000000,0.12294118
111.00000000,2163.00000000,0.12386105
111.00000000,2164.00000000,0.12478643
111.00000000,2165.00000000,0.12571707
111.00000000,2166.00000000,0.12665296
111.00000000,2167.00000000,0.12759385
111.00000000,2168.00000000,0.12853952
111.00000000,2169.00000000,0.12948989
111.00000000,2170.00000000,0.13044472
111.00000000,2171.00000000,0.13140377
111.00000000,2172.00000000,0.13214840
111.00000000,2173.00000000,0.13289651
111.00000000,2174.00000000,0.13364807
111.00000000,2175.00000000,0.13440294
111.00000000,2176.00000000,0.13516098
111.00000000,2177.00000000,0.13592216
111.00000000,2178.00000000,0.13668634
111.00000000,2179.00000000,0.13745334
111.00000000,2180.00000000,0.13822320
111.00000000,2181.00000000,0.13899567
111.00000000,2182.00000000,0.13957203
111.00000000,2183.00000000,0.14015042
111.00000000,2184.00000000,0.14073070
111.00000000,2185.00000000,0.14131287
111.00000000,2186.00000000,0.14189688
111.00000000,2187.00000000,0.14248261
111.00000000,2188.00000000,0.14307010
111.00000000,2189.00000000,0.14365925
111.00000000,2190.00000000,0.14424998
111.00000000,2191.00000000,0.14484228
111.00000000,2192.00000000,0.14532420
111.00000000,2193.00000000,0.14580724
111.00000000,2194.00000000,0.14629143
111.00000000,2195.00000000,0.14677667
111.00000000,2196.00000000,0.14726304
111.00000000,2197.00000000,0.14775045
111.00000000,2198.00000000,0.14823885
111.00000000,2199.00000000,0.14872828
111.00000000,2200.00000000,0.14921867
111.00000000,2201.00000000,0.14970992
111.00000000,2202.00000000,0.15008569
111.00000000,2203.00000000,0.15046200
111.00000000,2204.00000000,0.15083878
111.00000000,2205.00000000,0.15121615
111.00000000,2206.00000000,0.15159409
111.00000000,2207.00000000,0.15197242
111.00000000,2208.00000000,0.15235140
111.00000000,2209.00000000,0.15273075
111.00000000,2210.00000000,0.15311074
111.00000000,2211.00000000,0.15349115
111.00000000,2212.00000000,0.15378174
111.00000000,2213.00000000,0.15407257
111.00000000,2214.00000000,0.15436363
111.00000000,2215.00000000,0.15465483
111.00000000,2216.00000000,0.15494632
111.00000000,2217.00000000,0.15523802
111.00000000,2218.00000000,0.15552989
111.00000000,2219.00000000,0.15582204
111.00000000,2220.00000000,0.15611436
111.00000000,2221.00000000,0.15640697
111.00000000,2222.00000000,0.15669985
111.00000000,2223.00000000,0.15699283
111.00000000,2224.00000000,0.15728620
111.00000000,2225.00000000,0.15757975
111.00000000,2226.00000000,0.15787348
111.00000000,2227.00000000,0.15816750
111.00000000,2228.00000000,0.15846178
111.00000000,2229.00000000,0.15875623
111.00000000,2230.00000000,0.15905099
111.00000000,2231.00000000,0.15934604
111.00000000,2232.00000000,0.15964117
111.00000000,2233.00000000,0.15993667
111.00000000,2234.00000000,0.16023232
111.00000000,2235.00000000,0.16052825
111.00000000,2236.00000000,0.16082442
111.00000000,2237.00000000,0.16112076
111.00000000,2238.00000000,0.16141739
111.00000000,2239.00000000,0.16171429
111.00000000,2240.00000000,0.16201130
111.00000000,2241.00000000,0.16230858
111.00000000,2242.00000000,0.16260607
111.00000000,2243.00000000,0.16290369
111.00000000,2244.00000000,0.16320159
111.00000000,2245.00000000,0.16349954
111.00000000,2246.00000000,0.16379780
111.00000000,2247.00000000,0.16409618
111.00000000,2248.00000000,0.16439466
111.00000000,2249.00000000,0.16469315
111.00000000,2250.00000000,0.16499051
111.00000000,2251.00000000,0.16528451
111.00000000,2252.00000000,0.16557330
111.00000000,2253.00000000,0.16585573
111.00000000,2254.00000000,0.16613126
111.00000000,2255.00000000,0.16639982
111.00000000,2256.00000000,0.16666121
111.00000000,2257.00000000,0.16691553
111.00000000,2258.00000000,0.16716279
111.00000000,2259.00000000,0.16740292
111.00000000,2260.00000000,0.16763610
111.00000000,2261.00000000,0.16786236
111.00000000,2262.00000000,0.16743343
111.00000000,2263.00000000,0.16699668
111.00000000,2264.00000000,0.16655232
111.00000000,2265.00000000,0.16610058
111.00000000,2266.00000000,0.16564181
111.00000000,2267.00000000,0.16517613
111.00000000,2268.00000000,0.16470373
111.00000000,2269.00000000,0.16422491
111.00000000,2270.00000000,0.16373975
111.00000000,2271.00000000,0.16324852
111.00000000,2272.00000000,0.16275139
111.00000000,2273.00000000,0.16224846
111.00000000,2274.00000000,0.16173998
111.00000000,2275.00000000,0.16122611
111.00000000,2276.00000000,0.16070692
111.00000000,2277.00000000,0.16018267
111.00000000,2278.00000000,0.15965350
111.00000000,2279.00000000,0.15911947
111.00000000,2280.00000000,0.15858083
111.00000000,2281.00000000,0.15803762
111.00000000,2282.00000000,0.15749009
111.00000000,2283.00000000,0.15693829
111.00000000,2284.00000000,0.15638231
111.00000000,2285.00000000,0.15582234
111.00000000,2286.00000000,0.15525850
111.00000000,2287.00000000,0.15469081
111.00000000,2288.00000000,0.15411948
111.00000000,2289.00000000,0.15354460
111.00000000,2290.00000000,0.15296620
111.00000000,2291.00000000,0.15238448
111.00000000,2292.00000000,0.15179948
111.00000000,2293.00000000,0.15121129
111.00000000,2294.00000000,0.15062004
111.00000000,2295.00000000,0.15002576
111.00000000,2296.00000000,0.14942863
111.00000000,2297.00000000,0.14882868
111.00000000,2298.00000000,0.14822594
111.00000000,2299.00000000,0.14762059
111.00000000,2300.00000000,0.14701265
111.00000000,2301.00000000,0.14640217
111.00000000,2302.00000000,0.14578929
111.00000000,2303.00000000,0.14517403
111.00000000,2304.00000000,0.14455641
111.00000000,2305.00000000,0.14393658
111.00000000,2306.00000000,0.14331452
111.00000000,2307.00000000,0.14269039
111.00000000,2308.00000000,0.14206418
111.00000000,2309.00000000,0.14143597
111.00000000,2310.00000000,0.14080584
111.00000000,2311.00000000,0.14017386
111.00000000,2312.00000000,0.13954000
111.00000000,2313.00000000,0.13890444
111.00000000,2314.00000000,0.13826717
111.00000000,2315.00000000,0.13762820
111.00000000,2316.00000000,0.13698767
111.00000000,2317.00000000,0.13634560
111.00000000,2318.00000000,0.13570198
111.00000000,2319.00000000,0.13505695
111.00000000,2320.00000000,0.13441049
111.00000000,2321.00000000,0.13376268
111.00000000,2322.00000000,0.13311358
111.00000000,2323.00000000,0.13246318
111.00000000,2324.00000000,0.13181158
111.00000000,2325.00000000,0.13115878
111.00000000,2326.00000000,0.13050482
111.00000000,2327.00000000,0.12984979
111.00000000,2328.00000000,0.12919369
111.00000000,2329.00000000,0.12853652
111.00000000,2330.00000000,0.12787841
111.00000000,2331.00000000,0.12721930
111.00000000,2332.00000000,0.12655931
111.00000000,2333.00000000,0.12589845
111.00000000,2334.00000000,0.12523671
111.00000000,2335.00000000,0.12457419
111.00000000,2336.00000000,0.12391089
111.00000000,2337.00000000,0.12324680
111.00000000,2338.00000000,0.12258203
111.00000000,2339.00000000,0.12191659
111.00000000,2340.00000000,0.12125046
111.00000000,2341.00000000,0.12058374
111.00000000,2342.00000000,0.11991639
111.00000000,2343.00000000,0.11924851
111.00000000,2344.00000000,0.11858010
111.00000000,2345.00000000,0.11791114
111.00000000,2346.00000000,0.11724174
111.00000000,2347.00000000,0.11657190
111.00000000,2348.00000000,0.11590158
111.00000000,2349.00000000,0.11523091
111.00000000,2350.00000000,0.11455988
111.00000000,2351.00000000,0.11388845
111.00000000,2352.00000000,0.11321675
111.00000000,2353.00000000,0.11254477
111.00000000,2354.00000000,0.11187248
111.00000000,2355.00000000,0.11120001
111.00000000,2356.00000000,0.11052728
111.00000000,2357.00000000,0.10985445
111.00000000,2358.00000000,0.10918149
111.00000000,2359.00000000,0.10850845
111.00000000,2360.00000000,0.10797764
111.00000000,2361.00000000,0.10786553
111.00000000,2362.00000000,0.10786799
111.00000000,2363.00000000,0.10787069
111.00000000,2364.00000000,0.10787362
111.00000000,2365.00000000,0.10787671
111.00000000,2366.00000000,0.10788003
111.00000000,2367.00000000,0.10790144
111.00000000,2368.00000000,0.10792308
111.00000000,2369.00000000,0.10794492
111.00000000,2370.00000000,0.10796690
111.00000000,2371.00000000,0.10798907
111.00000000,2372.00000000,0.10797597
111.00000000,2373.00000000,0.10796296
111.00000000,2374.00000000,0.10795014
111.00000000,2375.00000000,0.10793748
111.00000000,2376.00000000,0.10792491
111.00000000,2377.00000000,0.10791250
111.00000000,2378.00000000,0.10790025
111.00000000,2379.00000000,0.10788808
111.00000000,2380.00000000,0.10787607
111.00000000,2381.00000000,0.10786415
111.00000000,2382.00000000,0.10785238
111.00000000,2383.00000000,0.10784074
111.00000000,2384.00000000,0.10782917
111.00000000,2385.00000000,0.10781776
111.00000000,2386.00000000,0.10780645
111.00000000,2387.00000000,0.10779367
111.00000000,2388.00000000,0.10778104
111.00000000,2389.00000000,0.10776850
111.00000000,2390.00000000,0.10775603
111.00000000,2391.00000000,0.10774370
111.00000000,2392.00000000,0.10773141
111.00000000,2393.00000000,0.10771925
111.00000000,2394.00000000,0.10770719
111.00000000,2395.00000000,0.10769516
111.00000000,2396.00000000,0.10768327
111.00000000,2397.00000000,0.10767146
111.00000000,2398.00000000,0.10765967
111.00000000,2399.00000000,0.10764802
111.00000000,2400.00000000,0.10763644
111.00000000,2401.00000000,0.10762491
111.00000000,2402.00000000,0.10761348
111.00000000,2403.00000000,0.10760209
111.00000000,2404.00000000,0.10759082
111.00000000,2405.00000000,0.10757962
111.00000000,2406.00000000,0.10756844
111.00000000,2407.00000000,0.10755740
111.00000000,2408.00000000,0.10754642
111.00000000,2409.00000000,0.10753546
111.00000000,2410.00000000,0.10752461
111.00000000,2411.00000000,0.10751383
111.00000000,2412.00000000,0.10750648
111.00000000,2413.00000000,0.10749923
111.00000000,2414.00000000,0.10749206
111.00000000,2415.00000000,0.10748490
111.00000000,2416.00000000,0.10747783
111.00000000,2417.00000000,0.10747078
111.00000000,2418.00000000,0.10746384
111.00000000,2419.00000000,0.10745694
111.00000000,2420.00000000,0.10745005
111.00000000,2421.00000000,0.10744327
111.00000000,2422.00000000,0.10743654
111.00000000,2423.00000000,0.10742980
111.00000000,2424.00000000,0.10742315
111.00000000,2425.00000000,0.10741656
111.00000000,2426.00000000,0.10740995
111.00000000,2427.00000000,0.10740345
111.00000000,2428.00000000,0.10739694
111.00000000,2429.00000000,0.10739051
111.00000000,2430.00000000,0.10738413
111.00000000,2431.00000000,0.10737774
111.00000000,2432.00000000,0.10737144
111.00000000,2433.00000000,0.10736517
111.00000000,2434.00000000,0.10735887
111.00000000,2435.00000000,0.10735268
111.00000000,2436.00000000,0.10734653
111.00000000,2437.00000000,0.10734033
111.00000000,2438.00000000,0.10733424
111.00000000,2439.00000000,0.10732818
111.00000000,2440.00000000,0.10732209
111.00000000,2441.00000000,0.10731608
111.00000000,2442.00000000,0.10731004
111.00000000,2443.00000000,0.10730409
111.00000000,2444.00000000,0.10729817
111.00000000,2445.00000000,0.10729221
111.00000000,2446.00000000,0.10728635
111.00000000,2447.00000000,0.10728049
111.00000000,2448.00000000,0.10727461
111.00000000,2449.00000000,0.10726881
111.00000000,2450.00000000,0.10726303
111.00000000,2451.00000000,0.10725721
111.00000000,2452.00000000,0.10725147
111.00000000,2453.00000000,0.10724570
111.00000000,2454.00000000,0.10723999
111.00000000,2455.00000000,0.10723430
111.00000000,2456.00000000,0.10722855
111.00000000,2457.00000000,0.10722289
111.00000000,2458.00000000,0.10721723
111.00000000,2459.00000000,0.10721153
111.00000000,2460.00000000,0.10720589
111.00000000,2461.00000000,0.10720027
111.00000000,2462.00000000,0.10719363
111.00000000,2463.00000000,0.10718705
111.00000000,2464.00000000,0.10718049
111.00000000,2465.00000000,0.10717387
111.00000000,2466.00000000,0.10716733
111.00000000,2467.00000000,0.10716072
111.00000000,2468.00000000,0.10715419
111.00000000,2469.00000000,0.10714767
111.00000000,2470.00000000,0.10714109
111.00000000,2471.00000000,0.10713458
111.00000000,2472.00000000,0.10712807
111.00000000,2473.00000000,0.10712150
111.00000000,2474.00000000,0.10711501
111.00000000,2475.00000000,0.10710853
111.00000000,2476.00000000,0.10710198
111.00000000,2477.00000000,0.10709551
111.00000000,2478.00000000,0.10708896
111.00000000,2479.00000000,0.10708249
111.00000000,2480.00000000,0.10707603
111.00000000,2481.00000000,0.10706950
111.00000000,2482.00000000,0.10706305
111.00000000,2483.00000000,0.10705660
111.00000000,2484.00000000,0.10705007
111.00000000,2485.00000000,0.10704362
111.00000000,2486.00000000,0.10703717
111.00000000,2487.00000000,0.10703066
111.00000000,2488.00000000,0.10702423
111.00000000,2489.00000000,0.10701772
111.00000000,2490.00000000,0.10701128
111.00000000,2491.00000000,0.10700484
111.00000000,2492.00000000,0.10699833
111.00000000,2493.00000000,0.10699190
111.00000000,2494.00000000,0.10698547
111.00000000,2495.00000000,0.10697896
111.00000000,2496.00000000,0.10697253
111.00000000,2497.00000000,0.10696609
111.00000000,2498.00000000,0.10695959
111.00000000,2499.00000000,0.10695316
111.00000000,2500.00000000,0.10694673
112.00000000,1765.00000000,0.07754279
112.00000000,1766.00000000,0.07754281
112.00000000,1767.00000000,0.07754303
112.00000000,1768.00000000,0.07754312
112.00000000,1769.00000000,0.07754336
112.00000000,1770.00000000,0.07754377
112.00000000,1771.00000000,0.07754431
112.00000000,1772.00000000,0.07754502
112.00000000,1773.00000000,0.07754598
112.00000000,1774.00000000,0.07754679
112.00000000,1775.00000000,0.07754800
112.00000000,1776.00000000,0.07754928
112.00000000,1777.00000000,0.07755070
112.00000000,1778.00000000,0.07755225
112.00000000,1779.00000000,0.07755398
112.00000000,1780.00000000,0.07755591
112.00000000,1781.00000000,0.07755787
112.00000000,1782.00000000,0.07755995
112.00000000,1783.00000000,0.07756205
112.00000000,1784.00000000,0.07756444
112.00000000,1785.00000000,0.07756682
112.00000000,1786.00000000,0.07756942
112.00000000,1787.00000000,0.07757205
112.00000000,1788.00000000,0.07757483
112.00000000,1789.00000000,0.07757758
112.00000000,1790.00000000,0.07758046
112.00000000,1791.00000000,0.07758355
112.00000000,1792.00000000,0.07758658
112.00000000,1793.00000000,0.07758967
112.00000000,1794.00000000,0.07759284
112.00000000,1795.00000000,0.07759618
112.00000000,1796.00000000,0.07759946
112.00000000,1797.00000000,0.07760284
112.00000000,1798.00000000,0.07760626
112.00000000,1799.00000000,0.07760982
112.00000000,1800.00000000,0.07761336
112.00000000,1801.00000000,0.07761691
112.00000000,1802.00000000,0.07762056
112.00000000,1803.00000000,0.07762421
112.00000000,1804.00000000,0.07762788
112.00000000,1805.00000000,0.07763157
112.00000000,1806.00000000,0.07763534
112.00000000,1807.00000000,0.07763914
112.00000000,1808.00000000,0.07764295
112.00000000,1809.00000000,0.07764678
112.00000000,1810.00000000,0.07765065
112.00000000,1811.00000000,0.07765452
112.00000000,1812.00000000,0.07765840
112.00000000,1813.00000000,0.07766242
112.00000000,1814.00000000,0.07766636
112.00000000,1815.00000000,0.07767027
112.00000000,1816.00000000,0.07767438
112.00000000,1817.00000000,0.07767825
112.00000000,1818.00000000,0.07768226
112.00000000,1819.00000000,0.07768632
112.00000000,1820.00000000,0.07769035
112.00000000,1821.00000000,0.07769421
112.00000000,1822.00000000,0.07769831
112.00000000,1823.00000000,0.07770230
112.00000000,1824.00000000,0.07770633
112.00000000,1825.00000000,0.07771041
112.00000000,1826.00000000,0.07771437
112.00000000,1827.00000000,0.07771837
112.00000000,1828.00000000,0.07772238
112.00000000,1829.00000000,0.07772643
112.00000000,1830.00000000,0.07773036
112.00000000,1831.00000000,0.07773435
112.00000000,1832.00000000,0.07773834
112.00000000,1833.00000000,0.07774229
112.00000000,1834.00000000,0.07774624
112.00000000,1835.00000000,0.07775014
112.00000000,1836.00000000,0.07775405
112.00000000,1837.00000000,0.07775791
112.00000000,1838.00000000,0.07776181
112.00000000,1839.00000000,0.07776564
112.00000000,1840.00000000,0.07776951
112.00000000,1841.00000000,0.07777329
112.00000000,1842.00000000,0.07777712
112.00000000,1843.00000000,0.07778090
112.00000000,1844.00000000,0.07778465
112.00000000,1845.00000000,0.07778840
112.00000000,1846.00000000,0.07779209
112.00000000,1847.00000000,0.07779578
112.00000000,1848.00000000,0.07779950
112.00000000,1849.00000000,0.07780308
112.00000000,1850.00000000,0.07780673
112.00000000,1851.00000000,0.07781034
112.00000000,1852.00000000,0.07781383
112.00000000,1853.00000000,0.07781774
112.00000000,1854.00000000,0.07782176
112.00000000,1855.00000000,0.07782582
112.00000000,1856.00000000,0.07782973
112.00000000,1857.00000000,0.07783357
112.00000000,1858.00000000,0.07783735
112.00000000,1859.00000000,0.07784107
112.00000000,1860.00000000,0.07784480
112.00000000,1861.00000000,0.07784844
112.00000000,1862.00000000,0.07785191
112.00000000,1863.00000000,0.07785476
112.00000000,1864.00000000,0.07785713
112.00000000,1865.00000000,0.07785910
112.00000000,1866.00000000,0.07786074
112.00000000,1867.00000000,0.07786209
112.00000000,1868.00000000,0.07786323
112.00000000,1869.00000000,0.07786413
112.00000000,1870.00000000,0.07786482
112.00000000,1871.00000000,0.07786542
112.00000000,1872.00000000,0.07786620
112.00000000,1873.00000000,0.07786777
112.00000000,1874.00000000,0.07786995
112.00000000,1875.00000000,0.07787253
112.00000000,1876.00000000,0.07787550
112.00000000,1877.00000000,0.07787875
112.00000000,1878.00000000,0.07788939
112.00000000,1879.00000000,0.07789317
112.00000000,1880.00000000,0.07789713
112.00000000,1881.00000000,0.07790119
112.00000000,1882.00000000,0.07790540
112.00000000,1883.00000000,0.07791159
112.00000000,1884.00000000,0.07791507
112.00000000,1885.00000000,0.07791840
112.00000000,1886.00000000,0.07792162
112.00000000,1887.00000000,0.07792481
112.00000000,1888.00000000,0.07792788
112.00000000,1889.00000000,0.07793077
112.00000000,1890.00000000,0.07793337
112.00000000,1891.00000000,0.07793575
112.00000000,1892.00000000,0.07793788
112.00000000,1893.00000000,0.07794234
112.00000000,1894.00000000,0.07794447
112.00000000,1895.00000000,0.07794676
112.00000000,1896.00000000,0.07794917
112.00000000,1897.00000000,0.07795153
112.00000000,1898.00000000,0.07795390
112.00000000,1899.00000000,0.07795611
112.00000000,1900.00000000,0.07795803
112.00000000,1901.00000000,0.07795977
112.00000000,1902.00000000,0.07796167
112.00000000,1903.00000000,0.07796615
112.00000000,1904.00000000,0.07796838
112.00000000,1905.00000000,0.07797085
112.00000000,1906.00000000,0.07797363
112.00000000,1907.00000000,0.07797657
112.00000000,1908.00000000,0.07797945
112.00000000,1909.00000000,0.07798474
112.00000000,1910.00000000,0.07798769
112.00000000,1911.00000000,0.07799051
112.00000000,1912.00000000,0.07799512
112.00000000,1913.00000000,0.07799648
112.00000000,1914.00000000,0.07800168
112.00000000,1915.00000000,0.07799928
112.00000000,1916.00000000,0.07799924
112.00000000,1917.00000000,0.07799920
112.00000000,1918.00000000,0.07800143
112.00000000,1919.00000000,0.07800129
112.00000000,1920.00000000,0.07800178
112.00000000,1921.00000000,0.07800295
112.00000000,1922.00000000,0.07800512
112.00000000,1923.00000000,0.07801041
112.00000000,1924.00000000,0.07801345
112.00000000,1925.00000000,0.07801635
112.00000000,1926.00000000,0.07801920
112.00000000,1927.00000000,0.07802447
112.00000000,1928.00000000,0.07802991
112.00000000,1929.00000000,0.07803530
112.00000000,1930.00000000,0.07803850
112.00000000,1931.00000000,0.07804279
112.00000000,1932.00000000,0.07804842
112.00000000,1933.00000000,0.07805478
112.00000000,1934.00000000,0.07806418
112.00000000,1935.00000000,0.07807354
112.00000000,1936.00000000,0.07807989
112.00000000,1937.00000000,0.07808781
112.00000000,1938.00000000,0.07809208
112.00000000,1939.00000000,0.07809781
112.00000000,1940.00000000,0.07810050
112.00000000,1941.00000000,0.07810222
112.00000000,1942.00000000,0.07811728
112.00000000,1943.00000000,0.07811490
112.00000000,1944.00000000,0.07811441
112.00000000,1945.00000000,0.07811629
112.00000000,1946.00000000,0.07811677
112.00000000,1947.00000000,0.07812138
112.00000000,1948.00000000,0.07813410
112.00000000,1949.00000000,0.07813729
112.00000000,1950.00000000,0.07814278
112.00000000,1951.00000000,0.07814817
112.00000000,1952.00000000,0.07815670
112.00000000,1953.00000000,0.07816310
112.00000000,1954.00000000,0.07817190
112.00000000,1955.00000000,0.07817861
112.00000000,1956.00000000,0.07818783
112.00000000,1957.00000000,0.07820158
112.00000000,1958.00000000,0.07820522
112.00000000,1959.00000000,0.07821560
112.00000000,1960.00000000,0.07821930
112.00000000,1961.00000000,0.07822607
112.00000000,1962.00000000,0.07823441
112.00000000,1963.00000000,0.07823223
112.00000000,1964.00000000,0.07823631
112.00000000,1965.00000000,0.07823667
112.00000000,1966.00000000,0.07825475
112.00000000,1967.00000000,0.07825228
112.00000000,1968.00000000,0.07825543
112.00000000,1969.00000000,0.07824675
112.00000000,1970.00000000,0.07823559
112.00000000,1971.00000000,0.07823064
112.00000000,1972.00000000,0.07822857
112.00000000,1973.00000000,0.07821323
112.00000000,1974.00000000,0.07819006
112.00000000,1975.00000000,0.07817706
112.00000000,1976.00000000,0.07816608
112.00000000,1977.00000000,0.07815295
112.00000000,1978.00000000,0.07813021
112.00000000,1979.00000000,0.07811975
112.00000000,1980.00000000,0.07810115
112.00000000,1981.00000000,0.07808738
112.00000000,1982.00000000,0.07807110
112.00000000,1983.00000000,0.07806897
112.00000000,1984.00000000,0.07809044
112.00000000,1985.00000000,0.07810102
112.00000000,1986.00000000,0.07806343
112.00000000,1987.00000000,0.07808401
112.00000000,1988.00000000,0.07807857
112.00000000,1989.00000000,0.07807300
112.00000000,1990.00000000,0.07806327
112.00000000,1991.00000000,0.07808317
112.00000000,1992.00000000,0.07813225
112.00000000,1993.00000000,0.07813672
112.00000000,1994.00000000,0.07815664
112.00000000,1995.00000000,0.07818464
112.00000000,1996.00000000,0.07818198
112.00000000,1997.00000000,0.07817655
112.00000000,1998.00000000,0.07817532
112.00000000,1999.00000000,0.07819785
112.00000000,2000.00000000,0.07826347
112.00000000,2001.00000000,0.07825311
112.00000000,2002.00000000,0.07831123
112.00000000,2003.00000000,0.07833882
112.00000000,2004.00000000,0.07833227
112.00000000,2005.00000000,0.07830897
112.00000000,2006.00000000,0.07832229
112.00000000,2007.00000000,0.07835556
112.00000000,2008.00000000,0.07836182
112.00000000,2009.00000000,0.07838412
112.00000000,2010.00000000,0.07841328
112.00000000,2011.00000000,0.07848026
112.00000000,2012.00000000,0.07850953
112.00000000,2013.00000000,0.07851515
112.00000000,2014.00000000,0.07850893
112.00000000,2015.00000000,0.07858752
112.00000000,2016.00000000,0.07855995
112.00000000,2017.00000000,0.07860537
112.00000000,2018.00000000,0.07866023
112.00000000,2019.00000000,0.07879016
112.00000000,2020.00000000,0.07865707
112.00000000,2021.00000000,0.07868381
112.00000000,2022.00000000,0.07870610
112.00000000,2023.00000000,0.07868675
112.00000000,2024.00000000,0.07872664
112.00000000,2025.00000000,0.07881402
112.00000000,2026.00000000,0.07853376
112.00000000,2027.00000000,0.07844171
112.00000000,2028.00000000,0.07852365
112.00000000,2029.00000000,0.07858372
112.00000000,2030.00000000,0.07847332
112.00000000,2031.00000000,0.07810490
112.00000000,2032.00000000,0.07832973
112.00000000,2033.00000000,0.07796291
112.00000000,2034.00000000,0.07799129
112.00000000,2035.00000000,0.07821031
112.00000000,2036.00000000,0.07812318
112.00000000,2037.00000000,0.07807889
112.00000000,2038.00000000,0.07802431
112.00000000,2039.00000000,0.07813200
112.00000000,2040.00000000,0.07806384
112.00000000,2041.00000000,0.07817106
112.00000000,2042.00000000,0.07788262
112.00000000,2043.00000000,0.07754500
112.00000000,2044.00000000,0.07725212
112.00000000,2045.00000000,0.07727569
112.00000000,2046.00000000,0.07737555
112.00000000,2047.00000000,0.07741504
112.00000000,2048.00000000,0.07756480
112.00000000,2049.00000000,0.07765863
112.00000000,2050.00000000,0.07742060
112.00000000,2051.00000000,0.07744701
112.00000000,2052.00000000,0.07760135
112.00000000,2053.00000000,0.07759231
112.00000000,2054.00000000,0.07752196
112.00000000,2055.00000000,0.07754350
112.00000000,2056.00000000,0.07743666
112.00000000,2057.00000000,0.07684818
112.00000000,2058.00000000,0.07693538
112.00000000,2059.00000000,0.07719285
112.00000000,2060.00000000,0.07727843
112.00000000,2061.00000000,0.07708172
112.00000000,2062.00000000,0.07746752
112.00000000,2063.00000000,0.07769211
112.00000000,2064.00000000,0.07767428
112.00000000,2065.00000000,0.07769627
112.00000000,2066.00000000,0.07767407
112.00000000,2067.00000000,0.07799414
112.00000000,2068.00000000,0.07822094
112.00000000,2069.00000000,0.07835463
112.00000000,2070.00000000,0.07841960
112.00000000,2071.00000000,0.07864422
112.00000000,2072.00000000,0.07883340
112.00000000,2073.00000000,0.07881082
112.00000000,2074.00000000,0.07898588
112.00000000,2075.00000000,0.07925555
112.00000000,2076.00000000,0.07955418
112.00000000,2077.00000000,0.07980547
112.00000000,2078.00000000,0.08010937
112.00000000,2079.00000000,0.08029855
112.00000000,2080.00000000,0.08064400
112.00000000,2081.00000000,0.08106729
112.00000000,2082.00000000,0.08163079
112.00000000,2083.00000000,0.08193493
112.00000000,2084.00000000,0.08226946
112.00000000,2085.00000000,0.08275257
112.00000000,2086.00000000,0.08274960
112.00000000,2087.00000000,0.08266791
112.00000000,2088.00000000,0.08322608
112.00000000,2089.00000000,0.08352451
112.00000000,2090.00000000,0.08367492
112.00000000,2091.00000000,0.08426749
112.00000000,2092.00000000,0.08414153
112.00000000,2093.00000000,0.08378573
112.00000000,2094.00000000,0.08369557
112.00000000,2095.00000000,0.08365984
112.00000000,2096.00000000,0.08404650
112.00000000,2097.00000000,0.08438040
112.00000000,2098.00000000,0.08474230
112.00000000,2099.00000000,0.08505761
112.00000000,2100.00000000,0.08551922
112.00000000,2101.00000000,0.08580029
112.00000000,2102.00000000,0.08593512
112.00000000,2103.00000000,0.08614838
112.00000000,2104.00000000,0.08592409
112.00000000,2105.00000000,0.08596262
112.00000000,2106.00000000,0.08624058
112.00000000,2107.00000000,0.08654660
112.00000000,2108.00000000,0.08687212
112.00000000,2109.00000000,0.08713910
112.00000000,2110.00000000,0.08711364
112.00000000,2111.00000000,0.08711653
112.00000000,2112.00000000,0.08751220
112.00000000,2113.00000000,0.08790030
112.00000000,2114.00000000,0.08806496
112.00000000,2115.00000000,0.08883013
112.00000000,2116.00000000,0.08970098
112.00000000,2117.00000000,0.09039203
112.00000000,2118.00000000,0.09085731
112.00000000,2119.00000000,0.09132565
112.00000000,2120.00000000,0.09179705
112.00000000,2121.00000000,0.09227089
112.00000000,2122.00000000,0.09274716
112.00000000,2123.00000000,0.09337306
112.00000000,2124.00000000,0.09400139
112.00000000,2125.00000000,0.09463215
112.00000000,2126.00000000,0.09526522
112.00000000,2127.00000000,0.09590051
112.00000000,2128.00000000,0.09653806
112.00000000,2129.00000000,0.09717773
112.00000000,2130.00000000,0.09781944
112.00000000,2131.00000000,0.09846315
112.00000000,2132.00000000,0.09910877
112.00000000,2133.00000000,0.09969118
112.00000000,2134.00000000,0.10027541
112.00000000,2135.00000000,0.10086136
112.00000000,2136.00000000,0.10144907
112.00000000,2137.00000000,0.10203851
112.00000000,2138.00000000,0.10262963
112.00000000,2139.00000000,0.10322249
112.00000000,2140.00000000,0.10381706
112.00000000,2141.00000000,0.10441333
112.00000000,2142.00000000,0.10501142
112.00000000,2143.00000000,0.10574649
112.00000000,2144.00000000,0.10648334
112.00000000,2145.00000000,0.10722197
112.00000000,2146.00000000,0.10796229
112.00000000,2147.00000000,0.10870421
112.00000000,2148.00000000,0.10944774
112.00000000,2149.00000000,0.11019274
112.00000000,2150.00000000,0.11093927
112.00000000,2151.00000000,0.11168783
112.00000000,2152.00000000,0.11244009
112.00000000,2153.00000000,0.11329624
112.00000000,2154.00000000,0.11415862
112.00000000,2155.00000000,0.11502753
112.00000000,2156.00000000,0.11590314
112.00000000,2157.00000000,0.11678540
112.00000000,2158.00000000,0.11767413
112.00000000,2159.00000000,0.11856934
112.00000000,2160.00000000,0.11947074
112.00000000,2161.00000000,0.12037824
112.00000000,2162.00000000,0.12129163
112.00000000,2163.00000000,0.12220513
112.00000000,2164.00000000,0.12312422
112.00000000,2165.00000000,0.12404868
112.00000000,2166.00000000,0.12497832
112.00000000,2167.00000000,0.12591305
112.00000000,2168.00000000,0.12685266
112.00000000,2169.00000000,0.12779691
112.00000000,2170.00000000,0.12874579
112.00000000,2171.00000000,0.12969904
112.00000000,2172.00000000,0.13065642
112.00000000,2173.00000000,0.13140050
112.00000000,2174.00000000,0.13214798
112.00000000,2175.00000000,0.13289883
112.00000000,2176.00000000,0.13365290
112.00000000,2177.00000000,0.13441007
112.00000000,2178.00000000,0.13517030
112.00000000,2179.00000000,0.13593347
112.00000000,2180.00000000,0.13669944
112.00000000,2181.00000000,0.13746815
112.00000000,2182.00000000,0.13823944
112.00000000,2183.00000000,0.13881565
112.00000000,2184.00000000,0.13939383
112.00000000,2185.00000000,0.13997383
112.00000000,2186.00000000,0.14055568
112.00000000,2187.00000000,0.14113932
112.00000000,2188.00000000,0.14172466
112.00000000,2189.00000000,0.14231170
112.00000000,2190.00000000,0.14290038
112.00000000,2191.00000000,0.14349060
112.00000000,2192.00000000,0.14408236
112.00000000,2193.00000000,0.14456429
112.00000000,2194.00000000,0.14504730
112.00000000,2195.00000000,0.14553145
112.00000000,2196.00000000,0.14601660
112.00000000,2197.00000000,0.14650290
112.00000000,2198.00000000,0.14699020
112.00000000,2199.00000000,0.14747846
112.00000000,2200.00000000,0.14796774
112.00000000,2201.00000000,0.14845795
112.00000000,2202.00000000,0.14894902
112.00000000,2203.00000000,0.14932517
112.00000000,2204.00000000,0.14970184
112.00000000,2205.00000000,0.15007900
112.00000000,2206.00000000,0.15045672
112.00000000,2207.00000000,0.15083496
112.00000000,2208.00000000,0.15121366
112.00000000,2209.00000000,0.15159291
112.00000000,2210.00000000,0.15197261
112.00000000,2211.00000000,0.15235286
112.00000000,2212.00000000,0.15273357
112.00000000,2213.00000000,0.15302489
112.00000000,2214.00000000,0.15331646
112.00000000,2215.00000000,0.15360825
112.00000000,2216.00000000,0.15390016
112.00000000,2217.00000000,0.15419237
112.00000000,2218.00000000,0.15448481
112.00000000,2219.00000000,0.15477739
112.00000000,2220.00000000,0.15507024
112.00000000,2221.00000000,0.15536328
112.00000000,2222.00000000,0.15565659
112.00000000,2223.00000000,0.15595013
112.00000000,2224.00000000,0.15624387
112.00000000,2225.00000000,0.15653790
112.00000000,2226.00000000,0.15683215
112.00000000,2227.00000000,0.15712660
112.00000000,2228.00000000,0.15742139
112.00000000,2229.00000000,0.15771638
112.00000000,2230.00000000,0.15801156
112.00000000,2231.00000000,0.15830703
112.00000000,2232.00000000,0.15860276
112.00000000,2233.00000000,0.15889865
112.00000000,2234.00000000,0.15919486
112.00000000,2235.00000000,0.15949124
112.00000000,2236.00000000,0.15978796
112.00000000,2237.00000000,0.16008488
112.00000000,2238.00000000,0.16038198
112.00000000,2239.00000000,0.16067937
112.00000000,2240.00000000,0.16097700
112.00000000,2241.00000000,0.16127479
112.00000000,2242.00000000,0.16157289
112.00000000,2243.00000000,0.16187116
112.00000000,2244.00000000,0.16216958
112.00000000,2245.00000000,0.16246825
112.00000000,2246.00000000,0.16276705
112.00000000,2247.00000000,0.16306613
112.00000000,2248.00000000,0.16336536
112.00000000,2249.00000000,0.16366448
112.00000000,2250.00000000,0.16396253
112.00000000,2251.00000000,0.16425737
112.00000000,2252.00000000,0.16454691
112.00000000,2253.00000000,0.16483026
112.00000000,2254.00000000,0.16510679
112.00000000,2255.00000000,0.16537629
112.00000000,2256.00000000,0.16563885
112.00000000,2257.00000000,0.16589430
112.00000000,2258.00000000,0.16614279
112.00000000,2259.00000000,0.16638433
112.00000000,2260.00000000,0.16661893
112.00000000,2261.00000000,0.16684681
112.00000000,2262.00000000,0.16706807
112.00000000,2263.00000000,0.16663747
112.00000000,2264.00000000,0.16619931
112.00000000,2265.00000000,0.16575376
112.00000000,2266.00000000,0.16530103
112.00000000,2267.00000000,0.16484145
112.00000000,2268.00000000,0.16437513
112.00000000,2269.00000000,0.16390225
112.00000000,2270.00000000,0.16342311
112.00000000,2271.00000000,0.16293778
112.00000000,2272.00000000,0.16244653
112.00000000,2273.00000000,0.16194952
112.00000000,2274.00000000,0.16144684
112.00000000,2275.00000000,0.16093874
112.00000000,2276.00000000,0.16042538
112.00000000,2277.00000000,0.15990682
112.00000000,2278.00000000,0.15938333
112.00000000,2279.00000000,0.15885503
112.00000000,2280.00000000,0.15832198
112.00000000,2281.00000000,0.15778442
112.00000000,2282.00000000,0.15724239
112.00000000,2283.00000000,0.15669614
112.00000000,2284.00000000,0.15614571
112.00000000,2285.00000000,0.15559118
112.00000000,2286.00000000,0.15503276
112.00000000,2287.00000000,0.15447054
112.00000000,2288.00000000,0.15390456
112.00000000,2289.00000000,0.15333503
112.00000000,2290.00000000,0.15276199
112.00000000,2291.00000000,0.15218551
112.00000000,2292.00000000,0.15160580
112.00000000,2293.00000000,0.15102287
112.00000000,2294.00000000,0.15043679
112.00000000,2295.00000000,0.14984772
112.00000000,2296.00000000,0.14925570
112.00000000,2297.00000000,0.14866085
112.00000000,2298.00000000,0.14806325
112.00000000,2299.00000000,0.14746292
112.00000000,2300.00000000,0.14686003
112.00000000,2301.00000000,0.14625459
112.00000000,2302.00000000,0.14564665
112.00000000,2303.00000000,0.14503633
112.00000000,2304.00000000,0.14442368
112.00000000,2305.00000000,0.14380870
112.00000000,2306.00000000,0.14319156
112.00000000,2307.00000000,0.14257222
112.00000000,2308.00000000,0.14195085
112.00000000,2309.00000000,0.14132746
112.00000000,2310.00000000,0.14070206
112.00000000,2311.00000000,0.14007481
112.00000000,2312.00000000,0.13944572
112.00000000,2313.00000000,0.13881479
112.00000000,2314.00000000,0.13818218
112.00000000,2315.00000000,0.13754787
112.00000000,2316.00000000,0.13691193
112.00000000,2317.00000000,0.13627444
112.00000000,2318.00000000,0.13563541
112.00000000,2319.00000000,0.13499489
112.00000000,2320.00000000,0.13435297
112.00000000,2321.00000000,0.13370962
112.00000000,2322.00000000,0.13306498
112.00000000,2323.00000000,0.13241904
112.00000000,2324.00000000,0.13177180
112.00000000,2325.00000000,0.13112341
112.00000000,2326.00000000,0.13047385
112.00000000,2327.00000000,0.12982311
112.00000000,2328.00000000,0.12917132
112.00000000,2329.00000000,0.12851849
112.00000000,2330.00000000,0.12786462
112.00000000,2331.00000000,0.12720980
112.00000000,2332.00000000,0.12655399
112.00000000,2333.00000000,0.12589733
112.00000000,2334.00000000,0.12523980
112.00000000,2335.00000000,0.12458138
112.00000000,2336.00000000,0.12392221
112.00000000,2337.00000000,0.12326228
112.00000000,2338.00000000,0.12260156
112.00000000,2339.00000000,0.12194017
112.00000000,2340.00000000,0.12127811
112.00000000,2341.00000000,0.12061538
112.00000000,2342.00000000,0.11995205
112.00000000,2343.00000000,0.11928810
112.00000000,2344.00000000,0.11862363
112.00000000,2345.00000000,0.11795865
112.00000000,2346.00000000,0.11729311
112.00000000,2347.00000000,0.11662714
112.00000000,2348.00000000,0.11596072
112.00000000,2349.00000000,0.11529385
112.00000000,2350.00000000,0.11462662
112.00000000,2351.00000000,0.11395902
112.00000000,2352.00000000,0.11329106
112.00000000,2353.00000000,0.11262281
112.00000000,2354.00000000,0.11195429
112.00000000,2355.00000000,0.11128545
112.00000000,2356.00000000,0.11061645
112.00000000,2357.00000000,0.10994719
112.00000000,2358.00000000,0.10927781
112.00000000,2359.00000000,0.10860832
112.00000000,2360.00000000,0.10793875
112.00000000,2361.00000000,0.10741066
112.00000000,2362.00000000,0.10729910
112.00000000,2363.00000000,0.10730151
112.00000000,2364.00000000,0.10730417
112.00000000,2365.00000000,0.10730705
112.00000000,2366.00000000,0.10731009
112.00000000,2367.00000000,0.10731335
112.00000000,2368.00000000,0.10733462
112.00000000,2369.00000000,0.10735612
112.00000000,2370.00000000,0.10737781
112.00000000,2371.00000000,0.10739963
112.00000000,2372.00000000,0.10742166
112.00000000,2373.00000000,0.10740858
112.00000000,2374.00000000,0.10739561
112.00000000,2375.00000000,0.10738282
112.00000000,2376.00000000,0.10737018
112.00000000,2377.00000000,0.10735764
112.00000000,2378.00000000,0.10734527
112.00000000,2379.00000000,0.10733303
112.00000000,2380.00000000,0.10732088
112.00000000,2381.00000000,0.10730890
112.00000000,2382.00000000,0.10729700
112.00000000,2383.00000000,0.10728527
112.00000000,2384.00000000,0.10727364
112.00000000,2385.00000000,0.10726210
112.00000000,2386.00000000,0.10725069
112.00000000,2387.00000000,0.10723940
112.00000000,2388.00000000,0.10722665
112.00000000,2389.00000000,0.10721404
112.00000000,2390.00000000,0.10720154
112.00000000,2391.00000000,0.10718908
112.00000000,2392.00000000,0.10717677
112.00000000,2393.00000000,0.10716450
112.00000000,2394.00000000,0.10715236
112.00000000,2395.00000000,0.10714032
112.00000000,2396.00000000,0.10712832
112.00000000,2397.00000000,0.10711645
112.00000000,2398.00000000,0.10710466
112.00000000,2399.00000000,0.10709289
112.00000000,2400.00000000,0.10708126
112.00000000,2401.00000000,0.10706970
112.00000000,2402.00000000,0.10705818
112.00000000,2403.00000000,0.10704677
112.00000000,2404.00000000,0.10703540
112.00000000,2405.00000000,0.10702416
112.00000000,2406.00000000,0.10701298
112.00000000,2407.00000000,0.10700182
112.00000000,2408.00000000,0.10699080
112.00000000,2409.00000000,0.10697984
112.00000000,2410.00000000,0.10696890
112.00000000,2411.00000000,0.10695807
112.00000000,2412.00000000,0.10694730
112.00000000,2413.00000000,0.10693995
112.00000000,2414.00000000,0.10693271
112.00000000,2415.00000000,0.10692552
112.00000000,2416.00000000,0.10691835
112.00000000,2417.00000000,0.10691128
112.00000000,2418.00000000,0.10690423
112.00000000,2419.00000000,0.10689728
112.00000000,2420.00000000,0.10689038
112.00000000,2421.00000000,0.10688350
112.00000000,2422.00000000,0.10687670
112.00000000,2423.00000000,0.10686996
112.00000000,2424.00000000,0.10686321
112.00000000,2425.00000000,0.10685656
112.00000000,2426.00000000,0.10684996
112.00000000,2427.00000000,0.10684335
112.00000000,2428.00000000,0.10683683
112.00000000,2429.00000000,0.10683030
112.00000000,2430.00000000,0.10682387
112.00000000,2431.00000000,0.10681748
112.00000000,2432.00000000,0.10681107
112.00000000,2433.00000000,0.10680475
112.00000000,2434.00000000,0.10679847
112.00000000,2435.00000000,0.10679218
112.00000000,2436.00000000,0.10678597
112.00000000,2437.00000000,0.10677979
112.00000000,2438.00000000,0.10677360
112.00000000,2439.00000000,0.10676748
112.00000000,2440.00000000,0.10676141
112.00000000,2441.00000000,0.10675529
112.00000000,2442.00000000,0.10674928
112.00000000,2443.00000000,0.10674323
112.00000000,2444.00000000,0.10673726
112.00000000,2445.00000000,0.10673133
112.00000000,2446.00000000,0.10672535
112.00000000,2447.00000000,0.10671947
112.00000000,2448.00000000,0.10671360
112.00000000,2449.00000000,0.10670771
112.00000000,2450.00000000,0.10670188
112.00000000,2451.00000000,0.10669609
112.00000000,2452.00000000,0.10669026
112.00000000,2453.00000000,0.10668448
112.00000000,2454.00000000,0.10667869
112.00000000,2455.00000000,0.10667296
112.00000000,2456.00000000,0.10666724
112.00000000,2457.00000000,0.10666148
112.00000000,2458.00000000,0.10665579
112.00000000,2459.00000000,0.10665010
112.00000000,2460.00000000,0.10664438
112.00000000,2461.00000000,0.10663873
112.00000000,2462.00000000,0.10663308
112.00000000,2463.00000000,0.10662641
112.00000000,2464.00000000,0.10661983
112.00000000,2465.00000000,0.10661324
112.00000000,2466.00000000,0.10660661
112.00000000,2467.00000000,0.10660004
112.00000000,2468.00000000,0.10659342
112.00000000,2469.00000000,0.10658687
112.00000000,2470.00000000,0.10658033
112.00000000,2471.00000000,0.10657373
112.00000000,2472.00000000,0.10656720
112.00000000,2473.00000000,0.10656067
112.00000000,2474.00000000,0.10655409
112.00000000,2475.00000000,0.10654758
112.00000000,2476.00000000,0.10654107
112.00000000,2477.00000000,0.10653451
112.00000000,2478.00000000,0.10652801
112.00000000,2479.00000000,0.10652146
112.00000000,2480.00000000,0.10651496
112.00000000,2481.00000000,0.10650848
112.00000000,2482.00000000,0.10650193
112.00000000,2483.00000000,0.10649545
112.00000000,2484.00000000,0.10648898
112.00000000,2485.00000000,0.10648245
112.00000000,2486.00000000,0.10647598
112.00000000,2487.00000000,0.10646951
112.00000000,2488.00000000,0.10646298
112.00000000,2489.00000000,0.10645653
112.00000000,2490.00000000,0.10644999
112.00000000,2491.00000000,0.10644354
112.00000000,2492.00000000,0.10643709
112.00000000,2493.00000000,0.10643055
112.00000000,2494.00000000,0.10642410
112.00000000,2495.00000000,0.10641766
112.00000000,2496.00000000,0.10641113
112.00000000,2497.00000000,0.10640467
112.00000000,2498.00000000,0.10639822
112.00000000,2499.00000000,0.10639170
112.00000000,2500.00000000,0.10638525
113.00000000,1765.00000000,0.07707046
113.00000000,1766.00000000,0.07707039
113.00000000,1767.00000000,0.07707046
113.00000000,1768.00000000,0.07707077
113.00000000,1769.00000000,0.07707097
113.00000000,1770.00000000,0.07707135
113.00000000,1771.00000000,0.07707190
113.00000000,1772.00000000,0.07707259
113.00000000,1773.00000000,0.07707344
113.00000000,1774.00000000,0.07707453
113.00000000,1775.00000000,0.07707549
113.00000000,1776.00000000,0.07707684
113.00000000,1777.00000000,0.07707826
113.00000000,1778.00000000,0.07707981
113.00000000,1779.00000000,0.07708149
113.00000000,1780.00000000,0.07708335
113.00000000,1781.00000000,0.07708540
113.00000000,1782.00000000,0.07708746
113.00000000,1783.00000000,0.07708965
113.00000000,1784.00000000,0.07709185
113.00000000,1785.00000000,0.07709433
113.00000000,1786.00000000,0.07709680
113.00000000,1787.00000000,0.07709949
113.00000000,1788.00000000,0.07710220
113.00000000,1789.00000000,0.07710506
113.00000000,1790.00000000,0.07710787
113.00000000,1791.00000000,0.07711083
113.00000000,1792.00000000,0.07711397
113.00000000,1793.00000000,0.07711706
113.00000000,1794.00000000,0.07712020
113.00000000,1795.00000000,0.07712341
113.00000000,1796.00000000,0.07712680
113.00000000,1797.00000000,0.07713012
113.00000000,1798.00000000,0.07713354
113.00000000,1799.00000000,0.07713699
113.00000000,1800.00000000,0.07714058
113.00000000,1801.00000000,0.07714414
113.00000000,1802.00000000,0.07714771
113.00000000,1803.00000000,0.07715137
113.00000000,1804.00000000,0.07715503
113.00000000,1805.00000000,0.07715872
113.00000000,1806.00000000,0.07716242
113.00000000,1807.00000000,0.07716619
113.00000000,1808.00000000,0.07717001
113.00000000,1809.00000000,0.07717382
113.00000000,1810.00000000,0.07717766
113.00000000,1811.00000000,0.07718154
113.00000000,1812.00000000,0.07718540
113.00000000,1813.00000000,0.07718927
113.00000000,1814.00000000,0.07719329
113.00000000,1815.00000000,0.07719722
113.00000000,1816.00000000,0.07720113
113.00000000,1817.00000000,0.07720523
113.00000000,1818.00000000,0.07720907
113.00000000,1819.00000000,0.07721307
113.00000000,1820.00000000,0.07721710
113.00000000,1821.00000000,0.07722112
113.00000000,1822.00000000,0.07722496
113.00000000,1823.00000000,0.07722904
113.00000000,1824.00000000,0.07723302
113.00000000,1825.00000000,0.07723702
113.00000000,1826.00000000,0.07724107
113.00000000,1827.00000000,0.07724500
113.00000000,1828.00000000,0.07724898
113.00000000,1829.00000000,0.07725296
113.00000000,1830.00000000,0.07725698
113.00000000,1831.00000000,0.07726086
113.00000000,1832.00000000,0.07726480
113.00000000,1833.00000000,0.07726875
113.00000000,1834.00000000,0.07727265
113.00000000,1835.00000000,0.07727658
113.00000000,1836.00000000,0.07728044
113.00000000,1837.00000000,0.07728430
113.00000000,1838.00000000,0.07728812
113.00000000,1839.00000000,0.07729197
113.00000000,1840.00000000,0.07729576
113.00000000,1841.00000000,0.07729958
113.00000000,1842.00000000,0.07730332
113.00000000,1843.00000000,0.07730709
113.00000000,1844.00000000,0.07731082
113.00000000,1845.00000000,0.07731452
113.00000000,1846.00000000,0.07731822
113.00000000,1847.00000000,0.07732184
113.00000000,1848.00000000,0.07732548
113.00000000,1849.00000000,0.07732915
113.00000000,1850.00000000,0.07733267
113.00000000,1851.00000000,0.07733624
113.00000000,1852.00000000,0.07733976
113.00000000,1853.00000000,0.07734357
113.00000000,1854.00000000,0.07734761
113.00000000,1855.00000000,0.07735156
113.00000000,1856.00000000,0.07735547
113.00000000,1857.00000000,0.07735927
113.00000000,1858.00000000,0.07736298
113.00000000,1859.00000000,0.07736667
113.00000000,1860.00000000,0.07737033
113.00000000,1861.00000000,0.07737393
113.00000000,1862.00000000,0.07737736
113.00000000,1863.00000000,0.07738016
113.00000000,1864.00000000,0.07738244
113.00000000,1865.00000000,0.07738439
113.00000000,1866.00000000,0.07738597
113.00000000,1867.00000000,0.07738729
113.00000000,1868.00000000,0.07738835
113.00000000,1869.00000000,0.07738919
113.00000000,1870.00000000,0.07738983
113.00000000,1871.00000000,0.07739034
113.00000000,1872.00000000,0.07739106
113.00000000,1873.00000000,0.07739254
113.00000000,1874.00000000,0.07739462
113.00000000,1875.00000000,0.07739710
113.00000000,1876.00000000,0.07739994
113.00000000,1877.00000000,0.07740307
113.00000000,1878.00000000,0.07740645
113.00000000,1879.00000000,0.07741716
113.00000000,1880.00000000,0.07742097
113.00000000,1881.00000000,0.07742492
113.00000000,1882.00000000,0.07742897
113.00000000,1883.00000000,0.07743264
113.00000000,1884.00000000,0.07743842
113.00000000,1885.00000000,0.07744158
113.00000000,1886.00000000,0.07744471
113.00000000,1887.00000000,0.07744776
113.00000000,1888.00000000,0.07745071
113.00000000,1889.00000000,0.07745349
113.00000000,1890.00000000,0.07745601
113.00000000,1891.00000000,0.07745827
113.00000000,1892.00000000,0.07746028
113.00000000,1893.00000000,0.07746225
113.00000000,1894.00000000,0.07746666
113.00000000,1895.00000000,0.07746887
113.00000000,1896.00000000,0.07747118
113.00000000,1897.00000000,0.07747348
113.00000000,1898.00000000,0.07747572
113.00000000,1899.00000000,0.07747784
113.00000000,1900.00000000,0.07747971
113.00000000,1901.00000000,0.07748134
113.00000000,1902.00000000,0.07748319
113.00000000,1903.00000000,0.07748515
113.00000000,1904.00000000,0.07748970
113.00000000,1905.00000000,0.07749211
113.00000000,1906.00000000,0.07749478
113.00000000,1907.00000000,0.07749765
113.00000000,1908.00000000,0.07750048
113.00000000,1909.00000000,0.07750324
113.00000000,1910.00000000,0.07750853
113.00000000,1911.00000000,0.07751127
113.00000000,1912.00000000,0.07751341
113.00000000,1913.00000000,0.07751707
113.00000000,1914.00000000,0.07751744
113.00000000,1915.00000000,0.07752214
113.00000000,1916.00000000,0.07751966
113.00000000,1917.00000000,0.07751957
113.00000000,1918.00000000,0.07751934
113.00000000,1919.00000000,0.07752157
113.00000000,1920.00000000,0.07752197
113.00000000,1921.00000000,0.07752306
113.00000000,1922.00000000,0.07752518
113.00000000,1923.00000000,0.07752799
113.00000000,1924.00000000,0.07753334
113.00000000,1925.00000000,0.07753621
113.00000000,1926.00000000,0.07753895
113.00000000,1927.00000000,0.07754177
113.00000000,1928.00000000,0.07754709
113.00000000,1929.00000000,0.07755238
113.00000000,1930.00000000,0.07755792
113.00000000,1931.00000000,0.07756209
113.00000000,1932.00000000,0.07756764
113.00000000,1933.00000000,0.07757394
113.00000000,1934.00000000,0.07758079
113.00000000,1935.00000000,0.07759007
113.00000000,1936.00000000,0.07759878
113.00000000,1937.00000000,0.07760411
113.00000000,1938.00000000,0.07761067
113.00000000,1939.00000000,0.07761397
113.00000000,1940.00000000,0.07761894
113.00000000,1941.00000000,0.07762056
113.00000000,1942.00000000,0.07762113
113.00000000,1943.00000000,0.07763541
113.00000000,1944.00000000,0.07763246
113.00000000,1945.00000000,0.07763189
113.00000000,1946.00000000,0.07763467
113.00000000,1947.00000000,0.07763681
113.00000000,1948.00000000,0.07764219
113.00000000,1949.00000000,0.07765482
113.00000000,1950.00000000,0.07765786
113.00000000,1951.00000000,0.07766311
113.00000000,1952.00000000,0.07766912
113.00000000,1953.00000000,0.07767779
113.00000000,1954.00000000,0.07768405
113.00000000,1955.00000000,0.07769305
113.00000000,1956.00000000,0.07769970
113.00000000,1957.00000000,0.07770850
113.00000000,1958.00000000,0.07772167
113.00000000,1959.00000000,0.07772464
113.00000000,1960.00000000,0.07773299
113.00000000,1961.00000000,0.07773489
113.00000000,1962.00000000,0.07774066
113.00000000,1963.00000000,0.07774801
113.00000000,1964.00000000,0.07774470
113.00000000,1965.00000000,0.07774731
113.00000000,1966.00000000,0.07774618
113.00000000,1967.00000000,0.07776277
113.00000000,1968.00000000,0.07775870
113.00000000,1969.00000000,0.07775959
113.00000000,1970.00000000,0.07774842
113.00000000,1971.00000000,0.07773388
113.00000000,1972.00000000,0.07772468
113.00000000,1973.00000000,0.07771893
113.00000000,1974.00000000,0.07770063
113.00000000,1975.00000000,0.07767576
113.00000000,1976.00000000,0.07766225
113.00000000,1977.00000000,0.07765143
113.00000000,1978.00000000,0.07763809
113.00000000,1979.00000000,0.07761505
113.00000000,1980.00000000,0.07760388
113.00000000,1981.00000000,0.07758509
113.00000000,1982.00000000,0.07757332
113.00000000,1983.00000000,0.07756133
113.00000000,1984.00000000,0.07756327
113.00000000,1985.00000000,0.07758772
113.00000000,1986.00000000,0.07759999
113.00000000,1987.00000000,0.07756339
113.00000000,1988.00000000,0.07758395
113.00000000,1989.00000000,0.07757816
113.00000000,1990.00000000,0.07757196
113.00000000,1991.00000000,0.07756195
113.00000000,1992.00000000,0.07758214
113.00000000,1993.00000000,0.07763136
113.00000000,1994.00000000,0.07763687
113.00000000,1995.00000000,0.07765745
113.00000000,1996.00000000,0.07768532
113.00000000,1997.00000000,0.07768209
113.00000000,1998.00000000,0.07767587
113.00000000,1999.00000000,0.07767439
113.00000000,2000.00000000,0.07769685
113.00000000,2001.00000000,0.07776172
113.00000000,2002.00000000,0.07775080
113.00000000,2003.00000000,0.07780852
113.00000000,2004.00000000,0.07783465
113.00000000,2005.00000000,0.07782530
113.00000000,2006.00000000,0.07779805
113.00000000,2007.00000000,0.07780715
113.00000000,2008.00000000,0.07783648
113.00000000,2009.00000000,0.07783934
113.00000000,2010.00000000,0.07785844
113.00000000,2011.00000000,0.07788459
113.00000000,2012.00000000,0.07794837
113.00000000,2013.00000000,0.07797460
113.00000000,2014.00000000,0.07797727
113.00000000,2015.00000000,0.07796824
113.00000000,2016.00000000,0.07804350
113.00000000,2017.00000000,0.07801339
113.00000000,2018.00000000,0.07805595
113.00000000,2019.00000000,0.07810795
113.00000000,2020.00000000,0.07823463
113.00000000,2021.00000000,0.07810031
113.00000000,2022.00000000,0.07812488
113.00000000,2023.00000000,0.07814528
113.00000000,2024.00000000,0.07812458
113.00000000,2025.00000000,0.07816285
113.00000000,2026.00000000,0.07824840
113.00000000,2027.00000000,0.07796903
113.00000000,2028.00000000,0.07787661
113.00000000,2029.00000000,0.07795701
113.00000000,2030.00000000,0.07801578
113.00000000,2031.00000000,0.07790527
113.00000000,2032.00000000,0.07753843
113.00000000,2033.00000000,0.07776038
113.00000000,2034.00000000,0.07739472
113.00000000,2035.00000000,0.07742136
113.00000000,2036.00000000,0.07763720
113.00000000,2037.00000000,0.07754914
113.00000000,2038.00000000,0.07750362
113.00000000,2039.00000000,0.07744791
113.00000000,2040.00000000,0.07755337
113.00000000,2041.00000000,0.07748424
113.00000000,2042.00000000,0.07758904
113.00000000,2043.00000000,0.07730091
113.00000000,2044.00000000,0.07696385
113.00000000,2045.00000000,0.07667115
113.00000000,2046.00000000,0.07669257
113.00000000,2047.00000000,0.07678979
113.00000000,2048.00000000,0.07682711
113.00000000,2049.00000000,0.07697393
113.00000000,2050.00000000,0.07706534
113.00000000,2051.00000000,0.07682743
113.00000000,2052.00000000,0.07685205
113.00000000,2053.00000000,0.07700370
113.00000000,2054.00000000,0.07699332
113.00000000,2055.00000000,0.07692215
113.00000000,2056.00000000,0.07694222
113.00000000,2057.00000000,0.07683497
113.00000000,2058.00000000,0.07624980
113.00000000,2059.00000000,0.07633521
113.00000000,2060.00000000,0.07658961
113.00000000,2061.00000000,0.07667365
113.00000000,2062.00000000,0.07647805
113.00000000,2063.00000000,0.07686104
113.00000000,2064.00000000,0.07708442
113.00000000,2065.00000000,0.07706751
113.00000000,2066.00000000,0.07709020
113.00000000,2067.00000000,0.07706909
113.00000000,2068.00000000,0.07738763
113.00000000,2069.00000000,0.07761359
113.00000000,2070.00000000,0.07774711
113.00000000,2071.00000000,0.07781251
113.00000000,2072.00000000,0.07803671
113.00000000,2073.00000000,0.07822614
113.00000000,2074.00000000,0.07820566
113.00000000,2075.00000000,0.07838141
113.00000000,2076.00000000,0.07865111
113.00000000,2077.00000000,0.07894951
113.00000000,2078.00000000,0.07920085
113.00000000,2079.00000000,0.07950434
113.00000000,2080.00000000,0.07969386
113.00000000,2081.00000000,0.08003846
113.00000000,2082.00000000,0.08046047
113.00000000,2083.00000000,0.08102184
113.00000000,2084.00000000,0.08132583
113.00000000,2085.00000000,0.08165998
113.00000000,2086.00000000,0.08214159
113.00000000,2087.00000000,0.08214057
113.00000000,2088.00000000,0.08206129
113.00000000,2089.00000000,0.08261720
113.00000000,2090.00000000,0.08291512
113.00000000,2091.00000000,0.08306608
113.00000000,2092.00000000,0.08365619
113.00000000,2093.00000000,0.08353311
113.00000000,2094.00000000,0.08318188
113.00000000,2095.00000000,0.08309439
113.00000000,2096.00000000,0.08306089
113.00000000,2097.00000000,0.08344673
113.00000000,2098.00000000,0.08378014
113.00000000,2099.00000000,0.08414126
113.00000000,2100.00000000,0.08445604
113.00000000,2101.00000000,0.08491610
113.00000000,2102.00000000,0.08519706
113.00000000,2103.00000000,0.08533296
113.00000000,2104.00000000,0.08554681
113.00000000,2105.00000000,0.08532610
113.00000000,2106.00000000,0.08536634
113.00000000,2107.00000000,0.08564434
113.00000000,2108.00000000,0.08595014
113.00000000,2109.00000000,0.08627522
113.00000000,2110.00000000,0.08654208
113.00000000,2111.00000000,0.08651838
113.00000000,2112.00000000,0.08652276
113.00000000,2113.00000000,0.08691721
113.00000000,2114.00000000,0.08730409
113.00000000,2115.00000000,0.08746895
113.00000000,2116.00000000,0.08823027
113.00000000,2117.00000000,0.08909654
113.00000000,2118.00000000,0.08978415
113.00000000,2119.00000000,0.09024745
113.00000000,2120.00000000,0.09071374
113.00000000,2121.00000000,0.09118302
113.00000000,2122.00000000,0.09165469
113.00000000,2123.00000000,0.09212875
113.00000000,2124.00000000,0.09275142
113.00000000,2125.00000000,0.09337647
113.00000000,2126.00000000,0.09400392
113.00000000,2127.00000000,0.09463366
113.00000000,2128.00000000,0.09526560
113.00000000,2129.00000000,0.09589975
113.00000000,2130.00000000,0.09653601
113.00000000,2131.00000000,0.09717427
113.00000000,2132.00000000,0.09781450
113.00000000,2133.00000000,0.09845660
113.00000000,2134.00000000,0.09903591
113.00000000,2135.00000000,0.09961698
113.00000000,2136.00000000,0.10019975
113.00000000,2137.00000000,0.10078425
113.00000000,2138.00000000,0.10137045
113.00000000,2139.00000000,0.10195832
113.00000000,2140.00000000,0.10254790
113.00000000,2141.00000000,0.10313917
113.00000000,2142.00000000,0.10373211
113.00000000,2143.00000000,0.10432685
113.00000000,2144.00000000,0.10505770
113.00000000,2145.00000000,0.10579029
113.00000000,2146.00000000,0.10652465
113.00000000,2147.00000000,0.10726069
113.00000000,2148.00000000,0.10799831
113.00000000,2149.00000000,0.10873752
113.00000000,2150.00000000,0.10947819
113.00000000,2151.00000000,0.11022097
113.00000000,2152.00000000,0.11096746
113.00000000,2153.00000000,0.11171923
113.00000000,2154.00000000,0.11257510
113.00000000,2155.00000000,0.11343754
113.00000000,2156.00000000,0.11430663
113.00000000,2157.00000000,0.11518240
113.00000000,2158.00000000,0.11606473
113.00000000,2159.00000000,0.11695343
113.00000000,2160.00000000,0.11784842
113.00000000,2161.00000000,0.11874943
113.00000000,2162.00000000,0.11965643
113.00000000,2163.00000000,0.12056916
113.00000000,2164.00000000,0.12148190
113.00000000,2165.00000000,0.12240009
113.00000000,2166.00000000,0.12332353
113.00000000,2167.00000000,0.12425202
113.00000000,2168.00000000,0.12518549
113.00000000,2169.00000000,0.12612373
113.00000000,2170.00000000,0.12706656
113.00000000,2171.00000000,0.12801388
113.00000000,2172.00000000,0.12896547
113.00000000,2173.00000000,0.12992112
113.00000000,2174.00000000,0.13066459
113.00000000,2175.00000000,0.13141135
113.00000000,2176.00000000,0.13216142
113.00000000,2177.00000000,0.13291463
113.00000000,2178.00000000,0.13367089
113.00000000,2179.00000000,0.13443014
113.00000000,2180.00000000,0.13519226
113.00000000,2181.00000000,0.13595712
113.00000000,2182.00000000,0.13672467
113.00000000,2183.00000000,0.13749475
113.00000000,2184.00000000,0.13807075
113.00000000,2185.00000000,0.13864867
113.00000000,2186.00000000,0.13922836
113.00000000,2187.00000000,0.13980986
113.00000000,2188.00000000,0.14039311
113.00000000,2189.00000000,0.14097802
113.00000000,2190.00000000,0.14156461
113.00000000,2191.00000000,0.14215279
113.00000000,2192.00000000,0.14274248
113.00000000,2193.00000000,0.14333368
113.00000000,2194.00000000,0.14381560
113.00000000,2195.00000000,0.14429857
113.00000000,2196.00000000,0.14478265
113.00000000,2197.00000000,0.14526775
113.00000000,2198.00000000,0.14575391
113.00000000,2199.00000000,0.14624109
113.00000000,2200.00000000,0.14672921
113.00000000,2201.00000000,0.14721832
113.00000000,2202.00000000,0.14770836
113.00000000,2203.00000000,0.14819923
113.00000000,2204.00000000,0.14857576
113.00000000,2205.00000000,0.14895279
113.00000000,2206.00000000,0.14933030
113.00000000,2207.00000000,0.14970836
113.00000000,2208.00000000,0.15008693
113.00000000,2209.00000000,0.15046593
113.00000000,2210.00000000,0.15084553
113.00000000,2211.00000000,0.15122550
113.00000000,2212.00000000,0.15160608
113.00000000,2213.00000000,0.15198709
113.00000000,2214.00000000,0.15227914
113.00000000,2215.00000000,0.15257142
113.00000000,2216.00000000,0.15286391
113.00000000,2217.00000000,0.15315654
113.00000000,2218.00000000,0.15344945
113.00000000,2219.00000000,0.15374257
113.00000000,2220.00000000,0.15403585
113.00000000,2221.00000000,0.15432941
113.00000000,2222.00000000,0.15462315
113.00000000,2223.00000000,0.15491716
113.00000000,2224.00000000,0.15521145
113.00000000,2225.00000000,0.15550589
113.00000000,2226.00000000,0.15580062
113.00000000,2227.00000000,0.15609558
113.00000000,2228.00000000,0.15639073
113.00000000,2229.00000000,0.15668619
113.00000000,2230.00000000,0.15698190
113.00000000,2231.00000000,0.15727780
113.00000000,2232.00000000,0.15757404
113.00000000,2233.00000000,0.15787048
113.00000000,2234.00000000,0.15816711
113.00000000,2235.00000000,0.15846403
113.00000000,2236.00000000,0.15876116
113.00000000,2237.00000000,0.15905859
113.00000000,2238.00000000,0.15935630
113.00000000,2239.00000000,0.15965410
113.00000000,2240.00000000,0.15995231
113.00000000,2241.00000000,0.16025070
113.00000000,2242.00000000,0.16054926
113.00000000,2243.00000000,0.16084811
113.00000000,2244.00000000,0.16114720
113.00000000,2245.00000000,0.16144641
113.00000000,2246.00000000,0.16174589
113.00000000,2247.00000000,0.16204551
113.00000000,2248.00000000,0.16234537
113.00000000,2249.00000000,0.16264526
113.00000000,2250.00000000,0.16294395
113.00000000,2251.00000000,0.16323950
113.00000000,2252.00000000,0.16352991
113.00000000,2253.00000000,0.16381402
113.00000000,2254.00000000,0.16409149
113.00000000,2255.00000000,0.16436203
113.00000000,2256.00000000,0.16462557
113.00000000,2257.00000000,0.16488221
113.00000000,2258.00000000,0.16513184
113.00000000,2259.00000000,0.16537466
113.00000000,2260.00000000,0.16561069
113.00000000,2261.00000000,0.16583999
113.00000000,2262.00000000,0.16606290
113.00000000,2263.00000000,0.16627945
113.00000000,2264.00000000,0.16584740
113.00000000,2265.00000000,0.16540801
113.00000000,2266.00000000,0.16496143
113.00000000,2267.00000000,0.16450784
113.00000000,2268.00000000,0.16404756
113.00000000,2269.00000000,0.16358073
113.00000000,2270.00000000,0.16310749
113.00000000,2271.00000000,0.16262812
113.00000000,2272.00000000,0.16214274
113.00000000,2273.00000000,0.16165156
113.00000000,2274.00000000,0.16115475
113.00000000,2275.00000000,0.16065240
113.00000000,2276.00000000,0.16014477
113.00000000,2277.00000000,0.15963199
113.00000000,2278.00000000,0.15911414
113.00000000,2279.00000000,0.15859147
113.00000000,2280.00000000,0.15806410
113.00000000,2281.00000000,0.15753208
113.00000000,2282.00000000,0.15699565
113.00000000,2283.00000000,0.15645486
113.00000000,2284.00000000,0.15590992
113.00000000,2285.00000000,0.15536091
113.00000000,2286.00000000,0.15480788
113.00000000,2287.00000000,0.15425103
113.00000000,2288.00000000,0.15369047
113.00000000,2289.00000000,0.15312622
113.00000000,2290.00000000,0.15255850
113.00000000,2291.00000000,0.15198733
113.00000000,2292.00000000,0.15141281
113.00000000,2293.00000000,0.15083510
113.00000000,2294.00000000,0.15025426
113.00000000,2295.00000000,0.14967031
113.00000000,2296.00000000,0.14908345
113.00000000,2297.00000000,0.14849366
113.00000000,2298.00000000,0.14790112
113.00000000,2299.00000000,0.14730587
113.00000000,2300.00000000,0.14670795
113.00000000,2301.00000000,0.14610751
113.00000000,2302.00000000,0.14550456
113.00000000,2303.00000000,0.14489914
113.00000000,2304.00000000,0.14429139
113.00000000,2305.00000000,0.14368131
113.00000000,2306.00000000,0.14306899
113.00000000,2307.00000000,0.14245450
113.00000000,2308.00000000,0.14183790
113.00000000,2309.00000000,0.14121926
113.00000000,2310.00000000,0.14059865
113.00000000,2311.00000000,0.13997607
113.00000000,2312.00000000,0.13935167
113.00000000,2313.00000000,0.13872545
113.00000000,2314.00000000,0.13809743
113.00000000,2315.00000000,0.13746776
113.00000000,2316.00000000,0.13683643
113.00000000,2317.00000000,0.13620346
113.00000000,2318.00000000,0.13556898
113.00000000,2319.00000000,0.13493300
113.00000000,2320.00000000,0.13429552
113.00000000,2321.00000000,0.13365668
113.00000000,2322.00000000,0.13301643
113.00000000,2323.00000000,0.13237491
113.00000000,2324.00000000,0.13173211
113.00000000,2325.00000000,0.13108805
113.00000000,2326.00000000,0.13044281
113.00000000,2327.00000000,0.12979644
113.00000000,2328.00000000,0.12914893
113.00000000,2329.00000000,0.12850037
113.00000000,2330.00000000,0.12785077
113.00000000,2331.00000000,0.12720013
113.00000000,2332.00000000,0.12654857
113.00000000,2333.00000000,0.12589605
113.00000000,2334.00000000,0.12524268
113.00000000,2335.00000000,0.12458844
113.00000000,2336.00000000,0.12393333
113.00000000,2337.00000000,0.12327748
113.00000000,2338.00000000,0.12262086
113.00000000,2339.00000000,0.12196349
113.00000000,2340.00000000,0.12130544
113.00000000,2341.00000000,0.12064673
113.00000000,2342.00000000,0.11998734
113.00000000,2343.00000000,0.11932738
113.00000000,2344.00000000,0.11866681
113.00000000,2345.00000000,0.11800572
113.00000000,2346.00000000,0.11734411
113.00000000,2347.00000000,0.11668197
113.00000000,2348.00000000,0.11601939
113.00000000,2349.00000000,0.11535637
113.00000000,2350.00000000,0.11469290
113.00000000,2351.00000000,0.11402907
113.00000000,2352.00000000,0.11336488
113.00000000,2353.00000000,0.11270033
113.00000000,2354.00000000,0.11203550
113.00000000,2355.00000000,0.11137039
113.00000000,2356.00000000,0.11070499
113.00000000,2357.00000000,0.11003940
113.00000000,2358.00000000,0.10937357
113.00000000,2359.00000000,0.10870762
113.00000000,2360.00000000,0.10804156
113.00000000,2361.00000000,0.10737541
113.00000000,2362.00000000,0.10685002
113.00000000,2363.00000000,0.10673901
113.00000000,2364.00000000,0.10674138
113.00000000,2365.00000000,0.10674399
113.00000000,2366.00000000,0.10674682
113.00000000,2367.00000000,0.10674981
113.00000000,2368.00000000,0.10675302
113.00000000,2369.00000000,0.10677415
113.00000000,2370.00000000,0.10679551
113.00000000,2371.00000000,0.10681704
113.00000000,2372.00000000,0.10683872
113.00000000,2373.00000000,0.10686059
113.00000000,2374.00000000,0.10684755
113.00000000,2375.00000000,0.10683460
113.00000000,2376.00000000,0.10682185
113.00000000,2377.00000000,0.10680923
113.00000000,2378.00000000,0.10679671
113.00000000,2379.00000000,0.10678438
113.00000000,2380.00000000,0.10677216
113.00000000,2381.00000000,0.10676004
113.00000000,2382.00000000,0.10674808
113.00000000,2383.00000000,0.10673620
113.00000000,2384.00000000,0.10672449
113.00000000,2385.00000000,0.10671289
113.00000000,2386.00000000,0.10670136
113.00000000,2387.00000000,0.10668998
113.00000000,2388.00000000,0.10667871
113.00000000,2389.00000000,0.10666598
113.00000000,2390.00000000,0.10665340
113.00000000,2391.00000000,0.10664091
113.00000000,2392.00000000,0.10662849
113.00000000,2393.00000000,0.10661620
113.00000000,2394.00000000,0.10660395
113.00000000,2395.00000000,0.10659184
113.00000000,2396.00000000,0.10657981
113.00000000,2397.00000000,0.10656782
113.00000000,2398.00000000,0.10655597
113.00000000,2399.00000000,0.10654419
113.00000000,2400.00000000,0.10653246
113.00000000,2401.00000000,0.10652084
113.00000000,2402.00000000,0.10650930
113.00000000,2403.00000000,0.10649779
113.00000000,2404.00000000,0.10648642
113.00000000,2405.00000000,0.10647507
113.00000000,2406.00000000,0.10646383
113.00000000,2407.00000000,0.10645269
113.00000000,2408.00000000,0.10644155
113.00000000,2409.00000000,0.10643055
113.00000000,2410.00000000,0.10641960
113.00000000,2411.00000000,0.10640868
113.00000000,2412.00000000,0.10639787
113.00000000,2413.00000000,0.10638712
113.00000000,2414.00000000,0.10637976
113.00000000,2415.00000000,0.10637253
113.00000000,2416.00000000,0.10636534
113.00000000,2417.00000000,0.10635816
113.00000000,2418.00000000,0.10635110
113.00000000,2419.00000000,0.10634403
113.00000000,2420.00000000,0.10633708
113.00000000,2421.00000000,0.10633018
113.00000000,2422.00000000,0.10632328
113.00000000,2423.00000000,0.10631647
113.00000000,2424.00000000,0.10630972
113.00000000,2425.00000000,0.10630297
113.00000000,2426.00000000,0.10629631
113.00000000,2427.00000000,0.10628971
113.00000000,2428.00000000,0.10628308
113.00000000,2429.00000000,0.10627656
113.00000000,2430.00000000,0.10627002
113.00000000,2431.00000000,0.10626358
113.00000000,2432.00000000,0.10625717
113.00000000,2433.00000000,0.10625076
113.00000000,2434.00000000,0.10624443
113.00000000,2435.00000000,0.10623814
113.00000000,2436.00000000,0.10623184
113.00000000,2437.00000000,0.10622561
113.00000000,2438.00000000,0.10621942
113.00000000,2439.00000000,0.10621321
113.00000000,2440.00000000,0.10620708
113.00000000,2441.00000000,0.10620099
113.00000000,2442.00000000,0.10619487
113.00000000,2443.00000000,0.10618884
113.00000000,2444.00000000,0.10618278
113.00000000,2445.00000000,0.10617679
113.00000000,2446.00000000,0.10617084
113.00000000,2447.00000000,0.10616485
113.00000000,2448.00000000,0.10615895
113.00000000,2449.00000000,0.10615306
113.00000000,2450.00000000,0.10614716
113.00000000,2451.00000000,0.10614131
113.00000000,2452.00000000,0.10613550
113.00000000,2453.00000000,0.10612965
113.00000000,2454.00000000,0.10612386
113.00000000,2455.00000000,0.10611803
113.00000000,2456.00000000,0.10611228
113.00000000,2457.00000000,0.10610655
113.00000000,2458.00000000,0.10610075
113.00000000,2459.00000000,0.10609505
113.00000000,2460.00000000,0.10608934
113.00000000,2461.00000000,0.10608359
113.00000000,2462.00000000,0.10607791
113.00000000,2463.00000000,0.10607225
113.00000000,2464.00000000,0.10606556
113.00000000,2465.00000000,0.10605896
113.00000000,2466.00000000,0.10605235
113.00000000,2467.00000000,0.10604570
113.00000000,2468.00000000,0.10603911
113.00000000,2469.00000000,0.10603247
113.00000000,2470.00000000,0.10602590
113.00000000,2471.00000000,0.10601934
113.00000000,2472.00000000,0.10601272
113.00000000,2473.00000000,0.10600618
113.00000000,2474.00000000,0.10599963
113.00000000,2475.00000000,0.10599304
113.00000000,2476.00000000,0.10598651
113.00000000,2477.00000000,0.10597998
113.00000000,2478.00000000,0.10597340
113.00000000,2479.00000000,0.10596689
113.00000000,2480.00000000,0.10596030
113.00000000,2481.00000000,0.10595380
113.00000000,2482.00000000,0.10594730
113.00000000,2483.00000000,0.10594073
113.00000000,2484.00000000,0.10593424
113.00000000,2485.00000000,0.10592774
113.00000000,2486.00000000,0.10592119
113.00000000,2487.00000000,0.10591470
113.00000000,2488.00000000,0.10590821
113.00000000,2489.00000000,0.10590166
113.00000000,2490.00000000,0.10589519
113.00000000,2491.00000000,0.10588864
113.00000000,2492.00000000,0.10588216
113.00000000,2493.00000000,0.10587569
113.00000000,2494.00000000,0.10586915
113.00000000,2495.00000000,0.10586267
113.00000000,2496.00000000,0.10585620
113.00000000,2497.00000000,0.10584966
113.00000000,2498.00000000,0.10584318
113.00000000,2499.00000000,0.10583672
113.00000000,2500.00000000,0.10583017
114.00000000,1765.00000000,0.07660289
114.00000000,1766.00000000,0.07660269
114.00000000,1767.00000000,0.07660267
114.00000000,1768.00000000,0.07660284
114.00000000,1769.00000000,0.07660326
114.00000000,1770.00000000,0.07660359
114.00000000,1771.00000000,0.07660412
114.00000000,1772.00000000,0.07660481
114.00000000,1773.00000000,0.07660563
114.00000000,1774.00000000,0.07660663
114.00000000,1775.00000000,0.07660787
114.00000000,1776.00000000,0.07660897
114.00000000,1777.00000000,0.07661045
114.00000000,1778.00000000,0.07661201
114.00000000,1779.00000000,0.07661368
114.00000000,1780.00000000,0.07661549
114.00000000,1781.00000000,0.07661747
114.00000000,1782.00000000,0.07661962
114.00000000,1783.00000000,0.07662179
114.00000000,1784.00000000,0.07662408
114.00000000,1785.00000000,0.07662637
114.00000000,1786.00000000,0.07662894
114.00000000,1787.00000000,0.07663150
114.00000000,1788.00000000,0.07663426
114.00000000,1789.00000000,0.07663705
114.00000000,1790.00000000,0.07663997
114.00000000,1791.00000000,0.07664286
114.00000000,1792.00000000,0.07664587
114.00000000,1793.00000000,0.07664906
114.00000000,1794.00000000,0.07665221
114.00000000,1795.00000000,0.07665539
114.00000000,1796.00000000,0.07665865
114.00000000,1797.00000000,0.07666208
114.00000000,1798.00000000,0.07666544
114.00000000,1799.00000000,0.07666888
114.00000000,1800.00000000,0.07667236
114.00000000,1801.00000000,0.07667597
114.00000000,1802.00000000,0.07667955
114.00000000,1803.00000000,0.07668313
114.00000000,1804.00000000,0.07668680
114.00000000,1805.00000000,0.07669048
114.00000000,1806.00000000,0.07669418
114.00000000,1807.00000000,0.07669789
114.00000000,1808.00000000,0.07670168
114.00000000,1809.00000000,0.07670550
114.00000000,1810.00000000,0.07670931
114.00000000,1811.00000000,0.07671317
114.00000000,1812.00000000,0.07671704
114.00000000,1813.00000000,0.07672089
114.00000000,1814.00000000,0.07672477
114.00000000,1815.00000000,0.07672877
114.00000000,1816.00000000,0.07673270
114.00000000,1817.00000000,0.07673659
114.00000000,1818.00000000,0.07674066
114.00000000,1819.00000000,0.07674449
114.00000000,1820.00000000,0.07674847
114.00000000,1821.00000000,0.07675249
114.00000000,1822.00000000,0.07675649
114.00000000,1823.00000000,0.07676032
114.00000000,1824.00000000,0.07676437
114.00000000,1825.00000000,0.07676833
114.00000000,1826.00000000,0.07677230
114.00000000,1827.00000000,0.07677632
114.00000000,1828.00000000,0.07678022
114.00000000,1829.00000000,0.07678417
114.00000000,1830.00000000,0.07678812
114.00000000,1831.00000000,0.07679209
114.00000000,1832.00000000,0.07679593
114.00000000,1833.00000000,0.07679983
114.00000000,1834.00000000,0.07680374
114.00000000,1835.00000000,0.07680761
114.00000000,1836.00000000,0.07681150
114.00000000,1837.00000000,0.07681530
114.00000000,1838.00000000,0.07681912
114.00000000,1839.00000000,0.07682290
114.00000000,1840.00000000,0.07682670
114.00000000,1841.00000000,0.07683045
114.00000000,1842.00000000,0.07683421
114.00000000,1843.00000000,0.07683791
114.00000000,1844.00000000,0.07684163
114.00000000,1845.00000000,0.07684531
114.00000000,1846.00000000,0.07684895
114.00000000,1847.00000000,0.07685260
114.00000000,1848.00000000,0.07685616
114.00000000,1849.00000000,0.07685976
114.00000000,1850.00000000,0.07686336
114.00000000,1851.00000000,0.07686679
114.00000000,1852.00000000,0.07687028
114.00000000,1853.00000000,0.07687412
114.00000000,1854.00000000,0.07687806
114.00000000,1855.00000000,0.07688203
114.00000000,1856.00000000,0.07688583
114.00000000,1857.00000000,0.07688962
114.00000000,1858.00000000,0.07689331
114.00000000,1859.00000000,0.07689693
114.00000000,1860.00000000,0.07690055
114.00000000,1861.00000000,0.07690409
114.00000000,1862.00000000,0.07690748
114.00000000,1863.00000000,0.07691024
114.00000000,1864.00000000,0.07691246
114.00000000,1865.00000000,0.07691433
114.00000000,1866.00000000,0.07691589
114.00000000,1867.00000000,0.07691715
114.00000000,1868.00000000,0.07691819
114.00000000,1869.00000000,0.07691895
114.00000000,1870.00000000,0.07691953
114.00000000,1871.00000000,0.07691999
114.00000000,1872.00000000,0.07692063
114.00000000,1873.00000000,0.07692204
114.00000000,1874.00000000,0.07692402
114.00000000,1875.00000000,0.07692640
114.00000000,1876.00000000,0.07692915
114.00000000,1877.00000000,0.07693215
114.00000000,1878.00000000,0.07693541
114.00000000,1879.00000000,0.07693891
114.00000000,1880.00000000,0.07694959
114.00000000,1881.00000000,0.07695341
114.00000000,1882.00000000,0.07695731
114.00000000,1883.00000000,0.07696085
114.00000000,1884.00000000,0.07696410
114.00000000,1885.00000000,0.07696957
114.00000000,1886.00000000,0.07697253
114.00000000,1887.00000000,0.07697548
114.00000000,1888.00000000,0.07697831
114.00000000,1889.00000000,0.07698095
114.00000000,1890.00000000,0.07698338
114.00000000,1891.00000000,0.07698555
114.00000000,1892.00000000,0.07698746
114.00000000,1893.00000000,0.07698933
114.00000000,1894.00000000,0.07699124
114.00000000,1895.00000000,0.07699574
114.00000000,1896.00000000,0.07699795
114.00000000,1897.00000000,0.07700015
114.00000000,1898.00000000,0.07700233
114.00000000,1899.00000000,0.07700432
114.00000000,1900.00000000,0.07700612
114.00000000,1901.00000000,0.07700768
114.00000000,1902.00000000,0.07700944
114.00000000,1903.00000000,0.07701134
114.00000000,1904.00000000,0.07701338
114.00000000,1905.00000000,0.07701809
114.00000000,1906.00000000,0.07702068
114.00000000,1907.00000000,0.07702346
114.00000000,1908.00000000,0.07702620
114.00000000,1909.00000000,0.07702894
114.00000000,1910.00000000,0.07703171
114.00000000,1911.00000000,0.07703677
114.00000000,1912.00000000,0.07703886
114.00000000,1913.00000000,0.07704004
114.00000000,1914.00000000,0.07704271
114.00000000,1915.00000000,0.07704260
114.00000000,1916.00000000,0.07704720
114.00000000,1917.00000000,0.07704469
114.00000000,1918.00000000,0.07704438
114.00000000,1919.00000000,0.07704419
114.00000000,1920.00000000,0.07704693
114.00000000,1921.00000000,0.07704794
114.00000000,1922.00000000,0.07704997
114.00000000,1923.00000000,0.07705270
114.00000000,1924.00000000,0.07705560
114.00000000,1925.00000000,0.07706076
114.00000000,1926.00000000,0.07706347
114.00000000,1927.00000000,0.07706619
114.00000000,1928.00000000,0.07706906
114.00000000,1929.00000000,0.07707424
114.00000000,1930.00000000,0.07707968
114.00000000,1931.00000000,0.07708617
114.00000000,1932.00000000,0.07709160
114.00000000,1933.00000000,0.07709780
114.00000000,1934.00000000,0.07710460
114.00000000,1935.00000000,0.07711134
114.00000000,1936.00000000,0.07711997
114.00000000,1937.00000000,0.07712767
114.00000000,1938.00000000,0.07713164
114.00000000,1939.00000000,0.07713723
114.00000000,1940.00000000,0.07713979
114.00000000,1941.00000000,0.07714369
114.00000000,1942.00000000,0.07714419
114.00000000,1943.00000000,0.07714405
114.00000000,1944.00000000,0.07715765
114.00000000,1945.00000000,0.07715465
114.00000000,1946.00000000,0.07715499
114.00000000,1947.00000000,0.07715941
114.00000000,1948.00000000,0.07716232
114.00000000,1949.00000000,0.07716765
114.00000000,1950.00000000,0.07718008
114.00000000,1951.00000000,0.07718288
114.00000000,1952.00000000,0.07718877
114.00000000,1953.00000000,0.07719492
114.00000000,1954.00000000,0.07720345
114.00000000,1955.00000000,0.07720993
114.00000000,1956.00000000,0.07721885
114.00000000,1957.00000000,0.07722510
114.00000000,1958.00000000,0.07723335
114.00000000,1959.00000000,0.07724578
114.00000000,1960.00000000,0.07724681
114.00000000,1961.00000000,0.07725333
114.00000000,1962.00000000,0.07725425
114.00000000,1963.00000000,0.07725906
114.00000000,1964.00000000,0.07726522
114.00000000,1965.00000000,0.07726050
114.00000000,1966.00000000,0.07726162
114.00000000,1967.00000000,0.07725911
114.00000000,1968.00000000,0.07727399
114.00000000,1969.00000000,0.07726771
114.00000000,1970.00000000,0.07726608
114.00000000,1971.00000000,0.07725155
114.00000000,1972.00000000,0.07723285
114.00000000,1973.00000000,0.07722003
114.00000000,1974.00000000,0.07721128
114.00000000,1975.00000000,0.07719126
114.00000000,1976.00000000,0.07716595
114.00000000,1977.00000000,0.07715261
114.00000000,1978.00000000,0.07714155
114.00000000,1979.00000000,0.07712787
114.00000000,1980.00000000,0.07710420
114.00000000,1981.00000000,0.07709281
114.00000000,1982.00000000,0.07707606
114.00000000,1983.00000000,0.07706850
114.00000000,1984.00000000,0.07706060
114.00000000,1985.00000000,0.07706563
114.00000000,1986.00000000,0.07709167
114.00000000,1987.00000000,0.07710461
114.00000000,1988.00000000,0.07706835
114.00000000,1989.00000000,0.07708840
114.00000000,1990.00000000,0.07708198
114.00000000,1991.00000000,0.07707548
114.00000000,1992.00000000,0.07706596
114.00000000,1993.00000000,0.07708646
114.00000000,1994.00000000,0.07713642
114.00000000,1995.00000000,0.07714267
114.00000000,1996.00000000,0.07716317
114.00000000,1997.00000000,0.07719029
114.00000000,1998.00000000,0.07718624
114.00000000,1999.00000000,0.07717982
114.00000000,2000.00000000,0.07717841
114.00000000,2001.00000000,0.07720038
114.00000000,2002.00000000,0.07726424
114.00000000,2003.00000000,0.07725335
114.00000000,2004.00000000,0.07730943
114.00000000,2005.00000000,0.07733259
114.00000000,2006.00000000,0.07731921
114.00000000,2007.00000000,0.07728803
114.00000000,2008.00000000,0.07729336
114.00000000,2009.00000000,0.07731916
114.00000000,2010.00000000,0.07731898
114.00000000,2011.00000000,0.07733515
114.00000000,2012.00000000,0.07735838
114.00000000,2013.00000000,0.07741891
114.00000000,2014.00000000,0.07744208
114.00000000,2015.00000000,0.07744190
114.00000000,2016.00000000,0.07743014
114.00000000,2017.00000000,0.07750219
114.00000000,2018.00000000,0.07746974
114.00000000,2019.00000000,0.07750956
114.00000000,2020.00000000,0.07755887
114.00000000,2021.00000000,0.07768251
114.00000000,2022.00000000,0.07754716
114.00000000,2023.00000000,0.07756984
114.00000000,2024.00000000,0.07758862
114.00000000,2025.00000000,0.07756675
114.00000000,2026.00000000,0.07760354
114.00000000,2027.00000000,0.07768741
114.00000000,2028.00000000,0.07740899
114.00000000,2029.00000000,0.07731626
114.00000000,2030.00000000,0.07739523
114.00000000,2031.00000000,0.07745269
114.00000000,2032.00000000,0.07734194
114.00000000,2033.00000000,0.07697641
114.00000000,2034.00000000,0.07719535
114.00000000,2035.00000000,0.07683077
114.00000000,2036.00000000,0.07685563
114.00000000,2037.00000000,0.07706838
114.00000000,2038.00000000,0.07697941
114.00000000,2039.00000000,0.07693269
114.00000000,2040.00000000,0.07687595
114.00000000,2041.00000000,0.07697919
114.00000000,2042.00000000,0.07690896
114.00000000,2043.00000000,0.07701119
114.00000000,2044.00000000,0.07672325
114.00000000,2045.00000000,0.07638671
114.00000000,2046.00000000,0.07609422
114.00000000,2047.00000000,0.07611359
114.00000000,2048.00000000,0.07620823
114.00000000,2049.00000000,0.07624348
114.00000000,2050.00000000,0.07638747
114.00000000,2051.00000000,0.07647654
114.00000000,2052.00000000,0.07623884
114.00000000,2053.00000000,0.07626177
114.00000000,2054.00000000,0.07641087
114.00000000,2055.00000000,0.07639922
114.00000000,2056.00000000,0.07632731
114.00000000,2057.00000000,0.07634599
114.00000000,2058.00000000,0.07623839
114.00000000,2059.00000000,0.07565657
114.00000000,2060.00000000,0.07574025
114.00000000,2061.00000000,0.07599183
114.00000000,2062.00000000,0.07607482
114.00000000,2063.00000000,0.07588088
114.00000000,2064.00000000,0.07626144
114.00000000,2065.00000000,0.07648389
114.00000000,2066.00000000,0.07646797
114.00000000,2067.00000000,0.07649139
114.00000000,2068.00000000,0.07647133
114.00000000,2069.00000000,0.07678836
114.00000000,2070.00000000,0.07701345
114.00000000,2071.00000000,0.07714686
114.00000000,2072.00000000,0.07721302
114.00000000,2073.00000000,0.07743722
114.00000000,2074.00000000,0.07762713
114.00000000,2075.00000000,0.07760881
114.00000000,2076.00000000,0.07778527
114.00000000,2077.00000000,0.07805494
114.00000000,2078.00000000,0.07835303
114.00000000,2079.00000000,0.07860433
114.00000000,2080.00000000,0.07890727
114.00000000,2081.00000000,0.07909710
114.00000000,2082.00000000,0.07944099
114.00000000,2083.00000000,0.07986189
114.00000000,2084.00000000,0.08042119
114.00000000,2085.00000000,0.08072503
114.00000000,2086.00000000,0.08105875
114.00000000,2087.00000000,0.08153880
114.00000000,2088.00000000,0.08153961
114.00000000,2089.00000000,0.08146263
114.00000000,2090.00000000,0.08201618
114.00000000,2091.00000000,0.08231359
114.00000000,2092.00000000,0.08246524
114.00000000,2093.00000000,0.08305313
114.00000000,2094.00000000,0.08293295
114.00000000,2095.00000000,0.08258623
114.00000000,2096.00000000,0.08250132
114.00000000,2097.00000000,0.08246996
114.00000000,2098.00000000,0.08285493
114.00000000,2099.00000000,0.08318775
114.00000000,2100.00000000,0.08354802
114.00000000,2101.00000000,0.08386226
114.00000000,2102.00000000,0.08432095
114.00000000,2103.00000000,0.08460198
114.00000000,2104.00000000,0.08473899
114.00000000,2105.00000000,0.08495343
114.00000000,2106.00000000,0.08473620
114.00000000,2107.00000000,0.08477808
114.00000000,2108.00000000,0.08505604
114.00000000,2109.00000000,0.08536153
114.00000000,2110.00000000,0.08568610
114.00000000,2111.00000000,0.08595277
114.00000000,2112.00000000,0.08593073
114.00000000,2113.00000000,0.08593651
114.00000000,2114.00000000,0.08632970
114.00000000,2115.00000000,0.08671530
114.00000000,2116.00000000,0.08688031
114.00000000,2117.00000000,0.08763778
114.00000000,2118.00000000,0.08849946
114.00000000,2119.00000000,0.08918363
114.00000000,2120.00000000,0.08964492
114.00000000,2121.00000000,0.09010914
114.00000000,2122.00000000,0.09057630
114.00000000,2123.00000000,0.09104579
114.00000000,2124.00000000,0.09151762
114.00000000,2125.00000000,0.09213707
114.00000000,2126.00000000,0.09275886
114.00000000,2127.00000000,0.09338303
114.00000000,2128.00000000,0.09400947
114.00000000,2129.00000000,0.09463809
114.00000000,2130.00000000,0.09526887
114.00000000,2131.00000000,0.09590172
114.00000000,2132.00000000,0.09653655
114.00000000,2133.00000000,0.09717333
114.00000000,2134.00000000,0.09781194
114.00000000,2135.00000000,0.09838815
114.00000000,2136.00000000,0.09896610
114.00000000,2137.00000000,0.09954571
114.00000000,2138.00000000,0.10012704
114.00000000,2139.00000000,0.10071004
114.00000000,2140.00000000,0.10129468
114.00000000,2141.00000000,0.10188101
114.00000000,2142.00000000,0.10246902
114.00000000,2143.00000000,0.10305869
114.00000000,2144.00000000,0.10365012
114.00000000,2145.00000000,0.10437676
114.00000000,2146.00000000,0.10510516
114.00000000,2147.00000000,0.10583530
114.00000000,2148.00000000,0.10656709
114.00000000,2149.00000000,0.10730046
114.00000000,2150.00000000,0.10803541
114.00000000,2151.00000000,0.10877241
114.00000000,2152.00000000,0.10951315
114.00000000,2153.00000000,0.11025917
114.00000000,2154.00000000,0.11101126
114.00000000,2155.00000000,0.11186720
114.00000000,2156.00000000,0.11272983
114.00000000,2157.00000000,0.11359907
114.00000000,2158.00000000,0.11447491
114.00000000,2159.00000000,0.11535717
114.00000000,2160.00000000,0.11624567
114.00000000,2161.00000000,0.11714030
114.00000000,2162.00000000,0.11804084
114.00000000,2163.00000000,0.11894719
114.00000000,2164.00000000,0.11985914
114.00000000,2165.00000000,0.12077099
114.00000000,2166.00000000,0.12168817
114.00000000,2167.00000000,0.12261049
114.00000000,2168.00000000,0.12353774
114.00000000,2169.00000000,0.12446987
114.00000000,2170.00000000,0.12540668
114.00000000,2171.00000000,0.12634795
114.00000000,2172.00000000,0.12729365
114.00000000,2173.00000000,0.12824353
114.00000000,2174.00000000,0.12919740
114.00000000,2175.00000000,0.12994018
114.00000000,2176.00000000,0.13068621
114.00000000,2177.00000000,0.13143544
114.00000000,2178.00000000,0.13218777
114.00000000,2179.00000000,0.13294305
114.00000000,2180.00000000,0.13370127
114.00000000,2181.00000000,0.13446231
114.00000000,2182.00000000,0.13522602
114.00000000,2183.00000000,0.13599240
114.00000000,2184.00000000,0.13676125
114.00000000,2185.00000000,0.13733698
114.00000000,2186.00000000,0.13791459
114.00000000,2187.00000000,0.13849395
114.00000000,2188.00000000,0.13907508
114.00000000,2189.00000000,0.13965792
114.00000000,2190.00000000,0.14024238
114.00000000,2191.00000000,0.14082848
114.00000000,2192.00000000,0.14141615
114.00000000,2193.00000000,0.14200530
114.00000000,2194.00000000,0.14259594
114.00000000,2195.00000000,0.14307781
114.00000000,2196.00000000,0.14356073
114.00000000,2197.00000000,0.14404474
114.00000000,2198.00000000,0.14452973
114.00000000,2199.00000000,0.14501579
114.00000000,2200.00000000,0.14550283
114.00000000,2201.00000000,0.14599078
114.00000000,2202.00000000,0.14647972
114.00000000,2203.00000000,0.14696959
114.00000000,2204.00000000,0.14746026
114.00000000,2205.00000000,0.14783717
114.00000000,2206.00000000,0.14821456
114.00000000,2207.00000000,0.14859240
114.00000000,2208.00000000,0.14897079
114.00000000,2209.00000000,0.14934967
114.00000000,2210.00000000,0.14972899
114.00000000,2211.00000000,0.15010886
114.00000000,2212.00000000,0.15048917
114.00000000,2213.00000000,0.15087001
114.00000000,2214.00000000,0.15125131
114.00000000,2215.00000000,0.15154407
114.00000000,2216.00000000,0.15183706
114.00000000,2217.00000000,0.15213027
114.00000000,2218.00000000,0.15242359
114.00000000,2219.00000000,0.15271723
114.00000000,2220.00000000,0.15301104
114.00000000,2221.00000000,0.15330503
114.00000000,2222.00000000,0.15359928
114.00000000,2223.00000000,0.15389372
114.00000000,2224.00000000,0.15418843
114.00000000,2225.00000000,0.15448339
114.00000000,2226.00000000,0.15477852
114.00000000,2227.00000000,0.15507395
114.00000000,2228.00000000,0.15536966
114.00000000,2229.00000000,0.15566552
114.00000000,2230.00000000,0.15596169
114.00000000,2231.00000000,0.15625811
114.00000000,2232.00000000,0.15655472
114.00000000,2233.00000000,0.15685163
114.00000000,2234.00000000,0.15714879
114.00000000,2235.00000000,0.15744615
114.00000000,2236.00000000,0.15774386
114.00000000,2237.00000000,0.15804171
114.00000000,2238.00000000,0.15833988
114.00000000,2239.00000000,0.15863830
114.00000000,2240.00000000,0.15893690
114.00000000,2241.00000000,0.15923583
114.00000000,2242.00000000,0.15953503
114.00000000,2243.00000000,0.15983436
114.00000000,2244.00000000,0.16013398
114.00000000,2245.00000000,0.16043383
114.00000000,2246.00000000,0.16073384
114.00000000,2247.00000000,0.16103415
114.00000000,2248.00000000,0.16133458
114.00000000,2249.00000000,0.16163508
114.00000000,2250.00000000,0.16193449
114.00000000,2251.00000000,0.16223069
114.00000000,2252.00000000,0.16252188
114.00000000,2253.00000000,0.16280686
114.00000000,2254.00000000,0.16308513
114.00000000,2255.00000000,0.16335663
114.00000000,2256.00000000,0.16362125
114.00000000,2257.00000000,0.16387890
114.00000000,2258.00000000,0.16412974
114.00000000,2259.00000000,0.16437372
114.00000000,2260.00000000,0.16461107
114.00000000,2261.00000000,0.16484182
114.00000000,2262.00000000,0.16506616
114.00000000,2263.00000000,0.16528437
114.00000000,2264.00000000,0.16549646
114.00000000,2265.00000000,0.16506313
114.00000000,2266.00000000,0.16462265
114.00000000,2267.00000000,0.16417519
114.00000000,2268.00000000,0.16372087
114.00000000,2269.00000000,0.16326002
114.00000000,2270.00000000,0.16279280
114.00000000,2271.00000000,0.16231929
114.00000000,2272.00000000,0.16183981
114.00000000,2273.00000000,0.16135444
114.00000000,2274.00000000,0.16086344
114.00000000,2275.00000000,0.16036690
114.00000000,2276.00000000,0.15986497
114.00000000,2277.00000000,0.15935788
114.00000000,2278.00000000,0.15884577
114.00000000,2279.00000000,0.15832869
114.00000000,2280.00000000,0.15780690
114.00000000,2281.00000000,0.15728052
114.00000000,2282.00000000,0.15674959
114.00000000,2283.00000000,0.15621434
114.00000000,2284.00000000,0.15567483
114.00000000,2285.00000000,0.15513125
114.00000000,2286.00000000,0.15458368
114.00000000,2287.00000000,0.15403218
114.00000000,2288.00000000,0.15347694
114.00000000,2289.00000000,0.15291807
114.00000000,2290.00000000,0.15235558
114.00000000,2291.00000000,0.15178969
114.00000000,2292.00000000,0.15122042
114.00000000,2293.00000000,0.15064788
114.00000000,2294.00000000,0.15007218
114.00000000,2295.00000000,0.14949342
114.00000000,2296.00000000,0.14891162
114.00000000,2297.00000000,0.14832696
114.00000000,2298.00000000,0.14773943
114.00000000,2299.00000000,0.14714921
114.00000000,2300.00000000,0.14655631
114.00000000,2301.00000000,0.14596079
114.00000000,2302.00000000,0.14536278
114.00000000,2303.00000000,0.14476231
114.00000000,2304.00000000,0.14415939
114.00000000,2305.00000000,0.14355420
114.00000000,2306.00000000,0.14294673
114.00000000,2307.00000000,0.14233702
114.00000000,2308.00000000,0.14172521
114.00000000,2309.00000000,0.14111129
114.00000000,2310.00000000,0.14049541
114.00000000,2311.00000000,0.13987755
114.00000000,2312.00000000,0.13925779
114.00000000,2313.00000000,0.13863620
114.00000000,2314.00000000,0.13801285
114.00000000,2315.00000000,0.13738773
114.00000000,2316.00000000,0.13676095
114.00000000,2317.00000000,0.13613257
114.00000000,2318.00000000,0.13550258
114.00000000,2319.00000000,0.13487108
114.00000000,2320.00000000,0.13423812
114.00000000,2321.00000000,0.13360369
114.00000000,2322.00000000,0.13296788
114.00000000,2323.00000000,0.13233073
114.00000000,2324.00000000,0.13169230
114.00000000,2325.00000000,0.13105262
114.00000000,2326.00000000,0.13041167
114.00000000,2327.00000000,0.12976959
114.00000000,2328.00000000,0.12912638
114.00000000,2329.00000000,0.12848203
114.00000000,2330.00000000,0.12783666
114.00000000,2331.00000000,0.12719027
114.00000000,2332.00000000,0.12654286
114.00000000,2333.00000000,0.12589454
114.00000000,2334.00000000,0.12524525
114.00000000,2335.00000000,0.12459512
114.00000000,2336.00000000,0.12394415
114.00000000,2337.00000000,0.12329233
114.00000000,2338.00000000,0.12263976
114.00000000,2339.00000000,0.12198644
114.00000000,2340.00000000,0.12133235
114.00000000,2341.00000000,0.12067761
114.00000000,2342.00000000,0.12002223
114.00000000,2343.00000000,0.11936616
114.00000000,2344.00000000,0.11870954
114.00000000,2345.00000000,0.11805230
114.00000000,2346.00000000,0.11739455
114.00000000,2347.00000000,0.11673629
114.00000000,2348.00000000,0.11607750
114.00000000,2349.00000000,0.11541828
114.00000000,2350.00000000,0.11475862
114.00000000,2351.00000000,0.11409851
114.00000000,2352.00000000,0.11343806
114.00000000,2353.00000000,0.11277725
114.00000000,2354.00000000,0.11211607
114.00000000,2355.00000000,0.11145463
114.00000000,2356.00000000,0.11079290
114.00000000,2357.00000000,0.11013089
114.00000000,2358.00000000,0.10946869
114.00000000,2359.00000000,0.10880625
114.00000000,2360.00000000,0.10814369
114.00000000,2361.00000000,0.10748102
114.00000000,2362.00000000,0.10681827
114.00000000,2363.00000000,0.10629554
114.00000000,2364.00000000,0.10618507
114.00000000,2365.00000000,0.10618739
114.00000000,2366.00000000,0.10618997
114.00000000,2367.00000000,0.10619274
114.00000000,2368.00000000,0.10619568
114.00000000,2369.00000000,0.10619884
114.00000000,2370.00000000,0.10621983
114.00000000,2371.00000000,0.10624104
114.00000000,2372.00000000,0.10626243
114.00000000,2373.00000000,0.10628396
114.00000000,2374.00000000,0.10630570
114.00000000,2375.00000000,0.10629267
114.00000000,2376.00000000,0.10627976
114.00000000,2377.00000000,0.10626704
114.00000000,2378.00000000,0.10625444
114.00000000,2379.00000000,0.10624195
114.00000000,2380.00000000,0.10622964
114.00000000,2381.00000000,0.10621746
114.00000000,2382.00000000,0.10620536
114.00000000,2383.00000000,0.10619343
114.00000000,2384.00000000,0.10618157
114.00000000,2385.00000000,0.10616987
114.00000000,2386.00000000,0.10615829
114.00000000,2387.00000000,0.10614678
114.00000000,2388.00000000,0.10613542
114.00000000,2389.00000000,0.10612417
114.00000000,2390.00000000,0.10611147
114.00000000,2391.00000000,0.10609891
114.00000000,2392.00000000,0.10608645
114.00000000,2393.00000000,0.10607404
114.00000000,2394.00000000,0.10606177
114.00000000,2395.00000000,0.10604954
114.00000000,2396.00000000,0.10603745
114.00000000,2397.00000000,0.10602545
114.00000000,2398.00000000,0.10601349
114.00000000,2399.00000000,0.10600166
114.00000000,2400.00000000,0.10598990
114.00000000,2401.00000000,0.10597817
114.00000000,2402.00000000,0.10596658
114.00000000,2403.00000000,0.10595507
114.00000000,2404.00000000,0.10594358
114.00000000,2405.00000000,0.10593222
114.00000000,2406.00000000,0.10592090
114.00000000,2407.00000000,0.10590969
114.00000000,2408.00000000,0.10589855
114.00000000,2409.00000000,0.10588745
114.00000000,2410.00000000,0.10587645
114.00000000,2411.00000000,0.10586553
114.00000000,2412.00000000,0.10585463
114.00000000,2413.00000000,0.10584383
114.00000000,2414.00000000,0.10583310
114.00000000,2415.00000000,0.10582574
114.00000000,2416.00000000,0.10581851
114.00000000,2417.00000000,0.10581131
114.00000000,2418.00000000,0.10580414
114.00000000,2419.00000000,0.10579707
114.00000000,2420.00000000,0.10579001
114.00000000,2421.00000000,0.10578304
114.00000000,2422.00000000,0.10577613
114.00000000,2423.00000000,0.10576923
114.00000000,2424.00000000,0.10576242
114.00000000,2425.00000000,0.10575565
114.00000000,2426.00000000,0.10574890
114.00000000,2427.00000000,0.10574223
114.00000000,2428.00000000,0.10573561
114.00000000,2429.00000000,0.10572899
114.00000000,2430.00000000,0.10572246
114.00000000,2431.00000000,0.10571591
114.00000000,2432.00000000,0.10570945
114.00000000,2433.00000000,0.10570304
114.00000000,2434.00000000,0.10569660
114.00000000,2435.00000000,0.10569028
114.00000000,2436.00000000,0.10568397
114.00000000,2437.00000000,0.10567764
114.00000000,2438.00000000,0.10567142
114.00000000,2439.00000000,0.10566522
114.00000000,2440.00000000,0.10565899
114.00000000,2441.00000000,0.10565285
114.00000000,2442.00000000,0.10564674
114.00000000,2443.00000000,0.10564061
114.00000000,2444.00000000,0.10563456
114.00000000,2445.00000000,0.10562848
114.00000000,2446.00000000,0.10562248
114.00000000,2447.00000000,0.10561652
114.00000000,2448.00000000,0.10561051
114.00000000,2449.00000000,0.10560460
114.00000000,2450.00000000,0.10559869
114.00000000,2451.00000000,0.10559277
114.00000000,2452.00000000,0.10558691
114.00000000,2453.00000000,0.10558108
114.00000000,2454.00000000,0.10557519
114.00000000,2455.00000000,0.10556939
114.00000000,2456.00000000,0.10556355
114.00000000,2457.00000000,0.10555777
114.00000000,2458.00000000,0.10555201
114.00000000,2459.00000000,0.10554620
114.00000000,2460.00000000,0.10554046
114.00000000,2461.00000000,0.10553473
114.00000000,2462.00000000,0.10552897
114.00000000,2463.00000000,0.10552327
114.00000000,2464.00000000,0.10551757
114.00000000,2465.00000000,0.10551088
114.00000000,2466.00000000,0.10550424
114.00000000,2467.00000000,0.10549763
114.00000000,2468.00000000,0.10549096
114.00000000,2469.00000000,0.10548435
114.00000000,2470.00000000,0.10547769
114.00000000,2471.00000000,0.10547111
114.00000000,2472.00000000,0.10546453
114.00000000,2473.00000000,0.10545789
114.00000000,2474.00000000,0.10545132
114.00000000,2475.00000000,0.10544477
114.00000000,2476.00000000,0.10543815
114.00000000,2477.00000000,0.10543160
114.00000000,2478.00000000,0.10542506
114.00000000,2479.00000000,0.10541845
114.00000000,2480.00000000,0.10541192
114.00000000,2481.00000000,0.10540533
114.00000000,2482.00000000,0.10539881
114.00000000,2483.00000000,0.10539229
114.00000000,2484.00000000,0.10538570
114.00000000,2485.00000000,0.10537919
114.00000000,2486.00000000,0.10537268
114.00000000,2487.00000000,0.10536610
114.00000000,2488.00000000,0.10535959
114.00000000,2489.00000000,0.10535309
114.00000000,2490.00000000,0.10534653
114.00000000,2491.00000000,0.10534002
114.00000000,2492.00000000,0.10533346
114.00000000,2493.00000000,0.10532696
114.00000000,2494.00000000,0.10532047
114.00000000,2495.00000000,0.10531390
114.00000000,2496.00000000,0.10530741
114.00000000,2497.00000000,0.10530093
114.00000000,2498.00000000,0.10529436
114.00000000,2499.00000000,0.10528787
114.00000000,2500.00000000,0.10528139
115.00000000,1765.00000000,0.07613947
115.00000000,1766.00000000,0.07613960
115.00000000,1767.00000000,0.07613945
115.00000000,1768.00000000,0.07613953
115.00000000,1769.00000000,0.07613980
115.00000000,1770.00000000,0.07614036
115.00000000,1771.00000000,0.07614083
115.00000000,1772.00000000,0.07614150
115.00000000,1773.00000000,0.07614233
115.00000000,1774.00000000,0.07614329
115.00000000,1775.00000000,0.07614443
115.00000000,1776.00000000,0.07614581
115.00000000,1777.00000000,0.07614704
115.00000000,1778.00000000,0.07614866
115.00000000,1779.00000000,0.07615034
115.00000000,1780.00000000,0.07615215
115.00000000,1781.00000000,0.07615408
115.00000000,1782.00000000,0.07615616
115.00000000,1783.00000000,0.07615842
115.00000000,1784.00000000,0.07616068
115.00000000,1785.00000000,0.07616306
115.00000000,1786.00000000,0.07616544
115.00000000,1787.00000000,0.07616810
115.00000000,1788.00000000,0.07617073
115.00000000,1789.00000000,0.07617358
115.00000000,1790.00000000,0.07617642
115.00000000,1791.00000000,0.07617942
115.00000000,1792.00000000,0.07618237
115.00000000,1793.00000000,0.07618543
115.00000000,1794.00000000,0.07618867
115.00000000,1795.00000000,0.07619186
115.00000000,1796.00000000,0.07619509
115.00000000,1797.00000000,0.07619839
115.00000000,1798.00000000,0.07620186
115.00000000,1799.00000000,0.07620524
115.00000000,1800.00000000,0.07620871
115.00000000,1801.00000000,0.07621222
115.00000000,1802.00000000,0.07621584
115.00000000,1803.00000000,0.07621943
115.00000000,1804.00000000,0.07622302
115.00000000,1805.00000000,0.07622671
115.00000000,1806.00000000,0.07623041
115.00000000,1807.00000000,0.07623411
115.00000000,1808.00000000,0.07623783
115.00000000,1809.00000000,0.07624163
115.00000000,1810.00000000,0.07624544
115.00000000,1811.00000000,0.07624928
115.00000000,1812.00000000,0.07625312
115.00000000,1813.00000000,0.07625699
115.00000000,1814.00000000,0.07626084
115.00000000,1815.00000000,0.07626470
115.00000000,1816.00000000,0.07626871
115.00000000,1817.00000000,0.07627262
115.00000000,1818.00000000,0.07627648
115.00000000,1819.00000000,0.07628054
115.00000000,1820.00000000,0.07628436
115.00000000,1821.00000000,0.07628831
115.00000000,1822.00000000,0.07629232
115.00000000,1823.00000000,0.07629630
115.00000000,1824.00000000,0.07630010
115.00000000,1825.00000000,0.07630414
115.00000000,1826.00000000,0.07630806
115.00000000,1827.00000000,0.07631200
115.00000000,1828.00000000,0.07631600
115.00000000,1829.00000000,0.07631987
115.00000000,1830.00000000,0.07632379
115.00000000,1831.00000000,0.07632770
115.00000000,1832.00000000,0.07633161
115.00000000,1833.00000000,0.07633542
115.00000000,1834.00000000,0.07633927
115.00000000,1835.00000000,0.07634315
115.00000000,1836.00000000,0.07634699
115.00000000,1837.00000000,0.07635082
115.00000000,1838.00000000,0.07635459
115.00000000,1839.00000000,0.07635836
115.00000000,1840.00000000,0.07636209
115.00000000,1841.00000000,0.07636585
115.00000000,1842.00000000,0.07636954
115.00000000,1843.00000000,0.07637327
115.00000000,1844.00000000,0.07637691
115.00000000,1845.00000000,0.07638058
115.00000000,1846.00000000,0.07638421
115.00000000,1847.00000000,0.07638779
115.00000000,1848.00000000,0.07639137
115.00000000,1849.00000000,0.07639489
115.00000000,1850.00000000,0.07639842
115.00000000,1851.00000000,0.07640194
115.00000000,1852.00000000,0.07640529
115.00000000,1853.00000000,0.07640910
115.00000000,1854.00000000,0.07641307
115.00000000,1855.00000000,0.07641694
115.00000000,1856.00000000,0.07642075
115.00000000,1857.00000000,0.07642444
115.00000000,1858.00000000,0.07642812
115.00000000,1859.00000000,0.07643171
115.00000000,1860.00000000,0.07643526
115.00000000,1861.00000000,0.07643877
115.00000000,1862.00000000,0.07644210
115.00000000,1863.00000000,0.07644482
115.00000000,1864.00000000,0.07644701
115.00000000,1865.00000000,0.07644883
115.00000000,1866.00000000,0.07645031
115.00000000,1867.00000000,0.07645156
115.00000000,1868.00000000,0.07645253
115.00000000,1869.00000000,0.07645327
115.00000000,1870.00000000,0.07645378
115.00000000,1871.00000000,0.07645418
115.00000000,1872.00000000,0.07645476
115.00000000,1873.00000000,0.07645609
115.00000000,1874.00000000,0.07645800
115.00000000,1875.00000000,0.07646028
115.00000000,1876.00000000,0.07646293
115.00000000,1877.00000000,0.07646583
115.00000000,1878.00000000,0.07646896
115.00000000,1879.00000000,0.07647234
115.00000000,1880.00000000,0.07647587
115.00000000,1881.00000000,0.07648651
115.00000000,1882.00000000,0.07649028
115.00000000,1883.00000000,0.07649371
115.00000000,1884.00000000,0.07649680
115.00000000,1885.00000000,0.07649977
115.00000000,1886.00000000,0.07650501
115.00000000,1887.00000000,0.07650779
115.00000000,1888.00000000,0.07651053
115.00000000,1889.00000000,0.07651304
115.00000000,1890.00000000,0.07651536
115.00000000,1891.00000000,0.07651742
115.00000000,1892.00000000,0.07651924
115.00000000,1893.00000000,0.07652102
115.00000000,1894.00000000,0.07652283
115.00000000,1895.00000000,0.07652483
115.00000000,1896.00000000,0.07652930
115.00000000,1897.00000000,0.07653142
115.00000000,1898.00000000,0.07653349
115.00000000,1899.00000000,0.07653544
115.00000000,1900.00000000,0.07653711
115.00000000,1901.00000000,0.07653860
115.00000000,1902.00000000,0.07654029
115.00000000,1903.00000000,0.07654207
115.00000000,1904.00000000,0.07654407
115.00000000,1905.00000000,0.07654630
115.00000000,1906.00000000,0.07655117
115.00000000,1907.00000000,0.07655389
115.00000000,1908.00000000,0.07655653
115.00000000,1909.00000000,0.07655919
115.00000000,1910.00000000,0.07656190
115.00000000,1911.00000000,0.07656448
115.00000000,1912.00000000,0.07656888
115.00000000,1913.00000000,0.07657001
115.00000000,1914.00000000,0.07657023
115.00000000,1915.00000000,0.07657239
115.00000000,1916.00000000,0.07657222
115.00000000,1917.00000000,0.07657674
115.00000000,1918.00000000,0.07657403
115.00000000,1919.00000000,0.07657377
115.00000000,1920.00000000,0.07657407
115.00000000,1921.00000000,0.07657743
115.00000000,1922.00000000,0.07657936
115.00000000,1923.00000000,0.07658200
115.00000000,1924.00000000,0.07658484
115.00000000,1925.00000000,0.07658753
115.00000000,1926.00000000,0.07659254
115.00000000,1927.00000000,0.07659523
115.00000000,1928.00000000,0.07659799
115.00000000,1929.00000000,0.07660076
115.00000000,1930.00000000,0.07660607
115.00000000,1931.00000000,0.07661245
115.00000000,1932.00000000,0.07662017
115.00000000,1933.00000000,0.07662626
115.00000000,1934.00000000,0.07663296
115.00000000,1935.00000000,0.07663963
115.00000000,1936.00000000,0.07664575
115.00000000,1937.00000000,0.07665338
115.00000000,1938.00000000,0.07665971
115.00000000,1939.00000000,0.07666275
115.00000000,1940.00000000,0.07666758
115.00000000,1941.00000000,0.07666908
115.00000000,1942.00000000,0.07667185
115.00000000,1943.00000000,0.07667163
115.00000000,1944.00000000,0.07667093
115.00000000,1945.00000000,0.07668438
115.00000000,1946.00000000,0.07668228
115.00000000,1947.00000000,0.07668427
115.00000000,1948.00000000,0.07668943
115.00000000,1949.00000000,0.07669232
115.00000000,1950.00000000,0.07669749
115.00000000,1951.00000000,0.07670964
115.00000000,1952.00000000,0.07671310
115.00000000,1953.00000000,0.07671911
115.00000000,1954.00000000,0.07672513
115.00000000,1955.00000000,0.07673388
115.00000000,1956.00000000,0.07674027
115.00000000,1957.00000000,0.07674879
115.00000000,1958.00000000,0.07675452
115.00000000,1959.00000000,0.07676207
115.00000000,1960.00000000,0.07677251
115.00000000,1961.00000000,0.07677175
115.00000000,1962.00000000,0.07677728
115.00000000,1963.00000000,0.07677727
115.00000000,1964.00000000,0.07678090
115.00000000,1965.00000000,0.07678561
115.00000000,1966.00000000,0.07677945
115.00000000,1967.00000000,0.07677919
115.00000000,1968.00000000,0.07677510
115.00000000,1969.00000000,0.07678767
115.00000000,1970.00000000,0.07677893
115.00000000,1971.00000000,0.07677389
115.00000000,1972.00000000,0.07675522
115.00000000,1973.00000000,0.07673298
115.00000000,1974.00000000,0.07671723
115.00000000,1975.00000000,0.07670668
115.00000000,1976.00000000,0.07668622
115.00000000,1977.00000000,0.07666116
115.00000000,1978.00000000,0.07664760
115.00000000,1979.00000000,0.07663620
115.00000000,1980.00000000,0.07662182
115.00000000,1981.00000000,0.07659800
115.00000000,1982.00000000,0.07658860
115.00000000,1983.00000000,0.07657605
115.00000000,1984.00000000,0.07657254
115.00000000,1985.00000000,0.07656776
115.00000000,1986.00000000,0.07657449
115.00000000,1987.00000000,0.07660112
115.00000000,1988.00000000,0.07661409
115.00000000,1989.00000000,0.07657766
115.00000000,1990.00000000,0.07659692
115.00000000,1991.00000000,0.07659021
115.00000000,1992.00000000,0.07658415
115.00000000,1993.00000000,0.07657515
115.00000000,1994.00000000,0.07659656
115.00000000,1995.00000000,0.07664697
115.00000000,1996.00000000,0.07665324
115.00000000,1997.00000000,0.07667303
115.00000000,1998.00000000,0.07669914
115.00000000,1999.00000000,0.07669490
115.00000000,2000.00000000,0.07668857
115.00000000,2001.00000000,0.07668681
115.00000000,2002.00000000,0.07670805
115.00000000,2003.00000000,0.07677146
115.00000000,2004.00000000,0.07675937
115.00000000,2005.00000000,0.07681230
115.00000000,2006.00000000,0.07683125
115.00000000,2007.00000000,0.07681388
115.00000000,2008.00000000,0.07677921
115.00000000,2009.00000000,0.07678120
115.00000000,2010.00000000,0.07680382
115.00000000,2011.00000000,0.07680085
115.00000000,2012.00000000,0.07681419
115.00000000,2013.00000000,0.07683446
115.00000000,2014.00000000,0.07689172
115.00000000,2015.00000000,0.07691192
115.00000000,2016.00000000,0.07690897
115.00000000,2017.00000000,0.07689462
115.00000000,2018.00000000,0.07696364
115.00000000,2019.00000000,0.07692898
115.00000000,2020.00000000,0.07696620
115.00000000,2021.00000000,0.07701303
115.00000000,2022.00000000,0.07713388
115.00000000,2023.00000000,0.07699775
115.00000000,2024.00000000,0.07701881
115.00000000,2025.00000000,0.07703615
115.00000000,2026.00000000,0.07701322
115.00000000,2027.00000000,0.07704868
115.00000000,2028.00000000,0.07713095
115.00000000,2029.00000000,0.07685355
115.00000000,2030.00000000,0.07676061
115.00000000,2031.00000000,0.07683814
115.00000000,2032.00000000,0.07689417
115.00000000,2033.00000000,0.07678291
115.00000000,2034.00000000,0.07641856
115.00000000,2035.00000000,0.07663443
115.00000000,2036.00000000,0.07627087
115.00000000,2037.00000000,0.07629402
115.00000000,2038.00000000,0.07650371
115.00000000,2039.00000000,0.07641387
115.00000000,2040.00000000,0.07636607
115.00000000,2041.00000000,0.07630830
115.00000000,2042.00000000,0.07640919
115.00000000,2043.00000000,0.07633766
115.00000000,2044.00000000,0.07643726
115.00000000,2045.00000000,0.07614948
115.00000000,2046.00000000,0.07581347
115.00000000,2047.00000000,0.07552125
115.00000000,2048.00000000,0.07553864
115.00000000,2049.00000000,0.07563080
115.00000000,2050.00000000,0.07566405
115.00000000,2051.00000000,0.07580534
115.00000000,2052.00000000,0.07589218
115.00000000,2053.00000000,0.07565477
115.00000000,2054.00000000,0.07567614
115.00000000,2055.00000000,0.07582279
115.00000000,2056.00000000,0.07580995
115.00000000,2057.00000000,0.07573734
115.00000000,2058.00000000,0.07575474
115.00000000,2059.00000000,0.07564685
115.00000000,2060.00000000,0.07506842
115.00000000,2061.00000000,0.07515057
115.00000000,2062.00000000,0.07539982
115.00000000,2063.00000000,0.07548234
115.00000000,2064.00000000,0.07529040
115.00000000,2065.00000000,0.07566881
115.00000000,2066.00000000,0.07589041
115.00000000,2067.00000000,0.07587552
115.00000000,2068.00000000,0.07589966
115.00000000,2069.00000000,0.07588063
115.00000000,2070.00000000,0.07619609
115.00000000,2071.00000000,0.07642038
115.00000000,2072.00000000,0.07655402
115.00000000,2073.00000000,0.07662136
115.00000000,2074.00000000,0.07684577
115.00000000,2075.00000000,0.07703625
115.00000000,2076.00000000,0.07702007
115.00000000,2077.00000000,0.07719718
115.00000000,2078.00000000,0.07746674
115.00000000,2079.00000000,0.07776443
115.00000000,2080.00000000,0.07801556
115.00000000,2081.00000000,0.07831797
115.00000000,2082.00000000,0.07850821
115.00000000,2083.00000000,0.07885154
115.00000000,2084.00000000,0.07927140
115.00000000,2085.00000000,0.07982866
115.00000000,2086.00000000,0.08013227
115.00000000,2087.00000000,0.08046548
115.00000000,2088.00000000,0.08094390
115.00000000,2089.00000000,0.08094641
115.00000000,2090.00000000,0.08087160
115.00000000,2091.00000000,0.08142280
115.00000000,2092.00000000,0.08171986
115.00000000,2093.00000000,0.08187237
115.00000000,2094.00000000,0.08245814
115.00000000,2095.00000000,0.08234084
115.00000000,2096.00000000,0.08199851
115.00000000,2097.00000000,0.08191609
115.00000000,2098.00000000,0.08188675
115.00000000,2099.00000000,0.08227078
115.00000000,2100.00000000,0.08260294
115.00000000,2101.00000000,0.08296235
115.00000000,2102.00000000,0.08327623
115.00000000,2103.00000000,0.08373375
115.00000000,2104.00000000,0.08401489
115.00000000,2105.00000000,0.08415301
115.00000000,2106.00000000,0.08436797
115.00000000,2107.00000000,0.08415412
115.00000000,2108.00000000,0.08419756
115.00000000,2109.00000000,0.08447539
115.00000000,2110.00000000,0.08478050
115.00000000,2111.00000000,0.08510449
115.00000000,2112.00000000,0.08537088
115.00000000,2113.00000000,0.08535043
115.00000000,2114.00000000,0.08535752
115.00000000,2115.00000000,0.08574940
115.00000000,2116.00000000,0.08613369
115.00000000,2117.00000000,0.08629878
115.00000000,2118.00000000,0.08705239
115.00000000,2119.00000000,0.08790950
115.00000000,2120.00000000,0.08859022
115.00000000,2121.00000000,0.08904948
115.00000000,2122.00000000,0.08951161
115.00000000,2123.00000000,0.08997664
115.00000000,2124.00000000,0.09044395
115.00000000,2125.00000000,0.09091355
115.00000000,2126.00000000,0.09152979
115.00000000,2127.00000000,0.09214836
115.00000000,2128.00000000,0.09276927
115.00000000,2129.00000000,0.09339243
115.00000000,2130.00000000,0.09401774
115.00000000,2131.00000000,0.09464519
115.00000000,2132.00000000,0.09527466
115.00000000,2133.00000000,0.09590608
115.00000000,2134.00000000,0.09653942
115.00000000,2135.00000000,0.09717457
115.00000000,2136.00000000,0.09774771
115.00000000,2137.00000000,0.09832256
115.00000000,2138.00000000,0.09889904
115.00000000,2139.00000000,0.09947722
115.00000000,2140.00000000,0.10005705
115.00000000,2141.00000000,0.10063850
115.00000000,2142.00000000,0.10122161
115.00000000,2143.00000000,0.10180638
115.00000000,2144.00000000,0.10239280
115.00000000,2145.00000000,0.10298096
115.00000000,2146.00000000,0.10370348
115.00000000,2147.00000000,0.10442770
115.00000000,2148.00000000,0.10515367
115.00000000,2149.00000000,0.10588128
115.00000000,2150.00000000,0.10661044
115.00000000,2151.00000000,0.10734175
115.00000000,2152.00000000,0.10807675
115.00000000,2153.00000000,0.10881703
115.00000000,2154.00000000,0.10956339
115.00000000,2155.00000000,0.11031615
115.00000000,2156.00000000,0.11117227
115.00000000,2157.00000000,0.11203506
115.00000000,2158.00000000,0.11290438
115.00000000,2159.00000000,0.11378016
115.00000000,2160.00000000,0.11466223
115.00000000,2161.00000000,0.11555037
115.00000000,2162.00000000,0.11644452
115.00000000,2163.00000000,0.11734443
115.00000000,2164.00000000,0.11825001
115.00000000,2165.00000000,0.11916107
115.00000000,2166.00000000,0.12007194
115.00000000,2167.00000000,0.12098802
115.00000000,2168.00000000,0.12190912
115.00000000,2169.00000000,0.12283504
115.00000000,2170.00000000,0.12376575
115.00000000,2171.00000000,0.12470104
115.00000000,2172.00000000,0.12564072
115.00000000,2173.00000000,0.12658473
115.00000000,2174.00000000,0.12753285
115.00000000,2175.00000000,0.12848488
115.00000000,2176.00000000,0.12922693
115.00000000,2177.00000000,0.12997213
115.00000000,2178.00000000,0.13072048
115.00000000,2179.00000000,0.13147186
115.00000000,2180.00000000,0.13222614
115.00000000,2181.00000000,0.13298330
115.00000000,2182.00000000,0.13374322
115.00000000,2183.00000000,0.13450578
115.00000000,2184.00000000,0.13527093
115.00000000,2185.00000000,0.13603852
115.00000000,2186.00000000,0.13661399
115.00000000,2187.00000000,0.13719128
115.00000000,2188.00000000,0.13777027
115.00000000,2189.00000000,0.13835100
115.00000000,2190.00000000,0.13893340
115.00000000,2191.00000000,0.13951739
115.00000000,2192.00000000,0.14010300
115.00000000,2193.00000000,0.14069014
115.00000000,2194.00000000,0.14127873
115.00000000,2195.00000000,0.14186877
115.00000000,2196.00000000,0.14235061
115.00000000,2197.00000000,0.14283346
115.00000000,2198.00000000,0.14331737
115.00000000,2199.00000000,0.14380226
115.00000000,2200.00000000,0.14428818
115.00000000,2201.00000000,0.14477506
115.00000000,2202.00000000,0.14526286
115.00000000,2203.00000000,0.14575163
115.00000000,2204.00000000,0.14624129
115.00000000,2205.00000000,0.14673178
115.00000000,2206.00000000,0.14710902
115.00000000,2207.00000000,0.14748675
115.00000000,2208.00000000,0.14786492
115.00000000,2209.00000000,0.14824363
115.00000000,2210.00000000,0.14862282
115.00000000,2211.00000000,0.14900245
115.00000000,2212.00000000,0.14938263
115.00000000,2213.00000000,0.14976323
115.00000000,2214.00000000,0.15014439
115.00000000,2215.00000000,0.15052598
115.00000000,2216.00000000,0.15081944
115.00000000,2217.00000000,0.15111313
115.00000000,2218.00000000,0.15140703
115.00000000,2219.00000000,0.15170106
115.00000000,2220.00000000,0.15199536
115.00000000,2221.00000000,0.15228986
115.00000000,2222.00000000,0.15258454
115.00000000,2223.00000000,0.15287949
115.00000000,2224.00000000,0.15317462
115.00000000,2225.00000000,0.15347006
115.00000000,2226.00000000,0.15376570
115.00000000,2227.00000000,0.15406154
115.00000000,2228.00000000,0.15435766
115.00000000,2229.00000000,0.15465404
115.00000000,2230.00000000,0.15495060
115.00000000,2231.00000000,0.15524749
115.00000000,2232.00000000,0.15554465
115.00000000,2233.00000000,0.15584197
115.00000000,2234.00000000,0.15613960
115.00000000,2235.00000000,0.15643747
115.00000000,2236.00000000,0.15673556
115.00000000,2237.00000000,0.15703396
115.00000000,2238.00000000,0.15733256
115.00000000,2239.00000000,0.15763151
115.00000000,2240.00000000,0.15793068
115.00000000,2241.00000000,0.15823004
115.00000000,2242.00000000,0.15852971
115.00000000,2243.00000000,0.15882964
115.00000000,2244.00000000,0.15912974
115.00000000,2245.00000000,0.15943018
115.00000000,2246.00000000,0.15973081
115.00000000,2247.00000000,0.16003161
115.00000000,2248.00000000,0.16033270
115.00000000,2249.00000000,0.16063375
115.00000000,2250.00000000,0.16093384
115.00000000,2251.00000000,0.16123077
115.00000000,2252.00000000,0.16152260
115.00000000,2253.00000000,0.16180837
115.00000000,2254.00000000,0.16208757
115.00000000,2255.00000000,0.16235991
115.00000000,2256.00000000,0.16262549
115.00000000,2257.00000000,0.16288426
115.00000000,2258.00000000,0.16313615
115.00000000,2259.00000000,0.16338136
115.00000000,2260.00000000,0.16361988
115.00000000,2261.00000000,0.16385196
115.00000000,2262.00000000,0.16407778
115.00000000,2263.00000000,0.16429744
115.00000000,2264.00000000,0.16451118
115.00000000,2265.00000000,0.16471902
115.00000000,2266.00000000,0.16428457
115.00000000,2267.00000000,0.16384315
115.00000000,2268.00000000,0.16339492
115.00000000,2269.00000000,0.16294000
115.00000000,2270.00000000,0.16247870
115.00000000,2271.00000000,0.16201117
115.00000000,2272.00000000,0.16153751
115.00000000,2273.00000000,0.16105801
115.00000000,2274.00000000,0.16057275
115.00000000,2275.00000000,0.16008199
115.00000000,2276.00000000,0.15958582
115.00000000,2277.00000000,0.15908438
115.00000000,2278.00000000,0.15857792
115.00000000,2279.00000000,0.15806653
115.00000000,2280.00000000,0.15755030
115.00000000,2281.00000000,0.15702945
115.00000000,2282.00000000,0.15650410
115.00000000,2283.00000000,0.15597431
115.00000000,2284.00000000,0.15544029
115.00000000,2285.00000000,0.15490210
115.00000000,2286.00000000,0.15435991
115.00000000,2287.00000000,0.15381383
115.00000000,2288.00000000,0.15326389
115.00000000,2289.00000000,0.15271030
115.00000000,2290.00000000,0.15215314
115.00000000,2291.00000000,0.15159243
115.00000000,2292.00000000,0.15102839
115.00000000,2293.00000000,0.15046106
115.00000000,2294.00000000,0.14989048
115.00000000,2295.00000000,0.14931682
115.00000000,2296.00000000,0.14874016
115.00000000,2297.00000000,0.14816051
115.00000000,2298.00000000,0.14757807
115.00000000,2299.00000000,0.14699280
115.00000000,2300.00000000,0.14640489
115.00000000,2301.00000000,0.14581434
115.00000000,2302.00000000,0.14522123
115.00000000,2303.00000000,0.14462563
115.00000000,2304.00000000,0.14402763
115.00000000,2305.00000000,0.14342721
115.00000000,2306.00000000,0.14282456
115.00000000,2307.00000000,0.14221968
115.00000000,2308.00000000,0.14161258
115.00000000,2309.00000000,0.14100343
115.00000000,2310.00000000,0.14039220
115.00000000,2311.00000000,0.13977904
115.00000000,2312.00000000,0.13916396
115.00000000,2313.00000000,0.13854696
115.00000000,2314.00000000,0.13792820
115.00000000,2315.00000000,0.13730770
115.00000000,2316.00000000,0.13668543
115.00000000,2317.00000000,0.13606157
115.00000000,2318.00000000,0.13543611
115.00000000,2319.00000000,0.13480905
115.00000000,2320.00000000,0.13418054
115.00000000,2321.00000000,0.13355056
115.00000000,2322.00000000,0.13291913
115.00000000,2323.00000000,0.13228638
115.00000000,2324.00000000,0.13165225
115.00000000,2325.00000000,0.13101690
115.00000000,2326.00000000,0.13038030
115.00000000,2327.00000000,0.12974247
115.00000000,2328.00000000,0.12910350
115.00000000,2329.00000000,0.12846342
115.00000000,2330.00000000,0.12782223
115.00000000,2331.00000000,0.12718003
115.00000000,2332.00000000,0.12653682
115.00000000,2333.00000000,0.12589258
115.00000000,2334.00000000,0.12524746
115.00000000,2335.00000000,0.12460139
115.00000000,2336.00000000,0.12395449
115.00000000,2337.00000000,0.12330675
115.00000000,2338.00000000,0.12265816
115.00000000,2339.00000000,0.12200884
115.00000000,2340.00000000,0.12135878
115.00000000,2341.00000000,0.12070798
115.00000000,2342.00000000,0.12005652
115.00000000,2343.00000000,0.11940441
115.00000000,2344.00000000,0.11875164
115.00000000,2345.00000000,0.11809831
115.00000000,2346.00000000,0.11744436
115.00000000,2347.00000000,0.11678994
115.00000000,2348.00000000,0.11613499
115.00000000,2349.00000000,0.11547950
115.00000000,2350.00000000,0.11482361
115.00000000,2351.00000000,0.11416728
115.00000000,2352.00000000,0.11351050
115.00000000,2353.00000000,0.11285339
115.00000000,2354.00000000,0.11219593
115.00000000,2355.00000000,0.11153810
115.00000000,2356.00000000,0.11088000
115.00000000,2357.00000000,0.11022163
115.00000000,2358.00000000,0.10956297
115.00000000,2359.00000000,0.10890412
115.00000000,2360.00000000,0.10824504
115.00000000,2361.00000000,0.10758583
115.00000000,2362.00000000,0.10692652
115.00000000,2363.00000000,0.10626711
115.00000000,2364.00000000,0.10574704
115.00000000,2365.00000000,0.10563709
115.00000000,2366.00000000,0.10563937
115.00000000,2367.00000000,0.10564191
115.00000000,2368.00000000,0.10564463
115.00000000,2369.00000000,0.10564752
115.00000000,2370.00000000,0.10565064
115.00000000,2371.00000000,0.10567148
115.00000000,2372.00000000,0.10569255
115.00000000,2373.00000000,0.10571379
115.00000000,2374.00000000,0.10573517
115.00000000,2375.00000000,0.10575677
115.00000000,2376.00000000,0.10574377
115.00000000,2377.00000000,0.10573089
115.00000000,2378.00000000,0.10571820
115.00000000,2379.00000000,0.10570565
115.00000000,2380.00000000,0.10569318
115.00000000,2381.00000000,0.10568088
115.00000000,2382.00000000,0.10566873
115.00000000,2383.00000000,0.10565665
115.00000000,2384.00000000,0.10564474
115.00000000,2385.00000000,0.10563291
115.00000000,2386.00000000,0.10562124
115.00000000,2387.00000000,0.10560968
115.00000000,2388.00000000,0.10559819
115.00000000,2389.00000000,0.10558685
115.00000000,2390.00000000,0.10557560
115.00000000,2391.00000000,0.10556294
115.00000000,2392.00000000,0.10555040
115.00000000,2393.00000000,0.10553796
115.00000000,2394.00000000,0.10552558
115.00000000,2395.00000000,0.10551333
115.00000000,2396.00000000,0.10550112
115.00000000,2397.00000000,0.10548905
115.00000000,2398.00000000,0.10547707
115.00000000,2399.00000000,0.10546513
115.00000000,2400.00000000,0.10545332
115.00000000,2401.00000000,0.10544158
115.00000000,2402.00000000,0.10542987
115.00000000,2403.00000000,0.10541830
115.00000000,2404.00000000,0.10540680
115.00000000,2405.00000000,0.10539535
115.00000000,2406.00000000,0.10538401
115.00000000,2407.00000000,0.10537271
115.00000000,2408.00000000,0.10536152
115.00000000,2409.00000000,0.10535040
115.00000000,2410.00000000,0.10533932
115.00000000,2411.00000000,0.10532834
115.00000000,2412.00000000,0.10531744
115.00000000,2413.00000000,0.10530656
115.00000000,2414.00000000,0.10529578
115.00000000,2415.00000000,0.10528506
115.00000000,2416.00000000,0.10527770
115.00000000,2417.00000000,0.10527046
115.00000000,2418.00000000,0.10526326
115.00000000,2419.00000000,0.10525608
115.00000000,2420.00000000,0.10524902
115.00000000,2421.00000000,0.10524195
115.00000000,2422.00000000,0.10523497
115.00000000,2423.00000000,0.10522806
115.00000000,2424.00000000,0.10522115
115.00000000,2425.00000000,0.10521434
115.00000000,2426.00000000,0.10520758
115.00000000,2427.00000000,0.10520080
115.00000000,2428.00000000,0.10519413
115.00000000,2429.00000000,0.10518751
115.00000000,2430.00000000,0.10518086
115.00000000,2431.00000000,0.10517432
115.00000000,2432.00000000,0.10516776
115.00000000,2433.00000000,0.10516130
115.00000000,2434.00000000,0.10515487
115.00000000,2435.00000000,0.10514844
115.00000000,2436.00000000,0.10514209
115.00000000,2437.00000000,0.10513577
115.00000000,2438.00000000,0.10512944
115.00000000,2439.00000000,0.10512319
115.00000000,2440.00000000,0.10511699
115.00000000,2441.00000000,0.10511074
115.00000000,2442.00000000,0.10510460
115.00000000,2443.00000000,0.10509847
115.00000000,2444.00000000,0.10509232
115.00000000,2445.00000000,0.10508626
115.00000000,2446.00000000,0.10508017
115.00000000,2447.00000000,0.10507415
115.00000000,2448.00000000,0.10506817
115.00000000,2449.00000000,0.10506215
115.00000000,2450.00000000,0.10505622
115.00000000,2451.00000000,0.10505031
115.00000000,2452.00000000,0.10504435
115.00000000,2453.00000000,0.10503848
115.00000000,2454.00000000,0.10503263
115.00000000,2455.00000000,0.10502672
115.00000000,2456.00000000,0.10502089
115.00000000,2457.00000000,0.10501503
115.00000000,2458.00000000,0.10500923
115.00000000,2459.00000000,0.10500344
115.00000000,2460.00000000,0.10499761
115.00000000,2461.00000000,0.10499186
115.00000000,2462.00000000,0.10498611
115.00000000,2463.00000000,0.10498032
115.00000000,2464.00000000,0.10497460
115.00000000,2465.00000000,0.10496888
115.00000000,2466.00000000,0.10496216
115.00000000,2467.00000000,0.10495552
115.00000000,2468.00000000,0.10494889
115.00000000,2469.00000000,0.10494219
115.00000000,2470.00000000,0.10493557
115.00000000,2471.00000000,0.10492890
115.00000000,2472.00000000,0.10492229
115.00000000,2473.00000000,0.10491569
115.00000000,2474.00000000,0.10490904
115.00000000,2475.00000000,0.10490245
115.00000000,2476.00000000,0.10489589
115.00000000,2477.00000000,0.10488924
115.00000000,2478.00000000,0.10488268
115.00000000,2479.00000000,0.10487612
115.00000000,2480.00000000,0.10486950
115.00000000,2481.00000000,0.10486294
115.00000000,2482.00000000,0.10485633
115.00000000,2483.00000000,0.10484979
115.00000000,2484.00000000,0.10484325
115.00000000,2485.00000000,0.10483665
115.00000000,2486.00000000,0.10483012
115.00000000,2487.00000000,0.10482359
115.00000000,2488.00000000,0.10481700
115.00000000,2489.00000000,0.10481047
115.00000000,2490.00000000,0.10480395
115.00000000,2491.00000000,0.10479737
115.00000000,2492.00000000,0.10479084
115.00000000,2493.00000000,0.10478427
115.00000000,2494.00000000,0.10477775
115.00000000,2495.00000000,0.10477124
115.00000000,2496.00000000,0.10476466
115.00000000,2497.00000000,0.10475815
115.00000000,2498.00000000,0.10475163
115.00000000,2499.00000000,0.10474506
115.00000000,2500.00000000,0.10473855
116.00000000,1765.00000000,0.07568056
116.00000000,1766.00000000,0.07568051
116.00000000,1767.00000000,0.07568069
116.00000000,1768.00000000,0.07568063
116.00000000,1769.00000000,0.07568082
116.00000000,1770.00000000,0.07568122
116.00000000,1771.00000000,0.07568192
116.00000000,1772.00000000,0.07568253
116.00000000,1773.00000000,0.07568334
116.00000000,1774.00000000,0.07568432
116.00000000,1775.00000000,0.07568542
116.00000000,1776.00000000,0.07568670
116.00000000,1777.00000000,0.07568821
116.00000000,1778.00000000,0.07568958
116.00000000,1779.00000000,0.07569132
116.00000000,1780.00000000,0.07569313
116.00000000,1781.00000000,0.07569505
116.00000000,1782.00000000,0.07569708
116.00000000,1783.00000000,0.07569927
116.00000000,1784.00000000,0.07570163
116.00000000,1785.00000000,0.07570398
116.00000000,1786.00000000,0.07570645
116.00000000,1787.00000000,0.07570892
116.00000000,1788.00000000,0.07571164
116.00000000,1789.00000000,0.07571436
116.00000000,1790.00000000,0.07571727
116.00000000,1791.00000000,0.07572019
116.00000000,1792.00000000,0.07572325
116.00000000,1793.00000000,0.07572624
116.00000000,1794.00000000,0.07572935
116.00000000,1795.00000000,0.07573264
116.00000000,1796.00000000,0.07573587
116.00000000,1797.00000000,0.07573914
116.00000000,1798.00000000,0.07574248
116.00000000,1799.00000000,0.07574597
116.00000000,1800.00000000,0.07574938
116.00000000,1801.00000000,0.07575288
116.00000000,1802.00000000,0.07575640
116.00000000,1803.00000000,0.07576004
116.00000000,1804.00000000,0.07576363
116.00000000,1805.00000000,0.07576725
116.00000000,1806.00000000,0.07577095
116.00000000,1807.00000000,0.07577465
116.00000000,1808.00000000,0.07577836
116.00000000,1809.00000000,0.07578209
116.00000000,1810.00000000,0.07578588
116.00000000,1811.00000000,0.07578972
116.00000000,1812.00000000,0.07579354
116.00000000,1813.00000000,0.07579738
116.00000000,1814.00000000,0.07580125
116.00000000,1815.00000000,0.07580509
116.00000000,1816.00000000,0.07580895
116.00000000,1817.00000000,0.07581293
116.00000000,1818.00000000,0.07581682
116.00000000,1819.00000000,0.07582067
116.00000000,1820.00000000,0.07582471
116.00000000,1821.00000000,0.07582851
116.00000000,1822.00000000,0.07583245
116.00000000,1823.00000000,0.07583643
116.00000000,1824.00000000,0.07584039
116.00000000,1825.00000000,0.07584418
116.00000000,1826.00000000,0.07584818
116.00000000,1827.00000000,0.07585207
116.00000000,1828.00000000,0.07585599
116.00000000,1829.00000000,0.07585996
116.00000000,1830.00000000,0.07586380
116.00000000,1831.00000000,0.07586767
116.00000000,1832.00000000,0.07587153
116.00000000,1833.00000000,0.07587541
116.00000000,1834.00000000,0.07587917
116.00000000,1835.00000000,0.07588299
116.00000000,1836.00000000,0.07588684
116.00000000,1837.00000000,0.07589062
116.00000000,1838.00000000,0.07589442
116.00000000,1839.00000000,0.07589813
116.00000000,1840.00000000,0.07590187
116.00000000,1841.00000000,0.07590555
116.00000000,1842.00000000,0.07590926
116.00000000,1843.00000000,0.07591291
116.00000000,1844.00000000,0.07591658
116.00000000,1845.00000000,0.07592017
116.00000000,1846.00000000,0.07592379
116.00000000,1847.00000000,0.07592735
116.00000000,1848.00000000,0.07593088
116.00000000,1849.00000000,0.07593442
116.00000000,1850.00000000,0.07593787
116.00000000,1851.00000000,0.07594132
116.00000000,1852.00000000,0.07594476
116.00000000,1853.00000000,0.07594843
116.00000000,1854.00000000,0.07595236
116.00000000,1855.00000000,0.07595626
116.00000000,1856.00000000,0.07595998
116.00000000,1857.00000000,0.07596368
116.00000000,1858.00000000,0.07596726
116.00000000,1859.00000000,0.07597084
116.00000000,1860.00000000,0.07597437
116.00000000,1861.00000000,0.07597780
116.00000000,1862.00000000,0.07598110
116.00000000,1863.00000000,0.07598376
116.00000000,1864.00000000,0.07598593
116.00000000,1865.00000000,0.07598770
116.00000000,1866.00000000,0.07598914
116.00000000,1867.00000000,0.07599030
116.00000000,1868.00000000,0.07599127
116.00000000,1869.00000000,0.07599195
116.00000000,1870.00000000,0.07599243
116.00000000,1871.00000000,0.07599276
116.00000000,1872.00000000,0.07599328
116.00000000,1873.00000000,0.07599456
116.00000000,1874.00000000,0.07599638
116.00000000,1875.00000000,0.07599859
116.00000000,1876.00000000,0.07600114
116.00000000,1877.00000000,0.07600394
116.00000000,1878.00000000,0.07600697
116.00000000,1879.00000000,0.07601022
116.00000000,1880.00000000,0.07601362
116.00000000,1881.00000000,0.07601713
116.00000000,1882.00000000,0.07602773
116.00000000,1883.00000000,0.07603100
116.00000000,1884.00000000,0.07603400
116.00000000,1885.00000000,0.07603681
116.00000000,1886.00000000,0.07603955
116.00000000,1887.00000000,0.07604461
116.00000000,1888.00000000,0.07604717
116.00000000,1889.00000000,0.07604961
116.00000000,1890.00000000,0.07605179
116.00000000,1891.00000000,0.07605374
116.00000000,1892.00000000,0.07605548
116.00000000,1893.00000000,0.07605714
116.00000000,1894.00000000,0.07605887
116.00000000,1895.00000000,0.07606077
116.00000000,1896.00000000,0.07606276
116.00000000,1897.00000000,0.07606714
116.00000000,1898.00000000,0.07606912
116.00000000,1899.00000000,0.07607097
116.00000000,1900.00000000,0.07607257
116.00000000,1901.00000000,0.07607395
116.00000000,1902.00000000,0.07607557
116.00000000,1903.00000000,0.07607728
116.00000000,1904.00000000,0.07607918
116.00000000,1905.00000000,0.07608133
116.00000000,1906.00000000,0.07608375
116.00000000,1907.00000000,0.07608874
116.00000000,1908.00000000,0.07609132
116.00000000,1909.00000000,0.07609387
116.00000000,1910.00000000,0.07609651
116.00000000,1911.00000000,0.07609905
116.00000000,1912.00000000,0.07610096
116.00000000,1913.00000000,0.07610440
116.00000000,1914.00000000,0.07610458
116.00000000,1915.00000000,0.07610431
116.00000000,1916.00000000,0.07610641
116.00000000,1917.00000000,0.07610615
116.00000000,1918.00000000,0.07611045
116.00000000,1919.00000000,0.07610780
116.00000000,1920.00000000,0.07610803
116.00000000,1921.00000000,0.07610897
116.00000000,1922.00000000,0.07611320
116.00000000,1923.00000000,0.07611575
116.00000000,1924.00000000,0.07611850
116.00000000,1925.00000000,0.07612113
116.00000000,1926.00000000,0.07612371
116.00000000,1927.00000000,0.07612864
116.00000000,1928.00000000,0.07613139
116.00000000,1929.00000000,0.07613406
116.00000000,1930.00000000,0.07613696
116.00000000,1931.00000000,0.07614322
116.00000000,1932.00000000,0.07615083
116.00000000,1933.00000000,0.07615918
116.00000000,1934.00000000,0.07616578
116.00000000,1935.00000000,0.07617234
116.00000000,1936.00000000,0.07617841
116.00000000,1937.00000000,0.07618353
116.00000000,1938.00000000,0.07618980
116.00000000,1939.00000000,0.07619518
116.00000000,1940.00000000,0.07619748
116.00000000,1941.00000000,0.07620125
116.00000000,1942.00000000,0.07620165
116.00000000,1943.00000000,0.07620369
116.00000000,1944.00000000,0.07620292
116.00000000,1945.00000000,0.07620213
116.00000000,1946.00000000,0.07621639
116.00000000,1947.00000000,0.07621596
116.00000000,1948.00000000,0.07621868
116.00000000,1949.00000000,0.07622382
116.00000000,1950.00000000,0.07622655
116.00000000,1951.00000000,0.07623149
116.00000000,1952.00000000,0.07624423
116.00000000,1953.00000000,0.07624782
116.00000000,1954.00000000,0.07625373
116.00000000,1955.00000000,0.07625996
116.00000000,1956.00000000,0.07626862
116.00000000,1957.00000000,0.07627465
116.00000000,1958.00000000,0.07628262
116.00000000,1959.00000000,0.07628766
116.00000000,1960.00000000,0.07629325
116.00000000,1961.00000000,0.07630186
116.00000000,1962.00000000,0.07630019
116.00000000,1963.00000000,0.07630475
116.00000000,1964.00000000,0.07630358
116.00000000,1965.00000000,0.07630580
116.00000000,1966.00000000,0.07630902
116.00000000,1967.00000000,0.07630152
116.00000000,1968.00000000,0.07629969
116.00000000,1969.00000000,0.07629342
116.00000000,1970.00000000,0.07630341
116.00000000,1971.00000000,0.07629134
116.00000000,1972.00000000,0.07628212
116.00000000,1973.00000000,0.07625994
116.00000000,1974.00000000,0.07623484
116.00000000,1975.00000000,0.07621735
116.00000000,1976.00000000,0.07620631
116.00000000,1977.00000000,0.07618605
116.00000000,1978.00000000,0.07616085
116.00000000,1979.00000000,0.07614697
116.00000000,1980.00000000,0.07613485
116.00000000,1981.00000000,0.07612027
116.00000000,1982.00000000,0.07609850
116.00000000,1983.00000000,0.07609323
116.00000000,1984.00000000,0.07608474
116.00000000,1985.00000000,0.07608430
116.00000000,1986.00000000,0.07608126
116.00000000,1987.00000000,0.07608870
116.00000000,1988.00000000,0.07611526
116.00000000,1989.00000000,0.07612775
116.00000000,1990.00000000,0.07609091
116.00000000,1991.00000000,0.07610972
116.00000000,1992.00000000,0.07610344
116.00000000,1993.00000000,0.07609790
116.00000000,1994.00000000,0.07608997
116.00000000,1995.00000000,0.07611199
116.00000000,1996.00000000,0.07616216
116.00000000,1997.00000000,0.07616780
116.00000000,1998.00000000,0.07618663
116.00000000,1999.00000000,0.07621236
116.00000000,2000.00000000,0.07620818
116.00000000,2001.00000000,0.07620154
116.00000000,2002.00000000,0.07619921
116.00000000,2003.00000000,0.07622027
116.00000000,2004.00000000,0.07628202
116.00000000,2005.00000000,0.07626723
116.00000000,2006.00000000,0.07631579
116.00000000,2007.00000000,0.07633057
116.00000000,2008.00000000,0.07630964
116.00000000,2009.00000000,0.07627190
116.00000000,2010.00000000,0.07627088
116.00000000,2011.00000000,0.07629058
116.00000000,2012.00000000,0.07628493
116.00000000,2013.00000000,0.07629538
116.00000000,2014.00000000,0.07631269
116.00000000,2015.00000000,0.07636676
116.00000000,2016.00000000,0.07638408
116.00000000,2017.00000000,0.07637849
116.00000000,2018.00000000,0.07636171
116.00000000,2019.00000000,0.07642785
116.00000000,2020.00000000,0.07639112
116.00000000,2021.00000000,0.07642597
116.00000000,2022.00000000,0.07647054
116.00000000,2023.00000000,0.07658885
116.00000000,2024.00000000,0.07645221
116.00000000,2025.00000000,0.07647181
116.00000000,2026.00000000,0.07648784
116.00000000,2027.00000000,0.07646400
116.00000000,2028.00000000,0.07649822
116.00000000,2029.00000000,0.07657897
116.00000000,2030.00000000,0.07630265
116.00000000,2031.00000000,0.07620949
116.00000000,2032.00000000,0.07628546
116.00000000,2033.00000000,0.07633982
116.00000000,2034.00000000,0.07622794
116.00000000,2035.00000000,0.07586467
116.00000000,2036.00000000,0.07607742
116.00000000,2037.00000000,0.07571494
116.00000000,2038.00000000,0.07573641
116.00000000,2039.00000000,0.07594311
116.00000000,2040.00000000,0.07585248
116.00000000,2041.00000000,0.07580359
116.00000000,2042.00000000,0.07574466
116.00000000,2043.00000000,0.07584302
116.00000000,2044.00000000,0.07577014
116.00000000,2045.00000000,0.07586707
116.00000000,2046.00000000,0.07557947
116.00000000,2047.00000000,0.07524406
116.00000000,2048.00000000,0.07495218
116.00000000,2049.00000000,0.07496767
116.00000000,2050.00000000,0.07505743
116.00000000,2051.00000000,0.07508883
116.00000000,2052.00000000,0.07522751
116.00000000,2053.00000000,0.07531223
116.00000000,2054.00000000,0.07507521
116.00000000,2055.00000000,0.07509510
116.00000000,2056.00000000,0.07523937
116.00000000,2057.00000000,0.07522540
116.00000000,2058.00000000,0.07515221
116.00000000,2059.00000000,0.07516837
116.00000000,2060.00000000,0.07506026
116.00000000,2061.00000000,0.07448534
116.00000000,2062.00000000,0.07456649
116.00000000,2063.00000000,0.07481400
116.00000000,2064.00000000,0.07489640
116.00000000,2065.00000000,0.07470665
116.00000000,2066.00000000,0.07508304
116.00000000,2067.00000000,0.07530385
116.00000000,2068.00000000,0.07528997
116.00000000,2069.00000000,0.07531479
116.00000000,2070.00000000,0.07529675
116.00000000,2071.00000000,0.07561072
116.00000000,2072.00000000,0.07583456
116.00000000,2073.00000000,0.07596885
116.00000000,2074.00000000,0.07603756
116.00000000,2075.00000000,0.07626226
116.00000000,2076.00000000,0.07645331
116.00000000,2077.00000000,0.07643918
116.00000000,2078.00000000,0.07661687
116.00000000,2079.00000000,0.07688623
116.00000000,2080.00000000,0.07718340
116.00000000,2081.00000000,0.07743435
116.00000000,2082.00000000,0.07773633
116.00000000,2083.00000000,0.07792712
116.00000000,2084.00000000,0.07826996
116.00000000,2085.00000000,0.07868876
116.00000000,2086.00000000,0.07924396
116.00000000,2087.00000000,0.07954727
116.00000000,2088.00000000,0.07987989
116.00000000,2089.00000000,0.08035658
116.00000000,2090.00000000,0.08036068
116.00000000,2091.00000000,0.08028799
116.00000000,2092.00000000,0.08083703
116.00000000,2093.00000000,0.08113391
116.00000000,2094.00000000,0.08128735
116.00000000,2095.00000000,0.08187102
116.00000000,2096.00000000,0.08175652
116.00000000,2097.00000000,0.08141848
116.00000000,2098.00000000,0.08133844
116.00000000,2099.00000000,0.08131101
116.00000000,2100.00000000,0.08169401
116.00000000,2101.00000000,0.08202550
116.00000000,2102.00000000,0.08238424
116.00000000,2103.00000000,0.08269794
116.00000000,2104.00000000,0.08315435
116.00000000,2105.00000000,0.08343560
116.00000000,2106.00000000,0.08357476
116.00000000,2107.00000000,0.08379018
116.00000000,2108.00000000,0.08357960
116.00000000,2109.00000000,0.08362448
116.00000000,2110.00000000,0.08390212
116.00000000,2111.00000000,0.08420677
116.00000000,2112.00000000,0.08453011
116.00000000,2113.00000000,0.08479617
116.00000000,2114.00000000,0.08477721
116.00000000,2115.00000000,0.08478555
116.00000000,2116.00000000,0.08517608
116.00000000,2117.00000000,0.08555901
116.00000000,2118.00000000,0.08572413
116.00000000,2119.00000000,0.08647388
116.00000000,2120.00000000,0.08732642
116.00000000,2121.00000000,0.08800369
116.00000000,2122.00000000,0.08846091
116.00000000,2123.00000000,0.08892095
116.00000000,2124.00000000,0.08938383
116.00000000,2125.00000000,0.08984895
116.00000000,2126.00000000,0.09031633
116.00000000,2127.00000000,0.09092939
116.00000000,2128.00000000,0.09154476
116.00000000,2129.00000000,0.09216244
116.00000000,2130.00000000,0.09278233
116.00000000,2131.00000000,0.09340436
116.00000000,2132.00000000,0.09402848
116.00000000,2133.00000000,0.09465461
116.00000000,2134.00000000,0.09528264
116.00000000,2135.00000000,0.09591257
116.00000000,2136.00000000,0.09654429
116.00000000,2137.00000000,0.09711437
116.00000000,2138.00000000,0.09768615
116.00000000,2139.00000000,0.09825954
116.00000000,2140.00000000,0.09883459
116.00000000,2141.00000000,0.09941127
116.00000000,2142.00000000,0.09998956
116.00000000,2143.00000000,0.10056949
116.00000000,2144.00000000,0.10115105
116.00000000,2145.00000000,0.10173426
116.00000000,2146.00000000,0.10231918
116.00000000,2147.00000000,0.10303760
116.00000000,2148.00000000,0.10375771
116.00000000,2149.00000000,0.10447955
116.00000000,2150.00000000,0.10520302
116.00000000,2151.00000000,0.10592861
116.00000000,2152.00000000,0.10665795
116.00000000,2153.00000000,0.10739250
116.00000000,2154.00000000,0.10813312
116.00000000,2155.00000000,0.10888015
116.00000000,2156.00000000,0.10963372
116.00000000,2157.00000000,0.11049001
116.00000000,2158.00000000,0.11135286
116.00000000,2159.00000000,0.11222209
116.00000000,2160.00000000,0.11309768
116.00000000,2161.00000000,0.11397941
116.00000000,2162.00000000,0.11486708
116.00000000,2163.00000000,0.11576061
116.00000000,2164.00000000,0.11665975
116.00000000,2165.00000000,0.11756445
116.00000000,2166.00000000,0.11847451
116.00000000,2167.00000000,0.11938430
116.00000000,2168.00000000,0.12029918
116.00000000,2169.00000000,0.12121899
116.00000000,2170.00000000,0.12214352
116.00000000,2171.00000000,0.12307274
116.00000000,2172.00000000,0.12400645
116.00000000,2173.00000000,0.12494445
116.00000000,2174.00000000,0.12588674
116.00000000,2175.00000000,0.12683305
116.00000000,2176.00000000,0.12778319
116.00000000,2177.00000000,0.12852444
116.00000000,2178.00000000,0.12926878
116.00000000,2179.00000000,0.13001620
116.00000000,2180.00000000,0.13076658
116.00000000,2181.00000000,0.13151982
116.00000000,2182.00000000,0.13227588
116.00000000,2183.00000000,0.13303466
116.00000000,2184.00000000,0.13379602
116.00000000,2185.00000000,0.13455993
116.00000000,2186.00000000,0.13532624
116.00000000,2187.00000000,0.13590139
116.00000000,2188.00000000,0.13647834
116.00000000,2189.00000000,0.13705693
116.00000000,2190.00000000,0.13763724
116.00000000,2191.00000000,0.13821919
116.00000000,2192.00000000,0.13880269
116.00000000,2193.00000000,0.13938777
116.00000000,2194.00000000,0.13997437
116.00000000,2195.00000000,0.14056239
116.00000000,2196.00000000,0.14115185
116.00000000,2197.00000000,0.14163363
116.00000000,2198.00000000,0.14211639
116.00000000,2199.00000000,0.14260020
116.00000000,2200.00000000,0.14308497
116.00000000,2201.00000000,0.14357075
116.00000000,2202.00000000,0.14405748
116.00000000,2203.00000000,0.14454511
116.00000000,2204.00000000,0.14503369
116.00000000,2205.00000000,0.14552319
116.00000000,2206.00000000,0.14601347
116.00000000,2207.00000000,0.14639107
116.00000000,2208.00000000,0.14676913
116.00000000,2209.00000000,0.14714762
116.00000000,2210.00000000,0.14752663
116.00000000,2211.00000000,0.14790613
116.00000000,2212.00000000,0.14828607
116.00000000,2213.00000000,0.14866654
116.00000000,2214.00000000,0.14904743
116.00000000,2215.00000000,0.14942885
116.00000000,2216.00000000,0.14981073
116.00000000,2217.00000000,0.15010488
116.00000000,2218.00000000,0.15039928
116.00000000,2219.00000000,0.15069389
116.00000000,2220.00000000,0.15098858
116.00000000,2221.00000000,0.15128360
116.00000000,2222.00000000,0.15157879
116.00000000,2223.00000000,0.15187416
116.00000000,2224.00000000,0.15216980
116.00000000,2225.00000000,0.15246562
116.00000000,2226.00000000,0.15276171
116.00000000,2227.00000000,0.15305805
116.00000000,2228.00000000,0.15335458
116.00000000,2229.00000000,0.15365143
116.00000000,2230.00000000,0.15394851
116.00000000,2231.00000000,0.15424578
116.00000000,2232.00000000,0.15454336
116.00000000,2233.00000000,0.15484119
116.00000000,2234.00000000,0.15513922
116.00000000,2235.00000000,0.15543756
116.00000000,2236.00000000,0.15573620
116.00000000,2237.00000000,0.15603501
116.00000000,2238.00000000,0.15633413
116.00000000,2239.00000000,0.15663347
116.00000000,2240.00000000,0.15693312
116.00000000,2241.00000000,0.15723308
116.00000000,2242.00000000,0.15753319
116.00000000,2243.00000000,0.15783363
116.00000000,2244.00000000,0.15813431
116.00000000,2245.00000000,0.15843518
116.00000000,2246.00000000,0.15873637
116.00000000,2247.00000000,0.15903784
116.00000000,2248.00000000,0.15933943
116.00000000,2249.00000000,0.15964113
116.00000000,2250.00000000,0.15994174
116.00000000,2251.00000000,0.16023932
116.00000000,2252.00000000,0.16053193
116.00000000,2253.00000000,0.16081840
116.00000000,2254.00000000,0.16109838
116.00000000,2255.00000000,0.16137168
116.00000000,2256.00000000,0.16163814
116.00000000,2257.00000000,0.16189789
116.00000000,2258.00000000,0.16215091
116.00000000,2259.00000000,0.16239720
116.00000000,2260.00000000,0.16263699
116.00000000,2261.00000000,0.16287028
116.00000000,2262.00000000,0.16309743
116.00000000,2263.00000000,0.16331859
116.00000000,2264.00000000,0.16353382
116.00000000,2265.00000000,0.16374330
116.00000000,2266.00000000,0.16394704
116.00000000,2267.00000000,0.16351162
116.00000000,2268.00000000,0.16306938
116.00000000,2269.00000000,0.16262051
116.00000000,2270.00000000,0.16216510
116.00000000,2271.00000000,0.16170345
116.00000000,2272.00000000,0.16123572
116.00000000,2273.00000000,0.16076200
116.00000000,2274.00000000,0.16028257
116.00000000,2275.00000000,0.15979751
116.00000000,2276.00000000,0.15930708
116.00000000,2277.00000000,0.15881136
116.00000000,2278.00000000,0.15831049
116.00000000,2279.00000000,0.15780472
116.00000000,2280.00000000,0.15729412
116.00000000,2281.00000000,0.15677878
116.00000000,2282.00000000,0.15625893
116.00000000,2283.00000000,0.15573467
116.00000000,2284.00000000,0.15520606
116.00000000,2285.00000000,0.15467331
116.00000000,2286.00000000,0.15413648
116.00000000,2287.00000000,0.15359573
116.00000000,2288.00000000,0.15305117
116.00000000,2289.00000000,0.15250282
116.00000000,2290.00000000,0.15195091
116.00000000,2291.00000000,0.15139547
116.00000000,2292.00000000,0.15083657
116.00000000,2293.00000000,0.15027441
116.00000000,2294.00000000,0.14970901
116.00000000,2295.00000000,0.14914042
116.00000000,2296.00000000,0.14856882
116.00000000,2297.00000000,0.14799427
116.00000000,2298.00000000,0.14741678
116.00000000,2299.00000000,0.14683655
116.00000000,2300.00000000,0.14625355
116.00000000,2301.00000000,0.14566795
116.00000000,2302.00000000,0.14507977
116.00000000,2303.00000000,0.14448902
116.00000000,2304.00000000,0.14389586
116.00000000,2305.00000000,0.14330030
116.00000000,2306.00000000,0.14270239
116.00000000,2307.00000000,0.14210226
116.00000000,2308.00000000,0.14149995
116.00000000,2309.00000000,0.14089547
116.00000000,2310.00000000,0.14028897
116.00000000,2311.00000000,0.13968042
116.00000000,2312.00000000,0.13906996
116.00000000,2313.00000000,0.13845762
116.00000000,2314.00000000,0.13784340
116.00000000,2315.00000000,0.13722744
116.00000000,2316.00000000,0.13660976
116.00000000,2317.00000000,0.13599035
116.00000000,2318.00000000,0.13536937
116.00000000,2319.00000000,0.13474681
116.00000000,2320.00000000,0.13412268
116.00000000,2321.00000000,0.13349711
116.00000000,2322.00000000,0.13287011
116.00000000,2323.00000000,0.13224166
116.00000000,2324.00000000,0.13161192
116.00000000,2325.00000000,0.13098083
116.00000000,2326.00000000,0.13034852
116.00000000,2327.00000000,0.12971499
116.00000000,2328.00000000,0.12908022
116.00000000,2329.00000000,0.12844436
116.00000000,2330.00000000,0.12780739
116.00000000,2331.00000000,0.12716931
116.00000000,2332.00000000,0.12653024
116.00000000,2333.00000000,0.12589017
116.00000000,2334.00000000,0.12524911
116.00000000,2335.00000000,0.12460716
116.00000000,2336.00000000,0.12396427
116.00000000,2337.00000000,0.12332056
116.00000000,2338.00000000,0.12267602
116.00000000,2339.00000000,0.12203066
116.00000000,2340.00000000,0.12138456
116.00000000,2341.00000000,0.12073773
116.00000000,2342.00000000,0.12009016
116.00000000,2343.00000000,0.11944194
116.00000000,2344.00000000,0.11879308
116.00000000,2345.00000000,0.11814356
116.00000000,2346.00000000,0.11749351
116.00000000,2347.00000000,0.11684283
116.00000000,2348.00000000,0.11619167
116.00000000,2349.00000000,0.11554001
116.00000000,2350.00000000,0.11488781
116.00000000,2351.00000000,0.11423520
116.00000000,2352.00000000,0.11358218
116.00000000,2353.00000000,0.11292869
116.00000000,2354.00000000,0.11227489
116.00000000,2355.00000000,0.11162074
116.00000000,2356.00000000,0.11096621
116.00000000,2357.00000000,0.11031144
116.00000000,2358.00000000,0.10965638
116.00000000,2359.00000000,0.10900104
116.00000000,2360.00000000,0.10834551
116.00000000,2361.00000000,0.10768975
116.00000000,2362.00000000,0.10703386
116.00000000,2363.00000000,0.10637787
116.00000000,2364.00000000,0.10572178
116.00000000,2365.00000000,0.10520433
116.00000000,2366.00000000,0.10509491
116.00000000,2367.00000000,0.10509715
116.00000000,2368.00000000,0.10509964
116.00000000,2369.00000000,0.10510231
116.00000000,2370.00000000,0.10510516
116.00000000,2371.00000000,0.10510822
116.00000000,2372.00000000,0.10512892
116.00000000,2373.00000000,0.10514986
116.00000000,2374.00000000,0.10517096
116.00000000,2375.00000000,0.10519219
116.00000000,2376.00000000,0.10521364
116.00000000,2377.00000000,0.10520069
116.00000000,2378.00000000,0.10518784
116.00000000,2379.00000000,0.10517516
116.00000000,2380.00000000,0.10516264
116.00000000,2381.00000000,0.10515020
116.00000000,2382.00000000,0.10513794
116.00000000,2383.00000000,0.10512579
116.00000000,2384.00000000,0.10511374
116.00000000,2385.00000000,0.10510186
116.00000000,2386.00000000,0.10509004
116.00000000,2387.00000000,0.10507839
116.00000000,2388.00000000,0.10506686
116.00000000,2389.00000000,0.10505538
116.00000000,2390.00000000,0.10504406
116.00000000,2391.00000000,0.10503285
116.00000000,2392.00000000,0.10502019
116.00000000,2393.00000000,0.10500768
116.00000000,2394.00000000,0.10499527
116.00000000,2395.00000000,0.10498290
116.00000000,2396.00000000,0.10497068
116.00000000,2397.00000000,0.10495851
116.00000000,2398.00000000,0.10494646
116.00000000,2399.00000000,0.10493449
116.00000000,2400.00000000,0.10492256
116.00000000,2401.00000000,0.10491076
116.00000000,2402.00000000,0.10489905
116.00000000,2403.00000000,0.10488738
116.00000000,2404.00000000,0.10487582
116.00000000,2405.00000000,0.10486435
116.00000000,2406.00000000,0.10485292
116.00000000,2407.00000000,0.10484161
116.00000000,2408.00000000,0.10483033
116.00000000,2409.00000000,0.10481916
116.00000000,2410.00000000,0.10480806
116.00000000,2411.00000000,0.10479699
116.00000000,2412.00000000,0.10478603
116.00000000,2413.00000000,0.10477516
116.00000000,2414.00000000,0.10476427
116.00000000,2415.00000000,0.10475352
116.00000000,2416.00000000,0.10474282
116.00000000,2417.00000000,0.10473546
116.00000000,2418.00000000,0.10472822
116.00000000,2419.00000000,0.10472102
116.00000000,2420.00000000,0.10471383
116.00000000,2421.00000000,0.10470676
116.00000000,2422.00000000,0.10469969
116.00000000,2423.00000000,0.10469272
116.00000000,2424.00000000,0.10468579
116.00000000,2425.00000000,0.10467888
116.00000000,2426.00000000,0.10467205
116.00000000,2427.00000000,0.10466528
116.00000000,2428.00000000,0.10465850
116.00000000,2429.00000000,0.10465182
116.00000000,2430.00000000,0.10464519
116.00000000,2431.00000000,0.10463854
116.00000000,2432.00000000,0.10463199
116.00000000,2433.00000000,0.10462543
116.00000000,2434.00000000,0.10461895
116.00000000,2435.00000000,0.10461252
116.00000000,2436.00000000,0.10460607
116.00000000,2437.00000000,0.10459971
116.00000000,2438.00000000,0.10459338
116.00000000,2439.00000000,0.10458704
116.00000000,2440.00000000,0.10458078
116.00000000,2441.00000000,0.10457455
116.00000000,2442.00000000,0.10456830
116.00000000,2443.00000000,0.10456213
116.00000000,2444.00000000,0.10455600
116.00000000,2445.00000000,0.10454984
116.00000000,2446.00000000,0.10454376
116.00000000,2447.00000000,0.10453766
116.00000000,2448.00000000,0.10453163
116.00000000,2449.00000000,0.10452563
116.00000000,2450.00000000,0.10451959
116.00000000,2451.00000000,0.10451365
116.00000000,2452.00000000,0.10450772
116.00000000,2453.00000000,0.10450174
116.00000000,2454.00000000,0.10449585
116.00000000,2455.00000000,0.10448997
116.00000000,2456.00000000,0.10448405
116.00000000,2457.00000000,0.10447821
116.00000000,2458.00000000,0.10447231
116.00000000,2459.00000000,0.10446650
116.00000000,2460.00000000,0.10446069
116.00000000,2461.00000000,0.10445484
116.00000000,2462.00000000,0.10444905
116.00000000,2463.00000000,0.10444328
116.00000000,2464.00000000,0.10443747
116.00000000,2465.00000000,0.10443172
116.00000000,2466.00000000,0.10442600
116.00000000,2467.00000000,0.10441925
116.00000000,2468.00000000,0.10441260
116.00000000,2469.00000000,0.10440595
116.00000000,2470.00000000,0.10439923
116.00000000,2471.00000000,0.10439259
116.00000000,2472.00000000,0.10438590
116.00000000,2473.00000000,0.10437928
116.00000000,2474.00000000,0.10437267
116.00000000,2475.00000000,0.10436599
116.00000000,2476.00000000,0.10435940
116.00000000,2477.00000000,0.10435280
116.00000000,2478.00000000,0.10434614
116.00000000,2479.00000000,0.10433956
116.00000000,2480.00000000,0.10433298
116.00000000,2481.00000000,0.10432634
116.00000000,2482.00000000,0.10431978
116.00000000,2483.00000000,0.10431314
116.00000000,2484.00000000,0.10430659
116.00000000,2485.00000000,0.10430003
116.00000000,2486.00000000,0.10429340
116.00000000,2487.00000000,0.10428685
116.00000000,2488.00000000,0.10428032
116.00000000,2489.00000000,0.10427369
116.00000000,2490.00000000,0.10426716
116.00000000,2491.00000000,0.10426062
116.00000000,2492.00000000,0.10425402
116.00000000,2493.00000000,0.10424747
116.00000000,2494.00000000,0.10424087
116.00000000,2495.00000000,0.10423434
116.00000000,2496.00000000,0.10422781
116.00000000,2497.00000000,0.10422121
116.00000000,2498.00000000,0.10421468
116.00000000,2499.00000000,0.10420816
116.00000000,2500.00000000,0.10420156
117.00000000,1765.00000000,0.07522566
117.00000000,1766.00000000,0.07522579
117.00000000,1767.00000000,0.07522579
117.00000000,1768.00000000,0.07522606
117.00000000,1769.00000000,0.07522612
117.00000000,1770.00000000,0.07522643
117.00000000,1771.00000000,0.07522698
117.00000000,1772.00000000,0.07522781
117.00000000,1773.00000000,0.07522856
117.00000000,1774.00000000,0.07522952
117.00000000,1775.00000000,0.07523063
117.00000000,1776.00000000,0.07523188
117.00000000,1777.00000000,0.07523329
117.00000000,1778.00000000,0.07523493
117.00000000,1779.00000000,0.07523642
117.00000000,1780.00000000,0.07523829
117.00000000,1781.00000000,0.07524022
117.00000000,1782.00000000,0.07524224
117.00000000,1783.00000000,0.07524438
117.00000000,1784.00000000,0.07524666
117.00000000,1785.00000000,0.07524910
117.00000000,1786.00000000,0.07525155
117.00000000,1787.00000000,0.07525410
117.00000000,1788.00000000,0.07525665
117.00000000,1789.00000000,0.07525945
117.00000000,1790.00000000,0.07526223
117.00000000,1791.00000000,0.07526521
117.00000000,1792.00000000,0.07526819
117.00000000,1793.00000000,0.07527129
117.00000000,1794.00000000,0.07527433
117.00000000,1795.00000000,0.07527750
117.00000000,1796.00000000,0.07528082
117.00000000,1797.00000000,0.07528410
117.00000000,1798.00000000,0.07528740
117.00000000,1799.00000000,0.07529077
117.00000000,1800.00000000,0.07529429
117.00000000,1801.00000000,0.07529772
117.00000000,1802.00000000,0.07530123
117.00000000,1803.00000000,0.07530477
117.00000000,1804.00000000,0.07530841
117.00000000,1805.00000000,0.07531203
117.00000000,1806.00000000,0.07531566
117.00000000,1807.00000000,0.07531936
117.00000000,1808.00000000,0.07532307
117.00000000,1809.00000000,0.07532679
117.00000000,1810.00000000,0.07533052
117.00000000,1811.00000000,0.07533433
117.00000000,1812.00000000,0.07533815
117.00000000,1813.00000000,0.07534197
117.00000000,1814.00000000,0.07534581
117.00000000,1815.00000000,0.07534966
117.00000000,1816.00000000,0.07535350
117.00000000,1817.00000000,0.07535735
117.00000000,1818.00000000,0.07536131
117.00000000,1819.00000000,0.07536518
117.00000000,1820.00000000,0.07536901
117.00000000,1821.00000000,0.07537303
117.00000000,1822.00000000,0.07537682
117.00000000,1823.00000000,0.07538074
117.00000000,1824.00000000,0.07538470
117.00000000,1825.00000000,0.07538864
117.00000000,1826.00000000,0.07539239
117.00000000,1827.00000000,0.07539637
117.00000000,1828.00000000,0.07540023
117.00000000,1829.00000000,0.07540412
117.00000000,1830.00000000,0.07540806
117.00000000,1831.00000000,0.07541186
117.00000000,1832.00000000,0.07541568
117.00000000,1833.00000000,0.07541950
117.00000000,1834.00000000,0.07542334
117.00000000,1835.00000000,0.07542707
117.00000000,1836.00000000,0.07543085
117.00000000,1837.00000000,0.07543465
117.00000000,1838.00000000,0.07543839
117.00000000,1839.00000000,0.07544214
117.00000000,1840.00000000,0.07544581
117.00000000,1841.00000000,0.07544949
117.00000000,1842.00000000,0.07545313
117.00000000,1843.00000000,0.07545680
117.00000000,1844.00000000,0.07546040
117.00000000,1845.00000000,0.07546402
117.00000000,1846.00000000,0.07546756
117.00000000,1847.00000000,0.07547112
117.00000000,1848.00000000,0.07547462
117.00000000,1849.00000000,0.07547810
117.00000000,1850.00000000,0.07548158
117.00000000,1851.00000000,0.07548495
117.00000000,1852.00000000,0.07548831
117.00000000,1853.00000000,0.07549206
117.00000000,1854.00000000,0.07549586
117.00000000,1855.00000000,0.07549972
117.00000000,1856.00000000,0.07550348
117.00000000,1857.00000000,0.07550708
117.00000000,1858.00000000,0.07551067
117.00000000,1859.00000000,0.07551416
117.00000000,1860.00000000,0.07551767
117.00000000,1861.00000000,0.07552108
117.00000000,1862.00000000,0.07552431
117.00000000,1863.00000000,0.07552694
117.00000000,1864.00000000,0.07552905
117.00000000,1865.00000000,0.07553080
117.00000000,1866.00000000,0.07553220
117.00000000,1867.00000000,0.07553332
117.00000000,1868.00000000,0.07553421
117.00000000,1869.00000000,0.07553488
117.00000000,1870.00000000,0.07553531
117.00000000,1871.00000000,0.07553562
117.00000000,1872.00000000,0.07553607
117.00000000,1873.00000000,0.07553727
117.00000000,1874.00000000,0.07553904
117.00000000,1875.00000000,0.07554116
117.00000000,1876.00000000,0.07554364
117.00000000,1877.00000000,0.07554634
117.00000000,1878.00000000,0.07554927
117.00000000,1879.00000000,0.07555242
117.00000000,1880.00000000,0.07555569
117.00000000,1881.00000000,0.07555908
117.00000000,1882.00000000,0.07556258
117.00000000,1883.00000000,0.07557262
117.00000000,1884.00000000,0.07557549
117.00000000,1885.00000000,0.07557821
117.00000000,1886.00000000,0.07558079
117.00000000,1887.00000000,0.07558338
117.00000000,1888.00000000,0.07558819
117.00000000,1889.00000000,0.07559047
117.00000000,1890.00000000,0.07559256
117.00000000,1891.00000000,0.07559439
117.00000000,1892.00000000,0.07559602
117.00000000,1893.00000000,0.07559759
117.00000000,1894.00000000,0.07559922
117.00000000,1895.00000000,0.07560101
117.00000000,1896.00000000,0.07560291
117.00000000,1897.00000000,0.07560482
117.00000000,1898.00000000,0.07560905
117.00000000,1899.00000000,0.07561082
117.00000000,1900.00000000,0.07561232
117.00000000,1901.00000000,0.07561365
117.00000000,1902.00000000,0.07561513
117.00000000,1903.00000000,0.07561679
117.00000000,1904.00000000,0.07561862
117.00000000,1905.00000000,0.07562066
117.00000000,1906.00000000,0.07562303
117.00000000,1907.00000000,0.07562555
117.00000000,1908.00000000,0.07563039
117.00000000,1909.00000000,0.07563289
117.00000000,1910.00000000,0.07563542
117.00000000,1911.00000000,0.07563789
117.00000000,1912.00000000,0.07563974
117.00000000,1913.00000000,0.07564073
117.00000000,1914.00000000,0.07564321
117.00000000,1915.00000000,0.07564291
117.00000000,1916.00000000,0.07564258
117.00000000,1917.00000000,0.07564458
117.00000000,1918.00000000,0.07564415
117.00000000,1919.00000000,0.07564845
117.00000000,1920.00000000,0.07564630
117.00000000,1921.00000000,0.07564717
117.00000000,1922.00000000,0.07564899
117.00000000,1923.00000000,0.07565384
117.00000000,1924.00000000,0.07565648
117.00000000,1925.00000000,0.07565903
117.00000000,1926.00000000,0.07566154
117.00000000,1927.00000000,0.07566405
117.00000000,1928.00000000,0.07566905
117.00000000,1929.00000000,0.07567169
117.00000000,1930.00000000,0.07567449
117.00000000,1931.00000000,0.07567837
117.00000000,1932.00000000,0.07568582
117.00000000,1933.00000000,0.07569407
117.00000000,1934.00000000,0.07570290
117.00000000,1935.00000000,0.07570936
117.00000000,1936.00000000,0.07571533
117.00000000,1937.00000000,0.07572039
117.00000000,1938.00000000,0.07572419
117.00000000,1939.00000000,0.07572952
117.00000000,1940.00000000,0.07573415
117.00000000,1941.00000000,0.07573542
117.00000000,1942.00000000,0.07573807
117.00000000,1943.00000000,0.07573775
117.00000000,1944.00000000,0.07573924
117.00000000,1945.00000000,0.07573837
117.00000000,1946.00000000,0.07573850
117.00000000,1947.00000000,0.07575430
117.00000000,1948.00000000,0.07575461
117.00000000,1949.00000000,0.07575734
117.00000000,1950.00000000,0.07576229
117.00000000,1951.00000000,0.07576480
117.00000000,1952.00000000,0.07577037
117.00000000,1953.00000000,0.07578319
117.00000000,1954.00000000,0.07578671
117.00000000,1955.00000000,0.07579282
117.00000000,1956.00000000,0.07579898
117.00000000,1957.00000000,0.07580726
117.00000000,1958.00000000,0.07581273
117.00000000,1959.00000000,0.07582003
117.00000000,1960.00000000,0.07582315
117.00000000,1961.00000000,0.07582695
117.00000000,1962.00000000,0.07583458
117.00000000,1963.00000000,0.07583199
117.00000000,1964.00000000,0.07583538
117.00000000,1965.00000000,0.07583284
117.00000000,1966.00000000,0.07583359
117.00000000,1967.00000000,0.07583541
117.00000000,1968.00000000,0.07582640
117.00000000,1969.00000000,0.07582236
117.00000000,1970.00000000,0.07581366
117.00000000,1971.00000000,0.07582023
117.00000000,1972.00000000,0.07580404
117.00000000,1973.00000000,0.07579127
117.00000000,1974.00000000,0.07576626
117.00000000,1975.00000000,0.07573949
117.00000000,1976.00000000,0.07572155
117.00000000,1977.00000000,0.07571065
117.00000000,1978.00000000,0.07569021
117.00000000,1979.00000000,0.07566477
117.00000000,1980.00000000,0.07565020
117.00000000,1981.00000000,0.07563786
117.00000000,1982.00000000,0.07562526
117.00000000,1983.00000000,0.07560764
117.00000000,1984.00000000,0.07560638
117.00000000,1985.00000000,0.07560098
117.00000000,1986.00000000,0.07560223
117.00000000,1987.00000000,0.07559999
117.00000000,1988.00000000,0.07560746
117.00000000,1989.00000000,0.07563347
117.00000000,1990.00000000,0.07564525
117.00000000,1991.00000000,0.07560829
117.00000000,1992.00000000,0.07562737
117.00000000,1993.00000000,0.07562161
117.00000000,1994.00000000,0.07561711
117.00000000,1995.00000000,0.07560996
117.00000000,1996.00000000,0.07563191
117.00000000,1997.00000000,0.07568118
117.00000000,1998.00000000,0.07568596
117.00000000,1999.00000000,0.07570445
117.00000000,2000.00000000,0.07573006
117.00000000,2001.00000000,0.07572556
117.00000000,2002.00000000,0.07571838
117.00000000,2003.00000000,0.07571601
117.00000000,2004.00000000,0.07573569
117.00000000,2005.00000000,0.07579428
117.00000000,2006.00000000,0.07577558
117.00000000,2007.00000000,0.07581981
117.00000000,2008.00000000,0.07583085
117.00000000,2009.00000000,0.07580678
117.00000000,2010.00000000,0.07576631
117.00000000,2011.00000000,0.07576255
117.00000000,2012.00000000,0.07577944
117.00000000,2013.00000000,0.07577104
117.00000000,2014.00000000,0.07577861
117.00000000,2015.00000000,0.07579301
117.00000000,2016.00000000,0.07584398
117.00000000,2017.00000000,0.07585855
117.00000000,2018.00000000,0.07585049
117.00000000,2019.00000000,0.07583143
117.00000000,2020.00000000,0.07589483
117.00000000,2021.00000000,0.07585625
117.00000000,2022.00000000,0.07588893
117.00000000,2023.00000000,0.07593152
117.00000000,2024.00000000,0.07604755
117.00000000,2025.00000000,0.07591057
117.00000000,2026.00000000,0.07592884
117.00000000,2027.00000000,0.07594370
117.00000000,2028.00000000,0.07591904
117.00000000,2029.00000000,0.07595208
117.00000000,2030.00000000,0.07603140
117.00000000,2031.00000000,0.07575616
117.00000000,2032.00000000,0.07566265
117.00000000,2033.00000000,0.07573681
117.00000000,2034.00000000,0.07578938
117.00000000,2035.00000000,0.07567679
117.00000000,2036.00000000,0.07531455
117.00000000,2037.00000000,0.07552427
117.00000000,2038.00000000,0.07516287
117.00000000,2039.00000000,0.07518272
117.00000000,2040.00000000,0.07538649
117.00000000,2041.00000000,0.07529511
117.00000000,2042.00000000,0.07524501
117.00000000,2043.00000000,0.07518472
117.00000000,2044.00000000,0.07528051
117.00000000,2045.00000000,0.07520624
117.00000000,2046.00000000,0.07530055
117.00000000,2047.00000000,0.07501318
117.00000000,2048.00000000,0.07467842
117.00000000,2049.00000000,0.07438695
117.00000000,2050.00000000,0.07440063
117.00000000,2051.00000000,0.07448812
117.00000000,2052.00000000,0.07451775
117.00000000,2053.00000000,0.07465394
117.00000000,2054.00000000,0.07473662
117.00000000,2055.00000000,0.07450009
117.00000000,2056.00000000,0.07451857
117.00000000,2057.00000000,0.07466054
117.00000000,2058.00000000,0.07464555
117.00000000,2059.00000000,0.07457183
117.00000000,2060.00000000,0.07458682
117.00000000,2061.00000000,0.07447863
117.00000000,2062.00000000,0.07390773
117.00000000,2063.00000000,0.07398842
117.00000000,2064.00000000,0.07423456
117.00000000,2065.00000000,0.07431705
117.00000000,2066.00000000,0.07412961
117.00000000,2067.00000000,0.07450402
117.00000000,2068.00000000,0.07472404
117.00000000,2069.00000000,0.07471112
117.00000000,2070.00000000,0.07473659
117.00000000,2071.00000000,0.07471959
117.00000000,2072.00000000,0.07503242
117.00000000,2073.00000000,0.07525619
117.00000000,2074.00000000,0.07539135
117.00000000,2075.00000000,0.07546151
117.00000000,2076.00000000,0.07568651
117.00000000,2077.00000000,0.07587806
117.00000000,2078.00000000,0.07586591
117.00000000,2079.00000000,0.07604406
117.00000000,2080.00000000,0.07631310
117.00000000,2081.00000000,0.07660975
117.00000000,2082.00000000,0.07686063
117.00000000,2083.00000000,0.07716233
117.00000000,2084.00000000,0.07735373
117.00000000,2085.00000000,0.07769606
117.00000000,2086.00000000,0.07811377
117.00000000,2087.00000000,0.07866684
117.00000000,2088.00000000,0.07896976
117.00000000,2089.00000000,0.07930169
117.00000000,2090.00000000,0.07977658
117.00000000,2091.00000000,0.07978223
117.00000000,2092.00000000,0.07971178
117.00000000,2093.00000000,0.08025886
117.00000000,2094.00000000,0.08055565
117.00000000,2095.00000000,0.08071001
117.00000000,2096.00000000,0.08129156
117.00000000,2097.00000000,0.08117974
117.00000000,2098.00000000,0.08084585
117.00000000,2099.00000000,0.08076808
117.00000000,2100.00000000,0.08074245
117.00000000,2101.00000000,0.08112443
117.00000000,2102.00000000,0.08145543
117.00000000,2103.00000000,0.08181366
117.00000000,2104.00000000,0.08212723
117.00000000,2105.00000000,0.08258256
117.00000000,2106.00000000,0.08286388
117.00000000,2107.00000000,0.08300400
117.00000000,2108.00000000,0.08321980
117.00000000,2109.00000000,0.08301237
117.00000000,2110.00000000,0.08305860
117.00000000,2111.00000000,0.08333597
117.00000000,2112.00000000,0.08364010
117.00000000,2113.00000000,0.08396273
117.00000000,2114.00000000,0.08422838
117.00000000,2115.00000000,0.08421084
117.00000000,2116.00000000,0.08422035
117.00000000,2117.00000000,0.08460949
117.00000000,2118.00000000,0.08499103
117.00000000,2119.00000000,0.08515614
117.00000000,2120.00000000,0.08590203
117.00000000,2121.00000000,0.08675001
117.00000000,2122.00000000,0.08742383
117.00000000,2123.00000000,0.08787900
117.00000000,2124.00000000,0.08833693
117.00000000,2125.00000000,0.08879766
117.00000000,2126.00000000,0.08926060
117.00000000,2127.00000000,0.08972579
117.00000000,2128.00000000,0.09033568
117.00000000,2129.00000000,0.09094787
117.00000000,2130.00000000,0.09156233
117.00000000,2131.00000000,0.09217898
117.00000000,2132.00000000,0.09279773
117.00000000,2133.00000000,0.09341855
117.00000000,2134.00000000,0.09404135
117.00000000,2135.00000000,0.09466602
117.00000000,2136.00000000,0.09529257
117.00000000,2137.00000000,0.09592088
117.00000000,2138.00000000,0.09648794
117.00000000,2139.00000000,0.09705666
117.00000000,2140.00000000,0.09762699
117.00000000,2141.00000000,0.09819896
117.00000000,2142.00000000,0.09877253
117.00000000,2143.00000000,0.09934766
117.00000000,2144.00000000,0.09992444
117.00000000,2145.00000000,0.10050284
117.00000000,2146.00000000,0.10108286
117.00000000,2147.00000000,0.10166457
117.00000000,2148.00000000,0.10237895
117.00000000,2149.00000000,0.10309501
117.00000000,2150.00000000,0.10381277
117.00000000,2151.00000000,0.10453272
117.00000000,2152.00000000,0.10525635
117.00000000,2153.00000000,0.10598526
117.00000000,2154.00000000,0.10672014
117.00000000,2155.00000000,0.10746144
117.00000000,2156.00000000,0.10820925
117.00000000,2157.00000000,0.10896355
117.00000000,2158.00000000,0.10981990
117.00000000,2159.00000000,0.11068270
117.00000000,2160.00000000,0.11155177
117.00000000,2161.00000000,0.11242703
117.00000000,2162.00000000,0.11330828
117.00000000,2163.00000000,0.11419532
117.00000000,2164.00000000,0.11508810
117.00000000,2165.00000000,0.11598638
117.00000000,2166.00000000,0.11689009
117.00000000,2167.00000000,0.11779905
117.00000000,2168.00000000,0.11870765
117.00000000,2169.00000000,0.11962125
117.00000000,2170.00000000,0.12053967
117.00000000,2171.00000000,0.12146275
117.00000000,2172.00000000,0.12239040
117.00000000,2173.00000000,0.12332248
117.00000000,2174.00000000,0.12425879
117.00000000,2175.00000000,0.12519928
117.00000000,2176.00000000,0.12614373
117.00000000,2177.00000000,0.12709196
117.00000000,2178.00000000,0.12783236
117.00000000,2179.00000000,0.12857577
117.00000000,2180.00000000,0.12932224
117.00000000,2181.00000000,0.13007160
117.00000000,2182.00000000,0.13082375
117.00000000,2183.00000000,0.13157867
117.00000000,2184.00000000,0.13233630
117.00000000,2185.00000000,0.13309643
117.00000000,2186.00000000,0.13385908
117.00000000,2187.00000000,0.13462411
117.00000000,2188.00000000,0.13519892
117.00000000,2189.00000000,0.13577547
117.00000000,2190.00000000,0.13635366
117.00000000,2191.00000000,0.13693353
117.00000000,2192.00000000,0.13751500
117.00000000,2193.00000000,0.13809799
117.00000000,2194.00000000,0.13868254
117.00000000,2195.00000000,0.13926859
117.00000000,2196.00000000,0.13985603
117.00000000,2197.00000000,0.14044490
117.00000000,2198.00000000,0.14092661
117.00000000,2199.00000000,0.14140927
117.00000000,2200.00000000,0.14189297
117.00000000,2201.00000000,0.14237759
117.00000000,2202.00000000,0.14286323
117.00000000,2203.00000000,0.14334980
117.00000000,2204.00000000,0.14383726
117.00000000,2205.00000000,0.14432567
117.00000000,2206.00000000,0.14481495
117.00000000,2207.00000000,0.14530505
117.00000000,2208.00000000,0.14568295
117.00000000,2209.00000000,0.14606133
117.00000000,2210.00000000,0.14644013
117.00000000,2211.00000000,0.14681946
117.00000000,2212.00000000,0.14719926
117.00000000,2213.00000000,0.14757950
117.00000000,2214.00000000,0.14796026
117.00000000,2215.00000000,0.14834145
117.00000000,2216.00000000,0.14872317
117.00000000,2217.00000000,0.14910533
117.00000000,2218.00000000,0.14940018
117.00000000,2219.00000000,0.14969526
117.00000000,2220.00000000,0.14999053
117.00000000,2221.00000000,0.15028593
117.00000000,2222.00000000,0.15058161
117.00000000,2223.00000000,0.15087748
117.00000000,2224.00000000,0.15117354
117.00000000,2225.00000000,0.15146989
117.00000000,2226.00000000,0.15176636
117.00000000,2227.00000000,0.15206318
117.00000000,2228.00000000,0.15236019
117.00000000,2229.00000000,0.15265742
117.00000000,2230.00000000,0.15295494
117.00000000,2231.00000000,0.15325271
117.00000000,2232.00000000,0.15355068
117.00000000,2233.00000000,0.15384899
117.00000000,2234.00000000,0.15414752
117.00000000,2235.00000000,0.15444626
117.00000000,2236.00000000,0.15474531
117.00000000,2237.00000000,0.15504464
117.00000000,2238.00000000,0.15534417
117.00000000,2239.00000000,0.15564407
117.00000000,2240.00000000,0.15594414
117.00000000,2241.00000000,0.15624453
117.00000000,2242.00000000,0.15654519
117.00000000,2243.00000000,0.15684606
117.00000000,2244.00000000,0.15714729
117.00000000,2245.00000000,0.15744874
117.00000000,2246.00000000,0.15775039
117.00000000,2247.00000000,0.15805234
117.00000000,2248.00000000,0.15835460
117.00000000,2249.00000000,0.15865680
117.00000000,2250.00000000,0.15895807
117.00000000,2251.00000000,0.15925621
117.00000000,2252.00000000,0.15954946
117.00000000,2253.00000000,0.15983674
117.00000000,2254.00000000,0.16011745
117.00000000,2255.00000000,0.16039157
117.00000000,2256.00000000,0.16065900
117.00000000,2257.00000000,0.16091966
117.00000000,2258.00000000,0.16117372
117.00000000,2259.00000000,0.16142116
117.00000000,2260.00000000,0.16166203
117.00000000,2261.00000000,0.16189662
117.00000000,2262.00000000,0.16212500
117.00000000,2263.00000000,0.16234751
117.00000000,2264.00000000,0.16256425
117.00000000,2265.00000000,0.16277523
117.00000000,2266.00000000,0.16298063
117.00000000,2267.00000000,0.16318042
117.00000000,2268.00000000,0.16274416
117.00000000,2269.00000000,0.16230124
117.00000000,2270.00000000,0.16185182
117.00000000,2271.00000000,0.16139603
117.00000000,2272.00000000,0.16093414
117.00000000,2273.00000000,0.16046631
117.00000000,2274.00000000,0.15999262
117.00000000,2275.00000000,0.15951335
117.00000000,2276.00000000,0.15902858
117.00000000,2277.00000000,0.15853856
117.00000000,2278.00000000,0.15804337
117.00000000,2279.00000000,0.15754314
117.00000000,2280.00000000,0.15703811
117.00000000,2281.00000000,0.15652837
117.00000000,2282.00000000,0.15601398
117.00000000,2283.00000000,0.15549517
117.00000000,2284.00000000,0.15497206
117.00000000,2285.00000000,0.15444467
117.00000000,2286.00000000,0.15391324
117.00000000,2287.00000000,0.15337780
117.00000000,2288.00000000,0.15283852
117.00000000,2289.00000000,0.15229551
117.00000000,2290.00000000,0.15174879
117.00000000,2291.00000000,0.15119857
117.00000000,2292.00000000,0.15064489
117.00000000,2293.00000000,0.15008782
117.00000000,2294.00000000,0.14952754
117.00000000,2295.00000000,0.14896409
117.00000000,2296.00000000,0.14839751
117.00000000,2297.00000000,0.14782799
117.00000000,2298.00000000,0.14725554
117.00000000,2299.00000000,0.14668023
117.00000000,2300.00000000,0.14610222
117.00000000,2301.00000000,0.14552149
117.00000000,2302.00000000,0.14493819
117.00000000,2303.00000000,0.14435235
117.00000000,2304.00000000,0.14376397
117.00000000,2305.00000000,0.14317322
117.00000000,2306.00000000,0.14258013
117.00000000,2307.00000000,0.14198471
117.00000000,2308.00000000,0.14138712
117.00000000,2309.00000000,0.14078736
117.00000000,2310.00000000,0.14018550
117.00000000,2311.00000000,0.13958162
117.00000000,2312.00000000,0.13897575
117.00000000,2313.00000000,0.13836798
117.00000000,2314.00000000,0.13775836
117.00000000,2315.00000000,0.13714691
117.00000000,2316.00000000,0.13653373
117.00000000,2317.00000000,0.13591886
117.00000000,2318.00000000,0.13530230
117.00000000,2319.00000000,0.13468416
117.00000000,2320.00000000,0.13406449
117.00000000,2321.00000000,0.13344327
117.00000000,2322.00000000,0.13282063
117.00000000,2323.00000000,0.13219656
117.00000000,2324.00000000,0.13157110
117.00000000,2325.00000000,0.13094434
117.00000000,2326.00000000,0.13031624
117.00000000,2327.00000000,0.12968695
117.00000000,2328.00000000,0.12905645
117.00000000,2329.00000000,0.12842474
117.00000000,2330.00000000,0.12779194
117.00000000,2331.00000000,0.12715806
117.00000000,2332.00000000,0.12652308
117.00000000,2333.00000000,0.12588712
117.00000000,2334.00000000,0.12525018
117.00000000,2335.00000000,0.12461223
117.00000000,2336.00000000,0.12397342
117.00000000,2337.00000000,0.12333370
117.00000000,2338.00000000,0.12269315
117.00000000,2339.00000000,0.12205179
117.00000000,2340.00000000,0.12140960
117.00000000,2341.00000000,0.12076670
117.00000000,2342.00000000,0.12012307
117.00000000,2343.00000000,0.11947869
117.00000000,2344.00000000,0.11883369
117.00000000,2345.00000000,0.11818806
117.00000000,2346.00000000,0.11754176
117.00000000,2347.00000000,0.11689493
117.00000000,2348.00000000,0.11624751
117.00000000,2349.00000000,0.11559959
117.00000000,2350.00000000,0.11495116
117.00000000,2351.00000000,0.11430223
117.00000000,2352.00000000,0.11365288
117.00000000,2353.00000000,0.11300311
117.00000000,2354.00000000,0.11235291
117.00000000,2355.00000000,0.11170237
117.00000000,2356.00000000,0.11105151
117.00000000,2357.00000000,0.11040026
117.00000000,2358.00000000,0.10974877
117.00000000,2359.00000000,0.10909700
117.00000000,2360.00000000,0.10844494
117.00000000,2361.00000000,0.10779269
117.00000000,2362.00000000,0.10714022
117.00000000,2363.00000000,0.10648762
117.00000000,2364.00000000,0.10583492
117.00000000,2365.00000000,0.10518212
117.00000000,2366.00000000,0.10466725
117.00000000,2367.00000000,0.10455835
117.00000000,2368.00000000,0.10456055
117.00000000,2369.00000000,0.10456300
117.00000000,2370.00000000,0.10456563
117.00000000,2371.00000000,0.10456842
117.00000000,2372.00000000,0.10457145
117.00000000,2373.00000000,0.10459200
117.00000000,2374.00000000,0.10461279
117.00000000,2375.00000000,0.10463376
117.00000000,2376.00000000,0.10465486
117.00000000,2377.00000000,0.10467615
117.00000000,2378.00000000,0.10466323
117.00000000,2379.00000000,0.10465041
117.00000000,2380.00000000,0.10463776
117.00000000,2381.00000000,0.10462526
117.00000000,2382.00000000,0.10461285
117.00000000,2383.00000000,0.10460062
117.00000000,2384.00000000,0.10458851
117.00000000,2385.00000000,0.10457648
117.00000000,2386.00000000,0.10456461
117.00000000,2387.00000000,0.10455282
117.00000000,2388.00000000,0.10454119
117.00000000,2389.00000000,0.10452967
117.00000000,2390.00000000,0.10451822
117.00000000,2391.00000000,0.10450691
117.00000000,2392.00000000,0.10449571
117.00000000,2393.00000000,0.10448309
117.00000000,2394.00000000,0.10447061
117.00000000,2395.00000000,0.10445821
117.00000000,2396.00000000,0.10444588
117.00000000,2397.00000000,0.10443367
117.00000000,2398.00000000,0.10442151
117.00000000,2399.00000000,0.10440948
117.00000000,2400.00000000,0.10439753
117.00000000,2401.00000000,0.10438564
117.00000000,2402.00000000,0.10437386
117.00000000,2403.00000000,0.10436216
117.00000000,2404.00000000,0.10435051
117.00000000,2405.00000000,0.10433899
117.00000000,2406.00000000,0.10432754
117.00000000,2407.00000000,0.10431613
117.00000000,2408.00000000,0.10430484
117.00000000,2409.00000000,0.10429356
117.00000000,2410.00000000,0.10428243
117.00000000,2411.00000000,0.10427135
117.00000000,2412.00000000,0.10426030
117.00000000,2413.00000000,0.10424936
117.00000000,2414.00000000,0.10423850
117.00000000,2415.00000000,0.10422763
117.00000000,2416.00000000,0.10421690
117.00000000,2417.00000000,0.10420621
117.00000000,2418.00000000,0.10419885
117.00000000,2419.00000000,0.10419160
117.00000000,2420.00000000,0.10418440
117.00000000,2421.00000000,0.10417721
117.00000000,2422.00000000,0.10417014
117.00000000,2423.00000000,0.10416306
117.00000000,2424.00000000,0.10415609
117.00000000,2425.00000000,0.10414916
117.00000000,2426.00000000,0.10414224
117.00000000,2427.00000000,0.10413541
117.00000000,2428.00000000,0.10412863
117.00000000,2429.00000000,0.10412185
117.00000000,2430.00000000,0.10411516
117.00000000,2431.00000000,0.10410851
117.00000000,2432.00000000,0.10410186
117.00000000,2433.00000000,0.10409530
117.00000000,2434.00000000,0.10408871
117.00000000,2435.00000000,0.10408223
117.00000000,2436.00000000,0.10407580
117.00000000,2437.00000000,0.10406933
117.00000000,2438.00000000,0.10406295
117.00000000,2439.00000000,0.10405662
117.00000000,2440.00000000,0.10405026
117.00000000,2441.00000000,0.10404400
117.00000000,2442.00000000,0.10403776
117.00000000,2443.00000000,0.10403149
117.00000000,2444.00000000,0.10402531
117.00000000,2445.00000000,0.10401917
117.00000000,2446.00000000,0.10401299
117.00000000,2447.00000000,0.10400689
117.00000000,2448.00000000,0.10400078
117.00000000,2449.00000000,0.10399473
117.00000000,2450.00000000,0.10398872
117.00000000,2451.00000000,0.10398267
117.00000000,2452.00000000,0.10397670
117.00000000,2453.00000000,0.10397076
117.00000000,2454.00000000,0.10396476
117.00000000,2455.00000000,0.10395885
117.00000000,2456.00000000,0.10395295
117.00000000,2457.00000000,0.10394701
117.00000000,2458.00000000,0.10394114
117.00000000,2459.00000000,0.10393523
117.00000000,2460.00000000,0.10392939
117.00000000,2461.00000000,0.10392356
117.00000000,2462.00000000,0.10391768
117.00000000,2463.00000000,0.10391189
117.00000000,2464.00000000,0.10390610
117.00000000,2465.00000000,0.10390025
117.00000000,2466.00000000,0.10389449
117.00000000,2467.00000000,0.10388873
117.00000000,2468.00000000,0.10388198
117.00000000,2469.00000000,0.10387531
117.00000000,2470.00000000,0.10386863
117.00000000,2471.00000000,0.10386190
117.00000000,2472.00000000,0.10385525
117.00000000,2473.00000000,0.10384854
117.00000000,2474.00000000,0.10384190
117.00000000,2475.00000000,0.10383527
117.00000000,2476.00000000,0.10382859
117.00000000,2477.00000000,0.10382197
117.00000000,2478.00000000,0.10381535
117.00000000,2479.00000000,0.10380869
117.00000000,2480.00000000,0.10380208
117.00000000,2481.00000000,0.10379549
117.00000000,2482.00000000,0.10378883
117.00000000,2483.00000000,0.10378224
117.00000000,2484.00000000,0.10377560
117.00000000,2485.00000000,0.10376901
117.00000000,2486.00000000,0.10376243
117.00000000,2487.00000000,0.10375580
117.00000000,2488.00000000,0.10374923
117.00000000,2489.00000000,0.10374267
117.00000000,2490.00000000,0.10373604
117.00000000,2491.00000000,0.10372948
117.00000000,2492.00000000,0.10372292
117.00000000,2493.00000000,0.10371630
117.00000000,2494.00000000,0.10370975
117.00000000,2495.00000000,0.10370312
117.00000000,2496.00000000,0.10369657
117.00000000,2497.00000000,0.10369003
117.00000000,2498.00000000,0.10368341
117.00000000,2499.00000000,0.10367687
117.00000000,2500.00000000,0.10367031
118.00000000,1765.00000000,0.07477496
118.00000000,1766.00000000,0.07477495
118.00000000,1767.00000000,0.07477513
118.00000000,1768.00000000,0.07477522
118.00000000,1769.00000000,0.07477560
118.00000000,1770.00000000,0.07477579
118.00000000,1771.00000000,0.07477625
118.00000000,1772.00000000,0.07477693
118.00000000,1773.00000000,0.07477790
118.00000000,1774.00000000,0.07477879
118.00000000,1775.00000000,0.07477989
118.00000000,1776.00000000,0.07478114
118.00000000,1777.00000000,0.07478251
118.00000000,1778.00000000,0.07478406
118.00000000,1779.00000000,0.07478582
118.00000000,1780.00000000,0.07478744
118.00000000,1781.00000000,0.07478943
118.00000000,1782.00000000,0.07479146
118.00000000,1783.00000000,0.07479358
118.00000000,1784.00000000,0.07479581
118.00000000,1785.00000000,0.07479818
118.00000000,1786.00000000,0.07480072
118.00000000,1787.00000000,0.07480325
118.00000000,1788.00000000,0.07480587
118.00000000,1789.00000000,0.07480850
118.00000000,1790.00000000,0.07481136
118.00000000,1791.00000000,0.07481422
118.00000000,1792.00000000,0.07481725
118.00000000,1793.00000000,0.07482027
118.00000000,1794.00000000,0.07482343
118.00000000,1795.00000000,0.07482652
118.00000000,1796.00000000,0.07482972
118.00000000,1797.00000000,0.07483309
118.00000000,1798.00000000,0.07483640
118.00000000,1799.00000000,0.07483973
118.00000000,1800.00000000,0.07484313
118.00000000,1801.00000000,0.07484667
118.00000000,1802.00000000,0.07485012
118.00000000,1803.00000000,0.07485364
118.00000000,1804.00000000,0.07485718
118.00000000,1805.00000000,0.07486085
118.00000000,1806.00000000,0.07486448
118.00000000,1807.00000000,0.07486811
118.00000000,1808.00000000,0.07487183
118.00000000,1809.00000000,0.07487554
118.00000000,1810.00000000,0.07487926
118.00000000,1811.00000000,0.07488300
118.00000000,1812.00000000,0.07488681
118.00000000,1813.00000000,0.07489062
118.00000000,1814.00000000,0.07489444
118.00000000,1815.00000000,0.07489826
118.00000000,1816.00000000,0.07490212
118.00000000,1817.00000000,0.07490594
118.00000000,1818.00000000,0.07490976
118.00000000,1819.00000000,0.07491371
118.00000000,1820.00000000,0.07491756
118.00000000,1821.00000000,0.07492138
118.00000000,1822.00000000,0.07492538
118.00000000,1823.00000000,0.07492915
118.00000000,1824.00000000,0.07493305
118.00000000,1825.00000000,0.07493699
118.00000000,1826.00000000,0.07494089
118.00000000,1827.00000000,0.07494462
118.00000000,1828.00000000,0.07494857
118.00000000,1829.00000000,0.07495241
118.00000000,1830.00000000,0.07495626
118.00000000,1831.00000000,0.07496015
118.00000000,1832.00000000,0.07496390
118.00000000,1833.00000000,0.07496769
118.00000000,1834.00000000,0.07497147
118.00000000,1835.00000000,0.07497527
118.00000000,1836.00000000,0.07497897
118.00000000,1837.00000000,0.07498270
118.00000000,1838.00000000,0.07498646
118.00000000,1839.00000000,0.07499015
118.00000000,1840.00000000,0.07499386
118.00000000,1841.00000000,0.07499748
118.00000000,1842.00000000,0.07500112
118.00000000,1843.00000000,0.07500471
118.00000000,1844.00000000,0.07500833
118.00000000,1845.00000000,0.07501188
118.00000000,1846.00000000,0.07501545
118.00000000,1847.00000000,0.07501892
118.00000000,1848.00000000,0.07502243
118.00000000,1849.00000000,0.07502589
118.00000000,1850.00000000,0.07502930
118.00000000,1851.00000000,0.07503270
118.00000000,1852.00000000,0.07503599
118.00000000,1853.00000000,0.07503966
118.00000000,1854.00000000,0.07504354
118.00000000,1855.00000000,0.07504727
118.00000000,1856.00000000,0.07505098
118.00000000,1857.00000000,0.07505463
118.00000000,1858.00000000,0.07505812
118.00000000,1859.00000000,0.07506162
118.00000000,1860.00000000,0.07506503
118.00000000,1861.00000000,0.07506844
118.00000000,1862.00000000,0.07507164
118.00000000,1863.00000000,0.07507421
118.00000000,1864.00000000,0.07507629
118.00000000,1865.00000000,0.07507798
118.00000000,1866.00000000,0.07507936
118.00000000,1867.00000000,0.07508045
118.00000000,1868.00000000,0.07508129
118.00000000,1869.00000000,0.07508189
118.00000000,1870.00000000,0.07508231
118.00000000,1871.00000000,0.07508256
118.00000000,1872.00000000,0.07508299
118.00000000,1873.00000000,0.07508412
118.00000000,1874.00000000,0.07508582
118.00000000,1875.00000000,0.07508789
118.00000000,1876.00000000,0.07509027
118.00000000,1877.00000000,0.07509290
118.00000000,1878.00000000,0.07509572
118.00000000,1879.00000000,0.07509878
118.00000000,1880.00000000,0.07510195
118.00000000,1881.00000000,0.07510520
118.00000000,1882.00000000,0.07510858
118.00000000,1883.00000000,0.07511157
118.00000000,1884.00000000,0.07512119
118.00000000,1885.00000000,0.07512374
118.00000000,1886.00000000,0.07512626
118.00000000,1887.00000000,0.07512868
118.00000000,1888.00000000,0.07513105
118.00000000,1889.00000000,0.07513556
118.00000000,1890.00000000,0.07513750
118.00000000,1891.00000000,0.07513925
118.00000000,1892.00000000,0.07514073
118.00000000,1893.00000000,0.07514221
118.00000000,1894.00000000,0.07514373
118.00000000,1895.00000000,0.07514544
118.00000000,1896.00000000,0.07514726
118.00000000,1897.00000000,0.07514906
118.00000000,1898.00000000,0.07515084
118.00000000,1899.00000000,0.07515483
118.00000000,1900.00000000,0.07515626
118.00000000,1901.00000000,0.07515750
118.00000000,1902.00000000,0.07515892
118.00000000,1903.00000000,0.07516046
118.00000000,1904.00000000,0.07516220
118.00000000,1905.00000000,0.07516419
118.00000000,1906.00000000,0.07516645
118.00000000,1907.00000000,0.07516891
118.00000000,1908.00000000,0.07517132
118.00000000,1909.00000000,0.07517604
118.00000000,1910.00000000,0.07517853
118.00000000,1911.00000000,0.07518089
118.00000000,1912.00000000,0.07518268
118.00000000,1913.00000000,0.07518363
118.00000000,1914.00000000,0.07518366
118.00000000,1915.00000000,0.07518565
118.00000000,1916.00000000,0.07518529
118.00000000,1917.00000000,0.07518488
118.00000000,1918.00000000,0.07518669
118.00000000,1919.00000000,0.07518627
118.00000000,1920.00000000,0.07519104
118.00000000,1921.00000000,0.07518955
118.00000000,1922.00000000,0.07519129
118.00000000,1923.00000000,0.07519374
118.00000000,1924.00000000,0.07519865
118.00000000,1925.00000000,0.07520111
118.00000000,1926.00000000,0.07520354
118.00000000,1927.00000000,0.07520598
118.00000000,1928.00000000,0.07520858
118.00000000,1929.00000000,0.07521343
118.00000000,1930.00000000,0.07521620
118.00000000,1931.00000000,0.07521999
118.00000000,1932.00000000,0.07522506
118.00000000,1933.00000000,0.07523319
118.00000000,1934.00000000,0.07524188
118.00000000,1935.00000000,0.07525057
118.00000000,1936.00000000,0.07525644
118.00000000,1937.00000000,0.07526141
118.00000000,1938.00000000,0.07526517
118.00000000,1939.00000000,0.07526803
118.00000000,1940.00000000,0.07527261
118.00000000,1941.00000000,0.07527620
118.00000000,1942.00000000,0.07527635
118.00000000,1943.00000000,0.07527829
118.00000000,1944.00000000,0.07527744
118.00000000,1945.00000000,0.07527882
118.00000000,1946.00000000,0.07527888
118.00000000,1947.00000000,0.07528060
118.00000000,1948.00000000,0.07529705
118.00000000,1949.00000000,0.07529738
118.00000000,1950.00000000,0.07529993
118.00000000,1951.00000000,0.07530466
118.00000000,1952.00000000,0.07530784
118.00000000,1953.00000000,0.07531350
118.00000000,1954.00000000,0.07532620
118.00000000,1955.00000000,0.07532991
118.00000000,1956.00000000,0.07533597
118.00000000,1957.00000000,0.07534177
118.00000000,1958.00000000,0.07534948
118.00000000,1959.00000000,0.07535431
118.00000000,1960.00000000,0.07535967
118.00000000,1961.00000000,0.07536102
118.00000000,1962.00000000,0.07536388
118.00000000,1963.00000000,0.07537054
118.00000000,1964.00000000,0.07536683
118.00000000,1965.00000000,0.07536883
118.00000000,1966.00000000,0.07536484
118.00000000,1967.00000000,0.07536423
118.00000000,1968.00000000,0.07536449
118.00000000,1969.00000000,0.07535334
118.00000000,1970.00000000,0.07534688
118.00000000,1971.00000000,0.07533488
118.00000000,1972.00000000,0.07533725
118.00000000,1973.00000000,0.07531756
118.00000000,1974.00000000,0.07530192
118.00000000,1975.00000000,0.07527524
118.00000000,1976.00000000,0.07524809
118.00000000,1977.00000000,0.07523032
118.00000000,1978.00000000,0.07521920
118.00000000,1979.00000000,0.07519849
118.00000000,1980.00000000,0.07517242
118.00000000,1981.00000000,0.07515767
118.00000000,1982.00000000,0.07514727
118.00000000,1983.00000000,0.07513873
118.00000000,1984.00000000,0.07512522
118.00000000,1985.00000000,0.07512695
118.00000000,1986.00000000,0.07512326
118.00000000,1987.00000000,0.07512527
118.00000000,1988.00000000,0.07512312
118.00000000,1989.00000000,0.07513016
118.00000000,1990.00000000,0.07515537
118.00000000,1991.00000000,0.07516674
118.00000000,1992.00000000,0.07513040
118.00000000,1993.00000000,0.07514981
118.00000000,1994.00000000,0.07514511
118.00000000,1995.00000000,0.07514136
118.00000000,1996.00000000,0.07513431
118.00000000,1997.00000000,0.07515555
118.00000000,1998.00000000,0.07520369
118.00000000,1999.00000000,0.07520822
118.00000000,2000.00000000,0.07522663
118.00000000,2001.00000000,0.07525173
118.00000000,2002.00000000,0.07524668
118.00000000,2003.00000000,0.07523949
118.00000000,2004.00000000,0.07523589
118.00000000,2005.00000000,0.07525269
118.00000000,2006.00000000,0.07530695
118.00000000,2007.00000000,0.07528437
118.00000000,2008.00000000,0.07532469
118.00000000,2009.00000000,0.07533241
118.00000000,2010.00000000,0.07530554
118.00000000,2011.00000000,0.07526259
118.00000000,2012.00000000,0.07525619
118.00000000,2013.00000000,0.07527020
118.00000000,2014.00000000,0.07525906
118.00000000,2015.00000000,0.07526382
118.00000000,2016.00000000,0.07527540
118.00000000,2017.00000000,0.07532343
118.00000000,2018.00000000,0.07533540
118.00000000,2019.00000000,0.07532501
118.00000000,2020.00000000,0.07530382
118.00000000,2021.00000000,0.07536468
118.00000000,2022.00000000,0.07532446
118.00000000,2023.00000000,0.07535525
118.00000000,2024.00000000,0.07539610
118.00000000,2025.00000000,0.07551003
118.00000000,2026.00000000,0.07537282
118.00000000,2027.00000000,0.07538992
118.00000000,2028.00000000,0.07540369
118.00000000,2029.00000000,0.07537827
118.00000000,2030.00000000,0.07541022
118.00000000,2031.00000000,0.07548813
118.00000000,2032.00000000,0.07521382
118.00000000,2033.00000000,0.07511971
118.00000000,2034.00000000,0.07519195
118.00000000,2035.00000000,0.07524265
118.00000000,2036.00000000,0.07512932
118.00000000,2037.00000000,0.07476815
118.00000000,2038.00000000,0.07497486
118.00000000,2039.00000000,0.07461459
118.00000000,2040.00000000,0.07463288
118.00000000,2041.00000000,0.07483379
118.00000000,2042.00000000,0.07474151
118.00000000,2043.00000000,0.07469000
118.00000000,2044.00000000,0.07462830
118.00000000,2045.00000000,0.07472149
118.00000000,2046.00000000,0.07464587
118.00000000,2047.00000000,0.07473759
118.00000000,2048.00000000,0.07445054
118.00000000,2049.00000000,0.07411651
118.00000000,2050.00000000,0.07382552
118.00000000,2051.00000000,0.07383752
118.00000000,2052.00000000,0.07392283
118.00000000,2053.00000000,0.07395080
118.00000000,2054.00000000,0.07408457
118.00000000,2055.00000000,0.07416534
118.00000000,2056.00000000,0.07392935
118.00000000,2057.00000000,0.07394651
118.00000000,2058.00000000,0.07408627
118.00000000,2059.00000000,0.07407031
118.00000000,2060.00000000,0.07399611
118.00000000,2061.00000000,0.07401010
118.00000000,2062.00000000,0.07390237
118.00000000,2063.00000000,0.07333598
118.00000000,2064.00000000,0.07341658
118.00000000,2065.00000000,0.07366154
118.00000000,2066.00000000,0.07374426
118.00000000,2067.00000000,0.07355913
118.00000000,2068.00000000,0.07393158
118.00000000,2069.00000000,0.07415078
118.00000000,2070.00000000,0.07413879
118.00000000,2071.00000000,0.07416496
118.00000000,2072.00000000,0.07414930
118.00000000,2073.00000000,0.07446139
118.00000000,2074.00000000,0.07468535
118.00000000,2075.00000000,0.07482144
118.00000000,2076.00000000,0.07489303
118.00000000,2077.00000000,0.07511828
118.00000000,2078.00000000,0.07531027
118.00000000,2079.00000000,0.07529996
118.00000000,2080.00000000,0.07547846
118.00000000,2081.00000000,0.07574716
118.00000000,2082.00000000,0.07604338
118.00000000,2083.00000000,0.07629436
118.00000000,2084.00000000,0.07659584
118.00000000,2085.00000000,0.07678781
118.00000000,2086.00000000,0.07712957
118.00000000,2087.00000000,0.07754614
118.00000000,2088.00000000,0.07809702
118.00000000,2089.00000000,0.07839945
118.00000000,2090.00000000,0.07873060
118.00000000,2091.00000000,0.07920368
118.00000000,2092.00000000,0.07921103
118.00000000,2093.00000000,0.07914297
118.00000000,2094.00000000,0.07968818
118.00000000,2095.00000000,0.07998488
118.00000000,2096.00000000,0.08014010
118.00000000,2097.00000000,0.08071949
118.00000000,2098.00000000,0.08061025
118.00000000,2099.00000000,0.08028038
118.00000000,2100.00000000,0.08020474
118.00000000,2101.00000000,0.08018090
118.00000000,2102.00000000,0.08056204
118.00000000,2103.00000000,0.08089271
118.00000000,2104.00000000,0.08125050
118.00000000,2105.00000000,0.08156392
118.00000000,2106.00000000,0.08201814
118.00000000,2107.00000000,0.08229947
118.00000000,2108.00000000,0.08244046
118.00000000,2109.00000000,0.08265657
118.00000000,2110.00000000,0.08245217
118.00000000,2111.00000000,0.08249966
118.00000000,2112.00000000,0.08277669
118.00000000,2113.00000000,0.08308023
118.00000000,2114.00000000,0.08340209
118.00000000,2115.00000000,0.08366729
118.00000000,2116.00000000,0.08365110
118.00000000,2117.00000000,0.08366171
118.00000000,2118.00000000,0.08404942
118.00000000,2119.00000000,0.08442955
118.00000000,2120.00000000,0.08459461
118.00000000,2121.00000000,0.08533663
118.00000000,2122.00000000,0.08618007
118.00000000,2123.00000000,0.08685044
118.00000000,2124.00000000,0.08730355
118.00000000,2125.00000000,0.08775937
118.00000000,2126.00000000,0.08821795
118.00000000,2127.00000000,0.08867872
118.00000000,2128.00000000,0.08914172
118.00000000,2129.00000000,0.08974847
118.00000000,2130.00000000,0.09035750
118.00000000,2131.00000000,0.09096877
118.00000000,2132.00000000,0.09158219
118.00000000,2133.00000000,0.09219769
118.00000000,2134.00000000,0.09281522
118.00000000,2135.00000000,0.09343472
118.00000000,2136.00000000,0.09405605
118.00000000,2137.00000000,0.09467924
118.00000000,2138.00000000,0.09530417
118.00000000,2139.00000000,0.09586822
118.00000000,2140.00000000,0.09643392
118.00000000,2141.00000000,0.09700120
118.00000000,2142.00000000,0.09757010
118.00000000,2143.00000000,0.09814059
118.00000000,2144.00000000,0.09871262
118.00000000,2145.00000000,0.09928629
118.00000000,2146.00000000,0.09986155
118.00000000,2147.00000000,0.10043841
118.00000000,2148.00000000,0.10101696
118.00000000,2149.00000000,0.10172732
118.00000000,2150.00000000,0.10243937
118.00000000,2151.00000000,0.10315366
118.00000000,2152.00000000,0.10387169
118.00000000,2153.00000000,0.10459489
118.00000000,2154.00000000,0.10532414
118.00000000,2155.00000000,0.10605971
118.00000000,2156.00000000,0.10680176
118.00000000,2157.00000000,0.10755031
118.00000000,2158.00000000,0.10830525
118.00000000,2159.00000000,0.10916155
118.00000000,2160.00000000,0.11002417
118.00000000,2161.00000000,0.11089291
118.00000000,2162.00000000,0.11176770
118.00000000,2163.00000000,0.11264835
118.00000000,2164.00000000,0.11353468
118.00000000,2165.00000000,0.11442660
118.00000000,2166.00000000,0.11532388
118.00000000,2167.00000000,0.11622651
118.00000000,2168.00000000,0.11713427
118.00000000,2169.00000000,0.11804161
118.00000000,2170.00000000,0.11895386
118.00000000,2171.00000000,0.11987082
118.00000000,2172.00000000,0.12079236
118.00000000,2173.00000000,0.12171841
118.00000000,2174.00000000,0.12264879
118.00000000,2175.00000000,0.12358333
118.00000000,2176.00000000,0.12452199
118.00000000,2177.00000000,0.12546455
118.00000000,2178.00000000,0.12641083
118.00000000,2179.00000000,0.12715033
118.00000000,2180.00000000,0.12789282
118.00000000,2181.00000000,0.12863827
118.00000000,2182.00000000,0.12938656
118.00000000,2183.00000000,0.13013761
118.00000000,2184.00000000,0.13089139
118.00000000,2185.00000000,0.13164780
118.00000000,2186.00000000,0.13240670
118.00000000,2187.00000000,0.13316808
118.00000000,2188.00000000,0.13393178
118.00000000,2189.00000000,0.13450623
118.00000000,2190.00000000,0.13508239
118.00000000,2191.00000000,0.13566014
118.00000000,2192.00000000,0.13623955
118.00000000,2193.00000000,0.13682052
118.00000000,2194.00000000,0.13740300
118.00000000,2195.00000000,0.13798701
118.00000000,2196.00000000,0.13857248
118.00000000,2197.00000000,0.13915934
118.00000000,2198.00000000,0.13974761
118.00000000,2199.00000000,0.14022921
118.00000000,2200.00000000,0.14071178
118.00000000,2201.00000000,0.14119534
118.00000000,2202.00000000,0.14167984
118.00000000,2203.00000000,0.14216530
118.00000000,2204.00000000,0.14265170
118.00000000,2205.00000000,0.14313899
118.00000000,2206.00000000,0.14362721
118.00000000,2207.00000000,0.14411630
118.00000000,2208.00000000,0.14460619
118.00000000,2209.00000000,0.14498442
118.00000000,2210.00000000,0.14536313
118.00000000,2211.00000000,0.14574224
118.00000000,2212.00000000,0.14612188
118.00000000,2213.00000000,0.14650198
118.00000000,2214.00000000,0.14688251
118.00000000,2215.00000000,0.14726356
118.00000000,2216.00000000,0.14764503
118.00000000,2217.00000000,0.14802702
118.00000000,2218.00000000,0.14840946
118.00000000,2219.00000000,0.14870498
118.00000000,2220.00000000,0.14900075
118.00000000,2221.00000000,0.14929672
118.00000000,2222.00000000,0.14959279
118.00000000,2223.00000000,0.14988917
118.00000000,2224.00000000,0.15018572
118.00000000,2225.00000000,0.15048246
118.00000000,2226.00000000,0.15077946
118.00000000,2227.00000000,0.15107664
118.00000000,2228.00000000,0.15137411
118.00000000,2229.00000000,0.15167185
118.00000000,2230.00000000,0.15196973
118.00000000,2231.00000000,0.15226798
118.00000000,2232.00000000,0.15256643
118.00000000,2233.00000000,0.15286509
118.00000000,2234.00000000,0.15316407
118.00000000,2235.00000000,0.15346330
118.00000000,2236.00000000,0.15376275
118.00000000,2237.00000000,0.15406256
118.00000000,2238.00000000,0.15436260
118.00000000,2239.00000000,0.15466286
118.00000000,2240.00000000,0.15496345
118.00000000,2241.00000000,0.15526426
118.00000000,2242.00000000,0.15556542
118.00000000,2243.00000000,0.15586683
118.00000000,2244.00000000,0.15616845
118.00000000,2245.00000000,0.15647039
118.00000000,2246.00000000,0.15677264
118.00000000,2247.00000000,0.15707507
118.00000000,2248.00000000,0.15737782
118.00000000,2249.00000000,0.15768062
118.00000000,2250.00000000,0.15798239
118.00000000,2251.00000000,0.15828123
118.00000000,2252.00000000,0.15857507
118.00000000,2253.00000000,0.15886302
118.00000000,2254.00000000,0.15914455
118.00000000,2255.00000000,0.15941943
118.00000000,2256.00000000,0.15968774
118.00000000,2257.00000000,0.15994940
118.00000000,2258.00000000,0.16020438
118.00000000,2259.00000000,0.16045289
118.00000000,2260.00000000,0.16069494
118.00000000,2261.00000000,0.16093063
118.00000000,2262.00000000,0.16116032
118.00000000,2263.00000000,0.16138409
118.00000000,2264.00000000,0.16160219
118.00000000,2265.00000000,0.16181469
118.00000000,2266.00000000,0.16202160
118.00000000,2267.00000000,0.16222308
118.00000000,2268.00000000,0.16241907
118.00000000,2269.00000000,0.16198208
118.00000000,2270.00000000,0.16153860
118.00000000,2271.00000000,0.16108875
118.00000000,2272.00000000,0.16063267
118.00000000,2273.00000000,0.16017066
118.00000000,2274.00000000,0.15970280
118.00000000,2275.00000000,0.15922925
118.00000000,2276.00000000,0.15875022
118.00000000,2277.00000000,0.15826581
118.00000000,2278.00000000,0.15777628
118.00000000,2279.00000000,0.15728169
118.00000000,2280.00000000,0.15678216
118.00000000,2281.00000000,0.15627795
118.00000000,2282.00000000,0.15576909
118.00000000,2283.00000000,0.15525573
118.00000000,2284.00000000,0.15473802
118.00000000,2285.00000000,0.15421609
118.00000000,2286.00000000,0.15368997
118.00000000,2287.00000000,0.15315990
118.00000000,2288.00000000,0.15262588
118.00000000,2289.00000000,0.15208811
118.00000000,2290.00000000,0.15154667
118.00000000,2291.00000000,0.15100160
118.00000000,2292.00000000,0.15045310
118.00000000,2293.00000000,0.14990121
118.00000000,2294.00000000,0.14934599
118.00000000,2295.00000000,0.14878761
118.00000000,2296.00000000,0.14822613
118.00000000,2297.00000000,0.14766157
118.00000000,2298.00000000,0.14709413
118.00000000,2299.00000000,0.14652381
118.00000000,2300.00000000,0.14595069
118.00000000,2301.00000000,0.14537489
118.00000000,2302.00000000,0.14479642
118.00000000,2303.00000000,0.14421540
118.00000000,2304.00000000,0.14363189
118.00000000,2305.00000000,0.14304588
118.00000000,2306.00000000,0.14245755
118.00000000,2307.00000000,0.14186691
118.00000000,2308.00000000,0.14127398
118.00000000,2309.00000000,0.14067891
118.00000000,2310.00000000,0.14008173
118.00000000,2311.00000000,0.13948244
118.00000000,2312.00000000,0.13888120
118.00000000,2313.00000000,0.13827797
118.00000000,2314.00000000,0.13767290
118.00000000,2315.00000000,0.13706600
118.00000000,2316.00000000,0.13645728
118.00000000,2317.00000000,0.13584688
118.00000000,2318.00000000,0.13523480
118.00000000,2319.00000000,0.13462105
118.00000000,2320.00000000,0.13400577
118.00000000,2321.00000000,0.13338896
118.00000000,2322.00000000,0.13277061
118.00000000,2323.00000000,0.13215088
118.00000000,2324.00000000,0.13152975
118.00000000,2325.00000000,0.13090721
118.00000000,2326.00000000,0.13028342
118.00000000,2327.00000000,0.12965832
118.00000000,2328.00000000,0.12903202
118.00000000,2329.00000000,0.12840453
118.00000000,2330.00000000,0.12777585
118.00000000,2331.00000000,0.12714610
118.00000000,2332.00000000,0.12651527
118.00000000,2333.00000000,0.12588334
118.00000000,2334.00000000,0.12525046
118.00000000,2335.00000000,0.12461661
118.00000000,2336.00000000,0.12398179
118.00000000,2337.00000000,0.12334609
118.00000000,2338.00000000,0.12270948
118.00000000,2339.00000000,0.12207208
118.00000000,2340.00000000,0.12143386
118.00000000,2341.00000000,0.12079482
118.00000000,2342.00000000,0.12015507
118.00000000,2343.00000000,0.11951461
118.00000000,2344.00000000,0.11887342
118.00000000,2345.00000000,0.11823160
118.00000000,2346.00000000,0.11758915
118.00000000,2347.00000000,0.11694607
118.00000000,2348.00000000,0.11630243
118.00000000,2349.00000000,0.11565822
118.00000000,2350.00000000,0.11501351
118.00000000,2351.00000000,0.11436830
118.00000000,2352.00000000,0.11372259
118.00000000,2353.00000000,0.11307647
118.00000000,2354.00000000,0.11242994
118.00000000,2355.00000000,0.11178298
118.00000000,2356.00000000,0.11113569
118.00000000,2357.00000000,0.11048805
118.00000000,2358.00000000,0.10984006
118.00000000,2359.00000000,0.10919182
118.00000000,2360.00000000,0.10854330
118.00000000,2361.00000000,0.10789450
118.00000000,2362.00000000,0.10724550
118.00000000,2363.00000000,0.10659629
118.00000000,2364.00000000,0.10594694
118.00000000,2365.00000000,0.10529749
118.00000000,2366.00000000,0.10464795
118.00000000,2367.00000000,0.10413564
118.00000000,2368.00000000,0.10402726
118.00000000,2369.00000000,0.10402942
118.00000000,2370.00000000,0.10403182
118.00000000,2371.00000000,0.10403440
118.00000000,2372.00000000,0.10403715
118.00000000,2373.00000000,0.10404013
118.00000000,2374.00000000,0.10406056
118.00000000,2375.00000000,0.10408120
118.00000000,2376.00000000,0.10410203
118.00000000,2377.00000000,0.10412299
118.00000000,2378.00000000,0.10414414
118.00000000,2379.00000000,0.10413125
118.00000000,2380.00000000,0.10411845
118.00000000,2381.00000000,0.10410584
118.00000000,2382.00000000,0.10409336
118.00000000,2383.00000000,0.10408097
118.00000000,2384.00000000,0.10406876
118.00000000,2385.00000000,0.10405668
118.00000000,2386.00000000,0.10404467
118.00000000,2387.00000000,0.10403283
118.00000000,2388.00000000,0.10402106
118.00000000,2389.00000000,0.10400946
118.00000000,2390.00000000,0.10399796
118.00000000,2391.00000000,0.10398652
118.00000000,2392.00000000,0.10397524
118.00000000,2393.00000000,0.10396406
118.00000000,2394.00000000,0.10395145
118.00000000,2395.00000000,0.10393899
118.00000000,2396.00000000,0.10392663
118.00000000,2397.00000000,0.10391430
118.00000000,2398.00000000,0.10390212
118.00000000,2399.00000000,0.10388999
118.00000000,2400.00000000,0.10387798
118.00000000,2401.00000000,0.10386606
118.00000000,2402.00000000,0.10385417
118.00000000,2403.00000000,0.10384242
118.00000000,2404.00000000,0.10383076
118.00000000,2405.00000000,0.10381912
118.00000000,2406.00000000,0.10380761
118.00000000,2407.00000000,0.10379620
118.00000000,2408.00000000,0.10378480
118.00000000,2409.00000000,0.10377354
118.00000000,2410.00000000,0.10376229
118.00000000,2411.00000000,0.10375117
118.00000000,2412.00000000,0.10374011
118.00000000,2413.00000000,0.10372908
118.00000000,2414.00000000,0.10371816
118.00000000,2415.00000000,0.10370730
118.00000000,2416.00000000,0.10369647
118.00000000,2417.00000000,0.10368575
118.00000000,2418.00000000,0.10367508
118.00000000,2419.00000000,0.10366771
118.00000000,2420.00000000,0.10366046
118.00000000,2421.00000000,0.10365326
118.00000000,2422.00000000,0.10364608
118.00000000,2423.00000000,0.10363898
118.00000000,2424.00000000,0.10363190
118.00000000,2425.00000000,0.10362492
118.00000000,2426.00000000,0.10361800
118.00000000,2427.00000000,0.10361106
118.00000000,2428.00000000,0.10360423
118.00000000,2429.00000000,0.10359745
118.00000000,2430.00000000,0.10359065
118.00000000,2431.00000000,0.10358395
118.00000000,2432.00000000,0.10357730
118.00000000,2433.00000000,0.10357063
118.00000000,2434.00000000,0.10356406
118.00000000,2435.00000000,0.10355748
118.00000000,2436.00000000,0.10355099
118.00000000,2437.00000000,0.10354453
118.00000000,2438.00000000,0.10353806
118.00000000,2439.00000000,0.10353168
118.00000000,2440.00000000,0.10352533
118.00000000,2441.00000000,0.10351896
118.00000000,2442.00000000,0.10351267
118.00000000,2443.00000000,0.10350643
118.00000000,2444.00000000,0.10350015
118.00000000,2445.00000000,0.10349396
118.00000000,2446.00000000,0.10348780
118.00000000,2447.00000000,0.10348161
118.00000000,2448.00000000,0.10347550
118.00000000,2449.00000000,0.10346936
118.00000000,2450.00000000,0.10346331
118.00000000,2451.00000000,0.10345728
118.00000000,2452.00000000,0.10345121
118.00000000,2453.00000000,0.10344523
118.00000000,2454.00000000,0.10343926
118.00000000,2455.00000000,0.10343324
118.00000000,2456.00000000,0.10342731
118.00000000,2457.00000000,0.10342139
118.00000000,2458.00000000,0.10341543
118.00000000,2459.00000000,0.10340954
118.00000000,2460.00000000,0.10340360
118.00000000,2461.00000000,0.10339774
118.00000000,2462.00000000,0.10339190
118.00000000,2463.00000000,0.10338601
118.00000000,2464.00000000,0.10338018
118.00000000,2465.00000000,0.10337437
118.00000000,2466.00000000,0.10336851
118.00000000,2467.00000000,0.10336272
118.00000000,2468.00000000,0.10335694
118.00000000,2469.00000000,0.10335018
118.00000000,2470.00000000,0.10334347
118.00000000,2471.00000000,0.10333679
118.00000000,2472.00000000,0.10333005
118.00000000,2473.00000000,0.10332338
118.00000000,2474.00000000,0.10331665
118.00000000,2475.00000000,0.10330999
118.00000000,2476.00000000,0.10330335
118.00000000,2477.00000000,0.10329664
118.00000000,2478.00000000,0.10329001
118.00000000,2479.00000000,0.10328337
118.00000000,2480.00000000,0.10327669
118.00000000,2481.00000000,0.10327007
118.00000000,2482.00000000,0.10326346
118.00000000,2483.00000000,0.10325678
118.00000000,2484.00000000,0.10325018
118.00000000,2485.00000000,0.10324351
118.00000000,2486.00000000,0.10323692
118.00000000,2487.00000000,0.10323032
118.00000000,2488.00000000,0.10322367
118.00000000,2489.00000000,0.10321709
118.00000000,2490.00000000,0.10321050
118.00000000,2491.00000000,0.10320385
118.00000000,2492.00000000,0.10319728
118.00000000,2493.00000000,0.10319070
118.00000000,2494.00000000,0.10318406
118.00000000,2495.00000000,0.10317750
118.00000000,2496.00000000,0.10317086
118.00000000,2497.00000000,0.10316429
118.00000000,2498.00000000,0.10315772
118.00000000,2499.00000000,0.10315108
118.00000000,2500.00000000,0.10314452
119.00000000,1765.00000000,0.07432821
119.00000000,1766.00000000,0.07432819
119.00000000,1767.00000000,0.07432823
119.00000000,1768.00000000,0.07432850
119.00000000,1769.00000000,0.07432870
119.00000000,1770.00000000,0.07432921
119.00000000,1771.00000000,0.07432954
119.00000000,1772.00000000,0.07433013
119.00000000,1773.00000000,0.07433095
119.00000000,1774.00000000,0.07433206
119.00000000,1775.00000000,0.07433309
119.00000000,1776.00000000,0.07433433
119.00000000,1777.00000000,0.07433571
119.00000000,1778.00000000,0.07433722
119.00000000,1779.00000000,0.07433888
119.00000000,1780.00000000,0.07434077
119.00000000,1781.00000000,0.07434251
119.00000000,1782.00000000,0.07434459
119.00000000,1783.00000000,0.07434673
119.00000000,1784.00000000,0.07434894
119.00000000,1785.00000000,0.07435126
119.00000000,1786.00000000,0.07435373
119.00000000,1787.00000000,0.07435634
119.00000000,1788.00000000,0.07435894
119.00000000,1789.00000000,0.07436165
119.00000000,1790.00000000,0.07436433
119.00000000,1791.00000000,0.07436727
119.00000000,1792.00000000,0.07437018
119.00000000,1793.00000000,0.07437326
119.00000000,1794.00000000,0.07437634
119.00000000,1795.00000000,0.07437954
119.00000000,1796.00000000,0.07438267
119.00000000,1797.00000000,0.07438591
119.00000000,1798.00000000,0.07438932
119.00000000,1799.00000000,0.07439265
119.00000000,1800.00000000,0.07439601
119.00000000,1801.00000000,0.07439943
119.00000000,1802.00000000,0.07440298
119.00000000,1803.00000000,0.07440645
119.00000000,1804.00000000,0.07440998
119.00000000,1805.00000000,0.07441354
119.00000000,1806.00000000,0.07441722
119.00000000,1807.00000000,0.07442085
119.00000000,1808.00000000,0.07442449
119.00000000,1809.00000000,0.07442821
119.00000000,1810.00000000,0.07443193
119.00000000,1811.00000000,0.07443567
119.00000000,1812.00000000,0.07443940
119.00000000,1813.00000000,0.07444319
119.00000000,1814.00000000,0.07444701
119.00000000,1815.00000000,0.07445082
119.00000000,1816.00000000,0.07445464
119.00000000,1817.00000000,0.07445848
119.00000000,1818.00000000,0.07446227
119.00000000,1819.00000000,0.07446608
119.00000000,1820.00000000,0.07447001
119.00000000,1821.00000000,0.07447384
119.00000000,1822.00000000,0.07447764
119.00000000,1823.00000000,0.07448163
119.00000000,1824.00000000,0.07448537
119.00000000,1825.00000000,0.07448925
119.00000000,1826.00000000,0.07449316
119.00000000,1827.00000000,0.07449704
119.00000000,1828.00000000,0.07450074
119.00000000,1829.00000000,0.07450466
119.00000000,1830.00000000,0.07450846
119.00000000,1831.00000000,0.07451228
119.00000000,1832.00000000,0.07451612
119.00000000,1833.00000000,0.07451983
119.00000000,1834.00000000,0.07452357
119.00000000,1835.00000000,0.07452732
119.00000000,1836.00000000,0.07453109
119.00000000,1837.00000000,0.07453474
119.00000000,1838.00000000,0.07453843
119.00000000,1839.00000000,0.07454214
119.00000000,1840.00000000,0.07454579
119.00000000,1841.00000000,0.07454945
119.00000000,1842.00000000,0.07455303
119.00000000,1843.00000000,0.07455662
119.00000000,1844.00000000,0.07456017
119.00000000,1845.00000000,0.07456373
119.00000000,1846.00000000,0.07456723
119.00000000,1847.00000000,0.07457073
119.00000000,1848.00000000,0.07457416
119.00000000,1849.00000000,0.07457761
119.00000000,1850.00000000,0.07458101
119.00000000,1851.00000000,0.07458435
119.00000000,1852.00000000,0.07458766
119.00000000,1853.00000000,0.07459126
119.00000000,1854.00000000,0.07459507
119.00000000,1855.00000000,0.07459887
119.00000000,1856.00000000,0.07460246
119.00000000,1857.00000000,0.07460606
119.00000000,1858.00000000,0.07460959
119.00000000,1859.00000000,0.07461299
119.00000000,1860.00000000,0.07461642
119.00000000,1861.00000000,0.07461972
119.00000000,1862.00000000,0.07462292
119.00000000,1863.00000000,0.07462547
119.00000000,1864.00000000,0.07462749
119.00000000,1865.00000000,0.07462916
119.00000000,1866.00000000,0.07463048
119.00000000,1867.00000000,0.07463155
119.00000000,1868.00000000,0.07463236
119.00000000,1869.00000000,0.07463292
119.00000000,1870.00000000,0.07463326
119.00000000,1871.00000000,0.07463350
119.00000000,1872.00000000,0.07463388
119.00000000,1873.00000000,0.07463498
119.00000000,1874.00000000,0.07463660
119.00000000,1875.00000000,0.07463860
119.00000000,1876.00000000,0.07464093
119.00000000,1877.00000000,0.07464346
119.00000000,1878.00000000,0.07464622
119.00000000,1879.00000000,0.07464917
119.00000000,1880.00000000,0.07465224
119.00000000,1881.00000000,0.07465540
119.00000000,1882.00000000,0.07465865
119.00000000,1883.00000000,0.07466152
119.00000000,1884.00000000,0.07466411
119.00000000,1885.00000000,0.07467339
119.00000000,1886.00000000,0.07467576
119.00000000,1887.00000000,0.07467810
119.00000000,1888.00000000,0.07468031
119.00000000,1889.00000000,0.07468237
119.00000000,1890.00000000,0.07468654
119.00000000,1891.00000000,0.07468815
119.00000000,1892.00000000,0.07468955
119.00000000,1893.00000000,0.07469089
119.00000000,1894.00000000,0.07469231
119.00000000,1895.00000000,0.07469394
119.00000000,1896.00000000,0.07469565
119.00000000,1897.00000000,0.07469736
119.00000000,1898.00000000,0.07469905
119.00000000,1899.00000000,0.07470060
119.00000000,1900.00000000,0.07470425
119.00000000,1901.00000000,0.07470539
119.00000000,1902.00000000,0.07470674
119.00000000,1903.00000000,0.07470822
119.00000000,1904.00000000,0.07470984
119.00000000,1905.00000000,0.07471176
119.00000000,1906.00000000,0.07471393
119.00000000,1907.00000000,0.07471630
119.00000000,1908.00000000,0.07471865
119.00000000,1909.00000000,0.07472095
119.00000000,1910.00000000,0.07472567
119.00000000,1911.00000000,0.07472796
119.00000000,1912.00000000,0.07472966
119.00000000,1913.00000000,0.07473054
119.00000000,1914.00000000,0.07473054
119.00000000,1915.00000000,0.07473010
119.00000000,1916.00000000,0.07473200
119.00000000,1917.00000000,0.07473158
119.00000000,1918.00000000,0.07473099
119.00000000,1919.00000000,0.07473280
119.00000000,1920.00000000,0.07473290
119.00000000,1921.00000000,0.07473824
119.00000000,1922.00000000,0.07473763
119.00000000,1923.00000000,0.07474001
119.00000000,1924.00000000,0.07474254
119.00000000,1925.00000000,0.07474727
119.00000000,1926.00000000,0.07474957
119.00000000,1927.00000000,0.07475196
119.00000000,1928.00000000,0.07475448
119.00000000,1929.00000000,0.07475695
119.00000000,1930.00000000,0.07476194
119.00000000,1931.00000000,0.07476566
119.00000000,1932.00000000,0.07477066
119.00000000,1933.00000000,0.07477639
119.00000000,1934.00000000,0.07478498
119.00000000,1935.00000000,0.07479353
119.00000000,1936.00000000,0.07480162
119.00000000,1937.00000000,0.07480649
119.00000000,1938.00000000,0.07481016
119.00000000,1939.00000000,0.07481298
119.00000000,1940.00000000,0.07481512
119.00000000,1941.00000000,0.07481867
119.00000000,1942.00000000,0.07482113
119.00000000,1943.00000000,0.07482061
119.00000000,1944.00000000,0.07482198
119.00000000,1945.00000000,0.07482104
119.00000000,1946.00000000,0.07482332
119.00000000,1947.00000000,0.07482496
119.00000000,1948.00000000,0.07482742
119.00000000,1949.00000000,0.07484379
119.00000000,1950.00000000,0.07484396
119.00000000,1951.00000000,0.07484631
119.00000000,1952.00000000,0.07485168
119.00000000,1953.00000000,0.07485499
119.00000000,1954.00000000,0.07486056
119.00000000,1955.00000000,0.07487339
119.00000000,1956.00000000,0.07487708
119.00000000,1957.00000000,0.07488277
119.00000000,1958.00000000,0.07488802
119.00000000,1959.00000000,0.07489508
119.00000000,1960.00000000,0.07489799
119.00000000,1961.00000000,0.07490158
119.00000000,1962.00000000,0.07490202
119.00000000,1963.00000000,0.07490392
119.00000000,1964.00000000,0.07490942
119.00000000,1965.00000000,0.07490437
119.00000000,1966.00000000,0.07490491
119.00000000,1967.00000000,0.07489961
119.00000000,1968.00000000,0.07489745
119.00000000,1969.00000000,0.07489552
119.00000000,1970.00000000,0.07488200
119.00000000,1971.00000000,0.07487225
119.00000000,1972.00000000,0.07485618
119.00000000,1973.00000000,0.07485497
119.00000000,1974.00000000,0.07483246
119.00000000,1975.00000000,0.07481511
119.00000000,1976.00000000,0.07478805
119.00000000,1977.00000000,0.07476112
119.00000000,1978.00000000,0.07474319
119.00000000,1979.00000000,0.07473173
119.00000000,1980.00000000,0.07471037
119.00000000,1981.00000000,0.07468421
119.00000000,1982.00000000,0.07467139
119.00000000,1983.00000000,0.07466501
119.00000000,1984.00000000,0.07466050
119.00000000,1985.00000000,0.07465003
119.00000000,1986.00000000,0.07465342
119.00000000,1987.00000000,0.07465051
119.00000000,1988.00000000,0.07465259
119.00000000,1989.00000000,0.07465006
119.00000000,1990.00000000,0.07465643
119.00000000,1991.00000000,0.07468115
119.00000000,1992.00000000,0.07469283
119.00000000,1993.00000000,0.07465716
119.00000000,1994.00000000,0.07467746
119.00000000,1995.00000000,0.07467351
119.00000000,1996.00000000,0.07466985
119.00000000,1997.00000000,0.07466227
119.00000000,1998.00000000,0.07468255
119.00000000,1999.00000000,0.07473017
119.00000000,2000.00000000,0.07473471
119.00000000,2001.00000000,0.07475266
119.00000000,2002.00000000,0.07477703
119.00000000,2003.00000000,0.07477195
119.00000000,2004.00000000,0.07476356
119.00000000,2005.00000000,0.07475726
119.00000000,2006.00000000,0.07477001
119.00000000,2007.00000000,0.07481994
119.00000000,2008.00000000,0.07479391
119.00000000,2009.00000000,0.07483075
119.00000000,2010.00000000,0.07483548
119.00000000,2011.00000000,0.07480605
119.00000000,2012.00000000,0.07476074
119.00000000,2013.00000000,0.07475163
119.00000000,2014.00000000,0.07476278
119.00000000,2015.00000000,0.07474896
119.00000000,2016.00000000,0.07475099
119.00000000,2017.00000000,0.07475991
119.00000000,2018.00000000,0.07480513
119.00000000,2019.00000000,0.07481465
119.00000000,2020.00000000,0.07480208
119.00000000,2021.00000000,0.07477894
119.00000000,2022.00000000,0.07483750
119.00000000,2023.00000000,0.07479589
119.00000000,2024.00000000,0.07482504
119.00000000,2025.00000000,0.07486432
119.00000000,2026.00000000,0.07497630
119.00000000,2027.00000000,0.07483900
119.00000000,2028.00000000,0.07485500
119.00000000,2029.00000000,0.07486774
119.00000000,2030.00000000,0.07484166
119.00000000,2031.00000000,0.07487253
119.00000000,2032.00000000,0.07494889
119.00000000,2033.00000000,0.07467526
119.00000000,2034.00000000,0.07458043
119.00000000,2035.00000000,0.07465067
119.00000000,2036.00000000,0.07469948
119.00000000,2037.00000000,0.07458544
119.00000000,2038.00000000,0.07422536
119.00000000,2039.00000000,0.07442915
119.00000000,2040.00000000,0.07407005
119.00000000,2041.00000000,0.07408682
119.00000000,2042.00000000,0.07428473
119.00000000,2043.00000000,0.07419136
119.00000000,2044.00000000,0.07413839
119.00000000,2045.00000000,0.07407526
119.00000000,2046.00000000,0.07416588
119.00000000,2047.00000000,0.07408894
119.00000000,2048.00000000,0.07417819
119.00000000,2049.00000000,0.07389152
119.00000000,2050.00000000,0.07355830
119.00000000,2051.00000000,0.07326790
119.00000000,2052.00000000,0.07327829
119.00000000,2053.00000000,0.07336154
119.00000000,2054.00000000,0.07338792
119.00000000,2055.00000000,0.07351941
119.00000000,2056.00000000,0.07359834
119.00000000,2057.00000000,0.07336295
119.00000000,2058.00000000,0.07337884
119.00000000,2059.00000000,0.07351648
119.00000000,2060.00000000,0.07349962
119.00000000,2061.00000000,0.07342512
119.00000000,2062.00000000,0.07343862
119.00000000,2063.00000000,0.07333187
119.00000000,2064.00000000,0.07277031
119.00000000,2065.00000000,0.07285101
119.00000000,2066.00000000,0.07309495
119.00000000,2067.00000000,0.07317792
119.00000000,2068.00000000,0.07299506
119.00000000,2069.00000000,0.07336555
119.00000000,2070.00000000,0.07358391
119.00000000,2071.00000000,0.07357289
119.00000000,2072.00000000,0.07360008
119.00000000,2073.00000000,0.07358614
119.00000000,2074.00000000,0.07389772
119.00000000,2075.00000000,0.07412194
119.00000000,2076.00000000,0.07425896
119.00000000,2077.00000000,0.07433192
119.00000000,2078.00000000,0.07455732
119.00000000,2079.00000000,0.07474966
119.00000000,2080.00000000,0.07474107
119.00000000,2081.00000000,0.07491988
119.00000000,2082.00000000,0.07518834
119.00000000,2083.00000000,0.07548431
119.00000000,2084.00000000,0.07573542
119.00000000,2085.00000000,0.07603667
119.00000000,2086.00000000,0.07622915
119.00000000,2087.00000000,0.07657029
119.00000000,2088.00000000,0.07698563
119.00000000,2089.00000000,0.07753424
119.00000000,2090.00000000,0.07783608
119.00000000,2091.00000000,0.07816643
119.00000000,2092.00000000,0.07863790
119.00000000,2093.00000000,0.07864708
119.00000000,2094.00000000,0.07858147
119.00000000,2095.00000000,0.07912483
119.00000000,2096.00000000,0.07942137
119.00000000,2097.00000000,0.07957739
119.00000000,2098.00000000,0.08015457
119.00000000,2099.00000000,0.08004779
119.00000000,2100.00000000,0.07972180
119.00000000,2101.00000000,0.07964827
119.00000000,2102.00000000,0.07962636
119.00000000,2103.00000000,0.08000682
119.00000000,2104.00000000,0.08033723
119.00000000,2105.00000000,0.08069458
119.00000000,2106.00000000,0.08100783
119.00000000,2107.00000000,0.08146088
119.00000000,2108.00000000,0.08174213
119.00000000,2109.00000000,0.08188392
119.00000000,2110.00000000,0.08210023
119.00000000,2111.00000000,0.08189876
119.00000000,2112.00000000,0.08194743
119.00000000,2113.00000000,0.08222405
119.00000000,2114.00000000,0.08252694
119.00000000,2115.00000000,0.08284798
119.00000000,2116.00000000,0.08311268
119.00000000,2117.00000000,0.08309776
119.00000000,2118.00000000,0.08310942
119.00000000,2119.00000000,0.08349568
119.00000000,2120.00000000,0.08387436
119.00000000,2121.00000000,0.08403933
119.00000000,2122.00000000,0.08477749
119.00000000,2123.00000000,0.08561640
119.00000000,2124.00000000,0.08628332
119.00000000,2125.00000000,0.08673436
119.00000000,2126.00000000,0.08718808
119.00000000,2127.00000000,0.08764453
119.00000000,2128.00000000,0.08810315
119.00000000,2129.00000000,0.08856396
119.00000000,2130.00000000,0.08916761
119.00000000,2131.00000000,0.08977347
119.00000000,2132.00000000,0.09038156
119.00000000,2133.00000000,0.09099177
119.00000000,2134.00000000,0.09160404
119.00000000,2135.00000000,0.09221831
119.00000000,2136.00000000,0.09283452
119.00000000,2137.00000000,0.09345254
119.00000000,2138.00000000,0.09407240
119.00000000,2139.00000000,0.09469398
119.00000000,2140.00000000,0.09525504
119.00000000,2141.00000000,0.09581774
119.00000000,2142.00000000,0.09638201
119.00000000,2143.00000000,0.09694787
119.00000000,2144.00000000,0.09751531
119.00000000,2145.00000000,0.09808428
119.00000000,2146.00000000,0.09865484
119.00000000,2147.00000000,0.09922700
119.00000000,2148.00000000,0.09980074
119.00000000,2149.00000000,0.10037615
119.00000000,2150.00000000,0.10108255
119.00000000,2151.00000000,0.10179118
119.00000000,2152.00000000,0.10250358
119.00000000,2153.00000000,0.10322119
119.00000000,2154.00000000,0.10394476
119.00000000,2155.00000000,0.10467467
119.00000000,2156.00000000,0.10541097
119.00000000,2157.00000000,0.10615376
119.00000000,2158.00000000,0.10690295
119.00000000,2159.00000000,0.10765841
119.00000000,2160.00000000,0.10851452
119.00000000,2161.00000000,0.10937681
119.00000000,2162.00000000,0.11024509
119.00000000,2163.00000000,0.11111929
119.00000000,2164.00000000,0.11199921
119.00000000,2165.00000000,0.11288470
119.00000000,2166.00000000,0.11377567
119.00000000,2167.00000000,0.11467190
119.00000000,2168.00000000,0.11557334
119.00000000,2169.00000000,0.11647983
119.00000000,2170.00000000,0.11738580
119.00000000,2171.00000000,0.11829662
119.00000000,2172.00000000,0.11921209
119.00000000,2173.00000000,0.12013202
119.00000000,2174.00000000,0.12105639
119.00000000,2175.00000000,0.12198503
119.00000000,2176.00000000,0.12291777
119.00000000,2177.00000000,0.12385455
119.00000000,2178.00000000,0.12479519
119.00000000,2179.00000000,0.12573949
119.00000000,2180.00000000,0.12647805
119.00000000,2181.00000000,0.12721954
119.00000000,2182.00000000,0.12796395
119.00000000,2183.00000000,0.12871116
119.00000000,2184.00000000,0.12946107
119.00000000,2185.00000000,0.13021367
119.00000000,2186.00000000,0.13096885
119.00000000,2187.00000000,0.13172650
119.00000000,2188.00000000,0.13248658
119.00000000,2189.00000000,0.13324897
119.00000000,2190.00000000,0.13382302
119.00000000,2191.00000000,0.13439877
119.00000000,2192.00000000,0.13497606
119.00000000,2193.00000000,0.13555498
119.00000000,2194.00000000,0.13613545
119.00000000,2195.00000000,0.13671739
119.00000000,2196.00000000,0.13730085
119.00000000,2197.00000000,0.13788575
119.00000000,2198.00000000,0.13847202
119.00000000,2199.00000000,0.13905968
119.00000000,2200.00000000,0.13954118
119.00000000,2201.00000000,0.14002363
119.00000000,2202.00000000,0.14050706
119.00000000,2203.00000000,0.14099140
119.00000000,2204.00000000,0.14147672
119.00000000,2205.00000000,0.14196296
119.00000000,2206.00000000,0.14245006
119.00000000,2207.00000000,0.14293811
119.00000000,2208.00000000,0.14342700
119.00000000,2209.00000000,0.14391667
119.00000000,2210.00000000,0.14429523
119.00000000,2211.00000000,0.14467422
119.00000000,2212.00000000,0.14505365
119.00000000,2213.00000000,0.14543357
119.00000000,2214.00000000,0.14581397
119.00000000,2215.00000000,0.14619479
119.00000000,2216.00000000,0.14657613
119.00000000,2217.00000000,0.14695788
119.00000000,2218.00000000,0.14734017
119.00000000,2219.00000000,0.14772290
119.00000000,2220.00000000,0.14801910
119.00000000,2221.00000000,0.14831554
119.00000000,2222.00000000,0.14861216
119.00000000,2223.00000000,0.14890893
119.00000000,2224.00000000,0.14920596
119.00000000,2225.00000000,0.14950319
119.00000000,2226.00000000,0.14980060
119.00000000,2227.00000000,0.15009830
119.00000000,2228.00000000,0.15039617
119.00000000,2229.00000000,0.15069432
119.00000000,2230.00000000,0.15099271
119.00000000,2231.00000000,0.15129132
119.00000000,2232.00000000,0.15159021
119.00000000,2233.00000000,0.15188939
119.00000000,2234.00000000,0.15218874
119.00000000,2235.00000000,0.15248842
119.00000000,2236.00000000,0.15278835
119.00000000,2237.00000000,0.15308851
119.00000000,2238.00000000,0.15338900
119.00000000,2239.00000000,0.15368979
119.00000000,2240.00000000,0.15399077
119.00000000,2241.00000000,0.15429209
119.00000000,2242.00000000,0.15459364
119.00000000,2243.00000000,0.15489550
119.00000000,2244.00000000,0.15519767
119.00000000,2245.00000000,0.15550004
119.00000000,2246.00000000,0.15580275
119.00000000,2247.00000000,0.15610573
119.00000000,2248.00000000,0.15640893
119.00000000,2249.00000000,0.15671230
119.00000000,2250.00000000,0.15701468
119.00000000,2251.00000000,0.15731401
119.00000000,2252.00000000,0.15760855
119.00000000,2253.00000000,0.15789710
119.00000000,2254.00000000,0.15817938
119.00000000,2255.00000000,0.15845511
119.00000000,2256.00000000,0.15872419
119.00000000,2257.00000000,0.15898677
119.00000000,2258.00000000,0.15924277
119.00000000,2259.00000000,0.15949223
119.00000000,2260.00000000,0.15973537
119.00000000,2261.00000000,0.15997227
119.00000000,2262.00000000,0.16020309
119.00000000,2263.00000000,0.16042817
119.00000000,2264.00000000,0.16064754
119.00000000,2265.00000000,0.16086144
119.00000000,2266.00000000,0.16106987
119.00000000,2267.00000000,0.16127286
119.00000000,2268.00000000,0.16147058
119.00000000,2269.00000000,0.16166291
119.00000000,2270.00000000,0.16122531
119.00000000,2271.00000000,0.16078137
119.00000000,2272.00000000,0.16033120
119.00000000,2273.00000000,0.15987494
119.00000000,2274.00000000,0.15941288
119.00000000,2275.00000000,0.15894509
119.00000000,2276.00000000,0.15847174
119.00000000,2277.00000000,0.15799304
119.00000000,2278.00000000,0.15750908
119.00000000,2279.00000000,0.15702011
119.00000000,2280.00000000,0.15652618
119.00000000,2281.00000000,0.15602743
119.00000000,2282.00000000,0.15552408
119.00000000,2283.00000000,0.15501619
119.00000000,2284.00000000,0.15450387
119.00000000,2285.00000000,0.15398731
119.00000000,2286.00000000,0.15346660
119.00000000,2287.00000000,0.15294179
119.00000000,2288.00000000,0.15241311
119.00000000,2289.00000000,0.15188055
119.00000000,2290.00000000,0.15134432
119.00000000,2291.00000000,0.15080449
119.00000000,2292.00000000,0.15026109
119.00000000,2293.00000000,0.14971434
119.00000000,2294.00000000,0.14916424
119.00000000,2295.00000000,0.14861090
119.00000000,2296.00000000,0.14805443
119.00000000,2297.00000000,0.14749493
119.00000000,2298.00000000,0.14693241
119.00000000,2299.00000000,0.14636705
119.00000000,2300.00000000,0.14579888
119.00000000,2301.00000000,0.14522793
119.00000000,2302.00000000,0.14465434
119.00000000,2303.00000000,0.14407813
119.00000000,2304.00000000,0.14349940
119.00000000,2305.00000000,0.14291822
119.00000000,2306.00000000,0.14233458
119.00000000,2307.00000000,0.14174865
119.00000000,2308.00000000,0.14116046
119.00000000,2309.00000000,0.14057001
119.00000000,2310.00000000,0.13997746
119.00000000,2311.00000000,0.13938283
119.00000000,2312.00000000,0.13878612
119.00000000,2313.00000000,0.13818750
119.00000000,2314.00000000,0.13758691
119.00000000,2315.00000000,0.13698452
119.00000000,2316.00000000,0.13638032
119.00000000,2317.00000000,0.13577433
119.00000000,2318.00000000,0.13516668
119.00000000,2319.00000000,0.13455738
119.00000000,2320.00000000,0.13394643
119.00000000,2321.00000000,0.13333397
119.00000000,2322.00000000,0.13272001
119.00000000,2323.00000000,0.13210453
119.00000000,2324.00000000,0.13148768
119.00000000,2325.00000000,0.13086945
119.00000000,2326.00000000,0.13024986
119.00000000,2327.00000000,0.12962900
119.00000000,2328.00000000,0.12900684
119.00000000,2329.00000000,0.12838352
119.00000000,2330.00000000,0.12775902
119.00000000,2331.00000000,0.12713334
119.00000000,2332.00000000,0.12650660
119.00000000,2333.00000000,0.12587880
119.00000000,2334.00000000,0.12524994
119.00000000,2335.00000000,0.12462011
119.00000000,2336.00000000,0.12398933
119.00000000,2337.00000000,0.12335757
119.00000000,2338.00000000,0.12272497
119.00000000,2339.00000000,0.12209146
119.00000000,2340.00000000,0.12145715
119.00000000,2341.00000000,0.12082205
119.00000000,2342.00000000,0.12018614
119.00000000,2343.00000000,0.11954953
119.00000000,2344.00000000,0.11891220
119.00000000,2345.00000000,0.11827416
119.00000000,2346.00000000,0.11763550
119.00000000,2347.00000000,0.11699621
119.00000000,2348.00000000,0.11635629
119.00000000,2349.00000000,0.11571583
119.00000000,2350.00000000,0.11507477
119.00000000,2351.00000000,0.11443326
119.00000000,2352.00000000,0.11379125
119.00000000,2353.00000000,0.11314872
119.00000000,2354.00000000,0.11250582
119.00000000,2355.00000000,0.11186248
119.00000000,2356.00000000,0.11121873
119.00000000,2357.00000000,0.11057465
119.00000000,2358.00000000,0.10993023
119.00000000,2359.00000000,0.10928546
119.00000000,2360.00000000,0.10864042
119.00000000,2361.00000000,0.10799513
119.00000000,2362.00000000,0.10734955
119.00000000,2363.00000000,0.10670378
119.00000000,2364.00000000,0.10605778
119.00000000,2365.00000000,0.10541166
119.00000000,2366.00000000,0.10476544
119.00000000,2367.00000000,0.10411912
119.00000000,2368.00000000,0.10360935
119.00000000,2369.00000000,0.10350148
119.00000000,2370.00000000,0.10350359
119.00000000,2371.00000000,0.10350595
119.00000000,2372.00000000,0.10350849
119.00000000,2373.00000000,0.10351119
119.00000000,2374.00000000,0.10351413
119.00000000,2375.00000000,0.10353442
119.00000000,2376.00000000,0.10355492
119.00000000,2377.00000000,0.10357562
119.00000000,2378.00000000,0.10359643
119.00000000,2379.00000000,0.10361745
119.00000000,2380.00000000,0.10360458
119.00000000,2381.00000000,0.10359181
119.00000000,2382.00000000,0.10357923
119.00000000,2383.00000000,0.10356679
119.00000000,2384.00000000,0.10355443
119.00000000,2385.00000000,0.10354223
119.00000000,2386.00000000,0.10353017
119.00000000,2387.00000000,0.10351818
119.00000000,2388.00000000,0.10350637
119.00000000,2389.00000000,0.10349462
119.00000000,2390.00000000,0.10348303
119.00000000,2391.00000000,0.10347155
119.00000000,2392.00000000,0.10346014
119.00000000,2393.00000000,0.10344887
119.00000000,2394.00000000,0.10343771
119.00000000,2395.00000000,0.10342514
119.00000000,2396.00000000,0.10341270
119.00000000,2397.00000000,0.10340034
119.00000000,2398.00000000,0.10338805
119.00000000,2399.00000000,0.10337589
119.00000000,2400.00000000,0.10336377
119.00000000,2401.00000000,0.10335178
119.00000000,2402.00000000,0.10333989
119.00000000,2403.00000000,0.10332803
119.00000000,2404.00000000,0.10331630
119.00000000,2405.00000000,0.10330465
119.00000000,2406.00000000,0.10329305
119.00000000,2407.00000000,0.10328157
119.00000000,2408.00000000,0.10327017
119.00000000,2409.00000000,0.10325880
119.00000000,2410.00000000,0.10324755
119.00000000,2411.00000000,0.10323633
119.00000000,2412.00000000,0.10322522
119.00000000,2413.00000000,0.10321419
119.00000000,2414.00000000,0.10320318
119.00000000,2415.00000000,0.10319227
119.00000000,2416.00000000,0.10318143
119.00000000,2417.00000000,0.10317061
119.00000000,2418.00000000,0.10315991
119.00000000,2419.00000000,0.10314925
119.00000000,2420.00000000,0.10314189
119.00000000,2421.00000000,0.10313463
119.00000000,2422.00000000,0.10312744
119.00000000,2423.00000000,0.10312024
119.00000000,2424.00000000,0.10311314
119.00000000,2425.00000000,0.10310606
119.00000000,2426.00000000,0.10309907
119.00000000,2427.00000000,0.10309214
119.00000000,2428.00000000,0.10308520
119.00000000,2429.00000000,0.10307836
119.00000000,2430.00000000,0.10307157
119.00000000,2431.00000000,0.10306476
119.00000000,2432.00000000,0.10305806
119.00000000,2433.00000000,0.10305140
119.00000000,2434.00000000,0.10304473
119.00000000,2435.00000000,0.10303815
119.00000000,2436.00000000,0.10303155
119.00000000,2437.00000000,0.10302504
119.00000000,2438.00000000,0.10301859
119.00000000,2439.00000000,0.10301210
119.00000000,2440.00000000,0.10300571
119.00000000,2441.00000000,0.10299935
119.00000000,2442.00000000,0.10299297
119.00000000,2443.00000000,0.10298667
119.00000000,2444.00000000,0.10298040
119.00000000,2445.00000000,0.10297411
119.00000000,2446.00000000,0.10296792
119.00000000,2447.00000000,0.10296174
119.00000000,2448.00000000,0.10295554
119.00000000,2449.00000000,0.10294942
119.00000000,2450.00000000,0.10294326
119.00000000,2451.00000000,0.10293720
119.00000000,2452.00000000,0.10293115
119.00000000,2453.00000000,0.10292506
119.00000000,2454.00000000,0.10291906
119.00000000,2455.00000000,0.10291307
119.00000000,2456.00000000,0.10290704
119.00000000,2457.00000000,0.10290109
119.00000000,2458.00000000,0.10289515
119.00000000,2459.00000000,0.10288916
119.00000000,2460.00000000,0.10288326
119.00000000,2461.00000000,0.10287730
119.00000000,2462.00000000,0.10287142
119.00000000,2463.00000000,0.10286555
119.00000000,2464.00000000,0.10285963
119.00000000,2465.00000000,0.10285379
119.00000000,2466.00000000,0.10284796
119.00000000,2467.00000000,0.10284208
119.00000000,2468.00000000,0.10283626
119.00000000,2469.00000000,0.10283047
119.00000000,2470.00000000,0.10282368
119.00000000,2471.00000000,0.10281697
119.00000000,2472.00000000,0.10281027
119.00000000,2473.00000000,0.10280351
119.00000000,2474.00000000,0.10279682
119.00000000,2475.00000000,0.10279007
119.00000000,2476.00000000,0.10278340
119.00000000,2477.00000000,0.10277673
119.00000000,2478.00000000,0.10277002
119.00000000,2479.00000000,0.10276336
119.00000000,2480.00000000,0.10275672
119.00000000,2481.00000000,0.10275000
119.00000000,2482.00000000,0.10274338
119.00000000,2483.00000000,0.10273674
119.00000000,2484.00000000,0.10273005
119.00000000,2485.00000000,0.10272343
119.00000000,2486.00000000,0.10271675
119.00000000,2487.00000000,0.10271014
119.00000000,2488.00000000,0.10270353
119.00000000,2489.00000000,0.10269685
119.00000000,2490.00000000,0.10269025
119.00000000,2491.00000000,0.10268365
119.00000000,2492.00000000,0.10267698
119.00000000,2493.00000000,0.10267040
119.00000000,2494.00000000,0.10266380
119.00000000,2495.00000000,0.10265714
119.00000000,2496.00000000,0.10265056
119.00000000,2497.00000000,0.10264390
119.00000000,2498.00000000,0.10263731
119.00000000,2499.00000000,0.10263073
119.00000000,2500.00000000,0.10262407
120.00000000,1765.00000000,0.07388521
120.00000000,1766.00000000,0.07388526
120.00000000,1767.00000000,0.07388529
120.00000000,1768.00000000,0.07388543
120.00000000,1769.00000000,0.07388580
120.00000000,1770.00000000,0.07388613
120.00000000,1771.00000000,0.07388678
120.00000000,1772.00000000,0.07388724
120.00000000,1773.00000000,0.07388797
120.00000000,1774.00000000,0.07388893
120.00000000,1775.00000000,0.07389018
120.00000000,1776.00000000,0.07389134
120.00000000,1777.00000000,0.07389271
120.00000000,1778.00000000,0.07389423
120.00000000,1779.00000000,0.07389585
120.00000000,1780.00000000,0.07389765
120.00000000,1781.00000000,0.07389965
120.00000000,1782.00000000,0.07390148
120.00000000,1783.00000000,0.07390367
120.00000000,1784.00000000,0.07390590
120.00000000,1785.00000000,0.07390820
120.00000000,1786.00000000,0.07391062
120.00000000,1787.00000000,0.07391316
120.00000000,1788.00000000,0.07391585
120.00000000,1789.00000000,0.07391853
120.00000000,1790.00000000,0.07392129
120.00000000,1791.00000000,0.07392405
120.00000000,1792.00000000,0.07392704
120.00000000,1793.00000000,0.07393000
120.00000000,1794.00000000,0.07393313
120.00000000,1795.00000000,0.07393625
120.00000000,1796.00000000,0.07393949
120.00000000,1797.00000000,0.07394266
120.00000000,1798.00000000,0.07394594
120.00000000,1799.00000000,0.07394937
120.00000000,1800.00000000,0.07395273
120.00000000,1801.00000000,0.07395612
120.00000000,1802.00000000,0.07395955
120.00000000,1803.00000000,0.07396312
120.00000000,1804.00000000,0.07396659
120.00000000,1805.00000000,0.07397014
120.00000000,1806.00000000,0.07397371
120.00000000,1807.00000000,0.07397739
120.00000000,1808.00000000,0.07398104
120.00000000,1809.00000000,0.07398468
120.00000000,1810.00000000,0.07398841
120.00000000,1811.00000000,0.07399214
120.00000000,1812.00000000,0.07399587
120.00000000,1813.00000000,0.07399959
120.00000000,1814.00000000,0.07400338
120.00000000,1815.00000000,0.07400719
120.00000000,1816.00000000,0.07401099
120.00000000,1817.00000000,0.07401480
120.00000000,1818.00000000,0.07401861
120.00000000,1819.00000000,0.07402239
120.00000000,1820.00000000,0.07402618
120.00000000,1821.00000000,0.07403009
120.00000000,1822.00000000,0.07403391
120.00000000,1823.00000000,0.07403770
120.00000000,1824.00000000,0.07404166
120.00000000,1825.00000000,0.07404538
120.00000000,1826.00000000,0.07404923
120.00000000,1827.00000000,0.07405311
120.00000000,1828.00000000,0.07405696
120.00000000,1829.00000000,0.07406063
120.00000000,1830.00000000,0.07406452
120.00000000,1831.00000000,0.07406828
120.00000000,1832.00000000,0.07407205
120.00000000,1833.00000000,0.07407585
120.00000000,1834.00000000,0.07407952
120.00000000,1835.00000000,0.07408324
120.00000000,1836.00000000,0.07408695
120.00000000,1837.00000000,0.07409067
120.00000000,1838.00000000,0.07409427
120.00000000,1839.00000000,0.07409792
120.00000000,1840.00000000,0.07410158
120.00000000,1841.00000000,0.07410519
120.00000000,1842.00000000,0.07410880
120.00000000,1843.00000000,0.07411234
120.00000000,1844.00000000,0.07411588
120.00000000,1845.00000000,0.07411937
120.00000000,1846.00000000,0.07412288
120.00000000,1847.00000000,0.07412632
120.00000000,1848.00000000,0.07412978
120.00000000,1849.00000000,0.07413315
120.00000000,1850.00000000,0.07413655
120.00000000,1851.00000000,0.07413986
120.00000000,1852.00000000,0.07414312
120.00000000,1853.00000000,0.07414674
120.00000000,1854.00000000,0.07415047
120.00000000,1855.00000000,0.07415420
120.00000000,1856.00000000,0.07415786
120.00000000,1857.00000000,0.07416134
120.00000000,1858.00000000,0.07416483
120.00000000,1859.00000000,0.07416827
120.00000000,1860.00000000,0.07417160
120.00000000,1861.00000000,0.07417492
120.00000000,1862.00000000,0.07417802
120.00000000,1863.00000000,0.07418057
120.00000000,1864.00000000,0.07418257
120.00000000,1865.00000000,0.07418418
120.00000000,1866.00000000,0.07418548
120.00000000,1867.00000000,0.07418650
120.00000000,1868.00000000,0.07418729
120.00000000,1869.00000000,0.07418781
120.00000000,1870.00000000,0.07418812
120.00000000,1871.00000000,0.07418828
120.00000000,1872.00000000,0.07418865
120.00000000,1873.00000000,0.07418970
120.00000000,1874.00000000,0.07419129
120.00000000,1875.00000000,0.07419321
120.00000000,1876.00000000,0.07419546
120.00000000,1877.00000000,0.07419795
120.00000000,1878.00000000,0.07420061
120.00000000,1879.00000000,0.07420349
120.00000000,1880.00000000,0.07420646
120.00000000,1881.00000000,0.07420952
120.00000000,1882.00000000,0.07421267
120.00000000,1883.00000000,0.07421541
120.00000000,1884.00000000,0.07421788
120.00000000,1885.00000000,0.07422019
120.00000000,1886.00000000,0.07422923
120.00000000,1887.00000000,0.07423143
120.00000000,1888.00000000,0.07423357
120.00000000,1889.00000000,0.07423548
120.00000000,1890.00000000,0.07423722
120.00000000,1891.00000000,0.07424102
120.00000000,1892.00000000,0.07424230
120.00000000,1893.00000000,0.07424355
120.00000000,1894.00000000,0.07424485
120.00000000,1895.00000000,0.07424636
120.00000000,1896.00000000,0.07424798
120.00000000,1897.00000000,0.07424960
120.00000000,1898.00000000,0.07425119
120.00000000,1899.00000000,0.07425265
120.00000000,1900.00000000,0.07425389
120.00000000,1901.00000000,0.07425724
120.00000000,1902.00000000,0.07425850
120.00000000,1903.00000000,0.07425988
120.00000000,1904.00000000,0.07426146
120.00000000,1905.00000000,0.07426326
120.00000000,1906.00000000,0.07426535
120.00000000,1907.00000000,0.07426765
120.00000000,1908.00000000,0.07426988
120.00000000,1909.00000000,0.07427214
120.00000000,1910.00000000,0.07427445
120.00000000,1911.00000000,0.07427895
120.00000000,1912.00000000,0.07428061
120.00000000,1913.00000000,0.07428139
120.00000000,1914.00000000,0.07428133
120.00000000,1915.00000000,0.07428086
120.00000000,1916.00000000,0.07428035
120.00000000,1917.00000000,0.07428218
120.00000000,1918.00000000,0.07428155
120.00000000,1919.00000000,0.07428100
120.00000000,1920.00000000,0.07428331
120.00000000,1921.00000000,0.07428399
120.00000000,1922.00000000,0.07429020
120.00000000,1923.00000000,0.07429021
120.00000000,1924.00000000,0.07429267
120.00000000,1925.00000000,0.07429503
120.00000000,1926.00000000,0.07429960
120.00000000,1927.00000000,0.07430188
120.00000000,1928.00000000,0.07430431
120.00000000,1929.00000000,0.07430672
120.00000000,1930.00000000,0.07430934
120.00000000,1931.00000000,0.07431526
120.00000000,1932.00000000,0.07432019
120.00000000,1933.00000000,0.07432583
120.00000000,1934.00000000,0.07433202
120.00000000,1935.00000000,0.07434049
120.00000000,1936.00000000,0.07434843
120.00000000,1937.00000000,0.07435552
120.00000000,1938.00000000,0.07435910
120.00000000,1939.00000000,0.07436184
120.00000000,1940.00000000,0.07436395
120.00000000,1941.00000000,0.07436507
120.00000000,1942.00000000,0.07436750
120.00000000,1943.00000000,0.07436928
120.00000000,1944.00000000,0.07436821
120.00000000,1945.00000000,0.07436949
120.00000000,1946.00000000,0.07436944
120.00000000,1947.00000000,0.07437327
120.00000000,1948.00000000,0.07437568
120.00000000,1949.00000000,0.07437812
120.00000000,1950.00000000,0.07439424
120.00000000,1951.00000000,0.07439423
120.00000000,1952.00000000,0.07439721
120.00000000,1953.00000000,0.07440272
120.00000000,1954.00000000,0.07440594
120.00000000,1955.00000000,0.07441168
120.00000000,1956.00000000,0.07442444
120.00000000,1957.00000000,0.07442776
120.00000000,1958.00000000,0.07443292
120.00000000,1959.00000000,0.07443753
120.00000000,1960.00000000,0.07444267
120.00000000,1961.00000000,0.07444384
120.00000000,1962.00000000,0.07444650
120.00000000,1963.00000000,0.07444602
120.00000000,1964.00000000,0.07444680
120.00000000,1965.00000000,0.07445091
120.00000000,1966.00000000,0.07444444
120.00000000,1967.00000000,0.07444365
120.00000000,1968.00000000,0.07443683
120.00000000,1969.00000000,0.07443251
120.00000000,1970.00000000,0.07442817
120.00000000,1971.00000000,0.07441143
120.00000000,1972.00000000,0.07439763
120.00000000,1973.00000000,0.07437811
120.00000000,1974.00000000,0.07437397
120.00000000,1975.00000000,0.07434982
120.00000000,1976.00000000,0.07433202
120.00000000,1977.00000000,0.07430518
120.00000000,1978.00000000,0.07427816
120.00000000,1979.00000000,0.07425993
120.00000000,1980.00000000,0.07424776
120.00000000,1981.00000000,0.07422628
120.00000000,1982.00000000,0.07420210
120.00000000,1983.00000000,0.07419330
120.00000000,1984.00000000,0.07419091
120.00000000,1985.00000000,0.07418937
120.00000000,1986.00000000,0.07418062
120.00000000,1987.00000000,0.07418475
120.00000000,1988.00000000,0.07418193
120.00000000,1989.00000000,0.07418360
120.00000000,1990.00000000,0.07418047
120.00000000,1991.00000000,0.07418647
120.00000000,1992.00000000,0.07421140
120.00000000,1993.00000000,0.07422346
120.00000000,1994.00000000,0.07418901
120.00000000,1995.00000000,0.07420990
120.00000000,1996.00000000,0.07420604
120.00000000,1997.00000000,0.07420182
120.00000000,1998.00000000,0.07419347
120.00000000,1999.00000000,0.07421341
120.00000000,2000.00000000,0.07426076
120.00000000,2001.00000000,0.07426493
120.00000000,2002.00000000,0.07428219
120.00000000,2003.00000000,0.07430636
120.00000000,2004.00000000,0.07430008
120.00000000,2005.00000000,0.07428903
120.00000000,2006.00000000,0.07427884
120.00000000,2007.00000000,0.07428756
120.00000000,2008.00000000,0.07433361
120.00000000,2009.00000000,0.07430453
120.00000000,2010.00000000,0.07433821
120.00000000,2011.00000000,0.07434020
120.00000000,2012.00000000,0.07430834
120.00000000,2013.00000000,0.07426060
120.00000000,2014.00000000,0.07424879
120.00000000,2015.00000000,0.07425712
120.00000000,2016.00000000,0.07424072
120.00000000,2017.00000000,0.07424016
120.00000000,2018.00000000,0.07424655
120.00000000,2019.00000000,0.07428911
120.00000000,2020.00000000,0.07429634
120.00000000,2021.00000000,0.07428179
120.00000000,2022.00000000,0.07425693
120.00000000,2023.00000000,0.07431343
120.00000000,2024.00000000,0.07427070
120.00000000,2025.00000000,0.07429837
120.00000000,2026.00000000,0.07433622
120.00000000,2027.00000000,0.07444637
120.00000000,2028.00000000,0.07430906
120.00000000,2029.00000000,0.07432403
120.00000000,2030.00000000,0.07433584
120.00000000,2031.00000000,0.07430909
120.00000000,2032.00000000,0.07433875
120.00000000,2033.00000000,0.07441333
120.00000000,2034.00000000,0.07414025
120.00000000,2035.00000000,0.07404462
120.00000000,2036.00000000,0.07411284
120.00000000,2037.00000000,0.07415980
120.00000000,2038.00000000,0.07404509
120.00000000,2039.00000000,0.07368615
120.00000000,2040.00000000,0.07388706
120.00000000,2041.00000000,0.07352917
120.00000000,2042.00000000,0.07354429
120.00000000,2043.00000000,0.07373903
120.00000000,2044.00000000,0.07364451
120.00000000,2045.00000000,0.07359005
120.00000000,2046.00000000,0.07352551
120.00000000,2047.00000000,0.07361360
120.00000000,2048.00000000,0.07353545
120.00000000,2049.00000000,0.07362232
120.00000000,2050.00000000,0.07333612
120.00000000,2051.00000000,0.07300378
120.00000000,2052.00000000,0.07271405
120.00000000,2053.00000000,0.07272295
120.00000000,2054.00000000,0.07280421
120.00000000,2055.00000000,0.07282913
120.00000000,2056.00000000,0.07295841
120.00000000,2057.00000000,0.07303557
120.00000000,2058.00000000,0.07280083
120.00000000,2059.00000000,0.07281555
120.00000000,2060.00000000,0.07295113
120.00000000,2061.00000000,0.07293354
120.00000000,2062.00000000,0.07285921
120.00000000,2063.00000000,0.07287279
120.00000000,2064.00000000,0.07276736
120.00000000,2065.00000000,0.07221078
120.00000000,2066.00000000,0.07229168
120.00000000,2067.00000000,0.07253465
120.00000000,2068.00000000,0.07261787
120.00000000,2069.00000000,0.07243723
120.00000000,2070.00000000,0.07280572
120.00000000,2071.00000000,0.07302332
120.00000000,2072.00000000,0.07301360
120.00000000,2073.00000000,0.07304217
120.00000000,2074.00000000,0.07303014
120.00000000,2075.00000000,0.07334132
120.00000000,2076.00000000,0.07356579
120.00000000,2077.00000000,0.07370369
120.00000000,2078.00000000,0.07377791
120.00000000,2079.00000000,0.07400340
120.00000000,2080.00000000,0.07419596
120.00000000,2081.00000000,0.07418905
120.00000000,2082.00000000,0.07436827
120.00000000,2083.00000000,0.07463666
120.00000000,2084.00000000,0.07493242
120.00000000,2085.00000000,0.07518365
120.00000000,2086.00000000,0.07548461
120.00000000,2087.00000000,0.07567750
120.00000000,2088.00000000,0.07601795
120.00000000,2089.00000000,0.07643196
120.00000000,2090.00000000,0.07697824
120.00000000,2091.00000000,0.07727949
120.00000000,2092.00000000,0.07760920
120.00000000,2093.00000000,0.07807923
120.00000000,2094.00000000,0.07809030
120.00000000,2095.00000000,0.07802710
120.00000000,2096.00000000,0.07856859
120.00000000,2097.00000000,0.07886493
120.00000000,2098.00000000,0.07902165
120.00000000,2099.00000000,0.07959655
120.00000000,2100.00000000,0.07949212
120.00000000,2101.00000000,0.07916995
120.00000000,2102.00000000,0.07909869
120.00000000,2103.00000000,0.07907883
120.00000000,2104.00000000,0.07945867
120.00000000,2105.00000000,0.07978882
120.00000000,2106.00000000,0.08014568
120.00000000,2107.00000000,0.08045870
120.00000000,2108.00000000,0.08091052
120.00000000,2109.00000000,0.08119163
120.00000000,2110.00000000,0.08133412
120.00000000,2111.00000000,0.08155057
120.00000000,2112.00000000,0.08135192
120.00000000,2113.00000000,0.08140168
120.00000000,2114.00000000,0.08167783
120.00000000,2115.00000000,0.08198003
120.00000000,2116.00000000,0.08230020
120.00000000,2117.00000000,0.08256435
120.00000000,2118.00000000,0.08255064
120.00000000,2119.00000000,0.08256329
120.00000000,2120.00000000,0.08294807
120.00000000,2121.00000000,0.08332528
120.00000000,2122.00000000,0.08349011
120.00000000,2123.00000000,0.08422443
120.00000000,2124.00000000,0.08505883
120.00000000,2125.00000000,0.08572231
120.00000000,2126.00000000,0.08617128
120.00000000,2127.00000000,0.08662290
120.00000000,2128.00000000,0.08707723
120.00000000,2129.00000000,0.08753370
120.00000000,2130.00000000,0.08799234
120.00000000,2131.00000000,0.08859288
120.00000000,2132.00000000,0.08919561
120.00000000,2133.00000000,0.08980054
120.00000000,2134.00000000,0.09040757
120.00000000,2135.00000000,0.09101661
120.00000000,2136.00000000,0.09162765
120.00000000,2137.00000000,0.09224059
120.00000000,2138.00000000,0.09285535
120.00000000,2139.00000000,0.09347188
120.00000000,2140.00000000,0.09409013
120.00000000,2141.00000000,0.09464824
120.00000000,2142.00000000,0.09520797
120.00000000,2143.00000000,0.09576924
120.00000000,2144.00000000,0.09633209
120.00000000,2145.00000000,0.09689650
120.00000000,2146.00000000,0.09746243
120.00000000,2147.00000000,0.09802995
120.00000000,2148.00000000,0.09859903
120.00000000,2149.00000000,0.09916967
120.00000000,2150.00000000,0.09974199
120.00000000,2151.00000000,0.10044501
120.00000000,2152.00000000,0.10115177
120.00000000,2153.00000000,0.10186377
120.00000000,2154.00000000,0.10258172
120.00000000,2155.00000000,0.10330594
120.00000000,2156.00000000,0.10403661
120.00000000,2157.00000000,0.10477366
120.00000000,2158.00000000,0.10551709
120.00000000,2159.00000000,0.10626678
120.00000000,2160.00000000,0.10702258
120.00000000,2161.00000000,0.10787838
120.00000000,2162.00000000,0.10874022
120.00000000,2163.00000000,0.10960791
120.00000000,2164.00000000,0.11048139
120.00000000,2165.00000000,0.11136048
120.00000000,2166.00000000,0.11224502
120.00000000,2167.00000000,0.11313492
120.00000000,2168.00000000,0.11403000
120.00000000,2169.00000000,0.11493019
120.00000000,2170.00000000,0.11583532
120.00000000,2171.00000000,0.11673990
120.00000000,2172.00000000,0.11764922
120.00000000,2173.00000000,0.11856310
120.00000000,2174.00000000,0.11948139
120.00000000,2175.00000000,0.12040405
120.00000000,2176.00000000,0.12133091
120.00000000,2177.00000000,0.12226179
120.00000000,2178.00000000,0.12319668
120.00000000,2179.00000000,0.12413535
120.00000000,2180.00000000,0.12507762
120.00000000,2181.00000000,0.12581522
120.00000000,2182.00000000,0.12655568
120.00000000,2183.00000000,0.12729901
120.00000000,2184.00000000,0.12804510
120.00000000,2185.00000000,0.12879384
120.00000000,2186.00000000,0.12954524
120.00000000,2187.00000000,0.13029919
120.00000000,2188.00000000,0.13105556
120.00000000,2189.00000000,0.13181434
120.00000000,2190.00000000,0.13257541
120.00000000,2191.00000000,0.13314904
120.00000000,2192.00000000,0.13372434
120.00000000,2193.00000000,0.13430116
120.00000000,2194.00000000,0.13487958
120.00000000,2195.00000000,0.13545954
120.00000000,2196.00000000,0.13604093
120.00000000,2197.00000000,0.13662384
120.00000000,2198.00000000,0.13720817
120.00000000,2199.00000000,0.13779384
120.00000000,2200.00000000,0.13838088
120.00000000,2201.00000000,0.13886228
120.00000000,2202.00000000,0.13934459
120.00000000,2203.00000000,0.13982788
120.00000000,2204.00000000,0.14031206
120.00000000,2205.00000000,0.14079722
120.00000000,2206.00000000,0.14128327
120.00000000,2207.00000000,0.14177021
120.00000000,2208.00000000,0.14225804
120.00000000,2209.00000000,0.14274673
120.00000000,2210.00000000,0.14323620
120.00000000,2211.00000000,0.14361506
120.00000000,2212.00000000,0.14399437
120.00000000,2213.00000000,0.14437409
120.00000000,2214.00000000,0.14475433
120.00000000,2215.00000000,0.14513502
120.00000000,2216.00000000,0.14551613
120.00000000,2217.00000000,0.14589775
120.00000000,2218.00000000,0.14627979
120.00000000,2219.00000000,0.14666233
120.00000000,2220.00000000,0.14704533
120.00000000,2221.00000000,0.14734221
120.00000000,2222.00000000,0.14763932
120.00000000,2223.00000000,0.14793665
120.00000000,2224.00000000,0.14823408
120.00000000,2225.00000000,0.14853178
120.00000000,2226.00000000,0.14882969
120.00000000,2227.00000000,0.14912777
120.00000000,2228.00000000,0.14942612
120.00000000,2229.00000000,0.14972467
120.00000000,2230.00000000,0.15002350
120.00000000,2231.00000000,0.15032260
120.00000000,2232.00000000,0.15062189
120.00000000,2233.00000000,0.15092146
120.00000000,2234.00000000,0.15122129
120.00000000,2235.00000000,0.15152134
120.00000000,2236.00000000,0.15182172
120.00000000,2237.00000000,0.15212239
120.00000000,2238.00000000,0.15242326
120.00000000,2239.00000000,0.15272445
120.00000000,2240.00000000,0.15302593
120.00000000,2241.00000000,0.15332763
120.00000000,2242.00000000,0.15362970
120.00000000,2243.00000000,0.15393197
120.00000000,2244.00000000,0.15423458
120.00000000,2245.00000000,0.15453746
120.00000000,2246.00000000,0.15484059
120.00000000,2247.00000000,0.15514408
120.00000000,2248.00000000,0.15544784
120.00000000,2249.00000000,0.15575163
120.00000000,2250.00000000,0.15605453
120.00000000,2251.00000000,0.15635452
120.00000000,2252.00000000,0.15664959
120.00000000,2253.00000000,0.15693887
120.00000000,2254.00000000,0.15722177
120.00000000,2255.00000000,0.15749826
120.00000000,2256.00000000,0.15776824
120.00000000,2257.00000000,0.15803161
120.00000000,2258.00000000,0.15828854
120.00000000,2259.00000000,0.15853907
120.00000000,2260.00000000,0.15878318
120.00000000,2261.00000000,0.15902118
120.00000000,2262.00000000,0.15925324
120.00000000,2263.00000000,0.15947947
120.00000000,2264.00000000,0.15970017
120.00000000,2265.00000000,0.15991534
120.00000000,2266.00000000,0.16012520
120.00000000,2267.00000000,0.16032973
120.00000000,2268.00000000,0.16052895
120.00000000,2269.00000000,0.16072303
120.00000000,2270.00000000,0.16091185
120.00000000,2271.00000000,0.16047374
120.00000000,2272.00000000,0.16002945
120.00000000,2273.00000000,0.15957905
120.00000000,2274.00000000,0.15912270
120.00000000,2275.00000000,0.15866068
120.00000000,2276.00000000,0.15819306
120.00000000,2277.00000000,0.15771998
120.00000000,2278.00000000,0.15724170
120.00000000,2279.00000000,0.15675825
120.00000000,2280.00000000,0.15626991
120.00000000,2281.00000000,0.15577671
120.00000000,2282.00000000,0.15527878
120.00000000,2283.00000000,0.15477636
120.00000000,2284.00000000,0.15426947
120.00000000,2285.00000000,0.15375826
120.00000000,2286.00000000,0.15324288
120.00000000,2287.00000000,0.15272344
120.00000000,2288.00000000,0.15219998
120.00000000,2289.00000000,0.15167272
120.00000000,2290.00000000,0.15114166
120.00000000,2291.00000000,0.15060699
120.00000000,2292.00000000,0.15006880
120.00000000,2293.00000000,0.14952710
120.00000000,2294.00000000,0.14898211
120.00000000,2295.00000000,0.14843384
120.00000000,2296.00000000,0.14788237
120.00000000,2297.00000000,0.14732785
120.00000000,2298.00000000,0.14677034
120.00000000,2299.00000000,0.14620985
120.00000000,2300.00000000,0.14564659
120.00000000,2301.00000000,0.14508056
120.00000000,2302.00000000,0.14451178
120.00000000,2303.00000000,0.14394042
120.00000000,2304.00000000,0.14336644
120.00000000,2305.00000000,0.14279002
120.00000000,2306.00000000,0.14221114
120.00000000,2307.00000000,0.14162989
120.00000000,2308.00000000,0.14104635
120.00000000,2309.00000000,0.14046060
120.00000000,2310.00000000,0.13987262
120.00000000,2311.00000000,0.13928259
120.00000000,2312.00000000,0.13869050
120.00000000,2313.00000000,0.13809637
120.00000000,2314.00000000,0.13750035
120.00000000,2315.00000000,0.13690241
120.00000000,2316.00000000,0.13630267
120.00000000,2317.00000000,0.13570116
120.00000000,2318.00000000,0.13509789
120.00000000,2319.00000000,0.13449296
120.00000000,2320.00000000,0.13388643
120.00000000,2321.00000000,0.13327828
120.00000000,2322.00000000,0.13266862
120.00000000,2323.00000000,0.13205747
120.00000000,2324.00000000,0.13144486
120.00000000,2325.00000000,0.13083087
120.00000000,2326.00000000,0.13021553
120.00000000,2327.00000000,0.12959882
120.00000000,2328.00000000,0.12898088
120.00000000,2329.00000000,0.12836167
120.00000000,2330.00000000,0.12774129
120.00000000,2331.00000000,0.12711975
120.00000000,2332.00000000,0.12649707
120.00000000,2333.00000000,0.12587332
120.00000000,2334.00000000,0.12524853
120.00000000,2335.00000000,0.12462267
120.00000000,2336.00000000,0.12399587
120.00000000,2337.00000000,0.12336812
120.00000000,2338.00000000,0.12273943
120.00000000,2339.00000000,0.12210988
120.00000000,2340.00000000,0.12147945
120.00000000,2341.00000000,0.12084822
120.00000000,2342.00000000,0.12021621
120.00000000,2343.00000000,0.11958338
120.00000000,2344.00000000,0.11894989
120.00000000,2345.00000000,0.11831568
120.00000000,2346.00000000,0.11768074
120.00000000,2347.00000000,0.11704520
120.00000000,2348.00000000,0.11640906
120.00000000,2349.00000000,0.11577226
120.00000000,2350.00000000,0.11513494
120.00000000,2351.00000000,0.11449705
120.00000000,2352.00000000,0.11385868
120.00000000,2353.00000000,0.11321983
120.00000000,2354.00000000,0.11258048
120.00000000,2355.00000000,0.11194074
120.00000000,2356.00000000,0.11130059
120.00000000,2357.00000000,0.11066001
120.00000000,2358.00000000,0.11001911
120.00000000,2359.00000000,0.10937787
120.00000000,2360.00000000,0.10873629
120.00000000,2361.00000000,0.10809444
120.00000000,2362.00000000,0.10745234
120.00000000,2363.00000000,0.10680993
120.00000000,2364.00000000,0.10616737
120.00000000,2365.00000000,0.10552456
120.00000000,2366.00000000,0.10488164
120.00000000,2367.00000000,0.10423859
120.00000000,2368.00000000,0.10359548
120.00000000,2369.00000000,0.10308822
120.00000000,2370.00000000,0.10298086
120.00000000,2371.00000000,0.10298293
120.00000000,2372.00000000,0.10298525
120.00000000,2373.00000000,0.10298774
120.00000000,2374.00000000,0.10299040
120.00000000,2375.00000000,0.10299328
120.00000000,2376.00000000,0.10301344
120.00000000,2377.00000000,0.10303381
120.00000000,2378.00000000,0.10305436
120.00000000,2379.00000000,0.10307504
120.00000000,2380.00000000,0.10309592
120.00000000,2381.00000000,0.10308308
120.00000000,2382.00000000,0.10307034
120.00000000,2383.00000000,0.10305779
120.00000000,2384.00000000,0.10304537
120.00000000,2385.00000000,0.10303303
120.00000000,2386.00000000,0.10302088
120.00000000,2387.00000000,0.10300884
120.00000000,2388.00000000,0.10299688
120.00000000,2389.00000000,0.10298508
120.00000000,2390.00000000,0.10297335
120.00000000,2391.00000000,0.10296179
120.00000000,2392.00000000,0.10295033
120.00000000,2393.00000000,0.10293893
120.00000000,2394.00000000,0.10292768
120.00000000,2395.00000000,0.10291654
120.00000000,2396.00000000,0.10290398
120.00000000,2397.00000000,0.10289156
120.00000000,2398.00000000,0.10287924
120.00000000,2399.00000000,0.10286696
120.00000000,2400.00000000,0.10285482
120.00000000,2401.00000000,0.10284273
120.00000000,2402.00000000,0.10283076
120.00000000,2403.00000000,0.10281889
120.00000000,2404.00000000,0.10280706
120.00000000,2405.00000000,0.10279535
120.00000000,2406.00000000,0.10278373
120.00000000,2407.00000000,0.10277215
120.00000000,2408.00000000,0.10276069
120.00000000,2409.00000000,0.10274931
120.00000000,2410.00000000,0.10273797
120.00000000,2411.00000000,0.10272673
120.00000000,2412.00000000,0.10271553
120.00000000,2413.00000000,0.10270444
120.00000000,2414.00000000,0.10269344
120.00000000,2415.00000000,0.10268244
120.00000000,2416.00000000,0.10267155
120.00000000,2417.00000000,0.10266073
120.00000000,2418.00000000,0.10264992
120.00000000,2419.00000000,0.10263924
120.00000000,2420.00000000,0.10262860
120.00000000,2421.00000000,0.10262122
120.00000000,2422.00000000,0.10261397
120.00000000,2423.00000000,0.10260677
120.00000000,2424.00000000,0.10259957
120.00000000,2425.00000000,0.10259247
120.00000000,2426.00000000,0.10258538
120.00000000,2427.00000000,0.10257838
120.00000000,2428.00000000,0.10257144
120.00000000,2429.00000000,0.10256451
120.00000000,2430.00000000,0.10255765
120.00000000,2431.00000000,0.10255085
120.00000000,2432.00000000,0.10254405
120.00000000,2433.00000000,0.10253734
120.00000000,2434.00000000,0.10253067
120.00000000,2435.00000000,0.10252398
120.00000000,2436.00000000,0.10251739
120.00000000,2437.00000000,0.10251079
120.00000000,2438.00000000,0.10250428
120.00000000,2439.00000000,0.10249780
120.00000000,2440.00000000,0.10249131
120.00000000,2441.00000000,0.10248490
120.00000000,2442.00000000,0.10247853
120.00000000,2443.00000000,0.10247213
120.00000000,2444.00000000,0.10246584
120.00000000,2445.00000000,0.10245955
120.00000000,2446.00000000,0.10245325
120.00000000,2447.00000000,0.10244704
120.00000000,2448.00000000,0.10244085
120.00000000,2449.00000000,0.10243463
120.00000000,2450.00000000,0.10242850
120.00000000,2451.00000000,0.10242233
120.00000000,2452.00000000,0.10241625
120.00000000,2453.00000000,0.10241019
120.00000000,2454.00000000,0.10240407
120.00000000,2455.00000000,0.10239805
120.00000000,2456.00000000,0.10239204
120.00000000,2457.00000000,0.10238600
120.00000000,2458.00000000,0.10238002
120.00000000,2459.00000000,0.10237406
120.00000000,2460.00000000,0.10236806
120.00000000,2461.00000000,0.10236213
120.00000000,2462.00000000,0.10235615
120.00000000,2463.00000000,0.10235024
120.00000000,2464.00000000,0.10234435
120.00000000,2465.00000000,0.10233842
120.00000000,2466.00000000,0.10233255
120.00000000,2467.00000000,0.10232671
120.00000000,2468.00000000,0.10232080
120.00000000,2469.00000000,0.10231497
120.00000000,2470.00000000,0.10230915
120.00000000,2471.00000000,0.10230235
120.00000000,2472.00000000,0.10229562
120.00000000,2473.00000000,0.10228891
120.00000000,2474.00000000,0.10228213
120.00000000,2475.00000000,0.10227542
120.00000000,2476.00000000,0.10226866
120.00000000,2477.00000000,0.10226197
120.00000000,2478.00000000,0.10225528
120.00000000,2479.00000000,0.10224855
120.00000000,2480.00000000,0.10224188
120.00000000,2481.00000000,0.10223522
120.00000000,2482.00000000,0.10222850
120.00000000,2483.00000000,0.10222184
120.00000000,2484.00000000,0.10221520
120.00000000,2485.00000000,0.10220849
120.00000000,2486.00000000,0.10220185
120.00000000,2487.00000000,0.10219514
120.00000000,2488.00000000,0.10218851
120.00000000,2489.00000000,0.10218189
120.00000000,2490.00000000,0.10217520
120.00000000,2491.00000000,0.10216858
120.00000000,2492.00000000,0.10216197
120.00000000,2493.00000000,0.10215528
120.00000000,2494.00000000,0.10214867
120.00000000,2495.00000000,0.10214206
120.00000000,2496.00000000,0.10213538
120.00000000,2497.00000000,0.10212878
120.00000000,2498.00000000,0.10212210
120.00000000,2499.00000000,0.10211550
120.00000000,2500.00000000,0.10210890
121.00000000,1765.00000000,0.07344599
121.00000000,1766.00000000,0.07344599
121.00000000,1767.00000000,0.07344608
121.00000000,1768.00000000,0.07344620
121.00000000,1769.00000000,0.07344644
121.00000000,1770.00000000,0.07344694
121.00000000,1771.00000000,0.07344741
121.00000000,1772.00000000,0.07344819
121.00000000,1773.00000000,0.07344879
121.00000000,1774.00000000,0.07344966
121.00000000,1775.00000000,0.07345076
121.00000000,1776.00000000,0.07345215
121.00000000,1777.00000000,0.07345343
121.00000000,1778.00000000,0.07345493
121.00000000,1779.00000000,0.07345657
121.00000000,1780.00000000,0.07345832
121.00000000,1781.00000000,0.07346023
121.00000000,1782.00000000,0.07346233
121.00000000,1783.00000000,0.07346427
121.00000000,1784.00000000,0.07346655
121.00000000,1785.00000000,0.07346886
121.00000000,1786.00000000,0.07347126
121.00000000,1787.00000000,0.07347375
121.00000000,1788.00000000,0.07347637
121.00000000,1789.00000000,0.07347913
121.00000000,1790.00000000,0.07348187
121.00000000,1791.00000000,0.07348471
121.00000000,1792.00000000,0.07348752
121.00000000,1793.00000000,0.07349056
121.00000000,1794.00000000,0.07349357
121.00000000,1795.00000000,0.07349674
121.00000000,1796.00000000,0.07349990
121.00000000,1797.00000000,0.07350318
121.00000000,1798.00000000,0.07350639
121.00000000,1799.00000000,0.07350969
121.00000000,1800.00000000,0.07351315
121.00000000,1801.00000000,0.07351654
121.00000000,1802.00000000,0.07351993
121.00000000,1803.00000000,0.07352338
121.00000000,1804.00000000,0.07352695
121.00000000,1805.00000000,0.07353045
121.00000000,1806.00000000,0.07353401
121.00000000,1807.00000000,0.07353759
121.00000000,1808.00000000,0.07354128
121.00000000,1809.00000000,0.07354493
121.00000000,1810.00000000,0.07354857
121.00000000,1811.00000000,0.07355231
121.00000000,1812.00000000,0.07355603
121.00000000,1813.00000000,0.07355975
121.00000000,1814.00000000,0.07356348
121.00000000,1815.00000000,0.07356726
121.00000000,1816.00000000,0.07357106
121.00000000,1817.00000000,0.07357485
121.00000000,1818.00000000,0.07357863
121.00000000,1819.00000000,0.07358243
121.00000000,1820.00000000,0.07358619
121.00000000,1821.00000000,0.07358996
121.00000000,1822.00000000,0.07359386
121.00000000,1823.00000000,0.07359766
121.00000000,1824.00000000,0.07360142
121.00000000,1825.00000000,0.07360536
121.00000000,1826.00000000,0.07360905
121.00000000,1827.00000000,0.07361288
121.00000000,1828.00000000,0.07361673
121.00000000,1829.00000000,0.07362055
121.00000000,1830.00000000,0.07362419
121.00000000,1831.00000000,0.07362804
121.00000000,1832.00000000,0.07363175
121.00000000,1833.00000000,0.07363548
121.00000000,1834.00000000,0.07363924
121.00000000,1835.00000000,0.07364288
121.00000000,1836.00000000,0.07364656
121.00000000,1837.00000000,0.07365022
121.00000000,1838.00000000,0.07365390
121.00000000,1839.00000000,0.07365746
121.00000000,1840.00000000,0.07366107
121.00000000,1841.00000000,0.07366468
121.00000000,1842.00000000,0.07366824
121.00000000,1843.00000000,0.07367181
121.00000000,1844.00000000,0.07367530
121.00000000,1845.00000000,0.07367879
121.00000000,1846.00000000,0.07368223
121.00000000,1847.00000000,0.07368568
121.00000000,1848.00000000,0.07368906
121.00000000,1849.00000000,0.07369247
121.00000000,1850.00000000,0.07369579
121.00000000,1851.00000000,0.07369910
121.00000000,1852.00000000,0.07370233
121.00000000,1853.00000000,0.07370590
121.00000000,1854.00000000,0.07370965
121.00000000,1855.00000000,0.07371330
121.00000000,1856.00000000,0.07371690
121.00000000,1857.00000000,0.07372045
121.00000000,1858.00000000,0.07372381
121.00000000,1859.00000000,0.07372721
121.00000000,1860.00000000,0.07373058
121.00000000,1861.00000000,0.07373381
121.00000000,1862.00000000,0.07373692
121.00000000,1863.00000000,0.07373937
121.00000000,1864.00000000,0.07374137
121.00000000,1865.00000000,0.07374297
121.00000000,1866.00000000,0.07374422
121.00000000,1867.00000000,0.07374521
121.00000000,1868.00000000,0.07374595
121.00000000,1869.00000000,0.07374646
121.00000000,1870.00000000,0.07374674
121.00000000,1871.00000000,0.07374687
121.00000000,1872.00000000,0.07374716
121.00000000,1873.00000000,0.07374820
121.00000000,1874.00000000,0.07374973
121.00000000,1875.00000000,0.07375162
121.00000000,1876.00000000,0.07375379
121.00000000,1877.00000000,0.07375620
121.00000000,1878.00000000,0.07375881
121.00000000,1879.00000000,0.07376159
121.00000000,1880.00000000,0.07376449
121.00000000,1881.00000000,0.07376744
121.00000000,1882.00000000,0.07377050
121.00000000,1883.00000000,0.07377315
121.00000000,1884.00000000,0.07377550
121.00000000,1885.00000000,0.07377769
121.00000000,1886.00000000,0.07377979
121.00000000,1887.00000000,0.07378864
121.00000000,1888.00000000,0.07379062
121.00000000,1889.00000000,0.07379247
121.00000000,1890.00000000,0.07379406
121.00000000,1891.00000000,0.07379544
121.00000000,1892.00000000,0.07379891
121.00000000,1893.00000000,0.07380003
121.00000000,1894.00000000,0.07380126
121.00000000,1895.00000000,0.07380264
121.00000000,1896.00000000,0.07380414
121.00000000,1897.00000000,0.07380569
121.00000000,1898.00000000,0.07380717
121.00000000,1899.00000000,0.07380855
121.00000000,1900.00000000,0.07380968
121.00000000,1901.00000000,0.07381063
121.00000000,1902.00000000,0.07381410
121.00000000,1903.00000000,0.07381539
121.00000000,1904.00000000,0.07381688
121.00000000,1905.00000000,0.07381860
121.00000000,1906.00000000,0.07382059
121.00000000,1907.00000000,0.07382281
121.00000000,1908.00000000,0.07382497
121.00000000,1909.00000000,0.07382713
121.00000000,1910.00000000,0.07382937
121.00000000,1911.00000000,0.07383151
121.00000000,1912.00000000,0.07383535
121.00000000,1913.00000000,0.07383610
121.00000000,1914.00000000,0.07383595
121.00000000,1915.00000000,0.07383540
121.00000000,1916.00000000,0.07383487
121.00000000,1917.00000000,0.07383431
121.00000000,1918.00000000,0.07383593
121.00000000,1919.00000000,0.07383534
121.00000000,1920.00000000,0.07383526
121.00000000,1921.00000000,0.07383816
121.00000000,1922.00000000,0.07383973
121.00000000,1923.00000000,0.07384651
121.00000000,1924.00000000,0.07384663
121.00000000,1925.00000000,0.07384891
121.00000000,1926.00000000,0.07385112
121.00000000,1927.00000000,0.07385565
121.00000000,1928.00000000,0.07385798
121.00000000,1929.00000000,0.07386032
121.00000000,1930.00000000,0.07386285
121.00000000,1931.00000000,0.07386642
121.00000000,1932.00000000,0.07387354
121.00000000,1933.00000000,0.07387909
121.00000000,1934.00000000,0.07388520
121.00000000,1935.00000000,0.07389128
121.00000000,1936.00000000,0.07389914
121.00000000,1937.00000000,0.07390610
121.00000000,1938.00000000,0.07391187
121.00000000,1939.00000000,0.07391455
121.00000000,1940.00000000,0.07391658
121.00000000,1941.00000000,0.07391767
121.00000000,1942.00000000,0.07391770
121.00000000,1943.00000000,0.07391944
121.00000000,1944.00000000,0.07392065
121.00000000,1945.00000000,0.07391951
121.00000000,1946.00000000,0.07392165
121.00000000,1947.00000000,0.07392319
121.00000000,1948.00000000,0.07392776
121.00000000,1949.00000000,0.07393014
121.00000000,1950.00000000,0.07393243
121.00000000,1951.00000000,0.07394827
121.00000000,1952.00000000,0.07394890
121.00000000,1953.00000000,0.07395203
121.00000000,1954.00000000,0.07395742
121.00000000,1955.00000000,0.07396085
121.00000000,1956.00000000,0.07396655
121.00000000,1957.00000000,0.07397890
121.00000000,1958.00000000,0.07398172
121.00000000,1959.00000000,0.07398623
121.00000000,1960.00000000,0.07398894
121.00000000,1961.00000000,0.07399235
121.00000000,1962.00000000,0.07399261
121.00000000,1963.00000000,0.07399433
121.00000000,1964.00000000,0.07399275
121.00000000,1965.00000000,0.07399216
121.00000000,1966.00000000,0.07399482
121.00000000,1967.00000000,0.07398707
121.00000000,1968.00000000,0.07398474
121.00000000,1969.00000000,0.07397582
121.00000000,1970.00000000,0.07396911
121.00000000,1971.00000000,0.07396150
121.00000000,1972.00000000,0.07394078
121.00000000,1973.00000000,0.07392354
121.00000000,1974.00000000,0.07390122
121.00000000,1975.00000000,0.07389533
121.00000000,1976.00000000,0.07387077
121.00000000,1977.00000000,0.07385313
121.00000000,1978.00000000,0.07382620
121.00000000,1979.00000000,0.07379894
121.00000000,1980.00000000,0.07378005
121.00000000,1981.00000000,0.07376770
121.00000000,1982.00000000,0.07374815
121.00000000,1983.00000000,0.07372807
121.00000000,1984.00000000,0.07372323
121.00000000,1985.00000000,0.07372375
121.00000000,1986.00000000,0.07372388
121.00000000,1987.00000000,0.07371595
121.00000000,1988.00000000,0.07372010
121.00000000,1989.00000000,0.07371693
121.00000000,1990.00000000,0.07371798
121.00000000,1991.00000000,0.07371452
121.00000000,1992.00000000,0.07372086
121.00000000,1993.00000000,0.07374609
121.00000000,1994.00000000,0.07375904
121.00000000,1995.00000000,0.07372554
121.00000000,1996.00000000,0.07374636
121.00000000,1997.00000000,0.07374194
121.00000000,1998.00000000,0.07373695
121.00000000,1999.00000000,0.07372842
121.00000000,2000.00000000,0.07374826
121.00000000,2001.00000000,0.07379499
121.00000000,2002.00000000,0.07379855
121.00000000,2003.00000000,0.07381566
121.00000000,2004.00000000,0.07383845
121.00000000,2005.00000000,0.07382952
121.00000000,2006.00000000,0.07381464
121.00000000,2007.00000000,0.07380059
121.00000000,2008.00000000,0.07380571
121.00000000,2009.00000000,0.07384826
121.00000000,2010.00000000,0.07381647
121.00000000,2011.00000000,0.07384724
121.00000000,2012.00000000,0.07384660
121.00000000,2013.00000000,0.07381223
121.00000000,2014.00000000,0.07376207
121.00000000,2015.00000000,0.07374762
121.00000000,2016.00000000,0.07375324
121.00000000,2017.00000000,0.07373439
121.00000000,2018.00000000,0.07373138
121.00000000,2019.00000000,0.07373540
121.00000000,2020.00000000,0.07377546
121.00000000,2021.00000000,0.07378057
121.00000000,2022.00000000,0.07376425
121.00000000,2023.00000000,0.07373793
121.00000000,2024.00000000,0.07379263
121.00000000,2025.00000000,0.07374893
121.00000000,2026.00000000,0.07377526
121.00000000,2027.00000000,0.07381181
121.00000000,2028.00000000,0.07392023
121.00000000,2029.00000000,0.07378296
121.00000000,2030.00000000,0.07379699
121.00000000,2031.00000000,0.07380788
121.00000000,2032.00000000,0.07378033
121.00000000,2033.00000000,0.07380854
121.00000000,2034.00000000,0.07388122
121.00000000,2035.00000000,0.07360861
121.00000000,2036.00000000,0.07351214
121.00000000,2037.00000000,0.07357840
121.00000000,2038.00000000,0.07362354
121.00000000,2039.00000000,0.07350822
121.00000000,2040.00000000,0.07315045
121.00000000,2041.00000000,0.07334855
121.00000000,2042.00000000,0.07299172
121.00000000,2043.00000000,0.07300500
121.00000000,2044.00000000,0.07319651
121.00000000,2045.00000000,0.07310083
121.00000000,2046.00000000,0.07304490
121.00000000,2047.00000000,0.07297899
121.00000000,2048.00000000,0.07306467
121.00000000,2049.00000000,0.07298538
121.00000000,2050.00000000,0.07306996
121.00000000,2051.00000000,0.07278429
121.00000000,2052.00000000,0.07245295
121.00000000,2053.00000000,0.07216397
121.00000000,2054.00000000,0.07217145
121.00000000,2055.00000000,0.07225085
121.00000000,2056.00000000,0.07227437
121.00000000,2057.00000000,0.07240151
121.00000000,2058.00000000,0.07247697
121.00000000,2059.00000000,0.07224297
121.00000000,2060.00000000,0.07225657
121.00000000,2061.00000000,0.07239027
121.00000000,2062.00000000,0.07237242
121.00000000,2063.00000000,0.07229884
121.00000000,2064.00000000,0.07231282
121.00000000,2065.00000000,0.07220891
121.00000000,2066.00000000,0.07165735
121.00000000,2067.00000000,0.07173851
121.00000000,2068.00000000,0.07198051
121.00000000,2069.00000000,0.07206394
121.00000000,2070.00000000,0.07188545
121.00000000,2071.00000000,0.07225205
121.00000000,2072.00000000,0.07246922
121.00000000,2073.00000000,0.07246115
121.00000000,2074.00000000,0.07249129
121.00000000,2075.00000000,0.07248126
121.00000000,2076.00000000,0.07279203
121.00000000,2077.00000000,0.07301672
121.00000000,2078.00000000,0.07315541
121.00000000,2079.00000000,0.07323080
121.00000000,2080.00000000,0.07345626
121.00000000,2081.00000000,0.07364901
121.00000000,2082.00000000,0.07364385
121.00000000,2083.00000000,0.07382362
121.00000000,2084.00000000,0.07409199
121.00000000,2085.00000000,0.07438753
121.00000000,2086.00000000,0.07463881
121.00000000,2087.00000000,0.07493941
121.00000000,2088.00000000,0.07513265
121.00000000,2089.00000000,0.07547229
121.00000000,2090.00000000,0.07588491
121.00000000,2091.00000000,0.07642885
121.00000000,2092.00000000,0.07672965
121.00000000,2093.00000000,0.07705892
121.00000000,2094.00000000,0.07752760
121.00000000,2095.00000000,0.07754053
121.00000000,2096.00000000,0.07747966
121.00000000,2097.00000000,0.07801923
121.00000000,2098.00000000,0.07831530
121.00000000,2099.00000000,0.07847262
121.00000000,2100.00000000,0.07904519
121.00000000,2101.00000000,0.07894307
121.00000000,2102.00000000,0.07862485
121.00000000,2103.00000000,0.07855597
121.00000000,2104.00000000,0.07853820
121.00000000,2105.00000000,0.07891743
121.00000000,2106.00000000,0.07924727
121.00000000,2107.00000000,0.07960360
121.00000000,2108.00000000,0.07991631
121.00000000,2109.00000000,0.08036685
121.00000000,2110.00000000,0.08064773
121.00000000,2111.00000000,0.08079084
121.00000000,2112.00000000,0.08100736
121.00000000,2113.00000000,0.08081142
121.00000000,2114.00000000,0.08086220
121.00000000,2115.00000000,0.08113783
121.00000000,2116.00000000,0.08143928
121.00000000,2117.00000000,0.08175854
121.00000000,2118.00000000,0.08202209
121.00000000,2119.00000000,0.08200954
121.00000000,2120.00000000,0.08202313
121.00000000,2121.00000000,0.08240640
121.00000000,2122.00000000,0.08278212
121.00000000,2123.00000000,0.08294680
121.00000000,2124.00000000,0.08367728
121.00000000,2125.00000000,0.08450717
121.00000000,2126.00000000,0.08516723
121.00000000,2127.00000000,0.08561414
121.00000000,2128.00000000,0.08606369
121.00000000,2129.00000000,0.08651591
121.00000000,2130.00000000,0.08697023
121.00000000,2131.00000000,0.08742670
121.00000000,2132.00000000,0.08802415
121.00000000,2133.00000000,0.08862376
121.00000000,2134.00000000,0.08922554
121.00000000,2135.00000000,0.08982940
121.00000000,2136.00000000,0.09043525
121.00000000,2137.00000000,0.09104307
121.00000000,2138.00000000,0.09165277
121.00000000,2139.00000000,0.09226426
121.00000000,2140.00000000,0.09287753
121.00000000,2141.00000000,0.09349248
121.00000000,2142.00000000,0.09404765
121.00000000,2143.00000000,0.09460442
121.00000000,2144.00000000,0.09516272
121.00000000,2145.00000000,0.09572260
121.00000000,2146.00000000,0.09628401
121.00000000,2147.00000000,0.09684693
121.00000000,2148.00000000,0.09741142
121.00000000,2149.00000000,0.09797746
121.00000000,2150.00000000,0.09854504
121.00000000,2151.00000000,0.09911482
121.00000000,2152.00000000,0.09981601
121.00000000,2153.00000000,0.10052238
121.00000000,2154.00000000,0.10123471
121.00000000,2155.00000000,0.10195332
121.00000000,2156.00000000,0.10267829
121.00000000,2157.00000000,0.10340967
121.00000000,2158.00000000,0.10414736
121.00000000,2159.00000000,0.10489129
121.00000000,2160.00000000,0.10564135
121.00000000,2161.00000000,0.10639740
121.00000000,2162.00000000,0.10725274
121.00000000,2163.00000000,0.10811399
121.00000000,2164.00000000,0.10898097
121.00000000,2165.00000000,0.10985363
121.00000000,2166.00000000,0.11073178
121.00000000,2167.00000000,0.11161526
121.00000000,2168.00000000,0.11250402
121.00000000,2169.00000000,0.11339785
121.00000000,2170.00000000,0.11429670
121.00000000,2171.00000000,0.11520041
121.00000000,2172.00000000,0.11610352
121.00000000,2173.00000000,0.11701128
121.00000000,2174.00000000,0.11792354
121.00000000,2175.00000000,0.11884014
121.00000000,2176.00000000,0.11976103
121.00000000,2177.00000000,0.12068606
121.00000000,2178.00000000,0.12161507
121.00000000,2179.00000000,0.12254802
121.00000000,2180.00000000,0.12348470
121.00000000,2181.00000000,0.12442495
121.00000000,2182.00000000,0.12516153
121.00000000,2183.00000000,0.12590094
121.00000000,2184.00000000,0.12664317
121.00000000,2185.00000000,0.12738812
121.00000000,2186.00000000,0.12813568
121.00000000,2187.00000000,0.12888586
121.00000000,2188.00000000,0.12963855
121.00000000,2189.00000000,0.13039363
121.00000000,2190.00000000,0.13115110
121.00000000,2191.00000000,0.13191081
121.00000000,2192.00000000,0.13248402
121.00000000,2193.00000000,0.13305886
121.00000000,2194.00000000,0.13363520
121.00000000,2195.00000000,0.13421311
121.00000000,2196.00000000,0.13479251
121.00000000,2197.00000000,0.13537337
121.00000000,2198.00000000,0.13595570
121.00000000,2199.00000000,0.13653943
121.00000000,2200.00000000,0.13712451
121.00000000,2201.00000000,0.13771092
121.00000000,2202.00000000,0.13819219
121.00000000,2203.00000000,0.13867436
121.00000000,2204.00000000,0.13915750
121.00000000,2205.00000000,0.13964154
121.00000000,2206.00000000,0.14012653
121.00000000,2207.00000000,0.14061241
121.00000000,2208.00000000,0.14109915
121.00000000,2209.00000000,0.14158680
121.00000000,2210.00000000,0.14207529
121.00000000,2211.00000000,0.14256455
121.00000000,2212.00000000,0.14294372
121.00000000,2213.00000000,0.14332333
121.00000000,2214.00000000,0.14370336
121.00000000,2215.00000000,0.14408386
121.00000000,2216.00000000,0.14446484
121.00000000,2217.00000000,0.14484623
121.00000000,2218.00000000,0.14522814
121.00000000,2219.00000000,0.14561046
121.00000000,2220.00000000,0.14599330
121.00000000,2221.00000000,0.14637658
121.00000000,2222.00000000,0.14667413
121.00000000,2223.00000000,0.14697192
121.00000000,2224.00000000,0.14726987
121.00000000,2225.00000000,0.14756798
121.00000000,2226.00000000,0.14786635
121.00000000,2227.00000000,0.14816494
121.00000000,2228.00000000,0.14846368
121.00000000,2229.00000000,0.14876273
121.00000000,2230.00000000,0.14906195
121.00000000,2231.00000000,0.14936146
121.00000000,2232.00000000,0.14966121
121.00000000,2233.00000000,0.14996117
121.00000000,2234.00000000,0.15026143
121.00000000,2235.00000000,0.15056198
121.00000000,2236.00000000,0.15086272
121.00000000,2237.00000000,0.15116379
121.00000000,2238.00000000,0.15146513
121.00000000,2239.00000000,0.15176671
121.00000000,2240.00000000,0.15206864
121.00000000,2241.00000000,0.15237084
121.00000000,2242.00000000,0.15267327
121.00000000,2243.00000000,0.15297602
121.00000000,2244.00000000,0.15327903
121.00000000,2245.00000000,0.15358239
121.00000000,2246.00000000,0.15388603
121.00000000,2247.00000000,0.15418991
121.00000000,2248.00000000,0.15449413
121.00000000,2249.00000000,0.15479849
121.00000000,2250.00000000,0.15510185
121.00000000,2251.00000000,0.15540234
121.00000000,2252.00000000,0.15569807
121.00000000,2253.00000000,0.15598792
121.00000000,2254.00000000,0.15627159
121.00000000,2255.00000000,0.15654875
121.00000000,2256.00000000,0.15681950
121.00000000,2257.00000000,0.15708381
121.00000000,2258.00000000,0.15734158
121.00000000,2259.00000000,0.15759304
121.00000000,2260.00000000,0.15783824
121.00000000,2261.00000000,0.15807726
121.00000000,2262.00000000,0.15831042
121.00000000,2263.00000000,0.15853790
121.00000000,2264.00000000,0.15875978
121.00000000,2265.00000000,0.15897631
121.00000000,2266.00000000,0.15918745
121.00000000,2267.00000000,0.15939339
121.00000000,2268.00000000,0.15959418
121.00000000,2269.00000000,0.15978978
121.00000000,2270.00000000,0.15998033
121.00000000,2271.00000000,0.16016579
121.00000000,2272.00000000,0.15972728
121.00000000,2273.00000000,0.15928273
121.00000000,2274.00000000,0.15883221
121.00000000,2275.00000000,0.15837585
121.00000000,2276.00000000,0.15791396
121.00000000,2277.00000000,0.15744658
121.00000000,2278.00000000,0.15697387
121.00000000,2279.00000000,0.15649607
121.00000000,2280.00000000,0.15601321
121.00000000,2281.00000000,0.15552555
121.00000000,2282.00000000,0.15503314
121.00000000,2283.00000000,0.15453609
121.00000000,2284.00000000,0.15403464
121.00000000,2285.00000000,0.15352882
121.00000000,2286.00000000,0.15301876
121.00000000,2287.00000000,0.15250460
121.00000000,2288.00000000,0.15198647
121.00000000,2289.00000000,0.15146439
121.00000000,2290.00000000,0.15093859
121.00000000,2291.00000000,0.15040905
121.00000000,2292.00000000,0.14987597
121.00000000,2293.00000000,0.14933944
121.00000000,2294.00000000,0.14879946
121.00000000,2295.00000000,0.14825625
121.00000000,2296.00000000,0.14770984
121.00000000,2297.00000000,0.14716025
121.00000000,2298.00000000,0.14660768
121.00000000,2299.00000000,0.14605217
121.00000000,2300.00000000,0.14549374
121.00000000,2301.00000000,0.14493258
121.00000000,2302.00000000,0.14436868
121.00000000,2303.00000000,0.14380207
121.00000000,2304.00000000,0.14323292
121.00000000,2305.00000000,0.14266119
121.00000000,2306.00000000,0.14208705
121.00000000,2307.00000000,0.14151052
121.00000000,2308.00000000,0.14093162
121.00000000,2309.00000000,0.14035050
121.00000000,2310.00000000,0.13976716
121.00000000,2311.00000000,0.13918167
121.00000000,2312.00000000,0.13859412
121.00000000,2313.00000000,0.13800457
121.00000000,2314.00000000,0.13741302
121.00000000,2315.00000000,0.13681958
121.00000000,2316.00000000,0.13622427
121.00000000,2317.00000000,0.13562718
121.00000000,2318.00000000,0.13502833
121.00000000,2319.00000000,0.13442776
121.00000000,2320.00000000,0.13382558
121.00000000,2321.00000000,0.13322179
121.00000000,2322.00000000,0.13261639
121.00000000,2323.00000000,0.13200953
121.00000000,2324.00000000,0.13140120
121.00000000,2325.00000000,0.13079139
121.00000000,2326.00000000,0.13018025
121.00000000,2327.00000000,0.12956778
121.00000000,2328.00000000,0.12895396
121.00000000,2329.00000000,0.12833891
121.00000000,2330.00000000,0.12772261
121.00000000,2331.00000000,0.12710517
121.00000000,2332.00000000,0.12648658
121.00000000,2333.00000000,0.12586683
121.00000000,2334.00000000,0.12524605
121.00000000,2335.00000000,0.12462424
121.00000000,2336.00000000,0.12400139
121.00000000,2337.00000000,0.12337759
121.00000000,2338.00000000,0.12275286
121.00000000,2339.00000000,0.12212719
121.00000000,2340.00000000,0.12150068
121.00000000,2341.00000000,0.12087328
121.00000000,2342.00000000,0.12024510
121.00000000,2343.00000000,0.11961615
121.00000000,2344.00000000,0.11898641
121.00000000,2345.00000000,0.11835598
121.00000000,2346.00000000,0.11772485
121.00000000,2347.00000000,0.11709301
121.00000000,2348.00000000,0.11646057
121.00000000,2349.00000000,0.11582752
121.00000000,2350.00000000,0.11519384
121.00000000,2351.00000000,0.11455964
121.00000000,2352.00000000,0.11392487
121.00000000,2353.00000000,0.11328963
121.00000000,2354.00000000,0.11265391
121.00000000,2355.00000000,0.11201770
121.00000000,2356.00000000,0.11138109
121.00000000,2357.00000000,0.11074410
121.00000000,2358.00000000,0.11010666
121.00000000,2359.00000000,0.10946892
121.00000000,2360.00000000,0.10883084
121.00000000,2361.00000000,0.10819240
121.00000000,2362.00000000,0.10755371
121.00000000,2363.00000000,0.10691476
121.00000000,2364.00000000,0.10627553
121.00000000,2365.00000000,0.10563612
121.00000000,2366.00000000,0.10499648
121.00000000,2367.00000000,0.10435672
121.00000000,2368.00000000,0.10371684
121.00000000,2369.00000000,0.10307689
121.00000000,2370.00000000,0.10257212
121.00000000,2371.00000000,0.10246526
121.00000000,2372.00000000,0.10246729
121.00000000,2373.00000000,0.10246956
121.00000000,2374.00000000,0.10247201
121.00000000,2375.00000000,0.10247462
121.00000000,2376.00000000,0.10247746
121.00000000,2377.00000000,0.10249748
121.00000000,2378.00000000,0.10251773
121.00000000,2379.00000000,0.10253814
121.00000000,2380.00000000,0.10255868
121.00000000,2381.00000000,0.10257942
121.00000000,2382.00000000,0.10256662
121.00000000,2383.00000000,0.10255391
121.00000000,2384.00000000,0.10254137
121.00000000,2385.00000000,0.10252898
121.00000000,2386.00000000,0.10251667
121.00000000,2387.00000000,0.10250453
121.00000000,2388.00000000,0.10249252
121.00000000,2389.00000000,0.10248058
121.00000000,2390.00000000,0.10246881
121.00000000,2391.00000000,0.10245710
121.00000000,2392.00000000,0.10244555
121.00000000,2393.00000000,0.10243411
121.00000000,2394.00000000,0.10242273
121.00000000,2395.00000000,0.10241150
121.00000000,2396.00000000,0.10240037
121.00000000,2397.00000000,0.10238784
121.00000000,2398.00000000,0.10237544
121.00000000,2399.00000000,0.10236314
121.00000000,2400.00000000,0.10235090
121.00000000,2401.00000000,0.10233878
121.00000000,2402.00000000,0.10232671
121.00000000,2403.00000000,0.10231477
121.00000000,2404.00000000,0.10230292
121.00000000,2405.00000000,0.10229110
121.00000000,2406.00000000,0.10227943
121.00000000,2407.00000000,0.10226784
121.00000000,2408.00000000,0.10225627
121.00000000,2409.00000000,0.10224484
121.00000000,2410.00000000,0.10223348
121.00000000,2411.00000000,0.10222216
121.00000000,2412.00000000,0.10221095
121.00000000,2413.00000000,0.10219976
121.00000000,2414.00000000,0.10218869
121.00000000,2415.00000000,0.10217769
121.00000000,2416.00000000,0.10216671
121.00000000,2417.00000000,0.10215585
121.00000000,2418.00000000,0.10214505
121.00000000,2419.00000000,0.10213426
121.00000000,2420.00000000,0.10212358
121.00000000,2421.00000000,0.10211296
121.00000000,2422.00000000,0.10210558
121.00000000,2423.00000000,0.10209833
121.00000000,2424.00000000,0.10209112
121.00000000,2425.00000000,0.10208392
121.00000000,2426.00000000,0.10207682
121.00000000,2427.00000000,0.10206972
121.00000000,2428.00000000,0.10206273
121.00000000,2429.00000000,0.10205577
121.00000000,2430.00000000,0.10204883
121.00000000,2431.00000000,0.10204198
121.00000000,2432.00000000,0.10203517
121.00000000,2433.00000000,0.10202835
121.00000000,2434.00000000,0.10202163
121.00000000,2435.00000000,0.10201495
121.00000000,2436.00000000,0.10200826
121.00000000,2437.00000000,0.10200166
121.00000000,2438.00000000,0.10199504
121.00000000,2439.00000000,0.10198852
121.00000000,2440.00000000,0.10198204
121.00000000,2441.00000000,0.10197554
121.00000000,2442.00000000,0.10196912
121.00000000,2443.00000000,0.10196273
121.00000000,2444.00000000,0.10195633
121.00000000,2445.00000000,0.10195000
121.00000000,2446.00000000,0.10194372
121.00000000,2447.00000000,0.10193741
121.00000000,2448.00000000,0.10193117
121.00000000,2449.00000000,0.10192498
121.00000000,2450.00000000,0.10191874
121.00000000,2451.00000000,0.10191260
121.00000000,2452.00000000,0.10190641
121.00000000,2453.00000000,0.10190031
121.00000000,2454.00000000,0.10189423
121.00000000,2455.00000000,0.10188810
121.00000000,2456.00000000,0.10188206
121.00000000,2457.00000000,0.10187603
121.00000000,2458.00000000,0.10186996
121.00000000,2459.00000000,0.10186397
121.00000000,2460.00000000,0.10185799
121.00000000,2461.00000000,0.10185196
121.00000000,2462.00000000,0.10184601
121.00000000,2463.00000000,0.10184001
121.00000000,2464.00000000,0.10183409
121.00000000,2465.00000000,0.10182818
121.00000000,2466.00000000,0.10182222
121.00000000,2467.00000000,0.10181634
121.00000000,2468.00000000,0.10181047
121.00000000,2469.00000000,0.10180455
121.00000000,2470.00000000,0.10179869
121.00000000,2471.00000000,0.10179285
121.00000000,2472.00000000,0.10178604
121.00000000,2473.00000000,0.10177929
121.00000000,2474.00000000,0.10177256
121.00000000,2475.00000000,0.10176577
121.00000000,2476.00000000,0.10175905
121.00000000,2477.00000000,0.10175226
121.00000000,2478.00000000,0.10174556
121.00000000,2479.00000000,0.10173885
121.00000000,2480.00000000,0.10173210
121.00000000,2481.00000000,0.10172541
121.00000000,2482.00000000,0.10171874
121.00000000,2483.00000000,0.10171200
121.00000000,2484.00000000,0.10170532
121.00000000,2485.00000000,0.10169866
121.00000000,2486.00000000,0.10169193
121.00000000,2487.00000000,0.10168528
121.00000000,2488.00000000,0.10167857
121.00000000,2489.00000000,0.10167192
121.00000000,2490.00000000,0.10166528
121.00000000,2491.00000000,0.10165857
121.00000000,2492.00000000,0.10165193
121.00000000,2493.00000000,0.10164530
121.00000000,2494.00000000,0.10163860
121.00000000,2495.00000000,0.10163197
121.00000000,2496.00000000,0.10162534
121.00000000,2497.00000000,0.10161865
121.00000000,2498.00000000,0.10161202
121.00000000,2499.00000000,0.10160533
121.00000000,2500.00000000,0.10159872
122.00000000,1765.00000000,0.07301056
122.00000000,1766.00000000,0.07301037
122.00000000,1767.00000000,0.07301042
122.00000000,1768.00000000,0.07301060
122.00000000,1769.00000000,0.07301083
122.00000000,1770.00000000,0.07301120
122.00000000,1771.00000000,0.07301183
122.00000000,1772.00000000,0.07301243
122.00000000,1773.00000000,0.07301335
122.00000000,1774.00000000,0.07301409
122.00000000,1775.00000000,0.07301510
122.00000000,1776.00000000,0.07301633
122.00000000,1777.00000000,0.07301784
122.00000000,1778.00000000,0.07301926
122.00000000,1779.00000000,0.07302088
122.00000000,1780.00000000,0.07302264
122.00000000,1781.00000000,0.07302451
122.00000000,1782.00000000,0.07302651
122.00000000,1783.00000000,0.07302871
122.00000000,1784.00000000,0.07303075
122.00000000,1785.00000000,0.07303311
122.00000000,1786.00000000,0.07303552
122.00000000,1787.00000000,0.07303799
122.00000000,1788.00000000,0.07304056
122.00000000,1789.00000000,0.07304325
122.00000000,1790.00000000,0.07304607
122.00000000,1791.00000000,0.07304888
122.00000000,1792.00000000,0.07305178
122.00000000,1793.00000000,0.07305464
122.00000000,1794.00000000,0.07305772
122.00000000,1795.00000000,0.07306078
122.00000000,1796.00000000,0.07306399
122.00000000,1797.00000000,0.07306719
122.00000000,1798.00000000,0.07307051
122.00000000,1799.00000000,0.07307374
122.00000000,1800.00000000,0.07307707
122.00000000,1801.00000000,0.07308055
122.00000000,1802.00000000,0.07308395
122.00000000,1803.00000000,0.07308736
122.00000000,1804.00000000,0.07309081
122.00000000,1805.00000000,0.07309441
122.00000000,1806.00000000,0.07309791
122.00000000,1807.00000000,0.07310147
122.00000000,1808.00000000,0.07310506
122.00000000,1809.00000000,0.07310876
122.00000000,1810.00000000,0.07311241
122.00000000,1811.00000000,0.07311607
122.00000000,1812.00000000,0.07311980
122.00000000,1813.00000000,0.07312351
122.00000000,1814.00000000,0.07312723
122.00000000,1815.00000000,0.07313095
122.00000000,1816.00000000,0.07313473
122.00000000,1817.00000000,0.07313851
122.00000000,1818.00000000,0.07314228
122.00000000,1819.00000000,0.07314604
122.00000000,1820.00000000,0.07314982
122.00000000,1821.00000000,0.07315357
122.00000000,1822.00000000,0.07315733
122.00000000,1823.00000000,0.07316120
122.00000000,1824.00000000,0.07316498
122.00000000,1825.00000000,0.07316872
122.00000000,1826.00000000,0.07317263
122.00000000,1827.00000000,0.07317629
122.00000000,1828.00000000,0.07318009
122.00000000,1829.00000000,0.07318391
122.00000000,1830.00000000,0.07318771
122.00000000,1831.00000000,0.07319131
122.00000000,1832.00000000,0.07319510
122.00000000,1833.00000000,0.07319878
122.00000000,1834.00000000,0.07320246
122.00000000,1835.00000000,0.07320620
122.00000000,1836.00000000,0.07320980
122.00000000,1837.00000000,0.07321343
122.00000000,1838.00000000,0.07321705
122.00000000,1839.00000000,0.07322069
122.00000000,1840.00000000,0.07322420
122.00000000,1841.00000000,0.07322776
122.00000000,1842.00000000,0.07323133
122.00000000,1843.00000000,0.07323485
122.00000000,1844.00000000,0.07323837
122.00000000,1845.00000000,0.07324180
122.00000000,1846.00000000,0.07324524
122.00000000,1847.00000000,0.07324862
122.00000000,1848.00000000,0.07325202
122.00000000,1849.00000000,0.07325536
122.00000000,1850.00000000,0.07325870
122.00000000,1851.00000000,0.07326194
122.00000000,1852.00000000,0.07326517
122.00000000,1853.00000000,0.07326871
122.00000000,1854.00000000,0.07327240
122.00000000,1855.00000000,0.07327608
122.00000000,1856.00000000,0.07327960
122.00000000,1857.00000000,0.07328308
122.00000000,1858.00000000,0.07328652
122.00000000,1859.00000000,0.07328979
122.00000000,1860.00000000,0.07329312
122.00000000,1861.00000000,0.07329639
122.00000000,1862.00000000,0.07329941
122.00000000,1863.00000000,0.07330188
122.00000000,1864.00000000,0.07330379
122.00000000,1865.00000000,0.07330539
122.00000000,1866.00000000,0.07330662
122.00000000,1867.00000000,0.07330756
122.00000000,1868.00000000,0.07330828
122.00000000,1869.00000000,0.07330875
122.00000000,1870.00000000,0.07330900
122.00000000,1871.00000000,0.07330911
122.00000000,1872.00000000,0.07330936
122.00000000,1873.00000000,0.07331032
122.00000000,1874.00000000,0.07331183
122.00000000,1875.00000000,0.07331366
122.00000000,1876.00000000,0.07331581
122.00000000,1877.00000000,0.07331813
122.00000000,1878.00000000,0.07332067
122.00000000,1879.00000000,0.07332339
122.00000000,1880.00000000,0.07332620
122.00000000,1881.00000000,0.07332909
122.00000000,1882.00000000,0.07333203
122.00000000,1883.00000000,0.07333460
122.00000000,1884.00000000,0.07333685
122.00000000,1885.00000000,0.07333892
122.00000000,1886.00000000,0.07334091
122.00000000,1887.00000000,0.07334285
122.00000000,1888.00000000,0.07335145
122.00000000,1889.00000000,0.07335315
122.00000000,1890.00000000,0.07335466
122.00000000,1891.00000000,0.07335591
122.00000000,1892.00000000,0.07335698
122.00000000,1893.00000000,0.07336028
122.00000000,1894.00000000,0.07336138
122.00000000,1895.00000000,0.07336267
122.00000000,1896.00000000,0.07336405
122.00000000,1897.00000000,0.07336547
122.00000000,1898.00000000,0.07336689
122.00000000,1899.00000000,0.07336817
122.00000000,1900.00000000,0.07336922
122.00000000,1901.00000000,0.07337008
122.00000000,1902.00000000,0.07337114
122.00000000,1903.00000000,0.07337463
122.00000000,1904.00000000,0.07337603
122.00000000,1905.00000000,0.07337767
122.00000000,1906.00000000,0.07337960
122.00000000,1907.00000000,0.07338169
122.00000000,1908.00000000,0.07338379
122.00000000,1909.00000000,0.07338587
122.00000000,1910.00000000,0.07338801
122.00000000,1911.00000000,0.07339008
122.00000000,1912.00000000,0.07339155
122.00000000,1913.00000000,0.07339450
122.00000000,1914.00000000,0.07339432
122.00000000,1915.00000000,0.07339369
122.00000000,1916.00000000,0.07339309
122.00000000,1917.00000000,0.07339249
122.00000000,1918.00000000,0.07339173
122.00000000,1919.00000000,0.07339337
122.00000000,1920.00000000,0.07339327
122.00000000,1921.00000000,0.07339381
122.00000000,1922.00000000,0.07339754
122.00000000,1923.00000000,0.07339972
122.00000000,1924.00000000,0.07340657
122.00000000,1925.00000000,0.07340651
122.00000000,1926.00000000,0.07340866
122.00000000,1927.00000000,0.07341085
122.00000000,1928.00000000,0.07341541
122.00000000,1929.00000000,0.07341765
122.00000000,1930.00000000,0.07342011
122.00000000,1931.00000000,0.07342360
122.00000000,1932.00000000,0.07342835
122.00000000,1933.00000000,0.07343607
122.00000000,1934.00000000,0.07344211
122.00000000,1935.00000000,0.07344809
122.00000000,1936.00000000,0.07345358
122.00000000,1937.00000000,0.07346047
122.00000000,1938.00000000,0.07346612
122.00000000,1939.00000000,0.07347098
122.00000000,1940.00000000,0.07347294
122.00000000,1941.00000000,0.07347397
122.00000000,1942.00000000,0.07347399
122.00000000,1943.00000000,0.07347332
122.00000000,1944.00000000,0.07347451
122.00000000,1945.00000000,0.07347564
122.00000000,1946.00000000,0.07347538
122.00000000,1947.00000000,0.07347908
122.00000000,1948.00000000,0.07348135
122.00000000,1949.00000000,0.07348588
122.00000000,1950.00000000,0.07348812
122.00000000,1951.00000000,0.07349020
122.00000000,1952.00000000,0.07350660
122.00000000,1953.00000000,0.07350738
122.00000000,1954.00000000,0.07351042
122.00000000,1955.00000000,0.07351602
122.00000000,1956.00000000,0.07351941
122.00000000,1957.00000000,0.07352474
122.00000000,1958.00000000,0.07353654
122.00000000,1959.00000000,0.07353872
122.00000000,1960.00000000,0.07354136
122.00000000,1961.00000000,0.07354235
122.00000000,1962.00000000,0.07354483
122.00000000,1963.00000000,0.07354418
122.00000000,1964.00000000,0.07354479
122.00000000,1965.00000000,0.07354187
122.00000000,1966.00000000,0.07353987
122.00000000,1967.00000000,0.07354119
122.00000000,1968.00000000,0.07353196
122.00000000,1969.00000000,0.07352751
122.00000000,1970.00000000,0.07351624
122.00000000,1971.00000000,0.07350629
122.00000000,1972.00000000,0.07349467
122.00000000,1973.00000000,0.07347058
122.00000000,1974.00000000,0.07345054
122.00000000,1975.00000000,0.07342660
122.00000000,1976.00000000,0.07342018
122.00000000,1977.00000000,0.07339583
122.00000000,1978.00000000,0.07337804
122.00000000,1979.00000000,0.07335087
122.00000000,1980.00000000,0.07332300
122.00000000,1981.00000000,0.07330398
122.00000000,1982.00000000,0.07329351
122.00000000,1983.00000000,0.07327800
122.00000000,1984.00000000,0.07326191
122.00000000,1985.00000000,0.07325997
122.00000000,1986.00000000,0.07326217
122.00000000,1987.00000000,0.07326304
122.00000000,1988.00000000,0.07325520
122.00000000,1989.00000000,0.07325898
122.00000000,1990.00000000,0.07325520
122.00000000,1991.00000000,0.07325590
122.00000000,1992.00000000,0.07325285
122.00000000,1993.00000000,0.07325958
122.00000000,1994.00000000,0.07328562
122.00000000,1995.00000000,0.07329923
122.00000000,1996.00000000,0.07326598
122.00000000,1997.00000000,0.07328609
122.00000000,1998.00000000,0.07328092
122.00000000,1999.00000000,0.07327572
122.00000000,2000.00000000,0.07326727
122.00000000,2001.00000000,0.07328666
122.00000000,2002.00000000,0.07333252
122.00000000,2003.00000000,0.07333600
122.00000000,2004.00000000,0.07335179
122.00000000,2005.00000000,0.07337177
122.00000000,2006.00000000,0.07335901
122.00000000,2007.00000000,0.07334032
122.00000000,2008.00000000,0.07332283
122.00000000,2009.00000000,0.07332475
122.00000000,2010.00000000,0.07336415
122.00000000,2011.00000000,0.07332989
122.00000000,2012.00000000,0.07335786
122.00000000,2013.00000000,0.07335453
122.00000000,2014.00000000,0.07331767
122.00000000,2015.00000000,0.07326513
122.00000000,2016.00000000,0.07324813
122.00000000,2017.00000000,0.07325117
122.00000000,2018.00000000,0.07323002
122.00000000,2019.00000000,0.07322472
122.00000000,2020.00000000,0.07322651
122.00000000,2021.00000000,0.07326425
122.00000000,2022.00000000,0.07326747
122.00000000,2023.00000000,0.07324964
122.00000000,2024.00000000,0.07322210
122.00000000,2025.00000000,0.07327516
122.00000000,2026.00000000,0.07323062
122.00000000,2027.00000000,0.07325574
122.00000000,2028.00000000,0.07329108
122.00000000,2029.00000000,0.07339783
122.00000000,2030.00000000,0.07326069
122.00000000,2031.00000000,0.07327378
122.00000000,2032.00000000,0.07328362
122.00000000,2033.00000000,0.07325503
122.00000000,2034.00000000,0.07328169
122.00000000,2035.00000000,0.07335240
122.00000000,2036.00000000,0.07308021
122.00000000,2037.00000000,0.07298295
122.00000000,2038.00000000,0.07304727
122.00000000,2039.00000000,0.07309067
122.00000000,2040.00000000,0.07297478
122.00000000,2041.00000000,0.07261822
122.00000000,2042.00000000,0.07281338
122.00000000,2043.00000000,0.07245741
122.00000000,2044.00000000,0.07246880
122.00000000,2045.00000000,0.07265707
122.00000000,2046.00000000,0.07256023
122.00000000,2047.00000000,0.07250289
122.00000000,2048.00000000,0.07243571
122.00000000,2049.00000000,0.07251906
122.00000000,2050.00000000,0.07243872
122.00000000,2051.00000000,0.07252109
122.00000000,2052.00000000,0.07223607
122.00000000,2053.00000000,0.07190579
122.00000000,2054.00000000,0.07161763
122.00000000,2055.00000000,0.07162381
122.00000000,2056.00000000,0.07170141
122.00000000,2057.00000000,0.07172361
122.00000000,2058.00000000,0.07184869
122.00000000,2059.00000000,0.07192254
122.00000000,2060.00000000,0.07168931
122.00000000,2061.00000000,0.07170197
122.00000000,2062.00000000,0.07183427
122.00000000,2063.00000000,0.07181672
122.00000000,2064.00000000,0.07174421
122.00000000,2065.00000000,0.07175880
122.00000000,2066.00000000,0.07165647
122.00000000,2067.00000000,0.07110997
122.00000000,2068.00000000,0.07119137
122.00000000,2069.00000000,0.07143238
122.00000000,2070.00000000,0.07151596
122.00000000,2071.00000000,0.07133968
122.00000000,2072.00000000,0.07170472
122.00000000,2073.00000000,0.07192184
122.00000000,2074.00000000,0.07191562
122.00000000,2075.00000000,0.07194741
122.00000000,2076.00000000,0.07193934
122.00000000,2077.00000000,0.07224967
122.00000000,2078.00000000,0.07247449
122.00000000,2079.00000000,0.07261385
122.00000000,2080.00000000,0.07269032
122.00000000,2081.00000000,0.07291571
122.00000000,2082.00000000,0.07310875
122.00000000,2083.00000000,0.07310546
122.00000000,2084.00000000,0.07328584
122.00000000,2085.00000000,0.07355417
122.00000000,2086.00000000,0.07384944
122.00000000,2087.00000000,0.07410070
122.00000000,2088.00000000,0.07440085
122.00000000,2089.00000000,0.07459433
122.00000000,2090.00000000,0.07493309
122.00000000,2091.00000000,0.07534431
122.00000000,2092.00000000,0.07588609
122.00000000,2093.00000000,0.07618662
122.00000000,2094.00000000,0.07651551
122.00000000,2095.00000000,0.07698285
122.00000000,2096.00000000,0.07699758
122.00000000,2097.00000000,0.07693895
122.00000000,2098.00000000,0.07747654
122.00000000,2099.00000000,0.07777226
122.00000000,2100.00000000,0.07793009
122.00000000,2101.00000000,0.07850034
122.00000000,2102.00000000,0.07840067
122.00000000,2103.00000000,0.07808650
122.00000000,2104.00000000,0.07802004
122.00000000,2105.00000000,0.07800432
122.00000000,2106.00000000,0.07838290
122.00000000,2107.00000000,0.07871238
122.00000000,2108.00000000,0.07906811
122.00000000,2109.00000000,0.07938045
122.00000000,2110.00000000,0.07982963
122.00000000,2111.00000000,0.08011021
122.00000000,2112.00000000,0.08025387
122.00000000,2113.00000000,0.08047038
122.00000000,2114.00000000,0.08027706
122.00000000,2115.00000000,0.08032879
122.00000000,2116.00000000,0.08060385
122.00000000,2117.00000000,0.08090451
122.00000000,2118.00000000,0.08122281
122.00000000,2119.00000000,0.08148573
122.00000000,2120.00000000,0.08147429
122.00000000,2121.00000000,0.08148876
122.00000000,2122.00000000,0.08187051
122.00000000,2123.00000000,0.08224472
122.00000000,2124.00000000,0.08240922
122.00000000,2125.00000000,0.08313586
122.00000000,2126.00000000,0.08396128
122.00000000,2127.00000000,0.08461794
122.00000000,2128.00000000,0.08506281
122.00000000,2129.00000000,0.08551028
122.00000000,2130.00000000,0.08596039
122.00000000,2131.00000000,0.08641258
122.00000000,2132.00000000,0.08686687
122.00000000,2133.00000000,0.08746125
122.00000000,2134.00000000,0.08805776
122.00000000,2135.00000000,0.08865642
122.00000000,2136.00000000,0.08925713
122.00000000,2137.00000000,0.08985980
122.00000000,2138.00000000,0.09046442
122.00000000,2139.00000000,0.09107091
122.00000000,2140.00000000,0.09167916
122.00000000,2141.00000000,0.09228917
122.00000000,2142.00000000,0.09290085
122.00000000,2143.00000000,0.09345311
122.00000000,2144.00000000,0.09400696
122.00000000,2145.00000000,0.09456232
122.00000000,2146.00000000,0.09511924
122.00000000,2147.00000000,0.09567768
122.00000000,2148.00000000,0.09623762
122.00000000,2149.00000000,0.09679911
122.00000000,2150.00000000,0.09736214
122.00000000,2151.00000000,0.09792725
122.00000000,2152.00000000,0.09849601
122.00000000,2153.00000000,0.09919681
122.00000000,2154.00000000,0.09990349
122.00000000,2155.00000000,0.10061648
122.00000000,2156.00000000,0.10133583
122.00000000,2157.00000000,0.10206150
122.00000000,2158.00000000,0.10279351
122.00000000,2159.00000000,0.10353168
122.00000000,2160.00000000,0.10427598
122.00000000,2161.00000000,0.10502627
122.00000000,2162.00000000,0.10578242
122.00000000,2163.00000000,0.10663718
122.00000000,2164.00000000,0.10749774
122.00000000,2165.00000000,0.10836391
122.00000000,2166.00000000,0.10923564
122.00000000,2167.00000000,0.11011276
122.00000000,2168.00000000,0.11099510
122.00000000,2169.00000000,0.11188262
122.00000000,2170.00000000,0.11277513
122.00000000,2171.00000000,0.11367257
122.00000000,2172.00000000,0.11457479
122.00000000,2173.00000000,0.11547637
122.00000000,2174.00000000,0.11638252
122.00000000,2175.00000000,0.11729310
122.00000000,2176.00000000,0.11820795
122.00000000,2177.00000000,0.11912704
122.00000000,2178.00000000,0.12005022
122.00000000,2179.00000000,0.12097731
122.00000000,2180.00000000,0.12190829
122.00000000,2181.00000000,0.12284297
122.00000000,2182.00000000,0.12378115
122.00000000,2183.00000000,0.12451670
122.00000000,2184.00000000,0.12525502
122.00000000,2185.00000000,0.12599612
122.00000000,2186.00000000,0.12673990
122.00000000,2187.00000000,0.12748626
122.00000000,2188.00000000,0.12823519
122.00000000,2189.00000000,0.12898662
122.00000000,2190.00000000,0.12974041
122.00000000,2191.00000000,0.13049655
122.00000000,2192.00000000,0.13125491
122.00000000,2193.00000000,0.13182767
122.00000000,2194.00000000,0.13240203
122.00000000,2195.00000000,0.13297786
122.00000000,2196.00000000,0.13355525
122.00000000,2197.00000000,0.13413412
122.00000000,2198.00000000,0.13471442
122.00000000,2199.00000000,0.13529617
122.00000000,2200.00000000,0.13587931
122.00000000,2201.00000000,0.13646377
122.00000000,2202.00000000,0.13704956
122.00000000,2203.00000000,0.13753072
122.00000000,2204.00000000,0.13801273
122.00000000,2205.00000000,0.13849575
122.00000000,2206.00000000,0.13897962
122.00000000,2207.00000000,0.13946444
122.00000000,2208.00000000,0.13995015
122.00000000,2209.00000000,0.14043669
122.00000000,2210.00000000,0.14092414
122.00000000,2211.00000000,0.14141241
122.00000000,2212.00000000,0.14190147
122.00000000,2213.00000000,0.14228094
122.00000000,2214.00000000,0.14266084
122.00000000,2215.00000000,0.14304116
122.00000000,2216.00000000,0.14342198
122.00000000,2217.00000000,0.14380324
122.00000000,2218.00000000,0.14418491
122.00000000,2219.00000000,0.14456710
122.00000000,2220.00000000,0.14494970
122.00000000,2221.00000000,0.14533281
122.00000000,2222.00000000,0.14571636
122.00000000,2223.00000000,0.14601458
122.00000000,2224.00000000,0.14631302
122.00000000,2225.00000000,0.14661167
122.00000000,2226.00000000,0.14691044
122.00000000,2227.00000000,0.14720947
122.00000000,2228.00000000,0.14750871
122.00000000,2229.00000000,0.14780814
122.00000000,2230.00000000,0.14810784
122.00000000,2231.00000000,0.14840773
122.00000000,2232.00000000,0.14870793
122.00000000,2233.00000000,0.14900836
122.00000000,2234.00000000,0.14930900
122.00000000,2235.00000000,0.14960994
122.00000000,2236.00000000,0.14991115
122.00000000,2237.00000000,0.15021259
122.00000000,2238.00000000,0.15051438
122.00000000,2239.00000000,0.15081642
122.00000000,2240.00000000,0.15111871
122.00000000,2241.00000000,0.15142132
122.00000000,2242.00000000,0.15172425
122.00000000,2243.00000000,0.15202739
122.00000000,2244.00000000,0.15233089
122.00000000,2245.00000000,0.15263462
122.00000000,2246.00000000,0.15293869
122.00000000,2247.00000000,0.15324310
122.00000000,2248.00000000,0.15354773
122.00000000,2249.00000000,0.15385253
122.00000000,2250.00000000,0.15415643
122.00000000,2251.00000000,0.15445740
122.00000000,2252.00000000,0.15475371
122.00000000,2253.00000000,0.15504424
122.00000000,2254.00000000,0.15532849
122.00000000,2255.00000000,0.15560644
122.00000000,2256.00000000,0.15587791
122.00000000,2257.00000000,0.15614301
122.00000000,2258.00000000,0.15640172
122.00000000,2259.00000000,0.15665406
122.00000000,2260.00000000,0.15690024
122.00000000,2261.00000000,0.15714035
122.00000000,2262.00000000,0.15737454
122.00000000,2263.00000000,0.15760318
122.00000000,2264.00000000,0.15782631
122.00000000,2265.00000000,0.15804402
122.00000000,2266.00000000,0.15825654
122.00000000,2267.00000000,0.15846380
122.00000000,2268.00000000,0.15866600
122.00000000,2269.00000000,0.15886317
122.00000000,2270.00000000,0.15905527
122.00000000,2271.00000000,0.15924244
122.00000000,2272.00000000,0.15942464
122.00000000,2273.00000000,0.15898584
122.00000000,2274.00000000,0.15854110
122.00000000,2275.00000000,0.15809056
122.00000000,2276.00000000,0.15763429
122.00000000,2277.00000000,0.15717261
122.00000000,2278.00000000,0.15670556
122.00000000,2279.00000000,0.15623329
122.00000000,2280.00000000,0.15575604
122.00000000,2281.00000000,0.15527383
122.00000000,2282.00000000,0.15478691
122.00000000,2283.00000000,0.15429534
122.00000000,2284.00000000,0.15379923
122.00000000,2285.00000000,0.15329880
122.00000000,2286.00000000,0.15279409
122.00000000,2287.00000000,0.15228521
122.00000000,2288.00000000,0.15177232
122.00000000,2289.00000000,0.15125553
122.00000000,2290.00000000,0.15073486
122.00000000,2291.00000000,0.15021055
122.00000000,2292.00000000,0.14968256
122.00000000,2293.00000000,0.14915111
122.00000000,2294.00000000,0.14861625
122.00000000,2295.00000000,0.14807802
122.00000000,2296.00000000,0.14753661
122.00000000,2297.00000000,0.14699205
122.00000000,2298.00000000,0.14644438
122.00000000,2299.00000000,0.14589378
122.00000000,2300.00000000,0.14534027
122.00000000,2301.00000000,0.14478392
122.00000000,2302.00000000,0.14422483
122.00000000,2303.00000000,0.14366307
122.00000000,2304.00000000,0.14309863
122.00000000,2305.00000000,0.14253168
122.00000000,2306.00000000,0.14196220
122.00000000,2307.00000000,0.14139035
122.00000000,2308.00000000,0.14081615
122.00000000,2309.00000000,0.14023960
122.00000000,2310.00000000,0.13966088
122.00000000,2311.00000000,0.13908000
122.00000000,2312.00000000,0.13849696
122.00000000,2313.00000000,0.13791192
122.00000000,2314.00000000,0.13732489
122.00000000,2315.00000000,0.13673588
122.00000000,2316.00000000,0.13614504
122.00000000,2317.00000000,0.13555232
122.00000000,2318.00000000,0.13495787
122.00000000,2319.00000000,0.13436170
122.00000000,2320.00000000,0.13376380
122.00000000,2321.00000000,0.13316432
122.00000000,2322.00000000,0.13256326
122.00000000,2323.00000000,0.13196061
122.00000000,2324.00000000,0.13135652
122.00000000,2325.00000000,0.13075098
122.00000000,2326.00000000,0.13014400
122.00000000,2327.00000000,0.12953569
122.00000000,2328.00000000,0.12892604
122.00000000,2329.00000000,0.12831509
122.00000000,2330.00000000,0.12770293
122.00000000,2331.00000000,0.12708951
122.00000000,2332.00000000,0.12647497
122.00000000,2333.00000000,0.12585930
122.00000000,2334.00000000,0.12524250
122.00000000,2335.00000000,0.12462466
122.00000000,2336.00000000,0.12400581
122.00000000,2337.00000000,0.12338591
122.00000000,2338.00000000,0.12276510
122.00000000,2339.00000000,0.12214337
122.00000000,2340.00000000,0.12152068
122.00000000,2341.00000000,0.12089718
122.00000000,2342.00000000,0.12027281
122.00000000,2343.00000000,0.11964767
122.00000000,2344.00000000,0.11902175
122.00000000,2345.00000000,0.11839505
122.00000000,2346.00000000,0.11776767
122.00000000,2347.00000000,0.11713959
122.00000000,2348.00000000,0.11651082
122.00000000,2349.00000000,0.11588145
122.00000000,2350.00000000,0.11525147
122.00000000,2351.00000000,0.11462088
122.00000000,2352.00000000,0.11398976
122.00000000,2353.00000000,0.11335809
122.00000000,2354.00000000,0.11272595
122.00000000,2355.00000000,0.11209334
122.00000000,2356.00000000,0.11146024
122.00000000,2357.00000000,0.11082675
122.00000000,2358.00000000,0.11019285
122.00000000,2359.00000000,0.10955855
122.00000000,2360.00000000,0.10892392
122.00000000,2361.00000000,0.10828897
122.00000000,2362.00000000,0.10765366
122.00000000,2363.00000000,0.10701810
122.00000000,2364.00000000,0.10638228
122.00000000,2365.00000000,0.10574618
122.00000000,2366.00000000,0.10510990
122.00000000,2367.00000000,0.10447339
122.00000000,2368.00000000,0.10383677
122.00000000,2369.00000000,0.10320002
122.00000000,2370.00000000,0.10256321
122.00000000,2371.00000000,0.10206090
122.00000000,2372.00000000,0.10195454
122.00000000,2373.00000000,0.10195653
122.00000000,2374.00000000,0.10195876
122.00000000,2375.00000000,0.10196117
122.00000000,2376.00000000,0.10196373
122.00000000,2377.00000000,0.10196652
122.00000000,2378.00000000,0.10198641
122.00000000,2379.00000000,0.10200653
122.00000000,2380.00000000,0.10202680
122.00000000,2381.00000000,0.10204720
122.00000000,2382.00000000,0.10206781
122.00000000,2383.00000000,0.10205504
122.00000000,2384.00000000,0.10204235
122.00000000,2385.00000000,0.10202985
122.00000000,2386.00000000,0.10201747
122.00000000,2387.00000000,0.10200520
122.00000000,2388.00000000,0.10199308
122.00000000,2389.00000000,0.10198109
122.00000000,2390.00000000,0.10196917
122.00000000,2391.00000000,0.10195742
122.00000000,2392.00000000,0.10194574
122.00000000,2393.00000000,0.10193420
122.00000000,2394.00000000,0.10192278
122.00000000,2395.00000000,0.10191143
122.00000000,2396.00000000,0.10190022
122.00000000,2397.00000000,0.10188910
122.00000000,2398.00000000,0.10187659
122.00000000,2399.00000000,0.10186422
122.00000000,2400.00000000,0.10185195
122.00000000,2401.00000000,0.10183972
122.00000000,2402.00000000,0.10182762
122.00000000,2403.00000000,0.10181557
122.00000000,2404.00000000,0.10180365
122.00000000,2405.00000000,0.10179183
122.00000000,2406.00000000,0.10178005
122.00000000,2407.00000000,0.10176839
122.00000000,2408.00000000,0.10175682
122.00000000,2409.00000000,0.10174528
122.00000000,2410.00000000,0.10173387
122.00000000,2411.00000000,0.10172254
122.00000000,2412.00000000,0.10171122
122.00000000,2413.00000000,0.10170004
122.00000000,2414.00000000,0.10168888
122.00000000,2415.00000000,0.10167783
122.00000000,2416.00000000,0.10166684
122.00000000,2417.00000000,0.10165588
122.00000000,2418.00000000,0.10164504
122.00000000,2419.00000000,0.10163425
122.00000000,2420.00000000,0.10162347
122.00000000,2421.00000000,0.10161281
122.00000000,2422.00000000,0.10160220
122.00000000,2423.00000000,0.10159482
122.00000000,2424.00000000,0.10158756
122.00000000,2425.00000000,0.10158036
122.00000000,2426.00000000,0.10157315
122.00000000,2427.00000000,0.10156605
122.00000000,2428.00000000,0.10155894
122.00000000,2429.00000000,0.10155194
122.00000000,2430.00000000,0.10154499
122.00000000,2431.00000000,0.10153803
122.00000000,2432.00000000,0.10153117
122.00000000,2433.00000000,0.10152435
122.00000000,2434.00000000,0.10151752
122.00000000,2435.00000000,0.10151079
122.00000000,2436.00000000,0.10150411
122.00000000,2437.00000000,0.10149741
122.00000000,2438.00000000,0.10149080
122.00000000,2439.00000000,0.10148418
122.00000000,2440.00000000,0.10147765
122.00000000,2441.00000000,0.10147115
122.00000000,2442.00000000,0.10146463
122.00000000,2443.00000000,0.10145820
122.00000000,2444.00000000,0.10145182
122.00000000,2445.00000000,0.10144540
122.00000000,2446.00000000,0.10143906
122.00000000,2447.00000000,0.10143277
122.00000000,2448.00000000,0.10142644
122.00000000,2449.00000000,0.10142019
122.00000000,2450.00000000,0.10141399
122.00000000,2451.00000000,0.10140773
122.00000000,2452.00000000,0.10140158
122.00000000,2453.00000000,0.10139537
122.00000000,2454.00000000,0.10138925
122.00000000,2455.00000000,0.10138315
122.00000000,2456.00000000,0.10137700
122.00000000,2457.00000000,0.10137094
122.00000000,2458.00000000,0.10136489
122.00000000,2459.00000000,0.10135880
122.00000000,2460.00000000,0.10135279
122.00000000,2461.00000000,0.10134679
122.00000000,2462.00000000,0.10134074
122.00000000,2463.00000000,0.10133477
122.00000000,2464.00000000,0.10132876
122.00000000,2465.00000000,0.10132282
122.00000000,2466.00000000,0.10131688
122.00000000,2467.00000000,0.10131091
122.00000000,2468.00000000,0.10130500
122.00000000,2469.00000000,0.10129911
122.00000000,2470.00000000,0.10129316
122.00000000,2471.00000000,0.10128729
122.00000000,2472.00000000,0.10128144
122.00000000,2473.00000000,0.10127460
122.00000000,2474.00000000,0.10126784
122.00000000,2475.00000000,0.10126108
122.00000000,2476.00000000,0.10125428
122.00000000,2477.00000000,0.10124755
122.00000000,2478.00000000,0.10124075
122.00000000,2479.00000000,0.10123402
122.00000000,2480.00000000,0.10122732
122.00000000,2481.00000000,0.10122053
122.00000000,2482.00000000,0.10121384
122.00000000,2483.00000000,0.10120714
122.00000000,2484.00000000,0.10120038
122.00000000,2485.00000000,0.10119370
122.00000000,2486.00000000,0.10118702
122.00000000,2487.00000000,0.10118027
122.00000000,2488.00000000,0.10117360
122.00000000,2489.00000000,0.10116686
122.00000000,2490.00000000,0.10116020
122.00000000,2491.00000000,0.10115355
122.00000000,2492.00000000,0.10114682
122.00000000,2493.00000000,0.10114016
122.00000000,2494.00000000,0.10113352
122.00000000,2495.00000000,0.10112680
122.00000000,2496.00000000,0.10112015
122.00000000,2497.00000000,0.10111350
122.00000000,2498.00000000,0.10110679
122.00000000,2499.00000000,0.10110015
122.00000000,2500.00000000,0.10109345
123.00000000,1765.00000000,0.07257833
123.00000000,1766.00000000,0.07257846
123.00000000,1767.00000000,0.07257832
123.00000000,1768.00000000,0.07257845
123.00000000,1769.00000000,0.07257874
123.00000000,1770.00000000,0.07257910
123.00000000,1771.00000000,0.07257960
123.00000000,1772.00000000,0.07258037
123.00000000,1773.00000000,0.07258110
123.00000000,1774.00000000,0.07258216
123.00000000,1775.00000000,0.07258303
123.00000000,1776.00000000,0.07258418
123.00000000,1777.00000000,0.07258553
123.00000000,1778.00000000,0.07258718
123.00000000,1779.00000000,0.07258871
123.00000000,1780.00000000,0.07259046
123.00000000,1781.00000000,0.07259234
123.00000000,1782.00000000,0.07259430
123.00000000,1783.00000000,0.07259641
123.00000000,1784.00000000,0.07259870
123.00000000,1785.00000000,0.07260082
123.00000000,1786.00000000,0.07260327
123.00000000,1787.00000000,0.07260576
123.00000000,1788.00000000,0.07260830
123.00000000,1789.00000000,0.07261094
123.00000000,1790.00000000,0.07261370
123.00000000,1791.00000000,0.07261659
123.00000000,1792.00000000,0.07261946
123.00000000,1793.00000000,0.07262239
123.00000000,1794.00000000,0.07262531
123.00000000,1795.00000000,0.07262844
123.00000000,1796.00000000,0.07263153
123.00000000,1797.00000000,0.07263478
123.00000000,1798.00000000,0.07263802
123.00000000,1799.00000000,0.07264135
123.00000000,1800.00000000,0.07264462
123.00000000,1801.00000000,0.07264797
123.00000000,1802.00000000,0.07265146
123.00000000,1803.00000000,0.07265488
123.00000000,1804.00000000,0.07265829
123.00000000,1805.00000000,0.07266176
123.00000000,1806.00000000,0.07266537
123.00000000,1807.00000000,0.07266888
123.00000000,1808.00000000,0.07267245
123.00000000,1809.00000000,0.07267605
123.00000000,1810.00000000,0.07267974
123.00000000,1811.00000000,0.07268341
123.00000000,1812.00000000,0.07268706
123.00000000,1813.00000000,0.07269078
123.00000000,1814.00000000,0.07269449
123.00000000,1815.00000000,0.07269820
123.00000000,1816.00000000,0.07270191
123.00000000,1817.00000000,0.07270568
123.00000000,1818.00000000,0.07270944
123.00000000,1819.00000000,0.07271319
123.00000000,1820.00000000,0.07271693
123.00000000,1821.00000000,0.07272070
123.00000000,1822.00000000,0.07272443
123.00000000,1823.00000000,0.07272817
123.00000000,1824.00000000,0.07273202
123.00000000,1825.00000000,0.07273578
123.00000000,1826.00000000,0.07273949
123.00000000,1827.00000000,0.07274337
123.00000000,1828.00000000,0.07274701
123.00000000,1829.00000000,0.07275078
123.00000000,1830.00000000,0.07275457
123.00000000,1831.00000000,0.07275832
123.00000000,1832.00000000,0.07276187
123.00000000,1833.00000000,0.07276563
123.00000000,1834.00000000,0.07276926
123.00000000,1835.00000000,0.07277292
123.00000000,1836.00000000,0.07277662
123.00000000,1837.00000000,0.07278017
123.00000000,1838.00000000,0.07278376
123.00000000,1839.00000000,0.07278734
123.00000000,1840.00000000,0.07279093
123.00000000,1841.00000000,0.07279440
123.00000000,1842.00000000,0.07279791
123.00000000,1843.00000000,0.07280144
123.00000000,1844.00000000,0.07280491
123.00000000,1845.00000000,0.07280837
123.00000000,1846.00000000,0.07281176
123.00000000,1847.00000000,0.07281514
123.00000000,1848.00000000,0.07281847
123.00000000,1849.00000000,0.07282182
123.00000000,1850.00000000,0.07282510
123.00000000,1851.00000000,0.07282836
123.00000000,1852.00000000,0.07283152
123.00000000,1853.00000000,0.07283506
123.00000000,1854.00000000,0.07283872
123.00000000,1855.00000000,0.07284234
123.00000000,1856.00000000,0.07284588
123.00000000,1857.00000000,0.07284928
123.00000000,1858.00000000,0.07285265
123.00000000,1859.00000000,0.07285601
123.00000000,1860.00000000,0.07285921
123.00000000,1861.00000000,0.07286244
123.00000000,1862.00000000,0.07286550
123.00000000,1863.00000000,0.07286788
123.00000000,1864.00000000,0.07286981
123.00000000,1865.00000000,0.07287132
123.00000000,1866.00000000,0.07287256
123.00000000,1867.00000000,0.07287349
123.00000000,1868.00000000,0.07287416
123.00000000,1869.00000000,0.07287460
123.00000000,1870.00000000,0.07287482
123.00000000,1871.00000000,0.07287490
123.00000000,1872.00000000,0.07287513
123.00000000,1873.00000000,0.07287604
123.00000000,1874.00000000,0.07287748
123.00000000,1875.00000000,0.07287929
123.00000000,1876.00000000,0.07288137
123.00000000,1877.00000000,0.07288367
123.00000000,1878.00000000,0.07288612
123.00000000,1879.00000000,0.07288877
123.00000000,1880.00000000,0.07289152
123.00000000,1881.00000000,0.07289432
123.00000000,1882.00000000,0.07289720
123.00000000,1883.00000000,0.07289966
123.00000000,1884.00000000,0.07290182
123.00000000,1885.00000000,0.07290380
123.00000000,1886.00000000,0.07290567
123.00000000,1887.00000000,0.07290749
123.00000000,1888.00000000,0.07290924
123.00000000,1889.00000000,0.07291752
123.00000000,1890.00000000,0.07291888
123.00000000,1891.00000000,0.07292006
123.00000000,1892.00000000,0.07292098
123.00000000,1893.00000000,0.07292191
123.00000000,1894.00000000,0.07292517
123.00000000,1895.00000000,0.07292634
123.00000000,1896.00000000,0.07292764
123.00000000,1897.00000000,0.07292893
123.00000000,1898.00000000,0.07293024
123.00000000,1899.00000000,0.07293143
123.00000000,1900.00000000,0.07293239
123.00000000,1901.00000000,0.07293317
123.00000000,1902.00000000,0.07293414
123.00000000,1903.00000000,0.07293525
123.00000000,1904.00000000,0.07293881
123.00000000,1905.00000000,0.07294037
123.00000000,1906.00000000,0.07294221
123.00000000,1907.00000000,0.07294425
123.00000000,1908.00000000,0.07294622
123.00000000,1909.00000000,0.07294822
123.00000000,1910.00000000,0.07295030
123.00000000,1911.00000000,0.07295227
123.00000000,1912.00000000,0.07295368
123.00000000,1913.00000000,0.07295428
123.00000000,1914.00000000,0.07295627
123.00000000,1915.00000000,0.07295563
123.00000000,1916.00000000,0.07295495
123.00000000,1917.00000000,0.07295427
123.00000000,1918.00000000,0.07295349
123.00000000,1919.00000000,0.07295277
123.00000000,1920.00000000,0.07295487
123.00000000,1921.00000000,0.07295538
123.00000000,1922.00000000,0.07295677
123.00000000,1923.00000000,0.07296110
123.00000000,1924.00000000,0.07296336
123.00000000,1925.00000000,0.07296999
123.00000000,1926.00000000,0.07296984
123.00000000,1927.00000000,0.07297193
123.00000000,1928.00000000,0.07297417
123.00000000,1929.00000000,0.07297864
123.00000000,1930.00000000,0.07298100
123.00000000,1931.00000000,0.07298441
123.00000000,1932.00000000,0.07298906
123.00000000,1933.00000000,0.07299444
123.00000000,1934.00000000,0.07300264
123.00000000,1935.00000000,0.07300853
123.00000000,1936.00000000,0.07301394
123.00000000,1937.00000000,0.07301847
123.00000000,1938.00000000,0.07302406
123.00000000,1939.00000000,0.07302881
123.00000000,1940.00000000,0.07303295
123.00000000,1941.00000000,0.07303391
123.00000000,1942.00000000,0.07303386
123.00000000,1943.00000000,0.07303320
123.00000000,1944.00000000,0.07303201
123.00000000,1945.00000000,0.07303310
123.00000000,1946.00000000,0.07303508
123.00000000,1947.00000000,0.07303640
123.00000000,1948.00000000,0.07304081
123.00000000,1949.00000000,0.07304306
123.00000000,1950.00000000,0.07304744
123.00000000,1951.00000000,0.07304948
123.00000000,1952.00000000,0.07305220
123.00000000,1953.00000000,0.07306865
123.00000000,1954.00000000,0.07306934
123.00000000,1955.00000000,0.07307261
123.00000000,1956.00000000,0.07307814
123.00000000,1957.00000000,0.07308119
123.00000000,1958.00000000,0.07308601
123.00000000,1959.00000000,0.07309712
123.00000000,1960.00000000,0.07309747
123.00000000,1961.00000000,0.07309838
123.00000000,1962.00000000,0.07309846
123.00000000,1963.00000000,0.07310004
123.00000000,1964.00000000,0.07309830
123.00000000,1965.00000000,0.07309756
123.00000000,1966.00000000,0.07309324
123.00000000,1967.00000000,0.07308994
123.00000000,1968.00000000,0.07308973
123.00000000,1969.00000000,0.07307844
123.00000000,1970.00000000,0.07307163
123.00000000,1971.00000000,0.07305717
123.00000000,1972.00000000,0.07304324
123.00000000,1973.00000000,0.07302821
123.00000000,1974.00000000,0.07300138
123.00000000,1975.00000000,0.07297972
123.00000000,1976.00000000,0.07295538
123.00000000,1977.00000000,0.07294905
123.00000000,1978.00000000,0.07292458
123.00000000,1979.00000000,0.07290650
123.00000000,1980.00000000,0.07287873
123.00000000,1981.00000000,0.07285079
123.00000000,1982.00000000,0.07283366
123.00000000,1983.00000000,0.07282715
123.00000000,1984.00000000,0.07281558
123.00000000,1985.00000000,0.07280246
123.00000000,1986.00000000,0.07280221
123.00000000,1987.00000000,0.07280511
123.00000000,1988.00000000,0.07280602
123.00000000,1989.00000000,0.07279789
123.00000000,1990.00000000,0.07280102
123.00000000,1991.00000000,0.07279692
123.00000000,1992.00000000,0.07279800
123.00000000,1993.00000000,0.07279540
123.00000000,1994.00000000,0.07280304
123.00000000,1995.00000000,0.07282966
123.00000000,1996.00000000,0.07284323
123.00000000,1997.00000000,0.07280960
123.00000000,1998.00000000,0.07282880
123.00000000,1999.00000000,0.07282343
123.00000000,2000.00000000,0.07281829
123.00000000,2001.00000000,0.07280957
123.00000000,2002.00000000,0.07282826
123.00000000,2003.00000000,0.07287377
123.00000000,2004.00000000,0.07287604
123.00000000,2005.00000000,0.07288906
123.00000000,2006.00000000,0.07290507
123.00000000,2007.00000000,0.07288850
123.00000000,2008.00000000,0.07286643
123.00000000,2009.00000000,0.07284591
123.00000000,2010.00000000,0.07284495
123.00000000,2011.00000000,0.07288144
123.00000000,2012.00000000,0.07284482
123.00000000,2013.00000000,0.07286992
123.00000000,2014.00000000,0.07286391
123.00000000,2015.00000000,0.07282461
123.00000000,2016.00000000,0.07276979
123.00000000,2017.00000000,0.07275039
123.00000000,2018.00000000,0.07275099
123.00000000,2019.00000000,0.07272767
123.00000000,2020.00000000,0.07272023
123.00000000,2021.00000000,0.07271997
123.00000000,2022.00000000,0.07275560
123.00000000,2023.00000000,0.07275719
123.00000000,2024.00000000,0.07273809
123.00000000,2025.00000000,0.07270950
123.00000000,2026.00000000,0.07276106
123.00000000,2027.00000000,0.07271580
123.00000000,2028.00000000,0.07273980
123.00000000,2029.00000000,0.07277399
123.00000000,2030.00000000,0.07287917
123.00000000,2031.00000000,0.07274216
123.00000000,2032.00000000,0.07275419
123.00000000,2033.00000000,0.07276273
123.00000000,2034.00000000,0.07273300
123.00000000,2035.00000000,0.07275802
123.00000000,2036.00000000,0.07282673
123.00000000,2037.00000000,0.07255501
123.00000000,2038.00000000,0.07245699
123.00000000,2039.00000000,0.07251943
123.00000000,2040.00000000,0.07256114
123.00000000,2041.00000000,0.07244473
123.00000000,2042.00000000,0.07208922
123.00000000,2043.00000000,0.07228127
123.00000000,2044.00000000,0.07192609
123.00000000,2045.00000000,0.07193557
123.00000000,2046.00000000,0.07212063
123.00000000,2047.00000000,0.07202268
123.00000000,2048.00000000,0.07196402
123.00000000,2049.00000000,0.07189565
123.00000000,2050.00000000,0.07197676
123.00000000,2051.00000000,0.07189545
123.00000000,2052.00000000,0.07197574
123.00000000,2053.00000000,0.07169144
123.00000000,2054.00000000,0.07136231
123.00000000,2055.00000000,0.07107506
123.00000000,2056.00000000,0.07108000
123.00000000,2057.00000000,0.07115588
123.00000000,2058.00000000,0.07117681
123.00000000,2059.00000000,0.07129992
123.00000000,2060.00000000,0.07137222
123.00000000,2061.00000000,0.07113993
123.00000000,2062.00000000,0.07115210
123.00000000,2063.00000000,0.07128357
123.00000000,2064.00000000,0.07126667
123.00000000,2065.00000000,0.07119541
123.00000000,2066.00000000,0.07121069
123.00000000,2067.00000000,0.07111001
123.00000000,2068.00000000,0.07056848
123.00000000,2069.00000000,0.07065009
123.00000000,2070.00000000,0.07089008
123.00000000,2071.00000000,0.07097389
123.00000000,2072.00000000,0.07080011
123.00000000,2073.00000000,0.07116397
123.00000000,2074.00000000,0.07138125
123.00000000,2075.00000000,0.07137692
123.00000000,2076.00000000,0.07141038
123.00000000,2077.00000000,0.07140420
123.00000000,2078.00000000,0.07171402
123.00000000,2079.00000000,0.07193886
123.00000000,2080.00000000,0.07207882
123.00000000,2081.00000000,0.07215629
123.00000000,2082.00000000,0.07238173
123.00000000,2083.00000000,0.07257521
123.00000000,2084.00000000,0.07257382
123.00000000,2085.00000000,0.07275477
123.00000000,2086.00000000,0.07302301
123.00000000,2087.00000000,0.07331793
123.00000000,2088.00000000,0.07356907
123.00000000,2089.00000000,0.07386870
123.00000000,2090.00000000,0.07406232
123.00000000,2091.00000000,0.07440019
123.00000000,2092.00000000,0.07481016
123.00000000,2093.00000000,0.07534996
123.00000000,2094.00000000,0.07565031
123.00000000,2095.00000000,0.07597881
123.00000000,2096.00000000,0.07644479
123.00000000,2097.00000000,0.07646123
123.00000000,2098.00000000,0.07640473
123.00000000,2099.00000000,0.07694031
123.00000000,2100.00000000,0.07723558
123.00000000,2101.00000000,0.07739392
123.00000000,2102.00000000,0.07796203
123.00000000,2103.00000000,0.07786493
123.00000000,2104.00000000,0.07755482
123.00000000,2105.00000000,0.07749074
123.00000000,2106.00000000,0.07747701
123.00000000,2107.00000000,0.07785489
123.00000000,2108.00000000,0.07818394
123.00000000,2109.00000000,0.07853899
123.00000000,2110.00000000,0.07885089
123.00000000,2111.00000000,0.07929866
123.00000000,2112.00000000,0.07957888
123.00000000,2113.00000000,0.07972300
123.00000000,2114.00000000,0.07993944
123.00000000,2115.00000000,0.07974866
123.00000000,2116.00000000,0.07980128
123.00000000,2117.00000000,0.08007571
123.00000000,2118.00000000,0.08037554
123.00000000,2119.00000000,0.08069286
123.00000000,2120.00000000,0.08095510
123.00000000,2121.00000000,0.08094471
123.00000000,2122.00000000,0.08096003
123.00000000,2123.00000000,0.08134024
123.00000000,2124.00000000,0.08171293
123.00000000,2125.00000000,0.08187721
123.00000000,2126.00000000,0.08260004
123.00000000,2127.00000000,0.08342101
123.00000000,2128.00000000,0.08407430
123.00000000,2129.00000000,0.08451713
123.00000000,2130.00000000,0.08496253
123.00000000,2131.00000000,0.08541054
123.00000000,2132.00000000,0.08586059
123.00000000,2133.00000000,0.08631272
123.00000000,2134.00000000,0.08690405
123.00000000,2135.00000000,0.08749747
123.00000000,2136.00000000,0.08809302
123.00000000,2137.00000000,0.08869059
123.00000000,2138.00000000,0.08929012
123.00000000,2139.00000000,0.08989156
123.00000000,2140.00000000,0.09049485
123.00000000,2141.00000000,0.09109990
123.00000000,2142.00000000,0.09170668
123.00000000,2143.00000000,0.09231511
123.00000000,2144.00000000,0.09286448
123.00000000,2145.00000000,0.09341543
123.00000000,2146.00000000,0.09396789
123.00000000,2147.00000000,0.09452188
123.00000000,2148.00000000,0.09507737
123.00000000,2149.00000000,0.09563436
123.00000000,2150.00000000,0.09619288
123.00000000,2151.00000000,0.09675345
123.00000000,2152.00000000,0.09731756
123.00000000,2153.00000000,0.09788673
123.00000000,2154.00000000,0.09858786
123.00000000,2155.00000000,0.09929516
123.00000000,2156.00000000,0.10000888
123.00000000,2157.00000000,0.10072892
123.00000000,2158.00000000,0.10145522
123.00000000,2159.00000000,0.10218773
123.00000000,2160.00000000,0.10292627
123.00000000,2161.00000000,0.10367079
123.00000000,2162.00000000,0.10442117
123.00000000,2163.00000000,0.10517726
123.00000000,2164.00000000,0.10603134
123.00000000,2165.00000000,0.10689108
123.00000000,2166.00000000,0.10775635
123.00000000,2167.00000000,0.10862706
123.00000000,2168.00000000,0.10950306
123.00000000,2169.00000000,0.11038419
123.00000000,2170.00000000,0.11127041
123.00000000,2171.00000000,0.11216151
123.00000000,2172.00000000,0.11305750
123.00000000,2173.00000000,0.11395817
123.00000000,2174.00000000,0.11485814
123.00000000,2175.00000000,0.11576264
123.00000000,2176.00000000,0.11667150
123.00000000,2177.00000000,0.11758456
123.00000000,2178.00000000,0.11850182
123.00000000,2179.00000000,0.11942310
123.00000000,2180.00000000,0.12034825
123.00000000,2181.00000000,0.12127724
123.00000000,2182.00000000,0.12220988
123.00000000,2183.00000000,0.12314599
123.00000000,2184.00000000,0.12388047
123.00000000,2185.00000000,0.12461769
123.00000000,2186.00000000,0.12535762
123.00000000,2187.00000000,0.12610022
123.00000000,2188.00000000,0.12684536
123.00000000,2189.00000000,0.12759304
123.00000000,2190.00000000,0.12834318
123.00000000,2191.00000000,0.12909566
123.00000000,2192.00000000,0.12985047
123.00000000,2193.00000000,0.13060749
123.00000000,2194.00000000,0.13117976
123.00000000,2195.00000000,0.13175364
123.00000000,2196.00000000,0.13232895
123.00000000,2197.00000000,0.13290583
123.00000000,2198.00000000,0.13348415
123.00000000,2199.00000000,0.13406388
123.00000000,2200.00000000,0.13464505
123.00000000,2201.00000000,0.13522759
123.00000000,2202.00000000,0.13581144
123.00000000,2203.00000000,0.13639661
123.00000000,2204.00000000,0.13687761
123.00000000,2205.00000000,0.13735950
123.00000000,2206.00000000,0.13784233
123.00000000,2207.00000000,0.13832605
123.00000000,2208.00000000,0.13881068
123.00000000,2209.00000000,0.13929620
123.00000000,2210.00000000,0.13978256
123.00000000,2211.00000000,0.14026980
123.00000000,2212.00000000,0.14075790
123.00000000,2213.00000000,0.14124674
123.00000000,2214.00000000,0.14162653
123.00000000,2215.00000000,0.14200673
123.00000000,2216.00000000,0.14238733
123.00000000,2217.00000000,0.14276842
123.00000000,2218.00000000,0.14314995
123.00000000,2219.00000000,0.14353191
123.00000000,2220.00000000,0.14391437
123.00000000,2221.00000000,0.14429725
123.00000000,2222.00000000,0.14468065
123.00000000,2223.00000000,0.14506450
123.00000000,2224.00000000,0.14536337
123.00000000,2225.00000000,0.14566248
123.00000000,2226.00000000,0.14596176
123.00000000,2227.00000000,0.14626119
123.00000000,2228.00000000,0.14656089
123.00000000,2229.00000000,0.14686081
123.00000000,2230.00000000,0.14716091
123.00000000,2231.00000000,0.14746128
123.00000000,2232.00000000,0.14776184
123.00000000,2233.00000000,0.14806269
123.00000000,2234.00000000,0.14836378
123.00000000,2235.00000000,0.14866510
123.00000000,2236.00000000,0.14896675
123.00000000,2237.00000000,0.14926866
123.00000000,2238.00000000,0.14957078
123.00000000,2239.00000000,0.14987324
123.00000000,2240.00000000,0.15017600
123.00000000,2241.00000000,0.15047899
123.00000000,2242.00000000,0.15078232
123.00000000,2243.00000000,0.15108593
123.00000000,2244.00000000,0.15138979
123.00000000,2245.00000000,0.15169403
123.00000000,2246.00000000,0.15199850
123.00000000,2247.00000000,0.15230332
123.00000000,2248.00000000,0.15260844
123.00000000,2249.00000000,0.15291364
123.00000000,2250.00000000,0.15321804
123.00000000,2251.00000000,0.15351956
123.00000000,2252.00000000,0.15381634
123.00000000,2253.00000000,0.15410746
123.00000000,2254.00000000,0.15439244
123.00000000,2255.00000000,0.15467101
123.00000000,2256.00000000,0.15494328
123.00000000,2257.00000000,0.15520912
123.00000000,2258.00000000,0.15546869
123.00000000,2259.00000000,0.15572199
123.00000000,2260.00000000,0.15596905
123.00000000,2261.00000000,0.15621018
123.00000000,2262.00000000,0.15644550
123.00000000,2263.00000000,0.15667517
123.00000000,2264.00000000,0.15689948
123.00000000,2265.00000000,0.15711846
123.00000000,2266.00000000,0.15733217
123.00000000,2267.00000000,0.15754082
123.00000000,2268.00000000,0.15774434
123.00000000,2269.00000000,0.15794293
123.00000000,2270.00000000,0.15813662
123.00000000,2271.00000000,0.15832535
123.00000000,2272.00000000,0.15850926
123.00000000,2273.00000000,0.15868832
123.00000000,2274.00000000,0.15824932
123.00000000,2275.00000000,0.15780450
123.00000000,2276.00000000,0.15735401
123.00000000,2277.00000000,0.15689792
123.00000000,2278.00000000,0.15643651
123.00000000,2279.00000000,0.15596989
123.00000000,2280.00000000,0.15549812
123.00000000,2281.00000000,0.15502148
123.00000000,2282.00000000,0.15453998
123.00000000,2283.00000000,0.15405385
123.00000000,2284.00000000,0.15356320
123.00000000,2285.00000000,0.15306807
123.00000000,2286.00000000,0.15256870
123.00000000,2287.00000000,0.15206514
123.00000000,2288.00000000,0.15155749
123.00000000,2289.00000000,0.15104590
123.00000000,2290.00000000,0.15053049
123.00000000,2291.00000000,0.15001127
123.00000000,2292.00000000,0.14948847
123.00000000,2293.00000000,0.14896206
123.00000000,2294.00000000,0.14843225
123.00000000,2295.00000000,0.14789910
123.00000000,2296.00000000,0.14736263
123.00000000,2297.00000000,0.14682303
123.00000000,2298.00000000,0.14628035
123.00000000,2299.00000000,0.14573460
123.00000000,2300.00000000,0.14518598
123.00000000,2301.00000000,0.14463449
123.00000000,2302.00000000,0.14408020
123.00000000,2303.00000000,0.14352320
123.00000000,2304.00000000,0.14296356
123.00000000,2305.00000000,0.14240129
123.00000000,2306.00000000,0.14183656
123.00000000,2307.00000000,0.14126932
123.00000000,2308.00000000,0.14069976
123.00000000,2309.00000000,0.14012788
123.00000000,2310.00000000,0.13955369
123.00000000,2311.00000000,0.13897737
123.00000000,2312.00000000,0.13839891
123.00000000,2313.00000000,0.13781833
123.00000000,2314.00000000,0.13723578
123.00000000,2315.00000000,0.13665127
123.00000000,2316.00000000,0.13606480
123.00000000,2317.00000000,0.13547653
123.00000000,2318.00000000,0.13488641
123.00000000,2319.00000000,0.13429459
123.00000000,2320.00000000,0.13370107
123.00000000,2321.00000000,0.13310585
123.00000000,2322.00000000,0.13250905
123.00000000,2323.00000000,0.13191070
123.00000000,2324.00000000,0.13131080
123.00000000,2325.00000000,0.13070947
123.00000000,2326.00000000,0.13010670
123.00000000,2327.00000000,0.12950250
123.00000000,2328.00000000,0.12889699
123.00000000,2329.00000000,0.12829019
123.00000000,2330.00000000,0.12768206
123.00000000,2331.00000000,0.12707275
123.00000000,2332.00000000,0.12646222
123.00000000,2333.00000000,0.12585056
123.00000000,2334.00000000,0.12523779
123.00000000,2335.00000000,0.12462388
123.00000000,2336.00000000,0.12400897
123.00000000,2337.00000000,0.12339305
123.00000000,2338.00000000,0.12277611
123.00000000,2339.00000000,0.12215825
123.00000000,2340.00000000,0.12153948
123.00000000,2341.00000000,0.12091978
123.00000000,2342.00000000,0.12029926
123.00000000,2343.00000000,0.11967787
123.00000000,2344.00000000,0.11905573
123.00000000,2345.00000000,0.11843283
123.00000000,2346.00000000,0.11780914
123.00000000,2347.00000000,0.11718478
123.00000000,2348.00000000,0.11655975
123.00000000,2349.00000000,0.11593400
123.00000000,2350.00000000,0.11530767
123.00000000,2351.00000000,0.11468076
123.00000000,2352.00000000,0.11405321
123.00000000,2353.00000000,0.11342517
123.00000000,2354.00000000,0.11279655
123.00000000,2355.00000000,0.11216750
123.00000000,2356.00000000,0.11153797
123.00000000,2357.00000000,0.11090795
123.00000000,2358.00000000,0.11027754
123.00000000,2359.00000000,0.10964674
123.00000000,2360.00000000,0.10901552
123.00000000,2361.00000000,0.10838399
123.00000000,2362.00000000,0.10775214
123.00000000,2363.00000000,0.10711991
123.00000000,2364.00000000,0.10648747
123.00000000,2365.00000000,0.10585474
123.00000000,2366.00000000,0.10522174
123.00000000,2367.00000000,0.10458857
123.00000000,2368.00000000,0.10395516
123.00000000,2369.00000000,0.10332165
123.00000000,2370.00000000,0.10268801
123.00000000,2371.00000000,0.10205430
123.00000000,2372.00000000,0.10155444
123.00000000,2373.00000000,0.10144858
123.00000000,2374.00000000,0.10145052
123.00000000,2375.00000000,0.10145271
123.00000000,2376.00000000,0.10145507
123.00000000,2377.00000000,0.10145759
123.00000000,2378.00000000,0.10146034
123.00000000,2379.00000000,0.10148009
123.00000000,2380.00000000,0.10150007
123.00000000,2381.00000000,0.10152021
123.00000000,2382.00000000,0.10154049
123.00000000,2383.00000000,0.10156095
123.00000000,2384.00000000,0.10154821
123.00000000,2385.00000000,0.10153555
123.00000000,2386.00000000,0.10152308
123.00000000,2387.00000000,0.10151074
123.00000000,2388.00000000,0.10149848
123.00000000,2389.00000000,0.10148639
123.00000000,2390.00000000,0.10147441
123.00000000,2391.00000000,0.10146253
123.00000000,2392.00000000,0.10145079
123.00000000,2393.00000000,0.10143913
123.00000000,2394.00000000,0.10142762
123.00000000,2395.00000000,0.10141622
123.00000000,2396.00000000,0.10140487
123.00000000,2397.00000000,0.10139367
123.00000000,2398.00000000,0.10138258
123.00000000,2399.00000000,0.10137009
123.00000000,2400.00000000,0.10135774
123.00000000,2401.00000000,0.10134548
123.00000000,2402.00000000,0.10133328
123.00000000,2403.00000000,0.10132121
123.00000000,2404.00000000,0.10130919
123.00000000,2405.00000000,0.10129730
123.00000000,2406.00000000,0.10128550
123.00000000,2407.00000000,0.10127375
123.00000000,2408.00000000,0.10126212
123.00000000,2409.00000000,0.10125056
123.00000000,2410.00000000,0.10123905
123.00000000,2411.00000000,0.10122766
123.00000000,2412.00000000,0.10121634
123.00000000,2413.00000000,0.10120505
123.00000000,2414.00000000,0.10119389
123.00000000,2415.00000000,0.10118273
123.00000000,2416.00000000,0.10117171
123.00000000,2417.00000000,0.10116075
123.00000000,2418.00000000,0.10114980
123.00000000,2419.00000000,0.10113897
123.00000000,2420.00000000,0.10112820
123.00000000,2421.00000000,0.10111744
123.00000000,2422.00000000,0.10110679
123.00000000,2423.00000000,0.10109619
123.00000000,2424.00000000,0.10108882
123.00000000,2425.00000000,0.10108155
123.00000000,2426.00000000,0.10107434
123.00000000,2427.00000000,0.10106712
123.00000000,2428.00000000,0.10106002
123.00000000,2429.00000000,0.10105291
123.00000000,2430.00000000,0.10104590
123.00000000,2431.00000000,0.10103894
123.00000000,2432.00000000,0.10103197
123.00000000,2433.00000000,0.10102511
123.00000000,2434.00000000,0.10101829
123.00000000,2435.00000000,0.10101146
123.00000000,2436.00000000,0.10100472
123.00000000,2437.00000000,0.10099803
123.00000000,2438.00000000,0.10099131
123.00000000,2439.00000000,0.10098470
123.00000000,2440.00000000,0.10097806
123.00000000,2441.00000000,0.10097152
123.00000000,2442.00000000,0.10096502
123.00000000,2443.00000000,0.10095849
123.00000000,2444.00000000,0.10095205
123.00000000,2445.00000000,0.10094564
123.00000000,2446.00000000,0.10093921
123.00000000,2447.00000000,0.10093287
123.00000000,2448.00000000,0.10092656
123.00000000,2449.00000000,0.10092021
123.00000000,2450.00000000,0.10091396
123.00000000,2451.00000000,0.10090774
123.00000000,2452.00000000,0.10090147
123.00000000,2453.00000000,0.10089530
123.00000000,2454.00000000,0.10088907
123.00000000,2455.00000000,0.10088293
123.00000000,2456.00000000,0.10087682
123.00000000,2457.00000000,0.10087065
123.00000000,2458.00000000,0.10086456
123.00000000,2459.00000000,0.10085850
123.00000000,2460.00000000,0.10085239
123.00000000,2461.00000000,0.10084635
123.00000000,2462.00000000,0.10084033
123.00000000,2463.00000000,0.10083427
123.00000000,2464.00000000,0.10082829
123.00000000,2465.00000000,0.10082225
123.00000000,2466.00000000,0.10081628
123.00000000,2467.00000000,0.10081034
123.00000000,2468.00000000,0.10080433
123.00000000,2469.00000000,0.10079841
123.00000000,2470.00000000,0.10079249
123.00000000,2471.00000000,0.10078653
123.00000000,2472.00000000,0.10078065
123.00000000,2473.00000000,0.10077476
123.00000000,2474.00000000,0.10076791
123.00000000,2475.00000000,0.10076113
123.00000000,2476.00000000,0.10075436
123.00000000,2477.00000000,0.10074753
123.00000000,2478.00000000,0.10074079
123.00000000,2479.00000000,0.10073398
123.00000000,2480.00000000,0.10072724
123.00000000,2481.00000000,0.10072051
123.00000000,2482.00000000,0.10071371
123.00000000,2483.00000000,0.10070700
123.00000000,2484.00000000,0.10070028
123.00000000,2485.00000000,0.10069351
123.00000000,2486.00000000,0.10068681
123.00000000,2487.00000000,0.10068012
123.00000000,2488.00000000,0.10067335
123.00000000,2489.00000000,0.10066666
123.00000000,2490.00000000,0.10065991
123.00000000,2491.00000000,0.10065323
123.00000000,2492.00000000,0.10064655
123.00000000,2493.00000000,0.10063981
123.00000000,2494.00000000,0.10063315
123.00000000,2495.00000000,0.10062647
123.00000000,2496.00000000,0.10061974
123.00000000,2497.00000000,0.10061308
123.00000000,2498.00000000,0.10060641
123.00000000,2499.00000000,0.10059968
123.00000000,2500.00000000,0.10059304
124.00000000,1765.00000000,0.07214954
124.00000000,1766.00000000,0.07214966
124.00000000,1767.00000000,0.07214984
124.00000000,1768.00000000,0.07214978
124.00000000,1769.00000000,0.07215003
124.00000000,1770.00000000,0.07215043
124.00000000,1771.00000000,0.07215093
124.00000000,1772.00000000,0.07215157
124.00000000,1773.00000000,0.07215247
124.00000000,1774.00000000,0.07215334
124.00000000,1775.00000000,0.07215452
124.00000000,1776.00000000,0.07215554
124.00000000,1777.00000000,0.07215681
124.00000000,1778.00000000,0.07215829
124.00000000,1779.00000000,0.07216005
124.00000000,1780.00000000,0.07216172
124.00000000,1781.00000000,0.07216358
124.00000000,1782.00000000,0.07216554
124.00000000,1783.00000000,0.07216761
124.00000000,1784.00000000,0.07216981
124.00000000,1785.00000000,0.07217218
124.00000000,1786.00000000,0.07217439
124.00000000,1787.00000000,0.07217693
124.00000000,1788.00000000,0.07217948
124.00000000,1789.00000000,0.07218210
124.00000000,1790.00000000,0.07218480
124.00000000,1791.00000000,0.07218763
124.00000000,1792.00000000,0.07219058
124.00000000,1793.00000000,0.07219348
124.00000000,1794.00000000,0.07219647
124.00000000,1795.00000000,0.07219943
124.00000000,1796.00000000,0.07220260
124.00000000,1797.00000000,0.07220573
124.00000000,1798.00000000,0.07220902
124.00000000,1799.00000000,0.07221228
124.00000000,1800.00000000,0.07221564
124.00000000,1801.00000000,0.07221893
124.00000000,1802.00000000,0.07222229
124.00000000,1803.00000000,0.07222580
124.00000000,1804.00000000,0.07222922
124.00000000,1805.00000000,0.07223266
124.00000000,1806.00000000,0.07223614
124.00000000,1807.00000000,0.07223974
124.00000000,1808.00000000,0.07224326
124.00000000,1809.00000000,0.07224684
124.00000000,1810.00000000,0.07225044
124.00000000,1811.00000000,0.07225415
124.00000000,1812.00000000,0.07225780
124.00000000,1813.00000000,0.07226145
124.00000000,1814.00000000,0.07226517
124.00000000,1815.00000000,0.07226887
124.00000000,1816.00000000,0.07227258
124.00000000,1817.00000000,0.07227627
124.00000000,1818.00000000,0.07228001
124.00000000,1819.00000000,0.07228376
124.00000000,1820.00000000,0.07228749
124.00000000,1821.00000000,0.07229122
124.00000000,1822.00000000,0.07229497
124.00000000,1823.00000000,0.07229868
124.00000000,1824.00000000,0.07230240
124.00000000,1825.00000000,0.07230623
124.00000000,1826.00000000,0.07230996
124.00000000,1827.00000000,0.07231364
124.00000000,1828.00000000,0.07231749
124.00000000,1829.00000000,0.07232110
124.00000000,1830.00000000,0.07232484
124.00000000,1831.00000000,0.07232859
124.00000000,1832.00000000,0.07233229
124.00000000,1833.00000000,0.07233581
124.00000000,1834.00000000,0.07233952
124.00000000,1835.00000000,0.07234313
124.00000000,1836.00000000,0.07234675
124.00000000,1837.00000000,0.07235040
124.00000000,1838.00000000,0.07235392
124.00000000,1839.00000000,0.07235746
124.00000000,1840.00000000,0.07236099
124.00000000,1841.00000000,0.07236453
124.00000000,1842.00000000,0.07236796
124.00000000,1843.00000000,0.07237143
124.00000000,1844.00000000,0.07237491
124.00000000,1845.00000000,0.07237833
124.00000000,1846.00000000,0.07238174
124.00000000,1847.00000000,0.07238507
124.00000000,1848.00000000,0.07238840
124.00000000,1849.00000000,0.07239168
124.00000000,1850.00000000,0.07239497
124.00000000,1851.00000000,0.07239817
124.00000000,1852.00000000,0.07240136
124.00000000,1853.00000000,0.07240482
124.00000000,1854.00000000,0.07240848
124.00000000,1855.00000000,0.07241207
124.00000000,1856.00000000,0.07241555
124.00000000,1857.00000000,0.07241898
124.00000000,1858.00000000,0.07242228
124.00000000,1859.00000000,0.07242556
124.00000000,1860.00000000,0.07242884
124.00000000,1861.00000000,0.07243194
124.00000000,1862.00000000,0.07243497
124.00000000,1863.00000000,0.07243739
124.00000000,1864.00000000,0.07243924
124.00000000,1865.00000000,0.07244077
124.00000000,1866.00000000,0.07244192
124.00000000,1867.00000000,0.07244286
124.00000000,1868.00000000,0.07244352
124.00000000,1869.00000000,0.07244391
124.00000000,1870.00000000,0.07244411
124.00000000,1871.00000000,0.07244415
124.00000000,1872.00000000,0.07244436
124.00000000,1873.00000000,0.07244524
124.00000000,1874.00000000,0.07244663
124.00000000,1875.00000000,0.07244836
124.00000000,1876.00000000,0.07245043
124.00000000,1877.00000000,0.07245266
124.00000000,1878.00000000,0.07245508
124.00000000,1879.00000000,0.07245765
124.00000000,1880.00000000,0.07246033
124.00000000,1881.00000000,0.07246306
124.00000000,1882.00000000,0.07246585
124.00000000,1883.00000000,0.07246825
124.00000000,1884.00000000,0.07247031
124.00000000,1885.00000000,0.07247221
124.00000000,1886.00000000,0.07247398
124.00000000,1887.00000000,0.07247569
124.00000000,1888.00000000,0.07247733
124.00000000,1889.00000000,0.07247877
124.00000000,1890.00000000,0.07248669
124.00000000,1891.00000000,0.07248773
124.00000000,1892.00000000,0.07248858
124.00000000,1893.00000000,0.07248937
124.00000000,1894.00000000,0.07249025
124.00000000,1895.00000000,0.07249357
124.00000000,1896.00000000,0.07249475
124.00000000,1897.00000000,0.07249597
124.00000000,1898.00000000,0.07249715
124.00000000,1899.00000000,0.07249823
124.00000000,1900.00000000,0.07249911
124.00000000,1901.00000000,0.07249979
124.00000000,1902.00000000,0.07250069
124.00000000,1903.00000000,0.07250171
124.00000000,1904.00000000,0.07250290
124.00000000,1905.00000000,0.07250662
124.00000000,1906.00000000,0.07250836
124.00000000,1907.00000000,0.07251032
124.00000000,1908.00000000,0.07251224
124.00000000,1909.00000000,0.07251412
124.00000000,1910.00000000,0.07251612
124.00000000,1911.00000000,0.07251801
124.00000000,1912.00000000,0.07251934
124.00000000,1913.00000000,0.07251988
124.00000000,1914.00000000,0.07251955
124.00000000,1915.00000000,0.07252108
124.00000000,1916.00000000,0.07252036
124.00000000,1917.00000000,0.07251961
124.00000000,1918.00000000,0.07251876
124.00000000,1919.00000000,0.07251799
124.00000000,1920.00000000,0.07251776
124.00000000,1921.00000000,0.07252044
124.00000000,1922.00000000,0.07252181
124.00000000,1923.00000000,0.07252381
124.00000000,1924.00000000,0.07252821
124.00000000,1925.00000000,0.07253029
124.00000000,1926.00000000,0.07253677
124.00000000,1927.00000000,0.07253657
124.00000000,1928.00000000,0.07253874
124.00000000,1929.00000000,0.07254086
124.00000000,1930.00000000,0.07254545
124.00000000,1931.00000000,0.07254877
124.00000000,1932.00000000,0.07255332
124.00000000,1933.00000000,0.07255865
124.00000000,1934.00000000,0.07256446
124.00000000,1935.00000000,0.07257252
124.00000000,1936.00000000,0.07257784
124.00000000,1937.00000000,0.07258229
124.00000000,1938.00000000,0.07258555
124.00000000,1939.00000000,0.07259024
124.00000000,1940.00000000,0.07259426
124.00000000,1941.00000000,0.07259740
124.00000000,1942.00000000,0.07259729
124.00000000,1943.00000000,0.07259657
124.00000000,1944.00000000,0.07259539
124.00000000,1945.00000000,0.07259411
124.00000000,1946.00000000,0.07259606
124.00000000,1947.00000000,0.07259960
124.00000000,1948.00000000,0.07260161
124.00000000,1949.00000000,0.07260601
124.00000000,1950.00000000,0.07260810
124.00000000,1951.00000000,0.07261228
124.00000000,1952.00000000,0.07261493
124.00000000,1953.00000000,0.07261780
124.00000000,1954.00000000,0.07263409
124.00000000,1955.00000000,0.07263502
124.00000000,1956.00000000,0.07263822
124.00000000,1957.00000000,0.07264341
124.00000000,1958.00000000,0.07264596
124.00000000,1959.00000000,0.07265015
124.00000000,1960.00000000,0.07265937
124.00000000,1961.00000000,0.07265803
124.00000000,1962.00000000,0.07265804
124.00000000,1963.00000000,0.07265723
124.00000000,1964.00000000,0.07265770
124.00000000,1965.00000000,0.07265463
124.00000000,1966.00000000,0.07265250
124.00000000,1967.00000000,0.07264690
124.00000000,1968.00000000,0.07264211
124.00000000,1969.00000000,0.07263979
124.00000000,1970.00000000,0.07262619
124.00000000,1971.00000000,0.07261619
124.00000000,1972.00000000,0.07259780
124.00000000,1973.00000000,0.07258050
124.00000000,1974.00000000,0.07256269
124.00000000,1975.00000000,0.07253429
124.00000000,1976.00000000,0.07251221
124.00000000,1977.00000000,0.07248808
124.00000000,1978.00000000,0.07248152
124.00000000,1979.00000000,0.07245679
124.00000000,1980.00000000,0.07243807
124.00000000,1981.00000000,0.07241022
124.00000000,1982.00000000,0.07238423
124.00000000,1983.00000000,0.07237109
124.00000000,1984.00000000,0.07236842
124.00000000,1985.00000000,0.07235976
124.00000000,1986.00000000,0.07234838
124.00000000,1987.00000000,0.07234886
124.00000000,1988.00000000,0.07235179
124.00000000,1989.00000000,0.07235235
124.00000000,1990.00000000,0.07234365
124.00000000,1991.00000000,0.07234641
124.00000000,1992.00000000,0.07234272
124.00000000,1993.00000000,0.07234423
124.00000000,1994.00000000,0.07234259
124.00000000,1995.00000000,0.07235091
124.00000000,1996.00000000,0.07237741
124.00000000,1997.00000000,0.07239032
124.00000000,1998.00000000,0.07235612
124.00000000,1999.00000000,0.07237497
124.00000000,2000.00000000,0.07236966
124.00000000,2001.00000000,0.07236422
124.00000000,2002.00000000,0.07235497
124.00000000,2003.00000000,0.07237348
124.00000000,2004.00000000,0.07241753
124.00000000,2005.00000000,0.07241714
124.00000000,2006.00000000,0.07242626
124.00000000,2007.00000000,0.07243830
124.00000000,2008.00000000,0.07241836
124.00000000,2009.00000000,0.07239330
124.00000000,2010.00000000,0.07237006
124.00000000,2011.00000000,0.07236647
124.00000000,2012.00000000,0.07240015
124.00000000,2013.00000000,0.07236111
124.00000000,2014.00000000,0.07238337
124.00000000,2015.00000000,0.07237472
124.00000000,2016.00000000,0.07233307
124.00000000,2017.00000000,0.07227611
124.00000000,2018.00000000,0.07225444
124.00000000,2019.00000000,0.07225274
124.00000000,2020.00000000,0.07222742
124.00000000,2021.00000000,0.07221800
124.00000000,2022.00000000,0.07221591
124.00000000,2023.00000000,0.07224972
124.00000000,2024.00000000,0.07224990
124.00000000,2025.00000000,0.07222970
124.00000000,2026.00000000,0.07220017
124.00000000,2027.00000000,0.07225036
124.00000000,2028.00000000,0.07220447
124.00000000,2029.00000000,0.07222741
124.00000000,2030.00000000,0.07226054
124.00000000,2031.00000000,0.07236416
124.00000000,2032.00000000,0.07222714
124.00000000,2033.00000000,0.07223787
124.00000000,2034.00000000,0.07224502
124.00000000,2035.00000000,0.07221406
124.00000000,2036.00000000,0.07223742
124.00000000,2037.00000000,0.07230418
124.00000000,2038.00000000,0.07203294
124.00000000,2039.00000000,0.07193422
124.00000000,2040.00000000,0.07199484
124.00000000,2041.00000000,0.07203491
124.00000000,2042.00000000,0.07191783
124.00000000,2043.00000000,0.07156320
124.00000000,2044.00000000,0.07175208
124.00000000,2045.00000000,0.07139765
124.00000000,2046.00000000,0.07140525
124.00000000,2047.00000000,0.07158716
124.00000000,2048.00000000,0.07148820
124.00000000,2049.00000000,0.07142829
124.00000000,2050.00000000,0.07135881
124.00000000,2051.00000000,0.07143777
124.00000000,2052.00000000,0.07135561
124.00000000,2053.00000000,0.07143391
124.00000000,2054.00000000,0.07115042
124.00000000,2055.00000000,0.07082249
124.00000000,2056.00000000,0.07053622
124.00000000,2057.00000000,0.07054000
124.00000000,2058.00000000,0.07061423
124.00000000,2059.00000000,0.07063397
124.00000000,2060.00000000,0.07075517
124.00000000,2061.00000000,0.07082609
124.00000000,2062.00000000,0.07059519
124.00000000,2063.00000000,0.07060744
124.00000000,2064.00000000,0.07073841
124.00000000,2065.00000000,0.07072234
124.00000000,2066.00000000,0.07065243
124.00000000,2067.00000000,0.07066844
124.00000000,2068.00000000,0.07056938
124.00000000,2069.00000000,0.07003274
124.00000000,2070.00000000,0.07011453
124.00000000,2071.00000000,0.07035355
124.00000000,2072.00000000,0.07043791
124.00000000,2073.00000000,0.07026698
124.00000000,2074.00000000,0.07062988
124.00000000,2075.00000000,0.07084738
124.00000000,2076.00000000,0.07084497
124.00000000,2077.00000000,0.07088000
124.00000000,2078.00000000,0.07087561
124.00000000,2079.00000000,0.07118484
124.00000000,2080.00000000,0.07140963
124.00000000,2081.00000000,0.07155012
124.00000000,2082.00000000,0.07162870
124.00000000,2083.00000000,0.07185432
124.00000000,2084.00000000,0.07204826
124.00000000,2085.00000000,0.07204875
124.00000000,2086.00000000,0.07223022
124.00000000,2087.00000000,0.07249830
124.00000000,2088.00000000,0.07279278
124.00000000,2089.00000000,0.07304373
124.00000000,2090.00000000,0.07334273
124.00000000,2091.00000000,0.07353647
124.00000000,2092.00000000,0.07387360
124.00000000,2093.00000000,0.07428251
124.00000000,2094.00000000,0.07482043
124.00000000,2095.00000000,0.07512058
124.00000000,2096.00000000,0.07544866
124.00000000,2097.00000000,0.07591323
124.00000000,2098.00000000,0.07593129
124.00000000,2099.00000000,0.07587681
124.00000000,2100.00000000,0.07641030
124.00000000,2101.00000000,0.07670512
124.00000000,2102.00000000,0.07686412
124.00000000,2103.00000000,0.07743028
124.00000000,2104.00000000,0.07733576
124.00000000,2105.00000000,0.07702967
124.00000000,2106.00000000,0.07696789
124.00000000,2107.00000000,0.07695607
124.00000000,2108.00000000,0.07733319
124.00000000,2109.00000000,0.07766173
124.00000000,2110.00000000,0.07801605
124.00000000,2111.00000000,0.07832743
124.00000000,2112.00000000,0.07877373
124.00000000,2113.00000000,0.07905352
124.00000000,2114.00000000,0.07919804
124.00000000,2115.00000000,0.07941436
124.00000000,2116.00000000,0.07922603
124.00000000,2117.00000000,0.07927947
124.00000000,2118.00000000,0.07955323
124.00000000,2119.00000000,0.07985220
124.00000000,2120.00000000,0.08016850
124.00000000,2121.00000000,0.08043004
124.00000000,2122.00000000,0.08042066
124.00000000,2123.00000000,0.08043678
124.00000000,2124.00000000,0.08081543
124.00000000,2125.00000000,0.08118658
124.00000000,2126.00000000,0.08135063
124.00000000,2127.00000000,0.08206968
124.00000000,2128.00000000,0.08288624
124.00000000,2129.00000000,0.08353618
124.00000000,2130.00000000,0.08397697
124.00000000,2131.00000000,0.08442031
124.00000000,2132.00000000,0.08486621
124.00000000,2133.00000000,0.08531413
124.00000000,2134.00000000,0.08576411
124.00000000,2135.00000000,0.08635239
124.00000000,2136.00000000,0.08694276
124.00000000,2137.00000000,0.08753521
124.00000000,2138.00000000,0.08812967
124.00000000,2139.00000000,0.08872606
124.00000000,2140.00000000,0.08932435
124.00000000,2141.00000000,0.08992447
124.00000000,2142.00000000,0.09052633
124.00000000,2143.00000000,0.09112991
124.00000000,2144.00000000,0.09173511
124.00000000,2145.00000000,0.09228164
124.00000000,2146.00000000,0.09282972
124.00000000,2147.00000000,0.09337927
124.00000000,2148.00000000,0.09393036
124.00000000,2149.00000000,0.09448294
124.00000000,2150.00000000,0.09503700
124.00000000,2151.00000000,0.09559310
124.00000000,2152.00000000,0.09615269
124.00000000,2153.00000000,0.09671720
124.00000000,2154.00000000,0.09728746
124.00000000,2155.00000000,0.09798922
124.00000000,2156.00000000,0.09869727
124.00000000,2157.00000000,0.09941167
124.00000000,2158.00000000,0.10013233
124.00000000,2159.00000000,0.10085909
124.00000000,2160.00000000,0.10159196
124.00000000,2161.00000000,0.10233072
124.00000000,2162.00000000,0.10307533
124.00000000,2163.00000000,0.10382567
124.00000000,2164.00000000,0.10458160
124.00000000,2165.00000000,0.10543488
124.00000000,2166.00000000,0.10629372
124.00000000,2167.00000000,0.10715796
124.00000000,2168.00000000,0.10802756
124.00000000,2169.00000000,0.10890235
124.00000000,2170.00000000,0.10978221
124.00000000,2171.00000000,0.11066705
124.00000000,2172.00000000,0.11155671
124.00000000,2173.00000000,0.11245116
124.00000000,2174.00000000,0.11335023
124.00000000,2175.00000000,0.11424858
124.00000000,2176.00000000,0.11515137
124.00000000,2177.00000000,0.11605846
124.00000000,2178.00000000,0.11696971
124.00000000,2179.00000000,0.11788509
124.00000000,2180.00000000,0.11880445
124.00000000,2181.00000000,0.11972764
124.00000000,2182.00000000,0.12065461
124.00000000,2183.00000000,0.12158520
124.00000000,2184.00000000,0.12251923
124.00000000,2185.00000000,0.12325261
124.00000000,2186.00000000,0.12398867
124.00000000,2187.00000000,0.12472746
124.00000000,2188.00000000,0.12546884
124.00000000,2189.00000000,0.12621274
124.00000000,2190.00000000,0.12695917
124.00000000,2191.00000000,0.12770802
124.00000000,2192.00000000,0.12845918
124.00000000,2193.00000000,0.12921265
124.00000000,2194.00000000,0.12996828
124.00000000,2195.00000000,0.13054009
124.00000000,2196.00000000,0.13111345
124.00000000,2197.00000000,0.13168826
124.00000000,2198.00000000,0.13226458
124.00000000,2199.00000000,0.13284234
124.00000000,2200.00000000,0.13342150
124.00000000,2201.00000000,0.13400207
124.00000000,2202.00000000,0.13458401
124.00000000,2203.00000000,0.13516724
124.00000000,2204.00000000,0.13575178
124.00000000,2205.00000000,0.13623264
124.00000000,2206.00000000,0.13671439
124.00000000,2207.00000000,0.13719706
124.00000000,2208.00000000,0.13768060
124.00000000,2209.00000000,0.13816507
124.00000000,2210.00000000,0.13865041
124.00000000,2211.00000000,0.13913657
124.00000000,2212.00000000,0.13962363
124.00000000,2213.00000000,0.14011151
124.00000000,2214.00000000,0.14060017
124.00000000,2215.00000000,0.14098022
124.00000000,2216.00000000,0.14136071
124.00000000,2217.00000000,0.14174159
124.00000000,2218.00000000,0.14212296
124.00000000,2219.00000000,0.14250480
124.00000000,2220.00000000,0.14288704
124.00000000,2221.00000000,0.14326979
124.00000000,2222.00000000,0.14365295
124.00000000,2223.00000000,0.14403661
124.00000000,2224.00000000,0.14442073
124.00000000,2225.00000000,0.14472026
124.00000000,2226.00000000,0.14502001
124.00000000,2227.00000000,0.14531997
124.00000000,2228.00000000,0.14562007
124.00000000,2229.00000000,0.14592043
124.00000000,2230.00000000,0.14622099
124.00000000,2231.00000000,0.14652175
124.00000000,2232.00000000,0.14682278
124.00000000,2233.00000000,0.14712401
124.00000000,2234.00000000,0.14742555
124.00000000,2235.00000000,0.14772733
124.00000000,2236.00000000,0.14802932
124.00000000,2237.00000000,0.14833163
124.00000000,2238.00000000,0.14863423
124.00000000,2239.00000000,0.14893705
124.00000000,2240.00000000,0.14924021
124.00000000,2241.00000000,0.14954365
124.00000000,2242.00000000,0.14984733
124.00000000,2243.00000000,0.15015136
124.00000000,2244.00000000,0.15045572
124.00000000,2245.00000000,0.15076030
124.00000000,2246.00000000,0.15106524
124.00000000,2247.00000000,0.15137044
124.00000000,2248.00000000,0.15167602
124.00000000,2249.00000000,0.15198171
124.00000000,2250.00000000,0.15228648
124.00000000,2251.00000000,0.15258848
124.00000000,2252.00000000,0.15288587
124.00000000,2253.00000000,0.15317751
124.00000000,2254.00000000,0.15346309
124.00000000,2255.00000000,0.15374241
124.00000000,2256.00000000,0.15401535
124.00000000,2257.00000000,0.15428203
124.00000000,2258.00000000,0.15454234
124.00000000,2259.00000000,0.15479652
124.00000000,2260.00000000,0.15504459
124.00000000,2261.00000000,0.15528661
124.00000000,2262.00000000,0.15552296
124.00000000,2263.00000000,0.15575379
124.00000000,2264.00000000,0.15597915
124.00000000,2265.00000000,0.15619931
124.00000000,2266.00000000,0.15641432
124.00000000,2267.00000000,0.15662417
124.00000000,2268.00000000,0.15682908
124.00000000,2269.00000000,0.15702901
124.00000000,2270.00000000,0.15722414
124.00000000,2271.00000000,0.15741445
124.00000000,2272.00000000,0.15759994
124.00000000,2273.00000000,0.15778072
124.00000000,2274.00000000,0.15795675
124.00000000,2275.00000000,0.15751764
124.00000000,2276.00000000,0.15707284
124.00000000,2277.00000000,0.15662249
124.00000000,2278.00000000,0.15616665
124.00000000,2279.00000000,0.15570560
124.00000000,2280.00000000,0.15523945
124.00000000,2281.00000000,0.15476826
124.00000000,2282.00000000,0.15429229
124.00000000,2283.00000000,0.15381156
124.00000000,2284.00000000,0.15332629
124.00000000,2285.00000000,0.15283658
124.00000000,2286.00000000,0.15234248
124.00000000,2287.00000000,0.15184423
124.00000000,2288.00000000,0.15134185
124.00000000,2289.00000000,0.15083546
124.00000000,2290.00000000,0.15032522
124.00000000,2291.00000000,0.14981121
124.00000000,2292.00000000,0.14929347
124.00000000,2293.00000000,0.14877221
124.00000000,2294.00000000,0.14824741
124.00000000,2295.00000000,0.14771928
124.00000000,2296.00000000,0.14718783
124.00000000,2297.00000000,0.14665314
124.00000000,2298.00000000,0.14611538
124.00000000,2299.00000000,0.14557459
124.00000000,2300.00000000,0.14503078
124.00000000,2301.00000000,0.14448414
124.00000000,2302.00000000,0.14393466
124.00000000,2303.00000000,0.14338242
124.00000000,2304.00000000,0.14282751
124.00000000,2305.00000000,0.14227001
124.00000000,2306.00000000,0.14170992
124.00000000,2307.00000000,0.14114739
124.00000000,2308.00000000,0.14058242
124.00000000,2309.00000000,0.14001513
124.00000000,2310.00000000,0.13944557
124.00000000,2311.00000000,0.13887374
124.00000000,2312.00000000,0.13829980
124.00000000,2313.00000000,0.13772377
124.00000000,2314.00000000,0.13714563
124.00000000,2315.00000000,0.13656556
124.00000000,2316.00000000,0.13598357
124.00000000,2317.00000000,0.13539963
124.00000000,2318.00000000,0.13481393
124.00000000,2319.00000000,0.13422641
124.00000000,2320.00000000,0.13363720
124.00000000,2321.00000000,0.13304629
124.00000000,2322.00000000,0.13245374
124.00000000,2323.00000000,0.13185963
124.00000000,2324.00000000,0.13126398
124.00000000,2325.00000000,0.13066678
124.00000000,2326.00000000,0.13006818
124.00000000,2327.00000000,0.12946817
124.00000000,2328.00000000,0.12886674
124.00000000,2329.00000000,0.12826403
124.00000000,2330.00000000,0.12766002
124.00000000,2331.00000000,0.12705473
124.00000000,2332.00000000,0.12644826
124.00000000,2333.00000000,0.12584056
124.00000000,2334.00000000,0.12523177
124.00000000,2335.00000000,0.12462187
124.00000000,2336.00000000,0.12401087
124.00000000,2337.00000000,0.12339886
124.00000000,2338.00000000,0.12278585
124.00000000,2339.00000000,0.12217181
124.00000000,2340.00000000,0.12155690
124.00000000,2341.00000000,0.12094107
124.00000000,2342.00000000,0.12032431
124.00000000,2343.00000000,0.11970675
124.00000000,2344.00000000,0.11908834
124.00000000,2345.00000000,0.11846917
124.00000000,2346.00000000,0.11784925
124.00000000,2347.00000000,0.11722856
124.00000000,2348.00000000,0.11660720
124.00000000,2349.00000000,0.11598516
124.00000000,2350.00000000,0.11536244
124.00000000,2351.00000000,0.11473913
124.00000000,2352.00000000,0.11411522
124.00000000,2353.00000000,0.11349072
124.00000000,2354.00000000,0.11286571
124.00000000,2355.00000000,0.11224015
124.00000000,2356.00000000,0.11161413
124.00000000,2357.00000000,0.11098766
124.00000000,2358.00000000,0.11036068
124.00000000,2359.00000000,0.10973335
124.00000000,2360.00000000,0.10910561
124.00000000,2361.00000000,0.10847746
124.00000000,2362.00000000,0.10784899
124.00000000,2363.00000000,0.10722019
124.00000000,2364.00000000,0.10659105
124.00000000,2365.00000000,0.10596168
124.00000000,2366.00000000,0.10533203
124.00000000,2367.00000000,0.10470210
124.00000000,2368.00000000,0.10407200
124.00000000,2369.00000000,0.10344167
124.00000000,2370.00000000,0.10281124
124.00000000,2371.00000000,0.10218068
124.00000000,2372.00000000,0.10155004
124.00000000,2373.00000000,0.10105261
124.00000000,2374.00000000,0.10094723
124.00000000,2375.00000000,0.10094913
124.00000000,2376.00000000,0.10095128
124.00000000,2377.00000000,0.10095360
124.00000000,2378.00000000,0.10095608
124.00000000,2379.00000000,0.10095877
124.00000000,2380.00000000,0.10097840
124.00000000,2381.00000000,0.10099825
124.00000000,2382.00000000,0.10101827
124.00000000,2383.00000000,0.10103840
124.00000000,2384.00000000,0.10105873
124.00000000,2385.00000000,0.10104601
124.00000000,2386.00000000,0.10103338
124.00000000,2387.00000000,0.10102093
124.00000000,2388.00000000,0.10100862
124.00000000,2389.00000000,0.10099638
124.00000000,2390.00000000,0.10098432
124.00000000,2391.00000000,0.10097237
124.00000000,2392.00000000,0.10096050
124.00000000,2393.00000000,0.10094878
124.00000000,2394.00000000,0.10093714
124.00000000,2395.00000000,0.10092565
124.00000000,2396.00000000,0.10091426
124.00000000,2397.00000000,0.10090294
124.00000000,2398.00000000,0.10089176
124.00000000,2399.00000000,0.10088068
124.00000000,2400.00000000,0.10086822
124.00000000,2401.00000000,0.10085589
124.00000000,2402.00000000,0.10084366
124.00000000,2403.00000000,0.10083148
124.00000000,2404.00000000,0.10081944
124.00000000,2405.00000000,0.10080744
124.00000000,2406.00000000,0.10079557
124.00000000,2407.00000000,0.10078381
124.00000000,2408.00000000,0.10077206
124.00000000,2409.00000000,0.10076045
124.00000000,2410.00000000,0.10074894
124.00000000,2411.00000000,0.10073744
124.00000000,2412.00000000,0.10072607
124.00000000,2413.00000000,0.10071478
124.00000000,2414.00000000,0.10070351
124.00000000,2415.00000000,0.10069235
124.00000000,2416.00000000,0.10068123
124.00000000,2417.00000000,0.10067022
124.00000000,2418.00000000,0.10065927
124.00000000,2419.00000000,0.10064834
124.00000000,2420.00000000,0.10063753
124.00000000,2421.00000000,0.10062677
124.00000000,2422.00000000,0.10061602
124.00000000,2423.00000000,0.10060539
124.00000000,2424.00000000,0.10059481
124.00000000,2425.00000000,0.10058744
124.00000000,2426.00000000,0.10058016
124.00000000,2427.00000000,0.10057294
124.00000000,2428.00000000,0.10056572
124.00000000,2429.00000000,0.10055861
124.00000000,2430.00000000,0.10055149
124.00000000,2431.00000000,0.10054448
124.00000000,2432.00000000,0.10053752
124.00000000,2433.00000000,0.10053055
124.00000000,2434.00000000,0.10052367
124.00000000,2435.00000000,0.10051684
124.00000000,2436.00000000,0.10051000
124.00000000,2437.00000000,0.10050326
124.00000000,2438.00000000,0.10049655
124.00000000,2439.00000000,0.10048984
124.00000000,2440.00000000,0.10048321
124.00000000,2441.00000000,0.10047657
124.00000000,2442.00000000,0.10047001
124.00000000,2443.00000000,0.10046349
124.00000000,2444.00000000,0.10045696
124.00000000,2445.00000000,0.10045051
124.00000000,2446.00000000,0.10044409
124.00000000,2447.00000000,0.10043765
124.00000000,2448.00000000,0.10043129
124.00000000,2449.00000000,0.10042497
124.00000000,2450.00000000,0.10041861
124.00000000,2451.00000000,0.10041235
124.00000000,2452.00000000,0.10040610
124.00000000,2453.00000000,0.10039983
124.00000000,2454.00000000,0.10039363
124.00000000,2455.00000000,0.10038739
124.00000000,2456.00000000,0.10038123
124.00000000,2457.00000000,0.10037510
124.00000000,2458.00000000,0.10036892
124.00000000,2459.00000000,0.10036280
124.00000000,2460.00000000,0.10035672
124.00000000,2461.00000000,0.10035059
124.00000000,2462.00000000,0.10034453
124.00000000,2463.00000000,0.10033850
124.00000000,2464.00000000,0.10033242
124.00000000,2465.00000000,0.10032641
124.00000000,2466.00000000,0.10032035
124.00000000,2467.00000000,0.10031437
124.00000000,2468.00000000,0.10030840
124.00000000,2469.00000000,0.10030238
124.00000000,2470.00000000,0.10029643
124.00000000,2471.00000000,0.10029051
124.00000000,2472.00000000,0.10028452
124.00000000,2473.00000000,0.10027860
124.00000000,2474.00000000,0.10027270
124.00000000,2475.00000000,0.10026584
124.00000000,2476.00000000,0.10025905
124.00000000,2477.00000000,0.10025226
124.00000000,2478.00000000,0.10024542
124.00000000,2479.00000000,0.10023865
124.00000000,2480.00000000,0.10023183
124.00000000,2481.00000000,0.10022507
124.00000000,2482.00000000,0.10021833
124.00000000,2483.00000000,0.10021151
124.00000000,2484.00000000,0.10020478
124.00000000,2485.00000000,0.10019806
124.00000000,2486.00000000,0.10019127
124.00000000,2487.00000000,0.10018454
124.00000000,2488.00000000,0.10017783
124.00000000,2489.00000000,0.10017106
124.00000000,2490.00000000,0.10016435
124.00000000,2491.00000000,0.10015757
124.00000000,2492.00000000,0.10015089
124.00000000,2493.00000000,0.10014419
124.00000000,2494.00000000,0.10013743
124.00000000,2495.00000000,0.10013075
124.00000000,2496.00000000,0.10012406
124.00000000,2497.00000000,0.10011731
124.00000000,2498.00000000,0.10011063
124.00000000,2499.00000000,0.10010395
124.00000000,2500.00000000,0.10009721
125.00000000,1765.00000000,0.07172430
125.00000000,1766.00000000,0.07172422
125.00000000,1767.00000000,0.07172438
125.00000000,1768.00000000,0.07172464
125.00000000,1769.00000000,0.07172470
125.00000000,1770.00000000,0.07172506
125.00000000,1771.00000000,0.07172560
125.00000000,1772.00000000,0.07172623
125.00000000,1773.00000000,0.07172701
125.00000000,1774.00000000,0.07172804
125.00000000,1775.00000000,0.07172904
125.00000000,1776.00000000,0.07173036
125.00000000,1777.00000000,0.07173150
125.00000000,1778.00000000,0.07173290
125.00000000,1779.00000000,0.07173450
125.00000000,1780.00000000,0.07173639
125.00000000,1781.00000000,0.07173816
125.00000000,1782.00000000,0.07174012
125.00000000,1783.00000000,0.07174218
125.00000000,1784.00000000,0.07174434
125.00000000,1785.00000000,0.07174663
125.00000000,1786.00000000,0.07174909
125.00000000,1787.00000000,0.07175138
125.00000000,1788.00000000,0.07175398
125.00000000,1789.00000000,0.07175661
125.00000000,1790.00000000,0.07175929
125.00000000,1791.00000000,0.07176206
125.00000000,1792.00000000,0.07176494
125.00000000,1793.00000000,0.07176793
125.00000000,1794.00000000,0.07177089
125.00000000,1795.00000000,0.07177392
125.00000000,1796.00000000,0.07177692
125.00000000,1797.00000000,0.07178013
125.00000000,1798.00000000,0.07178330
125.00000000,1799.00000000,0.07178660
125.00000000,1800.00000000,0.07178989
125.00000000,1801.00000000,0.07179328
125.00000000,1802.00000000,0.07179657
125.00000000,1803.00000000,0.07179996
125.00000000,1804.00000000,0.07180347
125.00000000,1805.00000000,0.07180691
125.00000000,1806.00000000,0.07181035
125.00000000,1807.00000000,0.07181384
125.00000000,1808.00000000,0.07181746
125.00000000,1809.00000000,0.07182098
125.00000000,1810.00000000,0.07182456
125.00000000,1811.00000000,0.07182817
125.00000000,1812.00000000,0.07183187
125.00000000,1813.00000000,0.07183552
125.00000000,1814.00000000,0.07183916
125.00000000,1815.00000000,0.07184287
125.00000000,1816.00000000,0.07184657
125.00000000,1817.00000000,0.07185026
125.00000000,1818.00000000,0.07185393
125.00000000,1819.00000000,0.07185766
125.00000000,1820.00000000,0.07186138
125.00000000,1821.00000000,0.07186510
125.00000000,1822.00000000,0.07186881
125.00000000,1823.00000000,0.07187254
125.00000000,1824.00000000,0.07187623
125.00000000,1825.00000000,0.07187993
125.00000000,1826.00000000,0.07188373
125.00000000,1827.00000000,0.07188743
125.00000000,1828.00000000,0.07189109
125.00000000,1829.00000000,0.07189491
125.00000000,1830.00000000,0.07189850
125.00000000,1831.00000000,0.07190219
125.00000000,1832.00000000,0.07190589
125.00000000,1833.00000000,0.07190955
125.00000000,1834.00000000,0.07191303
125.00000000,1835.00000000,0.07191672
125.00000000,1836.00000000,0.07192029
125.00000000,1837.00000000,0.07192386
125.00000000,1838.00000000,0.07192747
125.00000000,1839.00000000,0.07193094
125.00000000,1840.00000000,0.07193444
125.00000000,1841.00000000,0.07193793
125.00000000,1842.00000000,0.07194143
125.00000000,1843.00000000,0.07194481
125.00000000,1844.00000000,0.07194823
125.00000000,1845.00000000,0.07195166
125.00000000,1846.00000000,0.07195503
125.00000000,1847.00000000,0.07195839
125.00000000,1848.00000000,0.07196166
125.00000000,1849.00000000,0.07196494
125.00000000,1850.00000000,0.07196816
125.00000000,1851.00000000,0.07197137
125.00000000,1852.00000000,0.07197450
125.00000000,1853.00000000,0.07197798
125.00000000,1854.00000000,0.07198157
125.00000000,1855.00000000,0.07198516
125.00000000,1856.00000000,0.07198861
125.00000000,1857.00000000,0.07199198
125.00000000,1858.00000000,0.07199530
125.00000000,1859.00000000,0.07199851
125.00000000,1860.00000000,0.07200173
125.00000000,1861.00000000,0.07200491
125.00000000,1862.00000000,0.07200781
125.00000000,1863.00000000,0.07201019
125.00000000,1864.00000000,0.07201209
125.00000000,1865.00000000,0.07201354
125.00000000,1866.00000000,0.07201472
125.00000000,1867.00000000,0.07201557
125.00000000,1868.00000000,0.07201623
125.00000000,1869.00000000,0.07201662
125.00000000,1870.00000000,0.07201677
125.00000000,1871.00000000,0.07201680
125.00000000,1872.00000000,0.07201696
125.00000000,1873.00000000,0.07201782
125.00000000,1874.00000000,0.07201918
125.00000000,1875.00000000,0.07202086
125.00000000,1876.00000000,0.07202284
125.00000000,1877.00000000,0.07202506
125.00000000,1878.00000000,0.07202742
125.00000000,1879.00000000,0.07202995
125.00000000,1880.00000000,0.07203255
125.00000000,1881.00000000,0.07203521
125.00000000,1882.00000000,0.07203794
125.00000000,1883.00000000,0.07204025
125.00000000,1884.00000000,0.07204225
125.00000000,1885.00000000,0.07204405
125.00000000,1886.00000000,0.07204574
125.00000000,1887.00000000,0.07204736
125.00000000,1888.00000000,0.07204888
125.00000000,1889.00000000,0.07205022
125.00000000,1890.00000000,0.07205136
125.00000000,1891.00000000,0.07205890
125.00000000,1892.00000000,0.07205962
125.00000000,1893.00000000,0.07206032
125.00000000,1894.00000000,0.07206107
125.00000000,1895.00000000,0.07206205
125.00000000,1896.00000000,0.07206535
125.00000000,1897.00000000,0.07206646
125.00000000,1898.00000000,0.07206755
125.00000000,1899.00000000,0.07206851
125.00000000,1900.00000000,0.07206929
125.00000000,1901.00000000,0.07206989
125.00000000,1902.00000000,0.07207069
125.00000000,1903.00000000,0.07207162
125.00000000,1904.00000000,0.07207274
125.00000000,1905.00000000,0.07207410
125.00000000,1906.00000000,0.07207799
125.00000000,1907.00000000,0.07207984
125.00000000,1908.00000000,0.07208167
125.00000000,1909.00000000,0.07208351
125.00000000,1910.00000000,0.07208540
125.00000000,1911.00000000,0.07208721
125.00000000,1912.00000000,0.07208849
125.00000000,1913.00000000,0.07208892
125.00000000,1914.00000000,0.07208854
125.00000000,1915.00000000,0.07208775
125.00000000,1916.00000000,0.07208920
125.00000000,1917.00000000,0.07208843
125.00000000,1918.00000000,0.07208750
125.00000000,1919.00000000,0.07208667
125.00000000,1920.00000000,0.07208639
125.00000000,1921.00000000,0.07208673
125.00000000,1922.00000000,0.07209027
125.00000000,1923.00000000,0.07209222
125.00000000,1924.00000000,0.07209430
125.00000000,1925.00000000,0.07209853
125.00000000,1926.00000000,0.07210047
125.00000000,1927.00000000,0.07210688
125.00000000,1928.00000000,0.07210677
125.00000000,1929.00000000,0.07210881
125.00000000,1930.00000000,0.07211109
125.00000000,1931.00000000,0.07211658
125.00000000,1932.00000000,0.07212106
125.00000000,1933.00000000,0.07212626
125.00000000,1934.00000000,0.07213204
125.00000000,1935.00000000,0.07213772
125.00000000,1936.00000000,0.07214520
125.00000000,1937.00000000,0.07214957
125.00000000,1938.00000000,0.07215276
125.00000000,1939.00000000,0.07215512
125.00000000,1940.00000000,0.07215910
125.00000000,1941.00000000,0.07216213
125.00000000,1942.00000000,0.07216418
125.00000000,1943.00000000,0.07216341
125.00000000,1944.00000000,0.07216218
125.00000000,1945.00000000,0.07216090
125.00000000,1946.00000000,0.07216051
125.00000000,1947.00000000,0.07216397
125.00000000,1948.00000000,0.07216821
125.00000000,1949.00000000,0.07217023
125.00000000,1950.00000000,0.07217445
125.00000000,1951.00000000,0.07217635
125.00000000,1952.00000000,0.07218115
125.00000000,1953.00000000,0.07218392
125.00000000,1954.00000000,0.07218672
125.00000000,1955.00000000,0.07220315
125.00000000,1956.00000000,0.07220404
125.00000000,1957.00000000,0.07220691
125.00000000,1958.00000000,0.07221158
125.00000000,1959.00000000,0.07221352
125.00000000,1960.00000000,0.07221587
125.00000000,1961.00000000,0.07222336
125.00000000,1962.00000000,0.07222115
125.00000000,1963.00000000,0.07222025
125.00000000,1964.00000000,0.07221836
125.00000000,1965.00000000,0.07221751
125.00000000,1966.00000000,0.07221307
125.00000000,1967.00000000,0.07220965
125.00000000,1968.00000000,0.07220258
125.00000000,1969.00000000,0.07219572
125.00000000,1970.00000000,0.07219105
125.00000000,1971.00000000,0.07217432
125.00000000,1972.00000000,0.07216038
125.00000000,1973.00000000,0.07213867
125.00000000,1974.00000000,0.07211863
125.00000000,1975.00000000,0.07209918
125.00000000,1976.00000000,0.07207042
125.00000000,1977.00000000,0.07204854
125.00000000,1978.00000000,0.07202428
125.00000000,1979.00000000,0.07201735
125.00000000,1980.00000000,0.07199205
125.00000000,1981.00000000,0.07197316
125.00000000,1982.00000000,0.07194725
125.00000000,1983.00000000,0.07192529
125.00000000,1984.00000000,0.07191598
125.00000000,1985.00000000,0.07191617
125.00000000,1986.00000000,0.07190923
125.00000000,1987.00000000,0.07189862
125.00000000,1988.00000000,0.07189916
125.00000000,1989.00000000,0.07190173
125.00000000,1990.00000000,0.07190166
125.00000000,1991.00000000,0.07189268
125.00000000,1992.00000000,0.07189581
125.00000000,1993.00000000,0.07189255
125.00000000,1994.00000000,0.07189501
125.00000000,1995.00000000,0.07189410
125.00000000,1996.00000000,0.07190241
125.00000000,1997.00000000,0.07192817
125.00000000,1998.00000000,0.07194022
125.00000000,1999.00000000,0.07190601
125.00000000,2000.00000000,0.07192477
125.00000000,2001.00000000,0.07191916
125.00000000,2002.00000000,0.07191317
125.00000000,2003.00000000,0.07190392
125.00000000,2004.00000000,0.07192115
125.00000000,2005.00000000,0.07196230
125.00000000,2006.00000000,0.07195810
125.00000000,2007.00000000,0.07196332
125.00000000,2008.00000000,0.07197183
125.00000000,2009.00000000,0.07194891
125.00000000,2010.00000000,0.07192118
125.00000000,2011.00000000,0.07189546
125.00000000,2012.00000000,0.07188935
125.00000000,2013.00000000,0.07192017
125.00000000,2014.00000000,0.07187871
125.00000000,2015.00000000,0.07189817
125.00000000,2016.00000000,0.07188699
125.00000000,2017.00000000,0.07184312
125.00000000,2018.00000000,0.07178416
125.00000000,2019.00000000,0.07176035
125.00000000,2020.00000000,0.07175652
125.00000000,2021.00000000,0.07172936
125.00000000,2022.00000000,0.07171819
125.00000000,2023.00000000,0.07171454
125.00000000,2024.00000000,0.07174672
125.00000000,2025.00000000,0.07174568
125.00000000,2026.00000000,0.07172449
125.00000000,2027.00000000,0.07169416
125.00000000,2028.00000000,0.07174306
125.00000000,2029.00000000,0.07169661
125.00000000,2030.00000000,0.07171857
125.00000000,2031.00000000,0.07175065
125.00000000,2032.00000000,0.07185258
125.00000000,2033.00000000,0.07171532
125.00000000,2034.00000000,0.07172465
125.00000000,2035.00000000,0.07173032
125.00000000,2036.00000000,0.07169810
125.00000000,2037.00000000,0.07171985
125.00000000,2038.00000000,0.07178470
125.00000000,2039.00000000,0.07151399
125.00000000,2040.00000000,0.07141461
125.00000000,2041.00000000,0.07147347
125.00000000,2042.00000000,0.07151175
125.00000000,2043.00000000,0.07139383
125.00000000,2044.00000000,0.07104000
125.00000000,2045.00000000,0.07122570
125.00000000,2046.00000000,0.07087205
125.00000000,2047.00000000,0.07087780
125.00000000,2048.00000000,0.07105666
125.00000000,2049.00000000,0.07095677
125.00000000,2050.00000000,0.07089570
125.00000000,2051.00000000,0.07082519
125.00000000,2052.00000000,0.07090212
125.00000000,2053.00000000,0.07081919
125.00000000,2054.00000000,0.07089560
125.00000000,2055.00000000,0.07061297
125.00000000,2056.00000000,0.07028633
125.00000000,2057.00000000,0.07000109
125.00000000,2058.00000000,0.07000378
125.00000000,2059.00000000,0.07007642
125.00000000,2060.00000000,0.07009505
125.00000000,2061.00000000,0.07021451
125.00000000,2062.00000000,0.07028453
125.00000000,2063.00000000,0.07005553
125.00000000,2064.00000000,0.07006819
125.00000000,2065.00000000,0.07019888
125.00000000,2066.00000000,0.07018373
125.00000000,2067.00000000,0.07011518
125.00000000,2068.00000000,0.07013194
125.00000000,2069.00000000,0.07003444
125.00000000,2070.00000000,0.06950261
125.00000000,2071.00000000,0.06958461
125.00000000,2072.00000000,0.06982301
125.00000000,2073.00000000,0.06990828
125.00000000,2074.00000000,0.06974036
125.00000000,2075.00000000,0.07010239
125.00000000,2076.00000000,0.07032015
125.00000000,2077.00000000,0.07031956
125.00000000,2078.00000000,0.07035608
125.00000000,2079.00000000,0.07035338
125.00000000,2080.00000000,0.07066191
125.00000000,2081.00000000,0.07088662
125.00000000,2082.00000000,0.07102774
125.00000000,2083.00000000,0.07110756
125.00000000,2084.00000000,0.07133339
125.00000000,2085.00000000,0.07152780
125.00000000,2086.00000000,0.07153009
125.00000000,2087.00000000,0.07171200
125.00000000,2088.00000000,0.07197981
125.00000000,2089.00000000,0.07227377
125.00000000,2090.00000000,0.07252444
125.00000000,2091.00000000,0.07282281
125.00000000,2092.00000000,0.07301681
125.00000000,2093.00000000,0.07335337
125.00000000,2094.00000000,0.07376128
125.00000000,2095.00000000,0.07429734
125.00000000,2096.00000000,0.07459725
125.00000000,2097.00000000,0.07492487
125.00000000,2098.00000000,0.07538795
125.00000000,2099.00000000,0.07540752
125.00000000,2100.00000000,0.07535498
125.00000000,2101.00000000,0.07588639
125.00000000,2102.00000000,0.07618093
125.00000000,2103.00000000,0.07634072
125.00000000,2104.00000000,0.07690500
125.00000000,2105.00000000,0.07681304
125.00000000,2106.00000000,0.07651086
125.00000000,2107.00000000,0.07645131
125.00000000,2108.00000000,0.07644130
125.00000000,2109.00000000,0.07681759
125.00000000,2110.00000000,0.07714555
125.00000000,2111.00000000,0.07749908
125.00000000,2112.00000000,0.07780988
125.00000000,2113.00000000,0.07825466
125.00000000,2114.00000000,0.07853396
125.00000000,2115.00000000,0.07867882
125.00000000,2116.00000000,0.07889495
125.00000000,2117.00000000,0.07870900
125.00000000,2118.00000000,0.07876320
125.00000000,2119.00000000,0.07903627
125.00000000,2120.00000000,0.07933433
125.00000000,2121.00000000,0.07964958
125.00000000,2122.00000000,0.07991040
125.00000000,2123.00000000,0.07990198
125.00000000,2124.00000000,0.07991887
125.00000000,2125.00000000,0.08029594
125.00000000,2126.00000000,0.08066556
125.00000000,2127.00000000,0.08082937
125.00000000,2128.00000000,0.08154466
125.00000000,2129.00000000,0.08235684
125.00000000,2130.00000000,0.08300345
125.00000000,2131.00000000,0.08344220
125.00000000,2132.00000000,0.08388346
125.00000000,2133.00000000,0.08432727
125.00000000,2134.00000000,0.08477307
125.00000000,2135.00000000,0.08522090
125.00000000,2136.00000000,0.08580615
125.00000000,2137.00000000,0.08639347
125.00000000,2138.00000000,0.08698286
125.00000000,2139.00000000,0.08757422
125.00000000,2140.00000000,0.08816750
125.00000000,2141.00000000,0.08876266
125.00000000,2142.00000000,0.08935963
125.00000000,2143.00000000,0.08995832
125.00000000,2144.00000000,0.09055872
125.00000000,2145.00000000,0.09116074
125.00000000,2146.00000000,0.09170443
125.00000000,2147.00000000,0.09224966
125.00000000,2148.00000000,0.09279635
125.00000000,2149.00000000,0.09334456
125.00000000,2150.00000000,0.09389426
125.00000000,2151.00000000,0.09444593
125.00000000,2152.00000000,0.09500107
125.00000000,2153.00000000,0.09556106
125.00000000,2154.00000000,0.09612665
125.00000000,2155.00000000,0.09669828
125.00000000,2156.00000000,0.09740075
125.00000000,2157.00000000,0.09810949
125.00000000,2158.00000000,0.09882449
125.00000000,2159.00000000,0.09954563
125.00000000,2160.00000000,0.10027277
125.00000000,2161.00000000,0.10100586
125.00000000,2162.00000000,0.10174469
125.00000000,2163.00000000,0.10248927
125.00000000,2164.00000000,0.10323944
125.00000000,2165.00000000,0.10399508
125.00000000,2166.00000000,0.10484746
125.00000000,2167.00000000,0.10570529
125.00000000,2168.00000000,0.10656844
125.00000000,2169.00000000,0.10743685
125.00000000,2170.00000000,0.10831037
125.00000000,2171.00000000,0.10918885
125.00000000,2172.00000000,0.11007226
125.00000000,2173.00000000,0.11096041
125.00000000,2174.00000000,0.11185327
125.00000000,2175.00000000,0.11275069
125.00000000,2176.00000000,0.11364736
125.00000000,2177.00000000,0.11454841
125.00000000,2178.00000000,0.11545370
125.00000000,2179.00000000,0.11636311
125.00000000,2180.00000000,0.11727659
125.00000000,2181.00000000,0.11819399
125.00000000,2182.00000000,0.11911520
125.00000000,2183.00000000,0.12004014
125.00000000,2184.00000000,0.12096866
125.00000000,2185.00000000,0.12190059
125.00000000,2186.00000000,0.12263284
125.00000000,2187.00000000,0.12336776
125.00000000,2188.00000000,0.12410535
125.00000000,2189.00000000,0.12484550
125.00000000,2190.00000000,0.12558817
125.00000000,2191.00000000,0.12633331
125.00000000,2192.00000000,0.12708085
125.00000000,2193.00000000,0.12783069
125.00000000,2194.00000000,0.12858280
125.00000000,2195.00000000,0.12933707
125.00000000,2196.00000000,0.12990838
125.00000000,2197.00000000,0.13048124
125.00000000,2198.00000000,0.13105552
125.00000000,2199.00000000,0.13163129
125.00000000,2200.00000000,0.13220848
125.00000000,2201.00000000,0.13278706
125.00000000,2202.00000000,0.13336703
125.00000000,2203.00000000,0.13394838
125.00000000,2204.00000000,0.13453098
125.00000000,2205.00000000,0.13511492
125.00000000,2206.00000000,0.13559564
125.00000000,2207.00000000,0.13607723
125.00000000,2208.00000000,0.13655974
125.00000000,2209.00000000,0.13704310
125.00000000,2210.00000000,0.13752738
125.00000000,2211.00000000,0.13801251
125.00000000,2212.00000000,0.13849849
125.00000000,2213.00000000,0.13898535
125.00000000,2214.00000000,0.13947304
125.00000000,2215.00000000,0.13996150
125.00000000,2216.00000000,0.14034185
125.00000000,2217.00000000,0.14072263
125.00000000,2218.00000000,0.14110380
125.00000000,2219.00000000,0.14148545
125.00000000,2220.00000000,0.14186754
125.00000000,2221.00000000,0.14225006
125.00000000,2222.00000000,0.14263308
125.00000000,2223.00000000,0.14301652
125.00000000,2224.00000000,0.14340047
125.00000000,2225.00000000,0.14378489
125.00000000,2226.00000000,0.14408507
125.00000000,2227.00000000,0.14438548
125.00000000,2228.00000000,0.14468607
125.00000000,2229.00000000,0.14498682
125.00000000,2230.00000000,0.14528783
125.00000000,2231.00000000,0.14558909
125.00000000,2232.00000000,0.14589050
125.00000000,2233.00000000,0.14619220
125.00000000,2234.00000000,0.14649409
125.00000000,2235.00000000,0.14679627
125.00000000,2236.00000000,0.14709874
125.00000000,2237.00000000,0.14740141
125.00000000,2238.00000000,0.14770440
125.00000000,2239.00000000,0.14800767
125.00000000,2240.00000000,0.14831118
125.00000000,2241.00000000,0.14861503
125.00000000,2242.00000000,0.14891920
125.00000000,2243.00000000,0.14922358
125.00000000,2244.00000000,0.14952831
125.00000000,2245.00000000,0.14983335
125.00000000,2246.00000000,0.15013865
125.00000000,2247.00000000,0.15044435
125.00000000,2248.00000000,0.15075029
125.00000000,2249.00000000,0.15105640
125.00000000,2250.00000000,0.15136168
125.00000000,2251.00000000,0.15166410
125.00000000,2252.00000000,0.15196196
125.00000000,2253.00000000,0.15225422
125.00000000,2254.00000000,0.15254036
125.00000000,2255.00000000,0.15282034
125.00000000,2256.00000000,0.15309404
125.00000000,2257.00000000,0.15336140
125.00000000,2258.00000000,0.15362261
125.00000000,2259.00000000,0.15387756
125.00000000,2260.00000000,0.15412652
125.00000000,2261.00000000,0.15436958
125.00000000,2262.00000000,0.15460686
125.00000000,2263.00000000,0.15483871
125.00000000,2264.00000000,0.15506525
125.00000000,2265.00000000,0.15528650
125.00000000,2266.00000000,0.15550268
125.00000000,2267.00000000,0.15571385
125.00000000,2268.00000000,0.15592000
125.00000000,2269.00000000,0.15612132
125.00000000,2270.00000000,0.15631778
125.00000000,2271.00000000,0.15650957
125.00000000,2272.00000000,0.15669663
125.00000000,2273.00000000,0.15687898
125.00000000,2274.00000000,0.15705675
125.00000000,2275.00000000,0.15722983
125.00000000,2276.00000000,0.15679072
125.00000000,2277.00000000,0.15634602
125.00000000,2278.00000000,0.15589589
125.00000000,2279.00000000,0.15544038
125.00000000,2280.00000000,0.15497977
125.00000000,2281.00000000,0.15451416
125.00000000,2282.00000000,0.15404360
125.00000000,2283.00000000,0.15356837
125.00000000,2284.00000000,0.15308845
125.00000000,2285.00000000,0.15260409
125.00000000,2286.00000000,0.15211537
125.00000000,2287.00000000,0.15162235
125.00000000,2288.00000000,0.15112525
125.00000000,2289.00000000,0.15062410
125.00000000,2290.00000000,0.15011901
125.00000000,2291.00000000,0.14961014
125.00000000,2292.00000000,0.14909757
125.00000000,2293.00000000,0.14858133
125.00000000,2294.00000000,0.14806164
125.00000000,2295.00000000,0.14753847
125.00000000,2296.00000000,0.14701203
125.00000000,2297.00000000,0.14648232
125.00000000,2298.00000000,0.14594944
125.00000000,2299.00000000,0.14541352
125.00000000,2300.00000000,0.14487462
125.00000000,2301.00000000,0.14433275
125.00000000,2302.00000000,0.14378810
125.00000000,2303.00000000,0.14324065
125.00000000,2304.00000000,0.14269045
125.00000000,2305.00000000,0.14213765
125.00000000,2306.00000000,0.14158227
125.00000000,2307.00000000,0.14102436
125.00000000,2308.00000000,0.14046403
125.00000000,2309.00000000,0.13990131
125.00000000,2310.00000000,0.13933632
125.00000000,2311.00000000,0.13876907
125.00000000,2312.00000000,0.13819961
125.00000000,2313.00000000,0.13762804
125.00000000,2314.00000000,0.13705441
125.00000000,2315.00000000,0.13647874
125.00000000,2316.00000000,0.13590113
125.00000000,2317.00000000,0.13532163
125.00000000,2318.00000000,0.13474024
125.00000000,2319.00000000,0.13415709
125.00000000,2320.00000000,0.13357213
125.00000000,2321.00000000,0.13298552
125.00000000,2322.00000000,0.13239725
125.00000000,2323.00000000,0.13180732
125.00000000,2324.00000000,0.13121587
125.00000000,2325.00000000,0.13062291
125.00000000,2326.00000000,0.13002841
125.00000000,2327.00000000,0.12943253
125.00000000,2328.00000000,0.12883526
125.00000000,2329.00000000,0.12823660
125.00000000,2330.00000000,0.12763666
125.00000000,2331.00000000,0.12703544
125.00000000,2332.00000000,0.12643293
125.00000000,2333.00000000,0.12582928
125.00000000,2334.00000000,0.12522442
125.00000000,2335.00000000,0.12461847
125.00000000,2336.00000000,0.12401143
125.00000000,2337.00000000,0.12340328
125.00000000,2338.00000000,0.12279414
125.00000000,2339.00000000,0.12218402
125.00000000,2340.00000000,0.12157290
125.00000000,2341.00000000,0.12096089
125.00000000,2342.00000000,0.12034797
125.00000000,2343.00000000,0.11973416
125.00000000,2344.00000000,0.11911953
125.00000000,2345.00000000,0.11850406
125.00000000,2346.00000000,0.11788785
125.00000000,2347.00000000,0.11727089
125.00000000,2348.00000000,0.11665315
125.00000000,2349.00000000,0.11603478
125.00000000,2350.00000000,0.11541572
125.00000000,2351.00000000,0.11479598
125.00000000,2352.00000000,0.11417567
125.00000000,2353.00000000,0.11355476
125.00000000,2354.00000000,0.11293327
125.00000000,2355.00000000,0.11231127
125.00000000,2356.00000000,0.11168872
125.00000000,2357.00000000,0.11106573
125.00000000,2358.00000000,0.11044227
125.00000000,2359.00000000,0.10981834
125.00000000,2360.00000000,0.10919402
125.00000000,2361.00000000,0.10856933
125.00000000,2362.00000000,0.10794421
125.00000000,2363.00000000,0.10731878
125.00000000,2364.00000000,0.10669303
125.00000000,2365.00000000,0.10606693
125.00000000,2366.00000000,0.10544060
125.00000000,2367.00000000,0.10481400
125.00000000,2368.00000000,0.10418712
125.00000000,2369.00000000,0.10356007
125.00000000,2370.00000000,0.10293279
125.00000000,2371.00000000,0.10230541
125.00000000,2372.00000000,0.10167790
125.00000000,2373.00000000,0.10105032
125.00000000,2374.00000000,0.10055528
125.00000000,2375.00000000,0.10045039
125.00000000,2376.00000000,0.10045225
125.00000000,2377.00000000,0.10045435
125.00000000,2378.00000000,0.10045663
125.00000000,2379.00000000,0.10045907
125.00000000,2380.00000000,0.10046171
125.00000000,2381.00000000,0.10048121
125.00000000,2382.00000000,0.10050093
125.00000000,2383.00000000,0.10052082
125.00000000,2384.00000000,0.10054082
125.00000000,2385.00000000,0.10056102
125.00000000,2386.00000000,0.10054832
125.00000000,2387.00000000,0.10053573
125.00000000,2388.00000000,0.10052330
125.00000000,2389.00000000,0.10051100
125.00000000,2390.00000000,0.10049879
125.00000000,2391.00000000,0.10048675
125.00000000,2392.00000000,0.10047483
125.00000000,2393.00000000,0.10046297
125.00000000,2394.00000000,0.10045128
125.00000000,2395.00000000,0.10043966
125.00000000,2396.00000000,0.10042819
125.00000000,2397.00000000,0.10041681
125.00000000,2398.00000000,0.10040552
125.00000000,2399.00000000,0.10039435
125.00000000,2400.00000000,0.10038329
125.00000000,2401.00000000,0.10037084
125.00000000,2402.00000000,0.10035854
125.00000000,2403.00000000,0.10034635
125.00000000,2404.00000000,0.10033419
125.00000000,2405.00000000,0.10032217
125.00000000,2406.00000000,0.10031020
125.00000000,2407.00000000,0.10029836
125.00000000,2408.00000000,0.10028661
125.00000000,2409.00000000,0.10027490
125.00000000,2410.00000000,0.10026331
125.00000000,2411.00000000,0.10025181
125.00000000,2412.00000000,0.10024034
125.00000000,2413.00000000,0.10022899
125.00000000,2414.00000000,0.10021772
125.00000000,2415.00000000,0.10020647
125.00000000,2416.00000000,0.10019533
125.00000000,2417.00000000,0.10018422
125.00000000,2418.00000000,0.10017322
125.00000000,2419.00000000,0.10016230
125.00000000,2420.00000000,0.10015139
125.00000000,2421.00000000,0.10014058
125.00000000,2422.00000000,0.10012984
125.00000000,2423.00000000,0.10011911
125.00000000,2424.00000000,0.10010849
125.00000000,2425.00000000,0.10009792
125.00000000,2426.00000000,0.10009055
125.00000000,2427.00000000,0.10008326
125.00000000,2428.00000000,0.10007605
125.00000000,2429.00000000,0.10006882
125.00000000,2430.00000000,0.10006171
125.00000000,2431.00000000,0.10005459
125.00000000,2432.00000000,0.10004756
125.00000000,2433.00000000,0.10004059
125.00000000,2434.00000000,0.10003362
125.00000000,2435.00000000,0.10002674
125.00000000,2436.00000000,0.10001990
125.00000000,2437.00000000,0.10001305
125.00000000,2438.00000000,0.10000629
125.00000000,2439.00000000,0.09999958
125.00000000,2440.00000000,0.09999285
125.00000000,2441.00000000,0.09998621
125.00000000,2442.00000000,0.09997956
125.00000000,2443.00000000,0.09997301
125.00000000,2444.00000000,0.09996648
125.00000000,2445.00000000,0.09995993
125.00000000,2446.00000000,0.09995346
125.00000000,2447.00000000,0.09994704
125.00000000,2448.00000000,0.09994059
125.00000000,2449.00000000,0.09993422
125.00000000,2450.00000000,0.09992789
125.00000000,2451.00000000,0.09992151
125.00000000,2452.00000000,0.09991523
125.00000000,2453.00000000,0.09990897
125.00000000,2454.00000000,0.09990268
125.00000000,2455.00000000,0.09989645
125.00000000,2456.00000000,0.09989020
125.00000000,2457.00000000,0.09988403
125.00000000,2458.00000000,0.09987787
125.00000000,2459.00000000,0.09987167
125.00000000,2460.00000000,0.09986555
125.00000000,2461.00000000,0.09985944
125.00000000,2462.00000000,0.09985329
125.00000000,2463.00000000,0.09984722
125.00000000,2464.00000000,0.09984116
125.00000000,2465.00000000,0.09983505
125.00000000,2466.00000000,0.09982902
125.00000000,2467.00000000,0.09982295
125.00000000,2468.00000000,0.09981695
125.00000000,2469.00000000,0.09981096
125.00000000,2470.00000000,0.09980492
125.00000000,2471.00000000,0.09979896
125.00000000,2472.00000000,0.09979300
125.00000000,2473.00000000,0.09978699
125.00000000,2474.00000000,0.09978107
125.00000000,2475.00000000,0.09977515
125.00000000,2476.00000000,0.09976826
125.00000000,2477.00000000,0.09976146
125.00000000,2478.00000000,0.09975466
125.00000000,2479.00000000,0.09974779
125.00000000,2480.00000000,0.09974101
125.00000000,2481.00000000,0.09973417
125.00000000,2482.00000000,0.09972740
125.00000000,2483.00000000,0.09972064
125.00000000,2484.00000000,0.09971382
125.00000000,2485.00000000,0.09970706
125.00000000,2486.00000000,0.09970032
125.00000000,2487.00000000,0.09969351
125.00000000,2488.00000000,0.09968678
125.00000000,2489.00000000,0.09968005
125.00000000,2490.00000000,0.09967325
125.00000000,2491.00000000,0.09966653
125.00000000,2492.00000000,0.09965974
125.00000000,2493.00000000,0.09965303
125.00000000,2494.00000000,0.09964633
125.00000000,2495.00000000,0.09963955
125.00000000,2496.00000000,0.09963284
125.00000000,2497.00000000,0.09962614
125.00000000,2498.00000000,0.09961937
125.00000000,2499.00000000,0.09961268
125.00000000,2500.00000000,0.09960599
126.00000000,1765.00000000,0.07130224
126.00000000,1766.00000000,0.07130224
126.00000000,1767.00000000,0.07130220
126.00000000,1768.00000000,0.07130244
126.00000000,1769.00000000,0.07130281
126.00000000,1770.00000000,0.07130299
126.00000000,1771.00000000,0.07130350
126.00000000,1772.00000000,0.07130417
126.00000000,1773.00000000,0.07130493
126.00000000,1774.00000000,0.07130584
126.00000000,1775.00000000,0.07130700
126.00000000,1776.00000000,0.07130814
126.00000000,1777.00000000,0.07130958
126.00000000,1778.00000000,0.07131085
126.00000000,1779.00000000,0.07131237
126.00000000,1780.00000000,0.07131409
126.00000000,1781.00000000,0.07131609
126.00000000,1782.00000000,0.07131795
126.00000000,1783.00000000,0.07132001
126.00000000,1784.00000000,0.07132217
126.00000000,1785.00000000,0.07132441
126.00000000,1786.00000000,0.07132678
126.00000000,1787.00000000,0.07132932
126.00000000,1788.00000000,0.07133168
126.00000000,1789.00000000,0.07133436
126.00000000,1790.00000000,0.07133705
126.00000000,1791.00000000,0.07133980
126.00000000,1792.00000000,0.07134263
126.00000000,1793.00000000,0.07134554
126.00000000,1794.00000000,0.07134859
126.00000000,1795.00000000,0.07135159
126.00000000,1796.00000000,0.07135466
126.00000000,1797.00000000,0.07135770
126.00000000,1798.00000000,0.07136094
126.00000000,1799.00000000,0.07136413
126.00000000,1800.00000000,0.07136747
126.00000000,1801.00000000,0.07137078
126.00000000,1802.00000000,0.07137417
126.00000000,1803.00000000,0.07137749
126.00000000,1804.00000000,0.07138087
126.00000000,1805.00000000,0.07138440
126.00000000,1806.00000000,0.07138785
126.00000000,1807.00000000,0.07139130
126.00000000,1808.00000000,0.07139480
126.00000000,1809.00000000,0.07139842
126.00000000,1810.00000000,0.07140194
126.00000000,1811.00000000,0.07140554
126.00000000,1812.00000000,0.07140914
126.00000000,1813.00000000,0.07141283
126.00000000,1814.00000000,0.07141648
126.00000000,1815.00000000,0.07142011
126.00000000,1816.00000000,0.07142382
126.00000000,1817.00000000,0.07142750
126.00000000,1818.00000000,0.07143117
126.00000000,1819.00000000,0.07143482
126.00000000,1820.00000000,0.07143853
126.00000000,1821.00000000,0.07144224
126.00000000,1822.00000000,0.07144594
126.00000000,1823.00000000,0.07144964
126.00000000,1824.00000000,0.07145334
126.00000000,1825.00000000,0.07145702
126.00000000,1826.00000000,0.07146068
126.00000000,1827.00000000,0.07146445
126.00000000,1828.00000000,0.07146813
126.00000000,1829.00000000,0.07147176
126.00000000,1830.00000000,0.07147555
126.00000000,1831.00000000,0.07147909
126.00000000,1832.00000000,0.07148274
126.00000000,1833.00000000,0.07148640
126.00000000,1834.00000000,0.07149003
126.00000000,1835.00000000,0.07149347
126.00000000,1836.00000000,0.07149712
126.00000000,1837.00000000,0.07150065
126.00000000,1838.00000000,0.07150418
126.00000000,1839.00000000,0.07150774
126.00000000,1840.00000000,0.07151117
126.00000000,1841.00000000,0.07151462
126.00000000,1842.00000000,0.07151807
126.00000000,1843.00000000,0.07152153
126.00000000,1844.00000000,0.07152486
126.00000000,1845.00000000,0.07152823
126.00000000,1846.00000000,0.07153161
126.00000000,1847.00000000,0.07153492
126.00000000,1848.00000000,0.07153822
126.00000000,1849.00000000,0.07154145
126.00000000,1850.00000000,0.07154468
126.00000000,1851.00000000,0.07154782
126.00000000,1852.00000000,0.07155095
126.00000000,1853.00000000,0.07155437
126.00000000,1854.00000000,0.07155798
126.00000000,1855.00000000,0.07156150
126.00000000,1856.00000000,0.07156495
126.00000000,1857.00000000,0.07156829
126.00000000,1858.00000000,0.07157156
126.00000000,1859.00000000,0.07157479
126.00000000,1860.00000000,0.07157793
126.00000000,1861.00000000,0.07158105
126.00000000,1862.00000000,0.07158402
126.00000000,1863.00000000,0.07158629
126.00000000,1864.00000000,0.07158815
126.00000000,1865.00000000,0.07158965
126.00000000,1866.00000000,0.07159075
126.00000000,1867.00000000,0.07159163
126.00000000,1868.00000000,0.07159221
126.00000000,1869.00000000,0.07159261
126.00000000,1870.00000000,0.07159275
126.00000000,1871.00000000,0.07159273
126.00000000,1872.00000000,0.07159288
126.00000000,1873.00000000,0.07159369
126.00000000,1874.00000000,0.07159503
126.00000000,1875.00000000,0.07159668
126.00000000,1876.00000000,0.07159861
126.00000000,1877.00000000,0.07160074
126.00000000,1878.00000000,0.07160308
126.00000000,1879.00000000,0.07160555
126.00000000,1880.00000000,0.07160812
126.00000000,1881.00000000,0.07161070
126.00000000,1882.00000000,0.07161335
126.00000000,1883.00000000,0.07161561
126.00000000,1884.00000000,0.07161752
126.00000000,1885.00000000,0.07161926
126.00000000,1886.00000000,0.07162085
126.00000000,1887.00000000,0.07162239
126.00000000,1888.00000000,0.07162382
126.00000000,1889.00000000,0.07162504
126.00000000,1890.00000000,0.07162608
126.00000000,1891.00000000,0.07162687
126.00000000,1892.00000000,0.07163408
126.00000000,1893.00000000,0.07163465
126.00000000,1894.00000000,0.07163532
126.00000000,1895.00000000,0.07163614
126.00000000,1896.00000000,0.07163712
126.00000000,1897.00000000,0.07164034
126.00000000,1898.00000000,0.07164132
126.00000000,1899.00000000,0.07164221
126.00000000,1900.00000000,0.07164285
126.00000000,1901.00000000,0.07164336
126.00000000,1902.00000000,0.07164409
126.00000000,1903.00000000,0.07164491
126.00000000,1904.00000000,0.07164595
126.00000000,1905.00000000,0.07164722
126.00000000,1906.00000000,0.07164877
126.00000000,1907.00000000,0.07165277
126.00000000,1908.00000000,0.07165450
126.00000000,1909.00000000,0.07165625
126.00000000,1910.00000000,0.07165807
126.00000000,1911.00000000,0.07165979
126.00000000,1912.00000000,0.07166098
126.00000000,1913.00000000,0.07166137
126.00000000,1914.00000000,0.07166090
126.00000000,1915.00000000,0.07166005
126.00000000,1916.00000000,0.07165920
126.00000000,1917.00000000,0.07166058
126.00000000,1918.00000000,0.07165962
126.00000000,1919.00000000,0.07165871
126.00000000,1920.00000000,0.07165838
126.00000000,1921.00000000,0.07165867
126.00000000,1922.00000000,0.07165987
126.00000000,1923.00000000,0.07166398
126.00000000,1924.00000000,0.07166602
126.00000000,1925.00000000,0.07166793
126.00000000,1926.00000000,0.07167201
126.00000000,1927.00000000,0.07167393
126.00000000,1928.00000000,0.07168036
126.00000000,1929.00000000,0.07168015
126.00000000,1930.00000000,0.07168234
126.00000000,1931.00000000,0.07168553
126.00000000,1932.00000000,0.07169218
126.00000000,1933.00000000,0.07169728
126.00000000,1934.00000000,0.07170292
126.00000000,1935.00000000,0.07170861
126.00000000,1936.00000000,0.07171370
126.00000000,1937.00000000,0.07172022
126.00000000,1938.00000000,0.07172334
126.00000000,1939.00000000,0.07172564
126.00000000,1940.00000000,0.07172731
126.00000000,1941.00000000,0.07173030
126.00000000,1942.00000000,0.07173225
126.00000000,1943.00000000,0.07173364
126.00000000,1944.00000000,0.07173233
126.00000000,1945.00000000,0.07173102
126.00000000,1946.00000000,0.07173063
126.00000000,1947.00000000,0.07173176
126.00000000,1948.00000000,0.07173592
126.00000000,1949.00000000,0.07174014
126.00000000,1950.00000000,0.07174201
126.00000000,1951.00000000,0.07174603
126.00000000,1952.00000000,0.07174855
126.00000000,1953.00000000,0.07175347
126.00000000,1954.00000000,0.07175617
126.00000000,1955.00000000,0.07175917
126.00000000,1956.00000000,0.07177547
126.00000000,1957.00000000,0.07177605
126.00000000,1958.00000000,0.07177842
126.00000000,1959.00000000,0.07178247
126.00000000,1960.00000000,0.07178260
126.00000000,1961.00000000,0.07178326
126.00000000,1962.00000000,0.07178983
126.00000000,1963.00000000,0.07178674
126.00000000,1964.00000000,0.07178477
126.00000000,1965.00000000,0.07178158
126.00000000,1966.00000000,0.07177934
126.00000000,1967.00000000,0.07177363
126.00000000,1968.00000000,0.07176874
126.00000000,1969.00000000,0.07175962
126.00000000,1970.00000000,0.07175046
126.00000000,1971.00000000,0.07174263
126.00000000,1972.00000000,0.07172203
126.00000000,1973.00000000,0.07170475
126.00000000,1974.00000000,0.07168034
126.00000000,1975.00000000,0.07165869
126.00000000,1976.00000000,0.07163883
126.00000000,1977.00000000,0.07161031
126.00000000,1978.00000000,0.07158828
126.00000000,1979.00000000,0.07156379
126.00000000,1980.00000000,0.07155615
126.00000000,1981.00000000,0.07153073
126.00000000,1982.00000000,0.07151373
126.00000000,1983.00000000,0.07149182
126.00000000,1984.00000000,0.07147372
126.00000000,1985.00000000,0.07146733
126.00000000,1986.00000000,0.07146914
126.00000000,1987.00000000,0.07146293
126.00000000,1988.00000000,0.07145247
126.00000000,1989.00000000,0.07145264
126.00000000,1990.00000000,0.07145458
126.00000000,1991.00000000,0.07145419
126.00000000,1992.00000000,0.07144564
126.00000000,1993.00000000,0.07144914
126.00000000,1994.00000000,0.07144687
126.00000000,1995.00000000,0.07145001
126.00000000,1996.00000000,0.07144914
126.00000000,1997.00000000,0.07145684
126.00000000,1998.00000000,0.07148167
126.00000000,1999.00000000,0.07149341
126.00000000,2000.00000000,0.07145944
126.00000000,2001.00000000,0.07147776
126.00000000,2002.00000000,0.07147161
126.00000000,2003.00000000,0.07146560
126.00000000,2004.00000000,0.07145524
126.00000000,2005.00000000,0.07146975
126.00000000,2006.00000000,0.07150685
126.00000000,2007.00000000,0.07149887
126.00000000,2008.00000000,0.07150063
126.00000000,2009.00000000,0.07150599
126.00000000,2010.00000000,0.07148040
126.00000000,2011.00000000,0.07145025
126.00000000,2012.00000000,0.07142216
126.00000000,2013.00000000,0.07141346
126.00000000,2014.00000000,0.07144142
126.00000000,2015.00000000,0.07139761
126.00000000,2016.00000000,0.07141436
126.00000000,2017.00000000,0.07140078
126.00000000,2018.00000000,0.07135483
126.00000000,2019.00000000,0.07129400
126.00000000,2020.00000000,0.07126822
126.00000000,2021.00000000,0.07126242
126.00000000,2022.00000000,0.07123363
126.00000000,2023.00000000,0.07122097
126.00000000,2024.00000000,0.07121597
126.00000000,2025.00000000,0.07124671
126.00000000,2026.00000000,0.07124456
126.00000000,2027.00000000,0.07122252
126.00000000,2028.00000000,0.07119147
126.00000000,2029.00000000,0.07123915
126.00000000,2030.00000000,0.07119222
126.00000000,2031.00000000,0.07121320
126.00000000,2032.00000000,0.07124410
126.00000000,2033.00000000,0.07134414
126.00000000,2034.00000000,0.07120651
126.00000000,2035.00000000,0.07121436
126.00000000,2036.00000000,0.07121852
126.00000000,2037.00000000,0.07118509
126.00000000,2038.00000000,0.07120526
126.00000000,2039.00000000,0.07126826
126.00000000,2040.00000000,0.07099813
126.00000000,2041.00000000,0.07089814
126.00000000,2042.00000000,0.07095509
126.00000000,2043.00000000,0.07099143
126.00000000,2044.00000000,0.07087260
126.00000000,2045.00000000,0.07051954
126.00000000,2046.00000000,0.07070209
126.00000000,2047.00000000,0.07034924
126.00000000,2048.00000000,0.07035325
126.00000000,2049.00000000,0.07052915
126.00000000,2050.00000000,0.07042840
126.00000000,2051.00000000,0.07036625
126.00000000,2052.00000000,0.07029483
126.00000000,2053.00000000,0.07036982
126.00000000,2054.00000000,0.07028621
126.00000000,2055.00000000,0.07036080
126.00000000,2056.00000000,0.07007912
126.00000000,2057.00000000,0.06975382
126.00000000,2058.00000000,0.06946967
126.00000000,2059.00000000,0.06947131
126.00000000,2060.00000000,0.06954244
126.00000000,2061.00000000,0.06956013
126.00000000,2062.00000000,0.06967832
126.00000000,2063.00000000,0.06974796
126.00000000,2064.00000000,0.06952120
126.00000000,2065.00000000,0.06953447
126.00000000,2066.00000000,0.06966496
126.00000000,2067.00000000,0.06965076
126.00000000,2068.00000000,0.06958358
126.00000000,2069.00000000,0.06960103
126.00000000,2070.00000000,0.06950504
126.00000000,2071.00000000,0.06897802
126.00000000,2072.00000000,0.06906057
126.00000000,2073.00000000,0.06929871
126.00000000,2074.00000000,0.06938508
126.00000000,2075.00000000,0.06922020
126.00000000,2076.00000000,0.06958140
126.00000000,2077.00000000,0.06979935
126.00000000,2078.00000000,0.06980050
126.00000000,2079.00000000,0.06983839
126.00000000,2080.00000000,0.06983726
126.00000000,2081.00000000,0.07014509
126.00000000,2082.00000000,0.07036982
126.00000000,2083.00000000,0.07051171
126.00000000,2084.00000000,0.07059278
126.00000000,2085.00000000,0.07081883
126.00000000,2086.00000000,0.07101364
126.00000000,2087.00000000,0.07101762
126.00000000,2088.00000000,0.07119988
126.00000000,2089.00000000,0.07146734
126.00000000,2090.00000000,0.07176070
126.00000000,2091.00000000,0.07201108
126.00000000,2092.00000000,0.07230896
126.00000000,2093.00000000,0.07250337
126.00000000,2094.00000000,0.07283941
126.00000000,2095.00000000,0.07324636
126.00000000,2096.00000000,0.07378054
126.00000000,2097.00000000,0.07408015
126.00000000,2098.00000000,0.07440722
126.00000000,2099.00000000,0.07486877
126.00000000,2100.00000000,0.07488975
126.00000000,2101.00000000,0.07483910
126.00000000,2102.00000000,0.07536861
126.00000000,2103.00000000,0.07566303
126.00000000,2104.00000000,0.07582365
126.00000000,2105.00000000,0.07638605
126.00000000,2106.00000000,0.07629659
126.00000000,2107.00000000,0.07599823
126.00000000,2108.00000000,0.07594080
126.00000000,2109.00000000,0.07593251
126.00000000,2110.00000000,0.07630791
126.00000000,2111.00000000,0.07663523
126.00000000,2112.00000000,0.07698789
126.00000000,2113.00000000,0.07729805
126.00000000,2114.00000000,0.07774126
126.00000000,2115.00000000,0.07802002
126.00000000,2116.00000000,0.07816516
126.00000000,2117.00000000,0.07838104
126.00000000,2118.00000000,0.07819741
126.00000000,2119.00000000,0.07825233
126.00000000,2120.00000000,0.07852466
126.00000000,2121.00000000,0.07882179
126.00000000,2122.00000000,0.07913596
126.00000000,2123.00000000,0.07939602
126.00000000,2124.00000000,0.07938853
126.00000000,2125.00000000,0.07940615
126.00000000,2126.00000000,0.07978165
126.00000000,2127.00000000,0.08014973
126.00000000,2128.00000000,0.08031330
126.00000000,2129.00000000,0.08102484
126.00000000,2130.00000000,0.08183266
126.00000000,2131.00000000,0.08247595
126.00000000,2132.00000000,0.08291267
126.00000000,2133.00000000,0.08335187
126.00000000,2134.00000000,0.08379359
126.00000000,2135.00000000,0.08423727
126.00000000,2136.00000000,0.08468296
126.00000000,2137.00000000,0.08526520
126.00000000,2138.00000000,0.08584949
126.00000000,2139.00000000,0.08643583
126.00000000,2140.00000000,0.08702413
126.00000000,2141.00000000,0.08761430
126.00000000,2142.00000000,0.08820636
126.00000000,2143.00000000,0.08880021
126.00000000,2144.00000000,0.08939576
126.00000000,2145.00000000,0.08999300
126.00000000,2146.00000000,0.09059185
126.00000000,2147.00000000,0.09113274
126.00000000,2148.00000000,0.09167514
126.00000000,2149.00000000,0.09221901
126.00000000,2150.00000000,0.09276437
126.00000000,2151.00000000,0.09331170
126.00000000,2152.00000000,0.09386242
126.00000000,2153.00000000,0.09441795
126.00000000,2154.00000000,0.09497903
126.00000000,2155.00000000,0.09554598
126.00000000,2156.00000000,0.09611906
126.00000000,2157.00000000,0.09682220
126.00000000,2158.00000000,0.09753153
126.00000000,2159.00000000,0.09824701
126.00000000,2160.00000000,0.09896850
126.00000000,2161.00000000,0.09969586
126.00000000,2162.00000000,0.10042903
126.00000000,2163.00000000,0.10116784
126.00000000,2164.00000000,0.10191225
126.00000000,2165.00000000,0.10266215
126.00000000,2166.00000000,0.10341739
126.00000000,2167.00000000,0.10426877
126.00000000,2168.00000000,0.10512552
126.00000000,2169.00000000,0.10598749
126.00000000,2170.00000000,0.10685463
126.00000000,2171.00000000,0.10772680
126.00000000,2172.00000000,0.10860386
126.00000000,2173.00000000,0.10948577
126.00000000,2174.00000000,0.11037236
126.00000000,2175.00000000,0.11126359
126.00000000,2176.00000000,0.11215931
126.00000000,2177.00000000,0.11305426
126.00000000,2178.00000000,0.11395353
126.00000000,2179.00000000,0.11485699
126.00000000,2180.00000000,0.11576451
126.00000000,2181.00000000,0.11667606
126.00000000,2182.00000000,0.11759151
126.00000000,2183.00000000,0.11851069
126.00000000,2184.00000000,0.11943359
126.00000000,2185.00000000,0.12036003
126.00000000,2186.00000000,0.12128984
126.00000000,2187.00000000,0.12202095
126.00000000,2188.00000000,0.12275469
126.00000000,2189.00000000,0.12349108
126.00000000,2190.00000000,0.12423000
126.00000000,2191.00000000,0.12497140
126.00000000,2192.00000000,0.12571526
126.00000000,2193.00000000,0.12646149
126.00000000,2194.00000000,0.12721000
126.00000000,2195.00000000,0.12796075
126.00000000,2196.00000000,0.12871365
126.00000000,2197.00000000,0.12928446
126.00000000,2198.00000000,0.12985680
126.00000000,2199.00000000,0.13043053
126.00000000,2200.00000000,0.13100576
126.00000000,2201.00000000,0.13158239
126.00000000,2202.00000000,0.13216038
126.00000000,2203.00000000,0.13273976
126.00000000,2204.00000000,0.13332048
126.00000000,2205.00000000,0.13390248
126.00000000,2206.00000000,0.13448578
126.00000000,2207.00000000,0.13496634
126.00000000,2208.00000000,0.13544777
126.00000000,2209.00000000,0.13593011
126.00000000,2210.00000000,0.13641329
126.00000000,2211.00000000,0.13689738
126.00000000,2212.00000000,0.13738236
126.00000000,2213.00000000,0.13786813
126.00000000,2214.00000000,0.13835482
126.00000000,2215.00000000,0.13884231
126.00000000,2216.00000000,0.13933057
126.00000000,2217.00000000,0.13971119
126.00000000,2218.00000000,0.14009224
126.00000000,2219.00000000,0.14047369
126.00000000,2220.00000000,0.14085562
126.00000000,2221.00000000,0.14123802
126.00000000,2222.00000000,0.14162081
126.00000000,2223.00000000,0.14200412
126.00000000,2224.00000000,0.14238784
126.00000000,2225.00000000,0.14277206
126.00000000,2226.00000000,0.14315674
126.00000000,2227.00000000,0.14345757
126.00000000,2228.00000000,0.14375862
126.00000000,2229.00000000,0.14405989
126.00000000,2230.00000000,0.14436130
126.00000000,2231.00000000,0.14466298
126.00000000,2232.00000000,0.14496485
126.00000000,2233.00000000,0.14526692
126.00000000,2234.00000000,0.14556929
126.00000000,2235.00000000,0.14587185
126.00000000,2236.00000000,0.14617471
126.00000000,2237.00000000,0.14647783
126.00000000,2238.00000000,0.14678118
126.00000000,2239.00000000,0.14708485
126.00000000,2240.00000000,0.14738882
126.00000000,2241.00000000,0.14769302
126.00000000,2242.00000000,0.14799756
126.00000000,2243.00000000,0.14830239
126.00000000,2244.00000000,0.14860748
126.00000000,2245.00000000,0.14891295
126.00000000,2246.00000000,0.14921870
126.00000000,2247.00000000,0.14952473
126.00000000,2248.00000000,0.14983111
126.00000000,2249.00000000,0.15013763
126.00000000,2250.00000000,0.15044332
126.00000000,2251.00000000,0.15074624
126.00000000,2252.00000000,0.15104454
126.00000000,2253.00000000,0.15133735
126.00000000,2254.00000000,0.15162413
126.00000000,2255.00000000,0.15190467
126.00000000,2256.00000000,0.15217907
126.00000000,2257.00000000,0.15244724
126.00000000,2258.00000000,0.15270914
126.00000000,2259.00000000,0.15296500
126.00000000,2260.00000000,0.15321477
126.00000000,2261.00000000,0.15345874
126.00000000,2262.00000000,0.15369706
126.00000000,2263.00000000,0.15392988
126.00000000,2264.00000000,0.15415748
126.00000000,2265.00000000,0.15437990
126.00000000,2266.00000000,0.15459719
126.00000000,2267.00000000,0.15480956
126.00000000,2268.00000000,0.15501702
126.00000000,2269.00000000,0.15521959
126.00000000,2270.00000000,0.15541748
126.00000000,2271.00000000,0.15561059
126.00000000,2272.00000000,0.15579914
126.00000000,2273.00000000,0.15598308
126.00000000,2274.00000000,0.15616241
126.00000000,2275.00000000,0.15633727
126.00000000,2276.00000000,0.15650753
126.00000000,2277.00000000,0.15606846
126.00000000,2278.00000000,0.15562397
126.00000000,2279.00000000,0.15517411
126.00000000,2280.00000000,0.15471903
126.00000000,2281.00000000,0.15425891
126.00000000,2282.00000000,0.15379390
126.00000000,2283.00000000,0.15332404
126.00000000,2284.00000000,0.15284959
126.00000000,2285.00000000,0.15237055
126.00000000,2286.00000000,0.15188714
126.00000000,2287.00000000,0.15139947
126.00000000,2288.00000000,0.15090755
126.00000000,2289.00000000,0.15041165
126.00000000,2290.00000000,0.14991176
126.00000000,2291.00000000,0.14940801
126.00000000,2292.00000000,0.14890054
126.00000000,2293.00000000,0.14838944
126.00000000,2294.00000000,0.14787474
126.00000000,2295.00000000,0.14735664
126.00000000,2296.00000000,0.14683511
126.00000000,2297.00000000,0.14631037
126.00000000,2298.00000000,0.14578243
126.00000000,2299.00000000,0.14525136
126.00000000,2300.00000000,0.14471730
126.00000000,2301.00000000,0.14418031
126.00000000,2302.00000000,0.14364039
126.00000000,2303.00000000,0.14309771
126.00000000,2304.00000000,0.14255229
126.00000000,2305.00000000,0.14200414
126.00000000,2306.00000000,0.14145344
126.00000000,2307.00000000,0.14090020
126.00000000,2308.00000000,0.14034446
126.00000000,2309.00000000,0.13978636
126.00000000,2310.00000000,0.13922588
126.00000000,2311.00000000,0.13866317
126.00000000,2312.00000000,0.13809823
126.00000000,2313.00000000,0.13753112
126.00000000,2314.00000000,0.13696195
126.00000000,2315.00000000,0.13639072
126.00000000,2316.00000000,0.13581748
126.00000000,2317.00000000,0.13524235
126.00000000,2318.00000000,0.13466534
126.00000000,2319.00000000,0.13408645
126.00000000,2320.00000000,0.13350584
126.00000000,2321.00000000,0.13292345
126.00000000,2322.00000000,0.13233942
126.00000000,2323.00000000,0.13175376
126.00000000,2324.00000000,0.13116646
126.00000000,2325.00000000,0.13057766
126.00000000,2326.00000000,0.12998736
126.00000000,2327.00000000,0.12939557
126.00000000,2328.00000000,0.12880240
126.00000000,2329.00000000,0.12820784
126.00000000,2330.00000000,0.12761190
126.00000000,2331.00000000,0.12701471
126.00000000,2332.00000000,0.12641626
126.00000000,2333.00000000,0.12581656
126.00000000,2334.00000000,0.12521570
126.00000000,2335.00000000,0.12461363
126.00000000,2336.00000000,0.12401051
126.00000000,2337.00000000,0.12340630
126.00000000,2338.00000000,0.12280100
126.00000000,2339.00000000,0.12219473
126.00000000,2340.00000000,0.12158747
126.00000000,2341.00000000,0.12097923
126.00000000,2342.00000000,0.12037010
126.00000000,2343.00000000,0.11976008
126.00000000,2344.00000000,0.11914915
126.00000000,2345.00000000,0.11853744
126.00000000,2346.00000000,0.11792490
126.00000000,2347.00000000,0.11731161
126.00000000,2348.00000000,0.11669758
126.00000000,2349.00000000,0.11608280
126.00000000,2350.00000000,0.11546736
126.00000000,2351.00000000,0.11485126
126.00000000,2352.00000000,0.11423449
126.00000000,2353.00000000,0.11361714
126.00000000,2354.00000000,0.11299923
126.00000000,2355.00000000,0.11238070
126.00000000,2356.00000000,0.11176171
126.00000000,2357.00000000,0.11114214
126.00000000,2358.00000000,0.11052216
126.00000000,2359.00000000,0.10990170
126.00000000,2360.00000000,0.10928077
126.00000000,2361.00000000,0.10865946
126.00000000,2362.00000000,0.10803777
126.00000000,2363.00000000,0.10741565
126.00000000,2364.00000000,0.10679325
126.00000000,2365.00000000,0.10617051
126.00000000,2366.00000000,0.10554743
126.00000000,2367.00000000,0.10492411
126.00000000,2368.00000000,0.10430054
126.00000000,2369.00000000,0.10367668
126.00000000,2370.00000000,0.10305265
126.00000000,2371.00000000,0.10242840
126.00000000,2372.00000000,0.10180404
126.00000000,2373.00000000,0.10117956
126.00000000,2374.00000000,0.10055500
126.00000000,2375.00000000,0.10006234
126.00000000,2376.00000000,0.09995793
126.00000000,2377.00000000,0.09995975
126.00000000,2378.00000000,0.09996181
126.00000000,2379.00000000,0.09996406
126.00000000,2380.00000000,0.09996644
126.00000000,2381.00000000,0.09996904
126.00000000,2382.00000000,0.09998841
126.00000000,2383.00000000,0.10000800
126.00000000,2384.00000000,0.10002776
126.00000000,2385.00000000,0.10004763
126.00000000,2386.00000000,0.10006769
126.00000000,2387.00000000,0.10005502
126.00000000,2388.00000000,0.10004246
126.00000000,2389.00000000,0.10003005
126.00000000,2390.00000000,0.10001778
126.00000000,2391.00000000,0.10000560
126.00000000,2392.00000000,0.09999357
126.00000000,2393.00000000,0.09998167
126.00000000,2394.00000000,0.09996985
126.00000000,2395.00000000,0.09995817
126.00000000,2396.00000000,0.09994657
126.00000000,2397.00000000,0.09993511
126.00000000,2398.00000000,0.09992377
126.00000000,2399.00000000,0.09991247
126.00000000,2400.00000000,0.09990132
126.00000000,2401.00000000,0.09989028
126.00000000,2402.00000000,0.09987787
126.00000000,2403.00000000,0.09986559
126.00000000,2404.00000000,0.09985342
126.00000000,2405.00000000,0.09984129
126.00000000,2406.00000000,0.09982930
126.00000000,2407.00000000,0.09981734
126.00000000,2408.00000000,0.09980554
126.00000000,2409.00000000,0.09979381
126.00000000,2410.00000000,0.09978212
126.00000000,2411.00000000,0.09977056
126.00000000,2412.00000000,0.09975907
126.00000000,2413.00000000,0.09974762
126.00000000,2414.00000000,0.09973629
126.00000000,2415.00000000,0.09972504
126.00000000,2416.00000000,0.09971380
126.00000000,2417.00000000,0.09970270
126.00000000,2418.00000000,0.09969160
126.00000000,2419.00000000,0.09968062
126.00000000,2420.00000000,0.09966972
126.00000000,2421.00000000,0.09965882
126.00000000,2422.00000000,0.09964802
126.00000000,2423.00000000,0.09963730
126.00000000,2424.00000000,0.09962658
126.00000000,2425.00000000,0.09961598
126.00000000,2426.00000000,0.09960542
126.00000000,2427.00000000,0.09959804
126.00000000,2428.00000000,0.09959075
126.00000000,2429.00000000,0.09958353
126.00000000,2430.00000000,0.09957630
126.00000000,2431.00000000,0.09956918
126.00000000,2432.00000000,0.09956206
126.00000000,2433.00000000,0.09955503
126.00000000,2434.00000000,0.09954805
126.00000000,2435.00000000,0.09954107
126.00000000,2436.00000000,0.09953418
126.00000000,2437.00000000,0.09952733
126.00000000,2438.00000000,0.09952048
126.00000000,2439.00000000,0.09951372
126.00000000,2440.00000000,0.09950700
126.00000000,2441.00000000,0.09950026
126.00000000,2442.00000000,0.09949361
126.00000000,2443.00000000,0.09948695
126.00000000,2444.00000000,0.09948037
126.00000000,2445.00000000,0.09947383
126.00000000,2446.00000000,0.09946727
126.00000000,2447.00000000,0.09946081
126.00000000,2448.00000000,0.09945436
126.00000000,2449.00000000,0.09944789
126.00000000,2450.00000000,0.09944152
126.00000000,2451.00000000,0.09943516
126.00000000,2452.00000000,0.09942879
126.00000000,2453.00000000,0.09942248
126.00000000,2454.00000000,0.09941621
126.00000000,2455.00000000,0.09940990
126.00000000,2456.00000000,0.09940366
126.00000000,2457.00000000,0.09939739
126.00000000,2458.00000000,0.09939119
126.00000000,2459.00000000,0.09938502
126.00000000,2460.00000000,0.09937880
126.00000000,2461.00000000,0.09937266
126.00000000,2462.00000000,0.09936653
126.00000000,2463.00000000,0.09936036
126.00000000,2464.00000000,0.09935427
126.00000000,2465.00000000,0.09934819
126.00000000,2466.00000000,0.09934206
126.00000000,2467.00000000,0.09933602
126.00000000,2468.00000000,0.09932992
126.00000000,2469.00000000,0.09932390
126.00000000,2470.00000000,0.09931790
126.00000000,2471.00000000,0.09931184
126.00000000,2472.00000000,0.09930585
126.00000000,2473.00000000,0.09929988
126.00000000,2474.00000000,0.09929386
126.00000000,2475.00000000,0.09928791
126.00000000,2476.00000000,0.09928196
126.00000000,2477.00000000,0.09927507
126.00000000,2478.00000000,0.09926824
126.00000000,2479.00000000,0.09926143
126.00000000,2480.00000000,0.09925455
126.00000000,2481.00000000,0.09924775
126.00000000,2482.00000000,0.09924089
126.00000000,2483.00000000,0.09923410
126.00000000,2484.00000000,0.09922733
126.00000000,2485.00000000,0.09922049
126.00000000,2486.00000000,0.09921372
126.00000000,2487.00000000,0.09920696
126.00000000,2488.00000000,0.09920013
126.00000000,2489.00000000,0.09919338
126.00000000,2490.00000000,0.09918664
126.00000000,2491.00000000,0.09917983
126.00000000,2492.00000000,0.09917310
126.00000000,2493.00000000,0.09916629
126.00000000,2494.00000000,0.09915956
126.00000000,2495.00000000,0.09915283
126.00000000,2496.00000000,0.09914604
126.00000000,2497.00000000,0.09913932
126.00000000,2498.00000000,0.09913260
126.00000000,2499.00000000,0.09912582
126.00000000,2500.00000000,0.09911910
127.00000000,1765.00000000,0.07088326
127.00000000,1766.00000000,0.07088336
127.00000000,1767.00000000,0.07088341
127.00000000,1768.00000000,0.07088346
127.00000000,1769.00000000,0.07088381
127.00000000,1770.00000000,0.07088430
127.00000000,1771.00000000,0.07088461
127.00000000,1772.00000000,0.07088525
127.00000000,1773.00000000,0.07088605
127.00000000,1774.00000000,0.07088694
127.00000000,1775.00000000,0.07088799
127.00000000,1776.00000000,0.07088928
127.00000000,1777.00000000,0.07089054
127.00000000,1778.00000000,0.07089211
127.00000000,1779.00000000,0.07089350
127.00000000,1780.00000000,0.07089514
127.00000000,1781.00000000,0.07089697
127.00000000,1782.00000000,0.07089906
127.00000000,1783.00000000,0.07090102
127.00000000,1784.00000000,0.07090318
127.00000000,1785.00000000,0.07090542
127.00000000,1786.00000000,0.07090774
127.00000000,1787.00000000,0.07091020
127.00000000,1788.00000000,0.07091280
127.00000000,1789.00000000,0.07091524
127.00000000,1790.00000000,0.07091798
127.00000000,1791.00000000,0.07092074
127.00000000,1792.00000000,0.07092353
127.00000000,1793.00000000,0.07092640
127.00000000,1794.00000000,0.07092937
127.00000000,1795.00000000,0.07093246
127.00000000,1796.00000000,0.07093550
127.00000000,1797.00000000,0.07093861
127.00000000,1798.00000000,0.07094168
127.00000000,1799.00000000,0.07094494
127.00000000,1800.00000000,0.07094816
127.00000000,1801.00000000,0.07095152
127.00000000,1802.00000000,0.07095484
127.00000000,1803.00000000,0.07095825
127.00000000,1804.00000000,0.07096157
127.00000000,1805.00000000,0.07096498
127.00000000,1806.00000000,0.07096852
127.00000000,1807.00000000,0.07097197
127.00000000,1808.00000000,0.07097543
127.00000000,1809.00000000,0.07097893
127.00000000,1810.00000000,0.07098255
127.00000000,1811.00000000,0.07098609
127.00000000,1812.00000000,0.07098968
127.00000000,1813.00000000,0.07099327
127.00000000,1814.00000000,0.07099696
127.00000000,1815.00000000,0.07100060
127.00000000,1816.00000000,0.07100423
127.00000000,1817.00000000,0.07100792
127.00000000,1818.00000000,0.07101157
127.00000000,1819.00000000,0.07101523
127.00000000,1820.00000000,0.07101887
127.00000000,1821.00000000,0.07102255
127.00000000,1822.00000000,0.07102625
127.00000000,1823.00000000,0.07102993
127.00000000,1824.00000000,0.07103361
127.00000000,1825.00000000,0.07103729
127.00000000,1826.00000000,0.07104093
127.00000000,1827.00000000,0.07104457
127.00000000,1828.00000000,0.07104832
127.00000000,1829.00000000,0.07105197
127.00000000,1830.00000000,0.07105556
127.00000000,1831.00000000,0.07105932
127.00000000,1832.00000000,0.07106281
127.00000000,1833.00000000,0.07106642
127.00000000,1834.00000000,0.07107004
127.00000000,1835.00000000,0.07107364
127.00000000,1836.00000000,0.07107705
127.00000000,1837.00000000,0.07108065
127.00000000,1838.00000000,0.07108414
127.00000000,1839.00000000,0.07108762
127.00000000,1840.00000000,0.07109115
127.00000000,1841.00000000,0.07109453
127.00000000,1842.00000000,0.07109794
127.00000000,1843.00000000,0.07110134
127.00000000,1844.00000000,0.07110475
127.00000000,1845.00000000,0.07110804
127.00000000,1846.00000000,0.07111136
127.00000000,1847.00000000,0.07111468
127.00000000,1848.00000000,0.07111793
127.00000000,1849.00000000,0.07112119
127.00000000,1850.00000000,0.07112436
127.00000000,1851.00000000,0.07112751
127.00000000,1852.00000000,0.07113057
127.00000000,1853.00000000,0.07113400
127.00000000,1854.00000000,0.07113754
127.00000000,1855.00000000,0.07114108
127.00000000,1856.00000000,0.07114446
127.00000000,1857.00000000,0.07114781
127.00000000,1858.00000000,0.07115105
127.00000000,1859.00000000,0.07115423
127.00000000,1860.00000000,0.07115739
127.00000000,1861.00000000,0.07116043
127.00000000,1862.00000000,0.07116334
127.00000000,1863.00000000,0.07116569
127.00000000,1864.00000000,0.07116744
127.00000000,1865.00000000,0.07116891
127.00000000,1866.00000000,0.07117005
127.00000000,1867.00000000,0.07117085
127.00000000,1868.00000000,0.07117147
127.00000000,1869.00000000,0.07117178
127.00000000,1870.00000000,0.07117193
127.00000000,1871.00000000,0.07117190
127.00000000,1872.00000000,0.07117201
127.00000000,1873.00000000,0.07117280
127.00000000,1874.00000000,0.07117409
127.00000000,1875.00000000,0.07117571
127.00000000,1876.00000000,0.07117761
127.00000000,1877.00000000,0.07117969
127.00000000,1878.00000000,0.07118194
127.00000000,1879.00000000,0.07118440
127.00000000,1880.00000000,0.07118690
127.00000000,1881.00000000,0.07118945
127.00000000,1882.00000000,0.07119203
127.00000000,1883.00000000,0.07119421
127.00000000,1884.00000000,0.07119607
127.00000000,1885.00000000,0.07119772
127.00000000,1886.00000000,0.07119926
127.00000000,1887.00000000,0.07120070
127.00000000,1888.00000000,0.07120205
127.00000000,1889.00000000,0.07120319
127.00000000,1890.00000000,0.07120411
127.00000000,1891.00000000,0.07120480
127.00000000,1892.00000000,0.07120529
127.00000000,1893.00000000,0.07121232
127.00000000,1894.00000000,0.07121287
127.00000000,1895.00000000,0.07121361
127.00000000,1896.00000000,0.07121444
127.00000000,1897.00000000,0.07121533
127.00000000,1898.00000000,0.07121842
127.00000000,1899.00000000,0.07121920
127.00000000,1900.00000000,0.07121977
127.00000000,1901.00000000,0.07122015
127.00000000,1902.00000000,0.07122076
127.00000000,1903.00000000,0.07122153
127.00000000,1904.00000000,0.07122247
127.00000000,1905.00000000,0.07122365
127.00000000,1906.00000000,0.07122512
127.00000000,1907.00000000,0.07122678
127.00000000,1908.00000000,0.07123064
127.00000000,1909.00000000,0.07123230
127.00000000,1910.00000000,0.07123403
127.00000000,1911.00000000,0.07123569
127.00000000,1912.00000000,0.07123677
127.00000000,1913.00000000,0.07123709
127.00000000,1914.00000000,0.07123659
127.00000000,1915.00000000,0.07123565
127.00000000,1916.00000000,0.07123475
127.00000000,1917.00000000,0.07123384
127.00000000,1918.00000000,0.07123502
127.00000000,1919.00000000,0.07123409
127.00000000,1920.00000000,0.07123365
127.00000000,1921.00000000,0.07123390
127.00000000,1922.00000000,0.07123503
127.00000000,1923.00000000,0.07123682
127.00000000,1924.00000000,0.07124101
127.00000000,1925.00000000,0.07124287
127.00000000,1926.00000000,0.07124466
127.00000000,1927.00000000,0.07124870
127.00000000,1928.00000000,0.07125066
127.00000000,1929.00000000,0.07125697
127.00000000,1930.00000000,0.07125690
127.00000000,1931.00000000,0.07126001
127.00000000,1932.00000000,0.07126437
127.00000000,1933.00000000,0.07127160
127.00000000,1934.00000000,0.07127716
127.00000000,1935.00000000,0.07128270
127.00000000,1936.00000000,0.07128780
127.00000000,1937.00000000,0.07129197
127.00000000,1938.00000000,0.07129722
127.00000000,1939.00000000,0.07129946
127.00000000,1940.00000000,0.07130107
127.00000000,1941.00000000,0.07130177
127.00000000,1942.00000000,0.07130368
127.00000000,1943.00000000,0.07130498
127.00000000,1944.00000000,0.07130583
127.00000000,1945.00000000,0.07130446
127.00000000,1946.00000000,0.07130400
127.00000000,1947.00000000,0.07130512
127.00000000,1948.00000000,0.07130697
127.00000000,1949.00000000,0.07131111
127.00000000,1950.00000000,0.07131516
127.00000000,1951.00000000,0.07131684
127.00000000,1952.00000000,0.07132147
127.00000000,1953.00000000,0.07132413
127.00000000,1954.00000000,0.07132896
127.00000000,1955.00000000,0.07133185
127.00000000,1956.00000000,0.07133482
127.00000000,1957.00000000,0.07135072
127.00000000,1958.00000000,0.07135081
127.00000000,1959.00000000,0.07135259
127.00000000,1960.00000000,0.07135481
127.00000000,1961.00000000,0.07135328
127.00000000,1962.00000000,0.07135307
127.00000000,1963.00000000,0.07135870
127.00000000,1964.00000000,0.07135457
127.00000000,1965.00000000,0.07135130
127.00000000,1966.00000000,0.07134674
127.00000000,1967.00000000,0.07134323
127.00000000,1968.00000000,0.07133608
127.00000000,1969.00000000,0.07132915
127.00000000,1970.00000000,0.07131774
127.00000000,1971.00000000,0.07130546
127.00000000,1972.00000000,0.07129374
127.00000000,1973.00000000,0.07126985
127.00000000,1974.00000000,0.07124987
127.00000000,1975.00000000,0.07122389
127.00000000,1976.00000000,0.07120184
127.00000000,1977.00000000,0.07118216
127.00000000,1978.00000000,0.07115354
127.00000000,1979.00000000,0.07113126
127.00000000,1980.00000000,0.07110617
127.00000000,1981.00000000,0.07109831
127.00000000,1982.00000000,0.07107481
127.00000000,1983.00000000,0.07106172
127.00000000,1984.00000000,0.07104365
127.00000000,1985.00000000,0.07102852
127.00000000,1986.00000000,0.07102377
127.00000000,1987.00000000,0.07102625
127.00000000,1988.00000000,0.07102016
127.00000000,1989.00000000,0.07100940
127.00000000,1990.00000000,0.07100896
127.00000000,1991.00000000,0.07101057
127.00000000,1992.00000000,0.07101055
127.00000000,1993.00000000,0.07100245
127.00000000,1994.00000000,0.07100689
127.00000000,1995.00000000,0.07100533
127.00000000,1996.00000000,0.07100848
127.00000000,1997.00000000,0.07100707
127.00000000,1998.00000000,0.07101395
127.00000000,1999.00000000,0.07103837
127.00000000,2000.00000000,0.07105009
127.00000000,2001.00000000,0.07101600
127.00000000,2002.00000000,0.07103363
127.00000000,2003.00000000,0.07102744
127.00000000,2004.00000000,0.07102032
127.00000000,2005.00000000,0.07100742
127.00000000,2006.00000000,0.07101809
127.00000000,2007.00000000,0.07105118
127.00000000,2008.00000000,0.07103984
127.00000000,2009.00000000,0.07103850
127.00000000,2010.00000000,0.07104104
127.00000000,2011.00000000,0.07101302
127.00000000,2012.00000000,0.07098054
127.00000000,2013.00000000,0.07095003
127.00000000,2014.00000000,0.07093875
127.00000000,2015.00000000,0.07096391
127.00000000,2016.00000000,0.07091783
127.00000000,2017.00000000,0.07093200
127.00000000,2018.00000000,0.07091615
127.00000000,2019.00000000,0.07086827
127.00000000,2020.00000000,0.07080574
127.00000000,2021.00000000,0.07077815
127.00000000,2022.00000000,0.07077058
127.00000000,2023.00000000,0.07074044
127.00000000,2024.00000000,0.07072650
127.00000000,2025.00000000,0.07072031
127.00000000,2026.00000000,0.07074974
127.00000000,2027.00000000,0.07074661
127.00000000,2028.00000000,0.07072380
127.00000000,2029.00000000,0.07069209
127.00000000,2030.00000000,0.07073864
127.00000000,2031.00000000,0.07069121
127.00000000,2032.00000000,0.07071110
127.00000000,2033.00000000,0.07074062
127.00000000,2034.00000000,0.07083863
127.00000000,2035.00000000,0.07070056
127.00000000,2036.00000000,0.07070690
127.00000000,2037.00000000,0.07070960
127.00000000,2038.00000000,0.07067499
127.00000000,2039.00000000,0.07069363
127.00000000,2040.00000000,0.07075485
127.00000000,2041.00000000,0.07048533
127.00000000,2042.00000000,0.07038458
127.00000000,2043.00000000,0.07043947
127.00000000,2044.00000000,0.07047380
127.00000000,2045.00000000,0.07035404
127.00000000,2046.00000000,0.07000176
127.00000000,2047.00000000,0.07018121
127.00000000,2048.00000000,0.06982925
127.00000000,2049.00000000,0.06983160
127.00000000,2050.00000000,0.07000462
127.00000000,2051.00000000,0.06990309
127.00000000,2052.00000000,0.06983998
127.00000000,2053.00000000,0.06976774
127.00000000,2054.00000000,0.06984088
127.00000000,2055.00000000,0.06975666
127.00000000,2056.00000000,0.06982954
127.00000000,2057.00000000,0.06954886
127.00000000,2058.00000000,0.06922495
127.00000000,2059.00000000,0.06894191
127.00000000,2060.00000000,0.06894260
127.00000000,2061.00000000,0.06901239
127.00000000,2062.00000000,0.06902959
127.00000000,2063.00000000,0.06914703
127.00000000,2064.00000000,0.06921665
127.00000000,2065.00000000,0.06899230
127.00000000,2066.00000000,0.06900625
127.00000000,2067.00000000,0.06913659
127.00000000,2068.00000000,0.06912335
127.00000000,2069.00000000,0.06905749
127.00000000,2070.00000000,0.06907558
127.00000000,2071.00000000,0.06898113
127.00000000,2072.00000000,0.06845920
127.00000000,2073.00000000,0.06854264
127.00000000,2074.00000000,0.06878074
127.00000000,2075.00000000,0.06886827
127.00000000,2076.00000000,0.06870641
127.00000000,2077.00000000,0.06906674
127.00000000,2078.00000000,0.06928481
127.00000000,2079.00000000,0.06928759
127.00000000,2080.00000000,0.06932673
127.00000000,2081.00000000,0.06932714
127.00000000,2082.00000000,0.06963436
127.00000000,2083.00000000,0.06985924
127.00000000,2084.00000000,0.07000194
127.00000000,2085.00000000,0.07008423
127.00000000,2086.00000000,0.07031045
127.00000000,2087.00000000,0.07050557
127.00000000,2088.00000000,0.07051116
127.00000000,2089.00000000,0.07069366
127.00000000,2090.00000000,0.07096070
127.00000000,2091.00000000,0.07125345
127.00000000,2092.00000000,0.07150365
127.00000000,2093.00000000,0.07180122
127.00000000,2094.00000000,0.07199609
127.00000000,2095.00000000,0.07233164
127.00000000,2096.00000000,0.07273757
127.00000000,2097.00000000,0.07326983
127.00000000,2098.00000000,0.07356908
127.00000000,2099.00000000,0.07389552
127.00000000,2100.00000000,0.07435546
127.00000000,2101.00000000,0.07437784
127.00000000,2102.00000000,0.07432922
127.00000000,2103.00000000,0.07485700
127.00000000,2104.00000000,0.07515133
127.00000000,2105.00000000,0.07531278
127.00000000,2106.00000000,0.07587329
127.00000000,2107.00000000,0.07578622
127.00000000,2108.00000000,0.07549157
127.00000000,2109.00000000,0.07543617
127.00000000,2110.00000000,0.07542951
127.00000000,2111.00000000,0.07580395
127.00000000,2112.00000000,0.07613057
127.00000000,2113.00000000,0.07648230
127.00000000,2114.00000000,0.07679176
127.00000000,2115.00000000,0.07723337
127.00000000,2116.00000000,0.07751154
127.00000000,2117.00000000,0.07765690
127.00000000,2118.00000000,0.07787250
127.00000000,2119.00000000,0.07769111
127.00000000,2120.00000000,0.07774669
127.00000000,2121.00000000,0.07801825
127.00000000,2122.00000000,0.07831443
127.00000000,2123.00000000,0.07862751
127.00000000,2124.00000000,0.07888679
127.00000000,2125.00000000,0.07888018
127.00000000,2126.00000000,0.07889851
127.00000000,2127.00000000,0.07927244
127.00000000,2128.00000000,0.07963898
127.00000000,2129.00000000,0.07980229
127.00000000,2130.00000000,0.08051012
127.00000000,2131.00000000,0.08131360
127.00000000,2132.00000000,0.08195358
127.00000000,2133.00000000,0.08238827
127.00000000,2134.00000000,0.08282542
127.00000000,2135.00000000,0.08326505
127.00000000,2136.00000000,0.08370662
127.00000000,2137.00000000,0.08415017
127.00000000,2138.00000000,0.08472942
127.00000000,2139.00000000,0.08531070
127.00000000,2140.00000000,0.08589401
127.00000000,2141.00000000,0.08647926
127.00000000,2142.00000000,0.08706636
127.00000000,2143.00000000,0.08765534
127.00000000,2144.00000000,0.08824608
127.00000000,2145.00000000,0.08883852
127.00000000,2146.00000000,0.08943263
127.00000000,2147.00000000,0.09002834
127.00000000,2148.00000000,0.09056644
127.00000000,2149.00000000,0.09110604
127.00000000,2150.00000000,0.09164710
127.00000000,2151.00000000,0.09219014
127.00000000,2152.00000000,0.09273655
127.00000000,2153.00000000,0.09328765
127.00000000,2154.00000000,0.09384425
127.00000000,2155.00000000,0.09440668
127.00000000,2156.00000000,0.09497507
127.00000000,2157.00000000,0.09554953
127.00000000,2158.00000000,0.09625326
127.00000000,2159.00000000,0.09696306
127.00000000,2160.00000000,0.09767888
127.00000000,2161.00000000,0.09840058
127.00000000,2162.00000000,0.09912803
127.00000000,2163.00000000,0.09986116
127.00000000,2164.00000000,0.10059982
127.00000000,2165.00000000,0.10134396
127.00000000,2166.00000000,0.10209346
127.00000000,2167.00000000,0.10284823
127.00000000,2168.00000000,0.10369854
127.00000000,2169.00000000,0.10455411
127.00000000,2170.00000000,0.10541482
127.00000000,2171.00000000,0.10628063
127.00000000,2172.00000000,0.10715139
127.00000000,2173.00000000,0.10802696
127.00000000,2174.00000000,0.10890732
127.00000000,2175.00000000,0.10979229
127.00000000,2176.00000000,0.11068184
127.00000000,2177.00000000,0.11157584
127.00000000,2178.00000000,0.11246902
127.00000000,2179.00000000,0.11336648
127.00000000,2180.00000000,0.11426808
127.00000000,2181.00000000,0.11517369
127.00000000,2182.00000000,0.11608329
127.00000000,2183.00000000,0.11699675
127.00000000,2184.00000000,0.11791391
127.00000000,2185.00000000,0.11883475
127.00000000,2186.00000000,0.11975909
127.00000000,2187.00000000,0.12068677
127.00000000,2188.00000000,0.12141673
127.00000000,2189.00000000,0.12214928
127.00000000,2190.00000000,0.12288444
127.00000000,2191.00000000,0.12362213
127.00000000,2192.00000000,0.12436225
127.00000000,2193.00000000,0.12510482
127.00000000,2194.00000000,0.12584974
127.00000000,2195.00000000,0.12659690
127.00000000,2196.00000000,0.12734631
127.00000000,2197.00000000,0.12809784
127.00000000,2198.00000000,0.12866814
127.00000000,2199.00000000,0.12923994
127.00000000,2200.00000000,0.12981313
127.00000000,2201.00000000,0.13038778
127.00000000,2202.00000000,0.13096381
127.00000000,2203.00000000,0.13154121
127.00000000,2204.00000000,0.13211999
127.00000000,2205.00000000,0.13270012
127.00000000,2206.00000000,0.13328151
127.00000000,2207.00000000,0.13386418
127.00000000,2208.00000000,0.13434460
127.00000000,2209.00000000,0.13482584
127.00000000,2210.00000000,0.13530803
127.00000000,2211.00000000,0.13579103
127.00000000,2212.00000000,0.13627495
127.00000000,2213.00000000,0.13675972
127.00000000,2214.00000000,0.13724533
127.00000000,2215.00000000,0.13773179
127.00000000,2216.00000000,0.13821909
127.00000000,2217.00000000,0.13870715
127.00000000,2218.00000000,0.13908806
127.00000000,2219.00000000,0.13946941
127.00000000,2220.00000000,0.13985113
127.00000000,2221.00000000,0.14023334
127.00000000,2222.00000000,0.14061599
127.00000000,2223.00000000,0.14099907
127.00000000,2224.00000000,0.14138265
127.00000000,2225.00000000,0.14176665
127.00000000,2226.00000000,0.14215115
127.00000000,2227.00000000,0.14253614
127.00000000,2228.00000000,0.14283761
127.00000000,2229.00000000,0.14313932
127.00000000,2230.00000000,0.14344122
127.00000000,2231.00000000,0.14374327
127.00000000,2232.00000000,0.14404559
127.00000000,2233.00000000,0.14434815
127.00000000,2234.00000000,0.14465087
127.00000000,2235.00000000,0.14495388
127.00000000,2236.00000000,0.14525710
127.00000000,2237.00000000,0.14556062
127.00000000,2238.00000000,0.14586444
127.00000000,2239.00000000,0.14616847
127.00000000,2240.00000000,0.14647282
127.00000000,2241.00000000,0.14677745
127.00000000,2242.00000000,0.14708234
127.00000000,2243.00000000,0.14738759
127.00000000,2244.00000000,0.14769312
127.00000000,2245.00000000,0.14799891
127.00000000,2246.00000000,0.14830506
127.00000000,2247.00000000,0.14861155
127.00000000,2248.00000000,0.14891830
127.00000000,2249.00000000,0.14922523
127.00000000,2250.00000000,0.14953130
127.00000000,2251.00000000,0.14983467
127.00000000,2252.00000000,0.15013350
127.00000000,2253.00000000,0.15042676
127.00000000,2254.00000000,0.15071410
127.00000000,2255.00000000,0.15099534
127.00000000,2256.00000000,0.15127033
127.00000000,2257.00000000,0.15153921
127.00000000,2258.00000000,0.15180196
127.00000000,2259.00000000,0.15205856
127.00000000,2260.00000000,0.15230924
127.00000000,2261.00000000,0.15255404
127.00000000,2262.00000000,0.15279332
127.00000000,2263.00000000,0.15302720
127.00000000,2264.00000000,0.15325576
127.00000000,2265.00000000,0.15347928
127.00000000,2266.00000000,0.15369775
127.00000000,2267.00000000,0.15391123
127.00000000,2268.00000000,0.15411993
127.00000000,2269.00000000,0.15432382
127.00000000,2270.00000000,0.15452294
127.00000000,2271.00000000,0.15471750
127.00000000,2272.00000000,0.15490739
127.00000000,2273.00000000,0.15509281
127.00000000,2274.00000000,0.15527375
127.00000000,2275.00000000,0.15545016
127.00000000,2276.00000000,0.15562221
127.00000000,2277.00000000,0.15578976
127.00000000,2278.00000000,0.15535084
127.00000000,2279.00000000,0.15490661
127.00000000,2280.00000000,0.15445711
127.00000000,2281.00000000,0.15400249
127.00000000,2282.00000000,0.15354295
127.00000000,2283.00000000,0.15307860
127.00000000,2284.00000000,0.15260948
127.00000000,2285.00000000,0.15213585
127.00000000,2286.00000000,0.15165775
127.00000000,2287.00000000,0.15117535
127.00000000,2288.00000000,0.15068875
127.00000000,2289.00000000,0.15019800
127.00000000,2290.00000000,0.14970332
127.00000000,2291.00000000,0.14920473
127.00000000,2292.00000000,0.14870235
127.00000000,2293.00000000,0.14819631
127.00000000,2294.00000000,0.14768670
127.00000000,2295.00000000,0.14717355
127.00000000,2296.00000000,0.14665707
127.00000000,2297.00000000,0.14613721
127.00000000,2298.00000000,0.14561420
127.00000000,2299.00000000,0.14508803
127.00000000,2300.00000000,0.14455879
127.00000000,2301.00000000,0.14402660
127.00000000,2302.00000000,0.14349152
127.00000000,2303.00000000,0.14295354
127.00000000,2304.00000000,0.14241284
127.00000000,2305.00000000,0.14186944
127.00000000,2306.00000000,0.14132336
127.00000000,2307.00000000,0.14077476
127.00000000,2308.00000000,0.14022368
127.00000000,2309.00000000,0.13967010
127.00000000,2310.00000000,0.13911422
127.00000000,2311.00000000,0.13855598
127.00000000,2312.00000000,0.13799556
127.00000000,2313.00000000,0.13743295
127.00000000,2314.00000000,0.13686816
127.00000000,2315.00000000,0.13630136
127.00000000,2316.00000000,0.13573255
127.00000000,2317.00000000,0.13516173
127.00000000,2318.00000000,0.13458906
127.00000000,2319.00000000,0.13401453
127.00000000,2320.00000000,0.13343815
127.00000000,2321.00000000,0.13286006
127.00000000,2322.00000000,0.13228023
127.00000000,2323.00000000,0.13169877
127.00000000,2324.00000000,0.13111570
127.00000000,2325.00000000,0.13053103
127.00000000,2326.00000000,0.12994487
127.00000000,2327.00000000,0.12935723
127.00000000,2328.00000000,0.12876809
127.00000000,2329.00000000,0.12817760
127.00000000,2330.00000000,0.12758575
127.00000000,2331.00000000,0.12699254
127.00000000,2332.00000000,0.12639807
127.00000000,2333.00000000,0.12580237
127.00000000,2334.00000000,0.12520543
127.00000000,2335.00000000,0.12460735
127.00000000,2336.00000000,0.12400809
127.00000000,2337.00000000,0.12340776
127.00000000,2338.00000000,0.12280637
127.00000000,2339.00000000,0.12220388
127.00000000,2340.00000000,0.12160044
127.00000000,2341.00000000,0.12099603
127.00000000,2342.00000000,0.12039064
127.00000000,2343.00000000,0.11978438
127.00000000,2344.00000000,0.11917723
127.00000000,2345.00000000,0.11856920
127.00000000,2346.00000000,0.11796038
127.00000000,2347.00000000,0.11735073
127.00000000,2348.00000000,0.11674035
127.00000000,2349.00000000,0.11612924
127.00000000,2350.00000000,0.11551737
127.00000000,2351.00000000,0.11490486
127.00000000,2352.00000000,0.11429169
127.00000000,2353.00000000,0.11367786
127.00000000,2354.00000000,0.11306347
127.00000000,2355.00000000,0.11244850
127.00000000,2356.00000000,0.11183294
127.00000000,2357.00000000,0.11121689
127.00000000,2358.00000000,0.11060031
127.00000000,2359.00000000,0.10998328
127.00000000,2360.00000000,0.10936581
127.00000000,2361.00000000,0.10874785
127.00000000,2362.00000000,0.10812952
127.00000000,2363.00000000,0.10751081
127.00000000,2364.00000000,0.10689169
127.00000000,2365.00000000,0.10627227
127.00000000,2366.00000000,0.10565252
127.00000000,2367.00000000,0.10503244
127.00000000,2368.00000000,0.10441210
127.00000000,2369.00000000,0.10379153
127.00000000,2370.00000000,0.10317067
127.00000000,2371.00000000,0.10254964
127.00000000,2372.00000000,0.10192838
127.00000000,2373.00000000,0.10130702
127.00000000,2374.00000000,0.10068554
127.00000000,2375.00000000,0.10006398
127.00000000,2376.00000000,0.09957368
127.00000000,2377.00000000,0.09946975
127.00000000,2378.00000000,0.09947153
127.00000000,2379.00000000,0.09947355
127.00000000,2380.00000000,0.09947575
127.00000000,2381.00000000,0.09947809
127.00000000,2382.00000000,0.09948064
127.00000000,2383.00000000,0.09949989
127.00000000,2384.00000000,0.09951934
127.00000000,2385.00000000,0.09953897
127.00000000,2386.00000000,0.09955871
127.00000000,2387.00000000,0.09957864
127.00000000,2388.00000000,0.09956601
127.00000000,2389.00000000,0.09955346
127.00000000,2390.00000000,0.09954109
127.00000000,2391.00000000,0.09952884
127.00000000,2392.00000000,0.09951667
127.00000000,2393.00000000,0.09950468
127.00000000,2394.00000000,0.09949280
127.00000000,2395.00000000,0.09948098
127.00000000,2396.00000000,0.09946933
127.00000000,2397.00000000,0.09945774
127.00000000,2398.00000000,0.09944631
127.00000000,2399.00000000,0.09943498
127.00000000,2400.00000000,0.09942371
127.00000000,2401.00000000,0.09941258
127.00000000,2402.00000000,0.09940155
127.00000000,2403.00000000,0.09938916
127.00000000,2404.00000000,0.09937691
127.00000000,2405.00000000,0.09936477
127.00000000,2406.00000000,0.09935266
127.00000000,2407.00000000,0.09934069
127.00000000,2408.00000000,0.09932878
127.00000000,2409.00000000,0.09931698
127.00000000,2410.00000000,0.09930528
127.00000000,2411.00000000,0.09929361
127.00000000,2412.00000000,0.09928207
127.00000000,2413.00000000,0.09927062
127.00000000,2414.00000000,0.09925919
127.00000000,2415.00000000,0.09924787
127.00000000,2416.00000000,0.09923663
127.00000000,2417.00000000,0.09922542
127.00000000,2418.00000000,0.09921433
127.00000000,2419.00000000,0.09920326
127.00000000,2420.00000000,0.09919229
127.00000000,2421.00000000,0.09918140
127.00000000,2422.00000000,0.09917052
127.00000000,2423.00000000,0.09915974
127.00000000,2424.00000000,0.09914903
127.00000000,2425.00000000,0.09913832
127.00000000,2426.00000000,0.09912773
127.00000000,2427.00000000,0.09911718
127.00000000,2428.00000000,0.09910980
127.00000000,2429.00000000,0.09910251
127.00000000,2430.00000000,0.09909528
127.00000000,2431.00000000,0.09908806
127.00000000,2432.00000000,0.09908092
127.00000000,2433.00000000,0.09907380
127.00000000,2434.00000000,0.09906677
127.00000000,2435.00000000,0.09905978
127.00000000,2436.00000000,0.09905278
127.00000000,2437.00000000,0.09904589
127.00000000,2438.00000000,0.09903903
127.00000000,2439.00000000,0.09903217
127.00000000,2440.00000000,0.09902540
127.00000000,2441.00000000,0.09901867
127.00000000,2442.00000000,0.09901192
127.00000000,2443.00000000,0.09900526
127.00000000,2444.00000000,0.09899859
127.00000000,2445.00000000,0.09899201
127.00000000,2446.00000000,0.09898546
127.00000000,2447.00000000,0.09897889
127.00000000,2448.00000000,0.09897240
127.00000000,2449.00000000,0.09896596
127.00000000,2450.00000000,0.09895948
127.00000000,2451.00000000,0.09895309
127.00000000,2452.00000000,0.09894672
127.00000000,2453.00000000,0.09894033
127.00000000,2454.00000000,0.09893400
127.00000000,2455.00000000,0.09892771
127.00000000,2456.00000000,0.09892137
127.00000000,2457.00000000,0.09891512
127.00000000,2458.00000000,0.09890883
127.00000000,2459.00000000,0.09890262
127.00000000,2460.00000000,0.09889643
127.00000000,2461.00000000,0.09889019
127.00000000,2462.00000000,0.09888403
127.00000000,2463.00000000,0.09887789
127.00000000,2464.00000000,0.09887170
127.00000000,2465.00000000,0.09886558
127.00000000,2466.00000000,0.09885949
127.00000000,2467.00000000,0.09885335
127.00000000,2468.00000000,0.09884728
127.00000000,2469.00000000,0.09884116
127.00000000,2470.00000000,0.09883512
127.00000000,2471.00000000,0.09882909
127.00000000,2472.00000000,0.09882302
127.00000000,2473.00000000,0.09881702
127.00000000,2474.00000000,0.09881102
127.00000000,2475.00000000,0.09880497
127.00000000,2476.00000000,0.09879900
127.00000000,2477.00000000,0.09879304
127.00000000,2478.00000000,0.09878613
127.00000000,2479.00000000,0.09877929
127.00000000,2480.00000000,0.09877246
127.00000000,2481.00000000,0.09876557
127.00000000,2482.00000000,0.09875875
127.00000000,2483.00000000,0.09875188
127.00000000,2484.00000000,0.09874507
127.00000000,2485.00000000,0.09873829
127.00000000,2486.00000000,0.09873143
127.00000000,2487.00000000,0.09872464
127.00000000,2488.00000000,0.09871787
127.00000000,2489.00000000,0.09871102
127.00000000,2490.00000000,0.09870425
127.00000000,2491.00000000,0.09869749
127.00000000,2492.00000000,0.09869067
127.00000000,2493.00000000,0.09868391
127.00000000,2494.00000000,0.09867709
127.00000000,2495.00000000,0.09867034
127.00000000,2496.00000000,0.09866361
127.00000000,2497.00000000,0.09865679
127.00000000,2498.00000000,0.09865006
127.00000000,2499.00000000,0.09864333
127.00000000,2500.00000000,0.09863653
128.00000000,1765.00000000,0.07046762
128.00000000,1766.00000000,0.07046751
128.00000000,1767.00000000,0.07046765
128.00000000,1768.00000000,0.07046779
128.00000000,1769.00000000,0.07046794
128.00000000,1770.00000000,0.07046841
128.00000000,1771.00000000,0.07046903
128.00000000,1772.00000000,0.07046948
128.00000000,1773.00000000,0.07047024
128.00000000,1774.00000000,0.07047117
128.00000000,1775.00000000,0.07047220
128.00000000,1776.00000000,0.07047338
128.00000000,1777.00000000,0.07047479
128.00000000,1778.00000000,0.07047618
128.00000000,1779.00000000,0.07047787
128.00000000,1780.00000000,0.07047937
128.00000000,1781.00000000,0.07048112
128.00000000,1782.00000000,0.07048305
128.00000000,1783.00000000,0.07048524
128.00000000,1784.00000000,0.07048729
128.00000000,1785.00000000,0.07048953
128.00000000,1786.00000000,0.07049186
128.00000000,1787.00000000,0.07049426
128.00000000,1788.00000000,0.07049678
128.00000000,1789.00000000,0.07049946
128.00000000,1790.00000000,0.07050195
128.00000000,1791.00000000,0.07050476
128.00000000,1792.00000000,0.07050757
128.00000000,1793.00000000,0.07051041
128.00000000,1794.00000000,0.07051333
128.00000000,1795.00000000,0.07051635
128.00000000,1796.00000000,0.07051947
128.00000000,1797.00000000,0.07052255
128.00000000,1798.00000000,0.07052569
128.00000000,1799.00000000,0.07052878
128.00000000,1800.00000000,0.07053207
128.00000000,1801.00000000,0.07053532
128.00000000,1802.00000000,0.07053869
128.00000000,1803.00000000,0.07054203
128.00000000,1804.00000000,0.07054544
128.00000000,1805.00000000,0.07054878
128.00000000,1806.00000000,0.07055219
128.00000000,1807.00000000,0.07055574
128.00000000,1808.00000000,0.07055920
128.00000000,1809.00000000,0.07056267
128.00000000,1810.00000000,0.07056617
128.00000000,1811.00000000,0.07056980
128.00000000,1812.00000000,0.07057333
128.00000000,1813.00000000,0.07057691
128.00000000,1814.00000000,0.07058050
128.00000000,1815.00000000,0.07058418
128.00000000,1816.00000000,0.07058781
128.00000000,1817.00000000,0.07059143
128.00000000,1818.00000000,0.07059509
128.00000000,1819.00000000,0.07059874
128.00000000,1820.00000000,0.07060237
128.00000000,1821.00000000,0.07060599
128.00000000,1822.00000000,0.07060967
128.00000000,1823.00000000,0.07061334
128.00000000,1824.00000000,0.07061700
128.00000000,1825.00000000,0.07062066
128.00000000,1826.00000000,0.07062431
128.00000000,1827.00000000,0.07062793
128.00000000,1828.00000000,0.07063154
128.00000000,1829.00000000,0.07063526
128.00000000,1830.00000000,0.07063888
128.00000000,1831.00000000,0.07064243
128.00000000,1832.00000000,0.07064614
128.00000000,1833.00000000,0.07064959
128.00000000,1834.00000000,0.07065317
128.00000000,1835.00000000,0.07065676
128.00000000,1836.00000000,0.07066032
128.00000000,1837.00000000,0.07066369
128.00000000,1838.00000000,0.07066724
128.00000000,1839.00000000,0.07067069
128.00000000,1840.00000000,0.07067413
128.00000000,1841.00000000,0.07067761
128.00000000,1842.00000000,0.07068095
128.00000000,1843.00000000,0.07068431
128.00000000,1844.00000000,0.07068767
128.00000000,1845.00000000,0.07069103
128.00000000,1846.00000000,0.07069427
128.00000000,1847.00000000,0.07069753
128.00000000,1848.00000000,0.07070080
128.00000000,1849.00000000,0.07070401
128.00000000,1850.00000000,0.07070721
128.00000000,1851.00000000,0.07071030
128.00000000,1852.00000000,0.07071337
128.00000000,1853.00000000,0.07071673
128.00000000,1854.00000000,0.07072028
128.00000000,1855.00000000,0.07072375
128.00000000,1856.00000000,0.07072716
128.00000000,1857.00000000,0.07073043
128.00000000,1858.00000000,0.07073366
128.00000000,1859.00000000,0.07073682
128.00000000,1860.00000000,0.07073993
128.00000000,1861.00000000,0.07074299
128.00000000,1862.00000000,0.07074584
128.00000000,1863.00000000,0.07074813
128.00000000,1864.00000000,0.07074995
128.00000000,1865.00000000,0.07075131
128.00000000,1866.00000000,0.07075243
128.00000000,1867.00000000,0.07075328
128.00000000,1868.00000000,0.07075381
128.00000000,1869.00000000,0.07075416
128.00000000,1870.00000000,0.07075423
128.00000000,1871.00000000,0.07075422
128.00000000,1872.00000000,0.07075431
128.00000000,1873.00000000,0.07075506
128.00000000,1874.00000000,0.07075632
128.00000000,1875.00000000,0.07075789
128.00000000,1876.00000000,0.07075976
128.00000000,1877.00000000,0.07076181
128.00000000,1878.00000000,0.07076401
128.00000000,1879.00000000,0.07076638
128.00000000,1880.00000000,0.07076886
128.00000000,1881.00000000,0.07077135
128.00000000,1882.00000000,0.07077389
128.00000000,1883.00000000,0.07077600
128.00000000,1884.00000000,0.07077780
128.00000000,1885.00000000,0.07077940
128.00000000,1886.00000000,0.07078085
128.00000000,1887.00000000,0.07078223
128.00000000,1888.00000000,0.07078349
128.00000000,1889.00000000,0.07078454
128.00000000,1890.00000000,0.07078538
128.00000000,1891.00000000,0.07078597
128.00000000,1892.00000000,0.07078635
128.00000000,1893.00000000,0.07078671
128.00000000,1894.00000000,0.07079366
128.00000000,1895.00000000,0.07079428
128.00000000,1896.00000000,0.07079504
128.00000000,1897.00000000,0.07079579
128.00000000,1898.00000000,0.07079658
128.00000000,1899.00000000,0.07079943
128.00000000,1900.00000000,0.07079990
128.00000000,1901.00000000,0.07080021
128.00000000,1902.00000000,0.07080071
128.00000000,1903.00000000,0.07080137
128.00000000,1904.00000000,0.07080222
128.00000000,1905.00000000,0.07080331
128.00000000,1906.00000000,0.07080470
128.00000000,1907.00000000,0.07080627
128.00000000,1908.00000000,0.07080782
128.00000000,1909.00000000,0.07081157
128.00000000,1910.00000000,0.07081323
128.00000000,1911.00000000,0.07081481
128.00000000,1912.00000000,0.07081583
128.00000000,1913.00000000,0.07081606
128.00000000,1914.00000000,0.07081547
128.00000000,1915.00000000,0.07081451
128.00000000,1916.00000000,0.07081352
128.00000000,1917.00000000,0.07081255
128.00000000,1918.00000000,0.07081145
128.00000000,1919.00000000,0.07081266
128.00000000,1920.00000000,0.07081219
128.00000000,1921.00000000,0.07081235
128.00000000,1922.00000000,0.07081342
128.00000000,1923.00000000,0.07081516
128.00000000,1924.00000000,0.07081702
128.00000000,1925.00000000,0.07082102
128.00000000,1926.00000000,0.07082277
128.00000000,1927.00000000,0.07082450
128.00000000,1928.00000000,0.07082859
128.00000000,1929.00000000,0.07083047
128.00000000,1930.00000000,0.07083687
128.00000000,1931.00000000,0.07083774
128.00000000,1932.00000000,0.07084199
128.00000000,1933.00000000,0.07084695
128.00000000,1934.00000000,0.07085463
128.00000000,1935.00000000,0.07086007
128.00000000,1936.00000000,0.07086503
128.00000000,1937.00000000,0.07086922
128.00000000,1938.00000000,0.07087214
128.00000000,1939.00000000,0.07087651
128.00000000,1940.00000000,0.07087806
128.00000000,1941.00000000,0.07087870
128.00000000,1942.00000000,0.07087836
128.00000000,1943.00000000,0.07087961
128.00000000,1944.00000000,0.07088037
128.00000000,1945.00000000,0.07088114
128.00000000,1946.00000000,0.07088060
128.00000000,1947.00000000,0.07088167
128.00000000,1948.00000000,0.07088351
128.00000000,1949.00000000,0.07088534
128.00000000,1950.00000000,0.07088932
128.00000000,1951.00000000,0.07089317
128.00000000,1952.00000000,0.07089547
128.00000000,1953.00000000,0.07090023
128.00000000,1954.00000000,0.07090280
128.00000000,1955.00000000,0.07090782
128.00000000,1956.00000000,0.07091068
128.00000000,1957.00000000,0.07091332
128.00000000,1958.00000000,0.07092865
128.00000000,1959.00000000,0.07092816
128.00000000,1960.00000000,0.07092813
128.00000000,1961.00000000,0.07092870
128.00000000,1962.00000000,0.07092631
128.00000000,1963.00000000,0.07092522
128.00000000,1964.00000000,0.07092975
128.00000000,1965.00000000,0.07092434
128.00000000,1966.00000000,0.07091972
128.00000000,1967.00000000,0.07091393
128.00000000,1968.00000000,0.07090895
128.00000000,1969.00000000,0.07089978
128.00000000,1970.00000000,0.07089056
128.00000000,1971.00000000,0.07087607
128.00000000,1972.00000000,0.07085993
128.00000000,1973.00000000,0.07084490
128.00000000,1974.00000000,0.07081836
128.00000000,1975.00000000,0.07079680
128.00000000,1976.00000000,0.07077045
128.00000000,1977.00000000,0.07074858
128.00000000,1978.00000000,0.07072875
128.00000000,1979.00000000,0.07069993
128.00000000,1980.00000000,0.07067705
128.00000000,1981.00000000,0.07065185
128.00000000,1982.00000000,0.07064578
128.00000000,1983.00000000,0.07062618
128.00000000,1984.00000000,0.07061689
128.00000000,1985.00000000,0.07060176
128.00000000,1986.00000000,0.07058830
128.00000000,1987.00000000,0.07058427
128.00000000,1988.00000000,0.07058682
128.00000000,1989.00000000,0.07058040
128.00000000,1990.00000000,0.07056910
128.00000000,1991.00000000,0.07056835
128.00000000,1992.00000000,0.07057030
128.00000000,1993.00000000,0.07057069
128.00000000,1994.00000000,0.07056359
128.00000000,1995.00000000,0.07056869
128.00000000,1996.00000000,0.07056717
128.00000000,1997.00000000,0.07056976
128.00000000,1998.00000000,0.07056758
128.00000000,1999.00000000,0.07057418
128.00000000,2000.00000000,0.07059850
128.00000000,2001.00000000,0.07060981
128.00000000,2002.00000000,0.07057536
128.00000000,2003.00000000,0.07059283
128.00000000,2004.00000000,0.07058552
128.00000000,2005.00000000,0.07057585
128.00000000,2006.00000000,0.07055931
128.00000000,2007.00000000,0.07056615
128.00000000,2008.00000000,0.07059564
128.00000000,2009.00000000,0.07058131
128.00000000,2010.00000000,0.07057721
128.00000000,2011.00000000,0.07057715
128.00000000,2012.00000000,0.07054681
128.00000000,2013.00000000,0.07051195
128.00000000,2014.00000000,0.07047903
128.00000000,2015.00000000,0.07046521
128.00000000,2016.00000000,0.07048767
128.00000000,2017.00000000,0.07043944
128.00000000,2018.00000000,0.07045118
128.00000000,2019.00000000,0.07043321
128.00000000,2020.00000000,0.07038354
128.00000000,2021.00000000,0.07031946
128.00000000,2022.00000000,0.07029026
128.00000000,2023.00000000,0.07028121
128.00000000,2024.00000000,0.07024991
128.00000000,2025.00000000,0.07023486
128.00000000,2026.00000000,0.07022763
128.00000000,2027.00000000,0.07025587
128.00000000,2028.00000000,0.07025184
128.00000000,2029.00000000,0.07022831
128.00000000,2030.00000000,0.07019602
128.00000000,2031.00000000,0.07024144
128.00000000,2032.00000000,0.07019340
128.00000000,2033.00000000,0.07021200
128.00000000,2034.00000000,0.07023999
128.00000000,2035.00000000,0.07033591
128.00000000,2036.00000000,0.07019737
128.00000000,2037.00000000,0.07020225
128.00000000,2038.00000000,0.07020353
128.00000000,2039.00000000,0.07016779
128.00000000,2040.00000000,0.07018498
128.00000000,2041.00000000,0.07024443
128.00000000,2042.00000000,0.06997539
128.00000000,2043.00000000,0.06987371
128.00000000,2044.00000000,0.06992647
128.00000000,2045.00000000,0.06995877
128.00000000,2046.00000000,0.06983811
128.00000000,2047.00000000,0.06948664
128.00000000,2048.00000000,0.06966310
128.00000000,2049.00000000,0.06931209
128.00000000,2050.00000000,0.06931286
128.00000000,2051.00000000,0.06948309
128.00000000,2052.00000000,0.06938090
128.00000000,2053.00000000,0.06931691
128.00000000,2054.00000000,0.06924393
128.00000000,2055.00000000,0.06931530
128.00000000,2056.00000000,0.06923056
128.00000000,2057.00000000,0.06930179
128.00000000,2058.00000000,0.06902217
128.00000000,2059.00000000,0.06869968
128.00000000,2060.00000000,0.06841784
128.00000000,2061.00000000,0.06841772
128.00000000,2062.00000000,0.06848664
128.00000000,2063.00000000,0.06850384
128.00000000,2064.00000000,0.06862091
128.00000000,2065.00000000,0.06869070
128.00000000,2066.00000000,0.06846881
128.00000000,2067.00000000,0.06848348
128.00000000,2068.00000000,0.06861369
128.00000000,2069.00000000,0.06860135
128.00000000,2070.00000000,0.06853675
128.00000000,2071.00000000,0.06855553
128.00000000,2072.00000000,0.06846295
128.00000000,2073.00000000,0.06794640
128.00000000,2074.00000000,0.06803092
128.00000000,2075.00000000,0.06826904
128.00000000,2076.00000000,0.06835771
128.00000000,2077.00000000,0.06819883
128.00000000,2078.00000000,0.06855821
128.00000000,2079.00000000,0.06877632
128.00000000,2080.00000000,0.06878059
128.00000000,2081.00000000,0.06882098
128.00000000,2082.00000000,0.06882299
128.00000000,2083.00000000,0.06912976
128.00000000,2084.00000000,0.06935483
128.00000000,2085.00000000,0.06949829
128.00000000,2086.00000000,0.06958177
128.00000000,2087.00000000,0.06980807
128.00000000,2088.00000000,0.07000342
128.00000000,2089.00000000,0.07001049
128.00000000,2090.00000000,0.07019314
128.00000000,2091.00000000,0.07045975
128.00000000,2092.00000000,0.07075203
128.00000000,2093.00000000,0.07100223
128.00000000,2094.00000000,0.07129953
128.00000000,2095.00000000,0.07149486
128.00000000,2096.00000000,0.07182989
128.00000000,2097.00000000,0.07223476
128.00000000,2098.00000000,0.07276504
128.00000000,2099.00000000,0.07306384
128.00000000,2100.00000000,0.07338959
128.00000000,2101.00000000,0.07384793
128.00000000,2102.00000000,0.07387184
128.00000000,2103.00000000,0.07382537
128.00000000,2104.00000000,0.07435149
128.00000000,2105.00000000,0.07464573
128.00000000,2106.00000000,0.07480793
128.00000000,2107.00000000,0.07536653
128.00000000,2108.00000000,0.07528177
128.00000000,2109.00000000,0.07499070
128.00000000,2110.00000000,0.07493723
128.00000000,2111.00000000,0.07493211
128.00000000,2112.00000000,0.07530554
128.00000000,2113.00000000,0.07563140
128.00000000,2114.00000000,0.07598216
128.00000000,2115.00000000,0.07629087
128.00000000,2116.00000000,0.07673083
128.00000000,2117.00000000,0.07700836
128.00000000,2118.00000000,0.07715389
128.00000000,2119.00000000,0.07736917
128.00000000,2120.00000000,0.07718995
128.00000000,2121.00000000,0.07724615
128.00000000,2122.00000000,0.07751692
128.00000000,2123.00000000,0.07781211
128.00000000,2124.00000000,0.07812408
128.00000000,2125.00000000,0.07838256
128.00000000,2126.00000000,0.07837681
128.00000000,2127.00000000,0.07839583
128.00000000,2128.00000000,0.07876819
128.00000000,2129.00000000,0.07913320
128.00000000,2130.00000000,0.07929624
128.00000000,2131.00000000,0.08000037
128.00000000,2132.00000000,0.08079954
128.00000000,2133.00000000,0.08143622
128.00000000,2134.00000000,0.08186889
128.00000000,2135.00000000,0.08230397
128.00000000,2136.00000000,0.08274153
128.00000000,2137.00000000,0.08318100
128.00000000,2138.00000000,0.08362243
128.00000000,2139.00000000,0.08419870
128.00000000,2140.00000000,0.08477699
128.00000000,2141.00000000,0.08535728
128.00000000,2142.00000000,0.08593950
128.00000000,2143.00000000,0.08652356
128.00000000,2144.00000000,0.08710947
128.00000000,2145.00000000,0.08769714
128.00000000,2146.00000000,0.08828649
128.00000000,2147.00000000,0.08887750
128.00000000,2148.00000000,0.08947008
128.00000000,2149.00000000,0.09000542
128.00000000,2150.00000000,0.09054226
128.00000000,2151.00000000,0.09108101
128.00000000,2152.00000000,0.09162313
128.00000000,2153.00000000,0.09216994
128.00000000,2154.00000000,0.09272212
128.00000000,2155.00000000,0.09328006
128.00000000,2156.00000000,0.09384389
128.00000000,2157.00000000,0.09441366
128.00000000,2158.00000000,0.09498942
128.00000000,2159.00000000,0.09569360
128.00000000,2160.00000000,0.09640373
128.00000000,2161.00000000,0.09711977
128.00000000,2162.00000000,0.09784155
128.00000000,2163.00000000,0.09856896
128.00000000,2164.00000000,0.09930193
128.00000000,2165.00000000,0.10004031
128.00000000,2166.00000000,0.10078407
128.00000000,2167.00000000,0.10153309
128.00000000,2168.00000000,0.10228729
128.00000000,2169.00000000,0.10313644
128.00000000,2170.00000000,0.10399077
128.00000000,2171.00000000,0.10485016
128.00000000,2172.00000000,0.10571457
128.00000000,2173.00000000,0.10658386
128.00000000,2174.00000000,0.10745791
128.00000000,2175.00000000,0.10833667
128.00000000,2176.00000000,0.10921998
128.00000000,2177.00000000,0.11010782
128.00000000,2178.00000000,0.11100004
128.00000000,2179.00000000,0.11189143
128.00000000,2180.00000000,0.11278704
128.00000000,2181.00000000,0.11368676
128.00000000,2182.00000000,0.11459044
128.00000000,2183.00000000,0.11549808
128.00000000,2184.00000000,0.11640952
128.00000000,2185.00000000,0.11732464
128.00000000,2186.00000000,0.11824340
128.00000000,2187.00000000,0.11916564
128.00000000,2188.00000000,0.12009120
128.00000000,2189.00000000,0.12081997
128.00000000,2190.00000000,0.12155132
128.00000000,2191.00000000,0.12228525
128.00000000,2192.00000000,0.12302168
128.00000000,2193.00000000,0.12376052
128.00000000,2194.00000000,0.12450178
128.00000000,2195.00000000,0.12524536
128.00000000,2196.00000000,0.12599119
128.00000000,2197.00000000,0.12673923
128.00000000,2198.00000000,0.12748939
128.00000000,2199.00000000,0.12805917
128.00000000,2200.00000000,0.12863043
128.00000000,2201.00000000,0.12920306
128.00000000,2202.00000000,0.12977714
128.00000000,2203.00000000,0.13035260
128.00000000,2204.00000000,0.13092941
128.00000000,2205.00000000,0.13150760
128.00000000,2206.00000000,0.13208712
128.00000000,2207.00000000,0.13266790
128.00000000,2208.00000000,0.13324995
128.00000000,2209.00000000,0.13373020
128.00000000,2210.00000000,0.13421128
128.00000000,2211.00000000,0.13469327
128.00000000,2212.00000000,0.13517610
128.00000000,2213.00000000,0.13565983
128.00000000,2214.00000000,0.13614442
128.00000000,2215.00000000,0.13662983
128.00000000,2216.00000000,0.13711613
128.00000000,2217.00000000,0.13760323
128.00000000,2218.00000000,0.13809110
128.00000000,2219.00000000,0.13847229
128.00000000,2220.00000000,0.13885389
128.00000000,2221.00000000,0.13923589
128.00000000,2222.00000000,0.13961838
128.00000000,2223.00000000,0.14000133
128.00000000,2224.00000000,0.14038468
128.00000000,2225.00000000,0.14076854
128.00000000,2226.00000000,0.14115282
128.00000000,2227.00000000,0.14153761
128.00000000,2228.00000000,0.14192285
128.00000000,2229.00000000,0.14222497
128.00000000,2230.00000000,0.14252732
128.00000000,2231.00000000,0.14282989
128.00000000,2232.00000000,0.14313259
128.00000000,2233.00000000,0.14343556
128.00000000,2234.00000000,0.14373874
128.00000000,2235.00000000,0.14404212
128.00000000,2236.00000000,0.14434581
128.00000000,2237.00000000,0.14464970
128.00000000,2238.00000000,0.14495389
128.00000000,2239.00000000,0.14525835
128.00000000,2240.00000000,0.14556305
128.00000000,2241.00000000,0.14586810
128.00000000,2242.00000000,0.14617342
128.00000000,2243.00000000,0.14647899
128.00000000,2244.00000000,0.14678490
128.00000000,2245.00000000,0.14709115
128.00000000,2246.00000000,0.14739764
128.00000000,2247.00000000,0.14770451
128.00000000,2248.00000000,0.14801169
128.00000000,2249.00000000,0.14831898
128.00000000,2250.00000000,0.14862551
128.00000000,2251.00000000,0.14892926
128.00000000,2252.00000000,0.14922855
128.00000000,2253.00000000,0.14952237
128.00000000,2254.00000000,0.14981021
128.00000000,2255.00000000,0.15009203
128.00000000,2256.00000000,0.15036773
128.00000000,2257.00000000,0.15063726
128.00000000,2258.00000000,0.15090073
128.00000000,2259.00000000,0.15115819
128.00000000,2260.00000000,0.15140965
128.00000000,2261.00000000,0.15165541
128.00000000,2262.00000000,0.15189553
128.00000000,2263.00000000,0.15213037
128.00000000,2264.00000000,0.15236002
128.00000000,2265.00000000,0.15258451
128.00000000,2266.00000000,0.15280409
128.00000000,2267.00000000,0.15301879
128.00000000,2268.00000000,0.15322859
128.00000000,2269.00000000,0.15343372
128.00000000,2270.00000000,0.15363420
128.00000000,2271.00000000,0.15383000
128.00000000,2272.00000000,0.15402134
128.00000000,2273.00000000,0.15420813
128.00000000,2274.00000000,0.15439053
128.00000000,2275.00000000,0.15456857
128.00000000,2276.00000000,0.15474218
128.00000000,2277.00000000,0.15491149
128.00000000,2278.00000000,0.15507644
128.00000000,2279.00000000,0.15463775
128.00000000,2280.00000000,0.15419385
128.00000000,2281.00000000,0.15374479
128.00000000,2282.00000000,0.15329069
128.00000000,2283.00000000,0.15283178
128.00000000,2284.00000000,0.15236815
128.00000000,2285.00000000,0.15189984
128.00000000,2286.00000000,0.15142709
128.00000000,2287.00000000,0.15094996
128.00000000,2288.00000000,0.15046860
128.00000000,2289.00000000,0.14998312
128.00000000,2290.00000000,0.14949356
128.00000000,2291.00000000,0.14900014
128.00000000,2292.00000000,0.14850289
128.00000000,2293.00000000,0.14800190
128.00000000,2294.00000000,0.14749732
128.00000000,2295.00000000,0.14698924
128.00000000,2296.00000000,0.14647767
128.00000000,2297.00000000,0.14596281
128.00000000,2298.00000000,0.14544465
128.00000000,2299.00000000,0.14492338
128.00000000,2300.00000000,0.14439900
128.00000000,2301.00000000,0.14387160
128.00000000,2302.00000000,0.14334128
128.00000000,2303.00000000,0.14280811
128.00000000,2304.00000000,0.14227207
128.00000000,2305.00000000,0.14173336
128.00000000,2306.00000000,0.14119199
128.00000000,2307.00000000,0.14064798
128.00000000,2308.00000000,0.14010149
128.00000000,2309.00000000,0.13955255
128.00000000,2310.00000000,0.13900115
128.00000000,2311.00000000,0.13844748
128.00000000,2312.00000000,0.13789149
128.00000000,2313.00000000,0.13733335
128.00000000,2314.00000000,0.13677305
128.00000000,2315.00000000,0.13621060
128.00000000,2316.00000000,0.13564617
128.00000000,2317.00000000,0.13507976
128.00000000,2318.00000000,0.13451136
128.00000000,2319.00000000,0.13394113
128.00000000,2320.00000000,0.13336908
128.00000000,2321.00000000,0.13279519
128.00000000,2322.00000000,0.13221962
128.00000000,2323.00000000,0.13164234
128.00000000,2324.00000000,0.13106345
128.00000000,2325.00000000,0.13048296
128.00000000,2326.00000000,0.12990088
128.00000000,2327.00000000,0.12931733
128.00000000,2328.00000000,0.12873233
128.00000000,2329.00000000,0.12814584
128.00000000,2330.00000000,0.12755803
128.00000000,2331.00000000,0.12696886
128.00000000,2332.00000000,0.12637836
128.00000000,2333.00000000,0.12578663
128.00000000,2334.00000000,0.12519366
128.00000000,2335.00000000,0.12459944
128.00000000,2336.00000000,0.12400411
128.00000000,2337.00000000,0.12340763
128.00000000,2338.00000000,0.12281008
128.00000000,2339.00000000,0.12221148
128.00000000,2340.00000000,0.12161182
128.00000000,2341.00000000,0.12101119
128.00000000,2342.00000000,0.12040961
128.00000000,2343.00000000,0.11980705
128.00000000,2344.00000000,0.11920363
128.00000000,2345.00000000,0.11859933
128.00000000,2346.00000000,0.11799415
128.00000000,2347.00000000,0.11738821
128.00000000,2348.00000000,0.11678142
128.00000000,2349.00000000,0.11617392
128.00000000,2350.00000000,0.11556571
128.00000000,2351.00000000,0.11495673
128.00000000,2352.00000000,0.11434713
128.00000000,2353.00000000,0.11373688
128.00000000,2354.00000000,0.11312597
128.00000000,2355.00000000,0.11251450
128.00000000,2356.00000000,0.11190246
128.00000000,2357.00000000,0.11128984
128.00000000,2358.00000000,0.11067673
128.00000000,2359.00000000,0.11006309
128.00000000,2360.00000000,0.10944900
128.00000000,2361.00000000,0.10883448
128.00000000,2362.00000000,0.10821946
128.00000000,2363.00000000,0.10760410
128.00000000,2364.00000000,0.10698835
128.00000000,2365.00000000,0.10637219
128.00000000,2366.00000000,0.10575572
128.00000000,2367.00000000,0.10513895
128.00000000,2368.00000000,0.10452183
128.00000000,2369.00000000,0.10390447
128.00000000,2370.00000000,0.10328686
128.00000000,2371.00000000,0.10266897
128.00000000,2372.00000000,0.10205091
128.00000000,2373.00000000,0.10143263
128.00000000,2374.00000000,0.10081424
128.00000000,2375.00000000,0.10019573
128.00000000,2376.00000000,0.09957715
128.00000000,2377.00000000,0.09908919
128.00000000,2378.00000000,0.09898573
128.00000000,2379.00000000,0.09898747
128.00000000,2380.00000000,0.09898944
128.00000000,2381.00000000,0.09899161
128.00000000,2382.00000000,0.09899390
128.00000000,2383.00000000,0.09899640
128.00000000,2384.00000000,0.09901553
128.00000000,2385.00000000,0.09903485
128.00000000,2386.00000000,0.09905435
128.00000000,2387.00000000,0.09907396
128.00000000,2388.00000000,0.09909377
128.00000000,2389.00000000,0.09908116
128.00000000,2390.00000000,0.09906863
128.00000000,2391.00000000,0.09905628
128.00000000,2392.00000000,0.09904406
128.00000000,2393.00000000,0.09903192
128.00000000,2394.00000000,0.09901994
128.00000000,2395.00000000,0.09900808
128.00000000,2396.00000000,0.09899629
128.00000000,2397.00000000,0.09898466
128.00000000,2398.00000000,0.09897310
128.00000000,2399.00000000,0.09896168
128.00000000,2400.00000000,0.09895037
128.00000000,2401.00000000,0.09893910
128.00000000,2402.00000000,0.09892800
128.00000000,2403.00000000,0.09891699
128.00000000,2404.00000000,0.09890463
128.00000000,2405.00000000,0.09889241
128.00000000,2406.00000000,0.09888029
128.00000000,2407.00000000,0.09886821
128.00000000,2408.00000000,0.09885627
128.00000000,2409.00000000,0.09884438
128.00000000,2410.00000000,0.09883261
128.00000000,2411.00000000,0.09882092
128.00000000,2412.00000000,0.09880928
128.00000000,2413.00000000,0.09879776
128.00000000,2414.00000000,0.09878631
128.00000000,2415.00000000,0.09877490
128.00000000,2416.00000000,0.09876362
128.00000000,2417.00000000,0.09875240
128.00000000,2418.00000000,0.09874120
128.00000000,2419.00000000,0.09873012
128.00000000,2420.00000000,0.09871907
128.00000000,2421.00000000,0.09870812
128.00000000,2422.00000000,0.09869723
128.00000000,2423.00000000,0.09868638
128.00000000,2424.00000000,0.09867561
128.00000000,2425.00000000,0.09866492
128.00000000,2426.00000000,0.09865422
128.00000000,2427.00000000,0.09864365
128.00000000,2428.00000000,0.09863311
128.00000000,2429.00000000,0.09862573
128.00000000,2430.00000000,0.09861843
128.00000000,2431.00000000,0.09861120
128.00000000,2432.00000000,0.09860397
128.00000000,2433.00000000,0.09859683
128.00000000,2434.00000000,0.09858969
128.00000000,2435.00000000,0.09858265
128.00000000,2436.00000000,0.09857566
128.00000000,2437.00000000,0.09856867
128.00000000,2438.00000000,0.09856176
128.00000000,2439.00000000,0.09855490
128.00000000,2440.00000000,0.09854802
128.00000000,2441.00000000,0.09854124
128.00000000,2442.00000000,0.09853451
128.00000000,2443.00000000,0.09852775
128.00000000,2444.00000000,0.09852109
128.00000000,2445.00000000,0.09851440
128.00000000,2446.00000000,0.09850780
128.00000000,2447.00000000,0.09850124
128.00000000,2448.00000000,0.09849467
128.00000000,2449.00000000,0.09848817
128.00000000,2450.00000000,0.09848170
128.00000000,2451.00000000,0.09847522
128.00000000,2452.00000000,0.09846880
128.00000000,2453.00000000,0.09846243
128.00000000,2454.00000000,0.09845601
128.00000000,2455.00000000,0.09844968
128.00000000,2456.00000000,0.09844337
128.00000000,2457.00000000,0.09843701
128.00000000,2458.00000000,0.09843074
128.00000000,2459.00000000,0.09842443
128.00000000,2460.00000000,0.09841820
128.00000000,2461.00000000,0.09841199
128.00000000,2462.00000000,0.09840574
128.00000000,2463.00000000,0.09839956
128.00000000,2464.00000000,0.09839339
128.00000000,2465.00000000,0.09838718
128.00000000,2466.00000000,0.09838105
128.00000000,2467.00000000,0.09837493
128.00000000,2468.00000000,0.09836878
128.00000000,2469.00000000,0.09836269
128.00000000,2470.00000000,0.09835656
128.00000000,2471.00000000,0.09835049
128.00000000,2472.00000000,0.09834445
128.00000000,2473.00000000,0.09833836
128.00000000,2474.00000000,0.09833233
128.00000000,2475.00000000,0.09832632
128.00000000,2476.00000000,0.09832025
128.00000000,2477.00000000,0.09831426
128.00000000,2478.00000000,0.09830829
128.00000000,2479.00000000,0.09830135
128.00000000,2480.00000000,0.09829450
128.00000000,2481.00000000,0.09828765
128.00000000,2482.00000000,0.09828075
128.00000000,2483.00000000,0.09827391
128.00000000,2484.00000000,0.09826702
128.00000000,2485.00000000,0.09826020
128.00000000,2486.00000000,0.09825340
128.00000000,2487.00000000,0.09824652
128.00000000,2488.00000000,0.09823973
128.00000000,2489.00000000,0.09823293
128.00000000,2490.00000000,0.09822608
128.00000000,2491.00000000,0.09821929
128.00000000,2492.00000000,0.09821252
128.00000000,2493.00000000,0.09820566
128.00000000,2494.00000000,0.09819890
128.00000000,2495.00000000,0.09819207
128.00000000,2496.00000000,0.09818530
128.00000000,2497.00000000,0.09817854
128.00000000,2498.00000000,0.09817171
128.00000000,2499.00000000,0.09816496
128.00000000,2500.00000000,0.09815821
129.00000000,1765.00000000,0.07005484
129.00000000,1766.00000000,0.07005491
129.00000000,1767.00000000,0.07005485
129.00000000,1768.00000000,0.07005508
129.00000000,1769.00000000,0.07005532
129.00000000,1770.00000000,0.07005559
129.00000000,1771.00000000,0.07005619
129.00000000,1772.00000000,0.07005694
129.00000000,1773.00000000,0.07005752
129.00000000,1774.00000000,0.07005841
129.00000000,1775.00000000,0.07005948
129.00000000,1776.00000000,0.07006064
129.00000000,1777.00000000,0.07006193
129.00000000,1778.00000000,0.07006348
129.00000000,1779.00000000,0.07006498
129.00000000,1780.00000000,0.07006678
129.00000000,1781.00000000,0.07006840
129.00000000,1782.00000000,0.07007024
129.00000000,1783.00000000,0.07007227
129.00000000,1784.00000000,0.07007455
129.00000000,1785.00000000,0.07007668
129.00000000,1786.00000000,0.07007900
129.00000000,1787.00000000,0.07008141
129.00000000,1788.00000000,0.07008388
129.00000000,1789.00000000,0.07008648
129.00000000,1790.00000000,0.07008922
129.00000000,1791.00000000,0.07009178
129.00000000,1792.00000000,0.07009464
129.00000000,1793.00000000,0.07009749
129.00000000,1794.00000000,0.07010038
129.00000000,1795.00000000,0.07010334
129.00000000,1796.00000000,0.07010639
129.00000000,1797.00000000,0.07010955
129.00000000,1798.00000000,0.07011267
129.00000000,1799.00000000,0.07011583
129.00000000,1800.00000000,0.07011895
129.00000000,1801.00000000,0.07012226
129.00000000,1802.00000000,0.07012552
129.00000000,1803.00000000,0.07012890
129.00000000,1804.00000000,0.07013224
129.00000000,1805.00000000,0.07013568
129.00000000,1806.00000000,0.07013903
129.00000000,1807.00000000,0.07014245
129.00000000,1808.00000000,0.07014600
129.00000000,1809.00000000,0.07014947
129.00000000,1810.00000000,0.07015293
129.00000000,1811.00000000,0.07015645
129.00000000,1812.00000000,0.07016007
129.00000000,1813.00000000,0.07016360
129.00000000,1814.00000000,0.07016717
129.00000000,1815.00000000,0.07017075
129.00000000,1816.00000000,0.07017443
129.00000000,1817.00000000,0.07017805
129.00000000,1818.00000000,0.07018164
129.00000000,1819.00000000,0.07018529
129.00000000,1820.00000000,0.07018891
129.00000000,1821.00000000,0.07019253
129.00000000,1822.00000000,0.07019614
129.00000000,1823.00000000,0.07019980
129.00000000,1824.00000000,0.07020345
129.00000000,1825.00000000,0.07020709
129.00000000,1826.00000000,0.07021071
129.00000000,1827.00000000,0.07021434
129.00000000,1828.00000000,0.07021793
129.00000000,1829.00000000,0.07022152
129.00000000,1830.00000000,0.07022520
129.00000000,1831.00000000,0.07022878
129.00000000,1832.00000000,0.07023229
129.00000000,1833.00000000,0.07023596
129.00000000,1834.00000000,0.07023937
129.00000000,1835.00000000,0.07024292
129.00000000,1836.00000000,0.07024647
129.00000000,1837.00000000,0.07024999
129.00000000,1838.00000000,0.07025331
129.00000000,1839.00000000,0.07025683
129.00000000,1840.00000000,0.07026023
129.00000000,1841.00000000,0.07026363
129.00000000,1842.00000000,0.07026706
129.00000000,1843.00000000,0.07027036
129.00000000,1844.00000000,0.07027368
129.00000000,1845.00000000,0.07027698
129.00000000,1846.00000000,0.07028029
129.00000000,1847.00000000,0.07028348
129.00000000,1848.00000000,0.07028669
129.00000000,1849.00000000,0.07028991
129.00000000,1850.00000000,0.07029306
129.00000000,1851.00000000,0.07029618
129.00000000,1852.00000000,0.07029920
129.00000000,1853.00000000,0.07030256
129.00000000,1854.00000000,0.07030604
129.00000000,1855.00000000,0.07030953
129.00000000,1856.00000000,0.07031286
129.00000000,1857.00000000,0.07031616
129.00000000,1858.00000000,0.07031932
129.00000000,1859.00000000,0.07032248
129.00000000,1860.00000000,0.07032557
129.00000000,1861.00000000,0.07032858
129.00000000,1862.00000000,0.07033144
129.00000000,1863.00000000,0.07033366
129.00000000,1864.00000000,0.07033544
129.00000000,1865.00000000,0.07033687
129.00000000,1866.00000000,0.07033789
129.00000000,1867.00000000,0.07033871
129.00000000,1868.00000000,0.07033929
129.00000000,1869.00000000,0.07033957
129.00000000,1870.00000000,0.07033967
129.00000000,1871.00000000,0.07033958
129.00000000,1872.00000000,0.07033968
129.00000000,1873.00000000,0.07034042
129.00000000,1874.00000000,0.07034162
129.00000000,1875.00000000,0.07034317
129.00000000,1876.00000000,0.07034499
129.00000000,1877.00000000,0.07034701
129.00000000,1878.00000000,0.07034918
129.00000000,1879.00000000,0.07035150
129.00000000,1880.00000000,0.07035390
129.00000000,1881.00000000,0.07035636
129.00000000,1882.00000000,0.07035885
129.00000000,1883.00000000,0.07036092
129.00000000,1884.00000000,0.07036265
129.00000000,1885.00000000,0.07036418
129.00000000,1886.00000000,0.07036558
129.00000000,1887.00000000,0.07036688
129.00000000,1888.00000000,0.07036808
129.00000000,1889.00000000,0.07036905
129.00000000,1890.00000000,0.07036981
129.00000000,1891.00000000,0.07037031
129.00000000,1892.00000000,0.07037059
129.00000000,1893.00000000,0.07037085
129.00000000,1894.00000000,0.07037116
129.00000000,1895.00000000,0.07037816
129.00000000,1896.00000000,0.07037879
129.00000000,1897.00000000,0.07037947
129.00000000,1898.00000000,0.07038010
129.00000000,1899.00000000,0.07038068
129.00000000,1900.00000000,0.07038322
129.00000000,1901.00000000,0.07038342
129.00000000,1902.00000000,0.07038386
129.00000000,1903.00000000,0.07038439
129.00000000,1904.00000000,0.07038515
129.00000000,1905.00000000,0.07038616
129.00000000,1906.00000000,0.07038743
129.00000000,1907.00000000,0.07038893
129.00000000,1908.00000000,0.07039040
129.00000000,1909.00000000,0.07039185
129.00000000,1910.00000000,0.07039560
129.00000000,1911.00000000,0.07039708
129.00000000,1912.00000000,0.07039804
129.00000000,1913.00000000,0.07039820
129.00000000,1914.00000000,0.07039753
129.00000000,1915.00000000,0.07039650
129.00000000,1916.00000000,0.07039547
129.00000000,1917.00000000,0.07039443
129.00000000,1918.00000000,0.07039328
129.00000000,1919.00000000,0.07039220
129.00000000,1920.00000000,0.07039387
129.00000000,1921.00000000,0.07039397
129.00000000,1922.00000000,0.07039497
129.00000000,1923.00000000,0.07039663
129.00000000,1924.00000000,0.07039844
129.00000000,1925.00000000,0.07040014
129.00000000,1926.00000000,0.07040400
129.00000000,1927.00000000,0.07040570
129.00000000,1928.00000000,0.07040751
129.00000000,1929.00000000,0.07041147
129.00000000,1930.00000000,0.07041349
129.00000000,1931.00000000,0.07042078
129.00000000,1932.00000000,0.07042278
129.00000000,1933.00000000,0.07042765
129.00000000,1934.00000000,0.07043307
129.00000000,1935.00000000,0.07044061
129.00000000,1936.00000000,0.07044549
129.00000000,1937.00000000,0.07044953
129.00000000,1938.00000000,0.07045248
129.00000000,1939.00000000,0.07045454
129.00000000,1940.00000000,0.07045821
129.00000000,1941.00000000,0.07045879
129.00000000,1942.00000000,0.07045841
129.00000000,1943.00000000,0.07045742
129.00000000,1944.00000000,0.07045813
129.00000000,1945.00000000,0.07045881
129.00000000,1946.00000000,0.07046040
129.00000000,1947.00000000,0.07046139
129.00000000,1948.00000000,0.07046314
129.00000000,1949.00000000,0.07046498
129.00000000,1950.00000000,0.07046668
129.00000000,1951.00000000,0.07047046
129.00000000,1952.00000000,0.07047491
129.00000000,1953.00000000,0.07047735
129.00000000,1954.00000000,0.07048200
129.00000000,1955.00000000,0.07048479
129.00000000,1956.00000000,0.07048976
129.00000000,1957.00000000,0.07049228
129.00000000,1958.00000000,0.07049445
129.00000000,1959.00000000,0.07050910
129.00000000,1960.00000000,0.07050683
129.00000000,1961.00000000,0.07050517
129.00000000,1962.00000000,0.07050487
129.00000000,1963.00000000,0.07050162
129.00000000,1964.00000000,0.07049948
129.00000000,1965.00000000,0.07050269
129.00000000,1966.00000000,0.07049594
129.00000000,1967.00000000,0.07049008
129.00000000,1968.00000000,0.07048286
129.00000000,1969.00000000,0.07047585
129.00000000,1970.00000000,0.07046443
129.00000000,1971.00000000,0.07045213
129.00000000,1972.00000000,0.07043383
129.00000000,1973.00000000,0.07041442
129.00000000,1974.00000000,0.07039670
129.00000000,1975.00000000,0.07036864
129.00000000,1976.00000000,0.07034667
129.00000000,1977.00000000,0.07032053
129.00000000,1978.00000000,0.07029854
129.00000000,1979.00000000,0.07027844
129.00000000,1980.00000000,0.07024906
129.00000000,1981.00000000,0.07022607
129.00000000,1982.00000000,0.07020276
129.00000000,1983.00000000,0.07020046
129.00000000,1984.00000000,0.07018469
129.00000000,1985.00000000,0.07017824
129.00000000,1986.00000000,0.07016477
129.00000000,1987.00000000,0.07015210
129.00000000,1988.00000000,0.07014817
129.00000000,1989.00000000,0.07015033
129.00000000,1990.00000000,0.07014336
129.00000000,1991.00000000,0.07013181
129.00000000,1992.00000000,0.07013141
129.00000000,1993.00000000,0.07013379
129.00000000,1994.00000000,0.07013509
129.00000000,1995.00000000,0.07012871
129.00000000,1996.00000000,0.07013382
129.00000000,1997.00000000,0.07013177
129.00000000,1998.00000000,0.07013356
129.00000000,1999.00000000,0.07013116
129.00000000,2000.00000000,0.07013776
129.00000000,2001.00000000,0.07016161
129.00000000,2002.00000000,0.07017228
129.00000000,2003.00000000,0.07013798
129.00000000,2004.00000000,0.07015420
129.00000000,2005.00000000,0.07014436
129.00000000,2006.00000000,0.07013104
129.00000000,2007.00000000,0.07011087
129.00000000,2008.00000000,0.07011430
129.00000000,2009.00000000,0.07014056
129.00000000,2010.00000000,0.07012356
129.00000000,2011.00000000,0.07011693
129.00000000,2012.00000000,0.07011438
129.00000000,2013.00000000,0.07008167
129.00000000,2014.00000000,0.07004443
129.00000000,2015.00000000,0.07000913
129.00000000,2016.00000000,0.06999289
129.00000000,2017.00000000,0.07001276
129.00000000,2018.00000000,0.06996254
129.00000000,2019.00000000,0.06997198
129.00000000,2020.00000000,0.06995203
129.00000000,2021.00000000,0.06990073
129.00000000,2022.00000000,0.06983531
129.00000000,2023.00000000,0.06980479
129.00000000,2024.00000000,0.06979445
129.00000000,2025.00000000,0.06976216
129.00000000,2026.00000000,0.06974613
129.00000000,2027.00000000,0.06973797
129.00000000,2028.00000000,0.06976509
129.00000000,2029.00000000,0.06976023
129.00000000,2030.00000000,0.06973607
129.00000000,2031.00000000,0.06970321
129.00000000,2032.00000000,0.06974737
129.00000000,2033.00000000,0.06969852
129.00000000,2034.00000000,0.06971568
129.00000000,2035.00000000,0.06974208
129.00000000,2036.00000000,0.06983590
129.00000000,2037.00000000,0.06969693
129.00000000,2038.00000000,0.06970037
129.00000000,2039.00000000,0.06970028
129.00000000,2040.00000000,0.06966349
129.00000000,2041.00000000,0.06967924
129.00000000,2042.00000000,0.06973681
129.00000000,2043.00000000,0.06946806
129.00000000,2044.00000000,0.06936540
129.00000000,2045.00000000,0.06941601
129.00000000,2046.00000000,0.06944631
129.00000000,2047.00000000,0.06932478
129.00000000,2048.00000000,0.06897421
129.00000000,2049.00000000,0.06914776
129.00000000,2050.00000000,0.06879778
129.00000000,2051.00000000,0.06879704
129.00000000,2052.00000000,0.06896462
129.00000000,2053.00000000,0.06886184
129.00000000,2054.00000000,0.06879706
129.00000000,2055.00000000,0.06872340
129.00000000,2056.00000000,0.06879310
129.00000000,2057.00000000,0.06870790
129.00000000,2058.00000000,0.06877756
129.00000000,2059.00000000,0.06849903
129.00000000,2060.00000000,0.06817803
129.00000000,2061.00000000,0.06789753
129.00000000,2062.00000000,0.06789706
129.00000000,2063.00000000,0.06796560
129.00000000,2064.00000000,0.06798318
129.00000000,2065.00000000,0.06810004
129.00000000,2066.00000000,0.06817009
129.00000000,2067.00000000,0.06795069
129.00000000,2068.00000000,0.06796609
129.00000000,2069.00000000,0.06809612
129.00000000,2070.00000000,0.06808464
129.00000000,2071.00000000,0.06802133
129.00000000,2072.00000000,0.06804113
129.00000000,2073.00000000,0.06795072
129.00000000,2074.00000000,0.06743970
129.00000000,2075.00000000,0.06752537
129.00000000,2076.00000000,0.06776351
129.00000000,2077.00000000,0.06785330
129.00000000,2078.00000000,0.06769725
129.00000000,2079.00000000,0.06805563
129.00000000,2080.00000000,0.06827367
129.00000000,2081.00000000,0.06827941
129.00000000,2082.00000000,0.06832110
129.00000000,2083.00000000,0.06832484
129.00000000,2084.00000000,0.06863119
129.00000000,2085.00000000,0.06885643
129.00000000,2086.00000000,0.06900063
129.00000000,2087.00000000,0.06908519
129.00000000,2088.00000000,0.06931149
129.00000000,2089.00000000,0.06950698
129.00000000,2090.00000000,0.06951542
129.00000000,2091.00000000,0.06969822
129.00000000,2092.00000000,0.06996453
129.00000000,2093.00000000,0.07025649
129.00000000,2094.00000000,0.07050675
129.00000000,2095.00000000,0.07080379
129.00000000,2096.00000000,0.07099954
129.00000000,2097.00000000,0.07133398
129.00000000,2098.00000000,0.07173773
129.00000000,2099.00000000,0.07226598
129.00000000,2100.00000000,0.07256426
129.00000000,2101.00000000,0.07288929
129.00000000,2102.00000000,0.07334622
129.00000000,2103.00000000,0.07337178
129.00000000,2104.00000000,0.07332748
129.00000000,2105.00000000,0.07385195
129.00000000,2106.00000000,0.07414607
129.00000000,2107.00000000,0.07430898
129.00000000,2108.00000000,0.07486559
129.00000000,2109.00000000,0.07478304
129.00000000,2110.00000000,0.07449545
129.00000000,2111.00000000,0.07444382
129.00000000,2112.00000000,0.07444015
129.00000000,2113.00000000,0.07481249
129.00000000,2114.00000000,0.07513755
129.00000000,2115.00000000,0.07548729
129.00000000,2116.00000000,0.07579521
129.00000000,2117.00000000,0.07623348
129.00000000,2118.00000000,0.07651033
129.00000000,2119.00000000,0.07665598
129.00000000,2120.00000000,0.07687091
129.00000000,2121.00000000,0.07669381
129.00000000,2122.00000000,0.07675058
129.00000000,2123.00000000,0.07702053
129.00000000,2124.00000000,0.07731473
129.00000000,2125.00000000,0.07762556
129.00000000,2126.00000000,0.07788322
129.00000000,2127.00000000,0.07787832
129.00000000,2128.00000000,0.07789801
129.00000000,2129.00000000,0.07826880
129.00000000,2130.00000000,0.07863228
129.00000000,2131.00000000,0.07879503
129.00000000,2132.00000000,0.07949547
129.00000000,2133.00000000,0.08029035
129.00000000,2134.00000000,0.08092375
129.00000000,2135.00000000,0.08135441
129.00000000,2136.00000000,0.08178744
129.00000000,2137.00000000,0.08222292
129.00000000,2138.00000000,0.08266030
129.00000000,2139.00000000,0.08309961
129.00000000,2140.00000000,0.08367293
129.00000000,2141.00000000,0.08424824
129.00000000,2142.00000000,0.08482553
129.00000000,2143.00000000,0.08540474
129.00000000,2144.00000000,0.08598579
129.00000000,2145.00000000,0.08656865
129.00000000,2146.00000000,0.08715327
129.00000000,2147.00000000,0.08773955
129.00000000,2148.00000000,0.08832749
129.00000000,2149.00000000,0.08891698
129.00000000,2150.00000000,0.08944957
129.00000000,2151.00000000,0.08998414
129.00000000,2152.00000000,0.09052200
129.00000000,2153.00000000,0.09106451
129.00000000,2154.00000000,0.09161237
129.00000000,2155.00000000,0.09216587
129.00000000,2156.00000000,0.09272522
129.00000000,2157.00000000,0.09329044
129.00000000,2158.00000000,0.09386147
129.00000000,2159.00000000,0.09443838
129.00000000,2160.00000000,0.09514290
129.00000000,2161.00000000,0.09585324
129.00000000,2162.00000000,0.09656935
129.00000000,2163.00000000,0.09729109
129.00000000,2164.00000000,0.09801833
129.00000000,2165.00000000,0.09875104
129.00000000,2166.00000000,0.09948905
129.00000000,2167.00000000,0.10023233
129.00000000,2168.00000000,0.10098078
129.00000000,2169.00000000,0.10173430
129.00000000,2170.00000000,0.10258221
129.00000000,2171.00000000,0.10343524
129.00000000,2172.00000000,0.10429325
129.00000000,2173.00000000,0.10515620
129.00000000,2174.00000000,0.10602397
129.00000000,2175.00000000,0.10689644
129.00000000,2176.00000000,0.10777355
129.00000000,2177.00000000,0.10865517
129.00000000,2178.00000000,0.10954125
129.00000000,2179.00000000,0.11043168
129.00000000,2180.00000000,0.11132124
129.00000000,2181.00000000,0.11221499
129.00000000,2182.00000000,0.11311278
129.00000000,2183.00000000,0.11401452
129.00000000,2184.00000000,0.11492017
129.00000000,2185.00000000,0.11582959
129.00000000,2186.00000000,0.11674266
129.00000000,2187.00000000,0.11765933
129.00000000,2188.00000000,0.11857945
129.00000000,2189.00000000,0.11950288
129.00000000,2190.00000000,0.12023046
129.00000000,2191.00000000,0.12096059
129.00000000,2192.00000000,0.12169327
129.00000000,2193.00000000,0.12242843
129.00000000,2194.00000000,0.12316598
129.00000000,2195.00000000,0.12390593
129.00000000,2196.00000000,0.12464819
129.00000000,2197.00000000,0.12539268
129.00000000,2198.00000000,0.12613937
129.00000000,2199.00000000,0.12688816
129.00000000,2200.00000000,0.12745740
129.00000000,2201.00000000,0.12802812
129.00000000,2202.00000000,0.12860018
129.00000000,2203.00000000,0.12917370
129.00000000,2204.00000000,0.12974858
129.00000000,2205.00000000,0.13032480
129.00000000,2206.00000000,0.13090239
129.00000000,2207.00000000,0.13148128
129.00000000,2208.00000000,0.13206144
129.00000000,2209.00000000,0.13264286
129.00000000,2210.00000000,0.13312295
129.00000000,2211.00000000,0.13360386
129.00000000,2212.00000000,0.13408567
129.00000000,2213.00000000,0.13456833
129.00000000,2214.00000000,0.13505190
129.00000000,2215.00000000,0.13553631
129.00000000,2216.00000000,0.13602153
129.00000000,2217.00000000,0.13650762
129.00000000,2218.00000000,0.13699452
129.00000000,2219.00000000,0.13748220
129.00000000,2220.00000000,0.13786366
129.00000000,2221.00000000,0.13824556
129.00000000,2222.00000000,0.13862784
129.00000000,2223.00000000,0.13901061
129.00000000,2224.00000000,0.13939382
129.00000000,2225.00000000,0.13977745
129.00000000,2226.00000000,0.14016158
129.00000000,2227.00000000,0.14054614
129.00000000,2228.00000000,0.14093120
129.00000000,2229.00000000,0.14131676
129.00000000,2230.00000000,0.14161952
129.00000000,2231.00000000,0.14192251
129.00000000,2232.00000000,0.14222570
129.00000000,2233.00000000,0.14252904
129.00000000,2234.00000000,0.14283267
129.00000000,2235.00000000,0.14313651
129.00000000,2236.00000000,0.14344055
129.00000000,2237.00000000,0.14374487
129.00000000,2238.00000000,0.14404942
129.00000000,2239.00000000,0.14435427
129.00000000,2240.00000000,0.14465943
129.00000000,2241.00000000,0.14496480
129.00000000,2242.00000000,0.14527050
129.00000000,2243.00000000,0.14557649
129.00000000,2244.00000000,0.14588277
129.00000000,2245.00000000,0.14618939
129.00000000,2246.00000000,0.14649631
129.00000000,2247.00000000,0.14680351
129.00000000,2248.00000000,0.14711110
129.00000000,2249.00000000,0.14741882
129.00000000,2250.00000000,0.14772568
129.00000000,2251.00000000,0.14802990
129.00000000,2252.00000000,0.14832960
129.00000000,2253.00000000,0.14862391
129.00000000,2254.00000000,0.14891233
129.00000000,2255.00000000,0.14919467
129.00000000,2256.00000000,0.14947101
129.00000000,2257.00000000,0.14974126
129.00000000,2258.00000000,0.15000541
129.00000000,2259.00000000,0.15026364
129.00000000,2260.00000000,0.15051598
129.00000000,2261.00000000,0.15076252
129.00000000,2262.00000000,0.15100363
129.00000000,2263.00000000,0.15123934
129.00000000,2264.00000000,0.15146997
129.00000000,2265.00000000,0.15169557
129.00000000,2266.00000000,0.15191615
129.00000000,2267.00000000,0.15213194
129.00000000,2268.00000000,0.15234299
129.00000000,2269.00000000,0.15254926
129.00000000,2270.00000000,0.15275096
129.00000000,2271.00000000,0.15294813
129.00000000,2272.00000000,0.15314072
129.00000000,2273.00000000,0.15332895
129.00000000,2274.00000000,0.15351275
129.00000000,2275.00000000,0.15369225
129.00000000,2276.00000000,0.15386749
129.00000000,2277.00000000,0.15403839
129.00000000,2278.00000000,0.15420509
129.00000000,2279.00000000,0.15436753
129.00000000,2280.00000000,0.15392913
129.00000000,2281.00000000,0.15348563
129.00000000,2282.00000000,0.15303707
129.00000000,2283.00000000,0.15258355
129.00000000,2284.00000000,0.15212533
129.00000000,2285.00000000,0.15166244
129.00000000,2286.00000000,0.15119501
129.00000000,2287.00000000,0.15072319
129.00000000,2288.00000000,0.15024706
129.00000000,2289.00000000,0.14976680
129.00000000,2290.00000000,0.14928248
129.00000000,2291.00000000,0.14879415
129.00000000,2292.00000000,0.14830203
129.00000000,2293.00000000,0.14780614
129.00000000,2294.00000000,0.14730657
129.00000000,2295.00000000,0.14680348
129.00000000,2296.00000000,0.14629694
129.00000000,2297.00000000,0.14578696
129.00000000,2298.00000000,0.14527377
129.00000000,2299.00000000,0.14475731
129.00000000,2300.00000000,0.14423779
129.00000000,2301.00000000,0.14371522
129.00000000,2302.00000000,0.14318966
129.00000000,2303.00000000,0.14266121
129.00000000,2304.00000000,0.14212995
129.00000000,2305.00000000,0.14159589
129.00000000,2306.00000000,0.14105916
129.00000000,2307.00000000,0.14051982
129.00000000,2308.00000000,0.13997788
129.00000000,2309.00000000,0.13943350
129.00000000,2310.00000000,0.13888670
129.00000000,2311.00000000,0.13833748
129.00000000,2312.00000000,0.13778603
129.00000000,2313.00000000,0.13723228
129.00000000,2314.00000000,0.13667641
129.00000000,2315.00000000,0.13611842
129.00000000,2316.00000000,0.13555831
129.00000000,2317.00000000,0.13499624
129.00000000,2318.00000000,0.13443222
129.00000000,2319.00000000,0.13386625
129.00000000,2320.00000000,0.13329844
129.00000000,2321.00000000,0.13272885
129.00000000,2322.00000000,0.13215747
129.00000000,2323.00000000,0.13158441
129.00000000,2324.00000000,0.13100964
129.00000000,2325.00000000,0.13043330
129.00000000,2326.00000000,0.12985538
129.00000000,2327.00000000,0.12927588
129.00000000,2328.00000000,0.12869494
129.00000000,2329.00000000,0.12811256
129.00000000,2330.00000000,0.12752873
129.00000000,2331.00000000,0.12694357
129.00000000,2332.00000000,0.12635708
129.00000000,2333.00000000,0.12576925
129.00000000,2334.00000000,0.12518021
129.00000000,2335.00000000,0.12458996
129.00000000,2336.00000000,0.12399848
129.00000000,2337.00000000,0.12340590
129.00000000,2338.00000000,0.12281216
129.00000000,2339.00000000,0.12221737
129.00000000,2340.00000000,0.12162155
129.00000000,2341.00000000,0.12102465
129.00000000,2342.00000000,0.12042682
129.00000000,2343.00000000,0.11982804
129.00000000,2344.00000000,0.11922830
129.00000000,2345.00000000,0.11862769
129.00000000,2346.00000000,0.11802623
129.00000000,2347.00000000,0.11742390
129.00000000,2348.00000000,0.11682079
129.00000000,2349.00000000,0.11621687
129.00000000,2350.00000000,0.11561223
129.00000000,2351.00000000,0.11500687
129.00000000,2352.00000000,0.11440078
129.00000000,2353.00000000,0.11379406
129.00000000,2354.00000000,0.11318669
129.00000000,2355.00000000,0.11257868
129.00000000,2356.00000000,0.11197011
129.00000000,2357.00000000,0.11136099
129.00000000,2358.00000000,0.11075128
129.00000000,2359.00000000,0.11014109
129.00000000,2360.00000000,0.10953036
129.00000000,2361.00000000,0.10891920
129.00000000,2362.00000000,0.10830759
129.00000000,2363.00000000,0.10769552
129.00000000,2364.00000000,0.10708308
129.00000000,2365.00000000,0.10647026
129.00000000,2366.00000000,0.10585704
129.00000000,2367.00000000,0.10524351
129.00000000,2368.00000000,0.10462968
129.00000000,2369.00000000,0.10401550
129.00000000,2370.00000000,0.10340108
129.00000000,2371.00000000,0.10278641
129.00000000,2372.00000000,0.10217148
129.00000000,2373.00000000,0.10155637
129.00000000,2374.00000000,0.10094103
129.00000000,2375.00000000,0.10032559
129.00000000,2376.00000000,0.09971004
129.00000000,2377.00000000,0.09909440
129.00000000,2378.00000000,0.09860876
129.00000000,2379.00000000,0.09850577
129.00000000,2380.00000000,0.09850747
129.00000000,2381.00000000,0.09850940
129.00000000,2382.00000000,0.09851152
129.00000000,2383.00000000,0.09851377
129.00000000,2384.00000000,0.09851624
129.00000000,2385.00000000,0.09853523
129.00000000,2386.00000000,0.09855443
129.00000000,2387.00000000,0.09857380
129.00000000,2388.00000000,0.09859329
129.00000000,2389.00000000,0.09861295
129.00000000,2390.00000000,0.09860037
129.00000000,2391.00000000,0.09858787
129.00000000,2392.00000000,0.09857554
129.00000000,2393.00000000,0.09856335
129.00000000,2394.00000000,0.09855122
129.00000000,2395.00000000,0.09853927
129.00000000,2396.00000000,0.09852743
129.00000000,2397.00000000,0.09851567
129.00000000,2398.00000000,0.09850406
129.00000000,2399.00000000,0.09849250
129.00000000,2400.00000000,0.09848110
129.00000000,2401.00000000,0.09846981
129.00000000,2402.00000000,0.09845857
129.00000000,2403.00000000,0.09844749
129.00000000,2404.00000000,0.09843650
129.00000000,2405.00000000,0.09842416
129.00000000,2406.00000000,0.09841196
129.00000000,2407.00000000,0.09839988
129.00000000,2408.00000000,0.09838782
129.00000000,2409.00000000,0.09837590
129.00000000,2410.00000000,0.09836403
129.00000000,2411.00000000,0.09835228
129.00000000,2412.00000000,0.09834063
129.00000000,2413.00000000,0.09832901
129.00000000,2414.00000000,0.09831751
129.00000000,2415.00000000,0.09830608
129.00000000,2416.00000000,0.09829469
129.00000000,2417.00000000,0.09828342
129.00000000,2418.00000000,0.09827223
129.00000000,2419.00000000,0.09826105
129.00000000,2420.00000000,0.09824998
129.00000000,2421.00000000,0.09823894
129.00000000,2422.00000000,0.09822801
129.00000000,2423.00000000,0.09821714
129.00000000,2424.00000000,0.09820629
129.00000000,2425.00000000,0.09819554
129.00000000,2426.00000000,0.09818487
129.00000000,2427.00000000,0.09817418
129.00000000,2428.00000000,0.09816362
129.00000000,2429.00000000,0.09815309
129.00000000,2430.00000000,0.09814570
129.00000000,2431.00000000,0.09813841
129.00000000,2432.00000000,0.09813117
129.00000000,2433.00000000,0.09812393
129.00000000,2434.00000000,0.09811679
129.00000000,2435.00000000,0.09810964
129.00000000,2436.00000000,0.09810260
129.00000000,2437.00000000,0.09809560
129.00000000,2438.00000000,0.09808860
129.00000000,2439.00000000,0.09808168
129.00000000,2440.00000000,0.09807482
129.00000000,2441.00000000,0.09806794
129.00000000,2442.00000000,0.09806115
129.00000000,2443.00000000,0.09805440
129.00000000,2444.00000000,0.09804763
129.00000000,2445.00000000,0.09804095
129.00000000,2446.00000000,0.09803426
129.00000000,2447.00000000,0.09802766
129.00000000,2448.00000000,0.09802109
129.00000000,2449.00000000,0.09801449
129.00000000,2450.00000000,0.09800799
129.00000000,2451.00000000,0.09800151
129.00000000,2452.00000000,0.09799500
129.00000000,2453.00000000,0.09798858
129.00000000,2454.00000000,0.09798219
129.00000000,2455.00000000,0.09797575
129.00000000,2456.00000000,0.09796940
129.00000000,2457.00000000,0.09796306
129.00000000,2458.00000000,0.09795670
129.00000000,2459.00000000,0.09795041
129.00000000,2460.00000000,0.09794409
129.00000000,2461.00000000,0.09793784
129.00000000,2462.00000000,0.09793160
129.00000000,2463.00000000,0.09792533
129.00000000,2464.00000000,0.09791913
129.00000000,2465.00000000,0.09791295
129.00000000,2466.00000000,0.09790672
129.00000000,2467.00000000,0.09790057
129.00000000,2468.00000000,0.09789445
129.00000000,2469.00000000,0.09788826
129.00000000,2470.00000000,0.09788216
129.00000000,2471.00000000,0.09787600
129.00000000,2472.00000000,0.09786992
129.00000000,2473.00000000,0.09786385
129.00000000,2474.00000000,0.09785774
129.00000000,2475.00000000,0.09785170
129.00000000,2476.00000000,0.09784567
129.00000000,2477.00000000,0.09783958
129.00000000,2478.00000000,0.09783356
129.00000000,2479.00000000,0.09782756
129.00000000,2480.00000000,0.09782063
129.00000000,2481.00000000,0.09781376
129.00000000,2482.00000000,0.09780689
129.00000000,2483.00000000,0.09779998
129.00000000,2484.00000000,0.09779313
129.00000000,2485.00000000,0.09778622
129.00000000,2486.00000000,0.09777938
129.00000000,2487.00000000,0.09777256
129.00000000,2488.00000000,0.09776567
129.00000000,2489.00000000,0.09775886
129.00000000,2490.00000000,0.09775205
129.00000000,2491.00000000,0.09774517
129.00000000,2492.00000000,0.09773837
129.00000000,2493.00000000,0.09773158
129.00000000,2494.00000000,0.09772472
129.00000000,2495.00000000,0.09771793
129.00000000,2496.00000000,0.09771108
129.00000000,2497.00000000,0.09770430
129.00000000,2498.00000000,0.09769752
129.00000000,2499.00000000,0.09769068
129.00000000,2500.00000000,0.09768391
130.00000000,1765.00000000,0.06964500
130.00000000,1766.00000000,0.06964512
130.00000000,1767.00000000,0.06964524
130.00000000,1768.00000000,0.06964526
130.00000000,1769.00000000,0.06964559
130.00000000,1770.00000000,0.06964595
130.00000000,1771.00000000,0.06964635
130.00000000,1772.00000000,0.06964708
130.00000000,1773.00000000,0.06964796
130.00000000,1774.00000000,0.06964867
130.00000000,1775.00000000,0.06964970
130.00000000,1776.00000000,0.06965089
130.00000000,1777.00000000,0.06965218
130.00000000,1778.00000000,0.06965360
130.00000000,1779.00000000,0.06965525
130.00000000,1780.00000000,0.06965688
130.00000000,1781.00000000,0.06965879
130.00000000,1782.00000000,0.06966050
130.00000000,1783.00000000,0.06966244
130.00000000,1784.00000000,0.06966456
130.00000000,1785.00000000,0.06966691
130.00000000,1786.00000000,0.06966913
130.00000000,1787.00000000,0.06967153
130.00000000,1788.00000000,0.06967401
130.00000000,1789.00000000,0.06967655
130.00000000,1790.00000000,0.06967921
130.00000000,1791.00000000,0.06968201
130.00000000,1792.00000000,0.06968462
130.00000000,1793.00000000,0.06968752
130.00000000,1794.00000000,0.06969043
130.00000000,1795.00000000,0.06969336
130.00000000,1796.00000000,0.06969636
130.00000000,1797.00000000,0.06969945
130.00000000,1798.00000000,0.06970264
130.00000000,1799.00000000,0.06970578
130.00000000,1800.00000000,0.06970897
130.00000000,1801.00000000,0.06971212
130.00000000,1802.00000000,0.06971543
130.00000000,1803.00000000,0.06971871
130.00000000,1804.00000000,0.06972209
130.00000000,1805.00000000,0.06972545
130.00000000,1806.00000000,0.06972890
130.00000000,1807.00000000,0.06973225
130.00000000,1808.00000000,0.06973568
130.00000000,1809.00000000,0.06973924
130.00000000,1810.00000000,0.06974270
130.00000000,1811.00000000,0.06974618
130.00000000,1812.00000000,0.06974969
130.00000000,1813.00000000,0.06975331
130.00000000,1814.00000000,0.06975683
130.00000000,1815.00000000,0.06976039
130.00000000,1816.00000000,0.06976397
130.00000000,1817.00000000,0.06976763
130.00000000,1818.00000000,0.06977123
130.00000000,1819.00000000,0.06977480
130.00000000,1820.00000000,0.06977844
130.00000000,1821.00000000,0.06978204
130.00000000,1822.00000000,0.06978565
130.00000000,1823.00000000,0.06978924
130.00000000,1824.00000000,0.06979287
130.00000000,1825.00000000,0.06979650
130.00000000,1826.00000000,0.06980011
130.00000000,1827.00000000,0.06980371
130.00000000,1828.00000000,0.06980731
130.00000000,1829.00000000,0.06981088
130.00000000,1830.00000000,0.06981443
130.00000000,1831.00000000,0.06981808
130.00000000,1832.00000000,0.06982161
130.00000000,1833.00000000,0.06982508
130.00000000,1834.00000000,0.06982871
130.00000000,1835.00000000,0.06983210
130.00000000,1836.00000000,0.06983560
130.00000000,1837.00000000,0.06983912
130.00000000,1838.00000000,0.06984259
130.00000000,1839.00000000,0.06984587
130.00000000,1840.00000000,0.06984935
130.00000000,1841.00000000,0.06985270
130.00000000,1842.00000000,0.06985606
130.00000000,1843.00000000,0.06985945
130.00000000,1844.00000000,0.06986270
130.00000000,1845.00000000,0.06986597
130.00000000,1846.00000000,0.06986923
130.00000000,1847.00000000,0.06987248
130.00000000,1848.00000000,0.06987561
130.00000000,1849.00000000,0.06987878
130.00000000,1850.00000000,0.06988194
130.00000000,1851.00000000,0.06988501
130.00000000,1852.00000000,0.06988806
130.00000000,1853.00000000,0.06989137
130.00000000,1854.00000000,0.06989485
130.00000000,1855.00000000,0.06989826
130.00000000,1856.00000000,0.06990161
130.00000000,1857.00000000,0.06990484
130.00000000,1858.00000000,0.06990804
130.00000000,1859.00000000,0.06991112
130.00000000,1860.00000000,0.06991420
130.00000000,1861.00000000,0.06991719
130.00000000,1862.00000000,0.06992000
130.00000000,1863.00000000,0.06992225
130.00000000,1864.00000000,0.06992396
130.00000000,1865.00000000,0.06992534
130.00000000,1866.00000000,0.06992644
130.00000000,1867.00000000,0.06992716
130.00000000,1868.00000000,0.06992772
130.00000000,1869.00000000,0.06992804
130.00000000,1870.00000000,0.06992807
130.00000000,1871.00000000,0.06992801
130.00000000,1872.00000000,0.06992804
130.00000000,1873.00000000,0.06992878
130.00000000,1874.00000000,0.06992997
130.00000000,1875.00000000,0.06993147
130.00000000,1876.00000000,0.06993326
130.00000000,1877.00000000,0.06993523
130.00000000,1878.00000000,0.06993737
130.00000000,1879.00000000,0.06993965
130.00000000,1880.00000000,0.06994200
130.00000000,1881.00000000,0.06994438
130.00000000,1882.00000000,0.06994685
130.00000000,1883.00000000,0.06994886
130.00000000,1884.00000000,0.06995056
130.00000000,1885.00000000,0.06995202
130.00000000,1886.00000000,0.06995336
130.00000000,1887.00000000,0.06995461
130.00000000,1888.00000000,0.06995573
130.00000000,1889.00000000,0.06995664
130.00000000,1890.00000000,0.06995731
130.00000000,1891.00000000,0.06995774
130.00000000,1892.00000000,0.06995794
130.00000000,1893.00000000,0.06995809
130.00000000,1894.00000000,0.06995830
130.00000000,1895.00000000,0.06995870
130.00000000,1896.00000000,0.06996567
130.00000000,1897.00000000,0.06996623
130.00000000,1898.00000000,0.06996678
130.00000000,1899.00000000,0.06996722
130.00000000,1900.00000000,0.06996749
130.00000000,1901.00000000,0.06996976
130.00000000,1902.00000000,0.06997008
130.00000000,1903.00000000,0.06997055
130.00000000,1904.00000000,0.06997118
130.00000000,1905.00000000,0.06997209
130.00000000,1906.00000000,0.06997330
130.00000000,1907.00000000,0.06997468
130.00000000,1908.00000000,0.06997606
130.00000000,1909.00000000,0.06997745
130.00000000,1910.00000000,0.06997891
130.00000000,1911.00000000,0.06998247
130.00000000,1912.00000000,0.06998334
130.00000000,1913.00000000,0.06998343
130.00000000,1914.00000000,0.06998271
130.00000000,1915.00000000,0.06998161
130.00000000,1916.00000000,0.06998050
130.00000000,1917.00000000,0.06997942
130.00000000,1918.00000000,0.06997818
130.00000000,1919.00000000,0.06997707
130.00000000,1920.00000000,0.06997647
130.00000000,1921.00000000,0.06997868
130.00000000,1922.00000000,0.06997963
130.00000000,1923.00000000,0.06998121
130.00000000,1924.00000000,0.06998295
130.00000000,1925.00000000,0.06998459
130.00000000,1926.00000000,0.06998615
130.00000000,1927.00000000,0.06998996
130.00000000,1928.00000000,0.06999174
130.00000000,1929.00000000,0.06999343
130.00000000,1930.00000000,0.06999752
130.00000000,1931.00000000,0.07000044
130.00000000,1932.00000000,0.07000883
130.00000000,1933.00000000,0.07001150
130.00000000,1934.00000000,0.07001677
130.00000000,1935.00000000,0.07002208
130.00000000,1936.00000000,0.07002906
130.00000000,1937.00000000,0.07003301
130.00000000,1938.00000000,0.07003583
130.00000000,1939.00000000,0.07003791
130.00000000,1940.00000000,0.07003928
130.00000000,1941.00000000,0.07004199
130.00000000,1942.00000000,0.07004154
130.00000000,1943.00000000,0.07004051
130.00000000,1944.00000000,0.07003902
130.00000000,1945.00000000,0.07003963
130.00000000,1946.00000000,0.07004117
130.00000000,1947.00000000,0.07004424
130.00000000,1948.00000000,0.07004592
130.00000000,1949.00000000,0.07004767
130.00000000,1950.00000000,0.07004936
130.00000000,1951.00000000,0.07005088
130.00000000,1952.00000000,0.07005523
130.00000000,1953.00000000,0.07005982
130.00000000,1954.00000000,0.07006218
130.00000000,1955.00000000,0.07006704
130.00000000,1956.00000000,0.07006978
130.00000000,1957.00000000,0.07007440
130.00000000,1958.00000000,0.07007647
130.00000000,1959.00000000,0.07007803
130.00000000,1960.00000000,0.07009084
130.00000000,1961.00000000,0.07008695
130.00000000,1962.00000000,0.07008443
130.00000000,1963.00000000,0.07008326
130.00000000,1964.00000000,0.07007898
130.00000000,1965.00000000,0.07007556
130.00000000,1966.00000000,0.07007739
130.00000000,1967.00000000,0.07006943
130.00000000,1968.00000000,0.07006214
130.00000000,1969.00000000,0.07005293
130.00000000,1970.00000000,0.07004367
130.00000000,1971.00000000,0.07002919
130.00000000,1972.00000000,0.07001309
130.00000000,1973.00000000,0.06999156
130.00000000,1974.00000000,0.06996950
130.00000000,1975.00000000,0.06995020
130.00000000,1976.00000000,0.06992178
130.00000000,1977.00000000,0.06990000
130.00000000,1978.00000000,0.06987377
130.00000000,1979.00000000,0.06985153
130.00000000,1980.00000000,0.06983082
130.00000000,1981.00000000,0.06980138
130.00000000,1982.00000000,0.06978024
130.00000000,1983.00000000,0.06976078
130.00000000,1984.00000000,0.06976219
130.00000000,1985.00000000,0.06974928
130.00000000,1986.00000000,0.06974442
130.00000000,1987.00000000,0.06973175
130.00000000,1988.00000000,0.06971922
130.00000000,1989.00000000,0.06971494
130.00000000,1990.00000000,0.06971651
130.00000000,1991.00000000,0.06970926
130.00000000,1992.00000000,0.06969813
130.00000000,1993.00000000,0.06969814
130.00000000,1994.00000000,0.06970144
130.00000000,1995.00000000,0.06970339
130.00000000,1996.00000000,0.06969710
130.00000000,1997.00000000,0.06970163
130.00000000,1998.00000000,0.06969882
130.00000000,1999.00000000,0.06970037
130.00000000,2000.00000000,0.06969803
130.00000000,2001.00000000,0.06970425
130.00000000,2002.00000000,0.06972739
130.00000000,2003.00000000,0.06973796
130.00000000,2004.00000000,0.06970272
130.00000000,2005.00000000,0.06971628
130.00000000,2006.00000000,0.06970281
130.00000000,2007.00000000,0.06968586
130.00000000,2008.00000000,0.06966247
130.00000000,2009.00000000,0.06966286
130.00000000,2010.00000000,0.06968621
130.00000000,2011.00000000,0.06966678
130.00000000,2012.00000000,0.06965772
130.00000000,2013.00000000,0.06965263
130.00000000,2014.00000000,0.06961753
130.00000000,2015.00000000,0.06957797
130.00000000,2016.00000000,0.06954041
130.00000000,2017.00000000,0.06952186
130.00000000,2018.00000000,0.06953928
130.00000000,2019.00000000,0.06948719
130.00000000,2020.00000000,0.06949449
130.00000000,2021.00000000,0.06947272
130.00000000,2022.00000000,0.06942001
130.00000000,2023.00000000,0.06935351
130.00000000,2024.00000000,0.06932186
130.00000000,2025.00000000,0.06931039
130.00000000,2026.00000000,0.06927726
130.00000000,2027.00000000,0.06926036
130.00000000,2028.00000000,0.06925134
130.00000000,2029.00000000,0.06927743
130.00000000,2030.00000000,0.06927181
130.00000000,2031.00000000,0.06924702
130.00000000,2032.00000000,0.06921345
130.00000000,2033.00000000,0.06925617
130.00000000,2034.00000000,0.06920636
130.00000000,2035.00000000,0.06922201
130.00000000,2036.00000000,0.06924682
130.00000000,2037.00000000,0.06933857
130.00000000,2038.00000000,0.06919920
130.00000000,2039.00000000,0.06920126
130.00000000,2040.00000000,0.06919987
130.00000000,2041.00000000,0.06916204
130.00000000,2042.00000000,0.06917623
130.00000000,2043.00000000,0.06923176
130.00000000,2044.00000000,0.06896324
130.00000000,2045.00000000,0.06885956
130.00000000,2046.00000000,0.06890806
130.00000000,2047.00000000,0.06893640
130.00000000,2048.00000000,0.06881410
130.00000000,2049.00000000,0.06846448
130.00000000,2050.00000000,0.06863521
130.00000000,2051.00000000,0.06828633
130.00000000,2052.00000000,0.06828420
130.00000000,2053.00000000,0.06844921
130.00000000,2054.00000000,0.06834594
130.00000000,2055.00000000,0.06828043
130.00000000,2056.00000000,0.06820619
130.00000000,2057.00000000,0.06827429
130.00000000,2058.00000000,0.06818869
130.00000000,2059.00000000,0.06825682
130.00000000,2060.00000000,0.06797945
130.00000000,2061.00000000,0.06766009
130.00000000,2062.00000000,0.06738135
130.00000000,2063.00000000,0.06738104
130.00000000,2064.00000000,0.06744955
130.00000000,2065.00000000,0.06746768
130.00000000,2066.00000000,0.06758444
130.00000000,2067.00000000,0.06765477
130.00000000,2068.00000000,0.06743785
130.00000000,2069.00000000,0.06745393
130.00000000,2070.00000000,0.06758375
130.00000000,2071.00000000,0.06757318
130.00000000,2072.00000000,0.06751148
130.00000000,2073.00000000,0.06753261
130.00000000,2074.00000000,0.06744457
130.00000000,2075.00000000,0.06693908
130.00000000,2076.00000000,0.06702587
130.00000000,2077.00000000,0.06726402
130.00000000,2078.00000000,0.06735483
130.00000000,2079.00000000,0.06720151
130.00000000,2080.00000000,0.06755879
130.00000000,2081.00000000,0.06777673
130.00000000,2082.00000000,0.06778403
130.00000000,2083.00000000,0.06782714
130.00000000,2084.00000000,0.06783263
130.00000000,2085.00000000,0.06813856
130.00000000,2086.00000000,0.06836392
130.00000000,2087.00000000,0.06850876
130.00000000,2088.00000000,0.06859430
130.00000000,2089.00000000,0.06882052
130.00000000,2090.00000000,0.06901606
130.00000000,2091.00000000,0.06902586
130.00000000,2092.00000000,0.06920893
130.00000000,2093.00000000,0.06947508
130.00000000,2094.00000000,0.06976680
130.00000000,2095.00000000,0.07001710
130.00000000,2096.00000000,0.07031384
130.00000000,2097.00000000,0.07050996
130.00000000,2098.00000000,0.07084373
130.00000000,2099.00000000,0.07124630
130.00000000,2100.00000000,0.07177246
130.00000000,2101.00000000,0.07207020
130.00000000,2102.00000000,0.07239471
130.00000000,2103.00000000,0.07285036
130.00000000,2104.00000000,0.07287760
130.00000000,2105.00000000,0.07283546
130.00000000,2106.00000000,0.07335825
130.00000000,2107.00000000,0.07365217
130.00000000,2108.00000000,0.07381571
130.00000000,2109.00000000,0.07437031
130.00000000,2110.00000000,0.07428985
130.00000000,2111.00000000,0.07400563
130.00000000,2112.00000000,0.07395576
130.00000000,2113.00000000,0.07395346
130.00000000,2114.00000000,0.07432468
130.00000000,2115.00000000,0.07464888
130.00000000,2116.00000000,0.07499755
130.00000000,2117.00000000,0.07530463
130.00000000,2118.00000000,0.07574119
130.00000000,2119.00000000,0.07601732
130.00000000,2120.00000000,0.07616305
130.00000000,2121.00000000,0.07637758
130.00000000,2122.00000000,0.07620255
130.00000000,2123.00000000,0.07625986
130.00000000,2124.00000000,0.07652897
130.00000000,2125.00000000,0.07682214
130.00000000,2126.00000000,0.07713183
130.00000000,2127.00000000,0.07738868
130.00000000,2128.00000000,0.07738460
130.00000000,2129.00000000,0.07740494
130.00000000,2130.00000000,0.07777416
130.00000000,2131.00000000,0.07813610
130.00000000,2132.00000000,0.07829856
130.00000000,2133.00000000,0.07899532
130.00000000,2134.00000000,0.07978593
130.00000000,2135.00000000,0.08041606
130.00000000,2136.00000000,0.08084471
130.00000000,2137.00000000,0.08127570
130.00000000,2138.00000000,0.08170912
130.00000000,2139.00000000,0.08214441
130.00000000,2140.00000000,0.08258162
130.00000000,2141.00000000,0.08315199
130.00000000,2142.00000000,0.08372435
130.00000000,2143.00000000,0.08429867
130.00000000,2144.00000000,0.08487490
130.00000000,2145.00000000,0.08545294
130.00000000,2146.00000000,0.08603280
130.00000000,2147.00000000,0.08661437
130.00000000,2148.00000000,0.08719761
130.00000000,2149.00000000,0.08778249
130.00000000,2150.00000000,0.08836893
130.00000000,2151.00000000,0.08889928
130.00000000,2152.00000000,0.08943295
130.00000000,2153.00000000,0.08997119
130.00000000,2154.00000000,0.09051474
130.00000000,2155.00000000,0.09106391
130.00000000,2156.00000000,0.09161881
130.00000000,2157.00000000,0.09217952
130.00000000,2158.00000000,0.09274600
130.00000000,2159.00000000,0.09331820
130.00000000,2160.00000000,0.09389614
130.00000000,2161.00000000,0.09460085
130.00000000,2162.00000000,0.09531124
130.00000000,2163.00000000,0.09602731
130.00000000,2164.00000000,0.09674889
130.00000000,2165.00000000,0.09747587
130.00000000,2166.00000000,0.09820820
130.00000000,2167.00000000,0.09894573
130.00000000,2168.00000000,0.09968844
130.00000000,2169.00000000,0.10043623
130.00000000,2170.00000000,0.10118902
130.00000000,2171.00000000,0.10203563
130.00000000,2172.00000000,0.10288728
130.00000000,2173.00000000,0.10374385
130.00000000,2174.00000000,0.10460530
130.00000000,2175.00000000,0.10547150
130.00000000,2176.00000000,0.10634233
130.00000000,2177.00000000,0.10721776
130.00000000,2178.00000000,0.10809764
130.00000000,2179.00000000,0.10898194
130.00000000,2180.00000000,0.10987053
130.00000000,2181.00000000,0.11075824
130.00000000,2182.00000000,0.11165010
130.00000000,2183.00000000,0.11254597
130.00000000,2184.00000000,0.11344573
130.00000000,2185.00000000,0.11434938
130.00000000,2186.00000000,0.11525677
130.00000000,2187.00000000,0.11616777
130.00000000,2188.00000000,0.11708235
130.00000000,2189.00000000,0.11800035
130.00000000,2190.00000000,0.11892164
130.00000000,2191.00000000,0.11964801
130.00000000,2192.00000000,0.12037692
130.00000000,2193.00000000,0.12110834
130.00000000,2194.00000000,0.12184222
130.00000000,2195.00000000,0.12257847
130.00000000,2196.00000000,0.12331711
130.00000000,2197.00000000,0.12405806
130.00000000,2198.00000000,0.12480120
130.00000000,2199.00000000,0.12554654
130.00000000,2200.00000000,0.12629396
130.00000000,2201.00000000,0.12686266
130.00000000,2202.00000000,0.12743281
130.00000000,2203.00000000,0.12800432
130.00000000,2204.00000000,0.12857724
130.00000000,2205.00000000,0.12915154
130.00000000,2206.00000000,0.12972717
130.00000000,2207.00000000,0.13030416
130.00000000,2208.00000000,0.13088244
130.00000000,2209.00000000,0.13146198
130.00000000,2210.00000000,0.13204279
130.00000000,2211.00000000,0.13252271
130.00000000,2212.00000000,0.13300345
130.00000000,2213.00000000,0.13348510
130.00000000,2214.00000000,0.13396758
130.00000000,2215.00000000,0.13445094
130.00000000,2216.00000000,0.13493516
130.00000000,2217.00000000,0.13542019
130.00000000,2218.00000000,0.13590609
130.00000000,2219.00000000,0.13639283
130.00000000,2220.00000000,0.13688031
130.00000000,2221.00000000,0.13726206
130.00000000,2222.00000000,0.13764422
130.00000000,2223.00000000,0.13802678
130.00000000,2224.00000000,0.13840981
130.00000000,2225.00000000,0.13879330
130.00000000,2226.00000000,0.13917720
130.00000000,2227.00000000,0.13956163
130.00000000,2228.00000000,0.13994647
130.00000000,2229.00000000,0.14033182
130.00000000,2230.00000000,0.14071764
130.00000000,2231.00000000,0.14102104
130.00000000,2232.00000000,0.14132469
130.00000000,2233.00000000,0.14162852
130.00000000,2234.00000000,0.14193250
130.00000000,2235.00000000,0.14223676
130.00000000,2236.00000000,0.14254124
130.00000000,2237.00000000,0.14284593
130.00000000,2238.00000000,0.14315093
130.00000000,2239.00000000,0.14345615
130.00000000,2240.00000000,0.14376166
130.00000000,2241.00000000,0.14406746
130.00000000,2242.00000000,0.14437350
130.00000000,2243.00000000,0.14467991
130.00000000,2244.00000000,0.14498658
130.00000000,2245.00000000,0.14529352
130.00000000,2246.00000000,0.14560081
130.00000000,2247.00000000,0.14590847
130.00000000,2248.00000000,0.14621637
130.00000000,2249.00000000,0.14652447
130.00000000,2250.00000000,0.14683179
130.00000000,2251.00000000,0.14713636
130.00000000,2252.00000000,0.14743655
130.00000000,2253.00000000,0.14773128
130.00000000,2254.00000000,0.14802023
130.00000000,2255.00000000,0.14830319
130.00000000,2256.00000000,0.14858007
130.00000000,2257.00000000,0.14885099
130.00000000,2258.00000000,0.14911590
130.00000000,2259.00000000,0.14937482
130.00000000,2260.00000000,0.14962796
130.00000000,2261.00000000,0.14987542
130.00000000,2262.00000000,0.15011732
130.00000000,2263.00000000,0.15035403
130.00000000,2264.00000000,0.15058555
130.00000000,2265.00000000,0.15081215
130.00000000,2266.00000000,0.15103384
130.00000000,2267.00000000,0.15125066
130.00000000,2268.00000000,0.15146282
130.00000000,2269.00000000,0.15167032
130.00000000,2270.00000000,0.15187320
130.00000000,2271.00000000,0.15207160
130.00000000,2272.00000000,0.15226557
130.00000000,2273.00000000,0.15245508
130.00000000,2274.00000000,0.15264030
130.00000000,2275.00000000,0.15282119
130.00000000,2276.00000000,0.15299792
130.00000000,2277.00000000,0.15317043
130.00000000,2278.00000000,0.15333875
130.00000000,2279.00000000,0.15350293
130.00000000,2280.00000000,0.15366294
130.00000000,2281.00000000,0.15322491
130.00000000,2282.00000000,0.15278185
130.00000000,2283.00000000,0.15233387
130.00000000,2284.00000000,0.15188100
130.00000000,2285.00000000,0.15142351
130.00000000,2286.00000000,0.15096144
130.00000000,2287.00000000,0.15049490
130.00000000,2288.00000000,0.15002406
130.00000000,2289.00000000,0.14954897
130.00000000,2290.00000000,0.14906985
130.00000000,2291.00000000,0.14858673
130.00000000,2292.00000000,0.14809966
130.00000000,2293.00000000,0.14760887
130.00000000,2294.00000000,0.14711437
130.00000000,2295.00000000,0.14661625
130.00000000,2296.00000000,0.14611467
130.00000000,2297.00000000,0.14560969
130.00000000,2298.00000000,0.14510134
130.00000000,2299.00000000,0.14458982
130.00000000,2300.00000000,0.14407508
130.00000000,2301.00000000,0.14355734
130.00000000,2302.00000000,0.14303657
130.00000000,2303.00000000,0.14251284
130.00000000,2304.00000000,0.14198629
130.00000000,2305.00000000,0.14145694
130.00000000,2306.00000000,0.14092484
130.00000000,2307.00000000,0.14039010
130.00000000,2308.00000000,0.13985280
130.00000000,2309.00000000,0.13931293
130.00000000,2310.00000000,0.13877067
130.00000000,2311.00000000,0.13822602
130.00000000,2312.00000000,0.13767898
130.00000000,2313.00000000,0.13712974
130.00000000,2314.00000000,0.13657825
130.00000000,2315.00000000,0.13602464
130.00000000,2316.00000000,0.13546895
130.00000000,2317.00000000,0.13491118
130.00000000,2318.00000000,0.13435145
130.00000000,2319.00000000,0.13378981
130.00000000,2320.00000000,0.13322625
130.00000000,2321.00000000,0.13266089
130.00000000,2322.00000000,0.13209375
130.00000000,2323.00000000,0.13152483
130.00000000,2324.00000000,0.13095427
130.00000000,2325.00000000,0.13038201
130.00000000,2326.00000000,0.12980821
130.00000000,2327.00000000,0.12923285
130.00000000,2328.00000000,0.12865594
130.00000000,2329.00000000,0.12807759
130.00000000,2330.00000000,0.12749782
130.00000000,2331.00000000,0.12691660
130.00000000,2332.00000000,0.12633408
130.00000000,2333.00000000,0.12575024
130.00000000,2334.00000000,0.12516510
130.00000000,2335.00000000,0.12457874
130.00000000,2336.00000000,0.12399118
130.00000000,2337.00000000,0.12340240
130.00000000,2338.00000000,0.12281253
130.00000000,2339.00000000,0.12222153
130.00000000,2340.00000000,0.12162949
130.00000000,2341.00000000,0.12103642
130.00000000,2342.00000000,0.12044230
130.00000000,2343.00000000,0.11984724
130.00000000,2344.00000000,0.11925124
130.00000000,2345.00000000,0.11865429
130.00000000,2346.00000000,0.11805649
130.00000000,2347.00000000,0.11745784
130.00000000,2348.00000000,0.11685832
130.00000000,2349.00000000,0.11625804
130.00000000,2350.00000000,0.11565694
130.00000000,2351.00000000,0.11505515
130.00000000,2352.00000000,0.11445264
130.00000000,2353.00000000,0.11384940
130.00000000,2354.00000000,0.11324554
130.00000000,2355.00000000,0.11264105
130.00000000,2356.00000000,0.11203591
130.00000000,2357.00000000,0.11143022
130.00000000,2358.00000000,0.11082397
130.00000000,2359.00000000,0.11021714
130.00000000,2360.00000000,0.10960984
130.00000000,2361.00000000,0.10900201
130.00000000,2362.00000000,0.10839376
130.00000000,2363.00000000,0.10778505
130.00000000,2364.00000000,0.10717589
130.00000000,2365.00000000,0.10656635
130.00000000,2366.00000000,0.10595645
130.00000000,2367.00000000,0.10534614
130.00000000,2368.00000000,0.10473553
130.00000000,2369.00000000,0.10412460
130.00000000,2370.00000000,0.10351334
130.00000000,2371.00000000,0.10290185
130.00000000,2372.00000000,0.10229010
130.00000000,2373.00000000,0.10167808
130.00000000,2374.00000000,0.10106590
130.00000000,2375.00000000,0.10045349
130.00000000,2376.00000000,0.09984097
130.00000000,2377.00000000,0.09922835
130.00000000,2378.00000000,0.09861564
130.00000000,2379.00000000,0.09813230
130.00000000,2380.00000000,0.09802977
130.00000000,2381.00000000,0.09803143
130.00000000,2382.00000000,0.09803332
130.00000000,2383.00000000,0.09803540
130.00000000,2384.00000000,0.09803760
130.00000000,2385.00000000,0.09804003
130.00000000,2386.00000000,0.09805889
130.00000000,2387.00000000,0.09807798
130.00000000,2388.00000000,0.09809721
130.00000000,2389.00000000,0.09811657
130.00000000,2390.00000000,0.09813610
130.00000000,2391.00000000,0.09812355
130.00000000,2392.00000000,0.09811108
130.00000000,2393.00000000,0.09809877
130.00000000,2394.00000000,0.09808660
130.00000000,2395.00000000,0.09807451
130.00000000,2396.00000000,0.09806257
130.00000000,2397.00000000,0.09805074
130.00000000,2398.00000000,0.09803900
130.00000000,2399.00000000,0.09802741
130.00000000,2400.00000000,0.09801587
130.00000000,2401.00000000,0.09800449
130.00000000,2402.00000000,0.09799321
130.00000000,2403.00000000,0.09798200
130.00000000,2404.00000000,0.09797093
130.00000000,2405.00000000,0.09795997
130.00000000,2406.00000000,0.09794766
130.00000000,2407.00000000,0.09793549
130.00000000,2408.00000000,0.09792342
130.00000000,2409.00000000,0.09791140
130.00000000,2410.00000000,0.09789950
130.00000000,2411.00000000,0.09788765
130.00000000,2412.00000000,0.09787593
130.00000000,2413.00000000,0.09786429
130.00000000,2414.00000000,0.09785269
130.00000000,2415.00000000,0.09784121
130.00000000,2416.00000000,0.09782982
130.00000000,2417.00000000,0.09781844
130.00000000,2418.00000000,0.09780718
130.00000000,2419.00000000,0.09779601
130.00000000,2420.00000000,0.09778485
130.00000000,2421.00000000,0.09777380
130.00000000,2422.00000000,0.09776277
130.00000000,2423.00000000,0.09775186
130.00000000,2424.00000000,0.09774100
130.00000000,2425.00000000,0.09773016
130.00000000,2426.00000000,0.09771944
130.00000000,2427.00000000,0.09770877
130.00000000,2428.00000000,0.09769810
130.00000000,2429.00000000,0.09768754
130.00000000,2430.00000000,0.09767703
130.00000000,2431.00000000,0.09766964
130.00000000,2432.00000000,0.09766234
130.00000000,2433.00000000,0.09765509
130.00000000,2434.00000000,0.09764785
130.00000000,2435.00000000,0.09764070
130.00000000,2436.00000000,0.09763355
130.00000000,2437.00000000,0.09762650
130.00000000,2438.00000000,0.09761949
130.00000000,2439.00000000,0.09761248
130.00000000,2440.00000000,0.09760556
130.00000000,2441.00000000,0.09759868
130.00000000,2442.00000000,0.09759179
130.00000000,2443.00000000,0.09758499
130.00000000,2444.00000000,0.09757823
130.00000000,2445.00000000,0.09757146
130.00000000,2446.00000000,0.09756478
130.00000000,2447.00000000,0.09755808
130.00000000,2448.00000000,0.09755146
130.00000000,2449.00000000,0.09754487
130.00000000,2450.00000000,0.09753827
130.00000000,2451.00000000,0.09753175
130.00000000,2452.00000000,0.09752526
130.00000000,2453.00000000,0.09751874
130.00000000,2454.00000000,0.09751231
130.00000000,2455.00000000,0.09750588
130.00000000,2456.00000000,0.09749944
130.00000000,2457.00000000,0.09749307
130.00000000,2458.00000000,0.09748672
130.00000000,2459.00000000,0.09748033
130.00000000,2460.00000000,0.09747403
130.00000000,2461.00000000,0.09746768
130.00000000,2462.00000000,0.09746142
130.00000000,2463.00000000,0.09745517
130.00000000,2464.00000000,0.09744887
130.00000000,2465.00000000,0.09744266
130.00000000,2466.00000000,0.09743646
130.00000000,2467.00000000,0.09743021
130.00000000,2468.00000000,0.09742405
130.00000000,2469.00000000,0.09741789
130.00000000,2470.00000000,0.09741169
130.00000000,2471.00000000,0.09740557
130.00000000,2472.00000000,0.09739939
130.00000000,2473.00000000,0.09739330
130.00000000,2474.00000000,0.09738722
130.00000000,2475.00000000,0.09738108
130.00000000,2476.00000000,0.09737501
130.00000000,2477.00000000,0.09736896
130.00000000,2478.00000000,0.09736286
130.00000000,2479.00000000,0.09735683
130.00000000,2480.00000000,0.09735081
130.00000000,2481.00000000,0.09734385
130.00000000,2482.00000000,0.09733697
130.00000000,2483.00000000,0.09733009
130.00000000,2484.00000000,0.09732315
130.00000000,2485.00000000,0.09731629
130.00000000,2486.00000000,0.09730937
130.00000000,2487.00000000,0.09730251
130.00000000,2488.00000000,0.09729567
130.00000000,2489.00000000,0.09728877
130.00000000,2490.00000000,0.09728194
130.00000000,2491.00000000,0.09727512
130.00000000,2492.00000000,0.09726822
130.00000000,2493.00000000,0.09726140
130.00000000,2494.00000000,0.09725459
130.00000000,2495.00000000,0.09724772
130.00000000,2496.00000000,0.09724092
130.00000000,2497.00000000,0.09723405
130.00000000,2498.00000000,0.09722725
130.00000000,2499.00000000,0.09722046
130.00000000,2500.00000000,0.09721360
131.00000000,1765.00000000,0.06923835
131.00000000,1766.00000000,0.06923821
131.00000000,1767.00000000,0.06923838
131.00000000,1768.00000000,0.06923858
131.00000000,1769.00000000,0.06923870
131.00000000,1770.00000000,0.06923915
131.00000000,1771.00000000,0.06923965
131.00000000,1772.00000000,0.06924017
131.00000000,1773.00000000,0.06924103
131.00000000,1774.00000000,0.06924204
131.00000000,1775.00000000,0.06924288
131.00000000,1776.00000000,0.06924404
131.00000000,1777.00000000,0.06924535
131.00000000,1778.00000000,0.06924676
131.00000000,1779.00000000,0.06924829
131.00000000,1780.00000000,0.06925007
131.00000000,1781.00000000,0.06925180
131.00000000,1782.00000000,0.06925380
131.00000000,1783.00000000,0.06925561
131.00000000,1784.00000000,0.06925764
131.00000000,1785.00000000,0.06925984
131.00000000,1786.00000000,0.06926228
131.00000000,1787.00000000,0.06926458
131.00000000,1788.00000000,0.06926705
131.00000000,1789.00000000,0.06926959
131.00000000,1790.00000000,0.06927219
131.00000000,1791.00000000,0.06927492
131.00000000,1792.00000000,0.06927777
131.00000000,1793.00000000,0.06928043
131.00000000,1794.00000000,0.06928338
131.00000000,1795.00000000,0.06928632
131.00000000,1796.00000000,0.06928929
131.00000000,1797.00000000,0.06929233
131.00000000,1798.00000000,0.06929545
131.00000000,1799.00000000,0.06929866
131.00000000,1800.00000000,0.06930183
131.00000000,1801.00000000,0.06930504
131.00000000,1802.00000000,0.06930820
131.00000000,1803.00000000,0.06931153
131.00000000,1804.00000000,0.06931481
131.00000000,1805.00000000,0.06931821
131.00000000,1806.00000000,0.06932159
131.00000000,1807.00000000,0.06932503
131.00000000,1808.00000000,0.06932839
131.00000000,1809.00000000,0.06933183
131.00000000,1810.00000000,0.06933538
131.00000000,1811.00000000,0.06933886
131.00000000,1812.00000000,0.06934234
131.00000000,1813.00000000,0.06934584
131.00000000,1814.00000000,0.06934945
131.00000000,1815.00000000,0.06935296
131.00000000,1816.00000000,0.06935652
131.00000000,1817.00000000,0.06936009
131.00000000,1818.00000000,0.06936372
131.00000000,1819.00000000,0.06936730
131.00000000,1820.00000000,0.06937086
131.00000000,1821.00000000,0.06937448
131.00000000,1822.00000000,0.06937807
131.00000000,1823.00000000,0.06938166
131.00000000,1824.00000000,0.06938522
131.00000000,1825.00000000,0.06938884
131.00000000,1826.00000000,0.06939244
131.00000000,1827.00000000,0.06939602
131.00000000,1828.00000000,0.06939959
131.00000000,1829.00000000,0.06940317
131.00000000,1830.00000000,0.06940670
131.00000000,1831.00000000,0.06941022
131.00000000,1832.00000000,0.06941382
131.00000000,1833.00000000,0.06941731
131.00000000,1834.00000000,0.06942075
131.00000000,1835.00000000,0.06942434
131.00000000,1836.00000000,0.06942770
131.00000000,1837.00000000,0.06943116
131.00000000,1838.00000000,0.06943463
131.00000000,1839.00000000,0.06943806
131.00000000,1840.00000000,0.06944130
131.00000000,1841.00000000,0.06944473
131.00000000,1842.00000000,0.06944804
131.00000000,1843.00000000,0.06945136
131.00000000,1844.00000000,0.06945470
131.00000000,1845.00000000,0.06945791
131.00000000,1846.00000000,0.06946113
131.00000000,1847.00000000,0.06946433
131.00000000,1848.00000000,0.06946753
131.00000000,1849.00000000,0.06947061
131.00000000,1850.00000000,0.06947372
131.00000000,1851.00000000,0.06947681
131.00000000,1852.00000000,0.06947981
131.00000000,1853.00000000,0.06948314
131.00000000,1854.00000000,0.06948657
131.00000000,1855.00000000,0.06948999
131.00000000,1856.00000000,0.06949327
131.00000000,1857.00000000,0.06949651
131.00000000,1858.00000000,0.06949964
131.00000000,1859.00000000,0.06950275
131.00000000,1860.00000000,0.06950576
131.00000000,1861.00000000,0.06950874
131.00000000,1862.00000000,0.06951154
131.00000000,1863.00000000,0.06951374
131.00000000,1864.00000000,0.06951547
131.00000000,1865.00000000,0.06951680
131.00000000,1866.00000000,0.06951784
131.00000000,1867.00000000,0.06951864
131.00000000,1868.00000000,0.06951910
131.00000000,1869.00000000,0.06951940
131.00000000,1870.00000000,0.06951949
131.00000000,1871.00000000,0.06951935
131.00000000,1872.00000000,0.06951941
131.00000000,1873.00000000,0.06952007
131.00000000,1874.00000000,0.06952127
131.00000000,1875.00000000,0.06952275
131.00000000,1876.00000000,0.06952449
131.00000000,1877.00000000,0.06952643
131.00000000,1878.00000000,0.06952852
131.00000000,1879.00000000,0.06953077
131.00000000,1880.00000000,0.06953308
131.00000000,1881.00000000,0.06953541
131.00000000,1882.00000000,0.06953779
131.00000000,1883.00000000,0.06953979
131.00000000,1884.00000000,0.06954143
131.00000000,1885.00000000,0.06954287
131.00000000,1886.00000000,0.06954414
131.00000000,1887.00000000,0.06954532
131.00000000,1888.00000000,0.06954639
131.00000000,1889.00000000,0.06954723
131.00000000,1890.00000000,0.06954784
131.00000000,1891.00000000,0.06954819
131.00000000,1892.00000000,0.06954831
131.00000000,1893.00000000,0.06954839
131.00000000,1894.00000000,0.06954849
131.00000000,1895.00000000,0.06954879
131.00000000,1896.00000000,0.06954920
131.00000000,1897.00000000,0.06955606
131.00000000,1898.00000000,0.06955650
131.00000000,1899.00000000,0.06955686
131.00000000,1900.00000000,0.06955698
131.00000000,1901.00000000,0.06955700
131.00000000,1902.00000000,0.06955938
131.00000000,1903.00000000,0.06955973
131.00000000,1904.00000000,0.06956030
131.00000000,1905.00000000,0.06956108
131.00000000,1906.00000000,0.06956220
131.00000000,1907.00000000,0.06956350
131.00000000,1908.00000000,0.06956477
131.00000000,1909.00000000,0.06956608
131.00000000,1910.00000000,0.06956745
131.00000000,1911.00000000,0.06956875
131.00000000,1912.00000000,0.06957169
131.00000000,1913.00000000,0.06957171
131.00000000,1914.00000000,0.06957092
131.00000000,1915.00000000,0.06956974
131.00000000,1916.00000000,0.06956858
131.00000000,1917.00000000,0.06956743
131.00000000,1918.00000000,0.06956616
131.00000000,1919.00000000,0.06956496
131.00000000,1920.00000000,0.06956430
131.00000000,1921.00000000,0.06956427
131.00000000,1922.00000000,0.06956730
131.00000000,1923.00000000,0.06956882
131.00000000,1924.00000000,0.06957048
131.00000000,1925.00000000,0.06957206
131.00000000,1926.00000000,0.06957358
131.00000000,1927.00000000,0.06957511
131.00000000,1928.00000000,0.06957896
131.00000000,1929.00000000,0.06958063
131.00000000,1930.00000000,0.06958246
131.00000000,1931.00000000,0.06958744
131.00000000,1932.00000000,0.06959149
131.00000000,1933.00000000,0.06960046
131.00000000,1934.00000000,0.06960358
131.00000000,1935.00000000,0.06960874
131.00000000,1936.00000000,0.06961349
131.00000000,1937.00000000,0.06961954
131.00000000,1938.00000000,0.06962228
131.00000000,1939.00000000,0.06962423
131.00000000,1940.00000000,0.06962563
131.00000000,1941.00000000,0.06962607
131.00000000,1942.00000000,0.06962773
131.00000000,1943.00000000,0.06962665
131.00000000,1944.00000000,0.06962512
131.00000000,1945.00000000,0.06962354
131.00000000,1946.00000000,0.06962500
131.00000000,1947.00000000,0.06962799
131.00000000,1948.00000000,0.06963175
131.00000000,1949.00000000,0.06963342
131.00000000,1950.00000000,0.06963503
131.00000000,1951.00000000,0.06963652
131.00000000,1952.00000000,0.06963864
131.00000000,1953.00000000,0.06964312
131.00000000,1954.00000000,0.06964765
131.00000000,1955.00000000,0.06965021
131.00000000,1956.00000000,0.06965501
131.00000000,1957.00000000,0.06965744
131.00000000,1958.00000000,0.06966157
131.00000000,1959.00000000,0.06966304
131.00000000,1960.00000000,0.06966286
131.00000000,1961.00000000,0.06967396
131.00000000,1962.00000000,0.06966922
131.00000000,1963.00000000,0.06966586
131.00000000,1964.00000000,0.06966365
131.00000000,1965.00000000,0.06965811
131.00000000,1966.00000000,0.06965337
131.00000000,1967.00000000,0.06965394
131.00000000,1968.00000000,0.06964457
131.00000000,1969.00000000,0.06963530
131.00000000,1970.00000000,0.06962387
131.00000000,1971.00000000,0.06961155
131.00000000,1972.00000000,0.06959331
131.00000000,1973.00000000,0.06957399
131.00000000,1974.00000000,0.06954983
131.00000000,1975.00000000,0.06952624
131.00000000,1976.00000000,0.06950653
131.00000000,1977.00000000,0.06947833
131.00000000,1978.00000000,0.06945643
131.00000000,1979.00000000,0.06942997
131.00000000,1980.00000000,0.06940713
131.00000000,1981.00000000,0.06938630
131.00000000,1982.00000000,0.06935874
131.00000000,1983.00000000,0.06934144
131.00000000,1984.00000000,0.06932577
131.00000000,1985.00000000,0.06932989
131.00000000,1986.00000000,0.06931863
131.00000000,1987.00000000,0.06931451
131.00000000,1988.00000000,0.06930196
131.00000000,1989.00000000,0.06928915
131.00000000,1990.00000000,0.06928432
131.00000000,1991.00000000,0.06928555
131.00000000,1992.00000000,0.06927870
131.00000000,1993.00000000,0.06926805
131.00000000,1994.00000000,0.06926898
131.00000000,1995.00000000,0.06927293
131.00000000,1996.00000000,0.06927491
131.00000000,1997.00000000,0.06926811
131.00000000,1998.00000000,0.06927184
131.00000000,1999.00000000,0.06926883
131.00000000,2000.00000000,0.06927041
131.00000000,2001.00000000,0.06926774
131.00000000,2002.00000000,0.06927338
131.00000000,2003.00000000,0.06929632
131.00000000,2004.00000000,0.06930568
131.00000000,2005.00000000,0.06926811
131.00000000,2006.00000000,0.06927792
131.00000000,2007.00000000,0.06926086
131.00000000,2008.00000000,0.06924069
131.00000000,2009.00000000,0.06921445
131.00000000,2010.00000000,0.06921211
131.00000000,2011.00000000,0.06923278
131.00000000,2012.00000000,0.06921102
131.00000000,2013.00000000,0.06919948
131.00000000,2014.00000000,0.06919184
131.00000000,2015.00000000,0.06915442
131.00000000,2016.00000000,0.06911264
131.00000000,2017.00000000,0.06907292
131.00000000,2018.00000000,0.06905220
131.00000000,2019.00000000,0.06906732
131.00000000,2020.00000000,0.06901351
131.00000000,2021.00000000,0.06901881
131.00000000,2022.00000000,0.06899544
131.00000000,2023.00000000,0.06894158
131.00000000,2024.00000000,0.06887420
131.00000000,2025.00000000,0.06884158
131.00000000,2026.00000000,0.06882913
131.00000000,2027.00000000,0.06879525
131.00000000,2028.00000000,0.06877756
131.00000000,2029.00000000,0.06876777
131.00000000,2030.00000000,0.06879288
131.00000000,2031.00000000,0.06878651
131.00000000,2032.00000000,0.06876097
131.00000000,2033.00000000,0.06872650
131.00000000,2034.00000000,0.06876763
131.00000000,2035.00000000,0.06871680
131.00000000,2036.00000000,0.06873094
131.00000000,2037.00000000,0.06875418
131.00000000,2038.00000000,0.06884390
131.00000000,2039.00000000,0.06870417
131.00000000,2040.00000000,0.06870493
131.00000000,2041.00000000,0.06870225
131.00000000,2042.00000000,0.06866326
131.00000000,2043.00000000,0.06867573
131.00000000,2044.00000000,0.06872916
131.00000000,2045.00000000,0.06846083
131.00000000,2046.00000000,0.06835617
131.00000000,2047.00000000,0.06840259
131.00000000,2048.00000000,0.06842908
131.00000000,2049.00000000,0.06830607
131.00000000,2050.00000000,0.06795749
131.00000000,2051.00000000,0.06812548
131.00000000,2052.00000000,0.06777779
131.00000000,2053.00000000,0.06777436
131.00000000,2054.00000000,0.06793689
131.00000000,2055.00000000,0.06783319
131.00000000,2056.00000000,0.06776705
131.00000000,2057.00000000,0.06769229
131.00000000,2058.00000000,0.06775885
131.00000000,2059.00000000,0.06767290
131.00000000,2060.00000000,0.06773959
131.00000000,2061.00000000,0.06746353
131.00000000,2062.00000000,0.06714623
131.00000000,2063.00000000,0.06686974
131.00000000,2064.00000000,0.06686992
131.00000000,2065.00000000,0.06693860
131.00000000,2066.00000000,0.06695736
131.00000000,2067.00000000,0.06707404
131.00000000,2068.00000000,0.06714467
131.00000000,2069.00000000,0.06693017
131.00000000,2070.00000000,0.06694689
131.00000000,2071.00000000,0.06707655
131.00000000,2072.00000000,0.06706717
131.00000000,2073.00000000,0.06700742
131.00000000,2074.00000000,0.06703008
131.00000000,2075.00000000,0.06694444
131.00000000,2076.00000000,0.06644442
131.00000000,2077.00000000,0.06653232
131.00000000,2078.00000000,0.06677038
131.00000000,2079.00000000,0.06686211
131.00000000,2080.00000000,0.06671140
131.00000000,2081.00000000,0.06706755
131.00000000,2082.00000000,0.06728551
131.00000000,2083.00000000,0.06729447
131.00000000,2084.00000000,0.06733904
131.00000000,2085.00000000,0.06734623
131.00000000,2086.00000000,0.06765169
131.00000000,2087.00000000,0.06787712
131.00000000,2088.00000000,0.06802250
131.00000000,2089.00000000,0.06810894
131.00000000,2090.00000000,0.06833498
131.00000000,2091.00000000,0.06853055
131.00000000,2092.00000000,0.06854182
131.00000000,2093.00000000,0.06872530
131.00000000,2094.00000000,0.06899138
131.00000000,2095.00000000,0.06928284
131.00000000,2096.00000000,0.06953314
131.00000000,2097.00000000,0.06982954
131.00000000,2098.00000000,0.07002593
131.00000000,2099.00000000,0.07035899
131.00000000,2100.00000000,0.07076030
131.00000000,2101.00000000,0.07128438
131.00000000,2102.00000000,0.07158176
131.00000000,2103.00000000,0.07190586
131.00000000,2104.00000000,0.07236030
131.00000000,2105.00000000,0.07238920
131.00000000,2106.00000000,0.07234913
131.00000000,2107.00000000,0.07287022
131.00000000,2108.00000000,0.07316389
131.00000000,2109.00000000,0.07332797
131.00000000,2110.00000000,0.07388049
131.00000000,2111.00000000,0.07380205
131.00000000,2112.00000000,0.07352110
131.00000000,2113.00000000,0.07347289
131.00000000,2114.00000000,0.07347188
131.00000000,2115.00000000,0.07384195
131.00000000,2116.00000000,0.07416523
131.00000000,2117.00000000,0.07451280
131.00000000,2118.00000000,0.07481900
131.00000000,2119.00000000,0.07525381
131.00000000,2120.00000000,0.07552920
131.00000000,2121.00000000,0.07567497
131.00000000,2122.00000000,0.07588907
131.00000000,2123.00000000,0.07571606
131.00000000,2124.00000000,0.07577387
131.00000000,2125.00000000,0.07604212
131.00000000,2126.00000000,0.07633425
131.00000000,2127.00000000,0.07664280
131.00000000,2128.00000000,0.07689883
131.00000000,2129.00000000,0.07689555
131.00000000,2130.00000000,0.07691652
131.00000000,2131.00000000,0.07728417
131.00000000,2132.00000000,0.07764457
131.00000000,2133.00000000,0.07780671
131.00000000,2134.00000000,0.07849982
131.00000000,2135.00000000,0.07928619
131.00000000,2136.00000000,0.07991307
131.00000000,2137.00000000,0.08033971
131.00000000,2138.00000000,0.08076866
131.00000000,2139.00000000,0.08120002
131.00000000,2140.00000000,0.08163324
131.00000000,2141.00000000,0.08206835
131.00000000,2142.00000000,0.08263581
131.00000000,2143.00000000,0.08320522
131.00000000,2144.00000000,0.08377660
131.00000000,2145.00000000,0.08434985
131.00000000,2146.00000000,0.08492492
131.00000000,2147.00000000,0.08550178
131.00000000,2148.00000000,0.08608036
131.00000000,2149.00000000,0.08666057
131.00000000,2150.00000000,0.08724242
131.00000000,2151.00000000,0.08782629
131.00000000,2152.00000000,0.08835576
131.00000000,2153.00000000,0.08888982
131.00000000,2154.00000000,0.08942909
131.00000000,2155.00000000,0.08997394
131.00000000,2156.00000000,0.09052448
131.00000000,2157.00000000,0.09108072
131.00000000,2158.00000000,0.09164268
131.00000000,2159.00000000,0.09221030
131.00000000,2160.00000000,0.09278351
131.00000000,2161.00000000,0.09336233
131.00000000,2162.00000000,0.09406711
131.00000000,2163.00000000,0.09477748
131.00000000,2164.00000000,0.09549338
131.00000000,2165.00000000,0.09621470
131.00000000,2166.00000000,0.09694128
131.00000000,2167.00000000,0.09767314
131.00000000,2168.00000000,0.09841011
131.00000000,2169.00000000,0.09915217
131.00000000,2170.00000000,0.09989922
131.00000000,2171.00000000,0.10065118
131.00000000,2172.00000000,0.10149643
131.00000000,2173.00000000,0.10234666
131.00000000,2174.00000000,0.10320173
131.00000000,2175.00000000,0.10406162
131.00000000,2176.00000000,0.10492621
131.00000000,2177.00000000,0.10579537
131.00000000,2178.00000000,0.10666909
131.00000000,2179.00000000,0.10754720
131.00000000,2180.00000000,0.10842968
131.00000000,2181.00000000,0.10931641
131.00000000,2182.00000000,0.11020225
131.00000000,2183.00000000,0.11109219
131.00000000,2184.00000000,0.11198611
131.00000000,2185.00000000,0.11288389
131.00000000,2186.00000000,0.11378552
131.00000000,2187.00000000,0.11469086
131.00000000,2188.00000000,0.11559979
131.00000000,2189.00000000,0.11651227
131.00000000,2190.00000000,0.11742817
131.00000000,2191.00000000,0.11834730
131.00000000,2192.00000000,0.11907247
131.00000000,2193.00000000,0.11980012
131.00000000,2194.00000000,0.12053029
131.00000000,2195.00000000,0.12126289
131.00000000,2196.00000000,0.12199784
131.00000000,2197.00000000,0.12273516
131.00000000,2198.00000000,0.12347477
131.00000000,2199.00000000,0.12421657
131.00000000,2200.00000000,0.12496054
131.00000000,2201.00000000,0.12570659
131.00000000,2202.00000000,0.12627474
131.00000000,2203.00000000,0.12684433
131.00000000,2204.00000000,0.12741527
131.00000000,2205.00000000,0.12798762
131.00000000,2206.00000000,0.12856134
131.00000000,2207.00000000,0.12913637
131.00000000,2208.00000000,0.12971276
131.00000000,2209.00000000,0.13029044
131.00000000,2210.00000000,0.13086936
131.00000000,2211.00000000,0.13144955
131.00000000,2212.00000000,0.13192929
131.00000000,2213.00000000,0.13240986
131.00000000,2214.00000000,0.13289134
131.00000000,2215.00000000,0.13337363
131.00000000,2216.00000000,0.13385681
131.00000000,2217.00000000,0.13434086
131.00000000,2218.00000000,0.13482571
131.00000000,2219.00000000,0.13531143
131.00000000,2220.00000000,0.13579796
131.00000000,2221.00000000,0.13628526
131.00000000,2222.00000000,0.13666727
131.00000000,2223.00000000,0.13704971
131.00000000,2224.00000000,0.13743254
131.00000000,2225.00000000,0.13781587
131.00000000,2226.00000000,0.13819963
131.00000000,2227.00000000,0.13858381
131.00000000,2228.00000000,0.13896850
131.00000000,2229.00000000,0.13935362
131.00000000,2230.00000000,0.13973926
131.00000000,2231.00000000,0.14012539
131.00000000,2232.00000000,0.14042942
131.00000000,2233.00000000,0.14073368
131.00000000,2234.00000000,0.14103814
131.00000000,2235.00000000,0.14134276
131.00000000,2236.00000000,0.14164769
131.00000000,2237.00000000,0.14195283
131.00000000,2238.00000000,0.14225817
131.00000000,2239.00000000,0.14256380
131.00000000,2240.00000000,0.14286967
131.00000000,2241.00000000,0.14317588
131.00000000,2242.00000000,0.14348235
131.00000000,2243.00000000,0.14378906
131.00000000,2244.00000000,0.14409611
131.00000000,2245.00000000,0.14440348
131.00000000,2246.00000000,0.14471111
131.00000000,2247.00000000,0.14501910
131.00000000,2248.00000000,0.14532741
131.00000000,2249.00000000,0.14563586
131.00000000,2250.00000000,0.14594355
131.00000000,2251.00000000,0.14624857
131.00000000,2252.00000000,0.14654914
131.00000000,2253.00000000,0.14684440
131.00000000,2254.00000000,0.14713381
131.00000000,2255.00000000,0.14741732
131.00000000,2256.00000000,0.14769486
131.00000000,2257.00000000,0.14796635
131.00000000,2258.00000000,0.14823194
131.00000000,2259.00000000,0.14849165
131.00000000,2260.00000000,0.14874552
131.00000000,2261.00000000,0.14899378
131.00000000,2262.00000000,0.14923662
131.00000000,2263.00000000,0.14947417
131.00000000,2264.00000000,0.14970670
131.00000000,2265.00000000,0.14993420
131.00000000,2266.00000000,0.15015692
131.00000000,2267.00000000,0.15037486
131.00000000,2268.00000000,0.15058805
131.00000000,2269.00000000,0.15079671
131.00000000,2270.00000000,0.15100081
131.00000000,2271.00000000,0.15120037
131.00000000,2272.00000000,0.15139561
131.00000000,2273.00000000,0.15158648
131.00000000,2274.00000000,0.15177302
131.00000000,2275.00000000,0.15195536
131.00000000,2276.00000000,0.15213345
131.00000000,2277.00000000,0.15230749
131.00000000,2278.00000000,0.15247739
131.00000000,2279.00000000,0.15264317
131.00000000,2280.00000000,0.15280495
131.00000000,2281.00000000,0.15296260
131.00000000,2282.00000000,0.15252501
131.00000000,2283.00000000,0.15208248
131.00000000,2284.00000000,0.15163511
131.00000000,2285.00000000,0.15118294
131.00000000,2286.00000000,0.15072624
131.00000000,2287.00000000,0.15026503
131.00000000,2288.00000000,0.14979944
131.00000000,2289.00000000,0.14932962
131.00000000,2290.00000000,0.14885562
131.00000000,2291.00000000,0.14837766
131.00000000,2292.00000000,0.14789577
131.00000000,2293.00000000,0.14740999
131.00000000,2294.00000000,0.14692056
131.00000000,2295.00000000,0.14642748
131.00000000,2296.00000000,0.14593082
131.00000000,2297.00000000,0.14543079
131.00000000,2298.00000000,0.14492740
131.00000000,2299.00000000,0.14442069
131.00000000,2300.00000000,0.14391086
131.00000000,2301.00000000,0.14339785
131.00000000,2302.00000000,0.14288188
131.00000000,2303.00000000,0.14236293
131.00000000,2304.00000000,0.14184104
131.00000000,2305.00000000,0.14131638
131.00000000,2306.00000000,0.14078895
131.00000000,2307.00000000,0.14025881
131.00000000,2308.00000000,0.13972609
131.00000000,2309.00000000,0.13919083
131.00000000,2310.00000000,0.13865306
131.00000000,2311.00000000,0.13811289
131.00000000,2312.00000000,0.13757038
131.00000000,2313.00000000,0.13702554
131.00000000,2314.00000000,0.13647849
131.00000000,2315.00000000,0.13592925
131.00000000,2316.00000000,0.13537792
131.00000000,2317.00000000,0.13482451
131.00000000,2318.00000000,0.13426907
131.00000000,2319.00000000,0.13371171
131.00000000,2320.00000000,0.13315244
131.00000000,2321.00000000,0.13259126
131.00000000,2322.00000000,0.13202833
131.00000000,2323.00000000,0.13146363
131.00000000,2324.00000000,0.13089717
131.00000000,2325.00000000,0.13032910
131.00000000,2326.00000000,0.12975936
131.00000000,2327.00000000,0.12918808
131.00000000,2328.00000000,0.12861526
131.00000000,2329.00000000,0.12804090
131.00000000,2330.00000000,0.12746513
131.00000000,2331.00000000,0.12688795
131.00000000,2332.00000000,0.12630936
131.00000000,2333.00000000,0.12572945
131.00000000,2334.00000000,0.12514825
131.00000000,2335.00000000,0.12456575
131.00000000,2336.00000000,0.12398207
131.00000000,2337.00000000,0.12339719
131.00000000,2338.00000000,0.12281111
131.00000000,2339.00000000,0.12222395
131.00000000,2340.00000000,0.12163564
131.00000000,2341.00000000,0.12104633
131.00000000,2342.00000000,0.12045600
131.00000000,2343.00000000,0.11986461
131.00000000,2344.00000000,0.11927231
131.00000000,2345.00000000,0.11867908
131.00000000,2346.00000000,0.11808490
131.00000000,2347.00000000,0.11748988
131.00000000,2348.00000000,0.11689401
131.00000000,2349.00000000,0.11629729
131.00000000,2350.00000000,0.11569981
131.00000000,2351.00000000,0.11510154
131.00000000,2352.00000000,0.11450256
131.00000000,2353.00000000,0.11390287
131.00000000,2354.00000000,0.11330248
131.00000000,2355.00000000,0.11270146
131.00000000,2356.00000000,0.11209982
131.00000000,2357.00000000,0.11149752
131.00000000,2358.00000000,0.11089470
131.00000000,2359.00000000,0.11029131
131.00000000,2360.00000000,0.10968735
131.00000000,2361.00000000,0.10908292
131.00000000,2362.00000000,0.10847796
131.00000000,2363.00000000,0.10787257
131.00000000,2364.00000000,0.10726676
131.00000000,2365.00000000,0.10666047
131.00000000,2366.00000000,0.10605382
131.00000000,2367.00000000,0.10544679
131.00000000,2368.00000000,0.10483937
131.00000000,2369.00000000,0.10423166
131.00000000,2370.00000000,0.10362363
131.00000000,2371.00000000,0.10301526
131.00000000,2372.00000000,0.10240667
131.00000000,2373.00000000,0.10179782
131.00000000,2374.00000000,0.10118870
131.00000000,2375.00000000,0.10057942
131.00000000,2376.00000000,0.09996991
131.00000000,2377.00000000,0.09936029
131.00000000,2378.00000000,0.09875057
131.00000000,2379.00000000,0.09814076
131.00000000,2380.00000000,0.09765971
131.00000000,2381.00000000,0.09755763
131.00000000,2382.00000000,0.09755926
131.00000000,2383.00000000,0.09756111
131.00000000,2384.00000000,0.09756314
131.00000000,2385.00000000,0.09756530
131.00000000,2386.00000000,0.09756769
131.00000000,2387.00000000,0.09758642
131.00000000,2388.00000000,0.09760538
131.00000000,2389.00000000,0.09762448
131.00000000,2390.00000000,0.09764372
131.00000000,2391.00000000,0.09766314
131.00000000,2392.00000000,0.09765059
131.00000000,2393.00000000,0.09763815
131.00000000,2394.00000000,0.09762588
131.00000000,2395.00000000,0.09761371
131.00000000,2396.00000000,0.09760164
131.00000000,2397.00000000,0.09758973
131.00000000,2398.00000000,0.09757793
131.00000000,2399.00000000,0.09756620
131.00000000,2400.00000000,0.09755462
131.00000000,2401.00000000,0.09754311
131.00000000,2402.00000000,0.09753175
131.00000000,2403.00000000,0.09752050
131.00000000,2404.00000000,0.09750929
131.00000000,2405.00000000,0.09749825
131.00000000,2406.00000000,0.09748731
131.00000000,2407.00000000,0.09747502
131.00000000,2408.00000000,0.09746288
131.00000000,2409.00000000,0.09745085
131.00000000,2410.00000000,0.09743883
131.00000000,2411.00000000,0.09742697
131.00000000,2412.00000000,0.09741514
131.00000000,2413.00000000,0.09740345
131.00000000,2414.00000000,0.09739183
131.00000000,2415.00000000,0.09738025
131.00000000,2416.00000000,0.09736879
131.00000000,2417.00000000,0.09735740
131.00000000,2418.00000000,0.09734604
131.00000000,2419.00000000,0.09733482
131.00000000,2420.00000000,0.09732365
131.00000000,2421.00000000,0.09731250
131.00000000,2422.00000000,0.09730148
131.00000000,2423.00000000,0.09729047
131.00000000,2424.00000000,0.09727957
131.00000000,2425.00000000,0.09726873
131.00000000,2426.00000000,0.09725790
131.00000000,2427.00000000,0.09724719
131.00000000,2428.00000000,0.09723653
131.00000000,2429.00000000,0.09722587
131.00000000,2430.00000000,0.09721533
131.00000000,2431.00000000,0.09720483
131.00000000,2432.00000000,0.09719743
131.00000000,2433.00000000,0.09719013
131.00000000,2434.00000000,0.09718287
131.00000000,2435.00000000,0.09717562
131.00000000,2436.00000000,0.09716848
131.00000000,2437.00000000,0.09716132
131.00000000,2438.00000000,0.09715426
131.00000000,2439.00000000,0.09714725
131.00000000,2440.00000000,0.09714022
131.00000000,2441.00000000,0.09713329
131.00000000,2442.00000000,0.09712641
131.00000000,2443.00000000,0.09711951
131.00000000,2444.00000000,0.09711271
131.00000000,2445.00000000,0.09710594
131.00000000,2446.00000000,0.09709915
131.00000000,2447.00000000,0.09709246
131.00000000,2448.00000000,0.09708574
131.00000000,2449.00000000,0.09707912
131.00000000,2450.00000000,0.09707252
131.00000000,2451.00000000,0.09706590
131.00000000,2452.00000000,0.09705938
131.00000000,2453.00000000,0.09705286
131.00000000,2454.00000000,0.09704633
131.00000000,2455.00000000,0.09703987
131.00000000,2456.00000000,0.09703345
131.00000000,2457.00000000,0.09702698
131.00000000,2458.00000000,0.09702059
131.00000000,2459.00000000,0.09701423
131.00000000,2460.00000000,0.09700782
131.00000000,2461.00000000,0.09700150
131.00000000,2462.00000000,0.09699514
131.00000000,2463.00000000,0.09698885
131.00000000,2464.00000000,0.09698258
131.00000000,2465.00000000,0.09697627
131.00000000,2466.00000000,0.09697003
131.00000000,2467.00000000,0.09696381
131.00000000,2468.00000000,0.09695755
131.00000000,2469.00000000,0.09695137
131.00000000,2470.00000000,0.09694520
131.00000000,2471.00000000,0.09693898
131.00000000,2472.00000000,0.09693283
131.00000000,2473.00000000,0.09692665
131.00000000,2474.00000000,0.09692052
131.00000000,2475.00000000,0.09691442
131.00000000,2476.00000000,0.09690827
131.00000000,2477.00000000,0.09690219
131.00000000,2478.00000000,0.09689612
131.00000000,2479.00000000,0.09688999
131.00000000,2480.00000000,0.09688395
131.00000000,2481.00000000,0.09687791
131.00000000,2482.00000000,0.09687092
131.00000000,2483.00000000,0.09686402
131.00000000,2484.00000000,0.09685714
131.00000000,2485.00000000,0.09685018
131.00000000,2486.00000000,0.09684331
131.00000000,2487.00000000,0.09683637
131.00000000,2488.00000000,0.09682950
131.00000000,2489.00000000,0.09682264
131.00000000,2490.00000000,0.09681572
131.00000000,2491.00000000,0.09680887
131.00000000,2492.00000000,0.09680204
131.00000000,2493.00000000,0.09679513
131.00000000,2494.00000000,0.09678830
131.00000000,2495.00000000,0.09678148
131.00000000,2496.00000000,0.09677458
131.00000000,2497.00000000,0.09676776
131.00000000,2498.00000000,0.09676087
131.00000000,2499.00000000,0.09675406
131.00000000,2500.00000000,0.09674726
132.00000000,1765.00000000,0.06883436
132.00000000,1766.00000000,0.06883444
132.00000000,1767.00000000,0.06883434
132.00000000,1768.00000000,0.06883459
132.00000000,1769.00000000,0.06883489
132.00000000,1770.00000000,0.06883513
132.00000000,1771.00000000,0.06883571
132.00000000,1772.00000000,0.06883634
132.00000000,1773.00000000,0.06883699
132.00000000,1774.00000000,0.06883798
132.00000000,1775.00000000,0.06883912
132.00000000,1776.00000000,0.06884009
132.00000000,1777.00000000,0.06884137
132.00000000,1778.00000000,0.06884280
132.00000000,1779.00000000,0.06884432
132.00000000,1780.00000000,0.06884598
132.00000000,1781.00000000,0.06884785
132.00000000,1782.00000000,0.06884968
132.00000000,1783.00000000,0.06885177
132.00000000,1784.00000000,0.06885368
132.00000000,1785.00000000,0.06885579
132.00000000,1786.00000000,0.06885807
132.00000000,1787.00000000,0.06886059
132.00000000,1788.00000000,0.06886295
132.00000000,1789.00000000,0.06886549
132.00000000,1790.00000000,0.06886809
132.00000000,1791.00000000,0.06887076
132.00000000,1792.00000000,0.06887353
132.00000000,1793.00000000,0.06887643
132.00000000,1794.00000000,0.06887914
132.00000000,1795.00000000,0.06888213
132.00000000,1796.00000000,0.06888511
132.00000000,1797.00000000,0.06888812
132.00000000,1798.00000000,0.06889119
132.00000000,1799.00000000,0.06889433
132.00000000,1800.00000000,0.06889757
132.00000000,1801.00000000,0.06890076
132.00000000,1802.00000000,0.06890398
132.00000000,1803.00000000,0.06890715
132.00000000,1804.00000000,0.06891049
132.00000000,1805.00000000,0.06891379
132.00000000,1806.00000000,0.06891720
132.00000000,1807.00000000,0.06892057
132.00000000,1808.00000000,0.06892403
132.00000000,1809.00000000,0.06892740
132.00000000,1810.00000000,0.06893083
132.00000000,1811.00000000,0.06893440
132.00000000,1812.00000000,0.06893787
132.00000000,1813.00000000,0.06894133
132.00000000,1814.00000000,0.06894483
132.00000000,1815.00000000,0.06894844
132.00000000,1816.00000000,0.06895195
132.00000000,1817.00000000,0.06895549
132.00000000,1818.00000000,0.06895903
132.00000000,1819.00000000,0.06896265
132.00000000,1820.00000000,0.06896621
132.00000000,1821.00000000,0.06896976
132.00000000,1822.00000000,0.06897336
132.00000000,1823.00000000,0.06897693
132.00000000,1824.00000000,0.06898050
132.00000000,1825.00000000,0.06898404
132.00000000,1826.00000000,0.06898763
132.00000000,1827.00000000,0.06899121
132.00000000,1828.00000000,0.06899476
132.00000000,1829.00000000,0.06899831
132.00000000,1830.00000000,0.06900185
132.00000000,1831.00000000,0.06900535
132.00000000,1832.00000000,0.06900881
132.00000000,1833.00000000,0.06901238
132.00000000,1834.00000000,0.06901583
132.00000000,1835.00000000,0.06901924
132.00000000,1836.00000000,0.06902280
132.00000000,1837.00000000,0.06902611
132.00000000,1838.00000000,0.06902953
132.00000000,1839.00000000,0.06903296
132.00000000,1840.00000000,0.06903635
132.00000000,1841.00000000,0.06903955
132.00000000,1842.00000000,0.06904293
132.00000000,1843.00000000,0.06904620
132.00000000,1844.00000000,0.06904947
132.00000000,1845.00000000,0.06905277
132.00000000,1846.00000000,0.06905592
132.00000000,1847.00000000,0.06905909
132.00000000,1848.00000000,0.06906223
132.00000000,1849.00000000,0.06906539
132.00000000,1850.00000000,0.06906842
132.00000000,1851.00000000,0.06907145
132.00000000,1852.00000000,0.06907446
132.00000000,1853.00000000,0.06907775
132.00000000,1854.00000000,0.06908121
132.00000000,1855.00000000,0.06908457
132.00000000,1856.00000000,0.06908785
132.00000000,1857.00000000,0.06909102
132.00000000,1858.00000000,0.06909416
132.00000000,1859.00000000,0.06909721
132.00000000,1860.00000000,0.06910025
132.00000000,1861.00000000,0.06910316
132.00000000,1862.00000000,0.06910596
132.00000000,1863.00000000,0.06910814
132.00000000,1864.00000000,0.06910983
132.00000000,1865.00000000,0.06911118
132.00000000,1866.00000000,0.06911217
132.00000000,1867.00000000,0.06911292
132.00000000,1868.00000000,0.06911347
132.00000000,1869.00000000,0.06911366
132.00000000,1870.00000000,0.06911373
132.00000000,1871.00000000,0.06911365
132.00000000,1872.00000000,0.06911363
132.00000000,1873.00000000,0.06911432
132.00000000,1874.00000000,0.06911544
132.00000000,1875.00000000,0.06911692
132.00000000,1876.00000000,0.06911864
132.00000000,1877.00000000,0.06912052
132.00000000,1878.00000000,0.06912259
132.00000000,1879.00000000,0.06912479
132.00000000,1880.00000000,0.06912707
132.00000000,1881.00000000,0.06912936
132.00000000,1882.00000000,0.06913169
132.00000000,1883.00000000,0.06913361
132.00000000,1884.00000000,0.06913524
132.00000000,1885.00000000,0.06913662
132.00000000,1886.00000000,0.06913786
132.00000000,1887.00000000,0.06913898
132.00000000,1888.00000000,0.06913999
132.00000000,1889.00000000,0.06914078
132.00000000,1890.00000000,0.06914132
132.00000000,1891.00000000,0.06914161
132.00000000,1892.00000000,0.06914165
132.00000000,1893.00000000,0.06914165
132.00000000,1894.00000000,0.06914168
132.00000000,1895.00000000,0.06914187
132.00000000,1896.00000000,0.06914218
132.00000000,1897.00000000,0.06914252
132.00000000,1898.00000000,0.06914923
132.00000000,1899.00000000,0.06914946
132.00000000,1900.00000000,0.06914952
132.00000000,1901.00000000,0.06914940
132.00000000,1902.00000000,0.06914953
132.00000000,1903.00000000,0.06915193
132.00000000,1904.00000000,0.06915238
132.00000000,1905.00000000,0.06915310
132.00000000,1906.00000000,0.06915408
132.00000000,1907.00000000,0.06915530
132.00000000,1908.00000000,0.06915650
132.00000000,1909.00000000,0.06915769
132.00000000,1910.00000000,0.06915899
132.00000000,1911.00000000,0.06916020
132.00000000,1912.00000000,0.06916089
132.00000000,1913.00000000,0.06916297
132.00000000,1914.00000000,0.06916211
132.00000000,1915.00000000,0.06916088
132.00000000,1916.00000000,0.06915965
132.00000000,1917.00000000,0.06915842
132.00000000,1918.00000000,0.06915709
132.00000000,1919.00000000,0.06915586
132.00000000,1920.00000000,0.06915512
132.00000000,1921.00000000,0.06915504
132.00000000,1922.00000000,0.06915582
132.00000000,1923.00000000,0.06915940
132.00000000,1924.00000000,0.06916102
132.00000000,1925.00000000,0.06916250
132.00000000,1926.00000000,0.06916396
132.00000000,1927.00000000,0.06916546
132.00000000,1928.00000000,0.06916704
132.00000000,1929.00000000,0.06917077
132.00000000,1930.00000000,0.06917257
132.00000000,1931.00000000,0.06917530
132.00000000,1932.00000000,0.06918140
132.00000000,1933.00000000,0.06918603
132.00000000,1934.00000000,0.06919542
132.00000000,1935.00000000,0.06919845
132.00000000,1936.00000000,0.06920305
132.00000000,1937.00000000,0.06920689
132.00000000,1938.00000000,0.06921172
132.00000000,1939.00000000,0.06921360
132.00000000,1940.00000000,0.06921489
132.00000000,1941.00000000,0.06921534
132.00000000,1942.00000000,0.06921476
132.00000000,1943.00000000,0.06921577
132.00000000,1944.00000000,0.06921419
132.00000000,1945.00000000,0.06921258
132.00000000,1946.00000000,0.06921185
132.00000000,1947.00000000,0.06921477
132.00000000,1948.00000000,0.06921845
132.00000000,1949.00000000,0.06922218
132.00000000,1950.00000000,0.06922371
132.00000000,1951.00000000,0.06922513
132.00000000,1952.00000000,0.06922723
132.00000000,1953.00000000,0.06922947
132.00000000,1954.00000000,0.06923389
132.00000000,1955.00000000,0.06923860
132.00000000,1956.00000000,0.06924112
132.00000000,1957.00000000,0.06924560
132.00000000,1958.00000000,0.06924754
132.00000000,1959.00000000,0.06925108
132.00000000,1960.00000000,0.06925080
132.00000000,1961.00000000,0.06924901
132.00000000,1962.00000000,0.06925918
132.00000000,1963.00000000,0.06925362
132.00000000,1964.00000000,0.06924924
132.00000000,1965.00000000,0.06924577
132.00000000,1966.00000000,0.06923893
132.00000000,1967.00000000,0.06923296
132.00000000,1968.00000000,0.06923209
132.00000000,1969.00000000,0.06922075
132.00000000,1970.00000000,0.06920927
132.00000000,1971.00000000,0.06919483
132.00000000,1972.00000000,0.06917875
132.00000000,1973.00000000,0.06915732
132.00000000,1974.00000000,0.06913538
132.00000000,1975.00000000,0.06910971
132.00000000,1976.00000000,0.06908573
132.00000000,1977.00000000,0.06906620
132.00000000,1978.00000000,0.06903791
132.00000000,1979.00000000,0.06901575
132.00000000,1980.00000000,0.06898874
132.00000000,1981.00000000,0.06896580
132.00000000,1982.00000000,0.06894677
132.00000000,1983.00000000,0.06892307
132.00000000,1984.00000000,0.06890952
132.00000000,1985.00000000,0.06889665
132.00000000,1986.00000000,0.06890233
132.00000000,1987.00000000,0.06889182
132.00000000,1988.00000000,0.06888777
132.00000000,1989.00000000,0.06887495
132.00000000,1990.00000000,0.06886164
132.00000000,1991.00000000,0.06885651
132.00000000,1992.00000000,0.06885809
132.00000000,1993.00000000,0.06885168
132.00000000,1994.00000000,0.06884200
132.00000000,1995.00000000,0.06884360
132.00000000,1996.00000000,0.06884757
132.00000000,1997.00000000,0.06884900
132.00000000,1998.00000000,0.06884148
132.00000000,1999.00000000,0.06884497
132.00000000,2000.00000000,0.06884200
132.00000000,2001.00000000,0.06884323
132.00000000,2002.00000000,0.06884005
132.00000000,2003.00000000,0.06884560
132.00000000,2004.00000000,0.06886725
132.00000000,2005.00000000,0.06887402
132.00000000,2006.00000000,0.06883305
132.00000000,2007.00000000,0.06883914
132.00000000,2008.00000000,0.06881887
132.00000000,2009.00000000,0.06879585
132.00000000,2010.00000000,0.06876707
132.00000000,2011.00000000,0.06876223
132.00000000,2012.00000000,0.06878033
132.00000000,2013.00000000,0.06875619
132.00000000,2014.00000000,0.06874216
132.00000000,2015.00000000,0.06873203
132.00000000,2016.00000000,0.06869239
132.00000000,2017.00000000,0.06864849
132.00000000,2018.00000000,0.06860675
132.00000000,2019.00000000,0.06858400
132.00000000,2020.00000000,0.06859696
132.00000000,2021.00000000,0.06854159
132.00000000,2022.00000000,0.06854512
132.00000000,2023.00000000,0.06852041
132.00000000,2024.00000000,0.06846558
132.00000000,2025.00000000,0.06839749
132.00000000,2026.00000000,0.06836403
132.00000000,2027.00000000,0.06835070
132.00000000,2028.00000000,0.06831615
132.00000000,2029.00000000,0.06829775
132.00000000,2030.00000000,0.06828725
132.00000000,2031.00000000,0.06831139
132.00000000,2032.00000000,0.06830415
132.00000000,2033.00000000,0.06827766
132.00000000,2034.00000000,0.06824216
132.00000000,2035.00000000,0.06828163
132.00000000,2036.00000000,0.06822977
132.00000000,2037.00000000,0.06824243
132.00000000,2038.00000000,0.06826413
132.00000000,2039.00000000,0.06835188
132.00000000,2040.00000000,0.06821186
132.00000000,2041.00000000,0.06821133
132.00000000,2042.00000000,0.06820725
132.00000000,2043.00000000,0.06816693
132.00000000,2044.00000000,0.06817763
132.00000000,2045.00000000,0.06822894
132.00000000,2046.00000000,0.06796082
132.00000000,2047.00000000,0.06785522
132.00000000,2048.00000000,0.06789966
132.00000000,2049.00000000,0.06792436
132.00000000,2050.00000000,0.06780071
132.00000000,2051.00000000,0.06745324
132.00000000,2052.00000000,0.06761862
132.00000000,2053.00000000,0.06727219
132.00000000,2054.00000000,0.06726754
132.00000000,2055.00000000,0.06742768
132.00000000,2056.00000000,0.06732364
132.00000000,2057.00000000,0.06725692
132.00000000,2058.00000000,0.06718171
132.00000000,2059.00000000,0.06724678
132.00000000,2060.00000000,0.06716055
132.00000000,2061.00000000,0.06722597
132.00000000,2062.00000000,0.06695165
132.00000000,2063.00000000,0.06663688
132.00000000,2064.00000000,0.06636297
132.00000000,2065.00000000,0.06636381
132.00000000,2066.00000000,0.06643274
132.00000000,2067.00000000,0.06645215
132.00000000,2068.00000000,0.06656879
132.00000000,2069.00000000,0.06663968
132.00000000,2070.00000000,0.06642753
132.00000000,2071.00000000,0.06644493
132.00000000,2072.00000000,0.06657474
132.00000000,2073.00000000,0.06656691
132.00000000,2074.00000000,0.06650927
132.00000000,2075.00000000,0.06653350
132.00000000,2076.00000000,0.06645024
132.00000000,2077.00000000,0.06595562
132.00000000,2078.00000000,0.06604451
132.00000000,2079.00000000,0.06628241
132.00000000,2080.00000000,0.06637496
132.00000000,2081.00000000,0.06622679
132.00000000,2082.00000000,0.06658195
132.00000000,2083.00000000,0.06680004
132.00000000,2084.00000000,0.06681069
132.00000000,2085.00000000,0.06685668
132.00000000,2086.00000000,0.06686551
132.00000000,2087.00000000,0.06717045
132.00000000,2088.00000000,0.06739584
132.00000000,2089.00000000,0.06754169
132.00000000,2090.00000000,0.06762892
132.00000000,2091.00000000,0.06785475
132.00000000,2092.00000000,0.06805049
132.00000000,2093.00000000,0.06806336
132.00000000,2094.00000000,0.06824732
132.00000000,2095.00000000,0.06851330
132.00000000,2096.00000000,0.06880448
132.00000000,2097.00000000,0.06905474
132.00000000,2098.00000000,0.06935071
132.00000000,2099.00000000,0.06954730
132.00000000,2100.00000000,0.06987957
132.00000000,2101.00000000,0.07027963
132.00000000,2102.00000000,0.07080178
132.00000000,2103.00000000,0.07109894
132.00000000,2104.00000000,0.07142270
132.00000000,2105.00000000,0.07187594
132.00000000,2106.00000000,0.07190644
132.00000000,2107.00000000,0.07186837
132.00000000,2108.00000000,0.07238768
132.00000000,2109.00000000,0.07268104
132.00000000,2110.00000000,0.07284559
132.00000000,2111.00000000,0.07339598
132.00000000,2112.00000000,0.07331947
132.00000000,2113.00000000,0.07304168
132.00000000,2114.00000000,0.07299506
132.00000000,2115.00000000,0.07299529
132.00000000,2116.00000000,0.07336414
132.00000000,2117.00000000,0.07368648
132.00000000,2118.00000000,0.07403290
132.00000000,2119.00000000,0.07433819
132.00000000,2120.00000000,0.07477124
132.00000000,2121.00000000,0.07504584
132.00000000,2122.00000000,0.07519162
132.00000000,2123.00000000,0.07540527
132.00000000,2124.00000000,0.07523421
132.00000000,2125.00000000,0.07529250
132.00000000,2126.00000000,0.07555987
132.00000000,2127.00000000,0.07585097
132.00000000,2128.00000000,0.07615837
132.00000000,2129.00000000,0.07641357
132.00000000,2130.00000000,0.07641107
132.00000000,2131.00000000,0.07643265
132.00000000,2132.00000000,0.07679872
132.00000000,2133.00000000,0.07715757
132.00000000,2134.00000000,0.07731939
132.00000000,2135.00000000,0.07800886
132.00000000,2136.00000000,0.07879101
132.00000000,2137.00000000,0.07941466
132.00000000,2138.00000000,0.07983929
132.00000000,2139.00000000,0.08026622
132.00000000,2140.00000000,0.08069554
132.00000000,2141.00000000,0.08112669
132.00000000,2142.00000000,0.08155972
132.00000000,2143.00000000,0.08212427
132.00000000,2144.00000000,0.08269077
132.00000000,2145.00000000,0.08325921
132.00000000,2146.00000000,0.08382952
132.00000000,2147.00000000,0.08440163
132.00000000,2148.00000000,0.08497552
132.00000000,2149.00000000,0.08555111
132.00000000,2150.00000000,0.08612833
132.00000000,2151.00000000,0.08670765
132.00000000,2152.00000000,0.08729029
132.00000000,2153.00000000,0.08782014
132.00000000,2154.00000000,0.08835521
132.00000000,2155.00000000,0.08889576
132.00000000,2156.00000000,0.08944197
132.00000000,2157.00000000,0.08999384
132.00000000,2158.00000000,0.09055132
132.00000000,2159.00000000,0.09111440
132.00000000,2160.00000000,0.09168303
132.00000000,2161.00000000,0.09225711
132.00000000,2162.00000000,0.09283667
132.00000000,2163.00000000,0.09354140
132.00000000,2164.00000000,0.09425161
132.00000000,2165.00000000,0.09496725
132.00000000,2166.00000000,0.09568819
132.00000000,2167.00000000,0.09641432
132.00000000,2168.00000000,0.09714562
132.00000000,2169.00000000,0.09788194
132.00000000,2170.00000000,0.09862327
132.00000000,2171.00000000,0.09936951
132.00000000,2172.00000000,0.10012057
132.00000000,2173.00000000,0.10096441
132.00000000,2174.00000000,0.10181316
132.00000000,2175.00000000,0.10266668
132.00000000,2176.00000000,0.10352498
132.00000000,2177.00000000,0.10438792
132.00000000,2178.00000000,0.10525537
132.00000000,2179.00000000,0.10612733
132.00000000,2180.00000000,0.10700363
132.00000000,2181.00000000,0.10788428
132.00000000,2182.00000000,0.10876914
132.00000000,2183.00000000,0.10965306
132.00000000,2184.00000000,0.11054108
132.00000000,2185.00000000,0.11143304
132.00000000,2186.00000000,0.11232882
132.00000000,2187.00000000,0.11322842
132.00000000,2188.00000000,0.11413171
132.00000000,2189.00000000,0.11503855
132.00000000,2190.00000000,0.11594894
132.00000000,2191.00000000,0.11686270
132.00000000,2192.00000000,0.11777969
132.00000000,2193.00000000,0.11850362
132.00000000,2194.00000000,0.11923003
132.00000000,2195.00000000,0.11995892
132.00000000,2196.00000000,0.12069022
132.00000000,2197.00000000,0.12142388
132.00000000,2198.00000000,0.12215988
132.00000000,2199.00000000,0.12289816
132.00000000,2200.00000000,0.12363862
132.00000000,2201.00000000,0.12438123
132.00000000,2202.00000000,0.12512591
132.00000000,2203.00000000,0.12569351
132.00000000,2204.00000000,0.12626255
132.00000000,2205.00000000,0.12683291
132.00000000,2206.00000000,0.12740469
132.00000000,2207.00000000,0.12797782
132.00000000,2208.00000000,0.12855226
132.00000000,2209.00000000,0.12912803
132.00000000,2210.00000000,0.12970509
132.00000000,2211.00000000,0.13028340
132.00000000,2212.00000000,0.13086297
132.00000000,2213.00000000,0.13134254
132.00000000,2214.00000000,0.13182295
132.00000000,2215.00000000,0.13230426
132.00000000,2216.00000000,0.13278637
132.00000000,2217.00000000,0.13326938
132.00000000,2218.00000000,0.13375322
132.00000000,2219.00000000,0.13423789
132.00000000,2220.00000000,0.13472342
132.00000000,2221.00000000,0.13520977
132.00000000,2222.00000000,0.13569688
132.00000000,2223.00000000,0.13607919
132.00000000,2224.00000000,0.13646190
132.00000000,2225.00000000,0.13684500
132.00000000,2226.00000000,0.13722858
132.00000000,2227.00000000,0.13761262
132.00000000,2228.00000000,0.13799707
132.00000000,2229.00000000,0.13838207
132.00000000,2230.00000000,0.13876747
132.00000000,2231.00000000,0.13915340
132.00000000,2232.00000000,0.13953979
132.00000000,2233.00000000,0.13984445
132.00000000,2234.00000000,0.14014935
132.00000000,2235.00000000,0.14045446
132.00000000,2236.00000000,0.14075973
132.00000000,2237.00000000,0.14106527
132.00000000,2238.00000000,0.14137105
132.00000000,2239.00000000,0.14167706
132.00000000,2240.00000000,0.14198336
132.00000000,2241.00000000,0.14228989
132.00000000,2242.00000000,0.14259673
132.00000000,2243.00000000,0.14290387
132.00000000,2244.00000000,0.14321126
132.00000000,2245.00000000,0.14351899
132.00000000,2246.00000000,0.14382702
132.00000000,2247.00000000,0.14413533
132.00000000,2248.00000000,0.14444404
132.00000000,2249.00000000,0.14475288
132.00000000,2250.00000000,0.14506089
132.00000000,2251.00000000,0.14536631
132.00000000,2252.00000000,0.14566736
132.00000000,2253.00000000,0.14596302
132.00000000,2254.00000000,0.14625298
132.00000000,2255.00000000,0.14653698
132.00000000,2256.00000000,0.14681509
132.00000000,2257.00000000,0.14708726
132.00000000,2258.00000000,0.14735347
132.00000000,2259.00000000,0.14761390
132.00000000,2260.00000000,0.14786857
132.00000000,2261.00000000,0.14811758
132.00000000,2262.00000000,0.14836127
132.00000000,2263.00000000,0.14859976
132.00000000,2264.00000000,0.14883314
132.00000000,2265.00000000,0.14906168
132.00000000,2266.00000000,0.14928532
132.00000000,2267.00000000,0.14950429
132.00000000,2268.00000000,0.14971863
132.00000000,2269.00000000,0.14992832
132.00000000,2270.00000000,0.15013358
132.00000000,2271.00000000,0.15033441
132.00000000,2272.00000000,0.15053080
132.00000000,2273.00000000,0.15072296
132.00000000,2274.00000000,0.15091086
132.00000000,2275.00000000,0.15109450
132.00000000,2276.00000000,0.15127407
132.00000000,2277.00000000,0.15144947
132.00000000,2278.00000000,0.15162090
132.00000000,2279.00000000,0.15178830
132.00000000,2280.00000000,0.15195165
132.00000000,2281.00000000,0.15211108
132.00000000,2282.00000000,0.15226645
132.00000000,2283.00000000,0.15182937
132.00000000,2284.00000000,0.15138742
132.00000000,2285.00000000,0.15094072
132.00000000,2286.00000000,0.15048931
132.00000000,2287.00000000,0.15003344
132.00000000,2288.00000000,0.14957315
132.00000000,2289.00000000,0.14910852
132.00000000,2290.00000000,0.14863978
132.00000000,2291.00000000,0.14816691
132.00000000,2292.00000000,0.14769014
132.00000000,2293.00000000,0.14720952
132.00000000,2294.00000000,0.14672507
132.00000000,2295.00000000,0.14623701
132.00000000,2296.00000000,0.14574538
132.00000000,2297.00000000,0.14525022
132.00000000,2298.00000000,0.14475174
132.00000000,2299.00000000,0.14424996
132.00000000,2300.00000000,0.14374491
132.00000000,2301.00000000,0.14323677
132.00000000,2302.00000000,0.14272551
132.00000000,2303.00000000,0.14221131
132.00000000,2304.00000000,0.14169418
132.00000000,2305.00000000,0.14117414
132.00000000,2306.00000000,0.14065137
132.00000000,2307.00000000,0.14012588
132.00000000,2308.00000000,0.13959772
132.00000000,2309.00000000,0.13906702
132.00000000,2310.00000000,0.13853379
132.00000000,2311.00000000,0.13799810
132.00000000,2312.00000000,0.13746004
132.00000000,2313.00000000,0.13691969
132.00000000,2314.00000000,0.13637703
132.00000000,2315.00000000,0.13583220
132.00000000,2316.00000000,0.13528518
132.00000000,2317.00000000,0.13473612
132.00000000,2318.00000000,0.13418502
132.00000000,2319.00000000,0.13363188
132.00000000,2320.00000000,0.13307686
132.00000000,2321.00000000,0.13251996
132.00000000,2322.00000000,0.13196117
132.00000000,2323.00000000,0.13140065
132.00000000,2324.00000000,0.13083839
132.00000000,2325.00000000,0.13027440
132.00000000,2326.00000000,0.12970878
132.00000000,2327.00000000,0.12914154
132.00000000,2328.00000000,0.12857278
132.00000000,2329.00000000,0.12800249
132.00000000,2330.00000000,0.12743067
132.00000000,2331.00000000,0.12685747
132.00000000,2332.00000000,0.12628287
132.00000000,2333.00000000,0.12570687
132.00000000,2334.00000000,0.12512958
132.00000000,2335.00000000,0.12455101
132.00000000,2336.00000000,0.12397113
132.00000000,2337.00000000,0.12339009
132.00000000,2338.00000000,0.12280787
132.00000000,2339.00000000,0.12222447
132.00000000,2340.00000000,0.12163999
132.00000000,2341.00000000,0.12105440
132.00000000,2342.00000000,0.12046779
132.00000000,2343.00000000,0.11988017
132.00000000,2344.00000000,0.11929152
132.00000000,2345.00000000,0.11870195
132.00000000,2346.00000000,0.11811146
132.00000000,2347.00000000,0.11752004
132.00000000,2348.00000000,0.11692778
132.00000000,2349.00000000,0.11633468
132.00000000,2350.00000000,0.11574074
132.00000000,2351.00000000,0.11514604
132.00000000,2352.00000000,0.11455056
132.00000000,2353.00000000,0.11395438
132.00000000,2354.00000000,0.11335750
132.00000000,2355.00000000,0.11275992
132.00000000,2356.00000000,0.11216172
132.00000000,2357.00000000,0.11156290
132.00000000,2358.00000000,0.11096344
132.00000000,2359.00000000,0.11036344
132.00000000,2360.00000000,0.10976290
132.00000000,2361.00000000,0.10916178
132.00000000,2362.00000000,0.10856020
132.00000000,2363.00000000,0.10795809
132.00000000,2364.00000000,0.10735555
132.00000000,2365.00000000,0.10675259
132.00000000,2366.00000000,0.10614915
132.00000000,2367.00000000,0.10554538
132.00000000,2368.00000000,0.10494121
132.00000000,2369.00000000,0.10433666
132.00000000,2370.00000000,0.10373182
132.00000000,2371.00000000,0.10312665
132.00000000,2372.00000000,0.10252116
132.00000000,2373.00000000,0.10191544
132.00000000,2374.00000000,0.10130947
132.00000000,2375.00000000,0.10070322
132.00000000,2376.00000000,0.10009682
132.00000000,2377.00000000,0.09949019
132.00000000,2378.00000000,0.09888345
132.00000000,2379.00000000,0.09827661
132.00000000,2380.00000000,0.09766968
132.00000000,2381.00000000,0.09719089
132.00000000,2382.00000000,0.09708927
132.00000000,2383.00000000,0.09709086
132.00000000,2384.00000000,0.09709266
132.00000000,2385.00000000,0.09709466
132.00000000,2386.00000000,0.09709677
132.00000000,2387.00000000,0.09709911
132.00000000,2388.00000000,0.09711773
132.00000000,2389.00000000,0.09713656
132.00000000,2390.00000000,0.09715555
132.00000000,2391.00000000,0.09717464
132.00000000,2392.00000000,0.09719393
132.00000000,2393.00000000,0.09718143
132.00000000,2394.00000000,0.09716900
132.00000000,2395.00000000,0.09715674
132.00000000,2396.00000000,0.09714462
132.00000000,2397.00000000,0.09713255
132.00000000,2398.00000000,0.09712066
132.00000000,2399.00000000,0.09710889
132.00000000,2400.00000000,0.09709718
132.00000000,2401.00000000,0.09708562
132.00000000,2402.00000000,0.09707412
132.00000000,2403.00000000,0.09706278
132.00000000,2404.00000000,0.09705155
132.00000000,2405.00000000,0.09704038
132.00000000,2406.00000000,0.09702936
132.00000000,2407.00000000,0.09701843
132.00000000,2408.00000000,0.09700618
132.00000000,2409.00000000,0.09699406
132.00000000,2410.00000000,0.09698204
132.00000000,2411.00000000,0.09697006
132.00000000,2412.00000000,0.09695821
132.00000000,2413.00000000,0.09694641
132.00000000,2414.00000000,0.09693473
132.00000000,2415.00000000,0.09692313
132.00000000,2416.00000000,0.09691157
132.00000000,2417.00000000,0.09690014
132.00000000,2418.00000000,0.09688877
132.00000000,2419.00000000,0.09687743
132.00000000,2420.00000000,0.09686622
132.00000000,2421.00000000,0.09685507
132.00000000,2422.00000000,0.09684394
132.00000000,2423.00000000,0.09683293
132.00000000,2424.00000000,0.09682193
132.00000000,2425.00000000,0.09681104
132.00000000,2426.00000000,0.09680022
132.00000000,2427.00000000,0.09678941
132.00000000,2428.00000000,0.09677871
132.00000000,2429.00000000,0.09676806
132.00000000,2430.00000000,0.09675742
132.00000000,2431.00000000,0.09674688
132.00000000,2432.00000000,0.09673639
132.00000000,2433.00000000,0.09672899
132.00000000,2434.00000000,0.09672169
132.00000000,2435.00000000,0.09671443
132.00000000,2436.00000000,0.09670717
132.00000000,2437.00000000,0.09670001
132.00000000,2438.00000000,0.09669285
132.00000000,2439.00000000,0.09668579
132.00000000,2440.00000000,0.09667877
132.00000000,2441.00000000,0.09667174
132.00000000,2442.00000000,0.09666480
132.00000000,2443.00000000,0.09665791
132.00000000,2444.00000000,0.09665100
132.00000000,2445.00000000,0.09664418
132.00000000,2446.00000000,0.09663740
132.00000000,2447.00000000,0.09663060
132.00000000,2448.00000000,0.09662391
132.00000000,2449.00000000,0.09661718
132.00000000,2450.00000000,0.09661054
132.00000000,2451.00000000,0.09660393
132.00000000,2452.00000000,0.09659731
132.00000000,2453.00000000,0.09659075
132.00000000,2454.00000000,0.09658424
132.00000000,2455.00000000,0.09657768
132.00000000,2456.00000000,0.09657121
132.00000000,2457.00000000,0.09656477
132.00000000,2458.00000000,0.09655827
132.00000000,2459.00000000,0.09655187
132.00000000,2460.00000000,0.09654549
132.00000000,2461.00000000,0.09653907
132.00000000,2462.00000000,0.09653273
132.00000000,2463.00000000,0.09652635
132.00000000,2464.00000000,0.09652004
132.00000000,2465.00000000,0.09651376
132.00000000,2466.00000000,0.09650743
132.00000000,2467.00000000,0.09650117
132.00000000,2468.00000000,0.09649493
132.00000000,2469.00000000,0.09648866
132.00000000,2470.00000000,0.09648245
132.00000000,2471.00000000,0.09647626
132.00000000,2472.00000000,0.09647003
132.00000000,2473.00000000,0.09646386
132.00000000,2474.00000000,0.09645765
132.00000000,2475.00000000,0.09645152
132.00000000,2476.00000000,0.09644539
132.00000000,2477.00000000,0.09643921
132.00000000,2478.00000000,0.09643312
132.00000000,2479.00000000,0.09642703
132.00000000,2480.00000000,0.09642088
132.00000000,2481.00000000,0.09641481
132.00000000,2482.00000000,0.09640876
132.00000000,2483.00000000,0.09640177
132.00000000,2484.00000000,0.09639485
132.00000000,2485.00000000,0.09638794
132.00000000,2486.00000000,0.09638097
132.00000000,2487.00000000,0.09637409
132.00000000,2488.00000000,0.09636713
132.00000000,2489.00000000,0.09636024
132.00000000,2490.00000000,0.09635337
132.00000000,2491.00000000,0.09634643
132.00000000,2492.00000000,0.09633957
132.00000000,2493.00000000,0.09633272
132.00000000,2494.00000000,0.09632580
132.00000000,2495.00000000,0.09631895
132.00000000,2496.00000000,0.09631211
132.00000000,2497.00000000,0.09630519
132.00000000,2498.00000000,0.09629837
132.00000000,2499.00000000,0.09629146
132.00000000,2500.00000000,0.09628463
133.00000000,1765.00000000,0.06843318
133.00000000,1766.00000000,0.06843326
133.00000000,1767.00000000,0.06843338
133.00000000,1768.00000000,0.06843337
133.00000000,1769.00000000,0.06843372
133.00000000,1770.00000000,0.06843414
133.00000000,1771.00000000,0.06843451
133.00000000,1772.00000000,0.06843522
133.00000000,1773.00000000,0.06843597
133.00000000,1774.00000000,0.06843675
133.00000000,1775.00000000,0.06843786
133.00000000,1776.00000000,0.06843913
133.00000000,1777.00000000,0.06844022
133.00000000,1778.00000000,0.06844163
133.00000000,1779.00000000,0.06844317
133.00000000,1780.00000000,0.06844481
133.00000000,1781.00000000,0.06844657
133.00000000,1782.00000000,0.06844854
133.00000000,1783.00000000,0.06845046
133.00000000,1784.00000000,0.06845264
133.00000000,1785.00000000,0.06845462
133.00000000,1786.00000000,0.06845682
133.00000000,1787.00000000,0.06845918
133.00000000,1788.00000000,0.06846176
133.00000000,1789.00000000,0.06846420
133.00000000,1790.00000000,0.06846680
133.00000000,1791.00000000,0.06846946
133.00000000,1792.00000000,0.06847218
133.00000000,1793.00000000,0.06847500
133.00000000,1794.00000000,0.06847794
133.00000000,1795.00000000,0.06848069
133.00000000,1796.00000000,0.06848372
133.00000000,1797.00000000,0.06848674
133.00000000,1798.00000000,0.06848978
133.00000000,1799.00000000,0.06849287
133.00000000,1800.00000000,0.06849604
133.00000000,1801.00000000,0.06849930
133.00000000,1802.00000000,0.06850250
133.00000000,1803.00000000,0.06850573
133.00000000,1804.00000000,0.06850891
133.00000000,1805.00000000,0.06851227
133.00000000,1806.00000000,0.06851557
133.00000000,1807.00000000,0.06851899
133.00000000,1808.00000000,0.06852237
133.00000000,1809.00000000,0.06852583
133.00000000,1810.00000000,0.06852920
133.00000000,1811.00000000,0.06853265
133.00000000,1812.00000000,0.06853621
133.00000000,1813.00000000,0.06853967
133.00000000,1814.00000000,0.06854313
133.00000000,1815.00000000,0.06854662
133.00000000,1816.00000000,0.06855022
133.00000000,1817.00000000,0.06855372
133.00000000,1818.00000000,0.06855724
133.00000000,1819.00000000,0.06856077
133.00000000,1820.00000000,0.06856437
133.00000000,1821.00000000,0.06856791
133.00000000,1822.00000000,0.06857144
133.00000000,1823.00000000,0.06857502
133.00000000,1824.00000000,0.06857857
133.00000000,1825.00000000,0.06858212
133.00000000,1826.00000000,0.06858564
133.00000000,1827.00000000,0.06858920
133.00000000,1828.00000000,0.06859275
133.00000000,1829.00000000,0.06859628
133.00000000,1830.00000000,0.06859979
133.00000000,1831.00000000,0.06860330
133.00000000,1832.00000000,0.06860674
133.00000000,1833.00000000,0.06861018
133.00000000,1834.00000000,0.06861370
133.00000000,1835.00000000,0.06861713
133.00000000,1836.00000000,0.06862050
133.00000000,1837.00000000,0.06862402
133.00000000,1838.00000000,0.06862729
133.00000000,1839.00000000,0.06863066
133.00000000,1840.00000000,0.06863405
133.00000000,1841.00000000,0.06863739
133.00000000,1842.00000000,0.06864055
133.00000000,1843.00000000,0.06864390
133.00000000,1844.00000000,0.06864712
133.00000000,1845.00000000,0.06865034
133.00000000,1846.00000000,0.06865359
133.00000000,1847.00000000,0.06865669
133.00000000,1848.00000000,0.06865980
133.00000000,1849.00000000,0.06866291
133.00000000,1850.00000000,0.06866601
133.00000000,1851.00000000,0.06866896
133.00000000,1852.00000000,0.06867192
133.00000000,1853.00000000,0.06867521
133.00000000,1854.00000000,0.06867862
133.00000000,1855.00000000,0.06868201
133.00000000,1856.00000000,0.06868524
133.00000000,1857.00000000,0.06868841
133.00000000,1858.00000000,0.06869149
133.00000000,1859.00000000,0.06869454
133.00000000,1860.00000000,0.06869752
133.00000000,1861.00000000,0.06870046
133.00000000,1862.00000000,0.06870319
133.00000000,1863.00000000,0.06870537
133.00000000,1864.00000000,0.06870705
133.00000000,1865.00000000,0.06870836
133.00000000,1866.00000000,0.06870937
133.00000000,1867.00000000,0.06871007
133.00000000,1868.00000000,0.06871057
133.00000000,1869.00000000,0.06871085
133.00000000,1870.00000000,0.06871082
133.00000000,1871.00000000,0.06871072
133.00000000,1872.00000000,0.06871075
133.00000000,1873.00000000,0.06871137
133.00000000,1874.00000000,0.06871251
133.00000000,1875.00000000,0.06871391
133.00000000,1876.00000000,0.06871563
133.00000000,1877.00000000,0.06871749
133.00000000,1878.00000000,0.06871950
133.00000000,1879.00000000,0.06872167
133.00000000,1880.00000000,0.06872390
133.00000000,1881.00000000,0.06872617
133.00000000,1882.00000000,0.06872846
133.00000000,1883.00000000,0.06873034
133.00000000,1884.00000000,0.06873188
133.00000000,1885.00000000,0.06873325
133.00000000,1886.00000000,0.06873444
133.00000000,1887.00000000,0.06873553
133.00000000,1888.00000000,0.06873647
133.00000000,1889.00000000,0.06873720
133.00000000,1890.00000000,0.06873770
133.00000000,1891.00000000,0.06873792
133.00000000,1892.00000000,0.06873791
133.00000000,1893.00000000,0.06873782
133.00000000,1894.00000000,0.06873778
133.00000000,1895.00000000,0.06873789
133.00000000,1896.00000000,0.06873810
133.00000000,1897.00000000,0.06873834
133.00000000,1898.00000000,0.06873855
133.00000000,1899.00000000,0.06874504
133.00000000,1900.00000000,0.06874498
133.00000000,1901.00000000,0.06874477
133.00000000,1902.00000000,0.06874478
133.00000000,1903.00000000,0.06874495
133.00000000,1904.00000000,0.06874742
133.00000000,1905.00000000,0.06874803
133.00000000,1906.00000000,0.06874894
133.00000000,1907.00000000,0.06875003
133.00000000,1908.00000000,0.06875115
133.00000000,1909.00000000,0.06875226
133.00000000,1910.00000000,0.06875345
133.00000000,1911.00000000,0.06875458
133.00000000,1912.00000000,0.06875519
133.00000000,1913.00000000,0.06875505
133.00000000,1914.00000000,0.06875623
133.00000000,1915.00000000,0.06875494
133.00000000,1916.00000000,0.06875366
133.00000000,1917.00000000,0.06875236
133.00000000,1918.00000000,0.06875096
133.00000000,1919.00000000,0.06874965
133.00000000,1920.00000000,0.06874888
133.00000000,1921.00000000,0.06874872
133.00000000,1922.00000000,0.06874944
133.00000000,1923.00000000,0.06875079
133.00000000,1924.00000000,0.06875445
133.00000000,1925.00000000,0.06875589
133.00000000,1926.00000000,0.06875727
133.00000000,1927.00000000,0.06875868
133.00000000,1928.00000000,0.06876023
133.00000000,1929.00000000,0.06876173
133.00000000,1930.00000000,0.06876557
133.00000000,1931.00000000,0.06876827
133.00000000,1932.00000000,0.06877211
133.00000000,1933.00000000,0.06877878
133.00000000,1934.00000000,0.06878386
133.00000000,1935.00000000,0.06879310
133.00000000,1936.00000000,0.06879560
133.00000000,1937.00000000,0.06879930
133.00000000,1938.00000000,0.06880194
133.00000000,1939.00000000,0.06880590
133.00000000,1940.00000000,0.06880713
133.00000000,1941.00000000,0.06880747
133.00000000,1942.00000000,0.06880692
133.00000000,1943.00000000,0.06880570
133.00000000,1944.00000000,0.06880620
133.00000000,1945.00000000,0.06880454
133.00000000,1946.00000000,0.06880375
133.00000000,1947.00000000,0.06880450
133.00000000,1948.00000000,0.06880811
133.00000000,1949.00000000,0.06881176
133.00000000,1950.00000000,0.06881534
133.00000000,1951.00000000,0.06881669
133.00000000,1952.00000000,0.06881871
133.00000000,1953.00000000,0.06882096
133.00000000,1954.00000000,0.06882312
133.00000000,1955.00000000,0.06882772
133.00000000,1956.00000000,0.06883239
133.00000000,1957.00000000,0.06883459
133.00000000,1958.00000000,0.06883858
133.00000000,1959.00000000,0.06883995
133.00000000,1960.00000000,0.06884172
133.00000000,1961.00000000,0.06883985
133.00000000,1962.00000000,0.06883724
133.00000000,1963.00000000,0.06884648
133.00000000,1964.00000000,0.06883991
133.00000000,1965.00000000,0.06883430
133.00000000,1966.00000000,0.06882951
133.00000000,1967.00000000,0.06882147
133.00000000,1968.00000000,0.06881411
133.00000000,1969.00000000,0.06881124
133.00000000,1970.00000000,0.06879771
133.00000000,1971.00000000,0.06878324
133.00000000,1972.00000000,0.06876507
133.00000000,1973.00000000,0.06874581
133.00000000,1974.00000000,0.06872179
133.00000000,1975.00000000,0.06869832
133.00000000,1976.00000000,0.06867230
133.00000000,1977.00000000,0.06864852
133.00000000,1978.00000000,0.06862883
133.00000000,1979.00000000,0.06860034
133.00000000,1980.00000000,0.06857761
133.00000000,1981.00000000,0.06855049
133.00000000,1982.00000000,0.06852938
133.00000000,1983.00000000,0.06851416
133.00000000,1984.00000000,0.06849420
133.00000000,1985.00000000,0.06848342
133.00000000,1986.00000000,0.06847220
133.00000000,1987.00000000,0.06847853
133.00000000,1988.00000000,0.06846812
133.00000000,1989.00000000,0.06846376
133.00000000,1990.00000000,0.06845044
133.00000000,1991.00000000,0.06843687
133.00000000,1992.00000000,0.06843214
133.00000000,1993.00000000,0.06843410
133.00000000,1994.00000000,0.06842864
133.00000000,1995.00000000,0.06841969
133.00000000,1996.00000000,0.06842132
133.00000000,1997.00000000,0.06842471
133.00000000,1998.00000000,0.06842539
133.00000000,1999.00000000,0.06841769
133.00000000,2000.00000000,0.06842118
133.00000000,2001.00000000,0.06841791
133.00000000,2002.00000000,0.06841859
133.00000000,2003.00000000,0.06841536
133.00000000,2004.00000000,0.06841975
133.00000000,2005.00000000,0.06843876
133.00000000,2006.00000000,0.06844188
133.00000000,2007.00000000,0.06839752
133.00000000,2008.00000000,0.06840028
133.00000000,2009.00000000,0.06837718
133.00000000,2010.00000000,0.06835161
133.00000000,2011.00000000,0.06832052
133.00000000,2012.00000000,0.06831329
133.00000000,2013.00000000,0.06832876
133.00000000,2014.00000000,0.06830223
133.00000000,2015.00000000,0.06828577
133.00000000,2016.00000000,0.06827325
133.00000000,2017.00000000,0.06823150
133.00000000,2018.00000000,0.06818563
133.00000000,2019.00000000,0.06814201
133.00000000,2020.00000000,0.06811737
133.00000000,2021.00000000,0.06812833
133.00000000,2022.00000000,0.06807161
133.00000000,2023.00000000,0.06807362
133.00000000,2024.00000000,0.06804775
133.00000000,2025.00000000,0.06799213
133.00000000,2026.00000000,0.06792346
133.00000000,2027.00000000,0.06788927
133.00000000,2028.00000000,0.06787513
133.00000000,2029.00000000,0.06784000
133.00000000,2030.00000000,0.06782095
133.00000000,2031.00000000,0.06780972
133.00000000,2032.00000000,0.06783280
133.00000000,2033.00000000,0.06782449
133.00000000,2034.00000000,0.06779692
133.00000000,2035.00000000,0.06776030
133.00000000,2036.00000000,0.06779812
133.00000000,2037.00000000,0.06774525
133.00000000,2038.00000000,0.06775646
133.00000000,2039.00000000,0.06777668
133.00000000,2040.00000000,0.06786253
133.00000000,2041.00000000,0.06772224
133.00000000,2042.00000000,0.06772029
133.00000000,2043.00000000,0.06771465
133.00000000,2044.00000000,0.06767295
133.00000000,2045.00000000,0.06768185
133.00000000,2046.00000000,0.06773106
133.00000000,2047.00000000,0.06746320
133.00000000,2048.00000000,0.06735673
133.00000000,2049.00000000,0.06739927
133.00000000,2050.00000000,0.06742227
133.00000000,2051.00000000,0.06729809
133.00000000,2052.00000000,0.06695180
133.00000000,2053.00000000,0.06711466
133.00000000,2054.00000000,0.06676955
133.00000000,2055.00000000,0.06676378
133.00000000,2056.00000000,0.06692161
133.00000000,2057.00000000,0.06681728
133.00000000,2058.00000000,0.06675005
133.00000000,2059.00000000,0.06667443
133.00000000,2060.00000000,0.06673809
133.00000000,2061.00000000,0.06665175
133.00000000,2062.00000000,0.06671633
133.00000000,2063.00000000,0.06644422
133.00000000,2064.00000000,0.06613231
133.00000000,2065.00000000,0.06586113
133.00000000,2066.00000000,0.06586273
133.00000000,2067.00000000,0.06593192
133.00000000,2068.00000000,0.06595201
133.00000000,2069.00000000,0.06606856
133.00000000,2070.00000000,0.06613967
133.00000000,2071.00000000,0.06592991
133.00000000,2072.00000000,0.06594827
133.00000000,2073.00000000,0.06607858
133.00000000,2074.00000000,0.06607247
133.00000000,2075.00000000,0.06601699
133.00000000,2076.00000000,0.06604278
133.00000000,2077.00000000,0.06596186
133.00000000,2078.00000000,0.06547248
133.00000000,2079.00000000,0.06556228
133.00000000,2080.00000000,0.06579993
133.00000000,2081.00000000,0.06589325
133.00000000,2082.00000000,0.06574770
133.00000000,2083.00000000,0.06610199
133.00000000,2084.00000000,0.06632026
133.00000000,2085.00000000,0.06633256
133.00000000,2086.00000000,0.06637990
133.00000000,2087.00000000,0.06639030
133.00000000,2088.00000000,0.06669463
133.00000000,2089.00000000,0.06691992
133.00000000,2090.00000000,0.06706613
133.00000000,2091.00000000,0.06715412
133.00000000,2092.00000000,0.06737990
133.00000000,2093.00000000,0.06757594
133.00000000,2094.00000000,0.06759045
133.00000000,2095.00000000,0.06777487
133.00000000,2096.00000000,0.06804073
133.00000000,2097.00000000,0.06833156
133.00000000,2098.00000000,0.06858171
133.00000000,2099.00000000,0.06887719
133.00000000,2100.00000000,0.06907390
133.00000000,2101.00000000,0.06940537
133.00000000,2102.00000000,0.06980434
133.00000000,2103.00000000,0.07032474
133.00000000,2104.00000000,0.07062171
133.00000000,2105.00000000,0.07094512
133.00000000,2106.00000000,0.07139713
133.00000000,2107.00000000,0.07142916
133.00000000,2108.00000000,0.07139299
133.00000000,2109.00000000,0.07191049
133.00000000,2110.00000000,0.07220347
133.00000000,2111.00000000,0.07236841
133.00000000,2112.00000000,0.07291663
133.00000000,2113.00000000,0.07284196
133.00000000,2114.00000000,0.07256724
133.00000000,2115.00000000,0.07252213
133.00000000,2116.00000000,0.07252353
133.00000000,2117.00000000,0.07289113
133.00000000,2118.00000000,0.07321249
133.00000000,2119.00000000,0.07355774
133.00000000,2120.00000000,0.07386207
133.00000000,2121.00000000,0.07429333
133.00000000,2122.00000000,0.07456712
133.00000000,2123.00000000,0.07471288
133.00000000,2124.00000000,0.07492605
133.00000000,2125.00000000,0.07475691
133.00000000,2126.00000000,0.07481564
133.00000000,2127.00000000,0.07508213
133.00000000,2128.00000000,0.07537220
133.00000000,2129.00000000,0.07567845
133.00000000,2130.00000000,0.07593281
133.00000000,2131.00000000,0.07593107
133.00000000,2132.00000000,0.07595323
133.00000000,2133.00000000,0.07631772
133.00000000,2134.00000000,0.07667502
133.00000000,2135.00000000,0.07683650
133.00000000,2136.00000000,0.07752236
133.00000000,2137.00000000,0.07830032
133.00000000,2138.00000000,0.07892075
133.00000000,2139.00000000,0.07934339
133.00000000,2140.00000000,0.07976830
133.00000000,2141.00000000,0.08019557
133.00000000,2142.00000000,0.08062467
133.00000000,2143.00000000,0.08105563
133.00000000,2144.00000000,0.08161729
133.00000000,2145.00000000,0.08218089
133.00000000,2146.00000000,0.08274642
133.00000000,2147.00000000,0.08331381
133.00000000,2148.00000000,0.08388298
133.00000000,2149.00000000,0.08445392
133.00000000,2150.00000000,0.08502656
133.00000000,2151.00000000,0.08560128
133.00000000,2152.00000000,0.08617938
133.00000000,2153.00000000,0.08676205
133.00000000,2154.00000000,0.08729289
133.00000000,2155.00000000,0.08782923
133.00000000,2156.00000000,0.08837112
133.00000000,2157.00000000,0.08891864
133.00000000,2158.00000000,0.08947173
133.00000000,2159.00000000,0.09003033
133.00000000,2160.00000000,0.09059441
133.00000000,2161.00000000,0.09116389
133.00000000,2162.00000000,0.09173871
133.00000000,2163.00000000,0.09231888
133.00000000,2164.00000000,0.09302345
133.00000000,2165.00000000,0.09373338
133.00000000,2166.00000000,0.09444865
133.00000000,2167.00000000,0.09516913
133.00000000,2168.00000000,0.09589471
133.00000000,2169.00000000,0.09662537
133.00000000,2170.00000000,0.09736096
133.00000000,2171.00000000,0.09810148
133.00000000,2172.00000000,0.09884685
133.00000000,2173.00000000,0.09959697
133.00000000,2174.00000000,0.10043934
133.00000000,2175.00000000,0.10128655
133.00000000,2176.00000000,0.10213849
133.00000000,2177.00000000,0.10299515
133.00000000,2178.00000000,0.10385639
133.00000000,2179.00000000,0.10472211
133.00000000,2180.00000000,0.10559229
133.00000000,2181.00000000,0.10646677
133.00000000,2182.00000000,0.10734555
133.00000000,2183.00000000,0.10822849
133.00000000,2184.00000000,0.10911052
133.00000000,2185.00000000,0.10999658
133.00000000,2186.00000000,0.11088655
133.00000000,2187.00000000,0.11178032
133.00000000,2188.00000000,0.11267788
133.00000000,2189.00000000,0.11357910
133.00000000,2190.00000000,0.11448387
133.00000000,2191.00000000,0.11539214
133.00000000,2192.00000000,0.11630378
133.00000000,2193.00000000,0.11721862
133.00000000,2194.00000000,0.11794132
133.00000000,2195.00000000,0.11866646
133.00000000,2196.00000000,0.11939408
133.00000000,2197.00000000,0.12012409
133.00000000,2198.00000000,0.12085644
133.00000000,2199.00000000,0.12159113
133.00000000,2200.00000000,0.12232808
133.00000000,2201.00000000,0.12306719
133.00000000,2202.00000000,0.12380846
133.00000000,2203.00000000,0.12455177
133.00000000,2204.00000000,0.12511882
133.00000000,2205.00000000,0.12568728
133.00000000,2206.00000000,0.12625708
133.00000000,2207.00000000,0.12682826
133.00000000,2208.00000000,0.12740080
133.00000000,2209.00000000,0.12797463
133.00000000,2210.00000000,0.12854980
133.00000000,2211.00000000,0.12912626
133.00000000,2212.00000000,0.12970396
133.00000000,2213.00000000,0.13028293
133.00000000,2214.00000000,0.13076234
133.00000000,2215.00000000,0.13124257
133.00000000,2216.00000000,0.13172368
133.00000000,2217.00000000,0.13220561
133.00000000,2218.00000000,0.13268844
133.00000000,2219.00000000,0.13317210
133.00000000,2220.00000000,0.13365658
133.00000000,2221.00000000,0.13414195
133.00000000,2222.00000000,0.13462813
133.00000000,2223.00000000,0.13511507
133.00000000,2224.00000000,0.13549761
133.00000000,2225.00000000,0.13588059
133.00000000,2226.00000000,0.13626397
133.00000000,2227.00000000,0.13664784
133.00000000,2228.00000000,0.13703216
133.00000000,2229.00000000,0.13741690
133.00000000,2230.00000000,0.13780215
133.00000000,2231.00000000,0.13818784
133.00000000,2232.00000000,0.13857404
133.00000000,2233.00000000,0.13896074
133.00000000,2234.00000000,0.13926602
133.00000000,2235.00000000,0.13957155
133.00000000,2236.00000000,0.13987728
133.00000000,2237.00000000,0.14018319
133.00000000,2238.00000000,0.14048939
133.00000000,2239.00000000,0.14079583
133.00000000,2240.00000000,0.14110246
133.00000000,2241.00000000,0.14140941
133.00000000,2242.00000000,0.14171659
133.00000000,2243.00000000,0.14202411
133.00000000,2244.00000000,0.14233191
133.00000000,2245.00000000,0.14263996
133.00000000,2246.00000000,0.14294837
133.00000000,2247.00000000,0.14325710
133.00000000,2248.00000000,0.14356610
133.00000000,2249.00000000,0.14387530
133.00000000,2250.00000000,0.14418374
133.00000000,2251.00000000,0.14448950
133.00000000,2252.00000000,0.14479095
133.00000000,2253.00000000,0.14508712
133.00000000,2254.00000000,0.14537752
133.00000000,2255.00000000,0.14566209
133.00000000,2256.00000000,0.14594072
133.00000000,2257.00000000,0.14621351
133.00000000,2258.00000000,0.14648042
133.00000000,2259.00000000,0.14674148
133.00000000,2260.00000000,0.14699689
133.00000000,2261.00000000,0.14724675
133.00000000,2262.00000000,0.14749119
133.00000000,2263.00000000,0.14773054
133.00000000,2264.00000000,0.14796491
133.00000000,2265.00000000,0.14819430
133.00000000,2266.00000000,0.14841899
133.00000000,2267.00000000,0.14863892
133.00000000,2268.00000000,0.14885429
133.00000000,2269.00000000,0.14906515
133.00000000,2270.00000000,0.14927146
133.00000000,2271.00000000,0.14947344
133.00000000,2272.00000000,0.14967112
133.00000000,2273.00000000,0.14986444
133.00000000,2274.00000000,0.15005362
133.00000000,2275.00000000,0.15023866
133.00000000,2276.00000000,0.15041951
133.00000000,2277.00000000,0.15059640
133.00000000,2278.00000000,0.15076921
133.00000000,2279.00000000,0.15093812
133.00000000,2280.00000000,0.15110311
133.00000000,2281.00000000,0.15126412
133.00000000,2282.00000000,0.15142128
133.00000000,2283.00000000,0.15157446
133.00000000,2284.00000000,0.15113793
133.00000000,2285.00000000,0.15069662
133.00000000,2286.00000000,0.15025064
133.00000000,2287.00000000,0.14980002
133.00000000,2288.00000000,0.14934502
133.00000000,2289.00000000,0.14888570
133.00000000,2290.00000000,0.14842210
133.00000000,2291.00000000,0.14795446
133.00000000,2292.00000000,0.14748275
133.00000000,2293.00000000,0.14700721
133.00000000,2294.00000000,0.14652788
133.00000000,2295.00000000,0.14604478
133.00000000,2296.00000000,0.14555812
133.00000000,2297.00000000,0.14506797
133.00000000,2298.00000000,0.14457434
133.00000000,2299.00000000,0.14407743
133.00000000,2300.00000000,0.14357728
133.00000000,2301.00000000,0.14307389
133.00000000,2302.00000000,0.14256747
133.00000000,2303.00000000,0.14205794
133.00000000,2304.00000000,0.14154553
133.00000000,2305.00000000,0.14103022
133.00000000,2306.00000000,0.14051204
133.00000000,2307.00000000,0.13999118
133.00000000,2308.00000000,0.13946762
133.00000000,2309.00000000,0.13894144
133.00000000,2310.00000000,0.13841276
133.00000000,2311.00000000,0.13788158
133.00000000,2312.00000000,0.13734797
133.00000000,2313.00000000,0.13681205
133.00000000,2314.00000000,0.13627382
133.00000000,2315.00000000,0.13573334
133.00000000,2316.00000000,0.13519072
133.00000000,2317.00000000,0.13464593
133.00000000,2318.00000000,0.13409913
133.00000000,2319.00000000,0.13355032
133.00000000,2320.00000000,0.13299950
133.00000000,2321.00000000,0.13244681
133.00000000,2322.00000000,0.13189227
133.00000000,2323.00000000,0.13133587
133.00000000,2324.00000000,0.13077775
133.00000000,2325.00000000,0.13021792
133.00000000,2326.00000000,0.12965637
133.00000000,2327.00000000,0.12909323
133.00000000,2328.00000000,0.12852846
133.00000000,2329.00000000,0.12796219
133.00000000,2330.00000000,0.12739442
133.00000000,2331.00000000,0.12682516
133.00000000,2332.00000000,0.12625450
133.00000000,2333.00000000,0.12568247
133.00000000,2334.00000000,0.12510903
133.00000000,2335.00000000,0.12453433
133.00000000,2336.00000000,0.12395837
133.00000000,2337.00000000,0.12338113
133.00000000,2338.00000000,0.12280272
133.00000000,2339.00000000,0.12222315
133.00000000,2340.00000000,0.12164240
133.00000000,2341.00000000,0.12106059
133.00000000,2342.00000000,0.12047766
133.00000000,2343.00000000,0.11989374
133.00000000,2344.00000000,0.11930882
133.00000000,2345.00000000,0.11872288
133.00000000,2346.00000000,0.11813603
133.00000000,2347.00000000,0.11754826
133.00000000,2348.00000000,0.11695957
133.00000000,2349.00000000,0.11637005
133.00000000,2350.00000000,0.11577970
133.00000000,2351.00000000,0.11518851
133.00000000,2352.00000000,0.11459659
133.00000000,2353.00000000,0.11400387
133.00000000,2354.00000000,0.11341048
133.00000000,2355.00000000,0.11281641
133.00000000,2356.00000000,0.11222160
133.00000000,2357.00000000,0.11162622
133.00000000,2358.00000000,0.11103020
133.00000000,2359.00000000,0.11043355
133.00000000,2360.00000000,0.10983636
133.00000000,2361.00000000,0.10923863
133.00000000,2362.00000000,0.10864033
133.00000000,2363.00000000,0.10804158
133.00000000,2364.00000000,0.10744230
133.00000000,2365.00000000,0.10684260
133.00000000,2366.00000000,0.10624246
133.00000000,2367.00000000,0.10564187
133.00000000,2368.00000000,0.10504093
133.00000000,2369.00000000,0.10443961
133.00000000,2370.00000000,0.10383790
133.00000000,2371.00000000,0.10323589
133.00000000,2372.00000000,0.10263359
133.00000000,2373.00000000,0.10203094
133.00000000,2374.00000000,0.10142807
133.00000000,2375.00000000,0.10082495
133.00000000,2376.00000000,0.10022156
133.00000000,2377.00000000,0.09961802
133.00000000,2378.00000000,0.09901424
133.00000000,2379.00000000,0.09841036
133.00000000,2380.00000000,0.09780638
133.00000000,2381.00000000,0.09720230
133.00000000,2382.00000000,0.09672576
133.00000000,2383.00000000,0.09662460
133.00000000,2384.00000000,0.09662614
133.00000000,2385.00000000,0.09662790
133.00000000,2386.00000000,0.09662985
133.00000000,2387.00000000,0.09663193
133.00000000,2388.00000000,0.09663422
133.00000000,2389.00000000,0.09665271
133.00000000,2390.00000000,0.09667142
133.00000000,2391.00000000,0.09669029
133.00000000,2392.00000000,0.09670926
133.00000000,2393.00000000,0.09672842
133.00000000,2394.00000000,0.09671594
133.00000000,2395.00000000,0.09670353
133.00000000,2396.00000000,0.09669130
133.00000000,2397.00000000,0.09667919
133.00000000,2398.00000000,0.09666715
133.00000000,2399.00000000,0.09665528
133.00000000,2400.00000000,0.09664352
133.00000000,2401.00000000,0.09663183
133.00000000,2402.00000000,0.09662030
133.00000000,2403.00000000,0.09660883
133.00000000,2404.00000000,0.09659751
133.00000000,2405.00000000,0.09658630
133.00000000,2406.00000000,0.09657514
133.00000000,2407.00000000,0.09656414
133.00000000,2408.00000000,0.09655323
133.00000000,2409.00000000,0.09654100
133.00000000,2410.00000000,0.09652891
133.00000000,2411.00000000,0.09651692
133.00000000,2412.00000000,0.09650496
133.00000000,2413.00000000,0.09649315
133.00000000,2414.00000000,0.09648136
133.00000000,2415.00000000,0.09646970
133.00000000,2416.00000000,0.09645812
133.00000000,2417.00000000,0.09644658
133.00000000,2418.00000000,0.09643516
133.00000000,2419.00000000,0.09642382
133.00000000,2420.00000000,0.09641250
133.00000000,2421.00000000,0.09640129
133.00000000,2422.00000000,0.09639017
133.00000000,2423.00000000,0.09637906
133.00000000,2424.00000000,0.09636805
133.00000000,2425.00000000,0.09635708
133.00000000,2426.00000000,0.09634620
133.00000000,2427.00000000,0.09633540
133.00000000,2428.00000000,0.09632459
133.00000000,2429.00000000,0.09631391
133.00000000,2430.00000000,0.09630326
133.00000000,2431.00000000,0.09629264
133.00000000,2432.00000000,0.09628212
133.00000000,2433.00000000,0.09627164
133.00000000,2434.00000000,0.09626423
133.00000000,2435.00000000,0.09625692
133.00000000,2436.00000000,0.09624966
133.00000000,2437.00000000,0.09624239
133.00000000,2438.00000000,0.09623523
133.00000000,2439.00000000,0.09622806
133.00000000,2440.00000000,0.09622099
133.00000000,2441.00000000,0.09621396
133.00000000,2442.00000000,0.09620692
133.00000000,2443.00000000,0.09619998
133.00000000,2444.00000000,0.09619307
133.00000000,2445.00000000,0.09618616
133.00000000,2446.00000000,0.09617933
133.00000000,2447.00000000,0.09617254
133.00000000,2448.00000000,0.09616574
133.00000000,2449.00000000,0.09615902
133.00000000,2450.00000000,0.09615228
133.00000000,2451.00000000,0.09614564
133.00000000,2452.00000000,0.09613902
133.00000000,2453.00000000,0.09613237
133.00000000,2454.00000000,0.09612581
133.00000000,2455.00000000,0.09611928
133.00000000,2456.00000000,0.09611270
133.00000000,2457.00000000,0.09610622
133.00000000,2458.00000000,0.09609975
133.00000000,2459.00000000,0.09609325
133.00000000,2460.00000000,0.09608683
133.00000000,2461.00000000,0.09608043
133.00000000,2462.00000000,0.09607399
133.00000000,2463.00000000,0.09606763
133.00000000,2464.00000000,0.09606123
133.00000000,2465.00000000,0.09605491
133.00000000,2466.00000000,0.09604861
133.00000000,2467.00000000,0.09604225
133.00000000,2468.00000000,0.09603598
133.00000000,2469.00000000,0.09602973
133.00000000,2470.00000000,0.09602343
133.00000000,2471.00000000,0.09601721
133.00000000,2472.00000000,0.09601101
133.00000000,2473.00000000,0.09600474
133.00000000,2474.00000000,0.09599857
133.00000000,2475.00000000,0.09599234
133.00000000,2476.00000000,0.09598618
133.00000000,2477.00000000,0.09598004
133.00000000,2478.00000000,0.09597384
133.00000000,2479.00000000,0.09596773
133.00000000,2480.00000000,0.09596162
133.00000000,2481.00000000,0.09595545
133.00000000,2482.00000000,0.09594937
133.00000000,2483.00000000,0.09594329
133.00000000,2484.00000000,0.09593629
133.00000000,2485.00000000,0.09592935
133.00000000,2486.00000000,0.09592243
133.00000000,2487.00000000,0.09591544
133.00000000,2488.00000000,0.09590854
133.00000000,2489.00000000,0.09590157
133.00000000,2490.00000000,0.09589466
133.00000000,2491.00000000,0.09588778
133.00000000,2492.00000000,0.09588083
133.00000000,2493.00000000,0.09587394
133.00000000,2494.00000000,0.09586707
133.00000000,2495.00000000,0.09586013
133.00000000,2496.00000000,0.09585327
133.00000000,2497.00000000,0.09584641
133.00000000,2498.00000000,0.09583949
133.00000000,2499.00000000,0.09583264
133.00000000,2500.00000000,0.09582571
134.00000000,1765.00000000,0.06803498
134.00000000,1766.00000000,0.06803485
134.00000000,1767.00000000,0.06803497
134.00000000,1768.00000000,0.06803517
134.00000000,1769.00000000,0.06803527
134.00000000,1770.00000000,0.06803573
134.00000000,1771.00000000,0.06803629
134.00000000,1772.00000000,0.06803678
134.00000000,1773.00000000,0.06803761
134.00000000,1774.00000000,0.06803849
134.00000000,1775.00000000,0.06803940
134.00000000,1776.00000000,0.06804064
134.00000000,1777.00000000,0.06804203
134.00000000,1778.00000000,0.06804324
134.00000000,1779.00000000,0.06804475
134.00000000,1780.00000000,0.06804642
134.00000000,1781.00000000,0.06804816
134.00000000,1782.00000000,0.06805001
134.00000000,1783.00000000,0.06805208
134.00000000,1784.00000000,0.06805408
134.00000000,1785.00000000,0.06805635
134.00000000,1786.00000000,0.06805841
134.00000000,1787.00000000,0.06806069
134.00000000,1788.00000000,0.06806311
134.00000000,1789.00000000,0.06806576
134.00000000,1790.00000000,0.06806826
134.00000000,1791.00000000,0.06807092
134.00000000,1792.00000000,0.06807364
134.00000000,1793.00000000,0.06807640
134.00000000,1794.00000000,0.06807926
134.00000000,1795.00000000,0.06808225
134.00000000,1796.00000000,0.06808503
134.00000000,1797.00000000,0.06808810
134.00000000,1798.00000000,0.06809115
134.00000000,1799.00000000,0.06809421
134.00000000,1800.00000000,0.06809733
134.00000000,1801.00000000,0.06810052
134.00000000,1802.00000000,0.06810379
134.00000000,1803.00000000,0.06810700
134.00000000,1804.00000000,0.06811024
134.00000000,1805.00000000,0.06811344
134.00000000,1806.00000000,0.06811680
134.00000000,1807.00000000,0.06812011
134.00000000,1808.00000000,0.06812354
134.00000000,1809.00000000,0.06812693
134.00000000,1810.00000000,0.06813039
134.00000000,1811.00000000,0.06813377
134.00000000,1812.00000000,0.06813721
134.00000000,1813.00000000,0.06814076
134.00000000,1814.00000000,0.06814422
134.00000000,1815.00000000,0.06814767
134.00000000,1816.00000000,0.06815116
134.00000000,1817.00000000,0.06815474
134.00000000,1818.00000000,0.06815821
134.00000000,1819.00000000,0.06816172
134.00000000,1820.00000000,0.06816523
134.00000000,1821.00000000,0.06816881
134.00000000,1822.00000000,0.06817235
134.00000000,1823.00000000,0.06817586
134.00000000,1824.00000000,0.06817942
134.00000000,1825.00000000,0.06818295
134.00000000,1826.00000000,0.06818647
134.00000000,1827.00000000,0.06818996
134.00000000,1828.00000000,0.06819349
134.00000000,1829.00000000,0.06819701
134.00000000,1830.00000000,0.06820052
134.00000000,1831.00000000,0.06820399
134.00000000,1832.00000000,0.06820745
134.00000000,1833.00000000,0.06821086
134.00000000,1834.00000000,0.06821426
134.00000000,1835.00000000,0.06821775
134.00000000,1836.00000000,0.06822114
134.00000000,1837.00000000,0.06822447
134.00000000,1838.00000000,0.06822794
134.00000000,1839.00000000,0.06823117
134.00000000,1840.00000000,0.06823451
134.00000000,1841.00000000,0.06823785
134.00000000,1842.00000000,0.06824115
134.00000000,1843.00000000,0.06824427
134.00000000,1844.00000000,0.06824757
134.00000000,1845.00000000,0.06825075
134.00000000,1846.00000000,0.06825392
134.00000000,1847.00000000,0.06825711
134.00000000,1848.00000000,0.06826016
134.00000000,1849.00000000,0.06826323
134.00000000,1850.00000000,0.06826628
134.00000000,1851.00000000,0.06826930
134.00000000,1852.00000000,0.06827218
134.00000000,1853.00000000,0.06827542
134.00000000,1854.00000000,0.06827884
134.00000000,1855.00000000,0.06828218
134.00000000,1856.00000000,0.06828543
134.00000000,1857.00000000,0.06828856
134.00000000,1858.00000000,0.06829163
134.00000000,1859.00000000,0.06829463
134.00000000,1860.00000000,0.06829761
134.00000000,1861.00000000,0.06830049
134.00000000,1862.00000000,0.06830324
134.00000000,1863.00000000,0.06830536
134.00000000,1864.00000000,0.06830705
134.00000000,1865.00000000,0.06830834
134.00000000,1866.00000000,0.06830932
134.00000000,1867.00000000,0.06831005
134.00000000,1868.00000000,0.06831049
134.00000000,1869.00000000,0.06831073
134.00000000,1870.00000000,0.06831078
134.00000000,1871.00000000,0.06831058
134.00000000,1872.00000000,0.06831060
134.00000000,1873.00000000,0.06831126
134.00000000,1874.00000000,0.06831232
134.00000000,1875.00000000,0.06831375
134.00000000,1876.00000000,0.06831538
134.00000000,1877.00000000,0.06831725
134.00000000,1878.00000000,0.06831924
134.00000000,1879.00000000,0.06832135
134.00000000,1880.00000000,0.06832355
134.00000000,1881.00000000,0.06832577
134.00000000,1882.00000000,0.06832803
134.00000000,1883.00000000,0.06832988
134.00000000,1884.00000000,0.06833138
134.00000000,1885.00000000,0.06833267
134.00000000,1886.00000000,0.06833384
134.00000000,1887.00000000,0.06833489
134.00000000,1888.00000000,0.06833580
134.00000000,1889.00000000,0.06833646
134.00000000,1890.00000000,0.06833690
134.00000000,1891.00000000,0.06833708
134.00000000,1892.00000000,0.06833700
134.00000000,1893.00000000,0.06833687
134.00000000,1894.00000000,0.06833674
134.00000000,1895.00000000,0.06833678
134.00000000,1896.00000000,0.06833691
134.00000000,1897.00000000,0.06833704
134.00000000,1898.00000000,0.06833717
134.00000000,1899.00000000,0.06833719
134.00000000,1900.00000000,0.06834335
134.00000000,1901.00000000,0.06834303
134.00000000,1902.00000000,0.06834294
134.00000000,1903.00000000,0.06834298
134.00000000,1904.00000000,0.06834325
134.00000000,1905.00000000,0.06834587
134.00000000,1906.00000000,0.06834667
134.00000000,1907.00000000,0.06834769
134.00000000,1908.00000000,0.06834867
134.00000000,1909.00000000,0.06834970
134.00000000,1910.00000000,0.06835082
134.00000000,1911.00000000,0.06835184
134.00000000,1912.00000000,0.06835239
134.00000000,1913.00000000,0.06835215
134.00000000,1914.00000000,0.06835114
134.00000000,1915.00000000,0.06835188
134.00000000,1916.00000000,0.06835052
134.00000000,1917.00000000,0.06834918
134.00000000,1918.00000000,0.06834772
134.00000000,1919.00000000,0.06834634
134.00000000,1920.00000000,0.06834550
134.00000000,1921.00000000,0.06834527
134.00000000,1922.00000000,0.06834593
134.00000000,1923.00000000,0.06834722
134.00000000,1924.00000000,0.06834865
134.00000000,1925.00000000,0.06835214
134.00000000,1926.00000000,0.06835346
134.00000000,1927.00000000,0.06835479
134.00000000,1928.00000000,0.06835627
134.00000000,1929.00000000,0.06835772
134.00000000,1930.00000000,0.06835935
134.00000000,1931.00000000,0.06836408
134.00000000,1932.00000000,0.06836786
134.00000000,1933.00000000,0.06837230
134.00000000,1934.00000000,0.06837941
134.00000000,1935.00000000,0.06838436
134.00000000,1936.00000000,0.06839305
134.00000000,1937.00000000,0.06839465
134.00000000,1938.00000000,0.06839716
134.00000000,1939.00000000,0.06839895
134.00000000,1940.00000000,0.06840224
134.00000000,1941.00000000,0.06840254
134.00000000,1942.00000000,0.06840188
134.00000000,1943.00000000,0.06840069
134.00000000,1944.00000000,0.06839898
134.00000000,1945.00000000,0.06839940
134.00000000,1946.00000000,0.06839856
134.00000000,1947.00000000,0.06839924
134.00000000,1948.00000000,0.06840068
134.00000000,1949.00000000,0.06840426
134.00000000,1950.00000000,0.06840777
134.00000000,1951.00000000,0.06841115
134.00000000,1952.00000000,0.06841310
134.00000000,1953.00000000,0.06841526
134.00000000,1954.00000000,0.06841742
134.00000000,1955.00000000,0.06841978
134.00000000,1956.00000000,0.06842434
134.00000000,1957.00000000,0.06842868
134.00000000,1958.00000000,0.06843042
134.00000000,1959.00000000,0.06843381
134.00000000,1960.00000000,0.06843345
134.00000000,1961.00000000,0.06843363
134.00000000,1962.00000000,0.06843092
134.00000000,1963.00000000,0.06842747
134.00000000,1964.00000000,0.06843563
134.00000000,1965.00000000,0.06842785
134.00000000,1966.00000000,0.06842094
134.00000000,1967.00000000,0.06841495
134.00000000,1968.00000000,0.06840554
134.00000000,1969.00000000,0.06839622
134.00000000,1970.00000000,0.06839113
134.00000000,1971.00000000,0.06837463
134.00000000,1972.00000000,0.06835646
134.00000000,1973.00000000,0.06833513
134.00000000,1974.00000000,0.06831329
134.00000000,1975.00000000,0.06828776
134.00000000,1976.00000000,0.06826392
134.00000000,1977.00000000,0.06823812
134.00000000,1978.00000000,0.06821421
134.00000000,1979.00000000,0.06819428
134.00000000,1980.00000000,0.06816525
134.00000000,1981.00000000,0.06814240
134.00000000,1982.00000000,0.06811713
134.00000000,1983.00000000,0.06809980
134.00000000,1984.00000000,0.06808822
134.00000000,1985.00000000,0.06807108
134.00000000,1986.00000000,0.06806193
134.00000000,1987.00000000,0.06805145
134.00000000,1988.00000000,0.06805779
134.00000000,1989.00000000,0.06804711
134.00000000,1990.00000000,0.06804219
134.00000000,1991.00000000,0.06802864
134.00000000,1992.00000000,0.06801551
134.00000000,1993.00000000,0.06801118
134.00000000,1994.00000000,0.06801404
134.00000000,1995.00000000,0.06800928
134.00000000,1996.00000000,0.06800043
134.00000000,1997.00000000,0.06800149
134.00000000,1998.00000000,0.06800413
134.00000000,1999.00000000,0.06800458
134.00000000,2000.00000000,0.06799694
134.00000000,2001.00000000,0.06800010
134.00000000,2002.00000000,0.06799630
134.00000000,2003.00000000,0.06799691
134.00000000,2004.00000000,0.06799260
134.00000000,2005.00000000,0.06799447
134.00000000,2006.00000000,0.06800976
134.00000000,2007.00000000,0.06800924
134.00000000,2008.00000000,0.06796188
134.00000000,2009.00000000,0.06796168
134.00000000,2010.00000000,0.06793606
134.00000000,2011.00000000,0.06790817
134.00000000,2012.00000000,0.06787487
134.00000000,2013.00000000,0.06786520
134.00000000,2014.00000000,0.06787803
134.00000000,2015.00000000,0.06784917
134.00000000,2016.00000000,0.06783038
134.00000000,2017.00000000,0.06781558
134.00000000,2018.00000000,0.06777186
134.00000000,2019.00000000,0.06772415
134.00000000,2020.00000000,0.06767879
134.00000000,2021.00000000,0.06765242
134.00000000,2022.00000000,0.06766158
134.00000000,2023.00000000,0.06760377
134.00000000,2024.00000000,0.06760445
134.00000000,2025.00000000,0.06757760
134.00000000,2026.00000000,0.06752132
134.00000000,2027.00000000,0.06745215
134.00000000,2028.00000000,0.06741732
134.00000000,2029.00000000,0.06740246
134.00000000,2030.00000000,0.06736679
134.00000000,2031.00000000,0.06734709
134.00000000,2032.00000000,0.06733505
134.00000000,2033.00000000,0.06735686
134.00000000,2034.00000000,0.06734734
134.00000000,2035.00000000,0.06731860
134.00000000,2036.00000000,0.06728088
134.00000000,2037.00000000,0.06731707
134.00000000,2038.00000000,0.06726321
134.00000000,2039.00000000,0.06727304
134.00000000,2040.00000000,0.06729185
134.00000000,2041.00000000,0.06737582
134.00000000,2042.00000000,0.06723512
134.00000000,2043.00000000,0.06723162
134.00000000,2044.00000000,0.06722435
134.00000000,2045.00000000,0.06718124
134.00000000,2046.00000000,0.06718836
134.00000000,2047.00000000,0.06723554
134.00000000,2048.00000000,0.06696800
134.00000000,2049.00000000,0.06686075
134.00000000,2050.00000000,0.06690146
134.00000000,2051.00000000,0.06692285
134.00000000,2052.00000000,0.06679821
134.00000000,2053.00000000,0.06645320
134.00000000,2054.00000000,0.06661361
134.00000000,2055.00000000,0.06626992
134.00000000,2056.00000000,0.06626309
134.00000000,2057.00000000,0.06641869
134.00000000,2058.00000000,0.06631412
134.00000000,2059.00000000,0.06624644
134.00000000,2060.00000000,0.06617047
134.00000000,2061.00000000,0.06623289
134.00000000,2062.00000000,0.06614686
134.00000000,2063.00000000,0.06621110
134.00000000,2064.00000000,0.06594152
134.00000000,2065.00000000,0.06563263
134.00000000,2066.00000000,0.06536424
134.00000000,2067.00000000,0.06536661
134.00000000,2068.00000000,0.06543610
134.00000000,2069.00000000,0.06545682
134.00000000,2070.00000000,0.06557324
134.00000000,2071.00000000,0.06564462
134.00000000,2072.00000000,0.06543751
134.00000000,2073.00000000,0.06545719
134.00000000,2074.00000000,0.06558818
134.00000000,2075.00000000,0.06558384
134.00000000,2076.00000000,0.06553050
134.00000000,2077.00000000,0.06555781
134.00000000,2078.00000000,0.06547911
134.00000000,2079.00000000,0.06499484
134.00000000,2080.00000000,0.06508545
134.00000000,2081.00000000,0.06532280
134.00000000,2082.00000000,0.06541700
134.00000000,2083.00000000,0.06527417
134.00000000,2084.00000000,0.06562765
134.00000000,2085.00000000,0.06584608
134.00000000,2086.00000000,0.06585995
134.00000000,2087.00000000,0.06590858
134.00000000,2088.00000000,0.06592043
134.00000000,2089.00000000,0.06622408
134.00000000,2090.00000000,0.06644916
134.00000000,2091.00000000,0.06659571
134.00000000,2092.00000000,0.06668460
134.00000000,2093.00000000,0.06691047
134.00000000,2094.00000000,0.06710687
134.00000000,2095.00000000,0.06712300
134.00000000,2096.00000000,0.06730784
134.00000000,2097.00000000,0.06757351
134.00000000,2098.00000000,0.06786393
134.00000000,2099.00000000,0.06811389
134.00000000,2100.00000000,0.06840881
134.00000000,2101.00000000,0.06860563
134.00000000,2102.00000000,0.06893645
134.00000000,2103.00000000,0.06933446
134.00000000,2104.00000000,0.06985318
134.00000000,2105.00000000,0.07014997
134.00000000,2106.00000000,0.07047299
134.00000000,2107.00000000,0.07092374
134.00000000,2108.00000000,0.07095720
134.00000000,2109.00000000,0.07092285
134.00000000,2110.00000000,0.07143849
134.00000000,2111.00000000,0.07173101
134.00000000,2112.00000000,0.07189627
134.00000000,2113.00000000,0.07244228
134.00000000,2114.00000000,0.07236937
134.00000000,2115.00000000,0.07209764
134.00000000,2116.00000000,0.07205398
134.00000000,2117.00000000,0.07205648
134.00000000,2118.00000000,0.07242280
134.00000000,2119.00000000,0.07274313
134.00000000,2120.00000000,0.07308718
134.00000000,2121.00000000,0.07339054
134.00000000,2122.00000000,0.07382000
134.00000000,2123.00000000,0.07409294
134.00000000,2124.00000000,0.07423865
134.00000000,2125.00000000,0.07445132
134.00000000,2126.00000000,0.07428405
134.00000000,2127.00000000,0.07434321
134.00000000,2128.00000000,0.07460883
134.00000000,2129.00000000,0.07489786
134.00000000,2130.00000000,0.07520295
134.00000000,2131.00000000,0.07545646
134.00000000,2132.00000000,0.07545545
134.00000000,2133.00000000,0.07547816
134.00000000,2134.00000000,0.07584107
134.00000000,2135.00000000,0.07619683
134.00000000,2136.00000000,0.07635796
134.00000000,2137.00000000,0.07704023
134.00000000,2138.00000000,0.07781401
134.00000000,2139.00000000,0.07843124
134.00000000,2140.00000000,0.07885189
134.00000000,2141.00000000,0.07927480
134.00000000,2142.00000000,0.07970004
134.00000000,2143.00000000,0.08012709
134.00000000,2144.00000000,0.08055599
134.00000000,2145.00000000,0.08111479
134.00000000,2146.00000000,0.08167551
134.00000000,2147.00000000,0.08223815
134.00000000,2148.00000000,0.08280263
134.00000000,2149.00000000,0.08336888
134.00000000,2150.00000000,0.08393690
134.00000000,2151.00000000,0.08450705
134.00000000,2152.00000000,0.08508058
134.00000000,2153.00000000,0.08565870
134.00000000,2154.00000000,0.08624202
134.00000000,2155.00000000,0.08677411
134.00000000,2156.00000000,0.08731177
134.00000000,2157.00000000,0.08785496
134.00000000,2158.00000000,0.08840369
134.00000000,2159.00000000,0.08895789
134.00000000,2160.00000000,0.08951745
134.00000000,2161.00000000,0.09008238
134.00000000,2162.00000000,0.09065260
134.00000000,2163.00000000,0.09122803
134.00000000,2164.00000000,0.09180869
134.00000000,2165.00000000,0.09251299
134.00000000,2166.00000000,0.09322255
134.00000000,2167.00000000,0.09393735
134.00000000,2168.00000000,0.09465728
134.00000000,2169.00000000,0.09538222
134.00000000,2170.00000000,0.09611215
134.00000000,2171.00000000,0.09684696
134.00000000,2172.00000000,0.09758660
134.00000000,2173.00000000,0.09833103
134.00000000,2174.00000000,0.09908015
134.00000000,2175.00000000,0.09992100
134.00000000,2176.00000000,0.10076663
134.00000000,2177.00000000,0.10161696
134.00000000,2178.00000000,0.10247193
134.00000000,2179.00000000,0.10333145
134.00000000,2180.00000000,0.10419541
134.00000000,2181.00000000,0.10506377
134.00000000,2182.00000000,0.10593640
134.00000000,2183.00000000,0.10681329
134.00000000,2184.00000000,0.10769431
134.00000000,2185.00000000,0.10857440
134.00000000,2186.00000000,0.10945850
134.00000000,2187.00000000,0.11034648
134.00000000,2188.00000000,0.11123823
134.00000000,2189.00000000,0.11213375
134.00000000,2190.00000000,0.11303291
134.00000000,2191.00000000,0.11393558
134.00000000,2192.00000000,0.11484175
134.00000000,2193.00000000,0.11575125
134.00000000,2194.00000000,0.11666395
134.00000000,2195.00000000,0.11738539
134.00000000,2196.00000000,0.11810927
134.00000000,2197.00000000,0.11883562
134.00000000,2198.00000000,0.11956435
134.00000000,2199.00000000,0.12029539
134.00000000,2200.00000000,0.12102876
134.00000000,2201.00000000,0.12176437
134.00000000,2202.00000000,0.12250214
134.00000000,2203.00000000,0.12324204
134.00000000,2204.00000000,0.12398399
134.00000000,2205.00000000,0.12455048
134.00000000,2206.00000000,0.12511838
134.00000000,2207.00000000,0.12568760
134.00000000,2208.00000000,0.12625820
134.00000000,2209.00000000,0.12683015
134.00000000,2210.00000000,0.12740339
134.00000000,2211.00000000,0.12797796
134.00000000,2212.00000000,0.12855382
134.00000000,2213.00000000,0.12913092
134.00000000,2214.00000000,0.12970925
134.00000000,2215.00000000,0.13018849
134.00000000,2216.00000000,0.13066855
134.00000000,2217.00000000,0.13114948
134.00000000,2218.00000000,0.13163123
134.00000000,2219.00000000,0.13211389
134.00000000,2220.00000000,0.13259738
134.00000000,2221.00000000,0.13308169
134.00000000,2222.00000000,0.13356685
134.00000000,2223.00000000,0.13405285
134.00000000,2224.00000000,0.13453961
134.00000000,2225.00000000,0.13492244
134.00000000,2226.00000000,0.13530570
134.00000000,2227.00000000,0.13568934
134.00000000,2228.00000000,0.13607347
134.00000000,2229.00000000,0.13645806
134.00000000,2230.00000000,0.13684308
134.00000000,2231.00000000,0.13722863
134.00000000,2232.00000000,0.13761460
134.00000000,2233.00000000,0.13800109
134.00000000,2234.00000000,0.13838806
134.00000000,2235.00000000,0.13869397
134.00000000,2236.00000000,0.13900014
134.00000000,2237.00000000,0.13930651
134.00000000,2238.00000000,0.13961306
134.00000000,2239.00000000,0.13991988
134.00000000,2240.00000000,0.14022697
134.00000000,2241.00000000,0.14053426
134.00000000,2242.00000000,0.14084187
134.00000000,2243.00000000,0.14114970
134.00000000,2244.00000000,0.14145785
134.00000000,2245.00000000,0.14176633
134.00000000,2246.00000000,0.14207505
134.00000000,2247.00000000,0.14238413
134.00000000,2248.00000000,0.14269352
134.00000000,2249.00000000,0.14300306
134.00000000,2250.00000000,0.14331184
134.00000000,2251.00000000,0.14361803
134.00000000,2252.00000000,0.14391985
134.00000000,2253.00000000,0.14421646
134.00000000,2254.00000000,0.14450737
134.00000000,2255.00000000,0.14479242
134.00000000,2256.00000000,0.14507167
134.00000000,2257.00000000,0.14534500
134.00000000,2258.00000000,0.14561254
134.00000000,2259.00000000,0.14587435
134.00000000,2260.00000000,0.14613042
134.00000000,2261.00000000,0.14638104
134.00000000,2262.00000000,0.14662635
134.00000000,2263.00000000,0.14686649
134.00000000,2264.00000000,0.14710171
134.00000000,2265.00000000,0.14733212
134.00000000,2266.00000000,0.14755768
134.00000000,2267.00000000,0.14777866
134.00000000,2268.00000000,0.14799499
134.00000000,2269.00000000,0.14820691
134.00000000,2270.00000000,0.14841439
134.00000000,2271.00000000,0.14861745
134.00000000,2272.00000000,0.14881629
134.00000000,2273.00000000,0.14901089
134.00000000,2274.00000000,0.14920127
134.00000000,2275.00000000,0.14938758
134.00000000,2276.00000000,0.14956985
134.00000000,2277.00000000,0.14974802
134.00000000,2278.00000000,0.14992230
134.00000000,2279.00000000,0.15009263
134.00000000,2280.00000000,0.15025911
134.00000000,2281.00000000,0.15042177
134.00000000,2282.00000000,0.15058051
134.00000000,2283.00000000,0.15073548
134.00000000,2284.00000000,0.15088654
134.00000000,2285.00000000,0.15045060
134.00000000,2286.00000000,0.15000999
134.00000000,2287.00000000,0.14956478
134.00000000,2288.00000000,0.14911502
134.00000000,2289.00000000,0.14866094
134.00000000,2290.00000000,0.14820261
134.00000000,2291.00000000,0.14774008
134.00000000,2292.00000000,0.14727357
134.00000000,2293.00000000,0.14680306
134.00000000,2294.00000000,0.14632879
134.00000000,2295.00000000,0.14585075
134.00000000,2296.00000000,0.14536905
134.00000000,2297.00000000,0.14488383
134.00000000,2298.00000000,0.14439517
134.00000000,2299.00000000,0.14390308
134.00000000,2300.00000000,0.14340777
134.00000000,2301.00000000,0.14290925
134.00000000,2302.00000000,0.14240754
134.00000000,2303.00000000,0.14190283
134.00000000,2304.00000000,0.14139505
134.00000000,2305.00000000,0.14088443
134.00000000,2306.00000000,0.14037095
134.00000000,2307.00000000,0.13985464
134.00000000,2308.00000000,0.13933569
134.00000000,2309.00000000,0.13881410
134.00000000,2310.00000000,0.13828988
134.00000000,2311.00000000,0.13776322
134.00000000,2312.00000000,0.13723411
134.00000000,2313.00000000,0.13670257
134.00000000,2314.00000000,0.13616877
134.00000000,2315.00000000,0.13563270
134.00000000,2316.00000000,0.13509438
134.00000000,2317.00000000,0.13455397
134.00000000,2318.00000000,0.13401141
134.00000000,2319.00000000,0.13346687
134.00000000,2320.00000000,0.13292034
134.00000000,2321.00000000,0.13237182
134.00000000,2322.00000000,0.13182147
134.00000000,2323.00000000,0.13126928
134.00000000,2324.00000000,0.13071526
134.00000000,2325.00000000,0.13015954
134.00000000,2326.00000000,0.12960212
134.00000000,2327.00000000,0.12904299
134.00000000,2328.00000000,0.12848231
134.00000000,2329.00000000,0.12792002
134.00000000,2330.00000000,0.12735623
134.00000000,2331.00000000,0.12679096
134.00000000,2332.00000000,0.12622422
134.00000000,2333.00000000,0.12565610
134.00000000,2334.00000000,0.12508661
134.00000000,2335.00000000,0.12451575
134.00000000,2336.00000000,0.12394364
134.00000000,2337.00000000,0.12337027
134.00000000,2338.00000000,0.12279562
134.00000000,2339.00000000,0.12221983
134.00000000,2340.00000000,0.12164288
134.00000000,2341.00000000,0.12106478
134.00000000,2342.00000000,0.12048562
134.00000000,2343.00000000,0.11990536
134.00000000,2344.00000000,0.11932411
134.00000000,2345.00000000,0.11874187
134.00000000,2346.00000000,0.11815862
134.00000000,2347.00000000,0.11757446
134.00000000,2348.00000000,0.11698941
134.00000000,2349.00000000,0.11640343
134.00000000,2350.00000000,0.11581663
134.00000000,2351.00000000,0.11522901
134.00000000,2352.00000000,0.11464056
134.00000000,2353.00000000,0.11405138
134.00000000,2354.00000000,0.11346143
134.00000000,2355.00000000,0.11287079
134.00000000,2356.00000000,0.11227948
134.00000000,2357.00000000,0.11168746
134.00000000,2358.00000000,0.11109484
134.00000000,2359.00000000,0.11050161
134.00000000,2360.00000000,0.10990774
134.00000000,2361.00000000,0.10931336
134.00000000,2362.00000000,0.10871842
134.00000000,2363.00000000,0.10812292
134.00000000,2364.00000000,0.10752696
134.00000000,2365.00000000,0.10693049
134.00000000,2366.00000000,0.10633361
134.00000000,2367.00000000,0.10573628
134.00000000,2368.00000000,0.10513850
134.00000000,2369.00000000,0.10454037
134.00000000,2370.00000000,0.10394188
134.00000000,2371.00000000,0.10334299
134.00000000,2372.00000000,0.10274381
134.00000000,2373.00000000,0.10214434
134.00000000,2374.00000000,0.10154452
134.00000000,2375.00000000,0.10094447
134.00000000,2376.00000000,0.10034419
134.00000000,2377.00000000,0.09974363
134.00000000,2378.00000000,0.09914292
134.00000000,2379.00000000,0.09854198
134.00000000,2380.00000000,0.09794093
134.00000000,2381.00000000,0.09733978
134.00000000,2382.00000000,0.09673854
134.00000000,2383.00000000,0.09626423
134.00000000,2384.00000000,0.09616352
134.00000000,2385.00000000,0.09616503
134.00000000,2386.00000000,0.09616674
134.00000000,2387.00000000,0.09616865
134.00000000,2388.00000000,0.09617068
134.00000000,2389.00000000,0.09617293
134.00000000,2390.00000000,0.09619130
134.00000000,2391.00000000,0.09620988
134.00000000,2392.00000000,0.09622863
134.00000000,2393.00000000,0.09624747
134.00000000,2394.00000000,0.09626651
134.00000000,2395.00000000,0.09625405
134.00000000,2396.00000000,0.09624166
134.00000000,2397.00000000,0.09622945
134.00000000,2398.00000000,0.09621737
134.00000000,2399.00000000,0.09620536
134.00000000,2400.00000000,0.09619351
134.00000000,2401.00000000,0.09618177
134.00000000,2402.00000000,0.09617009
134.00000000,2403.00000000,0.09615858
134.00000000,2404.00000000,0.09614713
134.00000000,2405.00000000,0.09613584
134.00000000,2406.00000000,0.09612465
134.00000000,2407.00000000,0.09611352
134.00000000,2408.00000000,0.09610254
134.00000000,2409.00000000,0.09609165
134.00000000,2410.00000000,0.09607945
134.00000000,2411.00000000,0.09606738
134.00000000,2412.00000000,0.09605540
134.00000000,2413.00000000,0.09604347
134.00000000,2414.00000000,0.09603167
134.00000000,2415.00000000,0.09601990
134.00000000,2416.00000000,0.09600826
134.00000000,2417.00000000,0.09599672
134.00000000,2418.00000000,0.09598519
134.00000000,2419.00000000,0.09597379
134.00000000,2420.00000000,0.09596246
134.00000000,2421.00000000,0.09595116
134.00000000,2422.00000000,0.09593998
134.00000000,2423.00000000,0.09592886
134.00000000,2424.00000000,0.09591777
134.00000000,2425.00000000,0.09590678
134.00000000,2426.00000000,0.09589581
134.00000000,2427.00000000,0.09588496
134.00000000,2428.00000000,0.09587417
134.00000000,2429.00000000,0.09586337
134.00000000,2430.00000000,0.09585270
134.00000000,2431.00000000,0.09584207
134.00000000,2432.00000000,0.09583145
134.00000000,2433.00000000,0.09582094
134.00000000,2434.00000000,0.09581047
134.00000000,2435.00000000,0.09580306
134.00000000,2436.00000000,0.09579574
134.00000000,2437.00000000,0.09578848
134.00000000,2438.00000000,0.09578120
134.00000000,2439.00000000,0.09577403
134.00000000,2440.00000000,0.09576686
134.00000000,2441.00000000,0.09575978
134.00000000,2442.00000000,0.09575274
134.00000000,2443.00000000,0.09574570
134.00000000,2444.00000000,0.09573874
134.00000000,2445.00000000,0.09573183
134.00000000,2446.00000000,0.09572490
134.00000000,2447.00000000,0.09571808
134.00000000,2448.00000000,0.09571128
134.00000000,2449.00000000,0.09570446
134.00000000,2450.00000000,0.09569773
134.00000000,2451.00000000,0.09569099
134.00000000,2452.00000000,0.09568432
134.00000000,2453.00000000,0.09567770
134.00000000,2454.00000000,0.09567103
134.00000000,2455.00000000,0.09566445
134.00000000,2456.00000000,0.09565790
134.00000000,2457.00000000,0.09565131
134.00000000,2458.00000000,0.09564480
134.00000000,2459.00000000,0.09563832
134.00000000,2460.00000000,0.09563181
134.00000000,2461.00000000,0.09562537
134.00000000,2462.00000000,0.09561895
134.00000000,2463.00000000,0.09561250
134.00000000,2464.00000000,0.09560611
134.00000000,2465.00000000,0.09559970
134.00000000,2466.00000000,0.09559336
134.00000000,2467.00000000,0.09558704
134.00000000,2468.00000000,0.09558067
134.00000000,2469.00000000,0.09557438
134.00000000,2470.00000000,0.09556810
134.00000000,2471.00000000,0.09556179
134.00000000,2472.00000000,0.09555555
134.00000000,2473.00000000,0.09554933
134.00000000,2474.00000000,0.09554304
134.00000000,2475.00000000,0.09553685
134.00000000,2476.00000000,0.09553060
134.00000000,2477.00000000,0.09552443
134.00000000,2478.00000000,0.09551827
134.00000000,2479.00000000,0.09551205
134.00000000,2480.00000000,0.09550591
134.00000000,2481.00000000,0.09549979
134.00000000,2482.00000000,0.09549361
134.00000000,2483.00000000,0.09548751
134.00000000,2484.00000000,0.09548141
134.00000000,2485.00000000,0.09547438
134.00000000,2486.00000000,0.09546744
134.00000000,2487.00000000,0.09546050
134.00000000,2488.00000000,0.09545350
134.00000000,2489.00000000,0.09544658
134.00000000,2490.00000000,0.09543959
134.00000000,2491.00000000,0.09543267
134.00000000,2492.00000000,0.09542577
134.00000000,2493.00000000,0.09541880
134.00000000,2494.00000000,0.09541191
134.00000000,2495.00000000,0.09540503
134.00000000,2496.00000000,0.09539806
134.00000000,2497.00000000,0.09539119
134.00000000,2498.00000000,0.09538432
134.00000000,2499.00000000,0.09537737
134.00000000,2500.00000000,0.09537051
135.00000000,1765.00000000,0.06763926
135.00000000,1766.00000000,0.06763937
135.00000000,1767.00000000,0.06763929
135.00000000,1768.00000000,0.06763948
135.00000000,1769.00000000,0.06763979
135.00000000,1770.00000000,0.06764000
135.00000000,1771.00000000,0.06764059
135.00000000,1772.00000000,0.06764127
135.00000000,1773.00000000,0.06764189
135.00000000,1774.00000000,0.06764285
135.00000000,1775.00000000,0.06764386
135.00000000,1776.00000000,0.06764489
135.00000000,1777.00000000,0.06764625
135.00000000,1778.00000000,0.06764776
135.00000000,1779.00000000,0.06764908
135.00000000,1780.00000000,0.06765071
135.00000000,1781.00000000,0.06765248
135.00000000,1782.00000000,0.06765432
135.00000000,1783.00000000,0.06765626
135.00000000,1784.00000000,0.06765841
135.00000000,1785.00000000,0.06766050
135.00000000,1786.00000000,0.06766284
135.00000000,1787.00000000,0.06766499
135.00000000,1788.00000000,0.06766733
135.00000000,1789.00000000,0.06766982
135.00000000,1790.00000000,0.06767253
135.00000000,1791.00000000,0.06767509
135.00000000,1792.00000000,0.06767780
135.00000000,1793.00000000,0.06768056
135.00000000,1794.00000000,0.06768337
135.00000000,1795.00000000,0.06768627
135.00000000,1796.00000000,0.06768929
135.00000000,1797.00000000,0.06769212
135.00000000,1798.00000000,0.06769521
135.00000000,1799.00000000,0.06769829
135.00000000,1800.00000000,0.06770137
135.00000000,1801.00000000,0.06770452
135.00000000,1802.00000000,0.06770771
135.00000000,1803.00000000,0.06771100
135.00000000,1804.00000000,0.06771421
135.00000000,1805.00000000,0.06771747
135.00000000,1806.00000000,0.06772068
135.00000000,1807.00000000,0.06772405
135.00000000,1808.00000000,0.06772737
135.00000000,1809.00000000,0.06773080
135.00000000,1810.00000000,0.06773418
135.00000000,1811.00000000,0.06773766
135.00000000,1812.00000000,0.06774103
135.00000000,1813.00000000,0.06774446
135.00000000,1814.00000000,0.06774801
135.00000000,1815.00000000,0.06775146
135.00000000,1816.00000000,0.06775491
135.00000000,1817.00000000,0.06775838
135.00000000,1818.00000000,0.06776194
135.00000000,1819.00000000,0.06776540
135.00000000,1820.00000000,0.06776889
135.00000000,1821.00000000,0.06777238
135.00000000,1822.00000000,0.06777595
135.00000000,1823.00000000,0.06777947
135.00000000,1824.00000000,0.06778295
135.00000000,1825.00000000,0.06778650
135.00000000,1826.00000000,0.06779000
135.00000000,1827.00000000,0.06779349
135.00000000,1828.00000000,0.06779695
135.00000000,1829.00000000,0.06780046
135.00000000,1830.00000000,0.06780396
135.00000000,1831.00000000,0.06780742
135.00000000,1832.00000000,0.06781085
135.00000000,1833.00000000,0.06781427
135.00000000,1834.00000000,0.06781764
135.00000000,1835.00000000,0.06782101
135.00000000,1836.00000000,0.06782447
135.00000000,1837.00000000,0.06782782
135.00000000,1838.00000000,0.06783110
135.00000000,1839.00000000,0.06783454
135.00000000,1840.00000000,0.06783773
135.00000000,1841.00000000,0.06784102
135.00000000,1842.00000000,0.06784432
135.00000000,1843.00000000,0.06784758
135.00000000,1844.00000000,0.06785065
135.00000000,1845.00000000,0.06785390
135.00000000,1846.00000000,0.06785703
135.00000000,1847.00000000,0.06786015
135.00000000,1848.00000000,0.06786329
135.00000000,1849.00000000,0.06786629
135.00000000,1850.00000000,0.06786931
135.00000000,1851.00000000,0.06787228
135.00000000,1852.00000000,0.06787523
135.00000000,1853.00000000,0.06787839
135.00000000,1854.00000000,0.06788175
135.00000000,1855.00000000,0.06788510
135.00000000,1856.00000000,0.06788831
135.00000000,1857.00000000,0.06789146
135.00000000,1858.00000000,0.06789449
135.00000000,1859.00000000,0.06789748
135.00000000,1860.00000000,0.06790040
135.00000000,1861.00000000,0.06790330
135.00000000,1862.00000000,0.06790599
135.00000000,1863.00000000,0.06790814
135.00000000,1864.00000000,0.06790976
135.00000000,1865.00000000,0.06791106
135.00000000,1866.00000000,0.06791203
135.00000000,1867.00000000,0.06791272
135.00000000,1868.00000000,0.06791319
135.00000000,1869.00000000,0.06791338
135.00000000,1870.00000000,0.06791339
135.00000000,1871.00000000,0.06791328
135.00000000,1872.00000000,0.06791320
135.00000000,1873.00000000,0.06791384
135.00000000,1874.00000000,0.06791494
135.00000000,1875.00000000,0.06791629
135.00000000,1876.00000000,0.06791794
135.00000000,1877.00000000,0.06791972
135.00000000,1878.00000000,0.06792171
135.00000000,1879.00000000,0.06792381
135.00000000,1880.00000000,0.06792595
135.00000000,1881.00000000,0.06792814
135.00000000,1882.00000000,0.06793035
135.00000000,1883.00000000,0.06793217
135.00000000,1884.00000000,0.06793364
135.00000000,1885.00000000,0.06793489
135.00000000,1886.00000000,0.06793599
135.00000000,1887.00000000,0.06793702
135.00000000,1888.00000000,0.06793788
135.00000000,1889.00000000,0.06793852
135.00000000,1890.00000000,0.06793890
135.00000000,1891.00000000,0.06793902
135.00000000,1892.00000000,0.06793890
135.00000000,1893.00000000,0.06793869
135.00000000,1894.00000000,0.06793852
135.00000000,1895.00000000,0.06793848
135.00000000,1896.00000000,0.06793854
135.00000000,1897.00000000,0.06793859
135.00000000,1898.00000000,0.06793861
135.00000000,1899.00000000,0.06793855
135.00000000,1900.00000000,0.06793828
135.00000000,1901.00000000,0.06794415
135.00000000,1902.00000000,0.06794394
135.00000000,1903.00000000,0.06794389
135.00000000,1904.00000000,0.06794404
135.00000000,1905.00000000,0.06794445
135.00000000,1906.00000000,0.06794725
135.00000000,1907.00000000,0.06794816
135.00000000,1908.00000000,0.06794907
135.00000000,1909.00000000,0.06794998
135.00000000,1910.00000000,0.06795101
135.00000000,1911.00000000,0.06795196
135.00000000,1912.00000000,0.06795239
135.00000000,1913.00000000,0.06795210
135.00000000,1914.00000000,0.06795100
135.00000000,1915.00000000,0.06794957
135.00000000,1916.00000000,0.06795023
135.00000000,1917.00000000,0.06794883
135.00000000,1918.00000000,0.06794730
135.00000000,1919.00000000,0.06794586
135.00000000,1920.00000000,0.06794495
135.00000000,1921.00000000,0.06794466
135.00000000,1922.00000000,0.06794525
135.00000000,1923.00000000,0.06794648
135.00000000,1924.00000000,0.06794784
135.00000000,1925.00000000,0.06794912
135.00000000,1926.00000000,0.06795246
135.00000000,1927.00000000,0.06795375
135.00000000,1928.00000000,0.06795515
135.00000000,1929.00000000,0.06795652
135.00000000,1930.00000000,0.06795811
135.00000000,1931.00000000,0.06796063
135.00000000,1932.00000000,0.06796642
135.00000000,1933.00000000,0.06797084
135.00000000,1934.00000000,0.06797568
135.00000000,1935.00000000,0.06798266
135.00000000,1936.00000000,0.06798708
135.00000000,1937.00000000,0.06799484
135.00000000,1938.00000000,0.06799527
135.00000000,1939.00000000,0.06799694
135.00000000,1940.00000000,0.06799806
135.00000000,1941.00000000,0.06800043
135.00000000,1942.00000000,0.06799973
135.00000000,1943.00000000,0.06799844
135.00000000,1944.00000000,0.06799676
135.00000000,1945.00000000,0.06799496
135.00000000,1946.00000000,0.06799619
135.00000000,1947.00000000,0.06799682
135.00000000,1948.00000000,0.06799818
135.00000000,1949.00000000,0.06799961
135.00000000,1950.00000000,0.06800305
135.00000000,1951.00000000,0.06800636
135.00000000,1952.00000000,0.06801033
135.00000000,1953.00000000,0.06801242
135.00000000,1954.00000000,0.06801450
135.00000000,1955.00000000,0.06801686
135.00000000,1956.00000000,0.06801919
135.00000000,1957.00000000,0.06802342
135.00000000,1958.00000000,0.06802729
135.00000000,1959.00000000,0.06802845
135.00000000,1960.00000000,0.06803011
135.00000000,1961.00000000,0.06802817
135.00000000,1962.00000000,0.06802751
135.00000000,1963.00000000,0.06802396
135.00000000,1964.00000000,0.06801952
135.00000000,1965.00000000,0.06802637
135.00000000,1966.00000000,0.06801732
135.00000000,1967.00000000,0.06800923
135.00000000,1968.00000000,0.06800186
135.00000000,1969.00000000,0.06799052
135.00000000,1970.00000000,0.06797904
135.00000000,1971.00000000,0.06797095
135.00000000,1972.00000000,0.06795078
135.00000000,1973.00000000,0.06792946
135.00000000,1974.00000000,0.06790559
135.00000000,1975.00000000,0.06788223
135.00000000,1976.00000000,0.06785635
135.00000000,1977.00000000,0.06783271
135.00000000,1978.00000000,0.06780680
135.00000000,1979.00000000,0.06778268
135.00000000,1980.00000000,0.06776215
135.00000000,1981.00000000,0.06773304
135.00000000,1982.00000000,0.06771201
135.00000000,1983.00000000,0.06769049
135.00000000,1984.00000000,0.06767683
135.00000000,1985.00000000,0.06766802
135.00000000,1986.00000000,0.06765251
135.00000000,1987.00000000,0.06764408
135.00000000,1988.00000000,0.06763374
135.00000000,1989.00000000,0.06763970
135.00000000,1990.00000000,0.06762850
135.00000000,1991.00000000,0.06762330
135.00000000,1992.00000000,0.06761018
135.00000000,1993.00000000,0.06759750
135.00000000,1994.00000000,0.06759411
135.00000000,1995.00000000,0.06759761
135.00000000,1996.00000000,0.06759291
135.00000000,1997.00000000,0.06758357
135.00000000,1998.00000000,0.06758389
135.00000000,1999.00000000,0.06758628
135.00000000,2000.00000000,0.06758676
135.00000000,2001.00000000,0.06757886
135.00000000,2002.00000000,0.06758144
135.00000000,2003.00000000,0.06757760
135.00000000,2004.00000000,0.06757712
135.00000000,2005.00000000,0.06757035
135.00000000,2006.00000000,0.06756864
135.00000000,2007.00000000,0.06758022
135.00000000,2008.00000000,0.06757645
135.00000000,2009.00000000,0.06752648
135.00000000,2010.00000000,0.06752361
135.00000000,2011.00000000,0.06749569
135.00000000,2012.00000000,0.06746559
135.00000000,2013.00000000,0.06743003
135.00000000,2014.00000000,0.06741790
135.00000000,2015.00000000,0.06742817
135.00000000,2016.00000000,0.06739707
135.00000000,2017.00000000,0.06737605
135.00000000,2018.00000000,0.06735912
135.00000000,2019.00000000,0.06731356
135.00000000,2020.00000000,0.06726414
135.00000000,2021.00000000,0.06721721
135.00000000,2022.00000000,0.06718931
135.00000000,2023.00000000,0.06719693
135.00000000,2024.00000000,0.06713821
135.00000000,2025.00000000,0.06713774
135.00000000,2026.00000000,0.06711003
135.00000000,2027.00000000,0.06705318
135.00000000,2028.00000000,0.06698362
135.00000000,2029.00000000,0.06694820
135.00000000,2030.00000000,0.06693268
135.00000000,2031.00000000,0.06689648
135.00000000,2032.00000000,0.06687603
135.00000000,2033.00000000,0.06686297
135.00000000,2034.00000000,0.06688336
135.00000000,2035.00000000,0.06687257
135.00000000,2036.00000000,0.06684269
135.00000000,2037.00000000,0.06680387
135.00000000,2038.00000000,0.06683846
135.00000000,2039.00000000,0.06678369
135.00000000,2040.00000000,0.06679218
135.00000000,2041.00000000,0.06680961
135.00000000,2042.00000000,0.06689158
135.00000000,2043.00000000,0.06675032
135.00000000,2044.00000000,0.06674519
135.00000000,2045.00000000,0.06673627
135.00000000,2046.00000000,0.06669177
135.00000000,2047.00000000,0.06669718
135.00000000,2048.00000000,0.06674240
135.00000000,2049.00000000,0.06647526
135.00000000,2050.00000000,0.06636728
135.00000000,2051.00000000,0.06640627
135.00000000,2052.00000000,0.06642615
135.00000000,2053.00000000,0.06630114
135.00000000,2054.00000000,0.06595746
135.00000000,2055.00000000,0.06611553
135.00000000,2056.00000000,0.06577330
135.00000000,2057.00000000,0.06576548
135.00000000,2058.00000000,0.06591890
135.00000000,2059.00000000,0.06581418
135.00000000,2060.00000000,0.06574609
135.00000000,2061.00000000,0.06566994
135.00000000,2062.00000000,0.06573156
135.00000000,2063.00000000,0.06564632
135.00000000,2064.00000000,0.06571055
135.00000000,2065.00000000,0.06544367
135.00000000,2066.00000000,0.06513786
135.00000000,2067.00000000,0.06487225
135.00000000,2068.00000000,0.06487541
135.00000000,2069.00000000,0.06494516
135.00000000,2070.00000000,0.06496645
135.00000000,2071.00000000,0.06508280
135.00000000,2072.00000000,0.06515474
135.00000000,2073.00000000,0.06495061
135.00000000,2074.00000000,0.06497178
135.00000000,2075.00000000,0.06510352
135.00000000,2076.00000000,0.06510092
135.00000000,2077.00000000,0.06504967
135.00000000,2078.00000000,0.06507841
135.00000000,2079.00000000,0.06500183
135.00000000,2080.00000000,0.06452251
135.00000000,2081.00000000,0.06461388
135.00000000,2082.00000000,0.06485107
135.00000000,2083.00000000,0.06494625
135.00000000,2084.00000000,0.06480614
135.00000000,2085.00000000,0.06515880
135.00000000,2086.00000000,0.06537733
135.00000000,2087.00000000,0.06539272
135.00000000,2088.00000000,0.06544252
135.00000000,2089.00000000,0.06545574
135.00000000,2090.00000000,0.06575863
135.00000000,2091.00000000,0.06598349
135.00000000,2092.00000000,0.06613051
135.00000000,2093.00000000,0.06622042
135.00000000,2094.00000000,0.06644642
135.00000000,2095.00000000,0.06664319
135.00000000,2096.00000000,0.06666088
135.00000000,2097.00000000,0.06684607
135.00000000,2098.00000000,0.06711149
135.00000000,2099.00000000,0.06740144
135.00000000,2100.00000000,0.06765113
135.00000000,2101.00000000,0.06794548
135.00000000,2102.00000000,0.06814255
135.00000000,2103.00000000,0.06847285
135.00000000,2104.00000000,0.06886998
135.00000000,2105.00000000,0.06938702
135.00000000,2106.00000000,0.06968359
135.00000000,2107.00000000,0.07000618
135.00000000,2108.00000000,0.07045559
135.00000000,2109.00000000,0.07049040
135.00000000,2110.00000000,0.07045779
135.00000000,2111.00000000,0.07097151
135.00000000,2112.00000000,0.07126352
135.00000000,2113.00000000,0.07142904
135.00000000,2114.00000000,0.07197279
135.00000000,2115.00000000,0.07190156
135.00000000,2116.00000000,0.07163273
135.00000000,2117.00000000,0.07159047
135.00000000,2118.00000000,0.07159402
135.00000000,2119.00000000,0.07195903
135.00000000,2120.00000000,0.07227831
135.00000000,2121.00000000,0.07262112
135.00000000,2122.00000000,0.07292348
135.00000000,2123.00000000,0.07335112
135.00000000,2124.00000000,0.07362320
135.00000000,2125.00000000,0.07376883
135.00000000,2126.00000000,0.07398097
135.00000000,2127.00000000,0.07381556
135.00000000,2128.00000000,0.07387514
135.00000000,2129.00000000,0.07413986
135.00000000,2130.00000000,0.07442784
135.00000000,2131.00000000,0.07473177
135.00000000,2132.00000000,0.07498442
135.00000000,2133.00000000,0.07498411
135.00000000,2134.00000000,0.07500737
135.00000000,2135.00000000,0.07536870
135.00000000,2136.00000000,0.07572291
135.00000000,2137.00000000,0.07588369
135.00000000,2138.00000000,0.07656237
135.00000000,2139.00000000,0.07733202
135.00000000,2140.00000000,0.07794606
135.00000000,2141.00000000,0.07836473
135.00000000,2142.00000000,0.07878564
135.00000000,2143.00000000,0.07920886
135.00000000,2144.00000000,0.07963387
135.00000000,2145.00000000,0.08006072
135.00000000,2146.00000000,0.08061668
135.00000000,2147.00000000,0.08117454
135.00000000,2148.00000000,0.08173430
135.00000000,2149.00000000,0.08229590
135.00000000,2150.00000000,0.08285926
135.00000000,2151.00000000,0.08342482
135.00000000,2152.00000000,0.08399379
135.00000000,2153.00000000,0.08456733
135.00000000,2154.00000000,0.08514609
135.00000000,2155.00000000,0.08573030
135.00000000,2156.00000000,0.08626372
135.00000000,2157.00000000,0.08680266
135.00000000,2158.00000000,0.08734702
135.00000000,2159.00000000,0.08789684
135.00000000,2160.00000000,0.08845200
135.00000000,2161.00000000,0.08901242
135.00000000,2162.00000000,0.08957807
135.00000000,2163.00000000,0.09014888
135.00000000,2164.00000000,0.09072479
135.00000000,2165.00000000,0.09130583
135.00000000,2166.00000000,0.09200976
135.00000000,2167.00000000,0.09271887
135.00000000,2168.00000000,0.09343312
135.00000000,2169.00000000,0.09415241
135.00000000,2170.00000000,0.09487663
135.00000000,2171.00000000,0.09560578
135.00000000,2172.00000000,0.09633971
135.00000000,2173.00000000,0.09707843
135.00000000,2174.00000000,0.09782186
135.00000000,2175.00000000,0.09856992
135.00000000,2176.00000000,0.09940920
135.00000000,2177.00000000,0.10025323
135.00000000,2178.00000000,0.10110189
135.00000000,2179.00000000,0.10195515
135.00000000,2180.00000000,0.10281292
135.00000000,2181.00000000,0.10367508
135.00000000,2182.00000000,0.10454161
135.00000000,2183.00000000,0.10541237
135.00000000,2184.00000000,0.10628735
135.00000000,2185.00000000,0.10716643
135.00000000,2186.00000000,0.10804458
135.00000000,2187.00000000,0.10892669
135.00000000,2188.00000000,0.10981267
135.00000000,2189.00000000,0.11070240
135.00000000,2190.00000000,0.11159587
135.00000000,2191.00000000,0.11249296
135.00000000,2192.00000000,0.11339354
135.00000000,2193.00000000,0.11429760
135.00000000,2194.00000000,0.11520498
135.00000000,2195.00000000,0.11611553
135.00000000,2196.00000000,0.11683572
135.00000000,2197.00000000,0.11755833
135.00000000,2198.00000000,0.11828340
135.00000000,2199.00000000,0.11901083
135.00000000,2200.00000000,0.11974056
135.00000000,2201.00000000,0.12047259
135.00000000,2202.00000000,0.12120687
135.00000000,2203.00000000,0.12194329
135.00000000,2204.00000000,0.12268186
135.00000000,2205.00000000,0.12342246
135.00000000,2206.00000000,0.12398838
135.00000000,2207.00000000,0.12455572
135.00000000,2208.00000000,0.12512436
135.00000000,2209.00000000,0.12569437
135.00000000,2210.00000000,0.12626573
135.00000000,2211.00000000,0.12683837
135.00000000,2212.00000000,0.12741233
135.00000000,2213.00000000,0.12798759
135.00000000,2214.00000000,0.12856408
135.00000000,2215.00000000,0.12914181
135.00000000,2216.00000000,0.12962089
135.00000000,2217.00000000,0.13010077
135.00000000,2218.00000000,0.13058153
135.00000000,2219.00000000,0.13106311
135.00000000,2220.00000000,0.13154556
135.00000000,2221.00000000,0.13202888
135.00000000,2222.00000000,0.13251300
135.00000000,2223.00000000,0.13299801
135.00000000,2224.00000000,0.13348383
135.00000000,2225.00000000,0.13397042
135.00000000,2226.00000000,0.13435351
135.00000000,2227.00000000,0.13473703
135.00000000,2228.00000000,0.13512094
135.00000000,2229.00000000,0.13550536
135.00000000,2230.00000000,0.13589024
135.00000000,2231.00000000,0.13627554
135.00000000,2232.00000000,0.13666134
135.00000000,2233.00000000,0.13704759
135.00000000,2234.00000000,0.13743436
135.00000000,2235.00000000,0.13782164
135.00000000,2236.00000000,0.13812818
135.00000000,2237.00000000,0.13843496
135.00000000,2238.00000000,0.13874196
135.00000000,2239.00000000,0.13904914
135.00000000,2240.00000000,0.13935663
135.00000000,2241.00000000,0.13966434
135.00000000,2242.00000000,0.13997228
135.00000000,2243.00000000,0.14028052
135.00000000,2244.00000000,0.14058903
135.00000000,2245.00000000,0.14089785
135.00000000,2246.00000000,0.14120697
135.00000000,2247.00000000,0.14151636
135.00000000,2248.00000000,0.14182613
135.00000000,2249.00000000,0.14213604
135.00000000,2250.00000000,0.14244514
135.00000000,2251.00000000,0.14275170
135.00000000,2252.00000000,0.14305397
135.00000000,2253.00000000,0.14335096
135.00000000,2254.00000000,0.14364236
135.00000000,2255.00000000,0.14392796
135.00000000,2256.00000000,0.14420770
135.00000000,2257.00000000,0.14448166
135.00000000,2258.00000000,0.14474979
135.00000000,2259.00000000,0.14501225
135.00000000,2260.00000000,0.14526909
135.00000000,2261.00000000,0.14552039
135.00000000,2262.00000000,0.14576649
135.00000000,2263.00000000,0.14600751
135.00000000,2264.00000000,0.14624355
135.00000000,2265.00000000,0.14647484
135.00000000,2266.00000000,0.14670141
135.00000000,2267.00000000,0.14692329
135.00000000,2268.00000000,0.14714071
135.00000000,2269.00000000,0.14735358
135.00000000,2270.00000000,0.14756214
135.00000000,2271.00000000,0.14776638
135.00000000,2272.00000000,0.14796629
135.00000000,2273.00000000,0.14816209
135.00000000,2274.00000000,0.14835374
135.00000000,2275.00000000,0.14854125
135.00000000,2276.00000000,0.14872481
135.00000000,2277.00000000,0.14890438
135.00000000,2278.00000000,0.14907999
135.00000000,2279.00000000,0.14925178
135.00000000,2280.00000000,0.14941968
135.00000000,2281.00000000,0.14958383
135.00000000,2282.00000000,0.14974422
135.00000000,2283.00000000,0.14990077
135.00000000,2284.00000000,0.15005361
135.00000000,2285.00000000,0.15020264
135.00000000,2286.00000000,0.14976736
135.00000000,2287.00000000,0.14932749
135.00000000,2288.00000000,0.14888308
135.00000000,2289.00000000,0.14843423
135.00000000,2290.00000000,0.14798111
135.00000000,2291.00000000,0.14752382
135.00000000,2292.00000000,0.14706239
135.00000000,2293.00000000,0.14659705
135.00000000,2294.00000000,0.14612777
135.00000000,2295.00000000,0.14565478
135.00000000,2296.00000000,0.14517809
135.00000000,2297.00000000,0.14469780
135.00000000,2298.00000000,0.14421404
135.00000000,2299.00000000,0.14372689
135.00000000,2300.00000000,0.14323636
135.00000000,2301.00000000,0.14274266
135.00000000,2302.00000000,0.14224578
135.00000000,2303.00000000,0.14174575
135.00000000,2304.00000000,0.14124275
135.00000000,2305.00000000,0.14073674
135.00000000,2306.00000000,0.14022792
135.00000000,2307.00000000,0.13971628
135.00000000,2308.00000000,0.13920185
135.00000000,2309.00000000,0.13868482
135.00000000,2310.00000000,0.13816518
135.00000000,2311.00000000,0.13764295
135.00000000,2312.00000000,0.13711831
135.00000000,2313.00000000,0.13659126
135.00000000,2314.00000000,0.13606180
135.00000000,2315.00000000,0.13553012
135.00000000,2316.00000000,0.13499620
135.00000000,2317.00000000,0.13446005
135.00000000,2318.00000000,0.13392184
135.00000000,2319.00000000,0.13338150
135.00000000,2320.00000000,0.13283921
135.00000000,2321.00000000,0.13229496
135.00000000,2322.00000000,0.13174876
135.00000000,2323.00000000,0.13120073
135.00000000,2324.00000000,0.13065087
135.00000000,2325.00000000,0.13009922
135.00000000,2326.00000000,0.12954588
135.00000000,2327.00000000,0.12899087
135.00000000,2328.00000000,0.12843417
135.00000000,2329.00000000,0.12787592
135.00000000,2330.00000000,0.12731610
135.00000000,2331.00000000,0.12675480
135.00000000,2332.00000000,0.12619202
135.00000000,2333.00000000,0.12562777
135.00000000,2334.00000000,0.12506217
135.00000000,2335.00000000,0.12449522
135.00000000,2336.00000000,0.12392692
135.00000000,2337.00000000,0.12335737
135.00000000,2338.00000000,0.12278657
135.00000000,2339.00000000,0.12221453
135.00000000,2340.00000000,0.12164134
135.00000000,2341.00000000,0.12106701
135.00000000,2342.00000000,0.12049151
135.00000000,2343.00000000,0.11991498
135.00000000,2344.00000000,0.11933737
135.00000000,2345.00000000,0.11875877
135.00000000,2346.00000000,0.11817919
135.00000000,2347.00000000,0.11759861
135.00000000,2348.00000000,0.11701714
135.00000000,2349.00000000,0.11643476
135.00000000,2350.00000000,0.11585148
135.00000000,2351.00000000,0.11526739
135.00000000,2352.00000000,0.11468249
135.00000000,2353.00000000,0.11409676
135.00000000,2354.00000000,0.11351032
135.00000000,2355.00000000,0.11292309
135.00000000,2356.00000000,0.11233521
135.00000000,2357.00000000,0.11174664
135.00000000,2358.00000000,0.11115738
135.00000000,2359.00000000,0.11056751
135.00000000,2360.00000000,0.10997704
135.00000000,2361.00000000,0.10938594
135.00000000,2362.00000000,0.10879432
135.00000000,2363.00000000,0.10820217
135.00000000,2364.00000000,0.10760945
135.00000000,2365.00000000,0.10701628
135.00000000,2366.00000000,0.10642259
135.00000000,2367.00000000,0.10582848
135.00000000,2368.00000000,0.10523396
135.00000000,2369.00000000,0.10463898
135.00000000,2370.00000000,0.10404364
135.00000000,2371.00000000,0.10344795
135.00000000,2372.00000000,0.10285186
135.00000000,2373.00000000,0.10225549
135.00000000,2374.00000000,0.10165882
135.00000000,2375.00000000,0.10106181
135.00000000,2376.00000000,0.10046457
135.00000000,2377.00000000,0.09986710
135.00000000,2378.00000000,0.09926935
135.00000000,2379.00000000,0.09867143
135.00000000,2380.00000000,0.09807332
135.00000000,2381.00000000,0.09747508
135.00000000,2382.00000000,0.09687675
135.00000000,2383.00000000,0.09627832
135.00000000,2384.00000000,0.09580623
135.00000000,2385.00000000,0.09570595
135.00000000,2386.00000000,0.09570742
135.00000000,2387.00000000,0.09570910
135.00000000,2388.00000000,0.09571097
135.00000000,2389.00000000,0.09571295
135.00000000,2390.00000000,0.09571516
135.00000000,2391.00000000,0.09573340
135.00000000,2392.00000000,0.09575187
135.00000000,2393.00000000,0.09577049
135.00000000,2394.00000000,0.09578920
135.00000000,2395.00000000,0.09580812
135.00000000,2396.00000000,0.09579568
135.00000000,2397.00000000,0.09578333
135.00000000,2398.00000000,0.09577114
135.00000000,2399.00000000,0.09575907
135.00000000,2400.00000000,0.09574708
135.00000000,2401.00000000,0.09573524
135.00000000,2402.00000000,0.09572353
135.00000000,2403.00000000,0.09571188
135.00000000,2404.00000000,0.09570039
135.00000000,2405.00000000,0.09568896
135.00000000,2406.00000000,0.09567769
135.00000000,2407.00000000,0.09566652
135.00000000,2408.00000000,0.09565541
135.00000000,2409.00000000,0.09564444
135.00000000,2410.00000000,0.09563358
135.00000000,2411.00000000,0.09562140
135.00000000,2412.00000000,0.09560935
135.00000000,2413.00000000,0.09559741
135.00000000,2414.00000000,0.09558549
135.00000000,2415.00000000,0.09557372
135.00000000,2416.00000000,0.09556198
135.00000000,2417.00000000,0.09555036
135.00000000,2418.00000000,0.09553882
135.00000000,2419.00000000,0.09552731
135.00000000,2420.00000000,0.09551594
135.00000000,2421.00000000,0.09550462
135.00000000,2422.00000000,0.09549333
135.00000000,2423.00000000,0.09548217
135.00000000,2424.00000000,0.09547107
135.00000000,2425.00000000,0.09545998
135.00000000,2426.00000000,0.09544902
135.00000000,2427.00000000,0.09543806
135.00000000,2428.00000000,0.09542722
135.00000000,2429.00000000,0.09541644
135.00000000,2430.00000000,0.09540566
135.00000000,2431.00000000,0.09539500
135.00000000,2432.00000000,0.09538438
135.00000000,2433.00000000,0.09537378
135.00000000,2434.00000000,0.09536328
135.00000000,2435.00000000,0.09535282
135.00000000,2436.00000000,0.09534540
135.00000000,2437.00000000,0.09533808
135.00000000,2438.00000000,0.09533081
135.00000000,2439.00000000,0.09532352
135.00000000,2440.00000000,0.09531634
135.00000000,2441.00000000,0.09530916
135.00000000,2442.00000000,0.09530208
135.00000000,2443.00000000,0.09529503
135.00000000,2444.00000000,0.09528798
135.00000000,2445.00000000,0.09528102
135.00000000,2446.00000000,0.09527411
135.00000000,2447.00000000,0.09526717
135.00000000,2448.00000000,0.09526032
135.00000000,2449.00000000,0.09525351
135.00000000,2450.00000000,0.09524668
135.00000000,2451.00000000,0.09523995
135.00000000,2452.00000000,0.09523319
135.00000000,2453.00000000,0.09522652
135.00000000,2454.00000000,0.09521987
135.00000000,2455.00000000,0.09521319
135.00000000,2456.00000000,0.09520659
135.00000000,2457.00000000,0.09520003
135.00000000,2458.00000000,0.09519342
135.00000000,2459.00000000,0.09518690
135.00000000,2460.00000000,0.09518040
135.00000000,2461.00000000,0.09517387
135.00000000,2462.00000000,0.09516740
135.00000000,2463.00000000,0.09516097
135.00000000,2464.00000000,0.09515450
135.00000000,2465.00000000,0.09514810
135.00000000,2466.00000000,0.09514166
135.00000000,2467.00000000,0.09513532
135.00000000,2468.00000000,0.09512898
135.00000000,2469.00000000,0.09512259
135.00000000,2470.00000000,0.09511628
135.00000000,2471.00000000,0.09511000
135.00000000,2472.00000000,0.09510366
135.00000000,2473.00000000,0.09509740
135.00000000,2474.00000000,0.09509116
135.00000000,2475.00000000,0.09508486
135.00000000,2476.00000000,0.09507864
135.00000000,2477.00000000,0.09507237
135.00000000,2478.00000000,0.09506618
135.00000000,2479.00000000,0.09506001
135.00000000,2480.00000000,0.09505377
135.00000000,2481.00000000,0.09504762
135.00000000,2482.00000000,0.09504148
135.00000000,2483.00000000,0.09503527
135.00000000,2484.00000000,0.09502914
135.00000000,2485.00000000,0.09502302
135.00000000,2486.00000000,0.09501599
135.00000000,2487.00000000,0.09500903
135.00000000,2488.00000000,0.09500208
135.00000000,2489.00000000,0.09499506
135.00000000,2490.00000000,0.09498811
135.00000000,2491.00000000,0.09498112
135.00000000,2492.00000000,0.09497418
135.00000000,2493.00000000,0.09496727
135.00000000,2494.00000000,0.09496029
135.00000000,2495.00000000,0.09495338
135.00000000,2496.00000000,0.09494648
135.00000000,2497.00000000,0.09493950
135.00000000,2498.00000000,0.09493261
135.00000000,2499.00000000,0.09492572
135.00000000,2500.00000000,0.09491876
136.00000000,1765.00000000,0.06724641
136.00000000,1766.00000000,0.06724633
136.00000000,1767.00000000,0.06724647
136.00000000,1768.00000000,0.06724648
136.00000000,1769.00000000,0.06724677
136.00000000,1770.00000000,0.06724719
136.00000000,1771.00000000,0.06724753
136.00000000,1772.00000000,0.06724825
136.00000000,1773.00000000,0.06724905
136.00000000,1774.00000000,0.06724980
136.00000000,1775.00000000,0.06725089
136.00000000,1776.00000000,0.06725202
136.00000000,1777.00000000,0.06725317
136.00000000,1778.00000000,0.06725465
136.00000000,1779.00000000,0.06725626
136.00000000,1780.00000000,0.06725771
136.00000000,1781.00000000,0.06725944
136.00000000,1782.00000000,0.06726130
136.00000000,1783.00000000,0.06726323
136.00000000,1784.00000000,0.06726526
136.00000000,1785.00000000,0.06726749
136.00000000,1786.00000000,0.06726966
136.00000000,1787.00000000,0.06727208
136.00000000,1788.00000000,0.06727429
136.00000000,1789.00000000,0.06727670
136.00000000,1790.00000000,0.06727925
136.00000000,1791.00000000,0.06728202
136.00000000,1792.00000000,0.06728463
136.00000000,1793.00000000,0.06728738
136.00000000,1794.00000000,0.06729019
136.00000000,1795.00000000,0.06729304
136.00000000,1796.00000000,0.06729598
136.00000000,1797.00000000,0.06729904
136.00000000,1798.00000000,0.06730189
136.00000000,1799.00000000,0.06730501
136.00000000,1800.00000000,0.06730811
136.00000000,1801.00000000,0.06731122
136.00000000,1802.00000000,0.06731437
136.00000000,1803.00000000,0.06731758
136.00000000,1804.00000000,0.06732087
136.00000000,1805.00000000,0.06732410
136.00000000,1806.00000000,0.06732737
136.00000000,1807.00000000,0.06733058
136.00000000,1808.00000000,0.06733396
136.00000000,1809.00000000,0.06733729
136.00000000,1810.00000000,0.06734071
136.00000000,1811.00000000,0.06734411
136.00000000,1812.00000000,0.06734758
136.00000000,1813.00000000,0.06735094
136.00000000,1814.00000000,0.06735437
136.00000000,1815.00000000,0.06735791
136.00000000,1816.00000000,0.06736136
136.00000000,1817.00000000,0.06736479
136.00000000,1818.00000000,0.06736824
136.00000000,1819.00000000,0.06737179
136.00000000,1820.00000000,0.06737523
136.00000000,1821.00000000,0.06737870
136.00000000,1822.00000000,0.06738218
136.00000000,1823.00000000,0.06738573
136.00000000,1824.00000000,0.06738922
136.00000000,1825.00000000,0.06739269
136.00000000,1826.00000000,0.06739620
136.00000000,1827.00000000,0.06739968
136.00000000,1828.00000000,0.06740315
136.00000000,1829.00000000,0.06740659
136.00000000,1830.00000000,0.06741006
136.00000000,1831.00000000,0.06741352
136.00000000,1832.00000000,0.06741693
136.00000000,1833.00000000,0.06742033
136.00000000,1834.00000000,0.06742371
136.00000000,1835.00000000,0.06742706
136.00000000,1836.00000000,0.06743039
136.00000000,1837.00000000,0.06743381
136.00000000,1838.00000000,0.06743711
136.00000000,1839.00000000,0.06744036
136.00000000,1840.00000000,0.06744375
136.00000000,1841.00000000,0.06744690
136.00000000,1842.00000000,0.06745015
136.00000000,1843.00000000,0.06745341
136.00000000,1844.00000000,0.06745662
136.00000000,1845.00000000,0.06745965
136.00000000,1846.00000000,0.06746285
136.00000000,1847.00000000,0.06746592
136.00000000,1848.00000000,0.06746899
136.00000000,1849.00000000,0.06747209
136.00000000,1850.00000000,0.06747504
136.00000000,1851.00000000,0.06747797
136.00000000,1852.00000000,0.06748087
136.00000000,1853.00000000,0.06748411
136.00000000,1854.00000000,0.06748738
136.00000000,1855.00000000,0.06749068
136.00000000,1856.00000000,0.06749390
136.00000000,1857.00000000,0.06749700
136.00000000,1858.00000000,0.06750006
136.00000000,1859.00000000,0.06750300
136.00000000,1860.00000000,0.06750593
136.00000000,1861.00000000,0.06750875
136.00000000,1862.00000000,0.06751146
136.00000000,1863.00000000,0.06751355
136.00000000,1864.00000000,0.06751520
136.00000000,1865.00000000,0.06751645
136.00000000,1866.00000000,0.06751742
136.00000000,1867.00000000,0.06751811
136.00000000,1868.00000000,0.06751854
136.00000000,1869.00000000,0.06751876
136.00000000,1870.00000000,0.06751872
136.00000000,1871.00000000,0.06751857
136.00000000,1872.00000000,0.06751857
136.00000000,1873.00000000,0.06751911
136.00000000,1874.00000000,0.06752019
136.00000000,1875.00000000,0.06752158
136.00000000,1876.00000000,0.06752315
136.00000000,1877.00000000,0.06752496
136.00000000,1878.00000000,0.06752686
136.00000000,1879.00000000,0.06752896
136.00000000,1880.00000000,0.06753108
136.00000000,1881.00000000,0.06753321
136.00000000,1882.00000000,0.06753540
136.00000000,1883.00000000,0.06753716
136.00000000,1884.00000000,0.06753861
136.00000000,1885.00000000,0.06753983
136.00000000,1886.00000000,0.06754089
136.00000000,1887.00000000,0.06754185
136.00000000,1888.00000000,0.06754270
136.00000000,1889.00000000,0.06754329
136.00000000,1890.00000000,0.06754364
136.00000000,1891.00000000,0.06754370
136.00000000,1892.00000000,0.06754353
136.00000000,1893.00000000,0.06754329
136.00000000,1894.00000000,0.06754304
136.00000000,1895.00000000,0.06754295
136.00000000,1896.00000000,0.06754293
136.00000000,1897.00000000,0.06754291
136.00000000,1898.00000000,0.06754286
136.00000000,1899.00000000,0.06754269
136.00000000,1900.00000000,0.06754233
136.00000000,1901.00000000,0.06754182
136.00000000,1902.00000000,0.06754776
136.00000000,1903.00000000,0.06754761
136.00000000,1904.00000000,0.06754765
136.00000000,1905.00000000,0.06754795
136.00000000,1906.00000000,0.06754855
136.00000000,1907.00000000,0.06755144
136.00000000,1908.00000000,0.06755224
136.00000000,1909.00000000,0.06755308
136.00000000,1910.00000000,0.06755399
136.00000000,1911.00000000,0.06755486
136.00000000,1912.00000000,0.06755521
136.00000000,1913.00000000,0.06755482
136.00000000,1914.00000000,0.06755368
136.00000000,1915.00000000,0.06755214
136.00000000,1916.00000000,0.06755065
136.00000000,1917.00000000,0.06755125
136.00000000,1918.00000000,0.06754967
136.00000000,1919.00000000,0.06754818
136.00000000,1920.00000000,0.06754719
136.00000000,1921.00000000,0.06754683
136.00000000,1922.00000000,0.06754735
136.00000000,1923.00000000,0.06754849
136.00000000,1924.00000000,0.06754980
136.00000000,1925.00000000,0.06755101
136.00000000,1926.00000000,0.06755217
136.00000000,1927.00000000,0.06755547
136.00000000,1928.00000000,0.06755681
136.00000000,1929.00000000,0.06755811
136.00000000,1930.00000000,0.06755963
136.00000000,1931.00000000,0.06756208
136.00000000,1932.00000000,0.06756569
136.00000000,1933.00000000,0.06757207
136.00000000,1934.00000000,0.06757692
136.00000000,1935.00000000,0.06758165
136.00000000,1936.00000000,0.06758807
136.00000000,1937.00000000,0.06759160
136.00000000,1938.00000000,0.06759816
136.00000000,1939.00000000,0.06759777
136.00000000,1940.00000000,0.06759878
136.00000000,1941.00000000,0.06759900
136.00000000,1942.00000000,0.06760034
136.00000000,1943.00000000,0.06759902
136.00000000,1944.00000000,0.06759726
136.00000000,1945.00000000,0.06759550
136.00000000,1946.00000000,0.06759454
136.00000000,1947.00000000,0.06759719
136.00000000,1948.00000000,0.06759849
136.00000000,1949.00000000,0.06759984
136.00000000,1950.00000000,0.06760113
136.00000000,1951.00000000,0.06760439
136.00000000,1952.00000000,0.06760826
136.00000000,1953.00000000,0.06761237
136.00000000,1954.00000000,0.06761438
136.00000000,1955.00000000,0.06761667
136.00000000,1956.00000000,0.06761899
136.00000000,1957.00000000,0.06762101
136.00000000,1958.00000000,0.06762478
136.00000000,1959.00000000,0.06762806
136.00000000,1960.00000000,0.06762751
136.00000000,1961.00000000,0.06762758
136.00000000,1962.00000000,0.06762483
136.00000000,1963.00000000,0.06762332
136.00000000,1964.00000000,0.06761878
136.00000000,1965.00000000,0.06761312
136.00000000,1966.00000000,0.06761862
136.00000000,1967.00000000,0.06760842
136.00000000,1968.00000000,0.06759896
136.00000000,1969.00000000,0.06758967
136.00000000,1970.00000000,0.06757617
136.00000000,1971.00000000,0.06756175
136.00000000,1972.00000000,0.06754996
136.00000000,1973.00000000,0.06752668
136.00000000,1974.00000000,0.06750283
136.00000000,1975.00000000,0.06747748
136.00000000,1976.00000000,0.06745375
136.00000000,1977.00000000,0.06742808
136.00000000,1978.00000000,0.06740433
136.00000000,1979.00000000,0.06737820
136.00000000,1980.00000000,0.06735352
136.00000000,1981.00000000,0.06733287
136.00000000,1982.00000000,0.06730560
136.00000000,1983.00000000,0.06728827
136.00000000,1984.00000000,0.06727046
136.00000000,1985.00000000,0.06725953
136.00000000,1986.00000000,0.06725229
136.00000000,1987.00000000,0.06723754
136.00000000,1988.00000000,0.06722923
136.00000000,1989.00000000,0.06721860
136.00000000,1990.00000000,0.06722395
136.00000000,1991.00000000,0.06721251
136.00000000,1992.00000000,0.06720770
136.00000000,1993.00000000,0.06719502
136.00000000,1994.00000000,0.06718332
136.00000000,1995.00000000,0.06718061
136.00000000,1996.00000000,0.06718411
136.00000000,1997.00000000,0.06717891
136.00000000,1998.00000000,0.06716890
136.00000000,1999.00000000,0.06716898
136.00000000,2000.00000000,0.06717140
136.00000000,2001.00000000,0.06717155
136.00000000,2002.00000000,0.06716315
136.00000000,2003.00000000,0.06716566
136.00000000,2004.00000000,0.06716075
136.00000000,2005.00000000,0.06715781
136.00000000,2006.00000000,0.06714753
136.00000000,2007.00000000,0.06714224
136.00000000,2008.00000000,0.06715053
136.00000000,2009.00000000,0.06714387
136.00000000,2010.00000000,0.06709157
136.00000000,2011.00000000,0.06708628
136.00000000,2012.00000000,0.06705615
136.00000000,2013.00000000,0.06702378
136.00000000,2014.00000000,0.06698596
136.00000000,2015.00000000,0.06697144
136.00000000,2016.00000000,0.06697923
136.00000000,2017.00000000,0.06694600
136.00000000,2018.00000000,0.06692290
136.00000000,2019.00000000,0.06690396
136.00000000,2020.00000000,0.06685669
136.00000000,2021.00000000,0.06680574
136.00000000,2022.00000000,0.06675744
136.00000000,2023.00000000,0.06672825
136.00000000,2024.00000000,0.06673453
136.00000000,2025.00000000,0.06667506
136.00000000,2026.00000000,0.06667357
136.00000000,2027.00000000,0.06664510
136.00000000,2028.00000000,0.06658777
136.00000000,2029.00000000,0.06651788
136.00000000,2030.00000000,0.06648193
136.00000000,2031.00000000,0.06646575
136.00000000,2032.00000000,0.06642892
136.00000000,2033.00000000,0.06640751
136.00000000,2034.00000000,0.06639329
136.00000000,2035.00000000,0.06641222
136.00000000,2036.00000000,0.06640016
136.00000000,2037.00000000,0.06636913
136.00000000,2038.00000000,0.06632925
136.00000000,2039.00000000,0.06636231
136.00000000,2040.00000000,0.06630668
136.00000000,2041.00000000,0.06631387
136.00000000,2042.00000000,0.06632977
136.00000000,2043.00000000,0.06640961
136.00000000,2044.00000000,0.06626772
136.00000000,2045.00000000,0.06626094
136.00000000,2046.00000000,0.06625040
136.00000000,2047.00000000,0.06620457
136.00000000,2048.00000000,0.06620834
136.00000000,2049.00000000,0.06625167
136.00000000,2050.00000000,0.06598499
136.00000000,2051.00000000,0.06587640
136.00000000,2052.00000000,0.06591375
136.00000000,2053.00000000,0.06593220
136.00000000,2054.00000000,0.06580690
136.00000000,2055.00000000,0.06546463
136.00000000,2056.00000000,0.06562043
136.00000000,2057.00000000,0.06527972
136.00000000,2058.00000000,0.06527095
136.00000000,2059.00000000,0.06542229
136.00000000,2060.00000000,0.06531745
136.00000000,2061.00000000,0.06524912
136.00000000,2062.00000000,0.06517321
136.00000000,2063.00000000,0.06523451
136.00000000,2064.00000000,0.06515039
136.00000000,2065.00000000,0.06521481
136.00000000,2066.00000000,0.06495068
136.00000000,2067.00000000,0.06464793
136.00000000,2068.00000000,0.06438512
136.00000000,2069.00000000,0.06438902
136.00000000,2070.00000000,0.06445898
136.00000000,2071.00000000,0.06448090
136.00000000,2072.00000000,0.06459746
136.00000000,2073.00000000,0.06467030
136.00000000,2074.00000000,0.06446931
136.00000000,2075.00000000,0.06449203
136.00000000,2076.00000000,0.06462450
136.00000000,2077.00000000,0.06462361
136.00000000,2078.00000000,0.06457435
136.00000000,2079.00000000,0.06460442
136.00000000,2080.00000000,0.06452984
136.00000000,2081.00000000,0.06405538
136.00000000,2082.00000000,0.06414762
136.00000000,2083.00000000,0.06438475
136.00000000,2084.00000000,0.06448095
136.00000000,2085.00000000,0.06434352
136.00000000,2086.00000000,0.06469531
136.00000000,2087.00000000,0.06491389
136.00000000,2088.00000000,0.06493068
136.00000000,2089.00000000,0.06498157
136.00000000,2090.00000000,0.06499605
136.00000000,2091.00000000,0.06529817
136.00000000,2092.00000000,0.06552294
136.00000000,2093.00000000,0.06567057
136.00000000,2094.00000000,0.06576155
136.00000000,2095.00000000,0.06598769
136.00000000,2096.00000000,0.06618477
136.00000000,2097.00000000,0.06620393
136.00000000,2098.00000000,0.06638942
136.00000000,2099.00000000,0.06665452
136.00000000,2100.00000000,0.06694392
136.00000000,2101.00000000,0.06719334
136.00000000,2102.00000000,0.06748727
136.00000000,2103.00000000,0.06768470
136.00000000,2104.00000000,0.06801455
136.00000000,2105.00000000,0.06841080
136.00000000,2106.00000000,0.06892614
136.00000000,2107.00000000,0.06922243
136.00000000,2108.00000000,0.06954452
136.00000000,2109.00000000,0.06999255
136.00000000,2110.00000000,0.07002863
136.00000000,2111.00000000,0.06999765
136.00000000,2112.00000000,0.07050942
136.00000000,2113.00000000,0.07080085
136.00000000,2114.00000000,0.07096656
136.00000000,2115.00000000,0.07150803
136.00000000,2116.00000000,0.07143842
136.00000000,2117.00000000,0.07117242
136.00000000,2118.00000000,0.07113149
136.00000000,2119.00000000,0.07113603
136.00000000,2120.00000000,0.07149970
136.00000000,2121.00000000,0.07181790
136.00000000,2122.00000000,0.07215946
136.00000000,2123.00000000,0.07246080
136.00000000,2124.00000000,0.07288658
136.00000000,2125.00000000,0.07315780
136.00000000,2126.00000000,0.07330332
136.00000000,2127.00000000,0.07351494
136.00000000,2128.00000000,0.07335134
136.00000000,2129.00000000,0.07341132
136.00000000,2130.00000000,0.07367515
136.00000000,2131.00000000,0.07396207
136.00000000,2132.00000000,0.07426483
136.00000000,2133.00000000,0.07451661
136.00000000,2134.00000000,0.07451699
136.00000000,2135.00000000,0.07454077
136.00000000,2136.00000000,0.07490052
136.00000000,2137.00000000,0.07525318
136.00000000,2138.00000000,0.07541359
136.00000000,2139.00000000,0.07608872
136.00000000,2140.00000000,0.07685424
136.00000000,2141.00000000,0.07746512
136.00000000,2142.00000000,0.07788182
136.00000000,2143.00000000,0.07830074
136.00000000,2144.00000000,0.07872196
136.00000000,2145.00000000,0.07914494
136.00000000,2146.00000000,0.07956975
136.00000000,2147.00000000,0.08012288
136.00000000,2148.00000000,0.08067790
136.00000000,2149.00000000,0.08123481
136.00000000,2150.00000000,0.08179355
136.00000000,2151.00000000,0.08235448
136.00000000,2152.00000000,0.08291886
136.00000000,2153.00000000,0.08348784
136.00000000,2154.00000000,0.08406199
136.00000000,2155.00000000,0.08464164
136.00000000,2156.00000000,0.08522681
136.00000000,2157.00000000,0.08576149
136.00000000,2158.00000000,0.08630161
136.00000000,2159.00000000,0.08684706
136.00000000,2160.00000000,0.08739783
136.00000000,2161.00000000,0.08795383
136.00000000,2162.00000000,0.08851494
136.00000000,2163.00000000,0.08908119
136.00000000,2164.00000000,0.08965248
136.00000000,2165.00000000,0.09022877
136.00000000,2166.00000000,0.09081007
136.00000000,2167.00000000,0.09151354
136.00000000,2168.00000000,0.09222209
136.00000000,2169.00000000,0.09293571
136.00000000,2170.00000000,0.09365429
136.00000000,2171.00000000,0.09437773
136.00000000,2172.00000000,0.09510602
136.00000000,2173.00000000,0.09583903
136.00000000,2174.00000000,0.09657676
136.00000000,2175.00000000,0.09731913
136.00000000,2176.00000000,0.09806609
136.00000000,2177.00000000,0.09890377
136.00000000,2178.00000000,0.09974615
136.00000000,2179.00000000,0.10059311
136.00000000,2180.00000000,0.10144464
136.00000000,2181.00000000,0.10230062
136.00000000,2182.00000000,0.10316096
136.00000000,2183.00000000,0.10402564
136.00000000,2184.00000000,0.10489450
136.00000000,2185.00000000,0.10576756
136.00000000,2186.00000000,0.10664469
136.00000000,2187.00000000,0.10752087
136.00000000,2188.00000000,0.10840101
136.00000000,2189.00000000,0.10928499
136.00000000,2190.00000000,0.11017268
136.00000000,2191.00000000,0.11106409
136.00000000,2192.00000000,0.11195911
136.00000000,2193.00000000,0.11285759
136.00000000,2194.00000000,0.11375953
136.00000000,2195.00000000,0.11466478
136.00000000,2196.00000000,0.11557319
136.00000000,2197.00000000,0.11629212
136.00000000,2198.00000000,0.11701347
136.00000000,2199.00000000,0.11773724
136.00000000,2200.00000000,0.11846338
136.00000000,2201.00000000,0.11919180
136.00000000,2202.00000000,0.11992251
136.00000000,2203.00000000,0.12065545
136.00000000,2204.00000000,0.12139054
136.00000000,2205.00000000,0.12212778
136.00000000,2206.00000000,0.12286704
136.00000000,2207.00000000,0.12343239
136.00000000,2208.00000000,0.12399914
136.00000000,2209.00000000,0.12456720
136.00000000,2210.00000000,0.12513662
136.00000000,2211.00000000,0.12570738
136.00000000,2212.00000000,0.12627943
136.00000000,2213.00000000,0.12685279
136.00000000,2214.00000000,0.12742747
136.00000000,2215.00000000,0.12800335
136.00000000,2216.00000000,0.12858049
136.00000000,2217.00000000,0.12905937
136.00000000,2218.00000000,0.12953907
136.00000000,2219.00000000,0.13001966
136.00000000,2220.00000000,0.13050106
136.00000000,2221.00000000,0.13098334
136.00000000,2222.00000000,0.13146649
136.00000000,2223.00000000,0.13195044
136.00000000,2224.00000000,0.13243527
136.00000000,2225.00000000,0.13292091
136.00000000,2226.00000000,0.13340733
136.00000000,2227.00000000,0.13379068
136.00000000,2228.00000000,0.13417449
136.00000000,2229.00000000,0.13455868
136.00000000,2230.00000000,0.13494336
136.00000000,2231.00000000,0.13532850
136.00000000,2232.00000000,0.13571408
136.00000000,2233.00000000,0.13610018
136.00000000,2234.00000000,0.13648671
136.00000000,2235.00000000,0.13687378
136.00000000,2236.00000000,0.13726132
136.00000000,2237.00000000,0.13756849
136.00000000,2238.00000000,0.13787591
136.00000000,2239.00000000,0.13818355
136.00000000,2240.00000000,0.13849136
136.00000000,2241.00000000,0.13879947
136.00000000,2242.00000000,0.13910784
136.00000000,2243.00000000,0.13941641
136.00000000,2244.00000000,0.13972531
136.00000000,2245.00000000,0.14003445
136.00000000,2246.00000000,0.14034392
136.00000000,2247.00000000,0.14065373
136.00000000,2248.00000000,0.14096379
136.00000000,2249.00000000,0.14127404
136.00000000,2250.00000000,0.14158355
136.00000000,2251.00000000,0.14189043
136.00000000,2252.00000000,0.14219309
136.00000000,2253.00000000,0.14249057
136.00000000,2254.00000000,0.14278238
136.00000000,2255.00000000,0.14306848
136.00000000,2256.00000000,0.14334880
136.00000000,2257.00000000,0.14362329
136.00000000,2258.00000000,0.14389208
136.00000000,2259.00000000,0.14415515
136.00000000,2260.00000000,0.14441267
136.00000000,2261.00000000,0.14466477
136.00000000,2262.00000000,0.14491157
136.00000000,2263.00000000,0.14515341
136.00000000,2264.00000000,0.14539035
136.00000000,2265.00000000,0.14562245
136.00000000,2266.00000000,0.14584995
136.00000000,2267.00000000,0.14607284
136.00000000,2268.00000000,0.14629116
136.00000000,2269.00000000,0.14650514
136.00000000,2270.00000000,0.14671467
136.00000000,2271.00000000,0.14691999
136.00000000,2272.00000000,0.14712110
136.00000000,2273.00000000,0.14731798
136.00000000,2274.00000000,0.14751084
136.00000000,2275.00000000,0.14769964
136.00000000,2276.00000000,0.14788438
136.00000000,2277.00000000,0.14806528
136.00000000,2278.00000000,0.14824228
136.00000000,2279.00000000,0.14841539
136.00000000,2280.00000000,0.14858476
136.00000000,2281.00000000,0.14875032
136.00000000,2282.00000000,0.14891222
136.00000000,2283.00000000,0.14907040
136.00000000,2284.00000000,0.14922486
136.00000000,2285.00000000,0.14937565
136.00000000,2286.00000000,0.14952271
136.00000000,2287.00000000,0.14908813
136.00000000,2288.00000000,0.14864905
136.00000000,2289.00000000,0.14820550
136.00000000,2290.00000000,0.14775758
136.00000000,2291.00000000,0.14730547
136.00000000,2292.00000000,0.14684925
136.00000000,2293.00000000,0.14638895
136.00000000,2294.00000000,0.14592481
136.00000000,2295.00000000,0.14545679
136.00000000,2296.00000000,0.14498512
136.00000000,2297.00000000,0.14450981
136.00000000,2298.00000000,0.14403094
136.00000000,2299.00000000,0.14354866
136.00000000,2300.00000000,0.14306304
136.00000000,2301.00000000,0.14257409
136.00000000,2302.00000000,0.14208200
136.00000000,2303.00000000,0.14158678
136.00000000,2304.00000000,0.14108843
136.00000000,2305.00000000,0.14058717
136.00000000,2306.00000000,0.14008292
136.00000000,2307.00000000,0.13957591
136.00000000,2308.00000000,0.13906612
136.00000000,2309.00000000,0.13855358
136.00000000,2310.00000000,0.13803847
136.00000000,2311.00000000,0.13752079
136.00000000,2312.00000000,0.13700055
136.00000000,2313.00000000,0.13647793
136.00000000,2314.00000000,0.13595294
136.00000000,2315.00000000,0.13542557
136.00000000,2316.00000000,0.13489600
136.00000000,2317.00000000,0.13436423
136.00000000,2318.00000000,0.13383025
136.00000000,2319.00000000,0.13329423
136.00000000,2320.00000000,0.13275614
136.00000000,2321.00000000,0.13221608
136.00000000,2322.00000000,0.13167410
136.00000000,2323.00000000,0.13113019
136.00000000,2324.00000000,0.13058448
136.00000000,2325.00000000,0.13003697
136.00000000,2326.00000000,0.12948766
136.00000000,2327.00000000,0.12893670
136.00000000,2328.00000000,0.12838409
136.00000000,2329.00000000,0.12782981
136.00000000,2330.00000000,0.12727400
136.00000000,2331.00000000,0.12671660
136.00000000,2332.00000000,0.12615777
136.00000000,2333.00000000,0.12559747
136.00000000,2334.00000000,0.12503573
136.00000000,2335.00000000,0.12447264
136.00000000,2336.00000000,0.12390822
136.00000000,2337.00000000,0.12334243
136.00000000,2338.00000000,0.12277543
136.00000000,2339.00000000,0.12220720
136.00000000,2340.00000000,0.12163773
136.00000000,2341.00000000,0.12106712
136.00000000,2342.00000000,0.12049539
136.00000000,2343.00000000,0.11992251
136.00000000,2344.00000000,0.11934860
136.00000000,2345.00000000,0.11877361
136.00000000,2346.00000000,0.11819765
136.00000000,2347.00000000,0.11762072
136.00000000,2348.00000000,0.11704279
136.00000000,2349.00000000,0.11646398
136.00000000,2350.00000000,0.11588428
136.00000000,2351.00000000,0.11530367
136.00000000,2352.00000000,0.11472227
136.00000000,2353.00000000,0.11414006
136.00000000,2354.00000000,0.11355704
136.00000000,2355.00000000,0.11297330
136.00000000,2356.00000000,0.11238880
136.00000000,2357.00000000,0.11180363
136.00000000,2358.00000000,0.11121779
136.00000000,2359.00000000,0.11063125
136.00000000,2360.00000000,0.11004414
136.00000000,2361.00000000,0.10945641
136.00000000,2362.00000000,0.10886806
136.00000000,2363.00000000,0.10827919
136.00000000,2364.00000000,0.10768978
136.00000000,2365.00000000,0.10709982
136.00000000,2366.00000000,0.10650942
136.00000000,2367.00000000,0.10591850
136.00000000,2368.00000000,0.10532716
136.00000000,2369.00000000,0.10473541
136.00000000,2370.00000000,0.10414320
136.00000000,2371.00000000,0.10355064
136.00000000,2372.00000000,0.10295772
136.00000000,2373.00000000,0.10236441
136.00000000,2374.00000000,0.10177083
136.00000000,2375.00000000,0.10117692
136.00000000,2376.00000000,0.10058271
136.00000000,2377.00000000,0.09998826
136.00000000,2378.00000000,0.09939358
136.00000000,2379.00000000,0.09879862
136.00000000,2380.00000000,0.09820350
136.00000000,2381.00000000,0.09760817
136.00000000,2382.00000000,0.09701273
136.00000000,2383.00000000,0.09641719
136.00000000,2384.00000000,0.09582156
136.00000000,2385.00000000,0.09535166
136.00000000,2386.00000000,0.09525183
136.00000000,2387.00000000,0.09525326
136.00000000,2388.00000000,0.09525489
136.00000000,2389.00000000,0.09525672
136.00000000,2390.00000000,0.09525866
136.00000000,2391.00000000,0.09526082
136.00000000,2392.00000000,0.09527896
136.00000000,2393.00000000,0.09529729
136.00000000,2394.00000000,0.09531578
136.00000000,2395.00000000,0.09533439
136.00000000,2396.00000000,0.09535316
136.00000000,2397.00000000,0.09534075
136.00000000,2398.00000000,0.09532842
136.00000000,2399.00000000,0.09531626
136.00000000,2400.00000000,0.09530421
136.00000000,2401.00000000,0.09529223
136.00000000,2402.00000000,0.09528042
136.00000000,2403.00000000,0.09526873
136.00000000,2404.00000000,0.09525711
136.00000000,2405.00000000,0.09524564
136.00000000,2406.00000000,0.09523424
136.00000000,2407.00000000,0.09522299
136.00000000,2408.00000000,0.09521184
136.00000000,2409.00000000,0.09520075
136.00000000,2410.00000000,0.09518981
136.00000000,2411.00000000,0.09517896
136.00000000,2412.00000000,0.09516680
136.00000000,2413.00000000,0.09515478
136.00000000,2414.00000000,0.09514285
136.00000000,2415.00000000,0.09513096
136.00000000,2416.00000000,0.09511920
136.00000000,2417.00000000,0.09510747
136.00000000,2418.00000000,0.09509588
136.00000000,2419.00000000,0.09508437
136.00000000,2420.00000000,0.09507288
136.00000000,2421.00000000,0.09506151
136.00000000,2422.00000000,0.09505022
136.00000000,2423.00000000,0.09503895
136.00000000,2424.00000000,0.09502779
136.00000000,2425.00000000,0.09501672
136.00000000,2426.00000000,0.09500564
136.00000000,2427.00000000,0.09499470
136.00000000,2428.00000000,0.09498375
136.00000000,2429.00000000,0.09497292
136.00000000,2430.00000000,0.09496215
136.00000000,2431.00000000,0.09495139
136.00000000,2432.00000000,0.09494073
136.00000000,2433.00000000,0.09493013
136.00000000,2434.00000000,0.09491953
136.00000000,2435.00000000,0.09490904
136.00000000,2436.00000000,0.09489859
136.00000000,2437.00000000,0.09489117
136.00000000,2438.00000000,0.09488384
136.00000000,2439.00000000,0.09487657
136.00000000,2440.00000000,0.09486928
136.00000000,2441.00000000,0.09486210
136.00000000,2442.00000000,0.09485490
136.00000000,2443.00000000,0.09484782
136.00000000,2444.00000000,0.09484076
136.00000000,2445.00000000,0.09483370
136.00000000,2446.00000000,0.09482673
136.00000000,2447.00000000,0.09481980
136.00000000,2448.00000000,0.09481285
136.00000000,2449.00000000,0.09480600
136.00000000,2450.00000000,0.09479919
136.00000000,2451.00000000,0.09479235
136.00000000,2452.00000000,0.09478559
136.00000000,2453.00000000,0.09477882
136.00000000,2454.00000000,0.09477213
136.00000000,2455.00000000,0.09476547
136.00000000,2456.00000000,0.09475877
136.00000000,2457.00000000,0.09475216
136.00000000,2458.00000000,0.09474557
136.00000000,2459.00000000,0.09473895
136.00000000,2460.00000000,0.09473242
136.00000000,2461.00000000,0.09472591
136.00000000,2462.00000000,0.09471934
136.00000000,2463.00000000,0.09471287
136.00000000,2464.00000000,0.09470642
136.00000000,2465.00000000,0.09469993
136.00000000,2466.00000000,0.09469352
136.00000000,2467.00000000,0.09468706
136.00000000,2468.00000000,0.09468070
136.00000000,2469.00000000,0.09467434
136.00000000,2470.00000000,0.09466793
136.00000000,2471.00000000,0.09466161
136.00000000,2472.00000000,0.09465531
136.00000000,2473.00000000,0.09464894
136.00000000,2474.00000000,0.09464268
136.00000000,2475.00000000,0.09463641
136.00000000,2476.00000000,0.09463010
136.00000000,2477.00000000,0.09462387
136.00000000,2478.00000000,0.09461758
136.00000000,2479.00000000,0.09461136
136.00000000,2480.00000000,0.09460517
136.00000000,2481.00000000,0.09459891
136.00000000,2482.00000000,0.09459274
136.00000000,2483.00000000,0.09458657
136.00000000,2484.00000000,0.09458036
136.00000000,2485.00000000,0.09457421
136.00000000,2486.00000000,0.09456807
136.00000000,2487.00000000,0.09456102
136.00000000,2488.00000000,0.09455404
136.00000000,2489.00000000,0.09454708
136.00000000,2490.00000000,0.09454005
136.00000000,2491.00000000,0.09453309
136.00000000,2492.00000000,0.09452607
136.00000000,2493.00000000,0.09451912
136.00000000,2494.00000000,0.09451219
136.00000000,2495.00000000,0.09450519
136.00000000,2496.00000000,0.09449827
136.00000000,2497.00000000,0.09449135
136.00000000,2498.00000000,0.09448436
136.00000000,2499.00000000,0.09447745
136.00000000,2500.00000000,0.09447055
137.00000000,1765.00000000,0.06685607
137.00000000,1766.00000000,0.06685610
137.00000000,1767.00000000,0.06685607
137.00000000,1768.00000000,0.06685629
137.00000000,1769.00000000,0.06685640
137.00000000,1770.00000000,0.06685681
137.00000000,1771.00000000,0.06685735
137.00000000,1772.00000000,0.06685782
137.00000000,1773.00000000,0.06685866
137.00000000,1774.00000000,0.06685959
137.00000000,1775.00000000,0.06686046
137.00000000,1776.00000000,0.06686167
137.00000000,1777.00000000,0.06686292
137.00000000,1778.00000000,0.06686419
137.00000000,1779.00000000,0.06686578
137.00000000,1780.00000000,0.06686751
137.00000000,1781.00000000,0.06686906
137.00000000,1782.00000000,0.06687088
137.00000000,1783.00000000,0.06687283
137.00000000,1784.00000000,0.06687485
137.00000000,1785.00000000,0.06687696
137.00000000,1786.00000000,0.06687927
137.00000000,1787.00000000,0.06688151
137.00000000,1788.00000000,0.06688399
137.00000000,1789.00000000,0.06688627
137.00000000,1790.00000000,0.06688874
137.00000000,1791.00000000,0.06689135
137.00000000,1792.00000000,0.06689418
137.00000000,1793.00000000,0.06689682
137.00000000,1794.00000000,0.06689963
137.00000000,1795.00000000,0.06690248
137.00000000,1796.00000000,0.06690536
137.00000000,1797.00000000,0.06690834
137.00000000,1798.00000000,0.06691143
137.00000000,1799.00000000,0.06691430
137.00000000,1800.00000000,0.06691745
137.00000000,1801.00000000,0.06692057
137.00000000,1802.00000000,0.06692368
137.00000000,1803.00000000,0.06692685
137.00000000,1804.00000000,0.06693007
137.00000000,1805.00000000,0.06693338
137.00000000,1806.00000000,0.06693662
137.00000000,1807.00000000,0.06693989
137.00000000,1808.00000000,0.06694311
137.00000000,1809.00000000,0.06694649
137.00000000,1810.00000000,0.06694981
137.00000000,1811.00000000,0.06695326
137.00000000,1812.00000000,0.06695665
137.00000000,1813.00000000,0.06696010
137.00000000,1814.00000000,0.06696347
137.00000000,1815.00000000,0.06696689
137.00000000,1816.00000000,0.06697042
137.00000000,1817.00000000,0.06697386
137.00000000,1818.00000000,0.06697727
137.00000000,1819.00000000,0.06698070
137.00000000,1820.00000000,0.06698423
137.00000000,1821.00000000,0.06698765
137.00000000,1822.00000000,0.06699111
137.00000000,1823.00000000,0.06699457
137.00000000,1824.00000000,0.06699810
137.00000000,1825.00000000,0.06700157
137.00000000,1826.00000000,0.06700502
137.00000000,1827.00000000,0.06700850
137.00000000,1828.00000000,0.06701195
137.00000000,1829.00000000,0.06701539
137.00000000,1830.00000000,0.06701880
137.00000000,1831.00000000,0.06702224
137.00000000,1832.00000000,0.06702565
137.00000000,1833.00000000,0.06702903
137.00000000,1834.00000000,0.06703239
137.00000000,1835.00000000,0.06703574
137.00000000,1836.00000000,0.06703906
137.00000000,1837.00000000,0.06704234
137.00000000,1838.00000000,0.06704572
137.00000000,1839.00000000,0.06704898
137.00000000,1840.00000000,0.06705219
137.00000000,1841.00000000,0.06705554
137.00000000,1842.00000000,0.06705865
137.00000000,1843.00000000,0.06706186
137.00000000,1844.00000000,0.06706507
137.00000000,1845.00000000,0.06706824
137.00000000,1846.00000000,0.06707122
137.00000000,1847.00000000,0.06707436
137.00000000,1848.00000000,0.06707739
137.00000000,1849.00000000,0.06708041
137.00000000,1850.00000000,0.06708345
137.00000000,1851.00000000,0.06708632
137.00000000,1852.00000000,0.06708919
137.00000000,1853.00000000,0.06709237
137.00000000,1854.00000000,0.06709572
137.00000000,1855.00000000,0.06709893
137.00000000,1856.00000000,0.06710210
137.00000000,1857.00000000,0.06710521
137.00000000,1858.00000000,0.06710822
137.00000000,1859.00000000,0.06711119
137.00000000,1860.00000000,0.06711407
137.00000000,1861.00000000,0.06711690
137.00000000,1862.00000000,0.06711954
137.00000000,1863.00000000,0.06712165
137.00000000,1864.00000000,0.06712325
137.00000000,1865.00000000,0.06712453
137.00000000,1866.00000000,0.06712545
137.00000000,1867.00000000,0.06712614
137.00000000,1868.00000000,0.06712657
137.00000000,1869.00000000,0.06712675
137.00000000,1870.00000000,0.06712675
137.00000000,1871.00000000,0.06712654
137.00000000,1872.00000000,0.06712650
137.00000000,1873.00000000,0.06712712
137.00000000,1874.00000000,0.06712810
137.00000000,1875.00000000,0.06712946
137.00000000,1876.00000000,0.06713108
137.00000000,1877.00000000,0.06713280
137.00000000,1878.00000000,0.06713473
137.00000000,1879.00000000,0.06713674
137.00000000,1880.00000000,0.06713886
137.00000000,1881.00000000,0.06714097
137.00000000,1882.00000000,0.06714310
137.00000000,1883.00000000,0.06714484
137.00000000,1884.00000000,0.06714624
137.00000000,1885.00000000,0.06714744
137.00000000,1886.00000000,0.06714847
137.00000000,1887.00000000,0.06714939
137.00000000,1888.00000000,0.06715016
137.00000000,1889.00000000,0.06715075
137.00000000,1890.00000000,0.06715105
137.00000000,1891.00000000,0.06715109
137.00000000,1892.00000000,0.06715086
137.00000000,1893.00000000,0.06715056
137.00000000,1894.00000000,0.06715029
137.00000000,1895.00000000,0.06715012
137.00000000,1896.00000000,0.06715005
137.00000000,1897.00000000,0.06714995
137.00000000,1898.00000000,0.06714983
137.00000000,1899.00000000,0.06714958
137.00000000,1900.00000000,0.06714912
137.00000000,1901.00000000,0.06714853
137.00000000,1902.00000000,0.06714812
137.00000000,1903.00000000,0.06715409
137.00000000,1904.00000000,0.06715402
137.00000000,1905.00000000,0.06715421
137.00000000,1906.00000000,0.06715469
137.00000000,1907.00000000,0.06715541
137.00000000,1908.00000000,0.06715819
137.00000000,1909.00000000,0.06715891
137.00000000,1910.00000000,0.06715975
137.00000000,1911.00000000,0.06716050
137.00000000,1912.00000000,0.06716077
137.00000000,1913.00000000,0.06716032
137.00000000,1914.00000000,0.06715907
137.00000000,1915.00000000,0.06715750
137.00000000,1916.00000000,0.06715591
137.00000000,1917.00000000,0.06715436
137.00000000,1918.00000000,0.06715478
137.00000000,1919.00000000,0.06715323
137.00000000,1920.00000000,0.06715219
137.00000000,1921.00000000,0.06715176
137.00000000,1922.00000000,0.06715218
137.00000000,1923.00000000,0.06715326
137.00000000,1924.00000000,0.06715450
137.00000000,1925.00000000,0.06715564
137.00000000,1926.00000000,0.06715673
137.00000000,1927.00000000,0.06715786
137.00000000,1928.00000000,0.06716121
137.00000000,1929.00000000,0.06716246
137.00000000,1930.00000000,0.06716388
137.00000000,1931.00000000,0.06716627
137.00000000,1932.00000000,0.06716981
137.00000000,1933.00000000,0.06717399
137.00000000,1934.00000000,0.06718080
137.00000000,1935.00000000,0.06718554
137.00000000,1936.00000000,0.06718973
137.00000000,1937.00000000,0.06719527
137.00000000,1938.00000000,0.06719762
137.00000000,1939.00000000,0.06720333
137.00000000,1940.00000000,0.06720229
137.00000000,1941.00000000,0.06720240
137.00000000,1942.00000000,0.06720162
137.00000000,1943.00000000,0.06720234
137.00000000,1944.00000000,0.06720053
137.00000000,1945.00000000,0.06719870
137.00000000,1946.00000000,0.06719776
137.00000000,1947.00000000,0.06719823
137.00000000,1948.00000000,0.06720153
137.00000000,1949.00000000,0.06720284
137.00000000,1950.00000000,0.06720405
137.00000000,1951.00000000,0.06720516
137.00000000,1952.00000000,0.06720901
137.00000000,1953.00000000,0.06721298
137.00000000,1954.00000000,0.06721704
137.00000000,1955.00000000,0.06721924
137.00000000,1956.00000000,0.06722149
137.00000000,1957.00000000,0.06722351
137.00000000,1958.00000000,0.06722507
137.00000000,1959.00000000,0.06722826
137.00000000,1960.00000000,0.06722982
137.00000000,1961.00000000,0.06722771
137.00000000,1962.00000000,0.06722694
137.00000000,1963.00000000,0.06722338
137.00000000,1964.00000000,0.06722087
137.00000000,1965.00000000,0.06721512
137.00000000,1966.00000000,0.06720819
137.00000000,1967.00000000,0.06721245
137.00000000,1968.00000000,0.06720090
137.00000000,1969.00000000,0.06718955
137.00000000,1970.00000000,0.06717811
137.00000000,1971.00000000,0.06716170
137.00000000,1972.00000000,0.06714364
137.00000000,1973.00000000,0.06712871
137.00000000,1974.00000000,0.06710291
137.00000000,1975.00000000,0.06707759
137.00000000,1976.00000000,0.06705189
137.00000000,1977.00000000,0.06702835
137.00000000,1978.00000000,0.06700259
137.00000000,1979.00000000,0.06697860
137.00000000,1980.00000000,0.06695194
137.00000000,1981.00000000,0.06692718
137.00000000,1982.00000000,0.06690829
137.00000000,1983.00000000,0.06688474
137.00000000,1984.00000000,0.06687107
137.00000000,1985.00000000,0.06685601
137.00000000,1986.00000000,0.06684664
137.00000000,1987.00000000,0.06684012
137.00000000,1988.00000000,0.06682551
137.00000000,1989.00000000,0.06681691
137.00000000,1990.00000000,0.06680578
137.00000000,1991.00000000,0.06681079
137.00000000,1992.00000000,0.06679976
137.00000000,1993.00000000,0.06679536
137.00000000,1994.00000000,0.06678364
137.00000000,1995.00000000,0.06677266
137.00000000,1996.00000000,0.06677000
137.00000000,1997.00000000,0.06677295
137.00000000,1998.00000000,0.06676706
137.00000000,1999.00000000,0.06675687
137.00000000,2000.00000000,0.06675700
137.00000000,2001.00000000,0.06675907
137.00000000,2002.00000000,0.06675868
137.00000000,2003.00000000,0.06675028
137.00000000,2004.00000000,0.06675168
137.00000000,2005.00000000,0.06674436
137.00000000,2006.00000000,0.06673790
137.00000000,2007.00000000,0.06672412
137.00000000,2008.00000000,0.06671565
137.00000000,2009.00000000,0.06672100
137.00000000,2010.00000000,0.06671176
137.00000000,2011.00000000,0.06665736
137.00000000,2012.00000000,0.06664973
137.00000000,2013.00000000,0.06661736
137.00000000,2014.00000000,0.06658272
137.00000000,2015.00000000,0.06654269
137.00000000,2016.00000000,0.06652586
137.00000000,2017.00000000,0.06653128
137.00000000,2018.00000000,0.06649607
137.00000000,2019.00000000,0.06647102
137.00000000,2020.00000000,0.06645021
137.00000000,2021.00000000,0.06640140
137.00000000,2022.00000000,0.06634911
137.00000000,2023.00000000,0.06629966
137.00000000,2024.00000000,0.06626941
137.00000000,2025.00000000,0.06627450
137.00000000,2026.00000000,0.06621441
137.00000000,2027.00000000,0.06621198
137.00000000,2028.00000000,0.06618285
137.00000000,2029.00000000,0.06612511
137.00000000,2030.00000000,0.06605493
137.00000000,2031.00000000,0.06601848
137.00000000,2032.00000000,0.06600153
137.00000000,2033.00000000,0.06596386
137.00000000,2034.00000000,0.06594136
137.00000000,2035.00000000,0.06592593
137.00000000,2036.00000000,0.06594338
137.00000000,2037.00000000,0.06593007
137.00000000,2038.00000000,0.06589793
137.00000000,2039.00000000,0.06585706
137.00000000,2040.00000000,0.06588864
137.00000000,2041.00000000,0.06583216
137.00000000,2042.00000000,0.06583791
137.00000000,2043.00000000,0.06585218
137.00000000,2044.00000000,0.06592980
137.00000000,2045.00000000,0.06578726
137.00000000,2046.00000000,0.06577885
137.00000000,2047.00000000,0.06576675
137.00000000,2048.00000000,0.06571966
137.00000000,2049.00000000,0.06572185
137.00000000,2050.00000000,0.06576339
137.00000000,2051.00000000,0.06549726
137.00000000,2052.00000000,0.06538813
137.00000000,2053.00000000,0.06542394
137.00000000,2054.00000000,0.06544103
137.00000000,2055.00000000,0.06531553
137.00000000,2056.00000000,0.06497472
137.00000000,2057.00000000,0.06512833
137.00000000,2058.00000000,0.06478917
137.00000000,2059.00000000,0.06477954
137.00000000,2060.00000000,0.06492885
137.00000000,2061.00000000,0.06482405
137.00000000,2062.00000000,0.06475590
137.00000000,2063.00000000,0.06468071
137.00000000,2064.00000000,0.06474202
137.00000000,2065.00000000,0.06465920
137.00000000,2066.00000000,0.06472388
137.00000000,2067.00000000,0.06446251
137.00000000,2068.00000000,0.06416282
137.00000000,2069.00000000,0.06390273
137.00000000,2070.00000000,0.06390733
137.00000000,2071.00000000,0.06397754
137.00000000,2072.00000000,0.06400038
137.00000000,2073.00000000,0.06411750
137.00000000,2074.00000000,0.06419142
137.00000000,2075.00000000,0.06399359
137.00000000,2076.00000000,0.06401783
137.00000000,2077.00000000,0.06415102
137.00000000,2078.00000000,0.06415174
137.00000000,2079.00000000,0.06410436
137.00000000,2080.00000000,0.06413565
137.00000000,2081.00000000,0.06406301
137.00000000,2082.00000000,0.06359349
137.00000000,2083.00000000,0.06368669
137.00000000,2084.00000000,0.06392382
137.00000000,2085.00000000,0.06402100
137.00000000,2086.00000000,0.06388616
137.00000000,2087.00000000,0.06423705
137.00000000,2088.00000000,0.06445560
137.00000000,2089.00000000,0.06447369
137.00000000,2090.00000000,0.06452557
137.00000000,2091.00000000,0.06454128
137.00000000,2092.00000000,0.06484275
137.00000000,2093.00000000,0.06506758
137.00000000,2094.00000000,0.06521587
137.00000000,2095.00000000,0.06530790
137.00000000,2096.00000000,0.06553414
137.00000000,2097.00000000,0.06573145
137.00000000,2098.00000000,0.06575204
137.00000000,2099.00000000,0.06593773
137.00000000,2100.00000000,0.06620244
137.00000000,2101.00000000,0.06649129
137.00000000,2102.00000000,0.06674057
137.00000000,2103.00000000,0.06703422
137.00000000,2104.00000000,0.06723206
137.00000000,2105.00000000,0.06756146
137.00000000,2106.00000000,0.06795678
137.00000000,2107.00000000,0.06847039
137.00000000,2108.00000000,0.06876634
137.00000000,2109.00000000,0.06908787
137.00000000,2110.00000000,0.06953446
137.00000000,2111.00000000,0.06957173
137.00000000,2112.00000000,0.06954232
137.00000000,2113.00000000,0.07005207
137.00000000,2114.00000000,0.07034288
137.00000000,2115.00000000,0.07050873
137.00000000,2116.00000000,0.07104788
137.00000000,2117.00000000,0.07097981
137.00000000,2118.00000000,0.07071657
137.00000000,2119.00000000,0.07067692
137.00000000,2120.00000000,0.07068240
137.00000000,2121.00000000,0.07104470
137.00000000,2122.00000000,0.07136181
137.00000000,2123.00000000,0.07170209
137.00000000,2124.00000000,0.07200238
137.00000000,2125.00000000,0.07242632
137.00000000,2126.00000000,0.07269664
137.00000000,2127.00000000,0.07284206
137.00000000,2128.00000000,0.07305314
137.00000000,2129.00000000,0.07289133
137.00000000,2130.00000000,0.07295169
137.00000000,2131.00000000,0.07321460
137.00000000,2132.00000000,0.07350046
137.00000000,2133.00000000,0.07380204
137.00000000,2134.00000000,0.07405294
137.00000000,2135.00000000,0.07405398
137.00000000,2136.00000000,0.07407827
137.00000000,2137.00000000,0.07443644
137.00000000,2138.00000000,0.07478756
137.00000000,2139.00000000,0.07494759
137.00000000,2140.00000000,0.07561918
137.00000000,2141.00000000,0.07638061
137.00000000,2142.00000000,0.07698834
137.00000000,2143.00000000,0.07740308
137.00000000,2144.00000000,0.07782002
137.00000000,2145.00000000,0.07823924
137.00000000,2146.00000000,0.07866021
137.00000000,2147.00000000,0.07908299
137.00000000,2148.00000000,0.07963331
137.00000000,2149.00000000,0.08018552
137.00000000,2150.00000000,0.08073960
137.00000000,2151.00000000,0.08129593
137.00000000,2152.00000000,0.08185569
137.00000000,2153.00000000,0.08242007
137.00000000,2154.00000000,0.08298966
137.00000000,2155.00000000,0.08356468
137.00000000,2156.00000000,0.08414526
137.00000000,2157.00000000,0.08473135
137.00000000,2158.00000000,0.08526720
137.00000000,2159.00000000,0.08580838
137.00000000,2160.00000000,0.08635478
137.00000000,2161.00000000,0.08690637
137.00000000,2162.00000000,0.08746307
137.00000000,2163.00000000,0.08802478
137.00000000,2164.00000000,0.08859150
137.00000000,2165.00000000,0.08916316
137.00000000,2166.00000000,0.08973970
137.00000000,2167.00000000,0.09032117
137.00000000,2168.00000000,0.09102410
137.00000000,2169.00000000,0.09173202
137.00000000,2170.00000000,0.09244493
137.00000000,2171.00000000,0.09316273
137.00000000,2172.00000000,0.09388532
137.00000000,2173.00000000,0.09461269
137.00000000,2174.00000000,0.09534471
137.00000000,2175.00000000,0.09608141
137.00000000,2176.00000000,0.09682268
137.00000000,2177.00000000,0.09756848
137.00000000,2178.00000000,0.09840453
137.00000000,2179.00000000,0.09924522
137.00000000,2180.00000000,0.10009046
137.00000000,2181.00000000,0.10094022
137.00000000,2182.00000000,0.10179441
137.00000000,2183.00000000,0.10265290
137.00000000,2184.00000000,0.10351571
137.00000000,2185.00000000,0.10438266
137.00000000,2186.00000000,0.10525378
137.00000000,2187.00000000,0.10612894
137.00000000,2188.00000000,0.10700316
137.00000000,2189.00000000,0.10788130
137.00000000,2190.00000000,0.10876325
137.00000000,2191.00000000,0.10964891
137.00000000,2192.00000000,0.11053826
137.00000000,2193.00000000,0.11143119
137.00000000,2194.00000000,0.11232758
137.00000000,2195.00000000,0.11322740
137.00000000,2196.00000000,0.11413053
137.00000000,2197.00000000,0.11503681
137.00000000,2198.00000000,0.11575448
137.00000000,2199.00000000,0.11647455
137.00000000,2200.00000000,0.11719703
137.00000000,2201.00000000,0.11792187
137.00000000,2202.00000000,0.11864898
137.00000000,2203.00000000,0.11937838
137.00000000,2204.00000000,0.12011000
137.00000000,2205.00000000,0.12084376
137.00000000,2206.00000000,0.12157965
137.00000000,2207.00000000,0.12231755
137.00000000,2208.00000000,0.12288234
137.00000000,2209.00000000,0.12344851
137.00000000,2210.00000000,0.12401598
137.00000000,2211.00000000,0.12458482
137.00000000,2212.00000000,0.12515500
137.00000000,2213.00000000,0.12572646
137.00000000,2214.00000000,0.12629924
137.00000000,2215.00000000,0.12687330
137.00000000,2216.00000000,0.12744858
137.00000000,2217.00000000,0.12802512
137.00000000,2218.00000000,0.12850382
137.00000000,2219.00000000,0.12898335
137.00000000,2220.00000000,0.12946377
137.00000000,2221.00000000,0.12994500
137.00000000,2222.00000000,0.13042711
137.00000000,2223.00000000,0.13091007
137.00000000,2224.00000000,0.13139384
137.00000000,2225.00000000,0.13187849
137.00000000,2226.00000000,0.13236399
137.00000000,2227.00000000,0.13285023
137.00000000,2228.00000000,0.13323387
137.00000000,2229.00000000,0.13361792
137.00000000,2230.00000000,0.13400238
137.00000000,2231.00000000,0.13438734
137.00000000,2232.00000000,0.13477277
137.00000000,2233.00000000,0.13515862
137.00000000,2234.00000000,0.13554499
137.00000000,2235.00000000,0.13593181
137.00000000,2236.00000000,0.13631915
137.00000000,2237.00000000,0.13670702
137.00000000,2238.00000000,0.13701480
137.00000000,2239.00000000,0.13732283
137.00000000,2240.00000000,0.13763109
137.00000000,2241.00000000,0.13793955
137.00000000,2242.00000000,0.13824830
137.00000000,2243.00000000,0.13855729
137.00000000,2244.00000000,0.13886651
137.00000000,2245.00000000,0.13917606
137.00000000,2246.00000000,0.13948586
137.00000000,2247.00000000,0.13979600
137.00000000,2248.00000000,0.14010644
137.00000000,2249.00000000,0.14041700
137.00000000,2250.00000000,0.14072686
137.00000000,2251.00000000,0.14103415
137.00000000,2252.00000000,0.14133716
137.00000000,2253.00000000,0.14163506
137.00000000,2254.00000000,0.14192737
137.00000000,2255.00000000,0.14221392
137.00000000,2256.00000000,0.14249477
137.00000000,2257.00000000,0.14276987
137.00000000,2258.00000000,0.14303921
137.00000000,2259.00000000,0.14330297
137.00000000,2260.00000000,0.14356113
137.00000000,2261.00000000,0.14381393
137.00000000,2262.00000000,0.14406155
137.00000000,2263.00000000,0.14430411
137.00000000,2264.00000000,0.14454187
137.00000000,2265.00000000,0.14477491
137.00000000,2266.00000000,0.14500323
137.00000000,2267.00000000,0.14522706
137.00000000,2268.00000000,0.14544643
137.00000000,2269.00000000,0.14566132
137.00000000,2270.00000000,0.14587195
137.00000000,2271.00000000,0.14607828
137.00000000,2272.00000000,0.14628047
137.00000000,2273.00000000,0.14647856
137.00000000,2274.00000000,0.14667250
137.00000000,2275.00000000,0.14686250
137.00000000,2276.00000000,0.14704857
137.00000000,2277.00000000,0.14723066
137.00000000,2278.00000000,0.14740898
137.00000000,2279.00000000,0.14758349
137.00000000,2280.00000000,0.14775418
137.00000000,2281.00000000,0.14792123
137.00000000,2282.00000000,0.14808453
137.00000000,2283.00000000,0.14824425
137.00000000,2284.00000000,0.14840031
137.00000000,2285.00000000,0.14855272
137.00000000,2286.00000000,0.14870153
137.00000000,2287.00000000,0.14884668
137.00000000,2288.00000000,0.14841286
137.00000000,2289.00000000,0.14797461
137.00000000,2290.00000000,0.14753196
137.00000000,2291.00000000,0.14708500
137.00000000,2292.00000000,0.14663394
137.00000000,2293.00000000,0.14617883
137.00000000,2294.00000000,0.14571970
137.00000000,2295.00000000,0.14525679
137.00000000,2296.00000000,0.14479006
137.00000000,2297.00000000,0.14431973
137.00000000,2298.00000000,0.14384581
137.00000000,2299.00000000,0.14336840
137.00000000,2300.00000000,0.14288762
137.00000000,2301.00000000,0.14240355
137.00000000,2302.00000000,0.14191618
137.00000000,2303.00000000,0.14142571
137.00000000,2304.00000000,0.14093214
137.00000000,2305.00000000,0.14043550
137.00000000,2306.00000000,0.13993597
137.00000000,2307.00000000,0.13943351
137.00000000,2308.00000000,0.13892831
137.00000000,2309.00000000,0.13842038
137.00000000,2310.00000000,0.13790973
137.00000000,2311.00000000,0.13739655
137.00000000,2312.00000000,0.13688084
137.00000000,2313.00000000,0.13636259
137.00000000,2314.00000000,0.13584200
137.00000000,2315.00000000,0.13531906
137.00000000,2316.00000000,0.13479378
137.00000000,2317.00000000,0.13426633
137.00000000,2318.00000000,0.13373670
137.00000000,2319.00000000,0.13320489
137.00000000,2320.00000000,0.13267107
137.00000000,2321.00000000,0.13213519
137.00000000,2322.00000000,0.13159739
137.00000000,2323.00000000,0.13105768
137.00000000,2324.00000000,0.13051604
137.00000000,2325.00000000,0.12997263
137.00000000,2326.00000000,0.12942746
137.00000000,2327.00000000,0.12888049
137.00000000,2328.00000000,0.12833190
137.00000000,2329.00000000,0.12778167
137.00000000,2330.00000000,0.12722980
137.00000000,2331.00000000,0.12667641
137.00000000,2332.00000000,0.12612145
137.00000000,2333.00000000,0.12556506
137.00000000,2334.00000000,0.12500724
137.00000000,2335.00000000,0.12444798
137.00000000,2336.00000000,0.12388739
137.00000000,2337.00000000,0.12332547
137.00000000,2338.00000000,0.12276222
137.00000000,2339.00000000,0.12219776
137.00000000,2340.00000000,0.12163207
137.00000000,2341.00000000,0.12106514
137.00000000,2342.00000000,0.12049711
137.00000000,2343.00000000,0.11992795
137.00000000,2344.00000000,0.11935766
137.00000000,2345.00000000,0.11878636
137.00000000,2346.00000000,0.11821398
137.00000000,2347.00000000,0.11764064
137.00000000,2348.00000000,0.11706633
137.00000000,2349.00000000,0.11649104
137.00000000,2350.00000000,0.11591487
137.00000000,2351.00000000,0.11533782
137.00000000,2352.00000000,0.11475988
137.00000000,2353.00000000,0.11418115
137.00000000,2354.00000000,0.11360164
137.00000000,2355.00000000,0.11302128
137.00000000,2356.00000000,0.11244025
137.00000000,2357.00000000,0.11185845
137.00000000,2358.00000000,0.11127599
137.00000000,2359.00000000,0.11069285
137.00000000,2360.00000000,0.11010903
137.00000000,2361.00000000,0.10952463
137.00000000,2362.00000000,0.10893962
137.00000000,2363.00000000,0.10835400
137.00000000,2364.00000000,0.10776787
137.00000000,2365.00000000,0.10718120
137.00000000,2366.00000000,0.10659397
137.00000000,2367.00000000,0.10600630
137.00000000,2368.00000000,0.10541812
137.00000000,2369.00000000,0.10482954
137.00000000,2370.00000000,0.10424053
137.00000000,2371.00000000,0.10365107
137.00000000,2372.00000000,0.10306129
137.00000000,2373.00000000,0.10247112
137.00000000,2374.00000000,0.10188057
137.00000000,2375.00000000,0.10128975
137.00000000,2376.00000000,0.10069861
137.00000000,2377.00000000,0.10010715
137.00000000,2378.00000000,0.09951548
137.00000000,2379.00000000,0.09892356
137.00000000,2380.00000000,0.09833138
137.00000000,2381.00000000,0.09773903
137.00000000,2382.00000000,0.09714646
137.00000000,2383.00000000,0.09655380
137.00000000,2384.00000000,0.09596103
137.00000000,2385.00000000,0.09536818
137.00000000,2386.00000000,0.09490046
137.00000000,2387.00000000,0.09480106
137.00000000,2388.00000000,0.09480245
137.00000000,2389.00000000,0.09480405
137.00000000,2390.00000000,0.09480583
137.00000000,2391.00000000,0.09480773
137.00000000,2392.00000000,0.09480984
137.00000000,2393.00000000,0.09482786
137.00000000,2394.00000000,0.09484607
137.00000000,2395.00000000,0.09486444
137.00000000,2396.00000000,0.09488293
137.00000000,2397.00000000,0.09490159
137.00000000,2398.00000000,0.09488919
137.00000000,2399.00000000,0.09487688
137.00000000,2400.00000000,0.09486473
137.00000000,2401.00000000,0.09485271
137.00000000,2402.00000000,0.09484076
137.00000000,2403.00000000,0.09482896
137.00000000,2404.00000000,0.09481730
137.00000000,2405.00000000,0.09480570
137.00000000,2406.00000000,0.09479425
137.00000000,2407.00000000,0.09478287
137.00000000,2408.00000000,0.09477164
137.00000000,2409.00000000,0.09476052
137.00000000,2410.00000000,0.09474945
137.00000000,2411.00000000,0.09473852
137.00000000,2412.00000000,0.09472769
137.00000000,2413.00000000,0.09471555
137.00000000,2414.00000000,0.09470355
137.00000000,2415.00000000,0.09469166
137.00000000,2416.00000000,0.09467979
137.00000000,2417.00000000,0.09466805
137.00000000,2418.00000000,0.09465634
137.00000000,2419.00000000,0.09464476
137.00000000,2420.00000000,0.09463327
137.00000000,2421.00000000,0.09462180
137.00000000,2422.00000000,0.09461045
137.00000000,2423.00000000,0.09459917
137.00000000,2424.00000000,0.09458793
137.00000000,2425.00000000,0.09457678
137.00000000,2426.00000000,0.09456572
137.00000000,2427.00000000,0.09455466
137.00000000,2428.00000000,0.09454373
137.00000000,2429.00000000,0.09453279
137.00000000,2430.00000000,0.09452198
137.00000000,2431.00000000,0.09451122
137.00000000,2432.00000000,0.09450047
137.00000000,2433.00000000,0.09448982
137.00000000,2434.00000000,0.09447923
137.00000000,2435.00000000,0.09446865
137.00000000,2436.00000000,0.09445816
137.00000000,2437.00000000,0.09444772
137.00000000,2438.00000000,0.09444029
137.00000000,2439.00000000,0.09443296
137.00000000,2440.00000000,0.09442568
137.00000000,2441.00000000,0.09441839
137.00000000,2442.00000000,0.09441120
137.00000000,2443.00000000,0.09440400
137.00000000,2444.00000000,0.09439690
137.00000000,2445.00000000,0.09438984
137.00000000,2446.00000000,0.09438277
137.00000000,2447.00000000,0.09437579
137.00000000,2448.00000000,0.09436885
137.00000000,2449.00000000,0.09436189
137.00000000,2450.00000000,0.09435504
137.00000000,2451.00000000,0.09434821
137.00000000,2452.00000000,0.09434135
137.00000000,2453.00000000,0.09433459
137.00000000,2454.00000000,0.09432780
137.00000000,2455.00000000,0.09432110
137.00000000,2456.00000000,0.09431441
137.00000000,2457.00000000,0.09430771
137.00000000,2458.00000000,0.09430107
137.00000000,2459.00000000,0.09429448
137.00000000,2460.00000000,0.09428784
137.00000000,2461.00000000,0.09428128
137.00000000,2462.00000000,0.09427475
137.00000000,2463.00000000,0.09426818
137.00000000,2464.00000000,0.09426169
137.00000000,2465.00000000,0.09425523
137.00000000,2466.00000000,0.09424871
137.00000000,2467.00000000,0.09424228
137.00000000,2468.00000000,0.09423581
137.00000000,2469.00000000,0.09422943
137.00000000,2470.00000000,0.09422305
137.00000000,2471.00000000,0.09421663
137.00000000,2472.00000000,0.09421028
137.00000000,2473.00000000,0.09420397
137.00000000,2474.00000000,0.09419758
137.00000000,2475.00000000,0.09419129
137.00000000,2476.00000000,0.09418501
137.00000000,2477.00000000,0.09417868
137.00000000,2478.00000000,0.09417243
137.00000000,2479.00000000,0.09416612
137.00000000,2480.00000000,0.09415990
137.00000000,2481.00000000,0.09415368
137.00000000,2482.00000000,0.09414741
137.00000000,2483.00000000,0.09414122
137.00000000,2484.00000000,0.09413503
137.00000000,2485.00000000,0.09412878
137.00000000,2486.00000000,0.09412263
137.00000000,2487.00000000,0.09411648
137.00000000,2488.00000000,0.09410941
137.00000000,2489.00000000,0.09410241
137.00000000,2490.00000000,0.09409542
137.00000000,2491.00000000,0.09408838
137.00000000,2492.00000000,0.09408141
137.00000000,2493.00000000,0.09407438
137.00000000,2494.00000000,0.09406741
137.00000000,2495.00000000,0.09406046
137.00000000,2496.00000000,0.09405345
137.00000000,2497.00000000,0.09404651
137.00000000,2498.00000000,0.09403957
137.00000000,2499.00000000,0.09403257
137.00000000,2500.00000000,0.09402565
138.00000000,1765.00000000,0.06646838
138.00000000,1766.00000000,0.06646836
138.00000000,1767.00000000,0.06646843
138.00000000,1768.00000000,0.06646848
138.00000000,1769.00000000,0.06646880
138.00000000,1770.00000000,0.06646902
138.00000000,1771.00000000,0.06646955
138.00000000,1772.00000000,0.06647022
138.00000000,1773.00000000,0.06647081
138.00000000,1774.00000000,0.06647178
138.00000000,1775.00000000,0.06647283
138.00000000,1776.00000000,0.06647383
138.00000000,1777.00000000,0.06647515
138.00000000,1778.00000000,0.06647652
138.00000000,1779.00000000,0.06647791
138.00000000,1780.00000000,0.06647961
138.00000000,1781.00000000,0.06648144
138.00000000,1782.00000000,0.06648308
138.00000000,1783.00000000,0.06648499
138.00000000,1784.00000000,0.06648703
138.00000000,1785.00000000,0.06648912
138.00000000,1786.00000000,0.06649132
138.00000000,1787.00000000,0.06649370
138.00000000,1788.00000000,0.06649600
138.00000000,1789.00000000,0.06649856
138.00000000,1790.00000000,0.06650090
138.00000000,1791.00000000,0.06650343
138.00000000,1792.00000000,0.06650609
138.00000000,1793.00000000,0.06650895
138.00000000,1794.00000000,0.06651165
138.00000000,1795.00000000,0.06651449
138.00000000,1796.00000000,0.06651738
138.00000000,1797.00000000,0.06652030
138.00000000,1798.00000000,0.06652330
138.00000000,1799.00000000,0.06652641
138.00000000,1800.00000000,0.06652932
138.00000000,1801.00000000,0.06653248
138.00000000,1802.00000000,0.06653561
138.00000000,1803.00000000,0.06653874
138.00000000,1804.00000000,0.06654191
138.00000000,1805.00000000,0.06654515
138.00000000,1806.00000000,0.06654846
138.00000000,1807.00000000,0.06655171
138.00000000,1808.00000000,0.06655499
138.00000000,1809.00000000,0.06655821
138.00000000,1810.00000000,0.06656159
138.00000000,1811.00000000,0.06656493
138.00000000,1812.00000000,0.06656837
138.00000000,1813.00000000,0.06657175
138.00000000,1814.00000000,0.06657520
138.00000000,1815.00000000,0.06657855
138.00000000,1816.00000000,0.06658197
138.00000000,1817.00000000,0.06658549
138.00000000,1818.00000000,0.06658890
138.00000000,1819.00000000,0.06659230
138.00000000,1820.00000000,0.06659572
138.00000000,1821.00000000,0.06659923
138.00000000,1822.00000000,0.06660264
138.00000000,1823.00000000,0.06660608
138.00000000,1824.00000000,0.06660952
138.00000000,1825.00000000,0.06661303
138.00000000,1826.00000000,0.06661647
138.00000000,1827.00000000,0.06661989
138.00000000,1828.00000000,0.06662335
138.00000000,1829.00000000,0.06662677
138.00000000,1830.00000000,0.06663018
138.00000000,1831.00000000,0.06663355
138.00000000,1832.00000000,0.06663695
138.00000000,1833.00000000,0.06664032
138.00000000,1834.00000000,0.06664367
138.00000000,1835.00000000,0.06664699
138.00000000,1836.00000000,0.06665032
138.00000000,1837.00000000,0.06665359
138.00000000,1838.00000000,0.06665683
138.00000000,1839.00000000,0.06666017
138.00000000,1840.00000000,0.06666339
138.00000000,1841.00000000,0.06666656
138.00000000,1842.00000000,0.06666986
138.00000000,1843.00000000,0.06667293
138.00000000,1844.00000000,0.06667610
138.00000000,1845.00000000,0.06667926
138.00000000,1846.00000000,0.06668238
138.00000000,1847.00000000,0.06668531
138.00000000,1848.00000000,0.06668840
138.00000000,1849.00000000,0.06669139
138.00000000,1850.00000000,0.06669435
138.00000000,1851.00000000,0.06669732
138.00000000,1852.00000000,0.06670012
138.00000000,1853.00000000,0.06670327
138.00000000,1854.00000000,0.06670656
138.00000000,1855.00000000,0.06670984
138.00000000,1856.00000000,0.06671293
138.00000000,1857.00000000,0.06671599
138.00000000,1858.00000000,0.06671901
138.00000000,1859.00000000,0.06672194
138.00000000,1860.00000000,0.06672484
138.00000000,1861.00000000,0.06672762
138.00000000,1862.00000000,0.06673027
138.00000000,1863.00000000,0.06673232
138.00000000,1864.00000000,0.06673393
138.00000000,1865.00000000,0.06673516
138.00000000,1866.00000000,0.06673612
138.00000000,1867.00000000,0.06673675
138.00000000,1868.00000000,0.06673720
138.00000000,1869.00000000,0.06673738
138.00000000,1870.00000000,0.06673733
138.00000000,1871.00000000,0.06673717
138.00000000,1872.00000000,0.06673708
138.00000000,1873.00000000,0.06673765
138.00000000,1874.00000000,0.06673871
138.00000000,1875.00000000,0.06673996
138.00000000,1876.00000000,0.06674155
138.00000000,1877.00000000,0.06674332
138.00000000,1878.00000000,0.06674516
138.00000000,1879.00000000,0.06674719
138.00000000,1880.00000000,0.06674923
138.00000000,1881.00000000,0.06675134
138.00000000,1882.00000000,0.06675345
138.00000000,1883.00000000,0.06675514
138.00000000,1884.00000000,0.06675651
138.00000000,1885.00000000,0.06675766
138.00000000,1886.00000000,0.06675867
138.00000000,1887.00000000,0.06675956
138.00000000,1888.00000000,0.06676030
138.00000000,1889.00000000,0.06676082
138.00000000,1890.00000000,0.06676112
138.00000000,1891.00000000,0.06676111
138.00000000,1892.00000000,0.06676086
138.00000000,1893.00000000,0.06676050
138.00000000,1894.00000000,0.06676017
138.00000000,1895.00000000,0.06675997
138.00000000,1896.00000000,0.06675983
138.00000000,1897.00000000,0.06675968
138.00000000,1898.00000000,0.06675948
138.00000000,1899.00000000,0.06675916
138.00000000,1900.00000000,0.06675863
138.00000000,1901.00000000,0.06675794
138.00000000,1902.00000000,0.06675745
138.00000000,1903.00000000,0.06675708
138.00000000,1904.00000000,0.06676311
138.00000000,1905.00000000,0.06676321
138.00000000,1906.00000000,0.06676357
138.00000000,1907.00000000,0.06676417
138.00000000,1908.00000000,0.06676478
138.00000000,1909.00000000,0.06676747
138.00000000,1910.00000000,0.06676820
138.00000000,1911.00000000,0.06676887
138.00000000,1912.00000000,0.06676904
138.00000000,1913.00000000,0.06676850
138.00000000,1914.00000000,0.06676721
138.00000000,1915.00000000,0.06676554
138.00000000,1916.00000000,0.06676390
138.00000000,1917.00000000,0.06676226
138.00000000,1918.00000000,0.06676054
138.00000000,1919.00000000,0.06676097
138.00000000,1920.00000000,0.06675987
138.00000000,1921.00000000,0.06675939
138.00000000,1922.00000000,0.06675975
138.00000000,1923.00000000,0.06676073
138.00000000,1924.00000000,0.06676188
138.00000000,1925.00000000,0.06676296
138.00000000,1926.00000000,0.06676400
138.00000000,1927.00000000,0.06676504
138.00000000,1928.00000000,0.06676623
138.00000000,1929.00000000,0.06676949
138.00000000,1930.00000000,0.06677086
138.00000000,1931.00000000,0.06677314
138.00000000,1932.00000000,0.06677662
138.00000000,1933.00000000,0.06678073
138.00000000,1934.00000000,0.06678535
138.00000000,1935.00000000,0.06679203
138.00000000,1936.00000000,0.06679624
138.00000000,1937.00000000,0.06679956
138.00000000,1938.00000000,0.06680391
138.00000000,1939.00000000,0.06680544
138.00000000,1940.00000000,0.06681049
138.00000000,1941.00000000,0.06680855
138.00000000,1942.00000000,0.06680767
138.00000000,1943.00000000,0.06680628
138.00000000,1944.00000000,0.06680651
138.00000000,1945.00000000,0.06680463
138.00000000,1946.00000000,0.06680359
138.00000000,1947.00000000,0.06680408
138.00000000,1948.00000000,0.06680524
138.00000000,1949.00000000,0.06680852
138.00000000,1950.00000000,0.06680969
138.00000000,1951.00000000,0.06681073
138.00000000,1952.00000000,0.06681243
138.00000000,1953.00000000,0.06681640
138.00000000,1954.00000000,0.06682030
138.00000000,1955.00000000,0.06682453
138.00000000,1956.00000000,0.06682669
138.00000000,1957.00000000,0.06682865
138.00000000,1958.00000000,0.06683021
138.00000000,1959.00000000,0.06683120
138.00000000,1960.00000000,0.06683270
138.00000000,1961.00000000,0.06683268
138.00000000,1962.00000000,0.06682977
138.00000000,1963.00000000,0.06682818
138.00000000,1964.00000000,0.06682363
138.00000000,1965.00000000,0.06681990
138.00000000,1966.00000000,0.06681290
138.00000000,1967.00000000,0.06680480
138.00000000,1968.00000000,0.06680765
138.00000000,1969.00000000,0.06679422
138.00000000,1970.00000000,0.06678074
138.00000000,1971.00000000,0.06676639
138.00000000,1972.00000000,0.06674638
138.00000000,1973.00000000,0.06672525
138.00000000,1974.00000000,0.06670776
138.00000000,1975.00000000,0.06668052
138.00000000,1976.00000000,0.06665484
138.00000000,1977.00000000,0.06662934
138.00000000,1978.00000000,0.06660571
138.00000000,1979.00000000,0.06657972
138.00000000,1980.00000000,0.06655519
138.00000000,1981.00000000,0.06652845
138.00000000,1982.00000000,0.06650546
138.00000000,1983.00000000,0.06649025
138.00000000,1984.00000000,0.06647035
138.00000000,1985.00000000,0.06645938
138.00000000,1986.00000000,0.06644591
138.00000000,1987.00000000,0.06643728
138.00000000,1988.00000000,0.06643084
138.00000000,1989.00000000,0.06641598
138.00000000,1990.00000000,0.06640688
138.00000000,1991.00000000,0.06639550
138.00000000,1992.00000000,0.06640081
138.00000000,1993.00000000,0.06639026
138.00000000,1994.00000000,0.06638675
138.00000000,1995.00000000,0.06637574
138.00000000,1996.00000000,0.06636486
138.00000000,1997.00000000,0.06636169
138.00000000,1998.00000000,0.06636389
138.00000000,1999.00000000,0.06635780
138.00000000,2000.00000000,0.06634771
138.00000000,2001.00000000,0.06634752
138.00000000,2002.00000000,0.06634905
138.00000000,2003.00000000,0.06634860
138.00000000,2004.00000000,0.06633917
138.00000000,2005.00000000,0.06633813
138.00000000,2006.00000000,0.06632734
138.00000000,2007.00000000,0.06631738
138.00000000,2008.00000000,0.06630051
138.00000000,2009.00000000,0.06628922
138.00000000,2010.00000000,0.06629193
138.00000000,2011.00000000,0.06628032
138.00000000,2012.00000000,0.06622392
138.00000000,2013.00000000,0.06621390
138.00000000,2014.00000000,0.06617927
138.00000000,2015.00000000,0.06614242
138.00000000,2016.00000000,0.06610026
138.00000000,2017.00000000,0.06608126
138.00000000,2018.00000000,0.06608445
138.00000000,2019.00000000,0.06604737
138.00000000,2020.00000000,0.06602051
138.00000000,2021.00000000,0.06599799
138.00000000,2022.00000000,0.06594783
138.00000000,2023.00000000,0.06589445
138.00000000,2024.00000000,0.06584407
138.00000000,2025.00000000,0.06581289
138.00000000,2026.00000000,0.06581692
138.00000000,2027.00000000,0.06575631
138.00000000,2028.00000000,0.06575304
138.00000000,2029.00000000,0.06572331
138.00000000,2030.00000000,0.06566520
138.00000000,2031.00000000,0.06559475
138.00000000,2032.00000000,0.06555768
138.00000000,2033.00000000,0.06553976
138.00000000,2034.00000000,0.06550112
138.00000000,2035.00000000,0.06547748
138.00000000,2036.00000000,0.06546083
138.00000000,2037.00000000,0.06547682
138.00000000,2038.00000000,0.06546228
138.00000000,2039.00000000,0.06542911
138.00000000,2040.00000000,0.06538729
138.00000000,2041.00000000,0.06541741
138.00000000,2042.00000000,0.06535997
138.00000000,2043.00000000,0.06536416
138.00000000,2044.00000000,0.06537670
138.00000000,2045.00000000,0.06545209
138.00000000,2046.00000000,0.06530892
138.00000000,2047.00000000,0.06529894
138.00000000,2048.00000000,0.06528535
138.00000000,2049.00000000,0.06523707
138.00000000,2050.00000000,0.06523778
138.00000000,2051.00000000,0.06527761
138.00000000,2052.00000000,0.06501211
138.00000000,2053.00000000,0.06490252
138.00000000,2054.00000000,0.06493686
138.00000000,2055.00000000,0.06495270
138.00000000,2056.00000000,0.06482705
138.00000000,2057.00000000,0.06448776
138.00000000,2058.00000000,0.06463924
138.00000000,2059.00000000,0.06430169
138.00000000,2060.00000000,0.06429125
138.00000000,2061.00000000,0.06443870
138.00000000,2062.00000000,0.06433434
138.00000000,2063.00000000,0.06426687
138.00000000,2064.00000000,0.06419271
138.00000000,2065.00000000,0.06425422
138.00000000,2066.00000000,0.06417275
138.00000000,2067.00000000,0.06423772
138.00000000,2068.00000000,0.06397910
138.00000000,2069.00000000,0.06368242
138.00000000,2070.00000000,0.06342499
138.00000000,2071.00000000,0.06343032
138.00000000,2072.00000000,0.06350109
138.00000000,2073.00000000,0.06352516
138.00000000,2074.00000000,0.06364302
138.00000000,2075.00000000,0.06371808
138.00000000,2076.00000000,0.06352337
138.00000000,2077.00000000,0.06354910
138.00000000,2078.00000000,0.06368291
138.00000000,2079.00000000,0.06368515
138.00000000,2080.00000000,0.06363954
138.00000000,2081.00000000,0.06367200
138.00000000,2082.00000000,0.06360140
138.00000000,2083.00000000,0.06313686
138.00000000,2084.00000000,0.06323107
138.00000000,2085.00000000,0.06346816
138.00000000,2086.00000000,0.06356626
138.00000000,2087.00000000,0.06343395
138.00000000,2088.00000000,0.06378385
138.00000000,2089.00000000,0.06400227
138.00000000,2090.00000000,0.06402158
138.00000000,2091.00000000,0.06407442
138.00000000,2092.00000000,0.06409146
138.00000000,2093.00000000,0.06439245
138.00000000,2094.00000000,0.06461739
138.00000000,2095.00000000,0.06476633
138.00000000,2096.00000000,0.06485936
138.00000000,2097.00000000,0.06508564
138.00000000,2098.00000000,0.06528314
138.00000000,2099.00000000,0.06530504
138.00000000,2100.00000000,0.06549086
138.00000000,2101.00000000,0.06575517
138.00000000,2102.00000000,0.06604360
138.00000000,2103.00000000,0.06629289
138.00000000,2104.00000000,0.06658628
138.00000000,2105.00000000,0.06678453
138.00000000,2106.00000000,0.06711344
138.00000000,2107.00000000,0.06750780
138.00000000,2108.00000000,0.06801963
138.00000000,2109.00000000,0.06831517
138.00000000,2110.00000000,0.06863607
138.00000000,2111.00000000,0.06908118
138.00000000,2112.00000000,0.06911956
138.00000000,2113.00000000,0.06909163
138.00000000,2114.00000000,0.06959935
138.00000000,2115.00000000,0.06988948
138.00000000,2116.00000000,0.07005540
138.00000000,2117.00000000,0.07059220
138.00000000,2118.00000000,0.07052564
138.00000000,2119.00000000,0.07026508
138.00000000,2120.00000000,0.07022665
138.00000000,2121.00000000,0.07023303
138.00000000,2122.00000000,0.07059395
138.00000000,2123.00000000,0.07090993
138.00000000,2124.00000000,0.07124892
138.00000000,2125.00000000,0.07154814
138.00000000,2126.00000000,0.07197023
138.00000000,2127.00000000,0.07223966
138.00000000,2128.00000000,0.07238495
138.00000000,2129.00000000,0.07259548
138.00000000,2130.00000000,0.07243544
138.00000000,2131.00000000,0.07249615
138.00000000,2132.00000000,0.07275814
138.00000000,2133.00000000,0.07304292
138.00000000,2134.00000000,0.07334332
138.00000000,2135.00000000,0.07359334
138.00000000,2136.00000000,0.07359503
138.00000000,2137.00000000,0.07361980
138.00000000,2138.00000000,0.07397639
138.00000000,2139.00000000,0.07432597
138.00000000,2140.00000000,0.07448563
138.00000000,2141.00000000,0.07515369
138.00000000,2142.00000000,0.07591106
138.00000000,2143.00000000,0.07651566
138.00000000,2144.00000000,0.07692844
138.00000000,2145.00000000,0.07734341
138.00000000,2146.00000000,0.07776065
138.00000000,2147.00000000,0.07817962
138.00000000,2148.00000000,0.07860038
138.00000000,2149.00000000,0.07914791
138.00000000,2150.00000000,0.07969732
138.00000000,2151.00000000,0.08024903
138.00000000,2152.00000000,0.08080419
138.00000000,2153.00000000,0.08136395
138.00000000,2154.00000000,0.08192893
138.00000000,2155.00000000,0.08249936
138.00000000,2156.00000000,0.08307530
138.00000000,2157.00000000,0.08365678
138.00000000,2158.00000000,0.08424370
138.00000000,2159.00000000,0.08478059
138.00000000,2160.00000000,0.08532270
138.00000000,2161.00000000,0.08586991
138.00000000,2162.00000000,0.08642220
138.00000000,2163.00000000,0.08697947
138.00000000,2164.00000000,0.08754166
138.00000000,2165.00000000,0.08810874
138.00000000,2166.00000000,0.08868067
138.00000000,2167.00000000,0.08925738
138.00000000,2168.00000000,0.08983893
138.00000000,2169.00000000,0.09054122
138.00000000,2170.00000000,0.09124844
138.00000000,2171.00000000,0.09196058
138.00000000,2172.00000000,0.09267753
138.00000000,2173.00000000,0.09339921
138.00000000,2174.00000000,0.09412560
138.00000000,2175.00000000,0.09485659
138.00000000,2176.00000000,0.09559220
138.00000000,2177.00000000,0.09633233
138.00000000,2178.00000000,0.09707693
138.00000000,2179.00000000,0.09791131
138.00000000,2180.00000000,0.09875029
138.00000000,2181.00000000,0.09959377
138.00000000,2182.00000000,0.10044175
138.00000000,2183.00000000,0.10129410
138.00000000,2184.00000000,0.10215074
138.00000000,2185.00000000,0.10301164
138.00000000,2186.00000000,0.10387668
138.00000000,2187.00000000,0.10474584
138.00000000,2188.00000000,0.10561903
138.00000000,2189.00000000,0.10649126
138.00000000,2190.00000000,0.10736740
138.00000000,2191.00000000,0.10824733
138.00000000,2192.00000000,0.10913094
138.00000000,2193.00000000,0.11001823
138.00000000,2194.00000000,0.11090908
138.00000000,2195.00000000,0.11180337
138.00000000,2196.00000000,0.11270109
138.00000000,2197.00000000,0.11360210
138.00000000,2198.00000000,0.11450625
138.00000000,2199.00000000,0.11522266
138.00000000,2200.00000000,0.11594146
138.00000000,2201.00000000,0.11666265
138.00000000,2202.00000000,0.11738619
138.00000000,2203.00000000,0.11811198
138.00000000,2204.00000000,0.11884006
138.00000000,2205.00000000,0.11957035
138.00000000,2206.00000000,0.12030278
138.00000000,2207.00000000,0.12103734
138.00000000,2208.00000000,0.12177391
138.00000000,2209.00000000,0.12233812
138.00000000,2210.00000000,0.12290372
138.00000000,2211.00000000,0.12347061
138.00000000,2212.00000000,0.12403887
138.00000000,2213.00000000,0.12460845
138.00000000,2214.00000000,0.12517931
138.00000000,2215.00000000,0.12575149
138.00000000,2216.00000000,0.12632496
138.00000000,2217.00000000,0.12689965
138.00000000,2218.00000000,0.12747560
138.00000000,2219.00000000,0.12795414
138.00000000,2220.00000000,0.12843349
138.00000000,2221.00000000,0.12891371
138.00000000,2222.00000000,0.12939477
138.00000000,2223.00000000,0.12987671
138.00000000,2224.00000000,0.13035951
138.00000000,2225.00000000,0.13084311
138.00000000,2226.00000000,0.13132760
138.00000000,2227.00000000,0.13181290
138.00000000,2228.00000000,0.13229899
138.00000000,2229.00000000,0.13268289
138.00000000,2230.00000000,0.13306723
138.00000000,2231.00000000,0.13345197
138.00000000,2232.00000000,0.13383720
138.00000000,2233.00000000,0.13422288
138.00000000,2234.00000000,0.13460901
138.00000000,2235.00000000,0.13499567
138.00000000,2236.00000000,0.13538278
138.00000000,2237.00000000,0.13577042
138.00000000,2238.00000000,0.13615856
138.00000000,2239.00000000,0.13646696
138.00000000,2240.00000000,0.13677563
138.00000000,2241.00000000,0.13708453
138.00000000,2242.00000000,0.13739359
138.00000000,2243.00000000,0.13770297
138.00000000,2244.00000000,0.13801261
138.00000000,2245.00000000,0.13832247
138.00000000,2246.00000000,0.13863266
138.00000000,2247.00000000,0.13894311
138.00000000,2248.00000000,0.13925392
138.00000000,2249.00000000,0.13956487
138.00000000,2250.00000000,0.13987501
138.00000000,2251.00000000,0.14018266
138.00000000,2252.00000000,0.14048611
138.00000000,2253.00000000,0.14078436
138.00000000,2254.00000000,0.14107713
138.00000000,2255.00000000,0.14136422
138.00000000,2256.00000000,0.14164554
138.00000000,2257.00000000,0.14192120
138.00000000,2258.00000000,0.14219119
138.00000000,2259.00000000,0.14245552
138.00000000,2260.00000000,0.14271439
138.00000000,2261.00000000,0.14296785
138.00000000,2262.00000000,0.14321620
138.00000000,2263.00000000,0.14345959
138.00000000,2264.00000000,0.14369810
138.00000000,2265.00000000,0.14393198
138.00000000,2266.00000000,0.14416124
138.00000000,2267.00000000,0.14438593
138.00000000,2268.00000000,0.14460623
138.00000000,2269.00000000,0.14482217
138.00000000,2270.00000000,0.14503376
138.00000000,2271.00000000,0.14524118
138.00000000,2272.00000000,0.14544438
138.00000000,2273.00000000,0.14564357
138.00000000,2274.00000000,0.14583873
138.00000000,2275.00000000,0.14602985
138.00000000,2276.00000000,0.14621711
138.00000000,2277.00000000,0.14640052
138.00000000,2278.00000000,0.14658004
138.00000000,2279.00000000,0.14675586
138.00000000,2280.00000000,0.14692799
138.00000000,2281.00000000,0.14709635
138.00000000,2282.00000000,0.14726115
138.00000000,2283.00000000,0.14742226
138.00000000,2284.00000000,0.14757986
138.00000000,2285.00000000,0.14773389
138.00000000,2286.00000000,0.14788430
138.00000000,2287.00000000,0.14803121
138.00000000,2288.00000000,0.14817450
138.00000000,2289.00000000,0.14774148
138.00000000,2290.00000000,0.14730409
138.00000000,2291.00000000,0.14686241
138.00000000,2292.00000000,0.14641645
138.00000000,2293.00000000,0.14596647
138.00000000,2294.00000000,0.14551250
138.00000000,2295.00000000,0.14505457
138.00000000,2296.00000000,0.14459291
138.00000000,2297.00000000,0.14412749
138.00000000,2298.00000000,0.14365854
138.00000000,2299.00000000,0.14318604
138.00000000,2300.00000000,0.14271010
138.00000000,2301.00000000,0.14223083
138.00000000,2302.00000000,0.14174832
138.00000000,2303.00000000,0.14126254
138.00000000,2304.00000000,0.14077369
138.00000000,2305.00000000,0.14028180
138.00000000,2306.00000000,0.13978686
138.00000000,2307.00000000,0.13928909
138.00000000,2308.00000000,0.13878842
138.00000000,2309.00000000,0.13828505
138.00000000,2310.00000000,0.13777898
138.00000000,2311.00000000,0.13727023
138.00000000,2312.00000000,0.13675898
138.00000000,2313.00000000,0.13624523
138.00000000,2314.00000000,0.13572899
138.00000000,2315.00000000,0.13521043
138.00000000,2316.00000000,0.13468955
138.00000000,2317.00000000,0.13416635
138.00000000,2318.00000000,0.13364101
138.00000000,2319.00000000,0.13311352
138.00000000,2320.00000000,0.13258389
138.00000000,2321.00000000,0.13205225
138.00000000,2322.00000000,0.13151859
138.00000000,2323.00000000,0.13098302
138.00000000,2324.00000000,0.13044557
138.00000000,2325.00000000,0.12990621
138.00000000,2326.00000000,0.12936510
138.00000000,2327.00000000,0.12882225
138.00000000,2328.00000000,0.12827764
138.00000000,2329.00000000,0.12773141
138.00000000,2330.00000000,0.12718353
138.00000000,2331.00000000,0.12663406
138.00000000,2332.00000000,0.12608307
138.00000000,2333.00000000,0.12553056
138.00000000,2334.00000000,0.12497661
138.00000000,2335.00000000,0.12442124
138.00000000,2336.00000000,0.12386443
138.00000000,2337.00000000,0.12330632
138.00000000,2338.00000000,0.12274691
138.00000000,2339.00000000,0.12218617
138.00000000,2340.00000000,0.12162422
138.00000000,2341.00000000,0.12106107
138.00000000,2342.00000000,0.12049670
138.00000000,2343.00000000,0.11993122
138.00000000,2344.00000000,0.11936463
138.00000000,2345.00000000,0.11879691
138.00000000,2346.00000000,0.11822819
138.00000000,2347.00000000,0.11765840
138.00000000,2348.00000000,0.11708767
138.00000000,2349.00000000,0.11651597
138.00000000,2350.00000000,0.11594330
138.00000000,2351.00000000,0.11536976
138.00000000,2352.00000000,0.11479535
138.00000000,2353.00000000,0.11422005
138.00000000,2354.00000000,0.11364398
138.00000000,2355.00000000,0.11306711
138.00000000,2356.00000000,0.11248944
138.00000000,2357.00000000,0.11191107
138.00000000,2358.00000000,0.11133195
138.00000000,2359.00000000,0.11075217
138.00000000,2360.00000000,0.11017174
138.00000000,2361.00000000,0.10959061
138.00000000,2362.00000000,0.10900891
138.00000000,2363.00000000,0.10842660
138.00000000,2364.00000000,0.10784369
138.00000000,2365.00000000,0.10726026
138.00000000,2366.00000000,0.10667631
138.00000000,2367.00000000,0.10609181
138.00000000,2368.00000000,0.10550686
138.00000000,2369.00000000,0.10492140
138.00000000,2370.00000000,0.10433555
138.00000000,2371.00000000,0.10374927
138.00000000,2372.00000000,0.10316255
138.00000000,2373.00000000,0.10257549
138.00000000,2374.00000000,0.10198807
138.00000000,2375.00000000,0.10140026
138.00000000,2376.00000000,0.10081218
138.00000000,2377.00000000,0.10022379
138.00000000,2378.00000000,0.09963507
138.00000000,2379.00000000,0.09904615
138.00000000,2380.00000000,0.09845697
138.00000000,2381.00000000,0.09786754
138.00000000,2382.00000000,0.09727794
138.00000000,2383.00000000,0.09668813
138.00000000,2384.00000000,0.09609822
138.00000000,2385.00000000,0.09550821
138.00000000,2386.00000000,0.09491810
138.00000000,2387.00000000,0.09445255
138.00000000,2388.00000000,0.09435359
138.00000000,2389.00000000,0.09435494
138.00000000,2390.00000000,0.09435649
138.00000000,2391.00000000,0.09435823
138.00000000,2392.00000000,0.09436009
138.00000000,2393.00000000,0.09436216
138.00000000,2394.00000000,0.09438006
138.00000000,2395.00000000,0.09439815
138.00000000,2396.00000000,0.09441639
138.00000000,2397.00000000,0.09443475
138.00000000,2398.00000000,0.09445329
138.00000000,2399.00000000,0.09444092
138.00000000,2400.00000000,0.09442863
138.00000000,2401.00000000,0.09441650
138.00000000,2402.00000000,0.09440450
138.00000000,2403.00000000,0.09439258
138.00000000,2404.00000000,0.09438082
138.00000000,2405.00000000,0.09436917
138.00000000,2406.00000000,0.09435758
138.00000000,2407.00000000,0.09434617
138.00000000,2408.00000000,0.09433480
138.00000000,2409.00000000,0.09432359
138.00000000,2410.00000000,0.09431250
138.00000000,2411.00000000,0.09430143
138.00000000,2412.00000000,0.09429053
138.00000000,2413.00000000,0.09427972
138.00000000,2414.00000000,0.09426761
138.00000000,2415.00000000,0.09425563
138.00000000,2416.00000000,0.09424375
138.00000000,2417.00000000,0.09423190
138.00000000,2418.00000000,0.09422018
138.00000000,2419.00000000,0.09420849
138.00000000,2420.00000000,0.09419694
138.00000000,2421.00000000,0.09418546
138.00000000,2422.00000000,0.09417400
138.00000000,2423.00000000,0.09416268
138.00000000,2424.00000000,0.09415142
138.00000000,2425.00000000,0.09414017
138.00000000,2426.00000000,0.09412906
138.00000000,2427.00000000,0.09411800
138.00000000,2428.00000000,0.09410697
138.00000000,2429.00000000,0.09409603
138.00000000,2430.00000000,0.09408512
138.00000000,2431.00000000,0.09407431
138.00000000,2432.00000000,0.09406357
138.00000000,2433.00000000,0.09405283
138.00000000,2434.00000000,0.09404219
138.00000000,2435.00000000,0.09403161
138.00000000,2436.00000000,0.09402104
138.00000000,2437.00000000,0.09401057
138.00000000,2438.00000000,0.09400014
138.00000000,2439.00000000,0.09399270
138.00000000,2440.00000000,0.09398536
138.00000000,2441.00000000,0.09397807
138.00000000,2442.00000000,0.09397078
138.00000000,2443.00000000,0.09396358
138.00000000,2444.00000000,0.09395637
138.00000000,2445.00000000,0.09394926
138.00000000,2446.00000000,0.09394219
138.00000000,2447.00000000,0.09393511
138.00000000,2448.00000000,0.09392812
138.00000000,2449.00000000,0.09392118
138.00000000,2450.00000000,0.09391422
138.00000000,2451.00000000,0.09390734
138.00000000,2452.00000000,0.09390050
138.00000000,2453.00000000,0.09389364
138.00000000,2454.00000000,0.09388686
138.00000000,2455.00000000,0.09388006
138.00000000,2456.00000000,0.09387333
138.00000000,2457.00000000,0.09386664
138.00000000,2458.00000000,0.09385991
138.00000000,2459.00000000,0.09385327
138.00000000,2460.00000000,0.09384665
138.00000000,2461.00000000,0.09383999
138.00000000,2462.00000000,0.09383342
138.00000000,2463.00000000,0.09382688
138.00000000,2464.00000000,0.09382029
138.00000000,2465.00000000,0.09381379
138.00000000,2466.00000000,0.09380730
138.00000000,2467.00000000,0.09380077
138.00000000,2468.00000000,0.09379433
138.00000000,2469.00000000,0.09378783
138.00000000,2470.00000000,0.09378142
138.00000000,2471.00000000,0.09377504
138.00000000,2472.00000000,0.09376859
138.00000000,2473.00000000,0.09376224
138.00000000,2474.00000000,0.09375590
138.00000000,2475.00000000,0.09374951
138.00000000,2476.00000000,0.09374319
138.00000000,2477.00000000,0.09373690
138.00000000,2478.00000000,0.09373055
138.00000000,2479.00000000,0.09372427
138.00000000,2480.00000000,0.09371794
138.00000000,2481.00000000,0.09371170
138.00000000,2482.00000000,0.09370547
138.00000000,2483.00000000,0.09369917
138.00000000,2484.00000000,0.09369296
138.00000000,2485.00000000,0.09368676
138.00000000,2486.00000000,0.09368050
138.00000000,2487.00000000,0.09367432
138.00000000,2488.00000000,0.09366814
138.00000000,2489.00000000,0.09366106
138.00000000,2490.00000000,0.09365406
138.00000000,2491.00000000,0.09364705
138.00000000,2492.00000000,0.09364000
138.00000000,2493.00000000,0.09363301
138.00000000,2494.00000000,0.09362596
138.00000000,2495.00000000,0.09361898
138.00000000,2496.00000000,0.09361202
138.00000000,2497.00000000,0.09360498
138.00000000,2498.00000000,0.09359803
138.00000000,2499.00000000,0.09359108
138.00000000,2500.00000000,0.09358406
139.00000000,1765.00000000,0.06608313
139.00000000,1766.00000000,0.06608322
139.00000000,1767.00000000,0.06608324
139.00000000,1768.00000000,0.06608339
139.00000000,1769.00000000,0.06608353
139.00000000,1770.00000000,0.06608397
139.00000000,1771.00000000,0.06608432
139.00000000,1772.00000000,0.06608497
139.00000000,1773.00000000,0.06608576
139.00000000,1774.00000000,0.06608648
139.00000000,1775.00000000,0.06608757
139.00000000,1776.00000000,0.06608875
139.00000000,1777.00000000,0.06608986
139.00000000,1778.00000000,0.06609130
139.00000000,1779.00000000,0.06609278
139.00000000,1780.00000000,0.06609428
139.00000000,1781.00000000,0.06609608
139.00000000,1782.00000000,0.06609800
139.00000000,1783.00000000,0.06609973
139.00000000,1784.00000000,0.06610173
139.00000000,1785.00000000,0.06610384
139.00000000,1786.00000000,0.06610602
139.00000000,1787.00000000,0.06610829
139.00000000,1788.00000000,0.06611073
139.00000000,1789.00000000,0.06611311
139.00000000,1790.00000000,0.06611572
139.00000000,1791.00000000,0.06611812
139.00000000,1792.00000000,0.06612070
139.00000000,1793.00000000,0.06612340
139.00000000,1794.00000000,0.06612631
139.00000000,1795.00000000,0.06612905
139.00000000,1796.00000000,0.06613193
139.00000000,1797.00000000,0.06613485
139.00000000,1798.00000000,0.06613780
139.00000000,1799.00000000,0.06614082
139.00000000,1800.00000000,0.06614396
139.00000000,1801.00000000,0.06614689
139.00000000,1802.00000000,0.06615006
139.00000000,1803.00000000,0.06615320
139.00000000,1804.00000000,0.06615634
139.00000000,1805.00000000,0.06615952
139.00000000,1806.00000000,0.06616277
139.00000000,1807.00000000,0.06616609
139.00000000,1808.00000000,0.06616934
139.00000000,1809.00000000,0.06617263
139.00000000,1810.00000000,0.06617585
139.00000000,1811.00000000,0.06617924
139.00000000,1812.00000000,0.06618258
139.00000000,1813.00000000,0.06618600
139.00000000,1814.00000000,0.06618938
139.00000000,1815.00000000,0.06619282
139.00000000,1816.00000000,0.06619617
139.00000000,1817.00000000,0.06619958
139.00000000,1818.00000000,0.06620307
139.00000000,1819.00000000,0.06620647
139.00000000,1820.00000000,0.06620985
139.00000000,1821.00000000,0.06621325
139.00000000,1822.00000000,0.06621675
139.00000000,1823.00000000,0.06622014
139.00000000,1824.00000000,0.06622356
139.00000000,1825.00000000,0.06622698
139.00000000,1826.00000000,0.06623046
139.00000000,1827.00000000,0.06623388
139.00000000,1828.00000000,0.06623727
139.00000000,1829.00000000,0.06624070
139.00000000,1830.00000000,0.06624410
139.00000000,1831.00000000,0.06624747
139.00000000,1832.00000000,0.06625080
139.00000000,1833.00000000,0.06625416
139.00000000,1834.00000000,0.06625749
139.00000000,1835.00000000,0.06626081
139.00000000,1836.00000000,0.06626410
139.00000000,1837.00000000,0.06626739
139.00000000,1838.00000000,0.06627061
139.00000000,1839.00000000,0.06627382
139.00000000,1840.00000000,0.06627711
139.00000000,1841.00000000,0.06628030
139.00000000,1842.00000000,0.06628342
139.00000000,1843.00000000,0.06628668
139.00000000,1844.00000000,0.06628971
139.00000000,1845.00000000,0.06629283
139.00000000,1846.00000000,0.06629594
139.00000000,1847.00000000,0.06629901
139.00000000,1848.00000000,0.06630189
139.00000000,1849.00000000,0.06630494
139.00000000,1850.00000000,0.06630787
139.00000000,1851.00000000,0.06631076
139.00000000,1852.00000000,0.06631365
139.00000000,1853.00000000,0.06631674
139.00000000,1854.00000000,0.06631999
139.00000000,1855.00000000,0.06632323
139.00000000,1856.00000000,0.06632638
139.00000000,1857.00000000,0.06632936
139.00000000,1858.00000000,0.06633233
139.00000000,1859.00000000,0.06633527
139.00000000,1860.00000000,0.06633813
139.00000000,1861.00000000,0.06634094
139.00000000,1862.00000000,0.06634353
139.00000000,1863.00000000,0.06634559
139.00000000,1864.00000000,0.06634715
139.00000000,1865.00000000,0.06634840
139.00000000,1866.00000000,0.06634931
139.00000000,1867.00000000,0.06634998
139.00000000,1868.00000000,0.06635037
139.00000000,1869.00000000,0.06635056
139.00000000,1870.00000000,0.06635052
139.00000000,1871.00000000,0.06635032
139.00000000,1872.00000000,0.06635026
139.00000000,1873.00000000,0.06635078
139.00000000,1874.00000000,0.06635179
139.00000000,1875.00000000,0.06635312
139.00000000,1876.00000000,0.06635461
139.00000000,1877.00000000,0.06635634
139.00000000,1878.00000000,0.06635822
139.00000000,1879.00000000,0.06636017
139.00000000,1880.00000000,0.06636223
139.00000000,1881.00000000,0.06636426
139.00000000,1882.00000000,0.06636637
139.00000000,1883.00000000,0.06636804
139.00000000,1884.00000000,0.06636936
139.00000000,1885.00000000,0.06637049
139.00000000,1886.00000000,0.06637146
139.00000000,1887.00000000,0.06637233
139.00000000,1888.00000000,0.06637304
139.00000000,1889.00000000,0.06637352
139.00000000,1890.00000000,0.06637375
139.00000000,1891.00000000,0.06637373
139.00000000,1892.00000000,0.06637344
139.00000000,1893.00000000,0.06637307
139.00000000,1894.00000000,0.06637268
139.00000000,1895.00000000,0.06637243
139.00000000,1896.00000000,0.06637225
139.00000000,1897.00000000,0.06637203
139.00000000,1898.00000000,0.06637178
139.00000000,1899.00000000,0.06637139
139.00000000,1900.00000000,0.06637079
139.00000000,1901.00000000,0.06637002
139.00000000,1902.00000000,0.06636943
139.00000000,1903.00000000,0.06636898
139.00000000,1904.00000000,0.06636873
139.00000000,1905.00000000,0.06637486
139.00000000,1906.00000000,0.06637514
139.00000000,1907.00000000,0.06637562
139.00000000,1908.00000000,0.06637611
139.00000000,1909.00000000,0.06637665
139.00000000,1910.00000000,0.06637933
139.00000000,1911.00000000,0.06637991
139.00000000,1912.00000000,0.06638001
139.00000000,1913.00000000,0.06637936
139.00000000,1914.00000000,0.06637797
139.00000000,1915.00000000,0.06637626
139.00000000,1916.00000000,0.06637453
139.00000000,1917.00000000,0.06637285
139.00000000,1918.00000000,0.06637104
139.00000000,1919.00000000,0.06636935
139.00000000,1920.00000000,0.06637022
139.00000000,1921.00000000,0.06636965
139.00000000,1922.00000000,0.06636996
139.00000000,1923.00000000,0.06637089
139.00000000,1924.00000000,0.06637195
139.00000000,1925.00000000,0.06637294
139.00000000,1926.00000000,0.06637389
139.00000000,1927.00000000,0.06637490
139.00000000,1928.00000000,0.06637601
139.00000000,1929.00000000,0.06637710
139.00000000,1930.00000000,0.06638048
139.00000000,1931.00000000,0.06638272
139.00000000,1932.00000000,0.06638606
139.00000000,1933.00000000,0.06639013
139.00000000,1934.00000000,0.06639466
139.00000000,1935.00000000,0.06639917
139.00000000,1936.00000000,0.06640531
139.00000000,1937.00000000,0.06640865
139.00000000,1938.00000000,0.06641081
139.00000000,1939.00000000,0.06641433
139.00000000,1940.00000000,0.06641522
139.00000000,1941.00000000,0.06641934
139.00000000,1942.00000000,0.06641644
139.00000000,1943.00000000,0.06641495
139.00000000,1944.00000000,0.06641308
139.00000000,1945.00000000,0.06641323
139.00000000,1946.00000000,0.06641214
139.00000000,1947.00000000,0.06641255
139.00000000,1948.00000000,0.06641370
139.00000000,1949.00000000,0.06641484
139.00000000,1950.00000000,0.06641798
139.00000000,1951.00000000,0.06641898
139.00000000,1952.00000000,0.06642060
139.00000000,1953.00000000,0.06642244
139.00000000,1954.00000000,0.06642633
139.00000000,1955.00000000,0.06643040
139.00000000,1956.00000000,0.06643461
139.00000000,1957.00000000,0.06643647
139.00000000,1958.00000000,0.06643796
139.00000000,1959.00000000,0.06643896
139.00000000,1960.00000000,0.06643827
139.00000000,1961.00000000,0.06643821
139.00000000,1962.00000000,0.06643738
139.00000000,1963.00000000,0.06643366
139.00000000,1964.00000000,0.06643107
139.00000000,1965.00000000,0.06642533
139.00000000,1966.00000000,0.06642033
139.00000000,1967.00000000,0.06641217
139.00000000,1968.00000000,0.06640274
139.00000000,1969.00000000,0.06640364
139.00000000,1970.00000000,0.06638811
139.00000000,1971.00000000,0.06637176
139.00000000,1972.00000000,0.06635381
139.00000000,1973.00000000,0.06633075
139.00000000,1974.00000000,0.06630712
139.00000000,1975.00000000,0.06628814
139.00000000,1976.00000000,0.06626057
139.00000000,1977.00000000,0.06623510
139.00000000,1978.00000000,0.06620950
139.00000000,1979.00000000,0.06618564
139.00000000,1980.00000000,0.06615912
139.00000000,1981.00000000,0.06613450
139.00000000,1982.00000000,0.06610954
139.00000000,1983.00000000,0.06609023
139.00000000,1984.00000000,0.06607859
139.00000000,1985.00000000,0.06606142
139.00000000,1986.00000000,0.06605202
139.00000000,1987.00000000,0.06603929
139.00000000,1988.00000000,0.06603076
139.00000000,1989.00000000,0.06602402
139.00000000,1990.00000000,0.06600870
139.00000000,1991.00000000,0.06599932
139.00000000,1992.00000000,0.06598836
139.00000000,1993.00000000,0.06599403
139.00000000,1994.00000000,0.06598441
139.00000000,1995.00000000,0.06598156
139.00000000,1996.00000000,0.06597065
139.00000000,1997.00000000,0.06595931
139.00000000,1998.00000000,0.06595543
139.00000000,1999.00000000,0.06595741
139.00000000,2000.00000000,0.06595138
139.00000000,2001.00000000,0.06594103
139.00000000,2002.00000000,0.06594032
139.00000000,2003.00000000,0.06594178
139.00000000,2004.00000000,0.06594026
139.00000000,2005.00000000,0.06592845
139.00000000,2006.00000000,0.06592394
139.00000000,2007.00000000,0.06590970
139.00000000,2008.00000000,0.06589664
139.00000000,2009.00000000,0.06587701
139.00000000,2010.00000000,0.06586320
139.00000000,2011.00000000,0.06586349
139.00000000,2012.00000000,0.06584961
139.00000000,2013.00000000,0.06579116
139.00000000,2014.00000000,0.06577876
139.00000000,2015.00000000,0.06574193
139.00000000,2016.00000000,0.06570295
139.00000000,2017.00000000,0.06565879
139.00000000,2018.00000000,0.06563773
139.00000000,2019.00000000,0.06563881
139.00000000,2020.00000000,0.06560002
139.00000000,2021.00000000,0.06557150
139.00000000,2022.00000000,0.06554747
139.00000000,2023.00000000,0.06549621
139.00000000,2024.00000000,0.06544192
139.00000000,2025.00000000,0.06539077
139.00000000,2026.00000000,0.06535878
139.00000000,2027.00000000,0.06536186
139.00000000,2028.00000000,0.06530082
139.00000000,2029.00000000,0.06529676
139.00000000,2030.00000000,0.06526648
139.00000000,2031.00000000,0.06520803
139.00000000,2032.00000000,0.06513720
139.00000000,2033.00000000,0.06509930
139.00000000,2034.00000000,0.06508028
139.00000000,2035.00000000,0.06504063
139.00000000,2036.00000000,0.06501583
139.00000000,2037.00000000,0.06499795
139.00000000,2038.00000000,0.06501254
139.00000000,2039.00000000,0.06499684
139.00000000,2040.00000000,0.06496268
139.00000000,2041.00000000,0.06491993
139.00000000,2042.00000000,0.06494848
139.00000000,2043.00000000,0.06488994
139.00000000,2044.00000000,0.06489249
139.00000000,2045.00000000,0.06490328
139.00000000,2046.00000000,0.06497648
139.00000000,2047.00000000,0.06483273
139.00000000,2048.00000000,0.06482125
139.00000000,2049.00000000,0.06480623
139.00000000,2050.00000000,0.06475685
139.00000000,2051.00000000,0.06475617
139.00000000,2052.00000000,0.06479437
139.00000000,2053.00000000,0.06452957
139.00000000,2054.00000000,0.06441961
139.00000000,2055.00000000,0.06445257
139.00000000,2056.00000000,0.06446723
139.00000000,2057.00000000,0.06434149
139.00000000,2058.00000000,0.06400375
139.00000000,2059.00000000,0.06415318
139.00000000,2060.00000000,0.06381728
139.00000000,2061.00000000,0.06380618
139.00000000,2062.00000000,0.06395218
139.00000000,2063.00000000,0.06384878
139.00000000,2064.00000000,0.06378228
139.00000000,2065.00000000,0.06370932
139.00000000,2066.00000000,0.06377111
139.00000000,2067.00000000,0.06369102
139.00000000,2068.00000000,0.06375630
139.00000000,2069.00000000,0.06350037
139.00000000,2070.00000000,0.06320661
139.00000000,2071.00000000,0.06295186
139.00000000,2072.00000000,0.06295823
139.00000000,2073.00000000,0.06302986
139.00000000,2074.00000000,0.06305535
139.00000000,2075.00000000,0.06317401
139.00000000,2076.00000000,0.06325018
139.00000000,2077.00000000,0.06305856
139.00000000,2078.00000000,0.06308567
139.00000000,2079.00000000,0.06322002
139.00000000,2080.00000000,0.06322366
139.00000000,2081.00000000,0.06317977
139.00000000,2082.00000000,0.06321350
139.00000000,2083.00000000,0.06314503
139.00000000,2084.00000000,0.06268546
139.00000000,2085.00000000,0.06278064
139.00000000,2086.00000000,0.06301765
139.00000000,2087.00000000,0.06311662
139.00000000,2088.00000000,0.06298671
139.00000000,2089.00000000,0.06333555
139.00000000,2090.00000000,0.06355378
139.00000000,2091.00000000,0.06357427
139.00000000,2092.00000000,0.06362817
139.00000000,2093.00000000,0.06364668
139.00000000,2094.00000000,0.06394724
139.00000000,2095.00000000,0.06417229
139.00000000,2096.00000000,0.06432182
139.00000000,2097.00000000,0.06441579
139.00000000,2098.00000000,0.06464203
139.00000000,2099.00000000,0.06483965
139.00000000,2100.00000000,0.06486278
139.00000000,2101.00000000,0.06504872
139.00000000,2102.00000000,0.06531277
139.00000000,2103.00000000,0.06560092
139.00000000,2104.00000000,0.06585024
139.00000000,2105.00000000,0.06614339
139.00000000,2106.00000000,0.06634201
139.00000000,2107.00000000,0.06667037
139.00000000,2108.00000000,0.06706372
139.00000000,2109.00000000,0.06757371
139.00000000,2110.00000000,0.06786879
139.00000000,2111.00000000,0.06818900
139.00000000,2112.00000000,0.06863257
139.00000000,2113.00000000,0.06867200
139.00000000,2114.00000000,0.06864547
139.00000000,2115.00000000,0.06915111
139.00000000,2116.00000000,0.06944052
139.00000000,2117.00000000,0.06960648
139.00000000,2118.00000000,0.07014091
139.00000000,2119.00000000,0.07007578
139.00000000,2120.00000000,0.06981785
139.00000000,2121.00000000,0.06978059
139.00000000,2122.00000000,0.06978783
139.00000000,2123.00000000,0.07014735
139.00000000,2124.00000000,0.07046217
139.00000000,2125.00000000,0.07079986
139.00000000,2126.00000000,0.07109800
139.00000000,2127.00000000,0.07151825
139.00000000,2128.00000000,0.07178677
139.00000000,2129.00000000,0.07193193
139.00000000,2130.00000000,0.07214190
139.00000000,2131.00000000,0.07198358
139.00000000,2132.00000000,0.07204463
139.00000000,2133.00000000,0.07230569
139.00000000,2134.00000000,0.07258939
139.00000000,2135.00000000,0.07288860
139.00000000,2136.00000000,0.07313773
139.00000000,2137.00000000,0.07314005
139.00000000,2138.00000000,0.07316529
139.00000000,2139.00000000,0.07352030
139.00000000,2140.00000000,0.07386834
139.00000000,2141.00000000,0.07402761
139.00000000,2142.00000000,0.07469218
139.00000000,2143.00000000,0.07544550
139.00000000,2144.00000000,0.07604699
139.00000000,2145.00000000,0.07645783
139.00000000,2146.00000000,0.07687084
139.00000000,2147.00000000,0.07728610
139.00000000,2148.00000000,0.07770309
139.00000000,2149.00000000,0.07812184
139.00000000,2150.00000000,0.07866660
139.00000000,2151.00000000,0.07921366
139.00000000,2152.00000000,0.07976421
139.00000000,2153.00000000,0.08031937
139.00000000,2154.00000000,0.08087971
139.00000000,2155.00000000,0.08144551
139.00000000,2156.00000000,0.08201685
139.00000000,2157.00000000,0.08259368
139.00000000,2158.00000000,0.08317597
139.00000000,2159.00000000,0.08376360
139.00000000,2160.00000000,0.08430140
139.00000000,2161.00000000,0.08484431
139.00000000,2162.00000000,0.08539221
139.00000000,2163.00000000,0.08594506
139.00000000,2164.00000000,0.08650280
139.00000000,2165.00000000,0.08706534
139.00000000,2166.00000000,0.08763269
139.00000000,2167.00000000,0.08820478
139.00000000,2168.00000000,0.08878157
139.00000000,2169.00000000,0.08936310
139.00000000,2170.00000000,0.09006469
139.00000000,2171.00000000,0.09077114
139.00000000,2172.00000000,0.09148244
139.00000000,2173.00000000,0.09219849
139.00000000,2174.00000000,0.09291920
139.00000000,2175.00000000,0.09364456
139.00000000,2176.00000000,0.09437448
139.00000000,2177.00000000,0.09510894
139.00000000,2178.00000000,0.09584789
139.00000000,2179.00000000,0.09659126
139.00000000,2180.00000000,0.09742394
139.00000000,2181.00000000,0.09826118
139.00000000,2182.00000000,0.09910289
139.00000000,2183.00000000,0.09994904
139.00000000,2184.00000000,0.10079955
139.00000000,2185.00000000,0.10165431
139.00000000,2186.00000000,0.10251330
139.00000000,2187.00000000,0.10337640
139.00000000,2188.00000000,0.10424360
139.00000000,2189.00000000,0.10511480
139.00000000,2190.00000000,0.10598505
139.00000000,2191.00000000,0.10685919
139.00000000,2192.00000000,0.10773708
139.00000000,2193.00000000,0.10861865
139.00000000,2194.00000000,0.10950387
139.00000000,2195.00000000,0.11039265
139.00000000,2196.00000000,0.11128485
139.00000000,2197.00000000,0.11218048
139.00000000,2198.00000000,0.11307937
139.00000000,2199.00000000,0.11398139
139.00000000,2200.00000000,0.11469653
139.00000000,2201.00000000,0.11541405
139.00000000,2202.00000000,0.11613394
139.00000000,2203.00000000,0.11685617
139.00000000,2204.00000000,0.11758066
139.00000000,2205.00000000,0.11830743
139.00000000,2206.00000000,0.11903641
139.00000000,2207.00000000,0.11976751
139.00000000,2208.00000000,0.12050074
139.00000000,2209.00000000,0.12123598
139.00000000,2210.00000000,0.12179962
139.00000000,2211.00000000,0.12236463
139.00000000,2212.00000000,0.12293094
139.00000000,2213.00000000,0.12349860
139.00000000,2214.00000000,0.12406760
139.00000000,2215.00000000,0.12463788
139.00000000,2216.00000000,0.12520948
139.00000000,2217.00000000,0.12578235
139.00000000,2218.00000000,0.12635645
139.00000000,2219.00000000,0.12693180
139.00000000,2220.00000000,0.12741015
139.00000000,2221.00000000,0.12788933
139.00000000,2222.00000000,0.12836939
139.00000000,2223.00000000,0.12885027
139.00000000,2224.00000000,0.12933205
139.00000000,2225.00000000,0.12981467
139.00000000,2226.00000000,0.13029811
139.00000000,2227.00000000,0.13078242
139.00000000,2228.00000000,0.13126757
139.00000000,2229.00000000,0.13175351
139.00000000,2230.00000000,0.13213768
139.00000000,2231.00000000,0.13252227
139.00000000,2232.00000000,0.13290727
139.00000000,2233.00000000,0.13329277
139.00000000,2234.00000000,0.13367875
139.00000000,2235.00000000,0.13406515
139.00000000,2236.00000000,0.13445209
139.00000000,2237.00000000,0.13483948
139.00000000,2238.00000000,0.13522741
139.00000000,2239.00000000,0.13561586
139.00000000,2240.00000000,0.13592488
139.00000000,2241.00000000,0.13623416
139.00000000,2242.00000000,0.13654367
139.00000000,2243.00000000,0.13685338
139.00000000,2244.00000000,0.13716340
139.00000000,2245.00000000,0.13747365
139.00000000,2246.00000000,0.13778416
139.00000000,2247.00000000,0.13809501
139.00000000,2248.00000000,0.13840611
139.00000000,2249.00000000,0.13871739
139.00000000,2250.00000000,0.13902794
139.00000000,2251.00000000,0.13933590
139.00000000,2252.00000000,0.13963972
139.00000000,2253.00000000,0.13993844
139.00000000,2254.00000000,0.14023160
139.00000000,2255.00000000,0.14051917
139.00000000,2256.00000000,0.14080105
139.00000000,2257.00000000,0.14107721
139.00000000,2258.00000000,0.14134778
139.00000000,2259.00000000,0.14161278
139.00000000,2260.00000000,0.14187226
139.00000000,2261.00000000,0.14212646
139.00000000,2262.00000000,0.14237548
139.00000000,2263.00000000,0.14261963
139.00000000,2264.00000000,0.14285900
139.00000000,2265.00000000,0.14309364
139.00000000,2266.00000000,0.14332377
139.00000000,2267.00000000,0.14354940
139.00000000,2268.00000000,0.14377057
139.00000000,2269.00000000,0.14398748
139.00000000,2270.00000000,0.14420011
139.00000000,2271.00000000,0.14440849
139.00000000,2272.00000000,0.14461283
139.00000000,2273.00000000,0.14481302
139.00000000,2274.00000000,0.14500930
139.00000000,2275.00000000,0.14520163
139.00000000,2276.00000000,0.14539000
139.00000000,2277.00000000,0.14557463
139.00000000,2278.00000000,0.14575546
139.00000000,2279.00000000,0.14593252
139.00000000,2280.00000000,0.14610594
139.00000000,2281.00000000,0.14627574
139.00000000,2282.00000000,0.14644185
139.00000000,2283.00000000,0.14660447
139.00000000,2284.00000000,0.14676347
139.00000000,2285.00000000,0.14691901
139.00000000,2286.00000000,0.14707108
139.00000000,2287.00000000,0.14721957
139.00000000,2288.00000000,0.14736463
139.00000000,2289.00000000,0.14750611
139.00000000,2290.00000000,0.14707395
139.00000000,2291.00000000,0.14663748
139.00000000,2292.00000000,0.14619677
139.00000000,2293.00000000,0.14575186
139.00000000,2294.00000000,0.14530299
139.00000000,2295.00000000,0.14485019
139.00000000,2296.00000000,0.14439349
139.00000000,2297.00000000,0.14393311
139.00000000,2298.00000000,0.14346904
139.00000000,2299.00000000,0.14300147
139.00000000,2300.00000000,0.14253042
139.00000000,2301.00000000,0.14205596
139.00000000,2302.00000000,0.14157822
139.00000000,2303.00000000,0.14109726
139.00000000,2304.00000000,0.14061308
139.00000000,2305.00000000,0.14012588
139.00000000,2306.00000000,0.13963567
139.00000000,2307.00000000,0.13914245
139.00000000,2308.00000000,0.13864644
139.00000000,2309.00000000,0.13814756
139.00000000,2310.00000000,0.13764603
139.00000000,2311.00000000,0.13714184
139.00000000,2312.00000000,0.13663499
139.00000000,2313.00000000,0.13612568
139.00000000,2314.00000000,0.13561390
139.00000000,2315.00000000,0.13509965
139.00000000,2316.00000000,0.13458312
139.00000000,2317.00000000,0.13406430
139.00000000,2318.00000000,0.13354321
139.00000000,2319.00000000,0.13301996
139.00000000,2320.00000000,0.13249461
139.00000000,2321.00000000,0.13196714
139.00000000,2322.00000000,0.13143770
139.00000000,2323.00000000,0.13090623
139.00000000,2324.00000000,0.13037290
139.00000000,2325.00000000,0.12983770
139.00000000,2326.00000000,0.12930061
139.00000000,2327.00000000,0.12876180
139.00000000,2328.00000000,0.12822126
139.00000000,2329.00000000,0.12767898
139.00000000,2330.00000000,0.12713510
139.00000000,2331.00000000,0.12658961
139.00000000,2332.00000000,0.12604249
139.00000000,2333.00000000,0.12549391
139.00000000,2334.00000000,0.12494381
139.00000000,2335.00000000,0.12439229
139.00000000,2336.00000000,0.12383936
139.00000000,2337.00000000,0.12328503
139.00000000,2338.00000000,0.12272939
139.00000000,2339.00000000,0.12217245
139.00000000,2340.00000000,0.12161419
139.00000000,2341.00000000,0.12105475
139.00000000,2342.00000000,0.12049412
139.00000000,2343.00000000,0.11993228
139.00000000,2344.00000000,0.11936934
139.00000000,2345.00000000,0.11880529
139.00000000,2346.00000000,0.11824014
139.00000000,2347.00000000,0.11767399
139.00000000,2348.00000000,0.11710678
139.00000000,2349.00000000,0.11653863
139.00000000,2350.00000000,0.11596952
139.00000000,2351.00000000,0.11539945
139.00000000,2352.00000000,0.11482853
139.00000000,2353.00000000,0.11425674
139.00000000,2354.00000000,0.11368408
139.00000000,2355.00000000,0.11311064
139.00000000,2356.00000000,0.11253643
139.00000000,2357.00000000,0.11196141
139.00000000,2358.00000000,0.11138570
139.00000000,2359.00000000,0.11080923
139.00000000,2360.00000000,0.11023212
139.00000000,2361.00000000,0.10965435
139.00000000,2362.00000000,0.10907590
139.00000000,2363.00000000,0.10849687
139.00000000,2364.00000000,0.10791727
139.00000000,2365.00000000,0.10733704
139.00000000,2366.00000000,0.10675631
139.00000000,2367.00000000,0.10617504
139.00000000,2368.00000000,0.10559324
139.00000000,2369.00000000,0.10501100
139.00000000,2370.00000000,0.10442826
139.00000000,2371.00000000,0.10384510
139.00000000,2372.00000000,0.10326155
139.00000000,2373.00000000,0.10267754
139.00000000,2374.00000000,0.10209318
139.00000000,2375.00000000,0.10150849
139.00000000,2376.00000000,0.10092340
139.00000000,2377.00000000,0.10033803
139.00000000,2378.00000000,0.09975238
139.00000000,2379.00000000,0.09916639
139.00000000,2380.00000000,0.09858019
139.00000000,2381.00000000,0.09799374
139.00000000,2382.00000000,0.09740703
139.00000000,2383.00000000,0.09682017
139.00000000,2384.00000000,0.09623309
139.00000000,2385.00000000,0.09564591
139.00000000,2386.00000000,0.09505863
139.00000000,2387.00000000,0.09447126
139.00000000,2388.00000000,0.09400785
139.00000000,2389.00000000,0.09390933
139.00000000,2390.00000000,0.09391064
139.00000000,2391.00000000,0.09391215
139.00000000,2392.00000000,0.09391385
139.00000000,2393.00000000,0.09391567
139.00000000,2394.00000000,0.09391769
139.00000000,2395.00000000,0.09393547
139.00000000,2396.00000000,0.09395344
139.00000000,2397.00000000,0.09397157
139.00000000,2398.00000000,0.09398980
139.00000000,2399.00000000,0.09400822
139.00000000,2400.00000000,0.09399587
139.00000000,2401.00000000,0.09398359
139.00000000,2402.00000000,0.09397149
139.00000000,2403.00000000,0.09395952
139.00000000,2404.00000000,0.09394762
139.00000000,2405.00000000,0.09393588
139.00000000,2406.00000000,0.09392426
139.00000000,2407.00000000,0.09391270
139.00000000,2408.00000000,0.09390130
139.00000000,2409.00000000,0.09388997
139.00000000,2410.00000000,0.09387878
139.00000000,2411.00000000,0.09386769
139.00000000,2412.00000000,0.09385665
139.00000000,2413.00000000,0.09384576
139.00000000,2414.00000000,0.09383496
139.00000000,2415.00000000,0.09382287
139.00000000,2416.00000000,0.09381092
139.00000000,2417.00000000,0.09379907
139.00000000,2418.00000000,0.09378724
139.00000000,2419.00000000,0.09377554
139.00000000,2420.00000000,0.09376387
139.00000000,2421.00000000,0.09375233
139.00000000,2422.00000000,0.09374087
139.00000000,2423.00000000,0.09372943
139.00000000,2424.00000000,0.09371811
139.00000000,2425.00000000,0.09370688
139.00000000,2426.00000000,0.09369565
139.00000000,2427.00000000,0.09368455
139.00000000,2428.00000000,0.09367350
139.00000000,2429.00000000,0.09366248
139.00000000,2430.00000000,0.09365156
139.00000000,2431.00000000,0.09364066
139.00000000,2432.00000000,0.09362986
139.00000000,2433.00000000,0.09361913
139.00000000,2434.00000000,0.09360840
139.00000000,2435.00000000,0.09359778
139.00000000,2436.00000000,0.09358721
139.00000000,2437.00000000,0.09357665
139.00000000,2438.00000000,0.09356618
139.00000000,2439.00000000,0.09355576
139.00000000,2440.00000000,0.09354831
139.00000000,2441.00000000,0.09354097
139.00000000,2442.00000000,0.09353368
139.00000000,2443.00000000,0.09352637
139.00000000,2444.00000000,0.09351917
139.00000000,2445.00000000,0.09351195
139.00000000,2446.00000000,0.09350483
139.00000000,2447.00000000,0.09349776
139.00000000,2448.00000000,0.09349067
139.00000000,2449.00000000,0.09348368
139.00000000,2450.00000000,0.09347672
139.00000000,2451.00000000,0.09346974
139.00000000,2452.00000000,0.09346285
139.00000000,2453.00000000,0.09345601
139.00000000,2454.00000000,0.09344912
139.00000000,2455.00000000,0.09344234
139.00000000,2456.00000000,0.09343551
139.00000000,2457.00000000,0.09342878
139.00000000,2458.00000000,0.09342206
139.00000000,2459.00000000,0.09341532
139.00000000,2460.00000000,0.09340867
139.00000000,2461.00000000,0.09340203
139.00000000,2462.00000000,0.09339536
139.00000000,2463.00000000,0.09338877
139.00000000,2464.00000000,0.09338221
139.00000000,2465.00000000,0.09337561
139.00000000,2466.00000000,0.09336908
139.00000000,2467.00000000,0.09336258
139.00000000,2468.00000000,0.09335604
139.00000000,2469.00000000,0.09334957
139.00000000,2470.00000000,0.09334306
139.00000000,2471.00000000,0.09333663
139.00000000,2472.00000000,0.09333023
139.00000000,2473.00000000,0.09332377
139.00000000,2474.00000000,0.09331740
139.00000000,2475.00000000,0.09331104
139.00000000,2476.00000000,0.09330463
139.00000000,2477.00000000,0.09329829
139.00000000,2478.00000000,0.09329198
139.00000000,2479.00000000,0.09328561
139.00000000,2480.00000000,0.09327933
139.00000000,2481.00000000,0.09327298
139.00000000,2482.00000000,0.09326672
139.00000000,2483.00000000,0.09326046
139.00000000,2484.00000000,0.09325415
139.00000000,2485.00000000,0.09324792
139.00000000,2486.00000000,0.09324170
139.00000000,2487.00000000,0.09323543
139.00000000,2488.00000000,0.09322922
139.00000000,2489.00000000,0.09322303
139.00000000,2490.00000000,0.09321593
139.00000000,2491.00000000,0.09320891
139.00000000,2492.00000000,0.09320189
139.00000000,2493.00000000,0.09319481
139.00000000,2494.00000000,0.09318781
139.00000000,2495.00000000,0.09318075
139.00000000,2496.00000000,0.09317375
139.00000000,2497.00000000,0.09316677
139.00000000,2498.00000000,0.09315973
139.00000000,2499.00000000,0.09315275
139.00000000,2500.00000000,0.09314580
140.00000000,1765.00000000,0.06570057
140.00000000,1766.00000000,0.06570048
140.00000000,1767.00000000,0.06570061
140.00000000,1768.00000000,0.06570071
140.00000000,1769.00000000,0.06570096
140.00000000,1770.00000000,0.06570122
140.00000000,1771.00000000,0.06570178
140.00000000,1772.00000000,0.06570225
140.00000000,1773.00000000,0.06570302
140.00000000,1774.00000000,0.06570393
140.00000000,1775.00000000,0.06570478
140.00000000,1776.00000000,0.06570599
140.00000000,1777.00000000,0.06570728
140.00000000,1778.00000000,0.06570852
140.00000000,1779.00000000,0.06571006
140.00000000,1780.00000000,0.06571166
140.00000000,1781.00000000,0.06571326
140.00000000,1782.00000000,0.06571514
140.00000000,1783.00000000,0.06571715
140.00000000,1784.00000000,0.06571897
140.00000000,1785.00000000,0.06572105
140.00000000,1786.00000000,0.06572324
140.00000000,1787.00000000,0.06572549
140.00000000,1788.00000000,0.06572782
140.00000000,1789.00000000,0.06573034
140.00000000,1790.00000000,0.06573277
140.00000000,1791.00000000,0.06573544
140.00000000,1792.00000000,0.06573789
140.00000000,1793.00000000,0.06574051
140.00000000,1794.00000000,0.06574326
140.00000000,1795.00000000,0.06574621
140.00000000,1796.00000000,0.06574898
140.00000000,1797.00000000,0.06575190
140.00000000,1798.00000000,0.06575485
140.00000000,1799.00000000,0.06575782
140.00000000,1800.00000000,0.06576087
140.00000000,1801.00000000,0.06576403
140.00000000,1802.00000000,0.06576696
140.00000000,1803.00000000,0.06577015
140.00000000,1804.00000000,0.06577329
140.00000000,1805.00000000,0.06577645
140.00000000,1806.00000000,0.06577964
140.00000000,1807.00000000,0.06578289
140.00000000,1808.00000000,0.06578622
140.00000000,1809.00000000,0.06578948
140.00000000,1810.00000000,0.06579276
140.00000000,1811.00000000,0.06579600
140.00000000,1812.00000000,0.06579939
140.00000000,1813.00000000,0.06580271
140.00000000,1814.00000000,0.06580613
140.00000000,1815.00000000,0.06580950
140.00000000,1816.00000000,0.06581294
140.00000000,1817.00000000,0.06581628
140.00000000,1818.00000000,0.06581966
140.00000000,1819.00000000,0.06582314
140.00000000,1820.00000000,0.06582652
140.00000000,1821.00000000,0.06582988
140.00000000,1822.00000000,0.06583327
140.00000000,1823.00000000,0.06583675
140.00000000,1824.00000000,0.06584012
140.00000000,1825.00000000,0.06584352
140.00000000,1826.00000000,0.06584691
140.00000000,1827.00000000,0.06585037
140.00000000,1828.00000000,0.06585376
140.00000000,1829.00000000,0.06585713
140.00000000,1830.00000000,0.06586053
140.00000000,1831.00000000,0.06586389
140.00000000,1832.00000000,0.06586721
140.00000000,1833.00000000,0.06587051
140.00000000,1834.00000000,0.06587383
140.00000000,1835.00000000,0.06587714
140.00000000,1836.00000000,0.06588042
140.00000000,1837.00000000,0.06588367
140.00000000,1838.00000000,0.06588691
140.00000000,1839.00000000,0.06589010
140.00000000,1840.00000000,0.06589327
140.00000000,1841.00000000,0.06589652
140.00000000,1842.00000000,0.06589966
140.00000000,1843.00000000,0.06590275
140.00000000,1844.00000000,0.06590597
140.00000000,1845.00000000,0.06590894
140.00000000,1846.00000000,0.06591201
140.00000000,1847.00000000,0.06591508
140.00000000,1848.00000000,0.06591809
140.00000000,1849.00000000,0.06592093
140.00000000,1850.00000000,0.06592393
140.00000000,1851.00000000,0.06592678
140.00000000,1852.00000000,0.06592961
140.00000000,1853.00000000,0.06593277
140.00000000,1854.00000000,0.06593597
140.00000000,1855.00000000,0.06593916
140.00000000,1856.00000000,0.06594227
140.00000000,1857.00000000,0.06594532
140.00000000,1858.00000000,0.06594821
140.00000000,1859.00000000,0.06595109
140.00000000,1860.00000000,0.06595396
140.00000000,1861.00000000,0.06595673
140.00000000,1862.00000000,0.06595936
140.00000000,1863.00000000,0.06596137
140.00000000,1864.00000000,0.06596294
140.00000000,1865.00000000,0.06596414
140.00000000,1866.00000000,0.06596506
140.00000000,1867.00000000,0.06596569
140.00000000,1868.00000000,0.06596612
140.00000000,1869.00000000,0.06596626
140.00000000,1870.00000000,0.06596623
140.00000000,1871.00000000,0.06596602
140.00000000,1872.00000000,0.06596594
140.00000000,1873.00000000,0.06596649
140.00000000,1874.00000000,0.06596744
140.00000000,1875.00000000,0.06596872
140.00000000,1876.00000000,0.06597028
140.00000000,1877.00000000,0.06597191
140.00000000,1878.00000000,0.06597376
140.00000000,1879.00000000,0.06597575
140.00000000,1880.00000000,0.06597773
140.00000000,1881.00000000,0.06597978
140.00000000,1882.00000000,0.06598180
140.00000000,1883.00000000,0.06598347
140.00000000,1884.00000000,0.06598478
140.00000000,1885.00000000,0.06598586
140.00000000,1886.00000000,0.06598681
140.00000000,1887.00000000,0.06598763
140.00000000,1888.00000000,0.06598833
140.00000000,1889.00000000,0.06598878
140.00000000,1890.00000000,0.06598897
140.00000000,1891.00000000,0.06598889
140.00000000,1892.00000000,0.06598860
140.00000000,1893.00000000,0.06598818
140.00000000,1894.00000000,0.06598778
140.00000000,1895.00000000,0.06598746
140.00000000,1896.00000000,0.06598723
140.00000000,1897.00000000,0.06598698
140.00000000,1898.00000000,0.06598666
140.00000000,1899.00000000,0.06598622
140.00000000,1900.00000000,0.06598555
140.00000000,1901.00000000,0.06598471
140.00000000,1902.00000000,0.06598405
140.00000000,1903.00000000,0.06598350
140.00000000,1904.00000000,0.06598316
140.00000000,1905.00000000,0.06598305
140.00000000,1906.00000000,0.06598935
140.00000000,1907.00000000,0.06598973
140.00000000,1908.00000000,0.06599010
140.00000000,1909.00000000,0.06599053
140.00000000,1910.00000000,0.06599107
140.00000000,1911.00000000,0.06599358
140.00000000,1912.00000000,0.06599358
140.00000000,1913.00000000,0.06599287
140.00000000,1914.00000000,0.06599139
140.00000000,1915.00000000,0.06598958
140.00000000,1916.00000000,0.06598782
140.00000000,1917.00000000,0.06598604
140.00000000,1918.00000000,0.06598419
140.00000000,1919.00000000,0.06598240
140.00000000,1920.00000000,0.06598115
140.00000000,1921.00000000,0.06598256
140.00000000,1922.00000000,0.06598279
140.00000000,1923.00000000,0.06598364
140.00000000,1924.00000000,0.06598464
140.00000000,1925.00000000,0.06598556
140.00000000,1926.00000000,0.06598642
140.00000000,1927.00000000,0.06598736
140.00000000,1928.00000000,0.06598842
140.00000000,1929.00000000,0.06598943
140.00000000,1930.00000000,0.06599066
140.00000000,1931.00000000,0.06599488
140.00000000,1932.00000000,0.06599818
140.00000000,1933.00000000,0.06600214
140.00000000,1934.00000000,0.06600660
140.00000000,1935.00000000,0.06601102
140.00000000,1936.00000000,0.06601500
140.00000000,1937.00000000,0.06602026
140.00000000,1938.00000000,0.06602245
140.00000000,1939.00000000,0.06602380
140.00000000,1940.00000000,0.06602667
140.00000000,1941.00000000,0.06602666
140.00000000,1942.00000000,0.06602979
140.00000000,1943.00000000,0.06602629
140.00000000,1944.00000000,0.06602433
140.00000000,1945.00000000,0.06602238
140.00000000,1946.00000000,0.06602332
140.00000000,1947.00000000,0.06602366
140.00000000,1948.00000000,0.06602472
140.00000000,1949.00000000,0.06602586
140.00000000,1950.00000000,0.06602689
140.00000000,1951.00000000,0.06602984
140.00000000,1952.00000000,0.06603142
140.00000000,1953.00000000,0.06603318
140.00000000,1954.00000000,0.06603494
140.00000000,1955.00000000,0.06603900
140.00000000,1956.00000000,0.06604305
140.00000000,1957.00000000,0.06604694
140.00000000,1958.00000000,0.06604834
140.00000000,1959.00000000,0.06604929
140.00000000,1960.00000000,0.06604860
140.00000000,1961.00000000,0.06604639
140.00000000,1962.00000000,0.06604552
140.00000000,1963.00000000,0.06604387
140.00000000,1964.00000000,0.06603917
140.00000000,1965.00000000,0.06603539
140.00000000,1966.00000000,0.06602840
140.00000000,1967.00000000,0.06602225
140.00000000,1968.00000000,0.06601277
140.00000000,1969.00000000,0.06600146
140.00000000,1970.00000000,0.06600019
140.00000000,1971.00000000,0.06598181
140.00000000,1972.00000000,0.06596190
140.00000000,1973.00000000,0.06594090
140.00000000,1974.00000000,0.06591538
140.00000000,1975.00000000,0.06589030
140.00000000,1976.00000000,0.06587093
140.00000000,1977.00000000,0.06584358
140.00000000,1978.00000000,0.06581801
140.00000000,1979.00000000,0.06579220
140.00000000,1980.00000000,0.06576780
140.00000000,1981.00000000,0.06574119
140.00000000,1982.00000000,0.06571833
140.00000000,1983.00000000,0.06569707
140.00000000,1984.00000000,0.06568129
140.00000000,1985.00000000,0.06567233
140.00000000,1986.00000000,0.06565677
140.00000000,1987.00000000,0.06564808
140.00000000,1988.00000000,0.06563547
140.00000000,1989.00000000,0.06562667
140.00000000,1990.00000000,0.06561941
140.00000000,1991.00000000,0.06560386
140.00000000,1992.00000000,0.06559490
140.00000000,1993.00000000,0.06558437
140.00000000,1994.00000000,0.06559086
140.00000000,1995.00000000,0.06558195
140.00000000,1996.00000000,0.06557916
140.00000000,1997.00000000,0.06556779
140.00000000,1998.00000000,0.06555579
140.00000000,1999.00000000,0.06555172
140.00000000,2000.00000000,0.06555371
140.00000000,2001.00000000,0.06554740
140.00000000,2002.00000000,0.06553660
140.00000000,2003.00000000,0.06553583
140.00000000,2004.00000000,0.06553620
140.00000000,2005.00000000,0.06553227
140.00000000,2006.00000000,0.06551708
140.00000000,2007.00000000,0.06550911
140.00000000,2008.00000000,0.06549181
140.00000000,2009.00000000,0.06547599
140.00000000,2010.00000000,0.06545391
140.00000000,2011.00000000,0.06543780
140.00000000,2012.00000000,0.06543575
140.00000000,2013.00000000,0.06541957
140.00000000,2014.00000000,0.06535906
140.00000000,2015.00000000,0.06534433
140.00000000,2016.00000000,0.06530539
140.00000000,2017.00000000,0.06526440
140.00000000,2018.00000000,0.06521836
140.00000000,2019.00000000,0.06519537
140.00000000,2020.00000000,0.06519449
140.00000000,2021.00000000,0.06515414
140.00000000,2022.00000000,0.06512415
140.00000000,2023.00000000,0.06509885
140.00000000,2024.00000000,0.06504669
140.00000000,2025.00000000,0.06499165
140.00000000,2026.00000000,0.06493983
140.00000000,2027.00000000,0.06490715
140.00000000,2028.00000000,0.06490936
140.00000000,2029.00000000,0.06484793
140.00000000,2030.00000000,0.06484316
140.00000000,2031.00000000,0.06481234
140.00000000,2032.00000000,0.06475344
140.00000000,2033.00000000,0.06468202
140.00000000,2034.00000000,0.06464318
140.00000000,2035.00000000,0.06462301
140.00000000,2036.00000000,0.06458231
140.00000000,2037.00000000,0.06455636
140.00000000,2038.00000000,0.06453734
140.00000000,2039.00000000,0.06455056
140.00000000,2040.00000000,0.06453376
140.00000000,2041.00000000,0.06449861
140.00000000,2042.00000000,0.06445484
140.00000000,2043.00000000,0.06448168
140.00000000,2044.00000000,0.06442195
140.00000000,2045.00000000,0.06442283
140.00000000,2046.00000000,0.06443191
140.00000000,2047.00000000,0.06450298
140.00000000,2048.00000000,0.06435871
140.00000000,2049.00000000,0.06434580
140.00000000,2050.00000000,0.06432945
140.00000000,2051.00000000,0.06427905
140.00000000,2052.00000000,0.06427706
140.00000000,2053.00000000,0.06431372
140.00000000,2054.00000000,0.06404971
140.00000000,2055.00000000,0.06393944
140.00000000,2056.00000000,0.06397110
140.00000000,2057.00000000,0.06398462
140.00000000,2058.00000000,0.06385886
140.00000000,2059.00000000,0.06352273
140.00000000,2060.00000000,0.06367016
140.00000000,2061.00000000,0.06333605
140.00000000,2062.00000000,0.06332470
140.00000000,2063.00000000,0.06346978
140.00000000,2064.00000000,0.06336761
140.00000000,2065.00000000,0.06330225
140.00000000,2066.00000000,0.06323056
140.00000000,2067.00000000,0.06329266
140.00000000,2068.00000000,0.06321396
140.00000000,2069.00000000,0.06327951
140.00000000,2070.00000000,0.06302620
140.00000000,2071.00000000,0.06273539
140.00000000,2072.00000000,0.06248359
140.00000000,2073.00000000,0.06249130
140.00000000,2074.00000000,0.06256398
140.00000000,2075.00000000,0.06259093
140.00000000,2076.00000000,0.06271037
140.00000000,2077.00000000,0.06278764
140.00000000,2078.00000000,0.06259898
140.00000000,2079.00000000,0.06262739
140.00000000,2080.00000000,0.06276218
140.00000000,2081.00000000,0.06276717
140.00000000,2082.00000000,0.06272509
140.00000000,2083.00000000,0.06276019
140.00000000,2084.00000000,0.06269387
140.00000000,2085.00000000,0.06223920
140.00000000,2086.00000000,0.06233528
140.00000000,2087.00000000,0.06257216
140.00000000,2088.00000000,0.06267190
140.00000000,2089.00000000,0.06254429
140.00000000,2090.00000000,0.06289201
140.00000000,2091.00000000,0.06311002
140.00000000,2092.00000000,0.06313179
140.00000000,2093.00000000,0.06318690
140.00000000,2094.00000000,0.06320691
140.00000000,2095.00000000,0.06350704
140.00000000,2096.00000000,0.06373216
140.00000000,2097.00000000,0.06388223
140.00000000,2098.00000000,0.06397705
140.00000000,2099.00000000,0.06420320
140.00000000,2100.00000000,0.06440085
140.00000000,2101.00000000,0.06442518
140.00000000,2102.00000000,0.06461138
140.00000000,2103.00000000,0.06487530
140.00000000,2104.00000000,0.06516321
140.00000000,2105.00000000,0.06541256
140.00000000,2106.00000000,0.06570544
140.00000000,2107.00000000,0.06590435
140.00000000,2108.00000000,0.06623212
140.00000000,2109.00000000,0.06662439
140.00000000,2110.00000000,0.06713251
140.00000000,2111.00000000,0.06742705
140.00000000,2112.00000000,0.06774652
140.00000000,2113.00000000,0.06818851
140.00000000,2114.00000000,0.06822891
140.00000000,2115.00000000,0.06820372
140.00000000,2116.00000000,0.06870725
140.00000000,2117.00000000,0.06899590
140.00000000,2118.00000000,0.06916184
140.00000000,2119.00000000,0.06969389
140.00000000,2120.00000000,0.06963015
140.00000000,2121.00000000,0.06937477
140.00000000,2122.00000000,0.06933865
140.00000000,2123.00000000,0.06934670
140.00000000,2124.00000000,0.06970480
140.00000000,2125.00000000,0.07001846
140.00000000,2126.00000000,0.07035482
140.00000000,2127.00000000,0.07065189
140.00000000,2128.00000000,0.07107029
140.00000000,2129.00000000,0.07133791
140.00000000,2130.00000000,0.07148291
140.00000000,2131.00000000,0.07169231
140.00000000,2132.00000000,0.07153569
140.00000000,2133.00000000,0.07159705
140.00000000,2134.00000000,0.07185718
140.00000000,2135.00000000,0.07213979
140.00000000,2136.00000000,0.07243780
140.00000000,2137.00000000,0.07268604
140.00000000,2138.00000000,0.07268897
140.00000000,2139.00000000,0.07271466
140.00000000,2140.00000000,0.07306810
140.00000000,2141.00000000,0.07341460
140.00000000,2142.00000000,0.07357349
140.00000000,2143.00000000,0.07423458
140.00000000,2144.00000000,0.07498388
140.00000000,2145.00000000,0.07558228
140.00000000,2146.00000000,0.07599119
140.00000000,2147.00000000,0.07640225
140.00000000,2148.00000000,0.07681554
140.00000000,2149.00000000,0.07723055
140.00000000,2150.00000000,0.07764731
140.00000000,2151.00000000,0.07818975
140.00000000,2152.00000000,0.07873566
140.00000000,2153.00000000,0.07928620
140.00000000,2154.00000000,0.07984192
140.00000000,2155.00000000,0.08040307
140.00000000,2156.00000000,0.08096976
140.00000000,2157.00000000,0.08154196
140.00000000,2158.00000000,0.08211959
140.00000000,2159.00000000,0.08270258
140.00000000,2160.00000000,0.08329080
140.00000000,2161.00000000,0.08382939
140.00000000,2162.00000000,0.08437297
140.00000000,2163.00000000,0.08492142
140.00000000,2164.00000000,0.08547473
140.00000000,2165.00000000,0.08603282
140.00000000,2166.00000000,0.08659562
140.00000000,2167.00000000,0.08716312
140.00000000,2168.00000000,0.08773529
140.00000000,2169.00000000,0.08831207
140.00000000,2170.00000000,0.08889351
140.00000000,2171.00000000,0.08959433
140.00000000,2172.00000000,0.09029995
140.00000000,2173.00000000,0.09101034
140.00000000,2174.00000000,0.09172542
140.00000000,2175.00000000,0.09244512
140.00000000,2176.00000000,0.09316941
140.00000000,2177.00000000,0.09389820
140.00000000,2178.00000000,0.09463149
140.00000000,2179.00000000,0.09536921
140.00000000,2180.00000000,0.09611132
140.00000000,2181.00000000,0.09694227
140.00000000,2182.00000000,0.09777775
140.00000000,2183.00000000,0.09861765
140.00000000,2184.00000000,0.09946198
140.00000000,2185.00000000,0.10031062
140.00000000,2186.00000000,0.10116348
140.00000000,2187.00000000,0.10202056
140.00000000,2188.00000000,0.10288171
140.00000000,2189.00000000,0.10374694
140.00000000,2190.00000000,0.10461614
140.00000000,2191.00000000,0.10548440
140.00000000,2192.00000000,0.10635652
140.00000000,2193.00000000,0.10723240
140.00000000,2194.00000000,0.10811191
140.00000000,2195.00000000,0.10899508
140.00000000,2196.00000000,0.10988177
140.00000000,2197.00000000,0.11077189
140.00000000,2198.00000000,0.11166541
140.00000000,2199.00000000,0.11256218
140.00000000,2200.00000000,0.11346209
140.00000000,2201.00000000,0.11417596
140.00000000,2202.00000000,0.11489218
140.00000000,2203.00000000,0.11561080
140.00000000,2204.00000000,0.11633172
140.00000000,2205.00000000,0.11705491
140.00000000,2206.00000000,0.11778038
140.00000000,2207.00000000,0.11850805
140.00000000,2208.00000000,0.11923783
140.00000000,2209.00000000,0.11996973
140.00000000,2210.00000000,0.12070363
140.00000000,2211.00000000,0.12126669
140.00000000,2212.00000000,0.12183112
140.00000000,2213.00000000,0.12239685
140.00000000,2214.00000000,0.12296394
140.00000000,2215.00000000,0.12353236
140.00000000,2216.00000000,0.12410205
140.00000000,2217.00000000,0.12467306
140.00000000,2218.00000000,0.12524533
140.00000000,2219.00000000,0.12581884
140.00000000,2220.00000000,0.12639360
140.00000000,2221.00000000,0.12687180
140.00000000,2222.00000000,0.12735080
140.00000000,2223.00000000,0.12783069
140.00000000,2224.00000000,0.12831140
140.00000000,2225.00000000,0.12879299
140.00000000,2226.00000000,0.12927544
140.00000000,2227.00000000,0.12975871
140.00000000,2228.00000000,0.13024288
140.00000000,2229.00000000,0.13072788
140.00000000,2230.00000000,0.13121365
140.00000000,2231.00000000,0.13159808
140.00000000,2232.00000000,0.13198294
140.00000000,2233.00000000,0.13236822
140.00000000,2234.00000000,0.13275399
140.00000000,2235.00000000,0.13314022
140.00000000,2236.00000000,0.13352691
140.00000000,2237.00000000,0.13391414
140.00000000,2238.00000000,0.13430182
140.00000000,2239.00000000,0.13469005
140.00000000,2240.00000000,0.13507878
140.00000000,2241.00000000,0.13538842
140.00000000,2242.00000000,0.13569833
140.00000000,2243.00000000,0.13600847
140.00000000,2244.00000000,0.13631879
140.00000000,2245.00000000,0.13662942
140.00000000,2246.00000000,0.13694034
140.00000000,2247.00000000,0.13725149
140.00000000,2248.00000000,0.13756296
140.00000000,2249.00000000,0.13787455
140.00000000,2250.00000000,0.13818544
140.00000000,2251.00000000,0.13849379
140.00000000,2252.00000000,0.13879795
140.00000000,2253.00000000,0.13909708
140.00000000,2254.00000000,0.13939073
140.00000000,2255.00000000,0.13967872
140.00000000,2256.00000000,0.13996111
140.00000000,2257.00000000,0.14023786
140.00000000,2258.00000000,0.14050896
140.00000000,2259.00000000,0.14077457
140.00000000,2260.00000000,0.14103474
140.00000000,2261.00000000,0.14128956
140.00000000,2262.00000000,0.14153935
140.00000000,2263.00000000,0.14178420
140.00000000,2264.00000000,0.14202434
140.00000000,2265.00000000,0.14225985
140.00000000,2266.00000000,0.14249076
140.00000000,2267.00000000,0.14271727
140.00000000,2268.00000000,0.14293942
140.00000000,2269.00000000,0.14315719
140.00000000,2270.00000000,0.14337080
140.00000000,2271.00000000,0.14358026
140.00000000,2272.00000000,0.14378555
140.00000000,2273.00000000,0.14398689
140.00000000,2274.00000000,0.14418418
140.00000000,2275.00000000,0.14437763
140.00000000,2276.00000000,0.14456724
140.00000000,2277.00000000,0.14475297
140.00000000,2278.00000000,0.14493505
140.00000000,2279.00000000,0.14511341
140.00000000,2280.00000000,0.14528806
140.00000000,2281.00000000,0.14545918
140.00000000,2282.00000000,0.14562671
140.00000000,2283.00000000,0.14579066
140.00000000,2284.00000000,0.14595115
140.00000000,2285.00000000,0.14610813
140.00000000,2286.00000000,0.14626169
140.00000000,2287.00000000,0.14641184
140.00000000,2288.00000000,0.14655848
140.00000000,2289.00000000,0.14670174
140.00000000,2290.00000000,0.14684149
140.00000000,2291.00000000,0.14641022
140.00000000,2292.00000000,0.14597469
140.00000000,2293.00000000,0.14553501
140.00000000,2294.00000000,0.14509118
140.00000000,2295.00000000,0.14464345
140.00000000,2296.00000000,0.14419182
140.00000000,2297.00000000,0.14373639
140.00000000,2298.00000000,0.14327731
140.00000000,2299.00000000,0.14281462
140.00000000,2300.00000000,0.14234846
140.00000000,2301.00000000,0.14187887
140.00000000,2302.00000000,0.14140591
140.00000000,2303.00000000,0.14092970
140.00000000,2304.00000000,0.14045031
140.00000000,2305.00000000,0.13996774
140.00000000,2306.00000000,0.13948219
140.00000000,2307.00000000,0.13899367
140.00000000,2308.00000000,0.13850219
140.00000000,2309.00000000,0.13800795
140.00000000,2310.00000000,0.13751088
140.00000000,2311.00000000,0.13701119
140.00000000,2312.00000000,0.13650887
140.00000000,2313.00000000,0.13600393
140.00000000,2314.00000000,0.13549656
140.00000000,2315.00000000,0.13498675
140.00000000,2316.00000000,0.13447453
140.00000000,2317.00000000,0.13396001
140.00000000,2318.00000000,0.13344325
140.00000000,2319.00000000,0.13292424
140.00000000,2320.00000000,0.13240311
140.00000000,2321.00000000,0.13187988
140.00000000,2322.00000000,0.13135458
140.00000000,2323.00000000,0.13082732
140.00000000,2324.00000000,0.13029805
140.00000000,2325.00000000,0.12976695
140.00000000,2326.00000000,0.12923399
140.00000000,2327.00000000,0.12869919
140.00000000,2328.00000000,0.12816266
140.00000000,2329.00000000,0.12762440
140.00000000,2330.00000000,0.12708445
140.00000000,2331.00000000,0.12654291
140.00000000,2332.00000000,0.12599977
140.00000000,2333.00000000,0.12545505
140.00000000,2334.00000000,0.12490885
140.00000000,2335.00000000,0.12436113
140.00000000,2336.00000000,0.12381203
140.00000000,2337.00000000,0.12326154
140.00000000,2338.00000000,0.12270964
140.00000000,2339.00000000,0.12215646
140.00000000,2340.00000000,0.12160200
140.00000000,2341.00000000,0.12104623
140.00000000,2342.00000000,0.12048929
140.00000000,2343.00000000,0.11993115
140.00000000,2344.00000000,0.11937182
140.00000000,2345.00000000,0.11881141
140.00000000,2346.00000000,0.11824991
140.00000000,2347.00000000,0.11768728
140.00000000,2348.00000000,0.11712369
140.00000000,2349.00000000,0.11655903
140.00000000,2350.00000000,0.11599346
140.00000000,2351.00000000,0.11542694
140.00000000,2352.00000000,0.11485946
140.00000000,2353.00000000,0.11429113
140.00000000,2354.00000000,0.11372195
140.00000000,2355.00000000,0.11315190
140.00000000,2356.00000000,0.11258109
140.00000000,2357.00000000,0.11200949
140.00000000,2358.00000000,0.11143710
140.00000000,2359.00000000,0.11086402
140.00000000,2360.00000000,0.11029021
140.00000000,2361.00000000,0.10971575
140.00000000,2362.00000000,0.10914064
140.00000000,2363.00000000,0.10856485
140.00000000,2364.00000000,0.10798848
140.00000000,2365.00000000,0.10741153
140.00000000,2366.00000000,0.10683397
140.00000000,2367.00000000,0.10625592
140.00000000,2368.00000000,0.10567734
140.00000000,2369.00000000,0.10509821
140.00000000,2370.00000000,0.10451866
140.00000000,2371.00000000,0.10393860
140.00000000,2372.00000000,0.10335814
140.00000000,2373.00000000,0.10277726
140.00000000,2374.00000000,0.10219596
140.00000000,2375.00000000,0.10161430
140.00000000,2376.00000000,0.10103231
140.00000000,2377.00000000,0.10044992
140.00000000,2378.00000000,0.09986725
140.00000000,2379.00000000,0.09928431
140.00000000,2380.00000000,0.09870102
140.00000000,2381.00000000,0.09811753
140.00000000,2382.00000000,0.09753379
140.00000000,2383.00000000,0.09694979
140.00000000,2384.00000000,0.09636565
140.00000000,2385.00000000,0.09578128
140.00000000,2386.00000000,0.09519681
140.00000000,2387.00000000,0.09461224
140.00000000,2388.00000000,0.09402759
140.00000000,2389.00000000,0.09356632
140.00000000,2390.00000000,0.09346822
140.00000000,2391.00000000,0.09346949
140.00000000,2392.00000000,0.09347096
140.00000000,2393.00000000,0.09347261
140.00000000,2394.00000000,0.09347439
140.00000000,2395.00000000,0.09347637
140.00000000,2396.00000000,0.09349403
140.00000000,2397.00000000,0.09351188
140.00000000,2398.00000000,0.09352990
140.00000000,2399.00000000,0.09354800
140.00000000,2400.00000000,0.09356629
140.00000000,2401.00000000,0.09355397
140.00000000,2402.00000000,0.09354173
140.00000000,2403.00000000,0.09352965
140.00000000,2404.00000000,0.09351770
140.00000000,2405.00000000,0.09350581
140.00000000,2406.00000000,0.09349410
140.00000000,2407.00000000,0.09348250
140.00000000,2408.00000000,0.09347097
140.00000000,2409.00000000,0.09345959
140.00000000,2410.00000000,0.09344827
140.00000000,2411.00000000,0.09343710
140.00000000,2412.00000000,0.09342603
140.00000000,2413.00000000,0.09341502
140.00000000,2414.00000000,0.09340414
140.00000000,2415.00000000,0.09339337
140.00000000,2416.00000000,0.09338130
140.00000000,2417.00000000,0.09336937
140.00000000,2418.00000000,0.09335753
140.00000000,2419.00000000,0.09334571
140.00000000,2420.00000000,0.09333403
140.00000000,2421.00000000,0.09332239
140.00000000,2422.00000000,0.09331087
140.00000000,2423.00000000,0.09329942
140.00000000,2424.00000000,0.09328801
140.00000000,2425.00000000,0.09327671
140.00000000,2426.00000000,0.09326549
140.00000000,2427.00000000,0.09325427
140.00000000,2428.00000000,0.09324317
140.00000000,2429.00000000,0.09323215
140.00000000,2430.00000000,0.09322113
140.00000000,2431.00000000,0.09321024
140.00000000,2432.00000000,0.09319934
140.00000000,2433.00000000,0.09318856
140.00000000,2434.00000000,0.09317784
140.00000000,2435.00000000,0.09316712
140.00000000,2436.00000000,0.09315651
140.00000000,2437.00000000,0.09314595
140.00000000,2438.00000000,0.09313539
140.00000000,2439.00000000,0.09312493
140.00000000,2440.00000000,0.09311453
140.00000000,2441.00000000,0.09310707
140.00000000,2442.00000000,0.09309972
140.00000000,2443.00000000,0.09309242
140.00000000,2444.00000000,0.09308511
140.00000000,2445.00000000,0.09307790
140.00000000,2446.00000000,0.09307068
140.00000000,2447.00000000,0.09306355
140.00000000,2448.00000000,0.09305646
140.00000000,2449.00000000,0.09304937
140.00000000,2450.00000000,0.09304237
140.00000000,2451.00000000,0.09303540
140.00000000,2452.00000000,0.09302841
140.00000000,2453.00000000,0.09302152
140.00000000,2454.00000000,0.09301465
140.00000000,2455.00000000,0.09300776
140.00000000,2456.00000000,0.09300094
140.00000000,2457.00000000,0.09299411
140.00000000,2458.00000000,0.09298735
140.00000000,2459.00000000,0.09298063
140.00000000,2460.00000000,0.09297387
140.00000000,2461.00000000,0.09296719
140.00000000,2462.00000000,0.09296055
140.00000000,2463.00000000,0.09295386
140.00000000,2464.00000000,0.09294726
140.00000000,2465.00000000,0.09294067
140.00000000,2466.00000000,0.09293405
140.00000000,2467.00000000,0.09292751
140.00000000,2468.00000000,0.09292099
140.00000000,2469.00000000,0.09291444
140.00000000,2470.00000000,0.09290796
140.00000000,2471.00000000,0.09290143
140.00000000,2472.00000000,0.09289498
140.00000000,2473.00000000,0.09288856
140.00000000,2474.00000000,0.09288208
140.00000000,2475.00000000,0.09287570
140.00000000,2476.00000000,0.09286931
140.00000000,2477.00000000,0.09286289
140.00000000,2478.00000000,0.09285653
140.00000000,2479.00000000,0.09285021
140.00000000,2480.00000000,0.09284382
140.00000000,2481.00000000,0.09283751
140.00000000,2482.00000000,0.09283115
140.00000000,2483.00000000,0.09282487
140.00000000,2484.00000000,0.09281860
140.00000000,2485.00000000,0.09281226
140.00000000,2486.00000000,0.09280601
140.00000000,2487.00000000,0.09279977
140.00000000,2488.00000000,0.09279348
140.00000000,2489.00000000,0.09278725
140.00000000,2490.00000000,0.09278105
140.00000000,2491.00000000,0.09277394
140.00000000,2492.00000000,0.09276689
140.00000000,2493.00000000,0.09275987
140.00000000,2494.00000000,0.09275277
140.00000000,2495.00000000,0.09274576
140.00000000,2496.00000000,0.09273868
140.00000000,2497.00000000,0.09273167
140.00000000,2498.00000000,0.09272467
140.00000000,2499.00000000,0.09271761
140.00000000,2500.00000000,0.09271063
141.00000000,1765.00000000,0.06532041
141.00000000,1766.00000000,0.06532040
141.00000000,1767.00000000,0.06532035
141.00000000,1768.00000000,0.06532056
141.00000000,1769.00000000,0.06532076
141.00000000,1770.00000000,0.06532112
141.00000000,1771.00000000,0.06532151
141.00000000,1772.00000000,0.06532218
141.00000000,1773.00000000,0.06532278
141.00000000,1774.00000000,0.06532367
141.00000000,1775.00000000,0.06532471
141.00000000,1776.00000000,0.06532568
141.00000000,1777.00000000,0.06532700
141.00000000,1778.00000000,0.06532841
141.00000000,1779.00000000,0.06532975
141.00000000,1780.00000000,0.06533141
141.00000000,1781.00000000,0.06533310
141.00000000,1782.00000000,0.06533479
141.00000000,1783.00000000,0.06533677
141.00000000,1784.00000000,0.06533886
141.00000000,1785.00000000,0.06534076
141.00000000,1786.00000000,0.06534292
141.00000000,1787.00000000,0.06534518
141.00000000,1788.00000000,0.06534750
141.00000000,1789.00000000,0.06534989
141.00000000,1790.00000000,0.06535246
141.00000000,1791.00000000,0.06535496
141.00000000,1792.00000000,0.06535767
141.00000000,1793.00000000,0.06536017
141.00000000,1794.00000000,0.06536283
141.00000000,1795.00000000,0.06536562
141.00000000,1796.00000000,0.06536860
141.00000000,1797.00000000,0.06537141
141.00000000,1798.00000000,0.06537436
141.00000000,1799.00000000,0.06537733
141.00000000,1800.00000000,0.06538033
141.00000000,1801.00000000,0.06538340
141.00000000,1802.00000000,0.06538656
141.00000000,1803.00000000,0.06538951
141.00000000,1804.00000000,0.06539270
141.00000000,1805.00000000,0.06539587
141.00000000,1806.00000000,0.06539903
141.00000000,1807.00000000,0.06540223
141.00000000,1808.00000000,0.06540549
141.00000000,1809.00000000,0.06540882
141.00000000,1810.00000000,0.06541208
141.00000000,1811.00000000,0.06541537
141.00000000,1812.00000000,0.06541860
141.00000000,1813.00000000,0.06542198
141.00000000,1814.00000000,0.06542530
141.00000000,1815.00000000,0.06542871
141.00000000,1816.00000000,0.06543208
141.00000000,1817.00000000,0.06543550
141.00000000,1818.00000000,0.06543882
141.00000000,1819.00000000,0.06544218
141.00000000,1820.00000000,0.06544565
141.00000000,1821.00000000,0.06544901
141.00000000,1822.00000000,0.06545236
141.00000000,1823.00000000,0.06545573
141.00000000,1824.00000000,0.06545919
141.00000000,1825.00000000,0.06546254
141.00000000,1826.00000000,0.06546591
141.00000000,1827.00000000,0.06546928
141.00000000,1828.00000000,0.06547271
141.00000000,1829.00000000,0.06547608
141.00000000,1830.00000000,0.06547942
141.00000000,1831.00000000,0.06548278
141.00000000,1832.00000000,0.06548610
141.00000000,1833.00000000,0.06548939
141.00000000,1834.00000000,0.06549264
141.00000000,1835.00000000,0.06549594
141.00000000,1836.00000000,0.06549921
141.00000000,1837.00000000,0.06550245
141.00000000,1838.00000000,0.06550566
141.00000000,1839.00000000,0.06550887
141.00000000,1840.00000000,0.06551201
141.00000000,1841.00000000,0.06551514
141.00000000,1842.00000000,0.06551835
141.00000000,1843.00000000,0.06552145
141.00000000,1844.00000000,0.06552449
141.00000000,1845.00000000,0.06552767
141.00000000,1846.00000000,0.06553060
141.00000000,1847.00000000,0.06553362
141.00000000,1848.00000000,0.06553663
141.00000000,1849.00000000,0.06553960
141.00000000,1850.00000000,0.06554239
141.00000000,1851.00000000,0.06554531
141.00000000,1852.00000000,0.06554809
141.00000000,1853.00000000,0.06555119
141.00000000,1854.00000000,0.06555447
141.00000000,1855.00000000,0.06555760
141.00000000,1856.00000000,0.06556067
141.00000000,1857.00000000,0.06556367
141.00000000,1858.00000000,0.06556663
141.00000000,1859.00000000,0.06556944
141.00000000,1860.00000000,0.06557226
141.00000000,1861.00000000,0.06557504
141.00000000,1862.00000000,0.06557762
141.00000000,1863.00000000,0.06557966
141.00000000,1864.00000000,0.06558120
141.00000000,1865.00000000,0.06558240
141.00000000,1866.00000000,0.06558328
141.00000000,1867.00000000,0.06558393
141.00000000,1868.00000000,0.06558431
141.00000000,1869.00000000,0.06558449
141.00000000,1870.00000000,0.06558441
141.00000000,1871.00000000,0.06558422
141.00000000,1872.00000000,0.06558413
141.00000000,1873.00000000,0.06558465
141.00000000,1874.00000000,0.06558562
141.00000000,1875.00000000,0.06558685
141.00000000,1876.00000000,0.06558836
141.00000000,1877.00000000,0.06559006
141.00000000,1878.00000000,0.06559181
141.00000000,1879.00000000,0.06559377
141.00000000,1880.00000000,0.06559578
141.00000000,1881.00000000,0.06559775
141.00000000,1882.00000000,0.06559979
141.00000000,1883.00000000,0.06560138
141.00000000,1884.00000000,0.06560270
141.00000000,1885.00000000,0.06560376
141.00000000,1886.00000000,0.06560466
141.00000000,1887.00000000,0.06560547
141.00000000,1888.00000000,0.06560612
141.00000000,1889.00000000,0.06560655
141.00000000,1890.00000000,0.06560672
141.00000000,1891.00000000,0.06560661
141.00000000,1892.00000000,0.06560625
141.00000000,1893.00000000,0.06560583
141.00000000,1894.00000000,0.06560538
141.00000000,1895.00000000,0.06560506
141.00000000,1896.00000000,0.06560476
141.00000000,1897.00000000,0.06560446
141.00000000,1898.00000000,0.06560410
141.00000000,1899.00000000,0.06560360
141.00000000,1900.00000000,0.06560288
141.00000000,1901.00000000,0.06560197
141.00000000,1902.00000000,0.06560124
141.00000000,1903.00000000,0.06560063
141.00000000,1904.00000000,0.06560019
141.00000000,1905.00000000,0.06559999
141.00000000,1906.00000000,0.06560006
141.00000000,1907.00000000,0.06560644
141.00000000,1908.00000000,0.06560672
141.00000000,1909.00000000,0.06560702
141.00000000,1910.00000000,0.06560745
141.00000000,1911.00000000,0.06560783
141.00000000,1912.00000000,0.06560975
141.00000000,1913.00000000,0.06560897
141.00000000,1914.00000000,0.06560742
141.00000000,1915.00000000,0.06560552
141.00000000,1916.00000000,0.06560367
141.00000000,1917.00000000,0.06560185
141.00000000,1918.00000000,0.06559990
141.00000000,1919.00000000,0.06559808
141.00000000,1920.00000000,0.06559673
141.00000000,1921.00000000,0.06559604
141.00000000,1922.00000000,0.06559820
141.00000000,1923.00000000,0.06559897
141.00000000,1924.00000000,0.06559991
141.00000000,1925.00000000,0.06560076
141.00000000,1926.00000000,0.06560156
141.00000000,1927.00000000,0.06560241
141.00000000,1928.00000000,0.06560339
141.00000000,1929.00000000,0.06560436
141.00000000,1930.00000000,0.06560551
141.00000000,1931.00000000,0.06560758
141.00000000,1932.00000000,0.06561286
141.00000000,1933.00000000,0.06561672
141.00000000,1934.00000000,0.06562111
141.00000000,1935.00000000,0.06562546
141.00000000,1936.00000000,0.06562936
141.00000000,1937.00000000,0.06563248
141.00000000,1938.00000000,0.06563659
141.00000000,1939.00000000,0.06563796
141.00000000,1940.00000000,0.06563867
141.00000000,1941.00000000,0.06564065
141.00000000,1942.00000000,0.06563967
141.00000000,1943.00000000,0.06564217
141.00000000,1944.00000000,0.06563822
141.00000000,1945.00000000,0.06563618
141.00000000,1946.00000000,0.06563505
141.00000000,1947.00000000,0.06563736
141.00000000,1948.00000000,0.06563836
141.00000000,1949.00000000,0.06563942
141.00000000,1950.00000000,0.06564043
141.00000000,1951.00000000,0.06564129
141.00000000,1952.00000000,0.06564478
141.00000000,1953.00000000,0.06564652
141.00000000,1954.00000000,0.06564820
141.00000000,1955.00000000,0.06565017
141.00000000,1956.00000000,0.06565419
141.00000000,1957.00000000,0.06565792
141.00000000,1958.00000000,0.06566136
141.00000000,1959.00000000,0.06566220
141.00000000,1960.00000000,0.06566148
141.00000000,1961.00000000,0.06565928
141.00000000,1962.00000000,0.06565627
141.00000000,1963.00000000,0.06565458
141.00000000,1964.00000000,0.06565196
141.00000000,1965.00000000,0.06564608
141.00000000,1966.00000000,0.06564105
141.00000000,1967.00000000,0.06563293
141.00000000,1968.00000000,0.06562544
141.00000000,1969.00000000,0.06561409
141.00000000,1970.00000000,0.06560070
141.00000000,1971.00000000,0.06559652
141.00000000,1972.00000000,0.06557461
141.00000000,1973.00000000,0.06555168
141.00000000,1974.00000000,0.06552822
141.00000000,1975.00000000,0.06550127
141.00000000,1976.00000000,0.06547585
141.00000000,1977.00000000,0.06545665
141.00000000,1978.00000000,0.06542921
141.00000000,1979.00000000,0.06540344
141.00000000,1980.00000000,0.06537710
141.00000000,1981.00000000,0.06535260
141.00000000,1982.00000000,0.06532777
141.00000000,1983.00000000,0.06530856
141.00000000,1984.00000000,0.06529082
141.00000000,1985.00000000,0.06527774
141.00000000,1986.00000000,0.06527032
141.00000000,1987.00000000,0.06525550
141.00000000,1988.00000000,0.06524691
141.00000000,1989.00000000,0.06523405
141.00000000,1990.00000000,0.06522474
141.00000000,1991.00000000,0.06521723
141.00000000,1992.00000000,0.06520211
141.00000000,1993.00000000,0.06519357
141.00000000,1994.00000000,0.06518396
141.00000000,1995.00000000,0.06519106
141.00000000,1996.00000000,0.06518223
141.00000000,1997.00000000,0.06517893
141.00000000,1998.00000000,0.06516692
141.00000000,1999.00000000,0.06515478
141.00000000,2000.00000000,0.06515074
141.00000000,2001.00000000,0.06515241
141.00000000,2002.00000000,0.06514563
141.00000000,2003.00000000,0.06513483
141.00000000,2004.00000000,0.06513299
141.00000000,2005.00000000,0.06513097
141.00000000,2006.00000000,0.06512363
141.00000000,2007.00000000,0.06510507
141.00000000,2008.00000000,0.06509401
141.00000000,2009.00000000,0.06507400
141.00000000,2010.00000000,0.06505572
141.00000000,2011.00000000,0.06503140
141.00000000,2012.00000000,0.06501308
141.00000000,2013.00000000,0.06500866
141.00000000,2014.00000000,0.06499016
141.00000000,2015.00000000,0.06492765
141.00000000,2016.00000000,0.06491067
141.00000000,2017.00000000,0.06486974
141.00000000,2018.00000000,0.06482686
141.00000000,2019.00000000,0.06477908
141.00000000,2020.00000000,0.06475430
141.00000000,2021.00000000,0.06475161
141.00000000,2022.00000000,0.06470988
141.00000000,2023.00000000,0.06467868
141.00000000,2024.00000000,0.06465230
141.00000000,2025.00000000,0.06459938
141.00000000,2026.00000000,0.06454372
141.00000000,2027.00000000,0.06449134
141.00000000,2028.00000000,0.06445804
141.00000000,2029.00000000,0.06445944
141.00000000,2030.00000000,0.06439770
141.00000000,2031.00000000,0.06439222
141.00000000,2032.00000000,0.06436075
141.00000000,2033.00000000,0.06430118
141.00000000,2034.00000000,0.06422907
141.00000000,2035.00000000,0.06418922
141.00000000,2036.00000000,0.06416788
141.00000000,2037.00000000,0.06412616
141.00000000,2038.00000000,0.06409912
141.00000000,2039.00000000,0.06407898
141.00000000,2040.00000000,0.06409090
141.00000000,2041.00000000,0.06407300
141.00000000,2042.00000000,0.06403678
141.00000000,2043.00000000,0.06399182
141.00000000,2044.00000000,0.06401687
141.00000000,2045.00000000,0.06395595
141.00000000,2046.00000000,0.06395521
141.00000000,2047.00000000,0.06396262
141.00000000,2048.00000000,0.06403162
141.00000000,2049.00000000,0.06388690
141.00000000,2050.00000000,0.06387265
141.00000000,2051.00000000,0.06385505
141.00000000,2052.00000000,0.06380371
141.00000000,2053.00000000,0.06380049
141.00000000,2054.00000000,0.06383572
141.00000000,2055.00000000,0.06357255
141.00000000,2056.00000000,0.06346205
141.00000000,2057.00000000,0.06349245
141.00000000,2058.00000000,0.06350492
141.00000000,2059.00000000,0.06337918
141.00000000,2060.00000000,0.06304470
141.00000000,2061.00000000,0.06319029
141.00000000,2062.00000000,0.06285837
141.00000000,2063.00000000,0.06284727
141.00000000,2064.00000000,0.06299171
141.00000000,2065.00000000,0.06289095
141.00000000,2066.00000000,0.06282679
141.00000000,2067.00000000,0.06275642
141.00000000,2068.00000000,0.06281883
141.00000000,2069.00000000,0.06274147
141.00000000,2070.00000000,0.06280724
141.00000000,2071.00000000,0.06255658
141.00000000,2072.00000000,0.06226899
141.00000000,2073.00000000,0.06202043
141.00000000,2074.00000000,0.06202964
141.00000000,2075.00000000,0.06210343
141.00000000,2076.00000000,0.06213183
141.00000000,2077.00000000,0.06225203
141.00000000,2078.00000000,0.06233029
141.00000000,2079.00000000,0.06214449
141.00000000,2080.00000000,0.06217410
141.00000000,2081.00000000,0.06230927
141.00000000,2082.00000000,0.06231572
141.00000000,2083.00000000,0.06227554
141.00000000,2084.00000000,0.06231204
141.00000000,2085.00000000,0.06224782
141.00000000,2086.00000000,0.06179794
141.00000000,2087.00000000,0.06189488
141.00000000,2088.00000000,0.06213155
141.00000000,2089.00000000,0.06223197
141.00000000,2090.00000000,0.06210654
141.00000000,2091.00000000,0.06245314
141.00000000,2092.00000000,0.06267104
141.00000000,2093.00000000,0.06269423
141.00000000,2094.00000000,0.06275058
141.00000000,2095.00000000,0.06277208
141.00000000,2096.00000000,0.06307175
141.00000000,2097.00000000,0.06329687
141.00000000,2098.00000000,0.06344740
141.00000000,2099.00000000,0.06354301
141.00000000,2100.00000000,0.06376899
141.00000000,2101.00000000,0.06396667
141.00000000,2102.00000000,0.06399233
141.00000000,2103.00000000,0.06417890
141.00000000,2104.00000000,0.06444271
141.00000000,2105.00000000,0.06473039
141.00000000,2106.00000000,0.06497974
141.00000000,2107.00000000,0.06527228
141.00000000,2108.00000000,0.06547144
141.00000000,2109.00000000,0.06579855
141.00000000,2110.00000000,0.06618969
141.00000000,2111.00000000,0.06669587
141.00000000,2112.00000000,0.06698984
141.00000000,2113.00000000,0.06730851
141.00000000,2114.00000000,0.06774887
141.00000000,2115.00000000,0.06779018
141.00000000,2116.00000000,0.06776627
141.00000000,2117.00000000,0.06826766
141.00000000,2118.00000000,0.06855551
141.00000000,2119.00000000,0.06872139
141.00000000,2120.00000000,0.06925104
141.00000000,2121.00000000,0.06918863
141.00000000,2122.00000000,0.06893576
141.00000000,2123.00000000,0.06890072
141.00000000,2124.00000000,0.06890956
141.00000000,2125.00000000,0.06926621
141.00000000,2126.00000000,0.06957871
141.00000000,2127.00000000,0.06991374
141.00000000,2128.00000000,0.07020974
141.00000000,2129.00000000,0.07062630
141.00000000,2130.00000000,0.07089300
141.00000000,2131.00000000,0.07103783
141.00000000,2132.00000000,0.07124664
141.00000000,2133.00000000,0.07109168
141.00000000,2134.00000000,0.07115333
141.00000000,2135.00000000,0.07141252
141.00000000,2136.00000000,0.07169404
141.00000000,2137.00000000,0.07199086
141.00000000,2138.00000000,0.07223819
141.00000000,2139.00000000,0.07224172
141.00000000,2140.00000000,0.07226786
141.00000000,2141.00000000,0.07261973
141.00000000,2142.00000000,0.07296470
141.00000000,2143.00000000,0.07312318
141.00000000,2144.00000000,0.07378082
141.00000000,2145.00000000,0.07452613
141.00000000,2146.00000000,0.07512146
141.00000000,2147.00000000,0.07552844
141.00000000,2148.00000000,0.07593756
141.00000000,2149.00000000,0.07634890
141.00000000,2150.00000000,0.07676194
141.00000000,2151.00000000,0.07717716
141.00000000,2152.00000000,0.07771846
141.00000000,2153.00000000,0.07826433
141.00000000,2154.00000000,0.07881542
141.00000000,2155.00000000,0.07937195
141.00000000,2156.00000000,0.07993396
141.00000000,2157.00000000,0.08050151
141.00000000,2158.00000000,0.08107449
141.00000000,2159.00000000,0.08165279
141.00000000,2160.00000000,0.08223635
141.00000000,2161.00000000,0.08282505
141.00000000,2162.00000000,0.08336430
141.00000000,2163.00000000,0.08390843
141.00000000,2164.00000000,0.08445733
141.00000000,2165.00000000,0.08501099
141.00000000,2166.00000000,0.08556933
141.00000000,2167.00000000,0.08613228
141.00000000,2168.00000000,0.08669985
141.00000000,2169.00000000,0.08727200
141.00000000,2170.00000000,0.08784869
141.00000000,2171.00000000,0.08842996
141.00000000,2172.00000000,0.08912995
141.00000000,2173.00000000,0.08983467
141.00000000,2174.00000000,0.09054411
141.00000000,2175.00000000,0.09125819
141.00000000,2176.00000000,0.09197681
141.00000000,2177.00000000,0.09269999
141.00000000,2178.00000000,0.09342761
141.00000000,2179.00000000,0.09415968
141.00000000,2180.00000000,0.09489615
141.00000000,2181.00000000,0.09563696
141.00000000,2182.00000000,0.09646616
141.00000000,2183.00000000,0.09729985
141.00000000,2184.00000000,0.09813794
141.00000000,2185.00000000,0.09898041
141.00000000,2186.00000000,0.09982717
141.00000000,2187.00000000,0.10067813
141.00000000,2188.00000000,0.10153327
141.00000000,2189.00000000,0.10239246
141.00000000,2190.00000000,0.10325572
141.00000000,2191.00000000,0.10412294
141.00000000,2192.00000000,0.10498920
141.00000000,2193.00000000,0.10585930
141.00000000,2194.00000000,0.10673314
141.00000000,2195.00000000,0.10761060
141.00000000,2196.00000000,0.10849170
141.00000000,2197.00000000,0.10937632
141.00000000,2198.00000000,0.11026435
141.00000000,2199.00000000,0.11115577
141.00000000,2200.00000000,0.11205045
141.00000000,2201.00000000,0.11294824
141.00000000,2202.00000000,0.11366083
141.00000000,2203.00000000,0.11437577
141.00000000,2204.00000000,0.11509310
141.00000000,2205.00000000,0.11581274
141.00000000,2206.00000000,0.11653463
141.00000000,2207.00000000,0.11725879
141.00000000,2208.00000000,0.11798513
141.00000000,2209.00000000,0.11871359
141.00000000,2210.00000000,0.11944417
141.00000000,2211.00000000,0.12017675
141.00000000,2212.00000000,0.12073924
141.00000000,2213.00000000,0.12130310
141.00000000,2214.00000000,0.12186826
141.00000000,2215.00000000,0.12243477
141.00000000,2216.00000000,0.12300258
141.00000000,2217.00000000,0.12357168
141.00000000,2218.00000000,0.12414211
141.00000000,2219.00000000,0.12471380
141.00000000,2220.00000000,0.12528672
141.00000000,2221.00000000,0.12586091
141.00000000,2222.00000000,0.12633893
141.00000000,2223.00000000,0.12681776
141.00000000,2224.00000000,0.12729747
141.00000000,2225.00000000,0.12777802
141.00000000,2226.00000000,0.12825945
141.00000000,2227.00000000,0.12874174
141.00000000,2228.00000000,0.12922485
141.00000000,2229.00000000,0.12970884
141.00000000,2230.00000000,0.13019368
141.00000000,2231.00000000,0.13067930
141.00000000,2232.00000000,0.13106400
141.00000000,2233.00000000,0.13144913
141.00000000,2234.00000000,0.13183466
141.00000000,2235.00000000,0.13222070
141.00000000,2236.00000000,0.13260723
141.00000000,2237.00000000,0.13299420
141.00000000,2238.00000000,0.13338171
141.00000000,2239.00000000,0.13376967
141.00000000,2240.00000000,0.13415819
141.00000000,2241.00000000,0.13454724
141.00000000,2242.00000000,0.13485749
141.00000000,2243.00000000,0.13516800
141.00000000,2244.00000000,0.13547876
141.00000000,2245.00000000,0.13578971
141.00000000,2246.00000000,0.13610098
141.00000000,2247.00000000,0.13641252
141.00000000,2248.00000000,0.13672430
141.00000000,2249.00000000,0.13703628
141.00000000,2250.00000000,0.13734745
141.00000000,2251.00000000,0.13765617
141.00000000,2252.00000000,0.13796075
141.00000000,2253.00000000,0.13826023
141.00000000,2254.00000000,0.13855431
141.00000000,2255.00000000,0.13884282
141.00000000,2256.00000000,0.13912567
141.00000000,2257.00000000,0.13940295
141.00000000,2258.00000000,0.13967467
141.00000000,2259.00000000,0.13994083
141.00000000,2260.00000000,0.14020163
141.00000000,2261.00000000,0.14045718
141.00000000,2262.00000000,0.14070761
141.00000000,2263.00000000,0.14095323
141.00000000,2264.00000000,0.14119410
141.00000000,2265.00000000,0.14143040
141.00000000,2266.00000000,0.14166219
141.00000000,2267.00000000,0.14188950
141.00000000,2268.00000000,0.14211254
141.00000000,2269.00000000,0.14233130
141.00000000,2270.00000000,0.14254581
141.00000000,2271.00000000,0.14275624
141.00000000,2272.00000000,0.14296263
141.00000000,2273.00000000,0.14316493
141.00000000,2274.00000000,0.14336336
141.00000000,2275.00000000,0.14355786
141.00000000,2276.00000000,0.14374859
141.00000000,2277.00000000,0.14393557
141.00000000,2278.00000000,0.14411876
141.00000000,2279.00000000,0.14429835
141.00000000,2280.00000000,0.14447434
141.00000000,2281.00000000,0.14464667
141.00000000,2282.00000000,0.14481555
141.00000000,2283.00000000,0.14498090
141.00000000,2284.00000000,0.14514274
141.00000000,2285.00000000,0.14530119
141.00000000,2286.00000000,0.14545617
141.00000000,2287.00000000,0.14560784
141.00000000,2288.00000000,0.14575613
141.00000000,2289.00000000,0.14590098
141.00000000,2290.00000000,0.14604250
141.00000000,2291.00000000,0.14618057
141.00000000,2292.00000000,0.14575020
141.00000000,2293.00000000,0.14531569
141.00000000,2294.00000000,0.14487705
141.00000000,2295.00000000,0.14443433
141.00000000,2296.00000000,0.14398778
141.00000000,2297.00000000,0.14353738
141.00000000,2298.00000000,0.14308323
141.00000000,2299.00000000,0.14262548
141.00000000,2300.00000000,0.14216417
141.00000000,2301.00000000,0.14169942
141.00000000,2302.00000000,0.14123132
141.00000000,2303.00000000,0.14075986
141.00000000,2304.00000000,0.14028519
141.00000000,2305.00000000,0.13980739
141.00000000,2306.00000000,0.13932644
141.00000000,2307.00000000,0.13884256
141.00000000,2308.00000000,0.13835574
141.00000000,2309.00000000,0.13786600
141.00000000,2310.00000000,0.13737354
141.00000000,2311.00000000,0.13687830
141.00000000,2312.00000000,0.13638044
141.00000000,2313.00000000,0.13588001
141.00000000,2314.00000000,0.13537700
141.00000000,2315.00000000,0.13487155
141.00000000,2316.00000000,0.13436372
141.00000000,2317.00000000,0.13385350
141.00000000,2318.00000000,0.13334101
141.00000000,2319.00000000,0.13282630
141.00000000,2320.00000000,0.13230938
141.00000000,2321.00000000,0.13179036
141.00000000,2322.00000000,0.13126926
141.00000000,2323.00000000,0.13074611
141.00000000,2324.00000000,0.13022103
141.00000000,2325.00000000,0.12969396
141.00000000,2326.00000000,0.12916508
141.00000000,2327.00000000,0.12863436
141.00000000,2328.00000000,0.12810181
141.00000000,2329.00000000,0.12756757
141.00000000,2330.00000000,0.12703162
141.00000000,2331.00000000,0.12649397
141.00000000,2332.00000000,0.12595475
141.00000000,2333.00000000,0.12541396
141.00000000,2334.00000000,0.12487160
141.00000000,2335.00000000,0.12432778
141.00000000,2336.00000000,0.12378247
141.00000000,2337.00000000,0.12323577
141.00000000,2338.00000000,0.12268770
141.00000000,2339.00000000,0.12213822
141.00000000,2340.00000000,0.12158748
141.00000000,2341.00000000,0.12103547
141.00000000,2342.00000000,0.12048218
141.00000000,2343.00000000,0.11992771
141.00000000,2344.00000000,0.11937207
141.00000000,2345.00000000,0.11881524
141.00000000,2346.00000000,0.11825733
141.00000000,2347.00000000,0.11769835
141.00000000,2348.00000000,0.11713826
141.00000000,2349.00000000,0.11657720
141.00000000,2350.00000000,0.11601510
141.00000000,2351.00000000,0.11545207
141.00000000,2352.00000000,0.11488811
141.00000000,2353.00000000,0.11432321
141.00000000,2354.00000000,0.11375747
141.00000000,2355.00000000,0.11319088
141.00000000,2356.00000000,0.11262342
141.00000000,2357.00000000,0.11205521
141.00000000,2358.00000000,0.11148624
141.00000000,2359.00000000,0.11091646
141.00000000,2360.00000000,0.11034601
141.00000000,2361.00000000,0.10977481
141.00000000,2362.00000000,0.10920298
141.00000000,2363.00000000,0.10863050
141.00000000,2364.00000000,0.10805734
141.00000000,2365.00000000,0.10748364
141.00000000,2366.00000000,0.10690934
141.00000000,2367.00000000,0.10633443
141.00000000,2368.00000000,0.10575902
141.00000000,2369.00000000,0.10518311
141.00000000,2370.00000000,0.10460665
141.00000000,2371.00000000,0.10402975
141.00000000,2372.00000000,0.10345235
141.00000000,2373.00000000,0.10287458
141.00000000,2374.00000000,0.10229637
141.00000000,2375.00000000,0.10171773
141.00000000,2376.00000000,0.10113877
141.00000000,2377.00000000,0.10055944
141.00000000,2378.00000000,0.09997975
141.00000000,2379.00000000,0.09939977
141.00000000,2380.00000000,0.09881950
141.00000000,2381.00000000,0.09823891
141.00000000,2382.00000000,0.09765810
141.00000000,2383.00000000,0.09707706
141.00000000,2384.00000000,0.09649575
141.00000000,2385.00000000,0.09591430
141.00000000,2386.00000000,0.09533262
141.00000000,2387.00000000,0.09475085
141.00000000,2388.00000000,0.09416898
141.00000000,2389.00000000,0.09358702
141.00000000,2390.00000000,0.09312787
141.00000000,2391.00000000,0.09303019
141.00000000,2392.00000000,0.09303142
141.00000000,2393.00000000,0.09303286
141.00000000,2394.00000000,0.09303446
141.00000000,2395.00000000,0.09303620
141.00000000,2396.00000000,0.09303814
141.00000000,2397.00000000,0.09305567
141.00000000,2398.00000000,0.09307341
141.00000000,2399.00000000,0.09309130
141.00000000,2400.00000000,0.09310929
141.00000000,2401.00000000,0.09312746
141.00000000,2402.00000000,0.09311516
141.00000000,2403.00000000,0.09310294
141.00000000,2404.00000000,0.09309089
141.00000000,2405.00000000,0.09307897
141.00000000,2406.00000000,0.09306711
141.00000000,2407.00000000,0.09305542
141.00000000,2408.00000000,0.09304385
141.00000000,2409.00000000,0.09303232
141.00000000,2410.00000000,0.09302098
141.00000000,2411.00000000,0.09300967
141.00000000,2412.00000000,0.09299852
141.00000000,2413.00000000,0.09298748
141.00000000,2414.00000000,0.09297648
141.00000000,2415.00000000,0.09296562
141.00000000,2416.00000000,0.09295485
141.00000000,2417.00000000,0.09294281
141.00000000,2418.00000000,0.09293089
141.00000000,2419.00000000,0.09291908
141.00000000,2420.00000000,0.09290729
141.00000000,2421.00000000,0.09289563
141.00000000,2422.00000000,0.09288399
141.00000000,2423.00000000,0.09287250
141.00000000,2424.00000000,0.09286107
141.00000000,2425.00000000,0.09284966
141.00000000,2426.00000000,0.09283838
141.00000000,2427.00000000,0.09282717
141.00000000,2428.00000000,0.09281598
141.00000000,2429.00000000,0.09280489
141.00000000,2430.00000000,0.09279389
141.00000000,2431.00000000,0.09278288
141.00000000,2432.00000000,0.09277200
141.00000000,2433.00000000,0.09276111
141.00000000,2434.00000000,0.09275034
141.00000000,2435.00000000,0.09273963
141.00000000,2436.00000000,0.09272892
141.00000000,2437.00000000,0.09271832
141.00000000,2438.00000000,0.09270777
141.00000000,2439.00000000,0.09269722
141.00000000,2440.00000000,0.09268676
141.00000000,2441.00000000,0.09267637
141.00000000,2442.00000000,0.09266891
141.00000000,2443.00000000,0.09266156
141.00000000,2444.00000000,0.09265425
141.00000000,2445.00000000,0.09264693
141.00000000,2446.00000000,0.09263971
141.00000000,2447.00000000,0.09263248
141.00000000,2448.00000000,0.09262534
141.00000000,2449.00000000,0.09261826
141.00000000,2450.00000000,0.09261115
141.00000000,2451.00000000,0.09260413
141.00000000,2452.00000000,0.09259715
141.00000000,2453.00000000,0.09259016
141.00000000,2454.00000000,0.09258324
141.00000000,2455.00000000,0.09257637
141.00000000,2456.00000000,0.09256945
141.00000000,2457.00000000,0.09256262
141.00000000,2458.00000000,0.09255577
141.00000000,2459.00000000,0.09254901
141.00000000,2460.00000000,0.09254226
141.00000000,2461.00000000,0.09253549
141.00000000,2462.00000000,0.09252881
141.00000000,2463.00000000,0.09252213
141.00000000,2464.00000000,0.09251543
141.00000000,2465.00000000,0.09250881
141.00000000,2466.00000000,0.09250221
141.00000000,2467.00000000,0.09249557
141.00000000,2468.00000000,0.09248902
141.00000000,2469.00000000,0.09248248
141.00000000,2470.00000000,0.09247591
141.00000000,2471.00000000,0.09246942
141.00000000,2472.00000000,0.09246287
141.00000000,2473.00000000,0.09245640
141.00000000,2474.00000000,0.09244997
141.00000000,2475.00000000,0.09244347
141.00000000,2476.00000000,0.09243707
141.00000000,2477.00000000,0.09243067
141.00000000,2478.00000000,0.09242422
141.00000000,2479.00000000,0.09241786
141.00000000,2480.00000000,0.09241150
141.00000000,2481.00000000,0.09240509
141.00000000,2482.00000000,0.09239877
141.00000000,2483.00000000,0.09239239
141.00000000,2484.00000000,0.09238609
141.00000000,2485.00000000,0.09237980
141.00000000,2486.00000000,0.09237346
141.00000000,2487.00000000,0.09236719
141.00000000,2488.00000000,0.09236093
141.00000000,2489.00000000,0.09235461
141.00000000,2490.00000000,0.09234837
141.00000000,2491.00000000,0.09234214
141.00000000,2492.00000000,0.09233502
141.00000000,2493.00000000,0.09232796
141.00000000,2494.00000000,0.09232092
141.00000000,2495.00000000,0.09231381
141.00000000,2496.00000000,0.09230678
141.00000000,2497.00000000,0.09229968
141.00000000,2498.00000000,0.09229265
141.00000000,2499.00000000,0.09228564
141.00000000,2500.00000000,0.09227856
142.00000000,1765.00000000,0.06494261
142.00000000,1766.00000000,0.06494268
142.00000000,1767.00000000,0.06494271
142.00000000,1768.00000000,0.06494275
142.00000000,1769.00000000,0.06494305
142.00000000,1770.00000000,0.06494336
142.00000000,1771.00000000,0.06494385
142.00000000,1772.00000000,0.06494435
142.00000000,1773.00000000,0.06494515
142.00000000,1774.00000000,0.06494587
142.00000000,1775.00000000,0.06494688
142.00000000,1776.00000000,0.06494804
142.00000000,1777.00000000,0.06494912
142.00000000,1778.00000000,0.06495056
142.00000000,1779.00000000,0.06495208
142.00000000,1780.00000000,0.06495353
142.00000000,1781.00000000,0.06495529
142.00000000,1782.00000000,0.06495707
142.00000000,1783.00000000,0.06495885
142.00000000,1784.00000000,0.06496091
142.00000000,1785.00000000,0.06496308
142.00000000,1786.00000000,0.06496506
142.00000000,1787.00000000,0.06496729
142.00000000,1788.00000000,0.06496961
142.00000000,1789.00000000,0.06497200
142.00000000,1790.00000000,0.06497445
142.00000000,1791.00000000,0.06497708
142.00000000,1792.00000000,0.06497962
142.00000000,1793.00000000,0.06498238
142.00000000,1794.00000000,0.06498492
142.00000000,1795.00000000,0.06498763
142.00000000,1796.00000000,0.06499045
142.00000000,1797.00000000,0.06499347
142.00000000,1798.00000000,0.06499630
142.00000000,1799.00000000,0.06499927
142.00000000,1800.00000000,0.06500227
142.00000000,1801.00000000,0.06500529
142.00000000,1802.00000000,0.06500837
142.00000000,1803.00000000,0.06501154
142.00000000,1804.00000000,0.06501450
142.00000000,1805.00000000,0.06501770
142.00000000,1806.00000000,0.06502088
142.00000000,1807.00000000,0.06502404
142.00000000,1808.00000000,0.06502725
142.00000000,1809.00000000,0.06503052
142.00000000,1810.00000000,0.06503384
142.00000000,1811.00000000,0.06503712
142.00000000,1812.00000000,0.06504040
142.00000000,1813.00000000,0.06504363
142.00000000,1814.00000000,0.06504700
142.00000000,1815.00000000,0.06505031
142.00000000,1816.00000000,0.06505372
142.00000000,1817.00000000,0.06505708
142.00000000,1818.00000000,0.06506048
142.00000000,1819.00000000,0.06506377
142.00000000,1820.00000000,0.06506712
142.00000000,1821.00000000,0.06507057
142.00000000,1822.00000000,0.06507392
142.00000000,1823.00000000,0.06507726
142.00000000,1824.00000000,0.06508060
142.00000000,1825.00000000,0.06508404
142.00000000,1826.00000000,0.06508737
142.00000000,1827.00000000,0.06509071
142.00000000,1828.00000000,0.06509406
142.00000000,1829.00000000,0.06509746
142.00000000,1830.00000000,0.06510080
142.00000000,1831.00000000,0.06510410
142.00000000,1832.00000000,0.06510742
142.00000000,1833.00000000,0.06511070
142.00000000,1834.00000000,0.06511396
142.00000000,1835.00000000,0.06511718
142.00000000,1836.00000000,0.06512044
142.00000000,1837.00000000,0.06512368
142.00000000,1838.00000000,0.06512688
142.00000000,1839.00000000,0.06513005
142.00000000,1840.00000000,0.06513321
142.00000000,1841.00000000,0.06513632
142.00000000,1842.00000000,0.06513941
142.00000000,1843.00000000,0.06514257
142.00000000,1844.00000000,0.06514563
142.00000000,1845.00000000,0.06514863
142.00000000,1846.00000000,0.06515175
142.00000000,1847.00000000,0.06515463
142.00000000,1848.00000000,0.06515760
142.00000000,1849.00000000,0.06516057
142.00000000,1850.00000000,0.06516349
142.00000000,1851.00000000,0.06516620
142.00000000,1852.00000000,0.06516906
142.00000000,1853.00000000,0.06517211
142.00000000,1854.00000000,0.06517532
142.00000000,1855.00000000,0.06517854
142.00000000,1856.00000000,0.06518155
142.00000000,1857.00000000,0.06518451
142.00000000,1858.00000000,0.06518742
142.00000000,1859.00000000,0.06519030
142.00000000,1860.00000000,0.06519304
142.00000000,1861.00000000,0.06519577
142.00000000,1862.00000000,0.06519836
142.00000000,1863.00000000,0.06520037
142.00000000,1864.00000000,0.06520194
142.00000000,1865.00000000,0.06520310
142.00000000,1866.00000000,0.06520399
142.00000000,1867.00000000,0.06520459
142.00000000,1868.00000000,0.06520500
142.00000000,1869.00000000,0.06520514
142.00000000,1870.00000000,0.06520510
142.00000000,1871.00000000,0.06520486
142.00000000,1872.00000000,0.06520478
142.00000000,1873.00000000,0.06520529
142.00000000,1874.00000000,0.06520623
142.00000000,1875.00000000,0.06520748
142.00000000,1876.00000000,0.06520893
142.00000000,1877.00000000,0.06521059
142.00000000,1878.00000000,0.06521241
142.00000000,1879.00000000,0.06521426
142.00000000,1880.00000000,0.06521624
142.00000000,1881.00000000,0.06521825
142.00000000,1882.00000000,0.06522021
142.00000000,1883.00000000,0.06522182
142.00000000,1884.00000000,0.06522306
142.00000000,1885.00000000,0.06522413
142.00000000,1886.00000000,0.06522501
142.00000000,1887.00000000,0.06522577
142.00000000,1888.00000000,0.06522641
142.00000000,1889.00000000,0.06522680
142.00000000,1890.00000000,0.06522695
142.00000000,1891.00000000,0.06522682
142.00000000,1892.00000000,0.06522643
142.00000000,1893.00000000,0.06522595
142.00000000,1894.00000000,0.06522550
142.00000000,1895.00000000,0.06522513
142.00000000,1896.00000000,0.06522482
142.00000000,1897.00000000,0.06522445
142.00000000,1898.00000000,0.06522404
142.00000000,1899.00000000,0.06522351
142.00000000,1900.00000000,0.06522272
142.00000000,1901.00000000,0.06522177
142.00000000,1902.00000000,0.06522097
142.00000000,1903.00000000,0.06522028
142.00000000,1904.00000000,0.06521978
142.00000000,1905.00000000,0.06521948
142.00000000,1906.00000000,0.06521946
142.00000000,1907.00000000,0.06521966
142.00000000,1908.00000000,0.06522589
142.00000000,1909.00000000,0.06522610
142.00000000,1910.00000000,0.06522641
142.00000000,1911.00000000,0.06522668
142.00000000,1912.00000000,0.06522651
142.00000000,1913.00000000,0.06522762
142.00000000,1914.00000000,0.06522601
142.00000000,1915.00000000,0.06522405
142.00000000,1916.00000000,0.06522209
142.00000000,1917.00000000,0.06522019
142.00000000,1918.00000000,0.06521821
142.00000000,1919.00000000,0.06521628
142.00000000,1920.00000000,0.06521491
142.00000000,1921.00000000,0.06521411
142.00000000,1922.00000000,0.06521417
142.00000000,1923.00000000,0.06521688
142.00000000,1924.00000000,0.06521773
142.00000000,1925.00000000,0.06521851
142.00000000,1926.00000000,0.06521925
142.00000000,1927.00000000,0.06522001
142.00000000,1928.00000000,0.06522092
142.00000000,1929.00000000,0.06522183
142.00000000,1930.00000000,0.06522291
142.00000000,1931.00000000,0.06522491
142.00000000,1932.00000000,0.06522804
142.00000000,1933.00000000,0.06523387
142.00000000,1934.00000000,0.06523816
142.00000000,1935.00000000,0.06524244
142.00000000,1936.00000000,0.06524627
142.00000000,1937.00000000,0.06524931
142.00000000,1938.00000000,0.06525130
142.00000000,1939.00000000,0.06525459
142.00000000,1940.00000000,0.06525533
142.00000000,1941.00000000,0.06525516
142.00000000,1942.00000000,0.06525616
142.00000000,1943.00000000,0.06525459
142.00000000,1944.00000000,0.06525659
142.00000000,1945.00000000,0.06525258
142.00000000,1946.00000000,0.06525134
142.00000000,1947.00000000,0.06525160
142.00000000,1948.00000000,0.06525456
142.00000000,1949.00000000,0.06525555
142.00000000,1950.00000000,0.06525649
142.00000000,1951.00000000,0.06525732
142.00000000,1952.00000000,0.06525877
142.00000000,1953.00000000,0.06526237
142.00000000,1954.00000000,0.06526406
142.00000000,1955.00000000,0.06526593
142.00000000,1956.00000000,0.06526786
142.00000000,1957.00000000,0.06527157
142.00000000,1958.00000000,0.06527485
142.00000000,1959.00000000,0.06527774
142.00000000,1960.00000000,0.06527693
142.00000000,1961.00000000,0.06527469
142.00000000,1962.00000000,0.06527168
142.00000000,1963.00000000,0.06526789
142.00000000,1964.00000000,0.06526522
142.00000000,1965.00000000,0.06526141
142.00000000,1966.00000000,0.06525431
142.00000000,1967.00000000,0.06524814
142.00000000,1968.00000000,0.06523870
142.00000000,1969.00000000,0.06522935
142.00000000,1970.00000000,0.06521593
142.00000000,1971.00000000,0.06519971
142.00000000,1972.00000000,0.06519193
142.00000000,1973.00000000,0.06516705
142.00000000,1974.00000000,0.06514167
142.00000000,1975.00000000,0.06511679
142.00000000,1976.00000000,0.06508951
142.00000000,1977.00000000,0.06506429
142.00000000,1978.00000000,0.06504496
142.00000000,1979.00000000,0.06501733
142.00000000,1980.00000000,0.06499103
142.00000000,1981.00000000,0.06496462
142.00000000,1982.00000000,0.06494187
142.00000000,1983.00000000,0.06492064
142.00000000,1984.00000000,0.06490495
142.00000000,1985.00000000,0.06488992
142.00000000,1986.00000000,0.06487838
142.00000000,1987.00000000,0.06487163
142.00000000,1988.00000000,0.06485698
142.00000000,1989.00000000,0.06484811
142.00000000,1990.00000000,0.06483477
142.00000000,1991.00000000,0.06482521
142.00000000,1992.00000000,0.06481809
142.00000000,1993.00000000,0.06480341
142.00000000,1994.00000000,0.06479579
142.00000000,1995.00000000,0.06478686
142.00000000,1996.00000000,0.06479396
142.00000000,1997.00000000,0.06478466
142.00000000,1998.00000000,0.06478067
142.00000000,1999.00000000,0.06476852
142.00000000,2000.00000000,0.06475646
142.00000000,2001.00000000,0.06475216
142.00000000,2002.00000000,0.06475330
142.00000000,2003.00000000,0.06474649
142.00000000,2004.00000000,0.06473470
142.00000000,2005.00000000,0.06473049
142.00000000,2006.00000000,0.06472507
142.00000000,2007.00000000,0.06471432
142.00000000,2008.00000000,0.06469276
142.00000000,2009.00000000,0.06467896
142.00000000,2010.00000000,0.06465654
142.00000000,2011.00000000,0.06463601
142.00000000,2012.00000000,0.06460955
142.00000000,2013.00000000,0.06458898
142.00000000,2014.00000000,0.06458218
142.00000000,2015.00000000,0.06456142
142.00000000,2016.00000000,0.06449699
142.00000000,2017.00000000,0.06447789
142.00000000,2018.00000000,0.06443508
142.00000000,2019.00000000,0.06439045
142.00000000,2020.00000000,0.06434106
142.00000000,2021.00000000,0.06431464
142.00000000,2022.00000000,0.06431033
142.00000000,2023.00000000,0.06426748
142.00000000,2024.00000000,0.06423524
142.00000000,2025.00000000,0.06420793
142.00000000,2026.00000000,0.06415439
142.00000000,2027.00000000,0.06409819
142.00000000,2028.00000000,0.06404534
142.00000000,2029.00000000,0.06401147
142.00000000,2030.00000000,0.06401214
142.00000000,2031.00000000,0.06395009
142.00000000,2032.00000000,0.06394378
142.00000000,2033.00000000,0.06391148
142.00000000,2034.00000000,0.06385113
142.00000000,2035.00000000,0.06377825
142.00000000,2036.00000000,0.06373738
142.00000000,2037.00000000,0.06371489
142.00000000,2038.00000000,0.06367219
142.00000000,2039.00000000,0.06364410
142.00000000,2040.00000000,0.06362290
142.00000000,2041.00000000,0.06363354
142.00000000,2042.00000000,0.06361445
142.00000000,2043.00000000,0.06357700
142.00000000,2044.00000000,0.06353077
142.00000000,2045.00000000,0.06355403
142.00000000,2046.00000000,0.06349194
142.00000000,2047.00000000,0.06348962
142.00000000,2048.00000000,0.06349544
142.00000000,2049.00000000,0.06356244
142.00000000,2050.00000000,0.06341735
142.00000000,2051.00000000,0.06340185
142.00000000,2052.00000000,0.06338307
142.00000000,2053.00000000,0.06333088
142.00000000,2054.00000000,0.06332652
142.00000000,2055.00000000,0.06336039
142.00000000,2056.00000000,0.06309812
142.00000000,2057.00000000,0.06298743
142.00000000,2058.00000000,0.06301667
142.00000000,2059.00000000,0.06302814
142.00000000,2060.00000000,0.06290247
142.00000000,2061.00000000,0.06256977
142.00000000,2062.00000000,0.06271396
142.00000000,2063.00000000,0.06238468
142.00000000,2064.00000000,0.06237412
142.00000000,2065.00000000,0.06251811
142.00000000,2066.00000000,0.06241882
142.00000000,2067.00000000,0.06235592
142.00000000,2068.00000000,0.06228684
142.00000000,2069.00000000,0.06234953
142.00000000,2070.00000000,0.06227345
142.00000000,2071.00000000,0.06233950
142.00000000,2072.00000000,0.06209175
142.00000000,2073.00000000,0.06180766
142.00000000,2074.00000000,0.06156249
142.00000000,2075.00000000,0.06157326
142.00000000,2076.00000000,0.06164814
142.00000000,2077.00000000,0.06167795
142.00000000,2078.00000000,0.06179882
142.00000000,2079.00000000,0.06187800
142.00000000,2080.00000000,0.06169492
142.00000000,2081.00000000,0.06172567
142.00000000,2082.00000000,0.06186136
142.00000000,2083.00000000,0.06186935
142.00000000,2084.00000000,0.06183110
142.00000000,2085.00000000,0.06186895
142.00000000,2086.00000000,0.06180675
142.00000000,2087.00000000,0.06136158
142.00000000,2088.00000000,0.06145927
142.00000000,2089.00000000,0.06169565
142.00000000,2090.00000000,0.06179666
142.00000000,2091.00000000,0.06167339
142.00000000,2092.00000000,0.06201898
142.00000000,2093.00000000,0.06223694
142.00000000,2094.00000000,0.06226157
142.00000000,2095.00000000,0.06231915
142.00000000,2096.00000000,0.06234207
142.00000000,2097.00000000,0.06264123
142.00000000,2098.00000000,0.06286629
142.00000000,2099.00000000,0.06301722
142.00000000,2100.00000000,0.06311353
142.00000000,2101.00000000,0.06333933
142.00000000,2102.00000000,0.06353716
142.00000000,2103.00000000,0.06356425
142.00000000,2104.00000000,0.06375123
142.00000000,2105.00000000,0.06401496
142.00000000,2106.00000000,0.06430236
142.00000000,2107.00000000,0.06455165
142.00000000,2108.00000000,0.06484381
142.00000000,2109.00000000,0.06504313
142.00000000,2110.00000000,0.06536951
142.00000000,2111.00000000,0.06575947
142.00000000,2112.00000000,0.06626370
142.00000000,2113.00000000,0.06655701
142.00000000,2114.00000000,0.06687485
142.00000000,2115.00000000,0.06731354
142.00000000,2116.00000000,0.06735570
142.00000000,2117.00000000,0.06733301
142.00000000,2118.00000000,0.06783224
142.00000000,2119.00000000,0.06811924
142.00000000,2120.00000000,0.06828504
142.00000000,2121.00000000,0.06881227
142.00000000,2122.00000000,0.06875114
142.00000000,2123.00000000,0.06850072
142.00000000,2124.00000000,0.06846674
142.00000000,2125.00000000,0.06847632
142.00000000,2126.00000000,0.06883153
142.00000000,2127.00000000,0.06914285
142.00000000,2128.00000000,0.06947656
142.00000000,2129.00000000,0.06977148
142.00000000,2130.00000000,0.07018619
142.00000000,2131.00000000,0.07045196
142.00000000,2132.00000000,0.07059660
142.00000000,2133.00000000,0.07080482
142.00000000,2134.00000000,0.07065149
142.00000000,2135.00000000,0.07071342
142.00000000,2136.00000000,0.07097166
142.00000000,2137.00000000,0.07125209
142.00000000,2138.00000000,0.07154770
142.00000000,2139.00000000,0.07179414
142.00000000,2140.00000000,0.07179824
142.00000000,2141.00000000,0.07182481
142.00000000,2142.00000000,0.07217511
142.00000000,2143.00000000,0.07251855
142.00000000,2144.00000000,0.07267664
142.00000000,2145.00000000,0.07333084
142.00000000,2146.00000000,0.07407219
142.00000000,2147.00000000,0.07466446
142.00000000,2148.00000000,0.07506953
142.00000000,2149.00000000,0.07547672
142.00000000,2150.00000000,0.07588612
142.00000000,2151.00000000,0.07629762
142.00000000,2152.00000000,0.07671244
142.00000000,2153.00000000,0.07725372
142.00000000,2154.00000000,0.07780012
142.00000000,2155.00000000,0.07835199
142.00000000,2156.00000000,0.07890937
142.00000000,2157.00000000,0.07947222
142.00000000,2158.00000000,0.08004053
142.00000000,2159.00000000,0.08061417
142.00000000,2160.00000000,0.08119304
142.00000000,2161.00000000,0.08177706
142.00000000,2162.00000000,0.08236610
142.00000000,2163.00000000,0.08290589
142.00000000,2164.00000000,0.08345046
142.00000000,2165.00000000,0.08399970
142.00000000,2166.00000000,0.08455360
142.00000000,2167.00000000,0.08511210
142.00000000,2168.00000000,0.08567512
142.00000000,2169.00000000,0.08624268
142.00000000,2170.00000000,0.08681474
142.00000000,2171.00000000,0.08739125
142.00000000,2172.00000000,0.08797229
142.00000000,2173.00000000,0.08867139
142.00000000,2174.00000000,0.08937516
142.00000000,2175.00000000,0.09008359
142.00000000,2176.00000000,0.09079661
142.00000000,2177.00000000,0.09151412
142.00000000,2178.00000000,0.09223614
142.00000000,2179.00000000,0.09296256
142.00000000,2180.00000000,0.09369338
142.00000000,2181.00000000,0.09442856
142.00000000,2182.00000000,0.09516804
142.00000000,2183.00000000,0.09599546
142.00000000,2184.00000000,0.09682735
142.00000000,2185.00000000,0.09766360
142.00000000,2186.00000000,0.09850421
142.00000000,2187.00000000,0.09934909
142.00000000,2188.00000000,0.10019812
142.00000000,2189.00000000,0.10105132
142.00000000,2190.00000000,0.10190856
142.00000000,2191.00000000,0.10276983
142.00000000,2192.00000000,0.10363503
142.00000000,2193.00000000,0.10449929
142.00000000,2194.00000000,0.10536737
142.00000000,2195.00000000,0.10623917
142.00000000,2196.00000000,0.10711459
142.00000000,2197.00000000,0.10799363
142.00000000,2198.00000000,0.10887618
142.00000000,2199.00000000,0.10976213
142.00000000,2200.00000000,0.11065146
142.00000000,2201.00000000,0.11154403
142.00000000,2202.00000000,0.11243972
142.00000000,2203.00000000,0.11315104
142.00000000,2204.00000000,0.11386471
142.00000000,2205.00000000,0.11458075
142.00000000,2206.00000000,0.11529909
142.00000000,2207.00000000,0.11601968
142.00000000,2208.00000000,0.11674253
142.00000000,2209.00000000,0.11746757
142.00000000,2210.00000000,0.11819471
142.00000000,2211.00000000,0.11892398
142.00000000,2212.00000000,0.11965526
142.00000000,2213.00000000,0.12021717
142.00000000,2214.00000000,0.12078045
142.00000000,2215.00000000,0.12134502
142.00000000,2216.00000000,0.12191094
142.00000000,2217.00000000,0.12247818
142.00000000,2218.00000000,0.12304670
142.00000000,2219.00000000,0.12361655
142.00000000,2220.00000000,0.12418767
142.00000000,2221.00000000,0.12476001
142.00000000,2222.00000000,0.12533360
142.00000000,2223.00000000,0.12581145
142.00000000,2224.00000000,0.12629010
142.00000000,2225.00000000,0.12676966
142.00000000,2226.00000000,0.12725003
142.00000000,2227.00000000,0.12773130
142.00000000,2228.00000000,0.12821341
142.00000000,2229.00000000,0.12869637
142.00000000,2230.00000000,0.12918022
142.00000000,2231.00000000,0.12966491
142.00000000,2232.00000000,0.13015038
142.00000000,2233.00000000,0.13053532
142.00000000,2234.00000000,0.13092071
142.00000000,2235.00000000,0.13130653
142.00000000,2236.00000000,0.13169285
142.00000000,2237.00000000,0.13207964
142.00000000,2238.00000000,0.13246689
142.00000000,2239.00000000,0.13285469
142.00000000,2240.00000000,0.13324295
142.00000000,2241.00000000,0.13363177
142.00000000,2242.00000000,0.13402110
142.00000000,2243.00000000,0.13433195
142.00000000,2244.00000000,0.13464309
142.00000000,2245.00000000,0.13495446
142.00000000,2246.00000000,0.13526603
142.00000000,2247.00000000,0.13557793
142.00000000,2248.00000000,0.13589012
142.00000000,2249.00000000,0.13620238
142.00000000,2250.00000000,0.13651393
142.00000000,2251.00000000,0.13682296
142.00000000,2252.00000000,0.13712791
142.00000000,2253.00000000,0.13742784
142.00000000,2254.00000000,0.13772232
142.00000000,2255.00000000,0.13801128
142.00000000,2256.00000000,0.13829467
142.00000000,2257.00000000,0.13857244
142.00000000,2258.00000000,0.13884471
142.00000000,2259.00000000,0.13911151
142.00000000,2260.00000000,0.13937290
142.00000000,2261.00000000,0.13962910
142.00000000,2262.00000000,0.13988027
142.00000000,2263.00000000,0.14012657
142.00000000,2264.00000000,0.14036823
142.00000000,2265.00000000,0.14060527
142.00000000,2266.00000000,0.14083787
142.00000000,2267.00000000,0.14106609
142.00000000,2268.00000000,0.14128993
142.00000000,2269.00000000,0.14150961
142.00000000,2270.00000000,0.14172510
142.00000000,2271.00000000,0.14193644
142.00000000,2272.00000000,0.14214382
142.00000000,2273.00000000,0.14234721
142.00000000,2274.00000000,0.14254664
142.00000000,2275.00000000,0.14274228
142.00000000,2276.00000000,0.14293405
142.00000000,2277.00000000,0.14312217
142.00000000,2278.00000000,0.14330660
142.00000000,2279.00000000,0.14348734
142.00000000,2280.00000000,0.14366454
142.00000000,2281.00000000,0.14383823
142.00000000,2282.00000000,0.14400831
142.00000000,2283.00000000,0.14417502
142.00000000,2284.00000000,0.14433827
142.00000000,2285.00000000,0.14449806
142.00000000,2286.00000000,0.14465455
142.00000000,2287.00000000,0.14480761
142.00000000,2288.00000000,0.14495743
142.00000000,2289.00000000,0.14510390
142.00000000,2290.00000000,0.14524703
142.00000000,2291.00000000,0.14538685
142.00000000,2292.00000000,0.14552331
142.00000000,2293.00000000,0.14509390
142.00000000,2294.00000000,0.14466041
142.00000000,2295.00000000,0.14422286
142.00000000,2296.00000000,0.14378128
142.00000000,2297.00000000,0.14333592
142.00000000,2298.00000000,0.14288678
142.00000000,2299.00000000,0.14243393
142.00000000,2300.00000000,0.14197754
142.00000000,2301.00000000,0.14151763
142.00000000,2302.00000000,0.14105432
142.00000000,2303.00000000,0.14058769
142.00000000,2304.00000000,0.14011774
142.00000000,2305.00000000,0.13964463
142.00000000,2306.00000000,0.13916843
142.00000000,2307.00000000,0.13868912
142.00000000,2308.00000000,0.13820691
142.00000000,2309.00000000,0.13772181
142.00000000,2310.00000000,0.13723382
142.00000000,2311.00000000,0.13674314
142.00000000,2312.00000000,0.13624973
142.00000000,2313.00000000,0.13575372
142.00000000,2314.00000000,0.13525517
142.00000000,2315.00000000,0.13475408
142.00000000,2316.00000000,0.13425058
142.00000000,2317.00000000,0.13374472
142.00000000,2318.00000000,0.13323650
142.00000000,2319.00000000,0.13272606
142.00000000,2320.00000000,0.13221340
142.00000000,2321.00000000,0.13169855
142.00000000,2322.00000000,0.13118164
142.00000000,2323.00000000,0.13066269
142.00000000,2324.00000000,0.13014167
142.00000000,2325.00000000,0.12961876
142.00000000,2326.00000000,0.12909390
142.00000000,2327.00000000,0.12856723
142.00000000,2328.00000000,0.12803873
142.00000000,2329.00000000,0.12750844
142.00000000,2330.00000000,0.12697646
142.00000000,2331.00000000,0.12644280
142.00000000,2332.00000000,0.12590746
142.00000000,2333.00000000,0.12537057
142.00000000,2334.00000000,0.12483210
142.00000000,2335.00000000,0.12429209
142.00000000,2336.00000000,0.12375064
142.00000000,2337.00000000,0.12320771
142.00000000,2338.00000000,0.12266341
142.00000000,2339.00000000,0.12211774
142.00000000,2340.00000000,0.12157069
142.00000000,2341.00000000,0.12102239
142.00000000,2342.00000000,0.12047282
142.00000000,2343.00000000,0.11992196
142.00000000,2344.00000000,0.11936996
142.00000000,2345.00000000,0.11881680
142.00000000,2346.00000000,0.11826245
142.00000000,2347.00000000,0.11770704
142.00000000,2348.00000000,0.11715056
142.00000000,2349.00000000,0.11659299
142.00000000,2350.00000000,0.11603444
142.00000000,2351.00000000,0.11547488
142.00000000,2352.00000000,0.11491439
142.00000000,2353.00000000,0.11435300
142.00000000,2354.00000000,0.11379064
142.00000000,2355.00000000,0.11322748
142.00000000,2356.00000000,0.11266346
142.00000000,2357.00000000,0.11209859
142.00000000,2358.00000000,0.11153296
142.00000000,2359.00000000,0.11096657
142.00000000,2360.00000000,0.11039940
142.00000000,2361.00000000,0.10983154
142.00000000,2362.00000000,0.10926296
142.00000000,2363.00000000,0.10869375
142.00000000,2364.00000000,0.10812389
142.00000000,2365.00000000,0.10755335
142.00000000,2366.00000000,0.10698226
142.00000000,2367.00000000,0.10641060
142.00000000,2368.00000000,0.10583833
142.00000000,2369.00000000,0.10526556
142.00000000,2370.00000000,0.10469228
142.00000000,2371.00000000,0.10411847
142.00000000,2372.00000000,0.10354422
142.00000000,2373.00000000,0.10296947
142.00000000,2374.00000000,0.10239435
142.00000000,2375.00000000,0.10181880
142.00000000,2376.00000000,0.10124282
142.00000000,2377.00000000,0.10066652
142.00000000,2378.00000000,0.10008985
142.00000000,2379.00000000,0.09951281
142.00000000,2380.00000000,0.09893551
142.00000000,2381.00000000,0.09835790
142.00000000,2382.00000000,0.09777999
142.00000000,2383.00000000,0.09720184
142.00000000,2384.00000000,0.09662348
142.00000000,2385.00000000,0.09604484
142.00000000,2386.00000000,0.09546606
142.00000000,2387.00000000,0.09488706
142.00000000,2388.00000000,0.09430797
142.00000000,2389.00000000,0.09372876
142.00000000,2390.00000000,0.09314949
142.00000000,2391.00000000,0.09269244
142.00000000,2392.00000000,0.09259519
142.00000000,2393.00000000,0.09259638
142.00000000,2394.00000000,0.09259778
142.00000000,2395.00000000,0.09259934
142.00000000,2396.00000000,0.09260103
142.00000000,2397.00000000,0.09260293
142.00000000,2398.00000000,0.09262034
142.00000000,2399.00000000,0.09263796
142.00000000,2400.00000000,0.09265573
142.00000000,2401.00000000,0.09267361
142.00000000,2402.00000000,0.09269166
142.00000000,2403.00000000,0.09267938
142.00000000,2404.00000000,0.09266719
142.00000000,2405.00000000,0.09265516
142.00000000,2406.00000000,0.09264326
142.00000000,2407.00000000,0.09263143
142.00000000,2408.00000000,0.09261976
142.00000000,2409.00000000,0.09260821
142.00000000,2410.00000000,0.09259672
142.00000000,2411.00000000,0.09258538
142.00000000,2412.00000000,0.09257410
142.00000000,2413.00000000,0.09256297
142.00000000,2414.00000000,0.09255193
142.00000000,2415.00000000,0.09254095
142.00000000,2416.00000000,0.09253011
142.00000000,2417.00000000,0.09251936
142.00000000,2418.00000000,0.09250734
142.00000000,2419.00000000,0.09249545
142.00000000,2420.00000000,0.09248365
142.00000000,2421.00000000,0.09247187
142.00000000,2422.00000000,0.09246024
142.00000000,2423.00000000,0.09244863
142.00000000,2424.00000000,0.09243714
142.00000000,2425.00000000,0.09242573
142.00000000,2426.00000000,0.09241434
142.00000000,2427.00000000,0.09240307
142.00000000,2428.00000000,0.09239188
142.00000000,2429.00000000,0.09238069
142.00000000,2430.00000000,0.09236963
142.00000000,2431.00000000,0.09235862
142.00000000,2432.00000000,0.09234764
142.00000000,2433.00000000,0.09233677
142.00000000,2434.00000000,0.09232589
142.00000000,2435.00000000,0.09231514
142.00000000,2436.00000000,0.09230444
142.00000000,2437.00000000,0.09229373
142.00000000,2438.00000000,0.09228314
142.00000000,2439.00000000,0.09227260
142.00000000,2440.00000000,0.09226206
142.00000000,2441.00000000,0.09225162
142.00000000,2442.00000000,0.09224123
142.00000000,2443.00000000,0.09223376
142.00000000,2444.00000000,0.09222640
142.00000000,2445.00000000,0.09221909
142.00000000,2446.00000000,0.09221176
142.00000000,2447.00000000,0.09220453
142.00000000,2448.00000000,0.09219729
142.00000000,2449.00000000,0.09219016
142.00000000,2450.00000000,0.09218306
142.00000000,2451.00000000,0.09217593
142.00000000,2452.00000000,0.09216891
142.00000000,2453.00000000,0.09216193
142.00000000,2454.00000000,0.09215490
142.00000000,2455.00000000,0.09214797
142.00000000,2456.00000000,0.09214109
142.00000000,2457.00000000,0.09213415
142.00000000,2458.00000000,0.09212732
142.00000000,2459.00000000,0.09212046
142.00000000,2460.00000000,0.09211367
142.00000000,2461.00000000,0.09210692
142.00000000,2462.00000000,0.09210013
142.00000000,2463.00000000,0.09209341
142.00000000,2464.00000000,0.09208673
142.00000000,2465.00000000,0.09208001
142.00000000,2466.00000000,0.09207338
142.00000000,2467.00000000,0.09206677
142.00000000,2468.00000000,0.09206011
142.00000000,2469.00000000,0.09205354
142.00000000,2470.00000000,0.09204699
142.00000000,2471.00000000,0.09204039
142.00000000,2472.00000000,0.09203388
142.00000000,2473.00000000,0.09202732
142.00000000,2474.00000000,0.09202084
142.00000000,2475.00000000,0.09201438
142.00000000,2476.00000000,0.09200787
142.00000000,2477.00000000,0.09200144
142.00000000,2478.00000000,0.09199503
142.00000000,2479.00000000,0.09198856
142.00000000,2480.00000000,0.09198218
142.00000000,2481.00000000,0.09197581
142.00000000,2482.00000000,0.09196939
142.00000000,2483.00000000,0.09196304
142.00000000,2484.00000000,0.09195665
142.00000000,2485.00000000,0.09195033
142.00000000,2486.00000000,0.09194402
142.00000000,2487.00000000,0.09193765
142.00000000,2488.00000000,0.09193136
142.00000000,2489.00000000,0.09192510
142.00000000,2490.00000000,0.09191875
142.00000000,2491.00000000,0.09191250
142.00000000,2492.00000000,0.09190625
142.00000000,2493.00000000,0.09189910
142.00000000,2494.00000000,0.09189204
142.00000000,2495.00000000,0.09188497
142.00000000,2496.00000000,0.09187785
142.00000000,2497.00000000,0.09187081
142.00000000,2498.00000000,0.09186370
142.00000000,2499.00000000,0.09185665
142.00000000,2500.00000000,0.09184964
143.00000000,1765.00000000,0.06456727
143.00000000,1766.00000000,0.06456730
143.00000000,1767.00000000,0.06456741
143.00000000,1768.00000000,0.06456752
143.00000000,1769.00000000,0.06456765
143.00000000,1770.00000000,0.06456807
143.00000000,1771.00000000,0.06456850
143.00000000,1772.00000000,0.06456910
143.00000000,1773.00000000,0.06456973
143.00000000,1774.00000000,0.06457065
143.00000000,1775.00000000,0.06457149
143.00000000,1776.00000000,0.06457262
143.00000000,1777.00000000,0.06457389
143.00000000,1778.00000000,0.06457510
143.00000000,1779.00000000,0.06457664
143.00000000,1780.00000000,0.06457827
143.00000000,1781.00000000,0.06457982
143.00000000,1782.00000000,0.06458166
143.00000000,1783.00000000,0.06458353
143.00000000,1784.00000000,0.06458540
143.00000000,1785.00000000,0.06458753
143.00000000,1786.00000000,0.06458978
143.00000000,1787.00000000,0.06459183
143.00000000,1788.00000000,0.06459412
143.00000000,1789.00000000,0.06459652
143.00000000,1790.00000000,0.06459896
143.00000000,1791.00000000,0.06460147
143.00000000,1792.00000000,0.06460414
143.00000000,1793.00000000,0.06460673
143.00000000,1794.00000000,0.06460953
143.00000000,1795.00000000,0.06461211
143.00000000,1796.00000000,0.06461485
143.00000000,1797.00000000,0.06461771
143.00000000,1798.00000000,0.06462076
143.00000000,1799.00000000,0.06462361
143.00000000,1800.00000000,0.06462661
143.00000000,1801.00000000,0.06462963
143.00000000,1802.00000000,0.06463265
143.00000000,1803.00000000,0.06463575
143.00000000,1804.00000000,0.06463893
143.00000000,1805.00000000,0.06464190
143.00000000,1806.00000000,0.06464511
143.00000000,1807.00000000,0.06464829
143.00000000,1808.00000000,0.06465147
143.00000000,1809.00000000,0.06465468
143.00000000,1810.00000000,0.06465794
143.00000000,1811.00000000,0.06466128
143.00000000,1812.00000000,0.06466454
143.00000000,1813.00000000,0.06466782
143.00000000,1814.00000000,0.06467105
143.00000000,1815.00000000,0.06467441
143.00000000,1816.00000000,0.06467772
143.00000000,1817.00000000,0.06468111
143.00000000,1818.00000000,0.06468444
143.00000000,1819.00000000,0.06468783
143.00000000,1820.00000000,0.06469111
143.00000000,1821.00000000,0.06469445
143.00000000,1822.00000000,0.06469788
143.00000000,1823.00000000,0.06470121
143.00000000,1824.00000000,0.06470452
143.00000000,1825.00000000,0.06470786
143.00000000,1826.00000000,0.06471127
143.00000000,1827.00000000,0.06471456
143.00000000,1828.00000000,0.06471789
143.00000000,1829.00000000,0.06472120
143.00000000,1830.00000000,0.06472458
143.00000000,1831.00000000,0.06472788
143.00000000,1832.00000000,0.06473114
143.00000000,1833.00000000,0.06473442
143.00000000,1834.00000000,0.06473767
143.00000000,1835.00000000,0.06474090
143.00000000,1836.00000000,0.06474409
143.00000000,1837.00000000,0.06474731
143.00000000,1838.00000000,0.06475050
143.00000000,1839.00000000,0.06475366
143.00000000,1840.00000000,0.06475680
143.00000000,1841.00000000,0.06475992
143.00000000,1842.00000000,0.06476298
143.00000000,1843.00000000,0.06476603
143.00000000,1844.00000000,0.06476916
143.00000000,1845.00000000,0.06477217
143.00000000,1846.00000000,0.06477512
143.00000000,1847.00000000,0.06477819
143.00000000,1848.00000000,0.06478102
143.00000000,1849.00000000,0.06478395
143.00000000,1850.00000000,0.06478687
143.00000000,1851.00000000,0.06478971
143.00000000,1852.00000000,0.06479236
143.00000000,1853.00000000,0.06479548
143.00000000,1854.00000000,0.06479865
143.00000000,1855.00000000,0.06480179
143.00000000,1856.00000000,0.06480488
143.00000000,1857.00000000,0.06480779
143.00000000,1858.00000000,0.06481066
143.00000000,1859.00000000,0.06481349
143.00000000,1860.00000000,0.06481630
143.00000000,1861.00000000,0.06481896
143.00000000,1862.00000000,0.06482150
143.00000000,1863.00000000,0.06482352
143.00000000,1864.00000000,0.06482505
143.00000000,1865.00000000,0.06482626
143.00000000,1866.00000000,0.06482711
143.00000000,1867.00000000,0.06482773
143.00000000,1868.00000000,0.06482808
143.00000000,1869.00000000,0.06482825
143.00000000,1870.00000000,0.06482816
143.00000000,1871.00000000,0.06482797
143.00000000,1872.00000000,0.06482784
143.00000000,1873.00000000,0.06482836
143.00000000,1874.00000000,0.06482929
143.00000000,1875.00000000,0.06483051
143.00000000,1876.00000000,0.06483198
143.00000000,1877.00000000,0.06483357
143.00000000,1878.00000000,0.06483534
143.00000000,1879.00000000,0.06483727
143.00000000,1880.00000000,0.06483915
143.00000000,1881.00000000,0.06484112
143.00000000,1882.00000000,0.06484312
143.00000000,1883.00000000,0.06484466
143.00000000,1884.00000000,0.06484592
143.00000000,1885.00000000,0.06484691
143.00000000,1886.00000000,0.06484780
143.00000000,1887.00000000,0.06484855
143.00000000,1888.00000000,0.06484913
143.00000000,1889.00000000,0.06484951
143.00000000,1890.00000000,0.06484962
143.00000000,1891.00000000,0.06484948
143.00000000,1892.00000000,0.06484906
143.00000000,1893.00000000,0.06484855
143.00000000,1894.00000000,0.06484804
143.00000000,1895.00000000,0.06484767
143.00000000,1896.00000000,0.06484731
143.00000000,1897.00000000,0.06484694
143.00000000,1898.00000000,0.06484647
143.00000000,1899.00000000,0.06484588
143.00000000,1900.00000000,0.06484506
143.00000000,1901.00000000,0.06484405
143.00000000,1902.00000000,0.06484321
143.00000000,1903.00000000,0.06484245
143.00000000,1904.00000000,0.06484187
143.00000000,1905.00000000,0.06484150
143.00000000,1906.00000000,0.06484139
143.00000000,1907.00000000,0.06484149
143.00000000,1908.00000000,0.06484158
143.00000000,1909.00000000,0.06484771
143.00000000,1910.00000000,0.06484793
143.00000000,1911.00000000,0.06484808
143.00000000,1912.00000000,0.06484781
143.00000000,1913.00000000,0.06484682
143.00000000,1914.00000000,0.06484710
143.00000000,1915.00000000,0.06484509
143.00000000,1916.00000000,0.06484308
143.00000000,1917.00000000,0.06484107
143.00000000,1918.00000000,0.06483899
143.00000000,1919.00000000,0.06483705
143.00000000,1920.00000000,0.06483557
143.00000000,1921.00000000,0.06483471
143.00000000,1922.00000000,0.06483469
143.00000000,1923.00000000,0.06483531
143.00000000,1924.00000000,0.06483808
143.00000000,1925.00000000,0.06483877
143.00000000,1926.00000000,0.06483945
143.00000000,1927.00000000,0.06484015
143.00000000,1928.00000000,0.06484098
143.00000000,1929.00000000,0.06484179
143.00000000,1930.00000000,0.06484283
143.00000000,1931.00000000,0.06484476
143.00000000,1932.00000000,0.06484780
143.00000000,1933.00000000,0.06485150
143.00000000,1934.00000000,0.06485774
143.00000000,1935.00000000,0.06486191
143.00000000,1936.00000000,0.06486569
143.00000000,1937.00000000,0.06486867
143.00000000,1938.00000000,0.06487058
143.00000000,1939.00000000,0.06487176
143.00000000,1940.00000000,0.06487442
143.00000000,1941.00000000,0.06487428
143.00000000,1942.00000000,0.06487316
143.00000000,1943.00000000,0.06487354
143.00000000,1944.00000000,0.06487151
143.00000000,1945.00000000,0.06487342
143.00000000,1946.00000000,0.06487020
143.00000000,1947.00000000,0.06487036
143.00000000,1948.00000000,0.06487128
143.00000000,1949.00000000,0.06487422
143.00000000,1950.00000000,0.06487508
143.00000000,1951.00000000,0.06487585
143.00000000,1952.00000000,0.06487726
143.00000000,1953.00000000,0.06487884
143.00000000,1954.00000000,0.06488236
143.00000000,1955.00000000,0.06488425
143.00000000,1956.00000000,0.06488608
143.00000000,1957.00000000,0.06488772
143.00000000,1958.00000000,0.06489097
143.00000000,1959.00000000,0.06489370
143.00000000,1960.00000000,0.06489494
143.00000000,1961.00000000,0.06489262
143.00000000,1962.00000000,0.06488959
143.00000000,1963.00000000,0.06488580
143.00000000,1964.00000000,0.06488106
143.00000000,1965.00000000,0.06487720
143.00000000,1966.00000000,0.06487216
143.00000000,1967.00000000,0.06486393
143.00000000,1968.00000000,0.06485644
143.00000000,1969.00000000,0.06484517
143.00000000,1970.00000000,0.06483375
143.00000000,1971.00000000,0.06481752
143.00000000,1972.00000000,0.06479780
143.00000000,1973.00000000,0.06478697
143.00000000,1974.00000000,0.06475967
143.00000000,1975.00000000,0.06473289
143.00000000,1976.00000000,0.06470767
143.00000000,1977.00000000,0.06468059
143.00000000,1978.00000000,0.06465530
143.00000000,1979.00000000,0.06463572
143.00000000,1980.00000000,0.06460758
143.00000000,1981.00000000,0.06458121
143.00000000,1982.00000000,0.06455654
143.00000000,1983.00000000,0.06453736
143.00000000,1984.00000000,0.06451968
143.00000000,1985.00000000,0.06450664
143.00000000,1986.00000000,0.06449315
143.00000000,1987.00000000,0.06448232
143.00000000,1988.00000000,0.06447567
143.00000000,1989.00000000,0.06446077
143.00000000,1990.00000000,0.06445140
143.00000000,1991.00000000,0.06443785
143.00000000,1992.00000000,0.06442869
143.00000000,1993.00000000,0.06442195
143.00000000,1994.00000000,0.06440824
143.00000000,1995.00000000,0.06440128
143.00000000,1996.00000000,0.06439244
143.00000000,1997.00000000,0.06439897
143.00000000,1998.00000000,0.06438903
143.00000000,1999.00000000,0.06438484
143.00000000,2000.00000000,0.06437279
143.00000000,2001.00000000,0.06436051
143.00000000,2002.00000000,0.06435570
143.00000000,2003.00000000,0.06435678
143.00000000,2004.00000000,0.06434896
143.00000000,2005.00000000,0.06433488
143.00000000,2006.00000000,0.06432730
143.00000000,2007.00000000,0.06431847
143.00000000,2008.00000000,0.06430470
143.00000000,2009.00000000,0.06428049
143.00000000,2010.00000000,0.06426426
143.00000000,2011.00000000,0.06423962
143.00000000,2012.00000000,0.06421695
143.00000000,2013.00000000,0.06418830
143.00000000,2014.00000000,0.06416547
143.00000000,2015.00000000,0.06415635
143.00000000,2016.00000000,0.06413341
143.00000000,2017.00000000,0.06406717
143.00000000,2018.00000000,0.06404607
143.00000000,2019.00000000,0.06400152
143.00000000,2020.00000000,0.06395527
143.00000000,2021.00000000,0.06390441
143.00000000,2022.00000000,0.06387656
143.00000000,2023.00000000,0.06387087
143.00000000,2024.00000000,0.06382707
143.00000000,2025.00000000,0.06379395
143.00000000,2026.00000000,0.06376585
143.00000000,2027.00000000,0.06371177
143.00000000,2028.00000000,0.06365512
143.00000000,2029.00000000,0.06360185
143.00000000,2030.00000000,0.06356750
143.00000000,2031.00000000,0.06356742
143.00000000,2032.00000000,0.06350494
143.00000000,2033.00000000,0.06349764
143.00000000,2034.00000000,0.06346437
143.00000000,2035.00000000,0.06340318
143.00000000,2036.00000000,0.06332951
143.00000000,2037.00000000,0.06328764
143.00000000,2038.00000000,0.06326405
143.00000000,2039.00000000,0.06322042
143.00000000,2040.00000000,0.06319133
143.00000000,2041.00000000,0.06316909
143.00000000,2042.00000000,0.06317834
143.00000000,2043.00000000,0.06315791
143.00000000,2044.00000000,0.06311915
143.00000000,2045.00000000,0.06307166
143.00000000,2046.00000000,0.06309315
143.00000000,2047.00000000,0.06302993
143.00000000,2048.00000000,0.06302609
143.00000000,2049.00000000,0.06303040
143.00000000,2050.00000000,0.06309550
143.00000000,2051.00000000,0.06295012
143.00000000,2052.00000000,0.06293343
143.00000000,2053.00000000,0.06291358
143.00000000,2054.00000000,0.06286062
143.00000000,2055.00000000,0.06285520
143.00000000,2056.00000000,0.06288777
143.00000000,2057.00000000,0.06262645
143.00000000,2058.00000000,0.06251565
143.00000000,2059.00000000,0.06254377
143.00000000,2060.00000000,0.06255428
143.00000000,2061.00000000,0.06242883
143.00000000,2062.00000000,0.06209833
143.00000000,2063.00000000,0.06224158
143.00000000,2064.00000000,0.06191523
143.00000000,2065.00000000,0.06190537
143.00000000,2066.00000000,0.06204900
143.00000000,2067.00000000,0.06195122
143.00000000,2068.00000000,0.06188955
143.00000000,2069.00000000,0.06182173
143.00000000,2070.00000000,0.06188464
143.00000000,2071.00000000,0.06180990
143.00000000,2072.00000000,0.06187650
143.00000000,2073.00000000,0.06163196
143.00000000,2074.00000000,0.06135152
143.00000000,2075.00000000,0.06110975
143.00000000,2076.00000000,0.06112207
143.00000000,2077.00000000,0.06119801
143.00000000,2078.00000000,0.06122913
143.00000000,2079.00000000,0.06135060
143.00000000,2080.00000000,0.06143059
143.00000000,2081.00000000,0.06125018
143.00000000,2082.00000000,0.06128218
143.00000000,2083.00000000,0.06141847
143.00000000,2084.00000000,0.06142803
143.00000000,2085.00000000,0.06139165
143.00000000,2086.00000000,0.06143081
143.00000000,2087.00000000,0.06137057
143.00000000,2088.00000000,0.06092995
143.00000000,2089.00000000,0.06102831
143.00000000,2090.00000000,0.06126432
143.00000000,2091.00000000,0.06136591
143.00000000,2092.00000000,0.06124488
143.00000000,2093.00000000,0.06158962
143.00000000,2094.00000000,0.06180767
143.00000000,2095.00000000,0.06183374
143.00000000,2096.00000000,0.06189249
143.00000000,2097.00000000,0.06191677
143.00000000,2098.00000000,0.06221535
143.00000000,2099.00000000,0.06244029
143.00000000,2100.00000000,0.06259155
143.00000000,2101.00000000,0.06268853
143.00000000,2102.00000000,0.06291429
143.00000000,2103.00000000,0.06311239
143.00000000,2104.00000000,0.06314093
143.00000000,2105.00000000,0.06332832
143.00000000,2106.00000000,0.06359192
143.00000000,2107.00000000,0.06387900
143.00000000,2108.00000000,0.06412816
143.00000000,2109.00000000,0.06441987
143.00000000,2110.00000000,0.06461929
143.00000000,2111.00000000,0.06494489
143.00000000,2112.00000000,0.06533363
143.00000000,2113.00000000,0.06583584
143.00000000,2114.00000000,0.06612847
143.00000000,2115.00000000,0.06644541
143.00000000,2116.00000000,0.06688241
143.00000000,2117.00000000,0.06692536
143.00000000,2118.00000000,0.06690383
143.00000000,2119.00000000,0.06740087
143.00000000,2120.00000000,0.06768701
143.00000000,2121.00000000,0.06785268
143.00000000,2122.00000000,0.06837748
143.00000000,2123.00000000,0.06831760
143.00000000,2124.00000000,0.06806959
143.00000000,2125.00000000,0.06803661
143.00000000,2126.00000000,0.06804691
143.00000000,2127.00000000,0.06840068
143.00000000,2128.00000000,0.06871081
143.00000000,2129.00000000,0.06904321
143.00000000,2130.00000000,0.06933703
143.00000000,2131.00000000,0.06974989
143.00000000,2132.00000000,0.07001473
143.00000000,2133.00000000,0.07015917
143.00000000,2134.00000000,0.07036678
143.00000000,2135.00000000,0.07021504
143.00000000,2136.00000000,0.07027724
143.00000000,2137.00000000,0.07053453
143.00000000,2138.00000000,0.07081385
143.00000000,2139.00000000,0.07110826
143.00000000,2140.00000000,0.07135380
143.00000000,2141.00000000,0.07135847
143.00000000,2142.00000000,0.07138545
143.00000000,2143.00000000,0.07173419
143.00000000,2144.00000000,0.07207611
143.00000000,2145.00000000,0.07223379
143.00000000,2146.00000000,0.07288458
143.00000000,2147.00000000,0.07362199
143.00000000,2148.00000000,0.07421123
143.00000000,2149.00000000,0.07461439
143.00000000,2150.00000000,0.07501967
143.00000000,2151.00000000,0.07542754
143.00000000,2152.00000000,0.07583866
143.00000000,2153.00000000,0.07625418
143.00000000,2154.00000000,0.07679598
143.00000000,2155.00000000,0.07734316
143.00000000,2156.00000000,0.07789586
143.00000000,2157.00000000,0.07845404
143.00000000,2158.00000000,0.07901763
143.00000000,2159.00000000,0.07958659
143.00000000,2160.00000000,0.08016078
143.00000000,2161.00000000,0.08074009
143.00000000,2162.00000000,0.08132445
143.00000000,2163.00000000,0.08191373
143.00000000,2164.00000000,0.08245395
143.00000000,2165.00000000,0.08299885
143.00000000,2166.00000000,0.08354833
143.00000000,2167.00000000,0.08410238
143.00000000,2168.00000000,0.08466094
143.00000000,2169.00000000,0.08522394
143.00000000,2170.00000000,0.08579141
143.00000000,2171.00000000,0.08636330
143.00000000,2172.00000000,0.08693958
143.00000000,2173.00000000,0.08752031
143.00000000,2174.00000000,0.08821847
143.00000000,2175.00000000,0.08892124
143.00000000,2176.00000000,0.08962862
143.00000000,2177.00000000,0.09034053
143.00000000,2178.00000000,0.09105689
143.00000000,2179.00000000,0.09177772
143.00000000,2180.00000000,0.09250289
143.00000000,2181.00000000,0.09323245
143.00000000,2182.00000000,0.09396631
143.00000000,2183.00000000,0.09470443
143.00000000,2184.00000000,0.09553007
143.00000000,2185.00000000,0.09636013
143.00000000,2186.00000000,0.09719453
143.00000000,2187.00000000,0.09803326
143.00000000,2188.00000000,0.09887622
143.00000000,2189.00000000,0.09972333
143.00000000,2190.00000000,0.10057458
143.00000000,2191.00000000,0.10142985
143.00000000,2192.00000000,0.10228912
143.00000000,2193.00000000,0.10315231
143.00000000,2194.00000000,0.10401457
143.00000000,2195.00000000,0.10488063
143.00000000,2196.00000000,0.10575040
143.00000000,2197.00000000,0.10662377
143.00000000,2198.00000000,0.10750076
143.00000000,2199.00000000,0.10838124
143.00000000,2200.00000000,0.10926511
143.00000000,2201.00000000,0.11015236
143.00000000,2202.00000000,0.11104284
143.00000000,2203.00000000,0.11193642
143.00000000,2204.00000000,0.11264647
143.00000000,2205.00000000,0.11335886
143.00000000,2206.00000000,0.11407361
143.00000000,2207.00000000,0.11479067
143.00000000,2208.00000000,0.11550996
143.00000000,2209.00000000,0.11623151
143.00000000,2210.00000000,0.11695525
143.00000000,2211.00000000,0.11768110
143.00000000,2212.00000000,0.11840905
143.00000000,2213.00000000,0.11913901
143.00000000,2214.00000000,0.11970035
143.00000000,2215.00000000,0.12026306
143.00000000,2216.00000000,0.12082705
143.00000000,2217.00000000,0.12139240
143.00000000,2218.00000000,0.12195906
143.00000000,2219.00000000,0.12252700
143.00000000,2220.00000000,0.12309626
143.00000000,2221.00000000,0.12366679
143.00000000,2222.00000000,0.12423856
143.00000000,2223.00000000,0.12481158
143.00000000,2224.00000000,0.12528926
143.00000000,2225.00000000,0.12576775
143.00000000,2226.00000000,0.12624712
143.00000000,2227.00000000,0.12672733
143.00000000,2228.00000000,0.12720843
143.00000000,2229.00000000,0.12769040
143.00000000,2230.00000000,0.12817320
143.00000000,2231.00000000,0.12865689
143.00000000,2232.00000000,0.12914142
143.00000000,2233.00000000,0.12962674
143.00000000,2234.00000000,0.13001196
143.00000000,2235.00000000,0.13039762
143.00000000,2236.00000000,0.13078369
143.00000000,2237.00000000,0.13117028
143.00000000,2238.00000000,0.13155736
143.00000000,2239.00000000,0.13194490
143.00000000,2240.00000000,0.13233298
143.00000000,2241.00000000,0.13272153
143.00000000,2242.00000000,0.13311063
143.00000000,2243.00000000,0.13350028
143.00000000,2244.00000000,0.13381174
143.00000000,2245.00000000,0.13412348
143.00000000,2246.00000000,0.13443548
143.00000000,2247.00000000,0.13474767
143.00000000,2248.00000000,0.13506020
143.00000000,2249.00000000,0.13537284
143.00000000,2250.00000000,0.13568471
143.00000000,2251.00000000,0.13599412
143.00000000,2252.00000000,0.13629940
143.00000000,2253.00000000,0.13659973
143.00000000,2254.00000000,0.13689467
143.00000000,2255.00000000,0.13718405
143.00000000,2256.00000000,0.13746794
143.00000000,2257.00000000,0.13774627
143.00000000,2258.00000000,0.13801905
143.00000000,2259.00000000,0.13828645
143.00000000,2260.00000000,0.13854850
143.00000000,2261.00000000,0.13880530
143.00000000,2262.00000000,0.13905715
143.00000000,2263.00000000,0.13930421
143.00000000,2264.00000000,0.13954655
143.00000000,2265.00000000,0.13978440
143.00000000,2266.00000000,0.14001777
143.00000000,2267.00000000,0.14024681
143.00000000,2268.00000000,0.14047158
143.00000000,2269.00000000,0.14069207
143.00000000,2270.00000000,0.14090848
143.00000000,2271.00000000,0.14112085
143.00000000,2272.00000000,0.14132912
143.00000000,2273.00000000,0.14153353
143.00000000,2274.00000000,0.14173406
143.00000000,2275.00000000,0.14193068
143.00000000,2276.00000000,0.14212363
143.00000000,2277.00000000,0.14231278
143.00000000,2278.00000000,0.14249837
143.00000000,2279.00000000,0.14268035
143.00000000,2280.00000000,0.14285869
143.00000000,2281.00000000,0.14303361
143.00000000,2282.00000000,0.14320503
143.00000000,2283.00000000,0.14337297
143.00000000,2284.00000000,0.14353756
143.00000000,2285.00000000,0.14369879
143.00000000,2286.00000000,0.14385660
143.00000000,2287.00000000,0.14401118
143.00000000,2288.00000000,0.14416239
143.00000000,2289.00000000,0.14431041
143.00000000,2290.00000000,0.14445515
143.00000000,2291.00000000,0.14459659
143.00000000,2292.00000000,0.14473478
143.00000000,2293.00000000,0.14486966
143.00000000,2294.00000000,0.14444125
143.00000000,2295.00000000,0.14400881
143.00000000,2296.00000000,0.14357235
143.00000000,2297.00000000,0.14313196
143.00000000,2298.00000000,0.14268782
143.00000000,2299.00000000,0.14223996
143.00000000,2300.00000000,0.14178844
143.00000000,2301.00000000,0.14133343
143.00000000,2302.00000000,0.14087493
143.00000000,2303.00000000,0.14041307
143.00000000,2304.00000000,0.13994792
143.00000000,2305.00000000,0.13947948
143.00000000,2306.00000000,0.13900796
143.00000000,2307.00000000,0.13853337
143.00000000,2308.00000000,0.13805571
143.00000000,2309.00000000,0.13757518
143.00000000,2310.00000000,0.13709181
143.00000000,2311.00000000,0.13660558
143.00000000,2312.00000000,0.13611669
143.00000000,2313.00000000,0.13562510
143.00000000,2314.00000000,0.13513095
143.00000000,2315.00000000,0.13463429
143.00000000,2316.00000000,0.13413513
143.00000000,2317.00000000,0.13363357
143.00000000,2318.00000000,0.13312969
143.00000000,2319.00000000,0.13262348
143.00000000,2320.00000000,0.13211506
143.00000000,2321.00000000,0.13160445
143.00000000,2322.00000000,0.13109168
143.00000000,2323.00000000,0.13057688
143.00000000,2324.00000000,0.13006005
143.00000000,2325.00000000,0.12954117
143.00000000,2326.00000000,0.12902043
143.00000000,2327.00000000,0.12849776
143.00000000,2328.00000000,0.12797330
143.00000000,2329.00000000,0.12744704
143.00000000,2330.00000000,0.12691897
143.00000000,2331.00000000,0.12638926
143.00000000,2332.00000000,0.12585788
143.00000000,2333.00000000,0.12532484
143.00000000,2334.00000000,0.12479026
143.00000000,2335.00000000,0.12425413
143.00000000,2336.00000000,0.12371644
143.00000000,2337.00000000,0.12317735
143.00000000,2338.00000000,0.12263678
143.00000000,2339.00000000,0.12209486
143.00000000,2340.00000000,0.12155159
143.00000000,2341.00000000,0.12100695
143.00000000,2342.00000000,0.12046107
143.00000000,2343.00000000,0.11991393
143.00000000,2344.00000000,0.11936553
143.00000000,2345.00000000,0.11881598
143.00000000,2346.00000000,0.11826527
143.00000000,2347.00000000,0.11771340
143.00000000,2348.00000000,0.11716047
143.00000000,2349.00000000,0.11660648
143.00000000,2350.00000000,0.11605141
143.00000000,2351.00000000,0.11549537
143.00000000,2352.00000000,0.11493832
143.00000000,2353.00000000,0.11438037
143.00000000,2354.00000000,0.11382150
143.00000000,2355.00000000,0.11326170
143.00000000,2356.00000000,0.11270107
143.00000000,2357.00000000,0.11213962
143.00000000,2358.00000000,0.11157731
143.00000000,2359.00000000,0.11101426
143.00000000,2360.00000000,0.11045045
143.00000000,2361.00000000,0.10988585
143.00000000,2362.00000000,0.10932059
143.00000000,2363.00000000,0.10875459
143.00000000,2364.00000000,0.10818797
143.00000000,2365.00000000,0.10762072
143.00000000,2366.00000000,0.10705279
143.00000000,2367.00000000,0.10648431
143.00000000,2368.00000000,0.10591524
143.00000000,2369.00000000,0.10534559
143.00000000,2370.00000000,0.10477545
143.00000000,2371.00000000,0.10420479
143.00000000,2372.00000000,0.10363360
143.00000000,2373.00000000,0.10306199
143.00000000,2374.00000000,0.10248988
143.00000000,2375.00000000,0.10191737
143.00000000,2376.00000000,0.10134448
143.00000000,2377.00000000,0.10077113
143.00000000,2378.00000000,0.10019746
143.00000000,2379.00000000,0.09962345
143.00000000,2380.00000000,0.09904906
143.00000000,2381.00000000,0.09847440
143.00000000,2382.00000000,0.09789944
143.00000000,2383.00000000,0.09732418
143.00000000,2384.00000000,0.09674869
143.00000000,2385.00000000,0.09617298
143.00000000,2386.00000000,0.09559700
143.00000000,2387.00000000,0.09502088
143.00000000,2388.00000000,0.09444453
143.00000000,2389.00000000,0.09386810
143.00000000,2390.00000000,0.09329155
143.00000000,2391.00000000,0.09271493
143.00000000,2392.00000000,0.09225998
143.00000000,2393.00000000,0.09216314
143.00000000,2394.00000000,0.09216429
143.00000000,2395.00000000,0.09216565
143.00000000,2396.00000000,0.09216717
143.00000000,2397.00000000,0.09216882
143.00000000,2398.00000000,0.09217067
143.00000000,2399.00000000,0.09218797
143.00000000,2400.00000000,0.09220547
143.00000000,2401.00000000,0.09222313
143.00000000,2402.00000000,0.09224089
143.00000000,2403.00000000,0.09225883
143.00000000,2404.00000000,0.09224658
143.00000000,2405.00000000,0.09223440
143.00000000,2406.00000000,0.09222240
143.00000000,2407.00000000,0.09221052
143.00000000,2408.00000000,0.09219872
143.00000000,2409.00000000,0.09218707
143.00000000,2410.00000000,0.09217554
143.00000000,2411.00000000,0.09216407
143.00000000,2412.00000000,0.09215275
143.00000000,2413.00000000,0.09214149
143.00000000,2414.00000000,0.09213037
143.00000000,2415.00000000,0.09211936
143.00000000,2416.00000000,0.09210839
143.00000000,2417.00000000,0.09209758
143.00000000,2418.00000000,0.09208684
143.00000000,2419.00000000,0.09207483
143.00000000,2420.00000000,0.09206296
143.00000000,2421.00000000,0.09205119
143.00000000,2422.00000000,0.09203943
143.00000000,2423.00000000,0.09202780
143.00000000,2424.00000000,0.09201621
143.00000000,2425.00000000,0.09200474
143.00000000,2426.00000000,0.09199334
143.00000000,2427.00000000,0.09198198
143.00000000,2428.00000000,0.09197072
143.00000000,2429.00000000,0.09195954
143.00000000,2430.00000000,0.09194837
143.00000000,2431.00000000,0.09193732
143.00000000,2432.00000000,0.09192633
143.00000000,2433.00000000,0.09191536
143.00000000,2434.00000000,0.09190449
143.00000000,2435.00000000,0.09189363
143.00000000,2436.00000000,0.09188289
143.00000000,2437.00000000,0.09187219
143.00000000,2438.00000000,0.09186150
143.00000000,2439.00000000,0.09185092
143.00000000,2440.00000000,0.09184039
143.00000000,2441.00000000,0.09182986
143.00000000,2442.00000000,0.09181942
143.00000000,2443.00000000,0.09180904
143.00000000,2444.00000000,0.09180157
143.00000000,2445.00000000,0.09179420
143.00000000,2446.00000000,0.09178688
143.00000000,2447.00000000,0.09177954
143.00000000,2448.00000000,0.09177232
143.00000000,2449.00000000,0.09176507
143.00000000,2450.00000000,0.09175792
143.00000000,2451.00000000,0.09175081
143.00000000,2452.00000000,0.09174367
143.00000000,2453.00000000,0.09173664
143.00000000,2454.00000000,0.09172964
143.00000000,2455.00000000,0.09172260
143.00000000,2456.00000000,0.09171567
143.00000000,2457.00000000,0.09170875
143.00000000,2458.00000000,0.09170182
143.00000000,2459.00000000,0.09169496
143.00000000,2460.00000000,0.09168808
143.00000000,2461.00000000,0.09168129
143.00000000,2462.00000000,0.09167451
143.00000000,2463.00000000,0.09166770
143.00000000,2464.00000000,0.09166098
143.00000000,2465.00000000,0.09165429
143.00000000,2466.00000000,0.09164755
143.00000000,2467.00000000,0.09164090
143.00000000,2468.00000000,0.09163427
143.00000000,2469.00000000,0.09162760
143.00000000,2470.00000000,0.09162101
143.00000000,2471.00000000,0.09161444
143.00000000,2472.00000000,0.09160782
143.00000000,2473.00000000,0.09160129
143.00000000,2474.00000000,0.09159472
143.00000000,2475.00000000,0.09158822
143.00000000,2476.00000000,0.09158175
143.00000000,2477.00000000,0.09157521
143.00000000,2478.00000000,0.09156877
143.00000000,2479.00000000,0.09156234
143.00000000,2480.00000000,0.09155586
143.00000000,2481.00000000,0.09154946
143.00000000,2482.00000000,0.09154308
143.00000000,2483.00000000,0.09153663
143.00000000,2484.00000000,0.09153027
143.00000000,2485.00000000,0.09152385
143.00000000,2486.00000000,0.09151751
143.00000000,2487.00000000,0.09151119
143.00000000,2488.00000000,0.09150481
143.00000000,2489.00000000,0.09149850
143.00000000,2490.00000000,0.09149220
143.00000000,2491.00000000,0.09148585
143.00000000,2492.00000000,0.09147957
143.00000000,2493.00000000,0.09147331
143.00000000,2494.00000000,0.09146614
143.00000000,2495.00000000,0.09145907
143.00000000,2496.00000000,0.09145199
143.00000000,2497.00000000,0.09144485
143.00000000,2498.00000000,0.09143779
143.00000000,2499.00000000,0.09143066
143.00000000,2500.00000000,0.09142361
144.00000000,1765.00000000,0.06419434
144.00000000,1766.00000000,0.06419434
144.00000000,1767.00000000,0.06419441
144.00000000,1768.00000000,0.06419460
144.00000000,1769.00000000,0.06419480
144.00000000,1770.00000000,0.06419504
144.00000000,1771.00000000,0.06419558
144.00000000,1772.00000000,0.06419614
144.00000000,1773.00000000,0.06419686
144.00000000,1774.00000000,0.06419761
144.00000000,1775.00000000,0.06419864
144.00000000,1776.00000000,0.06419961
144.00000000,1777.00000000,0.06420085
144.00000000,1778.00000000,0.06420223
144.00000000,1779.00000000,0.06420354
144.00000000,1780.00000000,0.06420520
144.00000000,1781.00000000,0.06420693
144.00000000,1782.00000000,0.06420856
144.00000000,1783.00000000,0.06421050
144.00000000,1784.00000000,0.06421245
144.00000000,1785.00000000,0.06421439
144.00000000,1786.00000000,0.06421660
144.00000000,1787.00000000,0.06421892
144.00000000,1788.00000000,0.06422104
144.00000000,1789.00000000,0.06422340
144.00000000,1790.00000000,0.06422584
144.00000000,1791.00000000,0.06422834
144.00000000,1792.00000000,0.06423090
144.00000000,1793.00000000,0.06423362
144.00000000,1794.00000000,0.06423625
144.00000000,1795.00000000,0.06423909
144.00000000,1796.00000000,0.06424170
144.00000000,1797.00000000,0.06424448
144.00000000,1798.00000000,0.06424737
144.00000000,1799.00000000,0.06425043
144.00000000,1800.00000000,0.06425332
144.00000000,1801.00000000,0.06425633
144.00000000,1802.00000000,0.06425936
144.00000000,1803.00000000,0.06426239
144.00000000,1804.00000000,0.06426550
144.00000000,1805.00000000,0.06426869
144.00000000,1806.00000000,0.06427167
144.00000000,1807.00000000,0.06427489
144.00000000,1808.00000000,0.06427808
144.00000000,1809.00000000,0.06428126
144.00000000,1810.00000000,0.06428447
144.00000000,1811.00000000,0.06428774
144.00000000,1812.00000000,0.06429108
144.00000000,1813.00000000,0.06429433
144.00000000,1814.00000000,0.06429761
144.00000000,1815.00000000,0.06430082
144.00000000,1816.00000000,0.06430418
144.00000000,1817.00000000,0.06430748
144.00000000,1818.00000000,0.06431085
144.00000000,1819.00000000,0.06431416
144.00000000,1820.00000000,0.06431753
144.00000000,1821.00000000,0.06432080
144.00000000,1822.00000000,0.06432412
144.00000000,1823.00000000,0.06432754
144.00000000,1824.00000000,0.06433085
144.00000000,1825.00000000,0.06433414
144.00000000,1826.00000000,0.06433744
144.00000000,1827.00000000,0.06434083
144.00000000,1828.00000000,0.06434410
144.00000000,1829.00000000,0.06434740
144.00000000,1830.00000000,0.06435069
144.00000000,1831.00000000,0.06435403
144.00000000,1832.00000000,0.06435728
144.00000000,1833.00000000,0.06436051
144.00000000,1834.00000000,0.06436376
144.00000000,1835.00000000,0.06436697
144.00000000,1836.00000000,0.06437017
144.00000000,1837.00000000,0.06437333
144.00000000,1838.00000000,0.06437650
144.00000000,1839.00000000,0.06437966
144.00000000,1840.00000000,0.06438278
144.00000000,1841.00000000,0.06438587
144.00000000,1842.00000000,0.06438895
144.00000000,1843.00000000,0.06439198
144.00000000,1844.00000000,0.06439498
144.00000000,1845.00000000,0.06439806
144.00000000,1846.00000000,0.06440103
144.00000000,1847.00000000,0.06440393
144.00000000,1848.00000000,0.06440695
144.00000000,1849.00000000,0.06440974
144.00000000,1850.00000000,0.06441261
144.00000000,1851.00000000,0.06441546
144.00000000,1852.00000000,0.06441824
144.00000000,1853.00000000,0.06442115
144.00000000,1854.00000000,0.06442438
144.00000000,1855.00000000,0.06442749
144.00000000,1856.00000000,0.06443051
144.00000000,1857.00000000,0.06443350
144.00000000,1858.00000000,0.06443631
144.00000000,1859.00000000,0.06443911
144.00000000,1860.00000000,0.06444187
144.00000000,1861.00000000,0.06444459
144.00000000,1862.00000000,0.06444707
144.00000000,1863.00000000,0.06444904
144.00000000,1864.00000000,0.06445059
144.00000000,1865.00000000,0.06445176
144.00000000,1866.00000000,0.06445265
144.00000000,1867.00000000,0.06445323
144.00000000,1868.00000000,0.06445360
144.00000000,1869.00000000,0.06445372
144.00000000,1870.00000000,0.06445366
144.00000000,1871.00000000,0.06445343
144.00000000,1872.00000000,0.06445334
144.00000000,1873.00000000,0.06445381
144.00000000,1874.00000000,0.06445475
144.00000000,1875.00000000,0.06445595
144.00000000,1876.00000000,0.06445738
144.00000000,1877.00000000,0.06445900
144.00000000,1878.00000000,0.06446071
144.00000000,1879.00000000,0.06446258
144.00000000,1880.00000000,0.06446453
144.00000000,1881.00000000,0.06446640
144.00000000,1882.00000000,0.06446837
144.00000000,1883.00000000,0.06446995
144.00000000,1884.00000000,0.06447113
144.00000000,1885.00000000,0.06447215
144.00000000,1886.00000000,0.06447297
144.00000000,1887.00000000,0.06447372
144.00000000,1888.00000000,0.06447430
144.00000000,1889.00000000,0.06447463
144.00000000,1890.00000000,0.06447473
144.00000000,1891.00000000,0.06447454
144.00000000,1892.00000000,0.06447412
144.00000000,1893.00000000,0.06447359
144.00000000,1894.00000000,0.06447304
144.00000000,1895.00000000,0.06447261
144.00000000,1896.00000000,0.06447225
144.00000000,1897.00000000,0.06447183
144.00000000,1898.00000000,0.06447135
144.00000000,1899.00000000,0.06447071
144.00000000,1900.00000000,0.06446984
144.00000000,1901.00000000,0.06446880
144.00000000,1902.00000000,0.06446789
144.00000000,1903.00000000,0.06446708
144.00000000,1904.00000000,0.06446643
144.00000000,1905.00000000,0.06446600
144.00000000,1906.00000000,0.06446581
144.00000000,1907.00000000,0.06446582
144.00000000,1908.00000000,0.06446582
144.00000000,1909.00000000,0.06446584
144.00000000,1910.00000000,0.06447194
144.00000000,1911.00000000,0.06447201
144.00000000,1912.00000000,0.06447159
144.00000000,1913.00000000,0.06447054
144.00000000,1914.00000000,0.06446875
144.00000000,1915.00000000,0.06446860
144.00000000,1916.00000000,0.06446654
144.00000000,1917.00000000,0.06446447
144.00000000,1918.00000000,0.06446231
144.00000000,1919.00000000,0.06446027
144.00000000,1920.00000000,0.06445874
144.00000000,1921.00000000,0.06445780
144.00000000,1922.00000000,0.06445772
144.00000000,1923.00000000,0.06445823
144.00000000,1924.00000000,0.06445893
144.00000000,1925.00000000,0.06446155
144.00000000,1926.00000000,0.06446212
144.00000000,1927.00000000,0.06446277
144.00000000,1928.00000000,0.06446353
144.00000000,1929.00000000,0.06446427
144.00000000,1930.00000000,0.06446521
144.00000000,1931.00000000,0.06446709
144.00000000,1932.00000000,0.06447006
144.00000000,1933.00000000,0.06447371
144.00000000,1934.00000000,0.06447778
144.00000000,1935.00000000,0.06448390
144.00000000,1936.00000000,0.06448757
144.00000000,1937.00000000,0.06449049
144.00000000,1938.00000000,0.06449235
144.00000000,1939.00000000,0.06449347
144.00000000,1940.00000000,0.06449404
144.00000000,1941.00000000,0.06449580
144.00000000,1942.00000000,0.06449472
144.00000000,1943.00000000,0.06449300
144.00000000,1944.00000000,0.06449292
144.00000000,1945.00000000,0.06449080
144.00000000,1946.00000000,0.06449348
144.00000000,1947.00000000,0.06449166
144.00000000,1948.00000000,0.06449247
144.00000000,1949.00000000,0.06449338
144.00000000,1950.00000000,0.06449619
144.00000000,1951.00000000,0.06449688
144.00000000,1952.00000000,0.06449822
144.00000000,1953.00000000,0.06449976
144.00000000,1954.00000000,0.06450128
144.00000000,1955.00000000,0.06450497
144.00000000,1956.00000000,0.06450684
144.00000000,1957.00000000,0.06450838
144.00000000,1958.00000000,0.06450958
144.00000000,1959.00000000,0.06451227
144.00000000,1960.00000000,0.06451336
144.00000000,1961.00000000,0.06451309
144.00000000,1962.00000000,0.06451000
144.00000000,1963.00000000,0.06450617
144.00000000,1964.00000000,0.06450143
144.00000000,1965.00000000,0.06449553
144.00000000,1966.00000000,0.06449045
144.00000000,1967.00000000,0.06448427
144.00000000,1968.00000000,0.06447476
144.00000000,1969.00000000,0.06446543
144.00000000,1970.00000000,0.06445210
144.00000000,1971.00000000,0.06443788
144.00000000,1972.00000000,0.06441817
144.00000000,1973.00000000,0.06439549
144.00000000,1974.00000000,0.06438218
144.00000000,1975.00000000,0.06435350
144.00000000,1976.00000000,0.06432638
144.00000000,1977.00000000,0.06430136
144.00000000,1978.00000000,0.06427422
144.00000000,1979.00000000,0.06424871
144.00000000,1980.00000000,0.06422858
144.00000000,1981.00000000,0.06420038
144.00000000,1982.00000000,0.06417574
144.00000000,1983.00000000,0.06415466
144.00000000,1984.00000000,0.06413898
144.00000000,1985.00000000,0.06412393
144.00000000,1986.00000000,0.06411242
144.00000000,1987.00000000,0.06409965
144.00000000,1988.00000000,0.06408894
144.00000000,1989.00000000,0.06408200
144.00000000,1990.00000000,0.06406665
144.00000000,1991.00000000,0.06405704
144.00000000,1992.00000000,0.06404389
144.00000000,1993.00000000,0.06403515
144.00000000,1994.00000000,0.06402931
144.00000000,1995.00000000,0.06401629
144.00000000,1996.00000000,0.06400941
144.00000000,1997.00000000,0.06400011
144.00000000,1998.00000000,0.06400590
144.00000000,1999.00000000,0.06399580
144.00000000,2000.00000000,0.06399167
144.00000000,2001.00000000,0.06397939
144.00000000,2002.00000000,0.06396666
144.00000000,2003.00000000,0.06396183
144.00000000,2004.00000000,0.06396185
144.00000000,2005.00000000,0.06395174
144.00000000,2006.00000000,0.06393435
144.00000000,2007.00000000,0.06392340
144.00000000,2008.00000000,0.06391155
144.00000000,2009.00000000,0.06389511
144.00000000,2010.00000000,0.06386853
144.00000000,2011.00000000,0.06385007
144.00000000,2012.00000000,0.06382333
144.00000000,2013.00000000,0.06379845
144.00000000,2014.00000000,0.06376762
144.00000000,2015.00000000,0.06374258
144.00000000,2016.00000000,0.06373122
144.00000000,2017.00000000,0.06370622
144.00000000,2018.00000000,0.06363831
144.00000000,2019.00000000,0.06361533
144.00000000,2020.00000000,0.06356917
144.00000000,2021.00000000,0.06352145
144.00000000,2022.00000000,0.06346933
144.00000000,2023.00000000,0.06344026
144.00000000,2024.00000000,0.06343338
144.00000000,2025.00000000,0.06338879
144.00000000,2026.00000000,0.06335492
144.00000000,2027.00000000,0.06332611
144.00000000,2028.00000000,0.06327156
144.00000000,2029.00000000,0.06321454
144.00000000,2030.00000000,0.06316091
144.00000000,2031.00000000,0.06312606
144.00000000,2032.00000000,0.06312514
144.00000000,2033.00000000,0.06306206
144.00000000,2034.00000000,0.06305362
144.00000000,2035.00000000,0.06301932
144.00000000,2036.00000000,0.06295728
144.00000000,2037.00000000,0.06288285
144.00000000,2038.00000000,0.06284002
144.00000000,2039.00000000,0.06281536
144.00000000,2040.00000000,0.06277086
144.00000000,2041.00000000,0.06274080
144.00000000,2042.00000000,0.06271742
144.00000000,2043.00000000,0.06272513
144.00000000,2044.00000000,0.06270328
144.00000000,2045.00000000,0.06266321
144.00000000,2046.00000000,0.06261448
144.00000000,2047.00000000,0.06263424
144.00000000,2048.00000000,0.06256996
144.00000000,2049.00000000,0.06256469
144.00000000,2050.00000000,0.06256756
144.00000000,2051.00000000,0.06263084
144.00000000,2052.00000000,0.06248524
144.00000000,2053.00000000,0.06246747
144.00000000,2054.00000000,0.06244661
144.00000000,2055.00000000,0.06239296
144.00000000,2056.00000000,0.06238653
144.00000000,2057.00000000,0.06241787
144.00000000,2058.00000000,0.06215757
144.00000000,2059.00000000,0.06204670
144.00000000,2060.00000000,0.06207375
144.00000000,2061.00000000,0.06208347
144.00000000,2062.00000000,0.06195866
144.00000000,2063.00000000,0.06163078
144.00000000,2064.00000000,0.06177341
144.00000000,2065.00000000,0.06145012
144.00000000,2066.00000000,0.06144106
144.00000000,2067.00000000,0.06158437
144.00000000,2068.00000000,0.06148808
144.00000000,2069.00000000,0.06142761
144.00000000,2070.00000000,0.06136098
144.00000000,2071.00000000,0.06142419
144.00000000,2072.00000000,0.06135103
144.00000000,2073.00000000,0.06141852
144.00000000,2074.00000000,0.06117732
144.00000000,2075.00000000,0.06090054
144.00000000,2076.00000000,0.06066218
144.00000000,2077.00000000,0.06067598
144.00000000,2078.00000000,0.06075289
144.00000000,2079.00000000,0.06078525
144.00000000,2080.00000000,0.06090720
144.00000000,2081.00000000,0.06098796
144.00000000,2082.00000000,0.06081031
144.00000000,2083.00000000,0.06084364
144.00000000,2084.00000000,0.06098058
144.00000000,2085.00000000,0.06099167
144.00000000,2086.00000000,0.06095710
144.00000000,2087.00000000,0.06099749
144.00000000,2088.00000000,0.06093910
144.00000000,2089.00000000,0.06050292
144.00000000,2090.00000000,0.06060187
144.00000000,2091.00000000,0.06083750
144.00000000,2092.00000000,0.06093976
144.00000000,2093.00000000,0.06082109
144.00000000,2094.00000000,0.06116504
144.00000000,2095.00000000,0.06138318
144.00000000,2096.00000000,0.06141062
144.00000000,2097.00000000,0.06147048
144.00000000,2098.00000000,0.06149604
144.00000000,2099.00000000,0.06179399
144.00000000,2100.00000000,0.06201874
144.00000000,2101.00000000,0.06217030
144.00000000,2102.00000000,0.06226809
144.00000000,2103.00000000,0.06249392
144.00000000,2104.00000000,0.06269232
144.00000000,2105.00000000,0.06272231
144.00000000,2106.00000000,0.06291005
144.00000000,2107.00000000,0.06317347
144.00000000,2108.00000000,0.06346017
144.00000000,2109.00000000,0.06370915
144.00000000,2110.00000000,0.06400034
144.00000000,2111.00000000,0.06419979
144.00000000,2112.00000000,0.06452458
144.00000000,2113.00000000,0.06491204
144.00000000,2114.00000000,0.06541221
144.00000000,2115.00000000,0.06570409
144.00000000,2116.00000000,0.06602011
144.00000000,2117.00000000,0.06645538
144.00000000,2118.00000000,0.06649906
144.00000000,2119.00000000,0.06647864
144.00000000,2120.00000000,0.06697348
144.00000000,2121.00000000,0.06725873
144.00000000,2122.00000000,0.06742424
144.00000000,2123.00000000,0.06794659
144.00000000,2124.00000000,0.06788792
144.00000000,2125.00000000,0.06764226
144.00000000,2126.00000000,0.06761027
144.00000000,2127.00000000,0.06762127
144.00000000,2128.00000000,0.06797359
144.00000000,2129.00000000,0.06828255
144.00000000,2130.00000000,0.06861362
144.00000000,2131.00000000,0.06890633
144.00000000,2132.00000000,0.06931734
144.00000000,2133.00000000,0.06958123
144.00000000,2134.00000000,0.06972545
144.00000000,2135.00000000,0.06993244
144.00000000,2136.00000000,0.06978229
144.00000000,2137.00000000,0.06984473
144.00000000,2138.00000000,0.07010106
144.00000000,2139.00000000,0.07037929
144.00000000,2140.00000000,0.07067250
144.00000000,2141.00000000,0.07091712
144.00000000,2142.00000000,0.07092234
144.00000000,2143.00000000,0.07094973
144.00000000,2144.00000000,0.07129691
144.00000000,2145.00000000,0.07163731
144.00000000,2146.00000000,0.07179459
144.00000000,2147.00000000,0.07244198
144.00000000,2148.00000000,0.07317548
144.00000000,2149.00000000,0.07376170
144.00000000,2150.00000000,0.07416297
144.00000000,2151.00000000,0.07456675
144.00000000,2152.00000000,0.07497424
144.00000000,2153.00000000,0.07538604
144.00000000,2154.00000000,0.07580280
144.00000000,2155.00000000,0.07634534
144.00000000,2156.00000000,0.07689334
144.00000000,2157.00000000,0.07744684
144.00000000,2158.00000000,0.07800576
144.00000000,2159.00000000,0.07856997
144.00000000,2160.00000000,0.07913946
144.00000000,2161.00000000,0.07971409
144.00000000,2162.00000000,0.08029372
144.00000000,2163.00000000,0.08087831
144.00000000,2164.00000000,0.08146771
144.00000000,2165.00000000,0.08200826
144.00000000,2166.00000000,0.08255339
144.00000000,2167.00000000,0.08310301
144.00000000,2168.00000000,0.08365713
144.00000000,2169.00000000,0.08421567
144.00000000,2170.00000000,0.08477858
144.00000000,2171.00000000,0.08534588
144.00000000,2172.00000000,0.08591753
144.00000000,2173.00000000,0.08649351
144.00000000,2174.00000000,0.08707388
144.00000000,2175.00000000,0.08777104
144.00000000,2176.00000000,0.08847276
144.00000000,2177.00000000,0.08917905
144.00000000,2178.00000000,0.08988982
144.00000000,2179.00000000,0.09060499
144.00000000,2180.00000000,0.09132459
144.00000000,2181.00000000,0.09204849
144.00000000,2182.00000000,0.09277674
144.00000000,2183.00000000,0.09350926
144.00000000,2184.00000000,0.09424600
144.00000000,2185.00000000,0.09506983
144.00000000,2186.00000000,0.09589805
144.00000000,2187.00000000,0.09673058
144.00000000,2188.00000000,0.09756742
144.00000000,2189.00000000,0.09840846
144.00000000,2190.00000000,0.09925364
144.00000000,2191.00000000,0.10010293
144.00000000,2192.00000000,0.10095622
144.00000000,2193.00000000,0.10181350
144.00000000,2194.00000000,0.10267468
144.00000000,2195.00000000,0.10353493
144.00000000,2196.00000000,0.10439897
144.00000000,2197.00000000,0.10526671
144.00000000,2198.00000000,0.10613804
144.00000000,2199.00000000,0.10701298
144.00000000,2200.00000000,0.10789140
144.00000000,2201.00000000,0.10877320
144.00000000,2202.00000000,0.10965836
144.00000000,2203.00000000,0.11054675
144.00000000,2204.00000000,0.11143824
144.00000000,2205.00000000,0.11214702
144.00000000,2206.00000000,0.11285814
144.00000000,2207.00000000,0.11357161
144.00000000,2208.00000000,0.11428738
144.00000000,2209.00000000,0.11500538
144.00000000,2210.00000000,0.11572564
144.00000000,2211.00000000,0.11644807
144.00000000,2212.00000000,0.11717261
144.00000000,2213.00000000,0.11789927
144.00000000,2214.00000000,0.11862793
144.00000000,2215.00000000,0.11918870
144.00000000,2216.00000000,0.11975083
144.00000000,2217.00000000,0.12031425
144.00000000,2218.00000000,0.12087902
144.00000000,2219.00000000,0.12144509
144.00000000,2220.00000000,0.12201245
144.00000000,2221.00000000,0.12258113
144.00000000,2222.00000000,0.12315111
144.00000000,2223.00000000,0.12372230
144.00000000,2224.00000000,0.12429476
144.00000000,2225.00000000,0.12477225
144.00000000,2226.00000000,0.12525057
144.00000000,2227.00000000,0.12572978
144.00000000,2228.00000000,0.12620983
144.00000000,2229.00000000,0.12669078
144.00000000,2230.00000000,0.12717258
144.00000000,2231.00000000,0.12765522
144.00000000,2232.00000000,0.12813876
144.00000000,2233.00000000,0.12862315
144.00000000,2234.00000000,0.12910833
144.00000000,2235.00000000,0.12949379
144.00000000,2236.00000000,0.12987972
144.00000000,2237.00000000,0.13026606
144.00000000,2238.00000000,0.13065294
144.00000000,2239.00000000,0.13104029
144.00000000,2240.00000000,0.13142810
144.00000000,2241.00000000,0.13181647
144.00000000,2242.00000000,0.13220532
144.00000000,2243.00000000,0.13259473
144.00000000,2244.00000000,0.13298465
144.00000000,2245.00000000,0.13329672
144.00000000,2246.00000000,0.13360909
144.00000000,2247.00000000,0.13392169
144.00000000,2248.00000000,0.13423451
144.00000000,2249.00000000,0.13454751
144.00000000,2250.00000000,0.13485975
144.00000000,2251.00000000,0.13516947
144.00000000,2252.00000000,0.13547516
144.00000000,2253.00000000,0.13577585
144.00000000,2254.00000000,0.13607121
144.00000000,2255.00000000,0.13636110
144.00000000,2256.00000000,0.13664543
144.00000000,2257.00000000,0.13692428
144.00000000,2258.00000000,0.13719766
144.00000000,2259.00000000,0.13746558
144.00000000,2260.00000000,0.13772824
144.00000000,2261.00000000,0.13798573
144.00000000,2262.00000000,0.13823821
144.00000000,2263.00000000,0.13848596
144.00000000,2264.00000000,0.13872908
144.00000000,2265.00000000,0.13896765
144.00000000,2266.00000000,0.13920184
144.00000000,2267.00000000,0.13943165
144.00000000,2268.00000000,0.13965726
144.00000000,2269.00000000,0.13987868
144.00000000,2270.00000000,0.14009595
144.00000000,2271.00000000,0.14030923
144.00000000,2272.00000000,0.14051853
144.00000000,2273.00000000,0.14072387
144.00000000,2274.00000000,0.14092540
144.00000000,2275.00000000,0.14112316
144.00000000,2276.00000000,0.14131709
144.00000000,2277.00000000,0.14150742
144.00000000,2278.00000000,0.14169406
144.00000000,2279.00000000,0.14187718
144.00000000,2280.00000000,0.14205680
144.00000000,2281.00000000,0.14223284
144.00000000,2282.00000000,0.14240552
144.00000000,2283.00000000,0.14257478
144.00000000,2284.00000000,0.14274062
144.00000000,2285.00000000,0.14290317
144.00000000,2286.00000000,0.14306244
144.00000000,2287.00000000,0.14321833
144.00000000,2288.00000000,0.14337106
144.00000000,2289.00000000,0.14352048
144.00000000,2290.00000000,0.14366674
144.00000000,2291.00000000,0.14380981
144.00000000,2292.00000000,0.14394959
144.00000000,2293.00000000,0.14408623
144.00000000,2294.00000000,0.14421958
144.00000000,2295.00000000,0.14379219
144.00000000,2296.00000000,0.14336084
144.00000000,2297.00000000,0.14292552
144.00000000,2298.00000000,0.14248633
144.00000000,2299.00000000,0.14204343
144.00000000,2300.00000000,0.14159688
144.00000000,2301.00000000,0.14114669
144.00000000,2302.00000000,0.14069307
144.00000000,2303.00000000,0.14023599
144.00000000,2304.00000000,0.13977559
144.00000000,2305.00000000,0.13931195
144.00000000,2306.00000000,0.13884505
144.00000000,2307.00000000,0.13837511
144.00000000,2308.00000000,0.13790214
144.00000000,2309.00000000,0.13742614
144.00000000,2310.00000000,0.13694731
144.00000000,2311.00000000,0.13646567
144.00000000,2312.00000000,0.13598120
144.00000000,2313.00000000,0.13549412
144.00000000,2314.00000000,0.13500436
144.00000000,2315.00000000,0.13451207
144.00000000,2316.00000000,0.13401731
144.00000000,2317.00000000,0.13352006
144.00000000,2318.00000000,0.13302048
144.00000000,2319.00000000,0.13251856
144.00000000,2320.00000000,0.13201434
144.00000000,2321.00000000,0.13150796
144.00000000,2322.00000000,0.13099942
144.00000000,2323.00000000,0.13048871
144.00000000,2324.00000000,0.12997600
144.00000000,2325.00000000,0.12946129
144.00000000,2326.00000000,0.12894457
144.00000000,2327.00000000,0.12842598
144.00000000,2328.00000000,0.12790549
144.00000000,2329.00000000,0.12738323
144.00000000,2330.00000000,0.12685919
144.00000000,2331.00000000,0.12633336
144.00000000,2332.00000000,0.12580590
144.00000000,2333.00000000,0.12527679
144.00000000,2334.00000000,0.12474603
144.00000000,2335.00000000,0.12421375
144.00000000,2336.00000000,0.12367994
144.00000000,2337.00000000,0.12314460
144.00000000,2338.00000000,0.12260785
144.00000000,2339.00000000,0.12206963
144.00000000,2340.00000000,0.12153008
144.00000000,2341.00000000,0.12098919
144.00000000,2342.00000000,0.12044694
144.00000000,2343.00000000,0.11990346
144.00000000,2344.00000000,0.11935874
144.00000000,2345.00000000,0.11881277
144.00000000,2346.00000000,0.11826566
144.00000000,2347.00000000,0.11771740
144.00000000,2348.00000000,0.11716799
144.00000000,2349.00000000,0.11661753
144.00000000,2350.00000000,0.11606601
144.00000000,2351.00000000,0.11551342
144.00000000,2352.00000000,0.11495989
144.00000000,2353.00000000,0.11440534
144.00000000,2354.00000000,0.11384990
144.00000000,2355.00000000,0.11329357
144.00000000,2356.00000000,0.11273628
144.00000000,2357.00000000,0.11217821
144.00000000,2358.00000000,0.11161929
144.00000000,2359.00000000,0.11105953
144.00000000,2360.00000000,0.11049903
144.00000000,2361.00000000,0.10993777
144.00000000,2362.00000000,0.10937574
144.00000000,2363.00000000,0.10881306
144.00000000,2364.00000000,0.10824964
144.00000000,2365.00000000,0.10768559
144.00000000,2366.00000000,0.10712091
144.00000000,2367.00000000,0.10655557
144.00000000,2368.00000000,0.10598969
144.00000000,2369.00000000,0.10542323
144.00000000,2370.00000000,0.10485617
144.00000000,2371.00000000,0.10428862
144.00000000,2372.00000000,0.10372058
144.00000000,2373.00000000,0.10315200
144.00000000,2374.00000000,0.10258299
144.00000000,2375.00000000,0.10201350
144.00000000,2376.00000000,0.10144362
144.00000000,2377.00000000,0.10087333
144.00000000,2378.00000000,0.10030262
144.00000000,2379.00000000,0.09973157
144.00000000,2380.00000000,0.09916019
144.00000000,2381.00000000,0.09858842
144.00000000,2382.00000000,0.09801640
144.00000000,2383.00000000,0.09744407
144.00000000,2384.00000000,0.09687143
144.00000000,2385.00000000,0.09629859
144.00000000,2386.00000000,0.09572551
144.00000000,2387.00000000,0.09515217
144.00000000,2388.00000000,0.09457869
144.00000000,2389.00000000,0.09400498
144.00000000,2390.00000000,0.09343118
144.00000000,2391.00000000,0.09285728
144.00000000,2392.00000000,0.09228330
144.00000000,2393.00000000,0.09183042
144.00000000,2394.00000000,0.09173400
144.00000000,2395.00000000,0.09173511
144.00000000,2396.00000000,0.09173643
144.00000000,2397.00000000,0.09173791
144.00000000,2398.00000000,0.09173951
144.00000000,2399.00000000,0.09174132
144.00000000,2400.00000000,0.09175850
144.00000000,2401.00000000,0.09177589
144.00000000,2402.00000000,0.09179343
144.00000000,2403.00000000,0.09181107
144.00000000,2404.00000000,0.09182890
144.00000000,2405.00000000,0.09181668
144.00000000,2406.00000000,0.09180453
144.00000000,2407.00000000,0.09179256
144.00000000,2408.00000000,0.09178070
144.00000000,2409.00000000,0.09176891
144.00000000,2410.00000000,0.09175729
144.00000000,2411.00000000,0.09174578
144.00000000,2412.00000000,0.09173432
144.00000000,2413.00000000,0.09172303
144.00000000,2414.00000000,0.09171178
144.00000000,2415.00000000,0.09170069
144.00000000,2416.00000000,0.09168970
144.00000000,2417.00000000,0.09167875
144.00000000,2418.00000000,0.09166793
144.00000000,2419.00000000,0.09165721
144.00000000,2420.00000000,0.09164523
144.00000000,2421.00000000,0.09163339
144.00000000,2422.00000000,0.09162162
144.00000000,2423.00000000,0.09160988
144.00000000,2424.00000000,0.09159828
144.00000000,2425.00000000,0.09158670
144.00000000,2426.00000000,0.09157524
144.00000000,2427.00000000,0.09156387
144.00000000,2428.00000000,0.09155251
144.00000000,2429.00000000,0.09154128
144.00000000,2430.00000000,0.09153010
144.00000000,2431.00000000,0.09151895
144.00000000,2432.00000000,0.09150791
144.00000000,2433.00000000,0.09149694
144.00000000,2434.00000000,0.09148597
144.00000000,2435.00000000,0.09147512
144.00000000,2436.00000000,0.09146428
144.00000000,2437.00000000,0.09145353
144.00000000,2438.00000000,0.09144285
144.00000000,2439.00000000,0.09143217
144.00000000,2440.00000000,0.09142160
144.00000000,2441.00000000,0.09141108
144.00000000,2442.00000000,0.09140056
144.00000000,2443.00000000,0.09139012
144.00000000,2444.00000000,0.09137975
144.00000000,2445.00000000,0.09137227
144.00000000,2446.00000000,0.09136490
144.00000000,2447.00000000,0.09135757
144.00000000,2448.00000000,0.09135023
144.00000000,2449.00000000,0.09134299
144.00000000,2450.00000000,0.09133573
144.00000000,2451.00000000,0.09132857
144.00000000,2452.00000000,0.09132145
144.00000000,2453.00000000,0.09131431
144.00000000,2454.00000000,0.09130726
144.00000000,2455.00000000,0.09130024
144.00000000,2456.00000000,0.09129320
144.00000000,2457.00000000,0.09128624
144.00000000,2458.00000000,0.09127932
144.00000000,2459.00000000,0.09127236
144.00000000,2460.00000000,0.09126550
144.00000000,2461.00000000,0.09125860
144.00000000,2462.00000000,0.09125178
144.00000000,2463.00000000,0.09124500
144.00000000,2464.00000000,0.09123818
144.00000000,2465.00000000,0.09123144
144.00000000,2466.00000000,0.09122472
144.00000000,2467.00000000,0.09121797
144.00000000,2468.00000000,0.09121130
144.00000000,2469.00000000,0.09120465
144.00000000,2470.00000000,0.09119797
144.00000000,2471.00000000,0.09119137
144.00000000,2472.00000000,0.09118479
144.00000000,2473.00000000,0.09117815
144.00000000,2474.00000000,0.09117160
144.00000000,2475.00000000,0.09116501
144.00000000,2476.00000000,0.09115849
144.00000000,2477.00000000,0.09115201
144.00000000,2478.00000000,0.09114545
144.00000000,2479.00000000,0.09113900
144.00000000,2480.00000000,0.09113254
144.00000000,2481.00000000,0.09112605
144.00000000,2482.00000000,0.09111963
144.00000000,2483.00000000,0.09111323
144.00000000,2484.00000000,0.09110676
144.00000000,2485.00000000,0.09110039
144.00000000,2486.00000000,0.09109394
144.00000000,2487.00000000,0.09108759
144.00000000,2488.00000000,0.09108124
144.00000000,2489.00000000,0.09107484
144.00000000,2490.00000000,0.09106852
144.00000000,2491.00000000,0.09106222
144.00000000,2492.00000000,0.09105584
144.00000000,2493.00000000,0.09104954
144.00000000,2494.00000000,0.09104325
144.00000000,2495.00000000,0.09103608
144.00000000,2496.00000000,0.09102898
144.00000000,2497.00000000,0.09102190
144.00000000,2498.00000000,0.09101474
144.00000000,2499.00000000,0.09100767
144.00000000,2500.00000000,0.09100052
145.00000000,1765.00000000,0.06382396
145.00000000,1766.00000000,0.06382376
145.00000000,1767.00000000,0.06382380
145.00000000,1768.00000000,0.06382395
145.00000000,1769.00000000,0.06382423
145.00000000,1770.00000000,0.06382455
145.00000000,1771.00000000,0.06382491
145.00000000,1772.00000000,0.06382557
145.00000000,1773.00000000,0.06382624
145.00000000,1774.00000000,0.06382708
145.00000000,1775.00000000,0.06382795
145.00000000,1776.00000000,0.06382911
145.00000000,1777.00000000,0.06383019
145.00000000,1778.00000000,0.06383154
145.00000000,1779.00000000,0.06383303
145.00000000,1780.00000000,0.06383445
145.00000000,1781.00000000,0.06383620
145.00000000,1782.00000000,0.06383801
145.00000000,1783.00000000,0.06383974
145.00000000,1784.00000000,0.06384176
145.00000000,1785.00000000,0.06384378
145.00000000,1786.00000000,0.06384580
145.00000000,1787.00000000,0.06384808
145.00000000,1788.00000000,0.06385046
145.00000000,1789.00000000,0.06385265
145.00000000,1790.00000000,0.06385506
145.00000000,1791.00000000,0.06385757
145.00000000,1792.00000000,0.06386012
145.00000000,1793.00000000,0.06386271
145.00000000,1794.00000000,0.06386547
145.00000000,1795.00000000,0.06386814
145.00000000,1796.00000000,0.06387101
145.00000000,1797.00000000,0.06387367
145.00000000,1798.00000000,0.06387647
145.00000000,1799.00000000,0.06387938
145.00000000,1800.00000000,0.06388247
145.00000000,1801.00000000,0.06388537
145.00000000,1802.00000000,0.06388840
145.00000000,1803.00000000,0.06389144
145.00000000,1804.00000000,0.06389448
145.00000000,1805.00000000,0.06389760
145.00000000,1806.00000000,0.06390080
145.00000000,1807.00000000,0.06390379
145.00000000,1808.00000000,0.06390701
145.00000000,1809.00000000,0.06391021
145.00000000,1810.00000000,0.06391338
145.00000000,1811.00000000,0.06391661
145.00000000,1812.00000000,0.06391987
145.00000000,1813.00000000,0.06392320
145.00000000,1814.00000000,0.06392645
145.00000000,1815.00000000,0.06392972
145.00000000,1816.00000000,0.06393293
145.00000000,1817.00000000,0.06393627
145.00000000,1818.00000000,0.06393955
145.00000000,1819.00000000,0.06394290
145.00000000,1820.00000000,0.06394621
145.00000000,1821.00000000,0.06394956
145.00000000,1822.00000000,0.06395281
145.00000000,1823.00000000,0.06395612
145.00000000,1824.00000000,0.06395951
145.00000000,1825.00000000,0.06396280
145.00000000,1826.00000000,0.06396607
145.00000000,1827.00000000,0.06396935
145.00000000,1828.00000000,0.06397271
145.00000000,1829.00000000,0.06397596
145.00000000,1830.00000000,0.06397923
145.00000000,1831.00000000,0.06398248
145.00000000,1832.00000000,0.06398577
145.00000000,1833.00000000,0.06398899
145.00000000,1834.00000000,0.06399218
145.00000000,1835.00000000,0.06399541
145.00000000,1836.00000000,0.06399859
145.00000000,1837.00000000,0.06400174
145.00000000,1838.00000000,0.06400486
145.00000000,1839.00000000,0.06400800
145.00000000,1840.00000000,0.06401111
145.00000000,1841.00000000,0.06401419
145.00000000,1842.00000000,0.06401724
145.00000000,1843.00000000,0.06402029
145.00000000,1844.00000000,0.06402327
145.00000000,1845.00000000,0.06402623
145.00000000,1846.00000000,0.06402926
145.00000000,1847.00000000,0.06403218
145.00000000,1848.00000000,0.06403503
145.00000000,1849.00000000,0.06403801
145.00000000,1850.00000000,0.06404075
145.00000000,1851.00000000,0.06404355
145.00000000,1852.00000000,0.06404633
145.00000000,1853.00000000,0.06404937
145.00000000,1854.00000000,0.06405239
145.00000000,1855.00000000,0.06405557
145.00000000,1856.00000000,0.06405855
145.00000000,1857.00000000,0.06406147
145.00000000,1858.00000000,0.06406437
145.00000000,1859.00000000,0.06406711
145.00000000,1860.00000000,0.06406983
145.00000000,1861.00000000,0.06407251
145.00000000,1862.00000000,0.06407505
145.00000000,1863.00000000,0.06407695
145.00000000,1864.00000000,0.06407846
145.00000000,1865.00000000,0.06407965
145.00000000,1866.00000000,0.06408050
145.00000000,1867.00000000,0.06408113
145.00000000,1868.00000000,0.06408147
145.00000000,1869.00000000,0.06408160
145.00000000,1870.00000000,0.06408150
145.00000000,1871.00000000,0.06408129
145.00000000,1872.00000000,0.06408116
145.00000000,1873.00000000,0.06408167
145.00000000,1874.00000000,0.06408255
145.00000000,1875.00000000,0.06408376
145.00000000,1876.00000000,0.06408518
145.00000000,1877.00000000,0.06408676
145.00000000,1878.00000000,0.06408849
145.00000000,1879.00000000,0.06409030
145.00000000,1880.00000000,0.06409220
145.00000000,1881.00000000,0.06409414
145.00000000,1882.00000000,0.06409601
145.00000000,1883.00000000,0.06409756
145.00000000,1884.00000000,0.06409878
145.00000000,1885.00000000,0.06409973
145.00000000,1886.00000000,0.06410057
145.00000000,1887.00000000,0.06410125
145.00000000,1888.00000000,0.06410183
145.00000000,1889.00000000,0.06410215
145.00000000,1890.00000000,0.06410221
145.00000000,1891.00000000,0.06410201
145.00000000,1892.00000000,0.06410155
145.00000000,1893.00000000,0.06410101
145.00000000,1894.00000000,0.06410045
145.00000000,1895.00000000,0.06409998
145.00000000,1896.00000000,0.06409956
145.00000000,1897.00000000,0.06409914
145.00000000,1898.00000000,0.06409862
145.00000000,1899.00000000,0.06409796
145.00000000,1900.00000000,0.06409704
145.00000000,1901.00000000,0.06409595
145.00000000,1902.00000000,0.06409501
145.00000000,1903.00000000,0.06409414
145.00000000,1904.00000000,0.06409344
145.00000000,1905.00000000,0.06409293
145.00000000,1906.00000000,0.06409268
145.00000000,1907.00000000,0.06409261
145.00000000,1908.00000000,0.06409252
145.00000000,1909.00000000,0.06409245
145.00000000,1910.00000000,0.06409248
145.00000000,1911.00000000,0.06409841
145.00000000,1912.00000000,0.06409790
145.00000000,1913.00000000,0.06409672
145.00000000,1914.00000000,0.06409485
145.00000000,1915.00000000,0.06409265
145.00000000,1916.00000000,0.06409245
145.00000000,1917.00000000,0.06409033
145.00000000,1918.00000000,0.06408811
145.00000000,1919.00000000,0.06408597
145.00000000,1920.00000000,0.06408436
145.00000000,1921.00000000,0.06408338
145.00000000,1922.00000000,0.06408319
145.00000000,1923.00000000,0.06408365
145.00000000,1924.00000000,0.06408425
145.00000000,1925.00000000,0.06408479
145.00000000,1926.00000000,0.06408728
145.00000000,1927.00000000,0.06408784
145.00000000,1928.00000000,0.06408854
145.00000000,1929.00000000,0.06408922
145.00000000,1930.00000000,0.06409008
145.00000000,1931.00000000,0.06409185
145.00000000,1932.00000000,0.06409479
145.00000000,1933.00000000,0.06409831
145.00000000,1934.00000000,0.06410237
145.00000000,1935.00000000,0.06410633
145.00000000,1936.00000000,0.06411193
145.00000000,1937.00000000,0.06411476
145.00000000,1938.00000000,0.06411657
145.00000000,1939.00000000,0.06411764
145.00000000,1940.00000000,0.06411814
145.00000000,1941.00000000,0.06411784
145.00000000,1942.00000000,0.06411864
145.00000000,1943.00000000,0.06411697
145.00000000,1944.00000000,0.06411481
145.00000000,1945.00000000,0.06411463
145.00000000,1946.00000000,0.06411332
145.00000000,1947.00000000,0.06411733
145.00000000,1948.00000000,0.06411616
145.00000000,1949.00000000,0.06411697
145.00000000,1950.00000000,0.06411777
145.00000000,1951.00000000,0.06412040
145.00000000,1952.00000000,0.06412164
145.00000000,1953.00000000,0.06412312
145.00000000,1954.00000000,0.06412459
145.00000000,1955.00000000,0.06412630
145.00000000,1956.00000000,0.06412996
145.00000000,1957.00000000,0.06413154
145.00000000,1958.00000000,0.06413264
145.00000000,1959.00000000,0.06413330
145.00000000,1960.00000000,0.06413436
145.00000000,1961.00000000,0.06413395
145.00000000,1962.00000000,0.06413289
145.00000000,1963.00000000,0.06412902
145.00000000,1964.00000000,0.06412425
145.00000000,1965.00000000,0.06411836
145.00000000,1966.00000000,0.06411125
145.00000000,1967.00000000,0.06410504
145.00000000,1968.00000000,0.06409757
145.00000000,1969.00000000,0.06408623
145.00000000,1970.00000000,0.06407486
145.00000000,1971.00000000,0.06405876
145.00000000,1972.00000000,0.06404107
145.00000000,1973.00000000,0.06401842
145.00000000,1974.00000000,0.06399334
145.00000000,1975.00000000,0.06397856
145.00000000,1976.00000000,0.06394956
145.00000000,1977.00000000,0.06392267
145.00000000,1978.00000000,0.06389755
145.00000000,1979.00000000,0.06387022
145.00000000,1980.00000000,0.06384420
145.00000000,1981.00000000,0.06382396
145.00000000,1982.00000000,0.06379749
145.00000000,1983.00000000,0.06377641
145.00000000,1984.00000000,0.06375882
145.00000000,1985.00000000,0.06374575
145.00000000,1986.00000000,0.06373224
145.00000000,1987.00000000,0.06372144
145.00000000,1988.00000000,0.06370879
145.00000000,1989.00000000,0.06369782
145.00000000,1990.00000000,0.06369038
145.00000000,1991.00000000,0.06367483
145.00000000,1992.00000000,0.06366560
145.00000000,1993.00000000,0.06365289
145.00000000,1994.00000000,0.06364505
145.00000000,1995.00000000,0.06363986
145.00000000,1996.00000000,0.06362695
145.00000000,1997.00000000,0.06361960
145.00000000,1998.00000000,0.06360966
145.00000000,1999.00000000,0.06361520
145.00000000,2000.00000000,0.06360519
145.00000000,2001.00000000,0.06360077
145.00000000,2002.00000000,0.06358805
145.00000000,2003.00000000,0.06357535
145.00000000,2004.00000000,0.06356951
145.00000000,2005.00000000,0.06356720
145.00000000,2006.00000000,0.06355379
145.00000000,2007.00000000,0.06353312
145.00000000,2008.00000000,0.06351918
145.00000000,2009.00000000,0.06350465
145.00000000,2010.00000000,0.06348581
145.00000000,2011.00000000,0.06345709
145.00000000,2012.00000000,0.06343650
145.00000000,2013.00000000,0.06340759
145.00000000,2014.00000000,0.06338052
145.00000000,2015.00000000,0.06334754
145.00000000,2016.00000000,0.06332038
145.00000000,2017.00000000,0.06330690
145.00000000,2018.00000000,0.06327995
145.00000000,2019.00000000,0.06321050
145.00000000,2020.00000000,0.06318577
145.00000000,2021.00000000,0.06313815
145.00000000,2022.00000000,0.06308915
145.00000000,2023.00000000,0.06303599
145.00000000,2024.00000000,0.06300590
145.00000000,2025.00000000,0.06299800
145.00000000,2026.00000000,0.06295274
145.00000000,2027.00000000,0.06291820
145.00000000,2028.00000000,0.06288876
145.00000000,2029.00000000,0.06283382
145.00000000,2030.00000000,0.06277647
145.00000000,2031.00000000,0.06272248
145.00000000,2032.00000000,0.06268704
145.00000000,2033.00000000,0.06268509
145.00000000,2034.00000000,0.06262128
145.00000000,2035.00000000,0.06261164
145.00000000,2036.00000000,0.06257631
145.00000000,2037.00000000,0.06251343
145.00000000,2038.00000000,0.06243828
145.00000000,2039.00000000,0.06239453
145.00000000,2040.00000000,0.06236888
145.00000000,2041.00000000,0.06232352
145.00000000,2042.00000000,0.06229238
145.00000000,2043.00000000,0.06226769
145.00000000,2044.00000000,0.06227381
145.00000000,2045.00000000,0.06225054
145.00000000,2046.00000000,0.06220918
145.00000000,2047.00000000,0.06215923
145.00000000,2048.00000000,0.06217736
145.00000000,2049.00000000,0.06211209
145.00000000,2050.00000000,0.06210546
145.00000000,2051.00000000,0.06210697
145.00000000,2052.00000000,0.06216850
145.00000000,2053.00000000,0.06202278
145.00000000,2054.00000000,0.06200401
145.00000000,2055.00000000,0.06198222
145.00000000,2056.00000000,0.06192793
145.00000000,2057.00000000,0.06192058
145.00000000,2058.00000000,0.06195075
145.00000000,2059.00000000,0.06169150
145.00000000,2060.00000000,0.06158060
145.00000000,2061.00000000,0.06160674
145.00000000,2062.00000000,0.06161608
145.00000000,2063.00000000,0.06149236
145.00000000,2064.00000000,0.06116739
145.00000000,2065.00000000,0.06130956
145.00000000,2066.00000000,0.06098941
145.00000000,2067.00000000,0.06098117
145.00000000,2068.00000000,0.06112417
145.00000000,2069.00000000,0.06102932
145.00000000,2070.00000000,0.06096998
145.00000000,2071.00000000,0.06090461
145.00000000,2072.00000000,0.06096839
145.00000000,2073.00000000,0.06089713
145.00000000,2074.00000000,0.06096565
145.00000000,2075.00000000,0.06072782
145.00000000,2076.00000000,0.06045469
145.00000000,2077.00000000,0.06021963
145.00000000,2078.00000000,0.06023486
145.00000000,2079.00000000,0.06031265
145.00000000,2080.00000000,0.06034612
145.00000000,2081.00000000,0.06046855
145.00000000,2082.00000000,0.06055017
145.00000000,2083.00000000,0.06037534
145.00000000,2084.00000000,0.06041004
145.00000000,2085.00000000,0.06054759
145.00000000,2086.00000000,0.06056014
145.00000000,2087.00000000,0.06052732
145.00000000,2088.00000000,0.06056885
145.00000000,2089.00000000,0.06051222
145.00000000,2090.00000000,0.06008034
145.00000000,2091.00000000,0.06017985
145.00000000,2092.00000000,0.06041522
145.00000000,2093.00000000,0.06051829
145.00000000,2094.00000000,0.06040201
145.00000000,2095.00000000,0.06074517
145.00000000,2096.00000000,0.06096336
145.00000000,2097.00000000,0.06099211
145.00000000,2098.00000000,0.06105299
145.00000000,2099.00000000,0.06107976
145.00000000,2100.00000000,0.06137701
145.00000000,2101.00000000,0.06160156
145.00000000,2102.00000000,0.06175355
145.00000000,2103.00000000,0.06185225
145.00000000,2104.00000000,0.06207819
145.00000000,2105.00000000,0.06227690
145.00000000,2106.00000000,0.06230827
145.00000000,2107.00000000,0.06249632
145.00000000,2108.00000000,0.06275949
145.00000000,2109.00000000,0.06304575
145.00000000,2110.00000000,0.06329449
145.00000000,2111.00000000,0.06358511
145.00000000,2112.00000000,0.06378454
145.00000000,2113.00000000,0.06410845
145.00000000,2114.00000000,0.06449458
145.00000000,2115.00000000,0.06499267
145.00000000,2116.00000000,0.06528378
145.00000000,2117.00000000,0.06559883
145.00000000,2118.00000000,0.06603234
145.00000000,2119.00000000,0.06607672
145.00000000,2120.00000000,0.06605736
145.00000000,2121.00000000,0.06654998
145.00000000,2122.00000000,0.06683432
145.00000000,2123.00000000,0.06699963
145.00000000,2124.00000000,0.06751953
145.00000000,2125.00000000,0.06746203
145.00000000,2126.00000000,0.06721868
145.00000000,2127.00000000,0.06718765
145.00000000,2128.00000000,0.06719934
145.00000000,2129.00000000,0.06755021
145.00000000,2130.00000000,0.06785798
145.00000000,2131.00000000,0.06818771
145.00000000,2132.00000000,0.06847931
145.00000000,2133.00000000,0.06888847
145.00000000,2134.00000000,0.06915141
145.00000000,2135.00000000,0.06929540
145.00000000,2136.00000000,0.06950176
145.00000000,2137.00000000,0.06935315
145.00000000,2138.00000000,0.06941583
145.00000000,2139.00000000,0.06967120
145.00000000,2140.00000000,0.06994832
145.00000000,2141.00000000,0.07024033
145.00000000,2142.00000000,0.07048404
145.00000000,2143.00000000,0.07048980
145.00000000,2144.00000000,0.07051758
145.00000000,2145.00000000,0.07086322
145.00000000,2146.00000000,0.07120210
145.00000000,2147.00000000,0.07135897
145.00000000,2148.00000000,0.07200300
145.00000000,2149.00000000,0.07273260
145.00000000,2150.00000000,0.07331583
145.00000000,2151.00000000,0.07371562
145.00000000,2152.00000000,0.07411902
145.00000000,2153.00000000,0.07452719
145.00000000,2154.00000000,0.07494021
145.00000000,2155.00000000,0.07535840
145.00000000,2156.00000000,0.07590174
145.00000000,2157.00000000,0.07645052
145.00000000,2158.00000000,0.07700474
145.00000000,2159.00000000,0.07756427
145.00000000,2160.00000000,0.07812902
145.00000000,2161.00000000,0.07869893
145.00000000,2162.00000000,0.07927387
145.00000000,2163.00000000,0.07985370
145.00000000,2164.00000000,0.08043842
145.00000000,2165.00000000,0.08102785
145.00000000,2166.00000000,0.08156861
145.00000000,2167.00000000,0.08211388
145.00000000,2168.00000000,0.08266357
145.00000000,2169.00000000,0.08321766
145.00000000,2170.00000000,0.08377610
145.00000000,2171.00000000,0.08433884
145.00000000,2172.00000000,0.08490591
145.00000000,2173.00000000,0.08547727
145.00000000,2174.00000000,0.08605288
145.00000000,2175.00000000,0.08663284
145.00000000,2176.00000000,0.08732896
145.00000000,2177.00000000,0.08802959
145.00000000,2178.00000000,0.08873474
145.00000000,2179.00000000,0.08944433
145.00000000,2180.00000000,0.09015829
145.00000000,2181.00000000,0.09087662
145.00000000,2182.00000000,0.09159923
145.00000000,2183.00000000,0.09232613
145.00000000,2184.00000000,0.09305728
145.00000000,2185.00000000,0.09379262
145.00000000,2186.00000000,0.09461462
145.00000000,2187.00000000,0.09544098
145.00000000,2188.00000000,0.09627163
145.00000000,2189.00000000,0.09710657
145.00000000,2190.00000000,0.09794570
145.00000000,2191.00000000,0.09878893
145.00000000,2192.00000000,0.09963626
145.00000000,2193.00000000,0.10048757
145.00000000,2194.00000000,0.10134285
145.00000000,2195.00000000,0.10220201
145.00000000,2196.00000000,0.10306026
145.00000000,2197.00000000,0.10392230
145.00000000,2198.00000000,0.10478801
145.00000000,2199.00000000,0.10565730
145.00000000,2200.00000000,0.10653018
145.00000000,2201.00000000,0.10740654
145.00000000,2202.00000000,0.10828626
145.00000000,2203.00000000,0.10916936
145.00000000,2204.00000000,0.11005567
145.00000000,2205.00000000,0.11094508
145.00000000,2206.00000000,0.11165260
145.00000000,2207.00000000,0.11236244
145.00000000,2208.00000000,0.11307464
145.00000000,2209.00000000,0.11378912
145.00000000,2210.00000000,0.11450583
145.00000000,2211.00000000,0.11522478
145.00000000,2212.00000000,0.11594593
145.00000000,2213.00000000,0.11666918
145.00000000,2214.00000000,0.11739454
145.00000000,2215.00000000,0.11812192
145.00000000,2216.00000000,0.11868212
145.00000000,2217.00000000,0.11924367
145.00000000,2218.00000000,0.11980650
145.00000000,2219.00000000,0.12037070
145.00000000,2220.00000000,0.12093619
145.00000000,2221.00000000,0.12150298
145.00000000,2222.00000000,0.12207110
145.00000000,2223.00000000,0.12264050
145.00000000,2224.00000000,0.12321112
145.00000000,2225.00000000,0.12378301
145.00000000,2226.00000000,0.12426033
145.00000000,2227.00000000,0.12473850
145.00000000,2228.00000000,0.12521755
145.00000000,2229.00000000,0.12569743
145.00000000,2230.00000000,0.12617821
145.00000000,2231.00000000,0.12665986
145.00000000,2232.00000000,0.12714236
145.00000000,2233.00000000,0.12762574
145.00000000,2234.00000000,0.12810997
145.00000000,2235.00000000,0.12859501
145.00000000,2236.00000000,0.12898074
145.00000000,2237.00000000,0.12936694
145.00000000,2238.00000000,0.12975356
145.00000000,2239.00000000,0.13014070
145.00000000,2240.00000000,0.13052834
145.00000000,2241.00000000,0.13091644
145.00000000,2242.00000000,0.13130510
145.00000000,2243.00000000,0.13169422
145.00000000,2244.00000000,0.13208391
145.00000000,2245.00000000,0.13247416
145.00000000,2246.00000000,0.13278684
145.00000000,2247.00000000,0.13309980
145.00000000,2248.00000000,0.13341303
145.00000000,2249.00000000,0.13372631
145.00000000,2250.00000000,0.13403889
145.00000000,2251.00000000,0.13434901
145.00000000,2252.00000000,0.13465503
145.00000000,2253.00000000,0.13495615
145.00000000,2254.00000000,0.13525190
145.00000000,2255.00000000,0.13554224
145.00000000,2256.00000000,0.13582709
145.00000000,2257.00000000,0.13610642
145.00000000,2258.00000000,0.13638034
145.00000000,2259.00000000,0.13664888
145.00000000,2260.00000000,0.13691210
145.00000000,2261.00000000,0.13717023
145.00000000,2262.00000000,0.13742341
145.00000000,2263.00000000,0.13767181
145.00000000,2264.00000000,0.13791566
145.00000000,2265.00000000,0.13815500
145.00000000,2266.00000000,0.13838992
145.00000000,2267.00000000,0.13862059
145.00000000,2268.00000000,0.13884698
145.00000000,2269.00000000,0.13906926
145.00000000,2270.00000000,0.13928747
145.00000000,2271.00000000,0.13950159
145.00000000,2272.00000000,0.13971185
145.00000000,2273.00000000,0.13991821
145.00000000,2274.00000000,0.14012068
145.00000000,2275.00000000,0.14031946
145.00000000,2276.00000000,0.14051452
145.00000000,2277.00000000,0.14070586
145.00000000,2278.00000000,0.14089366
145.00000000,2279.00000000,0.14107786
145.00000000,2280.00000000,0.14125862
145.00000000,2281.00000000,0.14143593
145.00000000,2282.00000000,0.14160975
145.00000000,2283.00000000,0.14178026
145.00000000,2284.00000000,0.14194744
145.00000000,2285.00000000,0.14211123
145.00000000,2286.00000000,0.14227183
145.00000000,2287.00000000,0.14242916
145.00000000,2288.00000000,0.14258323
145.00000000,2289.00000000,0.14273414
145.00000000,2290.00000000,0.14288183
145.00000000,2291.00000000,0.14302641
145.00000000,2292.00000000,0.14316784
145.00000000,2293.00000000,0.14330605
145.00000000,2294.00000000,0.14344115
145.00000000,2295.00000000,0.14357301
145.00000000,2296.00000000,0.14314668
145.00000000,2297.00000000,0.14271645
145.00000000,2298.00000000,0.14228230
145.00000000,2299.00000000,0.14184433
145.00000000,2300.00000000,0.14140270
145.00000000,2301.00000000,0.14095747
145.00000000,2302.00000000,0.14050864
145.00000000,2303.00000000,0.14005642
145.00000000,2304.00000000,0.13960076
145.00000000,2305.00000000,0.13914184
145.00000000,2306.00000000,0.13867971
145.00000000,2307.00000000,0.13821437
145.00000000,2308.00000000,0.13774602
145.00000000,2309.00000000,0.13727468
145.00000000,2310.00000000,0.13680035
145.00000000,2311.00000000,0.13632323
145.00000000,2312.00000000,0.13584333
145.00000000,2313.00000000,0.13536064
145.00000000,2314.00000000,0.13487536
145.00000000,2315.00000000,0.13438744
145.00000000,2316.00000000,0.13389702
145.00000000,2317.00000000,0.13340415
145.00000000,2318.00000000,0.13290883
145.00000000,2319.00000000,0.13241119
145.00000000,2320.00000000,0.13191125
145.00000000,2321.00000000,0.13140904
145.00000000,2322.00000000,0.13090468
145.00000000,2323.00000000,0.13039819
145.00000000,2324.00000000,0.12988955
145.00000000,2325.00000000,0.12937894
145.00000000,2326.00000000,0.12886635
145.00000000,2327.00000000,0.12835177
145.00000000,2328.00000000,0.12783534
145.00000000,2329.00000000,0.12731702
145.00000000,2330.00000000,0.12679695
145.00000000,2331.00000000,0.12627512
145.00000000,2332.00000000,0.12575154
145.00000000,2333.00000000,0.12522632
145.00000000,2334.00000000,0.12469947
145.00000000,2335.00000000,0.12417098
145.00000000,2336.00000000,0.12364099
145.00000000,2337.00000000,0.12310949
145.00000000,2338.00000000,0.12257647
145.00000000,2339.00000000,0.12204205
145.00000000,2340.00000000,0.12150619
145.00000000,2341.00000000,0.12096900
145.00000000,2342.00000000,0.12043048
145.00000000,2343.00000000,0.11989061
145.00000000,2344.00000000,0.11934953
145.00000000,2345.00000000,0.11880721
145.00000000,2346.00000000,0.11826364
145.00000000,2347.00000000,0.11771897
145.00000000,2348.00000000,0.11717315
145.00000000,2349.00000000,0.11662616
145.00000000,2350.00000000,0.11607817
145.00000000,2351.00000000,0.11552911
145.00000000,2352.00000000,0.11497900
145.00000000,2353.00000000,0.11442795
145.00000000,2354.00000000,0.11387589
145.00000000,2355.00000000,0.11332295
145.00000000,2356.00000000,0.11276911
145.00000000,2357.00000000,0.11221435
145.00000000,2358.00000000,0.11165879
145.00000000,2359.00000000,0.11110240
145.00000000,2360.00000000,0.11054517
145.00000000,2361.00000000,0.10998722
145.00000000,2362.00000000,0.10942850
145.00000000,2363.00000000,0.10886902
145.00000000,2364.00000000,0.10830888
145.00000000,2365.00000000,0.10774801
145.00000000,2366.00000000,0.10718653
145.00000000,2367.00000000,0.10662443
145.00000000,2368.00000000,0.10606166
145.00000000,2369.00000000,0.10549834
145.00000000,2370.00000000,0.10493447
145.00000000,2371.00000000,0.10437000
145.00000000,2372.00000000,0.10380503
145.00000000,2373.00000000,0.10323958
145.00000000,2374.00000000,0.10267359
145.00000000,2375.00000000,0.10210717
145.00000000,2376.00000000,0.10154027
145.00000000,2377.00000000,0.10097300
145.00000000,2378.00000000,0.10040531
145.00000000,2379.00000000,0.09983720
145.00000000,2380.00000000,0.09926877
145.00000000,2381.00000000,0.09869999
145.00000000,2382.00000000,0.09813084
145.00000000,2383.00000000,0.09756142
145.00000000,2384.00000000,0.09699172
145.00000000,2385.00000000,0.09642169
145.00000000,2386.00000000,0.09585147
145.00000000,2387.00000000,0.09528100
145.00000000,2388.00000000,0.09471029
145.00000000,2389.00000000,0.09413942
145.00000000,2390.00000000,0.09356834
145.00000000,2391.00000000,0.09299717
145.00000000,2392.00000000,0.09242588
145.00000000,2393.00000000,0.09185453
145.00000000,2394.00000000,0.09140371
145.00000000,2395.00000000,0.09130771
145.00000000,2396.00000000,0.09130878
145.00000000,2397.00000000,0.09131006
145.00000000,2398.00000000,0.09131149
145.00000000,2399.00000000,0.09131305
145.00000000,2400.00000000,0.09131482
145.00000000,2401.00000000,0.09133189
145.00000000,2402.00000000,0.09134916
145.00000000,2403.00000000,0.09136658
145.00000000,2404.00000000,0.09138411
145.00000000,2405.00000000,0.09140182
145.00000000,2406.00000000,0.09138963
145.00000000,2407.00000000,0.09137751
145.00000000,2408.00000000,0.09136556
145.00000000,2409.00000000,0.09135373
145.00000000,2410.00000000,0.09134197
145.00000000,2411.00000000,0.09133037
145.00000000,2412.00000000,0.09131887
145.00000000,2413.00000000,0.09130744
145.00000000,2414.00000000,0.09129616
145.00000000,2415.00000000,0.09128494
145.00000000,2416.00000000,0.09127386
145.00000000,2417.00000000,0.09126287
145.00000000,2418.00000000,0.09125194
145.00000000,2419.00000000,0.09124115
145.00000000,2420.00000000,0.09123045
145.00000000,2421.00000000,0.09121848
145.00000000,2422.00000000,0.09120665
145.00000000,2423.00000000,0.09119491
145.00000000,2424.00000000,0.09118319
145.00000000,2425.00000000,0.09117160
145.00000000,2426.00000000,0.09116004
145.00000000,2427.00000000,0.09114860
145.00000000,2428.00000000,0.09113723
145.00000000,2429.00000000,0.09112589
145.00000000,2430.00000000,0.09111466
145.00000000,2431.00000000,0.09110352
145.00000000,2432.00000000,0.09109237
145.00000000,2433.00000000,0.09108135
145.00000000,2434.00000000,0.09107039
145.00000000,2435.00000000,0.09105943
145.00000000,2436.00000000,0.09104859
145.00000000,2437.00000000,0.09103776
145.00000000,2438.00000000,0.09102702
145.00000000,2439.00000000,0.09101635
145.00000000,2440.00000000,0.09100568
145.00000000,2441.00000000,0.09099512
145.00000000,2442.00000000,0.09098461
145.00000000,2443.00000000,0.09097408
145.00000000,2444.00000000,0.09096367
145.00000000,2445.00000000,0.09095330
145.00000000,2446.00000000,0.09094582
145.00000000,2447.00000000,0.09093843
145.00000000,2448.00000000,0.09093111
145.00000000,2449.00000000,0.09092376
145.00000000,2450.00000000,0.09091651
145.00000000,2451.00000000,0.09090924
145.00000000,2452.00000000,0.09090206
145.00000000,2453.00000000,0.09089493
145.00000000,2454.00000000,0.09088778
145.00000000,2455.00000000,0.09088071
145.00000000,2456.00000000,0.09087369
145.00000000,2457.00000000,0.09086662
145.00000000,2458.00000000,0.09085966
145.00000000,2459.00000000,0.09085272
145.00000000,2460.00000000,0.09084575
145.00000000,2461.00000000,0.09083886
145.00000000,2462.00000000,0.09083195
145.00000000,2463.00000000,0.09082513
145.00000000,2464.00000000,0.09081832
145.00000000,2465.00000000,0.09081148
145.00000000,2466.00000000,0.09080473
145.00000000,2467.00000000,0.09079800
145.00000000,2468.00000000,0.09079123
145.00000000,2469.00000000,0.09078455
145.00000000,2470.00000000,0.09077789
145.00000000,2471.00000000,0.09077118
145.00000000,2472.00000000,0.09076455
145.00000000,2473.00000000,0.09075796
145.00000000,2474.00000000,0.09075131
145.00000000,2475.00000000,0.09074475
145.00000000,2476.00000000,0.09073814
145.00000000,2477.00000000,0.09073160
145.00000000,2478.00000000,0.09072510
145.00000000,2479.00000000,0.09071854
145.00000000,2480.00000000,0.09071205
145.00000000,2481.00000000,0.09070559
145.00000000,2482.00000000,0.09069908
145.00000000,2483.00000000,0.09069263
145.00000000,2484.00000000,0.09068621
145.00000000,2485.00000000,0.09067973
145.00000000,2486.00000000,0.09067333
145.00000000,2487.00000000,0.09066689
145.00000000,2488.00000000,0.09066051
145.00000000,2489.00000000,0.09065415
145.00000000,2490.00000000,0.09064773
145.00000000,2491.00000000,0.09064139
145.00000000,2492.00000000,0.09063505
145.00000000,2493.00000000,0.09062866
145.00000000,2494.00000000,0.09062235
145.00000000,2495.00000000,0.09061604
145.00000000,2496.00000000,0.09060886
145.00000000,2497.00000000,0.09060174
145.00000000,2498.00000000,0.09059464
145.00000000,2499.00000000,0.09058747
145.00000000,2500.00000000,0.09058038
146.00000000,1765.00000000,0.06345554
146.00000000,1766.00000000,0.06345570
146.00000000,1767.00000000,0.06345555
146.00000000,1768.00000000,0.06345566
146.00000000,1769.00000000,0.06345591
146.00000000,1770.00000000,0.06345630
146.00000000,1771.00000000,0.06345673
146.00000000,1772.00000000,0.06345722
146.00000000,1773.00000000,0.06345799
146.00000000,1774.00000000,0.06345878
146.00000000,1775.00000000,0.06345974
146.00000000,1776.00000000,0.06346074
146.00000000,1777.00000000,0.06346200
146.00000000,1778.00000000,0.06346319
146.00000000,1779.00000000,0.06346465
146.00000000,1780.00000000,0.06346624
146.00000000,1781.00000000,0.06346777
146.00000000,1782.00000000,0.06346960
146.00000000,1783.00000000,0.06347150
146.00000000,1784.00000000,0.06347332
146.00000000,1785.00000000,0.06347540
146.00000000,1786.00000000,0.06347751
146.00000000,1787.00000000,0.06347960
146.00000000,1788.00000000,0.06348194
146.00000000,1789.00000000,0.06348439
146.00000000,1790.00000000,0.06348662
146.00000000,1791.00000000,0.06348910
146.00000000,1792.00000000,0.06349165
146.00000000,1793.00000000,0.06349424
146.00000000,1794.00000000,0.06349688
146.00000000,1795.00000000,0.06349968
146.00000000,1796.00000000,0.06350238
146.00000000,1797.00000000,0.06350529
146.00000000,1798.00000000,0.06350797
146.00000000,1799.00000000,0.06351080
146.00000000,1800.00000000,0.06351373
146.00000000,1801.00000000,0.06351684
146.00000000,1802.00000000,0.06351975
146.00000000,1803.00000000,0.06352279
146.00000000,1804.00000000,0.06352583
146.00000000,1805.00000000,0.06352889
146.00000000,1806.00000000,0.06353202
146.00000000,1807.00000000,0.06353522
146.00000000,1808.00000000,0.06353822
146.00000000,1809.00000000,0.06354145
146.00000000,1810.00000000,0.06354464
146.00000000,1811.00000000,0.06354783
146.00000000,1812.00000000,0.06355105
146.00000000,1813.00000000,0.06355430
146.00000000,1814.00000000,0.06355763
146.00000000,1815.00000000,0.06356087
146.00000000,1816.00000000,0.06356414
146.00000000,1817.00000000,0.06356733
146.00000000,1818.00000000,0.06357065
146.00000000,1819.00000000,0.06357391
146.00000000,1820.00000000,0.06357725
146.00000000,1821.00000000,0.06358054
146.00000000,1822.00000000,0.06358388
146.00000000,1823.00000000,0.06358711
146.00000000,1824.00000000,0.06359040
146.00000000,1825.00000000,0.06359377
146.00000000,1826.00000000,0.06359704
146.00000000,1827.00000000,0.06360028
146.00000000,1828.00000000,0.06360353
146.00000000,1829.00000000,0.06360687
146.00000000,1830.00000000,0.06361009
146.00000000,1831.00000000,0.06361332
146.00000000,1832.00000000,0.06361653
146.00000000,1833.00000000,0.06361979
146.00000000,1834.00000000,0.06362298
146.00000000,1835.00000000,0.06362614
146.00000000,1836.00000000,0.06362933
146.00000000,1837.00000000,0.06363247
146.00000000,1838.00000000,0.06363559
146.00000000,1839.00000000,0.06363866
146.00000000,1840.00000000,0.06364176
146.00000000,1841.00000000,0.06364484
146.00000000,1842.00000000,0.06364788
146.00000000,1843.00000000,0.06365089
146.00000000,1844.00000000,0.06365389
146.00000000,1845.00000000,0.06365683
146.00000000,1846.00000000,0.06365975
146.00000000,1847.00000000,0.06366273
146.00000000,1848.00000000,0.06366560
146.00000000,1849.00000000,0.06366840
146.00000000,1850.00000000,0.06367133
146.00000000,1851.00000000,0.06367400
146.00000000,1852.00000000,0.06367673
146.00000000,1853.00000000,0.06367977
146.00000000,1854.00000000,0.06368293
146.00000000,1855.00000000,0.06368589
146.00000000,1856.00000000,0.06368894
146.00000000,1857.00000000,0.06369182
146.00000000,1858.00000000,0.06369465
146.00000000,1859.00000000,0.06369747
146.00000000,1860.00000000,0.06370014
146.00000000,1861.00000000,0.06370279
146.00000000,1862.00000000,0.06370528
146.00000000,1863.00000000,0.06370726
146.00000000,1864.00000000,0.06370869
146.00000000,1865.00000000,0.06370984
146.00000000,1866.00000000,0.06371072
146.00000000,1867.00000000,0.06371131
146.00000000,1868.00000000,0.06371169
146.00000000,1869.00000000,0.06371179
146.00000000,1870.00000000,0.06371171
146.00000000,1871.00000000,0.06371146
146.00000000,1872.00000000,0.06371136
146.00000000,1873.00000000,0.06371182
146.00000000,1874.00000000,0.06371273
146.00000000,1875.00000000,0.06371389
146.00000000,1876.00000000,0.06371532
146.00000000,1877.00000000,0.06371688
146.00000000,1878.00000000,0.06371857
146.00000000,1879.00000000,0.06372040
146.00000000,1880.00000000,0.06372224
146.00000000,1881.00000000,0.06372413
146.00000000,1882.00000000,0.06372607
146.00000000,1883.00000000,0.06372752
146.00000000,1884.00000000,0.06372872
146.00000000,1885.00000000,0.06372970
146.00000000,1886.00000000,0.06373047
146.00000000,1887.00000000,0.06373118
146.00000000,1888.00000000,0.06373169
146.00000000,1889.00000000,0.06373202
146.00000000,1890.00000000,0.06373207
146.00000000,1891.00000000,0.06373183
146.00000000,1892.00000000,0.06373136
146.00000000,1893.00000000,0.06373078
146.00000000,1894.00000000,0.06373021
146.00000000,1895.00000000,0.06372972
146.00000000,1896.00000000,0.06372927
146.00000000,1897.00000000,0.06372879
146.00000000,1898.00000000,0.06372826
146.00000000,1899.00000000,0.06372756
146.00000000,1900.00000000,0.06372663
146.00000000,1901.00000000,0.06372549
146.00000000,1902.00000000,0.06372450
146.00000000,1903.00000000,0.06372360
146.00000000,1904.00000000,0.06372284
146.00000000,1905.00000000,0.06372229
146.00000000,1906.00000000,0.06372196
146.00000000,1907.00000000,0.06372182
146.00000000,1908.00000000,0.06372166
146.00000000,1909.00000000,0.06372149
146.00000000,1910.00000000,0.06372144
146.00000000,1911.00000000,0.06372132
146.00000000,1912.00000000,0.06372666
146.00000000,1913.00000000,0.06372538
146.00000000,1914.00000000,0.06372339
146.00000000,1915.00000000,0.06372113
146.00000000,1916.00000000,0.06371887
146.00000000,1917.00000000,0.06371860
146.00000000,1918.00000000,0.06371634
146.00000000,1919.00000000,0.06371414
146.00000000,1920.00000000,0.06371244
146.00000000,1921.00000000,0.06371137
146.00000000,1922.00000000,0.06371113
146.00000000,1923.00000000,0.06371148
146.00000000,1924.00000000,0.06371201
146.00000000,1925.00000000,0.06371246
146.00000000,1926.00000000,0.06371290
146.00000000,1927.00000000,0.06371535
146.00000000,1928.00000000,0.06371597
146.00000000,1929.00000000,0.06371659
146.00000000,1930.00000000,0.06371738
146.00000000,1931.00000000,0.06371908
146.00000000,1932.00000000,0.06372190
146.00000000,1933.00000000,0.06372537
146.00000000,1934.00000000,0.06372930
146.00000000,1935.00000000,0.06373327
146.00000000,1936.00000000,0.06373672
146.00000000,1937.00000000,0.06374148
146.00000000,1938.00000000,0.06374319
146.00000000,1939.00000000,0.06374422
146.00000000,1940.00000000,0.06374467
146.00000000,1941.00000000,0.06374431
146.00000000,1942.00000000,0.06374307
146.00000000,1943.00000000,0.06374329
146.00000000,1944.00000000,0.06374115
146.00000000,1945.00000000,0.06373892
146.00000000,1946.00000000,0.06373952
146.00000000,1947.00000000,0.06373957
146.00000000,1948.00000000,0.06374420
146.00000000,1949.00000000,0.06374304
146.00000000,1950.00000000,0.06374372
146.00000000,1951.00000000,0.06374436
146.00000000,1952.00000000,0.06374752
146.00000000,1953.00000000,0.06374891
146.00000000,1954.00000000,0.06375032
146.00000000,1955.00000000,0.06375200
146.00000000,1956.00000000,0.06375366
146.00000000,1957.00000000,0.06375703
146.00000000,1958.00000000,0.06375819
146.00000000,1959.00000000,0.06375875
146.00000000,1960.00000000,0.06375779
146.00000000,1961.00000000,0.06375736
146.00000000,1962.00000000,0.06375617
146.00000000,1963.00000000,0.06375432
146.00000000,1964.00000000,0.06374951
146.00000000,1965.00000000,0.06374359
146.00000000,1966.00000000,0.06373650
146.00000000,1967.00000000,0.06372830
146.00000000,1968.00000000,0.06372079
146.00000000,1969.00000000,0.06371149
146.00000000,1970.00000000,0.06369814
146.00000000,1971.00000000,0.06368400
146.00000000,1972.00000000,0.06366446
146.00000000,1973.00000000,0.06364383
146.00000000,1974.00000000,0.06361880
146.00000000,1975.00000000,0.06359233
146.00000000,1976.00000000,0.06357716
146.00000000,1977.00000000,0.06354841
146.00000000,1978.00000000,0.06352142
146.00000000,1979.00000000,0.06349610
146.00000000,1980.00000000,0.06346827
146.00000000,1981.00000000,0.06344217
146.00000000,1982.00000000,0.06342360
146.00000000,1983.00000000,0.06340072
146.00000000,1984.00000000,0.06338306
146.00000000,1985.00000000,0.06336810
146.00000000,1986.00000000,0.06335655
146.00000000,1987.00000000,0.06334376
146.00000000,1988.00000000,0.06333306
146.00000000,1989.00000000,0.06332017
146.00000000,1990.00000000,0.06330873
146.00000000,1991.00000000,0.06330103
146.00000000,1992.00000000,0.06328589
146.00000000,1993.00000000,0.06327709
146.00000000,1994.00000000,0.06326529
146.00000000,1995.00000000,0.06325811
146.00000000,1996.00000000,0.06325299
146.00000000,1997.00000000,0.06323966
146.00000000,1998.00000000,0.06323165
146.00000000,1999.00000000,0.06322156
146.00000000,2000.00000000,0.06322708
146.00000000,2001.00000000,0.06321683
146.00000000,2002.00000000,0.06321194
146.00000000,2003.00000000,0.06319924
146.00000000,2004.00000000,0.06318557
146.00000000,2005.00000000,0.06317745
146.00000000,2006.00000000,0.06317181
146.00000000,2007.00000000,0.06315512
146.00000000,2008.00000000,0.06313154
146.00000000,2009.00000000,0.06311495
146.00000000,2010.00000000,0.06309803
146.00000000,2011.00000000,0.06307700
146.00000000,2012.00000000,0.06304623
146.00000000,2013.00000000,0.06302345
146.00000000,2014.00000000,0.06299238
146.00000000,2015.00000000,0.06296316
146.00000000,2016.00000000,0.06292814
146.00000000,2017.00000000,0.06289897
146.00000000,2018.00000000,0.06288349
146.00000000,2019.00000000,0.06285473
146.00000000,2020.00000000,0.06278385
146.00000000,2021.00000000,0.06275753
146.00000000,2022.00000000,0.06270864
146.00000000,2023.00000000,0.06265859
146.00000000,2024.00000000,0.06260458
146.00000000,2025.00000000,0.06257362
146.00000000,2026.00000000,0.06256480
146.00000000,2027.00000000,0.06251896
146.00000000,2028.00000000,0.06248384
146.00000000,2029.00000000,0.06245384
146.00000000,2030.00000000,0.06239856
146.00000000,2031.00000000,0.06234088
146.00000000,2032.00000000,0.06228644
146.00000000,2033.00000000,0.06225022
146.00000000,2034.00000000,0.06224710
146.00000000,2035.00000000,0.06218250
146.00000000,2036.00000000,0.06217167
146.00000000,2037.00000000,0.06213533
146.00000000,2038.00000000,0.06207164
146.00000000,2039.00000000,0.06199581
146.00000000,2040.00000000,0.06195121
146.00000000,2041.00000000,0.06192457
146.00000000,2042.00000000,0.06187824
146.00000000,2043.00000000,0.06184587
146.00000000,2044.00000000,0.06181983
146.00000000,2045.00000000,0.06182433
146.00000000,2046.00000000,0.06179966
146.00000000,2047.00000000,0.06175705
146.00000000,2048.00000000,0.06170598
146.00000000,2049.00000000,0.06172253
146.00000000,2050.00000000,0.06165635
146.00000000,2051.00000000,0.06164844
146.00000000,2052.00000000,0.06164868
146.00000000,2053.00000000,0.06170856
146.00000000,2054.00000000,0.06156279
146.00000000,2055.00000000,0.06154307
146.00000000,2056.00000000,0.06152043
146.00000000,2057.00000000,0.06146557
146.00000000,2058.00000000,0.06145735
146.00000000,2059.00000000,0.06148640
146.00000000,2060.00000000,0.06122824
146.00000000,2061.00000000,0.06111748
146.00000000,2062.00000000,0.06114312
146.00000000,2063.00000000,0.06115254
146.00000000,2064.00000000,0.06103019
146.00000000,2065.00000000,0.06070826
146.00000000,2066.00000000,0.06085009
146.00000000,2067.00000000,0.06053308
146.00000000,2068.00000000,0.06052564
146.00000000,2069.00000000,0.06066830
146.00000000,2070.00000000,0.06057484
146.00000000,2071.00000000,0.06051670
146.00000000,2072.00000000,0.06045284
146.00000000,2073.00000000,0.06051749
146.00000000,2074.00000000,0.06044828
146.00000000,2075.00000000,0.06051788
146.00000000,2076.00000000,0.06028342
146.00000000,2077.00000000,0.06001384
146.00000000,2078.00000000,0.05978201
146.00000000,2079.00000000,0.05979855
146.00000000,2080.00000000,0.05987712
146.00000000,2081.00000000,0.05991170
146.00000000,2082.00000000,0.06003467
146.00000000,2083.00000000,0.06011726
146.00000000,2084.00000000,0.05994526
146.00000000,2085.00000000,0.05998127
146.00000000,2086.00000000,0.06011939
146.00000000,2087.00000000,0.06013335
146.00000000,2088.00000000,0.06010217
146.00000000,2089.00000000,0.06014475
146.00000000,2090.00000000,0.06008978
146.00000000,2091.00000000,0.05966214
146.00000000,2092.00000000,0.05976232
146.00000000,2093.00000000,0.05999757
146.00000000,2094.00000000,0.06010149
146.00000000,2095.00000000,0.05998756
146.00000000,2096.00000000,0.06032990
146.00000000,2097.00000000,0.06054810
146.00000000,2098.00000000,0.06057807
146.00000000,2099.00000000,0.06063991
146.00000000,2100.00000000,0.06066780
146.00000000,2101.00000000,0.06096435
146.00000000,2102.00000000,0.06118883
146.00000000,2103.00000000,0.06134136
146.00000000,2104.00000000,0.06144100
146.00000000,2105.00000000,0.06166705
146.00000000,2106.00000000,0.06186602
146.00000000,2107.00000000,0.06189871
146.00000000,2108.00000000,0.06208699
146.00000000,2109.00000000,0.06234987
146.00000000,2110.00000000,0.06263562
146.00000000,2111.00000000,0.06288405
146.00000000,2112.00000000,0.06317405
146.00000000,2113.00000000,0.06337340
146.00000000,2114.00000000,0.06369639
146.00000000,2115.00000000,0.06408116
146.00000000,2116.00000000,0.06457715
146.00000000,2117.00000000,0.06486744
146.00000000,2118.00000000,0.06518148
146.00000000,2119.00000000,0.06561320
146.00000000,2120.00000000,0.06565823
146.00000000,2121.00000000,0.06563989
146.00000000,2122.00000000,0.06613029
146.00000000,2123.00000000,0.06641368
146.00000000,2124.00000000,0.06657877
146.00000000,2125.00000000,0.06709622
146.00000000,2126.00000000,0.06703985
146.00000000,2127.00000000,0.06679878
146.00000000,2128.00000000,0.06676870
146.00000000,2129.00000000,0.06678105
146.00000000,2130.00000000,0.06713047
146.00000000,2131.00000000,0.06743704
146.00000000,2132.00000000,0.06776543
146.00000000,2133.00000000,0.06805591
146.00000000,2134.00000000,0.06846322
146.00000000,2135.00000000,0.06872519
146.00000000,2136.00000000,0.06886894
146.00000000,2137.00000000,0.06907467
146.00000000,2138.00000000,0.06892758
146.00000000,2139.00000000,0.06899048
146.00000000,2140.00000000,0.06924488
146.00000000,2141.00000000,0.06952090
146.00000000,2142.00000000,0.06981171
146.00000000,2143.00000000,0.07005452
146.00000000,2144.00000000,0.07006080
146.00000000,2145.00000000,0.07008896
146.00000000,2146.00000000,0.07043305
146.00000000,2147.00000000,0.07077043
146.00000000,2148.00000000,0.07092689
146.00000000,2149.00000000,0.07156756
146.00000000,2150.00000000,0.07229331
146.00000000,2151.00000000,0.07287395
146.00000000,2152.00000000,0.07327337
146.00000000,2153.00000000,0.07367745
146.00000000,2154.00000000,0.07408682
146.00000000,2155.00000000,0.07450126
146.00000000,2156.00000000,0.07492093
146.00000000,2157.00000000,0.07546503
146.00000000,2158.00000000,0.07601451
146.00000000,2159.00000000,0.07656933
146.00000000,2160.00000000,0.07712938
146.00000000,2161.00000000,0.07769453
146.00000000,2162.00000000,0.07826474
146.00000000,2163.00000000,0.07883989
146.00000000,2164.00000000,0.07941985
146.00000000,2165.00000000,0.08000457
146.00000000,2166.00000000,0.08059394
146.00000000,2167.00000000,0.08113484
146.00000000,2168.00000000,0.08168017
146.00000000,2169.00000000,0.08222982
146.00000000,2170.00000000,0.08278382
146.00000000,2171.00000000,0.08334209
146.00000000,2172.00000000,0.08390460
146.00000000,2173.00000000,0.08447136
146.00000000,2174.00000000,0.08504236
146.00000000,2175.00000000,0.08561756
146.00000000,2176.00000000,0.08619703
146.00000000,2177.00000000,0.08689207
146.00000000,2178.00000000,0.08759157
146.00000000,2179.00000000,0.08829555
146.00000000,2180.00000000,0.08900392
146.00000000,2181.00000000,0.08971663
146.00000000,2182.00000000,0.09043367
146.00000000,2183.00000000,0.09115495
146.00000000,2184.00000000,0.09188050
146.00000000,2185.00000000,0.09261025
146.00000000,2186.00000000,0.09334417
146.00000000,2187.00000000,0.09416433
146.00000000,2188.00000000,0.09498883
146.00000000,2189.00000000,0.09581760
146.00000000,2190.00000000,0.09665062
146.00000000,2191.00000000,0.09748782
146.00000000,2192.00000000,0.09832910
146.00000000,2193.00000000,0.09917447
146.00000000,2194.00000000,0.10002379
146.00000000,2195.00000000,0.10087708
146.00000000,2196.00000000,0.10173423
146.00000000,2197.00000000,0.10259047
146.00000000,2198.00000000,0.10345049
146.00000000,2199.00000000,0.10431417
146.00000000,2200.00000000,0.10518142
146.00000000,2201.00000000,0.10605226
146.00000000,2202.00000000,0.10692656
146.00000000,2203.00000000,0.10780423
146.00000000,2204.00000000,0.10868525
146.00000000,2205.00000000,0.10956951
146.00000000,2206.00000000,0.11045685
146.00000000,2207.00000000,0.11116310
146.00000000,2208.00000000,0.11187167
146.00000000,2209.00000000,0.11258258
146.00000000,2210.00000000,0.11329578
146.00000000,2211.00000000,0.11401120
146.00000000,2212.00000000,0.11472887
146.00000000,2213.00000000,0.11544874
146.00000000,2214.00000000,0.11617071
146.00000000,2215.00000000,0.11689479
146.00000000,2216.00000000,0.11762087
146.00000000,2217.00000000,0.11818049
146.00000000,2218.00000000,0.11874147
146.00000000,2219.00000000,0.11930373
146.00000000,2220.00000000,0.11986735
146.00000000,2221.00000000,0.12043229
146.00000000,2222.00000000,0.12099851
146.00000000,2223.00000000,0.12156604
146.00000000,2224.00000000,0.12213487
146.00000000,2225.00000000,0.12270493
146.00000000,2226.00000000,0.12327627
146.00000000,2227.00000000,0.12375343
146.00000000,2228.00000000,0.12423142
146.00000000,2229.00000000,0.12471030
146.00000000,2230.00000000,0.12519002
146.00000000,2231.00000000,0.12567066
146.00000000,2232.00000000,0.12615216
146.00000000,2233.00000000,0.12663449
146.00000000,2234.00000000,0.12711772
146.00000000,2235.00000000,0.12760182
146.00000000,2236.00000000,0.12808673
146.00000000,2237.00000000,0.12847273
146.00000000,2238.00000000,0.12885918
146.00000000,2239.00000000,0.12924606
146.00000000,2240.00000000,0.12963349
146.00000000,2241.00000000,0.13002140
146.00000000,2242.00000000,0.13040977
146.00000000,2243.00000000,0.13079871
146.00000000,2244.00000000,0.13118815
146.00000000,2245.00000000,0.13157815
146.00000000,2246.00000000,0.13196867
146.00000000,2247.00000000,0.13228195
146.00000000,2248.00000000,0.13259554
146.00000000,2249.00000000,0.13290922
146.00000000,2250.00000000,0.13322209
146.00000000,2251.00000000,0.13353257
146.00000000,2252.00000000,0.13383900
146.00000000,2253.00000000,0.13414047
146.00000000,2254.00000000,0.13443669
146.00000000,2255.00000000,0.13472744
146.00000000,2256.00000000,0.13501277
146.00000000,2257.00000000,0.13529265
146.00000000,2258.00000000,0.13556707
146.00000000,2259.00000000,0.13583618
146.00000000,2260.00000000,0.13610005
146.00000000,2261.00000000,0.13635875
146.00000000,2262.00000000,0.13661259
146.00000000,2263.00000000,0.13686172
146.00000000,2264.00000000,0.13710622
146.00000000,2265.00000000,0.13734631
146.00000000,2266.00000000,0.13758204
146.00000000,2267.00000000,0.13781344
146.00000000,2268.00000000,0.13804069
146.00000000,2269.00000000,0.13826378
146.00000000,2270.00000000,0.13848285
146.00000000,2271.00000000,0.13869795
146.00000000,2272.00000000,0.13890905
146.00000000,2273.00000000,0.13911636
146.00000000,2274.00000000,0.13931989
146.00000000,2275.00000000,0.13951960
146.00000000,2276.00000000,0.13971570
146.00000000,2277.00000000,0.13990816
146.00000000,2278.00000000,0.14009698
146.00000000,2279.00000000,0.14028236
146.00000000,2280.00000000,0.14046418
146.00000000,2281.00000000,0.14064266
146.00000000,2282.00000000,0.14081774
146.00000000,2283.00000000,0.14098942
146.00000000,2284.00000000,0.14115783
146.00000000,2285.00000000,0.14132299
146.00000000,2286.00000000,0.14148481
146.00000000,2287.00000000,0.14164350
146.00000000,2288.00000000,0.14179898
146.00000000,2289.00000000,0.14195125
146.00000000,2290.00000000,0.14210043
146.00000000,2291.00000000,0.14224643
146.00000000,2292.00000000,0.14238937
146.00000000,2293.00000000,0.14252922
146.00000000,2294.00000000,0.14266589
146.00000000,2295.00000000,0.14279950
146.00000000,2296.00000000,0.14292991
146.00000000,2297.00000000,0.14250469
146.00000000,2298.00000000,0.14207557
146.00000000,2299.00000000,0.14164264
146.00000000,2300.00000000,0.14120592
146.00000000,2301.00000000,0.14076558
146.00000000,2302.00000000,0.14032168
146.00000000,2303.00000000,0.13987421
146.00000000,2304.00000000,0.13942340
146.00000000,2305.00000000,0.13896917
146.00000000,2306.00000000,0.13851175
146.00000000,2307.00000000,0.13805115
146.00000000,2308.00000000,0.13758738
146.00000000,2309.00000000,0.13712064
146.00000000,2310.00000000,0.13665095
146.00000000,2311.00000000,0.13617829
146.00000000,2312.00000000,0.13570289
146.00000000,2313.00000000,0.13522473
146.00000000,2314.00000000,0.13474382
146.00000000,2315.00000000,0.13426035
146.00000000,2316.00000000,0.13377427
146.00000000,2317.00000000,0.13328572
146.00000000,2318.00000000,0.13279475
146.00000000,2319.00000000,0.13230135
146.00000000,2320.00000000,0.13180567
146.00000000,2321.00000000,0.13130772
146.00000000,2322.00000000,0.13080749
146.00000000,2323.00000000,0.13030516
146.00000000,2324.00000000,0.12980072
146.00000000,2325.00000000,0.12929415
146.00000000,2326.00000000,0.12878563
146.00000000,2327.00000000,0.12827515
146.00000000,2328.00000000,0.12776270
146.00000000,2329.00000000,0.12724843
146.00000000,2330.00000000,0.12673227
146.00000000,2331.00000000,0.12621439
146.00000000,2332.00000000,0.12569476
146.00000000,2333.00000000,0.12517340
146.00000000,2334.00000000,0.12465042
146.00000000,2335.00000000,0.12412583
146.00000000,2336.00000000,0.12359962
146.00000000,2337.00000000,0.12307190
146.00000000,2338.00000000,0.12254269
146.00000000,2339.00000000,0.12201198
146.00000000,2340.00000000,0.12147988
146.00000000,2341.00000000,0.12094636
146.00000000,2342.00000000,0.12041152
146.00000000,2343.00000000,0.11987536
146.00000000,2344.00000000,0.11933787
146.00000000,2345.00000000,0.11879916
146.00000000,2346.00000000,0.11825924
146.00000000,2347.00000000,0.11771808
146.00000000,2348.00000000,0.11717581
146.00000000,2349.00000000,0.11663241
146.00000000,2350.00000000,0.11608787
146.00000000,2351.00000000,0.11554230
146.00000000,2352.00000000,0.11499569
146.00000000,2353.00000000,0.11444804
146.00000000,2354.00000000,0.11389946
146.00000000,2355.00000000,0.11334988
146.00000000,2356.00000000,0.11279943
146.00000000,2357.00000000,0.11224808
146.00000000,2358.00000000,0.11169582
146.00000000,2359.00000000,0.11114277
146.00000000,2360.00000000,0.11058890
146.00000000,2361.00000000,0.11003418
146.00000000,2362.00000000,0.10947874
146.00000000,2363.00000000,0.10892255
146.00000000,2364.00000000,0.10836560
146.00000000,2365.00000000,0.10780801
146.00000000,2366.00000000,0.10724969
146.00000000,2367.00000000,0.10669075
146.00000000,2368.00000000,0.10613118
146.00000000,2369.00000000,0.10557097
146.00000000,2370.00000000,0.10501022
146.00000000,2371.00000000,0.10444890
146.00000000,2372.00000000,0.10388699
146.00000000,2373.00000000,0.10332461
146.00000000,2374.00000000,0.10276172
146.00000000,2375.00000000,0.10219830
146.00000000,2376.00000000,0.10163448
146.00000000,2377.00000000,0.10107016
146.00000000,2378.00000000,0.10050545
146.00000000,2379.00000000,0.09994036
146.00000000,2380.00000000,0.09937484
146.00000000,2381.00000000,0.09880900
146.00000000,2382.00000000,0.09824280
146.00000000,2383.00000000,0.09767626
146.00000000,2384.00000000,0.09710943
146.00000000,2385.00000000,0.09654233
146.00000000,2386.00000000,0.09597490
146.00000000,2387.00000000,0.09540728
146.00000000,2388.00000000,0.09483941
146.00000000,2389.00000000,0.09427130
146.00000000,2390.00000000,0.09370303
146.00000000,2391.00000000,0.09313456
146.00000000,2392.00000000,0.09256599
146.00000000,2393.00000000,0.09199732
146.00000000,2394.00000000,0.09142857
146.00000000,2395.00000000,0.09097980
146.00000000,2396.00000000,0.09088420
146.00000000,2397.00000000,0.09088523
146.00000000,2398.00000000,0.09088647
146.00000000,2399.00000000,0.09088788
146.00000000,2400.00000000,0.09088938
146.00000000,2401.00000000,0.09089111
146.00000000,2402.00000000,0.09090807
146.00000000,2403.00000000,0.09092523
146.00000000,2404.00000000,0.09094255
146.00000000,2405.00000000,0.09095995
146.00000000,2406.00000000,0.09097755
146.00000000,2407.00000000,0.09096538
146.00000000,2408.00000000,0.09095329
146.00000000,2409.00000000,0.09094136
146.00000000,2410.00000000,0.09092955
146.00000000,2411.00000000,0.09091781
146.00000000,2412.00000000,0.09090623
146.00000000,2413.00000000,0.09089476
146.00000000,2414.00000000,0.09088335
146.00000000,2415.00000000,0.09087208
146.00000000,2416.00000000,0.09086088
146.00000000,2417.00000000,0.09084981
146.00000000,2418.00000000,0.09083886
146.00000000,2419.00000000,0.09082794
146.00000000,2420.00000000,0.09081716
146.00000000,2421.00000000,0.09080647
146.00000000,2422.00000000,0.09079452
146.00000000,2423.00000000,0.09078271
146.00000000,2424.00000000,0.09077098
146.00000000,2425.00000000,0.09075928
146.00000000,2426.00000000,0.09074771
146.00000000,2427.00000000,0.09073616
146.00000000,2428.00000000,0.09072475
146.00000000,2429.00000000,0.09071339
146.00000000,2430.00000000,0.09070206
146.00000000,2431.00000000,0.09069085
146.00000000,2432.00000000,0.09067972
146.00000000,2433.00000000,0.09066858
146.00000000,2434.00000000,0.09065758
146.00000000,2435.00000000,0.09064662
146.00000000,2436.00000000,0.09063568
146.00000000,2437.00000000,0.09062485
146.00000000,2438.00000000,0.09061402
146.00000000,2439.00000000,0.09060330
146.00000000,2440.00000000,0.09059264
146.00000000,2441.00000000,0.09058198
146.00000000,2442.00000000,0.09057143
146.00000000,2443.00000000,0.09056092
146.00000000,2444.00000000,0.09055040
146.00000000,2445.00000000,0.09054000
146.00000000,2446.00000000,0.09052964
146.00000000,2447.00000000,0.09052215
146.00000000,2448.00000000,0.09051476
146.00000000,2449.00000000,0.09050742
146.00000000,2450.00000000,0.09050006
146.00000000,2451.00000000,0.09049280
146.00000000,2452.00000000,0.09048552
146.00000000,2453.00000000,0.09047834
146.00000000,2454.00000000,0.09047120
146.00000000,2455.00000000,0.09046403
146.00000000,2456.00000000,0.09045695
146.00000000,2457.00000000,0.09044991
146.00000000,2458.00000000,0.09044283
146.00000000,2459.00000000,0.09043585
146.00000000,2460.00000000,0.09042889
146.00000000,2461.00000000,0.09042191
146.00000000,2462.00000000,0.09041502
146.00000000,2463.00000000,0.09040809
146.00000000,2464.00000000,0.09040124
146.00000000,2465.00000000,0.09039443
146.00000000,2466.00000000,0.09038757
146.00000000,2467.00000000,0.09038081
146.00000000,2468.00000000,0.09037406
146.00000000,2469.00000000,0.09036728
146.00000000,2470.00000000,0.09036058
146.00000000,2471.00000000,0.09035390
146.00000000,2472.00000000,0.09034717
146.00000000,2473.00000000,0.09034053
146.00000000,2474.00000000,0.09033392
146.00000000,2475.00000000,0.09032726
146.00000000,2476.00000000,0.09032067
146.00000000,2477.00000000,0.09031405
146.00000000,2478.00000000,0.09030750
146.00000000,2479.00000000,0.09030098
146.00000000,2480.00000000,0.09029440
146.00000000,2481.00000000,0.09028790
146.00000000,2482.00000000,0.09028142
146.00000000,2483.00000000,0.09027488
146.00000000,2484.00000000,0.09026843
146.00000000,2485.00000000,0.09026198
146.00000000,2486.00000000,0.09025549
146.00000000,2487.00000000,0.09024908
146.00000000,2488.00000000,0.09024260
146.00000000,2489.00000000,0.09023621
146.00000000,2490.00000000,0.09022983
146.00000000,2491.00000000,0.09022339
146.00000000,2492.00000000,0.09021703
146.00000000,2493.00000000,0.09021069
146.00000000,2494.00000000,0.09020427
146.00000000,2495.00000000,0.09019793
146.00000000,2496.00000000,0.09019162
146.00000000,2497.00000000,0.09018441
146.00000000,2498.00000000,0.09017728
146.00000000,2499.00000000,0.09017017
146.00000000,2500.00000000,0.09016298
147.00000000,1765.00000000,0.06308962
147.00000000,1766.00000000,0.06308958
147.00000000,1767.00000000,0.06308978
147.00000000,1768.00000000,0.06308970
147.00000000,1769.00000000,0.06308992
147.00000000,1770.00000000,0.06309027
147.00000000,1771.00000000,0.06309078
147.00000000,1772.00000000,0.06309133
147.00000000,1773.00000000,0.06309193
147.00000000,1774.00000000,0.06309282
147.00000000,1775.00000000,0.06309374
147.00000000,1776.00000000,0.06309481
147.00000000,1777.00000000,0.06309592
147.00000000,1778.00000000,0.06309729
147.00000000,1779.00000000,0.06309859
147.00000000,1780.00000000,0.06310016
147.00000000,1781.00000000,0.06310185
147.00000000,1782.00000000,0.06310345
147.00000000,1783.00000000,0.06310538
147.00000000,1784.00000000,0.06310736
147.00000000,1785.00000000,0.06310925
147.00000000,1786.00000000,0.06311141
147.00000000,1787.00000000,0.06311359
147.00000000,1788.00000000,0.06311574
147.00000000,1789.00000000,0.06311815
147.00000000,1790.00000000,0.06312065
147.00000000,1791.00000000,0.06312294
147.00000000,1792.00000000,0.06312547
147.00000000,1793.00000000,0.06312806
147.00000000,1794.00000000,0.06313069
147.00000000,1795.00000000,0.06313337
147.00000000,1796.00000000,0.06313620
147.00000000,1797.00000000,0.06313894
147.00000000,1798.00000000,0.06314188
147.00000000,1799.00000000,0.06314457
147.00000000,1800.00000000,0.06314743
147.00000000,1801.00000000,0.06315038
147.00000000,1802.00000000,0.06315350
147.00000000,1803.00000000,0.06315642
147.00000000,1804.00000000,0.06315947
147.00000000,1805.00000000,0.06316252
147.00000000,1806.00000000,0.06316559
147.00000000,1807.00000000,0.06316872
147.00000000,1808.00000000,0.06317194
147.00000000,1809.00000000,0.06317494
147.00000000,1810.00000000,0.06317816
147.00000000,1811.00000000,0.06318137
147.00000000,1812.00000000,0.06318455
147.00000000,1813.00000000,0.06318776
147.00000000,1814.00000000,0.06319101
147.00000000,1815.00000000,0.06319433
147.00000000,1816.00000000,0.06319757
147.00000000,1817.00000000,0.06320082
147.00000000,1818.00000000,0.06320399
147.00000000,1819.00000000,0.06320730
147.00000000,1820.00000000,0.06321054
147.00000000,1821.00000000,0.06321387
147.00000000,1822.00000000,0.06321714
147.00000000,1823.00000000,0.06322046
147.00000000,1824.00000000,0.06322368
147.00000000,1825.00000000,0.06322694
147.00000000,1826.00000000,0.06323029
147.00000000,1827.00000000,0.06323353
147.00000000,1828.00000000,0.06323675
147.00000000,1829.00000000,0.06323998
147.00000000,1830.00000000,0.06324329
147.00000000,1831.00000000,0.06324647
147.00000000,1832.00000000,0.06324966
147.00000000,1833.00000000,0.06325284
147.00000000,1834.00000000,0.06325606
147.00000000,1835.00000000,0.06325922
147.00000000,1836.00000000,0.06326235
147.00000000,1837.00000000,0.06326550
147.00000000,1838.00000000,0.06326860
147.00000000,1839.00000000,0.06327168
147.00000000,1840.00000000,0.06327472
147.00000000,1841.00000000,0.06327777
147.00000000,1842.00000000,0.06328081
147.00000000,1843.00000000,0.06328381
147.00000000,1844.00000000,0.06328678
147.00000000,1845.00000000,0.06328974
147.00000000,1846.00000000,0.06329263
147.00000000,1847.00000000,0.06329550
147.00000000,1848.00000000,0.06329843
147.00000000,1849.00000000,0.06330126
147.00000000,1850.00000000,0.06330401
147.00000000,1851.00000000,0.06330687
147.00000000,1852.00000000,0.06330947
147.00000000,1853.00000000,0.06331247
147.00000000,1854.00000000,0.06331562
147.00000000,1855.00000000,0.06331871
147.00000000,1856.00000000,0.06332155
147.00000000,1857.00000000,0.06332450
147.00000000,1858.00000000,0.06332729
147.00000000,1859.00000000,0.06333005
147.00000000,1860.00000000,0.06333280
147.00000000,1861.00000000,0.06333539
147.00000000,1862.00000000,0.06333785
147.00000000,1863.00000000,0.06333978
147.00000000,1864.00000000,0.06334129
147.00000000,1865.00000000,0.06334238
147.00000000,1866.00000000,0.06334322
147.00000000,1867.00000000,0.06334383
147.00000000,1868.00000000,0.06334418
147.00000000,1869.00000000,0.06334433
147.00000000,1870.00000000,0.06334421
147.00000000,1871.00000000,0.06334398
147.00000000,1872.00000000,0.06334383
147.00000000,1873.00000000,0.06334431
147.00000000,1874.00000000,0.06334519
147.00000000,1875.00000000,0.06334637
147.00000000,1876.00000000,0.06334774
147.00000000,1877.00000000,0.06334931
147.00000000,1878.00000000,0.06335099
147.00000000,1879.00000000,0.06335278
147.00000000,1880.00000000,0.06335464
147.00000000,1881.00000000,0.06335647
147.00000000,1882.00000000,0.06335835
147.00000000,1883.00000000,0.06335988
147.00000000,1884.00000000,0.06336098
147.00000000,1885.00000000,0.06336194
147.00000000,1886.00000000,0.06336275
147.00000000,1887.00000000,0.06336339
147.00000000,1888.00000000,0.06336393
147.00000000,1889.00000000,0.06336419
147.00000000,1890.00000000,0.06336425
147.00000000,1891.00000000,0.06336400
147.00000000,1892.00000000,0.06336349
147.00000000,1893.00000000,0.06336290
147.00000000,1894.00000000,0.06336229
147.00000000,1895.00000000,0.06336180
147.00000000,1896.00000000,0.06336133
147.00000000,1897.00000000,0.06336081
147.00000000,1898.00000000,0.06336023
147.00000000,1899.00000000,0.06335953
147.00000000,1900.00000000,0.06335856
147.00000000,1901.00000000,0.06335740
147.00000000,1902.00000000,0.06335636
147.00000000,1903.00000000,0.06335542
147.00000000,1904.00000000,0.06335463
147.00000000,1905.00000000,0.06335401
147.00000000,1906.00000000,0.06335363
147.00000000,1907.00000000,0.06335342
147.00000000,1908.00000000,0.06335319
147.00000000,1909.00000000,0.06335295
147.00000000,1910.00000000,0.06335280
147.00000000,1911.00000000,0.06335260
147.00000000,1912.00000000,0.06335193
147.00000000,1913.00000000,0.06335646
147.00000000,1914.00000000,0.06335439
147.00000000,1915.00000000,0.06335200
147.00000000,1916.00000000,0.06334968
147.00000000,1917.00000000,0.06334739
147.00000000,1918.00000000,0.06334694
147.00000000,1919.00000000,0.06334470
147.00000000,1920.00000000,0.06334295
147.00000000,1921.00000000,0.06334176
147.00000000,1922.00000000,0.06334144
147.00000000,1923.00000000,0.06334175
147.00000000,1924.00000000,0.06334217
147.00000000,1925.00000000,0.06334256
147.00000000,1926.00000000,0.06334291
147.00000000,1927.00000000,0.06334331
147.00000000,1928.00000000,0.06334582
147.00000000,1929.00000000,0.06334635
147.00000000,1930.00000000,0.06334709
147.00000000,1931.00000000,0.06334872
147.00000000,1932.00000000,0.06335143
147.00000000,1933.00000000,0.06335480
147.00000000,1934.00000000,0.06335869
147.00000000,1935.00000000,0.06336251
147.00000000,1936.00000000,0.06336598
147.00000000,1937.00000000,0.06336861
147.00000000,1938.00000000,0.06337224
147.00000000,1939.00000000,0.06337319
147.00000000,1940.00000000,0.06337360
147.00000000,1941.00000000,0.06337319
147.00000000,1942.00000000,0.06337190
147.00000000,1943.00000000,0.06337009
147.00000000,1944.00000000,0.06336983
147.00000000,1945.00000000,0.06336763
147.00000000,1946.00000000,0.06336618
147.00000000,1947.00000000,0.06336811
147.00000000,1948.00000000,0.06336881
147.00000000,1949.00000000,0.06337341
147.00000000,1950.00000000,0.06337214
147.00000000,1951.00000000,0.06337265
147.00000000,1952.00000000,0.06337387
147.00000000,1953.00000000,0.06337713
147.00000000,1954.00000000,0.06337848
147.00000000,1955.00000000,0.06338007
147.00000000,1956.00000000,0.06338171
147.00000000,1957.00000000,0.06338310
147.00000000,1958.00000000,0.06338603
147.00000000,1959.00000000,0.06338665
147.00000000,1960.00000000,0.06338562
147.00000000,1961.00000000,0.06338318
147.00000000,1962.00000000,0.06338196
147.00000000,1963.00000000,0.06338000
147.00000000,1964.00000000,0.06337720
147.00000000,1965.00000000,0.06337125
147.00000000,1966.00000000,0.06336414
147.00000000,1967.00000000,0.06335596
147.00000000,1968.00000000,0.06334647
147.00000000,1969.00000000,0.06333716
147.00000000,1970.00000000,0.06332584
147.00000000,1971.00000000,0.06330975
147.00000000,1972.00000000,0.06329218
147.00000000,1973.00000000,0.06326972
147.00000000,1974.00000000,0.06324672
147.00000000,1975.00000000,0.06322031
147.00000000,1976.00000000,0.06319352
147.00000000,1977.00000000,0.06317849
147.00000000,1978.00000000,0.06314967
147.00000000,1979.00000000,0.06312250
147.00000000,1980.00000000,0.06309667
147.00000000,1981.00000000,0.06306877
147.00000000,1982.00000000,0.06304439
147.00000000,1983.00000000,0.06302932
147.00000000,1984.00000000,0.06300985
147.00000000,1985.00000000,0.06299482
147.00000000,1986.00000000,0.06298138
147.00000000,1987.00000000,0.06297052
147.00000000,1988.00000000,0.06295785
147.00000000,1989.00000000,0.06294690
147.00000000,1990.00000000,0.06293355
147.00000000,1991.00000000,0.06292188
147.00000000,1992.00000000,0.06291456
147.00000000,1993.00000000,0.06289987
147.00000000,1994.00000000,0.06289194
147.00000000,1995.00000000,0.06288083
147.00000000,1996.00000000,0.06287373
147.00000000,1997.00000000,0.06286813
147.00000000,1998.00000000,0.06285418
147.00000000,1999.00000000,0.06284602
147.00000000,2000.00000000,0.06283600
147.00000000,2001.00000000,0.06284120
147.00000000,2002.00000000,0.06283051
147.00000000,2003.00000000,0.06282560
147.00000000,2004.00000000,0.06281193
147.00000000,2005.00000000,0.06279605
147.00000000,2006.00000000,0.06278465
147.00000000,2007.00000000,0.06277570
147.00000000,2008.00000000,0.06275610
147.00000000,2009.00000000,0.06272994
147.00000000,2010.00000000,0.06271099
147.00000000,2011.00000000,0.06269189
147.00000000,2012.00000000,0.06266876
147.00000000,2013.00000000,0.06263589
147.00000000,2014.00000000,0.06261093
147.00000000,2015.00000000,0.06257775
147.00000000,2016.00000000,0.06254646
147.00000000,2017.00000000,0.06250949
147.00000000,2018.00000000,0.06247845
147.00000000,2019.00000000,0.06246108
147.00000000,2020.00000000,0.06243065
147.00000000,2021.00000000,0.06235849
147.00000000,2022.00000000,0.06233077
147.00000000,2023.00000000,0.06228084
147.00000000,2024.00000000,0.06222993
147.00000000,2025.00000000,0.06217522
147.00000000,2026.00000000,0.06214350
147.00000000,2027.00000000,0.06213386
147.00000000,2028.00000000,0.06208752
147.00000000,2029.00000000,0.06205189
147.00000000,2030.00000000,0.06202138
147.00000000,2031.00000000,0.06196576
147.00000000,2032.00000000,0.06190766
147.00000000,2033.00000000,0.06185258
147.00000000,2034.00000000,0.06181543
147.00000000,2035.00000000,0.06181111
147.00000000,2036.00000000,0.06174570
147.00000000,2037.00000000,0.06173370
147.00000000,2038.00000000,0.06169637
147.00000000,2039.00000000,0.06163193
147.00000000,2040.00000000,0.06155548
147.00000000,2041.00000000,0.06151004
147.00000000,2042.00000000,0.06148230
147.00000000,2043.00000000,0.06143486
147.00000000,2044.00000000,0.06140121
147.00000000,2045.00000000,0.06137380
147.00000000,2046.00000000,0.06137670
147.00000000,2047.00000000,0.06135068
147.00000000,2048.00000000,0.06130689
147.00000000,2049.00000000,0.06125476
147.00000000,2050.00000000,0.06126981
147.00000000,2051.00000000,0.06120279
147.00000000,2052.00000000,0.06119370
147.00000000,2053.00000000,0.06119275
147.00000000,2054.00000000,0.06125107
147.00000000,2055.00000000,0.06110529
147.00000000,2056.00000000,0.06108472
147.00000000,2057.00000000,0.06106127
147.00000000,2058.00000000,0.06100591
147.00000000,2059.00000000,0.06099687
147.00000000,2060.00000000,0.06102485
147.00000000,2061.00000000,0.06076794
147.00000000,2062.00000000,0.06065770
147.00000000,2063.00000000,0.06068329
147.00000000,2064.00000000,0.06069307
147.00000000,2065.00000000,0.06057226
147.00000000,2066.00000000,0.06025346
147.00000000,2067.00000000,0.06039497
147.00000000,2068.00000000,0.06008106
147.00000000,2069.00000000,0.06007438
147.00000000,2070.00000000,0.06021667
147.00000000,2071.00000000,0.06012466
147.00000000,2072.00000000,0.06006798
147.00000000,2073.00000000,0.06000592
147.00000000,2074.00000000,0.06007159
147.00000000,2075.00000000,0.06000448
147.00000000,2076.00000000,0.06007519
147.00000000,2077.00000000,0.05984400
147.00000000,2078.00000000,0.05957788
147.00000000,2079.00000000,0.05934914
147.00000000,2080.00000000,0.05936689
147.00000000,2081.00000000,0.05944624
147.00000000,2082.00000000,0.05948198
147.00000000,2083.00000000,0.05960561
147.00000000,2084.00000000,0.05968918
147.00000000,2085.00000000,0.05951996
147.00000000,2086.00000000,0.05955726
147.00000000,2087.00000000,0.05969588
147.00000000,2088.00000000,0.05971115
147.00000000,2089.00000000,0.05968152
147.00000000,2090.00000000,0.05972505
147.00000000,2091.00000000,0.05967170
147.00000000,2092.00000000,0.05924839
147.00000000,2093.00000000,0.05934936
147.00000000,2094.00000000,0.05958453
147.00000000,2095.00000000,0.05968929
147.00000000,2096.00000000,0.05957765
147.00000000,2097.00000000,0.05991912
147.00000000,2098.00000000,0.06013726
147.00000000,2099.00000000,0.06016839
147.00000000,2100.00000000,0.06023111
147.00000000,2101.00000000,0.06026009
147.00000000,2102.00000000,0.06055608
147.00000000,2103.00000000,0.06078060
147.00000000,2104.00000000,0.06093369
147.00000000,2105.00000000,0.06103427
147.00000000,2106.00000000,0.06126038
147.00000000,2107.00000000,0.06145956
147.00000000,2108.00000000,0.06149350
147.00000000,2109.00000000,0.06168195
147.00000000,2110.00000000,0.06194447
147.00000000,2111.00000000,0.06222967
147.00000000,2112.00000000,0.06247773
147.00000000,2113.00000000,0.06276706
147.00000000,2114.00000000,0.06296628
147.00000000,2115.00000000,0.06328829
147.00000000,2116.00000000,0.06367167
147.00000000,2117.00000000,0.06416553
147.00000000,2118.00000000,0.06445496
147.00000000,2119.00000000,0.06476797
147.00000000,2120.00000000,0.06519789
147.00000000,2121.00000000,0.06524352
147.00000000,2122.00000000,0.06522617
147.00000000,2123.00000000,0.06571432
147.00000000,2124.00000000,0.06599674
147.00000000,2125.00000000,0.06616160
147.00000000,2126.00000000,0.06667659
147.00000000,2127.00000000,0.06662133
147.00000000,2128.00000000,0.06638251
147.00000000,2129.00000000,0.06635335
147.00000000,2130.00000000,0.06636634
147.00000000,2131.00000000,0.06671430
147.00000000,2132.00000000,0.06701967
147.00000000,2133.00000000,0.06734671
147.00000000,2134.00000000,0.06763606
147.00000000,2135.00000000,0.06804152
147.00000000,2136.00000000,0.06830253
147.00000000,2137.00000000,0.06844602
147.00000000,2138.00000000,0.06865110
147.00000000,2139.00000000,0.06850552
147.00000000,2140.00000000,0.06856863
147.00000000,2141.00000000,0.06882206
147.00000000,2142.00000000,0.06909698
147.00000000,2143.00000000,0.06938659
147.00000000,2144.00000000,0.06962848
147.00000000,2145.00000000,0.06963528
147.00000000,2146.00000000,0.06966381
147.00000000,2147.00000000,0.07000636
147.00000000,2148.00000000,0.07034224
147.00000000,2149.00000000,0.07049828
147.00000000,2150.00000000,0.07113563
147.00000000,2151.00000000,0.07185793
147.00000000,2152.00000000,0.07243710
147.00000000,2153.00000000,0.07283719
147.00000000,2154.00000000,0.07324246
147.00000000,2155.00000000,0.07365324
147.00000000,2156.00000000,0.07406914
147.00000000,2157.00000000,0.07449024
147.00000000,2158.00000000,0.07503502
147.00000000,2159.00000000,0.07558509
147.00000000,2160.00000000,0.07614040
147.00000000,2161.00000000,0.07670084
147.00000000,2162.00000000,0.07726629
147.00000000,2163.00000000,0.07783670
147.00000000,2164.00000000,0.07841195
147.00000000,2165.00000000,0.07899192
147.00000000,2166.00000000,0.07957657
147.00000000,2167.00000000,0.08016578
147.00000000,2168.00000000,0.08070673
147.00000000,2169.00000000,0.08125203
147.00000000,2170.00000000,0.08180159
147.00000000,2171.00000000,0.08235541
147.00000000,2172.00000000,0.08291345
147.00000000,2173.00000000,0.08347565
147.00000000,2174.00000000,0.08404206
147.00000000,2175.00000000,0.08461264
147.00000000,2176.00000000,0.08518737
147.00000000,2177.00000000,0.08576632
147.00000000,2178.00000000,0.08646024
147.00000000,2179.00000000,0.08715858
147.00000000,2180.00000000,0.08786135
147.00000000,2181.00000000,0.08856847
147.00000000,2182.00000000,0.08927990
147.00000000,2183.00000000,0.08999562
147.00000000,2184.00000000,0.09071556
147.00000000,2185.00000000,0.09143972
147.00000000,2186.00000000,0.09216807
147.00000000,2187.00000000,0.09290055
147.00000000,2188.00000000,0.09371885
147.00000000,2189.00000000,0.09454148
147.00000000,2190.00000000,0.09536835
147.00000000,2191.00000000,0.09619946
147.00000000,2192.00000000,0.09703473
147.00000000,2193.00000000,0.09787406
147.00000000,2194.00000000,0.09871745
147.00000000,2195.00000000,0.09956478
147.00000000,2196.00000000,0.10041607
147.00000000,2197.00000000,0.10127121
147.00000000,2198.00000000,0.10212545
147.00000000,2199.00000000,0.10298345
147.00000000,2200.00000000,0.10384511
147.00000000,2201.00000000,0.10471034
147.00000000,2202.00000000,0.10557912
147.00000000,2203.00000000,0.10645138
147.00000000,2204.00000000,0.10732700
147.00000000,2205.00000000,0.10820598
147.00000000,2206.00000000,0.10908817
147.00000000,2207.00000000,0.10997345
147.00000000,2208.00000000,0.11067842
147.00000000,2209.00000000,0.11138572
147.00000000,2210.00000000,0.11209536
147.00000000,2211.00000000,0.11280728
147.00000000,2212.00000000,0.11352143
147.00000000,2213.00000000,0.11423783
147.00000000,2214.00000000,0.11495641
147.00000000,2215.00000000,0.11567710
147.00000000,2216.00000000,0.11639989
147.00000000,2217.00000000,0.11712470
147.00000000,2218.00000000,0.11768374
147.00000000,2219.00000000,0.11824415
147.00000000,2220.00000000,0.11880585
147.00000000,2221.00000000,0.11936890
147.00000000,2222.00000000,0.11993326
147.00000000,2223.00000000,0.12049891
147.00000000,2224.00000000,0.12106588
147.00000000,2225.00000000,0.12163416
147.00000000,2226.00000000,0.12220366
147.00000000,2227.00000000,0.12277442
147.00000000,2228.00000000,0.12325142
147.00000000,2229.00000000,0.12372924
147.00000000,2230.00000000,0.12420798
147.00000000,2231.00000000,0.12468754
147.00000000,2232.00000000,0.12516801
147.00000000,2233.00000000,0.12564935
147.00000000,2234.00000000,0.12613153
147.00000000,2235.00000000,0.12661464
147.00000000,2236.00000000,0.12709860
147.00000000,2237.00000000,0.12758336
147.00000000,2238.00000000,0.12796962
147.00000000,2239.00000000,0.12835635
147.00000000,2240.00000000,0.12874351
147.00000000,2241.00000000,0.12913119
147.00000000,2242.00000000,0.12951938
147.00000000,2243.00000000,0.12990805
147.00000000,2244.00000000,0.13029729
147.00000000,2245.00000000,0.13068699
147.00000000,2246.00000000,0.13107729
147.00000000,2247.00000000,0.13146814
147.00000000,2248.00000000,0.13178203
147.00000000,2249.00000000,0.13209605
147.00000000,2250.00000000,0.13240932
147.00000000,2251.00000000,0.13272010
147.00000000,2252.00000000,0.13302690
147.00000000,2253.00000000,0.13332882
147.00000000,2254.00000000,0.13362541
147.00000000,2255.00000000,0.13391665
147.00000000,2256.00000000,0.13420242
147.00000000,2257.00000000,0.13448280
147.00000000,2258.00000000,0.13475780
147.00000000,2259.00000000,0.13502744
147.00000000,2260.00000000,0.13529190
147.00000000,2261.00000000,0.13555126
147.00000000,2262.00000000,0.13580571
147.00000000,2263.00000000,0.13605551
147.00000000,2264.00000000,0.13630076
147.00000000,2265.00000000,0.13654153
147.00000000,2266.00000000,0.13677801
147.00000000,2267.00000000,0.13701023
147.00000000,2268.00000000,0.13723825
147.00000000,2269.00000000,0.13746221
147.00000000,2270.00000000,0.13768209
147.00000000,2271.00000000,0.13789807
147.00000000,2272.00000000,0.13811015
147.00000000,2273.00000000,0.13831834
147.00000000,2274.00000000,0.13852282
147.00000000,2275.00000000,0.13872360
147.00000000,2276.00000000,0.13892063
147.00000000,2277.00000000,0.13911413
147.00000000,2278.00000000,0.13930411
147.00000000,2279.00000000,0.13949049
147.00000000,2280.00000000,0.13967352
147.00000000,2281.00000000,0.13985305
147.00000000,2282.00000000,0.14002932
147.00000000,2283.00000000,0.14020225
147.00000000,2284.00000000,0.14037181
147.00000000,2285.00000000,0.14053822
147.00000000,2286.00000000,0.14070141
147.00000000,2287.00000000,0.14086133
147.00000000,2288.00000000,0.14101815
147.00000000,2289.00000000,0.14117186
147.00000000,2290.00000000,0.14132237
147.00000000,2291.00000000,0.14146987
147.00000000,2292.00000000,0.14161422
147.00000000,2293.00000000,0.14175559
147.00000000,2294.00000000,0.14189391
147.00000000,2295.00000000,0.14202909
147.00000000,2296.00000000,0.14216126
147.00000000,2297.00000000,0.14229026
147.00000000,2298.00000000,0.14186616
147.00000000,2299.00000000,0.14143821
147.00000000,2300.00000000,0.14100650
147.00000000,2301.00000000,0.14057103
147.00000000,2302.00000000,0.14013201
147.00000000,2303.00000000,0.13968945
147.00000000,2304.00000000,0.13924336
147.00000000,2305.00000000,0.13879396
147.00000000,2306.00000000,0.13834120
147.00000000,2307.00000000,0.13788528
147.00000000,2308.00000000,0.13742622
147.00000000,2309.00000000,0.13696403
147.00000000,2310.00000000,0.13649891
147.00000000,2311.00000000,0.13603087
147.00000000,2312.00000000,0.13555990
147.00000000,2313.00000000,0.13508622
147.00000000,2314.00000000,0.13460981
147.00000000,2315.00000000,0.13413069
147.00000000,2316.00000000,0.13364903
147.00000000,2317.00000000,0.13316480
147.00000000,2318.00000000,0.13267814
147.00000000,2319.00000000,0.13218905
147.00000000,2320.00000000,0.13169758
147.00000000,2321.00000000,0.13120385
147.00000000,2322.00000000,0.13070788
147.00000000,2323.00000000,0.13020965
147.00000000,2324.00000000,0.12970934
147.00000000,2325.00000000,0.12920694
147.00000000,2326.00000000,0.12870246
147.00000000,2327.00000000,0.12819601
147.00000000,2328.00000000,0.12768763
147.00000000,2329.00000000,0.12717731
147.00000000,2330.00000000,0.12666519
147.00000000,2331.00000000,0.12615120
147.00000000,2332.00000000,0.12563549
147.00000000,2333.00000000,0.12511806
147.00000000,2334.00000000,0.12459891
147.00000000,2335.00000000,0.12407816
147.00000000,2336.00000000,0.12355581
147.00000000,2337.00000000,0.12303186
147.00000000,2338.00000000,0.12250643
147.00000000,2339.00000000,0.12197951
147.00000000,2340.00000000,0.12145108
147.00000000,2341.00000000,0.12092130
147.00000000,2342.00000000,0.12039010
147.00000000,2343.00000000,0.11985759
147.00000000,2344.00000000,0.11932378
147.00000000,2345.00000000,0.11878865
147.00000000,2346.00000000,0.11825231
147.00000000,2347.00000000,0.11771477
147.00000000,2348.00000000,0.11717600
147.00000000,2349.00000000,0.11663612
147.00000000,2350.00000000,0.11609513
147.00000000,2351.00000000,0.11555301
147.00000000,2352.00000000,0.11500987
147.00000000,2353.00000000,0.11446572
147.00000000,2354.00000000,0.11392050
147.00000000,2355.00000000,0.11337439
147.00000000,2356.00000000,0.11282728
147.00000000,2357.00000000,0.11227930
147.00000000,2358.00000000,0.11173042
147.00000000,2359.00000000,0.11118065
147.00000000,2360.00000000,0.11063007
147.00000000,2361.00000000,0.11007869
147.00000000,2362.00000000,0.10952648
147.00000000,2363.00000000,0.10897356
147.00000000,2364.00000000,0.10841988
147.00000000,2365.00000000,0.10786545
147.00000000,2366.00000000,0.10731036
147.00000000,2367.00000000,0.10675456
147.00000000,2368.00000000,0.10619817
147.00000000,2369.00000000,0.10564114
147.00000000,2370.00000000,0.10508347
147.00000000,2371.00000000,0.10452525
147.00000000,2372.00000000,0.10396648
147.00000000,2373.00000000,0.10340712
147.00000000,2374.00000000,0.10284728
147.00000000,2375.00000000,0.10228696
147.00000000,2376.00000000,0.10172610
147.00000000,2377.00000000,0.10116483
147.00000000,2378.00000000,0.10060308
147.00000000,2379.00000000,0.10004094
147.00000000,2380.00000000,0.09947842
147.00000000,2381.00000000,0.09891547
147.00000000,2382.00000000,0.09835220
147.00000000,2383.00000000,0.09778858
147.00000000,2384.00000000,0.09722460
147.00000000,2385.00000000,0.09666036
147.00000000,2386.00000000,0.09609584
147.00000000,2387.00000000,0.09553100
147.00000000,2388.00000000,0.09496596
147.00000000,2389.00000000,0.09440068
147.00000000,2390.00000000,0.09383515
147.00000000,2391.00000000,0.09326947
147.00000000,2392.00000000,0.09270359
147.00000000,2393.00000000,0.09213761
147.00000000,2394.00000000,0.09157152
147.00000000,2395.00000000,0.09100536
147.00000000,2396.00000000,0.09055863
147.00000000,2397.00000000,0.09046344
147.00000000,2398.00000000,0.09046443
147.00000000,2399.00000000,0.09046563
147.00000000,2400.00000000,0.09046699
147.00000000,2401.00000000,0.09046846
147.00000000,2402.00000000,0.09047014
147.00000000,2403.00000000,0.09048699
147.00000000,2404.00000000,0.09050404
147.00000000,2405.00000000,0.09052125
147.00000000,2406.00000000,0.09053854
147.00000000,2407.00000000,0.09055603
147.00000000,2408.00000000,0.09054388
147.00000000,2409.00000000,0.09053181
147.00000000,2410.00000000,0.09051991
147.00000000,2411.00000000,0.09050812
147.00000000,2412.00000000,0.09049640
147.00000000,2413.00000000,0.09048484
147.00000000,2414.00000000,0.09047339
147.00000000,2415.00000000,0.09046199
147.00000000,2416.00000000,0.09045076
147.00000000,2417.00000000,0.09043957
147.00000000,2418.00000000,0.09042853
147.00000000,2419.00000000,0.09041758
147.00000000,2420.00000000,0.09040667
147.00000000,2421.00000000,0.09039590
147.00000000,2422.00000000,0.09038524
147.00000000,2423.00000000,0.09037331
147.00000000,2424.00000000,0.09036151
147.00000000,2425.00000000,0.09034980
147.00000000,2426.00000000,0.09033812
147.00000000,2427.00000000,0.09032656
147.00000000,2428.00000000,0.09031503
147.00000000,2429.00000000,0.09030362
147.00000000,2430.00000000,0.09029230
147.00000000,2431.00000000,0.09028097
147.00000000,2432.00000000,0.09026978
147.00000000,2433.00000000,0.09025865
147.00000000,2434.00000000,0.09024754
147.00000000,2435.00000000,0.09023653
147.00000000,2436.00000000,0.09022560
147.00000000,2437.00000000,0.09021467
147.00000000,2438.00000000,0.09020384
147.00000000,2439.00000000,0.09019302
147.00000000,2440.00000000,0.09018232
147.00000000,2441.00000000,0.09017167
147.00000000,2442.00000000,0.09016102
147.00000000,2443.00000000,0.09015047
147.00000000,2444.00000000,0.09013996
147.00000000,2445.00000000,0.09012946
147.00000000,2446.00000000,0.09011906
147.00000000,2447.00000000,0.09010871
147.00000000,2448.00000000,0.09010121
147.00000000,2449.00000000,0.09009382
147.00000000,2450.00000000,0.09008647
147.00000000,2451.00000000,0.09007910
147.00000000,2452.00000000,0.09007183
147.00000000,2453.00000000,0.09006454
147.00000000,2454.00000000,0.09005735
147.00000000,2455.00000000,0.09005019
147.00000000,2456.00000000,0.09004301
147.00000000,2457.00000000,0.09003592
147.00000000,2458.00000000,0.09002886
147.00000000,2459.00000000,0.09002178
147.00000000,2460.00000000,0.09001477
147.00000000,2461.00000000,0.09000781
147.00000000,2462.00000000,0.09000081
147.00000000,2463.00000000,0.08999389
147.00000000,2464.00000000,0.08998695
147.00000000,2465.00000000,0.08998010
147.00000000,2466.00000000,0.08997325
147.00000000,2467.00000000,0.08996638
147.00000000,2468.00000000,0.08995960
147.00000000,2469.00000000,0.08995284
147.00000000,2470.00000000,0.08994604
147.00000000,2471.00000000,0.08993932
147.00000000,2472.00000000,0.08993263
147.00000000,2473.00000000,0.08992590
147.00000000,2474.00000000,0.08991925
147.00000000,2475.00000000,0.08991261
147.00000000,2476.00000000,0.08990593
147.00000000,2477.00000000,0.08989933
147.00000000,2478.00000000,0.08989269
147.00000000,2479.00000000,0.08988612
147.00000000,2480.00000000,0.08987959
147.00000000,2481.00000000,0.08987299
147.00000000,2482.00000000,0.08986647
147.00000000,2483.00000000,0.08985998
147.00000000,2484.00000000,0.08985342
147.00000000,2485.00000000,0.08984695
147.00000000,2486.00000000,0.08984050
147.00000000,2487.00000000,0.08983398
147.00000000,2488.00000000,0.08982754
147.00000000,2489.00000000,0.08982106
147.00000000,2490.00000000,0.08981465
147.00000000,2491.00000000,0.08980825
147.00000000,2492.00000000,0.08980179
147.00000000,2493.00000000,0.08979541
147.00000000,2494.00000000,0.08978904
147.00000000,2495.00000000,0.08978260
147.00000000,2496.00000000,0.08977626
147.00000000,2497.00000000,0.08976991
147.00000000,2498.00000000,0.08976270
147.00000000,2499.00000000,0.08975556
147.00000000,2500.00000000,0.08974843
148.00000000,1765.00000000,0.06272590
148.00000000,1766.00000000,0.06272593
148.00000000,1767.00000000,0.06272594
148.00000000,1768.00000000,0.06272621
148.00000000,1769.00000000,0.06272623
148.00000000,1770.00000000,0.06272655
148.00000000,1771.00000000,0.06272703
148.00000000,1772.00000000,0.06272765
148.00000000,1773.00000000,0.06272831
148.00000000,1774.00000000,0.06272904
148.00000000,1775.00000000,0.06273005
148.00000000,1776.00000000,0.06273107
148.00000000,1777.00000000,0.06273226
148.00000000,1778.00000000,0.06273348
148.00000000,1779.00000000,0.06273495
148.00000000,1780.00000000,0.06273636
148.00000000,1781.00000000,0.06273802
148.00000000,1782.00000000,0.06273980
148.00000000,1783.00000000,0.06274150
148.00000000,1784.00000000,0.06274350
148.00000000,1785.00000000,0.06274556
148.00000000,1786.00000000,0.06274752
148.00000000,1787.00000000,0.06274976
148.00000000,1788.00000000,0.06275199
148.00000000,1789.00000000,0.06275420
148.00000000,1790.00000000,0.06275667
148.00000000,1791.00000000,0.06275922
148.00000000,1792.00000000,0.06276157
148.00000000,1793.00000000,0.06276413
148.00000000,1794.00000000,0.06276676
148.00000000,1795.00000000,0.06276944
148.00000000,1796.00000000,0.06277215
148.00000000,1797.00000000,0.06277501
148.00000000,1798.00000000,0.06277778
148.00000000,1799.00000000,0.06278074
148.00000000,1800.00000000,0.06278346
148.00000000,1801.00000000,0.06278634
148.00000000,1802.00000000,0.06278930
148.00000000,1803.00000000,0.06279243
148.00000000,1804.00000000,0.06279536
148.00000000,1805.00000000,0.06279841
148.00000000,1806.00000000,0.06280148
148.00000000,1807.00000000,0.06280455
148.00000000,1808.00000000,0.06280769
148.00000000,1809.00000000,0.06281091
148.00000000,1810.00000000,0.06281391
148.00000000,1811.00000000,0.06281715
148.00000000,1812.00000000,0.06282034
148.00000000,1813.00000000,0.06282352
148.00000000,1814.00000000,0.06282673
148.00000000,1815.00000000,0.06282997
148.00000000,1816.00000000,0.06283328
148.00000000,1817.00000000,0.06283651
148.00000000,1818.00000000,0.06283973
148.00000000,1819.00000000,0.06284290
148.00000000,1820.00000000,0.06284619
148.00000000,1821.00000000,0.06284942
148.00000000,1822.00000000,0.06285273
148.00000000,1823.00000000,0.06285598
148.00000000,1824.00000000,0.06285928
148.00000000,1825.00000000,0.06286248
148.00000000,1826.00000000,0.06286572
148.00000000,1827.00000000,0.06286904
148.00000000,1828.00000000,0.06287226
148.00000000,1829.00000000,0.06287545
148.00000000,1830.00000000,0.06287865
148.00000000,1831.00000000,0.06288192
148.00000000,1832.00000000,0.06288507
148.00000000,1833.00000000,0.06288822
148.00000000,1834.00000000,0.06289136
148.00000000,1835.00000000,0.06289456
148.00000000,1836.00000000,0.06289769
148.00000000,1837.00000000,0.06290077
148.00000000,1838.00000000,0.06290389
148.00000000,1839.00000000,0.06290695
148.00000000,1840.00000000,0.06290999
148.00000000,1841.00000000,0.06291299
148.00000000,1842.00000000,0.06291601
148.00000000,1843.00000000,0.06291900
148.00000000,1844.00000000,0.06292197
148.00000000,1845.00000000,0.06292489
148.00000000,1846.00000000,0.06292780
148.00000000,1847.00000000,0.06293064
148.00000000,1848.00000000,0.06293346
148.00000000,1849.00000000,0.06293635
148.00000000,1850.00000000,0.06293913
148.00000000,1851.00000000,0.06294181
148.00000000,1852.00000000,0.06294460
148.00000000,1853.00000000,0.06294747
148.00000000,1854.00000000,0.06295057
148.00000000,1855.00000000,0.06295366
148.00000000,1856.00000000,0.06295663
148.00000000,1857.00000000,0.06295938
148.00000000,1858.00000000,0.06296223
148.00000000,1859.00000000,0.06296495
148.00000000,1860.00000000,0.06296764
148.00000000,1861.00000000,0.06297031
148.00000000,1862.00000000,0.06297271
148.00000000,1863.00000000,0.06297462
148.00000000,1864.00000000,0.06297609
148.00000000,1865.00000000,0.06297725
148.00000000,1866.00000000,0.06297803
148.00000000,1867.00000000,0.06297860
148.00000000,1868.00000000,0.06297898
148.00000000,1869.00000000,0.06297909
148.00000000,1870.00000000,0.06297902
148.00000000,1871.00000000,0.06297876
148.00000000,1872.00000000,0.06297863
148.00000000,1873.00000000,0.06297907
148.00000000,1874.00000000,0.06297996
148.00000000,1875.00000000,0.06298110
148.00000000,1876.00000000,0.06298250
148.00000000,1877.00000000,0.06298401
148.00000000,1878.00000000,0.06298569
148.00000000,1879.00000000,0.06298747
148.00000000,1880.00000000,0.06298929
148.00000000,1881.00000000,0.06299114
148.00000000,1882.00000000,0.06299296
148.00000000,1883.00000000,0.06299443
148.00000000,1884.00000000,0.06299561
148.00000000,1885.00000000,0.06299648
148.00000000,1886.00000000,0.06299727
148.00000000,1887.00000000,0.06299795
148.00000000,1888.00000000,0.06299841
148.00000000,1889.00000000,0.06299870
148.00000000,1890.00000000,0.06299869
148.00000000,1891.00000000,0.06299846
148.00000000,1892.00000000,0.06299795
148.00000000,1893.00000000,0.06299732
148.00000000,1894.00000000,0.06299670
148.00000000,1895.00000000,0.06299617
148.00000000,1896.00000000,0.06299569
148.00000000,1897.00000000,0.06299515
148.00000000,1898.00000000,0.06299454
148.00000000,1899.00000000,0.06299378
148.00000000,1900.00000000,0.06299281
148.00000000,1901.00000000,0.06299162
148.00000000,1902.00000000,0.06299057
148.00000000,1903.00000000,0.06298957
148.00000000,1904.00000000,0.06298873
148.00000000,1905.00000000,0.06298808
148.00000000,1906.00000000,0.06298764
148.00000000,1907.00000000,0.06298738
148.00000000,1908.00000000,0.06298707
148.00000000,1909.00000000,0.06298677
148.00000000,1910.00000000,0.06298655
148.00000000,1911.00000000,0.06298625
148.00000000,1912.00000000,0.06298550
148.00000000,1913.00000000,0.06298407
148.00000000,1914.00000000,0.06298778
148.00000000,1915.00000000,0.06298530
148.00000000,1916.00000000,0.06298287
148.00000000,1917.00000000,0.06298051
148.00000000,1918.00000000,0.06297805
148.00000000,1919.00000000,0.06297763
148.00000000,1920.00000000,0.06297581
148.00000000,1921.00000000,0.06297458
148.00000000,1922.00000000,0.06297415
148.00000000,1923.00000000,0.06297436
148.00000000,1924.00000000,0.06297474
148.00000000,1925.00000000,0.06297503
148.00000000,1926.00000000,0.06297530
148.00000000,1927.00000000,0.06297562
148.00000000,1928.00000000,0.06297609
148.00000000,1929.00000000,0.06297849
148.00000000,1930.00000000,0.06297916
148.00000000,1931.00000000,0.06298072
148.00000000,1932.00000000,0.06298336
148.00000000,1933.00000000,0.06298666
148.00000000,1934.00000000,0.06299040
148.00000000,1935.00000000,0.06299419
148.00000000,1936.00000000,0.06299752
148.00000000,1937.00000000,0.06300016
148.00000000,1938.00000000,0.06300170
148.00000000,1939.00000000,0.06300454
148.00000000,1940.00000000,0.06300488
148.00000000,1941.00000000,0.06300444
148.00000000,1942.00000000,0.06300311
148.00000000,1943.00000000,0.06300124
148.00000000,1944.00000000,0.06299897
148.00000000,1945.00000000,0.06299865
148.00000000,1946.00000000,0.06299720
148.00000000,1947.00000000,0.06299711
148.00000000,1948.00000000,0.06299967
148.00000000,1949.00000000,0.06300037
148.00000000,1950.00000000,0.06300482
148.00000000,1951.00000000,0.06300340
148.00000000,1952.00000000,0.06300447
148.00000000,1953.00000000,0.06300581
148.00000000,1954.00000000,0.06300901
148.00000000,1955.00000000,0.06301054
148.00000000,1956.00000000,0.06301210
148.00000000,1957.00000000,0.06301347
148.00000000,1958.00000000,0.06301442
148.00000000,1959.00000000,0.06301681
148.00000000,1960.00000000,0.06301584
148.00000000,1961.00000000,0.06301336
148.00000000,1962.00000000,0.06301014
148.00000000,1963.00000000,0.06300815
148.00000000,1964.00000000,0.06300525
148.00000000,1965.00000000,0.06300130
148.00000000,1966.00000000,0.06299417
148.00000000,1967.00000000,0.06298597
148.00000000,1968.00000000,0.06297652
148.00000000,1969.00000000,0.06296526
148.00000000,1970.00000000,0.06295394
148.00000000,1971.00000000,0.06293987
148.00000000,1972.00000000,0.06292039
148.00000000,1973.00000000,0.06289991
148.00000000,1974.00000000,0.06287510
148.00000000,1975.00000000,0.06285072
148.00000000,1976.00000000,0.06282400
148.00000000,1977.00000000,0.06279741
148.00000000,1978.00000000,0.06278224
148.00000000,1979.00000000,0.06275324
148.00000000,1980.00000000,0.06272558
148.00000000,1981.00000000,0.06269968
148.00000000,1982.00000000,0.06267350
148.00000000,1983.00000000,0.06265259
148.00000000,1984.00000000,0.06264091
148.00000000,1985.00000000,0.06262406
148.00000000,1986.00000000,0.06261052
148.00000000,1987.00000000,0.06259778
148.00000000,1988.00000000,0.06258705
148.00000000,1989.00000000,0.06257414
148.00000000,1990.00000000,0.06256271
148.00000000,1991.00000000,0.06254915
148.00000000,1992.00000000,0.06253788
148.00000000,1993.00000000,0.06253094
148.00000000,1994.00000000,0.06251717
148.00000000,1995.00000000,0.06250991
148.00000000,1996.00000000,0.06249889
148.00000000,1997.00000000,0.06249133
148.00000000,1998.00000000,0.06248509
148.00000000,1999.00000000,0.06247101
148.00000000,2000.00000000,0.06246291
148.00000000,2001.00000000,0.06245266
148.00000000,2002.00000000,0.06245733
148.00000000,2003.00000000,0.06244664
148.00000000,2004.00000000,0.06244072
148.00000000,2005.00000000,0.06242486
148.00000000,2006.00000000,0.06240577
148.00000000,2007.00000000,0.06239113
148.00000000,2008.00000000,0.06237923
148.00000000,2009.00000000,0.06235704
148.00000000,2010.00000000,0.06232860
148.00000000,2011.00000000,0.06230749
148.00000000,2012.00000000,0.06228630
148.00000000,2013.00000000,0.06226103
148.00000000,2014.00000000,0.06222605
148.00000000,2015.00000000,0.06219896
148.00000000,2016.00000000,0.06216376
148.00000000,2017.00000000,0.06213052
148.00000000,2018.00000000,0.06209172
148.00000000,2019.00000000,0.06205891
148.00000000,2020.00000000,0.06203981
148.00000000,2021.00000000,0.06200783
148.00000000,2022.00000000,0.06193460
148.00000000,2023.00000000,0.06190570
148.00000000,2024.00000000,0.06185491
148.00000000,2025.00000000,0.06180329
148.00000000,2026.00000000,0.06174799
148.00000000,2027.00000000,0.06171561
148.00000000,2028.00000000,0.06170523
148.00000000,2029.00000000,0.06165845
148.00000000,2030.00000000,0.06162235
148.00000000,2031.00000000,0.06159135
148.00000000,2032.00000000,0.06153530
148.00000000,2033.00000000,0.06147657
148.00000000,2034.00000000,0.06142072
148.00000000,2035.00000000,0.06138262
148.00000000,2036.00000000,0.06137708
148.00000000,2037.00000000,0.06131087
148.00000000,2038.00000000,0.06129772
148.00000000,2039.00000000,0.06125947
148.00000000,2040.00000000,0.06119434
148.00000000,2041.00000000,0.06111728
148.00000000,2042.00000000,0.06107088
148.00000000,2043.00000000,0.06104192
148.00000000,2044.00000000,0.06099331
148.00000000,2045.00000000,0.06095834
148.00000000,2046.00000000,0.06092957
148.00000000,2047.00000000,0.06093094
148.00000000,2048.00000000,0.06090363
148.00000000,2049.00000000,0.06085874
148.00000000,2050.00000000,0.06080562
148.00000000,2051.00000000,0.06081925
148.00000000,2052.00000000,0.06075149
148.00000000,2053.00000000,0.06074128
148.00000000,2054.00000000,0.06073922
148.00000000,2055.00000000,0.06079604
148.00000000,2056.00000000,0.06065035
148.00000000,2057.00000000,0.06062897
148.00000000,2058.00000000,0.06060478
148.00000000,2059.00000000,0.06054895
148.00000000,2060.00000000,0.06053914
148.00000000,2061.00000000,0.06056623
148.00000000,2062.00000000,0.06031094
148.00000000,2063.00000000,0.06020168
148.00000000,2064.00000000,0.06022751
148.00000000,2065.00000000,0.06023784
148.00000000,2066.00000000,0.06011863
148.00000000,2067.00000000,0.05980295
148.00000000,2068.00000000,0.05994414
148.00000000,2069.00000000,0.05963327
148.00000000,2070.00000000,0.05962734
148.00000000,2071.00000000,0.05976931
148.00000000,2072.00000000,0.05967900
148.00000000,2073.00000000,0.05962405
148.00000000,2074.00000000,0.05956394
148.00000000,2075.00000000,0.05963073
148.00000000,2076.00000000,0.05956569
148.00000000,2077.00000000,0.05963745
148.00000000,2078.00000000,0.05940943
148.00000000,2079.00000000,0.05914664
148.00000000,2080.00000000,0.05892089
148.00000000,2081.00000000,0.05893984
148.00000000,2082.00000000,0.05902001
148.00000000,2083.00000000,0.05905702
148.00000000,2084.00000000,0.05918134
148.00000000,2085.00000000,0.05926587
148.00000000,2086.00000000,0.05909938
148.00000000,2087.00000000,0.05913787
148.00000000,2088.00000000,0.05927691
148.00000000,2089.00000000,0.05929339
148.00000000,2090.00000000,0.05926521
148.00000000,2091.00000000,0.05930968
148.00000000,2092.00000000,0.05925805
148.00000000,2093.00000000,0.05883914
148.00000000,2094.00000000,0.05894095
148.00000000,2095.00000000,0.05917604
148.00000000,2096.00000000,0.05928159
148.00000000,2097.00000000,0.05917216
148.00000000,2098.00000000,0.05951273
148.00000000,2099.00000000,0.05973073
148.00000000,2100.00000000,0.05976294
148.00000000,2101.00000000,0.05982651
148.00000000,2102.00000000,0.05985670
148.00000000,2103.00000000,0.06015224
148.00000000,2104.00000000,0.06037684
148.00000000,2105.00000000,0.06053050
148.00000000,2106.00000000,0.06063196
148.00000000,2107.00000000,0.06085809
148.00000000,2108.00000000,0.06105741
148.00000000,2109.00000000,0.06109252
148.00000000,2110.00000000,0.06128108
148.00000000,2111.00000000,0.06154317
148.00000000,2112.00000000,0.06182777
148.00000000,2113.00000000,0.06207542
148.00000000,2114.00000000,0.06236402
148.00000000,2115.00000000,0.06256306
148.00000000,2116.00000000,0.06288407
148.00000000,2117.00000000,0.06326602
148.00000000,2118.00000000,0.06375772
148.00000000,2119.00000000,0.06404627
148.00000000,2120.00000000,0.06435821
148.00000000,2121.00000000,0.06478631
148.00000000,2122.00000000,0.06483252
148.00000000,2123.00000000,0.06481610
148.00000000,2124.00000000,0.06530200
148.00000000,2125.00000000,0.06558344
148.00000000,2126.00000000,0.06574803
148.00000000,2127.00000000,0.06626058
148.00000000,2128.00000000,0.06620642
148.00000000,2129.00000000,0.06596981
148.00000000,2130.00000000,0.06594154
148.00000000,2131.00000000,0.06595516
148.00000000,2132.00000000,0.06630165
148.00000000,2133.00000000,0.06660581
148.00000000,2134.00000000,0.06693149
148.00000000,2135.00000000,0.06721971
148.00000000,2136.00000000,0.06762332
148.00000000,2137.00000000,0.06788335
148.00000000,2138.00000000,0.06802658
148.00000000,2139.00000000,0.06823102
148.00000000,2140.00000000,0.06808691
148.00000000,2141.00000000,0.06815021
148.00000000,2142.00000000,0.06840268
148.00000000,2143.00000000,0.06867648
148.00000000,2144.00000000,0.06896490
148.00000000,2145.00000000,0.06920588
148.00000000,2146.00000000,0.06921318
148.00000000,2147.00000000,0.06924209
148.00000000,2148.00000000,0.06958310
148.00000000,2149.00000000,0.06991749
148.00000000,2150.00000000,0.07007311
148.00000000,2151.00000000,0.07070754
148.00000000,2152.00000000,0.07142750
148.00000000,2153.00000000,0.07200623
148.00000000,2154.00000000,0.07240750
148.00000000,2155.00000000,0.07281416
148.00000000,2156.00000000,0.07322638
148.00000000,2157.00000000,0.07364370
148.00000000,2158.00000000,0.07406614
148.00000000,2159.00000000,0.07461150
148.00000000,2160.00000000,0.07516204
148.00000000,2161.00000000,0.07571774
148.00000000,2162.00000000,0.07627846
148.00000000,2163.00000000,0.07684409
148.00000000,2164.00000000,0.07741459
148.00000000,2165.00000000,0.07798985
148.00000000,2166.00000000,0.07856974
148.00000000,2167.00000000,0.07915423
148.00000000,2168.00000000,0.07974321
148.00000000,2169.00000000,0.08028413
148.00000000,2170.00000000,0.08082932
148.00000000,2171.00000000,0.08137871
148.00000000,2172.00000000,0.08193229
148.00000000,2173.00000000,0.08249003
148.00000000,2174.00000000,0.08305188
148.00000000,2175.00000000,0.08361788
148.00000000,2176.00000000,0.08418799
148.00000000,2177.00000000,0.08476220
148.00000000,2178.00000000,0.08534058
148.00000000,2179.00000000,0.08603334
148.00000000,2180.00000000,0.08673048
148.00000000,2181.00000000,0.08743201
148.00000000,2182.00000000,0.08813787
148.00000000,2183.00000000,0.08884799
148.00000000,2184.00000000,0.08956237
148.00000000,2185.00000000,0.09028094
148.00000000,2186.00000000,0.09100370
148.00000000,2187.00000000,0.09173061
148.00000000,2188.00000000,0.09246164
148.00000000,2189.00000000,0.09327808
148.00000000,2190.00000000,0.09409883
148.00000000,2191.00000000,0.09492380
148.00000000,2192.00000000,0.09575299
148.00000000,2193.00000000,0.09658631
148.00000000,2194.00000000,0.09742368
148.00000000,2195.00000000,0.09826510
148.00000000,2196.00000000,0.09911045
148.00000000,2197.00000000,0.09995973
148.00000000,2198.00000000,0.10081286
148.00000000,2199.00000000,0.10166511
148.00000000,2200.00000000,0.10252109
148.00000000,2201.00000000,0.10338073
148.00000000,2202.00000000,0.10424393
148.00000000,2203.00000000,0.10511069
148.00000000,2204.00000000,0.10598091
148.00000000,2205.00000000,0.10685449
148.00000000,2206.00000000,0.10773141
148.00000000,2207.00000000,0.10861155
148.00000000,2208.00000000,0.10949477
148.00000000,2209.00000000,0.11019848
148.00000000,2210.00000000,0.11090451
148.00000000,2211.00000000,0.11161288
148.00000000,2212.00000000,0.11232354
148.00000000,2213.00000000,0.11303642
148.00000000,2214.00000000,0.11375153
148.00000000,2215.00000000,0.11446884
148.00000000,2216.00000000,0.11518826
148.00000000,2217.00000000,0.11590978
148.00000000,2218.00000000,0.11663332
148.00000000,2219.00000000,0.11719180
148.00000000,2220.00000000,0.11775163
148.00000000,2221.00000000,0.11831275
148.00000000,2222.00000000,0.11887523
148.00000000,2223.00000000,0.11943903
148.00000000,2224.00000000,0.12000413
148.00000000,2225.00000000,0.12057054
148.00000000,2226.00000000,0.12113824
148.00000000,2227.00000000,0.12170718
148.00000000,2228.00000000,0.12227740
148.00000000,2229.00000000,0.12275424
148.00000000,2230.00000000,0.12323191
148.00000000,2231.00000000,0.12371047
148.00000000,2232.00000000,0.12418987
148.00000000,2233.00000000,0.12467019
148.00000000,2234.00000000,0.12515139
148.00000000,2235.00000000,0.12563343
148.00000000,2236.00000000,0.12611638
148.00000000,2237.00000000,0.12660020
148.00000000,2238.00000000,0.12708485
148.00000000,2239.00000000,0.12747138
148.00000000,2240.00000000,0.12785836
148.00000000,2241.00000000,0.12824579
148.00000000,2242.00000000,0.12863376
148.00000000,2243.00000000,0.12902223
148.00000000,2244.00000000,0.12941116
148.00000000,2245.00000000,0.12980068
148.00000000,2246.00000000,0.13019070
148.00000000,2247.00000000,0.13058130
148.00000000,2248.00000000,0.13097244
148.00000000,2249.00000000,0.13128677
148.00000000,2250.00000000,0.13160039
148.00000000,2251.00000000,0.13191157
148.00000000,2252.00000000,0.13221870
148.00000000,2253.00000000,0.13252102
148.00000000,2254.00000000,0.13281807
148.00000000,2255.00000000,0.13310972
148.00000000,2256.00000000,0.13339601
148.00000000,2257.00000000,0.13367685
148.00000000,2258.00000000,0.13395238
148.00000000,2259.00000000,0.13422262
148.00000000,2260.00000000,0.13448763
148.00000000,2261.00000000,0.13474761
148.00000000,2262.00000000,0.13500275
148.00000000,2263.00000000,0.13525317
148.00000000,2264.00000000,0.13549911
148.00000000,2265.00000000,0.13574065
148.00000000,2266.00000000,0.13597782
148.00000000,2267.00000000,0.13621082
148.00000000,2268.00000000,0.13643966
148.00000000,2269.00000000,0.13666439
148.00000000,2270.00000000,0.13688518
148.00000000,2271.00000000,0.13710197
148.00000000,2272.00000000,0.13731494
148.00000000,2273.00000000,0.13752412
148.00000000,2274.00000000,0.13772948
148.00000000,2275.00000000,0.13793122
148.00000000,2276.00000000,0.13812933
148.00000000,2277.00000000,0.13832380
148.00000000,2278.00000000,0.13851480
148.00000000,2279.00000000,0.13870235
148.00000000,2280.00000000,0.13888639
148.00000000,2281.00000000,0.13906712
148.00000000,2282.00000000,0.13924446
148.00000000,2283.00000000,0.13941855
148.00000000,2284.00000000,0.13958942
148.00000000,2285.00000000,0.13975696
148.00000000,2286.00000000,0.13992141
148.00000000,2287.00000000,0.14008267
148.00000000,2288.00000000,0.14024076
148.00000000,2289.00000000,0.14039579
148.00000000,2290.00000000,0.14054776
148.00000000,2291.00000000,0.14069658
148.00000000,2292.00000000,0.14084245
148.00000000,2293.00000000,0.14098521
148.00000000,2294.00000000,0.14112504
148.00000000,2295.00000000,0.14126185
148.00000000,2296.00000000,0.14139560
148.00000000,2297.00000000,0.14152635
148.00000000,2298.00000000,0.14165402
148.00000000,2299.00000000,0.14123105
148.00000000,2300.00000000,0.14080430
148.00000000,2301.00000000,0.14037383
148.00000000,2302.00000000,0.13993963
148.00000000,2303.00000000,0.13950192
148.00000000,2304.00000000,0.13906072
148.00000000,2305.00000000,0.13861602
148.00000000,2306.00000000,0.13816806
148.00000000,2307.00000000,0.13771677
148.00000000,2308.00000000,0.13726237
148.00000000,2309.00000000,0.13680487
148.00000000,2310.00000000,0.13634427
148.00000000,2311.00000000,0.13588077
148.00000000,2312.00000000,0.13541439
148.00000000,2313.00000000,0.13494512
148.00000000,2314.00000000,0.13447317
148.00000000,2315.00000000,0.13399852
148.00000000,2316.00000000,0.13352118
148.00000000,2317.00000000,0.13304135
148.00000000,2318.00000000,0.13255896
148.00000000,2319.00000000,0.13207418
148.00000000,2320.00000000,0.13158699
148.00000000,2321.00000000,0.13109745
148.00000000,2322.00000000,0.13060567
148.00000000,2323.00000000,0.13011167
148.00000000,2324.00000000,0.12961544
148.00000000,2325.00000000,0.12911716
148.00000000,2326.00000000,0.12861680
148.00000000,2327.00000000,0.12811438
148.00000000,2328.00000000,0.12761003
148.00000000,2329.00000000,0.12710374
148.00000000,2330.00000000,0.12659554
148.00000000,2331.00000000,0.12608555
148.00000000,2332.00000000,0.12557373
148.00000000,2333.00000000,0.12506020
148.00000000,2334.00000000,0.12454496
148.00000000,2335.00000000,0.12402800
148.00000000,2336.00000000,0.12350947
148.00000000,2337.00000000,0.12298936
148.00000000,2338.00000000,0.12246766
148.00000000,2339.00000000,0.12194449
148.00000000,2340.00000000,0.12141984
148.00000000,2341.00000000,0.12089372
148.00000000,2342.00000000,0.12036624
148.00000000,2343.00000000,0.11983735
148.00000000,2344.00000000,0.11930717
148.00000000,2345.00000000,0.11877569
148.00000000,2346.00000000,0.11824289
148.00000000,2347.00000000,0.11770893
148.00000000,2348.00000000,0.11717376
148.00000000,2349.00000000,0.11663735
148.00000000,2350.00000000,0.11609988
148.00000000,2351.00000000,0.11556128
148.00000000,2352.00000000,0.11502156
148.00000000,2353.00000000,0.11448084
148.00000000,2354.00000000,0.11393911
148.00000000,2355.00000000,0.11339634
148.00000000,2356.00000000,0.11285265
148.00000000,2357.00000000,0.11230799
148.00000000,2358.00000000,0.11176246
148.00000000,2359.00000000,0.11121605
148.00000000,2360.00000000,0.11066874
148.00000000,2361.00000000,0.11012066
148.00000000,2362.00000000,0.10957176
148.00000000,2363.00000000,0.10902203
148.00000000,2364.00000000,0.10847159
148.00000000,2365.00000000,0.10792041
148.00000000,2366.00000000,0.10736847
148.00000000,2367.00000000,0.10681591
148.00000000,2368.00000000,0.10626262
148.00000000,2369.00000000,0.10570873
148.00000000,2370.00000000,0.10515423
148.00000000,2371.00000000,0.10459908
148.00000000,2372.00000000,0.10404339
148.00000000,2373.00000000,0.10348714
148.00000000,2374.00000000,0.10293032
148.00000000,2375.00000000,0.10237302
148.00000000,2376.00000000,0.10181523
148.00000000,2377.00000000,0.10125691
148.00000000,2378.00000000,0.10069818
148.00000000,2379.00000000,0.10013897
148.00000000,2380.00000000,0.09957940
148.00000000,2381.00000000,0.09901942
148.00000000,2382.00000000,0.09845903
148.00000000,2383.00000000,0.09789831
148.00000000,2384.00000000,0.09733727
148.00000000,2385.00000000,0.09677584
148.00000000,2386.00000000,0.09621417
148.00000000,2387.00000000,0.09565220
148.00000000,2388.00000000,0.09508993
148.00000000,2389.00000000,0.09452745
148.00000000,2390.00000000,0.09396475
148.00000000,2391.00000000,0.09340179
148.00000000,2392.00000000,0.09283868
148.00000000,2393.00000000,0.09227537
148.00000000,2394.00000000,0.09171195
148.00000000,2395.00000000,0.09114845
148.00000000,2396.00000000,0.09058486
148.00000000,2397.00000000,0.09014016
148.00000000,2398.00000000,0.09004537
148.00000000,2399.00000000,0.09004632
148.00000000,2400.00000000,0.09004748
148.00000000,2401.00000000,0.09004880
148.00000000,2402.00000000,0.09005022
148.00000000,2403.00000000,0.09005187
148.00000000,2404.00000000,0.09006861
148.00000000,2405.00000000,0.09008555
148.00000000,2406.00000000,0.09010265
148.00000000,2407.00000000,0.09011984
148.00000000,2408.00000000,0.09013722
148.00000000,2409.00000000,0.09012510
148.00000000,2410.00000000,0.09011304
148.00000000,2411.00000000,0.09010116
148.00000000,2412.00000000,0.09008940
148.00000000,2413.00000000,0.09007769
148.00000000,2414.00000000,0.09006616
148.00000000,2415.00000000,0.09005473
148.00000000,2416.00000000,0.09004335
148.00000000,2417.00000000,0.09003212
148.00000000,2418.00000000,0.09002095
148.00000000,2419.00000000,0.09000992
148.00000000,2420.00000000,0.08999898
148.00000000,2421.00000000,0.08998810
148.00000000,2422.00000000,0.08997735
148.00000000,2423.00000000,0.08996669
148.00000000,2424.00000000,0.08995477
148.00000000,2425.00000000,0.08994301
148.00000000,2426.00000000,0.08993131
148.00000000,2427.00000000,0.08991964
148.00000000,2428.00000000,0.08990810
148.00000000,2429.00000000,0.08989658
148.00000000,2430.00000000,0.08988520
148.00000000,2431.00000000,0.08987387
148.00000000,2432.00000000,0.08986258
148.00000000,2433.00000000,0.08985139
148.00000000,2434.00000000,0.08984028
148.00000000,2435.00000000,0.08982917
148.00000000,2436.00000000,0.08981818
148.00000000,2437.00000000,0.08980726
148.00000000,2438.00000000,0.08979634
148.00000000,2439.00000000,0.08978552
148.00000000,2440.00000000,0.08977472
148.00000000,2441.00000000,0.08976402
148.00000000,2442.00000000,0.08975338
148.00000000,2443.00000000,0.08974274
148.00000000,2444.00000000,0.08973219
148.00000000,2445.00000000,0.08972170
148.00000000,2446.00000000,0.08971120
148.00000000,2447.00000000,0.08970081
148.00000000,2448.00000000,0.08969047
148.00000000,2449.00000000,0.08968297
148.00000000,2450.00000000,0.08967557
148.00000000,2451.00000000,0.08966821
148.00000000,2452.00000000,0.08966083
148.00000000,2453.00000000,0.08965354
148.00000000,2454.00000000,0.08964625
148.00000000,2455.00000000,0.08963904
148.00000000,2456.00000000,0.08963187
148.00000000,2457.00000000,0.08962467
148.00000000,2458.00000000,0.08961757
148.00000000,2459.00000000,0.08961049
148.00000000,2460.00000000,0.08960339
148.00000000,2461.00000000,0.08959638
148.00000000,2462.00000000,0.08958940
148.00000000,2463.00000000,0.08958238
148.00000000,2464.00000000,0.08957546
148.00000000,2465.00000000,0.08956849
148.00000000,2466.00000000,0.08956162
148.00000000,2467.00000000,0.08955478
148.00000000,2468.00000000,0.08954789
148.00000000,2469.00000000,0.08954109
148.00000000,2470.00000000,0.08953432
148.00000000,2471.00000000,0.08952750
148.00000000,2472.00000000,0.08952077
148.00000000,2473.00000000,0.08951406
148.00000000,2474.00000000,0.08950731
148.00000000,2475.00000000,0.08950064
148.00000000,2476.00000000,0.08949399
148.00000000,2477.00000000,0.08948729
148.00000000,2478.00000000,0.08948067
148.00000000,2479.00000000,0.08947402
148.00000000,2480.00000000,0.08946743
148.00000000,2481.00000000,0.08946087
148.00000000,2482.00000000,0.08945426
148.00000000,2483.00000000,0.08944772
148.00000000,2484.00000000,0.08944121
148.00000000,2485.00000000,0.08943464
148.00000000,2486.00000000,0.08942815
148.00000000,2487.00000000,0.08942168
148.00000000,2488.00000000,0.08941514
148.00000000,2489.00000000,0.08940869
148.00000000,2490.00000000,0.08940218
148.00000000,2491.00000000,0.08939576
148.00000000,2492.00000000,0.08938934
148.00000000,2493.00000000,0.08938286
148.00000000,2494.00000000,0.08937646
148.00000000,2495.00000000,0.08937009
148.00000000,2496.00000000,0.08936363
148.00000000,2497.00000000,0.08935727
148.00000000,2498.00000000,0.08935090
148.00000000,2499.00000000,0.08934367
148.00000000,2500.00000000,0.08933652
149.00000000,1765.00000000,0.06236445
149.00000000,1766.00000000,0.06236446
149.00000000,1767.00000000,0.06236454
149.00000000,1768.00000000,0.06236461
149.00000000,1769.00000000,0.06236498
149.00000000,1770.00000000,0.06236510
149.00000000,1771.00000000,0.06236554
149.00000000,1772.00000000,0.06236614
149.00000000,1773.00000000,0.06236688
149.00000000,1774.00000000,0.06236765
149.00000000,1775.00000000,0.06236850
149.00000000,1776.00000000,0.06236962
149.00000000,1777.00000000,0.06237076
149.00000000,1778.00000000,0.06237206
149.00000000,1779.00000000,0.06237338
149.00000000,1780.00000000,0.06237496
149.00000000,1781.00000000,0.06237647
149.00000000,1782.00000000,0.06237821
149.00000000,1783.00000000,0.06238007
149.00000000,1784.00000000,0.06238185
149.00000000,1785.00000000,0.06238393
149.00000000,1786.00000000,0.06238606
149.00000000,1787.00000000,0.06238809
149.00000000,1788.00000000,0.06239039
149.00000000,1789.00000000,0.06239269
149.00000000,1790.00000000,0.06239496
149.00000000,1791.00000000,0.06239748
149.00000000,1792.00000000,0.06240008
149.00000000,1793.00000000,0.06240247
149.00000000,1794.00000000,0.06240507
149.00000000,1795.00000000,0.06240774
149.00000000,1796.00000000,0.06241045
149.00000000,1797.00000000,0.06241320
149.00000000,1798.00000000,0.06241609
149.00000000,1799.00000000,0.06241887
149.00000000,1800.00000000,0.06242185
149.00000000,1801.00000000,0.06242460
149.00000000,1802.00000000,0.06242748
149.00000000,1803.00000000,0.06243046
149.00000000,1804.00000000,0.06243359
149.00000000,1805.00000000,0.06243653
149.00000000,1806.00000000,0.06243960
149.00000000,1807.00000000,0.06244267
149.00000000,1808.00000000,0.06244575
149.00000000,1809.00000000,0.06244890
149.00000000,1810.00000000,0.06245211
149.00000000,1811.00000000,0.06245512
149.00000000,1812.00000000,0.06245836
149.00000000,1813.00000000,0.06246154
149.00000000,1814.00000000,0.06246472
149.00000000,1815.00000000,0.06246791
149.00000000,1816.00000000,0.06247116
149.00000000,1817.00000000,0.06247445
149.00000000,1818.00000000,0.06247765
149.00000000,1819.00000000,0.06248087
149.00000000,1820.00000000,0.06248402
149.00000000,1821.00000000,0.06248729
149.00000000,1822.00000000,0.06249051
149.00000000,1823.00000000,0.06249380
149.00000000,1824.00000000,0.06249703
149.00000000,1825.00000000,0.06250032
149.00000000,1826.00000000,0.06250349
149.00000000,1827.00000000,0.06250670
149.00000000,1828.00000000,0.06251000
149.00000000,1829.00000000,0.06251319
149.00000000,1830.00000000,0.06251636
149.00000000,1831.00000000,0.06251952
149.00000000,1832.00000000,0.06252275
149.00000000,1833.00000000,0.06252586
149.00000000,1834.00000000,0.06252898
149.00000000,1835.00000000,0.06253210
149.00000000,1836.00000000,0.06253526
149.00000000,1837.00000000,0.06253835
149.00000000,1838.00000000,0.06254140
149.00000000,1839.00000000,0.06254447
149.00000000,1840.00000000,0.06254750
149.00000000,1841.00000000,0.06255049
149.00000000,1842.00000000,0.06255345
149.00000000,1843.00000000,0.06255644
149.00000000,1844.00000000,0.06255939
149.00000000,1845.00000000,0.06256231
149.00000000,1846.00000000,0.06256519
149.00000000,1847.00000000,0.06256805
149.00000000,1848.00000000,0.06257084
149.00000000,1849.00000000,0.06257362
149.00000000,1850.00000000,0.06257646
149.00000000,1851.00000000,0.06257917
149.00000000,1852.00000000,0.06258178
149.00000000,1853.00000000,0.06258483
149.00000000,1854.00000000,0.06258780
149.00000000,1855.00000000,0.06259085
149.00000000,1856.00000000,0.06259382
149.00000000,1857.00000000,0.06259669
149.00000000,1858.00000000,0.06259935
149.00000000,1859.00000000,0.06260213
149.00000000,1860.00000000,0.06260478
149.00000000,1861.00000000,0.06260738
149.00000000,1862.00000000,0.06260987
149.00000000,1863.00000000,0.06261173
149.00000000,1864.00000000,0.06261317
149.00000000,1865.00000000,0.06261429
149.00000000,1866.00000000,0.06261515
149.00000000,1867.00000000,0.06261566
149.00000000,1868.00000000,0.06261600
149.00000000,1869.00000000,0.06261614
149.00000000,1870.00000000,0.06261604
149.00000000,1871.00000000,0.06261582
149.00000000,1872.00000000,0.06261567
149.00000000,1873.00000000,0.06261612
149.00000000,1874.00000000,0.06261696
149.00000000,1875.00000000,0.06261812
149.00000000,1876.00000000,0.06261947
149.00000000,1877.00000000,0.06262101
149.00000000,1878.00000000,0.06262263
149.00000000,1879.00000000,0.06262441
149.00000000,1880.00000000,0.06262622
149.00000000,1881.00000000,0.06262803
149.00000000,1882.00000000,0.06262988
149.00000000,1883.00000000,0.06263129
149.00000000,1884.00000000,0.06263242
149.00000000,1885.00000000,0.06263336
149.00000000,1886.00000000,0.06263406
149.00000000,1887.00000000,0.06263471
149.00000000,1888.00000000,0.06263523
149.00000000,1889.00000000,0.06263545
149.00000000,1890.00000000,0.06263547
149.00000000,1891.00000000,0.06263517
149.00000000,1892.00000000,0.06263467
149.00000000,1893.00000000,0.06263404
149.00000000,1894.00000000,0.06263338
149.00000000,1895.00000000,0.06263284
149.00000000,1896.00000000,0.06263232
149.00000000,1897.00000000,0.06263178
149.00000000,1898.00000000,0.06263114
149.00000000,1899.00000000,0.06263035
149.00000000,1900.00000000,0.06262933
149.00000000,1901.00000000,0.06262814
149.00000000,1902.00000000,0.06262705
149.00000000,1903.00000000,0.06262604
149.00000000,1904.00000000,0.06262515
149.00000000,1905.00000000,0.06262445
149.00000000,1906.00000000,0.06262398
149.00000000,1907.00000000,0.06262365
149.00000000,1908.00000000,0.06262330
149.00000000,1909.00000000,0.06262293
149.00000000,1910.00000000,0.06262264
149.00000000,1911.00000000,0.06262227
149.00000000,1912.00000000,0.06262143
149.00000000,1913.00000000,0.06261992
149.00000000,1914.00000000,0.06261770
149.00000000,1915.00000000,0.06262098
149.00000000,1916.00000000,0.06261846
149.00000000,1917.00000000,0.06261597
149.00000000,1918.00000000,0.06261346
149.00000000,1919.00000000,0.06261103
149.00000000,1920.00000000,0.06261103
149.00000000,1921.00000000,0.06260974
149.00000000,1922.00000000,0.06260924
149.00000000,1923.00000000,0.06260934
149.00000000,1924.00000000,0.06260963
149.00000000,1925.00000000,0.06260987
149.00000000,1926.00000000,0.06261005
149.00000000,1927.00000000,0.06261031
149.00000000,1928.00000000,0.06261067
149.00000000,1929.00000000,0.06261106
149.00000000,1930.00000000,0.06261359
149.00000000,1931.00000000,0.06261506
149.00000000,1932.00000000,0.06261764
149.00000000,1933.00000000,0.06262082
149.00000000,1934.00000000,0.06262453
149.00000000,1935.00000000,0.06262818
149.00000000,1936.00000000,0.06263147
149.00000000,1937.00000000,0.06263398
149.00000000,1938.00000000,0.06263553
149.00000000,1939.00000000,0.06263630
149.00000000,1940.00000000,0.06263852
149.00000000,1941.00000000,0.06263802
149.00000000,1942.00000000,0.06263665
149.00000000,1943.00000000,0.06263476
149.00000000,1944.00000000,0.06263244
149.00000000,1945.00000000,0.06263010
149.00000000,1946.00000000,0.06263053
149.00000000,1947.00000000,0.06263043
149.00000000,1948.00000000,0.06263097
149.00000000,1949.00000000,0.06263351
149.00000000,1950.00000000,0.06263410
149.00000000,1951.00000000,0.06263836
149.00000000,1952.00000000,0.06263750
149.00000000,1953.00000000,0.06263871
149.00000000,1954.00000000,0.06263998
149.00000000,1955.00000000,0.06264335
149.00000000,1956.00000000,0.06264488
149.00000000,1957.00000000,0.06264614
149.00000000,1958.00000000,0.06264709
149.00000000,1959.00000000,0.06264752
149.00000000,1960.00000000,0.06264831
149.00000000,1961.00000000,0.06264589
149.00000000,1962.00000000,0.06264266
149.00000000,1963.00000000,0.06263867
149.00000000,1964.00000000,0.06263575
149.00000000,1965.00000000,0.06263172
149.00000000,1966.00000000,0.06262657
149.00000000,1967.00000000,0.06261836
149.00000000,1968.00000000,0.06260890
149.00000000,1969.00000000,0.06259768
149.00000000,1970.00000000,0.06258443
149.00000000,1971.00000000,0.06257039
149.00000000,1972.00000000,0.06255293
149.00000000,1973.00000000,0.06253057
149.00000000,1974.00000000,0.06250775
149.00000000,1975.00000000,0.06248158
149.00000000,1976.00000000,0.06245687
149.00000000,1977.00000000,0.06243035
149.00000000,1978.00000000,0.06240369
149.00000000,1979.00000000,0.06238827
149.00000000,1980.00000000,0.06235879
149.00000000,1981.00000000,0.06233107
149.00000000,1982.00000000,0.06230685
149.00000000,1983.00000000,0.06228415
149.00000000,1984.00000000,0.06226667
149.00000000,1985.00000000,0.06225752
149.00000000,1986.00000000,0.06224217
149.00000000,1987.00000000,0.06222933
149.00000000,1988.00000000,0.06221672
149.00000000,1989.00000000,0.06220573
149.00000000,1990.00000000,0.06219237
149.00000000,1991.00000000,0.06218073
149.00000000,1992.00000000,0.06216757
149.00000000,1993.00000000,0.06215671
149.00000000,1994.00000000,0.06215064
149.00000000,1995.00000000,0.06213756
149.00000000,1996.00000000,0.06213037
149.00000000,1997.00000000,0.06211893
149.00000000,1998.00000000,0.06211072
149.00000000,1999.00000000,0.06210430
149.00000000,2000.00000000,0.06209033
149.00000000,2001.00000000,0.06208199
149.00000000,2002.00000000,0.06207130
149.00000000,2003.00000000,0.06207588
149.00000000,2004.00000000,0.06206424
149.00000000,2005.00000000,0.06205609
149.00000000,2006.00000000,0.06203704
149.00000000,2007.00000000,0.06201476
149.00000000,2008.00000000,0.06199722
149.00000000,2009.00000000,0.06198271
149.00000000,2010.00000000,0.06195823
149.00000000,2011.00000000,0.06192770
149.00000000,2012.00000000,0.06190452
149.00000000,2013.00000000,0.06188119
149.00000000,2014.00000000,0.06185379
149.00000000,2015.00000000,0.06181675
149.00000000,2016.00000000,0.06178761
149.00000000,2017.00000000,0.06175049
149.00000000,2018.00000000,0.06171542
149.00000000,2019.00000000,0.06167494
149.00000000,2020.00000000,0.06164049
149.00000000,2021.00000000,0.06161979
149.00000000,2022.00000000,0.06158646
149.00000000,2023.00000000,0.06151237
149.00000000,2024.00000000,0.06148248
149.00000000,2025.00000000,0.06143097
149.00000000,2026.00000000,0.06137875
149.00000000,2027.00000000,0.06132297
149.00000000,2028.00000000,0.06129001
149.00000000,2029.00000000,0.06127894
149.00000000,2030.00000000,0.06123179
149.00000000,2031.00000000,0.06119523
149.00000000,2032.00000000,0.06116362
149.00000000,2033.00000000,0.06110694
149.00000000,2034.00000000,0.06104749
149.00000000,2035.00000000,0.06099081
149.00000000,2036.00000000,0.06095173
149.00000000,2037.00000000,0.06094499
149.00000000,2038.00000000,0.06087803
149.00000000,2039.00000000,0.06086379
149.00000000,2040.00000000,0.06082467
149.00000000,2041.00000000,0.06075884
149.00000000,2042.00000000,0.06068107
149.00000000,2043.00000000,0.06063358
149.00000000,2044.00000000,0.06060333
149.00000000,2045.00000000,0.06055352
149.00000000,2046.00000000,0.06051726
149.00000000,2047.00000000,0.06048721
149.00000000,2048.00000000,0.06048709
149.00000000,2049.00000000,0.06045857
149.00000000,2050.00000000,0.06041264
149.00000000,2051.00000000,0.06035861
149.00000000,2052.00000000,0.06037091
149.00000000,2053.00000000,0.06030248
149.00000000,2054.00000000,0.06029123
149.00000000,2055.00000000,0.06028814
149.00000000,2056.00000000,0.06034354
149.00000000,2057.00000000,0.06019798
149.00000000,2058.00000000,0.06017585
149.00000000,2059.00000000,0.06015097
149.00000000,2060.00000000,0.06009473
149.00000000,2061.00000000,0.06008431
149.00000000,2062.00000000,0.06011090
149.00000000,2063.00000000,0.05985766
149.00000000,2064.00000000,0.05974965
149.00000000,2065.00000000,0.05977591
149.00000000,2066.00000000,0.05978686
149.00000000,2067.00000000,0.05966927
149.00000000,2068.00000000,0.05935668
149.00000000,2069.00000000,0.05949752
149.00000000,2070.00000000,0.05918966
149.00000000,2071.00000000,0.05918450
149.00000000,2072.00000000,0.05932642
149.00000000,2073.00000000,0.05923809
149.00000000,2074.00000000,0.05918503
149.00000000,2075.00000000,0.05912695
149.00000000,2076.00000000,0.05919482
149.00000000,2077.00000000,0.05913181
149.00000000,2078.00000000,0.05920453
149.00000000,2079.00000000,0.05897956
149.00000000,2080.00000000,0.05872002
149.00000000,2081.00000000,0.05849719
149.00000000,2082.00000000,0.05851739
149.00000000,2083.00000000,0.05859850
149.00000000,2084.00000000,0.05863680
149.00000000,2085.00000000,0.05876177
149.00000000,2086.00000000,0.05884723
149.00000000,2087.00000000,0.05868336
149.00000000,2088.00000000,0.05872296
149.00000000,2089.00000000,0.05886234
149.00000000,2090.00000000,0.05887995
149.00000000,2091.00000000,0.05885319
149.00000000,2092.00000000,0.05889870
149.00000000,2093.00000000,0.05884890
149.00000000,2094.00000000,0.05843439
149.00000000,2095.00000000,0.05853703
149.00000000,2096.00000000,0.05877201
149.00000000,2097.00000000,0.05887827
149.00000000,2098.00000000,0.05877098
149.00000000,2099.00000000,0.05911058
149.00000000,2100.00000000,0.05932839
149.00000000,2101.00000000,0.05936166
149.00000000,2102.00000000,0.05942619
149.00000000,2103.00000000,0.05945770
149.00000000,2104.00000000,0.05975282
149.00000000,2105.00000000,0.05997750
149.00000000,2106.00000000,0.06013168
149.00000000,2107.00000000,0.06023396
149.00000000,2108.00000000,0.06046005
149.00000000,2109.00000000,0.06065946
149.00000000,2110.00000000,0.06069566
149.00000000,2111.00000000,0.06088427
149.00000000,2112.00000000,0.06114589
149.00000000,2113.00000000,0.06142982
149.00000000,2114.00000000,0.06167701
149.00000000,2115.00000000,0.06196485
149.00000000,2116.00000000,0.06216366
149.00000000,2117.00000000,0.06248363
149.00000000,2118.00000000,0.06286412
149.00000000,2119.00000000,0.06335365
149.00000000,2120.00000000,0.06364128
149.00000000,2121.00000000,0.06395213
149.00000000,2122.00000000,0.06437840
149.00000000,2123.00000000,0.06442514
149.00000000,2124.00000000,0.06440962
149.00000000,2125.00000000,0.06489326
149.00000000,2126.00000000,0.06517371
149.00000000,2127.00000000,0.06533803
149.00000000,2128.00000000,0.06584814
149.00000000,2129.00000000,0.06579505
149.00000000,2130.00000000,0.06556061
149.00000000,2131.00000000,0.06553322
149.00000000,2132.00000000,0.06554743
149.00000000,2133.00000000,0.06589245
149.00000000,2134.00000000,0.06619539
149.00000000,2135.00000000,0.06651972
149.00000000,2136.00000000,0.06680681
149.00000000,2137.00000000,0.06720856
149.00000000,2138.00000000,0.06746762
149.00000000,2139.00000000,0.06761057
149.00000000,2140.00000000,0.06781435
149.00000000,2141.00000000,0.06767170
149.00000000,2142.00000000,0.06773519
149.00000000,2143.00000000,0.06798668
149.00000000,2144.00000000,0.06825939
149.00000000,2145.00000000,0.06854661
149.00000000,2146.00000000,0.06878668
149.00000000,2147.00000000,0.06879447
149.00000000,2148.00000000,0.06882373
149.00000000,2149.00000000,0.06916322
149.00000000,2150.00000000,0.06949612
149.00000000,2151.00000000,0.06965171
149.00000000,2152.00000000,0.07028429
149.00000000,2153.00000000,0.07100294
149.00000000,2154.00000000,0.07158176
149.00000000,2155.00000000,0.07198440
149.00000000,2156.00000000,0.07239248
149.00000000,2157.00000000,0.07280610
149.00000000,2158.00000000,0.07322475
149.00000000,2159.00000000,0.07364841
149.00000000,2160.00000000,0.07419424
149.00000000,2161.00000000,0.07474516
149.00000000,2162.00000000,0.07530112
149.00000000,2163.00000000,0.07586202
149.00000000,2164.00000000,0.07642774
149.00000000,2165.00000000,0.07699824
149.00000000,2166.00000000,0.07757340
149.00000000,2167.00000000,0.07815313
149.00000000,2168.00000000,0.07873739
149.00000000,2169.00000000,0.07932605
149.00000000,2170.00000000,0.07986686
149.00000000,2171.00000000,0.08041189
149.00000000,2172.00000000,0.08096103
149.00000000,2173.00000000,0.08151432
149.00000000,2174.00000000,0.08207170
149.00000000,2175.00000000,0.08263314
149.00000000,2176.00000000,0.08319866
149.00000000,2177.00000000,0.08376826
149.00000000,2178.00000000,0.08434191
149.00000000,2179.00000000,0.08491969
149.00000000,2180.00000000,0.08561125
149.00000000,2181.00000000,0.08630716
149.00000000,2182.00000000,0.08700744
149.00000000,2183.00000000,0.08771199
149.00000000,2184.00000000,0.08842078
149.00000000,2185.00000000,0.08913380
149.00000000,2186.00000000,0.08985097
149.00000000,2187.00000000,0.09057232
149.00000000,2188.00000000,0.09129779
149.00000000,2189.00000000,0.09202735
149.00000000,2190.00000000,0.09284192
149.00000000,2191.00000000,0.09366078
149.00000000,2192.00000000,0.09448384
149.00000000,2193.00000000,0.09531110
149.00000000,2194.00000000,0.09614247
149.00000000,2195.00000000,0.09697787
149.00000000,2196.00000000,0.09781732
149.00000000,2197.00000000,0.09866068
149.00000000,2198.00000000,0.09950798
149.00000000,2199.00000000,0.10035910
149.00000000,2200.00000000,0.10120934
149.00000000,2201.00000000,0.10206333
149.00000000,2202.00000000,0.10292096
149.00000000,2203.00000000,0.10378213
149.00000000,2204.00000000,0.10464686
149.00000000,2205.00000000,0.10551504
149.00000000,2206.00000000,0.10638658
149.00000000,2207.00000000,0.10726147
149.00000000,2208.00000000,0.10813956
149.00000000,2209.00000000,0.10902074
149.00000000,2210.00000000,0.10972320
149.00000000,2211.00000000,0.11042797
149.00000000,2212.00000000,0.11113507
149.00000000,2213.00000000,0.11184445
149.00000000,2214.00000000,0.11255606
149.00000000,2215.00000000,0.11326992
149.00000000,2216.00000000,0.11398596
149.00000000,2217.00000000,0.11470411
149.00000000,2218.00000000,0.11542437
149.00000000,2219.00000000,0.11614664
149.00000000,2220.00000000,0.11670454
149.00000000,2221.00000000,0.11726381
149.00000000,2222.00000000,0.11782436
149.00000000,2223.00000000,0.11838629
149.00000000,2224.00000000,0.11894953
149.00000000,2225.00000000,0.11951406
149.00000000,2226.00000000,0.12007991
149.00000000,2227.00000000,0.12064705
149.00000000,2228.00000000,0.12121546
149.00000000,2229.00000000,0.12178513
149.00000000,2230.00000000,0.12226179
149.00000000,2231.00000000,0.12273930
149.00000000,2232.00000000,0.12321770
149.00000000,2233.00000000,0.12369696
149.00000000,2234.00000000,0.12417712
149.00000000,2235.00000000,0.12465816
149.00000000,2236.00000000,0.12514007
149.00000000,2237.00000000,0.12562289
149.00000000,2238.00000000,0.12610659
149.00000000,2239.00000000,0.12659110
149.00000000,2240.00000000,0.12697788
149.00000000,2241.00000000,0.12736514
149.00000000,2242.00000000,0.12775284
149.00000000,2243.00000000,0.12814107
149.00000000,2244.00000000,0.12852981
149.00000000,2245.00000000,0.12891905
149.00000000,2246.00000000,0.12930886
149.00000000,2247.00000000,0.12969916
149.00000000,2248.00000000,0.13009005
149.00000000,2249.00000000,0.13048136
149.00000000,2250.00000000,0.13079528
149.00000000,2251.00000000,0.13110682
149.00000000,2252.00000000,0.13141437
149.00000000,2253.00000000,0.13171703
149.00000000,2254.00000000,0.13201452
149.00000000,2255.00000000,0.13230665
149.00000000,2256.00000000,0.13259337
149.00000000,2257.00000000,0.13287476
149.00000000,2258.00000000,0.13315078
149.00000000,2259.00000000,0.13342158
149.00000000,2260.00000000,0.13368721
149.00000000,2261.00000000,0.13394776
149.00000000,2262.00000000,0.13420353
149.00000000,2263.00000000,0.13445466
149.00000000,2264.00000000,0.13470125
149.00000000,2265.00000000,0.13494349
149.00000000,2266.00000000,0.13518144
149.00000000,2267.00000000,0.13541515
149.00000000,2268.00000000,0.13564478
149.00000000,2269.00000000,0.13587037
149.00000000,2270.00000000,0.13609193
149.00000000,2271.00000000,0.13630962
149.00000000,2272.00000000,0.13652345
149.00000000,2273.00000000,0.13673351
149.00000000,2274.00000000,0.13693988
149.00000000,2275.00000000,0.13714250
149.00000000,2276.00000000,0.13734158
149.00000000,2277.00000000,0.13753713
149.00000000,2278.00000000,0.13772910
149.00000000,2279.00000000,0.13791770
149.00000000,2280.00000000,0.13810289
149.00000000,2281.00000000,0.13828467
149.00000000,2282.00000000,0.13846319
149.00000000,2283.00000000,0.13863837
149.00000000,2284.00000000,0.13881040
149.00000000,2285.00000000,0.13897924
149.00000000,2286.00000000,0.13914483
149.00000000,2287.00000000,0.13930736
149.00000000,2288.00000000,0.13946679
149.00000000,2289.00000000,0.13962307
149.00000000,2290.00000000,0.13977638
149.00000000,2291.00000000,0.13992666
149.00000000,2292.00000000,0.14007384
149.00000000,2293.00000000,0.14021813
149.00000000,2294.00000000,0.14035935
149.00000000,2295.00000000,0.14049769
149.00000000,2296.00000000,0.14063304
149.00000000,2297.00000000,0.14076539
149.00000000,2298.00000000,0.14089478
149.00000000,2299.00000000,0.14102113
149.00000000,2300.00000000,0.14059932
149.00000000,2301.00000000,0.14017380
149.00000000,2302.00000000,0.13974458
149.00000000,2303.00000000,0.13931166
149.00000000,2304.00000000,0.13887528
149.00000000,2305.00000000,0.13843544
149.00000000,2306.00000000,0.13799216
149.00000000,2307.00000000,0.13754565
149.00000000,2308.00000000,0.13709585
149.00000000,2309.00000000,0.13664298
149.00000000,2310.00000000,0.13618704
149.00000000,2311.00000000,0.13572804
149.00000000,2312.00000000,0.13526618
149.00000000,2313.00000000,0.13480147
149.00000000,2314.00000000,0.13433390
149.00000000,2315.00000000,0.13386368
149.00000000,2316.00000000,0.13339080
149.00000000,2317.00000000,0.13291526
149.00000000,2318.00000000,0.13243725
149.00000000,2319.00000000,0.13195671
149.00000000,2320.00000000,0.13147380
149.00000000,2321.00000000,0.13098852
149.00000000,2322.00000000,0.13050090
149.00000000,2323.00000000,0.13001107
149.00000000,2324.00000000,0.12951905
149.00000000,2325.00000000,0.12902482
149.00000000,2326.00000000,0.12852855
149.00000000,2327.00000000,0.12803023
149.00000000,2328.00000000,0.12752987
149.00000000,2329.00000000,0.12702759
149.00000000,2330.00000000,0.12652342
149.00000000,2331.00000000,0.12601732
149.00000000,2332.00000000,0.12550946
149.00000000,2333.00000000,0.12499979
149.00000000,2334.00000000,0.12448843
149.00000000,2335.00000000,0.12397537
149.00000000,2336.00000000,0.12346061
149.00000000,2337.00000000,0.12294429
149.00000000,2338.00000000,0.12242641
149.00000000,2339.00000000,0.12190694
149.00000000,2340.00000000,0.12138603
149.00000000,2341.00000000,0.12086365
149.00000000,2342.00000000,0.12033981
149.00000000,2343.00000000,0.11981462
149.00000000,2344.00000000,0.11928803
149.00000000,2345.00000000,0.11876017
149.00000000,2346.00000000,0.11823101
149.00000000,2347.00000000,0.11770056
149.00000000,2348.00000000,0.11716893
149.00000000,2349.00000000,0.11663611
149.00000000,2350.00000000,0.11610209
149.00000000,2351.00000000,0.11556697
149.00000000,2352.00000000,0.11503076
149.00000000,2353.00000000,0.11449344
149.00000000,2354.00000000,0.11395513
149.00000000,2355.00000000,0.11341580
149.00000000,2356.00000000,0.11287546
149.00000000,2357.00000000,0.11233420
149.00000000,2358.00000000,0.11179197
149.00000000,2359.00000000,0.11124890
149.00000000,2360.00000000,0.11070494
149.00000000,2361.00000000,0.11016008
149.00000000,2362.00000000,0.10961445
149.00000000,2363.00000000,0.10906801
149.00000000,2364.00000000,0.10852075
149.00000000,2365.00000000,0.10797280
149.00000000,2366.00000000,0.10742410
149.00000000,2367.00000000,0.10687465
149.00000000,2368.00000000,0.10632456
149.00000000,2369.00000000,0.10577377
149.00000000,2370.00000000,0.10522239
149.00000000,2371.00000000,0.10467038
149.00000000,2372.00000000,0.10411773
149.00000000,2373.00000000,0.10356457
149.00000000,2374.00000000,0.10301083
149.00000000,2375.00000000,0.10245652
149.00000000,2376.00000000,0.10190175
149.00000000,2377.00000000,0.10134647
149.00000000,2378.00000000,0.10079068
149.00000000,2379.00000000,0.10023449
149.00000000,2380.00000000,0.09967782
149.00000000,2381.00000000,0.09912078
149.00000000,2382.00000000,0.09856333
149.00000000,2383.00000000,0.09800548
149.00000000,2384.00000000,0.09744730
149.00000000,2385.00000000,0.09688880
149.00000000,2386.00000000,0.09632992
149.00000000,2387.00000000,0.09577079
149.00000000,2388.00000000,0.09521137
149.00000000,2389.00000000,0.09465166
149.00000000,2390.00000000,0.09409172
149.00000000,2391.00000000,0.09353157
149.00000000,2392.00000000,0.09297116
149.00000000,2393.00000000,0.09241061
149.00000000,2394.00000000,0.09184986
149.00000000,2395.00000000,0.09128900
149.00000000,2396.00000000,0.09072805
149.00000000,2397.00000000,0.09016702
149.00000000,2398.00000000,0.08972433
149.00000000,2399.00000000,0.08962994
149.00000000,2400.00000000,0.08963085
149.00000000,2401.00000000,0.08963197
149.00000000,2402.00000000,0.08963325
149.00000000,2403.00000000,0.08963464
149.00000000,2404.00000000,0.08963624
149.00000000,2405.00000000,0.08965288
149.00000000,2406.00000000,0.08966971
149.00000000,2407.00000000,0.08968670
149.00000000,2408.00000000,0.08970378
149.00000000,2409.00000000,0.08972104
149.00000000,2410.00000000,0.08970895
149.00000000,2411.00000000,0.08969692
149.00000000,2412.00000000,0.08968506
149.00000000,2413.00000000,0.08967332
149.00000000,2414.00000000,0.08966164
149.00000000,2415.00000000,0.08965012
149.00000000,2416.00000000,0.08963870
149.00000000,2417.00000000,0.08962734
149.00000000,2418.00000000,0.08961613
149.00000000,2419.00000000,0.08960497
149.00000000,2420.00000000,0.08959397
149.00000000,2421.00000000,0.08958305
149.00000000,2422.00000000,0.08957217
149.00000000,2423.00000000,0.08956143
149.00000000,2424.00000000,0.08955079
149.00000000,2425.00000000,0.08953890
149.00000000,2426.00000000,0.08952713
149.00000000,2427.00000000,0.08951547
149.00000000,2428.00000000,0.08950381
149.00000000,2429.00000000,0.08949228
149.00000000,2430.00000000,0.08948079
149.00000000,2431.00000000,0.08946940
149.00000000,2432.00000000,0.08945811
149.00000000,2433.00000000,0.08944681
149.00000000,2434.00000000,0.08943565
149.00000000,2435.00000000,0.08942455
149.00000000,2436.00000000,0.08941345
149.00000000,2437.00000000,0.08940247
149.00000000,2438.00000000,0.08939156
149.00000000,2439.00000000,0.08938064
149.00000000,2440.00000000,0.08936985
149.00000000,2441.00000000,0.08935905
149.00000000,2442.00000000,0.08934836
149.00000000,2443.00000000,0.08933773
149.00000000,2444.00000000,0.08932708
149.00000000,2445.00000000,0.08931655
149.00000000,2446.00000000,0.08930607
149.00000000,2447.00000000,0.08929558
149.00000000,2448.00000000,0.08928520
149.00000000,2449.00000000,0.08927486
149.00000000,2450.00000000,0.08926736
149.00000000,2451.00000000,0.08925994
149.00000000,2452.00000000,0.08925257
149.00000000,2453.00000000,0.08924518
149.00000000,2454.00000000,0.08923789
149.00000000,2455.00000000,0.08923058
149.00000000,2456.00000000,0.08922336
149.00000000,2457.00000000,0.08921617
149.00000000,2458.00000000,0.08920896
149.00000000,2459.00000000,0.08920184
149.00000000,2460.00000000,0.08919476
149.00000000,2461.00000000,0.08918764
149.00000000,2462.00000000,0.08918062
149.00000000,2463.00000000,0.08917363
149.00000000,2464.00000000,0.08916658
149.00000000,2465.00000000,0.08915965
149.00000000,2466.00000000,0.08915267
149.00000000,2467.00000000,0.08914579
149.00000000,2468.00000000,0.08913893
149.00000000,2469.00000000,0.08913203
149.00000000,2470.00000000,0.08912521
149.00000000,2471.00000000,0.08911841
149.00000000,2472.00000000,0.08911159
149.00000000,2473.00000000,0.08910484
149.00000000,2474.00000000,0.08909811
149.00000000,2475.00000000,0.08909134
149.00000000,2476.00000000,0.08908466
149.00000000,2477.00000000,0.08907799
149.00000000,2478.00000000,0.08907127
149.00000000,2479.00000000,0.08906465
149.00000000,2480.00000000,0.08905797
149.00000000,2481.00000000,0.08905137
149.00000000,2482.00000000,0.08904480
149.00000000,2483.00000000,0.08903816
149.00000000,2484.00000000,0.08903161
149.00000000,2485.00000000,0.08902508
149.00000000,2486.00000000,0.08901849
149.00000000,2487.00000000,0.08901198
149.00000000,2488.00000000,0.08900550
149.00000000,2489.00000000,0.08899895
149.00000000,2490.00000000,0.08899248
149.00000000,2491.00000000,0.08898595
149.00000000,2492.00000000,0.08897950
149.00000000,2493.00000000,0.08897307
149.00000000,2494.00000000,0.08896658
149.00000000,2495.00000000,0.08896016
149.00000000,2496.00000000,0.08895375
149.00000000,2497.00000000,0.08894729
149.00000000,2498.00000000,0.08894090
149.00000000,2499.00000000,0.08893453
149.00000000,2500.00000000,0.08892726
150.00000000,1765.00000000,0.06200523
150.00000000,1766.00000000,0.06200524
150.00000000,1767.00000000,0.06200528
150.00000000,1768.00000000,0.06200543
150.00000000,1769.00000000,0.06200560
150.00000000,1770.00000000,0.06200607
150.00000000,1771.00000000,0.06200631
150.00000000,1772.00000000,0.06200687
150.00000000,1773.00000000,0.06200758
150.00000000,1774.00000000,0.06200844
150.00000000,1775.00000000,0.06200933
150.00000000,1776.00000000,0.06201029
150.00000000,1777.00000000,0.06201152
150.00000000,1778.00000000,0.06201277
150.00000000,1779.00000000,0.06201417
150.00000000,1780.00000000,0.06201560
150.00000000,1781.00000000,0.06201728
150.00000000,1782.00000000,0.06201887
150.00000000,1783.00000000,0.06202070
150.00000000,1784.00000000,0.06202264
150.00000000,1785.00000000,0.06202449
150.00000000,1786.00000000,0.06202664
150.00000000,1787.00000000,0.06202885
150.00000000,1788.00000000,0.06203094
150.00000000,1789.00000000,0.06203330
150.00000000,1790.00000000,0.06203565
150.00000000,1791.00000000,0.06203798
150.00000000,1792.00000000,0.06204054
150.00000000,1793.00000000,0.06204318
150.00000000,1794.00000000,0.06204561
150.00000000,1795.00000000,0.06204826
150.00000000,1796.00000000,0.06205096
150.00000000,1797.00000000,0.06205370
150.00000000,1798.00000000,0.06205648
150.00000000,1799.00000000,0.06205939
150.00000000,1800.00000000,0.06206220
150.00000000,1801.00000000,0.06206520
150.00000000,1802.00000000,0.06206795
150.00000000,1803.00000000,0.06207085
150.00000000,1804.00000000,0.06207383
150.00000000,1805.00000000,0.06207698
150.00000000,1806.00000000,0.06207993
150.00000000,1807.00000000,0.06208300
150.00000000,1808.00000000,0.06208608
150.00000000,1809.00000000,0.06208916
150.00000000,1810.00000000,0.06209230
150.00000000,1811.00000000,0.06209553
150.00000000,1812.00000000,0.06209854
150.00000000,1813.00000000,0.06210176
150.00000000,1814.00000000,0.06210495
150.00000000,1815.00000000,0.06210811
150.00000000,1816.00000000,0.06211130
150.00000000,1817.00000000,0.06211453
150.00000000,1818.00000000,0.06211780
150.00000000,1819.00000000,0.06212100
150.00000000,1820.00000000,0.06212419
150.00000000,1821.00000000,0.06212732
150.00000000,1822.00000000,0.06213059
150.00000000,1823.00000000,0.06213379
150.00000000,1824.00000000,0.06213706
150.00000000,1825.00000000,0.06214028
150.00000000,1826.00000000,0.06214353
150.00000000,1827.00000000,0.06214668
150.00000000,1828.00000000,0.06214987
150.00000000,1829.00000000,0.06215314
150.00000000,1830.00000000,0.06215631
150.00000000,1831.00000000,0.06215944
150.00000000,1832.00000000,0.06216256
150.00000000,1833.00000000,0.06216575
150.00000000,1834.00000000,0.06216883
150.00000000,1835.00000000,0.06217192
150.00000000,1836.00000000,0.06217501
150.00000000,1837.00000000,0.06217813
150.00000000,1838.00000000,0.06218118
150.00000000,1839.00000000,0.06218419
150.00000000,1840.00000000,0.06218723
150.00000000,1841.00000000,0.06219021
150.00000000,1842.00000000,0.06219317
150.00000000,1843.00000000,0.06219609
150.00000000,1844.00000000,0.06219903
150.00000000,1845.00000000,0.06220194
150.00000000,1846.00000000,0.06220482
150.00000000,1847.00000000,0.06220765
150.00000000,1848.00000000,0.06221046
150.00000000,1849.00000000,0.06221322
150.00000000,1850.00000000,0.06221594
150.00000000,1851.00000000,0.06221871
150.00000000,1852.00000000,0.06222135
150.00000000,1853.00000000,0.06222423
150.00000000,1854.00000000,0.06222738
150.00000000,1855.00000000,0.06223030
150.00000000,1856.00000000,0.06223322
150.00000000,1857.00000000,0.06223609
150.00000000,1858.00000000,0.06223888
150.00000000,1859.00000000,0.06224146
150.00000000,1860.00000000,0.06224417
150.00000000,1861.00000000,0.06224674
150.00000000,1862.00000000,0.06224917
150.00000000,1863.00000000,0.06225110
150.00000000,1864.00000000,0.06225250
150.00000000,1865.00000000,0.06225360
150.00000000,1866.00000000,0.06225442
150.00000000,1867.00000000,0.06225501
150.00000000,1868.00000000,0.06225529
150.00000000,1869.00000000,0.06225540
150.00000000,1870.00000000,0.06225533
150.00000000,1871.00000000,0.06225508
150.00000000,1872.00000000,0.06225496
150.00000000,1873.00000000,0.06225538
150.00000000,1874.00000000,0.06225624
150.00000000,1875.00000000,0.06225734
150.00000000,1876.00000000,0.06225871
150.00000000,1877.00000000,0.06226021
150.00000000,1878.00000000,0.06226186
150.00000000,1879.00000000,0.06226358
150.00000000,1880.00000000,0.06226539
150.00000000,1881.00000000,0.06226718
150.00000000,1882.00000000,0.06226899
150.00000000,1883.00000000,0.06227043
150.00000000,1884.00000000,0.06227150
150.00000000,1885.00000000,0.06227240
150.00000000,1886.00000000,0.06227317
150.00000000,1887.00000000,0.06227373
150.00000000,1888.00000000,0.06227422
150.00000000,1889.00000000,0.06227449
150.00000000,1890.00000000,0.06227444
150.00000000,1891.00000000,0.06227418
150.00000000,1892.00000000,0.06227361
150.00000000,1893.00000000,0.06227299
150.00000000,1894.00000000,0.06227233
150.00000000,1895.00000000,0.06227175
150.00000000,1896.00000000,0.06227122
150.00000000,1897.00000000,0.06227065
150.00000000,1898.00000000,0.06227000
150.00000000,1899.00000000,0.06226920
150.00000000,1900.00000000,0.06226815
150.00000000,1901.00000000,0.06226690
150.00000000,1902.00000000,0.06226581
150.00000000,1903.00000000,0.06226476
150.00000000,1904.00000000,0.06226386
150.00000000,1905.00000000,0.06226311
150.00000000,1906.00000000,0.06226259
150.00000000,1907.00000000,0.06226223
150.00000000,1908.00000000,0.06226181
150.00000000,1909.00000000,0.06226139
150.00000000,1910.00000000,0.06226103
150.00000000,1911.00000000,0.06226060
150.00000000,1912.00000000,0.06225970
150.00000000,1913.00000000,0.06225810
150.00000000,1914.00000000,0.06225581
150.00000000,1915.00000000,0.06225320
150.00000000,1916.00000000,0.06225639
150.00000000,1917.00000000,0.06225382
150.00000000,1918.00000000,0.06225119
150.00000000,1919.00000000,0.06224870
150.00000000,1920.00000000,0.06224671
150.00000000,1921.00000000,0.06224721
150.00000000,1922.00000000,0.06224666
150.00000000,1923.00000000,0.06224669
150.00000000,1924.00000000,0.06224687
150.00000000,1925.00000000,0.06224701
150.00000000,1926.00000000,0.06224715
150.00000000,1927.00000000,0.06224729
150.00000000,1928.00000000,0.06224761
150.00000000,1929.00000000,0.06224790
150.00000000,1930.00000000,0.06224840
150.00000000,1931.00000000,0.06225174
150.00000000,1932.00000000,0.06225424
150.00000000,1933.00000000,0.06225734
150.00000000,1934.00000000,0.06226094
150.00000000,1935.00000000,0.06226455
150.00000000,1936.00000000,0.06226770
150.00000000,1937.00000000,0.06227018
150.00000000,1938.00000000,0.06227161
150.00000000,1939.00000000,0.06227239
150.00000000,1940.00000000,0.06227255
150.00000000,1941.00000000,0.06227393
150.00000000,1942.00000000,0.06227251
150.00000000,1943.00000000,0.06227057
150.00000000,1944.00000000,0.06226824
150.00000000,1945.00000000,0.06226585
150.00000000,1946.00000000,0.06226429
150.00000000,1947.00000000,0.06226602
150.00000000,1948.00000000,0.06226656
150.00000000,1949.00000000,0.06226710
150.00000000,1950.00000000,0.06226950
150.00000000,1951.00000000,0.06226993
150.00000000,1952.00000000,0.06227472
150.00000000,1953.00000000,0.06227401
150.00000000,1954.00000000,0.06227516
150.00000000,1955.00000000,0.06227662
150.00000000,1956.00000000,0.06227994
150.00000000,1957.00000000,0.06228119
150.00000000,1958.00000000,0.06228205
150.00000000,1959.00000000,0.06228246
150.00000000,1960.00000000,0.06228131
150.00000000,1961.00000000,0.06228066
150.00000000,1962.00000000,0.06227748
150.00000000,1963.00000000,0.06227349
150.00000000,1964.00000000,0.06226859
150.00000000,1965.00000000,0.06226454
150.00000000,1966.00000000,0.06225932
150.00000000,1967.00000000,0.06225309
150.00000000,1968.00000000,0.06224362
150.00000000,1969.00000000,0.06223240
150.00000000,1970.00000000,0.06221921
150.00000000,1971.00000000,0.06220326
150.00000000,1972.00000000,0.06218586
150.00000000,1973.00000000,0.06216552
150.00000000,1974.00000000,0.06214084
150.00000000,1975.00000000,0.06211665
150.00000000,1976.00000000,0.06209017
150.00000000,1977.00000000,0.06206566
150.00000000,1978.00000000,0.06203906
150.00000000,1979.00000000,0.06201222
150.00000000,1980.00000000,0.06199624
150.00000000,1981.00000000,0.06196672
150.00000000,1982.00000000,0.06194069
150.00000000,1983.00000000,0.06191993
150.00000000,1984.00000000,0.06190064
150.00000000,1985.00000000,0.06188569
150.00000000,1986.00000000,0.06187799
150.00000000,1987.00000000,0.06186336
150.00000000,1988.00000000,0.06185065
150.00000000,1989.00000000,0.06183780
150.00000000,1990.00000000,0.06182635
150.00000000,1991.00000000,0.06181278
150.00000000,1992.00000000,0.06180152
150.00000000,1993.00000000,0.06178880
150.00000000,1994.00000000,0.06177883
150.00000000,1995.00000000,0.06177337
150.00000000,1996.00000000,0.06176041
150.00000000,1997.00000000,0.06175277
150.00000000,1998.00000000,0.06174071
150.00000000,1999.00000000,0.06173235
150.00000000,2000.00000000,0.06172600
150.00000000,2001.00000000,0.06171182
150.00000000,2002.00000000,0.06170303
150.00000000,2003.00000000,0.06169234
150.00000000,2004.00000000,0.06169589
150.00000000,2005.00000000,0.06168206
150.00000000,2006.00000000,0.06167069
150.00000000,2007.00000000,0.06164846
150.00000000,2008.00000000,0.06162336
150.00000000,2009.00000000,0.06160327
150.00000000,2010.00000000,0.06158642
150.00000000,2011.00000000,0.06155984
150.00000000,2012.00000000,0.06152733
150.00000000,2013.00000000,0.06150204
150.00000000,2014.00000000,0.06147656
150.00000000,2015.00000000,0.06144707
150.00000000,2016.00000000,0.06140807
150.00000000,2017.00000000,0.06137698
150.00000000,2018.00000000,0.06133807
150.00000000,2019.00000000,0.06130129
150.00000000,2020.00000000,0.06125923
150.00000000,2021.00000000,0.06122330
150.00000000,2022.00000000,0.06120119
150.00000000,2023.00000000,0.06116674
150.00000000,2024.00000000,0.06109196
150.00000000,2025.00000000,0.06106123
150.00000000,2026.00000000,0.06100913
150.00000000,2027.00000000,0.06095640
150.00000000,2028.00000000,0.06090020
150.00000000,2029.00000000,0.06086672
150.00000000,2030.00000000,0.06085503
150.00000000,2031.00000000,0.06080750
150.00000000,2032.00000000,0.06077038
150.00000000,2033.00000000,0.06073799
150.00000000,2034.00000000,0.06068057
150.00000000,2035.00000000,0.06062032
150.00000000,2036.00000000,0.06056280
150.00000000,2037.00000000,0.06052276
150.00000000,2038.00000000,0.06051486
150.00000000,2039.00000000,0.06044720
150.00000000,2040.00000000,0.06043192
150.00000000,2041.00000000,0.06039193
150.00000000,2042.00000000,0.06032533
150.00000000,2043.00000000,0.06024669
150.00000000,2044.00000000,0.06019806
150.00000000,2045.00000000,0.06016648
150.00000000,2046.00000000,0.06011551
150.00000000,2047.00000000,0.06007802
150.00000000,2048.00000000,0.06004672
150.00000000,2049.00000000,0.06004520
150.00000000,2050.00000000,0.06001553
150.00000000,2051.00000000,0.05996866
150.00000000,2052.00000000,0.05991380
150.00000000,2053.00000000,0.05992485
150.00000000,2054.00000000,0.05985581
150.00000000,2055.00000000,0.05984361
150.00000000,2056.00000000,0.05983955
150.00000000,2057.00000000,0.05989359
150.00000000,2058.00000000,0.05974821
150.00000000,2059.00000000,0.05972538
150.00000000,2060.00000000,0.05969987
150.00000000,2061.00000000,0.05964337
150.00000000,2062.00000000,0.05963273
150.00000000,2063.00000000,0.05965925
150.00000000,2064.00000000,0.05940835
150.00000000,2065.00000000,0.05930176
150.00000000,2066.00000000,0.05932852
150.00000000,2067.00000000,0.05934012
150.00000000,2068.00000000,0.05922412
150.00000000,2069.00000000,0.05891456
150.00000000,2070.00000000,0.05905505
150.00000000,2071.00000000,0.05875020
150.00000000,2072.00000000,0.05874607
150.00000000,2073.00000000,0.05888824
150.00000000,2074.00000000,0.05880205
150.00000000,2075.00000000,0.05875095
150.00000000,2076.00000000,0.05869486
150.00000000,2077.00000000,0.05876377
150.00000000,2078.00000000,0.05870269
150.00000000,2079.00000000,0.05877628
150.00000000,2080.00000000,0.05855428
150.00000000,2081.00000000,0.05829790
150.00000000,2082.00000000,0.05807805
150.00000000,2083.00000000,0.05809961
150.00000000,2084.00000000,0.05818167
150.00000000,2085.00000000,0.05822123
150.00000000,2086.00000000,0.05834683
150.00000000,2087.00000000,0.05843313
150.00000000,2088.00000000,0.05827178
150.00000000,2089.00000000,0.05831241
150.00000000,2090.00000000,0.05845204
150.00000000,2091.00000000,0.05847075
150.00000000,2092.00000000,0.05844552
150.00000000,2093.00000000,0.05849218
150.00000000,2094.00000000,0.05844425
150.00000000,2095.00000000,0.05803409
150.00000000,2096.00000000,0.05813750
150.00000000,2097.00000000,0.05837231
150.00000000,2098.00000000,0.05847925
150.00000000,2099.00000000,0.05837400
150.00000000,2100.00000000,0.05871257
150.00000000,2101.00000000,0.05893018
150.00000000,2102.00000000,0.05896461
150.00000000,2103.00000000,0.05903021
150.00000000,2104.00000000,0.05906304
150.00000000,2105.00000000,0.05935777
150.00000000,2106.00000000,0.05958249
150.00000000,2107.00000000,0.05973713
150.00000000,2108.00000000,0.05984017
150.00000000,2109.00000000,0.06006615
150.00000000,2110.00000000,0.06026558
150.00000000,2111.00000000,0.06030280
150.00000000,2112.00000000,0.06049140
150.00000000,2113.00000000,0.06075250
150.00000000,2114.00000000,0.06103573
150.00000000,2115.00000000,0.06128241
150.00000000,2116.00000000,0.06156944
150.00000000,2117.00000000,0.06176798
150.00000000,2118.00000000,0.06208688
150.00000000,2119.00000000,0.06246589
150.00000000,2120.00000000,0.06295322
150.00000000,2121.00000000,0.06323991
150.00000000,2122.00000000,0.06354966
150.00000000,2123.00000000,0.06397407
150.00000000,2124.00000000,0.06402131
150.00000000,2125.00000000,0.06400666
150.00000000,2126.00000000,0.06448804
150.00000000,2127.00000000,0.06476749
150.00000000,2128.00000000,0.06493153
150.00000000,2129.00000000,0.06543921
150.00000000,2130.00000000,0.06538715
150.00000000,2131.00000000,0.06515487
150.00000000,2132.00000000,0.06512832
150.00000000,2133.00000000,0.06514310
150.00000000,2134.00000000,0.06548666
150.00000000,2135.00000000,0.06578837
150.00000000,2136.00000000,0.06611134
150.00000000,2137.00000000,0.06639728
150.00000000,2138.00000000,0.06679719
150.00000000,2139.00000000,0.06705526
150.00000000,2140.00000000,0.06719794
150.00000000,2141.00000000,0.06740106
150.00000000,2142.00000000,0.06725984
150.00000000,2143.00000000,0.06732350
150.00000000,2144.00000000,0.06757402
150.00000000,2145.00000000,0.06784563
150.00000000,2146.00000000,0.06813166
150.00000000,2147.00000000,0.06837082
150.00000000,2148.00000000,0.06837909
150.00000000,2149.00000000,0.06840870
150.00000000,2150.00000000,0.06874667
150.00000000,2151.00000000,0.06907846
150.00000000,2152.00000000,0.06923505
150.00000000,2153.00000000,0.06986680
150.00000000,2154.00000000,0.07058466
150.00000000,2155.00000000,0.07116378
150.00000000,2156.00000000,0.07156784
150.00000000,2157.00000000,0.07197731
150.00000000,2158.00000000,0.07239223
150.00000000,2159.00000000,0.07281209
150.00000000,2160.00000000,0.07323687
150.00000000,2161.00000000,0.07378305
150.00000000,2162.00000000,0.07433422
150.00000000,2163.00000000,0.07489035
150.00000000,2164.00000000,0.07545133
150.00000000,2165.00000000,0.07601704
150.00000000,2166.00000000,0.07658744
150.00000000,2167.00000000,0.07716244
150.00000000,2168.00000000,0.07774193
150.00000000,2169.00000000,0.07832586
150.00000000,2170.00000000,0.07891415
150.00000000,2171.00000000,0.07945478
150.00000000,2172.00000000,0.07999957
150.00000000,2173.00000000,0.08054841
150.00000000,2174.00000000,0.08110134
150.00000000,2175.00000000,0.08165832
150.00000000,2176.00000000,0.08221929
150.00000000,2177.00000000,0.08278431
150.00000000,2178.00000000,0.08335335
150.00000000,2179.00000000,0.08392639
150.00000000,2180.00000000,0.08450352
150.00000000,2181.00000000,0.08519386
150.00000000,2182.00000000,0.08588852
150.00000000,2183.00000000,0.08658749
150.00000000,2184.00000000,0.08729073
150.00000000,2185.00000000,0.08799816
150.00000000,2186.00000000,0.08870981
150.00000000,2187.00000000,0.08942557
150.00000000,2188.00000000,0.09014548
150.00000000,2189.00000000,0.09086950
150.00000000,2190.00000000,0.09159757
150.00000000,2191.00000000,0.09241026
150.00000000,2192.00000000,0.09322722
150.00000000,2193.00000000,0.09404836
150.00000000,2194.00000000,0.09487368
150.00000000,2195.00000000,0.09570311
150.00000000,2196.00000000,0.09653656
150.00000000,2197.00000000,0.09737403
150.00000000,2198.00000000,0.09821541
150.00000000,2199.00000000,0.09906071
150.00000000,2200.00000000,0.09990984
150.00000000,2201.00000000,0.10075809
150.00000000,2202.00000000,0.10161007
150.00000000,2203.00000000,0.10246568
150.00000000,2204.00000000,0.10332483
150.00000000,2205.00000000,0.10418754
150.00000000,2206.00000000,0.10505371
150.00000000,2207.00000000,0.10592322
150.00000000,2208.00000000,0.10679607
150.00000000,2209.00000000,0.10767215
150.00000000,2210.00000000,0.10855129
150.00000000,2211.00000000,0.10925249
150.00000000,2212.00000000,0.10995599
150.00000000,2213.00000000,0.11066183
150.00000000,2214.00000000,0.11136995
150.00000000,2215.00000000,0.11208030
150.00000000,2216.00000000,0.11279290
150.00000000,2217.00000000,0.11350768
150.00000000,2218.00000000,0.11422457
150.00000000,2219.00000000,0.11494356
150.00000000,2220.00000000,0.11566458
150.00000000,2221.00000000,0.11622191
150.00000000,2222.00000000,0.11678062
150.00000000,2223.00000000,0.11734062
150.00000000,2224.00000000,0.11790198
150.00000000,2225.00000000,0.11846465
150.00000000,2226.00000000,0.11902862
150.00000000,2227.00000000,0.11959393
150.00000000,2228.00000000,0.12016053
150.00000000,2229.00000000,0.12072838
150.00000000,2230.00000000,0.12129751
150.00000000,2231.00000000,0.12177401
150.00000000,2232.00000000,0.12225136
150.00000000,2233.00000000,0.12272961
150.00000000,2234.00000000,0.12320870
150.00000000,2235.00000000,0.12368871
150.00000000,2236.00000000,0.12416962
150.00000000,2237.00000000,0.12465138
150.00000000,2238.00000000,0.12513407
150.00000000,2239.00000000,0.12561763
150.00000000,2240.00000000,0.12610202
150.00000000,2241.00000000,0.12648908
150.00000000,2242.00000000,0.12687659
150.00000000,2243.00000000,0.12726455
150.00000000,2244.00000000,0.12765307
150.00000000,2245.00000000,0.12804209
150.00000000,2246.00000000,0.12843160
150.00000000,2247.00000000,0.12882170
150.00000000,2248.00000000,0.12921231
150.00000000,2249.00000000,0.12960336
150.00000000,2250.00000000,0.12999395
150.00000000,2251.00000000,0.13030580
150.00000000,2252.00000000,0.13061374
150.00000000,2253.00000000,0.13091684
150.00000000,2254.00000000,0.13121471
150.00000000,2255.00000000,0.13150729
150.00000000,2256.00000000,0.13179452
150.00000000,2257.00000000,0.13207638
150.00000000,2258.00000000,0.13235296
150.00000000,2259.00000000,0.13262427
150.00000000,2260.00000000,0.13289049
150.00000000,2261.00000000,0.13315169
150.00000000,2262.00000000,0.13340805
150.00000000,2263.00000000,0.13365983
150.00000000,2264.00000000,0.13390714
150.00000000,2265.00000000,0.13415004
150.00000000,2266.00000000,0.13438873
150.00000000,2267.00000000,0.13462322
150.00000000,2268.00000000,0.13485358
150.00000000,2269.00000000,0.13507996
150.00000000,2270.00000000,0.13530238
150.00000000,2271.00000000,0.13552089
150.00000000,2272.00000000,0.13573562
150.00000000,2273.00000000,0.13594653
150.00000000,2274.00000000,0.13615381
150.00000000,2275.00000000,0.13635744
150.00000000,2276.00000000,0.13655743
150.00000000,2277.00000000,0.13675395
150.00000000,2278.00000000,0.13694702
150.00000000,2279.00000000,0.13713657
150.00000000,2280.00000000,0.13732283
150.00000000,2281.00000000,0.13750576
150.00000000,2282.00000000,0.13768532
150.00000000,2283.00000000,0.13786172
150.00000000,2284.00000000,0.13803482
150.00000000,2285.00000000,0.13820484
150.00000000,2286.00000000,0.13837171
150.00000000,2287.00000000,0.13853541
150.00000000,2288.00000000,0.13869609
150.00000000,2289.00000000,0.13885374
150.00000000,2290.00000000,0.13900827
150.00000000,2291.00000000,0.13915990
150.00000000,2292.00000000,0.13930852
150.00000000,2293.00000000,0.13945414
150.00000000,2294.00000000,0.13959686
150.00000000,2295.00000000,0.13973661
150.00000000,2296.00000000,0.13987347
150.00000000,2297.00000000,0.14000744
150.00000000,2298.00000000,0.14013843
150.00000000,2299.00000000,0.14026650
150.00000000,2300.00000000,0.14039157
150.00000000,2301.00000000,0.13997094
150.00000000,2302.00000000,0.13954664
150.00000000,2303.00000000,0.13911868
150.00000000,2304.00000000,0.13868707
150.00000000,2305.00000000,0.13825203
150.00000000,2306.00000000,0.13781357
150.00000000,2307.00000000,0.13737172
150.00000000,2308.00000000,0.13692667
150.00000000,2309.00000000,0.13647837
150.00000000,2310.00000000,0.13602705
150.00000000,2311.00000000,0.13557268
150.00000000,2312.00000000,0.13511529
150.00000000,2313.00000000,0.13465508
150.00000000,2314.00000000,0.13419205
150.00000000,2315.00000000,0.13372619
150.00000000,2316.00000000,0.13325771
150.00000000,2317.00000000,0.13278660
150.00000000,2318.00000000,0.13231285
150.00000000,2319.00000000,0.13183667
150.00000000,2320.00000000,0.13135798
150.00000000,2321.00000000,0.13087696
150.00000000,2322.00000000,0.13039359
150.00000000,2323.00000000,0.12990788
150.00000000,2324.00000000,0.12942000
150.00000000,2325.00000000,0.12892995
150.00000000,2326.00000000,0.12843771
150.00000000,2327.00000000,0.12794346
150.00000000,2328.00000000,0.12744717
150.00000000,2329.00000000,0.12694887
150.00000000,2330.00000000,0.12644867
150.00000000,2331.00000000,0.12594658
150.00000000,2332.00000000,0.12544259
150.00000000,2333.00000000,0.12493686
150.00000000,2334.00000000,0.12442933
150.00000000,2335.00000000,0.12392013
150.00000000,2336.00000000,0.12340925
150.00000000,2337.00000000,0.12289669
150.00000000,2338.00000000,0.12238258
150.00000000,2339.00000000,0.12186691
150.00000000,2340.00000000,0.12134967
150.00000000,2341.00000000,0.12083099
150.00000000,2342.00000000,0.12031087
150.00000000,2343.00000000,0.11978930
150.00000000,2344.00000000,0.11926639
150.00000000,2345.00000000,0.11874210
150.00000000,2346.00000000,0.11821653
150.00000000,2347.00000000,0.11768969
150.00000000,2348.00000000,0.11716157
150.00000000,2349.00000000,0.11663227
150.00000000,2350.00000000,0.11610179
150.00000000,2351.00000000,0.11557012
150.00000000,2352.00000000,0.11503737
150.00000000,2353.00000000,0.11450353
150.00000000,2354.00000000,0.11396860
150.00000000,2355.00000000,0.11343269
150.00000000,2356.00000000,0.11289577
150.00000000,2357.00000000,0.11235783
150.00000000,2358.00000000,0.11181899
150.00000000,2359.00000000,0.11127918
150.00000000,2360.00000000,0.11073852
150.00000000,2361.00000000,0.11019699
150.00000000,2362.00000000,0.10965458
150.00000000,2363.00000000,0.10911140
150.00000000,2364.00000000,0.10856742
150.00000000,2365.00000000,0.10802261
150.00000000,2366.00000000,0.10747710
150.00000000,2367.00000000,0.10693087
150.00000000,2368.00000000,0.10638391
150.00000000,2369.00000000,0.10583629
150.00000000,2370.00000000,0.10528798
150.00000000,2371.00000000,0.10473907
150.00000000,2372.00000000,0.10418956
150.00000000,2373.00000000,0.10363941
150.00000000,2374.00000000,0.10308872
150.00000000,2375.00000000,0.10253750
150.00000000,2376.00000000,0.10198569
150.00000000,2377.00000000,0.10143341
150.00000000,2378.00000000,0.10088066
150.00000000,2379.00000000,0.10032737
150.00000000,2380.00000000,0.09977370
150.00000000,2381.00000000,0.09921954
150.00000000,2382.00000000,0.09866500
150.00000000,2383.00000000,0.09811009
150.00000000,2384.00000000,0.09755475
150.00000000,2385.00000000,0.09699911
150.00000000,2386.00000000,0.09644312
150.00000000,2387.00000000,0.09588678
150.00000000,2388.00000000,0.09533018
150.00000000,2389.00000000,0.09477330
150.00000000,2390.00000000,0.09421611
150.00000000,2391.00000000,0.09365872
150.00000000,2392.00000000,0.09310111
150.00000000,2393.00000000,0.09254323
150.00000000,2394.00000000,0.09198522
150.00000000,2395.00000000,0.09142701
150.00000000,2396.00000000,0.09086868
150.00000000,2397.00000000,0.09031028
150.00000000,2398.00000000,0.08975179
150.00000000,2399.00000000,0.08931109
150.00000000,2400.00000000,0.08921710
150.00000000,2401.00000000,0.08921797
150.00000000,2402.00000000,0.08921905
150.00000000,2403.00000000,0.08922030
150.00000000,2404.00000000,0.08922165
150.00000000,2405.00000000,0.08922322
150.00000000,2406.00000000,0.08923974
150.00000000,2407.00000000,0.08925647
150.00000000,2408.00000000,0.08927335
150.00000000,2409.00000000,0.08929032
150.00000000,2410.00000000,0.08930747
150.00000000,2411.00000000,0.08929540
150.00000000,2412.00000000,0.08928339
150.00000000,2413.00000000,0.08927156
150.00000000,2414.00000000,0.08925983
150.00000000,2415.00000000,0.08924817
150.00000000,2416.00000000,0.08923667
150.00000000,2417.00000000,0.08922527
150.00000000,2418.00000000,0.08921393
150.00000000,2419.00000000,0.08920275
150.00000000,2420.00000000,0.08919161
150.00000000,2421.00000000,0.08918061
150.00000000,2422.00000000,0.08916970
150.00000000,2423.00000000,0.08915884
150.00000000,2424.00000000,0.08914812
150.00000000,2425.00000000,0.08913748
150.00000000,2426.00000000,0.08912560
150.00000000,2427.00000000,0.08911387
150.00000000,2428.00000000,0.08910221
150.00000000,2429.00000000,0.08909057
150.00000000,2430.00000000,0.08907906
150.00000000,2431.00000000,0.08906757
150.00000000,2432.00000000,0.08905622
150.00000000,2433.00000000,0.08904492
150.00000000,2434.00000000,0.08903365
150.00000000,2435.00000000,0.08902250
150.00000000,2436.00000000,0.08901140
150.00000000,2437.00000000,0.08900032
150.00000000,2438.00000000,0.08898936
150.00000000,2439.00000000,0.08897845
150.00000000,2440.00000000,0.08896755
150.00000000,2441.00000000,0.08895676
150.00000000,2442.00000000,0.08894597
150.00000000,2443.00000000,0.08893529
150.00000000,2444.00000000,0.08892466
150.00000000,2445.00000000,0.08891403
150.00000000,2446.00000000,0.08890351
150.00000000,2447.00000000,0.08889304
150.00000000,2448.00000000,0.08888255
150.00000000,2449.00000000,0.08887217
150.00000000,2450.00000000,0.08886184
150.00000000,2451.00000000,0.08885433
150.00000000,2452.00000000,0.08884691
150.00000000,2453.00000000,0.08883953
150.00000000,2454.00000000,0.08883212
150.00000000,2455.00000000,0.08882481
150.00000000,2456.00000000,0.08881749
150.00000000,2457.00000000,0.08881026
150.00000000,2458.00000000,0.08880307
150.00000000,2459.00000000,0.08879584
150.00000000,2460.00000000,0.08878871
150.00000000,2461.00000000,0.08878161
150.00000000,2462.00000000,0.08877448
150.00000000,2463.00000000,0.08876743
150.00000000,2464.00000000,0.08876043
150.00000000,2465.00000000,0.08875338
150.00000000,2466.00000000,0.08874642
150.00000000,2467.00000000,0.08873943
150.00000000,2468.00000000,0.08873253
150.00000000,2469.00000000,0.08872566
150.00000000,2470.00000000,0.08871874
150.00000000,2471.00000000,0.08871191
150.00000000,2472.00000000,0.08870510
150.00000000,2473.00000000,0.08869825
150.00000000,2474.00000000,0.08869149
150.00000000,2475.00000000,0.08868476
150.00000000,2476.00000000,0.08867796
150.00000000,2477.00000000,0.08867126
150.00000000,2478.00000000,0.08866459
150.00000000,2479.00000000,0.08865785
150.00000000,2480.00000000,0.08865121
150.00000000,2481.00000000,0.08864451
150.00000000,2482.00000000,0.08863790
150.00000000,2483.00000000,0.08863131
150.00000000,2484.00000000,0.08862466
150.00000000,2485.00000000,0.08861808
150.00000000,2486.00000000,0.08861154
150.00000000,2487.00000000,0.08860493
150.00000000,2488.00000000,0.08859840
150.00000000,2489.00000000,0.08859190
150.00000000,2490.00000000,0.08858533
150.00000000,2491.00000000,0.08857885
150.00000000,2492.00000000,0.08857230
150.00000000,2493.00000000,0.08856584
150.00000000,2494.00000000,0.08855939
150.00000000,2495.00000000,0.08855287
150.00000000,2496.00000000,0.08854643
150.00000000,2497.00000000,0.08854002
150.00000000,2498.00000000,0.08853353
150.00000000,2499.00000000,0.08852713
150.00000000,2500.00000000,0.08852074
151.00000000,1765.00000000,0.06164821
151.00000000,1766.00000000,0.06164822
151.00000000,1767.00000000,0.06164826
151.00000000,1768.00000000,0.06164837
151.00000000,1769.00000000,0.06164862
151.00000000,1770.00000000,0.06164890
151.00000000,1771.00000000,0.06164948
151.00000000,1772.00000000,0.06164984
151.00000000,1773.00000000,0.06165051
151.00000000,1774.00000000,0.06165134
151.00000000,1775.00000000,0.06165231
151.00000000,1776.00000000,0.06165332
151.00000000,1777.00000000,0.06165439
151.00000000,1778.00000000,0.06165573
151.00000000,1779.00000000,0.06165708
151.00000000,1780.00000000,0.06165858
151.00000000,1781.00000000,0.06166011
151.00000000,1782.00000000,0.06166187
151.00000000,1783.00000000,0.06166355
151.00000000,1784.00000000,0.06166546
151.00000000,1785.00000000,0.06166747
151.00000000,1786.00000000,0.06166940
151.00000000,1787.00000000,0.06167161
151.00000000,1788.00000000,0.06167388
151.00000000,1789.00000000,0.06167604
151.00000000,1790.00000000,0.06167845
151.00000000,1791.00000000,0.06168086
151.00000000,1792.00000000,0.06168323
151.00000000,1793.00000000,0.06168583
151.00000000,1794.00000000,0.06168852
151.00000000,1795.00000000,0.06169099
151.00000000,1796.00000000,0.06169366
151.00000000,1797.00000000,0.06169640
151.00000000,1798.00000000,0.06169917
151.00000000,1799.00000000,0.06170196
151.00000000,1800.00000000,0.06170490
151.00000000,1801.00000000,0.06170773
151.00000000,1802.00000000,0.06171073
151.00000000,1803.00000000,0.06171351
151.00000000,1804.00000000,0.06171640
151.00000000,1805.00000000,0.06171940
151.00000000,1806.00000000,0.06172256
151.00000000,1807.00000000,0.06172551
151.00000000,1808.00000000,0.06172859
151.00000000,1809.00000000,0.06173167
151.00000000,1810.00000000,0.06173476
151.00000000,1811.00000000,0.06173791
151.00000000,1812.00000000,0.06174113
151.00000000,1813.00000000,0.06174413
151.00000000,1814.00000000,0.06174735
151.00000000,1815.00000000,0.06175053
151.00000000,1816.00000000,0.06175369
151.00000000,1817.00000000,0.06175686
151.00000000,1818.00000000,0.06176007
151.00000000,1819.00000000,0.06176333
151.00000000,1820.00000000,0.06176651
151.00000000,1821.00000000,0.06176969
151.00000000,1822.00000000,0.06177281
151.00000000,1823.00000000,0.06177605
151.00000000,1824.00000000,0.06177923
151.00000000,1825.00000000,0.06178248
151.00000000,1826.00000000,0.06178567
151.00000000,1827.00000000,0.06178890
151.00000000,1828.00000000,0.06179203
151.00000000,1829.00000000,0.06179519
151.00000000,1830.00000000,0.06179844
151.00000000,1831.00000000,0.06180157
151.00000000,1832.00000000,0.06180466
151.00000000,1833.00000000,0.06180775
151.00000000,1834.00000000,0.06181091
151.00000000,1835.00000000,0.06181396
151.00000000,1836.00000000,0.06181702
151.00000000,1837.00000000,0.06182006
151.00000000,1838.00000000,0.06182315
151.00000000,1839.00000000,0.06182616
151.00000000,1840.00000000,0.06182913
151.00000000,1841.00000000,0.06183213
151.00000000,1842.00000000,0.06183508
151.00000000,1843.00000000,0.06183800
151.00000000,1844.00000000,0.06184088
151.00000000,1845.00000000,0.06184378
151.00000000,1846.00000000,0.06184664
151.00000000,1847.00000000,0.06184947
151.00000000,1848.00000000,0.06185225
151.00000000,1849.00000000,0.06185502
151.00000000,1850.00000000,0.06185773
151.00000000,1851.00000000,0.06186038
151.00000000,1852.00000000,0.06186308
151.00000000,1853.00000000,0.06186598
151.00000000,1854.00000000,0.06186897
151.00000000,1855.00000000,0.06187206
151.00000000,1856.00000000,0.06187486
151.00000000,1857.00000000,0.06187768
151.00000000,1858.00000000,0.06188047
151.00000000,1859.00000000,0.06188318
151.00000000,1860.00000000,0.06188569
151.00000000,1861.00000000,0.06188832
151.00000000,1862.00000000,0.06189071
151.00000000,1863.00000000,0.06189259
151.00000000,1864.00000000,0.06189408
151.00000000,1865.00000000,0.06189513
151.00000000,1866.00000000,0.06189592
151.00000000,1867.00000000,0.06189648
151.00000000,1868.00000000,0.06189684
151.00000000,1869.00000000,0.06189689
151.00000000,1870.00000000,0.06189679
151.00000000,1871.00000000,0.06189657
151.00000000,1872.00000000,0.06189643
151.00000000,1873.00000000,0.06189688
151.00000000,1874.00000000,0.06189770
151.00000000,1875.00000000,0.06189882
151.00000000,1876.00000000,0.06190014
151.00000000,1877.00000000,0.06190165
151.00000000,1878.00000000,0.06190325
151.00000000,1879.00000000,0.06190500
151.00000000,1880.00000000,0.06190675
151.00000000,1881.00000000,0.06190855
151.00000000,1882.00000000,0.06191034
151.00000000,1883.00000000,0.06191174
151.00000000,1884.00000000,0.06191284
151.00000000,1885.00000000,0.06191368
151.00000000,1886.00000000,0.06191441
151.00000000,1887.00000000,0.06191505
151.00000000,1888.00000000,0.06191545
151.00000000,1889.00000000,0.06191569
151.00000000,1890.00000000,0.06191569
151.00000000,1891.00000000,0.06191536
151.00000000,1892.00000000,0.06191483
151.00000000,1893.00000000,0.06191415
151.00000000,1894.00000000,0.06191350
151.00000000,1895.00000000,0.06191292
151.00000000,1896.00000000,0.06191235
151.00000000,1897.00000000,0.06191177
151.00000000,1898.00000000,0.06191109
151.00000000,1899.00000000,0.06191027
151.00000000,1900.00000000,0.06190921
151.00000000,1901.00000000,0.06190793
151.00000000,1902.00000000,0.06190679
151.00000000,1903.00000000,0.06190574
151.00000000,1904.00000000,0.06190480
151.00000000,1905.00000000,0.06190403
151.00000000,1906.00000000,0.06190346
151.00000000,1907.00000000,0.06190305
151.00000000,1908.00000000,0.06190260
151.00000000,1909.00000000,0.06190212
151.00000000,1910.00000000,0.06190172
151.00000000,1911.00000000,0.06190121
151.00000000,1912.00000000,0.06190025
151.00000000,1913.00000000,0.06189859
151.00000000,1914.00000000,0.06189622
151.00000000,1915.00000000,0.06189354
151.00000000,1916.00000000,0.06189088
151.00000000,1917.00000000,0.06189400
151.00000000,1918.00000000,0.06189127
151.00000000,1919.00000000,0.06188867
151.00000000,1920.00000000,0.06188661
151.00000000,1921.00000000,0.06188512
151.00000000,1922.00000000,0.06188636
151.00000000,1923.00000000,0.06188634
151.00000000,1924.00000000,0.06188644
151.00000000,1925.00000000,0.06188647
151.00000000,1926.00000000,0.06188652
151.00000000,1927.00000000,0.06188663
151.00000000,1928.00000000,0.06188684
151.00000000,1929.00000000,0.06188707
151.00000000,1930.00000000,0.06188749
151.00000000,1931.00000000,0.06188881
151.00000000,1932.00000000,0.06189312
151.00000000,1933.00000000,0.06189617
151.00000000,1934.00000000,0.06189967
151.00000000,1935.00000000,0.06190317
151.00000000,1936.00000000,0.06190629
151.00000000,1937.00000000,0.06190864
151.00000000,1938.00000000,0.06191003
151.00000000,1939.00000000,0.06191070
151.00000000,1940.00000000,0.06191090
151.00000000,1941.00000000,0.06191022
151.00000000,1942.00000000,0.06191067
151.00000000,1943.00000000,0.06190869
151.00000000,1944.00000000,0.06190630
151.00000000,1945.00000000,0.06190391
151.00000000,1946.00000000,0.06190229
151.00000000,1947.00000000,0.06190205
151.00000000,1948.00000000,0.06190440
151.00000000,1949.00000000,0.06190493
151.00000000,1950.00000000,0.06190535
151.00000000,1951.00000000,0.06190759
151.00000000,1952.00000000,0.06190858
151.00000000,1953.00000000,0.06191345
151.00000000,1954.00000000,0.06191271
151.00000000,1955.00000000,0.06191404
151.00000000,1956.00000000,0.06191547
151.00000000,1957.00000000,0.06191851
151.00000000,1958.00000000,0.06191935
151.00000000,1959.00000000,0.06191967
151.00000000,1960.00000000,0.06191853
151.00000000,1961.00000000,0.06191593
151.00000000,1962.00000000,0.06191452
151.00000000,1963.00000000,0.06191060
151.00000000,1964.00000000,0.06190570
151.00000000,1965.00000000,0.06189968
151.00000000,1966.00000000,0.06189445
151.00000000,1967.00000000,0.06188816
151.00000000,1968.00000000,0.06188067
151.00000000,1969.00000000,0.06186945
151.00000000,1970.00000000,0.06185627
151.00000000,1971.00000000,0.06184040
151.00000000,1972.00000000,0.06182112
151.00000000,1973.00000000,0.06180085
151.00000000,1974.00000000,0.06177819
151.00000000,1975.00000000,0.06175217
151.00000000,1976.00000000,0.06172767
151.00000000,1977.00000000,0.06170140
151.00000000,1978.00000000,0.06167679
151.00000000,1979.00000000,0.06165001
151.00000000,1980.00000000,0.06162269
151.00000000,1981.00000000,0.06160657
151.00000000,1982.00000000,0.06157874
151.00000000,1983.00000000,0.06155618
151.00000000,1984.00000000,0.06153875
151.00000000,1985.00000000,0.06152202
151.00000000,1986.00000000,0.06150857
151.00000000,1987.00000000,0.06150153
151.00000000,1988.00000000,0.06148703
151.00000000,1989.00000000,0.06147408
151.00000000,1990.00000000,0.06146079
151.00000000,1991.00000000,0.06144911
151.00000000,1992.00000000,0.06143594
151.00000000,1993.00000000,0.06142511
151.00000000,1994.00000000,0.06141328
151.00000000,1995.00000000,0.06140395
151.00000000,1996.00000000,0.06139856
151.00000000,1997.00000000,0.06138519
151.00000000,1998.00000000,0.06137691
151.00000000,1999.00000000,0.06136472
151.00000000,2000.00000000,0.06135643
151.00000000,2001.00000000,0.06134983
151.00000000,2002.00000000,0.06133524
151.00000000,2003.00000000,0.06132645
151.00000000,2004.00000000,0.06131482
151.00000000,2005.00000000,0.06131610
151.00000000,2006.00000000,0.06129910
151.00000000,2007.00000000,0.06128454
151.00000000,2008.00000000,0.06125950
151.00000000,2009.00000000,0.06123191
151.00000000,2010.00000000,0.06120952
151.00000000,2011.00000000,0.06119055
151.00000000,2012.00000000,0.06116197
151.00000000,2013.00000000,0.06112741
151.00000000,2014.00000000,0.06110001
151.00000000,2015.00000000,0.06107245
151.00000000,2016.00000000,0.06104095
151.00000000,2017.00000000,0.06100008
151.00000000,2018.00000000,0.06096717
151.00000000,2019.00000000,0.06092659
151.00000000,2020.00000000,0.06088823
151.00000000,2021.00000000,0.06084475
151.00000000,2022.00000000,0.06080752
151.00000000,2023.00000000,0.06078421
151.00000000,2024.00000000,0.06074882
151.00000000,2025.00000000,0.06067351
151.00000000,2026.00000000,0.06064205
151.00000000,2027.00000000,0.06058945
151.00000000,2028.00000000,0.06053628
151.00000000,2029.00000000,0.06047973
151.00000000,2030.00000000,0.06044579
151.00000000,2031.00000000,0.06043348
151.00000000,2032.00000000,0.06038546
151.00000000,2033.00000000,0.06034761
151.00000000,2034.00000000,0.06031431
151.00000000,2035.00000000,0.06025610
151.00000000,2036.00000000,0.06019503
151.00000000,2037.00000000,0.06013669
151.00000000,2038.00000000,0.06009574
151.00000000,2039.00000000,0.06008672
151.00000000,2040.00000000,0.06001841
151.00000000,2041.00000000,0.06000210
151.00000000,2042.00000000,0.05996115
151.00000000,2043.00000000,0.05989362
151.00000000,2044.00000000,0.05981406
151.00000000,2045.00000000,0.05976425
151.00000000,2046.00000000,0.05973139
151.00000000,2047.00000000,0.05967930
151.00000000,2048.00000000,0.05964064
151.00000000,2049.00000000,0.05960816
151.00000000,2050.00000000,0.05960532
151.00000000,2051.00000000,0.05957459
151.00000000,2052.00000000,0.05952684
151.00000000,2053.00000000,0.05947123
151.00000000,2054.00000000,0.05948110
151.00000000,2055.00000000,0.05941155
151.00000000,2056.00000000,0.05939845
151.00000000,2057.00000000,0.05939348
151.00000000,2058.00000000,0.05944622
151.00000000,2059.00000000,0.05930107
151.00000000,2060.00000000,0.05927760
151.00000000,2061.00000000,0.05925160
151.00000000,2062.00000000,0.05919523
151.00000000,2063.00000000,0.05918480
151.00000000,2064.00000000,0.05921157
151.00000000,2065.00000000,0.05896315
151.00000000,2066.00000000,0.05885804
151.00000000,2067.00000000,0.05888532
151.00000000,2068.00000000,0.05889755
151.00000000,2069.00000000,0.05878314
151.00000000,2070.00000000,0.05847655
151.00000000,2071.00000000,0.05861672
151.00000000,2072.00000000,0.05831511
151.00000000,2073.00000000,0.05831230
151.00000000,2074.00000000,0.05845492
151.00000000,2075.00000000,0.05837090
151.00000000,2076.00000000,0.05832174
151.00000000,2077.00000000,0.05826757
151.00000000,2078.00000000,0.05833744
151.00000000,2079.00000000,0.05827820
151.00000000,2080.00000000,0.05835260
151.00000000,2081.00000000,0.05813348
151.00000000,2082.00000000,0.05788032
151.00000000,2083.00000000,0.05766353
151.00000000,2084.00000000,0.05768645
151.00000000,2085.00000000,0.05776947
151.00000000,2086.00000000,0.05781024
151.00000000,2087.00000000,0.05793638
151.00000000,2088.00000000,0.05802344
151.00000000,2089.00000000,0.05786451
151.00000000,2090.00000000,0.05790607
151.00000000,2091.00000000,0.05804596
151.00000000,2092.00000000,0.05806586
151.00000000,2093.00000000,0.05804226
151.00000000,2094.00000000,0.05809011
151.00000000,2095.00000000,0.05804402
151.00000000,2096.00000000,0.05763812
151.00000000,2097.00000000,0.05774225
151.00000000,2098.00000000,0.05797685
151.00000000,2099.00000000,0.05808437
151.00000000,2100.00000000,0.05798108
151.00000000,2101.00000000,0.05831863
151.00000000,2102.00000000,0.05853616
151.00000000,2103.00000000,0.05857184
151.00000000,2104.00000000,0.05863854
151.00000000,2105.00000000,0.05867269
151.00000000,2106.00000000,0.05896698
151.00000000,2107.00000000,0.05919169
151.00000000,2108.00000000,0.05934674
151.00000000,2109.00000000,0.05945046
151.00000000,2110.00000000,0.05967628
151.00000000,2111.00000000,0.05987566
151.00000000,2112.00000000,0.05991385
151.00000000,2113.00000000,0.06010239
151.00000000,2114.00000000,0.06036292
151.00000000,2115.00000000,0.06064539
151.00000000,2116.00000000,0.06089152
151.00000000,2117.00000000,0.06117771
151.00000000,2118.00000000,0.06137594
151.00000000,2119.00000000,0.06169374
151.00000000,2120.00000000,0.06207124
151.00000000,2121.00000000,0.06255637
151.00000000,2122.00000000,0.06284209
151.00000000,2123.00000000,0.06315071
151.00000000,2124.00000000,0.06357325
151.00000000,2125.00000000,0.06362097
151.00000000,2126.00000000,0.06360716
151.00000000,2127.00000000,0.06408628
151.00000000,2128.00000000,0.06436474
151.00000000,2129.00000000,0.06452848
151.00000000,2130.00000000,0.06503372
151.00000000,2131.00000000,0.06498269
151.00000000,2132.00000000,0.06475252
151.00000000,2133.00000000,0.06472679
151.00000000,2134.00000000,0.06474213
151.00000000,2135.00000000,0.06508420
151.00000000,2136.00000000,0.06538469
151.00000000,2137.00000000,0.06570629
151.00000000,2138.00000000,0.06599110
151.00000000,2139.00000000,0.06638916
151.00000000,2140.00000000,0.06664625
151.00000000,2141.00000000,0.06678863
151.00000000,2142.00000000,0.06699108
151.00000000,2143.00000000,0.06685129
151.00000000,2144.00000000,0.06691511
151.00000000,2145.00000000,0.06716466
151.00000000,2146.00000000,0.06743517
151.00000000,2147.00000000,0.06772001
151.00000000,2148.00000000,0.06795826
151.00000000,2149.00000000,0.06796701
151.00000000,2150.00000000,0.06799695
151.00000000,2151.00000000,0.06833378
151.00000000,2152.00000000,0.06866550
151.00000000,2153.00000000,0.06882406
151.00000000,2154.00000000,0.06945549
151.00000000,2155.00000000,0.07017278
151.00000000,2156.00000000,0.07075225
151.00000000,2157.00000000,0.07115768
151.00000000,2158.00000000,0.07156844
151.00000000,2159.00000000,0.07198457
151.00000000,2160.00000000,0.07240552
151.00000000,2161.00000000,0.07283129
151.00000000,2162.00000000,0.07337772
151.00000000,2163.00000000,0.07392905
151.00000000,2164.00000000,0.07448525
151.00000000,2165.00000000,0.07504620
151.00000000,2166.00000000,0.07561181
151.00000000,2167.00000000,0.07618204
151.00000000,2168.00000000,0.07675679
151.00000000,2169.00000000,0.07733596
151.00000000,2170.00000000,0.07791951
151.00000000,2171.00000000,0.07850735
151.00000000,2172.00000000,0.07904775
151.00000000,2173.00000000,0.07959223
151.00000000,2174.00000000,0.08014072
151.00000000,2175.00000000,0.08069324
151.00000000,2176.00000000,0.08124975
151.00000000,2177.00000000,0.08181022
151.00000000,2178.00000000,0.08237468
151.00000000,2179.00000000,0.08294311
151.00000000,2180.00000000,0.08351551
151.00000000,2181.00000000,0.08409196
151.00000000,2182.00000000,0.08478105
151.00000000,2183.00000000,0.08547443
151.00000000,2184.00000000,0.08617209
151.00000000,2185.00000000,0.08687399
151.00000000,2186.00000000,0.08758005
151.00000000,2187.00000000,0.08829029
151.00000000,2188.00000000,0.08900462
151.00000000,2189.00000000,0.08972309
151.00000000,2190.00000000,0.09044563
151.00000000,2191.00000000,0.09117221
151.00000000,2192.00000000,0.09198301
151.00000000,2193.00000000,0.09279807
151.00000000,2194.00000000,0.09361729
151.00000000,2195.00000000,0.09444068
151.00000000,2196.00000000,0.09526816
151.00000000,2197.00000000,0.09609965
151.00000000,2198.00000000,0.09693515
151.00000000,2199.00000000,0.09777456
151.00000000,2200.00000000,0.09861786
151.00000000,2201.00000000,0.09946498
151.00000000,2202.00000000,0.10031123
151.00000000,2203.00000000,0.10116121
151.00000000,2204.00000000,0.10201482
151.00000000,2205.00000000,0.10287197
151.00000000,2206.00000000,0.10373267
151.00000000,2207.00000000,0.10459683
151.00000000,2208.00000000,0.10546432
151.00000000,2209.00000000,0.10633515
151.00000000,2210.00000000,0.10720919
151.00000000,2211.00000000,0.10808630
151.00000000,2212.00000000,0.10878625
151.00000000,2213.00000000,0.10948850
151.00000000,2214.00000000,0.11019309
151.00000000,2215.00000000,0.11089997
151.00000000,2216.00000000,0.11160906
151.00000000,2217.00000000,0.11232040
151.00000000,2218.00000000,0.11303392
151.00000000,2219.00000000,0.11374955
151.00000000,2220.00000000,0.11446729
151.00000000,2221.00000000,0.11518707
151.00000000,2222.00000000,0.11574385
151.00000000,2223.00000000,0.11630198
151.00000000,2224.00000000,0.11686141
151.00000000,2225.00000000,0.11742221
151.00000000,2226.00000000,0.11798434
151.00000000,2227.00000000,0.11854775
151.00000000,2228.00000000,0.11911251
151.00000000,2229.00000000,0.11967856
151.00000000,2230.00000000,0.12024587
151.00000000,2231.00000000,0.12081447
151.00000000,2232.00000000,0.12129081
151.00000000,2233.00000000,0.12176799
151.00000000,2234.00000000,0.12224608
151.00000000,2235.00000000,0.12272502
151.00000000,2236.00000000,0.12320490
151.00000000,2237.00000000,0.12368566
151.00000000,2238.00000000,0.12416728
151.00000000,2239.00000000,0.12464984
151.00000000,2240.00000000,0.12513329
151.00000000,2241.00000000,0.12561756
151.00000000,2242.00000000,0.12600486
151.00000000,2243.00000000,0.12639263
151.00000000,2244.00000000,0.12678088
151.00000000,2245.00000000,0.12716966
151.00000000,2246.00000000,0.12755896
151.00000000,2247.00000000,0.12794877
151.00000000,2248.00000000,0.12833916
151.00000000,2249.00000000,0.12872990
151.00000000,2250.00000000,0.12912025
151.00000000,2251.00000000,0.12950851
151.00000000,2252.00000000,0.12981678
151.00000000,2253.00000000,0.13012028
151.00000000,2254.00000000,0.13041862
151.00000000,2255.00000000,0.13071160
151.00000000,2256.00000000,0.13099932
151.00000000,2257.00000000,0.13128171
151.00000000,2258.00000000,0.13155878
151.00000000,2259.00000000,0.13183069
151.00000000,2260.00000000,0.13209743
151.00000000,2261.00000000,0.13235924
151.00000000,2262.00000000,0.13261627
151.00000000,2263.00000000,0.13286866
151.00000000,2264.00000000,0.13311664
151.00000000,2265.00000000,0.13336028
151.00000000,2266.00000000,0.13359964
151.00000000,2267.00000000,0.13383488
151.00000000,2268.00000000,0.13406605
151.00000000,2269.00000000,0.13429317
151.00000000,2270.00000000,0.13451640
151.00000000,2271.00000000,0.13473578
151.00000000,2272.00000000,0.13495131
151.00000000,2273.00000000,0.13516317
151.00000000,2274.00000000,0.13537130
151.00000000,2275.00000000,0.13557585
151.00000000,2276.00000000,0.13577686
151.00000000,2277.00000000,0.13597428
151.00000000,2278.00000000,0.13616834
151.00000000,2279.00000000,0.13635899
151.00000000,2280.00000000,0.13654623
151.00000000,2281.00000000,0.13673021
151.00000000,2282.00000000,0.13691096
151.00000000,2283.00000000,0.13708837
151.00000000,2284.00000000,0.13726270
151.00000000,2285.00000000,0.13743379
151.00000000,2286.00000000,0.13760184
151.00000000,2287.00000000,0.13776683
151.00000000,2288.00000000,0.13792867
151.00000000,2289.00000000,0.13808758
151.00000000,2290.00000000,0.13824349
151.00000000,2291.00000000,0.13839634
151.00000000,2292.00000000,0.13854633
151.00000000,2293.00000000,0.13869336
151.00000000,2294.00000000,0.13883744
151.00000000,2295.00000000,0.13897866
151.00000000,2296.00000000,0.13911696
151.00000000,2297.00000000,0.13925241
151.00000000,2298.00000000,0.13938502
151.00000000,2299.00000000,0.13951466
151.00000000,2300.00000000,0.13964146
151.00000000,2301.00000000,0.13976529
151.00000000,2302.00000000,0.13934586
151.00000000,2303.00000000,0.13892280
151.00000000,2304.00000000,0.13849611
151.00000000,2305.00000000,0.13806581
151.00000000,2306.00000000,0.13763213
151.00000000,2307.00000000,0.13719506
151.00000000,2308.00000000,0.13675466
151.00000000,2309.00000000,0.13631109
151.00000000,2310.00000000,0.13586431
151.00000000,2311.00000000,0.13541453
151.00000000,2312.00000000,0.13496176
151.00000000,2313.00000000,0.13450599
151.00000000,2314.00000000,0.13404743
151.00000000,2315.00000000,0.13358608
151.00000000,2316.00000000,0.13312194
151.00000000,2317.00000000,0.13265520
151.00000000,2318.00000000,0.13218586
151.00000000,2319.00000000,0.13171392
151.00000000,2320.00000000,0.13123956
151.00000000,2321.00000000,0.13076273
151.00000000,2322.00000000,0.13028358
151.00000000,2323.00000000,0.12980212
151.00000000,2324.00000000,0.12931833
151.00000000,2325.00000000,0.12883241
151.00000000,2326.00000000,0.12834432
151.00000000,2327.00000000,0.12785409
151.00000000,2328.00000000,0.12736183
151.00000000,2329.00000000,0.12686758
151.00000000,2330.00000000,0.12637132
151.00000000,2331.00000000,0.12587319
151.00000000,2332.00000000,0.12537319
151.00000000,2333.00000000,0.12487132
151.00000000,2334.00000000,0.12436770
151.00000000,2335.00000000,0.12386230
151.00000000,2336.00000000,0.12335525
151.00000000,2337.00000000,0.12284654
151.00000000,2338.00000000,0.12233617
151.00000000,2339.00000000,0.12182425
151.00000000,2340.00000000,0.12131079
151.00000000,2341.00000000,0.12079578
151.00000000,2342.00000000,0.12027934
151.00000000,2343.00000000,0.11976147
151.00000000,2344.00000000,0.11924215
151.00000000,2345.00000000,0.11872151
151.00000000,2346.00000000,0.11819949
151.00000000,2347.00000000,0.11767621
151.00000000,2348.00000000,0.11715169
151.00000000,2349.00000000,0.11662586
151.00000000,2350.00000000,0.11609890
151.00000000,2351.00000000,0.11557076
151.00000000,2352.00000000,0.11504143
151.00000000,2353.00000000,0.11451103
151.00000000,2354.00000000,0.11397956
151.00000000,2355.00000000,0.11344700
151.00000000,2356.00000000,0.11291345
151.00000000,2357.00000000,0.11237892
151.00000000,2358.00000000,0.11184337
151.00000000,2359.00000000,0.11130693
151.00000000,2360.00000000,0.11076953
151.00000000,2361.00000000,0.11023130
151.00000000,2362.00000000,0.10969219
151.00000000,2363.00000000,0.10915220
151.00000000,2364.00000000,0.10861144
151.00000000,2365.00000000,0.10806989
151.00000000,2366.00000000,0.10752753
151.00000000,2367.00000000,0.10698449
151.00000000,2368.00000000,0.10644070
151.00000000,2369.00000000,0.10589618
151.00000000,2370.00000000,0.10535103
151.00000000,2371.00000000,0.10480519
151.00000000,2372.00000000,0.10425875
151.00000000,2373.00000000,0.10371170
151.00000000,2374.00000000,0.10316403
151.00000000,2375.00000000,0.10261583
151.00000000,2376.00000000,0.10206707
151.00000000,2377.00000000,0.10151776
151.00000000,2378.00000000,0.10096797
151.00000000,2379.00000000,0.10041771
151.00000000,2380.00000000,0.09986693
151.00000000,2381.00000000,0.09931574
151.00000000,2382.00000000,0.09876409
151.00000000,2383.00000000,0.09821206
151.00000000,2384.00000000,0.09765965
151.00000000,2385.00000000,0.09710682
151.00000000,2386.00000000,0.09655369
151.00000000,2387.00000000,0.09600021
151.00000000,2388.00000000,0.09544639
151.00000000,2389.00000000,0.09489229
151.00000000,2390.00000000,0.09433793
151.00000000,2391.00000000,0.09378325
151.00000000,2392.00000000,0.09322839
151.00000000,2393.00000000,0.09267330
151.00000000,2394.00000000,0.09211794
151.00000000,2395.00000000,0.09156246
151.00000000,2396.00000000,0.09100676
151.00000000,2397.00000000,0.09045097
151.00000000,2398.00000000,0.08989509
151.00000000,2399.00000000,0.08933912
151.00000000,2400.00000000,0.08890041
151.00000000,2401.00000000,0.08880682
151.00000000,2402.00000000,0.08880765
151.00000000,2403.00000000,0.08880870
151.00000000,2404.00000000,0.08880991
151.00000000,2405.00000000,0.08881123
151.00000000,2406.00000000,0.08881275
151.00000000,2407.00000000,0.08882917
151.00000000,2408.00000000,0.08884579
151.00000000,2409.00000000,0.08886255
151.00000000,2410.00000000,0.08887942
151.00000000,2411.00000000,0.08889646
151.00000000,2412.00000000,0.08888440
151.00000000,2413.00000000,0.08887242
151.00000000,2414.00000000,0.08886061
151.00000000,2415.00000000,0.08884890
151.00000000,2416.00000000,0.08883726
151.00000000,2417.00000000,0.08882578
151.00000000,2418.00000000,0.08881441
151.00000000,2419.00000000,0.08880309
151.00000000,2420.00000000,0.08879191
151.00000000,2421.00000000,0.08878078
151.00000000,2422.00000000,0.08876979
151.00000000,2423.00000000,0.08875891
151.00000000,2424.00000000,0.08874806
151.00000000,2425.00000000,0.08873735
151.00000000,2426.00000000,0.08872672
151.00000000,2427.00000000,0.08871487
151.00000000,2428.00000000,0.08870314
151.00000000,2429.00000000,0.08869151
151.00000000,2430.00000000,0.08867988
151.00000000,2431.00000000,0.08866839
151.00000000,2432.00000000,0.08865692
151.00000000,2433.00000000,0.08864557
151.00000000,2434.00000000,0.08863429
151.00000000,2435.00000000,0.08862303
151.00000000,2436.00000000,0.08861188
151.00000000,2437.00000000,0.08860081
151.00000000,2438.00000000,0.08858974
151.00000000,2439.00000000,0.08857878
151.00000000,2440.00000000,0.08856789
151.00000000,2441.00000000,0.08855700
151.00000000,2442.00000000,0.08854622
151.00000000,2443.00000000,0.08853543
151.00000000,2444.00000000,0.08852476
151.00000000,2445.00000000,0.08851415
151.00000000,2446.00000000,0.08850353
151.00000000,2447.00000000,0.08849301
151.00000000,2448.00000000,0.08848255
151.00000000,2449.00000000,0.08847207
151.00000000,2450.00000000,0.08846170
151.00000000,2451.00000000,0.08845137
151.00000000,2452.00000000,0.08844385
151.00000000,2453.00000000,0.08843641
151.00000000,2454.00000000,0.08842902
151.00000000,2455.00000000,0.08842160
151.00000000,2456.00000000,0.08841429
151.00000000,2457.00000000,0.08840695
151.00000000,2458.00000000,0.08839970
151.00000000,2459.00000000,0.08839250
151.00000000,2460.00000000,0.08838525
151.00000000,2461.00000000,0.08837811
151.00000000,2462.00000000,0.08837099
151.00000000,2463.00000000,0.08836385
151.00000000,2464.00000000,0.08835680
151.00000000,2465.00000000,0.08834977
151.00000000,2466.00000000,0.08834271
151.00000000,2467.00000000,0.08833575
151.00000000,2468.00000000,0.08832874
151.00000000,2469.00000000,0.08832183
151.00000000,2470.00000000,0.08831494
151.00000000,2471.00000000,0.08830800
151.00000000,2472.00000000,0.08830116
151.00000000,2473.00000000,0.08829434
151.00000000,2474.00000000,0.08828747
151.00000000,2475.00000000,0.08828069
151.00000000,2476.00000000,0.08827393
151.00000000,2477.00000000,0.08826713
151.00000000,2478.00000000,0.08826041
151.00000000,2479.00000000,0.08825371
151.00000000,2480.00000000,0.08824697
151.00000000,2481.00000000,0.08824031
151.00000000,2482.00000000,0.08823360
151.00000000,2483.00000000,0.08822696
151.00000000,2484.00000000,0.08822036
151.00000000,2485.00000000,0.08821369
151.00000000,2486.00000000,0.08820710
151.00000000,2487.00000000,0.08820054
151.00000000,2488.00000000,0.08819392
151.00000000,2489.00000000,0.08818737
151.00000000,2490.00000000,0.08818084
151.00000000,2491.00000000,0.08817426
151.00000000,2492.00000000,0.08816776
151.00000000,2493.00000000,0.08816120
151.00000000,2494.00000000,0.08815471
151.00000000,2495.00000000,0.08814824
151.00000000,2496.00000000,0.08814172
151.00000000,2497.00000000,0.08813526
151.00000000,2498.00000000,0.08812882
151.00000000,2499.00000000,0.08812232
151.00000000,2500.00000000,0.08811590
152.00000000,1765.00000000,0.06129332
152.00000000,1766.00000000,0.06129337
152.00000000,1767.00000000,0.06129342
152.00000000,1768.00000000,0.06129353
152.00000000,1769.00000000,0.06129374
152.00000000,1770.00000000,0.06129409
152.00000000,1771.00000000,0.06129448
152.00000000,1772.00000000,0.06129518
152.00000000,1773.00000000,0.06129565
152.00000000,1774.00000000,0.06129644
152.00000000,1775.00000000,0.06129738
152.00000000,1776.00000000,0.06129847
152.00000000,1777.00000000,0.06129958
152.00000000,1778.00000000,0.06130076
152.00000000,1779.00000000,0.06130221
152.00000000,1780.00000000,0.06130366
152.00000000,1781.00000000,0.06130526
152.00000000,1782.00000000,0.06130687
152.00000000,1783.00000000,0.06130871
152.00000000,1784.00000000,0.06131047
152.00000000,1785.00000000,0.06131245
152.00000000,1786.00000000,0.06131454
152.00000000,1787.00000000,0.06131654
152.00000000,1788.00000000,0.06131881
152.00000000,1789.00000000,0.06132114
152.00000000,1790.00000000,0.06132335
152.00000000,1791.00000000,0.06132582
152.00000000,1792.00000000,0.06132828
152.00000000,1793.00000000,0.06133068
152.00000000,1794.00000000,0.06133333
152.00000000,1795.00000000,0.06133605
152.00000000,1796.00000000,0.06133855
152.00000000,1797.00000000,0.06134126
152.00000000,1798.00000000,0.06134403
152.00000000,1799.00000000,0.06134681
152.00000000,1800.00000000,0.06134964
152.00000000,1801.00000000,0.06135259
152.00000000,1802.00000000,0.06135543
152.00000000,1803.00000000,0.06135845
152.00000000,1804.00000000,0.06136122
152.00000000,1805.00000000,0.06136414
152.00000000,1806.00000000,0.06136714
152.00000000,1807.00000000,0.06137030
152.00000000,1808.00000000,0.06137326
152.00000000,1809.00000000,0.06137635
152.00000000,1810.00000000,0.06137943
152.00000000,1811.00000000,0.06138252
152.00000000,1812.00000000,0.06138567
152.00000000,1813.00000000,0.06138888
152.00000000,1814.00000000,0.06139188
152.00000000,1815.00000000,0.06139509
152.00000000,1816.00000000,0.06139826
152.00000000,1817.00000000,0.06140141
152.00000000,1818.00000000,0.06140457
152.00000000,1819.00000000,0.06140776
152.00000000,1820.00000000,0.06141100
152.00000000,1821.00000000,0.06141416
152.00000000,1822.00000000,0.06141733
152.00000000,1823.00000000,0.06142043
152.00000000,1824.00000000,0.06142366
152.00000000,1825.00000000,0.06142682
152.00000000,1826.00000000,0.06143005
152.00000000,1827.00000000,0.06143321
152.00000000,1828.00000000,0.06143642
152.00000000,1829.00000000,0.06143952
152.00000000,1830.00000000,0.06144266
152.00000000,1831.00000000,0.06144587
152.00000000,1832.00000000,0.06144896
152.00000000,1833.00000000,0.06145201
152.00000000,1834.00000000,0.06145507
152.00000000,1835.00000000,0.06145820
152.00000000,1836.00000000,0.06146122
152.00000000,1837.00000000,0.06146424
152.00000000,1838.00000000,0.06146725
152.00000000,1839.00000000,0.06147029
152.00000000,1840.00000000,0.06147327
152.00000000,1841.00000000,0.06147620
152.00000000,1842.00000000,0.06147916
152.00000000,1843.00000000,0.06148207
152.00000000,1844.00000000,0.06148495
152.00000000,1845.00000000,0.06148779
152.00000000,1846.00000000,0.06149064
152.00000000,1847.00000000,0.06149346
152.00000000,1848.00000000,0.06149623
152.00000000,1849.00000000,0.06149898
152.00000000,1850.00000000,0.06150170
152.00000000,1851.00000000,0.06150434
152.00000000,1852.00000000,0.06150693
152.00000000,1853.00000000,0.06150988
152.00000000,1854.00000000,0.06151289
152.00000000,1855.00000000,0.06151581
152.00000000,1856.00000000,0.06151879
152.00000000,1857.00000000,0.06152149
152.00000000,1858.00000000,0.06152423
152.00000000,1859.00000000,0.06152694
152.00000000,1860.00000000,0.06152958
152.00000000,1861.00000000,0.06153201
152.00000000,1862.00000000,0.06153447
152.00000000,1863.00000000,0.06153632
152.00000000,1864.00000000,0.06153774
152.00000000,1865.00000000,0.06153888
152.00000000,1866.00000000,0.06153963
152.00000000,1867.00000000,0.06154017
152.00000000,1868.00000000,0.06154050
152.00000000,1869.00000000,0.06154063
152.00000000,1870.00000000,0.06154047
152.00000000,1871.00000000,0.06154021
152.00000000,1872.00000000,0.06154010
152.00000000,1873.00000000,0.06154053
152.00000000,1874.00000000,0.06154139
152.00000000,1875.00000000,0.06154247
152.00000000,1876.00000000,0.06154379
152.00000000,1877.00000000,0.06154525
152.00000000,1878.00000000,0.06154687
152.00000000,1879.00000000,0.06154857
152.00000000,1880.00000000,0.06155035
152.00000000,1881.00000000,0.06155209
152.00000000,1882.00000000,0.06155388
152.00000000,1883.00000000,0.06155527
152.00000000,1884.00000000,0.06155633
152.00000000,1885.00000000,0.06155720
152.00000000,1886.00000000,0.06155788
152.00000000,1887.00000000,0.06155847
152.00000000,1888.00000000,0.06155895
152.00000000,1889.00000000,0.06155911
152.00000000,1890.00000000,0.06155909
152.00000000,1891.00000000,0.06155880
152.00000000,1892.00000000,0.06155821
152.00000000,1893.00000000,0.06155756
152.00000000,1894.00000000,0.06155685
152.00000000,1895.00000000,0.06155628
152.00000000,1896.00000000,0.06155571
152.00000000,1897.00000000,0.06155509
152.00000000,1898.00000000,0.06155440
152.00000000,1899.00000000,0.06155355
152.00000000,1900.00000000,0.06155248
152.00000000,1901.00000000,0.06155119
152.00000000,1902.00000000,0.06155002
152.00000000,1903.00000000,0.06154892
152.00000000,1904.00000000,0.06154798
152.00000000,1905.00000000,0.06154717
152.00000000,1906.00000000,0.06154659
152.00000000,1907.00000000,0.06154612
152.00000000,1908.00000000,0.06154562
152.00000000,1909.00000000,0.06154511
152.00000000,1910.00000000,0.06154464
152.00000000,1911.00000000,0.06154409
152.00000000,1912.00000000,0.06154306
152.00000000,1913.00000000,0.06154135
152.00000000,1914.00000000,0.06153892
152.00000000,1915.00000000,0.06153617
152.00000000,1916.00000000,0.06153343
152.00000000,1917.00000000,0.06153073
152.00000000,1918.00000000,0.06153366
152.00000000,1919.00000000,0.06153098
152.00000000,1920.00000000,0.06152879
152.00000000,1921.00000000,0.06152724
152.00000000,1922.00000000,0.06152650
152.00000000,1923.00000000,0.06152824
152.00000000,1924.00000000,0.06152829
152.00000000,1925.00000000,0.06152826
152.00000000,1926.00000000,0.06152819
152.00000000,1927.00000000,0.06152822
152.00000000,1928.00000000,0.06152837
152.00000000,1929.00000000,0.06152850
152.00000000,1930.00000000,0.06152887
152.00000000,1931.00000000,0.06153010
152.00000000,1932.00000000,0.06153240
152.00000000,1933.00000000,0.06153729
152.00000000,1934.00000000,0.06154069
152.00000000,1935.00000000,0.06154409
152.00000000,1936.00000000,0.06154712
152.00000000,1937.00000000,0.06154942
152.00000000,1938.00000000,0.06155070
152.00000000,1939.00000000,0.06155135
152.00000000,1940.00000000,0.06155142
152.00000000,1941.00000000,0.06155078
152.00000000,1942.00000000,0.06154921
152.00000000,1943.00000000,0.06154908
152.00000000,1944.00000000,0.06154666
152.00000000,1945.00000000,0.06154422
152.00000000,1946.00000000,0.06154256
152.00000000,1947.00000000,0.06154227
152.00000000,1948.00000000,0.06154266
152.00000000,1949.00000000,0.06154499
152.00000000,1950.00000000,0.06154540
152.00000000,1951.00000000,0.06154566
152.00000000,1952.00000000,0.06154844
152.00000000,1953.00000000,0.06154956
152.00000000,1954.00000000,0.06155436
152.00000000,1955.00000000,0.06155381
152.00000000,1956.00000000,0.06155511
152.00000000,1957.00000000,0.06155627
152.00000000,1958.00000000,0.06155888
152.00000000,1959.00000000,0.06155921
152.00000000,1960.00000000,0.06155797
152.00000000,1961.00000000,0.06155541
152.00000000,1962.00000000,0.06155206
152.00000000,1963.00000000,0.06154990
152.00000000,1964.00000000,0.06154506
152.00000000,1965.00000000,0.06153906
152.00000000,1966.00000000,0.06153188
152.00000000,1967.00000000,0.06152558
152.00000000,1968.00000000,0.06151804
152.00000000,1969.00000000,0.06150880
152.00000000,1970.00000000,0.06149563
152.00000000,1971.00000000,0.06147978
152.00000000,1972.00000000,0.06146060
152.00000000,1973.00000000,0.06143849
152.00000000,1974.00000000,0.06141591
152.00000000,1975.00000000,0.06139191
152.00000000,1976.00000000,0.06136558
152.00000000,1977.00000000,0.06134127
152.00000000,1978.00000000,0.06131492
152.00000000,1979.00000000,0.06129013
152.00000000,1980.00000000,0.06126287
152.00000000,1981.00000000,0.06123548
152.00000000,1982.00000000,0.06122096
152.00000000,1983.00000000,0.06119659
152.00000000,1984.00000000,0.06117736
152.00000000,1985.00000000,0.06116247
152.00000000,1986.00000000,0.06114723
152.00000000,1987.00000000,0.06113447
152.00000000,1988.00000000,0.06112751
152.00000000,1989.00000000,0.06111279
152.00000000,1990.00000000,0.06109940
152.00000000,1991.00000000,0.06108589
152.00000000,1992.00000000,0.06107461
152.00000000,1993.00000000,0.06106187
152.00000000,1994.00000000,0.06105190
152.00000000,1995.00000000,0.06104073
152.00000000,1996.00000000,0.06103150
152.00000000,1997.00000000,0.06102565
152.00000000,1998.00000000,0.06101168
152.00000000,1999.00000000,0.06100326
152.00000000,2000.00000000,0.06099116
152.00000000,2001.00000000,0.06098263
152.00000000,2002.00000000,0.06097557
152.00000000,2003.00000000,0.06096102
152.00000000,2004.00000000,0.06095128
152.00000000,2005.00000000,0.06093749
152.00000000,2006.00000000,0.06093554
152.00000000,2007.00000000,0.06091539
152.00000000,2008.00000000,0.06089799
152.00000000,2009.00000000,0.06087047
152.00000000,2010.00000000,0.06084066
152.00000000,2011.00000000,0.06081619
152.00000000,2012.00000000,0.06079518
152.00000000,2013.00000000,0.06076455
152.00000000,2014.00000000,0.06072795
152.00000000,2015.00000000,0.06069849
152.00000000,2016.00000000,0.06066892
152.00000000,2017.00000000,0.06063552
152.00000000,2018.00000000,0.06059290
152.00000000,2019.00000000,0.06055830
152.00000000,2020.00000000,0.06051616
152.00000000,2021.00000000,0.06047637
152.00000000,2022.00000000,0.06043165
152.00000000,2023.00000000,0.06039334
152.00000000,2024.00000000,0.06036902
152.00000000,2025.00000000,0.06033284
152.00000000,2026.00000000,0.06025711
152.00000000,2027.00000000,0.06022500
152.00000000,2028.00000000,0.06017197
152.00000000,2029.00000000,0.06011844
152.00000000,2030.00000000,0.06006159
152.00000000,2031.00000000,0.06002718
152.00000000,2032.00000000,0.06001415
152.00000000,2033.00000000,0.05996549
152.00000000,2034.00000000,0.05992677
152.00000000,2035.00000000,0.05989250
152.00000000,2036.00000000,0.05983347
152.00000000,2037.00000000,0.05977163
152.00000000,2038.00000000,0.05971250
152.00000000,2039.00000000,0.05967067
152.00000000,2040.00000000,0.05966059
152.00000000,2041.00000000,0.05959165
152.00000000,2042.00000000,0.05957422
152.00000000,2043.00000000,0.05953217
152.00000000,2044.00000000,0.05946364
152.00000000,2045.00000000,0.05938314
152.00000000,2046.00000000,0.05933218
152.00000000,2047.00000000,0.05929808
152.00000000,2048.00000000,0.05924493
152.00000000,2049.00000000,0.05920516
152.00000000,2050.00000000,0.05917160
152.00000000,2051.00000000,0.05916750
152.00000000,2052.00000000,0.05913579
152.00000000,2053.00000000,0.05908724
152.00000000,2054.00000000,0.05903096
152.00000000,2055.00000000,0.05903973
152.00000000,2056.00000000,0.05896972
152.00000000,2057.00000000,0.05895578
152.00000000,2058.00000000,0.05894995
152.00000000,2059.00000000,0.05900145
152.00000000,2060.00000000,0.05885658
152.00000000,2061.00000000,0.05883261
152.00000000,2062.00000000,0.05880650
152.00000000,2063.00000000,0.05875070
152.00000000,2064.00000000,0.05874079
152.00000000,2065.00000000,0.05876795
152.00000000,2066.00000000,0.05852208
152.00000000,2067.00000000,0.05841846
152.00000000,2068.00000000,0.05844626
152.00000000,2069.00000000,0.05845912
152.00000000,2070.00000000,0.05834622
152.00000000,2071.00000000,0.05804263
152.00000000,2072.00000000,0.05818273
152.00000000,2073.00000000,0.05788464
152.00000000,2074.00000000,0.05788333
152.00000000,2075.00000000,0.05802644
152.00000000,2076.00000000,0.05794458
152.00000000,2077.00000000,0.05789729
152.00000000,2078.00000000,0.05784496
152.00000000,2079.00000000,0.05791573
152.00000000,2080.00000000,0.05785823
152.00000000,2081.00000000,0.05793338
152.00000000,2082.00000000,0.05771721
152.00000000,2083.00000000,0.05746732
152.00000000,2084.00000000,0.05725360
152.00000000,2085.00000000,0.05727788
152.00000000,2086.00000000,0.05736179
152.00000000,2087.00000000,0.05740369
152.00000000,2088.00000000,0.05753030
152.00000000,2089.00000000,0.05761804
152.00000000,2090.00000000,0.05746142
152.00000000,2091.00000000,0.05750391
152.00000000,2092.00000000,0.05764414
152.00000000,2093.00000000,0.05766535
152.00000000,2094.00000000,0.05764342
152.00000000,2095.00000000,0.05769244
152.00000000,2096.00000000,0.05764812
152.00000000,2097.00000000,0.05724640
152.00000000,2098.00000000,0.05735119
152.00000000,2099.00000000,0.05758550
152.00000000,2100.00000000,0.05769355
152.00000000,2101.00000000,0.05759218
152.00000000,2102.00000000,0.05792883
152.00000000,2103.00000000,0.05814638
152.00000000,2104.00000000,0.05818336
152.00000000,2105.00000000,0.05825114
152.00000000,2106.00000000,0.05828655
152.00000000,2107.00000000,0.05858036
152.00000000,2108.00000000,0.05880500
152.00000000,2109.00000000,0.05896039
152.00000000,2110.00000000,0.05906472
152.00000000,2111.00000000,0.05929032
152.00000000,2112.00000000,0.05948961
152.00000000,2113.00000000,0.05952869
152.00000000,2114.00000000,0.05971712
152.00000000,2115.00000000,0.05997703
152.00000000,2116.00000000,0.06025872
152.00000000,2117.00000000,0.06050426
152.00000000,2118.00000000,0.06078958
152.00000000,2119.00000000,0.06098746
152.00000000,2120.00000000,0.06130412
152.00000000,2121.00000000,0.06168011
152.00000000,2122.00000000,0.06216301
152.00000000,2123.00000000,0.06244775
152.00000000,2124.00000000,0.06275522
152.00000000,2125.00000000,0.06317589
152.00000000,2126.00000000,0.06322405
152.00000000,2127.00000000,0.06321106
152.00000000,2128.00000000,0.06368794
152.00000000,2129.00000000,0.06396539
152.00000000,2130.00000000,0.06412882
152.00000000,2131.00000000,0.06463164
152.00000000,2132.00000000,0.06458160
152.00000000,2133.00000000,0.06435350
152.00000000,2134.00000000,0.06432857
152.00000000,2135.00000000,0.06434444
152.00000000,2136.00000000,0.06468504
152.00000000,2137.00000000,0.06498430
152.00000000,2138.00000000,0.06530454
152.00000000,2139.00000000,0.06558819
152.00000000,2140.00000000,0.06598442
152.00000000,2141.00000000,0.06624051
152.00000000,2142.00000000,0.06638260
152.00000000,2143.00000000,0.06658439
152.00000000,2144.00000000,0.06644599
152.00000000,2145.00000000,0.06650996
152.00000000,2146.00000000,0.06675855
152.00000000,2147.00000000,0.06702795
152.00000000,2148.00000000,0.06731161
152.00000000,2149.00000000,0.06754895
152.00000000,2150.00000000,0.06755816
152.00000000,2151.00000000,0.06758881
152.00000000,2152.00000000,0.06792552
152.00000000,2153.00000000,0.06825814
152.00000000,2154.00000000,0.06841913
152.00000000,2155.00000000,0.06905044
152.00000000,2156.00000000,0.06976724
152.00000000,2157.00000000,0.07034703
152.00000000,2158.00000000,0.07075374
152.00000000,2159.00000000,0.07116569
152.00000000,2160.00000000,0.07158290
152.00000000,2161.00000000,0.07200483
152.00000000,2162.00000000,0.07243147
152.00000000,2163.00000000,0.07297805
152.00000000,2164.00000000,0.07352944
152.00000000,2165.00000000,0.07408561
152.00000000,2166.00000000,0.07464647
152.00000000,2167.00000000,0.07521190
152.00000000,2168.00000000,0.07578187
152.00000000,2169.00000000,0.07635630
152.00000000,2170.00000000,0.07693508
152.00000000,2171.00000000,0.07751819
152.00000000,2172.00000000,0.07810552
152.00000000,2173.00000000,0.07864561
152.00000000,2174.00000000,0.07918974
152.00000000,2175.00000000,0.07973782
152.00000000,2176.00000000,0.08028988
152.00000000,2177.00000000,0.08084588
152.00000000,2178.00000000,0.08140579
152.00000000,2179.00000000,0.08196965
152.00000000,2180.00000000,0.08253745
152.00000000,2181.00000000,0.08310917
152.00000000,2182.00000000,0.08368490
152.00000000,2183.00000000,0.08437272
152.00000000,2184.00000000,0.08506479
152.00000000,2185.00000000,0.08576112
152.00000000,2186.00000000,0.08646165
152.00000000,2187.00000000,0.08716632
152.00000000,2188.00000000,0.08787514
152.00000000,2189.00000000,0.08858804
152.00000000,2190.00000000,0.08930504
152.00000000,2191.00000000,0.09002610
152.00000000,2192.00000000,0.09075117
152.00000000,2193.00000000,0.09156009
152.00000000,2194.00000000,0.09237324
152.00000000,2195.00000000,0.09319053
152.00000000,2196.00000000,0.09401199
152.00000000,2197.00000000,0.09483753
152.00000000,2198.00000000,0.09566706
152.00000000,2199.00000000,0.09650059
152.00000000,2200.00000000,0.09733801
152.00000000,2201.00000000,0.09817932
152.00000000,2202.00000000,0.09902443
152.00000000,2203.00000000,0.09986870
152.00000000,2204.00000000,0.10071669
152.00000000,2205.00000000,0.10156831
152.00000000,2206.00000000,0.10242346
152.00000000,2207.00000000,0.10328217
152.00000000,2208.00000000,0.10414431
152.00000000,2209.00000000,0.10500979
152.00000000,2210.00000000,0.10587860
152.00000000,2211.00000000,0.10675063
152.00000000,2212.00000000,0.10762573
152.00000000,2213.00000000,0.10832443
152.00000000,2214.00000000,0.10902544
152.00000000,2215.00000000,0.10972878
152.00000000,2216.00000000,0.11043440
152.00000000,2217.00000000,0.11114223
152.00000000,2218.00000000,0.11185233
152.00000000,2219.00000000,0.11256460
152.00000000,2220.00000000,0.11327899
152.00000000,2221.00000000,0.11399550
152.00000000,2222.00000000,0.11471403
152.00000000,2223.00000000,0.11527023
152.00000000,2224.00000000,0.11582781
152.00000000,2225.00000000,0.11638669
152.00000000,2226.00000000,0.11694693
152.00000000,2227.00000000,0.11750851
152.00000000,2228.00000000,0.11807136
152.00000000,2229.00000000,0.11863558
152.00000000,2230.00000000,0.11920109
152.00000000,2231.00000000,0.11976787
152.00000000,2232.00000000,0.12033593
152.00000000,2233.00000000,0.12081210
152.00000000,2234.00000000,0.12128912
152.00000000,2235.00000000,0.12176707
152.00000000,2236.00000000,0.12224586
152.00000000,2237.00000000,0.12272558
152.00000000,2238.00000000,0.12320621
152.00000000,2239.00000000,0.12368771
152.00000000,2240.00000000,0.12417014
152.00000000,2241.00000000,0.12465345
152.00000000,2242.00000000,0.12513761
152.00000000,2243.00000000,0.12552518
152.00000000,2244.00000000,0.12591322
152.00000000,2245.00000000,0.12630172
152.00000000,2246.00000000,0.12669077
152.00000000,2247.00000000,0.12708037
152.00000000,2248.00000000,0.12747046
152.00000000,2249.00000000,0.12786098
152.00000000,2250.00000000,0.12825104
152.00000000,2251.00000000,0.12863906
152.00000000,2252.00000000,0.12902347
152.00000000,2253.00000000,0.12932733
152.00000000,2254.00000000,0.12962609
152.00000000,2255.00000000,0.12991958
152.00000000,2256.00000000,0.13020772
152.00000000,2257.00000000,0.13049061
152.00000000,2258.00000000,0.13076825
152.00000000,2259.00000000,0.13104066
152.00000000,2260.00000000,0.13130802
152.00000000,2261.00000000,0.13157039
152.00000000,2262.00000000,0.13182804
152.00000000,2263.00000000,0.13208112
152.00000000,2264.00000000,0.13232973
152.00000000,2265.00000000,0.13257407
152.00000000,2266.00000000,0.13281417
152.00000000,2267.00000000,0.13305010
152.00000000,2268.00000000,0.13328203
152.00000000,2269.00000000,0.13350997
152.00000000,2270.00000000,0.13373396
152.00000000,2271.00000000,0.13395415
152.00000000,2272.00000000,0.13417058
152.00000000,2273.00000000,0.13438325
152.00000000,2274.00000000,0.13459232
152.00000000,2275.00000000,0.13479775
152.00000000,2276.00000000,0.13499968
152.00000000,2277.00000000,0.13519814
152.00000000,2278.00000000,0.13539309
152.00000000,2279.00000000,0.13558474
152.00000000,2280.00000000,0.13577308
152.00000000,2281.00000000,0.13595805
152.00000000,2282.00000000,0.13613986
152.00000000,2283.00000000,0.13631845
152.00000000,2284.00000000,0.13649382
152.00000000,2285.00000000,0.13666612
152.00000000,2286.00000000,0.13683528
152.00000000,2287.00000000,0.13700143
152.00000000,2288.00000000,0.13716458
152.00000000,2289.00000000,0.13732463
152.00000000,2290.00000000,0.13748181
152.00000000,2291.00000000,0.13763601
152.00000000,2292.00000000,0.13778725
152.00000000,2293.00000000,0.13793562
152.00000000,2294.00000000,0.13808114
152.00000000,2295.00000000,0.13822370
152.00000000,2296.00000000,0.13836348
152.00000000,2297.00000000,0.13850035
152.00000000,2298.00000000,0.13863446
152.00000000,2299.00000000,0.13876574
152.00000000,2300.00000000,0.13889409
152.00000000,2301.00000000,0.13901964
152.00000000,2302.00000000,0.13914224
152.00000000,2303.00000000,0.13872402
152.00000000,2304.00000000,0.13830221
152.00000000,2305.00000000,0.13787680
152.00000000,2306.00000000,0.13744785
152.00000000,2307.00000000,0.13701555
152.00000000,2308.00000000,0.13657989
152.00000000,2309.00000000,0.13614094
152.00000000,2310.00000000,0.13569886
152.00000000,2311.00000000,0.13525361
152.00000000,2312.00000000,0.13480539
152.00000000,2313.00000000,0.13435421
152.00000000,2314.00000000,0.13390007
152.00000000,2315.00000000,0.13344317
152.00000000,2316.00000000,0.13298352
152.00000000,2317.00000000,0.13252109
152.00000000,2318.00000000,0.13205611
152.00000000,2319.00000000,0.13158855
152.00000000,2320.00000000,0.13111841
152.00000000,2321.00000000,0.13064588
152.00000000,2322.00000000,0.13017090
152.00000000,2323.00000000,0.12969363
152.00000000,2324.00000000,0.12921407
152.00000000,2325.00000000,0.12873221
152.00000000,2326.00000000,0.12824823
152.00000000,2327.00000000,0.12776211
152.00000000,2328.00000000,0.12727387
152.00000000,2329.00000000,0.12678363
152.00000000,2330.00000000,0.12629139
152.00000000,2331.00000000,0.12579718
152.00000000,2332.00000000,0.12530111
152.00000000,2333.00000000,0.12480320
152.00000000,2334.00000000,0.12430342
152.00000000,2335.00000000,0.12380193
152.00000000,2336.00000000,0.12329865
152.00000000,2337.00000000,0.12279374
152.00000000,2338.00000000,0.12228719
152.00000000,2339.00000000,0.12177899
152.00000000,2340.00000000,0.12126926
152.00000000,2341.00000000,0.12075800
152.00000000,2342.00000000,0.12024520
152.00000000,2343.00000000,0.11973099
152.00000000,2344.00000000,0.11921535
152.00000000,2345.00000000,0.11869828
152.00000000,2346.00000000,0.11817990
152.00000000,2347.00000000,0.11766016
152.00000000,2348.00000000,0.11713917
152.00000000,2349.00000000,0.11661693
152.00000000,2350.00000000,0.11609341
152.00000000,2351.00000000,0.11556875
152.00000000,2352.00000000,0.11504293
152.00000000,2353.00000000,0.11451593
152.00000000,2354.00000000,0.11398788
152.00000000,2355.00000000,0.11345875
152.00000000,2356.00000000,0.11292855
152.00000000,2357.00000000,0.11239737
152.00000000,2358.00000000,0.11186523
152.00000000,2359.00000000,0.11133205
152.00000000,2360.00000000,0.11079801
152.00000000,2361.00000000,0.11026300
152.00000000,2362.00000000,0.10972716
152.00000000,2363.00000000,0.10919046
152.00000000,2364.00000000,0.10865288
152.00000000,2365.00000000,0.10811455
152.00000000,2366.00000000,0.10757542
152.00000000,2367.00000000,0.10703549
152.00000000,2368.00000000,0.10649486
152.00000000,2369.00000000,0.10595353
152.00000000,2370.00000000,0.10541145
152.00000000,2371.00000000,0.10486874
152.00000000,2372.00000000,0.10432534
152.00000000,2373.00000000,0.10378136
152.00000000,2374.00000000,0.10323677
152.00000000,2375.00000000,0.10269155
152.00000000,2376.00000000,0.10214582
152.00000000,2377.00000000,0.10159954
152.00000000,2378.00000000,0.10105268
152.00000000,2379.00000000,0.10050538
152.00000000,2380.00000000,0.09995759
152.00000000,2381.00000000,0.09940929
152.00000000,2382.00000000,0.09886059
152.00000000,2383.00000000,0.09831141
152.00000000,2384.00000000,0.09776188
152.00000000,2385.00000000,0.09721195
152.00000000,2386.00000000,0.09666162
152.00000000,2387.00000000,0.09611097
152.00000000,2388.00000000,0.09556001
152.00000000,2389.00000000,0.09500866
152.00000000,2390.00000000,0.09445708
152.00000000,2391.00000000,0.09390523
152.00000000,2392.00000000,0.09335305
152.00000000,2393.00000000,0.09280069
152.00000000,2394.00000000,0.09224810
152.00000000,2395.00000000,0.09169525
152.00000000,2396.00000000,0.09114227
152.00000000,2397.00000000,0.09058908
152.00000000,2398.00000000,0.09003580
152.00000000,2399.00000000,0.08948243
152.00000000,2400.00000000,0.08892898
152.00000000,2401.00000000,0.08849224
152.00000000,2402.00000000,0.08839904
152.00000000,2403.00000000,0.08839984
152.00000000,2404.00000000,0.08840085
152.00000000,2405.00000000,0.08840202
152.00000000,2406.00000000,0.08840331
152.00000000,2407.00000000,0.08840480
152.00000000,2408.00000000,0.08842110
152.00000000,2409.00000000,0.08843761
152.00000000,2410.00000000,0.08845427
152.00000000,2411.00000000,0.08847102
152.00000000,2412.00000000,0.08848795
152.00000000,2413.00000000,0.08847593
152.00000000,2414.00000000,0.08846397
152.00000000,2415.00000000,0.08845217
152.00000000,2416.00000000,0.08844049
152.00000000,2417.00000000,0.08842887
152.00000000,2418.00000000,0.08841741
152.00000000,2419.00000000,0.08840605
152.00000000,2420.00000000,0.08839474
152.00000000,2421.00000000,0.08838358
152.00000000,2422.00000000,0.08837246
152.00000000,2423.00000000,0.08836151
152.00000000,2424.00000000,0.08835063
152.00000000,2425.00000000,0.08833979
152.00000000,2426.00000000,0.08832910
152.00000000,2427.00000000,0.08831848
152.00000000,2428.00000000,0.08830664
152.00000000,2429.00000000,0.08829494
152.00000000,2430.00000000,0.08828331
152.00000000,2431.00000000,0.08827170
152.00000000,2432.00000000,0.08826022
152.00000000,2433.00000000,0.08824877
152.00000000,2434.00000000,0.08823743
152.00000000,2435.00000000,0.08822617
152.00000000,2436.00000000,0.08821491
152.00000000,2437.00000000,0.08820379
152.00000000,2438.00000000,0.08819272
152.00000000,2439.00000000,0.08818165
152.00000000,2440.00000000,0.08817071
152.00000000,2441.00000000,0.08815983
152.00000000,2442.00000000,0.08814895
152.00000000,2443.00000000,0.08813817
152.00000000,2444.00000000,0.08812740
152.00000000,2445.00000000,0.08811674
152.00000000,2446.00000000,0.08810614
152.00000000,2447.00000000,0.08809552
152.00000000,2448.00000000,0.08808501
152.00000000,2449.00000000,0.08807456
152.00000000,2450.00000000,0.08806408
152.00000000,2451.00000000,0.08805372
152.00000000,2452.00000000,0.08804340
152.00000000,2453.00000000,0.08803586
152.00000000,2454.00000000,0.08802842
152.00000000,2455.00000000,0.08802101
152.00000000,2456.00000000,0.08801358
152.00000000,2457.00000000,0.08800626
152.00000000,2458.00000000,0.08799890
152.00000000,2459.00000000,0.08799165
152.00000000,2460.00000000,0.08798442
152.00000000,2461.00000000,0.08797718
152.00000000,2462.00000000,0.08797001
152.00000000,2463.00000000,0.08796289
152.00000000,2464.00000000,0.08795572
152.00000000,2465.00000000,0.08794866
152.00000000,2466.00000000,0.08794163
152.00000000,2467.00000000,0.08793455
152.00000000,2468.00000000,0.08792756
152.00000000,2469.00000000,0.08792054
152.00000000,2470.00000000,0.08791361
152.00000000,2471.00000000,0.08790670
152.00000000,2472.00000000,0.08789975
152.00000000,2473.00000000,0.08789289
152.00000000,2474.00000000,0.08788606
152.00000000,2475.00000000,0.08787918
152.00000000,2476.00000000,0.08787239
152.00000000,2477.00000000,0.08786562
152.00000000,2478.00000000,0.08785880
152.00000000,2479.00000000,0.08785206
152.00000000,2480.00000000,0.08784535
152.00000000,2481.00000000,0.08783858
152.00000000,2482.00000000,0.08783190
152.00000000,2483.00000000,0.08782517
152.00000000,2484.00000000,0.08781853
152.00000000,2485.00000000,0.08781191
152.00000000,2486.00000000,0.08780522
152.00000000,2487.00000000,0.08779863
152.00000000,2488.00000000,0.08779203
152.00000000,2489.00000000,0.08778540
152.00000000,2490.00000000,0.08777884
152.00000000,2491.00000000,0.08777230
152.00000000,2492.00000000,0.08776569
152.00000000,2493.00000000,0.08775917
152.00000000,2494.00000000,0.08775259
152.00000000,2495.00000000,0.08774610
152.00000000,2496.00000000,0.08773961
152.00000000,2497.00000000,0.08773306
152.00000000,2498.00000000,0.08772658
152.00000000,2499.00000000,0.08772013
152.00000000,2500.00000000,0.08771361
153.00000000,1765.00000000,0.06094060
153.00000000,1766.00000000,0.06094063
153.00000000,1767.00000000,0.06094072
153.00000000,1768.00000000,0.06094084
153.00000000,1769.00000000,0.06094105
153.00000000,1770.00000000,0.06094136
153.00000000,1771.00000000,0.06094182
153.00000000,1772.00000000,0.06094233
153.00000000,1773.00000000,0.06094314
153.00000000,1774.00000000,0.06094373
153.00000000,1775.00000000,0.06094463
153.00000000,1776.00000000,0.06094569
153.00000000,1777.00000000,0.06094688
153.00000000,1778.00000000,0.06094811
153.00000000,1779.00000000,0.06094939
153.00000000,1780.00000000,0.06095094
153.00000000,1781.00000000,0.06095248
153.00000000,1782.00000000,0.06095416
153.00000000,1783.00000000,0.06095586
153.00000000,1784.00000000,0.06095778
153.00000000,1785.00000000,0.06095961
153.00000000,1786.00000000,0.06096166
153.00000000,1787.00000000,0.06096382
153.00000000,1788.00000000,0.06096588
153.00000000,1789.00000000,0.06096822
153.00000000,1790.00000000,0.06097060
153.00000000,1791.00000000,0.06097286
153.00000000,1792.00000000,0.06097538
153.00000000,1793.00000000,0.06097787
153.00000000,1794.00000000,0.06098032
153.00000000,1795.00000000,0.06098301
153.00000000,1796.00000000,0.06098576
153.00000000,1797.00000000,0.06098830
153.00000000,1798.00000000,0.06099103
153.00000000,1799.00000000,0.06099382
153.00000000,1800.00000000,0.06099663
153.00000000,1801.00000000,0.06099947
153.00000000,1802.00000000,0.06100243
153.00000000,1803.00000000,0.06100528
153.00000000,1804.00000000,0.06100830
153.00000000,1805.00000000,0.06101109
153.00000000,1806.00000000,0.06101402
153.00000000,1807.00000000,0.06101702
153.00000000,1808.00000000,0.06102019
153.00000000,1809.00000000,0.06102316
153.00000000,1810.00000000,0.06102624
153.00000000,1811.00000000,0.06102934
153.00000000,1812.00000000,0.06103242
153.00000000,1813.00000000,0.06103556
153.00000000,1814.00000000,0.06103877
153.00000000,1815.00000000,0.06104176
153.00000000,1816.00000000,0.06104497
153.00000000,1817.00000000,0.06104812
153.00000000,1818.00000000,0.06105125
153.00000000,1819.00000000,0.06105439
153.00000000,1820.00000000,0.06105757
153.00000000,1821.00000000,0.06106080
153.00000000,1822.00000000,0.06106395
153.00000000,1823.00000000,0.06106710
153.00000000,1824.00000000,0.06107018
153.00000000,1825.00000000,0.06107339
153.00000000,1826.00000000,0.06107652
153.00000000,1827.00000000,0.06107973
153.00000000,1828.00000000,0.06108287
153.00000000,1829.00000000,0.06108605
153.00000000,1830.00000000,0.06108913
153.00000000,1831.00000000,0.06109223
153.00000000,1832.00000000,0.06109539
153.00000000,1833.00000000,0.06109845
153.00000000,1834.00000000,0.06110147
153.00000000,1835.00000000,0.06110450
153.00000000,1836.00000000,0.06110761
153.00000000,1837.00000000,0.06111058
153.00000000,1838.00000000,0.06111357
153.00000000,1839.00000000,0.06111654
153.00000000,1840.00000000,0.06111955
153.00000000,1841.00000000,0.06112248
153.00000000,1842.00000000,0.06112538
153.00000000,1843.00000000,0.06112830
153.00000000,1844.00000000,0.06113117
153.00000000,1845.00000000,0.06113401
153.00000000,1846.00000000,0.06113680
153.00000000,1847.00000000,0.06113960
153.00000000,1848.00000000,0.06114237
153.00000000,1849.00000000,0.06114511
153.00000000,1850.00000000,0.06114780
153.00000000,1851.00000000,0.06115045
153.00000000,1852.00000000,0.06115303
153.00000000,1853.00000000,0.06115587
153.00000000,1854.00000000,0.06115893
153.00000000,1855.00000000,0.06116188
153.00000000,1856.00000000,0.06116469
153.00000000,1857.00000000,0.06116757
153.00000000,1858.00000000,0.06117018
153.00000000,1859.00000000,0.06117284
153.00000000,1860.00000000,0.06117549
153.00000000,1861.00000000,0.06117805
153.00000000,1862.00000000,0.06118031
153.00000000,1863.00000000,0.06118222
153.00000000,1864.00000000,0.06118362
153.00000000,1865.00000000,0.06118470
153.00000000,1866.00000000,0.06118555
153.00000000,1867.00000000,0.06118604
153.00000000,1868.00000000,0.06118635
153.00000000,1869.00000000,0.06118645
153.00000000,1870.00000000,0.06118637
153.00000000,1871.00000000,0.06118606
153.00000000,1872.00000000,0.06118591
153.00000000,1873.00000000,0.06118637
153.00000000,1874.00000000,0.06118719
153.00000000,1875.00000000,0.06118831
153.00000000,1876.00000000,0.06118960
153.00000000,1877.00000000,0.06119106
153.00000000,1878.00000000,0.06119263
153.00000000,1879.00000000,0.06119434
153.00000000,1880.00000000,0.06119607
153.00000000,1881.00000000,0.06119784
153.00000000,1882.00000000,0.06119958
153.00000000,1883.00000000,0.06120097
153.00000000,1884.00000000,0.06120202
153.00000000,1885.00000000,0.06120286
153.00000000,1886.00000000,0.06120356
153.00000000,1887.00000000,0.06120411
153.00000000,1888.00000000,0.06120454
153.00000000,1889.00000000,0.06120477
153.00000000,1890.00000000,0.06120467
153.00000000,1891.00000000,0.06120437
153.00000000,1892.00000000,0.06120382
153.00000000,1893.00000000,0.06120311
153.00000000,1894.00000000,0.06120243
153.00000000,1895.00000000,0.06120180
153.00000000,1896.00000000,0.06120124
153.00000000,1897.00000000,0.06120061
153.00000000,1898.00000000,0.06119989
153.00000000,1899.00000000,0.06119904
153.00000000,1900.00000000,0.06119793
153.00000000,1901.00000000,0.06119664
153.00000000,1902.00000000,0.06119545
153.00000000,1903.00000000,0.06119432
153.00000000,1904.00000000,0.06119332
153.00000000,1905.00000000,0.06119252
153.00000000,1906.00000000,0.06119189
153.00000000,1907.00000000,0.06119142
153.00000000,1908.00000000,0.06119087
153.00000000,1909.00000000,0.06119030
153.00000000,1910.00000000,0.06118981
153.00000000,1911.00000000,0.06118919
153.00000000,1912.00000000,0.06118812
153.00000000,1913.00000000,0.06118635
153.00000000,1914.00000000,0.06118387
153.00000000,1915.00000000,0.06118106
153.00000000,1916.00000000,0.06117825
153.00000000,1917.00000000,0.06117548
153.00000000,1918.00000000,0.06117263
153.00000000,1919.00000000,0.06117555
153.00000000,1920.00000000,0.06117329
153.00000000,1921.00000000,0.06117162
153.00000000,1922.00000000,0.06117079
153.00000000,1923.00000000,0.06117056
153.00000000,1924.00000000,0.06117238
153.00000000,1925.00000000,0.06117229
153.00000000,1926.00000000,0.06117216
153.00000000,1927.00000000,0.06117207
153.00000000,1928.00000000,0.06117215
153.00000000,1929.00000000,0.06117223
153.00000000,1930.00000000,0.06117249
153.00000000,1931.00000000,0.06117365
153.00000000,1932.00000000,0.06117586
153.00000000,1933.00000000,0.06117871
153.00000000,1934.00000000,0.06118399
153.00000000,1935.00000000,0.06118730
153.00000000,1936.00000000,0.06119021
153.00000000,1937.00000000,0.06119244
153.00000000,1938.00000000,0.06119368
153.00000000,1939.00000000,0.06119420
153.00000000,1940.00000000,0.06119426
153.00000000,1941.00000000,0.06119351
153.00000000,1942.00000000,0.06119197
153.00000000,1943.00000000,0.06118984
153.00000000,1944.00000000,0.06118927
153.00000000,1945.00000000,0.06118678
153.00000000,1946.00000000,0.06118509
153.00000000,1947.00000000,0.06118476
153.00000000,1948.00000000,0.06118507
153.00000000,1949.00000000,0.06118546
153.00000000,1950.00000000,0.06118767
153.00000000,1951.00000000,0.06118792
153.00000000,1952.00000000,0.06118873
153.00000000,1953.00000000,0.06119163
153.00000000,1954.00000000,0.06119267
153.00000000,1955.00000000,0.06119764
153.00000000,1956.00000000,0.06119709
153.00000000,1957.00000000,0.06119812
153.00000000,1958.00000000,0.06119885
153.00000000,1959.00000000,0.06120094
153.00000000,1960.00000000,0.06119973
153.00000000,1961.00000000,0.06119707
153.00000000,1962.00000000,0.06119378
153.00000000,1963.00000000,0.06118968
153.00000000,1964.00000000,0.06118661
153.00000000,1965.00000000,0.06118067
153.00000000,1966.00000000,0.06117352
153.00000000,1967.00000000,0.06116528
153.00000000,1968.00000000,0.06115774
153.00000000,1969.00000000,0.06114846
153.00000000,1970.00000000,0.06113727
153.00000000,1971.00000000,0.06112145
153.00000000,1972.00000000,0.06110231
153.00000000,1973.00000000,0.06108032
153.00000000,1974.00000000,0.06105591
153.00000000,1975.00000000,0.06103201
153.00000000,1976.00000000,0.06100769
153.00000000,1977.00000000,0.06098156
153.00000000,1978.00000000,0.06095717
153.00000000,1979.00000000,0.06093064
153.00000000,1980.00000000,0.06090536
153.00000000,1981.00000000,0.06087805
153.00000000,1982.00000000,0.06085232
153.00000000,1983.00000000,0.06084112
153.00000000,1984.00000000,0.06082010
153.00000000,1985.00000000,0.06080341
153.00000000,1986.00000000,0.06078998
153.00000000,1987.00000000,0.06077543
153.00000000,1988.00000000,0.06076280
153.00000000,1989.00000000,0.06075558
153.00000000,1990.00000000,0.06074042
153.00000000,1991.00000000,0.06072683
153.00000000,1992.00000000,0.06071372
153.00000000,1993.00000000,0.06070284
153.00000000,1994.00000000,0.06069098
153.00000000,1995.00000000,0.06068167
153.00000000,1996.00000000,0.06067059
153.00000000,1997.00000000,0.06066093
153.00000000,1998.00000000,0.06065445
153.00000000,1999.00000000,0.06064036
153.00000000,2000.00000000,0.06063199
153.00000000,2001.00000000,0.06061969
153.00000000,2002.00000000,0.06061072
153.00000000,2003.00000000,0.06060366
153.00000000,2004.00000000,0.06058820
153.00000000,2005.00000000,0.06057629
153.00000000,2006.00000000,0.06055937
153.00000000,2007.00000000,0.06055421
153.00000000,2008.00000000,0.06053128
153.00000000,2009.00000000,0.06051136
153.00000000,2010.00000000,0.06048164
153.00000000,2011.00000000,0.06044981
153.00000000,2012.00000000,0.06042334
153.00000000,2013.00000000,0.06040025
153.00000000,2014.00000000,0.06036757
153.00000000,2015.00000000,0.06032898
153.00000000,2016.00000000,0.06029754
153.00000000,2017.00000000,0.06026606
153.00000000,2018.00000000,0.06023088
153.00000000,2019.00000000,0.06018664
153.00000000,2020.00000000,0.06015046
153.00000000,2021.00000000,0.06010693
153.00000000,2022.00000000,0.06006588
153.00000000,2023.00000000,0.06002013
153.00000000,2024.00000000,0.05998092
153.00000000,2025.00000000,0.05995574
153.00000000,2026.00000000,0.05991887
153.00000000,2027.00000000,0.05984281
153.00000000,2028.00000000,0.05981014
153.00000000,2029.00000000,0.05975675
153.00000000,2030.00000000,0.05970290
153.00000000,2031.00000000,0.05964574
153.00000000,2032.00000000,0.05961078
153.00000000,2033.00000000,0.05959686
153.00000000,2034.00000000,0.05954742
153.00000000,2035.00000000,0.05950778
153.00000000,2036.00000000,0.05947254
153.00000000,2037.00000000,0.05941272
153.00000000,2038.00000000,0.05935012
153.00000000,2039.00000000,0.05929025
153.00000000,2040.00000000,0.05924761
153.00000000,2041.00000000,0.05923649
153.00000000,2042.00000000,0.05916680
153.00000000,2043.00000000,0.05914810
153.00000000,2044.00000000,0.05910488
153.00000000,2045.00000000,0.05903535
153.00000000,2046.00000000,0.05895393
153.00000000,2047.00000000,0.05890188
153.00000000,2048.00000000,0.05886659
153.00000000,2049.00000000,0.05881245
153.00000000,2050.00000000,0.05877165
153.00000000,2051.00000000,0.05873708
153.00000000,2052.00000000,0.05873180
153.00000000,2053.00000000,0.05869919
153.00000000,2054.00000000,0.05864993
153.00000000,2055.00000000,0.05859304
153.00000000,2056.00000000,0.05860077
153.00000000,2057.00000000,0.05853034
153.00000000,2058.00000000,0.05851563
153.00000000,2059.00000000,0.05850901
153.00000000,2060.00000000,0.05855932
153.00000000,2061.00000000,0.05841486
153.00000000,2062.00000000,0.05839077
153.00000000,2063.00000000,0.05836501
153.00000000,2064.00000000,0.05831005
153.00000000,2065.00000000,0.05830081
153.00000000,2066.00000000,0.05832846
153.00000000,2067.00000000,0.05808512
153.00000000,2068.00000000,0.05798301
153.00000000,2069.00000000,0.05801129
153.00000000,2070.00000000,0.05802472
153.00000000,2071.00000000,0.05791338
153.00000000,2072.00000000,0.05761299
153.00000000,2073.00000000,0.05775336
153.00000000,2074.00000000,0.05745892
153.00000000,2075.00000000,0.05745915
153.00000000,2076.00000000,0.05760274
153.00000000,2077.00000000,0.05752297
153.00000000,2078.00000000,0.05747747
153.00000000,2079.00000000,0.05742691
153.00000000,2080.00000000,0.05749847
153.00000000,2081.00000000,0.05744267
153.00000000,2082.00000000,0.05751864
153.00000000,2083.00000000,0.05730549
153.00000000,2084.00000000,0.05705891
153.00000000,2085.00000000,0.05684821
153.00000000,2086.00000000,0.05687378
153.00000000,2087.00000000,0.05695850
153.00000000,2088.00000000,0.05700145
153.00000000,2089.00000000,0.05712845
153.00000000,2090.00000000,0.05721678
153.00000000,2091.00000000,0.05706246
153.00000000,2092.00000000,0.05710596
153.00000000,2093.00000000,0.05724666
153.00000000,2094.00000000,0.05726921
153.00000000,2095.00000000,0.05724891
153.00000000,2096.00000000,0.05729905
153.00000000,2097.00000000,0.05725646
153.00000000,2098.00000000,0.05685882
153.00000000,2099.00000000,0.05696418
153.00000000,2100.00000000,0.05719815
153.00000000,2101.00000000,0.05730670
153.00000000,2102.00000000,0.05720736
153.00000000,2103.00000000,0.05754322
153.00000000,2104.00000000,0.05776085
153.00000000,2105.00000000,0.05779909
153.00000000,2106.00000000,0.05786791
153.00000000,2107.00000000,0.05790452
153.00000000,2108.00000000,0.05819780
153.00000000,2109.00000000,0.05842231
153.00000000,2110.00000000,0.05857797
153.00000000,2111.00000000,0.05868285
153.00000000,2112.00000000,0.05890818
153.00000000,2113.00000000,0.05910732
153.00000000,2114.00000000,0.05914724
153.00000000,2115.00000000,0.05933550
153.00000000,2116.00000000,0.05959476
153.00000000,2117.00000000,0.05987563
153.00000000,2118.00000000,0.06012054
153.00000000,2119.00000000,0.06040495
153.00000000,2120.00000000,0.06060245
153.00000000,2121.00000000,0.06091797
153.00000000,2122.00000000,0.06129242
153.00000000,2123.00000000,0.06177309
153.00000000,2124.00000000,0.06205682
153.00000000,2125.00000000,0.06236313
153.00000000,2126.00000000,0.06278192
153.00000000,2127.00000000,0.06283051
153.00000000,2128.00000000,0.06281833
153.00000000,2129.00000000,0.06329297
153.00000000,2130.00000000,0.06356939
153.00000000,2131.00000000,0.06373250
153.00000000,2132.00000000,0.06423290
153.00000000,2133.00000000,0.06418382
153.00000000,2134.00000000,0.06395776
153.00000000,2135.00000000,0.06393361
153.00000000,2136.00000000,0.06395000
153.00000000,2137.00000000,0.06428912
153.00000000,2138.00000000,0.06458715
153.00000000,2139.00000000,0.06490602
153.00000000,2140.00000000,0.06518852
153.00000000,2141.00000000,0.06558291
153.00000000,2142.00000000,0.06583802
153.00000000,2143.00000000,0.06597980
153.00000000,2144.00000000,0.06618092
153.00000000,2145.00000000,0.06604389
153.00000000,2146.00000000,0.06610802
153.00000000,2147.00000000,0.06635564
153.00000000,2148.00000000,0.06662395
153.00000000,2149.00000000,0.06690642
153.00000000,2150.00000000,0.06714285
153.00000000,2151.00000000,0.06715288
153.00000000,2152.00000000,0.06718522
153.00000000,2153.00000000,0.06752279
153.00000000,2154.00000000,0.06785678
153.00000000,2155.00000000,0.06802036
153.00000000,2156.00000000,0.06865163
153.00000000,2157.00000000,0.06936791
153.00000000,2158.00000000,0.06994795
153.00000000,2159.00000000,0.07035583
153.00000000,2160.00000000,0.07076886
153.00000000,2161.00000000,0.07118703
153.00000000,2162.00000000,0.07160983
153.00000000,2163.00000000,0.07203724
153.00000000,2164.00000000,0.07258387
153.00000000,2165.00000000,0.07313522
153.00000000,2166.00000000,0.07369129
153.00000000,2167.00000000,0.07425195
153.00000000,2168.00000000,0.07481713
153.00000000,2169.00000000,0.07538678
153.00000000,2170.00000000,0.07596082
153.00000000,2171.00000000,0.07653915
153.00000000,2172.00000000,0.07712174
153.00000000,2173.00000000,0.07770851
153.00000000,2174.00000000,0.07824824
153.00000000,2175.00000000,0.07879196
153.00000000,2176.00000000,0.07933958
153.00000000,2177.00000000,0.07989113
153.00000000,2178.00000000,0.08044658
153.00000000,2179.00000000,0.08100590
153.00000000,2180.00000000,0.08156913
153.00000000,2181.00000000,0.08213625
153.00000000,2182.00000000,0.08270726
153.00000000,2183.00000000,0.08328225
153.00000000,2184.00000000,0.08396877
153.00000000,2185.00000000,0.08465951
153.00000000,2186.00000000,0.08535448
153.00000000,2187.00000000,0.08605363
153.00000000,2188.00000000,0.08675688
153.00000000,2189.00000000,0.08746428
153.00000000,2190.00000000,0.08817572
153.00000000,2191.00000000,0.08889125
153.00000000,2192.00000000,0.08961082
153.00000000,2193.00000000,0.09033438
153.00000000,2194.00000000,0.09114140
153.00000000,2195.00000000,0.09195263
153.00000000,2196.00000000,0.09276801
153.00000000,2197.00000000,0.09358754
153.00000000,2198.00000000,0.09441113
153.00000000,2199.00000000,0.09523870
153.00000000,2200.00000000,0.09607026
153.00000000,2201.00000000,0.09690570
153.00000000,2202.00000000,0.09774502
153.00000000,2203.00000000,0.09858814
153.00000000,2204.00000000,0.09943043
153.00000000,2205.00000000,0.10027644
153.00000000,2206.00000000,0.10112608
153.00000000,2207.00000000,0.10197924
153.00000000,2208.00000000,0.10283594
153.00000000,2209.00000000,0.10369607
153.00000000,2210.00000000,0.10455955
153.00000000,2211.00000000,0.10542636
153.00000000,2212.00000000,0.10629638
153.00000000,2213.00000000,0.10716950
153.00000000,2214.00000000,0.10786696
153.00000000,2215.00000000,0.10856671
153.00000000,2216.00000000,0.10926880
153.00000000,2217.00000000,0.10997318
153.00000000,2218.00000000,0.11067977
153.00000000,2219.00000000,0.11138862
153.00000000,2220.00000000,0.11209966
153.00000000,2221.00000000,0.11281281
153.00000000,2222.00000000,0.11352807
153.00000000,2223.00000000,0.11424538
153.00000000,2224.00000000,0.11480102
153.00000000,2225.00000000,0.11535805
153.00000000,2226.00000000,0.11591637
153.00000000,2227.00000000,0.11647605
153.00000000,2228.00000000,0.11703708
153.00000000,2229.00000000,0.11759939
153.00000000,2230.00000000,0.11816307
153.00000000,2231.00000000,0.11872805
153.00000000,2232.00000000,0.11929428
153.00000000,2233.00000000,0.11986181
153.00000000,2234.00000000,0.12033783
153.00000000,2235.00000000,0.12081470
153.00000000,2236.00000000,0.12129248
153.00000000,2237.00000000,0.12177113
153.00000000,2238.00000000,0.12225071
153.00000000,2239.00000000,0.12273122
153.00000000,2240.00000000,0.12321258
153.00000000,2241.00000000,0.12369488
153.00000000,2242.00000000,0.12417808
153.00000000,2243.00000000,0.12466212
153.00000000,2244.00000000,0.12504993
153.00000000,2245.00000000,0.12543824
153.00000000,2246.00000000,0.12582702
153.00000000,2247.00000000,0.12621636
153.00000000,2248.00000000,0.12660622
153.00000000,2249.00000000,0.12699644
153.00000000,2250.00000000,0.12738629
153.00000000,2251.00000000,0.12777402
153.00000000,2252.00000000,0.12815821
153.00000000,2253.00000000,0.12853796
153.00000000,2254.00000000,0.12883710
153.00000000,2255.00000000,0.12913104
153.00000000,2256.00000000,0.12941971
153.00000000,2257.00000000,0.12970305
153.00000000,2258.00000000,0.12998122
153.00000000,2259.00000000,0.13025422
153.00000000,2260.00000000,0.13052211
153.00000000,2261.00000000,0.13078512
153.00000000,2262.00000000,0.13104335
153.00000000,2263.00000000,0.13129707
153.00000000,2264.00000000,0.13154639
153.00000000,2265.00000000,0.13179136
153.00000000,2266.00000000,0.13203218
153.00000000,2267.00000000,0.13226888
153.00000000,2268.00000000,0.13250150
153.00000000,2269.00000000,0.13273022
153.00000000,2270.00000000,0.13295504
153.00000000,2271.00000000,0.13317600
153.00000000,2272.00000000,0.13339327
153.00000000,2273.00000000,0.13360683
153.00000000,2274.00000000,0.13381673
153.00000000,2275.00000000,0.13402311
153.00000000,2276.00000000,0.13422591
153.00000000,2277.00000000,0.13442531
153.00000000,2278.00000000,0.13462130
153.00000000,2279.00000000,0.13481388
153.00000000,2280.00000000,0.13500321
153.00000000,2281.00000000,0.13518930
153.00000000,2282.00000000,0.13537207
153.00000000,2283.00000000,0.13555176
153.00000000,2284.00000000,0.13572829
153.00000000,2285.00000000,0.13590164
153.00000000,2286.00000000,0.13607201
153.00000000,2287.00000000,0.13623925
153.00000000,2288.00000000,0.13640359
153.00000000,2289.00000000,0.13656495
153.00000000,2290.00000000,0.13672327
153.00000000,2291.00000000,0.13687876
153.00000000,2292.00000000,0.13703133
153.00000000,2293.00000000,0.13718097
153.00000000,2294.00000000,0.13732781
153.00000000,2295.00000000,0.13747183
153.00000000,2296.00000000,0.13761293
153.00000000,2297.00000000,0.13775131
153.00000000,2298.00000000,0.13788680
153.00000000,2299.00000000,0.13801958
153.00000000,2300.00000000,0.13814957
153.00000000,2301.00000000,0.13827667
153.00000000,2302.00000000,0.13840099
153.00000000,2303.00000000,0.13852237
153.00000000,2304.00000000,0.13810539
153.00000000,2305.00000000,0.13768485
153.00000000,2306.00000000,0.13726074
153.00000000,2307.00000000,0.13683315
153.00000000,2308.00000000,0.13640223
153.00000000,2309.00000000,0.13596800
153.00000000,2310.00000000,0.13553052
153.00000000,2311.00000000,0.13508994
153.00000000,2312.00000000,0.13464623
153.00000000,2313.00000000,0.13419958
153.00000000,2314.00000000,0.13375000
153.00000000,2315.00000000,0.13329750
153.00000000,2316.00000000,0.13284227
153.00000000,2317.00000000,0.13238431
153.00000000,2318.00000000,0.13192361
153.00000000,2319.00000000,0.13146038
153.00000000,2320.00000000,0.13099460
153.00000000,2321.00000000,0.13052628
153.00000000,2322.00000000,0.13005556
153.00000000,2323.00000000,0.12958244
153.00000000,2324.00000000,0.12910705
153.00000000,2325.00000000,0.12862939
153.00000000,2326.00000000,0.12814945
153.00000000,2327.00000000,0.12766742
153.00000000,2328.00000000,0.12718327
153.00000000,2329.00000000,0.12669701
153.00000000,2330.00000000,0.12620878
153.00000000,2331.00000000,0.12571857
153.00000000,2332.00000000,0.12522639
153.00000000,2333.00000000,0.12473238
153.00000000,2334.00000000,0.12423654
153.00000000,2335.00000000,0.12373886
153.00000000,2336.00000000,0.12323947
153.00000000,2337.00000000,0.12273832
153.00000000,2338.00000000,0.12223556
153.00000000,2339.00000000,0.12173115
153.00000000,2340.00000000,0.12122510
153.00000000,2341.00000000,0.12071755
153.00000000,2342.00000000,0.12020848
153.00000000,2343.00000000,0.11969789
153.00000000,2344.00000000,0.11918589
153.00000000,2345.00000000,0.11867248
153.00000000,2346.00000000,0.11815765
153.00000000,2347.00000000,0.11764152
153.00000000,2348.00000000,0.11712404
153.00000000,2349.00000000,0.11660532
153.00000000,2350.00000000,0.11608536
153.00000000,2351.00000000,0.11556413
153.00000000,2352.00000000,0.11504177
153.00000000,2353.00000000,0.11451826
153.00000000,2354.00000000,0.11399359
153.00000000,2355.00000000,0.11346786
153.00000000,2356.00000000,0.11294110
153.00000000,2357.00000000,0.11241324
153.00000000,2358.00000000,0.11188442
153.00000000,2359.00000000,0.11135462
153.00000000,2360.00000000,0.11082382
153.00000000,2361.00000000,0.11029214
153.00000000,2362.00000000,0.10975951
153.00000000,2363.00000000,0.10922605
153.00000000,2364.00000000,0.10869176
153.00000000,2365.00000000,0.10815658
153.00000000,2366.00000000,0.10762064
153.00000000,2367.00000000,0.10708392
153.00000000,2368.00000000,0.10654640
153.00000000,2369.00000000,0.10600820
153.00000000,2370.00000000,0.10546928
153.00000000,2371.00000000,0.10492962
153.00000000,2372.00000000,0.10438936
153.00000000,2373.00000000,0.10384839
153.00000000,2374.00000000,0.10330685
153.00000000,2375.00000000,0.10276471
153.00000000,2376.00000000,0.10222194
153.00000000,2377.00000000,0.10167865
153.00000000,2378.00000000,0.10113483
153.00000000,2379.00000000,0.10059043
153.00000000,2380.00000000,0.10004558
153.00000000,2381.00000000,0.09950026
153.00000000,2382.00000000,0.09895441
153.00000000,2383.00000000,0.09840819
153.00000000,2384.00000000,0.09786148
153.00000000,2385.00000000,0.09731442
153.00000000,2386.00000000,0.09676697
153.00000000,2387.00000000,0.09621912
153.00000000,2388.00000000,0.09567095
153.00000000,2389.00000000,0.09512246
153.00000000,2390.00000000,0.09457360
153.00000000,2391.00000000,0.09402451
153.00000000,2392.00000000,0.09347513
153.00000000,2393.00000000,0.09292544
153.00000000,2394.00000000,0.09237557
153.00000000,2395.00000000,0.09182546
153.00000000,2396.00000000,0.09127512
153.00000000,2397.00000000,0.09072463
153.00000000,2398.00000000,0.09017393
153.00000000,2399.00000000,0.08962315
153.00000000,2400.00000000,0.08907227
153.00000000,2401.00000000,0.08852131
153.00000000,2402.00000000,0.08808653
153.00000000,2403.00000000,0.08799374
153.00000000,2404.00000000,0.08799450
153.00000000,2405.00000000,0.08799547
153.00000000,2406.00000000,0.08799661
153.00000000,2407.00000000,0.08799786
153.00000000,2408.00000000,0.08799932
153.00000000,2409.00000000,0.08801551
153.00000000,2410.00000000,0.08803191
153.00000000,2411.00000000,0.08804846
153.00000000,2412.00000000,0.08806511
153.00000000,2413.00000000,0.08808193
153.00000000,2414.00000000,0.08806992
153.00000000,2415.00000000,0.08805798
153.00000000,2416.00000000,0.08804621
153.00000000,2417.00000000,0.08803455
153.00000000,2418.00000000,0.08802295
153.00000000,2419.00000000,0.08801150
153.00000000,2420.00000000,0.08800016
153.00000000,2421.00000000,0.08798886
153.00000000,2422.00000000,0.08797773
153.00000000,2423.00000000,0.08796663
153.00000000,2424.00000000,0.08795567
153.00000000,2425.00000000,0.08794481
153.00000000,2426.00000000,0.08793399
153.00000000,2427.00000000,0.08792330
153.00000000,2428.00000000,0.08791270
153.00000000,2429.00000000,0.08790088
153.00000000,2430.00000000,0.08788919
153.00000000,2431.00000000,0.08787758
153.00000000,2432.00000000,0.08786598
153.00000000,2433.00000000,0.08785453
153.00000000,2434.00000000,0.08784308
153.00000000,2435.00000000,0.08783176
153.00000000,2436.00000000,0.08782050
153.00000000,2437.00000000,0.08780927
153.00000000,2438.00000000,0.08779815
153.00000000,2439.00000000,0.08778709
153.00000000,2440.00000000,0.08777604
153.00000000,2441.00000000,0.08776511
153.00000000,2442.00000000,0.08775424
153.00000000,2443.00000000,0.08774336
153.00000000,2444.00000000,0.08773260
153.00000000,2445.00000000,0.08772184
153.00000000,2446.00000000,0.08771119
153.00000000,2447.00000000,0.08770059
153.00000000,2448.00000000,0.08768998
153.00000000,2449.00000000,0.08767948
153.00000000,2450.00000000,0.08766903
153.00000000,2451.00000000,0.08765856
153.00000000,2452.00000000,0.08764820
153.00000000,2453.00000000,0.08763788
153.00000000,2454.00000000,0.08763033
153.00000000,2455.00000000,0.08762288
153.00000000,2456.00000000,0.08761546
153.00000000,2457.00000000,0.08760803
153.00000000,2458.00000000,0.08760068
153.00000000,2459.00000000,0.08759331
153.00000000,2460.00000000,0.08758605
153.00000000,2461.00000000,0.08757881
153.00000000,2462.00000000,0.08757155
153.00000000,2463.00000000,0.08756437
153.00000000,2464.00000000,0.08755723
153.00000000,2465.00000000,0.08755006
153.00000000,2466.00000000,0.08754297
153.00000000,2467.00000000,0.08753593
153.00000000,2468.00000000,0.08752884
153.00000000,2469.00000000,0.08752184
153.00000000,2470.00000000,0.08751480
153.00000000,2471.00000000,0.08750786
153.00000000,2472.00000000,0.08750094
153.00000000,2473.00000000,0.08749397
153.00000000,2474.00000000,0.08748710
153.00000000,2475.00000000,0.08748025
153.00000000,2476.00000000,0.08747334
153.00000000,2477.00000000,0.08746654
153.00000000,2478.00000000,0.08745976
153.00000000,2479.00000000,0.08745291
153.00000000,2480.00000000,0.08744617
153.00000000,2481.00000000,0.08743944
153.00000000,2482.00000000,0.08743266
153.00000000,2483.00000000,0.08742596
153.00000000,2484.00000000,0.08741921
153.00000000,2485.00000000,0.08741256
153.00000000,2486.00000000,0.08740592
153.00000000,2487.00000000,0.08739921
153.00000000,2488.00000000,0.08739260
153.00000000,2489.00000000,0.08738599
153.00000000,2490.00000000,0.08737934
153.00000000,2491.00000000,0.08737276
153.00000000,2492.00000000,0.08736621
153.00000000,2493.00000000,0.08735958
153.00000000,2494.00000000,0.08735305
153.00000000,2495.00000000,0.08734645
153.00000000,2496.00000000,0.08733993
153.00000000,2497.00000000,0.08733342
153.00000000,2498.00000000,0.08732686
153.00000000,2499.00000000,0.08732037
153.00000000,2500.00000000,0.08731390
154.00000000,1765.00000000,0.06059010
154.00000000,1766.00000000,0.06059005
154.00000000,1767.00000000,0.06059012
154.00000000,1768.00000000,0.06059028
154.00000000,1769.00000000,0.06059049
154.00000000,1770.00000000,0.06059081
154.00000000,1771.00000000,0.06059123
154.00000000,1772.00000000,0.06059181
154.00000000,1773.00000000,0.06059243
154.00000000,1774.00000000,0.06059335
154.00000000,1775.00000000,0.06059405
154.00000000,1776.00000000,0.06059507
154.00000000,1777.00000000,0.06059623
154.00000000,1778.00000000,0.06059753
154.00000000,1779.00000000,0.06059886
154.00000000,1780.00000000,0.06060024
154.00000000,1781.00000000,0.06060188
154.00000000,1782.00000000,0.06060351
154.00000000,1783.00000000,0.06060528
154.00000000,1784.00000000,0.06060706
154.00000000,1785.00000000,0.06060904
154.00000000,1786.00000000,0.06061095
154.00000000,1787.00000000,0.06061307
154.00000000,1788.00000000,0.06061528
154.00000000,1789.00000000,0.06061741
154.00000000,1790.00000000,0.06061979
154.00000000,1791.00000000,0.06062223
154.00000000,1792.00000000,0.06062455
154.00000000,1793.00000000,0.06062709
154.00000000,1794.00000000,0.06062963
154.00000000,1795.00000000,0.06063212
154.00000000,1796.00000000,0.06063484
154.00000000,1797.00000000,0.06063762
154.00000000,1798.00000000,0.06064019
154.00000000,1799.00000000,0.06064294
154.00000000,1800.00000000,0.06064575
154.00000000,1801.00000000,0.06064858
154.00000000,1802.00000000,0.06065143
154.00000000,1803.00000000,0.06065440
154.00000000,1804.00000000,0.06065726
154.00000000,1805.00000000,0.06066029
154.00000000,1806.00000000,0.06066310
154.00000000,1807.00000000,0.06066602
154.00000000,1808.00000000,0.06066904
154.00000000,1809.00000000,0.06067221
154.00000000,1810.00000000,0.06067517
154.00000000,1811.00000000,0.06067827
154.00000000,1812.00000000,0.06068136
154.00000000,1813.00000000,0.06068443
154.00000000,1814.00000000,0.06068757
154.00000000,1815.00000000,0.06069077
154.00000000,1816.00000000,0.06069376
154.00000000,1817.00000000,0.06069695
154.00000000,1818.00000000,0.06070009
154.00000000,1819.00000000,0.06070320
154.00000000,1820.00000000,0.06070633
154.00000000,1821.00000000,0.06070949
154.00000000,1822.00000000,0.06071270
154.00000000,1823.00000000,0.06071583
154.00000000,1824.00000000,0.06071897
154.00000000,1825.00000000,0.06072203
154.00000000,1826.00000000,0.06072521
154.00000000,1827.00000000,0.06072832
154.00000000,1828.00000000,0.06073150
154.00000000,1829.00000000,0.06073462
154.00000000,1830.00000000,0.06073778
154.00000000,1831.00000000,0.06074082
154.00000000,1832.00000000,0.06074388
154.00000000,1833.00000000,0.06074701
154.00000000,1834.00000000,0.06075004
154.00000000,1835.00000000,0.06075303
154.00000000,1836.00000000,0.06075603
154.00000000,1837.00000000,0.06075909
154.00000000,1838.00000000,0.06076203
154.00000000,1839.00000000,0.06076498
154.00000000,1840.00000000,0.06076791
154.00000000,1841.00000000,0.06077088
154.00000000,1842.00000000,0.06077378
154.00000000,1843.00000000,0.06077664
154.00000000,1844.00000000,0.06077952
154.00000000,1845.00000000,0.06078235
154.00000000,1846.00000000,0.06078514
154.00000000,1847.00000000,0.06078788
154.00000000,1848.00000000,0.06079064
154.00000000,1849.00000000,0.06079337
154.00000000,1850.00000000,0.06079606
154.00000000,1851.00000000,0.06079868
154.00000000,1852.00000000,0.06080127
154.00000000,1853.00000000,0.06080410
154.00000000,1854.00000000,0.06080705
154.00000000,1855.00000000,0.06081005
154.00000000,1856.00000000,0.06081288
154.00000000,1857.00000000,0.06081559
154.00000000,1858.00000000,0.06081838
154.00000000,1859.00000000,0.06082092
154.00000000,1860.00000000,0.06082352
154.00000000,1861.00000000,0.06082608
154.00000000,1862.00000000,0.06082847
154.00000000,1863.00000000,0.06083019
154.00000000,1864.00000000,0.06083166
154.00000000,1865.00000000,0.06083272
154.00000000,1866.00000000,0.06083351
154.00000000,1867.00000000,0.06083409
154.00000000,1868.00000000,0.06083436
154.00000000,1869.00000000,0.06083444
154.00000000,1870.00000000,0.06083433
154.00000000,1871.00000000,0.06083410
154.00000000,1872.00000000,0.06083390
154.00000000,1873.00000000,0.06083432
154.00000000,1874.00000000,0.06083516
154.00000000,1875.00000000,0.06083625
154.00000000,1876.00000000,0.06083757
154.00000000,1877.00000000,0.06083900
154.00000000,1878.00000000,0.06084057
154.00000000,1879.00000000,0.06084223
154.00000000,1880.00000000,0.06084398
154.00000000,1881.00000000,0.06084570
154.00000000,1882.00000000,0.06084746
154.00000000,1883.00000000,0.06084880
154.00000000,1884.00000000,0.06084986
154.00000000,1885.00000000,0.06085068
154.00000000,1886.00000000,0.06085135
154.00000000,1887.00000000,0.06085193
154.00000000,1888.00000000,0.06085231
154.00000000,1889.00000000,0.06085250
154.00000000,1890.00000000,0.06085248
154.00000000,1891.00000000,0.06085209
154.00000000,1892.00000000,0.06085153
154.00000000,1893.00000000,0.06085087
154.00000000,1894.00000000,0.06085013
154.00000000,1895.00000000,0.06084953
154.00000000,1896.00000000,0.06084891
154.00000000,1897.00000000,0.06084829
154.00000000,1898.00000000,0.06084757
154.00000000,1899.00000000,0.06084668
154.00000000,1900.00000000,0.06084556
154.00000000,1901.00000000,0.06084424
154.00000000,1902.00000000,0.06084305
154.00000000,1903.00000000,0.06084191
154.00000000,1904.00000000,0.06084088
154.00000000,1905.00000000,0.06084002
154.00000000,1906.00000000,0.06083939
154.00000000,1907.00000000,0.06083888
154.00000000,1908.00000000,0.06083831
154.00000000,1909.00000000,0.06083770
154.00000000,1910.00000000,0.06083715
154.00000000,1911.00000000,0.06083651
154.00000000,1912.00000000,0.06083538
154.00000000,1913.00000000,0.06083357
154.00000000,1914.00000000,0.06083103
154.00000000,1915.00000000,0.06082817
154.00000000,1916.00000000,0.06082531
154.00000000,1917.00000000,0.06082246
154.00000000,1918.00000000,0.06081955
154.00000000,1919.00000000,0.06081673
154.00000000,1920.00000000,0.06082004
154.00000000,1921.00000000,0.06081828
154.00000000,1922.00000000,0.06081734
154.00000000,1923.00000000,0.06081703
154.00000000,1924.00000000,0.06081688
154.00000000,1925.00000000,0.06081854
154.00000000,1926.00000000,0.06081836
154.00000000,1927.00000000,0.06081820
154.00000000,1928.00000000,0.06081817
154.00000000,1929.00000000,0.06081818
154.00000000,1930.00000000,0.06081838
154.00000000,1931.00000000,0.06081943
154.00000000,1932.00000000,0.06082159
154.00000000,1933.00000000,0.06082432
154.00000000,1934.00000000,0.06082757
154.00000000,1935.00000000,0.06083275
154.00000000,1936.00000000,0.06083557
154.00000000,1937.00000000,0.06083769
154.00000000,1938.00000000,0.06083886
154.00000000,1939.00000000,0.06083935
154.00000000,1940.00000000,0.06083930
154.00000000,1941.00000000,0.06083853
154.00000000,1942.00000000,0.06083689
154.00000000,1943.00000000,0.06083480
154.00000000,1944.00000000,0.06083224
154.00000000,1945.00000000,0.06083159
154.00000000,1946.00000000,0.06082985
154.00000000,1947.00000000,0.06082946
154.00000000,1948.00000000,0.06082974
154.00000000,1949.00000000,0.06083006
154.00000000,1950.00000000,0.06083034
154.00000000,1951.00000000,0.06083238
154.00000000,1952.00000000,0.06083315
154.00000000,1953.00000000,0.06083410
154.00000000,1954.00000000,0.06083693
154.00000000,1955.00000000,0.06083816
154.00000000,1956.00000000,0.06084309
154.00000000,1957.00000000,0.06084227
154.00000000,1958.00000000,0.06084288
154.00000000,1959.00000000,0.06084312
154.00000000,1960.00000000,0.06084365
154.00000000,1961.00000000,0.06084103
154.00000000,1962.00000000,0.06083764
154.00000000,1963.00000000,0.06083361
154.00000000,1964.00000000,0.06082861
154.00000000,1965.00000000,0.06082445
154.00000000,1966.00000000,0.06081736
154.00000000,1967.00000000,0.06080915
154.00000000,1968.00000000,0.06079970
154.00000000,1969.00000000,0.06079043
154.00000000,1970.00000000,0.06077921
154.00000000,1971.00000000,0.06076536
154.00000000,1972.00000000,0.06074627
154.00000000,1973.00000000,0.06072434
154.00000000,1974.00000000,0.06070008
154.00000000,1975.00000000,0.06067436
154.00000000,1976.00000000,0.06065014
154.00000000,1977.00000000,0.06062601
154.00000000,1978.00000000,0.06059981
154.00000000,1979.00000000,0.06057523
154.00000000,1980.00000000,0.06054823
154.00000000,1981.00000000,0.06052288
154.00000000,1982.00000000,0.06049721
154.00000000,1983.00000000,0.06047486
154.00000000,1984.00000000,0.06046694
154.00000000,1985.00000000,0.06044844
154.00000000,1986.00000000,0.06043320
154.00000000,1987.00000000,0.06042046
154.00000000,1988.00000000,0.06040605
154.00000000,1989.00000000,0.06039319
154.00000000,1990.00000000,0.06038548
154.00000000,1991.00000000,0.06037014
154.00000000,1992.00000000,0.06035696
154.00000000,1993.00000000,0.06034424
154.00000000,1994.00000000,0.06033424
154.00000000,1995.00000000,0.06032303
154.00000000,1996.00000000,0.06031380
154.00000000,1997.00000000,0.06030231
154.00000000,1998.00000000,0.06029205
154.00000000,1999.00000000,0.06028539
154.00000000,2000.00000000,0.06027141
154.00000000,2001.00000000,0.06026281
154.00000000,2002.00000000,0.06025010
154.00000000,2003.00000000,0.06024113
154.00000000,2004.00000000,0.06023312
154.00000000,2005.00000000,0.06021554
154.00000000,2006.00000000,0.06020051
154.00000000,2007.00000000,0.06018051
154.00000000,2008.00000000,0.06017248
154.00000000,2009.00000000,0.06014708
154.00000000,2010.00000000,0.06012492
154.00000000,2011.00000000,0.06009319
154.00000000,2012.00000000,0.06005943
154.00000000,2013.00000000,0.06003093
154.00000000,2014.00000000,0.06000575
154.00000000,2015.00000000,0.05997106
154.00000000,2016.00000000,0.05993057
154.00000000,2017.00000000,0.05989725
154.00000000,2018.00000000,0.05986399
154.00000000,2019.00000000,0.05982715
154.00000000,2020.00000000,0.05978142
154.00000000,2021.00000000,0.05974380
154.00000000,2022.00000000,0.05969904
154.00000000,2023.00000000,0.05965695
154.00000000,2024.00000000,0.05961037
154.00000000,2025.00000000,0.05957040
154.00000000,2026.00000000,0.05954446
154.00000000,2027.00000000,0.05950700
154.00000000,2028.00000000,0.05943069
154.00000000,2029.00000000,0.05939752
154.00000000,2030.00000000,0.05934380
154.00000000,2031.00000000,0.05928964
154.00000000,2032.00000000,0.05923209
154.00000000,2033.00000000,0.05919639
154.00000000,2034.00000000,0.05918146
154.00000000,2035.00000000,0.05913118
154.00000000,2036.00000000,0.05909062
154.00000000,2037.00000000,0.05905443
154.00000000,2038.00000000,0.05899384
154.00000000,2039.00000000,0.05893053
154.00000000,2040.00000000,0.05886999
154.00000000,2041.00000000,0.05882653
154.00000000,2042.00000000,0.05881427
154.00000000,2043.00000000,0.05874369
154.00000000,2044.00000000,0.05872368
154.00000000,2045.00000000,0.05867928
154.00000000,2046.00000000,0.05860876
154.00000000,2047.00000000,0.05852647
154.00000000,2048.00000000,0.05847337
154.00000000,2049.00000000,0.05843698
154.00000000,2050.00000000,0.05838192
154.00000000,2051.00000000,0.05834016
154.00000000,2052.00000000,0.05830464
154.00000000,2053.00000000,0.05829829
154.00000000,2054.00000000,0.05826484
154.00000000,2055.00000000,0.05821493
154.00000000,2056.00000000,0.05815749
154.00000000,2057.00000000,0.05816425
154.00000000,2058.00000000,0.05809347
154.00000000,2059.00000000,0.05807804
154.00000000,2060.00000000,0.05807066
154.00000000,2061.00000000,0.05811992
154.00000000,2062.00000000,0.05797626
154.00000000,2063.00000000,0.05795250
154.00000000,2064.00000000,0.05792736
154.00000000,2065.00000000,0.05787340
154.00000000,2066.00000000,0.05786489
154.00000000,2067.00000000,0.05789304
154.00000000,2068.00000000,0.05765225
154.00000000,2069.00000000,0.05755158
154.00000000,2070.00000000,0.05758032
154.00000000,2071.00000000,0.05759434
154.00000000,2072.00000000,0.05748481
154.00000000,2073.00000000,0.05718793
154.00000000,2074.00000000,0.05732871
154.00000000,2075.00000000,0.05703795
154.00000000,2076.00000000,0.05703969
154.00000000,2077.00000000,0.05718372
154.00000000,2078.00000000,0.05710599
154.00000000,2079.00000000,0.05706218
154.00000000,2080.00000000,0.05701328
154.00000000,2081.00000000,0.05708560
154.00000000,2082.00000000,0.05703155
154.00000000,2083.00000000,0.05710845
154.00000000,2084.00000000,0.05689834
154.00000000,2085.00000000,0.05665500
154.00000000,2086.00000000,0.05644724
154.00000000,2087.00000000,0.05647403
154.00000000,2088.00000000,0.05655949
154.00000000,2089.00000000,0.05660339
154.00000000,2090.00000000,0.05673072
154.00000000,2091.00000000,0.05681963
154.00000000,2092.00000000,0.05666767
154.00000000,2093.00000000,0.05671229
154.00000000,2094.00000000,0.05685350
154.00000000,2095.00000000,0.05687738
154.00000000,2096.00000000,0.05685867
154.00000000,2097.00000000,0.05690989
154.00000000,2098.00000000,0.05686893
154.00000000,2099.00000000,0.05647525
154.00000000,2100.00000000,0.05658112
154.00000000,2101.00000000,0.05681474
154.00000000,2102.00000000,0.05692389
154.00000000,2103.00000000,0.05682666
154.00000000,2104.00000000,0.05716181
154.00000000,2105.00000000,0.05737949
154.00000000,2106.00000000,0.05741895
154.00000000,2107.00000000,0.05748874
154.00000000,2108.00000000,0.05752649
154.00000000,2109.00000000,0.05781918
154.00000000,2110.00000000,0.05804350
154.00000000,2111.00000000,0.05819937
154.00000000,2112.00000000,0.05830476
154.00000000,2113.00000000,0.05852976
154.00000000,2114.00000000,0.05872870
154.00000000,2115.00000000,0.05876940
154.00000000,2116.00000000,0.05895745
154.00000000,2117.00000000,0.05921602
154.00000000,2118.00000000,0.05949603
154.00000000,2119.00000000,0.05974028
154.00000000,2120.00000000,0.06002377
154.00000000,2121.00000000,0.06022086
154.00000000,2122.00000000,0.06053521
154.00000000,2123.00000000,0.06090809
154.00000000,2124.00000000,0.06138653
154.00000000,2125.00000000,0.06166924
154.00000000,2126.00000000,0.06197437
154.00000000,2127.00000000,0.06239128
154.00000000,2128.00000000,0.06244030
154.00000000,2129.00000000,0.06242890
154.00000000,2130.00000000,0.06290129
154.00000000,2131.00000000,0.06317669
154.00000000,2132.00000000,0.06333947
154.00000000,2133.00000000,0.06383744
154.00000000,2134.00000000,0.06378930
154.00000000,2135.00000000,0.06356525
154.00000000,2136.00000000,0.06354186
154.00000000,2137.00000000,0.06355875
154.00000000,2138.00000000,0.06389639
154.00000000,2139.00000000,0.06419318
154.00000000,2140.00000000,0.06451069
154.00000000,2141.00000000,0.06479205
154.00000000,2142.00000000,0.06518460
154.00000000,2143.00000000,0.06543872
154.00000000,2144.00000000,0.06558019
154.00000000,2145.00000000,0.06578064
154.00000000,2146.00000000,0.06564496
154.00000000,2147.00000000,0.06570923
154.00000000,2148.00000000,0.06595589
154.00000000,2149.00000000,0.06622310
154.00000000,2150.00000000,0.06650440
154.00000000,2151.00000000,0.06674028
154.00000000,2152.00000000,0.06675213
154.00000000,2153.00000000,0.06678710
154.00000000,2154.00000000,0.06712598
154.00000000,2155.00000000,0.06746153
154.00000000,2156.00000000,0.06762772
154.00000000,2157.00000000,0.06825891
154.00000000,2158.00000000,0.06897461
154.00000000,2159.00000000,0.06955481
154.00000000,2160.00000000,0.06996376
154.00000000,2161.00000000,0.07037774
154.00000000,2162.00000000,0.07079677
154.00000000,2163.00000000,0.07122032
154.00000000,2164.00000000,0.07164839
154.00000000,2165.00000000,0.07219498
154.00000000,2166.00000000,0.07274623
154.00000000,2167.00000000,0.07330210
154.00000000,2168.00000000,0.07386250
154.00000000,2169.00000000,0.07442734
154.00000000,2170.00000000,0.07499660
154.00000000,2171.00000000,0.07557019
154.00000000,2172.00000000,0.07614801
154.00000000,2173.00000000,0.07673003
154.00000000,2174.00000000,0.07731619
154.00000000,2175.00000000,0.07785551
154.00000000,2176.00000000,0.07839877
154.00000000,2177.00000000,0.07894588
154.00000000,2178.00000000,0.07949689
154.00000000,2179.00000000,0.08005175
154.00000000,2180.00000000,0.08061044
154.00000000,2181.00000000,0.08117300
154.00000000,2182.00000000,0.08173941
154.00000000,2183.00000000,0.08230968
154.00000000,2184.00000000,0.08288388
154.00000000,2185.00000000,0.08356908
154.00000000,2186.00000000,0.08425847
154.00000000,2187.00000000,0.08495207
154.00000000,2188.00000000,0.08564982
154.00000000,2189.00000000,0.08635165
154.00000000,2190.00000000,0.08705761
154.00000000,2191.00000000,0.08776759
154.00000000,2192.00000000,0.08848164
154.00000000,2193.00000000,0.08919970
154.00000000,2194.00000000,0.08992174
154.00000000,2195.00000000,0.09072686
154.00000000,2196.00000000,0.09153619
154.00000000,2197.00000000,0.09234964
154.00000000,2198.00000000,0.09316723
154.00000000,2199.00000000,0.09398887
154.00000000,2200.00000000,0.09481449
154.00000000,2201.00000000,0.09564409
154.00000000,2202.00000000,0.09647755
154.00000000,2203.00000000,0.09731488
154.00000000,2204.00000000,0.09815602
154.00000000,2205.00000000,0.09899635
154.00000000,2206.00000000,0.09984038
154.00000000,2207.00000000,0.10068803
154.00000000,2208.00000000,0.10153920
154.00000000,2209.00000000,0.10239391
154.00000000,2210.00000000,0.10325205
154.00000000,2211.00000000,0.10411353
154.00000000,2212.00000000,0.10497836
154.00000000,2213.00000000,0.10584640
154.00000000,2214.00000000,0.10671752
154.00000000,2215.00000000,0.10741373
154.00000000,2216.00000000,0.10811225
154.00000000,2217.00000000,0.10881310
154.00000000,2218.00000000,0.10951623
154.00000000,2219.00000000,0.11022160
154.00000000,2220.00000000,0.11092921
154.00000000,2221.00000000,0.11163900
154.00000000,2222.00000000,0.11235092
154.00000000,2223.00000000,0.11306496
154.00000000,2224.00000000,0.11378105
154.00000000,2225.00000000,0.11433615
154.00000000,2226.00000000,0.11489261
154.00000000,2227.00000000,0.11545037
154.00000000,2228.00000000,0.11600950
154.00000000,2229.00000000,0.11656999
154.00000000,2230.00000000,0.11713177
154.00000000,2231.00000000,0.11769490
154.00000000,2232.00000000,0.11825935
154.00000000,2233.00000000,0.11882504
154.00000000,2234.00000000,0.11939206
154.00000000,2235.00000000,0.11986791
154.00000000,2236.00000000,0.12034462
154.00000000,2237.00000000,0.12082226
154.00000000,2238.00000000,0.12130078
154.00000000,2239.00000000,0.12178023
154.00000000,2240.00000000,0.12226058
154.00000000,2241.00000000,0.12274182
154.00000000,2242.00000000,0.12322400
154.00000000,2243.00000000,0.12370708
154.00000000,2244.00000000,0.12419100
154.00000000,2245.00000000,0.12457908
154.00000000,2246.00000000,0.12496766
154.00000000,2247.00000000,0.12535670
154.00000000,2248.00000000,0.12574631
154.00000000,2249.00000000,0.12613632
154.00000000,2250.00000000,0.12652585
154.00000000,2251.00000000,0.12691338
154.00000000,2252.00000000,0.12729731
154.00000000,2253.00000000,0.12767687
154.00000000,2254.00000000,0.12805164
154.00000000,2255.00000000,0.12834599
154.00000000,2256.00000000,0.12863512
154.00000000,2257.00000000,0.12891902
154.00000000,2258.00000000,0.12919766
154.00000000,2259.00000000,0.12947122
154.00000000,2260.00000000,0.12973973
154.00000000,2261.00000000,0.13000328
154.00000000,2262.00000000,0.13026217
154.00000000,2263.00000000,0.13051649
154.00000000,2264.00000000,0.13076646
154.00000000,2265.00000000,0.13101216
154.00000000,2266.00000000,0.13125364
154.00000000,2267.00000000,0.13149106
154.00000000,2268.00000000,0.13172447
154.00000000,2269.00000000,0.13195390
154.00000000,2270.00000000,0.13217951
154.00000000,2271.00000000,0.13240132
154.00000000,2272.00000000,0.13261935
154.00000000,2273.00000000,0.13283376
154.00000000,2274.00000000,0.13304458
154.00000000,2275.00000000,0.13325178
154.00000000,2276.00000000,0.13345556
154.00000000,2277.00000000,0.13365583
154.00000000,2278.00000000,0.13385277
154.00000000,2279.00000000,0.13404639
154.00000000,2280.00000000,0.13423664
154.00000000,2281.00000000,0.13442374
154.00000000,2282.00000000,0.13460763
154.00000000,2283.00000000,0.13478830
154.00000000,2284.00000000,0.13496591
154.00000000,2285.00000000,0.13514046
154.00000000,2286.00000000,0.13531186
154.00000000,2287.00000000,0.13548035
154.00000000,2288.00000000,0.13564575
154.00000000,2289.00000000,0.13580830
154.00000000,2290.00000000,0.13596791
154.00000000,2291.00000000,0.13612457
154.00000000,2292.00000000,0.13627840
154.00000000,2293.00000000,0.13642941
154.00000000,2294.00000000,0.13657749
154.00000000,2295.00000000,0.13672285
154.00000000,2296.00000000,0.13686540
154.00000000,2297.00000000,0.13700509
154.00000000,2298.00000000,0.13714210
154.00000000,2299.00000000,0.13727626
154.00000000,2300.00000000,0.13740775
154.00000000,2301.00000000,0.13753646
154.00000000,2302.00000000,0.13766234
154.00000000,2303.00000000,0.13778546
154.00000000,2304.00000000,0.13790567
154.00000000,2305.00000000,0.13748994
154.00000000,2306.00000000,0.13707065
154.00000000,2307.00000000,0.13664789
154.00000000,2308.00000000,0.13622166
154.00000000,2309.00000000,0.13579213
154.00000000,2310.00000000,0.13535936
154.00000000,2311.00000000,0.13492335
154.00000000,2312.00000000,0.13448427
154.00000000,2313.00000000,0.13404212
154.00000000,2314.00000000,0.13359706
154.00000000,2315.00000000,0.13314909
154.00000000,2316.00000000,0.13269823
154.00000000,2317.00000000,0.13224467
154.00000000,2318.00000000,0.13178841
154.00000000,2319.00000000,0.13132944
154.00000000,2320.00000000,0.13086797
154.00000000,2321.00000000,0.13040397
154.00000000,2322.00000000,0.12993746
154.00000000,2323.00000000,0.12946858
154.00000000,2324.00000000,0.12899731
154.00000000,2325.00000000,0.12852379
154.00000000,2326.00000000,0.12804804
154.00000000,2327.00000000,0.12757002
154.00000000,2328.00000000,0.12708993
154.00000000,2329.00000000,0.12660774
154.00000000,2330.00000000,0.12612346
154.00000000,2331.00000000,0.12563723
154.00000000,2332.00000000,0.12514905
154.00000000,2333.00000000,0.12465890
154.00000000,2334.00000000,0.12416694
154.00000000,2335.00000000,0.12367317
154.00000000,2336.00000000,0.12317757
154.00000000,2337.00000000,0.12268029
154.00000000,2338.00000000,0.12218126
154.00000000,2339.00000000,0.12168062
154.00000000,2340.00000000,0.12117836
154.00000000,2341.00000000,0.12067446
154.00000000,2342.00000000,0.12016910
154.00000000,2343.00000000,0.11966221
154.00000000,2344.00000000,0.11915379
154.00000000,2345.00000000,0.11864400
154.00000000,2346.00000000,0.11813281
154.00000000,2347.00000000,0.11762021
154.00000000,2348.00000000,0.11710632
154.00000000,2349.00000000,0.11659109
154.00000000,2350.00000000,0.11607463
154.00000000,2351.00000000,0.11555693
154.00000000,2352.00000000,0.11503799
154.00000000,2353.00000000,0.11451794
154.00000000,2354.00000000,0.11399673
154.00000000,2355.00000000,0.11347437
154.00000000,2356.00000000,0.11295096
154.00000000,2357.00000000,0.11242651
154.00000000,2358.00000000,0.11190098
154.00000000,2359.00000000,0.11137450
154.00000000,2360.00000000,0.11084705
154.00000000,2361.00000000,0.11031861
154.00000000,2362.00000000,0.10978930
154.00000000,2363.00000000,0.10925904
154.00000000,2364.00000000,0.10872796
154.00000000,2365.00000000,0.10819603
154.00000000,2366.00000000,0.10766323
154.00000000,2367.00000000,0.10712969
154.00000000,2368.00000000,0.10659537
154.00000000,2369.00000000,0.10606024
154.00000000,2370.00000000,0.10552444
154.00000000,2371.00000000,0.10498794
154.00000000,2372.00000000,0.10445070
154.00000000,2373.00000000,0.10391284
154.00000000,2374.00000000,0.10337429
154.00000000,2375.00000000,0.10283518
154.00000000,2376.00000000,0.10229546
154.00000000,2377.00000000,0.10175512
154.00000000,2378.00000000,0.10121428
154.00000000,2379.00000000,0.10067288
154.00000000,2380.00000000,0.10013094
154.00000000,2381.00000000,0.09958853
154.00000000,2382.00000000,0.09904566
154.00000000,2383.00000000,0.09850227
154.00000000,2384.00000000,0.09795848
154.00000000,2385.00000000,0.09741424
154.00000000,2386.00000000,0.09686963
154.00000000,2387.00000000,0.09632465
154.00000000,2388.00000000,0.09577925
154.00000000,2389.00000000,0.09523355
154.00000000,2390.00000000,0.09468753
154.00000000,2391.00000000,0.09414114
154.00000000,2392.00000000,0.09359451
154.00000000,2393.00000000,0.09304760
154.00000000,2394.00000000,0.09250040
154.00000000,2395.00000000,0.09195300
154.00000000,2396.00000000,0.09140536
154.00000000,2397.00000000,0.09085749
154.00000000,2398.00000000,0.09030949
154.00000000,2399.00000000,0.08976126
154.00000000,2400.00000000,0.08921296
154.00000000,2401.00000000,0.08866456
154.00000000,2402.00000000,0.08811609
154.00000000,2403.00000000,0.08768326
154.00000000,2404.00000000,0.08759086
154.00000000,2405.00000000,0.08759159
154.00000000,2406.00000000,0.08759253
154.00000000,2407.00000000,0.08759363
154.00000000,2408.00000000,0.08759484
154.00000000,2409.00000000,0.08759626
154.00000000,2410.00000000,0.08761236
154.00000000,2411.00000000,0.08762865
154.00000000,2412.00000000,0.08764510
154.00000000,2413.00000000,0.08766163
154.00000000,2414.00000000,0.08767834
154.00000000,2415.00000000,0.08766635
154.00000000,2416.00000000,0.08765444
154.00000000,2417.00000000,0.08764268
154.00000000,2418.00000000,0.08763104
154.00000000,2419.00000000,0.08761945
154.00000000,2420.00000000,0.08760802
154.00000000,2421.00000000,0.08759669
154.00000000,2422.00000000,0.08758542
154.00000000,2423.00000000,0.08757429
154.00000000,2424.00000000,0.08756321
154.00000000,2425.00000000,0.08755226
154.00000000,2426.00000000,0.08754143
154.00000000,2427.00000000,0.08753061
154.00000000,2428.00000000,0.08751993
154.00000000,2429.00000000,0.08750935
154.00000000,2430.00000000,0.08749754
154.00000000,2431.00000000,0.08748587
154.00000000,2432.00000000,0.08747427
154.00000000,2433.00000000,0.08746270
154.00000000,2434.00000000,0.08745124
154.00000000,2435.00000000,0.08743982
154.00000000,2436.00000000,0.08742850
154.00000000,2437.00000000,0.08741727
154.00000000,2438.00000000,0.08740604
154.00000000,2439.00000000,0.08739493
154.00000000,2440.00000000,0.08738389
154.00000000,2441.00000000,0.08737285
154.00000000,2442.00000000,0.08736193
154.00000000,2443.00000000,0.08735106
154.00000000,2444.00000000,0.08734020
154.00000000,2445.00000000,0.08732945
154.00000000,2446.00000000,0.08731869
154.00000000,2447.00000000,0.08730805
154.00000000,2448.00000000,0.08729746
154.00000000,2449.00000000,0.08728686
154.00000000,2450.00000000,0.08727636
154.00000000,2451.00000000,0.08726592
154.00000000,2452.00000000,0.08725546
154.00000000,2453.00000000,0.08724510
154.00000000,2454.00000000,0.08723478
154.00000000,2455.00000000,0.08722722
154.00000000,2456.00000000,0.08721975
154.00000000,2457.00000000,0.08721232
154.00000000,2458.00000000,0.08720488
154.00000000,2459.00000000,0.08719752
154.00000000,2460.00000000,0.08719015
154.00000000,2461.00000000,0.08718286
154.00000000,2462.00000000,0.08717561
154.00000000,2463.00000000,0.08716833
154.00000000,2464.00000000,0.08716115
154.00000000,2465.00000000,0.08715399
154.00000000,2466.00000000,0.08714680
154.00000000,2467.00000000,0.08713971
154.00000000,2468.00000000,0.08713264
154.00000000,2469.00000000,0.08712554
154.00000000,2470.00000000,0.08711853
154.00000000,2471.00000000,0.08711147
154.00000000,2472.00000000,0.08710451
154.00000000,2473.00000000,0.08709758
154.00000000,2474.00000000,0.08709061
154.00000000,2475.00000000,0.08708372
154.00000000,2476.00000000,0.08707685
154.00000000,2477.00000000,0.08706993
154.00000000,2478.00000000,0.08706311
154.00000000,2479.00000000,0.08705630
154.00000000,2480.00000000,0.08704945
154.00000000,2481.00000000,0.08704269
154.00000000,2482.00000000,0.08703595
154.00000000,2483.00000000,0.08702915
154.00000000,2484.00000000,0.08702244
154.00000000,2485.00000000,0.08701567
154.00000000,2486.00000000,0.08700900
154.00000000,2487.00000000,0.08700234
154.00000000,2488.00000000,0.08699562
154.00000000,2489.00000000,0.08698899
154.00000000,2490.00000000,0.08698237
154.00000000,2491.00000000,0.08697569
154.00000000,2492.00000000,0.08696910
154.00000000,2493.00000000,0.08696253
154.00000000,2494.00000000,0.08695589
154.00000000,2495.00000000,0.08694933
154.00000000,2496.00000000,0.08694272
154.00000000,2497.00000000,0.08693618
154.00000000,2498.00000000,0.08692967
154.00000000,2499.00000000,0.08692307
154.00000000,2500.00000000,0.08691658
155.00000000,1765.00000000,0.06024172
155.00000000,1766.00000000,0.06024166
155.00000000,1767.00000000,0.06024165
155.00000000,1768.00000000,0.06024179
155.00000000,1769.00000000,0.06024204
155.00000000,1770.00000000,0.06024236
155.00000000,1771.00000000,0.06024279
155.00000000,1772.00000000,0.06024332
155.00000000,1773.00000000,0.06024401
155.00000000,1774.00000000,0.06024475
155.00000000,1775.00000000,0.06024578
155.00000000,1776.00000000,0.06024660
155.00000000,1777.00000000,0.06024772
155.00000000,1778.00000000,0.06024899
155.00000000,1779.00000000,0.06025039
155.00000000,1780.00000000,0.06025182
155.00000000,1781.00000000,0.06025330
155.00000000,1782.00000000,0.06025502
155.00000000,1783.00000000,0.06025673
155.00000000,1784.00000000,0.06025858
155.00000000,1785.00000000,0.06026042
155.00000000,1786.00000000,0.06026249
155.00000000,1787.00000000,0.06026446
155.00000000,1788.00000000,0.06026664
155.00000000,1789.00000000,0.06026891
155.00000000,1790.00000000,0.06027109
155.00000000,1791.00000000,0.06027353
155.00000000,1792.00000000,0.06027601
155.00000000,1793.00000000,0.06027837
155.00000000,1794.00000000,0.06028096
155.00000000,1795.00000000,0.06028353
155.00000000,1796.00000000,0.06028605
155.00000000,1797.00000000,0.06028880
155.00000000,1798.00000000,0.06029161
155.00000000,1799.00000000,0.06029419
155.00000000,1800.00000000,0.06029698
155.00000000,1801.00000000,0.06029980
155.00000000,1802.00000000,0.06030264
155.00000000,1803.00000000,0.06030550
155.00000000,1804.00000000,0.06030848
155.00000000,1805.00000000,0.06031135
155.00000000,1806.00000000,0.06031440
155.00000000,1807.00000000,0.06031720
155.00000000,1808.00000000,0.06032014
155.00000000,1809.00000000,0.06032315
155.00000000,1810.00000000,0.06032632
155.00000000,1811.00000000,0.06032930
155.00000000,1812.00000000,0.06033239
155.00000000,1813.00000000,0.06033546
155.00000000,1814.00000000,0.06033854
155.00000000,1815.00000000,0.06034167
155.00000000,1816.00000000,0.06034487
155.00000000,1817.00000000,0.06034784
155.00000000,1818.00000000,0.06035101
155.00000000,1819.00000000,0.06035413
155.00000000,1820.00000000,0.06035723
155.00000000,1821.00000000,0.06036034
155.00000000,1822.00000000,0.06036349
155.00000000,1823.00000000,0.06036669
155.00000000,1824.00000000,0.06036980
155.00000000,1825.00000000,0.06037292
155.00000000,1826.00000000,0.06037596
155.00000000,1827.00000000,0.06037911
155.00000000,1828.00000000,0.06038220
155.00000000,1829.00000000,0.06038536
155.00000000,1830.00000000,0.06038845
155.00000000,1831.00000000,0.06039157
155.00000000,1832.00000000,0.06039457
155.00000000,1833.00000000,0.06039760
155.00000000,1834.00000000,0.06040070
155.00000000,1835.00000000,0.06040369
155.00000000,1836.00000000,0.06040666
155.00000000,1837.00000000,0.06040962
155.00000000,1838.00000000,0.06041264
155.00000000,1839.00000000,0.06041555
155.00000000,1840.00000000,0.06041846
155.00000000,1841.00000000,0.06042135
155.00000000,1842.00000000,0.06042429
155.00000000,1843.00000000,0.06042715
155.00000000,1844.00000000,0.06042996
155.00000000,1845.00000000,0.06043280
155.00000000,1846.00000000,0.06043558
155.00000000,1847.00000000,0.06043833
155.00000000,1848.00000000,0.06044103
155.00000000,1849.00000000,0.06044375
155.00000000,1850.00000000,0.06044643
155.00000000,1851.00000000,0.06044904
155.00000000,1852.00000000,0.06045161
155.00000000,1853.00000000,0.06045445
155.00000000,1854.00000000,0.06045737
155.00000000,1855.00000000,0.06046027
155.00000000,1856.00000000,0.06046315
155.00000000,1857.00000000,0.06046589
155.00000000,1858.00000000,0.06046851
155.00000000,1859.00000000,0.06047123
155.00000000,1860.00000000,0.06047371
155.00000000,1861.00000000,0.06047623
155.00000000,1862.00000000,0.06047862
155.00000000,1863.00000000,0.06048047
155.00000000,1864.00000000,0.06048175
155.00000000,1865.00000000,0.06048288
155.00000000,1866.00000000,0.06048364
155.00000000,1867.00000000,0.06048417
155.00000000,1868.00000000,0.06048453
155.00000000,1869.00000000,0.06048457
155.00000000,1870.00000000,0.06048445
155.00000000,1871.00000000,0.06048419
155.00000000,1872.00000000,0.06048407
155.00000000,1873.00000000,0.06048443
155.00000000,1874.00000000,0.06048524
155.00000000,1875.00000000,0.06048634
155.00000000,1876.00000000,0.06048763
155.00000000,1877.00000000,0.06048909
155.00000000,1878.00000000,0.06049062
155.00000000,1879.00000000,0.06049229
155.00000000,1880.00000000,0.06049398
155.00000000,1881.00000000,0.06049571
155.00000000,1882.00000000,0.06049743
155.00000000,1883.00000000,0.06049880
155.00000000,1884.00000000,0.06049981
155.00000000,1885.00000000,0.06050064
155.00000000,1886.00000000,0.06050130
155.00000000,1887.00000000,0.06050184
155.00000000,1888.00000000,0.06050225
155.00000000,1889.00000000,0.06050240
155.00000000,1890.00000000,0.06050233
155.00000000,1891.00000000,0.06050203
155.00000000,1892.00000000,0.06050138
155.00000000,1893.00000000,0.06050071
155.00000000,1894.00000000,0.06050002
155.00000000,1895.00000000,0.06049936
155.00000000,1896.00000000,0.06049877
155.00000000,1897.00000000,0.06049809
155.00000000,1898.00000000,0.06049738
155.00000000,1899.00000000,0.06049649
155.00000000,1900.00000000,0.06049534
155.00000000,1901.00000000,0.06049401
155.00000000,1902.00000000,0.06049279
155.00000000,1903.00000000,0.06049164
155.00000000,1904.00000000,0.06049060
155.00000000,1905.00000000,0.06048971
155.00000000,1906.00000000,0.06048903
155.00000000,1907.00000000,0.06048851
155.00000000,1908.00000000,0.06048790
155.00000000,1909.00000000,0.06048728
155.00000000,1910.00000000,0.06048668
155.00000000,1911.00000000,0.06048599
155.00000000,1912.00000000,0.06048483
155.00000000,1913.00000000,0.06048297
155.00000000,1914.00000000,0.06048040
155.00000000,1915.00000000,0.06047748
155.00000000,1916.00000000,0.06047457
155.00000000,1917.00000000,0.06047167
155.00000000,1918.00000000,0.06046868
155.00000000,1919.00000000,0.06046580
155.00000000,1920.00000000,0.06046339
155.00000000,1921.00000000,0.06046718
155.00000000,1922.00000000,0.06046615
155.00000000,1923.00000000,0.06046572
155.00000000,1924.00000000,0.06046548
155.00000000,1925.00000000,0.06046520
155.00000000,1926.00000000,0.06046675
155.00000000,1927.00000000,0.06046654
155.00000000,1928.00000000,0.06046645
155.00000000,1929.00000000,0.06046634
155.00000000,1930.00000000,0.06046647
155.00000000,1931.00000000,0.06046747
155.00000000,1932.00000000,0.06046950
155.00000000,1933.00000000,0.06047219
155.00000000,1934.00000000,0.06047532
155.00000000,1935.00000000,0.06047846
155.00000000,1936.00000000,0.06048315
155.00000000,1937.00000000,0.06048519
155.00000000,1938.00000000,0.06048626
155.00000000,1939.00000000,0.06048669
155.00000000,1940.00000000,0.06048660
155.00000000,1941.00000000,0.06048573
155.00000000,1942.00000000,0.06048408
155.00000000,1943.00000000,0.06048189
155.00000000,1944.00000000,0.06047936
155.00000000,1945.00000000,0.06047674
155.00000000,1946.00000000,0.06047683
155.00000000,1947.00000000,0.06047638
155.00000000,1948.00000000,0.06047659
155.00000000,1949.00000000,0.06047688
155.00000000,1950.00000000,0.06047708
155.00000000,1951.00000000,0.06047721
155.00000000,1952.00000000,0.06047979
155.00000000,1953.00000000,0.06048067
155.00000000,1954.00000000,0.06048157
155.00000000,1955.00000000,0.06048459
155.00000000,1956.00000000,0.06048579
155.00000000,1957.00000000,0.06049042
155.00000000,1958.00000000,0.06048921
155.00000000,1959.00000000,0.06048931
155.00000000,1960.00000000,0.06048802
155.00000000,1961.00000000,0.06048714
155.00000000,1962.00000000,0.06048379
155.00000000,1963.00000000,0.06047966
155.00000000,1964.00000000,0.06047475
155.00000000,1965.00000000,0.06046866
155.00000000,1966.00000000,0.06046334
155.00000000,1967.00000000,0.06045522
155.00000000,1968.00000000,0.06044580
155.00000000,1969.00000000,0.06043464
155.00000000,1970.00000000,0.06042343
155.00000000,1971.00000000,0.06040959
155.00000000,1972.00000000,0.06039248
155.00000000,1973.00000000,0.06037060
155.00000000,1974.00000000,0.06034642
155.00000000,1975.00000000,0.06032084
155.00000000,1976.00000000,0.06029483
155.00000000,1977.00000000,0.06027080
155.00000000,1978.00000000,0.06024658
155.00000000,1979.00000000,0.06022021
155.00000000,1980.00000000,0.06019515
155.00000000,1981.00000000,0.06016807
155.00000000,1982.00000000,0.06014437
155.00000000,1983.00000000,0.06012207
155.00000000,1984.00000000,0.06010303
155.00000000,1985.00000000,0.06009751
155.00000000,1986.00000000,0.06008048
155.00000000,1987.00000000,0.06006595
155.00000000,1988.00000000,0.06005332
155.00000000,1989.00000000,0.06003869
155.00000000,1990.00000000,0.06002540
155.00000000,1991.00000000,0.06001746
155.00000000,1992.00000000,0.06000252
155.00000000,1993.00000000,0.05998975
155.00000000,1994.00000000,0.05997791
155.00000000,1995.00000000,0.05996855
155.00000000,1996.00000000,0.05995744
155.00000000,1997.00000000,0.05994778
155.00000000,1998.00000000,0.05993570
155.00000000,1999.00000000,0.05992529
155.00000000,2000.00000000,0.05991871
155.00000000,2001.00000000,0.05990451
155.00000000,2002.00000000,0.05989548
155.00000000,2003.00000000,0.05988279
155.00000000,2004.00000000,0.05987290
155.00000000,2005.00000000,0.05986274
155.00000000,2006.00000000,0.05984211
155.00000000,2007.00000000,0.05982398
155.00000000,2008.00000000,0.05980122
155.00000000,2009.00000000,0.05979065
155.00000000,2010.00000000,0.05976306
155.00000000,2011.00000000,0.05973885
155.00000000,2012.00000000,0.05970521
155.00000000,2013.00000000,0.05966947
155.00000000,2014.00000000,0.05963893
155.00000000,2015.00000000,0.05961171
155.00000000,2016.00000000,0.05957510
155.00000000,2017.00000000,0.05953281
155.00000000,2018.00000000,0.05949773
155.00000000,2019.00000000,0.05946281
155.00000000,2020.00000000,0.05942443
155.00000000,2021.00000000,0.05937734
155.00000000,2022.00000000,0.05933847
155.00000000,2023.00000000,0.05929271
155.00000000,2024.00000000,0.05924976
155.00000000,2025.00000000,0.05920247
155.00000000,2026.00000000,0.05916186
155.00000000,2027.00000000,0.05913527
155.00000000,2028.00000000,0.05909729
155.00000000,2029.00000000,0.05902077
155.00000000,2030.00000000,0.05898714
155.00000000,2031.00000000,0.05893312
155.00000000,2032.00000000,0.05887855
155.00000000,2033.00000000,0.05882042
155.00000000,2034.00000000,0.05878387
155.00000000,2035.00000000,0.05876787
155.00000000,2036.00000000,0.05871674
155.00000000,2037.00000000,0.05867528
155.00000000,2038.00000000,0.05863816
155.00000000,2039.00000000,0.05857687
155.00000000,2040.00000000,0.05851291
155.00000000,2041.00000000,0.05845169
155.00000000,2042.00000000,0.05840732
155.00000000,2043.00000000,0.05839377
155.00000000,2044.00000000,0.05832226
155.00000000,2045.00000000,0.05830091
155.00000000,2046.00000000,0.05825535
155.00000000,2047.00000000,0.05818388
155.00000000,2048.00000000,0.05810078
155.00000000,2049.00000000,0.05804671
155.00000000,2050.00000000,0.05800929
155.00000000,2051.00000000,0.05795338
155.00000000,2052.00000000,0.05791074
155.00000000,2053.00000000,0.05787437
155.00000000,2054.00000000,0.05786700
155.00000000,2055.00000000,0.05783279
155.00000000,2056.00000000,0.05778228
155.00000000,2057.00000000,0.05772437
155.00000000,2058.00000000,0.05773020
155.00000000,2059.00000000,0.05765912
155.00000000,2060.00000000,0.05764301
155.00000000,2061.00000000,0.05763502
155.00000000,2062.00000000,0.05768363
155.00000000,2063.00000000,0.05754119
155.00000000,2064.00000000,0.05751803
155.00000000,2065.00000000,0.05749366
155.00000000,2066.00000000,0.05744077
155.00000000,2067.00000000,0.05743304
155.00000000,2068.00000000,0.05746170
155.00000000,2069.00000000,0.05722338
155.00000000,2070.00000000,0.05712412
155.00000000,2071.00000000,0.05715334
155.00000000,2072.00000000,0.05716825
155.00000000,2073.00000000,0.05706079
155.00000000,2074.00000000,0.05676753
155.00000000,2075.00000000,0.05690879
155.00000000,2076.00000000,0.05662166
155.00000000,2077.00000000,0.05662487
155.00000000,2078.00000000,0.05676930
155.00000000,2079.00000000,0.05669348
155.00000000,2080.00000000,0.05665128
155.00000000,2081.00000000,0.05660399
155.00000000,2082.00000000,0.05667713
155.00000000,2083.00000000,0.05662493
155.00000000,2084.00000000,0.05670280
155.00000000,2085.00000000,0.05649567
155.00000000,2086.00000000,0.05625550
155.00000000,2087.00000000,0.05605058
155.00000000,2088.00000000,0.05607850
155.00000000,2089.00000000,0.05616462
155.00000000,2090.00000000,0.05620942
155.00000000,2091.00000000,0.05633704
155.00000000,2092.00000000,0.05642663
155.00000000,2093.00000000,0.05627713
155.00000000,2094.00000000,0.05632291
155.00000000,2095.00000000,0.05646462
155.00000000,2096.00000000,0.05648978
155.00000000,2097.00000000,0.05647260
155.00000000,2098.00000000,0.05652480
155.00000000,2099.00000000,0.05648540
155.00000000,2100.00000000,0.05609558
155.00000000,2101.00000000,0.05620195
155.00000000,2102.00000000,0.05643533
155.00000000,2103.00000000,0.05654521
155.00000000,2104.00000000,0.05645011
155.00000000,2105.00000000,0.05678452
155.00000000,2106.00000000,0.05700222
155.00000000,2107.00000000,0.05704284
155.00000000,2108.00000000,0.05711354
155.00000000,2109.00000000,0.05715235
155.00000000,2110.00000000,0.05744439
155.00000000,2111.00000000,0.05766848
155.00000000,2112.00000000,0.05782451
155.00000000,2113.00000000,0.05793033
155.00000000,2114.00000000,0.05815496
155.00000000,2115.00000000,0.05835366
155.00000000,2116.00000000,0.05839508
155.00000000,2117.00000000,0.05858289
155.00000000,2118.00000000,0.05884074
155.00000000,2119.00000000,0.05911985
155.00000000,2120.00000000,0.05936342
155.00000000,2121.00000000,0.05964595
155.00000000,2122.00000000,0.05984261
155.00000000,2123.00000000,0.06015577
155.00000000,2124.00000000,0.06052708
155.00000000,2125.00000000,0.06100328
155.00000000,2126.00000000,0.06128495
155.00000000,2127.00000000,0.06158891
155.00000000,2128.00000000,0.06200395
155.00000000,2129.00000000,0.06205337
155.00000000,2130.00000000,0.06204271
155.00000000,2131.00000000,0.06251286
155.00000000,2132.00000000,0.06278724
155.00000000,2133.00000000,0.06294966
155.00000000,2134.00000000,0.06344521
155.00000000,2135.00000000,0.06339799
155.00000000,2136.00000000,0.06317592
155.00000000,2137.00000000,0.06315328
155.00000000,2138.00000000,0.06317064
155.00000000,2139.00000000,0.06350681
155.00000000,2140.00000000,0.06380237
155.00000000,2141.00000000,0.06411851
155.00000000,2142.00000000,0.06439871
155.00000000,2143.00000000,0.06478944
155.00000000,2144.00000000,0.06504257
155.00000000,2145.00000000,0.06518372
155.00000000,2146.00000000,0.06538349
155.00000000,2147.00000000,0.06524917
155.00000000,2148.00000000,0.06531357
155.00000000,2149.00000000,0.06555925
155.00000000,2150.00000000,0.06582538
155.00000000,2151.00000000,0.06610585
155.00000000,2152.00000000,0.06634220
155.00000000,2153.00000000,0.06635678
155.00000000,2154.00000000,0.06639482
155.00000000,2155.00000000,0.06673519
155.00000000,2156.00000000,0.06707233
155.00000000,2157.00000000,0.06724107
155.00000000,2158.00000000,0.06787212
155.00000000,2159.00000000,0.06858717
155.00000000,2160.00000000,0.06916743
155.00000000,2161.00000000,0.06957732
155.00000000,2162.00000000,0.06999215
155.00000000,2163.00000000,0.07041192
155.00000000,2164.00000000,0.07083613
155.00000000,2165.00000000,0.07126477
155.00000000,2166.00000000,0.07181124
155.00000000,2167.00000000,0.07236228
155.00000000,2168.00000000,0.07291789
155.00000000,2169.00000000,0.07347795
155.00000000,2170.00000000,0.07404240
155.00000000,2171.00000000,0.07461121
155.00000000,2172.00000000,0.07518428
155.00000000,2173.00000000,0.07576153
155.00000000,2174.00000000,0.07634295
155.00000000,2175.00000000,0.07692844
155.00000000,2176.00000000,0.07746731
155.00000000,2177.00000000,0.07801006
155.00000000,2178.00000000,0.07855662
155.00000000,2179.00000000,0.07910704
155.00000000,2180.00000000,0.07966128
155.00000000,2181.00000000,0.08021929
155.00000000,2182.00000000,0.08078115
155.00000000,2183.00000000,0.08134682
155.00000000,2184.00000000,0.08191632
155.00000000,2185.00000000,0.08248972
155.00000000,2186.00000000,0.08317358
155.00000000,2187.00000000,0.08386160
155.00000000,2188.00000000,0.08455381
155.00000000,2189.00000000,0.08525015
155.00000000,2190.00000000,0.08595055
155.00000000,2191.00000000,0.08665505
155.00000000,2192.00000000,0.08736356
155.00000000,2193.00000000,0.08807611
155.00000000,2194.00000000,0.08879267
155.00000000,2195.00000000,0.08951318
155.00000000,2196.00000000,0.09031640
155.00000000,2197.00000000,0.09112382
155.00000000,2198.00000000,0.09193535
155.00000000,2199.00000000,0.09275100
155.00000000,2200.00000000,0.09357070
155.00000000,2201.00000000,0.09439436
155.00000000,2202.00000000,0.09522199
155.00000000,2203.00000000,0.09605348
155.00000000,2204.00000000,0.09688885
155.00000000,2205.00000000,0.09772801
155.00000000,2206.00000000,0.09856637
155.00000000,2207.00000000,0.09940843
155.00000000,2208.00000000,0.10025409
155.00000000,2209.00000000,0.10110329
155.00000000,2210.00000000,0.10195601
155.00000000,2211.00000000,0.10281218
155.00000000,2212.00000000,0.10367169
155.00000000,2213.00000000,0.10453453
155.00000000,2214.00000000,0.10540058
155.00000000,2215.00000000,0.10626972
155.00000000,2216.00000000,0.10696470
155.00000000,2217.00000000,0.10766198
155.00000000,2218.00000000,0.10836161
155.00000000,2219.00000000,0.10906351
155.00000000,2220.00000000,0.10976763
155.00000000,2221.00000000,0.11047401
155.00000000,2222.00000000,0.11118258
155.00000000,2223.00000000,0.11189328
155.00000000,2224.00000000,0.11260612
155.00000000,2225.00000000,0.11332098
155.00000000,2226.00000000,0.11387551
155.00000000,2227.00000000,0.11443142
155.00000000,2228.00000000,0.11498864
155.00000000,2229.00000000,0.11554724
155.00000000,2230.00000000,0.11610717
155.00000000,2231.00000000,0.11666841
155.00000000,2232.00000000,0.11723100
155.00000000,2233.00000000,0.11779493
155.00000000,2234.00000000,0.11836011
155.00000000,2235.00000000,0.11892658
155.00000000,2236.00000000,0.11940228
155.00000000,2237.00000000,0.11987885
155.00000000,2238.00000000,0.12035635
155.00000000,2239.00000000,0.12083471
155.00000000,2240.00000000,0.12131403
155.00000000,2241.00000000,0.12179426
155.00000000,2242.00000000,0.12227537
155.00000000,2243.00000000,0.12275742
155.00000000,2244.00000000,0.12324038
155.00000000,2245.00000000,0.12372420
155.00000000,2246.00000000,0.12411254
155.00000000,2247.00000000,0.12450138
155.00000000,2248.00000000,0.12489070
155.00000000,2249.00000000,0.12528044
155.00000000,2250.00000000,0.12566975
155.00000000,2251.00000000,0.12605699
155.00000000,2252.00000000,0.12644074
155.00000000,2253.00000000,0.12682006
155.00000000,2254.00000000,0.12719468
155.00000000,2255.00000000,0.12756439
155.00000000,2256.00000000,0.12785396
155.00000000,2257.00000000,0.12813836
155.00000000,2258.00000000,0.12841758
155.00000000,2259.00000000,0.12869163
155.00000000,2260.00000000,0.12896071
155.00000000,2261.00000000,0.12922490
155.00000000,2262.00000000,0.12948436
155.00000000,2263.00000000,0.12973936
155.00000000,2264.00000000,0.12998995
155.00000000,2265.00000000,0.13023632
155.00000000,2266.00000000,0.13047854
155.00000000,2267.00000000,0.13071663
155.00000000,2268.00000000,0.13095078
155.00000000,2269.00000000,0.13118101
155.00000000,2270.00000000,0.13140734
155.00000000,2271.00000000,0.13162995
155.00000000,2272.00000000,0.13184884
155.00000000,2273.00000000,0.13206404
155.00000000,2274.00000000,0.13227570
155.00000000,2275.00000000,0.13248383
155.00000000,2276.00000000,0.13268846
155.00000000,2277.00000000,0.13288970
155.00000000,2278.00000000,0.13308754
155.00000000,2279.00000000,0.13328210
155.00000000,2280.00000000,0.13347341
155.00000000,2281.00000000,0.13366143
155.00000000,2282.00000000,0.13384634
155.00000000,2283.00000000,0.13402812
155.00000000,2284.00000000,0.13420672
155.00000000,2285.00000000,0.13438235
155.00000000,2286.00000000,0.13455496
155.00000000,2287.00000000,0.13472447
155.00000000,2288.00000000,0.13489111
155.00000000,2289.00000000,0.13505475
155.00000000,2290.00000000,0.13521555
155.00000000,2291.00000000,0.13537350
155.00000000,2292.00000000,0.13552850
155.00000000,2293.00000000,0.13568077
155.00000000,2294.00000000,0.13583023
155.00000000,2295.00000000,0.13597681
155.00000000,2296.00000000,0.13612071
155.00000000,2297.00000000,0.13626183
155.00000000,2298.00000000,0.13640017
155.00000000,2299.00000000,0.13653582
155.00000000,2300.00000000,0.13666871
155.00000000,2301.00000000,0.13679893
155.00000000,2302.00000000,0.13692641
155.00000000,2303.00000000,0.13705108
155.00000000,2304.00000000,0.13717301
155.00000000,2305.00000000,0.13729209
155.00000000,2306.00000000,0.13687761
155.00000000,2307.00000000,0.13645963
155.00000000,2308.00000000,0.13603821
155.00000000,2309.00000000,0.13561336
155.00000000,2310.00000000,0.13518525
155.00000000,2311.00000000,0.13475393
155.00000000,2312.00000000,0.13431941
155.00000000,2313.00000000,0.13388185
155.00000000,2314.00000000,0.13344126
155.00000000,2315.00000000,0.13299778
155.00000000,2316.00000000,0.13255142
155.00000000,2317.00000000,0.13210222
155.00000000,2318.00000000,0.13165034
155.00000000,2319.00000000,0.13119579
155.00000000,2320.00000000,0.13073855
155.00000000,2321.00000000,0.13027883
155.00000000,2322.00000000,0.12981662
155.00000000,2323.00000000,0.12935192
155.00000000,2324.00000000,0.12888487
155.00000000,2325.00000000,0.12841545
155.00000000,2326.00000000,0.12794382
155.00000000,2327.00000000,0.12746996
155.00000000,2328.00000000,0.12699386
155.00000000,2329.00000000,0.12651571
155.00000000,2330.00000000,0.12603548
155.00000000,2331.00000000,0.12555318
155.00000000,2332.00000000,0.12506895
155.00000000,2333.00000000,0.12458278
155.00000000,2334.00000000,0.12409465
155.00000000,2335.00000000,0.12360475
155.00000000,2336.00000000,0.12311304
155.00000000,2337.00000000,0.12261952
155.00000000,2338.00000000,0.12212433
155.00000000,2339.00000000,0.12162741
155.00000000,2340.00000000,0.12112889
155.00000000,2341.00000000,0.12062877
155.00000000,2342.00000000,0.12012703
155.00000000,2343.00000000,0.11962381
155.00000000,2344.00000000,0.11911910
155.00000000,2345.00000000,0.11861289
155.00000000,2346.00000000,0.11810529
155.00000000,2347.00000000,0.11759631
155.00000000,2348.00000000,0.11708593
155.00000000,2349.00000000,0.11657427
155.00000000,2350.00000000,0.11606127
155.00000000,2351.00000000,0.11554706
155.00000000,2352.00000000,0.11503163
155.00000000,2353.00000000,0.11451496
155.00000000,2354.00000000,0.11399717
155.00000000,2355.00000000,0.11347825
155.00000000,2356.00000000,0.11295819
155.00000000,2357.00000000,0.11243709
155.00000000,2358.00000000,0.11191495
155.00000000,2359.00000000,0.11139175
155.00000000,2360.00000000,0.11086760
155.00000000,2361.00000000,0.11034250
155.00000000,2362.00000000,0.10981639
155.00000000,2363.00000000,0.10928942
155.00000000,2364.00000000,0.10876152
155.00000000,2365.00000000,0.10823279
155.00000000,2366.00000000,0.10770324
155.00000000,2367.00000000,0.10717281
155.00000000,2368.00000000,0.10664163
155.00000000,2369.00000000,0.10610969
155.00000000,2370.00000000,0.10557695
155.00000000,2371.00000000,0.10504355
155.00000000,2372.00000000,0.10450943
155.00000000,2373.00000000,0.10397459
155.00000000,2374.00000000,0.10343914
155.00000000,2375.00000000,0.10290301
155.00000000,2376.00000000,0.10236629
155.00000000,2377.00000000,0.10182900
155.00000000,2378.00000000,0.10129108
155.00000000,2379.00000000,0.10075264
155.00000000,2380.00000000,0.10021369
155.00000000,2381.00000000,0.09967416
155.00000000,2382.00000000,0.09913419
155.00000000,2383.00000000,0.09859374
155.00000000,2384.00000000,0.09805280
155.00000000,2385.00000000,0.09751145
155.00000000,2386.00000000,0.09696965
155.00000000,2387.00000000,0.09642748
155.00000000,2388.00000000,0.09588495
155.00000000,2389.00000000,0.09534199
155.00000000,2390.00000000,0.09479875
155.00000000,2391.00000000,0.09425517
155.00000000,2392.00000000,0.09371124
155.00000000,2393.00000000,0.09316707
155.00000000,2394.00000000,0.09262261
155.00000000,2395.00000000,0.09207786
155.00000000,2396.00000000,0.09153292
155.00000000,2397.00000000,0.09098775
155.00000000,2398.00000000,0.09044234
155.00000000,2399.00000000,0.08989680
155.00000000,2400.00000000,0.08935104
155.00000000,2401.00000000,0.08880520
155.00000000,2402.00000000,0.08825927
155.00000000,2403.00000000,0.08771327
155.00000000,2404.00000000,0.08728238
155.00000000,2405.00000000,0.08719037
155.00000000,2406.00000000,0.08719107
155.00000000,2407.00000000,0.08719197
155.00000000,2408.00000000,0.08719304
155.00000000,2409.00000000,0.08719421
155.00000000,2410.00000000,0.08719559
155.00000000,2411.00000000,0.08721159
155.00000000,2412.00000000,0.08722778
155.00000000,2413.00000000,0.08724411
155.00000000,2414.00000000,0.08726053
155.00000000,2415.00000000,0.08727713
155.00000000,2416.00000000,0.08726517
155.00000000,2417.00000000,0.08725327
155.00000000,2418.00000000,0.08724153
155.00000000,2419.00000000,0.08722991
155.00000000,2420.00000000,0.08721834
155.00000000,2421.00000000,0.08720694
155.00000000,2422.00000000,0.08719563
155.00000000,2423.00000000,0.08718436
155.00000000,2424.00000000,0.08717325
155.00000000,2425.00000000,0.08716217
155.00000000,2426.00000000,0.08715126
155.00000000,2427.00000000,0.08714042
155.00000000,2428.00000000,0.08712961
155.00000000,2429.00000000,0.08711896
155.00000000,2430.00000000,0.08710838
155.00000000,2431.00000000,0.08709659
155.00000000,2432.00000000,0.08708493
155.00000000,2433.00000000,0.08707335
155.00000000,2434.00000000,0.08706178
155.00000000,2435.00000000,0.08705036
155.00000000,2436.00000000,0.08703893
155.00000000,2437.00000000,0.08702764
155.00000000,2438.00000000,0.08701642
155.00000000,2439.00000000,0.08700520
155.00000000,2440.00000000,0.08699410
155.00000000,2441.00000000,0.08698307
155.00000000,2442.00000000,0.08697203
155.00000000,2443.00000000,0.08696113
155.00000000,2444.00000000,0.08695027
155.00000000,2445.00000000,0.08693942
155.00000000,2446.00000000,0.08692868
155.00000000,2447.00000000,0.08691793
155.00000000,2448.00000000,0.08690730
155.00000000,2449.00000000,0.08689671
155.00000000,2450.00000000,0.08688612
155.00000000,2451.00000000,0.08687563
155.00000000,2452.00000000,0.08686519
155.00000000,2453.00000000,0.08685473
155.00000000,2454.00000000,0.08684437
155.00000000,2455.00000000,0.08683406
155.00000000,2456.00000000,0.08682649
155.00000000,2457.00000000,0.08681901
155.00000000,2458.00000000,0.08681157
155.00000000,2459.00000000,0.08680411
155.00000000,2460.00000000,0.08679674
155.00000000,2461.00000000,0.08678935
155.00000000,2462.00000000,0.08678205
155.00000000,2463.00000000,0.08677479
155.00000000,2464.00000000,0.08676749
155.00000000,2465.00000000,0.08676030
155.00000000,2466.00000000,0.08675314
155.00000000,2467.00000000,0.08674592
155.00000000,2468.00000000,0.08673882
155.00000000,2469.00000000,0.08673175
155.00000000,2470.00000000,0.08672463
155.00000000,2471.00000000,0.08671760
155.00000000,2472.00000000,0.08671053
155.00000000,2473.00000000,0.08670356
155.00000000,2474.00000000,0.08669661
155.00000000,2475.00000000,0.08668961
155.00000000,2476.00000000,0.08668271
155.00000000,2477.00000000,0.08667583
155.00000000,2478.00000000,0.08666890
155.00000000,2479.00000000,0.08666206
155.00000000,2480.00000000,0.08665524
155.00000000,2481.00000000,0.08664838
155.00000000,2482.00000000,0.08664159
155.00000000,2483.00000000,0.08663484
155.00000000,2484.00000000,0.08662802
155.00000000,2485.00000000,0.08662129
155.00000000,2486.00000000,0.08661451
155.00000000,2487.00000000,0.08660782
155.00000000,2488.00000000,0.08660115
155.00000000,2489.00000000,0.08659441
155.00000000,2490.00000000,0.08658776
155.00000000,2491.00000000,0.08658113
155.00000000,2492.00000000,0.08657443
155.00000000,2493.00000000,0.08656782
155.00000000,2494.00000000,0.08656123
155.00000000,2495.00000000,0.08655457
155.00000000,2496.00000000,0.08654800
155.00000000,2497.00000000,0.08654136
155.00000000,2498.00000000,0.08653482
155.00000000,2499.00000000,0.08652828
155.00000000,2500.00000000,0.08652168
156.00000000,1765.00000000,0.05989533
156.00000000,1766.00000000,0.05989537
156.00000000,1767.00000000,0.05989536
156.00000000,1768.00000000,0.05989542
156.00000000,1769.00000000,0.05989565
156.00000000,1770.00000000,0.05989600
156.00000000,1771.00000000,0.05989644
156.00000000,1772.00000000,0.05989697
156.00000000,1773.00000000,0.05989762
156.00000000,1774.00000000,0.05989842
156.00000000,1775.00000000,0.05989927
156.00000000,1776.00000000,0.05990042
156.00000000,1777.00000000,0.05990134
156.00000000,1778.00000000,0.05990257
156.00000000,1779.00000000,0.05990394
156.00000000,1780.00000000,0.05990544
156.00000000,1781.00000000,0.05990696
156.00000000,1782.00000000,0.05990852
156.00000000,1783.00000000,0.05991032
156.00000000,1784.00000000,0.05991212
156.00000000,1785.00000000,0.05991403
156.00000000,1786.00000000,0.05991595
156.00000000,1787.00000000,0.05991808
156.00000000,1788.00000000,0.05992011
156.00000000,1789.00000000,0.05992235
156.00000000,1790.00000000,0.05992468
156.00000000,1791.00000000,0.05992691
156.00000000,1792.00000000,0.05992940
156.00000000,1793.00000000,0.05993192
156.00000000,1794.00000000,0.05993431
156.00000000,1795.00000000,0.05993694
156.00000000,1796.00000000,0.05993954
156.00000000,1797.00000000,0.05994210
156.00000000,1798.00000000,0.05994487
156.00000000,1799.00000000,0.05994770
156.00000000,1800.00000000,0.05995031
156.00000000,1801.00000000,0.05995311
156.00000000,1802.00000000,0.05995594
156.00000000,1803.00000000,0.05995880
156.00000000,1804.00000000,0.05996166
156.00000000,1805.00000000,0.05996465
156.00000000,1806.00000000,0.05996753
156.00000000,1807.00000000,0.05997058
156.00000000,1808.00000000,0.05997339
156.00000000,1809.00000000,0.05997633
156.00000000,1810.00000000,0.05997935
156.00000000,1811.00000000,0.05998253
156.00000000,1812.00000000,0.05998550
156.00000000,1813.00000000,0.05998858
156.00000000,1814.00000000,0.05999166
156.00000000,1815.00000000,0.05999472
156.00000000,1816.00000000,0.05999785
156.00000000,1817.00000000,0.06000103
156.00000000,1818.00000000,0.06000398
156.00000000,1819.00000000,0.06000714
156.00000000,1820.00000000,0.06001025
156.00000000,1821.00000000,0.06001333
156.00000000,1822.00000000,0.06001643
156.00000000,1823.00000000,0.06001956
156.00000000,1824.00000000,0.06002274
156.00000000,1825.00000000,0.06002583
156.00000000,1826.00000000,0.06002892
156.00000000,1827.00000000,0.06003194
156.00000000,1828.00000000,0.06003507
156.00000000,1829.00000000,0.06003814
156.00000000,1830.00000000,0.06004127
156.00000000,1831.00000000,0.06004432
156.00000000,1832.00000000,0.06004740
156.00000000,1833.00000000,0.06005037
156.00000000,1834.00000000,0.06005337
156.00000000,1835.00000000,0.06005644
156.00000000,1836.00000000,0.06005941
156.00000000,1837.00000000,0.06006233
156.00000000,1838.00000000,0.06006526
156.00000000,1839.00000000,0.06006824
156.00000000,1840.00000000,0.06007111
156.00000000,1841.00000000,0.06007398
156.00000000,1842.00000000,0.06007684
156.00000000,1843.00000000,0.06007973
156.00000000,1844.00000000,0.06008256
156.00000000,1845.00000000,0.06008533
156.00000000,1846.00000000,0.06008812
156.00000000,1847.00000000,0.06009086
156.00000000,1848.00000000,0.06009356
156.00000000,1849.00000000,0.06009622
156.00000000,1850.00000000,0.06009889
156.00000000,1851.00000000,0.06010150
156.00000000,1852.00000000,0.06010405
156.00000000,1853.00000000,0.06010687
156.00000000,1854.00000000,0.06010981
156.00000000,1855.00000000,0.06011268
156.00000000,1856.00000000,0.06011546
156.00000000,1857.00000000,0.06011825
156.00000000,1858.00000000,0.06012090
156.00000000,1859.00000000,0.06012345
156.00000000,1860.00000000,0.06012611
156.00000000,1861.00000000,0.06012850
156.00000000,1862.00000000,0.06013085
156.00000000,1863.00000000,0.06013271
156.00000000,1864.00000000,0.06013412
156.00000000,1865.00000000,0.06013506
156.00000000,1866.00000000,0.06013590
156.00000000,1867.00000000,0.06013641
156.00000000,1868.00000000,0.06013671
156.00000000,1869.00000000,0.06013685
156.00000000,1870.00000000,0.06013668
156.00000000,1871.00000000,0.06013641
156.00000000,1872.00000000,0.06013626
156.00000000,1873.00000000,0.06013669
156.00000000,1874.00000000,0.06013744
156.00000000,1875.00000000,0.06013851
156.00000000,1876.00000000,0.06013981
156.00000000,1877.00000000,0.06014124
156.00000000,1878.00000000,0.06014281
156.00000000,1879.00000000,0.06014444
156.00000000,1880.00000000,0.06014613
156.00000000,1881.00000000,0.06014781
156.00000000,1882.00000000,0.06014954
156.00000000,1883.00000000,0.06015087
156.00000000,1884.00000000,0.06015191
156.00000000,1885.00000000,0.06015269
156.00000000,1886.00000000,0.06015336
156.00000000,1887.00000000,0.06015389
156.00000000,1888.00000000,0.06015427
156.00000000,1889.00000000,0.06015445
156.00000000,1890.00000000,0.06015433
156.00000000,1891.00000000,0.06015399
156.00000000,1892.00000000,0.06015342
156.00000000,1893.00000000,0.06015267
156.00000000,1894.00000000,0.06015197
156.00000000,1895.00000000,0.06015135
156.00000000,1896.00000000,0.06015070
156.00000000,1897.00000000,0.06015006
156.00000000,1898.00000000,0.06014928
156.00000000,1899.00000000,0.06014841
156.00000000,1900.00000000,0.06014726
156.00000000,1901.00000000,0.06014590
156.00000000,1902.00000000,0.06014467
156.00000000,1903.00000000,0.06014349
156.00000000,1904.00000000,0.06014244
156.00000000,1905.00000000,0.06014154
156.00000000,1906.00000000,0.06014083
156.00000000,1907.00000000,0.06014025
156.00000000,1908.00000000,0.06013965
156.00000000,1909.00000000,0.06013898
156.00000000,1910.00000000,0.06013837
156.00000000,1911.00000000,0.06013763
156.00000000,1912.00000000,0.06013643
156.00000000,1913.00000000,0.06013454
156.00000000,1914.00000000,0.06013192
156.00000000,1915.00000000,0.06012898
156.00000000,1916.00000000,0.06012601
156.00000000,1917.00000000,0.06012307
156.00000000,1918.00000000,0.06012003
156.00000000,1919.00000000,0.06011706
156.00000000,1920.00000000,0.06011459
156.00000000,1921.00000000,0.06011270
156.00000000,1922.00000000,0.06011716
156.00000000,1923.00000000,0.06011663
156.00000000,1924.00000000,0.06011629
156.00000000,1925.00000000,0.06011592
156.00000000,1926.00000000,0.06011554
156.00000000,1927.00000000,0.06011707
156.00000000,1928.00000000,0.06011690
156.00000000,1929.00000000,0.06011673
156.00000000,1930.00000000,0.06011676
156.00000000,1931.00000000,0.06011768
156.00000000,1932.00000000,0.06011965
156.00000000,1933.00000000,0.06012224
156.00000000,1934.00000000,0.06012530
156.00000000,1935.00000000,0.06012832
156.00000000,1936.00000000,0.06013100
156.00000000,1937.00000000,0.06013489
156.00000000,1938.00000000,0.06013588
156.00000000,1939.00000000,0.06013622
156.00000000,1940.00000000,0.06013607
156.00000000,1941.00000000,0.06013517
156.00000000,1942.00000000,0.06013342
156.00000000,1943.00000000,0.06013122
156.00000000,1944.00000000,0.06012860
156.00000000,1945.00000000,0.06012601
156.00000000,1946.00000000,0.06012412
156.00000000,1947.00000000,0.06012550
156.00000000,1948.00000000,0.06012566
156.00000000,1949.00000000,0.06012587
156.00000000,1950.00000000,0.06012605
156.00000000,1951.00000000,0.06012611
156.00000000,1952.00000000,0.06012676
156.00000000,1953.00000000,0.06012946
156.00000000,1954.00000000,0.06013028
156.00000000,1955.00000000,0.06013136
156.00000000,1956.00000000,0.06013434
156.00000000,1957.00000000,0.06013528
156.00000000,1958.00000000,0.06013948
156.00000000,1959.00000000,0.06013779
156.00000000,1960.00000000,0.06013638
156.00000000,1961.00000000,0.06013367
156.00000000,1962.00000000,0.06013206
156.00000000,1963.00000000,0.06012798
156.00000000,1964.00000000,0.06012298
156.00000000,1965.00000000,0.06011698
156.00000000,1966.00000000,0.06010977
156.00000000,1967.00000000,0.06010341
156.00000000,1968.00000000,0.06009406
156.00000000,1969.00000000,0.06008294
156.00000000,1970.00000000,0.06006988
156.00000000,1971.00000000,0.06005606
156.00000000,1972.00000000,0.06003897
156.00000000,1973.00000000,0.06001908
156.00000000,1974.00000000,0.05999496
156.00000000,1975.00000000,0.05996948
156.00000000,1976.00000000,0.05994361
156.00000000,1977.00000000,0.05991780
156.00000000,1978.00000000,0.05989368
156.00000000,1979.00000000,0.05986927
156.00000000,1980.00000000,0.05984244
156.00000000,1981.00000000,0.05981730
156.00000000,1982.00000000,0.05979187
156.00000000,1983.00000000,0.05977152
156.00000000,1984.00000000,0.05975246
156.00000000,1985.00000000,0.05973591
156.00000000,1986.00000000,0.05973179
156.00000000,1987.00000000,0.05971546
156.00000000,1988.00000000,0.05970105
156.00000000,1989.00000000,0.05968820
156.00000000,1990.00000000,0.05967316
156.00000000,1991.00000000,0.05965965
156.00000000,1992.00000000,0.05965207
156.00000000,1993.00000000,0.05963756
156.00000000,1994.00000000,0.05962567
156.00000000,1995.00000000,0.05961446
156.00000000,1996.00000000,0.05960518
156.00000000,1997.00000000,0.05959367
156.00000000,1998.00000000,0.05958341
156.00000000,1999.00000000,0.05957119
156.00000000,2000.00000000,0.05956088
156.00000000,2001.00000000,0.05955405
156.00000000,2002.00000000,0.05953946
156.00000000,2003.00000000,0.05953043
156.00000000,2004.00000000,0.05951684
156.00000000,2005.00000000,0.05950482
156.00000000,2006.00000000,0.05949158
156.00000000,2007.00000000,0.05946790
156.00000000,2008.00000000,0.05944703
156.00000000,2009.00000000,0.05942184
156.00000000,2010.00000000,0.05940899
156.00000000,2011.00000000,0.05937941
156.00000000,2012.00000000,0.05935324
156.00000000,2013.00000000,0.05931763
156.00000000,2014.00000000,0.05927992
156.00000000,2015.00000000,0.05924739
156.00000000,2016.00000000,0.05921822
156.00000000,2017.00000000,0.05917979
156.00000000,2018.00000000,0.05913580
156.00000000,2019.00000000,0.05909909
156.00000000,2020.00000000,0.05906263
156.00000000,2021.00000000,0.05902285
156.00000000,2022.00000000,0.05897458
156.00000000,2023.00000000,0.05893468
156.00000000,2024.00000000,0.05888809
156.00000000,2025.00000000,0.05884441
156.00000000,2026.00000000,0.05879654
156.00000000,2027.00000000,0.05875537
156.00000000,2028.00000000,0.05872820
156.00000000,2029.00000000,0.05868975
156.00000000,2030.00000000,0.05861309
156.00000000,2031.00000000,0.05857902
156.00000000,2032.00000000,0.05852460
156.00000000,2033.00000000,0.05846942
156.00000000,2034.00000000,0.05841061
156.00000000,2035.00000000,0.05837315
156.00000000,2036.00000000,0.05835607
156.00000000,2037.00000000,0.05830411
156.00000000,2038.00000000,0.05826177
156.00000000,2039.00000000,0.05822379
156.00000000,2040.00000000,0.05816183
156.00000000,2041.00000000,0.05809723
156.00000000,2042.00000000,0.05803523
156.00000000,2043.00000000,0.05798983
156.00000000,2044.00000000,0.05797494
156.00000000,2045.00000000,0.05790247
156.00000000,2046.00000000,0.05787980
156.00000000,2047.00000000,0.05783312
156.00000000,2048.00000000,0.05776078
156.00000000,2049.00000000,0.05767693
156.00000000,2050.00000000,0.05762196
156.00000000,2051.00000000,0.05758356
156.00000000,2052.00000000,0.05752689
156.00000000,2053.00000000,0.05748346
156.00000000,2054.00000000,0.05744631
156.00000000,2055.00000000,0.05743798
156.00000000,2056.00000000,0.05740307
156.00000000,2057.00000000,0.05735204
156.00000000,2058.00000000,0.05729369
156.00000000,2059.00000000,0.05729866
156.00000000,2060.00000000,0.05722731
156.00000000,2061.00000000,0.05721067
156.00000000,2062.00000000,0.05720246
156.00000000,2063.00000000,0.05725085
156.00000000,2064.00000000,0.05710989
156.00000000,2065.00000000,0.05708747
156.00000000,2066.00000000,0.05706396
156.00000000,2067.00000000,0.05701218
156.00000000,2068.00000000,0.05700521
156.00000000,2069.00000000,0.05703434
156.00000000,2070.00000000,0.05679843
156.00000000,2071.00000000,0.05670061
156.00000000,2072.00000000,0.05673059
156.00000000,2073.00000000,0.05674665
156.00000000,2074.00000000,0.05664141
156.00000000,2075.00000000,0.05635181
156.00000000,2076.00000000,0.05649353
156.00000000,2077.00000000,0.05620997
156.00000000,2078.00000000,0.05621457
156.00000000,2079.00000000,0.05635931
156.00000000,2080.00000000,0.05628532
156.00000000,2081.00000000,0.05624467
156.00000000,2082.00000000,0.05619905
156.00000000,2083.00000000,0.05627314
156.00000000,2084.00000000,0.05622280
156.00000000,2085.00000000,0.05630161
156.00000000,2086.00000000,0.05609739
156.00000000,2087.00000000,0.05586029
156.00000000,2088.00000000,0.05565811
156.00000000,2089.00000000,0.05568709
156.00000000,2090.00000000,0.05577380
156.00000000,2091.00000000,0.05581945
156.00000000,2092.00000000,0.05594747
156.00000000,2093.00000000,0.05603784
156.00000000,2094.00000000,0.05589082
156.00000000,2095.00000000,0.05593775
156.00000000,2096.00000000,0.05607993
156.00000000,2097.00000000,0.05610631
156.00000000,2098.00000000,0.05609057
156.00000000,2099.00000000,0.05614370
156.00000000,2100.00000000,0.05610577
156.00000000,2101.00000000,0.05571976
156.00000000,2102.00000000,0.05582673
156.00000000,2103.00000000,0.05605999
156.00000000,2104.00000000,0.05617062
156.00000000,2105.00000000,0.05607761
156.00000000,2106.00000000,0.05641127
156.00000000,2107.00000000,0.05662895
156.00000000,2108.00000000,0.05667065
156.00000000,2109.00000000,0.05674219
156.00000000,2110.00000000,0.05678200
156.00000000,2111.00000000,0.05707336
156.00000000,2112.00000000,0.05729715
156.00000000,2113.00000000,0.05745328
156.00000000,2114.00000000,0.05755948
156.00000000,2115.00000000,0.05778369
156.00000000,2116.00000000,0.05798211
156.00000000,2117.00000000,0.05802420
156.00000000,2118.00000000,0.05821173
156.00000000,2119.00000000,0.05846882
156.00000000,2120.00000000,0.05874702
156.00000000,2121.00000000,0.05898989
156.00000000,2122.00000000,0.05927144
156.00000000,2123.00000000,0.05946764
156.00000000,2124.00000000,0.05977959
156.00000000,2125.00000000,0.06014932
156.00000000,2126.00000000,0.06062327
156.00000000,2127.00000000,0.06090391
156.00000000,2128.00000000,0.06120668
156.00000000,2129.00000000,0.06161986
156.00000000,2130.00000000,0.06166964
156.00000000,2131.00000000,0.06165973
156.00000000,2132.00000000,0.06212765
156.00000000,2133.00000000,0.06240098
156.00000000,2134.00000000,0.06256303
156.00000000,2135.00000000,0.06305617
156.00000000,2136.00000000,0.06300985
156.00000000,2137.00000000,0.06278974
156.00000000,2138.00000000,0.06276781
156.00000000,2139.00000000,0.06278564
156.00000000,2140.00000000,0.06312033
156.00000000,2141.00000000,0.06341465
156.00000000,2142.00000000,0.06372942
156.00000000,2143.00000000,0.06400848
156.00000000,2144.00000000,0.06439740
156.00000000,2145.00000000,0.06464953
156.00000000,2146.00000000,0.06479036
156.00000000,2147.00000000,0.06498945
156.00000000,2148.00000000,0.06485645
156.00000000,2149.00000000,0.06492098
156.00000000,2150.00000000,0.06516571
156.00000000,2151.00000000,0.06543110
156.00000000,2152.00000000,0.06571174
156.00000000,2153.00000000,0.06594947
156.00000000,2154.00000000,0.06596723
156.00000000,2155.00000000,0.06600849
156.00000000,2156.00000000,0.06635038
156.00000000,2157.00000000,0.06668907
156.00000000,2158.00000000,0.06686025
156.00000000,2159.00000000,0.06749107
156.00000000,2160.00000000,0.06820539
156.00000000,2161.00000000,0.06878561
156.00000000,2162.00000000,0.06919634
156.00000000,2163.00000000,0.06961190
156.00000000,2164.00000000,0.07003233
156.00000000,2165.00000000,0.07045709
156.00000000,2166.00000000,0.07088620
156.00000000,2167.00000000,0.07143247
156.00000000,2168.00000000,0.07198324
156.00000000,2169.00000000,0.07253851
156.00000000,2170.00000000,0.07309818
156.00000000,2171.00000000,0.07366218
156.00000000,2172.00000000,0.07423047
156.00000000,2173.00000000,0.07480298
156.00000000,2174.00000000,0.07537961
156.00000000,2175.00000000,0.07596036
156.00000000,2176.00000000,0.07654514
156.00000000,2177.00000000,0.07708350
156.00000000,2178.00000000,0.07762571
156.00000000,2179.00000000,0.07817169
156.00000000,2180.00000000,0.07872148
156.00000000,2181.00000000,0.07927505
156.00000000,2182.00000000,0.07983236
156.00000000,2183.00000000,0.08039348
156.00000000,2184.00000000,0.08095839
156.00000000,2185.00000000,0.08152709
156.00000000,2186.00000000,0.08209966
156.00000000,2187.00000000,0.08278216
156.00000000,2188.00000000,0.08346881
156.00000000,2189.00000000,0.08415962
156.00000000,2190.00000000,0.08485453
156.00000000,2191.00000000,0.08555348
156.00000000,2192.00000000,0.08625652
156.00000000,2193.00000000,0.08696355
156.00000000,2194.00000000,0.08767460
156.00000000,2195.00000000,0.08838963
156.00000000,2196.00000000,0.08910861
156.00000000,2197.00000000,0.08990994
156.00000000,2198.00000000,0.09071544
156.00000000,2199.00000000,0.09152504
156.00000000,2200.00000000,0.09233877
156.00000000,2201.00000000,0.09315652
156.00000000,2202.00000000,0.09397823
156.00000000,2203.00000000,0.09480391
156.00000000,2204.00000000,0.09563344
156.00000000,2205.00000000,0.09646684
156.00000000,2206.00000000,0.09730402
156.00000000,2207.00000000,0.09814041
156.00000000,2208.00000000,0.09898051
156.00000000,2209.00000000,0.09982421
156.00000000,2210.00000000,0.10067143
156.00000000,2211.00000000,0.10152219
156.00000000,2212.00000000,0.10237639
156.00000000,2213.00000000,0.10323392
156.00000000,2214.00000000,0.10409479
156.00000000,2215.00000000,0.10495888
156.00000000,2216.00000000,0.10582605
156.00000000,2217.00000000,0.10651980
156.00000000,2218.00000000,0.10721585
156.00000000,2219.00000000,0.10791424
156.00000000,2220.00000000,0.10861491
156.00000000,2221.00000000,0.10931782
156.00000000,2222.00000000,0.11002297
156.00000000,2223.00000000,0.11073034
156.00000000,2224.00000000,0.11143982
156.00000000,2225.00000000,0.11215143
156.00000000,2226.00000000,0.11286509
156.00000000,2227.00000000,0.11341907
156.00000000,2228.00000000,0.11397443
156.00000000,2229.00000000,0.11453111
156.00000000,2230.00000000,0.11508916
156.00000000,2231.00000000,0.11564856
156.00000000,2232.00000000,0.11620926
156.00000000,2233.00000000,0.11677133
156.00000000,2234.00000000,0.11733471
156.00000000,2235.00000000,0.11789937
156.00000000,2236.00000000,0.11846533
156.00000000,2237.00000000,0.11894089
156.00000000,2238.00000000,0.11941731
156.00000000,2239.00000000,0.11989465
156.00000000,2240.00000000,0.12037288
156.00000000,2241.00000000,0.12085207
156.00000000,2242.00000000,0.12133216
156.00000000,2243.00000000,0.12181314
156.00000000,2244.00000000,0.12229508
156.00000000,2245.00000000,0.12277794
156.00000000,2246.00000000,0.12326164
156.00000000,2247.00000000,0.12365024
156.00000000,2248.00000000,0.12403936
156.00000000,2249.00000000,0.12442880
156.00000000,2250.00000000,0.12481784
156.00000000,2251.00000000,0.12520488
156.00000000,2252.00000000,0.12558835
156.00000000,2253.00000000,0.12596752
156.00000000,2254.00000000,0.12634193
156.00000000,2255.00000000,0.12671152
156.00000000,2256.00000000,0.12707620
156.00000000,2257.00000000,0.12736106
156.00000000,2258.00000000,0.12764080
156.00000000,2259.00000000,0.12791545
156.00000000,2260.00000000,0.12818505
156.00000000,2261.00000000,0.12844984
156.00000000,2262.00000000,0.12870995
156.00000000,2263.00000000,0.12896554
156.00000000,2264.00000000,0.12921682
156.00000000,2265.00000000,0.12946383
156.00000000,2266.00000000,0.12970674
156.00000000,2267.00000000,0.12994558
156.00000000,2268.00000000,0.13018042
156.00000000,2269.00000000,0.13041139
156.00000000,2270.00000000,0.13063854
156.00000000,2271.00000000,0.13086189
156.00000000,2272.00000000,0.13108158
156.00000000,2273.00000000,0.13129766
156.00000000,2274.00000000,0.13151011
156.00000000,2275.00000000,0.13171912
156.00000000,2276.00000000,0.13192466
156.00000000,2277.00000000,0.13212675
156.00000000,2278.00000000,0.13232557
156.00000000,2279.00000000,0.13252103
156.00000000,2280.00000000,0.13271331
156.00000000,2281.00000000,0.13290237
156.00000000,2282.00000000,0.13308823
156.00000000,2283.00000000,0.13327103
156.00000000,2284.00000000,0.13345077
156.00000000,2285.00000000,0.13362737
156.00000000,2286.00000000,0.13380107
156.00000000,2287.00000000,0.13397177
156.00000000,2288.00000000,0.13413947
156.00000000,2289.00000000,0.13430433
156.00000000,2290.00000000,0.13446624
156.00000000,2291.00000000,0.13462536
156.00000000,2292.00000000,0.13478168
156.00000000,2293.00000000,0.13493509
156.00000000,2294.00000000,0.13508582
156.00000000,2295.00000000,0.13523376
156.00000000,2296.00000000,0.13537890
156.00000000,2297.00000000,0.13552138
156.00000000,2298.00000000,0.13566113
156.00000000,2299.00000000,0.13579813
156.00000000,2300.00000000,0.13593249
156.00000000,2301.00000000,0.13606411
156.00000000,2302.00000000,0.13619308
156.00000000,2303.00000000,0.13631936
156.00000000,2304.00000000,0.13644285
156.00000000,2305.00000000,0.13656363
156.00000000,2306.00000000,0.13668160
156.00000000,2307.00000000,0.13626839
156.00000000,2308.00000000,0.13585173
156.00000000,2309.00000000,0.13543167
156.00000000,2310.00000000,0.13500819
156.00000000,2311.00000000,0.13458152
156.00000000,2312.00000000,0.13415167
156.00000000,2313.00000000,0.13371865
156.00000000,2314.00000000,0.13328262
156.00000000,2315.00000000,0.13284359
156.00000000,2316.00000000,0.13240171
156.00000000,2317.00000000,0.13195697
156.00000000,2318.00000000,0.13150943
156.00000000,2319.00000000,0.13105923
156.00000000,2320.00000000,0.13060639
156.00000000,2321.00000000,0.13015089
156.00000000,2322.00000000,0.12969293
156.00000000,2323.00000000,0.12923250
156.00000000,2324.00000000,0.12876961
156.00000000,2325.00000000,0.12830439
156.00000000,2326.00000000,0.12783683
156.00000000,2327.00000000,0.12736707
156.00000000,2328.00000000,0.12689511
156.00000000,2329.00000000,0.12642095
156.00000000,2330.00000000,0.12594471
156.00000000,2331.00000000,0.12546644
156.00000000,2332.00000000,0.12498612
156.00000000,2333.00000000,0.12450388
156.00000000,2334.00000000,0.12401972
156.00000000,2335.00000000,0.12353364
156.00000000,2336.00000000,0.12304577
156.00000000,2337.00000000,0.12255612
156.00000000,2338.00000000,0.12206466
156.00000000,2339.00000000,0.12157155
156.00000000,2340.00000000,0.12107673
156.00000000,2341.00000000,0.12058033
156.00000000,2342.00000000,0.12008233
156.00000000,2343.00000000,0.11958274
156.00000000,2344.00000000,0.11908167
156.00000000,2345.00000000,0.11857912
156.00000000,2346.00000000,0.11807508
156.00000000,2347.00000000,0.11756968
156.00000000,2348.00000000,0.11706289
156.00000000,2349.00000000,0.11655472
156.00000000,2350.00000000,0.11604528
156.00000000,2351.00000000,0.11553451
156.00000000,2352.00000000,0.11502254
156.00000000,2353.00000000,0.11450936
156.00000000,2354.00000000,0.11399495
156.00000000,2355.00000000,0.11347943
156.00000000,2356.00000000,0.11296280
156.00000000,2357.00000000,0.11244502
156.00000000,2358.00000000,0.11192622
156.00000000,2359.00000000,0.11140640
156.00000000,2360.00000000,0.11088550
156.00000000,2361.00000000,0.11036367
156.00000000,2362.00000000,0.10984087
156.00000000,2363.00000000,0.10931710
156.00000000,2364.00000000,0.10879246
156.00000000,2365.00000000,0.10826691
156.00000000,2366.00000000,0.10774053
156.00000000,2367.00000000,0.10721332
156.00000000,2368.00000000,0.10668525
156.00000000,2369.00000000,0.10615643
156.00000000,2370.00000000,0.10562687
156.00000000,2371.00000000,0.10509651
156.00000000,2372.00000000,0.10456547
156.00000000,2373.00000000,0.10403374
156.00000000,2374.00000000,0.10350128
156.00000000,2375.00000000,0.10296821
156.00000000,2376.00000000,0.10243448
156.00000000,2377.00000000,0.10190017
156.00000000,2378.00000000,0.10136526
156.00000000,2379.00000000,0.10082976
156.00000000,2380.00000000,0.10029373
156.00000000,2381.00000000,0.09975718
156.00000000,2382.00000000,0.09922007
156.00000000,2383.00000000,0.09868250
156.00000000,2384.00000000,0.09814448
156.00000000,2385.00000000,0.09760595
156.00000000,2386.00000000,0.09706704
156.00000000,2387.00000000,0.09652765
156.00000000,2388.00000000,0.09598793
156.00000000,2389.00000000,0.09544781
156.00000000,2390.00000000,0.09490730
156.00000000,2391.00000000,0.09436649
156.00000000,2392.00000000,0.09382535
156.00000000,2393.00000000,0.09328386
156.00000000,2394.00000000,0.09274212
156.00000000,2395.00000000,0.09220012
156.00000000,2396.00000000,0.09165781
156.00000000,2397.00000000,0.09111530
156.00000000,2398.00000000,0.09057259
156.00000000,2399.00000000,0.09002963
156.00000000,2400.00000000,0.08948653
156.00000000,2401.00000000,0.08894322
156.00000000,2402.00000000,0.08839983
156.00000000,2403.00000000,0.08785636
156.00000000,2404.00000000,0.08731281
156.00000000,2405.00000000,0.08688386
156.00000000,2406.00000000,0.08679224
156.00000000,2407.00000000,0.08679290
156.00000000,2408.00000000,0.08679377
156.00000000,2409.00000000,0.08679480
156.00000000,2410.00000000,0.08679594
156.00000000,2411.00000000,0.08679728
156.00000000,2412.00000000,0.08681317
156.00000000,2413.00000000,0.08682925
156.00000000,2414.00000000,0.08684548
156.00000000,2415.00000000,0.08686179
156.00000000,2416.00000000,0.08687828
156.00000000,2417.00000000,0.08686634
156.00000000,2418.00000000,0.08685446
156.00000000,2419.00000000,0.08684274
156.00000000,2420.00000000,0.08683113
156.00000000,2421.00000000,0.08681959
156.00000000,2422.00000000,0.08680820
156.00000000,2423.00000000,0.08679690
156.00000000,2424.00000000,0.08678565
156.00000000,2425.00000000,0.08677456
156.00000000,2426.00000000,0.08676350
156.00000000,2427.00000000,0.08675259
156.00000000,2428.00000000,0.08674177
156.00000000,2429.00000000,0.08673098
156.00000000,2430.00000000,0.08672033
156.00000000,2431.00000000,0.08670977
156.00000000,2432.00000000,0.08669798
156.00000000,2433.00000000,0.08668635
156.00000000,2434.00000000,0.08667478
156.00000000,2435.00000000,0.08666323
156.00000000,2436.00000000,0.08665180
156.00000000,2437.00000000,0.08664040
156.00000000,2438.00000000,0.08662912
156.00000000,2439.00000000,0.08661791
156.00000000,2440.00000000,0.08660670
156.00000000,2441.00000000,0.08659562
156.00000000,2442.00000000,0.08658459
156.00000000,2443.00000000,0.08657357
156.00000000,2444.00000000,0.08656267
156.00000000,2445.00000000,0.08655183
156.00000000,2446.00000000,0.08654099
156.00000000,2447.00000000,0.08653025
156.00000000,2448.00000000,0.08651952
156.00000000,2449.00000000,0.08650889
156.00000000,2450.00000000,0.08649831
156.00000000,2451.00000000,0.08648772
156.00000000,2452.00000000,0.08647724
156.00000000,2453.00000000,0.08646680
156.00000000,2454.00000000,0.08645634
156.00000000,2455.00000000,0.08644599
156.00000000,2456.00000000,0.08643567
156.00000000,2457.00000000,0.08642809
156.00000000,2458.00000000,0.08642060
156.00000000,2459.00000000,0.08641315
156.00000000,2460.00000000,0.08640567
156.00000000,2461.00000000,0.08639829
156.00000000,2462.00000000,0.08639089
156.00000000,2463.00000000,0.08638358
156.00000000,2464.00000000,0.08637631
156.00000000,2465.00000000,0.08636901
156.00000000,2466.00000000,0.08636179
156.00000000,2467.00000000,0.08635461
156.00000000,2468.00000000,0.08634740
156.00000000,2469.00000000,0.08634027
156.00000000,2470.00000000,0.08633318
156.00000000,2471.00000000,0.08632604
156.00000000,2472.00000000,0.08631901
156.00000000,2473.00000000,0.08631192
156.00000000,2474.00000000,0.08630493
156.00000000,2475.00000000,0.08629797
156.00000000,2476.00000000,0.08629097
156.00000000,2477.00000000,0.08628405
156.00000000,2478.00000000,0.08627715
156.00000000,2479.00000000,0.08627020
156.00000000,2480.00000000,0.08626336
156.00000000,2481.00000000,0.08625652
156.00000000,2482.00000000,0.08624964
156.00000000,2483.00000000,0.08624284
156.00000000,2484.00000000,0.08623606
156.00000000,2485.00000000,0.08622924
156.00000000,2486.00000000,0.08622249
156.00000000,2487.00000000,0.08621569
156.00000000,2488.00000000,0.08620899
156.00000000,2489.00000000,0.08620230
156.00000000,2490.00000000,0.08619554
156.00000000,2491.00000000,0.08618888
156.00000000,2492.00000000,0.08618223
156.00000000,2493.00000000,0.08617551
156.00000000,2494.00000000,0.08616888
156.00000000,2495.00000000,0.08616227
156.00000000,2496.00000000,0.08615560
156.00000000,2497.00000000,0.08614902
156.00000000,2498.00000000,0.08614237
156.00000000,2499.00000000,0.08613579
156.00000000,2500.00000000,0.08612924
157.00000000,1765.00000000,0.05955096
157.00000000,1766.00000000,0.05955107
157.00000000,1767.00000000,0.05955115
157.00000000,1768.00000000,0.05955120
157.00000000,1769.00000000,0.05955135
157.00000000,1770.00000000,0.05955168
157.00000000,1771.00000000,0.05955215
157.00000000,1772.00000000,0.05955270
157.00000000,1773.00000000,0.05955334
157.00000000,1774.00000000,0.05955410
157.00000000,1775.00000000,0.05955502
157.00000000,1776.00000000,0.05955598
157.00000000,1777.00000000,0.05955722
157.00000000,1778.00000000,0.05955825
157.00000000,1779.00000000,0.05955958
157.00000000,1780.00000000,0.05956106
157.00000000,1781.00000000,0.05956265
157.00000000,1782.00000000,0.05956425
157.00000000,1783.00000000,0.05956589
157.00000000,1784.00000000,0.05956777
157.00000000,1785.00000000,0.05956963
157.00000000,1786.00000000,0.05957162
157.00000000,1787.00000000,0.05957361
157.00000000,1788.00000000,0.05957579
157.00000000,1789.00000000,0.05957789
157.00000000,1790.00000000,0.05958018
157.00000000,1791.00000000,0.05958256
157.00000000,1792.00000000,0.05958484
157.00000000,1793.00000000,0.05958736
157.00000000,1794.00000000,0.05958992
157.00000000,1795.00000000,0.05959235
157.00000000,1796.00000000,0.05959501
157.00000000,1797.00000000,0.05959765
157.00000000,1798.00000000,0.05960023
157.00000000,1799.00000000,0.05960302
157.00000000,1800.00000000,0.05960588
157.00000000,1801.00000000,0.05960851
157.00000000,1802.00000000,0.05961131
157.00000000,1803.00000000,0.05961416
157.00000000,1804.00000000,0.05961701
157.00000000,1805.00000000,0.05961990
157.00000000,1806.00000000,0.05962289
157.00000000,1807.00000000,0.05962578
157.00000000,1808.00000000,0.05962883
157.00000000,1809.00000000,0.05963165
157.00000000,1810.00000000,0.05963459
157.00000000,1811.00000000,0.05963762
157.00000000,1812.00000000,0.05964079
157.00000000,1813.00000000,0.05964375
157.00000000,1814.00000000,0.05964683
157.00000000,1815.00000000,0.05964990
157.00000000,1816.00000000,0.05965296
157.00000000,1817.00000000,0.05965607
157.00000000,1818.00000000,0.05965923
157.00000000,1819.00000000,0.05966217
157.00000000,1820.00000000,0.05966532
157.00000000,1821.00000000,0.05966841
157.00000000,1822.00000000,0.05967148
157.00000000,1823.00000000,0.05967456
157.00000000,1824.00000000,0.05967767
157.00000000,1825.00000000,0.05968083
157.00000000,1826.00000000,0.05968390
157.00000000,1827.00000000,0.05968697
157.00000000,1828.00000000,0.05968996
157.00000000,1829.00000000,0.05969307
157.00000000,1830.00000000,0.05969611
157.00000000,1831.00000000,0.05969920
157.00000000,1832.00000000,0.05970222
157.00000000,1833.00000000,0.05970527
157.00000000,1834.00000000,0.05970820
157.00000000,1835.00000000,0.05971117
157.00000000,1836.00000000,0.05971422
157.00000000,1837.00000000,0.05971714
157.00000000,1838.00000000,0.05972003
157.00000000,1839.00000000,0.05972292
157.00000000,1840.00000000,0.05972587
157.00000000,1841.00000000,0.05972870
157.00000000,1842.00000000,0.05973154
157.00000000,1843.00000000,0.05973435
157.00000000,1844.00000000,0.05973721
157.00000000,1845.00000000,0.05973999
157.00000000,1846.00000000,0.05974272
157.00000000,1847.00000000,0.05974547
157.00000000,1848.00000000,0.05974816
157.00000000,1849.00000000,0.05975082
157.00000000,1850.00000000,0.05975343
157.00000000,1851.00000000,0.05975603
157.00000000,1852.00000000,0.05975858
157.00000000,1853.00000000,0.05976138
157.00000000,1854.00000000,0.05976430
157.00000000,1855.00000000,0.05976718
157.00000000,1856.00000000,0.05976994
157.00000000,1857.00000000,0.05977262
157.00000000,1858.00000000,0.05977533
157.00000000,1859.00000000,0.05977790
157.00000000,1860.00000000,0.05978040
157.00000000,1861.00000000,0.05978297
157.00000000,1862.00000000,0.05978519
157.00000000,1863.00000000,0.05978701
157.00000000,1864.00000000,0.05978843
157.00000000,1865.00000000,0.05978951
157.00000000,1866.00000000,0.05979016
157.00000000,1867.00000000,0.05979074
157.00000000,1868.00000000,0.05979103
157.00000000,1869.00000000,0.05979111
157.00000000,1870.00000000,0.05979104
157.00000000,1871.00000000,0.05979073
157.00000000,1872.00000000,0.05979057
157.00000000,1873.00000000,0.05979097
157.00000000,1874.00000000,0.05979179
157.00000000,1875.00000000,0.05979279
157.00000000,1876.00000000,0.05979406
157.00000000,1877.00000000,0.05979550
157.00000000,1878.00000000,0.05979703
157.00000000,1879.00000000,0.05979869
157.00000000,1880.00000000,0.05980035
157.00000000,1881.00000000,0.05980204
157.00000000,1882.00000000,0.05980372
157.00000000,1883.00000000,0.05980506
157.00000000,1884.00000000,0.05980605
157.00000000,1885.00000000,0.05980687
157.00000000,1886.00000000,0.05980749
157.00000000,1887.00000000,0.05980803
157.00000000,1888.00000000,0.05980840
157.00000000,1889.00000000,0.05980855
157.00000000,1890.00000000,0.05980847
157.00000000,1891.00000000,0.05980808
157.00000000,1892.00000000,0.05980748
157.00000000,1893.00000000,0.05980680
157.00000000,1894.00000000,0.05980602
157.00000000,1895.00000000,0.05980539
157.00000000,1896.00000000,0.05980479
157.00000000,1897.00000000,0.05980409
157.00000000,1898.00000000,0.05980335
157.00000000,1899.00000000,0.05980240
157.00000000,1900.00000000,0.05980127
157.00000000,1901.00000000,0.05979992
157.00000000,1902.00000000,0.05979866
157.00000000,1903.00000000,0.05979747
157.00000000,1904.00000000,0.05979639
157.00000000,1905.00000000,0.05979548
157.00000000,1906.00000000,0.05979475
157.00000000,1907.00000000,0.05979414
157.00000000,1908.00000000,0.05979348
157.00000000,1909.00000000,0.05979282
157.00000000,1910.00000000,0.05979217
157.00000000,1911.00000000,0.05979141
157.00000000,1912.00000000,0.05979017
157.00000000,1913.00000000,0.05978824
157.00000000,1914.00000000,0.05978560
157.00000000,1915.00000000,0.05978261
157.00000000,1916.00000000,0.05977962
157.00000000,1917.00000000,0.05977662
157.00000000,1918.00000000,0.05977353
157.00000000,1919.00000000,0.05977052
157.00000000,1920.00000000,0.05976796
157.00000000,1921.00000000,0.05976600
157.00000000,1922.00000000,0.05976482
157.00000000,1923.00000000,0.05976976
157.00000000,1924.00000000,0.05976931
157.00000000,1925.00000000,0.05976883
157.00000000,1926.00000000,0.05976837
157.00000000,1927.00000000,0.05976795
157.00000000,1928.00000000,0.05976954
157.00000000,1929.00000000,0.05976930
157.00000000,1930.00000000,0.05976925
157.00000000,1931.00000000,0.05977006
157.00000000,1932.00000000,0.05977197
157.00000000,1933.00000000,0.05977445
157.00000000,1934.00000000,0.05977744
157.00000000,1935.00000000,0.05978040
157.00000000,1936.00000000,0.05978295
157.00000000,1937.00000000,0.05978485
157.00000000,1938.00000000,0.05978770
157.00000000,1939.00000000,0.05978795
157.00000000,1940.00000000,0.05978771
157.00000000,1941.00000000,0.05978676
157.00000000,1942.00000000,0.05978498
157.00000000,1943.00000000,0.05978270
157.00000000,1944.00000000,0.05978007
157.00000000,1945.00000000,0.05977738
157.00000000,1946.00000000,0.05977553
157.00000000,1947.00000000,0.05977494
157.00000000,1948.00000000,0.05977689
157.00000000,1949.00000000,0.05977706
157.00000000,1950.00000000,0.05977716
157.00000000,1951.00000000,0.05977718
157.00000000,1952.00000000,0.05977778
157.00000000,1953.00000000,0.05977856
157.00000000,1954.00000000,0.05978118
157.00000000,1955.00000000,0.05978218
157.00000000,1956.00000000,0.05978325
157.00000000,1957.00000000,0.05978595
157.00000000,1958.00000000,0.05978648
157.00000000,1959.00000000,0.05979017
157.00000000,1960.00000000,0.05978697
157.00000000,1961.00000000,0.05978420
157.00000000,1962.00000000,0.05978075
157.00000000,1963.00000000,0.05977841
157.00000000,1964.00000000,0.05977346
157.00000000,1965.00000000,0.05976737
157.00000000,1966.00000000,0.05976026
157.00000000,1967.00000000,0.05975201
157.00000000,1968.00000000,0.05974444
157.00000000,1969.00000000,0.05973341
157.00000000,1970.00000000,0.05972039
157.00000000,1971.00000000,0.05970474
157.00000000,1972.00000000,0.05968769
157.00000000,1973.00000000,0.05966785
157.00000000,1974.00000000,0.05964571
157.00000000,1975.00000000,0.05962031
157.00000000,1976.00000000,0.05959453
157.00000000,1977.00000000,0.05956885
157.00000000,1978.00000000,0.05954297
157.00000000,1979.00000000,0.05951867
157.00000000,1980.00000000,0.05949379
157.00000000,1981.00000000,0.05946689
157.00000000,1982.00000000,0.05944338
157.00000000,1983.00000000,0.05942125
157.00000000,1984.00000000,0.05940415
157.00000000,1985.00000000,0.05938758
157.00000000,1986.00000000,0.05937248
157.00000000,1987.00000000,0.05936897
157.00000000,1988.00000000,0.05935278
157.00000000,1989.00000000,0.05933816
157.00000000,1990.00000000,0.05932488
157.00000000,1991.00000000,0.05930964
157.00000000,1992.00000000,0.05929653
157.00000000,1993.00000000,0.05928933
157.00000000,1994.00000000,0.05927568
157.00000000,1995.00000000,0.05926444
157.00000000,1996.00000000,0.05925334
157.00000000,1997.00000000,0.05924363
157.00000000,1998.00000000,0.05923153
157.00000000,1999.00000000,0.05922114
157.00000000,2000.00000000,0.05920901
157.00000000,2001.00000000,0.05919848
157.00000000,2002.00000000,0.05919121
157.00000000,2003.00000000,0.05917666
157.00000000,2004.00000000,0.05916672
157.00000000,2005.00000000,0.05915104
157.00000000,2006.00000000,0.05913596
157.00000000,2007.00000000,0.05911964
157.00000000,2008.00000000,0.05909327
157.00000000,2009.00000000,0.05906998
157.00000000,2010.00000000,0.05904261
157.00000000,2011.00000000,0.05902769
157.00000000,2012.00000000,0.05899620
157.00000000,2013.00000000,0.05896803
157.00000000,2014.00000000,0.05893046
157.00000000,2015.00000000,0.05889082
157.00000000,2016.00000000,0.05885638
157.00000000,2017.00000000,0.05882535
157.00000000,2018.00000000,0.05878523
157.00000000,2019.00000000,0.05873967
157.00000000,2020.00000000,0.05870144
157.00000000,2021.00000000,0.05866358
157.00000000,2022.00000000,0.05862258
157.00000000,2023.00000000,0.05857334
157.00000000,2024.00000000,0.05853258
157.00000000,2025.00000000,0.05848530
157.00000000,2026.00000000,0.05844102
157.00000000,2027.00000000,0.05839265
157.00000000,2028.00000000,0.05835099
157.00000000,2029.00000000,0.05832328
157.00000000,2030.00000000,0.05828444
157.00000000,2031.00000000,0.05820763
157.00000000,2032.00000000,0.05817302
157.00000000,2033.00000000,0.05811801
157.00000000,2034.00000000,0.05806214
157.00000000,2035.00000000,0.05800258
157.00000000,2036.00000000,0.05796419
157.00000000,2037.00000000,0.05794605
157.00000000,2038.00000000,0.05789331
157.00000000,2039.00000000,0.05785014
157.00000000,2040.00000000,0.05781134
157.00000000,2041.00000000,0.05774872
157.00000000,2042.00000000,0.05768338
157.00000000,2043.00000000,0.05762048
157.00000000,2044.00000000,0.05757398
157.00000000,2045.00000000,0.05755772
157.00000000,2046.00000000,0.05748431
157.00000000,2047.00000000,0.05746038
157.00000000,2048.00000000,0.05741265
157.00000000,2049.00000000,0.05733949
157.00000000,2050.00000000,0.05725496
157.00000000,2051.00000000,0.05719916
157.00000000,2052.00000000,0.05715988
157.00000000,2053.00000000,0.05710253
157.00000000,2054.00000000,0.05705836
157.00000000,2055.00000000,0.05702048
157.00000000,2056.00000000,0.05701128
157.00000000,2057.00000000,0.05697573
157.00000000,2058.00000000,0.05692422
157.00000000,2059.00000000,0.05686548
157.00000000,2060.00000000,0.05686963
157.00000000,2061.00000000,0.05679818
157.00000000,2062.00000000,0.05678137
157.00000000,2063.00000000,0.05677337
157.00000000,2064.00000000,0.05682181
157.00000000,2065.00000000,0.05668247
157.00000000,2066.00000000,0.05666090
157.00000000,2067.00000000,0.05663826
157.00000000,2068.00000000,0.05658756
157.00000000,2069.00000000,0.05658133
157.00000000,2070.00000000,0.05661088
157.00000000,2071.00000000,0.05637743
157.00000000,2072.00000000,0.05628129
157.00000000,2073.00000000,0.05631230
157.00000000,2074.00000000,0.05632967
157.00000000,2075.00000000,0.05622668
157.00000000,2076.00000000,0.05594069
157.00000000,2077.00000000,0.05608286
157.00000000,2078.00000000,0.05580276
157.00000000,2079.00000000,0.05580868
157.00000000,2080.00000000,0.05595364
157.00000000,2081.00000000,0.05588141
157.00000000,2082.00000000,0.05584239
157.00000000,2083.00000000,0.05579855
157.00000000,2084.00000000,0.05587359
157.00000000,2085.00000000,0.05582509
157.00000000,2086.00000000,0.05590478
157.00000000,2087.00000000,0.05570336
157.00000000,2088.00000000,0.05546924
157.00000000,2089.00000000,0.05526973
157.00000000,2090.00000000,0.05529967
157.00000000,2091.00000000,0.05538694
157.00000000,2092.00000000,0.05543355
157.00000000,2093.00000000,0.05556208
157.00000000,2094.00000000,0.05565327
157.00000000,2095.00000000,0.05550872
157.00000000,2096.00000000,0.05555675
157.00000000,2097.00000000,0.05569934
157.00000000,2098.00000000,0.05572686
157.00000000,2099.00000000,0.05571249
157.00000000,2100.00000000,0.05576646
157.00000000,2101.00000000,0.05572998
157.00000000,2102.00000000,0.05534786
157.00000000,2103.00000000,0.05545554
157.00000000,2104.00000000,0.05568872
157.00000000,2105.00000000,0.05580007
157.00000000,2106.00000000,0.05570910
157.00000000,2107.00000000,0.05604196
157.00000000,2108.00000000,0.05625957
157.00000000,2109.00000000,0.05630228
157.00000000,2110.00000000,0.05637460
157.00000000,2111.00000000,0.05641534
157.00000000,2112.00000000,0.05670596
157.00000000,2113.00000000,0.05692941
157.00000000,2114.00000000,0.05708559
157.00000000,2115.00000000,0.05719213
157.00000000,2116.00000000,0.05741588
157.00000000,2117.00000000,0.05761397
157.00000000,2118.00000000,0.05765669
157.00000000,2119.00000000,0.05784390
157.00000000,2120.00000000,0.05810021
157.00000000,2121.00000000,0.05837748
157.00000000,2122.00000000,0.05861961
157.00000000,2123.00000000,0.05890016
157.00000000,2124.00000000,0.05909588
157.00000000,2125.00000000,0.05940661
157.00000000,2126.00000000,0.05977475
157.00000000,2127.00000000,0.06024646
157.00000000,2128.00000000,0.06052606
157.00000000,2129.00000000,0.06082765
157.00000000,2130.00000000,0.06123895
157.00000000,2131.00000000,0.06128910
157.00000000,2132.00000000,0.06127990
157.00000000,2133.00000000,0.06174558
157.00000000,2134.00000000,0.06201786
157.00000000,2135.00000000,0.06217953
157.00000000,2136.00000000,0.06267026
157.00000000,2137.00000000,0.06262483
157.00000000,2138.00000000,0.06240663
157.00000000,2139.00000000,0.06238541
157.00000000,2140.00000000,0.06240370
157.00000000,2141.00000000,0.06273690
157.00000000,2142.00000000,0.06302999
157.00000000,2143.00000000,0.06334341
157.00000000,2144.00000000,0.06362132
157.00000000,2145.00000000,0.06400841
157.00000000,2146.00000000,0.06425956
157.00000000,2147.00000000,0.06440006
157.00000000,2148.00000000,0.06459847
157.00000000,2149.00000000,0.06446679
157.00000000,2150.00000000,0.06453144
157.00000000,2151.00000000,0.06477554
157.00000000,2152.00000000,0.06504119
157.00000000,2153.00000000,0.06532294
157.00000000,2154.00000000,0.06556250
157.00000000,2155.00000000,0.06558357
157.00000000,2156.00000000,0.06562806
157.00000000,2157.00000000,0.06597143
157.00000000,2158.00000000,0.06631157
157.00000000,2159.00000000,0.06648508
157.00000000,2160.00000000,0.06711559
157.00000000,2161.00000000,0.06782909
157.00000000,2162.00000000,0.06840918
157.00000000,2163.00000000,0.06882063
157.00000000,2164.00000000,0.06923683
157.00000000,2165.00000000,0.06965781
157.00000000,2166.00000000,0.07008304
157.00000000,2167.00000000,0.07051254
157.00000000,2168.00000000,0.07105853
157.00000000,2169.00000000,0.07160897
157.00000000,2170.00000000,0.07216383
157.00000000,2171.00000000,0.07272305
157.00000000,2172.00000000,0.07328653
157.00000000,2173.00000000,0.07385425
157.00000000,2174.00000000,0.07442614
157.00000000,2175.00000000,0.07500211
157.00000000,2176.00000000,0.07558215
157.00000000,2177.00000000,0.07616618
157.00000000,2178.00000000,0.07670400
157.00000000,2179.00000000,0.07724562
157.00000000,2180.00000000,0.07779097
157.00000000,2181.00000000,0.07834010
157.00000000,2182.00000000,0.07889297
157.00000000,2183.00000000,0.07944956
157.00000000,2184.00000000,0.08000991
157.00000000,2185.00000000,0.08057403
157.00000000,2186.00000000,0.08114190
157.00000000,2187.00000000,0.08171362
157.00000000,2188.00000000,0.08239476
157.00000000,2189.00000000,0.08308001
157.00000000,2190.00000000,0.08376940
157.00000000,2191.00000000,0.08446287
157.00000000,2192.00000000,0.08516038
157.00000000,2193.00000000,0.08586195
157.00000000,2194.00000000,0.08656748
157.00000000,2195.00000000,0.08727702
157.00000000,2196.00000000,0.08799053
157.00000000,2197.00000000,0.08870797
157.00000000,2198.00000000,0.08950739
157.00000000,2199.00000000,0.09031099
157.00000000,2200.00000000,0.09111867
157.00000000,2201.00000000,0.09193046
157.00000000,2202.00000000,0.09274628
157.00000000,2203.00000000,0.09356604
157.00000000,2204.00000000,0.09438977
157.00000000,2205.00000000,0.09521734
157.00000000,2206.00000000,0.09604877
157.00000000,2207.00000000,0.09688399
157.00000000,2208.00000000,0.09771843
157.00000000,2209.00000000,0.09855656
157.00000000,2210.00000000,0.09939831
157.00000000,2211.00000000,0.10024357
157.00000000,2212.00000000,0.10109237
157.00000000,2213.00000000,0.10194460
157.00000000,2214.00000000,0.10280017
157.00000000,2215.00000000,0.10365908
157.00000000,2216.00000000,0.10452121
157.00000000,2217.00000000,0.10538643
157.00000000,2218.00000000,0.10607896
157.00000000,2219.00000000,0.10677378
157.00000000,2220.00000000,0.10747095
157.00000000,2221.00000000,0.10817040
157.00000000,2222.00000000,0.10887209
157.00000000,2223.00000000,0.10957604
157.00000000,2224.00000000,0.11028218
157.00000000,2225.00000000,0.11099045
157.00000000,2226.00000000,0.11170086
157.00000000,2227.00000000,0.11241333
157.00000000,2228.00000000,0.11296676
157.00000000,2229.00000000,0.11352157
157.00000000,2230.00000000,0.11407770
157.00000000,2231.00000000,0.11463521
157.00000000,2232.00000000,0.11519408
157.00000000,2233.00000000,0.11575426
157.00000000,2234.00000000,0.11631579
157.00000000,2235.00000000,0.11687865
157.00000000,2236.00000000,0.11744280
157.00000000,2237.00000000,0.11800826
157.00000000,2238.00000000,0.11848365
157.00000000,2239.00000000,0.11895992
157.00000000,2240.00000000,0.11943713
157.00000000,2241.00000000,0.11991523
157.00000000,2242.00000000,0.12039427
157.00000000,2243.00000000,0.12087423
157.00000000,2244.00000000,0.12135510
157.00000000,2245.00000000,0.12183693
157.00000000,2246.00000000,0.12231966
157.00000000,2247.00000000,0.12280328
157.00000000,2248.00000000,0.12319214
157.00000000,2249.00000000,0.12358136
157.00000000,2250.00000000,0.12397011
157.00000000,2251.00000000,0.12435690
157.00000000,2252.00000000,0.12474019
157.00000000,2253.00000000,0.12511912
157.00000000,2254.00000000,0.12549340
157.00000000,2255.00000000,0.12586281
157.00000000,2256.00000000,0.12622740
157.00000000,2257.00000000,0.12658710
157.00000000,2258.00000000,0.12686732
157.00000000,2259.00000000,0.12714252
157.00000000,2260.00000000,0.12741275
157.00000000,2261.00000000,0.12767807
157.00000000,2262.00000000,0.12793881
157.00000000,2263.00000000,0.12819506
157.00000000,2264.00000000,0.12844695
157.00000000,2265.00000000,0.12869467
157.00000000,2266.00000000,0.12893822
157.00000000,2267.00000000,0.12917778
157.00000000,2268.00000000,0.12941338
157.00000000,2269.00000000,0.12964505
157.00000000,2270.00000000,0.12987297
157.00000000,2271.00000000,0.13009713
157.00000000,2272.00000000,0.13031758
157.00000000,2273.00000000,0.13053448
157.00000000,2274.00000000,0.13074781
157.00000000,2275.00000000,0.13095762
157.00000000,2276.00000000,0.13116403
157.00000000,2277.00000000,0.13136708
157.00000000,2278.00000000,0.13156674
157.00000000,2279.00000000,0.13176320
157.00000000,2280.00000000,0.13195637
157.00000000,2281.00000000,0.13214640
157.00000000,2282.00000000,0.13233332
157.00000000,2283.00000000,0.13251705
157.00000000,2284.00000000,0.13269782
157.00000000,2285.00000000,0.13287556
157.00000000,2286.00000000,0.13305024
157.00000000,2287.00000000,0.13322204
157.00000000,2288.00000000,0.13339093
157.00000000,2289.00000000,0.13355684
157.00000000,2290.00000000,0.13371999
157.00000000,2291.00000000,0.13388020
157.00000000,2292.00000000,0.13403771
157.00000000,2293.00000000,0.13419243
157.00000000,2294.00000000,0.13434431
157.00000000,2295.00000000,0.13449353
157.00000000,2296.00000000,0.13464002
157.00000000,2297.00000000,0.13478374
157.00000000,2298.00000000,0.13492483
157.00000000,2299.00000000,0.13506326
157.00000000,2300.00000000,0.13519894
157.00000000,2301.00000000,0.13533205
157.00000000,2302.00000000,0.13546243
157.00000000,2303.00000000,0.13559018
157.00000000,2304.00000000,0.13571528
157.00000000,2305.00000000,0.13583760
157.00000000,2306.00000000,0.13595728
157.00000000,2307.00000000,0.13607416
157.00000000,2308.00000000,0.13566223
157.00000000,2309.00000000,0.13524692
157.00000000,2310.00000000,0.13482822
157.00000000,2311.00000000,0.13440615
157.00000000,2312.00000000,0.13398092
157.00000000,2313.00000000,0.13355254
157.00000000,2314.00000000,0.13312101
157.00000000,2315.00000000,0.13268655
157.00000000,2316.00000000,0.13224909
157.00000000,2317.00000000,0.13180881
157.00000000,2318.00000000,0.13136570
157.00000000,2319.00000000,0.13091982
157.00000000,2320.00000000,0.13047131
157.00000000,2321.00000000,0.13002017
157.00000000,2322.00000000,0.12956641
157.00000000,2323.00000000,0.12911022
157.00000000,2324.00000000,0.12865158
157.00000000,2325.00000000,0.12819049
157.00000000,2326.00000000,0.12772711
157.00000000,2327.00000000,0.12726140
157.00000000,2328.00000000,0.12679352
157.00000000,2329.00000000,0.12632345
157.00000000,2330.00000000,0.12585120
157.00000000,2331.00000000,0.12537690
157.00000000,2332.00000000,0.12490058
157.00000000,2333.00000000,0.12442223
157.00000000,2334.00000000,0.12394197
157.00000000,2335.00000000,0.12345982
157.00000000,2336.00000000,0.12297576
157.00000000,2337.00000000,0.12248993
157.00000000,2338.00000000,0.12200233
157.00000000,2339.00000000,0.12151293
157.00000000,2340.00000000,0.12102190
157.00000000,2341.00000000,0.12052918
157.00000000,2342.00000000,0.12003488
157.00000000,2343.00000000,0.11953900
157.00000000,2344.00000000,0.11904154
157.00000000,2345.00000000,0.11854262
157.00000000,2346.00000000,0.11804223
157.00000000,2347.00000000,0.11754035
157.00000000,2348.00000000,0.11703713
157.00000000,2349.00000000,0.11653253
157.00000000,2350.00000000,0.11602655
157.00000000,2351.00000000,0.11551932
157.00000000,2352.00000000,0.11501078
157.00000000,2353.00000000,0.11450104
157.00000000,2354.00000000,0.11399010
157.00000000,2355.00000000,0.11347794
157.00000000,2356.00000000,0.11296469
157.00000000,2357.00000000,0.11245034
157.00000000,2358.00000000,0.11193483
157.00000000,2359.00000000,0.11141832
157.00000000,2360.00000000,0.11090077
157.00000000,2361.00000000,0.11038217
157.00000000,2362.00000000,0.10986264
157.00000000,2363.00000000,0.10934217
157.00000000,2364.00000000,0.10882071
157.00000000,2365.00000000,0.10829840
157.00000000,2366.00000000,0.10777516
157.00000000,2367.00000000,0.10725112
157.00000000,2368.00000000,0.10672625
157.00000000,2369.00000000,0.10620053
157.00000000,2370.00000000,0.10567406
157.00000000,2371.00000000,0.10514684
157.00000000,2372.00000000,0.10461885
157.00000000,2373.00000000,0.10409017
157.00000000,2374.00000000,0.10356080
157.00000000,2375.00000000,0.10303071
157.00000000,2376.00000000,0.10250003
157.00000000,2377.00000000,0.10196867
157.00000000,2378.00000000,0.10143675
157.00000000,2379.00000000,0.10090423
157.00000000,2380.00000000,0.10037110
157.00000000,2381.00000000,0.09983748
157.00000000,2382.00000000,0.09930331
157.00000000,2383.00000000,0.09876861
157.00000000,2384.00000000,0.09823345
157.00000000,2385.00000000,0.09769784
157.00000000,2386.00000000,0.09716171
157.00000000,2387.00000000,0.09662521
157.00000000,2388.00000000,0.09608823
157.00000000,2389.00000000,0.09555093
157.00000000,2390.00000000,0.09501323
157.00000000,2391.00000000,0.09447514
157.00000000,2392.00000000,0.09393673
157.00000000,2393.00000000,0.09339803
157.00000000,2394.00000000,0.09285896
157.00000000,2395.00000000,0.09231965
157.00000000,2396.00000000,0.09178007
157.00000000,2397.00000000,0.09124019
157.00000000,2398.00000000,0.09070012
157.00000000,2399.00000000,0.09015984
157.00000000,2400.00000000,0.08961931
157.00000000,2401.00000000,0.08907863
157.00000000,2402.00000000,0.08853777
157.00000000,2403.00000000,0.08799683
157.00000000,2404.00000000,0.08745580
157.00000000,2405.00000000,0.08691469
157.00000000,2406.00000000,0.08648765
157.00000000,2407.00000000,0.08639643
157.00000000,2408.00000000,0.08639705
157.00000000,2409.00000000,0.08639789
157.00000000,2410.00000000,0.08639888
157.00000000,2411.00000000,0.08639998
157.00000000,2412.00000000,0.08640128
157.00000000,2413.00000000,0.08641706
157.00000000,2414.00000000,0.08643304
157.00000000,2415.00000000,0.08644916
157.00000000,2416.00000000,0.08646537
157.00000000,2417.00000000,0.08648175
157.00000000,2418.00000000,0.08646983
157.00000000,2419.00000000,0.08645796
157.00000000,2420.00000000,0.08644627
157.00000000,2421.00000000,0.08643469
157.00000000,2422.00000000,0.08642315
157.00000000,2423.00000000,0.08641177
157.00000000,2424.00000000,0.08640049
157.00000000,2425.00000000,0.08638927
157.00000000,2426.00000000,0.08637818
157.00000000,2427.00000000,0.08636714
157.00000000,2428.00000000,0.08635624
157.00000000,2429.00000000,0.08634543
157.00000000,2430.00000000,0.08633465
157.00000000,2431.00000000,0.08632402
157.00000000,2432.00000000,0.08631346
157.00000000,2433.00000000,0.08630170
157.00000000,2434.00000000,0.08629007
157.00000000,2435.00000000,0.08627852
157.00000000,2436.00000000,0.08626698
157.00000000,2437.00000000,0.08625558
157.00000000,2438.00000000,0.08624418
157.00000000,2439.00000000,0.08623291
157.00000000,2440.00000000,0.08622171
157.00000000,2441.00000000,0.08621052
157.00000000,2442.00000000,0.08619944
157.00000000,2443.00000000,0.08618843
157.00000000,2444.00000000,0.08617742
157.00000000,2445.00000000,0.08616653
157.00000000,2446.00000000,0.08615570
157.00000000,2447.00000000,0.08614485
157.00000000,2448.00000000,0.08613413
157.00000000,2449.00000000,0.08612340
157.00000000,2450.00000000,0.08611277
157.00000000,2451.00000000,0.08610220
157.00000000,2452.00000000,0.08609163
157.00000000,2453.00000000,0.08608115
157.00000000,2454.00000000,0.08607072
157.00000000,2455.00000000,0.08606026
157.00000000,2456.00000000,0.08604991
157.00000000,2457.00000000,0.08603959
157.00000000,2458.00000000,0.08603200
157.00000000,2459.00000000,0.08602450
157.00000000,2460.00000000,0.08601703
157.00000000,2461.00000000,0.08600955
157.00000000,2462.00000000,0.08600215
157.00000000,2463.00000000,0.08599474
157.00000000,2464.00000000,0.08598742
157.00000000,2465.00000000,0.08598013
157.00000000,2466.00000000,0.08597281
157.00000000,2467.00000000,0.08596558
157.00000000,2468.00000000,0.08595839
157.00000000,2469.00000000,0.08595116
157.00000000,2470.00000000,0.08594403
157.00000000,2471.00000000,0.08593693
157.00000000,2472.00000000,0.08592978
157.00000000,2473.00000000,0.08592273
157.00000000,2474.00000000,0.08591563
157.00000000,2475.00000000,0.08590863
157.00000000,2476.00000000,0.08590165
157.00000000,2477.00000000,0.08589462
157.00000000,2478.00000000,0.08588768
157.00000000,2479.00000000,0.08588077
157.00000000,2480.00000000,0.08587382
157.00000000,2481.00000000,0.08586694
157.00000000,2482.00000000,0.08586011
157.00000000,2483.00000000,0.08585319
157.00000000,2484.00000000,0.08584639
157.00000000,2485.00000000,0.08583960
157.00000000,2486.00000000,0.08583275
157.00000000,2487.00000000,0.08582599
157.00000000,2488.00000000,0.08581918
157.00000000,2489.00000000,0.08581246
157.00000000,2490.00000000,0.08580575
157.00000000,2491.00000000,0.08579898
157.00000000,2492.00000000,0.08579230
157.00000000,2493.00000000,0.08578563
157.00000000,2494.00000000,0.08577890
157.00000000,2495.00000000,0.08577226
157.00000000,2496.00000000,0.08576564
157.00000000,2497.00000000,0.08575894
157.00000000,2498.00000000,0.08575233
157.00000000,2499.00000000,0.08574566
157.00000000,2500.00000000,0.08573908
158.00000000,1765.00000000,0.05920875
158.00000000,1766.00000000,0.05920875
158.00000000,1767.00000000,0.05920889
158.00000000,1768.00000000,0.05920905
158.00000000,1769.00000000,0.05920919
158.00000000,1770.00000000,0.05920945
158.00000000,1771.00000000,0.05920989
158.00000000,1772.00000000,0.05921046
158.00000000,1773.00000000,0.05921112
158.00000000,1774.00000000,0.05921188
158.00000000,1775.00000000,0.05921275
158.00000000,1776.00000000,0.05921378
158.00000000,1777.00000000,0.05921484
158.00000000,1778.00000000,0.05921619
158.00000000,1779.00000000,0.05921732
158.00000000,1780.00000000,0.05921875
158.00000000,1781.00000000,0.05922032
158.00000000,1782.00000000,0.05922199
158.00000000,1783.00000000,0.05922367
158.00000000,1784.00000000,0.05922539
158.00000000,1785.00000000,0.05922734
158.00000000,1786.00000000,0.05922927
158.00000000,1787.00000000,0.05923132
158.00000000,1788.00000000,0.05923337
158.00000000,1789.00000000,0.05923562
158.00000000,1790.00000000,0.05923776
158.00000000,1791.00000000,0.05924011
158.00000000,1792.00000000,0.05924253
158.00000000,1793.00000000,0.05924485
158.00000000,1794.00000000,0.05924741
158.00000000,1795.00000000,0.05925001
158.00000000,1796.00000000,0.05925247
158.00000000,1797.00000000,0.05925516
158.00000000,1798.00000000,0.05925783
158.00000000,1799.00000000,0.05926043
158.00000000,1800.00000000,0.05926325
158.00000000,1801.00000000,0.05926612
158.00000000,1802.00000000,0.05926875
158.00000000,1803.00000000,0.05927157
158.00000000,1804.00000000,0.05927442
158.00000000,1805.00000000,0.05927729
158.00000000,1806.00000000,0.05928018
158.00000000,1807.00000000,0.05928318
158.00000000,1808.00000000,0.05928607
158.00000000,1809.00000000,0.05928913
158.00000000,1810.00000000,0.05929195
158.00000000,1811.00000000,0.05929490
158.00000000,1812.00000000,0.05929792
158.00000000,1813.00000000,0.05930108
158.00000000,1814.00000000,0.05930405
158.00000000,1815.00000000,0.05930712
158.00000000,1816.00000000,0.05931018
158.00000000,1817.00000000,0.05931323
158.00000000,1818.00000000,0.05931632
158.00000000,1819.00000000,0.05931947
158.00000000,1820.00000000,0.05932239
158.00000000,1821.00000000,0.05932552
158.00000000,1822.00000000,0.05932860
158.00000000,1823.00000000,0.05933165
158.00000000,1824.00000000,0.05933472
158.00000000,1825.00000000,0.05933782
158.00000000,1826.00000000,0.05934095
158.00000000,1827.00000000,0.05934399
158.00000000,1828.00000000,0.05934704
158.00000000,1829.00000000,0.05935001
158.00000000,1830.00000000,0.05935309
158.00000000,1831.00000000,0.05935609
158.00000000,1832.00000000,0.05935915
158.00000000,1833.00000000,0.05936213
158.00000000,1834.00000000,0.05936515
158.00000000,1835.00000000,0.05936805
158.00000000,1836.00000000,0.05937099
158.00000000,1837.00000000,0.05937400
158.00000000,1838.00000000,0.05937689
158.00000000,1839.00000000,0.05937974
158.00000000,1840.00000000,0.05938259
158.00000000,1841.00000000,0.05938551
158.00000000,1842.00000000,0.05938830
158.00000000,1843.00000000,0.05939110
158.00000000,1844.00000000,0.05939388
158.00000000,1845.00000000,0.05939669
158.00000000,1846.00000000,0.05939943
158.00000000,1847.00000000,0.05940211
158.00000000,1848.00000000,0.05940481
158.00000000,1849.00000000,0.05940746
158.00000000,1850.00000000,0.05941008
158.00000000,1851.00000000,0.05941262
158.00000000,1852.00000000,0.05941516
158.00000000,1853.00000000,0.05941796
158.00000000,1854.00000000,0.05942086
158.00000000,1855.00000000,0.05942372
158.00000000,1856.00000000,0.05942649
158.00000000,1857.00000000,0.05942915
158.00000000,1858.00000000,0.05943175
158.00000000,1859.00000000,0.05943439
158.00000000,1860.00000000,0.05943690
158.00000000,1861.00000000,0.05943931
158.00000000,1862.00000000,0.05944171
158.00000000,1863.00000000,0.05944341
158.00000000,1864.00000000,0.05944479
158.00000000,1865.00000000,0.05944588
158.00000000,1866.00000000,0.05944667
158.00000000,1867.00000000,0.05944707
158.00000000,1868.00000000,0.05944743
158.00000000,1869.00000000,0.05944749
158.00000000,1870.00000000,0.05944737
158.00000000,1871.00000000,0.05944716
158.00000000,1872.00000000,0.05944695
158.00000000,1873.00000000,0.05944734
158.00000000,1874.00000000,0.05944812
158.00000000,1875.00000000,0.05944920
158.00000000,1876.00000000,0.05945040
158.00000000,1877.00000000,0.05945181
158.00000000,1878.00000000,0.05945335
158.00000000,1879.00000000,0.05945498
158.00000000,1880.00000000,0.05945667
158.00000000,1881.00000000,0.05945832
158.00000000,1882.00000000,0.05946000
158.00000000,1883.00000000,0.05946129
158.00000000,1884.00000000,0.05946230
158.00000000,1885.00000000,0.05946308
158.00000000,1886.00000000,0.05946373
158.00000000,1887.00000000,0.05946422
158.00000000,1888.00000000,0.05946461
158.00000000,1889.00000000,0.05946475
158.00000000,1890.00000000,0.05946464
158.00000000,1891.00000000,0.05946428
158.00000000,1892.00000000,0.05946364
158.00000000,1893.00000000,0.05946293
158.00000000,1894.00000000,0.05946222
158.00000000,1895.00000000,0.05946151
158.00000000,1896.00000000,0.05946090
158.00000000,1897.00000000,0.05946024
158.00000000,1898.00000000,0.05945944
158.00000000,1899.00000000,0.05945854
158.00000000,1900.00000000,0.05945735
158.00000000,1901.00000000,0.05945601
158.00000000,1902.00000000,0.05945475
158.00000000,1903.00000000,0.05945353
158.00000000,1904.00000000,0.05945244
158.00000000,1905.00000000,0.05945150
158.00000000,1906.00000000,0.05945076
158.00000000,1907.00000000,0.05945014
158.00000000,1908.00000000,0.05944945
158.00000000,1909.00000000,0.05944873
158.00000000,1910.00000000,0.05944808
158.00000000,1911.00000000,0.05944729
158.00000000,1912.00000000,0.05944603
158.00000000,1913.00000000,0.05944406
158.00000000,1914.00000000,0.05944139
158.00000000,1915.00000000,0.05943838
158.00000000,1916.00000000,0.05943534
158.00000000,1917.00000000,0.05943232
158.00000000,1918.00000000,0.05942917
158.00000000,1919.00000000,0.05942611
158.00000000,1920.00000000,0.05942351
158.00000000,1921.00000000,0.05942146
158.00000000,1922.00000000,0.05942020
158.00000000,1923.00000000,0.05941953
158.00000000,1924.00000000,0.05942452
158.00000000,1925.00000000,0.05942394
158.00000000,1926.00000000,0.05942337
158.00000000,1927.00000000,0.05942288
158.00000000,1928.00000000,0.05942253
158.00000000,1929.00000000,0.05942403
158.00000000,1930.00000000,0.05942391
158.00000000,1931.00000000,0.05942465
158.00000000,1932.00000000,0.05942643
158.00000000,1933.00000000,0.05942884
158.00000000,1934.00000000,0.05943172
158.00000000,1935.00000000,0.05943461
158.00000000,1936.00000000,0.05943711
158.00000000,1937.00000000,0.05943888
158.00000000,1938.00000000,0.05943975
158.00000000,1939.00000000,0.05944186
158.00000000,1940.00000000,0.05944154
158.00000000,1941.00000000,0.05944051
158.00000000,1942.00000000,0.05943868
158.00000000,1943.00000000,0.05943637
158.00000000,1944.00000000,0.05943365
158.00000000,1945.00000000,0.05943097
158.00000000,1946.00000000,0.05942902
158.00000000,1947.00000000,0.05942843
158.00000000,1948.00000000,0.05942844
158.00000000,1949.00000000,0.05943040
158.00000000,1950.00000000,0.05943044
158.00000000,1951.00000000,0.05943040
158.00000000,1952.00000000,0.05943095
158.00000000,1953.00000000,0.05943168
158.00000000,1954.00000000,0.05943239
158.00000000,1955.00000000,0.05943520
158.00000000,1956.00000000,0.05943617
158.00000000,1957.00000000,0.05943697
158.00000000,1958.00000000,0.05943927
158.00000000,1959.00000000,0.05943930
158.00000000,1960.00000000,0.05944147
158.00000000,1961.00000000,0.05943690
158.00000000,1962.00000000,0.05943342
158.00000000,1963.00000000,0.05942924
158.00000000,1964.00000000,0.05942602
158.00000000,1965.00000000,0.05942000
158.00000000,1966.00000000,0.05941279
158.00000000,1967.00000000,0.05940465
158.00000000,1968.00000000,0.05939522
158.00000000,1969.00000000,0.05938596
158.00000000,1970.00000000,0.05937305
158.00000000,1971.00000000,0.05935745
158.00000000,1972.00000000,0.05933860
158.00000000,1973.00000000,0.05931882
158.00000000,1974.00000000,0.05929675
158.00000000,1975.00000000,0.05927331
158.00000000,1976.00000000,0.05924761
158.00000000,1977.00000000,0.05922203
158.00000000,1978.00000000,0.05919629
158.00000000,1979.00000000,0.05917024
158.00000000,1980.00000000,0.05914546
158.00000000,1981.00000000,0.05912052
158.00000000,1982.00000000,0.05909523
158.00000000,1983.00000000,0.05907500
158.00000000,1984.00000000,0.05905615
158.00000000,1985.00000000,0.05904148
158.00000000,1986.00000000,0.05902633
158.00000000,1987.00000000,0.05901191
158.00000000,1988.00000000,0.05900847
158.00000000,1989.00000000,0.05899208
158.00000000,1990.00000000,0.05897704
158.00000000,1991.00000000,0.05896357
158.00000000,1992.00000000,0.05894873
158.00000000,1993.00000000,0.05893602
158.00000000,1994.00000000,0.05892964
158.00000000,1995.00000000,0.05891665
158.00000000,1996.00000000,0.05890551
158.00000000,1997.00000000,0.05889400
158.00000000,1998.00000000,0.05888370
158.00000000,1999.00000000,0.05887148
158.00000000,2000.00000000,0.05886116
158.00000000,2001.00000000,0.05884883
158.00000000,2002.00000000,0.05883789
158.00000000,2003.00000000,0.05883062
158.00000000,2004.00000000,0.05881518
158.00000000,2005.00000000,0.05880313
158.00000000,2006.00000000,0.05878444
158.00000000,2007.00000000,0.05876633
158.00000000,2008.00000000,0.05874729
158.00000000,2009.00000000,0.05871853
158.00000000,2010.00000000,0.05869308
158.00000000,2011.00000000,0.05866374
158.00000000,2012.00000000,0.05864683
158.00000000,2013.00000000,0.05861338
158.00000000,2014.00000000,0.05858321
158.00000000,2015.00000000,0.05854373
158.00000000,2016.00000000,0.05850223
158.00000000,2017.00000000,0.05846599
158.00000000,2018.00000000,0.05843323
158.00000000,2019.00000000,0.05839151
158.00000000,2020.00000000,0.05834451
158.00000000,2021.00000000,0.05830490
158.00000000,2022.00000000,0.05826582
158.00000000,2023.00000000,0.05822381
158.00000000,2024.00000000,0.05817378
158.00000000,2025.00000000,0.05813231
158.00000000,2026.00000000,0.05808444
158.00000000,2027.00000000,0.05803964
158.00000000,2028.00000000,0.05799084
158.00000000,2029.00000000,0.05794876
158.00000000,2030.00000000,0.05792058
158.00000000,2031.00000000,0.05788132
158.00000000,2032.00000000,0.05780428
158.00000000,2033.00000000,0.05776895
158.00000000,2034.00000000,0.05771324
158.00000000,2035.00000000,0.05765662
158.00000000,2036.00000000,0.05759629
158.00000000,2037.00000000,0.05755700
158.00000000,2038.00000000,0.05753785
158.00000000,2039.00000000,0.05748436
158.00000000,2040.00000000,0.05744040
158.00000000,2041.00000000,0.05740079
158.00000000,2042.00000000,0.05733744
158.00000000,2043.00000000,0.05727122
158.00000000,2044.00000000,0.05720734
158.00000000,2045.00000000,0.05715972
158.00000000,2046.00000000,0.05714214
158.00000000,2047.00000000,0.05706784
158.00000000,2048.00000000,0.05704269
158.00000000,2049.00000000,0.05699397
158.00000000,2050.00000000,0.05692006
158.00000000,2051.00000000,0.05683494
158.00000000,2052.00000000,0.05677839
158.00000000,2053.00000000,0.05673830
158.00000000,2054.00000000,0.05668032
158.00000000,2055.00000000,0.05663550
158.00000000,2056.00000000,0.05659696
158.00000000,2057.00000000,0.05658693
158.00000000,2058.00000000,0.05655080
158.00000000,2059.00000000,0.05649885
158.00000000,2060.00000000,0.05643977
158.00000000,2061.00000000,0.05644325
158.00000000,2062.00000000,0.05637205
158.00000000,2063.00000000,0.05635551
158.00000000,2064.00000000,0.05634797
158.00000000,2065.00000000,0.05639662
158.00000000,2066.00000000,0.05625900
158.00000000,2067.00000000,0.05623828
158.00000000,2068.00000000,0.05621650
158.00000000,2069.00000000,0.05616685
158.00000000,2070.00000000,0.05616131
158.00000000,2071.00000000,0.05619134
158.00000000,2072.00000000,0.05596058
158.00000000,2073.00000000,0.05586639
158.00000000,2074.00000000,0.05589859
158.00000000,2075.00000000,0.05591730
158.00000000,2076.00000000,0.05581657
158.00000000,2077.00000000,0.05553411
158.00000000,2078.00000000,0.05567666
158.00000000,2079.00000000,0.05539992
158.00000000,2080.00000000,0.05540703
158.00000000,2081.00000000,0.05555219
158.00000000,2082.00000000,0.05548183
158.00000000,2083.00000000,0.05544451
158.00000000,2084.00000000,0.05540246
158.00000000,2085.00000000,0.05547843
158.00000000,2086.00000000,0.05543170
158.00000000,2087.00000000,0.05551219
158.00000000,2088.00000000,0.05531351
158.00000000,2089.00000000,0.05508226
158.00000000,2090.00000000,0.05488529
158.00000000,2091.00000000,0.05491619
158.00000000,2092.00000000,0.05500410
158.00000000,2093.00000000,0.05505176
158.00000000,2094.00000000,0.05518085
158.00000000,2095.00000000,0.05527288
158.00000000,2096.00000000,0.05513072
158.00000000,2097.00000000,0.05517978
158.00000000,2098.00000000,0.05532272
158.00000000,2099.00000000,0.05535131
158.00000000,2100.00000000,0.05533823
158.00000000,2101.00000000,0.05539303
158.00000000,2102.00000000,0.05535811
158.00000000,2103.00000000,0.05497994
158.00000000,2104.00000000,0.05508835
158.00000000,2105.00000000,0.05532144
158.00000000,2106.00000000,0.05543347
158.00000000,2107.00000000,0.05534448
158.00000000,2108.00000000,0.05567649
158.00000000,2109.00000000,0.05589397
158.00000000,2110.00000000,0.05593764
158.00000000,2111.00000000,0.05601067
158.00000000,2112.00000000,0.05605228
158.00000000,2113.00000000,0.05634211
158.00000000,2114.00000000,0.05656518
158.00000000,2115.00000000,0.05672136
158.00000000,2116.00000000,0.05682817
158.00000000,2117.00000000,0.05705143
158.00000000,2118.00000000,0.05724916
158.00000000,2119.00000000,0.05729247
158.00000000,2120.00000000,0.05747934
158.00000000,2121.00000000,0.05773484
158.00000000,2122.00000000,0.05801116
158.00000000,2123.00000000,0.05825252
158.00000000,2124.00000000,0.05853207
158.00000000,2125.00000000,0.05872728
158.00000000,2126.00000000,0.05903678
158.00000000,2127.00000000,0.05940333
158.00000000,2128.00000000,0.05987281
158.00000000,2129.00000000,0.06015136
158.00000000,2130.00000000,0.06045176
158.00000000,2131.00000000,0.06086119
158.00000000,2132.00000000,0.06091168
158.00000000,2133.00000000,0.06090316
158.00000000,2134.00000000,0.06136661
158.00000000,2135.00000000,0.06163783
158.00000000,2136.00000000,0.06179912
158.00000000,2137.00000000,0.06228745
158.00000000,2138.00000000,0.06224287
158.00000000,2139.00000000,0.06202658
158.00000000,2140.00000000,0.06200604
158.00000000,2141.00000000,0.06202477
158.00000000,2142.00000000,0.06235650
158.00000000,2143.00000000,0.06264835
158.00000000,2144.00000000,0.06296041
158.00000000,2145.00000000,0.06323717
158.00000000,2146.00000000,0.06362245
158.00000000,2147.00000000,0.06387261
158.00000000,2148.00000000,0.06401279
158.00000000,2149.00000000,0.06421052
158.00000000,2150.00000000,0.06408013
158.00000000,2151.00000000,0.06414524
158.00000000,2152.00000000,0.06438971
158.00000000,2153.00000000,0.06465652
158.00000000,2154.00000000,0.06493981
158.00000000,2155.00000000,0.06518137
158.00000000,2156.00000000,0.06520577
158.00000000,2157.00000000,0.06525341
158.00000000,2158.00000000,0.06559818
158.00000000,2159.00000000,0.06593966
158.00000000,2160.00000000,0.06611538
158.00000000,2161.00000000,0.06674548
158.00000000,2162.00000000,0.06745807
158.00000000,2163.00000000,0.06803794
158.00000000,2164.00000000,0.06845003
158.00000000,2165.00000000,0.06886677
158.00000000,2166.00000000,0.06928821
158.00000000,2167.00000000,0.06971383
158.00000000,2168.00000000,0.07014363
158.00000000,2169.00000000,0.07068928
158.00000000,2170.00000000,0.07123931
158.00000000,2171.00000000,0.07179372
158.00000000,2172.00000000,0.07235242
158.00000000,2173.00000000,0.07291533
158.00000000,2174.00000000,0.07348243
158.00000000,2175.00000000,0.07405366
158.00000000,2176.00000000,0.07462892
158.00000000,2177.00000000,0.07520822
158.00000000,2178.00000000,0.07579145
158.00000000,2179.00000000,0.07632868
158.00000000,2180.00000000,0.07686968
158.00000000,2181.00000000,0.07741438
158.00000000,2182.00000000,0.07796281
158.00000000,2183.00000000,0.07851495
158.00000000,2184.00000000,0.07907078
158.00000000,2185.00000000,0.07963035
158.00000000,2186.00000000,0.08019365
158.00000000,2187.00000000,0.08076068
158.00000000,2188.00000000,0.08133153
158.00000000,2189.00000000,0.08201127
158.00000000,2190.00000000,0.08269511
158.00000000,2191.00000000,0.08338308
158.00000000,2192.00000000,0.08407512
158.00000000,2193.00000000,0.08477116
158.00000000,2194.00000000,0.08547123
158.00000000,2195.00000000,0.08617527
158.00000000,2196.00000000,0.08688329
158.00000000,2197.00000000,0.08759527
158.00000000,2198.00000000,0.08831118
158.00000000,2199.00000000,0.08910871
158.00000000,2200.00000000,0.08991039
158.00000000,2201.00000000,0.09071616
158.00000000,2202.00000000,0.09152602
158.00000000,2203.00000000,0.09233990
158.00000000,2204.00000000,0.09315772
158.00000000,2205.00000000,0.09397949
158.00000000,2206.00000000,0.09480511
158.00000000,2207.00000000,0.09563460
158.00000000,2208.00000000,0.09646785
158.00000000,2209.00000000,0.09730034
158.00000000,2210.00000000,0.09813654
158.00000000,2211.00000000,0.09897633
158.00000000,2212.00000000,0.09981964
158.00000000,2213.00000000,0.10066648
158.00000000,2214.00000000,0.10151676
158.00000000,2215.00000000,0.10237038
158.00000000,2216.00000000,0.10322735
158.00000000,2217.00000000,0.10408753
158.00000000,2218.00000000,0.10495080
158.00000000,2219.00000000,0.10564210
158.00000000,2220.00000000,0.10633571
158.00000000,2221.00000000,0.10703166
158.00000000,2222.00000000,0.10772991
158.00000000,2223.00000000,0.10843038
158.00000000,2224.00000000,0.10913312
158.00000000,2225.00000000,0.10983806
158.00000000,2226.00000000,0.11054513
158.00000000,2227.00000000,0.11125435
158.00000000,2228.00000000,0.11196563
158.00000000,2229.00000000,0.11251850
158.00000000,2230.00000000,0.11307278
158.00000000,2231.00000000,0.11362837
158.00000000,2232.00000000,0.11418535
158.00000000,2233.00000000,0.11474367
158.00000000,2234.00000000,0.11530332
158.00000000,2235.00000000,0.11586433
158.00000000,2236.00000000,0.11642668
158.00000000,2237.00000000,0.11699032
158.00000000,2238.00000000,0.11755527
158.00000000,2239.00000000,0.11803052
158.00000000,2240.00000000,0.11850664
158.00000000,2241.00000000,0.11898371
158.00000000,2242.00000000,0.11946166
158.00000000,2243.00000000,0.11994058
158.00000000,2244.00000000,0.12042043
158.00000000,2245.00000000,0.12090116
158.00000000,2246.00000000,0.12138287
158.00000000,2247.00000000,0.12186552
158.00000000,2248.00000000,0.12234903
158.00000000,2249.00000000,0.12273800
158.00000000,2250.00000000,0.12312654
158.00000000,2251.00000000,0.12351304
158.00000000,2252.00000000,0.12389610
158.00000000,2253.00000000,0.12427487
158.00000000,2254.00000000,0.12464893
158.00000000,2255.00000000,0.12501825
158.00000000,2256.00000000,0.12538269
158.00000000,2257.00000000,0.12574233
158.00000000,2258.00000000,0.12609714
158.00000000,2259.00000000,0.12637284
158.00000000,2260.00000000,0.12664364
158.00000000,2261.00000000,0.12690961
158.00000000,2262.00000000,0.12717090
158.00000000,2263.00000000,0.12742779
158.00000000,2264.00000000,0.12768037
158.00000000,2265.00000000,0.12792871
158.00000000,2266.00000000,0.12817299
158.00000000,2267.00000000,0.12841321
158.00000000,2268.00000000,0.12864953
158.00000000,2269.00000000,0.12888198
158.00000000,2270.00000000,0.12911061
158.00000000,2271.00000000,0.12933555
158.00000000,2272.00000000,0.12955684
158.00000000,2273.00000000,0.12977448
158.00000000,2274.00000000,0.12998865
158.00000000,2275.00000000,0.13019934
158.00000000,2276.00000000,0.13040657
158.00000000,2277.00000000,0.13061050
158.00000000,2278.00000000,0.13081111
158.00000000,2279.00000000,0.13100844
158.00000000,2280.00000000,0.13120260
158.00000000,2281.00000000,0.13139356
158.00000000,2282.00000000,0.13158143
158.00000000,2283.00000000,0.13176625
158.00000000,2284.00000000,0.13194794
158.00000000,2285.00000000,0.13212672
158.00000000,2286.00000000,0.13230253
158.00000000,2287.00000000,0.13247533
158.00000000,2288.00000000,0.13264531
158.00000000,2289.00000000,0.13281243
158.00000000,2290.00000000,0.13297661
158.00000000,2291.00000000,0.13313808
158.00000000,2292.00000000,0.13329666
158.00000000,2293.00000000,0.13345258
158.00000000,2294.00000000,0.13360575
158.00000000,2295.00000000,0.13375614
158.00000000,2296.00000000,0.13390389
158.00000000,2297.00000000,0.13404897
158.00000000,2298.00000000,0.13419130
158.00000000,2299.00000000,0.13433107
158.00000000,2300.00000000,0.13446820
158.00000000,2301.00000000,0.13460261
158.00000000,2302.00000000,0.13473447
158.00000000,2303.00000000,0.13486362
158.00000000,2304.00000000,0.13499020
158.00000000,2305.00000000,0.13511415
158.00000000,2306.00000000,0.13523534
158.00000000,2307.00000000,0.13535393
158.00000000,2308.00000000,0.13546975
158.00000000,2309.00000000,0.13505913
158.00000000,2310.00000000,0.13464516
158.00000000,2311.00000000,0.13422784
158.00000000,2312.00000000,0.13380719
158.00000000,2313.00000000,0.13338341
158.00000000,2314.00000000,0.13295652
158.00000000,2315.00000000,0.13252651
158.00000000,2316.00000000,0.13209359
158.00000000,2317.00000000,0.13165771
158.00000000,2318.00000000,0.13121903
158.00000000,2319.00000000,0.13077756
158.00000000,2320.00000000,0.13033334
158.00000000,2321.00000000,0.12988652
158.00000000,2322.00000000,0.12943710
158.00000000,2323.00000000,0.12898508
158.00000000,2324.00000000,0.12853065
158.00000000,2325.00000000,0.12807380
158.00000000,2326.00000000,0.12761453
158.00000000,2327.00000000,0.12715297
158.00000000,2328.00000000,0.12668912
158.00000000,2329.00000000,0.12622311
158.00000000,2330.00000000,0.12575494
158.00000000,2331.00000000,0.12528460
158.00000000,2332.00000000,0.12481224
158.00000000,2333.00000000,0.12433786
158.00000000,2334.00000000,0.12386147
158.00000000,2335.00000000,0.12338320
158.00000000,2336.00000000,0.12290304
158.00000000,2337.00000000,0.12242099
158.00000000,2338.00000000,0.12193720
158.00000000,2339.00000000,0.12145164
158.00000000,2340.00000000,0.12096432
158.00000000,2341.00000000,0.12047536
158.00000000,2342.00000000,0.11998470
158.00000000,2343.00000000,0.11949251
158.00000000,2344.00000000,0.11899874
158.00000000,2345.00000000,0.11850340
158.00000000,2346.00000000,0.11800662
158.00000000,2347.00000000,0.11750837
158.00000000,2348.00000000,0.11700865
158.00000000,2349.00000000,0.11650759
158.00000000,2350.00000000,0.11600518
158.00000000,2351.00000000,0.11550139
158.00000000,2352.00000000,0.11499636
158.00000000,2353.00000000,0.11449003
158.00000000,2354.00000000,0.11398253
158.00000000,2355.00000000,0.11347383
158.00000000,2356.00000000,0.11296391
158.00000000,2357.00000000,0.11245290
158.00000000,2358.00000000,0.11194079
158.00000000,2359.00000000,0.11142755
158.00000000,2360.00000000,0.11091331
158.00000000,2361.00000000,0.11039804
158.00000000,2362.00000000,0.10988173
158.00000000,2363.00000000,0.10936450
158.00000000,2364.00000000,0.10884631
158.00000000,2365.00000000,0.10832716
158.00000000,2366.00000000,0.10780715
158.00000000,2367.00000000,0.10728623
158.00000000,2368.00000000,0.10676452
158.00000000,2369.00000000,0.10624197
158.00000000,2370.00000000,0.10571858
158.00000000,2371.00000000,0.10519445
158.00000000,2372.00000000,0.10466958
158.00000000,2373.00000000,0.10414392
158.00000000,2374.00000000,0.10361759
158.00000000,2375.00000000,0.10309059
158.00000000,2376.00000000,0.10256286
158.00000000,2377.00000000,0.10203453
158.00000000,2378.00000000,0.10150554
158.00000000,2379.00000000,0.10097598
158.00000000,2380.00000000,0.10044585
158.00000000,2381.00000000,0.09991509
158.00000000,2382.00000000,0.09938384
158.00000000,2383.00000000,0.09885207
158.00000000,2384.00000000,0.09831974
158.00000000,2385.00000000,0.09778698
158.00000000,2386.00000000,0.09725374
158.00000000,2387.00000000,0.09672002
158.00000000,2388.00000000,0.09618590
158.00000000,2389.00000000,0.09565134
158.00000000,2390.00000000,0.09511642
158.00000000,2391.00000000,0.09458114
158.00000000,2392.00000000,0.09404544
158.00000000,2393.00000000,0.09350946
158.00000000,2394.00000000,0.09297316
158.00000000,2395.00000000,0.09243649
158.00000000,2396.00000000,0.09189960
158.00000000,2397.00000000,0.09136244
158.00000000,2398.00000000,0.09082497
158.00000000,2399.00000000,0.09028732
158.00000000,2400.00000000,0.08974946
158.00000000,2401.00000000,0.08921135
158.00000000,2402.00000000,0.08867310
158.00000000,2403.00000000,0.08813466
158.00000000,2404.00000000,0.08759614
158.00000000,2405.00000000,0.08705754
158.00000000,2406.00000000,0.08651886
158.00000000,2407.00000000,0.08609374
158.00000000,2408.00000000,0.08600289
158.00000000,2409.00000000,0.08600348
158.00000000,2410.00000000,0.08600428
158.00000000,2411.00000000,0.08600524
158.00000000,2412.00000000,0.08600630
158.00000000,2413.00000000,0.08600756
158.00000000,2414.00000000,0.08602324
158.00000000,2415.00000000,0.08603911
158.00000000,2416.00000000,0.08605513
158.00000000,2417.00000000,0.08607122
158.00000000,2418.00000000,0.08608750
158.00000000,2419.00000000,0.08607559
158.00000000,2420.00000000,0.08606376
158.00000000,2421.00000000,0.08605208
158.00000000,2422.00000000,0.08604051
158.00000000,2423.00000000,0.08602899
158.00000000,2424.00000000,0.08601763
158.00000000,2425.00000000,0.08600637
158.00000000,2426.00000000,0.08599515
158.00000000,2427.00000000,0.08598408
158.00000000,2428.00000000,0.08597306
158.00000000,2429.00000000,0.08596217
158.00000000,2430.00000000,0.08595137
158.00000000,2431.00000000,0.08594061
158.00000000,2432.00000000,0.08592997
158.00000000,2433.00000000,0.08591944
158.00000000,2434.00000000,0.08590768
158.00000000,2435.00000000,0.08589608
158.00000000,2436.00000000,0.08588453
158.00000000,2437.00000000,0.08587301
158.00000000,2438.00000000,0.08586161
158.00000000,2439.00000000,0.08585024
158.00000000,2440.00000000,0.08583898
158.00000000,2441.00000000,0.08582779
158.00000000,2442.00000000,0.08581661
158.00000000,2443.00000000,0.08580555
158.00000000,2444.00000000,0.08579455
158.00000000,2445.00000000,0.08578355
158.00000000,2446.00000000,0.08577266
158.00000000,2447.00000000,0.08576183
158.00000000,2448.00000000,0.08575100
158.00000000,2449.00000000,0.08574029
158.00000000,2450.00000000,0.08572956
158.00000000,2451.00000000,0.08571895
158.00000000,2452.00000000,0.08570838
158.00000000,2453.00000000,0.08569780
158.00000000,2454.00000000,0.08568733
158.00000000,2455.00000000,0.08567690
158.00000000,2456.00000000,0.08566645
158.00000000,2457.00000000,0.08565609
158.00000000,2458.00000000,0.08564578
158.00000000,2459.00000000,0.08563818
158.00000000,2460.00000000,0.08563066
158.00000000,2461.00000000,0.08562320
158.00000000,2462.00000000,0.08561569
158.00000000,2463.00000000,0.08560829
158.00000000,2464.00000000,0.08560086
158.00000000,2465.00000000,0.08559353
158.00000000,2466.00000000,0.08558622
158.00000000,2467.00000000,0.08557889
158.00000000,2468.00000000,0.08557166
158.00000000,2469.00000000,0.08556444
158.00000000,2470.00000000,0.08555720
158.00000000,2471.00000000,0.08555006
158.00000000,2472.00000000,0.08554294
158.00000000,2473.00000000,0.08553577
158.00000000,2474.00000000,0.08552871
158.00000000,2475.00000000,0.08552160
158.00000000,2476.00000000,0.08551458
158.00000000,2477.00000000,0.08550758
158.00000000,2478.00000000,0.08550055
158.00000000,2479.00000000,0.08549360
158.00000000,2480.00000000,0.08548668
158.00000000,2481.00000000,0.08547970
158.00000000,2482.00000000,0.08547282
158.00000000,2483.00000000,0.08546595
158.00000000,2484.00000000,0.08545903
158.00000000,2485.00000000,0.08545221
158.00000000,2486.00000000,0.08544540
158.00000000,2487.00000000,0.08543854
158.00000000,2488.00000000,0.08543177
158.00000000,2489.00000000,0.08542494
158.00000000,2490.00000000,0.08541820
158.00000000,2491.00000000,0.08541147
158.00000000,2492.00000000,0.08540468
158.00000000,2493.00000000,0.08539799
158.00000000,2494.00000000,0.08539131
158.00000000,2495.00000000,0.08538456
158.00000000,2496.00000000,0.08537790
158.00000000,2497.00000000,0.08537126
158.00000000,2498.00000000,0.08536455
158.00000000,2499.00000000,0.08535792
158.00000000,2500.00000000,0.08535124
159.00000000,1765.00000000,0.05886871
159.00000000,1766.00000000,0.05886858
159.00000000,1767.00000000,0.05886862
159.00000000,1768.00000000,0.05886883
159.00000000,1769.00000000,0.05886907
159.00000000,1770.00000000,0.05886932
159.00000000,1771.00000000,0.05886969
159.00000000,1772.00000000,0.05887024
159.00000000,1773.00000000,0.05887093
159.00000000,1774.00000000,0.05887169
159.00000000,1775.00000000,0.05887256
159.00000000,1776.00000000,0.05887354
159.00000000,1777.00000000,0.05887467
159.00000000,1778.00000000,0.05887584
159.00000000,1779.00000000,0.05887729
159.00000000,1780.00000000,0.05887852
159.00000000,1781.00000000,0.05888004
159.00000000,1782.00000000,0.05888168
159.00000000,1783.00000000,0.05888344
159.00000000,1784.00000000,0.05888520
159.00000000,1785.00000000,0.05888699
159.00000000,1786.00000000,0.05888901
159.00000000,1787.00000000,0.05889101
159.00000000,1788.00000000,0.05889311
159.00000000,1789.00000000,0.05889523
159.00000000,1790.00000000,0.05889752
159.00000000,1791.00000000,0.05889972
159.00000000,1792.00000000,0.05890211
159.00000000,1793.00000000,0.05890457
159.00000000,1794.00000000,0.05890693
159.00000000,1795.00000000,0.05890953
159.00000000,1796.00000000,0.05891215
159.00000000,1797.00000000,0.05891465
159.00000000,1798.00000000,0.05891737
159.00000000,1799.00000000,0.05892005
159.00000000,1800.00000000,0.05892268
159.00000000,1801.00000000,0.05892551
159.00000000,1802.00000000,0.05892839
159.00000000,1803.00000000,0.05893104
159.00000000,1804.00000000,0.05893386
159.00000000,1805.00000000,0.05893673
159.00000000,1806.00000000,0.05893961
159.00000000,1807.00000000,0.05894250
159.00000000,1808.00000000,0.05894551
159.00000000,1809.00000000,0.05894840
159.00000000,1810.00000000,0.05895146
159.00000000,1811.00000000,0.05895429
159.00000000,1812.00000000,0.05895723
159.00000000,1813.00000000,0.05896024
159.00000000,1814.00000000,0.05896340
159.00000000,1815.00000000,0.05896636
159.00000000,1816.00000000,0.05896942
159.00000000,1817.00000000,0.05897247
159.00000000,1818.00000000,0.05897551
159.00000000,1819.00000000,0.05897858
159.00000000,1820.00000000,0.05898171
159.00000000,1821.00000000,0.05898462
159.00000000,1822.00000000,0.05898774
159.00000000,1823.00000000,0.05899080
159.00000000,1824.00000000,0.05899384
159.00000000,1825.00000000,0.05899689
159.00000000,1826.00000000,0.05899996
159.00000000,1827.00000000,0.05900306
159.00000000,1828.00000000,0.05900609
159.00000000,1829.00000000,0.05900911
159.00000000,1830.00000000,0.05901205
159.00000000,1831.00000000,0.05901510
159.00000000,1832.00000000,0.05901806
159.00000000,1833.00000000,0.05902109
159.00000000,1834.00000000,0.05902404
159.00000000,1835.00000000,0.05902703
159.00000000,1836.00000000,0.05902990
159.00000000,1837.00000000,0.05903281
159.00000000,1838.00000000,0.05903577
159.00000000,1839.00000000,0.05903863
159.00000000,1840.00000000,0.05904145
159.00000000,1841.00000000,0.05904426
159.00000000,1842.00000000,0.05904714
159.00000000,1843.00000000,0.05904989
159.00000000,1844.00000000,0.05905265
159.00000000,1845.00000000,0.05905539
159.00000000,1846.00000000,0.05905816
159.00000000,1847.00000000,0.05906085
159.00000000,1848.00000000,0.05906349
159.00000000,1849.00000000,0.05906615
159.00000000,1850.00000000,0.05906875
159.00000000,1851.00000000,0.05907130
159.00000000,1852.00000000,0.05907378
159.00000000,1853.00000000,0.05907657
159.00000000,1854.00000000,0.05907946
159.00000000,1855.00000000,0.05908231
159.00000000,1856.00000000,0.05908506
159.00000000,1857.00000000,0.05908773
159.00000000,1858.00000000,0.05909031
159.00000000,1859.00000000,0.05909284
159.00000000,1860.00000000,0.05909541
159.00000000,1861.00000000,0.05909784
159.00000000,1862.00000000,0.05910009
159.00000000,1863.00000000,0.05910197
159.00000000,1864.00000000,0.05910323
159.00000000,1865.00000000,0.05910429
159.00000000,1866.00000000,0.05910508
159.00000000,1867.00000000,0.05910562
159.00000000,1868.00000000,0.05910580
159.00000000,1869.00000000,0.05910594
159.00000000,1870.00000000,0.05910580
159.00000000,1871.00000000,0.05910554
159.00000000,1872.00000000,0.05910543
159.00000000,1873.00000000,0.05910577
159.00000000,1874.00000000,0.05910654
159.00000000,1875.00000000,0.05910758
159.00000000,1876.00000000,0.05910885
159.00000000,1877.00000000,0.05911019
159.00000000,1878.00000000,0.05911170
159.00000000,1879.00000000,0.05911334
159.00000000,1880.00000000,0.05911499
159.00000000,1881.00000000,0.05911667
159.00000000,1882.00000000,0.05911832
159.00000000,1883.00000000,0.05911962
159.00000000,1884.00000000,0.05912058
159.00000000,1885.00000000,0.05912137
159.00000000,1886.00000000,0.05912198
159.00000000,1887.00000000,0.05912251
159.00000000,1888.00000000,0.05912285
159.00000000,1889.00000000,0.05912300
159.00000000,1890.00000000,0.05912289
159.00000000,1891.00000000,0.05912250
159.00000000,1892.00000000,0.05912189
159.00000000,1893.00000000,0.05912114
159.00000000,1894.00000000,0.05912040
159.00000000,1895.00000000,0.05911977
159.00000000,1896.00000000,0.05911908
159.00000000,1897.00000000,0.05911841
159.00000000,1898.00000000,0.05911766
159.00000000,1899.00000000,0.05911669
159.00000000,1900.00000000,0.05911554
159.00000000,1901.00000000,0.05911414
159.00000000,1902.00000000,0.05911290
159.00000000,1903.00000000,0.05911168
159.00000000,1904.00000000,0.05911056
159.00000000,1905.00000000,0.05910961
159.00000000,1906.00000000,0.05910884
159.00000000,1907.00000000,0.05910821
159.00000000,1908.00000000,0.05910750
159.00000000,1909.00000000,0.05910675
159.00000000,1910.00000000,0.05910604
159.00000000,1911.00000000,0.05910526
159.00000000,1912.00000000,0.05910397
159.00000000,1913.00000000,0.05910199
159.00000000,1914.00000000,0.05909928
159.00000000,1915.00000000,0.05909624
159.00000000,1916.00000000,0.05909319
159.00000000,1917.00000000,0.05909011
159.00000000,1918.00000000,0.05908694
159.00000000,1919.00000000,0.05908383
159.00000000,1920.00000000,0.05908117
159.00000000,1921.00000000,0.05907908
159.00000000,1922.00000000,0.05907773
159.00000000,1923.00000000,0.05907698
159.00000000,1924.00000000,0.05907639
159.00000000,1925.00000000,0.05908121
159.00000000,1926.00000000,0.05908054
159.00000000,1927.00000000,0.05907994
159.00000000,1928.00000000,0.05907952
159.00000000,1929.00000000,0.05907909
159.00000000,1930.00000000,0.05908071
159.00000000,1931.00000000,0.05908137
159.00000000,1932.00000000,0.05908305
159.00000000,1933.00000000,0.05908537
159.00000000,1934.00000000,0.05908816
159.00000000,1935.00000000,0.05909094
159.00000000,1936.00000000,0.05909338
159.00000000,1937.00000000,0.05909510
159.00000000,1938.00000000,0.05909585
159.00000000,1939.00000000,0.05909600
159.00000000,1940.00000000,0.05909753
159.00000000,1941.00000000,0.05909642
159.00000000,1942.00000000,0.05909452
159.00000000,1943.00000000,0.05909215
159.00000000,1944.00000000,0.05908942
159.00000000,1945.00000000,0.05908666
159.00000000,1946.00000000,0.05908468
159.00000000,1947.00000000,0.05908400
159.00000000,1948.00000000,0.05908402
159.00000000,1949.00000000,0.05908404
159.00000000,1950.00000000,0.05908587
159.00000000,1951.00000000,0.05908576
159.00000000,1952.00000000,0.05908626
159.00000000,1953.00000000,0.05908692
159.00000000,1954.00000000,0.05908761
159.00000000,1955.00000000,0.05908850
159.00000000,1956.00000000,0.05909127
159.00000000,1957.00000000,0.05909198
159.00000000,1958.00000000,0.05909239
159.00000000,1959.00000000,0.05909418
159.00000000,1960.00000000,0.05909272
159.00000000,1961.00000000,0.05909350
159.00000000,1962.00000000,0.05908822
159.00000000,1963.00000000,0.05908403
159.00000000,1964.00000000,0.05907898
159.00000000,1965.00000000,0.05907469
159.00000000,1966.00000000,0.05906756
159.00000000,1967.00000000,0.05905934
159.00000000,1968.00000000,0.05905000
159.00000000,1969.00000000,0.05903891
159.00000000,1970.00000000,0.05902777
159.00000000,1971.00000000,0.05901229
159.00000000,1972.00000000,0.05899352
159.00000000,1973.00000000,0.05897196
159.00000000,1974.00000000,0.05894996
159.00000000,1975.00000000,0.05892660
159.00000000,1976.00000000,0.05890286
159.00000000,1977.00000000,0.05887735
159.00000000,1978.00000000,0.05885171
159.00000000,1979.00000000,0.05882579
159.00000000,1980.00000000,0.05879928
159.00000000,1981.00000000,0.05877445
159.00000000,1982.00000000,0.05875110
159.00000000,1983.00000000,0.05872909
159.00000000,1984.00000000,0.05871210
159.00000000,1985.00000000,0.05869566
159.00000000,1986.00000000,0.05868241
159.00000000,1987.00000000,0.05866794
159.00000000,1988.00000000,0.05865365
159.00000000,1989.00000000,0.05864993
159.00000000,1990.00000000,0.05863314
159.00000000,1991.00000000,0.05861791
159.00000000,1992.00000000,0.05860482
159.00000000,1993.00000000,0.05859040
159.00000000,1994.00000000,0.05857855
159.00000000,1995.00000000,0.05857278
159.00000000,1996.00000000,0.05855989
159.00000000,1997.00000000,0.05854834
159.00000000,1998.00000000,0.05853626
159.00000000,1999.00000000,0.05852583
159.00000000,2000.00000000,0.05851369
159.00000000,2001.00000000,0.05850317
159.00000000,2002.00000000,0.05849044
159.00000000,2003.00000000,0.05847951
159.00000000,2004.00000000,0.05847132
159.00000000,2005.00000000,0.05845383
159.00000000,2006.00000000,0.05843876
159.00000000,2007.00000000,0.05841709
159.00000000,2008.00000000,0.05839627
159.00000000,2009.00000000,0.05837481
159.00000000,2010.00000000,0.05834394
159.00000000,2011.00000000,0.05831652
159.00000000,2012.00000000,0.05828529
159.00000000,2013.00000000,0.05826635
159.00000000,2014.00000000,0.05823095
159.00000000,2015.00000000,0.05819883
159.00000000,2016.00000000,0.05815750
159.00000000,2017.00000000,0.05811426
159.00000000,2018.00000000,0.05807633
159.00000000,2019.00000000,0.05804194
159.00000000,2020.00000000,0.05799877
159.00000000,2021.00000000,0.05795046
159.00000000,2022.00000000,0.05790965
159.00000000,2023.00000000,0.05786954
159.00000000,2024.00000000,0.05782671
159.00000000,2025.00000000,0.05777603
159.00000000,2026.00000000,0.05773393
159.00000000,2027.00000000,0.05768558
159.00000000,2028.00000000,0.05764033
159.00000000,2029.00000000,0.05759116
159.00000000,2030.00000000,0.05754871
159.00000000,2031.00000000,0.05752005
159.00000000,2032.00000000,0.05748031
159.00000000,2033.00000000,0.05740285
159.00000000,2034.00000000,0.05736669
159.00000000,2035.00000000,0.05731022
159.00000000,2036.00000000,0.05725282
159.00000000,2037.00000000,0.05719176
159.00000000,2038.00000000,0.05715160
159.00000000,2039.00000000,0.05713147
159.00000000,2040.00000000,0.05707728
159.00000000,2041.00000000,0.05703256
159.00000000,2042.00000000,0.05699205
159.00000000,2043.00000000,0.05692782
159.00000000,2044.00000000,0.05686065
159.00000000,2045.00000000,0.05679580
159.00000000,2046.00000000,0.05674708
159.00000000,2047.00000000,0.05672821
159.00000000,2048.00000000,0.05665306
159.00000000,2049.00000000,0.05662678
159.00000000,2050.00000000,0.05657715
159.00000000,2051.00000000,0.05650256
159.00000000,2052.00000000,0.05641691
159.00000000,2053.00000000,0.05635968
159.00000000,2054.00000000,0.05631885
159.00000000,2055.00000000,0.05626032
159.00000000,2056.00000000,0.05621490
159.00000000,2057.00000000,0.05617577
159.00000000,2058.00000000,0.05616496
159.00000000,2059.00000000,0.05612828
159.00000000,2060.00000000,0.05607596
159.00000000,2061.00000000,0.05601669
159.00000000,2062.00000000,0.05601985
159.00000000,2063.00000000,0.05594932
159.00000000,2064.00000000,0.05593331
159.00000000,2065.00000000,0.05592641
159.00000000,2066.00000000,0.05597536
159.00000000,2067.00000000,0.05583945
159.00000000,2068.00000000,0.05581956
159.00000000,2069.00000000,0.05579862
159.00000000,2070.00000000,0.05574998
159.00000000,2071.00000000,0.05574518
159.00000000,2072.00000000,0.05577594
159.00000000,2073.00000000,0.05554811
159.00000000,2074.00000000,0.05545601
159.00000000,2075.00000000,0.05548945
159.00000000,2076.00000000,0.05550952
159.00000000,2077.00000000,0.05541097
159.00000000,2078.00000000,0.05513196
159.00000000,2079.00000000,0.05527480
159.00000000,2080.00000000,0.05500129
159.00000000,2081.00000000,0.05500959
159.00000000,2082.00000000,0.05515503
159.00000000,2083.00000000,0.05508659
159.00000000,2084.00000000,0.05505101
159.00000000,2085.00000000,0.05501070
159.00000000,2086.00000000,0.05508755
159.00000000,2087.00000000,0.05504251
159.00000000,2088.00000000,0.05512376
159.00000000,2089.00000000,0.05492768
159.00000000,2090.00000000,0.05469921
159.00000000,2091.00000000,0.05450475
159.00000000,2092.00000000,0.05453668
159.00000000,2093.00000000,0.05462536
159.00000000,2094.00000000,0.05467413
159.00000000,2095.00000000,0.05480376
159.00000000,2096.00000000,0.05489656
159.00000000,2097.00000000,0.05475673
159.00000000,2098.00000000,0.05480676
159.00000000,2099.00000000,0.05494998
159.00000000,2100.00000000,0.05497956
159.00000000,2101.00000000,0.05496776
159.00000000,2102.00000000,0.05502349
159.00000000,2103.00000000,0.05499021
159.00000000,2104.00000000,0.05461599
159.00000000,2105.00000000,0.05472511
159.00000000,2106.00000000,0.05495807
159.00000000,2107.00000000,0.05507074
159.00000000,2108.00000000,0.05498364
159.00000000,2109.00000000,0.05531477
159.00000000,2110.00000000,0.05553206
159.00000000,2111.00000000,0.05557662
159.00000000,2112.00000000,0.05565030
159.00000000,2113.00000000,0.05569271
159.00000000,2114.00000000,0.05598173
159.00000000,2115.00000000,0.05620436
159.00000000,2116.00000000,0.05636050
159.00000000,2117.00000000,0.05646755
159.00000000,2118.00000000,0.05669028
159.00000000,2119.00000000,0.05688762
159.00000000,2120.00000000,0.05693149
159.00000000,2121.00000000,0.05711797
159.00000000,2122.00000000,0.05737265
159.00000000,2123.00000000,0.05764799
159.00000000,2124.00000000,0.05788858
159.00000000,2125.00000000,0.05816709
159.00000000,2126.00000000,0.05836178
159.00000000,2127.00000000,0.05867005
159.00000000,2128.00000000,0.05903501
159.00000000,2129.00000000,0.05950227
159.00000000,2130.00000000,0.05977977
159.00000000,2131.00000000,0.06007897
159.00000000,2132.00000000,0.06048652
159.00000000,2133.00000000,0.06053733
159.00000000,2134.00000000,0.06052948
159.00000000,2135.00000000,0.06099070
159.00000000,2136.00000000,0.06126086
159.00000000,2137.00000000,0.06142176
159.00000000,2138.00000000,0.06190769
159.00000000,2139.00000000,0.06186395
159.00000000,2140.00000000,0.06164953
159.00000000,2141.00000000,0.06162966
159.00000000,2142.00000000,0.06164881
159.00000000,2143.00000000,0.06197907
159.00000000,2144.00000000,0.06226970
159.00000000,2145.00000000,0.06258039
159.00000000,2146.00000000,0.06285600
159.00000000,2147.00000000,0.06323949
159.00000000,2148.00000000,0.06348866
159.00000000,2149.00000000,0.06362850
159.00000000,2150.00000000,0.06382556
159.00000000,2151.00000000,0.06369679
159.00000000,2152.00000000,0.06376331
159.00000000,2153.00000000,0.06400905
159.00000000,2154.00000000,0.06427746
159.00000000,2155.00000000,0.06456247
159.00000000,2156.00000000,0.06480606
159.00000000,2157.00000000,0.06483370
159.00000000,2158.00000000,0.06488439
159.00000000,2159.00000000,0.06523044
159.00000000,2160.00000000,0.06557317
159.00000000,2161.00000000,0.06575096
159.00000000,2162.00000000,0.06638058
159.00000000,2163.00000000,0.06709218
159.00000000,2164.00000000,0.06767174
159.00000000,2165.00000000,0.06808437
159.00000000,2166.00000000,0.06850157
159.00000000,2167.00000000,0.06892338
159.00000000,2168.00000000,0.06934930
159.00000000,2169.00000000,0.06977934
159.00000000,2170.00000000,0.07032458
159.00000000,2171.00000000,0.07087415
159.00000000,2172.00000000,0.07142804
159.00000000,2173.00000000,0.07198617
159.00000000,2174.00000000,0.07254846
159.00000000,2175.00000000,0.07311490
159.00000000,2176.00000000,0.07368543
159.00000000,2177.00000000,0.07425994
159.00000000,2178.00000000,0.07483844
159.00000000,2179.00000000,0.07542085
159.00000000,2180.00000000,0.07595746
159.00000000,2181.00000000,0.07649780
159.00000000,2182.00000000,0.07704180
159.00000000,2183.00000000,0.07758951
159.00000000,2184.00000000,0.07814090
159.00000000,2185.00000000,0.07869595
159.00000000,2186.00000000,0.07925470
159.00000000,2187.00000000,0.07981716
159.00000000,2188.00000000,0.08038333
159.00000000,2189.00000000,0.08095328
159.00000000,2190.00000000,0.08163164
159.00000000,2191.00000000,0.08231406
159.00000000,2192.00000000,0.08300059
159.00000000,2193.00000000,0.08369117
159.00000000,2194.00000000,0.08438573
159.00000000,2195.00000000,0.08508432
159.00000000,2196.00000000,0.08578684
159.00000000,2197.00000000,0.08649336
159.00000000,2198.00000000,0.08720382
159.00000000,2199.00000000,0.08791818
159.00000000,2200.00000000,0.08871380
159.00000000,2201.00000000,0.08951359
159.00000000,2202.00000000,0.09031743
159.00000000,2203.00000000,0.09112537
159.00000000,2204.00000000,0.09193732
159.00000000,2205.00000000,0.09275320
159.00000000,2206.00000000,0.09357304
159.00000000,2207.00000000,0.09439671
159.00000000,2208.00000000,0.09522424
159.00000000,2209.00000000,0.09605554
159.00000000,2210.00000000,0.09688610
159.00000000,2211.00000000,0.09772035
159.00000000,2212.00000000,0.09855819
159.00000000,2213.00000000,0.09939956
159.00000000,2214.00000000,0.10024446
159.00000000,2215.00000000,0.10109281
159.00000000,2216.00000000,0.10194450
159.00000000,2217.00000000,0.10279952
159.00000000,2218.00000000,0.10365775
159.00000000,2219.00000000,0.10451910
159.00000000,2220.00000000,0.10520918
159.00000000,2221.00000000,0.10590158
159.00000000,2222.00000000,0.10659633
159.00000000,2223.00000000,0.10729336
159.00000000,2224.00000000,0.10799263
159.00000000,2225.00000000,0.10869416
159.00000000,2226.00000000,0.10939792
159.00000000,2227.00000000,0.11010380
159.00000000,2228.00000000,0.11081182
159.00000000,2229.00000000,0.11152192
159.00000000,2230.00000000,0.11207425
159.00000000,2231.00000000,0.11262799
159.00000000,2232.00000000,0.11318305
159.00000000,2233.00000000,0.11373948
159.00000000,2234.00000000,0.11429728
159.00000000,2235.00000000,0.11485641
159.00000000,2236.00000000,0.11541691
159.00000000,2237.00000000,0.11597873
159.00000000,2238.00000000,0.11654187
159.00000000,2239.00000000,0.11710633
159.00000000,2240.00000000,0.11758143
159.00000000,2241.00000000,0.11805740
159.00000000,2242.00000000,0.11853432
159.00000000,2243.00000000,0.11901215
159.00000000,2244.00000000,0.11949094
159.00000000,2245.00000000,0.11997065
159.00000000,2246.00000000,0.12045128
159.00000000,2247.00000000,0.12093289
159.00000000,2248.00000000,0.12141542
159.00000000,2249.00000000,0.12189869
159.00000000,2250.00000000,0.12228699
159.00000000,2251.00000000,0.12267328
159.00000000,2252.00000000,0.12305608
159.00000000,2253.00000000,0.12343464
159.00000000,2254.00000000,0.12380858
159.00000000,2255.00000000,0.12417771
159.00000000,2256.00000000,0.12454208
159.00000000,2257.00000000,0.12490160
159.00000000,2258.00000000,0.12525637
159.00000000,2259.00000000,0.12560640
159.00000000,2260.00000000,0.12587772
159.00000000,2261.00000000,0.12614428
159.00000000,2262.00000000,0.12640623
159.00000000,2263.00000000,0.12666371
159.00000000,2264.00000000,0.12691694
159.00000000,2265.00000000,0.12716598
159.00000000,2266.00000000,0.12741090
159.00000000,2267.00000000,0.12765186
159.00000000,2268.00000000,0.12788885
159.00000000,2269.00000000,0.12812205
159.00000000,2270.00000000,0.12835146
159.00000000,2271.00000000,0.12857712
159.00000000,2272.00000000,0.12879920
159.00000000,2273.00000000,0.12901769
159.00000000,2274.00000000,0.12923263
159.00000000,2275.00000000,0.12944415
159.00000000,2276.00000000,0.12965229
159.00000000,2277.00000000,0.12985703
159.00000000,2278.00000000,0.13005853
159.00000000,2279.00000000,0.13025682
159.00000000,2280.00000000,0.13045185
159.00000000,2281.00000000,0.13064381
159.00000000,2282.00000000,0.13083259
159.00000000,2283.00000000,0.13101839
159.00000000,2284.00000000,0.13120115
159.00000000,2285.00000000,0.13138088
159.00000000,2286.00000000,0.13155772
159.00000000,2287.00000000,0.13173167
159.00000000,2288.00000000,0.13190264
159.00000000,2289.00000000,0.13207086
159.00000000,2290.00000000,0.13223624
159.00000000,2291.00000000,0.13239876
159.00000000,2292.00000000,0.13255858
159.00000000,2293.00000000,0.13271559
159.00000000,2294.00000000,0.13286995
159.00000000,2295.00000000,0.13302164
159.00000000,2296.00000000,0.13317057
159.00000000,2297.00000000,0.13331690
159.00000000,2298.00000000,0.13346061
159.00000000,2299.00000000,0.13360160
159.00000000,2300.00000000,0.13374006
159.00000000,2301.00000000,0.13387592
159.00000000,2302.00000000,0.13400909
159.00000000,2303.00000000,0.13413973
159.00000000,2304.00000000,0.13426768
159.00000000,2305.00000000,0.13439311
159.00000000,2306.00000000,0.13451592
159.00000000,2307.00000000,0.13463603
159.00000000,2308.00000000,0.13475355
159.00000000,2309.00000000,0.13486834
159.00000000,2310.00000000,0.13445904
159.00000000,2311.00000000,0.13404642
159.00000000,2312.00000000,0.13363050
159.00000000,2313.00000000,0.13321127
159.00000000,2314.00000000,0.13278896
159.00000000,2315.00000000,0.13236356
159.00000000,2316.00000000,0.13193507
159.00000000,2317.00000000,0.13150371
159.00000000,2318.00000000,0.13106942
159.00000000,2319.00000000,0.13063234
159.00000000,2320.00000000,0.13019253
159.00000000,2321.00000000,0.12974997
159.00000000,2322.00000000,0.12930484
159.00000000,2323.00000000,0.12885714
159.00000000,2324.00000000,0.12840687
159.00000000,2325.00000000,0.12795420
159.00000000,2326.00000000,0.12749913
159.00000000,2327.00000000,0.12704167
159.00000000,2328.00000000,0.12658195
159.00000000,2329.00000000,0.12611995
159.00000000,2330.00000000,0.12565581
159.00000000,2331.00000000,0.12518952
159.00000000,2332.00000000,0.12472110
159.00000000,2333.00000000,0.12425067
159.00000000,2334.00000000,0.12377824
159.00000000,2335.00000000,0.12330380
159.00000000,2336.00000000,0.12282750
159.00000000,2337.00000000,0.12234934
159.00000000,2338.00000000,0.12186930
159.00000000,2339.00000000,0.12138753
159.00000000,2340.00000000,0.12090401
159.00000000,2341.00000000,0.12041874
159.00000000,2342.00000000,0.11993185
159.00000000,2343.00000000,0.11944328
159.00000000,2344.00000000,0.11895318
159.00000000,2345.00000000,0.11846152
159.00000000,2346.00000000,0.11796829
159.00000000,2347.00000000,0.11747363
159.00000000,2348.00000000,0.11697753
159.00000000,2349.00000000,0.11647996
159.00000000,2350.00000000,0.11598106
159.00000000,2351.00000000,0.11548081
159.00000000,2352.00000000,0.11497921
159.00000000,2353.00000000,0.11447637
159.00000000,2354.00000000,0.11397224
159.00000000,2355.00000000,0.11346694
159.00000000,2356.00000000,0.11296046
159.00000000,2357.00000000,0.11245277
159.00000000,2358.00000000,0.11194400
159.00000000,2359.00000000,0.11143413
159.00000000,2360.00000000,0.11092315
159.00000000,2361.00000000,0.11041118
159.00000000,2362.00000000,0.10989818
159.00000000,2363.00000000,0.10938414
159.00000000,2364.00000000,0.10886918
159.00000000,2365.00000000,0.10835328
159.00000000,2366.00000000,0.10783641
159.00000000,2367.00000000,0.10731872
159.00000000,2368.00000000,0.10680010
159.00000000,2369.00000000,0.10628068
159.00000000,2370.00000000,0.10576045
159.00000000,2371.00000000,0.10523938
159.00000000,2372.00000000,0.10471758
159.00000000,2373.00000000,0.10419502
159.00000000,2374.00000000,0.10367171
159.00000000,2375.00000000,0.10314772
159.00000000,2376.00000000,0.10262304
159.00000000,2377.00000000,0.10209767
159.00000000,2378.00000000,0.10157169
159.00000000,2379.00000000,0.10104504
159.00000000,2380.00000000,0.10051785
159.00000000,2381.00000000,0.09999006
159.00000000,2382.00000000,0.09946168
159.00000000,2383.00000000,0.09893279
159.00000000,2384.00000000,0.09840340
159.00000000,2385.00000000,0.09787344
159.00000000,2386.00000000,0.09734304
159.00000000,2387.00000000,0.09681219
159.00000000,2388.00000000,0.09628084
159.00000000,2389.00000000,0.09574912
159.00000000,2390.00000000,0.09521693
159.00000000,2391.00000000,0.09468441
159.00000000,2392.00000000,0.09415152
159.00000000,2393.00000000,0.09361821
159.00000000,2394.00000000,0.09308462
159.00000000,2395.00000000,0.09255071
159.00000000,2396.00000000,0.09201645
159.00000000,2397.00000000,0.09148195
159.00000000,2398.00000000,0.09094719
159.00000000,2399.00000000,0.09041212
159.00000000,2400.00000000,0.08987688
159.00000000,2401.00000000,0.08934142
159.00000000,2402.00000000,0.08880570
159.00000000,2403.00000000,0.08826988
159.00000000,2404.00000000,0.08773385
159.00000000,2405.00000000,0.08719775
159.00000000,2406.00000000,0.08666156
159.00000000,2407.00000000,0.08612529
159.00000000,2408.00000000,0.08570207
159.00000000,2409.00000000,0.08561160
159.00000000,2410.00000000,0.08561216
159.00000000,2411.00000000,0.08561292
159.00000000,2412.00000000,0.08561385
159.00000000,2413.00000000,0.08561487
159.00000000,2414.00000000,0.08561609
159.00000000,2415.00000000,0.08563167
159.00000000,2416.00000000,0.08564743
159.00000000,2417.00000000,0.08566334
159.00000000,2418.00000000,0.08567933
159.00000000,2419.00000000,0.08569550
159.00000000,2420.00000000,0.08568362
159.00000000,2421.00000000,0.08567180
159.00000000,2422.00000000,0.08566014
159.00000000,2423.00000000,0.08564858
159.00000000,2424.00000000,0.08563708
159.00000000,2425.00000000,0.08562574
159.00000000,2426.00000000,0.08561449
159.00000000,2427.00000000,0.08560328
159.00000000,2428.00000000,0.08559223
159.00000000,2429.00000000,0.08558121
159.00000000,2430.00000000,0.08557034
159.00000000,2431.00000000,0.08555956
159.00000000,2432.00000000,0.08554880
159.00000000,2433.00000000,0.08553819
159.00000000,2434.00000000,0.08552765
159.00000000,2435.00000000,0.08551592
159.00000000,2436.00000000,0.08550431
159.00000000,2437.00000000,0.08549280
159.00000000,2438.00000000,0.08548128
159.00000000,2439.00000000,0.08546990
159.00000000,2440.00000000,0.08545854
159.00000000,2441.00000000,0.08544729
159.00000000,2442.00000000,0.08543611
159.00000000,2443.00000000,0.08542494
159.00000000,2444.00000000,0.08541389
159.00000000,2445.00000000,0.08540289
159.00000000,2446.00000000,0.08539190
159.00000000,2447.00000000,0.08538103
159.00000000,2448.00000000,0.08537022
159.00000000,2449.00000000,0.08535939
159.00000000,2450.00000000,0.08534869
159.00000000,2451.00000000,0.08533797
159.00000000,2452.00000000,0.08532736
159.00000000,2453.00000000,0.08531680
159.00000000,2454.00000000,0.08530622
159.00000000,2455.00000000,0.08529574
159.00000000,2456.00000000,0.08528532
159.00000000,2457.00000000,0.08527487
159.00000000,2458.00000000,0.08526452
159.00000000,2459.00000000,0.08525421
159.00000000,2460.00000000,0.08524659
159.00000000,2461.00000000,0.08523906
159.00000000,2462.00000000,0.08523159
159.00000000,2463.00000000,0.08522407
159.00000000,2464.00000000,0.08521666
159.00000000,2465.00000000,0.08520921
159.00000000,2466.00000000,0.08520187
159.00000000,2467.00000000,0.08519455
159.00000000,2468.00000000,0.08518720
159.00000000,2469.00000000,0.08517996
159.00000000,2470.00000000,0.08517274
159.00000000,2471.00000000,0.08516549
159.00000000,2472.00000000,0.08515833
159.00000000,2473.00000000,0.08515118
159.00000000,2474.00000000,0.08514402
159.00000000,2475.00000000,0.08513692
159.00000000,2476.00000000,0.08512981
159.00000000,2477.00000000,0.08512278
159.00000000,2478.00000000,0.08511577
159.00000000,2479.00000000,0.08510871
159.00000000,2480.00000000,0.08510175
159.00000000,2481.00000000,0.08509482
159.00000000,2482.00000000,0.08508782
159.00000000,2483.00000000,0.08508093
159.00000000,2484.00000000,0.08507404
159.00000000,2485.00000000,0.08506711
159.00000000,2486.00000000,0.08506026
159.00000000,2487.00000000,0.08505345
159.00000000,2488.00000000,0.08504657
159.00000000,2489.00000000,0.08503978
159.00000000,2490.00000000,0.08503293
159.00000000,2491.00000000,0.08502618
159.00000000,2492.00000000,0.08501944
159.00000000,2493.00000000,0.08501263
159.00000000,2494.00000000,0.08500592
159.00000000,2495.00000000,0.08499922
159.00000000,2496.00000000,0.08499246
159.00000000,2497.00000000,0.08498578
159.00000000,2498.00000000,0.08497912
159.00000000,2499.00000000,0.08497239
159.00000000,2500.00000000,0.08496576
160.00000000,1765.00000000,0.05853043
160.00000000,1766.00000000,0.05853057
160.00000000,1767.00000000,0.05853047
160.00000000,1768.00000000,0.05853059
160.00000000,1769.00000000,0.05853088
160.00000000,1770.00000000,0.05853122
160.00000000,1771.00000000,0.05853159
160.00000000,1772.00000000,0.05853206
160.00000000,1773.00000000,0.05853272
160.00000000,1774.00000000,0.05853352
160.00000000,1775.00000000,0.05853440
160.00000000,1776.00000000,0.05853538
160.00000000,1777.00000000,0.05853645
160.00000000,1778.00000000,0.05853769
160.00000000,1779.00000000,0.05853895
160.00000000,1780.00000000,0.05854050
160.00000000,1781.00000000,0.05854182
160.00000000,1782.00000000,0.05854343
160.00000000,1783.00000000,0.05854515
160.00000000,1784.00000000,0.05854698
160.00000000,1785.00000000,0.05854880
160.00000000,1786.00000000,0.05855067
160.00000000,1787.00000000,0.05855276
160.00000000,1788.00000000,0.05855481
160.00000000,1789.00000000,0.05855698
160.00000000,1790.00000000,0.05855914
160.00000000,1791.00000000,0.05856149
160.00000000,1792.00000000,0.05856374
160.00000000,1793.00000000,0.05856616
160.00000000,1794.00000000,0.05856866
160.00000000,1795.00000000,0.05857106
160.00000000,1796.00000000,0.05857368
160.00000000,1797.00000000,0.05857634
160.00000000,1798.00000000,0.05857887
160.00000000,1799.00000000,0.05858160
160.00000000,1800.00000000,0.05858431
160.00000000,1801.00000000,0.05858695
160.00000000,1802.00000000,0.05858979
160.00000000,1803.00000000,0.05859268
160.00000000,1804.00000000,0.05859534
160.00000000,1805.00000000,0.05859818
160.00000000,1806.00000000,0.05860105
160.00000000,1807.00000000,0.05860393
160.00000000,1808.00000000,0.05860683
160.00000000,1809.00000000,0.05860984
160.00000000,1810.00000000,0.05861274
160.00000000,1811.00000000,0.05861580
160.00000000,1812.00000000,0.05861863
160.00000000,1813.00000000,0.05862156
160.00000000,1814.00000000,0.05862457
160.00000000,1815.00000000,0.05862772
160.00000000,1816.00000000,0.05863068
160.00000000,1817.00000000,0.05863373
160.00000000,1818.00000000,0.05863676
160.00000000,1819.00000000,0.05863978
160.00000000,1820.00000000,0.05864284
160.00000000,1821.00000000,0.05864595
160.00000000,1822.00000000,0.05864885
160.00000000,1823.00000000,0.05865195
160.00000000,1824.00000000,0.05865500
160.00000000,1825.00000000,0.05865801
160.00000000,1826.00000000,0.05866104
160.00000000,1827.00000000,0.05866408
160.00000000,1828.00000000,0.05866717
160.00000000,1829.00000000,0.05867017
160.00000000,1830.00000000,0.05867316
160.00000000,1831.00000000,0.05867607
160.00000000,1832.00000000,0.05867908
160.00000000,1833.00000000,0.05868202
160.00000000,1834.00000000,0.05868500
160.00000000,1835.00000000,0.05868793
160.00000000,1836.00000000,0.05869089
160.00000000,1837.00000000,0.05869373
160.00000000,1838.00000000,0.05869659
160.00000000,1839.00000000,0.05869953
160.00000000,1840.00000000,0.05870235
160.00000000,1841.00000000,0.05870513
160.00000000,1842.00000000,0.05870790
160.00000000,1843.00000000,0.05871074
160.00000000,1844.00000000,0.05871346
160.00000000,1845.00000000,0.05871618
160.00000000,1846.00000000,0.05871887
160.00000000,1847.00000000,0.05872160
160.00000000,1848.00000000,0.05872424
160.00000000,1849.00000000,0.05872684
160.00000000,1850.00000000,0.05872946
160.00000000,1851.00000000,0.05873199
160.00000000,1852.00000000,0.05873448
160.00000000,1853.00000000,0.05873720
160.00000000,1854.00000000,0.05874009
160.00000000,1855.00000000,0.05874293
160.00000000,1856.00000000,0.05874566
160.00000000,1857.00000000,0.05874832
160.00000000,1858.00000000,0.05875091
160.00000000,1859.00000000,0.05875342
160.00000000,1860.00000000,0.05875588
160.00000000,1861.00000000,0.05875838
160.00000000,1862.00000000,0.05876064
160.00000000,1863.00000000,0.05876237
160.00000000,1864.00000000,0.05876381
160.00000000,1865.00000000,0.05876475
160.00000000,1866.00000000,0.05876552
160.00000000,1867.00000000,0.05876607
160.00000000,1868.00000000,0.05876638
160.00000000,1869.00000000,0.05876634
160.00000000,1870.00000000,0.05876628
160.00000000,1871.00000000,0.05876600
160.00000000,1872.00000000,0.05876585
160.00000000,1873.00000000,0.05876628
160.00000000,1874.00000000,0.05876700
160.00000000,1875.00000000,0.05876802
160.00000000,1876.00000000,0.05876925
160.00000000,1877.00000000,0.05877066
160.00000000,1878.00000000,0.05877211
160.00000000,1879.00000000,0.05877371
160.00000000,1880.00000000,0.05877538
160.00000000,1881.00000000,0.05877702
160.00000000,1882.00000000,0.05877870
160.00000000,1883.00000000,0.05877996
160.00000000,1884.00000000,0.05878093
160.00000000,1885.00000000,0.05878168
160.00000000,1886.00000000,0.05878231
160.00000000,1887.00000000,0.05878280
160.00000000,1888.00000000,0.05878317
160.00000000,1889.00000000,0.05878327
160.00000000,1890.00000000,0.05878317
160.00000000,1891.00000000,0.05878279
160.00000000,1892.00000000,0.05878215
160.00000000,1893.00000000,0.05878144
160.00000000,1894.00000000,0.05878066
160.00000000,1895.00000000,0.05877999
160.00000000,1896.00000000,0.05877937
160.00000000,1897.00000000,0.05877862
160.00000000,1898.00000000,0.05877786
160.00000000,1899.00000000,0.05877695
160.00000000,1900.00000000,0.05877574
160.00000000,1901.00000000,0.05877437
160.00000000,1902.00000000,0.05877307
160.00000000,1903.00000000,0.05877187
160.00000000,1904.00000000,0.05877075
160.00000000,1905.00000000,0.05876977
160.00000000,1906.00000000,0.05876899
160.00000000,1907.00000000,0.05876832
160.00000000,1908.00000000,0.05876761
160.00000000,1909.00000000,0.05876684
160.00000000,1910.00000000,0.05876611
160.00000000,1911.00000000,0.05876527
160.00000000,1912.00000000,0.05876398
160.00000000,1913.00000000,0.05876198
160.00000000,1914.00000000,0.05875926
160.00000000,1915.00000000,0.05875619
160.00000000,1916.00000000,0.05875310
160.00000000,1917.00000000,0.05875001
160.00000000,1918.00000000,0.05874680
160.00000000,1919.00000000,0.05874366
160.00000000,1920.00000000,0.05874095
160.00000000,1921.00000000,0.05873880
160.00000000,1922.00000000,0.05873740
160.00000000,1923.00000000,0.05873655
160.00000000,1924.00000000,0.05873588
160.00000000,1925.00000000,0.05873516
160.00000000,1926.00000000,0.05873986
160.00000000,1927.00000000,0.05873918
160.00000000,1928.00000000,0.05873862
160.00000000,1929.00000000,0.05873813
160.00000000,1930.00000000,0.05873784
160.00000000,1931.00000000,0.05874020
160.00000000,1932.00000000,0.05874182
160.00000000,1933.00000000,0.05874402
160.00000000,1934.00000000,0.05874673
160.00000000,1935.00000000,0.05874944
160.00000000,1936.00000000,0.05875175
160.00000000,1937.00000000,0.05875342
160.00000000,1938.00000000,0.05875412
160.00000000,1939.00000000,0.05875416
160.00000000,1940.00000000,0.05875375
160.00000000,1941.00000000,0.05875447
160.00000000,1942.00000000,0.05875250
160.00000000,1943.00000000,0.05875007
160.00000000,1944.00000000,0.05874729
160.00000000,1945.00000000,0.05874450
160.00000000,1946.00000000,0.05874244
160.00000000,1947.00000000,0.05874175
160.00000000,1948.00000000,0.05874166
160.00000000,1949.00000000,0.05874167
160.00000000,1950.00000000,0.05874158
160.00000000,1951.00000000,0.05874324
160.00000000,1952.00000000,0.05874368
160.00000000,1953.00000000,0.05874430
160.00000000,1954.00000000,0.05874491
160.00000000,1955.00000000,0.05874578
160.00000000,1956.00000000,0.05874664
160.00000000,1957.00000000,0.05874914
160.00000000,1958.00000000,0.05874945
160.00000000,1959.00000000,0.05874938
160.00000000,1960.00000000,0.05874967
160.00000000,1961.00000000,0.05874685
160.00000000,1962.00000000,0.05874690
160.00000000,1963.00000000,0.05874093
160.00000000,1964.00000000,0.05873587
160.00000000,1965.00000000,0.05872977
160.00000000,1966.00000000,0.05872437
160.00000000,1967.00000000,0.05871622
160.00000000,1968.00000000,0.05870683
160.00000000,1969.00000000,0.05869583
160.00000000,1970.00000000,0.05868287
160.00000000,1971.00000000,0.05866919
160.00000000,1972.00000000,0.05865054
160.00000000,1973.00000000,0.05862907
160.00000000,1974.00000000,0.05860532
160.00000000,1975.00000000,0.05858204
160.00000000,1976.00000000,0.05855838
160.00000000,1977.00000000,0.05853484
160.00000000,1978.00000000,0.05850925
160.00000000,1979.00000000,0.05848343
160.00000000,1980.00000000,0.05845707
160.00000000,1981.00000000,0.05843049
160.00000000,1982.00000000,0.05840725
160.00000000,1983.00000000,0.05838718
160.00000000,1984.00000000,0.05836837
160.00000000,1985.00000000,0.05835378
160.00000000,1986.00000000,0.05833877
160.00000000,1987.00000000,0.05832617
160.00000000,1988.00000000,0.05831184
160.00000000,1989.00000000,0.05829734
160.00000000,1990.00000000,0.05829315
160.00000000,1991.00000000,0.05827616
160.00000000,1992.00000000,0.05826134
160.00000000,1993.00000000,0.05824869
160.00000000,1994.00000000,0.05823510
160.00000000,1995.00000000,0.05822388
160.00000000,1996.00000000,0.05821817
160.00000000,1997.00000000,0.05820490
160.00000000,1998.00000000,0.05819277
160.00000000,1999.00000000,0.05818056
160.00000000,2000.00000000,0.05817021
160.00000000,2001.00000000,0.05815788
160.00000000,2002.00000000,0.05814694
160.00000000,2003.00000000,0.05813424
160.00000000,2004.00000000,0.05812242
160.00000000,2005.00000000,0.05811215
160.00000000,2006.00000000,0.05809170
160.00000000,2007.00000000,0.05807363
160.00000000,2008.00000000,0.05804929
160.00000000,2009.00000000,0.05802608
160.00000000,2010.00000000,0.05800248
160.00000000,2011.00000000,0.05796968
160.00000000,2012.00000000,0.05794038
160.00000000,2013.00000000,0.05790723
160.00000000,2014.00000000,0.05788625
160.00000000,2015.00000000,0.05784894
160.00000000,2016.00000000,0.05781494
160.00000000,2017.00000000,0.05777188
160.00000000,2018.00000000,0.05772701
160.00000000,2019.00000000,0.05768750
160.00000000,2020.00000000,0.05765162
160.00000000,2021.00000000,0.05760711
160.00000000,2022.00000000,0.05755766
160.00000000,2023.00000000,0.05751586
160.00000000,2024.00000000,0.05747492
160.00000000,2025.00000000,0.05743139
160.00000000,2026.00000000,0.05738016
160.00000000,2027.00000000,0.05733754
160.00000000,2028.00000000,0.05728877
160.00000000,2029.00000000,0.05724313
160.00000000,2030.00000000,0.05719363
160.00000000,2031.00000000,0.05715082
160.00000000,2032.00000000,0.05712160
160.00000000,2033.00000000,0.05708119
160.00000000,2034.00000000,0.05700319
160.00000000,2035.00000000,0.05696615
160.00000000,2036.00000000,0.05690892
160.00000000,2037.00000000,0.05685076
160.00000000,2038.00000000,0.05678900
160.00000000,2039.00000000,0.05674802
160.00000000,2040.00000000,0.05672696
160.00000000,2041.00000000,0.05667209
160.00000000,2042.00000000,0.05662651
160.00000000,2043.00000000,0.05658496
160.00000000,2044.00000000,0.05651978
160.00000000,2045.00000000,0.05645167
160.00000000,2046.00000000,0.05638584
160.00000000,2047.00000000,0.05633607
160.00000000,2048.00000000,0.05631597
160.00000000,2049.00000000,0.05624006
160.00000000,2050.00000000,0.05621270
160.00000000,2051.00000000,0.05616223
160.00000000,2052.00000000,0.05608704
160.00000000,2053.00000000,0.05600093
160.00000000,2054.00000000,0.05594310
160.00000000,2055.00000000,0.05590160
160.00000000,2056.00000000,0.05584258
160.00000000,2057.00000000,0.05579661
160.00000000,2058.00000000,0.05575692
160.00000000,2059.00000000,0.05574540
160.00000000,2060.00000000,0.05570823
160.00000000,2061.00000000,0.05565566
160.00000000,2062.00000000,0.05559656
160.00000000,2063.00000000,0.05559983
160.00000000,2064.00000000,0.05553024
160.00000000,2065.00000000,0.05551492
160.00000000,2066.00000000,0.05550872
160.00000000,2067.00000000,0.05555799
160.00000000,2068.00000000,0.05542376
160.00000000,2069.00000000,0.05540471
160.00000000,2070.00000000,0.05538455
160.00000000,2071.00000000,0.05533697
160.00000000,2072.00000000,0.05533313
160.00000000,2073.00000000,0.05536489
160.00000000,2074.00000000,0.05514014
160.00000000,2075.00000000,0.05505019
160.00000000,2076.00000000,0.05508485
160.00000000,2077.00000000,0.05510622
160.00000000,2078.00000000,0.05500978
160.00000000,2079.00000000,0.05473408
160.00000000,2080.00000000,0.05487714
160.00000000,2081.00000000,0.05460683
160.00000000,2082.00000000,0.05461638
160.00000000,2083.00000000,0.05476219
160.00000000,2084.00000000,0.05469569
160.00000000,2085.00000000,0.05466179
160.00000000,2086.00000000,0.05462318
160.00000000,2087.00000000,0.05470086
160.00000000,2088.00000000,0.05465743
160.00000000,2089.00000000,0.05473933
160.00000000,2090.00000000,0.05454578
160.00000000,2091.00000000,0.05432003
160.00000000,2092.00000000,0.05412816
160.00000000,2093.00000000,0.05416123
160.00000000,2094.00000000,0.05425072
160.00000000,2095.00000000,0.05430058
160.00000000,2096.00000000,0.05443072
160.00000000,2097.00000000,0.05452424
160.00000000,2098.00000000,0.05438664
160.00000000,2099.00000000,0.05443756
160.00000000,2100.00000000,0.05458100
160.00000000,2101.00000000,0.05461157
160.00000000,2102.00000000,0.05460113
160.00000000,2103.00000000,0.05465789
160.00000000,2104.00000000,0.05462627
160.00000000,2105.00000000,0.05425594
160.00000000,2106.00000000,0.05436574
160.00000000,2107.00000000,0.05459853
160.00000000,2108.00000000,0.05471178
160.00000000,2109.00000000,0.05462651
160.00000000,2110.00000000,0.05495669
160.00000000,2111.00000000,0.05517374
160.00000000,2112.00000000,0.05521913
160.00000000,2113.00000000,0.05529340
160.00000000,2114.00000000,0.05533656
160.00000000,2115.00000000,0.05562471
160.00000000,2116.00000000,0.05584687
160.00000000,2117.00000000,0.05600293
160.00000000,2118.00000000,0.05611019
160.00000000,2119.00000000,0.05633236
160.00000000,2120.00000000,0.05652927
160.00000000,2121.00000000,0.05657366
160.00000000,2122.00000000,0.05675974
160.00000000,2123.00000000,0.05701357
160.00000000,2124.00000000,0.05728791
160.00000000,2125.00000000,0.05752770
160.00000000,2126.00000000,0.05780517
160.00000000,2127.00000000,0.05799934
160.00000000,2128.00000000,0.05830638
160.00000000,2129.00000000,0.05866975
160.00000000,2130.00000000,0.05913479
160.00000000,2131.00000000,0.05941123
160.00000000,2132.00000000,0.05970923
160.00000000,2133.00000000,0.06011490
160.00000000,2134.00000000,0.06016601
160.00000000,2135.00000000,0.06015881
160.00000000,2136.00000000,0.06061780
160.00000000,2137.00000000,0.06088690
160.00000000,2138.00000000,0.06104738
160.00000000,2139.00000000,0.06153093
160.00000000,2140.00000000,0.06148801
160.00000000,2141.00000000,0.06127543
160.00000000,2142.00000000,0.06125623
160.00000000,2143.00000000,0.06127580
160.00000000,2144.00000000,0.06160459
160.00000000,2145.00000000,0.06189398
160.00000000,2146.00000000,0.06220331
160.00000000,2147.00000000,0.06247778
160.00000000,2148.00000000,0.06285948
160.00000000,2149.00000000,0.06310766
160.00000000,2150.00000000,0.06324717
160.00000000,2151.00000000,0.06344389
160.00000000,2152.00000000,0.06331768
160.00000000,2153.00000000,0.06338650
160.00000000,2154.00000000,0.06363393
160.00000000,2155.00000000,0.06390412
160.00000000,2156.00000000,0.06419087
160.00000000,2157.00000000,0.06443643
160.00000000,2158.00000000,0.06446721
160.00000000,2159.00000000,0.06452082
160.00000000,2160.00000000,0.06486805
160.00000000,2161.00000000,0.06521191
160.00000000,2162.00000000,0.06539165
160.00000000,2163.00000000,0.06602069
160.00000000,2164.00000000,0.06673124
160.00000000,2165.00000000,0.06731041
160.00000000,2166.00000000,0.06772349
160.00000000,2167.00000000,0.06814106
160.00000000,2168.00000000,0.06856317
160.00000000,2169.00000000,0.06898932
160.00000000,2170.00000000,0.06941953
160.00000000,2171.00000000,0.06996431
160.00000000,2172.00000000,0.07051336
160.00000000,2173.00000000,0.07106668
160.00000000,2174.00000000,0.07162418
160.00000000,2175.00000000,0.07218582
160.00000000,2176.00000000,0.07275156
160.00000000,2177.00000000,0.07332133
160.00000000,2178.00000000,0.07389505
160.00000000,2179.00000000,0.07447273
160.00000000,2180.00000000,0.07505427
160.00000000,2181.00000000,0.07559023
160.00000000,2182.00000000,0.07612988
160.00000000,2183.00000000,0.07667316
160.00000000,2184.00000000,0.07722012
160.00000000,2185.00000000,0.07777074
160.00000000,2186.00000000,0.07832497
160.00000000,2187.00000000,0.07888290
160.00000000,2188.00000000,0.07944449
160.00000000,2189.00000000,0.08000978
160.00000000,2190.00000000,0.08057883
160.00000000,2191.00000000,0.08125577
160.00000000,2192.00000000,0.08193677
160.00000000,2193.00000000,0.08262185
160.00000000,2194.00000000,0.08331096
160.00000000,2195.00000000,0.08400404
160.00000000,2196.00000000,0.08470113
160.00000000,2197.00000000,0.08540216
160.00000000,2198.00000000,0.08610715
160.00000000,2199.00000000,0.08681607
160.00000000,2200.00000000,0.08752889
160.00000000,2201.00000000,0.08832263
160.00000000,2202.00000000,0.08912050
160.00000000,2203.00000000,0.08992243
160.00000000,2204.00000000,0.09072844
160.00000000,2205.00000000,0.09153847
160.00000000,2206.00000000,0.09235243
160.00000000,2207.00000000,0.09317033
160.00000000,2208.00000000,0.09399206
160.00000000,2209.00000000,0.09481765
160.00000000,2210.00000000,0.09564700
160.00000000,2211.00000000,0.09647562
160.00000000,2212.00000000,0.09730794
160.00000000,2213.00000000,0.09814386
160.00000000,2214.00000000,0.09898329
160.00000000,2215.00000000,0.09982627
160.00000000,2216.00000000,0.10067268
160.00000000,2217.00000000,0.10152243
160.00000000,2218.00000000,0.10237552
160.00000000,2219.00000000,0.10323184
160.00000000,2220.00000000,0.10409126
160.00000000,2221.00000000,0.10478014
160.00000000,2222.00000000,0.10547134
160.00000000,2223.00000000,0.10616487
160.00000000,2224.00000000,0.10686071
160.00000000,2225.00000000,0.10755878
160.00000000,2226.00000000,0.10825913
160.00000000,2227.00000000,0.10896169
160.00000000,2228.00000000,0.10966638
160.00000000,2229.00000000,0.11037323
160.00000000,2230.00000000,0.11108216
160.00000000,2231.00000000,0.11163396
160.00000000,2232.00000000,0.11218715
160.00000000,2233.00000000,0.11274167
160.00000000,2234.00000000,0.11329757
160.00000000,2235.00000000,0.11385485
160.00000000,2236.00000000,0.11441346
160.00000000,2237.00000000,0.11497344
160.00000000,2238.00000000,0.11553476
160.00000000,2239.00000000,0.11609739
160.00000000,2240.00000000,0.11666135
160.00000000,2241.00000000,0.11713631
160.00000000,2242.00000000,0.11761214
160.00000000,2243.00000000,0.11808893
160.00000000,2244.00000000,0.11856661
160.00000000,2245.00000000,0.11904527
160.00000000,2246.00000000,0.11952488
160.00000000,2247.00000000,0.12000540
160.00000000,2248.00000000,0.12048689
160.00000000,2249.00000000,0.12096919
160.00000000,2250.00000000,0.12145143
160.00000000,2251.00000000,0.12183748
160.00000000,2252.00000000,0.12222010
160.00000000,2253.00000000,0.12259843
160.00000000,2254.00000000,0.12297219
160.00000000,2255.00000000,0.12334122
160.00000000,2256.00000000,0.12370543
160.00000000,2257.00000000,0.12406491
160.00000000,2258.00000000,0.12441960
160.00000000,2259.00000000,0.12476961
160.00000000,2260.00000000,0.12511500
160.00000000,2261.00000000,0.12538210
160.00000000,2262.00000000,0.12564466
160.00000000,2263.00000000,0.12590282
160.00000000,2264.00000000,0.12615665
160.00000000,2265.00000000,0.12640636
160.00000000,2266.00000000,0.12665200
160.00000000,2267.00000000,0.12689361
160.00000000,2268.00000000,0.12713135
160.00000000,2269.00000000,0.12736523
160.00000000,2270.00000000,0.12759539
160.00000000,2271.00000000,0.12782186
160.00000000,2272.00000000,0.12804467
160.00000000,2273.00000000,0.12826395
160.00000000,2274.00000000,0.12847975
160.00000000,2275.00000000,0.12869205
160.00000000,2276.00000000,0.12890104
160.00000000,2277.00000000,0.12910668
160.00000000,2278.00000000,0.12930903
160.00000000,2279.00000000,0.12950819
160.00000000,2280.00000000,0.12970421
160.00000000,2281.00000000,0.12989703
160.00000000,2282.00000000,0.13008683
160.00000000,2283.00000000,0.13027354
160.00000000,2284.00000000,0.13045728
160.00000000,2285.00000000,0.13063809
160.00000000,2286.00000000,0.13081587
160.00000000,2287.00000000,0.13099086
160.00000000,2288.00000000,0.13116297
160.00000000,2289.00000000,0.13133219
160.00000000,2290.00000000,0.13149867
160.00000000,2291.00000000,0.13166239
160.00000000,2292.00000000,0.13182328
160.00000000,2293.00000000,0.13198152
160.00000000,2294.00000000,0.13213699
160.00000000,2295.00000000,0.13228985
160.00000000,2296.00000000,0.13244008
160.00000000,2297.00000000,0.13258758
160.00000000,2298.00000000,0.13273255
160.00000000,2299.00000000,0.13287491
160.00000000,2300.00000000,0.13301460
160.00000000,2301.00000000,0.13315179
160.00000000,2302.00000000,0.13328638
160.00000000,2303.00000000,0.13341834
160.00000000,2304.00000000,0.13354779
160.00000000,2305.00000000,0.13367458
160.00000000,2306.00000000,0.13379888
160.00000000,2307.00000000,0.13392058
160.00000000,2308.00000000,0.13403963
160.00000000,2309.00000000,0.13415611
160.00000000,2310.00000000,0.13426988
160.00000000,2311.00000000,0.13386193
160.00000000,2312.00000000,0.13345069
160.00000000,2313.00000000,0.13303615
160.00000000,2314.00000000,0.13261838
160.00000000,2315.00000000,0.13219754
160.00000000,2316.00000000,0.13177364
160.00000000,2317.00000000,0.13134668
160.00000000,2318.00000000,0.13091688
160.00000000,2319.00000000,0.13048418
160.00000000,2320.00000000,0.13004872
160.00000000,2321.00000000,0.12961055
160.00000000,2322.00000000,0.12916967
160.00000000,2323.00000000,0.12872624
160.00000000,2324.00000000,0.12828025
160.00000000,2325.00000000,0.12783172
160.00000000,2326.00000000,0.12738082
160.00000000,2327.00000000,0.12692754
160.00000000,2328.00000000,0.12647189
160.00000000,2329.00000000,0.12601399
160.00000000,2330.00000000,0.12555384
160.00000000,2331.00000000,0.12509157
160.00000000,2332.00000000,0.12462717
160.00000000,2333.00000000,0.12416065
160.00000000,2334.00000000,0.12369215
160.00000000,2335.00000000,0.12322167
160.00000000,2336.00000000,0.12274917
160.00000000,2337.00000000,0.12227485
160.00000000,2338.00000000,0.12179868
160.00000000,2339.00000000,0.12132064
160.00000000,2340.00000000,0.12084088
160.00000000,2341.00000000,0.12035940
160.00000000,2342.00000000,0.11987617
160.00000000,2343.00000000,0.11939134
160.00000000,2344.00000000,0.11890485
160.00000000,2345.00000000,0.11841682
160.00000000,2346.00000000,0.11792726
160.00000000,2347.00000000,0.11743614
160.00000000,2348.00000000,0.11694360
160.00000000,2349.00000000,0.11644962
160.00000000,2350.00000000,0.11595419
160.00000000,2351.00000000,0.11545744
160.00000000,2352.00000000,0.11495936
160.00000000,2353.00000000,0.11445993
160.00000000,2354.00000000,0.11395927
160.00000000,2355.00000000,0.11345734
160.00000000,2356.00000000,0.11295424
160.00000000,2357.00000000,0.11244997
160.00000000,2358.00000000,0.11194450
160.00000000,2359.00000000,0.11143796
160.00000000,2360.00000000,0.11093034
160.00000000,2361.00000000,0.11042160
160.00000000,2362.00000000,0.10991186
160.00000000,2363.00000000,0.10940111
160.00000000,2364.00000000,0.10888934
160.00000000,2365.00000000,0.10837664
160.00000000,2366.00000000,0.10786303
160.00000000,2367.00000000,0.10734845
160.00000000,2368.00000000,0.10683302
160.00000000,2369.00000000,0.10631669
160.00000000,2370.00000000,0.10579959
160.00000000,2371.00000000,0.10528165
160.00000000,2372.00000000,0.10476288
160.00000000,2373.00000000,0.10424338
160.00000000,2374.00000000,0.10372316
160.00000000,2375.00000000,0.10320215
160.00000000,2376.00000000,0.10268048
160.00000000,2377.00000000,0.10215815
160.00000000,2378.00000000,0.10163509
160.00000000,2379.00000000,0.10111146
160.00000000,2380.00000000,0.10058715
160.00000000,2381.00000000,0.10006229
160.00000000,2382.00000000,0.09953686
160.00000000,2383.00000000,0.09901082
160.00000000,2384.00000000,0.09848430
160.00000000,2385.00000000,0.09795724
160.00000000,2386.00000000,0.09742966
160.00000000,2387.00000000,0.09690162
160.00000000,2388.00000000,0.09637314
160.00000000,2389.00000000,0.09584415
160.00000000,2390.00000000,0.09531480
160.00000000,2391.00000000,0.09478498
160.00000000,2392.00000000,0.09425484
160.00000000,2393.00000000,0.09372431
160.00000000,2394.00000000,0.09319339
160.00000000,2395.00000000,0.09266218
160.00000000,2396.00000000,0.09213064
160.00000000,2397.00000000,0.09159877
160.00000000,2398.00000000,0.09106666
160.00000000,2399.00000000,0.09053428
160.00000000,2400.00000000,0.09000160
160.00000000,2401.00000000,0.08946875
160.00000000,2402.00000000,0.08893569
160.00000000,2403.00000000,0.08840237
160.00000000,2404.00000000,0.08786894
160.00000000,2405.00000000,0.08733531
160.00000000,2406.00000000,0.08680161
160.00000000,2407.00000000,0.08626782
160.00000000,2408.00000000,0.08573395
160.00000000,2409.00000000,0.08531262
160.00000000,2410.00000000,0.08522253
160.00000000,2411.00000000,0.08522305
160.00000000,2412.00000000,0.08522378
160.00000000,2413.00000000,0.08522467
160.00000000,2414.00000000,0.08522565
160.00000000,2415.00000000,0.08522684
160.00000000,2416.00000000,0.08524231
160.00000000,2417.00000000,0.08525797
160.00000000,2418.00000000,0.08527377
160.00000000,2419.00000000,0.08528965
160.00000000,2420.00000000,0.08530572
160.00000000,2421.00000000,0.08529386
160.00000000,2422.00000000,0.08528205
160.00000000,2423.00000000,0.08527040
160.00000000,2424.00000000,0.08525887
160.00000000,2425.00000000,0.08524739
160.00000000,2426.00000000,0.08523605
160.00000000,2427.00000000,0.08522482
160.00000000,2428.00000000,0.08521364
160.00000000,2429.00000000,0.08520259
160.00000000,2430.00000000,0.08519158
160.00000000,2431.00000000,0.08518073
160.00000000,2432.00000000,0.08516995
160.00000000,2433.00000000,0.08515921
160.00000000,2434.00000000,0.08514860
160.00000000,2435.00000000,0.08513807
160.00000000,2436.00000000,0.08512636
160.00000000,2437.00000000,0.08511478
160.00000000,2438.00000000,0.08510326
160.00000000,2439.00000000,0.08509177
160.00000000,2440.00000000,0.08508039
160.00000000,2441.00000000,0.08506904
160.00000000,2442.00000000,0.08505781
160.00000000,2443.00000000,0.08504665
160.00000000,2444.00000000,0.08503548
160.00000000,2445.00000000,0.08502444
160.00000000,2446.00000000,0.08501346
160.00000000,2447.00000000,0.08500248
160.00000000,2448.00000000,0.08499161
160.00000000,2449.00000000,0.08498081
160.00000000,2450.00000000,0.08496999
160.00000000,2451.00000000,0.08495929
160.00000000,2452.00000000,0.08494858
160.00000000,2453.00000000,0.08493797
160.00000000,2454.00000000,0.08492742
160.00000000,2455.00000000,0.08491684
160.00000000,2456.00000000,0.08490637
160.00000000,2457.00000000,0.08489595
160.00000000,2458.00000000,0.08488550
160.00000000,2459.00000000,0.08487515
160.00000000,2460.00000000,0.08486484
160.00000000,2461.00000000,0.08485721
160.00000000,2462.00000000,0.08484967
160.00000000,2463.00000000,0.08484218
160.00000000,2464.00000000,0.08483465
160.00000000,2465.00000000,0.08482723
160.00000000,2466.00000000,0.08481977
160.00000000,2467.00000000,0.08481241
160.00000000,2468.00000000,0.08480509
160.00000000,2469.00000000,0.08479773
160.00000000,2470.00000000,0.08479046
160.00000000,2471.00000000,0.08478324
160.00000000,2472.00000000,0.08477596
160.00000000,2473.00000000,0.08476879
160.00000000,2474.00000000,0.08476165
160.00000000,2475.00000000,0.08475445
160.00000000,2476.00000000,0.08474736
160.00000000,2477.00000000,0.08474022
160.00000000,2478.00000000,0.08473317
160.00000000,2479.00000000,0.08472615
160.00000000,2480.00000000,0.08471908
160.00000000,2481.00000000,0.08471210
160.00000000,2482.00000000,0.08470515
160.00000000,2483.00000000,0.08469814
160.00000000,2484.00000000,0.08469123
160.00000000,2485.00000000,0.08468434
160.00000000,2486.00000000,0.08467739
160.00000000,2487.00000000,0.08467053
160.00000000,2488.00000000,0.08466370
160.00000000,2489.00000000,0.08465680
160.00000000,2490.00000000,0.08465000
160.00000000,2491.00000000,0.08464313
160.00000000,2492.00000000,0.08463636
160.00000000,2493.00000000,0.08462961
160.00000000,2494.00000000,0.08462278
160.00000000,2495.00000000,0.08461605
160.00000000,2496.00000000,0.08460934
160.00000000,2497.00000000,0.08460256
160.00000000,2498.00000000,0.08459587
160.00000000,2499.00000000,0.08458919
160.00000000,2500.00000000,0.08458245
161.00000000,1765.00000000,0.05819440
161.00000000,1766.00000000,0.05819430
161.00000000,1767.00000000,0.05819446
161.00000000,1768.00000000,0.05819444
161.00000000,1769.00000000,0.05819464
161.00000000,1770.00000000,0.05819504
161.00000000,1771.00000000,0.05819549
161.00000000,1772.00000000,0.05819596
161.00000000,1773.00000000,0.05819655
161.00000000,1774.00000000,0.05819731
161.00000000,1775.00000000,0.05819822
161.00000000,1776.00000000,0.05819921
161.00000000,1777.00000000,0.05820029
161.00000000,1778.00000000,0.05820147
161.00000000,1779.00000000,0.05820280
161.00000000,1780.00000000,0.05820417
161.00000000,1781.00000000,0.05820581
161.00000000,1782.00000000,0.05820720
161.00000000,1783.00000000,0.05820889
161.00000000,1784.00000000,0.05821069
161.00000000,1785.00000000,0.05821259
161.00000000,1786.00000000,0.05821448
161.00000000,1787.00000000,0.05821641
161.00000000,1788.00000000,0.05821855
161.00000000,1789.00000000,0.05822067
161.00000000,1790.00000000,0.05822289
161.00000000,1791.00000000,0.05822510
161.00000000,1792.00000000,0.05822750
161.00000000,1793.00000000,0.05822978
161.00000000,1794.00000000,0.05823224
161.00000000,1795.00000000,0.05823478
161.00000000,1796.00000000,0.05823720
161.00000000,1797.00000000,0.05823987
161.00000000,1798.00000000,0.05824255
161.00000000,1799.00000000,0.05824509
161.00000000,1800.00000000,0.05824785
161.00000000,1801.00000000,0.05825058
161.00000000,1802.00000000,0.05825323
161.00000000,1803.00000000,0.05825608
161.00000000,1804.00000000,0.05825897
161.00000000,1805.00000000,0.05826164
161.00000000,1806.00000000,0.05826449
161.00000000,1807.00000000,0.05826736
161.00000000,1808.00000000,0.05827026
161.00000000,1809.00000000,0.05827316
161.00000000,1810.00000000,0.05827617
161.00000000,1811.00000000,0.05827908
161.00000000,1812.00000000,0.05828213
161.00000000,1813.00000000,0.05828495
161.00000000,1814.00000000,0.05828789
161.00000000,1815.00000000,0.05829089
161.00000000,1816.00000000,0.05829403
161.00000000,1817.00000000,0.05829697
161.00000000,1818.00000000,0.05830000
161.00000000,1819.00000000,0.05830302
161.00000000,1820.00000000,0.05830602
161.00000000,1821.00000000,0.05830907
161.00000000,1822.00000000,0.05831217
161.00000000,1823.00000000,0.05831506
161.00000000,1824.00000000,0.05831814
161.00000000,1825.00000000,0.05832117
161.00000000,1826.00000000,0.05832416
161.00000000,1827.00000000,0.05832716
161.00000000,1828.00000000,0.05833018
161.00000000,1829.00000000,0.05833324
161.00000000,1830.00000000,0.05833622
161.00000000,1831.00000000,0.05833918
161.00000000,1832.00000000,0.05834205
161.00000000,1833.00000000,0.05834503
161.00000000,1834.00000000,0.05834793
161.00000000,1835.00000000,0.05835089
161.00000000,1836.00000000,0.05835379
161.00000000,1837.00000000,0.05835671
161.00000000,1838.00000000,0.05835951
161.00000000,1839.00000000,0.05836234
161.00000000,1840.00000000,0.05836524
161.00000000,1841.00000000,0.05836802
161.00000000,1842.00000000,0.05837077
161.00000000,1843.00000000,0.05837351
161.00000000,1844.00000000,0.05837631
161.00000000,1845.00000000,0.05837898
161.00000000,1846.00000000,0.05838166
161.00000000,1847.00000000,0.05838431
161.00000000,1848.00000000,0.05838699
161.00000000,1849.00000000,0.05838959
161.00000000,1850.00000000,0.05839215
161.00000000,1851.00000000,0.05839469
161.00000000,1852.00000000,0.05839717
161.00000000,1853.00000000,0.05839990
161.00000000,1854.00000000,0.05840272
161.00000000,1855.00000000,0.05840555
161.00000000,1856.00000000,0.05840828
161.00000000,1857.00000000,0.05841092
161.00000000,1858.00000000,0.05841349
161.00000000,1859.00000000,0.05841602
161.00000000,1860.00000000,0.05841846
161.00000000,1861.00000000,0.05842085
161.00000000,1862.00000000,0.05842317
161.00000000,1863.00000000,0.05842492
161.00000000,1864.00000000,0.05842622
161.00000000,1865.00000000,0.05842734
161.00000000,1866.00000000,0.05842799
161.00000000,1867.00000000,0.05842851
161.00000000,1868.00000000,0.05842884
161.00000000,1869.00000000,0.05842894
161.00000000,1870.00000000,0.05842870
161.00000000,1871.00000000,0.05842850
161.00000000,1872.00000000,0.05842832
161.00000000,1873.00000000,0.05842870
161.00000000,1874.00000000,0.05842951
161.00000000,1875.00000000,0.05843048
161.00000000,1876.00000000,0.05843170
161.00000000,1877.00000000,0.05843307
161.00000000,1878.00000000,0.05843458
161.00000000,1879.00000000,0.05843612
161.00000000,1880.00000000,0.05843775
161.00000000,1881.00000000,0.05843941
161.00000000,1882.00000000,0.05844105
161.00000000,1883.00000000,0.05844234
161.00000000,1884.00000000,0.05844328
161.00000000,1885.00000000,0.05844404
161.00000000,1886.00000000,0.05844463
161.00000000,1887.00000000,0.05844513
161.00000000,1888.00000000,0.05844546
161.00000000,1889.00000000,0.05844561
161.00000000,1890.00000000,0.05844546
161.00000000,1891.00000000,0.05844509
161.00000000,1892.00000000,0.05844446
161.00000000,1893.00000000,0.05844371
161.00000000,1894.00000000,0.05844297
161.00000000,1895.00000000,0.05844226
161.00000000,1896.00000000,0.05844161
161.00000000,1897.00000000,0.05844094
161.00000000,1898.00000000,0.05844010
161.00000000,1899.00000000,0.05843917
161.00000000,1900.00000000,0.05843801
161.00000000,1901.00000000,0.05843659
161.00000000,1902.00000000,0.05843533
161.00000000,1903.00000000,0.05843407
161.00000000,1904.00000000,0.05843297
161.00000000,1905.00000000,0.05843198
161.00000000,1906.00000000,0.05843117
161.00000000,1907.00000000,0.05843049
161.00000000,1908.00000000,0.05842975
161.00000000,1909.00000000,0.05842897
161.00000000,1910.00000000,0.05842822
161.00000000,1911.00000000,0.05842735
161.00000000,1912.00000000,0.05842601
161.00000000,1913.00000000,0.05842402
161.00000000,1914.00000000,0.05842128
161.00000000,1915.00000000,0.05841821
161.00000000,1916.00000000,0.05841509
161.00000000,1917.00000000,0.05841196
161.00000000,1918.00000000,0.05840874
161.00000000,1919.00000000,0.05840555
161.00000000,1920.00000000,0.05840281
161.00000000,1921.00000000,0.05840061
161.00000000,1922.00000000,0.05839915
161.00000000,1923.00000000,0.05839824
161.00000000,1924.00000000,0.05839749
161.00000000,1925.00000000,0.05839668
161.00000000,1926.00000000,0.05839587
161.00000000,1927.00000000,0.05840051
161.00000000,1928.00000000,0.05839989
161.00000000,1929.00000000,0.05839927
161.00000000,1930.00000000,0.05839890
161.00000000,1931.00000000,0.05839937
161.00000000,1932.00000000,0.05840269
161.00000000,1933.00000000,0.05840481
161.00000000,1934.00000000,0.05840740
161.00000000,1935.00000000,0.05841002
161.00000000,1936.00000000,0.05841227
161.00000000,1937.00000000,0.05841382
161.00000000,1938.00000000,0.05841448
161.00000000,1939.00000000,0.05841447
161.00000000,1940.00000000,0.05841394
161.00000000,1941.00000000,0.05841275
161.00000000,1942.00000000,0.05841260
161.00000000,1943.00000000,0.05841011
161.00000000,1944.00000000,0.05840727
161.00000000,1945.00000000,0.05840442
161.00000000,1946.00000000,0.05840234
161.00000000,1947.00000000,0.05840156
161.00000000,1948.00000000,0.05840144
161.00000000,1949.00000000,0.05840136
161.00000000,1950.00000000,0.05840127
161.00000000,1951.00000000,0.05840103
161.00000000,1952.00000000,0.05840320
161.00000000,1953.00000000,0.05840377
161.00000000,1954.00000000,0.05840432
161.00000000,1955.00000000,0.05840512
161.00000000,1956.00000000,0.05840598
161.00000000,1957.00000000,0.05840658
161.00000000,1958.00000000,0.05840867
161.00000000,1959.00000000,0.05840850
161.00000000,1960.00000000,0.05840695
161.00000000,1961.00000000,0.05840588
161.00000000,1962.00000000,0.05840236
161.00000000,1963.00000000,0.05840168
161.00000000,1964.00000000,0.05839486
161.00000000,1965.00000000,0.05838875
161.00000000,1966.00000000,0.05838156
161.00000000,1967.00000000,0.05837514
161.00000000,1968.00000000,0.05836582
161.00000000,1969.00000000,0.05835478
161.00000000,1970.00000000,0.05834193
161.00000000,1971.00000000,0.05832644
161.00000000,1972.00000000,0.05830961
161.00000000,1973.00000000,0.05828828
161.00000000,1974.00000000,0.05826462
161.00000000,1975.00000000,0.05823962
161.00000000,1976.00000000,0.05821604
161.00000000,1977.00000000,0.05819256
161.00000000,1978.00000000,0.05816893
161.00000000,1979.00000000,0.05814318
161.00000000,1980.00000000,0.05811691
161.00000000,1981.00000000,0.05809048
161.00000000,1982.00000000,0.05806550
161.00000000,1983.00000000,0.05804552
161.00000000,1984.00000000,0.05802860
161.00000000,1985.00000000,0.05801220
161.00000000,1986.00000000,0.05799903
161.00000000,1987.00000000,0.05798468
161.00000000,1988.00000000,0.05797220
161.00000000,1989.00000000,0.05795766
161.00000000,1990.00000000,0.05794276
161.00000000,1991.00000000,0.05793831
161.00000000,1992.00000000,0.05792174
161.00000000,1993.00000000,0.05790733
161.00000000,1994.00000000,0.05789551
161.00000000,1995.00000000,0.05788257
161.00000000,1996.00000000,0.05787144
161.00000000,1997.00000000,0.05786530
161.00000000,1998.00000000,0.05785147
161.00000000,1999.00000000,0.05783922
161.00000000,2000.00000000,0.05782712
161.00000000,2001.00000000,0.05781655
161.00000000,2002.00000000,0.05780382
161.00000000,2003.00000000,0.05779290
161.00000000,2004.00000000,0.05777932
161.00000000,2005.00000000,0.05776547
161.00000000,2006.00000000,0.05775219
161.00000000,2007.00000000,0.05772878
161.00000000,2008.00000000,0.05770805
161.00000000,2009.00000000,0.05768137
161.00000000,2010.00000000,0.05765604
161.00000000,2011.00000000,0.05763048
161.00000000,2012.00000000,0.05759584
161.00000000,2013.00000000,0.05756461
161.00000000,2014.00000000,0.05752953
161.00000000,2015.00000000,0.05750656
161.00000000,2016.00000000,0.05746742
161.00000000,2017.00000000,0.05743166
161.00000000,2018.00000000,0.05738697
161.00000000,2019.00000000,0.05734058
161.00000000,2020.00000000,0.05729962
161.00000000,2021.00000000,0.05726236
161.00000000,2022.00000000,0.05721671
161.00000000,2023.00000000,0.05716634
161.00000000,2024.00000000,0.05712371
161.00000000,2025.00000000,0.05708206
161.00000000,2026.00000000,0.05703794
161.00000000,2027.00000000,0.05698626
161.00000000,2028.00000000,0.05694319
161.00000000,2029.00000000,0.05689405
161.00000000,2030.00000000,0.05684807
161.00000000,2031.00000000,0.05679827
161.00000000,2032.00000000,0.05675499
161.00000000,2033.00000000,0.05672503
161.00000000,2034.00000000,0.05668383
161.00000000,2035.00000000,0.05660525
161.00000000,2036.00000000,0.05656732
161.00000000,2037.00000000,0.05650934
161.00000000,2038.00000000,0.05645046
161.00000000,2039.00000000,0.05638803
161.00000000,2040.00000000,0.05634628
161.00000000,2041.00000000,0.05632431
161.00000000,2042.00000000,0.05626865
161.00000000,2043.00000000,0.05622209
161.00000000,2044.00000000,0.05617944
161.00000000,2045.00000000,0.05611330
161.00000000,2046.00000000,0.05604426
161.00000000,2047.00000000,0.05597751
161.00000000,2048.00000000,0.05592674
161.00000000,2049.00000000,0.05590548
161.00000000,2050.00000000,0.05582888
161.00000000,2051.00000000,0.05580052
161.00000000,2052.00000000,0.05574927
161.00000000,2053.00000000,0.05567356
161.00000000,2054.00000000,0.05558707
161.00000000,2055.00000000,0.05552870
161.00000000,2056.00000000,0.05548658
161.00000000,2057.00000000,0.05542712
161.00000000,2058.00000000,0.05538066
161.00000000,2059.00000000,0.05534047
161.00000000,2060.00000000,0.05532827
161.00000000,2061.00000000,0.05529075
161.00000000,2062.00000000,0.05523829
161.00000000,2063.00000000,0.05517977
161.00000000,2064.00000000,0.05518343
161.00000000,2065.00000000,0.05511492
161.00000000,2066.00000000,0.05510037
161.00000000,2067.00000000,0.05509488
161.00000000,2068.00000000,0.05514446
161.00000000,2069.00000000,0.05501191
161.00000000,2070.00000000,0.05499363
161.00000000,2071.00000000,0.05497431
161.00000000,2072.00000000,0.05492800
161.00000000,2073.00000000,0.05492541
161.00000000,2074.00000000,0.05495834
161.00000000,2075.00000000,0.05473669
161.00000000,2076.00000000,0.05464886
161.00000000,2077.00000000,0.05468470
161.00000000,2078.00000000,0.05470728
161.00000000,2079.00000000,0.05461285
161.00000000,2080.00000000,0.05434039
161.00000000,2081.00000000,0.05448363
161.00000000,2082.00000000,0.05421655
161.00000000,2083.00000000,0.05422744
161.00000000,2084.00000000,0.05437365
161.00000000,2085.00000000,0.05430905
161.00000000,2086.00000000,0.05427681
161.00000000,2087.00000000,0.05423982
161.00000000,2088.00000000,0.05431823
161.00000000,2089.00000000,0.05427632
161.00000000,2090.00000000,0.05435880
161.00000000,2091.00000000,0.05416772
161.00000000,2092.00000000,0.05394478
161.00000000,2093.00000000,0.05375559
161.00000000,2094.00000000,0.05378984
161.00000000,2095.00000000,0.05388013
161.00000000,2096.00000000,0.05393102
161.00000000,2097.00000000,0.05406161
161.00000000,2098.00000000,0.05415579
161.00000000,2099.00000000,0.05402034
161.00000000,2100.00000000,0.05407210
161.00000000,2101.00000000,0.05421575
161.00000000,2102.00000000,0.05424739
161.00000000,2103.00000000,0.05423841
161.00000000,2104.00000000,0.05429623
161.00000000,2105.00000000,0.05426623
161.00000000,2106.00000000,0.05389972
161.00000000,2107.00000000,0.05401015
161.00000000,2108.00000000,0.05424272
161.00000000,2109.00000000,0.05435648
161.00000000,2110.00000000,0.05427296
161.00000000,2111.00000000,0.05460216
161.00000000,2112.00000000,0.05481892
161.00000000,2113.00000000,0.05486508
161.00000000,2114.00000000,0.05493989
161.00000000,2115.00000000,0.05498374
161.00000000,2116.00000000,0.05527099
161.00000000,2117.00000000,0.05549265
161.00000000,2118.00000000,0.05564860
161.00000000,2119.00000000,0.05575602
161.00000000,2120.00000000,0.05597760
161.00000000,2121.00000000,0.05617406
161.00000000,2122.00000000,0.05621893
161.00000000,2123.00000000,0.05640459
161.00000000,2124.00000000,0.05665754
161.00000000,2125.00000000,0.05693087
161.00000000,2126.00000000,0.05716986
161.00000000,2127.00000000,0.05744628
161.00000000,2128.00000000,0.05763992
161.00000000,2129.00000000,0.05794573
161.00000000,2130.00000000,0.05830751
161.00000000,2131.00000000,0.05877032
161.00000000,2132.00000000,0.05904569
161.00000000,2133.00000000,0.05934248
161.00000000,2134.00000000,0.05974627
161.00000000,2135.00000000,0.05979767
161.00000000,2136.00000000,0.05979110
161.00000000,2137.00000000,0.06024787
161.00000000,2138.00000000,0.06051590
161.00000000,2139.00000000,0.06067597
161.00000000,2140.00000000,0.06115713
161.00000000,2141.00000000,0.06111502
161.00000000,2142.00000000,0.06090427
161.00000000,2143.00000000,0.06088571
161.00000000,2144.00000000,0.06090568
161.00000000,2145.00000000,0.06123300
161.00000000,2146.00000000,0.06152116
161.00000000,2147.00000000,0.06182915
161.00000000,2148.00000000,0.06210248
161.00000000,2149.00000000,0.06248239
161.00000000,2150.00000000,0.06272958
161.00000000,2151.00000000,0.06286909
161.00000000,2152.00000000,0.06306642
161.00000000,2153.00000000,0.06294364
161.00000000,2154.00000000,0.06301517
161.00000000,2155.00000000,0.06326447
161.00000000,2156.00000000,0.06353645
161.00000000,2157.00000000,0.06382490
161.00000000,2158.00000000,0.06407234
161.00000000,2159.00000000,0.06410613
161.00000000,2160.00000000,0.06416252
161.00000000,2161.00000000,0.06451083
161.00000000,2162.00000000,0.06485571
161.00000000,2163.00000000,0.06503729
161.00000000,2164.00000000,0.06566568
161.00000000,2165.00000000,0.06637510
161.00000000,2166.00000000,0.06695381
161.00000000,2167.00000000,0.06736725
161.00000000,2168.00000000,0.06778512
161.00000000,2169.00000000,0.06820746
161.00000000,2170.00000000,0.06863377
161.00000000,2171.00000000,0.06906408
161.00000000,2172.00000000,0.06960833
161.00000000,2173.00000000,0.07015681
161.00000000,2174.00000000,0.07070952
161.00000000,2175.00000000,0.07126637
161.00000000,2176.00000000,0.07182729
161.00000000,2177.00000000,0.07239228
161.00000000,2178.00000000,0.07296126
161.00000000,2179.00000000,0.07353416
161.00000000,2180.00000000,0.07411098
161.00000000,2181.00000000,0.07469163
161.00000000,2182.00000000,0.07522691
161.00000000,2183.00000000,0.07576584
161.00000000,2184.00000000,0.07630838
161.00000000,2185.00000000,0.07685457
161.00000000,2186.00000000,0.07740437
161.00000000,2187.00000000,0.07795778
161.00000000,2188.00000000,0.07851484
161.00000000,2189.00000000,0.07907557
161.00000000,2190.00000000,0.07963995
161.00000000,2191.00000000,0.08020808
161.00000000,2192.00000000,0.08088360
161.00000000,2193.00000000,0.08156316
161.00000000,2194.00000000,0.08224678
161.00000000,2195.00000000,0.08293442
161.00000000,2196.00000000,0.08362602
161.00000000,2197.00000000,0.08432161
161.00000000,2198.00000000,0.08502113
161.00000000,2199.00000000,0.08572459
161.00000000,2200.00000000,0.08643199
161.00000000,2201.00000000,0.08714326
161.00000000,2202.00000000,0.08793509
161.00000000,2203.00000000,0.08873106
161.00000000,2204.00000000,0.08953108
161.00000000,2205.00000000,0.09033519
161.00000000,2206.00000000,0.09114330
161.00000000,2207.00000000,0.09195533
161.00000000,2208.00000000,0.09277131
161.00000000,2209.00000000,0.09359111
161.00000000,2210.00000000,0.09441475
161.00000000,2211.00000000,0.09524216
161.00000000,2212.00000000,0.09606886
161.00000000,2213.00000000,0.09689926
161.00000000,2214.00000000,0.09773326
161.00000000,2215.00000000,0.09857078
161.00000000,2216.00000000,0.09941183
161.00000000,2217.00000000,0.10025631
161.00000000,2218.00000000,0.10110415
161.00000000,2219.00000000,0.10195532
161.00000000,2220.00000000,0.10280973
161.00000000,2221.00000000,0.10366724
161.00000000,2222.00000000,0.10435492
161.00000000,2223.00000000,0.10504491
161.00000000,2224.00000000,0.10573725
161.00000000,2225.00000000,0.10643189
161.00000000,2226.00000000,0.10712878
161.00000000,2227.00000000,0.10782794
161.00000000,2228.00000000,0.10852931
161.00000000,2229.00000000,0.10923283
161.00000000,2230.00000000,0.10993852
161.00000000,2231.00000000,0.11064628
161.00000000,2232.00000000,0.11119753
161.00000000,2233.00000000,0.11175019
161.00000000,2234.00000000,0.11230418
161.00000000,2235.00000000,0.11285957
161.00000000,2236.00000000,0.11341631
161.00000000,2237.00000000,0.11397441
161.00000000,2238.00000000,0.11453388
161.00000000,2239.00000000,0.11509471
161.00000000,2240.00000000,0.11565683
161.00000000,2241.00000000,0.11622030
161.00000000,2242.00000000,0.11669511
161.00000000,2243.00000000,0.11717081
161.00000000,2244.00000000,0.11764745
161.00000000,2245.00000000,0.11812501
161.00000000,2246.00000000,0.11860355
161.00000000,2247.00000000,0.11908303
161.00000000,2248.00000000,0.11956344
161.00000000,2249.00000000,0.12004470
161.00000000,2250.00000000,0.12052596
161.00000000,2251.00000000,0.12100564
161.00000000,2252.00000000,0.12138804
161.00000000,2253.00000000,0.12176620
161.00000000,2254.00000000,0.12213976
161.00000000,2255.00000000,0.12250864
161.00000000,2256.00000000,0.12287278
161.00000000,2257.00000000,0.12323214
161.00000000,2258.00000000,0.12358681
161.00000000,2259.00000000,0.12393676
161.00000000,2260.00000000,0.12428216
161.00000000,2261.00000000,0.12462306
161.00000000,2262.00000000,0.12488619
161.00000000,2263.00000000,0.12514497
161.00000000,2264.00000000,0.12539949
161.00000000,2265.00000000,0.12564981
161.00000000,2266.00000000,0.12589614
161.00000000,2267.00000000,0.12613848
161.00000000,2268.00000000,0.12637689
161.00000000,2269.00000000,0.12661154
161.00000000,2270.00000000,0.12684239
161.00000000,2271.00000000,0.12706963
161.00000000,2272.00000000,0.12729324
161.00000000,2273.00000000,0.12751328
161.00000000,2274.00000000,0.12772988
161.00000000,2275.00000000,0.12794305
161.00000000,2276.00000000,0.12815282
161.00000000,2277.00000000,0.12835932
161.00000000,2278.00000000,0.12856258
161.00000000,2279.00000000,0.12876258
161.00000000,2280.00000000,0.12895949
161.00000000,2281.00000000,0.12915329
161.00000000,2282.00000000,0.12934399
161.00000000,2283.00000000,0.12953169
161.00000000,2284.00000000,0.12971638
161.00000000,2285.00000000,0.12989815
161.00000000,2286.00000000,0.13007704
161.00000000,2287.00000000,0.13025296
161.00000000,2288.00000000,0.13042613
161.00000000,2289.00000000,0.13059647
161.00000000,2290.00000000,0.13076397
161.00000000,2291.00000000,0.13092878
161.00000000,2292.00000000,0.13109087
161.00000000,2293.00000000,0.13125016
161.00000000,2294.00000000,0.13140688
161.00000000,2295.00000000,0.13156084
161.00000000,2296.00000000,0.13171226
161.00000000,2297.00000000,0.13186106
161.00000000,2298.00000000,0.13200718
161.00000000,2299.00000000,0.13215081
161.00000000,2300.00000000,0.13229185
161.00000000,2301.00000000,0.13243028
161.00000000,2302.00000000,0.13256620
161.00000000,2303.00000000,0.13269959
161.00000000,2304.00000000,0.13283035
161.00000000,2305.00000000,0.13295862
161.00000000,2306.00000000,0.13308429
161.00000000,2307.00000000,0.13320749
161.00000000,2308.00000000,0.13332811
161.00000000,2309.00000000,0.13344612
161.00000000,2310.00000000,0.13356159
161.00000000,2311.00000000,0.13367438
161.00000000,2312.00000000,0.13326778
161.00000000,2313.00000000,0.13285791
161.00000000,2314.00000000,0.13244479
161.00000000,2315.00000000,0.13202847
161.00000000,2316.00000000,0.13160911
161.00000000,2317.00000000,0.13118670
161.00000000,2318.00000000,0.13076130
161.00000000,2319.00000000,0.13033307
161.00000000,2320.00000000,0.12990196
161.00000000,2321.00000000,0.12946812
161.00000000,2322.00000000,0.12903160
161.00000000,2323.00000000,0.12859239
161.00000000,2324.00000000,0.12815066
161.00000000,2325.00000000,0.12770640
161.00000000,2326.00000000,0.12725961
161.00000000,2327.00000000,0.12681047
161.00000000,2328.00000000,0.12635898
161.00000000,2329.00000000,0.12590513
161.00000000,2330.00000000,0.12544908
161.00000000,2331.00000000,0.12499077
161.00000000,2332.00000000,0.12453036
161.00000000,2333.00000000,0.12406785
161.00000000,2334.00000000,0.12360323
161.00000000,2335.00000000,0.12313665
161.00000000,2336.00000000,0.12266810
161.00000000,2337.00000000,0.12219756
161.00000000,2338.00000000,0.12172520
161.00000000,2339.00000000,0.12125101
161.00000000,2340.00000000,0.12077497
161.00000000,2341.00000000,0.12029723
161.00000000,2342.00000000,0.11981776
161.00000000,2343.00000000,0.11933657
161.00000000,2344.00000000,0.11885379
161.00000000,2345.00000000,0.11836936
161.00000000,2346.00000000,0.11788342
161.00000000,2347.00000000,0.11739594
161.00000000,2348.00000000,0.11690692
161.00000000,2349.00000000,0.11641649
161.00000000,2350.00000000,0.11592463
161.00000000,2351.00000000,0.11543133
161.00000000,2352.00000000,0.11493672
161.00000000,2353.00000000,0.11444080
161.00000000,2354.00000000,0.11394353
161.00000000,2355.00000000,0.11344505
161.00000000,2356.00000000,0.11294530
161.00000000,2357.00000000,0.11244440
161.00000000,2358.00000000,0.11194234
161.00000000,2359.00000000,0.11143908
161.00000000,2360.00000000,0.11093476
161.00000000,2361.00000000,0.11042935
161.00000000,2362.00000000,0.10992283
161.00000000,2363.00000000,0.10941533
161.00000000,2364.00000000,0.10890682
161.00000000,2365.00000000,0.10839731
161.00000000,2366.00000000,0.10788687
161.00000000,2367.00000000,0.10737551
161.00000000,2368.00000000,0.10686319
161.00000000,2369.00000000,0.10635005
161.00000000,2370.00000000,0.10583600
161.00000000,2371.00000000,0.10532117
161.00000000,2372.00000000,0.10480552
161.00000000,2373.00000000,0.10428905
161.00000000,2374.00000000,0.10377186
161.00000000,2375.00000000,0.10325392
161.00000000,2376.00000000,0.10273523
161.00000000,2377.00000000,0.10221588
161.00000000,2378.00000000,0.10169584
161.00000000,2379.00000000,0.10117512
161.00000000,2380.00000000,0.10065380
161.00000000,2381.00000000,0.10013181
161.00000000,2382.00000000,0.09960930
161.00000000,2383.00000000,0.09908619
161.00000000,2384.00000000,0.09856250
161.00000000,2385.00000000,0.09803830
161.00000000,2386.00000000,0.09751360
161.00000000,2387.00000000,0.09698835
161.00000000,2388.00000000,0.09646267
161.00000000,2389.00000000,0.09593653
161.00000000,2390.00000000,0.09540991
161.00000000,2391.00000000,0.09488290
161.00000000,2392.00000000,0.09435545
161.00000000,2393.00000000,0.09382767
161.00000000,2394.00000000,0.09329950
161.00000000,2395.00000000,0.09277095
161.00000000,2396.00000000,0.09224209
161.00000000,2397.00000000,0.09171294
161.00000000,2398.00000000,0.09118343
161.00000000,2399.00000000,0.09065370
161.00000000,2400.00000000,0.09012369
161.00000000,2401.00000000,0.08959339
161.00000000,2402.00000000,0.08906291
161.00000000,2403.00000000,0.08853223
161.00000000,2404.00000000,0.08800129
161.00000000,2405.00000000,0.08747025
161.00000000,2406.00000000,0.08693901
161.00000000,2407.00000000,0.08640769
161.00000000,2408.00000000,0.08587629
161.00000000,2409.00000000,0.08534480
161.00000000,2410.00000000,0.08492535
161.00000000,2411.00000000,0.08483564
161.00000000,2412.00000000,0.08483613
161.00000000,2413.00000000,0.08483682
161.00000000,2414.00000000,0.08483767
161.00000000,2415.00000000,0.08483862
161.00000000,2416.00000000,0.08483976
161.00000000,2417.00000000,0.08485513
161.00000000,2418.00000000,0.08487068
161.00000000,2419.00000000,0.08488639
161.00000000,2420.00000000,0.08490217
161.00000000,2421.00000000,0.08491812
161.00000000,2422.00000000,0.08490627
161.00000000,2423.00000000,0.08489448
161.00000000,2424.00000000,0.08488285
161.00000000,2425.00000000,0.08487134
161.00000000,2426.00000000,0.08485987
161.00000000,2427.00000000,0.08484855
161.00000000,2428.00000000,0.08483733
161.00000000,2429.00000000,0.08482616
161.00000000,2430.00000000,0.08481513
161.00000000,2431.00000000,0.08480414
161.00000000,2432.00000000,0.08479329
161.00000000,2433.00000000,0.08478252
161.00000000,2434.00000000,0.08477179
161.00000000,2435.00000000,0.08476119
161.00000000,2436.00000000,0.08475068
161.00000000,2437.00000000,0.08473898
161.00000000,2438.00000000,0.08472741
161.00000000,2439.00000000,0.08471592
161.00000000,2440.00000000,0.08470442
161.00000000,2441.00000000,0.08469307
161.00000000,2442.00000000,0.08468173
161.00000000,2443.00000000,0.08467051
161.00000000,2444.00000000,0.08465935
161.00000000,2445.00000000,0.08464820
161.00000000,2446.00000000,0.08463717
161.00000000,2447.00000000,0.08462620
161.00000000,2448.00000000,0.08461523
161.00000000,2449.00000000,0.08460437
161.00000000,2450.00000000,0.08459356
161.00000000,2451.00000000,0.08458277
161.00000000,2452.00000000,0.08457207
161.00000000,2453.00000000,0.08456136
161.00000000,2454.00000000,0.08455076
161.00000000,2455.00000000,0.08454021
161.00000000,2456.00000000,0.08452963
161.00000000,2457.00000000,0.08451916
161.00000000,2458.00000000,0.08450874
161.00000000,2459.00000000,0.08449829
161.00000000,2460.00000000,0.08448795
161.00000000,2461.00000000,0.08447764
161.00000000,2462.00000000,0.08447000
161.00000000,2463.00000000,0.08446245
161.00000000,2464.00000000,0.08445495
161.00000000,2465.00000000,0.08444740
161.00000000,2466.00000000,0.08443997
161.00000000,2467.00000000,0.08443250
161.00000000,2468.00000000,0.08442513
161.00000000,2469.00000000,0.08441780
161.00000000,2470.00000000,0.08441042
161.00000000,2471.00000000,0.08440315
161.00000000,2472.00000000,0.08439590
161.00000000,2473.00000000,0.08438861
161.00000000,2474.00000000,0.08438143
161.00000000,2475.00000000,0.08437427
161.00000000,2476.00000000,0.08436706
161.00000000,2477.00000000,0.08435995
161.00000000,2478.00000000,0.08435281
161.00000000,2479.00000000,0.08434575
161.00000000,2480.00000000,0.08433871
161.00000000,2481.00000000,0.08433163
161.00000000,2482.00000000,0.08432464
161.00000000,2483.00000000,0.08431767
161.00000000,2484.00000000,0.08431065
161.00000000,2485.00000000,0.08430371
161.00000000,2486.00000000,0.08429680
161.00000000,2487.00000000,0.08428985
161.00000000,2488.00000000,0.08428297
161.00000000,2489.00000000,0.08427613
161.00000000,2490.00000000,0.08426921
161.00000000,2491.00000000,0.08426238
161.00000000,2492.00000000,0.08425551
161.00000000,2493.00000000,0.08424872
161.00000000,2494.00000000,0.08424195
161.00000000,2495.00000000,0.08423511
161.00000000,2496.00000000,0.08422836
161.00000000,2497.00000000,0.08422163
161.00000000,2498.00000000,0.08421484
161.00000000,2499.00000000,0.08420813
161.00000000,2500.00000000,0.08420144
162.00000000,1765.00000000,0.05786017
162.00000000,1766.00000000,0.05786025
162.00000000,1767.00000000,0.05786019
162.00000000,1768.00000000,0.05786042
162.00000000,1769.00000000,0.05786049
162.00000000,1770.00000000,0.05786079
162.00000000,1771.00000000,0.05786130
162.00000000,1772.00000000,0.05786185
162.00000000,1773.00000000,0.05786243
162.00000000,1774.00000000,0.05786313
162.00000000,1775.00000000,0.05786400
162.00000000,1776.00000000,0.05786502
162.00000000,1777.00000000,0.05786610
162.00000000,1778.00000000,0.05786729
162.00000000,1779.00000000,0.05786856
162.00000000,1780.00000000,0.05787000
162.00000000,1781.00000000,0.05787146
162.00000000,1782.00000000,0.05787317
162.00000000,1783.00000000,0.05787465
162.00000000,1784.00000000,0.05787641
162.00000000,1785.00000000,0.05787828
162.00000000,1786.00000000,0.05788024
162.00000000,1787.00000000,0.05788220
162.00000000,1788.00000000,0.05788419
162.00000000,1789.00000000,0.05788639
162.00000000,1790.00000000,0.05788856
162.00000000,1791.00000000,0.05789083
162.00000000,1792.00000000,0.05789309
162.00000000,1793.00000000,0.05789551
162.00000000,1794.00000000,0.05789784
162.00000000,1795.00000000,0.05790034
162.00000000,1796.00000000,0.05790290
162.00000000,1797.00000000,0.05790536
162.00000000,1798.00000000,0.05790805
162.00000000,1799.00000000,0.05791075
162.00000000,1800.00000000,0.05791332
162.00000000,1801.00000000,0.05791610
162.00000000,1802.00000000,0.05791883
162.00000000,1803.00000000,0.05792149
162.00000000,1804.00000000,0.05792435
162.00000000,1805.00000000,0.05792725
162.00000000,1806.00000000,0.05792994
162.00000000,1807.00000000,0.05793278
162.00000000,1808.00000000,0.05793567
162.00000000,1809.00000000,0.05793856
162.00000000,1810.00000000,0.05794146
162.00000000,1811.00000000,0.05794448
162.00000000,1812.00000000,0.05794738
162.00000000,1813.00000000,0.05795043
162.00000000,1814.00000000,0.05795325
162.00000000,1815.00000000,0.05795618
162.00000000,1816.00000000,0.05795917
162.00000000,1817.00000000,0.05796231
162.00000000,1818.00000000,0.05796523
162.00000000,1819.00000000,0.05796824
162.00000000,1820.00000000,0.05797125
162.00000000,1821.00000000,0.05797423
162.00000000,1822.00000000,0.05797727
162.00000000,1823.00000000,0.05798035
162.00000000,1824.00000000,0.05798322
162.00000000,1825.00000000,0.05798628
162.00000000,1826.00000000,0.05798929
162.00000000,1827.00000000,0.05799225
162.00000000,1828.00000000,0.05799523
162.00000000,1829.00000000,0.05799823
162.00000000,1830.00000000,0.05800127
162.00000000,1831.00000000,0.05800421
162.00000000,1832.00000000,0.05800713
162.00000000,1833.00000000,0.05800997
162.00000000,1834.00000000,0.05801292
162.00000000,1835.00000000,0.05801579
162.00000000,1836.00000000,0.05801873
162.00000000,1837.00000000,0.05802159
162.00000000,1838.00000000,0.05802447
162.00000000,1839.00000000,0.05802724
162.00000000,1840.00000000,0.05803003
162.00000000,1841.00000000,0.05803289
162.00000000,1842.00000000,0.05803564
162.00000000,1843.00000000,0.05803835
162.00000000,1844.00000000,0.05804105
162.00000000,1845.00000000,0.05804381
162.00000000,1846.00000000,0.05804644
162.00000000,1847.00000000,0.05804907
162.00000000,1848.00000000,0.05805168
162.00000000,1849.00000000,0.05805432
162.00000000,1850.00000000,0.05805688
162.00000000,1851.00000000,0.05805936
162.00000000,1852.00000000,0.05806185
162.00000000,1853.00000000,0.05806457
162.00000000,1854.00000000,0.05806739
162.00000000,1855.00000000,0.05807017
162.00000000,1856.00000000,0.05807288
162.00000000,1857.00000000,0.05807552
162.00000000,1858.00000000,0.05807808
162.00000000,1859.00000000,0.05808058
162.00000000,1860.00000000,0.05808304
162.00000000,1861.00000000,0.05808541
162.00000000,1862.00000000,0.05808763
162.00000000,1863.00000000,0.05808944
162.00000000,1864.00000000,0.05809076
162.00000000,1865.00000000,0.05809173
162.00000000,1866.00000000,0.05809257
162.00000000,1867.00000000,0.05809298
162.00000000,1868.00000000,0.05809328
162.00000000,1869.00000000,0.05809339
162.00000000,1870.00000000,0.05809329
162.00000000,1871.00000000,0.05809292
162.00000000,1872.00000000,0.05809282
162.00000000,1873.00000000,0.05809318
162.00000000,1874.00000000,0.05809393
162.00000000,1875.00000000,0.05809499
162.00000000,1876.00000000,0.05809616
162.00000000,1877.00000000,0.05809751
162.00000000,1878.00000000,0.05809898
162.00000000,1879.00000000,0.05810059
162.00000000,1880.00000000,0.05810215
162.00000000,1881.00000000,0.05810377
162.00000000,1882.00000000,0.05810542
162.00000000,1883.00000000,0.05810669
162.00000000,1884.00000000,0.05810766
162.00000000,1885.00000000,0.05810839
162.00000000,1886.00000000,0.05810899
162.00000000,1887.00000000,0.05810945
162.00000000,1888.00000000,0.05810980
162.00000000,1889.00000000,0.05810990
162.00000000,1890.00000000,0.05810979
162.00000000,1891.00000000,0.05810938
162.00000000,1892.00000000,0.05810876
162.00000000,1893.00000000,0.05810802
162.00000000,1894.00000000,0.05810725
162.00000000,1895.00000000,0.05810658
162.00000000,1896.00000000,0.05810589
162.00000000,1897.00000000,0.05810518
162.00000000,1898.00000000,0.05810442
162.00000000,1899.00000000,0.05810341
162.00000000,1900.00000000,0.05810224
162.00000000,1901.00000000,0.05810088
162.00000000,1902.00000000,0.05809956
162.00000000,1903.00000000,0.05809833
162.00000000,1904.00000000,0.05809717
162.00000000,1905.00000000,0.05809620
162.00000000,1906.00000000,0.05809539
162.00000000,1907.00000000,0.05809468
162.00000000,1908.00000000,0.05809392
162.00000000,1909.00000000,0.05809312
162.00000000,1910.00000000,0.05809236
162.00000000,1911.00000000,0.05809148
162.00000000,1912.00000000,0.05809011
162.00000000,1913.00000000,0.05808807
162.00000000,1914.00000000,0.05808534
162.00000000,1915.00000000,0.05808225
162.00000000,1916.00000000,0.05807913
162.00000000,1917.00000000,0.05807597
162.00000000,1918.00000000,0.05807271
162.00000000,1919.00000000,0.05806951
162.00000000,1920.00000000,0.05806673
162.00000000,1921.00000000,0.05806449
162.00000000,1922.00000000,0.05806297
162.00000000,1923.00000000,0.05806201
162.00000000,1924.00000000,0.05806119
162.00000000,1925.00000000,0.05806030
162.00000000,1926.00000000,0.05805941
162.00000000,1927.00000000,0.05805857
162.00000000,1928.00000000,0.05806325
162.00000000,1929.00000000,0.05806255
162.00000000,1930.00000000,0.05806206
162.00000000,1931.00000000,0.05806245
162.00000000,1932.00000000,0.05806386
162.00000000,1933.00000000,0.05806768
162.00000000,1934.00000000,0.05807019
162.00000000,1935.00000000,0.05807269
162.00000000,1936.00000000,0.05807485
162.00000000,1937.00000000,0.05807635
162.00000000,1938.00000000,0.05807689
162.00000000,1939.00000000,0.05807684
162.00000000,1940.00000000,0.05807628
162.00000000,1941.00000000,0.05807497
162.00000000,1942.00000000,0.05807292
162.00000000,1943.00000000,0.05807225
162.00000000,1944.00000000,0.05806934
162.00000000,1945.00000000,0.05806644
162.00000000,1946.00000000,0.05806432
162.00000000,1947.00000000,0.05806347
162.00000000,1948.00000000,0.05806328
162.00000000,1949.00000000,0.05806318
162.00000000,1950.00000000,0.05806299
162.00000000,1951.00000000,0.05806275
162.00000000,1952.00000000,0.05806303
162.00000000,1953.00000000,0.05806530
162.00000000,1954.00000000,0.05806583
162.00000000,1955.00000000,0.05806657
162.00000000,1956.00000000,0.05806734
162.00000000,1957.00000000,0.05806794
162.00000000,1958.00000000,0.05806815
162.00000000,1959.00000000,0.05806975
162.00000000,1960.00000000,0.05806811
162.00000000,1961.00000000,0.05806523
162.00000000,1962.00000000,0.05806344
162.00000000,1963.00000000,0.05805921
162.00000000,1964.00000000,0.05805766
162.00000000,1965.00000000,0.05804982
162.00000000,1966.00000000,0.05804261
162.00000000,1967.00000000,0.05803442
162.00000000,1968.00000000,0.05802684
162.00000000,1969.00000000,0.05801587
162.00000000,1970.00000000,0.05800299
162.00000000,1971.00000000,0.05798763
162.00000000,1972.00000000,0.05796902
162.00000000,1973.00000000,0.05794952
162.00000000,1974.00000000,0.05792601
162.00000000,1975.00000000,0.05790111
162.00000000,1976.00000000,0.05787582
162.00000000,1977.00000000,0.05785242
162.00000000,1978.00000000,0.05782887
162.00000000,1979.00000000,0.05780505
162.00000000,1980.00000000,0.05777885
162.00000000,1981.00000000,0.05775254
162.00000000,1982.00000000,0.05772769
162.00000000,1983.00000000,0.05770592
162.00000000,1984.00000000,0.05768910
162.00000000,1985.00000000,0.05767458
162.00000000,1986.00000000,0.05765959
162.00000000,1987.00000000,0.05764705
162.00000000,1988.00000000,0.05763284
162.00000000,1989.00000000,0.05762015
162.00000000,1990.00000000,0.05760520
162.00000000,1991.00000000,0.05759010
162.00000000,1992.00000000,0.05758599
162.00000000,1993.00000000,0.05756984
162.00000000,1994.00000000,0.05755627
162.00000000,1995.00000000,0.05754510
162.00000000,1996.00000000,0.05753226
162.00000000,1997.00000000,0.05752073
162.00000000,1998.00000000,0.05751399
162.00000000,1999.00000000,0.05750006
162.00000000,2000.00000000,0.05748790
162.00000000,2001.00000000,0.05747559
162.00000000,2002.00000000,0.05746462
162.00000000,2003.00000000,0.05745192
162.00000000,2004.00000000,0.05744013
162.00000000,2005.00000000,0.05742452
162.00000000,2006.00000000,0.05740771
162.00000000,2007.00000000,0.05739146
162.00000000,2008.00000000,0.05736544
162.00000000,2009.00000000,0.05734235
162.00000000,2010.00000000,0.05731357
162.00000000,2011.00000000,0.05728631
162.00000000,2012.00000000,0.05725888
162.00000000,2013.00000000,0.05722237
162.00000000,2014.00000000,0.05718920
162.00000000,2015.00000000,0.05715224
162.00000000,2016.00000000,0.05712736
162.00000000,2017.00000000,0.05708650
162.00000000,2018.00000000,0.05704907
162.00000000,2019.00000000,0.05700287
162.00000000,2020.00000000,0.05695509
162.00000000,2021.00000000,0.05691280
162.00000000,2022.00000000,0.05687435
162.00000000,2023.00000000,0.05682775
162.00000000,2024.00000000,0.05677662
162.00000000,2025.00000000,0.05673331
162.00000000,2026.00000000,0.05669107
162.00000000,2027.00000000,0.05664645
162.00000000,2028.00000000,0.05659438
162.00000000,2029.00000000,0.05655091
162.00000000,2030.00000000,0.05650146
162.00000000,2031.00000000,0.05645514
162.00000000,2032.00000000,0.05640494
162.00000000,2033.00000000,0.05636101
162.00000000,2034.00000000,0.05633021
162.00000000,2035.00000000,0.05628818
162.00000000,2036.00000000,0.05620901
162.00000000,2037.00000000,0.05617019
162.00000000,2038.00000000,0.05611150
162.00000000,2039.00000000,0.05605195
162.00000000,2040.00000000,0.05598890
162.00000000,2041.00000000,0.05594640
162.00000000,2042.00000000,0.05592341
162.00000000,2043.00000000,0.05586685
162.00000000,2044.00000000,0.05581923
162.00000000,2045.00000000,0.05577547
162.00000000,2046.00000000,0.05570839
162.00000000,2047.00000000,0.05563845
162.00000000,2048.00000000,0.05557085
162.00000000,2049.00000000,0.05551915
162.00000000,2050.00000000,0.05549680
162.00000000,2051.00000000,0.05541956
162.00000000,2052.00000000,0.05539027
162.00000000,2053.00000000,0.05533834
162.00000000,2054.00000000,0.05526217
162.00000000,2055.00000000,0.05517536
162.00000000,2056.00000000,0.05511649
162.00000000,2057.00000000,0.05507382
162.00000000,2058.00000000,0.05501398
162.00000000,2059.00000000,0.05496708
162.00000000,2060.00000000,0.05492644
162.00000000,2061.00000000,0.05491369
162.00000000,2062.00000000,0.05487618
162.00000000,2063.00000000,0.05482425
162.00000000,2064.00000000,0.05476657
162.00000000,2065.00000000,0.05477077
162.00000000,2066.00000000,0.05470341
162.00000000,2067.00000000,0.05468963
162.00000000,2068.00000000,0.05468487
162.00000000,2069.00000000,0.05473474
162.00000000,2070.00000000,0.05460380
162.00000000,2071.00000000,0.05458633
162.00000000,2072.00000000,0.05456806
162.00000000,2073.00000000,0.05452333
162.00000000,2074.00000000,0.05452215
162.00000000,2075.00000000,0.05455628
162.00000000,2076.00000000,0.05433770
162.00000000,2077.00000000,0.05425193
162.00000000,2078.00000000,0.05428887
162.00000000,2079.00000000,0.05431261
162.00000000,2080.00000000,0.05422009
162.00000000,2081.00000000,0.05395079
162.00000000,2082.00000000,0.05409430
162.00000000,2083.00000000,0.05383052
162.00000000,2084.00000000,0.05384275
162.00000000,2085.00000000,0.05398936
162.00000000,2086.00000000,0.05392662
162.00000000,2087.00000000,0.05389593
162.00000000,2088.00000000,0.05386047
162.00000000,2089.00000000,0.05393955
162.00000000,2090.00000000,0.05389907
162.00000000,2091.00000000,0.05398211
162.00000000,2092.00000000,0.05379360
162.00000000,2093.00000000,0.05357354
162.00000000,2094.00000000,0.05338705
162.00000000,2095.00000000,0.05342246
162.00000000,2096.00000000,0.05351350
162.00000000,2097.00000000,0.05356537
162.00000000,2098.00000000,0.05369635
162.00000000,2099.00000000,0.05379111
162.00000000,2100.00000000,0.05365775
162.00000000,2101.00000000,0.05371031
162.00000000,2102.00000000,0.05385427
162.00000000,2103.00000000,0.05388709
162.00000000,2104.00000000,0.05387959
162.00000000,2105.00000000,0.05393843
162.00000000,2106.00000000,0.05391001
162.00000000,2107.00000000,0.05354725
162.00000000,2108.00000000,0.05365824
162.00000000,2109.00000000,0.05389054
162.00000000,2110.00000000,0.05400476
162.00000000,2111.00000000,0.05392291
162.00000000,2112.00000000,0.05425109
162.00000000,2113.00000000,0.05446751
162.00000000,2114.00000000,0.05451437
162.00000000,2115.00000000,0.05458967
162.00000000,2116.00000000,0.05463417
162.00000000,2117.00000000,0.05492050
162.00000000,2118.00000000,0.05514162
162.00000000,2119.00000000,0.05529742
162.00000000,2120.00000000,0.05540496
162.00000000,2121.00000000,0.05562594
162.00000000,2122.00000000,0.05582192
162.00000000,2123.00000000,0.05586724
162.00000000,2124.00000000,0.05605245
162.00000000,2125.00000000,0.05630452
162.00000000,2126.00000000,0.05657682
162.00000000,2127.00000000,0.05681500
162.00000000,2128.00000000,0.05709038
162.00000000,2129.00000000,0.05728348
162.00000000,2130.00000000,0.05758805
162.00000000,2131.00000000,0.05794824
162.00000000,2132.00000000,0.05840882
162.00000000,2133.00000000,0.05868311
162.00000000,2134.00000000,0.05897869
162.00000000,2135.00000000,0.05938061
162.00000000,2136.00000000,0.05943227
162.00000000,2137.00000000,0.05942631
162.00000000,2138.00000000,0.05988086
162.00000000,2139.00000000,0.06014782
162.00000000,2140.00000000,0.06030747
162.00000000,2141.00000000,0.06078626
162.00000000,2142.00000000,0.06074494
162.00000000,2143.00000000,0.06053599
162.00000000,2144.00000000,0.06051806
162.00000000,2145.00000000,0.06053842
162.00000000,2146.00000000,0.06086428
162.00000000,2147.00000000,0.06115121
162.00000000,2148.00000000,0.06145786
162.00000000,2149.00000000,0.06173004
162.00000000,2150.00000000,0.06210818
162.00000000,2151.00000000,0.06235472
162.00000000,2152.00000000,0.06249518
162.00000000,2153.00000000,0.06269400
162.00000000,2154.00000000,0.06257504
162.00000000,2155.00000000,0.06264944
162.00000000,2156.00000000,0.06290062
162.00000000,2157.00000000,0.06317435
162.00000000,2158.00000000,0.06346440
162.00000000,2159.00000000,0.06371362
162.00000000,2160.00000000,0.06375029
162.00000000,2161.00000000,0.06380933
162.00000000,2162.00000000,0.06415861
162.00000000,2163.00000000,0.06450440
162.00000000,2164.00000000,0.06468771
162.00000000,2165.00000000,0.06531537
162.00000000,2166.00000000,0.06602361
162.00000000,2167.00000000,0.06660178
162.00000000,2168.00000000,0.06701552
162.00000000,2169.00000000,0.06743361
162.00000000,2170.00000000,0.06785610
162.00000000,2171.00000000,0.06828251
162.00000000,2172.00000000,0.06871286
162.00000000,2173.00000000,0.06925654
162.00000000,2174.00000000,0.06980441
162.00000000,2175.00000000,0.07035645
162.00000000,2176.00000000,0.07091259
162.00000000,2177.00000000,0.07147277
162.00000000,2178.00000000,0.07203697
162.00000000,2179.00000000,0.07260513
162.00000000,2180.00000000,0.07317718
162.00000000,2181.00000000,0.07375311
162.00000000,2182.00000000,0.07433284
162.00000000,2183.00000000,0.07486740
162.00000000,2184.00000000,0.07540560
162.00000000,2185.00000000,0.07594736
162.00000000,2186.00000000,0.07649275
162.00000000,2187.00000000,0.07704172
162.00000000,2188.00000000,0.07759428
162.00000000,2189.00000000,0.07815048
162.00000000,2190.00000000,0.07871031
162.00000000,2191.00000000,0.07927378
162.00000000,2192.00000000,0.07984097
162.00000000,2193.00000000,0.08051506
162.00000000,2194.00000000,0.08119316
162.00000000,2195.00000000,0.08187532
162.00000000,2196.00000000,0.08256149
162.00000000,2197.00000000,0.08325160
162.00000000,2198.00000000,0.08394569
162.00000000,2199.00000000,0.08464369
162.00000000,2200.00000000,0.08534564
162.00000000,2201.00000000,0.08605149
162.00000000,2202.00000000,0.08676121
162.00000000,2203.00000000,0.08755115
162.00000000,2204.00000000,0.08834522
162.00000000,2205.00000000,0.08914335
162.00000000,2206.00000000,0.08994555
162.00000000,2207.00000000,0.09075174
162.00000000,2208.00000000,0.09156186
162.00000000,2209.00000000,0.09237591
162.00000000,2210.00000000,0.09319378
162.00000000,2211.00000000,0.09401549
162.00000000,2212.00000000,0.09484097
162.00000000,2213.00000000,0.09566576
162.00000000,2214.00000000,0.09649426
162.00000000,2215.00000000,0.09732634
162.00000000,2216.00000000,0.09816194
162.00000000,2217.00000000,0.09900107
162.00000000,2218.00000000,0.09984365
162.00000000,2219.00000000,0.10068958
162.00000000,2220.00000000,0.10153885
162.00000000,2221.00000000,0.10239136
162.00000000,2222.00000000,0.10324696
162.00000000,2223.00000000,0.10393345
162.00000000,2224.00000000,0.10462225
162.00000000,2225.00000000,0.10531341
162.00000000,2226.00000000,0.10600686
162.00000000,2227.00000000,0.10670256
162.00000000,2228.00000000,0.10740054
162.00000000,2229.00000000,0.10810075
162.00000000,2230.00000000,0.10880310
162.00000000,2231.00000000,0.10950762
162.00000000,2232.00000000,0.11021422
162.00000000,2233.00000000,0.11076493
162.00000000,2234.00000000,0.11131706
162.00000000,2235.00000000,0.11187053
162.00000000,2236.00000000,0.11242538
162.00000000,2237.00000000,0.11298162
162.00000000,2238.00000000,0.11353921
162.00000000,2239.00000000,0.11409818
162.00000000,2240.00000000,0.11465850
162.00000000,2241.00000000,0.11522013
162.00000000,2242.00000000,0.11578312
162.00000000,2243.00000000,0.11625778
162.00000000,2244.00000000,0.11673333
162.00000000,2245.00000000,0.11720985
162.00000000,2246.00000000,0.11768729
162.00000000,2247.00000000,0.11816570
162.00000000,2248.00000000,0.11864508
162.00000000,2249.00000000,0.11912524
162.00000000,2250.00000000,0.11960546
162.00000000,2251.00000000,0.12008417
162.00000000,2252.00000000,0.12055987
162.00000000,2253.00000000,0.12093785
162.00000000,2254.00000000,0.12131127
162.00000000,2255.00000000,0.12167997
162.00000000,2256.00000000,0.12204400
162.00000000,2257.00000000,0.12240331
162.00000000,2258.00000000,0.12275787
162.00000000,2259.00000000,0.12310785
162.00000000,2260.00000000,0.12345321
162.00000000,2261.00000000,0.12379415
162.00000000,2262.00000000,0.12413080
162.00000000,2263.00000000,0.12439017
162.00000000,2264.00000000,0.12464533
162.00000000,2265.00000000,0.12489637
162.00000000,2266.00000000,0.12514332
162.00000000,2267.00000000,0.12538635
162.00000000,2268.00000000,0.12562552
162.00000000,2269.00000000,0.12586084
162.00000000,2270.00000000,0.12609248
162.00000000,2271.00000000,0.12632042
162.00000000,2272.00000000,0.12654480
162.00000000,2273.00000000,0.12676567
162.00000000,2274.00000000,0.12698302
162.00000000,2275.00000000,0.12719701
162.00000000,2276.00000000,0.12740765
162.00000000,2277.00000000,0.12761494
162.00000000,2278.00000000,0.12781906
162.00000000,2279.00000000,0.12801999
162.00000000,2280.00000000,0.12821774
162.00000000,2281.00000000,0.12841245
162.00000000,2282.00000000,0.12860412
162.00000000,2283.00000000,0.12879272
162.00000000,2284.00000000,0.12897842
162.00000000,2285.00000000,0.12916112
162.00000000,2286.00000000,0.12934100
162.00000000,2287.00000000,0.12951800
162.00000000,2288.00000000,0.12969213
162.00000000,2289.00000000,0.12986352
162.00000000,2290.00000000,0.13003216
162.00000000,2291.00000000,0.13019797
162.00000000,2292.00000000,0.13036117
162.00000000,2293.00000000,0.13052167
162.00000000,2294.00000000,0.13067943
162.00000000,2295.00000000,0.13083465
162.00000000,2296.00000000,0.13098715
162.00000000,2297.00000000,0.13113715
162.00000000,2298.00000000,0.13128456
162.00000000,2299.00000000,0.13142935
162.00000000,2300.00000000,0.13157165
162.00000000,2301.00000000,0.13171143
162.00000000,2302.00000000,0.13184861
162.00000000,2303.00000000,0.13198331
162.00000000,2304.00000000,0.13211550
162.00000000,2305.00000000,0.13224507
162.00000000,2306.00000000,0.13237222
162.00000000,2307.00000000,0.13249679
162.00000000,2308.00000000,0.13261889
162.00000000,2309.00000000,0.13273849
162.00000000,2310.00000000,0.13285549
162.00000000,2311.00000000,0.13296995
162.00000000,2312.00000000,0.13308180
162.00000000,2313.00000000,0.13267655
162.00000000,2314.00000000,0.13226806
162.00000000,2315.00000000,0.13185639
162.00000000,2316.00000000,0.13144152
162.00000000,2317.00000000,0.13102364
162.00000000,2318.00000000,0.13060275
162.00000000,2319.00000000,0.13017890
162.00000000,2320.00000000,0.12975224
162.00000000,2321.00000000,0.12932273
162.00000000,2322.00000000,0.12889052
162.00000000,2323.00000000,0.12845565
162.00000000,2324.00000000,0.12801812
162.00000000,2325.00000000,0.12757808
162.00000000,2326.00000000,0.12713552
162.00000000,2327.00000000,0.12669049
162.00000000,2328.00000000,0.12624313
162.00000000,2329.00000000,0.12579342
162.00000000,2330.00000000,0.12534138
162.00000000,2331.00000000,0.12488716
162.00000000,2332.00000000,0.12443068
162.00000000,2333.00000000,0.12397214
162.00000000,2334.00000000,0.12351151
162.00000000,2335.00000000,0.12304879
162.00000000,2336.00000000,0.12258412
162.00000000,2337.00000000,0.12211750
162.00000000,2338.00000000,0.12164893
162.00000000,2339.00000000,0.12117853
162.00000000,2340.00000000,0.12070630
162.00000000,2341.00000000,0.12023225
162.00000000,2342.00000000,0.11975651
162.00000000,2343.00000000,0.11927907
162.00000000,2344.00000000,0.11879991
162.00000000,2345.00000000,0.11831917
162.00000000,2346.00000000,0.11783680
162.00000000,2347.00000000,0.11735292
162.00000000,2348.00000000,0.11686752
162.00000000,2349.00000000,0.11638059
162.00000000,2350.00000000,0.11589226
162.00000000,2351.00000000,0.11540251
162.00000000,2352.00000000,0.11491134
162.00000000,2353.00000000,0.11441887
162.00000000,2354.00000000,0.11392509
162.00000000,2355.00000000,0.11342998
162.00000000,2356.00000000,0.11293368
162.00000000,2357.00000000,0.11243610
162.00000000,2358.00000000,0.11193738
162.00000000,2359.00000000,0.11143750
162.00000000,2360.00000000,0.11093644
162.00000000,2361.00000000,0.11043431
162.00000000,2362.00000000,0.10993112
162.00000000,2363.00000000,0.10942682
162.00000000,2364.00000000,0.10892156
162.00000000,2365.00000000,0.10841529
162.00000000,2366.00000000,0.10790799
162.00000000,2367.00000000,0.10739980
162.00000000,2368.00000000,0.10689070
162.00000000,2369.00000000,0.10638064
162.00000000,2370.00000000,0.10586975
162.00000000,2371.00000000,0.10535796
162.00000000,2372.00000000,0.10484540
162.00000000,2373.00000000,0.10433204
162.00000000,2374.00000000,0.10381784
162.00000000,2375.00000000,0.10330293
162.00000000,2376.00000000,0.10278730
162.00000000,2377.00000000,0.10227089
162.00000000,2378.00000000,0.10175383
162.00000000,2379.00000000,0.10123612
162.00000000,2380.00000000,0.10071769
162.00000000,2381.00000000,0.10019869
162.00000000,2382.00000000,0.09967902
162.00000000,2383.00000000,0.09915880
162.00000000,2384.00000000,0.09863803
162.00000000,2385.00000000,0.09811665
162.00000000,2386.00000000,0.09759479
162.00000000,2387.00000000,0.09707241
162.00000000,2388.00000000,0.09654950
162.00000000,2389.00000000,0.09602615
162.00000000,2390.00000000,0.09550236
162.00000000,2391.00000000,0.09497807
162.00000000,2392.00000000,0.09445341
162.00000000,2393.00000000,0.09392831
162.00000000,2394.00000000,0.09340286
162.00000000,2395.00000000,0.09287705
162.00000000,2396.00000000,0.09235085
162.00000000,2397.00000000,0.09182435
162.00000000,2398.00000000,0.09129755
162.00000000,2399.00000000,0.09077040
162.00000000,2400.00000000,0.09024301
162.00000000,2401.00000000,0.08971537
162.00000000,2402.00000000,0.08918744
162.00000000,2403.00000000,0.08865933
162.00000000,2404.00000000,0.08813100
162.00000000,2405.00000000,0.08760245
162.00000000,2406.00000000,0.08707378
162.00000000,2407.00000000,0.08654491
162.00000000,2408.00000000,0.08601597
162.00000000,2409.00000000,0.08548694
162.00000000,2410.00000000,0.08495782
162.00000000,2411.00000000,0.08454024
162.00000000,2412.00000000,0.08445090
162.00000000,2413.00000000,0.08445135
162.00000000,2414.00000000,0.08445201
162.00000000,2415.00000000,0.08445283
162.00000000,2416.00000000,0.08445373
162.00000000,2417.00000000,0.08445484
162.00000000,2418.00000000,0.08447010
162.00000000,2419.00000000,0.08448556
162.00000000,2420.00000000,0.08450116
162.00000000,2421.00000000,0.08451682
162.00000000,2422.00000000,0.08453267
162.00000000,2423.00000000,0.08452084
162.00000000,2424.00000000,0.08450907
162.00000000,2425.00000000,0.08449747
162.00000000,2426.00000000,0.08448596
162.00000000,2427.00000000,0.08447450
162.00000000,2428.00000000,0.08446320
162.00000000,2429.00000000,0.08445201
162.00000000,2430.00000000,0.08444084
162.00000000,2431.00000000,0.08442983
162.00000000,2432.00000000,0.08441884
162.00000000,2433.00000000,0.08440800
162.00000000,2434.00000000,0.08439726
162.00000000,2435.00000000,0.08438653
162.00000000,2436.00000000,0.08437595
162.00000000,2437.00000000,0.08436543
162.00000000,2438.00000000,0.08435375
162.00000000,2439.00000000,0.08434220
162.00000000,2440.00000000,0.08433071
162.00000000,2441.00000000,0.08431924
162.00000000,2442.00000000,0.08430790
162.00000000,2443.00000000,0.08429656
162.00000000,2444.00000000,0.08428535
162.00000000,2445.00000000,0.08427421
162.00000000,2446.00000000,0.08426307
162.00000000,2447.00000000,0.08425205
162.00000000,2448.00000000,0.08424108
162.00000000,2449.00000000,0.08423011
162.00000000,2450.00000000,0.08421927
162.00000000,2451.00000000,0.08420848
162.00000000,2452.00000000,0.08419767
162.00000000,2453.00000000,0.08418698
162.00000000,2454.00000000,0.08417629
162.00000000,2455.00000000,0.08416569
162.00000000,2456.00000000,0.08415514
162.00000000,2457.00000000,0.08414457
162.00000000,2458.00000000,0.08413410
162.00000000,2459.00000000,0.08412367
162.00000000,2460.00000000,0.08411323
162.00000000,2461.00000000,0.08410289
162.00000000,2462.00000000,0.08409258
162.00000000,2463.00000000,0.08408493
162.00000000,2464.00000000,0.08407737
162.00000000,2465.00000000,0.08406986
162.00000000,2466.00000000,0.08406231
162.00000000,2467.00000000,0.08405485
162.00000000,2468.00000000,0.08404737
162.00000000,2469.00000000,0.08404000
162.00000000,2470.00000000,0.08403264
162.00000000,2471.00000000,0.08402526
162.00000000,2472.00000000,0.08401797
162.00000000,2473.00000000,0.08401072
162.00000000,2474.00000000,0.08400342
162.00000000,2475.00000000,0.08399622
162.00000000,2476.00000000,0.08398904
162.00000000,2477.00000000,0.08398182
162.00000000,2478.00000000,0.08397470
162.00000000,2479.00000000,0.08396753
162.00000000,2480.00000000,0.08396046
162.00000000,2481.00000000,0.08395340
162.00000000,2482.00000000,0.08394631
162.00000000,2483.00000000,0.08393930
162.00000000,2484.00000000,0.08393233
162.00000000,2485.00000000,0.08392528
162.00000000,2486.00000000,0.08391835
162.00000000,2487.00000000,0.08391142
162.00000000,2488.00000000,0.08390444
162.00000000,2489.00000000,0.08389756
162.00000000,2490.00000000,0.08389068
162.00000000,2491.00000000,0.08388376
162.00000000,2492.00000000,0.08387692
162.00000000,2493.00000000,0.08387003
162.00000000,2494.00000000,0.08386323
162.00000000,2495.00000000,0.08385644
162.00000000,2496.00000000,0.08384958
162.00000000,2497.00000000,0.08384282
162.00000000,2498.00000000,0.08383607
162.00000000,2499.00000000,0.08382926
162.00000000,2500.00000000,0.08382254
163.00000000,1765.00000000,0.05752797
163.00000000,1766.00000000,0.05752799
163.00000000,1767.00000000,0.05752812
163.00000000,1768.00000000,0.05752812
163.00000000,1769.00000000,0.05752844
163.00000000,1770.00000000,0.05752861
163.00000000,1771.00000000,0.05752902
163.00000000,1772.00000000,0.05752963
163.00000000,1773.00000000,0.05753029
163.00000000,1774.00000000,0.05753098
163.00000000,1775.00000000,0.05753179
163.00000000,1776.00000000,0.05753277
163.00000000,1777.00000000,0.05753388
163.00000000,1778.00000000,0.05753508
163.00000000,1779.00000000,0.05753635
163.00000000,1780.00000000,0.05753773
163.00000000,1781.00000000,0.05753925
163.00000000,1782.00000000,0.05754078
163.00000000,1783.00000000,0.05754258
163.00000000,1784.00000000,0.05754413
163.00000000,1785.00000000,0.05754596
163.00000000,1786.00000000,0.05754790
163.00000000,1787.00000000,0.05754993
163.00000000,1788.00000000,0.05755194
163.00000000,1789.00000000,0.05755399
163.00000000,1790.00000000,0.05755624
163.00000000,1791.00000000,0.05755846
163.00000000,1792.00000000,0.05756078
163.00000000,1793.00000000,0.05756307
163.00000000,1794.00000000,0.05756554
163.00000000,1795.00000000,0.05756790
163.00000000,1796.00000000,0.05757042
163.00000000,1797.00000000,0.05757303
163.00000000,1798.00000000,0.05757551
163.00000000,1799.00000000,0.05757821
163.00000000,1800.00000000,0.05758094
163.00000000,1801.00000000,0.05758353
163.00000000,1802.00000000,0.05758631
163.00000000,1803.00000000,0.05758905
163.00000000,1804.00000000,0.05759172
163.00000000,1805.00000000,0.05759459
163.00000000,1806.00000000,0.05759750
163.00000000,1807.00000000,0.05760019
163.00000000,1808.00000000,0.05760304
163.00000000,1809.00000000,0.05760593
163.00000000,1810.00000000,0.05760882
163.00000000,1811.00000000,0.05761174
163.00000000,1812.00000000,0.05761475
163.00000000,1813.00000000,0.05761764
163.00000000,1814.00000000,0.05762069
163.00000000,1815.00000000,0.05762350
163.00000000,1816.00000000,0.05762642
163.00000000,1817.00000000,0.05762941
163.00000000,1818.00000000,0.05763252
163.00000000,1819.00000000,0.05763543
163.00000000,1820.00000000,0.05763843
163.00000000,1821.00000000,0.05764142
163.00000000,1822.00000000,0.05764439
163.00000000,1823.00000000,0.05764741
163.00000000,1824.00000000,0.05765048
163.00000000,1825.00000000,0.05765333
163.00000000,1826.00000000,0.05765636
163.00000000,1827.00000000,0.05765934
163.00000000,1828.00000000,0.05766229
163.00000000,1829.00000000,0.05766525
163.00000000,1830.00000000,0.05766822
163.00000000,1831.00000000,0.05767122
163.00000000,1832.00000000,0.05767412
163.00000000,1833.00000000,0.05767702
163.00000000,1834.00000000,0.05767983
163.00000000,1835.00000000,0.05768275
163.00000000,1836.00000000,0.05768559
163.00000000,1837.00000000,0.05768849
163.00000000,1838.00000000,0.05769131
163.00000000,1839.00000000,0.05769416
163.00000000,1840.00000000,0.05769689
163.00000000,1841.00000000,0.05769965
163.00000000,1842.00000000,0.05770247
163.00000000,1843.00000000,0.05770519
163.00000000,1844.00000000,0.05770786
163.00000000,1845.00000000,0.05771052
163.00000000,1846.00000000,0.05771323
163.00000000,1847.00000000,0.05771582
163.00000000,1848.00000000,0.05771841
163.00000000,1849.00000000,0.05772098
163.00000000,1850.00000000,0.05772357
163.00000000,1851.00000000,0.05772606
163.00000000,1852.00000000,0.05772849
163.00000000,1853.00000000,0.05773122
163.00000000,1854.00000000,0.05773403
163.00000000,1855.00000000,0.05773680
163.00000000,1856.00000000,0.05773946
163.00000000,1857.00000000,0.05774209
163.00000000,1858.00000000,0.05774464
163.00000000,1859.00000000,0.05774714
163.00000000,1860.00000000,0.05774957
163.00000000,1861.00000000,0.05775196
163.00000000,1862.00000000,0.05775416
163.00000000,1863.00000000,0.05775587
163.00000000,1864.00000000,0.05775726
163.00000000,1865.00000000,0.05775826
163.00000000,1866.00000000,0.05775894
163.00000000,1867.00000000,0.05775954
163.00000000,1868.00000000,0.05775973
163.00000000,1869.00000000,0.05775982
163.00000000,1870.00000000,0.05775973
163.00000000,1871.00000000,0.05775949
163.00000000,1872.00000000,0.05775922
163.00000000,1873.00000000,0.05775965
163.00000000,1874.00000000,0.05776038
163.00000000,1875.00000000,0.05776139
163.00000000,1876.00000000,0.05776264
163.00000000,1877.00000000,0.05776394
163.00000000,1878.00000000,0.05776539
163.00000000,1879.00000000,0.05776696
163.00000000,1880.00000000,0.05776859
163.00000000,1881.00000000,0.05777015
163.00000000,1882.00000000,0.05777176
163.00000000,1883.00000000,0.05777304
163.00000000,1884.00000000,0.05777398
163.00000000,1885.00000000,0.05777474
163.00000000,1886.00000000,0.05777531
163.00000000,1887.00000000,0.05777579
163.00000000,1888.00000000,0.05777610
163.00000000,1889.00000000,0.05777622
163.00000000,1890.00000000,0.05777608
163.00000000,1891.00000000,0.05777570
163.00000000,1892.00000000,0.05777504
163.00000000,1893.00000000,0.05777432
163.00000000,1894.00000000,0.05777355
163.00000000,1895.00000000,0.05777285
163.00000000,1896.00000000,0.05777219
163.00000000,1897.00000000,0.05777145
163.00000000,1898.00000000,0.05777065
163.00000000,1899.00000000,0.05776972
163.00000000,1900.00000000,0.05776848
163.00000000,1901.00000000,0.05776710
163.00000000,1902.00000000,0.05776583
163.00000000,1903.00000000,0.05776455
163.00000000,1904.00000000,0.05776343
163.00000000,1905.00000000,0.05776240
163.00000000,1906.00000000,0.05776160
163.00000000,1907.00000000,0.05776088
163.00000000,1908.00000000,0.05776010
163.00000000,1909.00000000,0.05775928
163.00000000,1910.00000000,0.05775849
163.00000000,1911.00000000,0.05775760
163.00000000,1912.00000000,0.05775623
163.00000000,1913.00000000,0.05775417
163.00000000,1914.00000000,0.05775140
163.00000000,1915.00000000,0.05774832
163.00000000,1916.00000000,0.05774517
163.00000000,1917.00000000,0.05774202
163.00000000,1918.00000000,0.05773872
163.00000000,1919.00000000,0.05773550
163.00000000,1920.00000000,0.05773269
163.00000000,1921.00000000,0.05773040
163.00000000,1922.00000000,0.05772885
163.00000000,1923.00000000,0.05772782
163.00000000,1924.00000000,0.05772695
163.00000000,1925.00000000,0.05772600
163.00000000,1926.00000000,0.05772503
163.00000000,1927.00000000,0.05772411
163.00000000,1928.00000000,0.05772334
163.00000000,1929.00000000,0.05772791
163.00000000,1930.00000000,0.05772734
163.00000000,1931.00000000,0.05772760
163.00000000,1932.00000000,0.05772894
163.00000000,1933.00000000,0.05773089
163.00000000,1934.00000000,0.05773505
163.00000000,1935.00000000,0.05773747
163.00000000,1936.00000000,0.05773953
163.00000000,1937.00000000,0.05774093
163.00000000,1938.00000000,0.05774143
163.00000000,1939.00000000,0.05774127
163.00000000,1940.00000000,0.05774067
163.00000000,1941.00000000,0.05773932
163.00000000,1942.00000000,0.05773718
163.00000000,1943.00000000,0.05773460
163.00000000,1944.00000000,0.05773351
163.00000000,1945.00000000,0.05773055
163.00000000,1946.00000000,0.05772835
163.00000000,1947.00000000,0.05772748
163.00000000,1948.00000000,0.05772722
163.00000000,1949.00000000,0.05772703
163.00000000,1950.00000000,0.05772682
163.00000000,1951.00000000,0.05772648
163.00000000,1952.00000000,0.05772677
163.00000000,1953.00000000,0.05772716
163.00000000,1954.00000000,0.05772939
163.00000000,1955.00000000,0.05773009
163.00000000,1956.00000000,0.05773080
163.00000000,1957.00000000,0.05773131
163.00000000,1958.00000000,0.05773154
163.00000000,1959.00000000,0.05773126
163.00000000,1960.00000000,0.05773140
163.00000000,1961.00000000,0.05772842
163.00000000,1962.00000000,0.05772484
163.00000000,1963.00000000,0.05772234
163.00000000,1964.00000000,0.05771727
163.00000000,1965.00000000,0.05771467
163.00000000,1966.00000000,0.05770574
163.00000000,1967.00000000,0.05769755
163.00000000,1968.00000000,0.05768820
163.00000000,1969.00000000,0.05767898
163.00000000,1970.00000000,0.05766618
163.00000000,1971.00000000,0.05765081
163.00000000,1972.00000000,0.05763234
163.00000000,1973.00000000,0.05761108
163.00000000,1974.00000000,0.05758942
163.00000000,1975.00000000,0.05756466
163.00000000,1976.00000000,0.05753947
163.00000000,1977.00000000,0.05751438
163.00000000,1978.00000000,0.05749090
163.00000000,1979.00000000,0.05746717
163.00000000,1980.00000000,0.05744290
163.00000000,1981.00000000,0.05741666
163.00000000,1982.00000000,0.05739189
163.00000000,1983.00000000,0.05737023
163.00000000,1984.00000000,0.05735167
163.00000000,1985.00000000,0.05733721
163.00000000,1986.00000000,0.05732406
163.00000000,1987.00000000,0.05730972
163.00000000,1988.00000000,0.05729733
163.00000000,1989.00000000,0.05728290
163.00000000,1990.00000000,0.05726979
163.00000000,1991.00000000,0.05725467
163.00000000,1992.00000000,0.05723997
163.00000000,1993.00000000,0.05723618
163.00000000,1994.00000000,0.05722090
163.00000000,1995.00000000,0.05720796
163.00000000,1996.00000000,0.05719688
163.00000000,1997.00000000,0.05718366
163.00000000,1998.00000000,0.05717158
163.00000000,1999.00000000,0.05716468
163.00000000,2000.00000000,0.05715084
163.00000000,2001.00000000,0.05713849
163.00000000,2002.00000000,0.05712580
163.00000000,2003.00000000,0.05711484
163.00000000,2004.00000000,0.05710128
163.00000000,2005.00000000,0.05708745
163.00000000,2006.00000000,0.05706893
163.00000000,2007.00000000,0.05704919
163.00000000,2008.00000000,0.05703030
163.00000000,2009.00000000,0.05700196
163.00000000,2010.00000000,0.05697677
163.00000000,2011.00000000,0.05694610
163.00000000,2012.00000000,0.05691699
163.00000000,2013.00000000,0.05688763
163.00000000,2014.00000000,0.05684925
163.00000000,2015.00000000,0.05681420
163.00000000,2016.00000000,0.05677543
163.00000000,2017.00000000,0.05674874
163.00000000,2018.00000000,0.05670626
163.00000000,2019.00000000,0.05666729
163.00000000,2020.00000000,0.05661970
163.00000000,2021.00000000,0.05657065
163.00000000,2022.00000000,0.05652721
163.00000000,2023.00000000,0.05648778
163.00000000,2024.00000000,0.05644040
163.00000000,2025.00000000,0.05638865
163.00000000,2026.00000000,0.05634476
163.00000000,2027.00000000,0.05630202
163.00000000,2028.00000000,0.05625696
163.00000000,2029.00000000,0.05620455
163.00000000,2030.00000000,0.05616074
163.00000000,2031.00000000,0.05611098
163.00000000,2032.00000000,0.05606424
163.00000000,2033.00000000,0.05601344
163.00000000,2034.00000000,0.05596878
163.00000000,2035.00000000,0.05593708
163.00000000,2036.00000000,0.05589420
163.00000000,2037.00000000,0.05581445
163.00000000,2038.00000000,0.05577479
163.00000000,2039.00000000,0.05571543
163.00000000,2040.00000000,0.05565525
163.00000000,2041.00000000,0.05559160
163.00000000,2042.00000000,0.05554824
163.00000000,2043.00000000,0.05552413
163.00000000,2044.00000000,0.05546659
163.00000000,2045.00000000,0.05541790
163.00000000,2046.00000000,0.05537305
163.00000000,2047.00000000,0.05530508
163.00000000,2048.00000000,0.05523431
163.00000000,2049.00000000,0.05516591
163.00000000,2050.00000000,0.05511334
163.00000000,2051.00000000,0.05508997
163.00000000,2052.00000000,0.05501217
163.00000000,2053.00000000,0.05498204
163.00000000,2054.00000000,0.05492948
163.00000000,2055.00000000,0.05485291
163.00000000,2056.00000000,0.05476583
163.00000000,2057.00000000,0.05470655
163.00000000,2058.00000000,0.05466337
163.00000000,2059.00000000,0.05460319
163.00000000,2060.00000000,0.05455588
163.00000000,2061.00000000,0.05451491
163.00000000,2062.00000000,0.05450200
163.00000000,2063.00000000,0.05446491
163.00000000,2064.00000000,0.05441377
163.00000000,2065.00000000,0.05435708
163.00000000,2066.00000000,0.05436186
163.00000000,2067.00000000,0.05429568
163.00000000,2068.00000000,0.05428269
163.00000000,2069.00000000,0.05427862
163.00000000,2070.00000000,0.05432874
163.00000000,2071.00000000,0.05419944
163.00000000,2072.00000000,0.05418302
163.00000000,2073.00000000,0.05416611
163.00000000,2074.00000000,0.05412307
163.00000000,2075.00000000,0.05412333
163.00000000,2076.00000000,0.05415867
163.00000000,2077.00000000,0.05394308
163.00000000,2078.00000000,0.05385929
163.00000000,2079.00000000,0.05389727
163.00000000,2080.00000000,0.05392206
163.00000000,2081.00000000,0.05383141
163.00000000,2082.00000000,0.05356532
163.00000000,2083.00000000,0.05370918
163.00000000,2084.00000000,0.05344870
163.00000000,2085.00000000,0.05346227
163.00000000,2086.00000000,0.05360923
163.00000000,2087.00000000,0.05354826
163.00000000,2088.00000000,0.05351905
163.00000000,2089.00000000,0.05348504
163.00000000,2090.00000000,0.05356469
163.00000000,2091.00000000,0.05352562
163.00000000,2092.00000000,0.05360933
163.00000000,2093.00000000,0.05342346
163.00000000,2094.00000000,0.05320630
163.00000000,2095.00000000,0.05302248
163.00000000,2096.00000000,0.05305900
163.00000000,2097.00000000,0.05315073
163.00000000,2098.00000000,0.05320352
163.00000000,2099.00000000,0.05333484
163.00000000,2100.00000000,0.05343012
163.00000000,2101.00000000,0.05329880
163.00000000,2102.00000000,0.05335228
163.00000000,2103.00000000,0.05349665
163.00000000,2104.00000000,0.05353065
163.00000000,2105.00000000,0.05352460
163.00000000,2106.00000000,0.05358444
163.00000000,2107.00000000,0.05355754
163.00000000,2108.00000000,0.05319842
163.00000000,2109.00000000,0.05330993
163.00000000,2110.00000000,0.05354190
163.00000000,2111.00000000,0.05365651
163.00000000,2112.00000000,0.05357627
163.00000000,2113.00000000,0.05390338
163.00000000,2114.00000000,0.05411941
163.00000000,2115.00000000,0.05416694
163.00000000,2116.00000000,0.05424268
163.00000000,2117.00000000,0.05428779
163.00000000,2118.00000000,0.05457317
163.00000000,2119.00000000,0.05479371
163.00000000,2120.00000000,0.05494933
163.00000000,2121.00000000,0.05505697
163.00000000,2122.00000000,0.05527731
163.00000000,2123.00000000,0.05547279
163.00000000,2124.00000000,0.05551854
163.00000000,2125.00000000,0.05570327
163.00000000,2126.00000000,0.05595444
163.00000000,2127.00000000,0.05622573
163.00000000,2128.00000000,0.05646309
163.00000000,2129.00000000,0.05673742
163.00000000,2130.00000000,0.05692997
163.00000000,2131.00000000,0.05723328
163.00000000,2132.00000000,0.05759188
163.00000000,2133.00000000,0.05805024
163.00000000,2134.00000000,0.05832345
163.00000000,2135.00000000,0.05861781
163.00000000,2136.00000000,0.05901785
163.00000000,2137.00000000,0.05906977
163.00000000,2138.00000000,0.05906441
163.00000000,2139.00000000,0.05951674
163.00000000,2140.00000000,0.05978263
163.00000000,2141.00000000,0.05994185
163.00000000,2142.00000000,0.06041827
163.00000000,2143.00000000,0.06037773
163.00000000,2144.00000000,0.06017056
163.00000000,2145.00000000,0.06015324
163.00000000,2146.00000000,0.06017399
163.00000000,2147.00000000,0.06049840
163.00000000,2148.00000000,0.06078410
163.00000000,2149.00000000,0.06108940
163.00000000,2150.00000000,0.06136046
163.00000000,2151.00000000,0.06173716
163.00000000,2152.00000000,0.06198398
163.00000000,2153.00000000,0.06212625
163.00000000,2154.00000000,0.06232699
163.00000000,2155.00000000,0.06221199
163.00000000,2156.00000000,0.06228925
163.00000000,2157.00000000,0.06254227
163.00000000,2158.00000000,0.06281766
163.00000000,2159.00000000,0.06310922
163.00000000,2160.00000000,0.06336009
163.00000000,2161.00000000,0.06339950
163.00000000,2162.00000000,0.06346107
163.00000000,2163.00000000,0.06381121
163.00000000,2164.00000000,0.06415783
163.00000000,2165.00000000,0.06434277
163.00000000,2166.00000000,0.06496964
163.00000000,2167.00000000,0.06567662
163.00000000,2168.00000000,0.06625420
163.00000000,2169.00000000,0.06666816
163.00000000,2170.00000000,0.06708640
163.00000000,2171.00000000,0.06750899
163.00000000,2172.00000000,0.06793543
163.00000000,2173.00000000,0.06836576
163.00000000,2174.00000000,0.06890884
163.00000000,2175.00000000,0.06945604
163.00000000,2176.00000000,0.07000737
163.00000000,2177.00000000,0.07056277
163.00000000,2178.00000000,0.07112216
163.00000000,2179.00000000,0.07168555
163.00000000,2180.00000000,0.07225285
163.00000000,2181.00000000,0.07282401
163.00000000,2182.00000000,0.07339902
163.00000000,2183.00000000,0.07397782
163.00000000,2184.00000000,0.07451164
163.00000000,2185.00000000,0.07504906
163.00000000,2186.00000000,0.07559003
163.00000000,2187.00000000,0.07613459
163.00000000,2188.00000000,0.07668273
163.00000000,2189.00000000,0.07723442
163.00000000,2190.00000000,0.07778973
163.00000000,2191.00000000,0.07834865
163.00000000,2192.00000000,0.07891118
163.00000000,2193.00000000,0.07947742
163.00000000,2194.00000000,0.08015006
163.00000000,2195.00000000,0.08082672
163.00000000,2196.00000000,0.08150742
163.00000000,2197.00000000,0.08219210
163.00000000,2198.00000000,0.08288072
163.00000000,2199.00000000,0.08357331
163.00000000,2200.00000000,0.08426980
163.00000000,2201.00000000,0.08497021
163.00000000,2202.00000000,0.08567452
163.00000000,2203.00000000,0.08638269
163.00000000,2204.00000000,0.08717075
163.00000000,2205.00000000,0.08796293
163.00000000,2206.00000000,0.08875916
163.00000000,2207.00000000,0.08955946
163.00000000,2208.00000000,0.09036375
163.00000000,2209.00000000,0.09117195
163.00000000,2210.00000000,0.09198407
163.00000000,2211.00000000,0.09280002
163.00000000,2212.00000000,0.09361982
163.00000000,2213.00000000,0.09444338
163.00000000,2214.00000000,0.09526628
163.00000000,2215.00000000,0.09609286
163.00000000,2216.00000000,0.09692303
163.00000000,2217.00000000,0.09775674
163.00000000,2218.00000000,0.09859397
163.00000000,2219.00000000,0.09943465
163.00000000,2220.00000000,0.10027868
163.00000000,2221.00000000,0.10112606
163.00000000,2222.00000000,0.10197667
163.00000000,2223.00000000,0.10283039
163.00000000,2224.00000000,0.10351570
163.00000000,2225.00000000,0.10420331
163.00000000,2226.00000000,0.10489328
163.00000000,2227.00000000,0.10558555
163.00000000,2228.00000000,0.10628007
163.00000000,2229.00000000,0.10697689
163.00000000,2230.00000000,0.10767593
163.00000000,2231.00000000,0.10837712
163.00000000,2232.00000000,0.10908049
163.00000000,2233.00000000,0.10978594
163.00000000,2234.00000000,0.11033612
163.00000000,2235.00000000,0.11088771
163.00000000,2236.00000000,0.11144065
163.00000000,2237.00000000,0.11199500
163.00000000,2238.00000000,0.11255073
163.00000000,2239.00000000,0.11310780
163.00000000,2240.00000000,0.11366627
163.00000000,2241.00000000,0.11422611
163.00000000,2242.00000000,0.11478725
163.00000000,2243.00000000,0.11534974
163.00000000,2244.00000000,0.11582425
163.00000000,2245.00000000,0.11629968
163.00000000,2246.00000000,0.11677606
163.00000000,2247.00000000,0.11725337
163.00000000,2248.00000000,0.11773168
163.00000000,2249.00000000,0.11821080
163.00000000,2250.00000000,0.11868993
163.00000000,2251.00000000,0.11916762
163.00000000,2252.00000000,0.11964238
163.00000000,2253.00000000,0.12011334
163.00000000,2254.00000000,0.12048660
163.00000000,2255.00000000,0.12085520
163.00000000,2256.00000000,0.12121907
163.00000000,2257.00000000,0.12157829
163.00000000,2258.00000000,0.12193284
163.00000000,2259.00000000,0.12228274
163.00000000,2260.00000000,0.12262814
163.00000000,2261.00000000,0.12296907
163.00000000,2262.00000000,0.12330579
163.00000000,2263.00000000,0.12363841
163.00000000,2264.00000000,0.12389417
163.00000000,2265.00000000,0.12414587
163.00000000,2266.00000000,0.12439354
163.00000000,2267.00000000,0.12463722
163.00000000,2268.00000000,0.12487710
163.00000000,2269.00000000,0.12511318
163.00000000,2270.00000000,0.12534551
163.00000000,2271.00000000,0.12557424
163.00000000,2272.00000000,0.12579935
163.00000000,2273.00000000,0.12602099
163.00000000,2274.00000000,0.12623917
163.00000000,2275.00000000,0.12645393
163.00000000,2276.00000000,0.12666538
163.00000000,2277.00000000,0.12687358
163.00000000,2278.00000000,0.12707849
163.00000000,2279.00000000,0.12728028
163.00000000,2280.00000000,0.12747897
163.00000000,2281.00000000,0.12767452
163.00000000,2282.00000000,0.12786711
163.00000000,2283.00000000,0.12805669
163.00000000,2284.00000000,0.12824329
163.00000000,2285.00000000,0.12842701
163.00000000,2286.00000000,0.12860781
163.00000000,2287.00000000,0.12878581
163.00000000,2288.00000000,0.12896103
163.00000000,2289.00000000,0.12913337
163.00000000,2290.00000000,0.12930306
163.00000000,2291.00000000,0.12947004
163.00000000,2292.00000000,0.12963423
163.00000000,2293.00000000,0.12979584
163.00000000,2294.00000000,0.12995480
163.00000000,2295.00000000,0.13011107
163.00000000,2296.00000000,0.13026481
163.00000000,2297.00000000,0.13041591
163.00000000,2298.00000000,0.13056451
163.00000000,2299.00000000,0.13071059
163.00000000,2300.00000000,0.13085407
163.00000000,2301.00000000,0.13099510
163.00000000,2302.00000000,0.13113363
163.00000000,2303.00000000,0.13126956
163.00000000,2304.00000000,0.13140307
163.00000000,2305.00000000,0.13153409
163.00000000,2306.00000000,0.13166253
163.00000000,2307.00000000,0.13178857
163.00000000,2308.00000000,0.13191206
163.00000000,2309.00000000,0.13203311
163.00000000,2310.00000000,0.13215169
163.00000000,2311.00000000,0.13226769
163.00000000,2312.00000000,0.13238119
163.00000000,2313.00000000,0.13249210
163.00000000,2314.00000000,0.13208823
163.00000000,2315.00000000,0.13168114
163.00000000,2316.00000000,0.13127090
163.00000000,2317.00000000,0.13085749
163.00000000,2318.00000000,0.13044111
163.00000000,2319.00000000,0.13002175
163.00000000,2320.00000000,0.12959944
163.00000000,2321.00000000,0.12917436
163.00000000,2322.00000000,0.12874643
163.00000000,2323.00000000,0.12831587
163.00000000,2324.00000000,0.12788266
163.00000000,2325.00000000,0.12744680
163.00000000,2326.00000000,0.12700846
163.00000000,2327.00000000,0.12656763
163.00000000,2328.00000000,0.12612434
163.00000000,2329.00000000,0.12567874
163.00000000,2330.00000000,0.12523082
163.00000000,2331.00000000,0.12478059
163.00000000,2332.00000000,0.12432819
163.00000000,2333.00000000,0.12387355
163.00000000,2334.00000000,0.12341687
163.00000000,2335.00000000,0.12295812
163.00000000,2336.00000000,0.12249729
163.00000000,2337.00000000,0.12203454
163.00000000,2338.00000000,0.12156985
163.00000000,2339.00000000,0.12110321
163.00000000,2340.00000000,0.12063478
163.00000000,2341.00000000,0.12016453
163.00000000,2342.00000000,0.11969245
163.00000000,2343.00000000,0.11921871
163.00000000,2344.00000000,0.11874327
163.00000000,2345.00000000,0.11826614
163.00000000,2346.00000000,0.11778744
163.00000000,2347.00000000,0.11730711
163.00000000,2348.00000000,0.11682529
163.00000000,2349.00000000,0.11634196
163.00000000,2350.00000000,0.11585711
163.00000000,2351.00000000,0.11537088
163.00000000,2352.00000000,0.11488323
163.00000000,2353.00000000,0.11439418
163.00000000,2354.00000000,0.11390385
163.00000000,2355.00000000,0.11341221
163.00000000,2356.00000000,0.11291925
163.00000000,2357.00000000,0.11242509
163.00000000,2358.00000000,0.11192968
163.00000000,2359.00000000,0.11143313
163.00000000,2360.00000000,0.11093542
163.00000000,2361.00000000,0.11043655
163.00000000,2362.00000000,0.10993662
163.00000000,2363.00000000,0.10943564
163.00000000,2364.00000000,0.10893354
163.00000000,2365.00000000,0.10843048
163.00000000,2366.00000000,0.10792643
163.00000000,2367.00000000,0.10742137
163.00000000,2368.00000000,0.10691542
163.00000000,2369.00000000,0.10640854
163.00000000,2370.00000000,0.10590072
163.00000000,2371.00000000,0.10539208
163.00000000,2372.00000000,0.10488257
163.00000000,2373.00000000,0.10437226
163.00000000,2374.00000000,0.10386115
163.00000000,2375.00000000,0.10334924
163.00000000,2376.00000000,0.10283660
163.00000000,2377.00000000,0.10232323
163.00000000,2378.00000000,0.10180912
163.00000000,2379.00000000,0.10129435
163.00000000,2380.00000000,0.10077891
163.00000000,2381.00000000,0.10026279
163.00000000,2382.00000000,0.09974607
163.00000000,2383.00000000,0.09922871
163.00000000,2384.00000000,0.09871080
163.00000000,2385.00000000,0.09819234
163.00000000,2386.00000000,0.09767327
163.00000000,2387.00000000,0.09715372
163.00000000,2388.00000000,0.09663366
163.00000000,2389.00000000,0.09611307
163.00000000,2390.00000000,0.09559204
163.00000000,2391.00000000,0.09507058
163.00000000,2392.00000000,0.09454861
163.00000000,2393.00000000,0.09402629
163.00000000,2394.00000000,0.09350350
163.00000000,2395.00000000,0.09298040
163.00000000,2396.00000000,0.09245693
163.00000000,2397.00000000,0.09193305
163.00000000,2398.00000000,0.09140891
163.00000000,2399.00000000,0.09088445
163.00000000,2400.00000000,0.09035963
163.00000000,2401.00000000,0.08983460
163.00000000,2402.00000000,0.08930931
163.00000000,2403.00000000,0.08878373
163.00000000,2404.00000000,0.08825796
163.00000000,2405.00000000,0.08773201
163.00000000,2406.00000000,0.08720581
163.00000000,2407.00000000,0.08667950
163.00000000,2408.00000000,0.08615299
163.00000000,2409.00000000,0.08562640
163.00000000,2410.00000000,0.08509973
163.00000000,2411.00000000,0.08457297
163.00000000,2412.00000000,0.08415725
163.00000000,2413.00000000,0.08406829
163.00000000,2414.00000000,0.08406870
163.00000000,2415.00000000,0.08406933
163.00000000,2416.00000000,0.08407010
163.00000000,2417.00000000,0.08407097
163.00000000,2418.00000000,0.08407204
163.00000000,2419.00000000,0.08408721
163.00000000,2420.00000000,0.08410256
163.00000000,2421.00000000,0.08411804
163.00000000,2422.00000000,0.08413360
163.00000000,2423.00000000,0.08414934
163.00000000,2424.00000000,0.08413753
163.00000000,2425.00000000,0.08412579
163.00000000,2426.00000000,0.08411419
163.00000000,2427.00000000,0.08410270
163.00000000,2428.00000000,0.08409126
163.00000000,2429.00000000,0.08407998
163.00000000,2430.00000000,0.08406879
163.00000000,2431.00000000,0.08405763
163.00000000,2432.00000000,0.08404664
163.00000000,2433.00000000,0.08403566
163.00000000,2434.00000000,0.08402484
163.00000000,2435.00000000,0.08401410
163.00000000,2436.00000000,0.08400339
163.00000000,2437.00000000,0.08399281
163.00000000,2438.00000000,0.08398232
163.00000000,2439.00000000,0.08397063
163.00000000,2440.00000000,0.08395909
163.00000000,2441.00000000,0.08394763
163.00000000,2442.00000000,0.08393616
163.00000000,2443.00000000,0.08392483
163.00000000,2444.00000000,0.08391351
163.00000000,2445.00000000,0.08390232
163.00000000,2446.00000000,0.08389117
163.00000000,2447.00000000,0.08388004
163.00000000,2448.00000000,0.08386903
163.00000000,2449.00000000,0.08385809
163.00000000,2450.00000000,0.08384713
163.00000000,2451.00000000,0.08383629
163.00000000,2452.00000000,0.08382551
163.00000000,2453.00000000,0.08381471
163.00000000,2454.00000000,0.08380402
163.00000000,2455.00000000,0.08379332
163.00000000,2456.00000000,0.08378272
163.00000000,2457.00000000,0.08377219
163.00000000,2458.00000000,0.08376161
163.00000000,2459.00000000,0.08375115
163.00000000,2460.00000000,0.08374073
163.00000000,2461.00000000,0.08373029
163.00000000,2462.00000000,0.08371994
163.00000000,2463.00000000,0.08370964
163.00000000,2464.00000000,0.08370197
163.00000000,2465.00000000,0.08369440
163.00000000,2466.00000000,0.08368688
163.00000000,2467.00000000,0.08367932
163.00000000,2468.00000000,0.08367185
163.00000000,2469.00000000,0.08366436
163.00000000,2470.00000000,0.08365697
163.00000000,2471.00000000,0.08364960
163.00000000,2472.00000000,0.08364220
163.00000000,2473.00000000,0.08363490
163.00000000,2474.00000000,0.08362764
163.00000000,2475.00000000,0.08362032
163.00000000,2476.00000000,0.08361311
163.00000000,2477.00000000,0.08360593
163.00000000,2478.00000000,0.08359869
163.00000000,2479.00000000,0.08359155
163.00000000,2480.00000000,0.08358438
163.00000000,2481.00000000,0.08357729
163.00000000,2482.00000000,0.08357023
163.00000000,2483.00000000,0.08356312
163.00000000,2484.00000000,0.08355609
163.00000000,2485.00000000,0.08354909
163.00000000,2486.00000000,0.08354204
163.00000000,2487.00000000,0.08353508
163.00000000,2488.00000000,0.08352815
163.00000000,2489.00000000,0.08352115
163.00000000,2490.00000000,0.08351426
163.00000000,2491.00000000,0.08350737
163.00000000,2492.00000000,0.08350043
163.00000000,2493.00000000,0.08349357
163.00000000,2494.00000000,0.08348667
163.00000000,2495.00000000,0.08347985
163.00000000,2496.00000000,0.08347304
163.00000000,2497.00000000,0.08346617
163.00000000,2498.00000000,0.08345939
163.00000000,2499.00000000,0.08345263
163.00000000,2500.00000000,0.08344580
164.00000000,1765.00000000,0.05719783
164.00000000,1766.00000000,0.05719775
164.00000000,1767.00000000,0.05719782
164.00000000,1768.00000000,0.05719800
164.00000000,1769.00000000,0.05719810
164.00000000,1770.00000000,0.05719851
164.00000000,1771.00000000,0.05719879
164.00000000,1772.00000000,0.05719931
164.00000000,1773.00000000,0.05720002
164.00000000,1774.00000000,0.05720079
164.00000000,1775.00000000,0.05720159
164.00000000,1776.00000000,0.05720251
164.00000000,1777.00000000,0.05720359
164.00000000,1778.00000000,0.05720481
164.00000000,1779.00000000,0.05720609
164.00000000,1780.00000000,0.05720747
164.00000000,1781.00000000,0.05720893
164.00000000,1782.00000000,0.05721053
164.00000000,1783.00000000,0.05721214
164.00000000,1784.00000000,0.05721401
164.00000000,1785.00000000,0.05721563
164.00000000,1786.00000000,0.05721753
164.00000000,1787.00000000,0.05721953
164.00000000,1788.00000000,0.05722162
164.00000000,1789.00000000,0.05722369
164.00000000,1790.00000000,0.05722579
164.00000000,1791.00000000,0.05722809
164.00000000,1792.00000000,0.05723036
164.00000000,1793.00000000,0.05723270
164.00000000,1794.00000000,0.05723504
164.00000000,1795.00000000,0.05723754
164.00000000,1796.00000000,0.05723993
164.00000000,1797.00000000,0.05724249
164.00000000,1798.00000000,0.05724512
164.00000000,1799.00000000,0.05724762
164.00000000,1800.00000000,0.05725035
164.00000000,1801.00000000,0.05725309
164.00000000,1802.00000000,0.05725568
164.00000000,1803.00000000,0.05725848
164.00000000,1804.00000000,0.05726122
164.00000000,1805.00000000,0.05726391
164.00000000,1806.00000000,0.05726679
164.00000000,1807.00000000,0.05726970
164.00000000,1808.00000000,0.05727239
164.00000000,1809.00000000,0.05727525
164.00000000,1810.00000000,0.05727814
164.00000000,1811.00000000,0.05728104
164.00000000,1812.00000000,0.05728395
164.00000000,1813.00000000,0.05728695
164.00000000,1814.00000000,0.05728985
164.00000000,1815.00000000,0.05729288
164.00000000,1816.00000000,0.05729569
164.00000000,1817.00000000,0.05729860
164.00000000,1818.00000000,0.05730157
164.00000000,1819.00000000,0.05730466
164.00000000,1820.00000000,0.05730756
164.00000000,1821.00000000,0.05731054
164.00000000,1822.00000000,0.05731352
164.00000000,1823.00000000,0.05731648
164.00000000,1824.00000000,0.05731948
164.00000000,1825.00000000,0.05732253
164.00000000,1826.00000000,0.05732535
164.00000000,1827.00000000,0.05732837
164.00000000,1828.00000000,0.05733133
164.00000000,1829.00000000,0.05733425
164.00000000,1830.00000000,0.05733718
164.00000000,1831.00000000,0.05734012
164.00000000,1832.00000000,0.05734309
164.00000000,1833.00000000,0.05734596
164.00000000,1834.00000000,0.05734882
164.00000000,1835.00000000,0.05735160
164.00000000,1836.00000000,0.05735449
164.00000000,1837.00000000,0.05735730
164.00000000,1838.00000000,0.05736016
164.00000000,1839.00000000,0.05736295
164.00000000,1840.00000000,0.05736576
164.00000000,1841.00000000,0.05736846
164.00000000,1842.00000000,0.05737118
164.00000000,1843.00000000,0.05737397
164.00000000,1844.00000000,0.05737664
164.00000000,1845.00000000,0.05737927
164.00000000,1846.00000000,0.05738189
164.00000000,1847.00000000,0.05738456
164.00000000,1848.00000000,0.05738711
164.00000000,1849.00000000,0.05738966
164.00000000,1850.00000000,0.05739218
164.00000000,1851.00000000,0.05739470
164.00000000,1852.00000000,0.05739714
164.00000000,1853.00000000,0.05739980
164.00000000,1854.00000000,0.05740263
164.00000000,1855.00000000,0.05740539
164.00000000,1856.00000000,0.05740805
164.00000000,1857.00000000,0.05741062
164.00000000,1858.00000000,0.05741316
164.00000000,1859.00000000,0.05741565
164.00000000,1860.00000000,0.05741808
164.00000000,1861.00000000,0.05742044
164.00000000,1862.00000000,0.05742266
164.00000000,1863.00000000,0.05742436
164.00000000,1864.00000000,0.05742565
164.00000000,1865.00000000,0.05742671
164.00000000,1866.00000000,0.05742743
164.00000000,1867.00000000,0.05742788
164.00000000,1868.00000000,0.05742825
164.00000000,1869.00000000,0.05742823
164.00000000,1870.00000000,0.05742812
164.00000000,1871.00000000,0.05742790
164.00000000,1872.00000000,0.05742776
164.00000000,1873.00000000,0.05742802
164.00000000,1874.00000000,0.05742882
164.00000000,1875.00000000,0.05742980
164.00000000,1876.00000000,0.05743100
164.00000000,1877.00000000,0.05743238
164.00000000,1878.00000000,0.05743379
164.00000000,1879.00000000,0.05743533
164.00000000,1880.00000000,0.05743692
164.00000000,1881.00000000,0.05743854
164.00000000,1882.00000000,0.05744009
164.00000000,1883.00000000,0.05744134
164.00000000,1884.00000000,0.05744230
164.00000000,1885.00000000,0.05744303
164.00000000,1886.00000000,0.05744363
164.00000000,1887.00000000,0.05744408
164.00000000,1888.00000000,0.05744440
164.00000000,1889.00000000,0.05744448
164.00000000,1890.00000000,0.05744436
164.00000000,1891.00000000,0.05744395
164.00000000,1892.00000000,0.05744333
164.00000000,1893.00000000,0.05744257
164.00000000,1894.00000000,0.05744181
164.00000000,1895.00000000,0.05744112
164.00000000,1896.00000000,0.05744043
164.00000000,1897.00000000,0.05743972
164.00000000,1898.00000000,0.05743888
164.00000000,1899.00000000,0.05743793
164.00000000,1900.00000000,0.05743676
164.00000000,1901.00000000,0.05743531
164.00000000,1902.00000000,0.05743403
164.00000000,1903.00000000,0.05743280
164.00000000,1904.00000000,0.05743162
164.00000000,1905.00000000,0.05743063
164.00000000,1906.00000000,0.05742977
164.00000000,1907.00000000,0.05742907
164.00000000,1908.00000000,0.05742828
164.00000000,1909.00000000,0.05742743
164.00000000,1910.00000000,0.05742663
164.00000000,1911.00000000,0.05742571
164.00000000,1912.00000000,0.05742433
164.00000000,1913.00000000,0.05742226
164.00000000,1914.00000000,0.05741948
164.00000000,1915.00000000,0.05741636
164.00000000,1916.00000000,0.05741323
164.00000000,1917.00000000,0.05741005
164.00000000,1918.00000000,0.05740676
164.00000000,1919.00000000,0.05740350
164.00000000,1920.00000000,0.05740066
164.00000000,1921.00000000,0.05739836
164.00000000,1922.00000000,0.05739675
164.00000000,1923.00000000,0.05739569
164.00000000,1924.00000000,0.05739474
164.00000000,1925.00000000,0.05739374
164.00000000,1926.00000000,0.05739271
164.00000000,1927.00000000,0.05739171
164.00000000,1928.00000000,0.05739086
164.00000000,1929.00000000,0.05739002
164.00000000,1930.00000000,0.05739467
164.00000000,1931.00000000,0.05739487
164.00000000,1932.00000000,0.05739607
164.00000000,1933.00000000,0.05739791
164.00000000,1934.00000000,0.05740024
164.00000000,1935.00000000,0.05740430
164.00000000,1936.00000000,0.05740627
164.00000000,1937.00000000,0.05740758
164.00000000,1938.00000000,0.05740799
164.00000000,1939.00000000,0.05740779
164.00000000,1940.00000000,0.05740708
164.00000000,1941.00000000,0.05740571
164.00000000,1942.00000000,0.05740352
164.00000000,1943.00000000,0.05740087
164.00000000,1944.00000000,0.05739789
164.00000000,1945.00000000,0.05739672
164.00000000,1946.00000000,0.05739446
164.00000000,1947.00000000,0.05739352
164.00000000,1948.00000000,0.05739322
164.00000000,1949.00000000,0.05739296
164.00000000,1950.00000000,0.05739267
164.00000000,1951.00000000,0.05739231
164.00000000,1952.00000000,0.05739250
164.00000000,1953.00000000,0.05739291
164.00000000,1954.00000000,0.05739325
164.00000000,1955.00000000,0.05739563
164.00000000,1956.00000000,0.05739631
164.00000000,1957.00000000,0.05739678
164.00000000,1958.00000000,0.05739690
164.00000000,1959.00000000,0.05739666
164.00000000,1960.00000000,0.05739493
164.00000000,1961.00000000,0.05739372
164.00000000,1962.00000000,0.05739005
164.00000000,1963.00000000,0.05738579
164.00000000,1964.00000000,0.05738243
164.00000000,1965.00000000,0.05737633
164.00000000,1966.00000000,0.05737264
164.00000000,1967.00000000,0.05736273
164.00000000,1968.00000000,0.05735339
164.00000000,1969.00000000,0.05734241
164.00000000,1970.00000000,0.05733137
164.00000000,1971.00000000,0.05731609
164.00000000,1972.00000000,0.05729764
164.00000000,1973.00000000,0.05727652
164.00000000,1974.00000000,0.05725313
164.00000000,1975.00000000,0.05723022
164.00000000,1976.00000000,0.05720518
164.00000000,1977.00000000,0.05718018
164.00000000,1978.00000000,0.05715502
164.00000000,1979.00000000,0.05713136
164.00000000,1980.00000000,0.05710718
164.00000000,1981.00000000,0.05708283
164.00000000,1982.00000000,0.05705816
164.00000000,1983.00000000,0.05703661
164.00000000,1984.00000000,0.05701809
164.00000000,1985.00000000,0.05700187
164.00000000,1986.00000000,0.05698879
164.00000000,1987.00000000,0.05697630
164.00000000,1988.00000000,0.05696209
164.00000000,1989.00000000,0.05694947
164.00000000,1990.00000000,0.05693465
164.00000000,1991.00000000,0.05692135
164.00000000,1992.00000000,0.05690661
164.00000000,1993.00000000,0.05689231
164.00000000,1994.00000000,0.05688931
164.00000000,1995.00000000,0.05687467
164.00000000,1996.00000000,0.05686183
164.00000000,1997.00000000,0.05685037
164.00000000,1998.00000000,0.05683660
164.00000000,1999.00000000,0.05682439
164.00000000,2000.00000000,0.05681756
164.00000000,2001.00000000,0.05680353
164.00000000,2002.00000000,0.05679080
164.00000000,2003.00000000,0.05677813
164.00000000,2004.00000000,0.05676631
164.00000000,2005.00000000,0.05675074
164.00000000,2006.00000000,0.05673400
164.00000000,2007.00000000,0.05671257
164.00000000,2008.00000000,0.05669022
164.00000000,2009.00000000,0.05666899
164.00000000,2010.00000000,0.05663860
164.00000000,2011.00000000,0.05661151
164.00000000,2012.00000000,0.05657901
164.00000000,2013.00000000,0.05654801
164.00000000,2014.00000000,0.05651675
164.00000000,2015.00000000,0.05647652
164.00000000,2016.00000000,0.05643966
164.00000000,2017.00000000,0.05639920
164.00000000,2018.00000000,0.05637081
164.00000000,2019.00000000,0.05632682
164.00000000,2020.00000000,0.05628642
164.00000000,2021.00000000,0.05623758
164.00000000,2022.00000000,0.05618743
164.00000000,2023.00000000,0.05614304
164.00000000,2024.00000000,0.05610279
164.00000000,2025.00000000,0.05605478
164.00000000,2026.00000000,0.05600252
164.00000000,2027.00000000,0.05595813
164.00000000,2028.00000000,0.05591493
164.00000000,2029.00000000,0.05586951
164.00000000,2030.00000000,0.05581683
164.00000000,2031.00000000,0.05577266
164.00000000,2032.00000000,0.05572250
164.00000000,2033.00000000,0.05567516
164.00000000,2034.00000000,0.05562368
164.00000000,2035.00000000,0.05557823
164.00000000,2036.00000000,0.05554561
164.00000000,2037.00000000,0.05550191
164.00000000,2038.00000000,0.05542160
164.00000000,2039.00000000,0.05538115
164.00000000,2040.00000000,0.05532116
164.00000000,2041.00000000,0.05526036
164.00000000,2042.00000000,0.05519602
164.00000000,2043.00000000,0.05515168
164.00000000,2044.00000000,0.05512637
164.00000000,2045.00000000,0.05506784
164.00000000,2046.00000000,0.05501811
164.00000000,2047.00000000,0.05497221
164.00000000,2048.00000000,0.05490340
164.00000000,2049.00000000,0.05483187
164.00000000,2050.00000000,0.05476273
164.00000000,2051.00000000,0.05470937
164.00000000,2052.00000000,0.05468506
164.00000000,2053.00000000,0.05460677
164.00000000,2054.00000000,0.05457586
164.00000000,2055.00000000,0.05452273
164.00000000,2056.00000000,0.05444584
164.00000000,2057.00000000,0.05435854
164.00000000,2058.00000000,0.05429888
164.00000000,2059.00000000,0.05425524
164.00000000,2060.00000000,0.05419476
164.00000000,2061.00000000,0.05414719
164.00000000,2062.00000000,0.05410627
164.00000000,2063.00000000,0.05409359
164.00000000,2064.00000000,0.05405716
164.00000000,2065.00000000,0.05400695
164.00000000,2066.00000000,0.05395131
164.00000000,2067.00000000,0.05395674
164.00000000,2068.00000000,0.05389172
164.00000000,2069.00000000,0.05387947
164.00000000,2070.00000000,0.05387604
164.00000000,2071.00000000,0.05392647
164.00000000,2072.00000000,0.05379904
164.00000000,2073.00000000,0.05378394
164.00000000,2074.00000000,0.05376852
164.00000000,2075.00000000,0.05372722
164.00000000,2076.00000000,0.05372891
164.00000000,2077.00000000,0.05376539
164.00000000,2078.00000000,0.05355274
164.00000000,2079.00000000,0.05347084
164.00000000,2080.00000000,0.05350977
164.00000000,2081.00000000,0.05353557
164.00000000,2082.00000000,0.05344685
164.00000000,2083.00000000,0.05318402
164.00000000,2084.00000000,0.05332829
164.00000000,2085.00000000,0.05307106
164.00000000,2086.00000000,0.05308590
164.00000000,2087.00000000,0.05323315
164.00000000,2088.00000000,0.05317386
164.00000000,2089.00000000,0.05314604
164.00000000,2090.00000000,0.05311339
164.00000000,2091.00000000,0.05319362
164.00000000,2092.00000000,0.05315604
164.00000000,2093.00000000,0.05324051
164.00000000,2094.00000000,0.05305731
164.00000000,2095.00000000,0.05284302
164.00000000,2096.00000000,0.05266179
164.00000000,2097.00000000,0.05269937
164.00000000,2098.00000000,0.05279175
164.00000000,2099.00000000,0.05284539
164.00000000,2100.00000000,0.05297696
164.00000000,2101.00000000,0.05307275
164.00000000,2102.00000000,0.05294356
164.00000000,2103.00000000,0.05299804
164.00000000,2104.00000000,0.05314285
164.00000000,2105.00000000,0.05317802
164.00000000,2106.00000000,0.05317338
164.00000000,2107.00000000,0.05323416
164.00000000,2108.00000000,0.05320872
164.00000000,2109.00000000,0.05285315
164.00000000,2110.00000000,0.05296510
164.00000000,2111.00000000,0.05319669
164.00000000,2112.00000000,0.05331164
164.00000000,2113.00000000,0.05323295
164.00000000,2114.00000000,0.05355896
164.00000000,2115.00000000,0.05377456
164.00000000,2116.00000000,0.05382271
164.00000000,2117.00000000,0.05389885
164.00000000,2118.00000000,0.05394452
164.00000000,2119.00000000,0.05422891
164.00000000,2120.00000000,0.05444887
164.00000000,2121.00000000,0.05460427
164.00000000,2122.00000000,0.05471198
164.00000000,2123.00000000,0.05493166
164.00000000,2124.00000000,0.05512663
164.00000000,2125.00000000,0.05517276
164.00000000,2126.00000000,0.05535701
164.00000000,2127.00000000,0.05560729
164.00000000,2128.00000000,0.05587755
164.00000000,2129.00000000,0.05611409
164.00000000,2130.00000000,0.05638736
164.00000000,2131.00000000,0.05657934
164.00000000,2132.00000000,0.05688140
164.00000000,2133.00000000,0.05723840
164.00000000,2134.00000000,0.05769455
164.00000000,2135.00000000,0.05796667
164.00000000,2136.00000000,0.05825980
164.00000000,2137.00000000,0.05865796
164.00000000,2138.00000000,0.05871013
164.00000000,2139.00000000,0.05870534
164.00000000,2140.00000000,0.05915547
164.00000000,2141.00000000,0.05942028
164.00000000,2142.00000000,0.05957906
164.00000000,2143.00000000,0.06005313
164.00000000,2144.00000000,0.06001336
164.00000000,2145.00000000,0.05980794
164.00000000,2146.00000000,0.05979124
164.00000000,2147.00000000,0.05981235
164.00000000,2148.00000000,0.06013531
164.00000000,2149.00000000,0.06041979
164.00000000,2150.00000000,0.06072376
164.00000000,2151.00000000,0.06099401
164.00000000,2152.00000000,0.06137020
164.00000000,2153.00000000,0.06161819
164.00000000,2154.00000000,0.06176268
164.00000000,2155.00000000,0.06196549
164.00000000,2156.00000000,0.06185443
164.00000000,2157.00000000,0.06193450
164.00000000,2158.00000000,0.06218927
164.00000000,2159.00000000,0.06246621
164.00000000,2160.00000000,0.06275917
164.00000000,2161.00000000,0.06301158
164.00000000,2162.00000000,0.06305361
164.00000000,2163.00000000,0.06311759
164.00000000,2164.00000000,0.06346850
164.00000000,2165.00000000,0.06381585
164.00000000,2166.00000000,0.06400231
164.00000000,2167.00000000,0.06462833
164.00000000,2168.00000000,0.06533401
164.00000000,2169.00000000,0.06591093
164.00000000,2170.00000000,0.06632504
164.00000000,2171.00000000,0.06674338
164.00000000,2172.00000000,0.06716599
164.00000000,2173.00000000,0.06759242
164.00000000,2174.00000000,0.06802268
164.00000000,2175.00000000,0.06856509
164.00000000,2176.00000000,0.06911159
164.00000000,2177.00000000,0.06966218
164.00000000,2178.00000000,0.07021680
164.00000000,2179.00000000,0.07077537
164.00000000,2180.00000000,0.07133791
164.00000000,2181.00000000,0.07190433
164.00000000,2182.00000000,0.07247458
164.00000000,2183.00000000,0.07304865
164.00000000,2184.00000000,0.07362648
164.00000000,2185.00000000,0.07415953
164.00000000,2186.00000000,0.07469616
164.00000000,2187.00000000,0.07523631
164.00000000,2188.00000000,0.07578003
164.00000000,2189.00000000,0.07632731
164.00000000,2190.00000000,0.07687812
164.00000000,2191.00000000,0.07743252
164.00000000,2192.00000000,0.07799051
164.00000000,2193.00000000,0.07855209
164.00000000,2194.00000000,0.07911736
164.00000000,2195.00000000,0.07978857
164.00000000,2196.00000000,0.08046377
164.00000000,2197.00000000,0.08114299
164.00000000,2198.00000000,0.08182619
164.00000000,2199.00000000,0.08251332
164.00000000,2200.00000000,0.08320440
164.00000000,2201.00000000,0.08389937
164.00000000,2202.00000000,0.08459825
164.00000000,2203.00000000,0.08530102
164.00000000,2204.00000000,0.08600765
164.00000000,2205.00000000,0.08679382
164.00000000,2206.00000000,0.08758412
164.00000000,2207.00000000,0.08837846
164.00000000,2208.00000000,0.08917686
164.00000000,2209.00000000,0.08997924
164.00000000,2210.00000000,0.09078553
164.00000000,2211.00000000,0.09159576
164.00000000,2212.00000000,0.09240980
164.00000000,2213.00000000,0.09322769
164.00000000,2214.00000000,0.09404934
164.00000000,2215.00000000,0.09487034
164.00000000,2216.00000000,0.09569502
164.00000000,2217.00000000,0.09652331
164.00000000,2218.00000000,0.09735511
164.00000000,2219.00000000,0.09819046
164.00000000,2220.00000000,0.09902925
164.00000000,2221.00000000,0.09987139
164.00000000,2222.00000000,0.10071689
164.00000000,2223.00000000,0.10156562
164.00000000,2224.00000000,0.10241748
164.00000000,2225.00000000,0.10310159
164.00000000,2226.00000000,0.10378802
164.00000000,2227.00000000,0.10447681
164.00000000,2228.00000000,0.10516791
164.00000000,2229.00000000,0.10586128
164.00000000,2230.00000000,0.10655693
164.00000000,2231.00000000,0.10725481
164.00000000,2232.00000000,0.10795485
164.00000000,2233.00000000,0.10865707
164.00000000,2234.00000000,0.10936137
164.00000000,2235.00000000,0.10991102
164.00000000,2236.00000000,0.11046209
164.00000000,2237.00000000,0.11101452
164.00000000,2238.00000000,0.11156835
164.00000000,2239.00000000,0.11212356
164.00000000,2240.00000000,0.11268013
164.00000000,2241.00000000,0.11323811
164.00000000,2242.00000000,0.11379745
164.00000000,2243.00000000,0.11435811
164.00000000,2244.00000000,0.11492013
164.00000000,2245.00000000,0.11539451
164.00000000,2246.00000000,0.11586978
164.00000000,2247.00000000,0.11634604
164.00000000,2248.00000000,0.11682324
164.00000000,2249.00000000,0.11730128
164.00000000,2250.00000000,0.11777938
164.00000000,2251.00000000,0.11825600
164.00000000,2252.00000000,0.11872976
164.00000000,2253.00000000,0.11919981
164.00000000,2254.00000000,0.11966573
164.00000000,2255.00000000,0.12003420
164.00000000,2256.00000000,0.12039800
164.00000000,2257.00000000,0.12075709
164.00000000,2258.00000000,0.12111158
164.00000000,2259.00000000,0.12146149
164.00000000,2260.00000000,0.12180683
164.00000000,2261.00000000,0.12214783
164.00000000,2262.00000000,0.12248456
164.00000000,2263.00000000,0.12281726
164.00000000,2264.00000000,0.12314602
164.00000000,2265.00000000,0.12339833
164.00000000,2266.00000000,0.12364667
164.00000000,2267.00000000,0.12389109
164.00000000,2268.00000000,0.12413162
164.00000000,2269.00000000,0.12436842
164.00000000,2270.00000000,0.12460153
164.00000000,2271.00000000,0.12483096
164.00000000,2272.00000000,0.12505688
164.00000000,2273.00000000,0.12527924
164.00000000,2274.00000000,0.12549821
164.00000000,2275.00000000,0.12571382
164.00000000,2276.00000000,0.12592604
164.00000000,2277.00000000,0.12613506
164.00000000,2278.00000000,0.12634087
164.00000000,2279.00000000,0.12654348
164.00000000,2280.00000000,0.12674303
164.00000000,2281.00000000,0.12693953
164.00000000,2282.00000000,0.12713296
164.00000000,2283.00000000,0.12732348
164.00000000,2284.00000000,0.12751105
164.00000000,2285.00000000,0.12769569
164.00000000,2286.00000000,0.12787750
164.00000000,2287.00000000,0.12805643
164.00000000,2288.00000000,0.12823264
164.00000000,2289.00000000,0.12840610
164.00000000,2290.00000000,0.12857673
164.00000000,2291.00000000,0.12874476
164.00000000,2292.00000000,0.12891009
164.00000000,2293.00000000,0.12907272
164.00000000,2294.00000000,0.12923278
164.00000000,2295.00000000,0.12939026
164.00000000,2296.00000000,0.12954505
164.00000000,2297.00000000,0.12969739
164.00000000,2298.00000000,0.12984710
164.00000000,2299.00000000,0.12999436
164.00000000,2300.00000000,0.13013914
164.00000000,2301.00000000,0.13028132
164.00000000,2302.00000000,0.13042111
164.00000000,2303.00000000,0.13055841
164.00000000,2304.00000000,0.13069313
164.00000000,2305.00000000,0.13082548
164.00000000,2306.00000000,0.13095535
164.00000000,2307.00000000,0.13108268
164.00000000,2308.00000000,0.13120764
164.00000000,2309.00000000,0.13133005
164.00000000,2310.00000000,0.13145010
164.00000000,2311.00000000,0.13156768
164.00000000,2312.00000000,0.13168270
164.00000000,2313.00000000,0.13179528
164.00000000,2314.00000000,0.13190528
164.00000000,2315.00000000,0.13150276
164.00000000,2316.00000000,0.13109710
164.00000000,2317.00000000,0.13068830
164.00000000,2318.00000000,0.13027637
164.00000000,2319.00000000,0.12986147
164.00000000,2320.00000000,0.12944365
164.00000000,2321.00000000,0.12902290
164.00000000,2322.00000000,0.12859940
164.00000000,2323.00000000,0.12817308
164.00000000,2324.00000000,0.12774415
164.00000000,2325.00000000,0.12731259
164.00000000,2326.00000000,0.12687841
164.00000000,2327.00000000,0.12644178
164.00000000,2328.00000000,0.12600267
164.00000000,2329.00000000,0.12556113
164.00000000,2330.00000000,0.12511729
164.00000000,2331.00000000,0.12467115
164.00000000,2332.00000000,0.12422272
164.00000000,2333.00000000,0.12377214
164.00000000,2334.00000000,0.12331935
164.00000000,2335.00000000,0.12286452
164.00000000,2336.00000000,0.12240765
164.00000000,2337.00000000,0.12194871
164.00000000,2338.00000000,0.12148786
164.00000000,2339.00000000,0.12102509
164.00000000,2340.00000000,0.12056039
164.00000000,2341.00000000,0.12009391
164.00000000,2342.00000000,0.11962563
164.00000000,2343.00000000,0.11915554
164.00000000,2344.00000000,0.11868379
164.00000000,2345.00000000,0.11821036
164.00000000,2346.00000000,0.11773522
164.00000000,2347.00000000,0.11725857
164.00000000,2348.00000000,0.11678027
164.00000000,2349.00000000,0.11630050
164.00000000,2350.00000000,0.11581925
164.00000000,2351.00000000,0.11533647
164.00000000,2352.00000000,0.11485232
164.00000000,2353.00000000,0.11436678
164.00000000,2354.00000000,0.11387983
164.00000000,2355.00000000,0.11339161
164.00000000,2356.00000000,0.11290210
164.00000000,2357.00000000,0.11241127
164.00000000,2358.00000000,0.11191926
164.00000000,2359.00000000,0.11142600
164.00000000,2360.00000000,0.11093161
164.00000000,2361.00000000,0.11043607
164.00000000,2362.00000000,0.10993939
164.00000000,2363.00000000,0.10944164
164.00000000,2364.00000000,0.10894283
164.00000000,2365.00000000,0.10844294
164.00000000,2366.00000000,0.10794208
164.00000000,2367.00000000,0.10744025
164.00000000,2368.00000000,0.10693740
164.00000000,2369.00000000,0.10643366
164.00000000,2370.00000000,0.10592901
164.00000000,2371.00000000,0.10542344
164.00000000,2372.00000000,0.10491704
164.00000000,2373.00000000,0.10440975
164.00000000,2374.00000000,0.10390169
164.00000000,2375.00000000,0.10339285
164.00000000,2376.00000000,0.10288318
164.00000000,2377.00000000,0.10237280
164.00000000,2378.00000000,0.10186171
164.00000000,2379.00000000,0.10134985
164.00000000,2380.00000000,0.10083737
164.00000000,2381.00000000,0.10032421
164.00000000,2382.00000000,0.09981035
164.00000000,2383.00000000,0.09929594
164.00000000,2384.00000000,0.09878086
164.00000000,2385.00000000,0.09826525
164.00000000,2386.00000000,0.09774907
164.00000000,2387.00000000,0.09723231
164.00000000,2388.00000000,0.09671505
164.00000000,2389.00000000,0.09619731
164.00000000,2390.00000000,0.09567901
164.00000000,2391.00000000,0.09516031
164.00000000,2392.00000000,0.09464114
164.00000000,2393.00000000,0.09412150
164.00000000,2394.00000000,0.09360149
164.00000000,2395.00000000,0.09308103
164.00000000,2396.00000000,0.09256025
164.00000000,2397.00000000,0.09203909
164.00000000,2398.00000000,0.09151755
164.00000000,2399.00000000,0.09099573
164.00000000,2400.00000000,0.09047360
164.00000000,2401.00000000,0.08995112
164.00000000,2402.00000000,0.08942842
164.00000000,2403.00000000,0.08890547
164.00000000,2404.00000000,0.08838222
164.00000000,2405.00000000,0.08785881
164.00000000,2406.00000000,0.08733519
164.00000000,2407.00000000,0.08681134
164.00000000,2408.00000000,0.08628737
164.00000000,2409.00000000,0.08576321
164.00000000,2410.00000000,0.08523897
164.00000000,2411.00000000,0.08471464
164.00000000,2412.00000000,0.08419024
164.00000000,2413.00000000,0.08377636
164.00000000,2414.00000000,0.08368777
164.00000000,2415.00000000,0.08368815
164.00000000,2416.00000000,0.08368873
164.00000000,2417.00000000,0.08368947
164.00000000,2418.00000000,0.08369030
164.00000000,2419.00000000,0.08369135
164.00000000,2420.00000000,0.08370640
164.00000000,2421.00000000,0.08372164
164.00000000,2422.00000000,0.08373702
164.00000000,2423.00000000,0.08375248
164.00000000,2424.00000000,0.08376811
164.00000000,2425.00000000,0.08375633
164.00000000,2426.00000000,0.08374459
164.00000000,2427.00000000,0.08373301
164.00000000,2428.00000000,0.08372154
164.00000000,2429.00000000,0.08371012
164.00000000,2430.00000000,0.08369884
164.00000000,2431.00000000,0.08368767
164.00000000,2432.00000000,0.08367653
164.00000000,2433.00000000,0.08366554
164.00000000,2434.00000000,0.08365459
164.00000000,2435.00000000,0.08364377
164.00000000,2436.00000000,0.08363304
164.00000000,2437.00000000,0.08362233
164.00000000,2438.00000000,0.08361177
164.00000000,2439.00000000,0.08360128
164.00000000,2440.00000000,0.08358962
164.00000000,2441.00000000,0.08357809
164.00000000,2442.00000000,0.08356663
164.00000000,2443.00000000,0.08355518
164.00000000,2444.00000000,0.08354387
164.00000000,2445.00000000,0.08353256
164.00000000,2446.00000000,0.08352136
164.00000000,2447.00000000,0.08351024
164.00000000,2448.00000000,0.08349912
164.00000000,2449.00000000,0.08348812
164.00000000,2450.00000000,0.08347718
164.00000000,2451.00000000,0.08346623
164.00000000,2452.00000000,0.08345540
164.00000000,2453.00000000,0.08344462
164.00000000,2454.00000000,0.08343383
164.00000000,2455.00000000,0.08342314
164.00000000,2456.00000000,0.08341244
164.00000000,2457.00000000,0.08340185
164.00000000,2458.00000000,0.08339130
164.00000000,2459.00000000,0.08338075
164.00000000,2460.00000000,0.08337028
164.00000000,2461.00000000,0.08335986
164.00000000,2462.00000000,0.08334942
164.00000000,2463.00000000,0.08333908
164.00000000,2464.00000000,0.08332878
164.00000000,2465.00000000,0.08332110
164.00000000,2466.00000000,0.08331353
164.00000000,2467.00000000,0.08330598
164.00000000,2468.00000000,0.08329841
164.00000000,2469.00000000,0.08329093
164.00000000,2470.00000000,0.08328343
164.00000000,2471.00000000,0.08327603
164.00000000,2472.00000000,0.08326866
164.00000000,2473.00000000,0.08326124
164.00000000,2474.00000000,0.08325392
164.00000000,2475.00000000,0.08324664
164.00000000,2476.00000000,0.08323932
164.00000000,2477.00000000,0.08323209
164.00000000,2478.00000000,0.08322489
164.00000000,2479.00000000,0.08321765
164.00000000,2480.00000000,0.08321050
164.00000000,2481.00000000,0.08320330
164.00000000,2482.00000000,0.08319620
164.00000000,2483.00000000,0.08318912
164.00000000,2484.00000000,0.08318200
164.00000000,2485.00000000,0.08317497
164.00000000,2486.00000000,0.08316796
164.00000000,2487.00000000,0.08316089
164.00000000,2488.00000000,0.08315391
164.00000000,2489.00000000,0.08314697
164.00000000,2490.00000000,0.08313996
164.00000000,2491.00000000,0.08313303
164.00000000,2492.00000000,0.08312614
164.00000000,2493.00000000,0.08311917
164.00000000,2494.00000000,0.08311231
164.00000000,2495.00000000,0.08310539
164.00000000,2496.00000000,0.08309855
164.00000000,2497.00000000,0.08309174
164.00000000,2498.00000000,0.08308484
164.00000000,2499.00000000,0.08307805
164.00000000,2500.00000000,0.08307128
165.00000000,1765.00000000,0.05686959
165.00000000,1766.00000000,0.05686956
165.00000000,1767.00000000,0.05686952
165.00000000,1768.00000000,0.05686965
165.00000000,1769.00000000,0.05686992
165.00000000,1770.00000000,0.05687011
165.00000000,1771.00000000,0.05687064
165.00000000,1772.00000000,0.05687102
165.00000000,1773.00000000,0.05687165
165.00000000,1774.00000000,0.05687247
165.00000000,1775.00000000,0.05687335
165.00000000,1776.00000000,0.05687425
165.00000000,1777.00000000,0.05687526
165.00000000,1778.00000000,0.05687645
165.00000000,1779.00000000,0.05687776
165.00000000,1780.00000000,0.05687914
165.00000000,1781.00000000,0.05688061
165.00000000,1782.00000000,0.05688214
165.00000000,1783.00000000,0.05688382
165.00000000,1784.00000000,0.05688551
165.00000000,1785.00000000,0.05688744
165.00000000,1786.00000000,0.05688914
165.00000000,1787.00000000,0.05689110
165.00000000,1788.00000000,0.05689316
165.00000000,1789.00000000,0.05689530
165.00000000,1790.00000000,0.05689742
165.00000000,1791.00000000,0.05689957
165.00000000,1792.00000000,0.05690192
165.00000000,1793.00000000,0.05690422
165.00000000,1794.00000000,0.05690660
165.00000000,1795.00000000,0.05690898
165.00000000,1796.00000000,0.05691151
165.00000000,1797.00000000,0.05691393
165.00000000,1798.00000000,0.05691651
165.00000000,1799.00000000,0.05691916
165.00000000,1800.00000000,0.05692168
165.00000000,1801.00000000,0.05692443
165.00000000,1802.00000000,0.05692718
165.00000000,1803.00000000,0.05692978
165.00000000,1804.00000000,0.05693258
165.00000000,1805.00000000,0.05693534
165.00000000,1806.00000000,0.05693804
165.00000000,1807.00000000,0.05694091
165.00000000,1808.00000000,0.05694384
165.00000000,1809.00000000,0.05694653
165.00000000,1810.00000000,0.05694939
165.00000000,1811.00000000,0.05695229
165.00000000,1812.00000000,0.05695519
165.00000000,1813.00000000,0.05695808
165.00000000,1814.00000000,0.05696109
165.00000000,1815.00000000,0.05696397
165.00000000,1816.00000000,0.05696700
165.00000000,1817.00000000,0.05696980
165.00000000,1818.00000000,0.05697269
165.00000000,1819.00000000,0.05697564
165.00000000,1820.00000000,0.05697872
165.00000000,1821.00000000,0.05698160
165.00000000,1822.00000000,0.05698458
165.00000000,1823.00000000,0.05698754
165.00000000,1824.00000000,0.05699048
165.00000000,1825.00000000,0.05699346
165.00000000,1826.00000000,0.05699649
165.00000000,1827.00000000,0.05699929
165.00000000,1828.00000000,0.05700228
165.00000000,1829.00000000,0.05700522
165.00000000,1830.00000000,0.05700812
165.00000000,1831.00000000,0.05701101
165.00000000,1832.00000000,0.05701392
165.00000000,1833.00000000,0.05701685
165.00000000,1834.00000000,0.05701969
165.00000000,1835.00000000,0.05702252
165.00000000,1836.00000000,0.05702528
165.00000000,1837.00000000,0.05702813
165.00000000,1838.00000000,0.05703091
165.00000000,1839.00000000,0.05703373
165.00000000,1840.00000000,0.05703649
165.00000000,1841.00000000,0.05703926
165.00000000,1842.00000000,0.05704193
165.00000000,1843.00000000,0.05704461
165.00000000,1844.00000000,0.05704736
165.00000000,1845.00000000,0.05704999
165.00000000,1846.00000000,0.05705258
165.00000000,1847.00000000,0.05705516
165.00000000,1848.00000000,0.05705778
165.00000000,1849.00000000,0.05706029
165.00000000,1850.00000000,0.05706280
165.00000000,1851.00000000,0.05706525
165.00000000,1852.00000000,0.05706772
165.00000000,1853.00000000,0.05707039
165.00000000,1854.00000000,0.05707315
165.00000000,1855.00000000,0.05707592
165.00000000,1856.00000000,0.05707857
165.00000000,1857.00000000,0.05708114
165.00000000,1858.00000000,0.05708363
165.00000000,1859.00000000,0.05708611
165.00000000,1860.00000000,0.05708853
165.00000000,1861.00000000,0.05709089
165.00000000,1862.00000000,0.05709308
165.00000000,1863.00000000,0.05709480
165.00000000,1864.00000000,0.05709608
165.00000000,1865.00000000,0.05709705
165.00000000,1866.00000000,0.05709783
165.00000000,1867.00000000,0.05709831
165.00000000,1868.00000000,0.05709854
165.00000000,1869.00000000,0.05709871
165.00000000,1870.00000000,0.05709849
165.00000000,1871.00000000,0.05709824
165.00000000,1872.00000000,0.05709812
165.00000000,1873.00000000,0.05709851
165.00000000,1874.00000000,0.05709914
165.00000000,1875.00000000,0.05710018
165.00000000,1876.00000000,0.05710136
165.00000000,1877.00000000,0.05710268
165.00000000,1878.00000000,0.05710417
165.00000000,1879.00000000,0.05710566
165.00000000,1880.00000000,0.05710723
165.00000000,1881.00000000,0.05710882
165.00000000,1882.00000000,0.05711043
165.00000000,1883.00000000,0.05711161
165.00000000,1884.00000000,0.05711254
165.00000000,1885.00000000,0.05711329
165.00000000,1886.00000000,0.05711387
165.00000000,1887.00000000,0.05711435
165.00000000,1888.00000000,0.05711464
165.00000000,1889.00000000,0.05711474
165.00000000,1890.00000000,0.05711458
165.00000000,1891.00000000,0.05711419
165.00000000,1892.00000000,0.05711354
165.00000000,1893.00000000,0.05711281
165.00000000,1894.00000000,0.05711202
165.00000000,1895.00000000,0.05711134
165.00000000,1896.00000000,0.05711066
165.00000000,1897.00000000,0.05710992
165.00000000,1898.00000000,0.05710912
165.00000000,1899.00000000,0.05710812
165.00000000,1900.00000000,0.05710692
165.00000000,1901.00000000,0.05710556
165.00000000,1902.00000000,0.05710420
165.00000000,1903.00000000,0.05710297
165.00000000,1904.00000000,0.05710183
165.00000000,1905.00000000,0.05710078
165.00000000,1906.00000000,0.05709996
165.00000000,1907.00000000,0.05709920
165.00000000,1908.00000000,0.05709842
165.00000000,1909.00000000,0.05709757
165.00000000,1910.00000000,0.05709674
165.00000000,1911.00000000,0.05709581
165.00000000,1912.00000000,0.05709441
165.00000000,1913.00000000,0.05709234
165.00000000,1914.00000000,0.05708955
165.00000000,1915.00000000,0.05708642
165.00000000,1916.00000000,0.05708324
165.00000000,1917.00000000,0.05708008
165.00000000,1918.00000000,0.05707677
165.00000000,1919.00000000,0.05707351
165.00000000,1920.00000000,0.05707064
165.00000000,1921.00000000,0.05706830
165.00000000,1922.00000000,0.05706667
165.00000000,1923.00000000,0.05706555
165.00000000,1924.00000000,0.05706457
165.00000000,1925.00000000,0.05706350
165.00000000,1926.00000000,0.05706241
165.00000000,1927.00000000,0.05706136
165.00000000,1928.00000000,0.05706042
165.00000000,1929.00000000,0.05705951
165.00000000,1930.00000000,0.05705879
165.00000000,1931.00000000,0.05706417
165.00000000,1932.00000000,0.05706529
165.00000000,1933.00000000,0.05706700
165.00000000,1934.00000000,0.05706921
165.00000000,1935.00000000,0.05707146
165.00000000,1936.00000000,0.05707506
165.00000000,1937.00000000,0.05707629
165.00000000,1938.00000000,0.05707661
165.00000000,1939.00000000,0.05707633
165.00000000,1940.00000000,0.05707558
165.00000000,1941.00000000,0.05707411
165.00000000,1942.00000000,0.05707190
165.00000000,1943.00000000,0.05706921
165.00000000,1944.00000000,0.05706615
165.00000000,1945.00000000,0.05706310
165.00000000,1946.00000000,0.05706263
165.00000000,1947.00000000,0.05706161
165.00000000,1948.00000000,0.05706124
165.00000000,1949.00000000,0.05706095
165.00000000,1950.00000000,0.05706059
165.00000000,1951.00000000,0.05706015
165.00000000,1952.00000000,0.05706030
165.00000000,1953.00000000,0.05706062
165.00000000,1954.00000000,0.05706097
165.00000000,1955.00000000,0.05706149
165.00000000,1956.00000000,0.05706386
165.00000000,1957.00000000,0.05706427
165.00000000,1958.00000000,0.05706435
165.00000000,1959.00000000,0.05706401
165.00000000,1960.00000000,0.05706232
165.00000000,1961.00000000,0.05705927
165.00000000,1962.00000000,0.05705738
165.00000000,1963.00000000,0.05705301
165.00000000,1964.00000000,0.05704791
165.00000000,1965.00000000,0.05704352
165.00000000,1966.00000000,0.05703636
165.00000000,1967.00000000,0.05703166
165.00000000,1968.00000000,0.05702061
165.00000000,1969.00000000,0.05700966
165.00000000,1970.00000000,0.05699688
165.00000000,1971.00000000,0.05698337
165.00000000,1972.00000000,0.05696501
165.00000000,1973.00000000,0.05694394
165.00000000,1974.00000000,0.05692069
165.00000000,1975.00000000,0.05689607
165.00000000,1976.00000000,0.05687287
165.00000000,1977.00000000,0.05684802
165.00000000,1978.00000000,0.05682295
165.00000000,1979.00000000,0.05679764
165.00000000,1980.00000000,0.05677353
165.00000000,1981.00000000,0.05674927
165.00000000,1982.00000000,0.05672647
165.00000000,1983.00000000,0.05670500
165.00000000,1984.00000000,0.05668653
165.00000000,1985.00000000,0.05667036
165.00000000,1986.00000000,0.05665555
165.00000000,1987.00000000,0.05664309
165.00000000,1988.00000000,0.05663073
165.00000000,1989.00000000,0.05661631
165.00000000,1990.00000000,0.05660329
165.00000000,1991.00000000,0.05658829
165.00000000,1992.00000000,0.05657537
165.00000000,1993.00000000,0.05656104
165.00000000,1994.00000000,0.05654757
165.00000000,1995.00000000,0.05654513
165.00000000,1996.00000000,0.05653060
165.00000000,1997.00000000,0.05651740
165.00000000,1998.00000000,0.05650537
165.00000000,1999.00000000,0.05649149
165.00000000,2000.00000000,0.05647939
165.00000000,2001.00000000,0.05647232
165.00000000,2002.00000000,0.05645792
165.00000000,2003.00000000,0.05644522
165.00000000,2004.00000000,0.05643170
165.00000000,2005.00000000,0.05641787
165.00000000,2006.00000000,0.05639943
165.00000000,2007.00000000,0.05637977
165.00000000,2008.00000000,0.05635576
165.00000000,2009.00000000,0.05633112
165.00000000,2010.00000000,0.05630780
165.00000000,2011.00000000,0.05627555
165.00000000,2012.00000000,0.05624663
165.00000000,2013.00000000,0.05621228
165.00000000,2014.00000000,0.05617938
165.00000000,2015.00000000,0.05614624
165.00000000,2016.00000000,0.05610427
165.00000000,2017.00000000,0.05606570
165.00000000,2018.00000000,0.05602364
165.00000000,2019.00000000,0.05599366
165.00000000,2020.00000000,0.05594829
165.00000000,2021.00000000,0.05590659
165.00000000,2022.00000000,0.05585665
165.00000000,2023.00000000,0.05580561
165.00000000,2024.00000000,0.05576046
165.00000000,2025.00000000,0.05571952
165.00000000,2026.00000000,0.05567097
165.00000000,2027.00000000,0.05561827
165.00000000,2028.00000000,0.05557346
165.00000000,2029.00000000,0.05552989
165.00000000,2030.00000000,0.05548414
165.00000000,2031.00000000,0.05543117
165.00000000,2032.00000000,0.05538658
165.00000000,2033.00000000,0.05533585
165.00000000,2034.00000000,0.05528781
165.00000000,2035.00000000,0.05523557
165.00000000,2036.00000000,0.05518931
165.00000000,2037.00000000,0.05515581
165.00000000,2038.00000000,0.05511131
165.00000000,2039.00000000,0.05503049
165.00000000,2040.00000000,0.05498929
165.00000000,2041.00000000,0.05492869
165.00000000,2042.00000000,0.05486719
165.00000000,2043.00000000,0.05480203
165.00000000,2044.00000000,0.05475663
165.00000000,2045.00000000,0.05473011
165.00000000,2046.00000000,0.05467062
165.00000000,2047.00000000,0.05461989
165.00000000,2048.00000000,0.05457300
165.00000000,2049.00000000,0.05450341
165.00000000,2050.00000000,0.05443117
165.00000000,2051.00000000,0.05436137
165.00000000,2052.00000000,0.05430730
165.00000000,2053.00000000,0.05428212
165.00000000,2054.00000000,0.05420341
165.00000000,2055.00000000,0.05417178
165.00000000,2056.00000000,0.05411815
165.00000000,2057.00000000,0.05404098
165.00000000,2058.00000000,0.05395352
165.00000000,2059.00000000,0.05389352
165.00000000,2060.00000000,0.05384947
165.00000000,2061.00000000,0.05378882
165.00000000,2062.00000000,0.05374135
165.00000000,2063.00000000,0.05370086
165.00000000,2064.00000000,0.05368866
165.00000000,2065.00000000,0.05365306
165.00000000,2066.00000000,0.05360386
165.00000000,2067.00000000,0.05354930
165.00000000,2068.00000000,0.05355535
165.00000000,2069.00000000,0.05349146
165.00000000,2070.00000000,0.05347990
165.00000000,2071.00000000,0.05347717
165.00000000,2072.00000000,0.05352813
165.00000000,2073.00000000,0.05340285
165.00000000,2074.00000000,0.05338921
165.00000000,2075.00000000,0.05337531
165.00000000,2076.00000000,0.05333573
165.00000000,2077.00000000,0.05333882
165.00000000,2078.00000000,0.05337639
165.00000000,2079.00000000,0.05316655
165.00000000,2080.00000000,0.05308644
165.00000000,2081.00000000,0.05312627
165.00000000,2082.00000000,0.05315315
165.00000000,2083.00000000,0.05306644
165.00000000,2084.00000000,0.05280690
165.00000000,2085.00000000,0.05295155
165.00000000,2086.00000000,0.05269749
165.00000000,2087.00000000,0.05271354
165.00000000,2088.00000000,0.05286100
165.00000000,2089.00000000,0.05280330
165.00000000,2090.00000000,0.05277682
165.00000000,2091.00000000,0.05274550
165.00000000,2092.00000000,0.05282639
165.00000000,2093.00000000,0.05279040
165.00000000,2094.00000000,0.05287567
165.00000000,2095.00000000,0.05269510
165.00000000,2096.00000000,0.05248361
165.00000000,2097.00000000,0.05230491
165.00000000,2098.00000000,0.05234349
165.00000000,2099.00000000,0.05243643
165.00000000,2100.00000000,0.05249085
165.00000000,2101.00000000,0.05262268
165.00000000,2102.00000000,0.05271908
165.00000000,2103.00000000,0.05259209
165.00000000,2104.00000000,0.05264759
165.00000000,2105.00000000,0.05279283
165.00000000,2106.00000000,0.05282914
165.00000000,2107.00000000,0.05282585
165.00000000,2108.00000000,0.05288749
165.00000000,2109.00000000,0.05286344
165.00000000,2110.00000000,0.05251134
165.00000000,2111.00000000,0.05262367
165.00000000,2112.00000000,0.05285484
165.00000000,2113.00000000,0.05297008
165.00000000,2114.00000000,0.05289287
165.00000000,2115.00000000,0.05321774
165.00000000,2116.00000000,0.05343289
165.00000000,2117.00000000,0.05348160
165.00000000,2118.00000000,0.05355810
165.00000000,2119.00000000,0.05360430
165.00000000,2120.00000000,0.05388768
165.00000000,2121.00000000,0.05410701
165.00000000,2122.00000000,0.05426218
165.00000000,2123.00000000,0.05436993
165.00000000,2124.00000000,0.05458893
165.00000000,2125.00000000,0.05478336
165.00000000,2126.00000000,0.05482987
165.00000000,2127.00000000,0.05501363
165.00000000,2128.00000000,0.05526301
165.00000000,2129.00000000,0.05553224
165.00000000,2130.00000000,0.05576795
165.00000000,2131.00000000,0.05604015
165.00000000,2132.00000000,0.05623156
165.00000000,2133.00000000,0.05653236
165.00000000,2134.00000000,0.05688775
165.00000000,2135.00000000,0.05734169
165.00000000,2136.00000000,0.05761271
165.00000000,2137.00000000,0.05790461
165.00000000,2138.00000000,0.05830091
165.00000000,2139.00000000,0.05835330
165.00000000,2140.00000000,0.05834908
165.00000000,2141.00000000,0.05879701
165.00000000,2142.00000000,0.05906074
165.00000000,2143.00000000,0.05921909
165.00000000,2144.00000000,0.05969082
165.00000000,2145.00000000,0.05965179
165.00000000,2146.00000000,0.05944811
165.00000000,2147.00000000,0.05943200
165.00000000,2148.00000000,0.05945348
165.00000000,2149.00000000,0.05977499
165.00000000,2150.00000000,0.06005825
165.00000000,2151.00000000,0.06036121
165.00000000,2152.00000000,0.06063156
165.00000000,2153.00000000,0.06100813
165.00000000,2154.00000000,0.06125770
165.00000000,2155.00000000,0.06140456
165.00000000,2156.00000000,0.06160947
165.00000000,2157.00000000,0.06150227
165.00000000,2158.00000000,0.06158504
165.00000000,2159.00000000,0.06184145
165.00000000,2160.00000000,0.06211985
165.00000000,2161.00000000,0.06241408
165.00000000,2162.00000000,0.06266793
165.00000000,2163.00000000,0.06271246
165.00000000,2164.00000000,0.06277872
165.00000000,2165.00000000,0.06313032
165.00000000,2166.00000000,0.06347831
165.00000000,2167.00000000,0.06366621
165.00000000,2168.00000000,0.06429131
165.00000000,2169.00000000,0.06499564
165.00000000,2170.00000000,0.06557184
165.00000000,2171.00000000,0.06598605
165.00000000,2172.00000000,0.06640442
165.00000000,2173.00000000,0.06682701
165.00000000,2174.00000000,0.06725337
165.00000000,2175.00000000,0.06768351
165.00000000,2176.00000000,0.06822522
165.00000000,2177.00000000,0.06877097
165.00000000,2178.00000000,0.06932078
165.00000000,2179.00000000,0.06987459
165.00000000,2180.00000000,0.07043232
165.00000000,2181.00000000,0.07099397
165.00000000,2182.00000000,0.07155948
165.00000000,2183.00000000,0.07212880
165.00000000,2184.00000000,0.07270190
165.00000000,2185.00000000,0.07327874
165.00000000,2186.00000000,0.07381100
165.00000000,2187.00000000,0.07434682
165.00000000,2188.00000000,0.07488613
165.00000000,2189.00000000,0.07542900
165.00000000,2190.00000000,0.07597539
165.00000000,2191.00000000,0.07652530
165.00000000,2192.00000000,0.07707878
165.00000000,2193.00000000,0.07763583
165.00000000,2194.00000000,0.07819645
165.00000000,2195.00000000,0.07876075
165.00000000,2196.00000000,0.07943050
165.00000000,2197.00000000,0.08010424
165.00000000,2198.00000000,0.08078199
165.00000000,2199.00000000,0.08146371
165.00000000,2200.00000000,0.08214934
165.00000000,2201.00000000,0.08283891
165.00000000,2202.00000000,0.08353235
165.00000000,2203.00000000,0.08422970
165.00000000,2204.00000000,0.08493094
165.00000000,2205.00000000,0.08563602
165.00000000,2206.00000000,0.08642033
165.00000000,2207.00000000,0.08720875
165.00000000,2208.00000000,0.08800120
165.00000000,2209.00000000,0.08879770
165.00000000,2210.00000000,0.08959818
165.00000000,2211.00000000,0.09040258
165.00000000,2212.00000000,0.09121090
165.00000000,2213.00000000,0.09202305
165.00000000,2214.00000000,0.09283904
165.00000000,2215.00000000,0.09365878
165.00000000,2216.00000000,0.09447789
165.00000000,2217.00000000,0.09530069
165.00000000,2218.00000000,0.09612709
165.00000000,2219.00000000,0.09695702
165.00000000,2220.00000000,0.09779049
165.00000000,2221.00000000,0.09862739
165.00000000,2222.00000000,0.09946766
165.00000000,2223.00000000,0.10031129
165.00000000,2224.00000000,0.10115816
165.00000000,2225.00000000,0.10200816
165.00000000,2226.00000000,0.10269108
165.00000000,2227.00000000,0.10337634
165.00000000,2228.00000000,0.10406397
165.00000000,2229.00000000,0.10475391
165.00000000,2230.00000000,0.10544611
165.00000000,2231.00000000,0.10614061
165.00000000,2232.00000000,0.10683733
165.00000000,2233.00000000,0.10753623
165.00000000,2234.00000000,0.10823731
165.00000000,2235.00000000,0.10894047
165.00000000,2236.00000000,0.10948960
165.00000000,2237.00000000,0.11004016
165.00000000,2238.00000000,0.11059206
165.00000000,2239.00000000,0.11114538
165.00000000,2240.00000000,0.11170009
165.00000000,2241.00000000,0.11225617
165.00000000,2242.00000000,0.11281364
165.00000000,2243.00000000,0.11337250
165.00000000,2244.00000000,0.11393268
165.00000000,2245.00000000,0.11449423
165.00000000,2246.00000000,0.11496846
165.00000000,2247.00000000,0.11544360
165.00000000,2248.00000000,0.11591975
165.00000000,2249.00000000,0.11639667
165.00000000,2250.00000000,0.11687370
165.00000000,2251.00000000,0.11734930
165.00000000,2252.00000000,0.11782201
165.00000000,2253.00000000,0.11829110
165.00000000,2254.00000000,0.11875614
165.00000000,2255.00000000,0.11921695
165.00000000,2256.00000000,0.11958065
165.00000000,2257.00000000,0.11993969
165.00000000,2258.00000000,0.12029408
165.00000000,2259.00000000,0.12064395
165.00000000,2260.00000000,0.12098933
165.00000000,2261.00000000,0.12133031
165.00000000,2262.00000000,0.12166712
165.00000000,2263.00000000,0.12199986
165.00000000,2264.00000000,0.12232872
165.00000000,2265.00000000,0.12265374
165.00000000,2266.00000000,0.12290271
165.00000000,2267.00000000,0.12314783
165.00000000,2268.00000000,0.12338910
165.00000000,2269.00000000,0.12362657
165.00000000,2270.00000000,0.12386041
165.00000000,2271.00000000,0.12409063
165.00000000,2272.00000000,0.12431726
165.00000000,2273.00000000,0.12454043
165.00000000,2274.00000000,0.12476015
165.00000000,2275.00000000,0.12497654
165.00000000,2276.00000000,0.12518963
165.00000000,2277.00000000,0.12539943
165.00000000,2278.00000000,0.12560607
165.00000000,2279.00000000,0.12580958
165.00000000,2280.00000000,0.12600994
165.00000000,2281.00000000,0.12620733
165.00000000,2282.00000000,0.12640170
165.00000000,2283.00000000,0.12659307
165.00000000,2284.00000000,0.12678157
165.00000000,2285.00000000,0.12696720
165.00000000,2286.00000000,0.12714992
165.00000000,2287.00000000,0.12732990
165.00000000,2288.00000000,0.12750703
165.00000000,2289.00000000,0.12768148
165.00000000,2290.00000000,0.12785321
165.00000000,2291.00000000,0.12802219
165.00000000,2292.00000000,0.12818858
165.00000000,2293.00000000,0.12835236
165.00000000,2294.00000000,0.12851343
165.00000000,2295.00000000,0.12867201
165.00000000,2296.00000000,0.12882803
165.00000000,2297.00000000,0.12898140
165.00000000,2298.00000000,0.12913236
165.00000000,2299.00000000,0.12928071
165.00000000,2300.00000000,0.12942668
165.00000000,2301.00000000,0.12957017
165.00000000,2302.00000000,0.12971110
165.00000000,2303.00000000,0.12984966
165.00000000,2304.00000000,0.12998573
165.00000000,2305.00000000,0.13011930
165.00000000,2306.00000000,0.13025050
165.00000000,2307.00000000,0.13037924
165.00000000,2308.00000000,0.13050550
165.00000000,2309.00000000,0.13062941
165.00000000,2310.00000000,0.13075079
165.00000000,2311.00000000,0.13086984
165.00000000,2312.00000000,0.13098645
165.00000000,2313.00000000,0.13110052
165.00000000,2314.00000000,0.13121218
165.00000000,2315.00000000,0.13132129
165.00000000,2316.00000000,0.13092015
165.00000000,2317.00000000,0.13051592
165.00000000,2318.00000000,0.13010857
165.00000000,2319.00000000,0.12969811
165.00000000,2320.00000000,0.12928472
165.00000000,2321.00000000,0.12886843
165.00000000,2322.00000000,0.12844925
165.00000000,2323.00000000,0.12802733
165.00000000,2324.00000000,0.12760262
165.00000000,2325.00000000,0.12717532
165.00000000,2326.00000000,0.12674542
165.00000000,2327.00000000,0.12631293
165.00000000,2328.00000000,0.12587799
165.00000000,2329.00000000,0.12544061
165.00000000,2330.00000000,0.12500081
165.00000000,2331.00000000,0.12455873
165.00000000,2332.00000000,0.12411438
165.00000000,2333.00000000,0.12366775
165.00000000,2334.00000000,0.12321899
165.00000000,2335.00000000,0.12276803
165.00000000,2336.00000000,0.12231506
165.00000000,2337.00000000,0.12186005
165.00000000,2338.00000000,0.12140300
165.00000000,2339.00000000,0.12094405
165.00000000,2340.00000000,0.12048320
165.00000000,2341.00000000,0.12002043
165.00000000,2342.00000000,0.11955589
165.00000000,2343.00000000,0.11908957
165.00000000,2344.00000000,0.11862146
165.00000000,2345.00000000,0.11815169
165.00000000,2346.00000000,0.11768026
165.00000000,2347.00000000,0.11720715
165.00000000,2348.00000000,0.11673250
165.00000000,2349.00000000,0.11625625
165.00000000,2350.00000000,0.11577852
165.00000000,2351.00000000,0.11529931
165.00000000,2352.00000000,0.11481860
165.00000000,2353.00000000,0.11433653
165.00000000,2354.00000000,0.11385308
165.00000000,2355.00000000,0.11336823
165.00000000,2356.00000000,0.11288212
165.00000000,2357.00000000,0.11239473
165.00000000,2358.00000000,0.11190603
165.00000000,2359.00000000,0.11141615
165.00000000,2360.00000000,0.11092503
165.00000000,2361.00000000,0.11043281
165.00000000,2362.00000000,0.10993943
165.00000000,2363.00000000,0.10944490
165.00000000,2364.00000000,0.10894932
165.00000000,2365.00000000,0.10845269
165.00000000,2366.00000000,0.10795499
165.00000000,2367.00000000,0.10745633
165.00000000,2368.00000000,0.10695669
165.00000000,2369.00000000,0.10645604
165.00000000,2370.00000000,0.10595451
165.00000000,2371.00000000,0.10545209
165.00000000,2372.00000000,0.10494872
165.00000000,2373.00000000,0.10444455
165.00000000,2374.00000000,0.10393950
165.00000000,2375.00000000,0.10343368
165.00000000,2376.00000000,0.10292707
165.00000000,2377.00000000,0.10241965
165.00000000,2378.00000000,0.10191152
165.00000000,2379.00000000,0.10140268
165.00000000,2380.00000000,0.10089309
165.00000000,2381.00000000,0.10038285
165.00000000,2382.00000000,0.09987197
165.00000000,2383.00000000,0.09936038
165.00000000,2384.00000000,0.09884823
165.00000000,2385.00000000,0.09833544
165.00000000,2386.00000000,0.09782210
165.00000000,2387.00000000,0.09730821
165.00000000,2388.00000000,0.09679372
165.00000000,2389.00000000,0.09627877
165.00000000,2390.00000000,0.09576331
165.00000000,2391.00000000,0.09524732
165.00000000,2392.00000000,0.09473089
165.00000000,2393.00000000,0.09421404
165.00000000,2394.00000000,0.09369670
165.00000000,2395.00000000,0.09317899
165.00000000,2396.00000000,0.09266084
165.00000000,2397.00000000,0.09214237
165.00000000,2398.00000000,0.09162352
165.00000000,2399.00000000,0.09110430
165.00000000,2400.00000000,0.09058479
165.00000000,2401.00000000,0.09006497
165.00000000,2402.00000000,0.08954482
165.00000000,2403.00000000,0.08902445
165.00000000,2404.00000000,0.08850382
165.00000000,2405.00000000,0.08798290
165.00000000,2406.00000000,0.08746182
165.00000000,2407.00000000,0.08694054
165.00000000,2408.00000000,0.08641901
165.00000000,2409.00000000,0.08589738
165.00000000,2410.00000000,0.08537555
165.00000000,2411.00000000,0.08485364
165.00000000,2412.00000000,0.08433165
165.00000000,2413.00000000,0.08380958
165.00000000,2414.00000000,0.08339754
165.00000000,2415.00000000,0.08330931
165.00000000,2416.00000000,0.08330966
165.00000000,2417.00000000,0.08331021
165.00000000,2418.00000000,0.08331091
165.00000000,2419.00000000,0.08331171
165.00000000,2420.00000000,0.08331271
165.00000000,2421.00000000,0.08332766
165.00000000,2422.00000000,0.08334280
165.00000000,2423.00000000,0.08335807
165.00000000,2424.00000000,0.08337342
165.00000000,2425.00000000,0.08338894
165.00000000,2426.00000000,0.08337718
165.00000000,2427.00000000,0.08336546
165.00000000,2428.00000000,0.08335390
165.00000000,2429.00000000,0.08334245
165.00000000,2430.00000000,0.08333103
165.00000000,2431.00000000,0.08331977
165.00000000,2432.00000000,0.08330862
165.00000000,2433.00000000,0.08329749
165.00000000,2434.00000000,0.08328651
165.00000000,2435.00000000,0.08327556
165.00000000,2436.00000000,0.08326476
165.00000000,2437.00000000,0.08325404
165.00000000,2438.00000000,0.08324335
165.00000000,2439.00000000,0.08323279
165.00000000,2440.00000000,0.08322231
165.00000000,2441.00000000,0.08321066
165.00000000,2442.00000000,0.08319914
165.00000000,2443.00000000,0.08318770
165.00000000,2444.00000000,0.08317627
165.00000000,2445.00000000,0.08316496
165.00000000,2446.00000000,0.08315366
165.00000000,2447.00000000,0.08314248
165.00000000,2448.00000000,0.08313137
165.00000000,2449.00000000,0.08312026
165.00000000,2450.00000000,0.08310927
165.00000000,2451.00000000,0.08309833
165.00000000,2452.00000000,0.08308739
165.00000000,2453.00000000,0.08307656
165.00000000,2454.00000000,0.08306578
165.00000000,2455.00000000,0.08305500
165.00000000,2456.00000000,0.08304432
165.00000000,2457.00000000,0.08303363
165.00000000,2458.00000000,0.08302304
165.00000000,2459.00000000,0.08301249
165.00000000,2460.00000000,0.08300194
165.00000000,2461.00000000,0.08299147
165.00000000,2462.00000000,0.08298106
165.00000000,2463.00000000,0.08297062
165.00000000,2464.00000000,0.08296028
165.00000000,2465.00000000,0.08294997
165.00000000,2466.00000000,0.08294228
165.00000000,2467.00000000,0.08293470
165.00000000,2468.00000000,0.08292714
165.00000000,2469.00000000,0.08291956
165.00000000,2470.00000000,0.08291207
165.00000000,2471.00000000,0.08290455
165.00000000,2472.00000000,0.08289714
165.00000000,2473.00000000,0.08288976
165.00000000,2474.00000000,0.08288233
165.00000000,2475.00000000,0.08287501
165.00000000,2476.00000000,0.08286771
165.00000000,2477.00000000,0.08286038
165.00000000,2478.00000000,0.08285314
165.00000000,2479.00000000,0.08284593
165.00000000,2480.00000000,0.08283866
165.00000000,2481.00000000,0.08283150
165.00000000,2482.00000000,0.08282430
165.00000000,2483.00000000,0.08281718
165.00000000,2484.00000000,0.08281009
165.00000000,2485.00000000,0.08280295
165.00000000,2486.00000000,0.08279590
165.00000000,2487.00000000,0.08278887
165.00000000,2488.00000000,0.08278178
165.00000000,2489.00000000,0.08277481
165.00000000,2490.00000000,0.08276783
165.00000000,2491.00000000,0.08276082
165.00000000,2492.00000000,0.08275388
165.00000000,2493.00000000,0.08274697
165.00000000,2494.00000000,0.08273999
165.00000000,2495.00000000,0.08273311
165.00000000,2496.00000000,0.08272617
165.00000000,2497.00000000,0.08271932
165.00000000,2498.00000000,0.08271249
165.00000000,2499.00000000,0.08270558
165.00000000,2500.00000000,0.08269878
166.00000000,1765.00000000,0.05654312
166.00000000,1766.00000000,0.05654325
166.00000000,1767.00000000,0.05654326
166.00000000,1768.00000000,0.05654328
166.00000000,1769.00000000,0.05654350
166.00000000,1770.00000000,0.05654387
166.00000000,1771.00000000,0.05654417
166.00000000,1772.00000000,0.05654479
166.00000000,1773.00000000,0.05654528
166.00000000,1774.00000000,0.05654602
166.00000000,1775.00000000,0.05654694
166.00000000,1776.00000000,0.05654793
166.00000000,1777.00000000,0.05654893
166.00000000,1778.00000000,0.05655005
166.00000000,1779.00000000,0.05655132
166.00000000,1780.00000000,0.05655273
166.00000000,1781.00000000,0.05655420
166.00000000,1782.00000000,0.05655574
166.00000000,1783.00000000,0.05655736
166.00000000,1784.00000000,0.05655911
166.00000000,1785.00000000,0.05656087
166.00000000,1786.00000000,0.05656286
166.00000000,1787.00000000,0.05656462
166.00000000,1788.00000000,0.05656664
166.00000000,1789.00000000,0.05656876
166.00000000,1790.00000000,0.05657095
166.00000000,1791.00000000,0.05657312
166.00000000,1792.00000000,0.05657532
166.00000000,1793.00000000,0.05657770
166.00000000,1794.00000000,0.05658003
166.00000000,1795.00000000,0.05658246
166.00000000,1796.00000000,0.05658486
166.00000000,1797.00000000,0.05658742
166.00000000,1798.00000000,0.05658987
166.00000000,1799.00000000,0.05659247
166.00000000,1800.00000000,0.05659514
166.00000000,1801.00000000,0.05659768
166.00000000,1802.00000000,0.05660043
166.00000000,1803.00000000,0.05660319
166.00000000,1804.00000000,0.05660580
166.00000000,1805.00000000,0.05660861
166.00000000,1806.00000000,0.05661138
166.00000000,1807.00000000,0.05661408
166.00000000,1808.00000000,0.05661696
166.00000000,1809.00000000,0.05661989
166.00000000,1810.00000000,0.05662259
166.00000000,1811.00000000,0.05662546
166.00000000,1812.00000000,0.05662835
166.00000000,1813.00000000,0.05663123
166.00000000,1814.00000000,0.05663413
166.00000000,1815.00000000,0.05663713
166.00000000,1816.00000000,0.05664001
166.00000000,1817.00000000,0.05664303
166.00000000,1818.00000000,0.05664580
166.00000000,1819.00000000,0.05664868
166.00000000,1820.00000000,0.05665162
166.00000000,1821.00000000,0.05665468
166.00000000,1822.00000000,0.05665755
166.00000000,1823.00000000,0.05666051
166.00000000,1824.00000000,0.05666345
166.00000000,1825.00000000,0.05666638
166.00000000,1826.00000000,0.05666934
166.00000000,1827.00000000,0.05667234
166.00000000,1828.00000000,0.05667512
166.00000000,1829.00000000,0.05667809
166.00000000,1830.00000000,0.05668100
166.00000000,1831.00000000,0.05668387
166.00000000,1832.00000000,0.05668673
166.00000000,1833.00000000,0.05668960
166.00000000,1834.00000000,0.05669250
166.00000000,1835.00000000,0.05669531
166.00000000,1836.00000000,0.05669812
166.00000000,1837.00000000,0.05670084
166.00000000,1838.00000000,0.05670366
166.00000000,1839.00000000,0.05670640
166.00000000,1840.00000000,0.05670919
166.00000000,1841.00000000,0.05671190
166.00000000,1842.00000000,0.05671465
166.00000000,1843.00000000,0.05671727
166.00000000,1844.00000000,0.05671992
166.00000000,1845.00000000,0.05672263
166.00000000,1846.00000000,0.05672522
166.00000000,1847.00000000,0.05672777
166.00000000,1848.00000000,0.05673030
166.00000000,1849.00000000,0.05673289
166.00000000,1850.00000000,0.05673535
166.00000000,1851.00000000,0.05673779
166.00000000,1852.00000000,0.05674018
166.00000000,1853.00000000,0.05674289
166.00000000,1854.00000000,0.05674565
166.00000000,1855.00000000,0.05674837
166.00000000,1856.00000000,0.05675103
166.00000000,1857.00000000,0.05675359
166.00000000,1858.00000000,0.05675608
166.00000000,1859.00000000,0.05675850
166.00000000,1860.00000000,0.05676091
166.00000000,1861.00000000,0.05676326
166.00000000,1862.00000000,0.05676545
166.00000000,1863.00000000,0.05676715
166.00000000,1864.00000000,0.05676845
166.00000000,1865.00000000,0.05676941
166.00000000,1866.00000000,0.05677010
166.00000000,1867.00000000,0.05677065
166.00000000,1868.00000000,0.05677091
166.00000000,1869.00000000,0.05677093
166.00000000,1870.00000000,0.05677090
166.00000000,1871.00000000,0.05677055
166.00000000,1872.00000000,0.05677040
166.00000000,1873.00000000,0.05677080
166.00000000,1874.00000000,0.05677156
166.00000000,1875.00000000,0.05677243
166.00000000,1876.00000000,0.05677367
166.00000000,1877.00000000,0.05677497
166.00000000,1878.00000000,0.05677640
166.00000000,1879.00000000,0.05677798
166.00000000,1880.00000000,0.05677950
166.00000000,1881.00000000,0.05678106
166.00000000,1882.00000000,0.05678264
166.00000000,1883.00000000,0.05678388
166.00000000,1884.00000000,0.05678475
166.00000000,1885.00000000,0.05678547
166.00000000,1886.00000000,0.05678606
166.00000000,1887.00000000,0.05678652
166.00000000,1888.00000000,0.05678685
166.00000000,1889.00000000,0.05678692
166.00000000,1890.00000000,0.05678677
166.00000000,1891.00000000,0.05678635
166.00000000,1892.00000000,0.05678572
166.00000000,1893.00000000,0.05678496
166.00000000,1894.00000000,0.05678421
166.00000000,1895.00000000,0.05678349
166.00000000,1896.00000000,0.05678282
166.00000000,1897.00000000,0.05678209
166.00000000,1898.00000000,0.05678126
166.00000000,1899.00000000,0.05678030
166.00000000,1900.00000000,0.05677907
166.00000000,1901.00000000,0.05677767
166.00000000,1902.00000000,0.05677639
166.00000000,1903.00000000,0.05677508
166.00000000,1904.00000000,0.05677394
166.00000000,1905.00000000,0.05677294
166.00000000,1906.00000000,0.05677206
166.00000000,1907.00000000,0.05677133
166.00000000,1908.00000000,0.05677049
166.00000000,1909.00000000,0.05676966
166.00000000,1910.00000000,0.05676883
166.00000000,1911.00000000,0.05676787
166.00000000,1912.00000000,0.05676646
166.00000000,1913.00000000,0.05676436
166.00000000,1914.00000000,0.05676158
166.00000000,1915.00000000,0.05675844
166.00000000,1916.00000000,0.05675526
166.00000000,1917.00000000,0.05675206
166.00000000,1918.00000000,0.05674876
166.00000000,1919.00000000,0.05674548
166.00000000,1920.00000000,0.05674261
166.00000000,1921.00000000,0.05674023
166.00000000,1922.00000000,0.05673856
166.00000000,1923.00000000,0.05673742
166.00000000,1924.00000000,0.05673638
166.00000000,1925.00000000,0.05673527
166.00000000,1926.00000000,0.05673412
166.00000000,1927.00000000,0.05673301
166.00000000,1928.00000000,0.05673202
166.00000000,1929.00000000,0.05673102
166.00000000,1930.00000000,0.05673023
166.00000000,1931.00000000,0.05673026
166.00000000,1932.00000000,0.05673652
166.00000000,1933.00000000,0.05673819
166.00000000,1934.00000000,0.05674024
166.00000000,1935.00000000,0.05674237
166.00000000,1936.00000000,0.05674418
166.00000000,1937.00000000,0.05674703
166.00000000,1938.00000000,0.05674728
166.00000000,1939.00000000,0.05674691
166.00000000,1940.00000000,0.05674608
166.00000000,1941.00000000,0.05674457
166.00000000,1942.00000000,0.05674228
166.00000000,1943.00000000,0.05673956
166.00000000,1944.00000000,0.05673646
166.00000000,1945.00000000,0.05673335
166.00000000,1946.00000000,0.05673101
166.00000000,1947.00000000,0.05673174
166.00000000,1948.00000000,0.05673129
166.00000000,1949.00000000,0.05673093
166.00000000,1950.00000000,0.05673053
166.00000000,1951.00000000,0.05673004
166.00000000,1952.00000000,0.05673012
166.00000000,1953.00000000,0.05673037
166.00000000,1954.00000000,0.05673064
166.00000000,1955.00000000,0.05673118
166.00000000,1956.00000000,0.05673168
166.00000000,1957.00000000,0.05673379
166.00000000,1958.00000000,0.05673383
166.00000000,1959.00000000,0.05673343
166.00000000,1960.00000000,0.05673165
166.00000000,1961.00000000,0.05672865
166.00000000,1962.00000000,0.05672493
166.00000000,1963.00000000,0.05672233
166.00000000,1964.00000000,0.05671714
166.00000000,1965.00000000,0.05671103
166.00000000,1966.00000000,0.05670556
166.00000000,1967.00000000,0.05669741
166.00000000,1968.00000000,0.05669156
166.00000000,1969.00000000,0.05667892
166.00000000,1970.00000000,0.05666618
166.00000000,1971.00000000,0.05665094
166.00000000,1972.00000000,0.05663437
166.00000000,1973.00000000,0.05661341
166.00000000,1974.00000000,0.05659022
166.00000000,1975.00000000,0.05656575
166.00000000,1976.00000000,0.05654085
166.00000000,1977.00000000,0.05651783
166.00000000,1978.00000000,0.05649292
166.00000000,1979.00000000,0.05646769
166.00000000,1980.00000000,0.05644193
166.00000000,1981.00000000,0.05641776
166.00000000,1982.00000000,0.05639505
166.00000000,1983.00000000,0.05637538
166.00000000,1984.00000000,0.05635700
166.00000000,1985.00000000,0.05634090
166.00000000,1986.00000000,0.05632609
166.00000000,1987.00000000,0.05631192
166.00000000,1988.00000000,0.05629960
166.00000000,1989.00000000,0.05628701
166.00000000,1990.00000000,0.05627220
166.00000000,1991.00000000,0.05625899
166.00000000,1992.00000000,0.05624437
166.00000000,1993.00000000,0.05623185
166.00000000,1994.00000000,0.05621835
166.00000000,1995.00000000,0.05620550
166.00000000,1996.00000000,0.05620311
166.00000000,1997.00000000,0.05618821
166.00000000,1998.00000000,0.05617446
166.00000000,1999.00000000,0.05616233
166.00000000,2000.00000000,0.05614854
166.00000000,2001.00000000,0.05613624
166.00000000,2002.00000000,0.05612877
166.00000000,2003.00000000,0.05611441
166.00000000,2004.00000000,0.05610087
166.00000000,2005.00000000,0.05608537
166.00000000,2006.00000000,0.05606866
166.00000000,2007.00000000,0.05604733
166.00000000,2008.00000000,0.05602511
166.00000000,2009.00000000,0.05599882
166.00000000,2010.00000000,0.05597212
166.00000000,2011.00000000,0.05594691
166.00000000,2012.00000000,0.05591288
166.00000000,2013.00000000,0.05588209
166.00000000,2014.00000000,0.05584588
166.00000000,2015.00000000,0.05581114
166.00000000,2016.00000000,0.05577620
166.00000000,2017.00000000,0.05573256
166.00000000,2018.00000000,0.05569240
166.00000000,2019.00000000,0.05564886
166.00000000,2020.00000000,0.05561741
166.00000000,2021.00000000,0.05557078
166.00000000,2022.00000000,0.05552795
166.00000000,2023.00000000,0.05547713
166.00000000,2024.00000000,0.05542537
166.00000000,2025.00000000,0.05537956
166.00000000,2026.00000000,0.05533805
166.00000000,2027.00000000,0.05528905
166.00000000,2028.00000000,0.05523599
166.00000000,2029.00000000,0.05519081
166.00000000,2030.00000000,0.05514689
166.00000000,2031.00000000,0.05510082
166.00000000,2032.00000000,0.05504749
166.00000000,2033.00000000,0.05500230
166.00000000,2034.00000000,0.05495089
166.00000000,2035.00000000,0.05490208
166.00000000,2036.00000000,0.05484910
166.00000000,2037.00000000,0.05480205
166.00000000,2038.00000000,0.05476768
166.00000000,2039.00000000,0.05472243
166.00000000,2040.00000000,0.05464116
166.00000000,2041.00000000,0.05459922
166.00000000,2042.00000000,0.05453792
166.00000000,2043.00000000,0.05447557
166.00000000,2044.00000000,0.05440952
166.00000000,2045.00000000,0.05436308
166.00000000,2046.00000000,0.05433537
166.00000000,2047.00000000,0.05427496
166.00000000,2048.00000000,0.05422327
166.00000000,2049.00000000,0.05417546
166.00000000,2050.00000000,0.05410517
166.00000000,2051.00000000,0.05403229
166.00000000,2052.00000000,0.05396191
166.00000000,2053.00000000,0.05390718
166.00000000,2054.00000000,0.05388119
166.00000000,2055.00000000,0.05380213
166.00000000,2056.00000000,0.05376985
166.00000000,2057.00000000,0.05371577
166.00000000,2058.00000000,0.05363835
166.00000000,2059.00000000,0.05355077
166.00000000,2060.00000000,0.05349049
166.00000000,2061.00000000,0.05344616
166.00000000,2062.00000000,0.05338571
166.00000000,2063.00000000,0.05333871
166.00000000,2064.00000000,0.05329892
166.00000000,2065.00000000,0.05328736
166.00000000,2066.00000000,0.05325265
166.00000000,2067.00000000,0.05320448
166.00000000,2068.00000000,0.05315098
166.00000000,2069.00000000,0.05315762
166.00000000,2070.00000000,0.05309481
166.00000000,2071.00000000,0.05308401
166.00000000,2072.00000000,0.05308221
166.00000000,2073.00000000,0.05313398
166.00000000,2074.00000000,0.05301095
166.00000000,2075.00000000,0.05299881
166.00000000,2076.00000000,0.05298644
166.00000000,2077.00000000,0.05294854
166.00000000,2078.00000000,0.05295294
166.00000000,2079.00000000,0.05299151
166.00000000,2080.00000000,0.05278438
166.00000000,2081.00000000,0.05270602
166.00000000,2082.00000000,0.05274683
166.00000000,2083.00000000,0.05277490
166.00000000,2084.00000000,0.05269020
166.00000000,2085.00000000,0.05243389
166.00000000,2086.00000000,0.05257887
166.00000000,2087.00000000,0.05232790
166.00000000,2088.00000000,0.05234506
166.00000000,2089.00000000,0.05249268
166.00000000,2090.00000000,0.05243650
166.00000000,2091.00000000,0.05241130
166.00000000,2092.00000000,0.05238141
166.00000000,2093.00000000,0.05246306
166.00000000,2094.00000000,0.05242868
166.00000000,2095.00000000,0.05251474
166.00000000,2096.00000000,0.05233674
166.00000000,2097.00000000,0.05212799
166.00000000,2098.00000000,0.05195174
166.00000000,2099.00000000,0.05199124
166.00000000,2100.00000000,0.05208469
166.00000000,2101.00000000,0.05213986
166.00000000,2102.00000000,0.05227205
166.00000000,2103.00000000,0.05236914
166.00000000,2104.00000000,0.05224438
166.00000000,2105.00000000,0.05230089
166.00000000,2106.00000000,0.05244653
166.00000000,2107.00000000,0.05248391
166.00000000,2108.00000000,0.05248190
166.00000000,2109.00000000,0.05254436
166.00000000,2110.00000000,0.05252162
166.00000000,2111.00000000,0.05217289
166.00000000,2112.00000000,0.05228555
166.00000000,2113.00000000,0.05251626
166.00000000,2114.00000000,0.05263174
166.00000000,2115.00000000,0.05255595
166.00000000,2116.00000000,0.05287966
166.00000000,2117.00000000,0.05309431
166.00000000,2118.00000000,0.05314355
166.00000000,2119.00000000,0.05322038
166.00000000,2120.00000000,0.05326706
166.00000000,2121.00000000,0.05354942
166.00000000,2122.00000000,0.05376810
166.00000000,2123.00000000,0.05392300
166.00000000,2124.00000000,0.05403077
166.00000000,2125.00000000,0.05424908
166.00000000,2126.00000000,0.05444295
166.00000000,2127.00000000,0.05448983
166.00000000,2128.00000000,0.05467309
166.00000000,2129.00000000,0.05492156
166.00000000,2130.00000000,0.05518975
166.00000000,2131.00000000,0.05542462
166.00000000,2132.00000000,0.05569575
166.00000000,2133.00000000,0.05588658
166.00000000,2134.00000000,0.05618611
166.00000000,2135.00000000,0.05653989
166.00000000,2136.00000000,0.05699162
166.00000000,2137.00000000,0.05726155
166.00000000,2138.00000000,0.05755223
166.00000000,2139.00000000,0.05794665
166.00000000,2140.00000000,0.05799926
166.00000000,2141.00000000,0.05799559
166.00000000,2142.00000000,0.05844133
166.00000000,2143.00000000,0.05870399
166.00000000,2144.00000000,0.05886189
166.00000000,2145.00000000,0.05933128
166.00000000,2146.00000000,0.05929299
166.00000000,2147.00000000,0.05909103
166.00000000,2148.00000000,0.05907550
166.00000000,2149.00000000,0.05909733
166.00000000,2150.00000000,0.05941740
166.00000000,2151.00000000,0.05969977
166.00000000,2152.00000000,0.06000263
166.00000000,2153.00000000,0.06027395
166.00000000,2154.00000000,0.06065131
166.00000000,2155.00000000,0.06090261
166.00000000,2156.00000000,0.06105187
166.00000000,2157.00000000,0.06125882
166.00000000,2158.00000000,0.06115537
166.00000000,2159.00000000,0.06124072
166.00000000,2160.00000000,0.06149866
166.00000000,2161.00000000,0.06177839
166.00000000,2162.00000000,0.06207381
166.00000000,2163.00000000,0.06232898
166.00000000,2164.00000000,0.06237589
166.00000000,2165.00000000,0.06244433
166.00000000,2166.00000000,0.06279653
166.00000000,2167.00000000,0.06314508
166.00000000,2168.00000000,0.06333433
166.00000000,2169.00000000,0.06395846
166.00000000,2170.00000000,0.06466139
166.00000000,2171.00000000,0.06523683
166.00000000,2172.00000000,0.06565107
166.00000000,2173.00000000,0.06606942
166.00000000,2174.00000000,0.06649195
166.00000000,2175.00000000,0.06691818
166.00000000,2176.00000000,0.06734815
166.00000000,2177.00000000,0.06788912
166.00000000,2178.00000000,0.06843409
166.00000000,2179.00000000,0.06898309
166.00000000,2180.00000000,0.06953605
166.00000000,2181.00000000,0.07009290
166.00000000,2182.00000000,0.07065365
166.00000000,2183.00000000,0.07121823
166.00000000,2184.00000000,0.07178659
166.00000000,2185.00000000,0.07235870
166.00000000,2186.00000000,0.07293452
166.00000000,2187.00000000,0.07346597
166.00000000,2188.00000000,0.07400096
166.00000000,2189.00000000,0.07453943
166.00000000,2190.00000000,0.07508142
166.00000000,2191.00000000,0.07562691
166.00000000,2192.00000000,0.07617590
166.00000000,2193.00000000,0.07672845
166.00000000,2194.00000000,0.07728454
166.00000000,2195.00000000,0.07784420
166.00000000,2196.00000000,0.07840751
166.00000000,2197.00000000,0.07907581
166.00000000,2198.00000000,0.07974809
166.00000000,2199.00000000,0.08042436
166.00000000,2200.00000000,0.08110459
166.00000000,2201.00000000,0.08178871
166.00000000,2202.00000000,0.08247677
166.00000000,2203.00000000,0.08316869
166.00000000,2204.00000000,0.08386452
166.00000000,2205.00000000,0.08456422
166.00000000,2206.00000000,0.08526777
166.00000000,2207.00000000,0.08605020
166.00000000,2208.00000000,0.08683674
166.00000000,2209.00000000,0.08762730
166.00000000,2210.00000000,0.08842192
166.00000000,2211.00000000,0.08922052
166.00000000,2212.00000000,0.09002303
166.00000000,2213.00000000,0.09082947
166.00000000,2214.00000000,0.09163972
166.00000000,2215.00000000,0.09245381
166.00000000,2216.00000000,0.09327166
166.00000000,2217.00000000,0.09408890
166.00000000,2218.00000000,0.09490982
166.00000000,2219.00000000,0.09573435
166.00000000,2220.00000000,0.09656241
166.00000000,2221.00000000,0.09739399
166.00000000,2222.00000000,0.09822904
166.00000000,2223.00000000,0.09906745
166.00000000,2224.00000000,0.09990922
166.00000000,2225.00000000,0.10075423
166.00000000,2226.00000000,0.10160237
166.00000000,2227.00000000,0.10228413
166.00000000,2228.00000000,0.10296823
166.00000000,2229.00000000,0.10365470
166.00000000,2230.00000000,0.10434347
166.00000000,2231.00000000,0.10503452
166.00000000,2232.00000000,0.10572787
166.00000000,2233.00000000,0.10642346
166.00000000,2234.00000000,0.10712121
166.00000000,2235.00000000,0.10782115
166.00000000,2236.00000000,0.10852320
166.00000000,2237.00000000,0.10907181
166.00000000,2238.00000000,0.10962184
166.00000000,2239.00000000,0.11017323
166.00000000,2240.00000000,0.11072605
166.00000000,2241.00000000,0.11128027
166.00000000,2242.00000000,0.11183584
166.00000000,2243.00000000,0.11239282
166.00000000,2244.00000000,0.11295120
166.00000000,2245.00000000,0.11351090
166.00000000,2246.00000000,0.11407198
166.00000000,2247.00000000,0.11454608
166.00000000,2248.00000000,0.11502110
166.00000000,2249.00000000,0.11549697
166.00000000,2250.00000000,0.11597288
166.00000000,2251.00000000,0.11644742
166.00000000,2252.00000000,0.11691914
166.00000000,2253.00000000,0.11738721
166.00000000,2254.00000000,0.11785132
166.00000000,2255.00000000,0.11831129
166.00000000,2256.00000000,0.11876701
166.00000000,2257.00000000,0.11912597
166.00000000,2258.00000000,0.11948035
166.00000000,2259.00000000,0.11983014
166.00000000,2260.00000000,0.12017551
166.00000000,2261.00000000,0.12051654
166.00000000,2262.00000000,0.12085335
166.00000000,2263.00000000,0.12118620
166.00000000,2264.00000000,0.12151511
166.00000000,2265.00000000,0.12184026
166.00000000,2266.00000000,0.12216168
166.00000000,2267.00000000,0.12240743
166.00000000,2268.00000000,0.12264941
166.00000000,2269.00000000,0.12288764
166.00000000,2270.00000000,0.12312216
166.00000000,2271.00000000,0.12335312
166.00000000,2272.00000000,0.12358054
166.00000000,2273.00000000,0.12380444
166.00000000,2274.00000000,0.12402498
166.00000000,2275.00000000,0.12424212
166.00000000,2276.00000000,0.12445601
166.00000000,2277.00000000,0.12466667
166.00000000,2278.00000000,0.12487410
166.00000000,2279.00000000,0.12507846
166.00000000,2280.00000000,0.12527973
166.00000000,2281.00000000,0.12547793
166.00000000,2282.00000000,0.12567318
166.00000000,2283.00000000,0.12586551
166.00000000,2284.00000000,0.12605487
166.00000000,2285.00000000,0.12624143
166.00000000,2286.00000000,0.12642515
166.00000000,2287.00000000,0.12660604
166.00000000,2288.00000000,0.12678420
166.00000000,2289.00000000,0.12695959
166.00000000,2290.00000000,0.12713232
166.00000000,2291.00000000,0.12730240
166.00000000,2292.00000000,0.12746975
166.00000000,2293.00000000,0.12763458
166.00000000,2294.00000000,0.12779682
166.00000000,2295.00000000,0.12795639
166.00000000,2296.00000000,0.12811352
166.00000000,2297.00000000,0.12826810
166.00000000,2298.00000000,0.12842011
166.00000000,2299.00000000,0.12856970
166.00000000,2300.00000000,0.12871676
166.00000000,2301.00000000,0.12886145
166.00000000,2302.00000000,0.12900367
166.00000000,2303.00000000,0.12914338
166.00000000,2304.00000000,0.12928071
166.00000000,2305.00000000,0.12941563
166.00000000,2306.00000000,0.12954805
166.00000000,2307.00000000,0.12967811
166.00000000,2308.00000000,0.12980579
166.00000000,2309.00000000,0.12993099
166.00000000,2310.00000000,0.13005384
166.00000000,2311.00000000,0.13017424
166.00000000,2312.00000000,0.13029231
166.00000000,2313.00000000,0.13040795
166.00000000,2314.00000000,0.13052112
166.00000000,2315.00000000,0.13063188
166.00000000,2316.00000000,0.13074011
166.00000000,2317.00000000,0.13034038
166.00000000,2318.00000000,0.12993757
166.00000000,2319.00000000,0.12953167
166.00000000,2320.00000000,0.12912268
166.00000000,2321.00000000,0.12871082
166.00000000,2322.00000000,0.12829608
166.00000000,2323.00000000,0.12787845
166.00000000,2324.00000000,0.12745812
166.00000000,2325.00000000,0.12703503
166.00000000,2326.00000000,0.12660937
166.00000000,2327.00000000,0.12618112
166.00000000,2328.00000000,0.12575031
166.00000000,2329.00000000,0.12531707
166.00000000,2330.00000000,0.12488141
166.00000000,2331.00000000,0.12444335
166.00000000,2332.00000000,0.12400304
166.00000000,2333.00000000,0.12356047
166.00000000,2334.00000000,0.12311563
166.00000000,2335.00000000,0.12266869
166.00000000,2336.00000000,0.12221957
166.00000000,2337.00000000,0.12176845
166.00000000,2338.00000000,0.12131531
166.00000000,2339.00000000,0.12086014
166.00000000,2340.00000000,0.12040308
166.00000000,2341.00000000,0.11994414
166.00000000,2342.00000000,0.11948330
166.00000000,2343.00000000,0.11902070
166.00000000,2344.00000000,0.11855633
166.00000000,2345.00000000,0.11809018
166.00000000,2346.00000000,0.11762239
166.00000000,2347.00000000,0.11715295
166.00000000,2348.00000000,0.11668185
166.00000000,2349.00000000,0.11620921
166.00000000,2350.00000000,0.11573498
166.00000000,2351.00000000,0.11525929
166.00000000,2352.00000000,0.11478213
166.00000000,2353.00000000,0.11430349
166.00000000,2354.00000000,0.11382349
166.00000000,2355.00000000,0.11334212
166.00000000,2356.00000000,0.11285936
166.00000000,2357.00000000,0.11237535
166.00000000,2358.00000000,0.11189006
166.00000000,2359.00000000,0.11140348
166.00000000,2360.00000000,0.11091575
166.00000000,2361.00000000,0.11042676
166.00000000,2362.00000000,0.10993666
166.00000000,2363.00000000,0.10944544
166.00000000,2364.00000000,0.10895305
166.00000000,2365.00000000,0.10845964
166.00000000,2366.00000000,0.10796520
166.00000000,2367.00000000,0.10746966
166.00000000,2368.00000000,0.10697318
166.00000000,2369.00000000,0.10647572
166.00000000,2370.00000000,0.10597728
166.00000000,2371.00000000,0.10547795
166.00000000,2372.00000000,0.10497772
166.00000000,2373.00000000,0.10447656
166.00000000,2374.00000000,0.10397461
166.00000000,2375.00000000,0.10347177
166.00000000,2376.00000000,0.10296817
166.00000000,2377.00000000,0.10246380
166.00000000,2378.00000000,0.10195860
166.00000000,2379.00000000,0.10145271
166.00000000,2380.00000000,0.10094612
166.00000000,2381.00000000,0.10043876
166.00000000,2382.00000000,0.09993079
166.00000000,2383.00000000,0.09942215
166.00000000,2384.00000000,0.09891282
166.00000000,2385.00000000,0.09840294
166.00000000,2386.00000000,0.09789240
166.00000000,2387.00000000,0.09738134
166.00000000,2388.00000000,0.09686971
166.00000000,2389.00000000,0.09635751
166.00000000,2390.00000000,0.09584482
166.00000000,2391.00000000,0.09533165
166.00000000,2392.00000000,0.09481794
166.00000000,2393.00000000,0.09430381
166.00000000,2394.00000000,0.09378924
166.00000000,2395.00000000,0.09327418
166.00000000,2396.00000000,0.09275877
166.00000000,2397.00000000,0.09224292
166.00000000,2398.00000000,0.09172673
166.00000000,2399.00000000,0.09121020
166.00000000,2400.00000000,0.09069327
166.00000000,2401.00000000,0.09017606
166.00000000,2402.00000000,0.08965855
166.00000000,2403.00000000,0.08914071
166.00000000,2404.00000000,0.08862265
166.00000000,2405.00000000,0.08810433
166.00000000,2406.00000000,0.08758573
166.00000000,2407.00000000,0.08706697
166.00000000,2408.00000000,0.08654801
166.00000000,2409.00000000,0.08602880
166.00000000,2410.00000000,0.08550949
166.00000000,2411.00000000,0.08498997
166.00000000,2412.00000000,0.08447038
166.00000000,2413.00000000,0.08395072
166.00000000,2414.00000000,0.08343097
166.00000000,2415.00000000,0.08302075
166.00000000,2416.00000000,0.08293289
166.00000000,2417.00000000,0.08293320
166.00000000,2418.00000000,0.08293372
166.00000000,2419.00000000,0.08293440
166.00000000,2420.00000000,0.08293515
166.00000000,2421.00000000,0.08293610
166.00000000,2422.00000000,0.08295095
166.00000000,2423.00000000,0.08296599
166.00000000,2424.00000000,0.08298116
166.00000000,2425.00000000,0.08299640
166.00000000,2426.00000000,0.08301183
166.00000000,2427.00000000,0.08300007
166.00000000,2428.00000000,0.08298837
166.00000000,2429.00000000,0.08297683
166.00000000,2430.00000000,0.08296539
166.00000000,2431.00000000,0.08295399
166.00000000,2432.00000000,0.08294275
166.00000000,2433.00000000,0.08293160
166.00000000,2434.00000000,0.08292048
166.00000000,2435.00000000,0.08290952
166.00000000,2436.00000000,0.08289858
166.00000000,2437.00000000,0.08288779
166.00000000,2438.00000000,0.08287708
166.00000000,2439.00000000,0.08286639
166.00000000,2440.00000000,0.08285585
166.00000000,2441.00000000,0.08284537
166.00000000,2442.00000000,0.08283374
166.00000000,2443.00000000,0.08282224
166.00000000,2444.00000000,0.08281080
166.00000000,2445.00000000,0.08279938
166.00000000,2446.00000000,0.08278809
166.00000000,2447.00000000,0.08277680
166.00000000,2448.00000000,0.08276562
166.00000000,2449.00000000,0.08275453
166.00000000,2450.00000000,0.08274342
166.00000000,2451.00000000,0.08273244
166.00000000,2452.00000000,0.08272152
166.00000000,2453.00000000,0.08271058
166.00000000,2454.00000000,0.08269976
166.00000000,2455.00000000,0.08268899
166.00000000,2456.00000000,0.08267820
166.00000000,2457.00000000,0.08266753
166.00000000,2458.00000000,0.08265684
166.00000000,2459.00000000,0.08264625
166.00000000,2460.00000000,0.08263571
166.00000000,2461.00000000,0.08262515
166.00000000,2462.00000000,0.08261470
166.00000000,2463.00000000,0.08260428
166.00000000,2464.00000000,0.08259384
166.00000000,2465.00000000,0.08258350
166.00000000,2466.00000000,0.08257320
166.00000000,2467.00000000,0.08256550
166.00000000,2468.00000000,0.08255791
166.00000000,2469.00000000,0.08255034
166.00000000,2470.00000000,0.08254274
166.00000000,2471.00000000,0.08253525
166.00000000,2472.00000000,0.08252772
166.00000000,2473.00000000,0.08252029
166.00000000,2474.00000000,0.08251289
166.00000000,2475.00000000,0.08250545
166.00000000,2476.00000000,0.08249812
166.00000000,2477.00000000,0.08249082
166.00000000,2478.00000000,0.08248346
166.00000000,2479.00000000,0.08247621
166.00000000,2480.00000000,0.08246898
166.00000000,2481.00000000,0.08246171
166.00000000,2482.00000000,0.08245454
166.00000000,2483.00000000,0.08244731
166.00000000,2484.00000000,0.08244018
166.00000000,2485.00000000,0.08243308
166.00000000,2486.00000000,0.08242592
166.00000000,2487.00000000,0.08241886
166.00000000,2488.00000000,0.08241182
166.00000000,2489.00000000,0.08240472
166.00000000,2490.00000000,0.08239773
166.00000000,2491.00000000,0.08239074
166.00000000,2492.00000000,0.08238370
166.00000000,2493.00000000,0.08237676
166.00000000,2494.00000000,0.08236983
166.00000000,2495.00000000,0.08236284
166.00000000,2496.00000000,0.08235594
166.00000000,2497.00000000,0.08234899
166.00000000,2498.00000000,0.08234212
166.00000000,2499.00000000,0.08233527
166.00000000,2500.00000000,0.08232835
167.00000000,1765.00000000,0.05621868
167.00000000,1766.00000000,0.05621869
167.00000000,1767.00000000,0.05621886
167.00000000,1768.00000000,0.05621893
167.00000000,1769.00000000,0.05621905
167.00000000,1770.00000000,0.05621935
167.00000000,1771.00000000,0.05621983
167.00000000,1772.00000000,0.05622024
167.00000000,1773.00000000,0.05622097
167.00000000,1774.00000000,0.05622156
167.00000000,1775.00000000,0.05622241
167.00000000,1776.00000000,0.05622344
167.00000000,1777.00000000,0.05622451
167.00000000,1778.00000000,0.05622562
167.00000000,1779.00000000,0.05622683
167.00000000,1780.00000000,0.05622820
167.00000000,1781.00000000,0.05622970
167.00000000,1782.00000000,0.05623124
167.00000000,1783.00000000,0.05623287
167.00000000,1784.00000000,0.05623455
167.00000000,1785.00000000,0.05623637
167.00000000,1786.00000000,0.05623819
167.00000000,1787.00000000,0.05624025
167.00000000,1788.00000000,0.05624207
167.00000000,1789.00000000,0.05624414
167.00000000,1790.00000000,0.05624631
167.00000000,1791.00000000,0.05624855
167.00000000,1792.00000000,0.05625077
167.00000000,1793.00000000,0.05625300
167.00000000,1794.00000000,0.05625542
167.00000000,1795.00000000,0.05625779
167.00000000,1796.00000000,0.05626024
167.00000000,1797.00000000,0.05626267
167.00000000,1798.00000000,0.05626526
167.00000000,1799.00000000,0.05626773
167.00000000,1800.00000000,0.05627035
167.00000000,1801.00000000,0.05627303
167.00000000,1802.00000000,0.05627558
167.00000000,1803.00000000,0.05627835
167.00000000,1804.00000000,0.05628111
167.00000000,1805.00000000,0.05628374
167.00000000,1806.00000000,0.05628656
167.00000000,1807.00000000,0.05628933
167.00000000,1808.00000000,0.05629203
167.00000000,1809.00000000,0.05629492
167.00000000,1810.00000000,0.05629784
167.00000000,1811.00000000,0.05630055
167.00000000,1812.00000000,0.05630342
167.00000000,1813.00000000,0.05630630
167.00000000,1814.00000000,0.05630919
167.00000000,1815.00000000,0.05631207
167.00000000,1816.00000000,0.05631506
167.00000000,1817.00000000,0.05631793
167.00000000,1818.00000000,0.05632093
167.00000000,1819.00000000,0.05632370
167.00000000,1820.00000000,0.05632656
167.00000000,1821.00000000,0.05632948
167.00000000,1822.00000000,0.05633254
167.00000000,1823.00000000,0.05633539
167.00000000,1824.00000000,0.05633833
167.00000000,1825.00000000,0.05634126
167.00000000,1826.00000000,0.05634416
167.00000000,1827.00000000,0.05634709
167.00000000,1828.00000000,0.05635007
167.00000000,1829.00000000,0.05635283
167.00000000,1830.00000000,0.05635578
167.00000000,1831.00000000,0.05635866
167.00000000,1832.00000000,0.05636148
167.00000000,1833.00000000,0.05636431
167.00000000,1834.00000000,0.05636715
167.00000000,1835.00000000,0.05637003
167.00000000,1836.00000000,0.05637281
167.00000000,1837.00000000,0.05637558
167.00000000,1838.00000000,0.05637827
167.00000000,1839.00000000,0.05638105
167.00000000,1840.00000000,0.05638376
167.00000000,1841.00000000,0.05638651
167.00000000,1842.00000000,0.05638919
167.00000000,1843.00000000,0.05639190
167.00000000,1844.00000000,0.05639449
167.00000000,1845.00000000,0.05639710
167.00000000,1846.00000000,0.05639977
167.00000000,1847.00000000,0.05640231
167.00000000,1848.00000000,0.05640481
167.00000000,1849.00000000,0.05640731
167.00000000,1850.00000000,0.05640985
167.00000000,1851.00000000,0.05641225
167.00000000,1852.00000000,0.05641463
167.00000000,1853.00000000,0.05641726
167.00000000,1854.00000000,0.05642006
167.00000000,1855.00000000,0.05642277
167.00000000,1856.00000000,0.05642538
167.00000000,1857.00000000,0.05642795
167.00000000,1858.00000000,0.05643043
167.00000000,1859.00000000,0.05643285
167.00000000,1860.00000000,0.05643521
167.00000000,1861.00000000,0.05643755
167.00000000,1862.00000000,0.05643974
167.00000000,1863.00000000,0.05644143
167.00000000,1864.00000000,0.05644271
167.00000000,1865.00000000,0.05644369
167.00000000,1866.00000000,0.05644438
167.00000000,1867.00000000,0.05644483
167.00000000,1868.00000000,0.05644517
167.00000000,1869.00000000,0.05644522
167.00000000,1870.00000000,0.05644505
167.00000000,1871.00000000,0.05644488
167.00000000,1872.00000000,0.05644463
167.00000000,1873.00000000,0.05644501
167.00000000,1874.00000000,0.05644577
167.00000000,1875.00000000,0.05644677
167.00000000,1876.00000000,0.05644783
167.00000000,1877.00000000,0.05644920
167.00000000,1878.00000000,0.05645060
167.00000000,1879.00000000,0.05645212
167.00000000,1880.00000000,0.05645372
167.00000000,1881.00000000,0.05645523
167.00000000,1882.00000000,0.05645679
167.00000000,1883.00000000,0.05645800
167.00000000,1884.00000000,0.05645894
167.00000000,1885.00000000,0.05645960
167.00000000,1886.00000000,0.05646016
167.00000000,1887.00000000,0.05646063
167.00000000,1888.00000000,0.05646094
167.00000000,1889.00000000,0.05646105
167.00000000,1890.00000000,0.05646087
167.00000000,1891.00000000,0.05646047
167.00000000,1892.00000000,0.05645981
167.00000000,1893.00000000,0.05645907
167.00000000,1894.00000000,0.05645829
167.00000000,1895.00000000,0.05645761
167.00000000,1896.00000000,0.05645690
167.00000000,1897.00000000,0.05645618
167.00000000,1898.00000000,0.05645535
167.00000000,1899.00000000,0.05645437
167.00000000,1900.00000000,0.05645317
167.00000000,1901.00000000,0.05645174
167.00000000,1902.00000000,0.05645044
167.00000000,1903.00000000,0.05644920
167.00000000,1904.00000000,0.05644798
167.00000000,1905.00000000,0.05644697
167.00000000,1906.00000000,0.05644614
167.00000000,1907.00000000,0.05644536
167.00000000,1908.00000000,0.05644455
167.00000000,1909.00000000,0.05644366
167.00000000,1910.00000000,0.05644284
167.00000000,1911.00000000,0.05644188
167.00000000,1912.00000000,0.05644044
167.00000000,1913.00000000,0.05643835
167.00000000,1914.00000000,0.05643555
167.00000000,1915.00000000,0.05643242
167.00000000,1916.00000000,0.05642923
167.00000000,1917.00000000,0.05642602
167.00000000,1918.00000000,0.05642268
167.00000000,1919.00000000,0.05641942
167.00000000,1920.00000000,0.05641652
167.00000000,1921.00000000,0.05641414
167.00000000,1922.00000000,0.05641243
167.00000000,1923.00000000,0.05641124
167.00000000,1924.00000000,0.05641018
167.00000000,1925.00000000,0.05640902
167.00000000,1926.00000000,0.05640784
167.00000000,1927.00000000,0.05640666
167.00000000,1928.00000000,0.05640561
167.00000000,1929.00000000,0.05640456
167.00000000,1930.00000000,0.05640368
167.00000000,1931.00000000,0.05640363
167.00000000,1932.00000000,0.05640460
167.00000000,1933.00000000,0.05641132
167.00000000,1934.00000000,0.05641336
167.00000000,1935.00000000,0.05641532
167.00000000,1936.00000000,0.05641702
167.00000000,1937.00000000,0.05641809
167.00000000,1938.00000000,0.05641996
167.00000000,1939.00000000,0.05641952
167.00000000,1940.00000000,0.05641861
167.00000000,1941.00000000,0.05641703
167.00000000,1942.00000000,0.05641470
167.00000000,1943.00000000,0.05641190
167.00000000,1944.00000000,0.05640877
167.00000000,1945.00000000,0.05640563
167.00000000,1946.00000000,0.05640320
167.00000000,1947.00000000,0.05640209
167.00000000,1948.00000000,0.05640338
167.00000000,1949.00000000,0.05640293
167.00000000,1950.00000000,0.05640247
167.00000000,1951.00000000,0.05640194
167.00000000,1952.00000000,0.05640194
167.00000000,1953.00000000,0.05640215
167.00000000,1954.00000000,0.05640236
167.00000000,1955.00000000,0.05640280
167.00000000,1956.00000000,0.05640331
167.00000000,1957.00000000,0.05640356
167.00000000,1958.00000000,0.05640530
167.00000000,1959.00000000,0.05640487
167.00000000,1960.00000000,0.05640305
167.00000000,1961.00000000,0.05639996
167.00000000,1962.00000000,0.05639628
167.00000000,1963.00000000,0.05639187
167.00000000,1964.00000000,0.05638845
167.00000000,1965.00000000,0.05638225
167.00000000,1966.00000000,0.05637507
167.00000000,1967.00000000,0.05636862
167.00000000,1968.00000000,0.05635934
167.00000000,1969.00000000,0.05635189
167.00000000,1970.00000000,0.05633747
167.00000000,1971.00000000,0.05632229
167.00000000,1972.00000000,0.05630402
167.00000000,1973.00000000,0.05628485
167.00000000,1974.00000000,0.05626179
167.00000000,1975.00000000,0.05623738
167.00000000,1976.00000000,0.05621264
167.00000000,1977.00000000,0.05618792
167.00000000,1978.00000000,0.05616484
167.00000000,1979.00000000,0.05613976
167.00000000,1980.00000000,0.05611409
167.00000000,1981.00000000,0.05608829
167.00000000,1982.00000000,0.05606564
167.00000000,1983.00000000,0.05604604
167.00000000,1984.00000000,0.05602947
167.00000000,1985.00000000,0.05601342
167.00000000,1986.00000000,0.05599866
167.00000000,1987.00000000,0.05598451
167.00000000,1988.00000000,0.05597047
167.00000000,1989.00000000,0.05595793
167.00000000,1990.00000000,0.05594494
167.00000000,1991.00000000,0.05592996
167.00000000,1992.00000000,0.05591713
167.00000000,1993.00000000,0.05590289
167.00000000,1994.00000000,0.05589119
167.00000000,1995.00000000,0.05587832
167.00000000,1996.00000000,0.05586557
167.00000000,1997.00000000,0.05586274
167.00000000,1998.00000000,0.05584732
167.00000000,1999.00000000,0.05583347
167.00000000,2000.00000000,0.05582142
167.00000000,2001.00000000,0.05580745
167.00000000,2002.00000000,0.05579478
167.00000000,2003.00000000,0.05578730
167.00000000,2004.00000000,0.05577211
167.00000000,2005.00000000,0.05575661
167.00000000,2006.00000000,0.05573825
167.00000000,2007.00000000,0.05571867
167.00000000,2008.00000000,0.05569480
167.00000000,2009.00000000,0.05567030
167.00000000,2010.00000000,0.05564199
167.00000000,2011.00000000,0.05561343
167.00000000,2012.00000000,0.05558640
167.00000000,2013.00000000,0.05555054
167.00000000,2014.00000000,0.05551789
167.00000000,2015.00000000,0.05547986
167.00000000,2016.00000000,0.05544335
167.00000000,2017.00000000,0.05540671
167.00000000,2018.00000000,0.05536152
167.00000000,2019.00000000,0.05531987
167.00000000,2020.00000000,0.05527496
167.00000000,2021.00000000,0.05524217
167.00000000,2022.00000000,0.05519446
167.00000000,2023.00000000,0.05515070
167.00000000,2024.00000000,0.05509917
167.00000000,2025.00000000,0.05504681
167.00000000,2026.00000000,0.05500046
167.00000000,2027.00000000,0.05495845
167.00000000,2028.00000000,0.05490906
167.00000000,2029.00000000,0.05485569
167.00000000,2030.00000000,0.05481019
167.00000000,2031.00000000,0.05476595
167.00000000,2032.00000000,0.05471947
167.00000000,2033.00000000,0.05466560
167.00000000,2034.00000000,0.05461970
167.00000000,2035.00000000,0.05456756
167.00000000,2036.00000000,0.05451798
167.00000000,2037.00000000,0.05446426
167.00000000,2038.00000000,0.05441645
167.00000000,2039.00000000,0.05438127
167.00000000,2040.00000000,0.05433532
167.00000000,2041.00000000,0.05425360
167.00000000,2042.00000000,0.05421083
167.00000000,2043.00000000,0.05414869
167.00000000,2044.00000000,0.05408545
167.00000000,2045.00000000,0.05401850
167.00000000,2046.00000000,0.05397103
167.00000000,2047.00000000,0.05394217
167.00000000,2048.00000000,0.05388089
167.00000000,2049.00000000,0.05382832
167.00000000,2050.00000000,0.05377965
167.00000000,2051.00000000,0.05370872
167.00000000,2052.00000000,0.05363527
167.00000000,2053.00000000,0.05356437
167.00000000,2054.00000000,0.05350907
167.00000000,2055.00000000,0.05348234
167.00000000,2056.00000000,0.05340298
167.00000000,2057.00000000,0.05337009
167.00000000,2058.00000000,0.05331561
167.00000000,2059.00000000,0.05323801
167.00000000,2060.00000000,0.05315035
167.00000000,2061.00000000,0.05308992
167.00000000,2062.00000000,0.05304564
167.00000000,2063.00000000,0.05298577
167.00000000,2064.00000000,0.05293952
167.00000000,2065.00000000,0.05290057
167.00000000,2066.00000000,0.05288972
167.00000000,2067.00000000,0.05285593
167.00000000,2068.00000000,0.05280875
167.00000000,2069.00000000,0.05275629
167.00000000,2070.00000000,0.05276350
167.00000000,2071.00000000,0.05270181
167.00000000,2072.00000000,0.05269198
167.00000000,2073.00000000,0.05269136
167.00000000,2074.00000000,0.05274408
167.00000000,2075.00000000,0.05262336
167.00000000,2076.00000000,0.05261272
167.00000000,2077.00000000,0.05260182
167.00000000,2078.00000000,0.05256553
167.00000000,2079.00000000,0.05257116
167.00000000,2080.00000000,0.05261064
167.00000000,2081.00000000,0.05240617
167.00000000,2082.00000000,0.05232963
167.00000000,2083.00000000,0.05237150
167.00000000,2084.00000000,0.05240077
167.00000000,2085.00000000,0.05231806
167.00000000,2086.00000000,0.05206489
167.00000000,2087.00000000,0.05221015
167.00000000,2088.00000000,0.05196216
167.00000000,2089.00000000,0.05198038
167.00000000,2090.00000000,0.05212808
167.00000000,2091.00000000,0.05207339
167.00000000,2092.00000000,0.05204956
167.00000000,2093.00000000,0.05202118
167.00000000,2094.00000000,0.05210363
167.00000000,2095.00000000,0.05207085
167.00000000,2096.00000000,0.05215766
167.00000000,2097.00000000,0.05198217
167.00000000,2098.00000000,0.05177606
167.00000000,2099.00000000,0.05160217
167.00000000,2100.00000000,0.05164253
167.00000000,2101.00000000,0.05173646
167.00000000,2102.00000000,0.05179249
167.00000000,2103.00000000,0.05192514
167.00000000,2104.00000000,0.05202296
167.00000000,2105.00000000,0.05190038
167.00000000,2106.00000000,0.05195786
167.00000000,2107.00000000,0.05210385
167.00000000,2108.00000000,0.05214224
167.00000000,2109.00000000,0.05214144
167.00000000,2110.00000000,0.05220465
167.00000000,2111.00000000,0.05218315
167.00000000,2112.00000000,0.05183772
167.00000000,2113.00000000,0.05195067
167.00000000,2114.00000000,0.05218087
167.00000000,2115.00000000,0.05229654
167.00000000,2116.00000000,0.05222213
167.00000000,2117.00000000,0.05254465
167.00000000,2118.00000000,0.05275877
167.00000000,2119.00000000,0.05280849
167.00000000,2120.00000000,0.05288561
167.00000000,2121.00000000,0.05293274
167.00000000,2122.00000000,0.05321405
167.00000000,2123.00000000,0.05343207
167.00000000,2124.00000000,0.05358669
167.00000000,2125.00000000,0.05369446
167.00000000,2126.00000000,0.05391206
167.00000000,2127.00000000,0.05410537
167.00000000,2128.00000000,0.05415259
167.00000000,2129.00000000,0.05433535
167.00000000,2130.00000000,0.05458291
167.00000000,2131.00000000,0.05485005
167.00000000,2132.00000000,0.05508407
167.00000000,2133.00000000,0.05535412
167.00000000,2134.00000000,0.05554435
167.00000000,2135.00000000,0.05584261
167.00000000,2136.00000000,0.05619480
167.00000000,2137.00000000,0.05664432
167.00000000,2138.00000000,0.05691314
167.00000000,2139.00000000,0.05720259
167.00000000,2140.00000000,0.05759516
167.00000000,2141.00000000,0.05764796
167.00000000,2142.00000000,0.05764483
167.00000000,2143.00000000,0.05808840
167.00000000,2144.00000000,0.05834997
167.00000000,2145.00000000,0.05850742
167.00000000,2146.00000000,0.05897449
167.00000000,2147.00000000,0.05893692
167.00000000,2148.00000000,0.05873666
167.00000000,2149.00000000,0.05872170
167.00000000,2150.00000000,0.05874388
167.00000000,2151.00000000,0.05906283
167.00000000,2152.00000000,0.05934521
167.00000000,2153.00000000,0.05964882
167.00000000,2154.00000000,0.05992152
167.00000000,2155.00000000,0.06029983
167.00000000,2156.00000000,0.06055290
167.00000000,2157.00000000,0.06070448
167.00000000,2158.00000000,0.06091339
167.00000000,2159.00000000,0.06081354
167.00000000,2160.00000000,0.06090136
167.00000000,2161.00000000,0.06116073
167.00000000,2162.00000000,0.06144169
167.00000000,2163.00000000,0.06173818
167.00000000,2164.00000000,0.06199459
167.00000000,2165.00000000,0.06204376
167.00000000,2166.00000000,0.06211428
167.00000000,2167.00000000,0.06246700
167.00000000,2168.00000000,0.06281604
167.00000000,2169.00000000,0.06300656
167.00000000,2170.00000000,0.06362967
167.00000000,2171.00000000,0.06433115
167.00000000,2172.00000000,0.06490579
167.00000000,2173.00000000,0.06532000
167.00000000,2174.00000000,0.06573828
167.00000000,2175.00000000,0.06616068
167.00000000,2176.00000000,0.06658675
167.00000000,2177.00000000,0.06701651
167.00000000,2178.00000000,0.06755670
167.00000000,2179.00000000,0.06810087
167.00000000,2180.00000000,0.06864903
167.00000000,2181.00000000,0.06920111
167.00000000,2182.00000000,0.06975706
167.00000000,2183.00000000,0.07031688
167.00000000,2184.00000000,0.07088050
167.00000000,2185.00000000,0.07144787
167.00000000,2186.00000000,0.07201897
167.00000000,2187.00000000,0.07259376
167.00000000,2188.00000000,0.07312439
167.00000000,2189.00000000,0.07365853
167.00000000,2190.00000000,0.07419612
167.00000000,2191.00000000,0.07473722
167.00000000,2192.00000000,0.07528181
167.00000000,2193.00000000,0.07582987
167.00000000,2194.00000000,0.07638146
167.00000000,2195.00000000,0.07693660
167.00000000,2196.00000000,0.07749527
167.00000000,2197.00000000,0.07805759
167.00000000,2198.00000000,0.07872444
167.00000000,2199.00000000,0.07939525
167.00000000,2200.00000000,0.08007004
167.00000000,2201.00000000,0.08074877
167.00000000,2202.00000000,0.08143138
167.00000000,2203.00000000,0.08211793
167.00000000,2204.00000000,0.08280834
167.00000000,2205.00000000,0.08350264
167.00000000,2206.00000000,0.08420082
167.00000000,2207.00000000,0.08490282
167.00000000,2208.00000000,0.08568339
167.00000000,2209.00000000,0.08646805
167.00000000,2210.00000000,0.08725675
167.00000000,2211.00000000,0.08804948
167.00000000,2212.00000000,0.08884621
167.00000000,2213.00000000,0.08964684
167.00000000,2214.00000000,0.09045139
167.00000000,2215.00000000,0.09125975
167.00000000,2216.00000000,0.09207196
167.00000000,2217.00000000,0.09288793
167.00000000,2218.00000000,0.09370330
167.00000000,2219.00000000,0.09452236
167.00000000,2220.00000000,0.09534502
167.00000000,2221.00000000,0.09617121
167.00000000,2222.00000000,0.09700095
167.00000000,2223.00000000,0.09783414
167.00000000,2224.00000000,0.09867070
167.00000000,2225.00000000,0.09951062
167.00000000,2226.00000000,0.10035379
167.00000000,2227.00000000,0.10120009
167.00000000,2228.00000000,0.10188069
167.00000000,2229.00000000,0.10256363
167.00000000,2230.00000000,0.10324893
167.00000000,2231.00000000,0.10393657
167.00000000,2232.00000000,0.10462647
167.00000000,2233.00000000,0.10531868
167.00000000,2234.00000000,0.10601312
167.00000000,2235.00000000,0.10670974
167.00000000,2236.00000000,0.10740857
167.00000000,2237.00000000,0.10810950
167.00000000,2238.00000000,0.10865758
167.00000000,2239.00000000,0.10920710
167.00000000,2240.00000000,0.10975799
167.00000000,2241.00000000,0.11031031
167.00000000,2242.00000000,0.11086402
167.00000000,2243.00000000,0.11141910
167.00000000,2244.00000000,0.11197561
167.00000000,2245.00000000,0.11253349
167.00000000,2246.00000000,0.11309273
167.00000000,2247.00000000,0.11365334
167.00000000,2248.00000000,0.11412731
167.00000000,2249.00000000,0.11460206
167.00000000,2250.00000000,0.11507693
167.00000000,2251.00000000,0.11555036
167.00000000,2252.00000000,0.11602104
167.00000000,2253.00000000,0.11648815
167.00000000,2254.00000000,0.11695127
167.00000000,2255.00000000,0.11741034
167.00000000,2256.00000000,0.11786525
167.00000000,2257.00000000,0.11831593
167.00000000,2258.00000000,0.11867025
167.00000000,2259.00000000,0.11902005
167.00000000,2260.00000000,0.11936537
167.00000000,2261.00000000,0.11970641
167.00000000,2262.00000000,0.12004330
167.00000000,2263.00000000,0.12037617
167.00000000,2264.00000000,0.12070521
167.00000000,2265.00000000,0.12103042
167.00000000,2266.00000000,0.12135198
167.00000000,2267.00000000,0.12166991
167.00000000,2268.00000000,0.12191254
167.00000000,2269.00000000,0.12215149
167.00000000,2270.00000000,0.12238678
167.00000000,2271.00000000,0.12261843
167.00000000,2272.00000000,0.12284661
167.00000000,2273.00000000,0.12307131
167.00000000,2274.00000000,0.12329259
167.00000000,2275.00000000,0.12351055
167.00000000,2276.00000000,0.12372521
167.00000000,2277.00000000,0.12393667
167.00000000,2278.00000000,0.12414498
167.00000000,2279.00000000,0.12435012
167.00000000,2280.00000000,0.12455224
167.00000000,2281.00000000,0.12475136
167.00000000,2282.00000000,0.12494744
167.00000000,2283.00000000,0.12514066
167.00000000,2284.00000000,0.12533097
167.00000000,2285.00000000,0.12551840
167.00000000,2286.00000000,0.12570305
167.00000000,2287.00000000,0.12588494
167.00000000,2288.00000000,0.12606401
167.00000000,2289.00000000,0.12624044
167.00000000,2290.00000000,0.12641411
167.00000000,2291.00000000,0.12658520
167.00000000,2292.00000000,0.12675366
167.00000000,2293.00000000,0.12691943
167.00000000,2294.00000000,0.12708273
167.00000000,2295.00000000,0.12724346
167.00000000,2296.00000000,0.12740159
167.00000000,2297.00000000,0.12755728
167.00000000,2298.00000000,0.12771050
167.00000000,2299.00000000,0.12786116
167.00000000,2300.00000000,0.12800944
167.00000000,2301.00000000,0.12815522
167.00000000,2302.00000000,0.12829863
167.00000000,2303.00000000,0.12843963
167.00000000,2304.00000000,0.12857813
167.00000000,2305.00000000,0.12871429
167.00000000,2306.00000000,0.12884806
167.00000000,2307.00000000,0.12897936
167.00000000,2308.00000000,0.12910833
167.00000000,2309.00000000,0.12923495
167.00000000,2310.00000000,0.12935911
167.00000000,2311.00000000,0.12948096
167.00000000,2312.00000000,0.12960038
167.00000000,2313.00000000,0.12971749
167.00000000,2314.00000000,0.12983221
167.00000000,2315.00000000,0.12994447
167.00000000,2316.00000000,0.13005435
167.00000000,2317.00000000,0.13016171
167.00000000,2318.00000000,0.12976340
167.00000000,2319.00000000,0.12936203
167.00000000,2320.00000000,0.12895759
167.00000000,2321.00000000,0.12855009
167.00000000,2322.00000000,0.12813975
167.00000000,2323.00000000,0.12772654
167.00000000,2324.00000000,0.12731048
167.00000000,2325.00000000,0.12689173
167.00000000,2326.00000000,0.12647027
167.00000000,2327.00000000,0.12604624
167.00000000,2328.00000000,0.12561966
167.00000000,2329.00000000,0.12519052
167.00000000,2330.00000000,0.12475898
167.00000000,2331.00000000,0.12432505
167.00000000,2332.00000000,0.12388874
167.00000000,2333.00000000,0.12345018
167.00000000,2334.00000000,0.12300939
167.00000000,2335.00000000,0.12256635
167.00000000,2336.00000000,0.12212122
167.00000000,2337.00000000,0.12167393
167.00000000,2338.00000000,0.12122465
167.00000000,2339.00000000,0.12077337
167.00000000,2340.00000000,0.12032008
167.00000000,2341.00000000,0.11986492
167.00000000,2342.00000000,0.11940789
167.00000000,2343.00000000,0.11894896
167.00000000,2344.00000000,0.11848830
167.00000000,2345.00000000,0.11802587
167.00000000,2346.00000000,0.11756168
167.00000000,2347.00000000,0.11709587
167.00000000,2348.00000000,0.11662841
167.00000000,2349.00000000,0.11615930
167.00000000,2350.00000000,0.11568867
167.00000000,2351.00000000,0.11521645
167.00000000,2352.00000000,0.11474280
167.00000000,2353.00000000,0.11426768
167.00000000,2354.00000000,0.11379109
167.00000000,2355.00000000,0.11331315
167.00000000,2356.00000000,0.11283386
167.00000000,2357.00000000,0.11235319
167.00000000,2358.00000000,0.11187128
167.00000000,2359.00000000,0.11138810
167.00000000,2360.00000000,0.11090362
167.00000000,2361.00000000,0.11041798
167.00000000,2362.00000000,0.10993112
167.00000000,2363.00000000,0.10944315
167.00000000,2364.00000000,0.10895406
167.00000000,2365.00000000,0.10846384
167.00000000,2366.00000000,0.10797258
167.00000000,2367.00000000,0.10748028
167.00000000,2368.00000000,0.10698691
167.00000000,2369.00000000,0.10649259
167.00000000,2370.00000000,0.10599733
167.00000000,2371.00000000,0.10550105
167.00000000,2372.00000000,0.10500391
167.00000000,2373.00000000,0.10450588
167.00000000,2374.00000000,0.10400692
167.00000000,2375.00000000,0.10350716
167.00000000,2376.00000000,0.10300653
167.00000000,2377.00000000,0.10250516
167.00000000,2378.00000000,0.10200299
167.00000000,2379.00000000,0.10150001
167.00000000,2380.00000000,0.10099637
167.00000000,2381.00000000,0.10049199
167.00000000,2382.00000000,0.09998688
167.00000000,2383.00000000,0.09948113
167.00000000,2384.00000000,0.09897475
167.00000000,2385.00000000,0.09846766
167.00000000,2386.00000000,0.09796002
167.00000000,2387.00000000,0.09745174
167.00000000,2388.00000000,0.09694292
167.00000000,2389.00000000,0.09643357
167.00000000,2390.00000000,0.09592361
167.00000000,2391.00000000,0.09541321
167.00000000,2392.00000000,0.09490230
167.00000000,2393.00000000,0.09439085
167.00000000,2394.00000000,0.09387900
167.00000000,2395.00000000,0.09336669
167.00000000,2396.00000000,0.09285392
167.00000000,2397.00000000,0.09234080
167.00000000,2398.00000000,0.09182721
167.00000000,2399.00000000,0.09131332
167.00000000,2400.00000000,0.09079907
167.00000000,2401.00000000,0.09028442
167.00000000,2402.00000000,0.08976951
167.00000000,2403.00000000,0.08925431
167.00000000,2404.00000000,0.08873876
167.00000000,2405.00000000,0.08822299
167.00000000,2406.00000000,0.08770699
167.00000000,2407.00000000,0.08719069
167.00000000,2408.00000000,0.08667423
167.00000000,2409.00000000,0.08615758
167.00000000,2410.00000000,0.08564068
167.00000000,2411.00000000,0.08512367
167.00000000,2412.00000000,0.08460645
167.00000000,2413.00000000,0.08408918
167.00000000,2414.00000000,0.08357182
167.00000000,2415.00000000,0.08305439
167.00000000,2416.00000000,0.08264599
167.00000000,2417.00000000,0.08255849
167.00000000,2418.00000000,0.08255876
167.00000000,2419.00000000,0.08255924
167.00000000,2420.00000000,0.08255988
167.00000000,2421.00000000,0.08256060
167.00000000,2422.00000000,0.08256151
167.00000000,2423.00000000,0.08257626
167.00000000,2424.00000000,0.08259119
167.00000000,2425.00000000,0.08260626
167.00000000,2426.00000000,0.08262141
167.00000000,2427.00000000,0.08263672
167.00000000,2428.00000000,0.08262498
167.00000000,2429.00000000,0.08261329
167.00000000,2430.00000000,0.08260177
167.00000000,2431.00000000,0.08259034
167.00000000,2432.00000000,0.08257895
167.00000000,2433.00000000,0.08256773
167.00000000,2434.00000000,0.08255659
167.00000000,2435.00000000,0.08254549
167.00000000,2436.00000000,0.08253453
167.00000000,2437.00000000,0.08252362
167.00000000,2438.00000000,0.08251283
167.00000000,2439.00000000,0.08250213
167.00000000,2440.00000000,0.08249145
167.00000000,2441.00000000,0.08248092
167.00000000,2442.00000000,0.08247046
167.00000000,2443.00000000,0.08245883
167.00000000,2444.00000000,0.08244734
167.00000000,2445.00000000,0.08243593
167.00000000,2446.00000000,0.08242451
167.00000000,2447.00000000,0.08241322
167.00000000,2448.00000000,0.08240194
167.00000000,2449.00000000,0.08239079
167.00000000,2450.00000000,0.08237970
167.00000000,2451.00000000,0.08236860
167.00000000,2452.00000000,0.08235763
167.00000000,2453.00000000,0.08234671
167.00000000,2454.00000000,0.08233578
167.00000000,2455.00000000,0.08232496
167.00000000,2456.00000000,0.08231420
167.00000000,2457.00000000,0.08230341
167.00000000,2458.00000000,0.08229274
167.00000000,2459.00000000,0.08228206
167.00000000,2460.00000000,0.08227147
167.00000000,2461.00000000,0.08226093
167.00000000,2462.00000000,0.08225038
167.00000000,2463.00000000,0.08223992
167.00000000,2464.00000000,0.08222951
167.00000000,2465.00000000,0.08221907
167.00000000,2466.00000000,0.08220873
167.00000000,2467.00000000,0.08219843
167.00000000,2468.00000000,0.08219072
167.00000000,2469.00000000,0.08218312
167.00000000,2470.00000000,0.08217554
167.00000000,2471.00000000,0.08216793
167.00000000,2472.00000000,0.08216043
167.00000000,2473.00000000,0.08215289
167.00000000,2474.00000000,0.08214544
167.00000000,2475.00000000,0.08213803
167.00000000,2476.00000000,0.08213058
167.00000000,2477.00000000,0.08212323
167.00000000,2478.00000000,0.08211592
167.00000000,2479.00000000,0.08210855
167.00000000,2480.00000000,0.08210128
167.00000000,2481.00000000,0.08209405
167.00000000,2482.00000000,0.08208676
167.00000000,2483.00000000,0.08207958
167.00000000,2484.00000000,0.08207234
167.00000000,2485.00000000,0.08206520
167.00000000,2486.00000000,0.08205808
167.00000000,2487.00000000,0.08205091
167.00000000,2488.00000000,0.08204383
167.00000000,2489.00000000,0.08203678
167.00000000,2490.00000000,0.08202967
167.00000000,2491.00000000,0.08202265
167.00000000,2492.00000000,0.08201566
167.00000000,2493.00000000,0.08200860
167.00000000,2494.00000000,0.08200164
167.00000000,2495.00000000,0.08199470
167.00000000,2496.00000000,0.08198769
167.00000000,2497.00000000,0.08198078
167.00000000,2498.00000000,0.08197381
167.00000000,2499.00000000,0.08196693
167.00000000,2500.00000000,0.08196006
168.00000000,1765.00000000,0.05589617
168.00000000,1766.00000000,0.05589616
168.00000000,1767.00000000,0.05589620
168.00000000,1768.00000000,0.05589644
168.00000000,1769.00000000,0.05589659
168.00000000,1770.00000000,0.05589681
168.00000000,1771.00000000,0.05589722
168.00000000,1772.00000000,0.05589780
168.00000000,1773.00000000,0.05589831
168.00000000,1774.00000000,0.05589914
168.00000000,1775.00000000,0.05589985
168.00000000,1776.00000000,0.05590079
168.00000000,1777.00000000,0.05590192
168.00000000,1778.00000000,0.05590310
168.00000000,1779.00000000,0.05590429
168.00000000,1780.00000000,0.05590560
168.00000000,1781.00000000,0.05590706
168.00000000,1782.00000000,0.05590863
168.00000000,1783.00000000,0.05591026
168.00000000,1784.00000000,0.05591195
168.00000000,1785.00000000,0.05591370
168.00000000,1786.00000000,0.05591559
168.00000000,1787.00000000,0.05591747
168.00000000,1788.00000000,0.05591959
168.00000000,1789.00000000,0.05592146
168.00000000,1790.00000000,0.05592358
168.00000000,1791.00000000,0.05592580
168.00000000,1792.00000000,0.05592808
168.00000000,1793.00000000,0.05593034
168.00000000,1794.00000000,0.05593261
168.00000000,1795.00000000,0.05593506
168.00000000,1796.00000000,0.05593746
168.00000000,1797.00000000,0.05593994
168.00000000,1798.00000000,0.05594240
168.00000000,1799.00000000,0.05594500
168.00000000,1800.00000000,0.05594750
168.00000000,1801.00000000,0.05595014
168.00000000,1802.00000000,0.05595282
168.00000000,1803.00000000,0.05595539
168.00000000,1804.00000000,0.05595815
168.00000000,1805.00000000,0.05596093
168.00000000,1806.00000000,0.05596357
168.00000000,1807.00000000,0.05596639
168.00000000,1808.00000000,0.05596917
168.00000000,1809.00000000,0.05597188
168.00000000,1810.00000000,0.05597476
168.00000000,1811.00000000,0.05597770
168.00000000,1812.00000000,0.05598040
168.00000000,1813.00000000,0.05598325
168.00000000,1814.00000000,0.05598613
168.00000000,1815.00000000,0.05598901
168.00000000,1816.00000000,0.05599190
168.00000000,1817.00000000,0.05599487
168.00000000,1818.00000000,0.05599772
168.00000000,1819.00000000,0.05600071
168.00000000,1820.00000000,0.05600346
168.00000000,1821.00000000,0.05600631
168.00000000,1822.00000000,0.05600922
168.00000000,1823.00000000,0.05601226
168.00000000,1824.00000000,0.05601509
168.00000000,1825.00000000,0.05601802
168.00000000,1826.00000000,0.05602092
168.00000000,1827.00000000,0.05602380
168.00000000,1828.00000000,0.05602671
168.00000000,1829.00000000,0.05602967
168.00000000,1830.00000000,0.05603241
168.00000000,1831.00000000,0.05603532
168.00000000,1832.00000000,0.05603816
168.00000000,1833.00000000,0.05604096
168.00000000,1834.00000000,0.05604375
168.00000000,1835.00000000,0.05604657
168.00000000,1836.00000000,0.05604942
168.00000000,1837.00000000,0.05605217
168.00000000,1838.00000000,0.05605490
168.00000000,1839.00000000,0.05605755
168.00000000,1840.00000000,0.05606030
168.00000000,1841.00000000,0.05606297
168.00000000,1842.00000000,0.05606569
168.00000000,1843.00000000,0.05606834
168.00000000,1844.00000000,0.05607101
168.00000000,1845.00000000,0.05607356
168.00000000,1846.00000000,0.05607613
168.00000000,1847.00000000,0.05607875
168.00000000,1848.00000000,0.05608125
168.00000000,1849.00000000,0.05608372
168.00000000,1850.00000000,0.05608617
168.00000000,1851.00000000,0.05608865
168.00000000,1852.00000000,0.05609098
168.00000000,1853.00000000,0.05609360
168.00000000,1854.00000000,0.05609632
168.00000000,1855.00000000,0.05609907
168.00000000,1856.00000000,0.05610168
168.00000000,1857.00000000,0.05610419
168.00000000,1858.00000000,0.05610668
168.00000000,1859.00000000,0.05610909
168.00000000,1860.00000000,0.05611146
168.00000000,1861.00000000,0.05611374
168.00000000,1862.00000000,0.05611592
168.00000000,1863.00000000,0.05611761
168.00000000,1864.00000000,0.05611889
168.00000000,1865.00000000,0.05611986
168.00000000,1866.00000000,0.05612057
168.00000000,1867.00000000,0.05612102
168.00000000,1868.00000000,0.05612126
168.00000000,1869.00000000,0.05612139
168.00000000,1870.00000000,0.05612125
168.00000000,1871.00000000,0.05612094
168.00000000,1872.00000000,0.05612088
168.00000000,1873.00000000,0.05612114
168.00000000,1874.00000000,0.05612188
168.00000000,1875.00000000,0.05612288
168.00000000,1876.00000000,0.05612407
168.00000000,1877.00000000,0.05612526
168.00000000,1878.00000000,0.05612673
168.00000000,1879.00000000,0.05612822
168.00000000,1880.00000000,0.05612977
168.00000000,1881.00000000,0.05613136
168.00000000,1882.00000000,0.05613287
168.00000000,1883.00000000,0.05613406
168.00000000,1884.00000000,0.05613496
168.00000000,1885.00000000,0.05613569
168.00000000,1886.00000000,0.05613620
168.00000000,1887.00000000,0.05613664
168.00000000,1888.00000000,0.05613696
168.00000000,1889.00000000,0.05613705
168.00000000,1890.00000000,0.05613691
168.00000000,1891.00000000,0.05613648
168.00000000,1892.00000000,0.05613584
168.00000000,1893.00000000,0.05613507
168.00000000,1894.00000000,0.05613431
168.00000000,1895.00000000,0.05613360
168.00000000,1896.00000000,0.05613293
168.00000000,1897.00000000,0.05613217
168.00000000,1898.00000000,0.05613136
168.00000000,1899.00000000,0.05613038
168.00000000,1900.00000000,0.05612916
168.00000000,1901.00000000,0.05612777
168.00000000,1902.00000000,0.05612643
168.00000000,1903.00000000,0.05612516
168.00000000,1904.00000000,0.05612402
168.00000000,1905.00000000,0.05612294
168.00000000,1906.00000000,0.05612209
168.00000000,1907.00000000,0.05612135
168.00000000,1908.00000000,0.05612050
168.00000000,1909.00000000,0.05611964
168.00000000,1910.00000000,0.05611876
168.00000000,1911.00000000,0.05611781
168.00000000,1912.00000000,0.05611638
168.00000000,1913.00000000,0.05611426
168.00000000,1914.00000000,0.05611146
168.00000000,1915.00000000,0.05610831
168.00000000,1916.00000000,0.05610513
168.00000000,1917.00000000,0.05610192
168.00000000,1918.00000000,0.05609857
168.00000000,1919.00000000,0.05609527
168.00000000,1920.00000000,0.05609239
168.00000000,1921.00000000,0.05608998
168.00000000,1922.00000000,0.05608826
168.00000000,1923.00000000,0.05608703
168.00000000,1924.00000000,0.05608593
168.00000000,1925.00000000,0.05608474
168.00000000,1926.00000000,0.05608350
168.00000000,1927.00000000,0.05608229
168.00000000,1928.00000000,0.05608118
168.00000000,1929.00000000,0.05608007
168.00000000,1930.00000000,0.05607914
168.00000000,1931.00000000,0.05607900
168.00000000,1932.00000000,0.05607988
168.00000000,1933.00000000,0.05608133
168.00000000,1934.00000000,0.05608839
168.00000000,1935.00000000,0.05609035
168.00000000,1936.00000000,0.05609188
168.00000000,1937.00000000,0.05609284
168.00000000,1938.00000000,0.05609295
168.00000000,1939.00000000,0.05609412
168.00000000,1940.00000000,0.05609315
168.00000000,1941.00000000,0.05609150
168.00000000,1942.00000000,0.05608909
168.00000000,1943.00000000,0.05608626
168.00000000,1944.00000000,0.05608307
168.00000000,1945.00000000,0.05607988
168.00000000,1946.00000000,0.05607744
168.00000000,1947.00000000,0.05607622
168.00000000,1948.00000000,0.05607567
168.00000000,1949.00000000,0.05607695
168.00000000,1950.00000000,0.05607641
168.00000000,1951.00000000,0.05607581
168.00000000,1952.00000000,0.05607579
168.00000000,1953.00000000,0.05607592
168.00000000,1954.00000000,0.05607606
168.00000000,1955.00000000,0.05607645
168.00000000,1956.00000000,0.05607688
168.00000000,1957.00000000,0.05607715
168.00000000,1958.00000000,0.05607702
168.00000000,1959.00000000,0.05607828
168.00000000,1960.00000000,0.05607644
168.00000000,1961.00000000,0.05607332
168.00000000,1962.00000000,0.05606956
168.00000000,1963.00000000,0.05606520
168.00000000,1964.00000000,0.05605997
168.00000000,1965.00000000,0.05605553
168.00000000,1966.00000000,0.05604829
168.00000000,1967.00000000,0.05604015
168.00000000,1968.00000000,0.05603256
168.00000000,1969.00000000,0.05602170
168.00000000,1970.00000000,0.05601245
168.00000000,1971.00000000,0.05599562
168.00000000,1972.00000000,0.05597743
168.00000000,1973.00000000,0.05595657
168.00000000,1974.00000000,0.05593531
168.00000000,1975.00000000,0.05591104
168.00000000,1976.00000000,0.05588635
168.00000000,1977.00000000,0.05586181
168.00000000,1978.00000000,0.05583702
168.00000000,1979.00000000,0.05581377
168.00000000,1980.00000000,0.05578826
168.00000000,1981.00000000,0.05576252
168.00000000,1982.00000000,0.05573827
168.00000000,1983.00000000,0.05571872
168.00000000,1984.00000000,0.05570220
168.00000000,1985.00000000,0.05568791
168.00000000,1986.00000000,0.05567321
168.00000000,1987.00000000,0.05565911
168.00000000,1988.00000000,0.05564507
168.00000000,1989.00000000,0.05563084
168.00000000,1990.00000000,0.05561790
168.00000000,1991.00000000,0.05560473
168.00000000,1992.00000000,0.05559012
168.00000000,1993.00000000,0.05557767
168.00000000,1994.00000000,0.05556426
168.00000000,1995.00000000,0.05555317
168.00000000,1996.00000000,0.05554040
168.00000000,1997.00000000,0.05552728
168.00000000,1998.00000000,0.05552386
168.00000000,1999.00000000,0.05550834
168.00000000,2000.00000000,0.05549459
168.00000000,2001.00000000,0.05548236
168.00000000,2002.00000000,0.05546803
168.00000000,2003.00000000,0.05545539
168.00000000,2004.00000000,0.05544703
168.00000000,2005.00000000,0.05542989
168.00000000,2006.00000000,0.05541156
168.00000000,2007.00000000,0.05539037
168.00000000,2008.00000000,0.05536824
168.00000000,2009.00000000,0.05534211
168.00000000,2010.00000000,0.05531560
168.00000000,2011.00000000,0.05528544
168.00000000,2012.00000000,0.05525510
168.00000000,2013.00000000,0.05522622
168.00000000,2014.00000000,0.05518854
168.00000000,2015.00000000,0.05515405
168.00000000,2016.00000000,0.05511429
168.00000000,2017.00000000,0.05507610
168.00000000,2018.00000000,0.05503788
168.00000000,2019.00000000,0.05499125
168.00000000,2020.00000000,0.05494822
168.00000000,2021.00000000,0.05490208
168.00000000,2022.00000000,0.05486811
168.00000000,2023.00000000,0.05481952
168.00000000,2024.00000000,0.05477499
168.00000000,2025.00000000,0.05472287
168.00000000,2026.00000000,0.05467002
168.00000000,2027.00000000,0.05462321
168.00000000,2028.00000000,0.05458077
168.00000000,2029.00000000,0.05453105
168.00000000,2030.00000000,0.05447743
168.00000000,2031.00000000,0.05443162
168.00000000,2032.00000000,0.05438695
168.00000000,2033.00000000,0.05433989
168.00000000,2034.00000000,0.05428538
168.00000000,2035.00000000,0.05423872
168.00000000,2036.00000000,0.05418584
168.00000000,2037.00000000,0.05413550
168.00000000,2038.00000000,0.05408108
168.00000000,2039.00000000,0.05403256
168.00000000,2040.00000000,0.05399661
168.00000000,2041.00000000,0.05394996
168.00000000,2042.00000000,0.05386770
168.00000000,2043.00000000,0.05382398
168.00000000,2044.00000000,0.05376095
168.00000000,2045.00000000,0.05369680
168.00000000,2046.00000000,0.05362897
168.00000000,2047.00000000,0.05358049
168.00000000,2048.00000000,0.05355056
168.00000000,2049.00000000,0.05348847
168.00000000,2050.00000000,0.05343508
168.00000000,2051.00000000,0.05338562
168.00000000,2052.00000000,0.05331411
168.00000000,2053.00000000,0.05324019
168.00000000,2054.00000000,0.05316882
168.00000000,2055.00000000,0.05311301
168.00000000,2056.00000000,0.05308559
168.00000000,2057.00000000,0.05300599
168.00000000,2058.00000000,0.05297254
168.00000000,2059.00000000,0.05291771
168.00000000,2060.00000000,0.05283996
168.00000000,2061.00000000,0.05275236
168.00000000,2062.00000000,0.05269210
168.00000000,2063.00000000,0.05264830
168.00000000,2064.00000000,0.05258926
168.00000000,2065.00000000,0.05254390
168.00000000,2066.00000000,0.05250586
168.00000000,2067.00000000,0.05249573
168.00000000,2068.00000000,0.05246283
168.00000000,2069.00000000,0.05241665
168.00000000,2070.00000000,0.05236518
168.00000000,2071.00000000,0.05237299
168.00000000,2072.00000000,0.05231264
168.00000000,2073.00000000,0.05230404
168.00000000,2074.00000000,0.05230476
168.00000000,2075.00000000,0.05235849
168.00000000,2076.00000000,0.05224005
168.00000000,2077.00000000,0.05223086
168.00000000,2078.00000000,0.05222135
168.00000000,2079.00000000,0.05218657
168.00000000,2080.00000000,0.05219335
168.00000000,2081.00000000,0.05223372
168.00000000,2082.00000000,0.05203196
168.00000000,2083.00000000,0.05195731
168.00000000,2084.00000000,0.05200027
168.00000000,2085.00000000,0.05203069
168.00000000,2086.00000000,0.05194991
168.00000000,2087.00000000,0.05169981
168.00000000,2088.00000000,0.05184529
168.00000000,2089.00000000,0.05160019
168.00000000,2090.00000000,0.05161938
168.00000000,2091.00000000,0.05176715
168.00000000,2092.00000000,0.05171402
168.00000000,2093.00000000,0.05169165
168.00000000,2094.00000000,0.05166482
168.00000000,2095.00000000,0.05174806
168.00000000,2096.00000000,0.05171684
168.00000000,2097.00000000,0.05180434
168.00000000,2098.00000000,0.05163127
168.00000000,2099.00000000,0.05142772
168.00000000,2100.00000000,0.05125611
168.00000000,2101.00000000,0.05129730
168.00000000,2102.00000000,0.05139183
168.00000000,2103.00000000,0.05144881
168.00000000,2104.00000000,0.05158193
168.00000000,2105.00000000,0.05168047
168.00000000,2106.00000000,0.05156003
168.00000000,2107.00000000,0.05161842
168.00000000,2108.00000000,0.05176469
168.00000000,2109.00000000,0.05180403
168.00000000,2110.00000000,0.05180438
168.00000000,2111.00000000,0.05186827
168.00000000,2112.00000000,0.05184798
168.00000000,2113.00000000,0.05150576
168.00000000,2114.00000000,0.05161894
168.00000000,2115.00000000,0.05184859
168.00000000,2116.00000000,0.05196442
168.00000000,2117.00000000,0.05189133
168.00000000,2118.00000000,0.05221262
168.00000000,2119.00000000,0.05242619
168.00000000,2120.00000000,0.05247637
168.00000000,2121.00000000,0.05255373
168.00000000,2122.00000000,0.05260129
168.00000000,2123.00000000,0.05288154
168.00000000,2124.00000000,0.05309888
168.00000000,2125.00000000,0.05325320
168.00000000,2126.00000000,0.05336093
168.00000000,2127.00000000,0.05357783
168.00000000,2128.00000000,0.05377058
168.00000000,2129.00000000,0.05381813
168.00000000,2130.00000000,0.05400038
168.00000000,2131.00000000,0.05424700
168.00000000,2132.00000000,0.05451309
168.00000000,2133.00000000,0.05474625
168.00000000,2134.00000000,0.05501522
168.00000000,2135.00000000,0.05520484
168.00000000,2136.00000000,0.05550183
168.00000000,2137.00000000,0.05585241
168.00000000,2138.00000000,0.05629973
168.00000000,2139.00000000,0.05656746
168.00000000,2140.00000000,0.05685567
168.00000000,2141.00000000,0.05724638
168.00000000,2142.00000000,0.05729938
168.00000000,2143.00000000,0.05729678
168.00000000,2144.00000000,0.05773817
168.00000000,2145.00000000,0.05799867
168.00000000,2146.00000000,0.05815566
168.00000000,2147.00000000,0.05862042
168.00000000,2148.00000000,0.05858356
168.00000000,2149.00000000,0.05838497
168.00000000,2150.00000000,0.05837058
168.00000000,2151.00000000,0.05839341
168.00000000,2152.00000000,0.05871213
168.00000000,2153.00000000,0.05899536
168.00000000,2154.00000000,0.05930012
168.00000000,2155.00000000,0.05957436
168.00000000,2156.00000000,0.05995367
168.00000000,2157.00000000,0.06020845
168.00000000,2158.00000000,0.06036227
168.00000000,2159.00000000,0.06057301
168.00000000,2160.00000000,0.06047665
168.00000000,2161.00000000,0.06056680
168.00000000,2162.00000000,0.06082749
168.00000000,2163.00000000,0.06110958
168.00000000,2164.00000000,0.06140705
168.00000000,2165.00000000,0.06166459
168.00000000,2166.00000000,0.06171594
168.00000000,2167.00000000,0.06178844
168.00000000,2168.00000000,0.06214160
168.00000000,2169.00000000,0.06249106
168.00000000,2170.00000000,0.06268277
168.00000000,2171.00000000,0.06330481
168.00000000,2172.00000000,0.06400482
168.00000000,2173.00000000,0.06457859
168.00000000,2174.00000000,0.06499273
168.00000000,2175.00000000,0.06541090
168.00000000,2176.00000000,0.06583313
168.00000000,2177.00000000,0.06625898
168.00000000,2178.00000000,0.06668850
168.00000000,2179.00000000,0.06722788
168.00000000,2180.00000000,0.06777121
168.00000000,2181.00000000,0.06831850
168.00000000,2182.00000000,0.06886968
168.00000000,2183.00000000,0.06942470
168.00000000,2184.00000000,0.06998357
168.00000000,2185.00000000,0.07054621
168.00000000,2186.00000000,0.07111257
168.00000000,2187.00000000,0.07168265
168.00000000,2188.00000000,0.07225640
168.00000000,2189.00000000,0.07278618
168.00000000,2190.00000000,0.07331945
168.00000000,2191.00000000,0.07385615
168.00000000,2192.00000000,0.07439635
168.00000000,2193.00000000,0.07494001
168.00000000,2194.00000000,0.07548712
168.00000000,2195.00000000,0.07603777
168.00000000,2196.00000000,0.07659192
168.00000000,2197.00000000,0.07714962
168.00000000,2198.00000000,0.07771094
168.00000000,2199.00000000,0.07837633
168.00000000,2200.00000000,0.07904566
168.00000000,2201.00000000,0.07971896
168.00000000,2202.00000000,0.08039620
168.00000000,2203.00000000,0.08107732
168.00000000,2204.00000000,0.08176236
168.00000000,2205.00000000,0.08245125
168.00000000,2206.00000000,0.08314403
168.00000000,2207.00000000,0.08384067
168.00000000,2208.00000000,0.08454114
168.00000000,2209.00000000,0.08531984
168.00000000,2210.00000000,0.08610264
168.00000000,2211.00000000,0.08688946
168.00000000,2212.00000000,0.08768034
168.00000000,2213.00000000,0.08847519
168.00000000,2214.00000000,0.08927395
168.00000000,2215.00000000,0.09007662
168.00000000,2216.00000000,0.09088311
168.00000000,2217.00000000,0.09169344
168.00000000,2218.00000000,0.09250754
168.00000000,2219.00000000,0.09332106
168.00000000,2220.00000000,0.09413825
168.00000000,2221.00000000,0.09495907
168.00000000,2222.00000000,0.09578340
168.00000000,2223.00000000,0.09661130
168.00000000,2224.00000000,0.09744265
168.00000000,2225.00000000,0.09827736
168.00000000,2226.00000000,0.09911544
168.00000000,2227.00000000,0.09995678
168.00000000,2228.00000000,0.10080127
168.00000000,2229.00000000,0.10148071
168.00000000,2230.00000000,0.10216249
168.00000000,2231.00000000,0.10284665
168.00000000,2232.00000000,0.10353314
168.00000000,2233.00000000,0.10422190
168.00000000,2234.00000000,0.10491296
168.00000000,2235.00000000,0.10560628
168.00000000,2236.00000000,0.10630179
168.00000000,2237.00000000,0.10699950
168.00000000,2238.00000000,0.10769932
168.00000000,2239.00000000,0.10824689
168.00000000,2240.00000000,0.10879591
168.00000000,2241.00000000,0.10934629
168.00000000,2242.00000000,0.10989810
168.00000000,2243.00000000,0.11045132
168.00000000,2244.00000000,0.11100592
168.00000000,2245.00000000,0.11156193
168.00000000,2246.00000000,0.11211935
168.00000000,2247.00000000,0.11267812
168.00000000,2248.00000000,0.11323827
168.00000000,2249.00000000,0.11371197
168.00000000,2250.00000000,0.11418572
168.00000000,2251.00000000,0.11465812
168.00000000,2252.00000000,0.11512772
168.00000000,2253.00000000,0.11559382
168.00000000,2254.00000000,0.11605601
168.00000000,2255.00000000,0.11651413
168.00000000,2256.00000000,0.11696817
168.00000000,2257.00000000,0.11741807
168.00000000,2258.00000000,0.11786378
168.00000000,2259.00000000,0.11821355
168.00000000,2260.00000000,0.11855890
168.00000000,2261.00000000,0.11889992
168.00000000,2262.00000000,0.11923685
168.00000000,2263.00000000,0.11956981
168.00000000,2264.00000000,0.11989889
168.00000000,2265.00000000,0.12022425
168.00000000,2266.00000000,0.12054590
168.00000000,2267.00000000,0.12086398
168.00000000,2268.00000000,0.12117851
168.00000000,2269.00000000,0.12141813
168.00000000,2270.00000000,0.12165414
168.00000000,2271.00000000,0.12188658
168.00000000,2272.00000000,0.12211545
168.00000000,2273.00000000,0.12234093
168.00000000,2274.00000000,0.12256301
168.00000000,2275.00000000,0.12278172
168.00000000,2276.00000000,0.12299722
168.00000000,2277.00000000,0.12320944
168.00000000,2278.00000000,0.12341857
168.00000000,2279.00000000,0.12362459
168.00000000,2280.00000000,0.12382752
168.00000000,2281.00000000,0.12402748
168.00000000,2282.00000000,0.12422450
168.00000000,2283.00000000,0.12441853
168.00000000,2284.00000000,0.12460975
168.00000000,2285.00000000,0.12479813
168.00000000,2286.00000000,0.12498367
168.00000000,2287.00000000,0.12516648
168.00000000,2288.00000000,0.12534657
168.00000000,2289.00000000,0.12552390
168.00000000,2290.00000000,0.12569863
168.00000000,2291.00000000,0.12587063
168.00000000,2292.00000000,0.12604011
168.00000000,2293.00000000,0.12620698
168.00000000,2294.00000000,0.12637124
168.00000000,2295.00000000,0.12653302
168.00000000,2296.00000000,0.12669231
168.00000000,2297.00000000,0.12684902
168.00000000,2298.00000000,0.12700333
168.00000000,2299.00000000,0.12715521
168.00000000,2300.00000000,0.12730454
168.00000000,2301.00000000,0.12745156
168.00000000,2302.00000000,0.12759605
168.00000000,2303.00000000,0.12773825
168.00000000,2304.00000000,0.12787804
168.00000000,2305.00000000,0.12801534
168.00000000,2306.00000000,0.12815037
168.00000000,2307.00000000,0.12828301
168.00000000,2308.00000000,0.12841320
168.00000000,2309.00000000,0.12854113
168.00000000,2310.00000000,0.12866670
168.00000000,2311.00000000,0.12878984
168.00000000,2312.00000000,0.12891072
168.00000000,2313.00000000,0.12902918
168.00000000,2314.00000000,0.12914535
168.00000000,2315.00000000,0.12925917
168.00000000,2316.00000000,0.12937055
168.00000000,2317.00000000,0.12947957
168.00000000,2318.00000000,0.12958610
168.00000000,2319.00000000,0.12918920
168.00000000,2320.00000000,0.12878927
168.00000000,2321.00000000,0.12838630
168.00000000,2322.00000000,0.12798029
168.00000000,2323.00000000,0.12757147
168.00000000,2324.00000000,0.12715981
168.00000000,2325.00000000,0.12674532
168.00000000,2326.00000000,0.12632816
168.00000000,2327.00000000,0.12590832
168.00000000,2328.00000000,0.12548593
168.00000000,2329.00000000,0.12506101
168.00000000,2330.00000000,0.12463355
168.00000000,2331.00000000,0.12420370
168.00000000,2332.00000000,0.12377150
168.00000000,2333.00000000,0.12333692
168.00000000,2334.00000000,0.12290013
168.00000000,2335.00000000,0.12246111
168.00000000,2336.00000000,0.12201987
168.00000000,2337.00000000,0.12157655
168.00000000,2338.00000000,0.12113110
168.00000000,2339.00000000,0.12068365
168.00000000,2340.00000000,0.12023423
168.00000000,2341.00000000,0.11978280
168.00000000,2342.00000000,0.11932953
168.00000000,2343.00000000,0.11887440
168.00000000,2344.00000000,0.11841739
168.00000000,2345.00000000,0.11795865
168.00000000,2346.00000000,0.11749816
168.00000000,2347.00000000,0.11703593
168.00000000,2348.00000000,0.11657208
168.00000000,2349.00000000,0.11610659
168.00000000,2350.00000000,0.11563947
168.00000000,2351.00000000,0.11517084
168.00000000,2352.00000000,0.11470064
168.00000000,2353.00000000,0.11422901
168.00000000,2354.00000000,0.11375593
168.00000000,2355.00000000,0.11328138
168.00000000,2356.00000000,0.11280550
168.00000000,2357.00000000,0.11232829
168.00000000,2358.00000000,0.11184969
168.00000000,2359.00000000,0.11136985
168.00000000,2360.00000000,0.11088875
168.00000000,2361.00000000,0.11040637
168.00000000,2362.00000000,0.10992285
168.00000000,2363.00000000,0.10943810
168.00000000,2364.00000000,0.10895225
168.00000000,2365.00000000,0.10846530
168.00000000,2366.00000000,0.10797720
168.00000000,2367.00000000,0.10748808
168.00000000,2368.00000000,0.10699792
168.00000000,2369.00000000,0.10650672
168.00000000,2370.00000000,0.10601456
168.00000000,2371.00000000,0.10552145
168.00000000,2372.00000000,0.10502734
168.00000000,2373.00000000,0.10453239
168.00000000,2374.00000000,0.10403653
168.00000000,2375.00000000,0.10353976
168.00000000,2376.00000000,0.10304220
168.00000000,2377.00000000,0.10254377
168.00000000,2378.00000000,0.10204458
168.00000000,2379.00000000,0.10154463
168.00000000,2380.00000000,0.10104387
168.00000000,2381.00000000,0.10054242
168.00000000,2382.00000000,0.10004028
168.00000000,2383.00000000,0.09953737
168.00000000,2384.00000000,0.09903387
168.00000000,2385.00000000,0.09852970
168.00000000,2386.00000000,0.09802486
168.00000000,2387.00000000,0.09751945
168.00000000,2388.00000000,0.09701340
168.00000000,2389.00000000,0.09650684
168.00000000,2390.00000000,0.09599974
168.00000000,2391.00000000,0.09549203
168.00000000,2392.00000000,0.09498388
168.00000000,2393.00000000,0.09447521
168.00000000,2394.00000000,0.09396603
168.00000000,2395.00000000,0.09345643
168.00000000,2396.00000000,0.09294640
168.00000000,2397.00000000,0.09243589
168.00000000,2398.00000000,0.09192502
168.00000000,2399.00000000,0.09141372
168.00000000,2400.00000000,0.09090210
168.00000000,2401.00000000,0.09039012
168.00000000,2402.00000000,0.08987776
168.00000000,2403.00000000,0.08936513
168.00000000,2404.00000000,0.08885221
168.00000000,2405.00000000,0.08833894
168.00000000,2406.00000000,0.08782547
168.00000000,2407.00000000,0.08731176
168.00000000,2408.00000000,0.08679775
168.00000000,2409.00000000,0.08628359
168.00000000,2410.00000000,0.08576922
168.00000000,2411.00000000,0.08525461
168.00000000,2412.00000000,0.08473989
168.00000000,2413.00000000,0.08422498
168.00000000,2414.00000000,0.08371000
168.00000000,2415.00000000,0.08319494
168.00000000,2416.00000000,0.08267980
168.00000000,2417.00000000,0.08227321
168.00000000,2418.00000000,0.08218607
168.00000000,2419.00000000,0.08218631
168.00000000,2420.00000000,0.08218677
168.00000000,2421.00000000,0.08218736
168.00000000,2422.00000000,0.08218804
168.00000000,2423.00000000,0.08218891
168.00000000,2424.00000000,0.08220355
168.00000000,2425.00000000,0.08221838
168.00000000,2426.00000000,0.08223335
168.00000000,2427.00000000,0.08224839
168.00000000,2428.00000000,0.08226360
168.00000000,2429.00000000,0.08225188
168.00000000,2430.00000000,0.08224021
168.00000000,2431.00000000,0.08222869
168.00000000,2432.00000000,0.08221728
168.00000000,2433.00000000,0.08220592
168.00000000,2434.00000000,0.08219470
168.00000000,2435.00000000,0.08218358
168.00000000,2436.00000000,0.08217248
168.00000000,2437.00000000,0.08216155
168.00000000,2438.00000000,0.08215063
168.00000000,2439.00000000,0.08213986
168.00000000,2440.00000000,0.08212917
168.00000000,2441.00000000,0.08211850
168.00000000,2442.00000000,0.08210797
168.00000000,2443.00000000,0.08209752
168.00000000,2444.00000000,0.08208591
168.00000000,2445.00000000,0.08207443
168.00000000,2446.00000000,0.08206302
168.00000000,2447.00000000,0.08205162
168.00000000,2448.00000000,0.08204035
168.00000000,2449.00000000,0.08202908
168.00000000,2450.00000000,0.08201794
168.00000000,2451.00000000,0.08200686
168.00000000,2452.00000000,0.08199577
168.00000000,2453.00000000,0.08198480
168.00000000,2454.00000000,0.08197388
168.00000000,2455.00000000,0.08196296
168.00000000,2456.00000000,0.08195215
168.00000000,2457.00000000,0.08194139
168.00000000,2458.00000000,0.08193060
168.00000000,2459.00000000,0.08191993
168.00000000,2460.00000000,0.08190925
168.00000000,2461.00000000,0.08189867
168.00000000,2462.00000000,0.08188814
168.00000000,2463.00000000,0.08187757
168.00000000,2464.00000000,0.08186713
168.00000000,2465.00000000,0.08185672
168.00000000,2466.00000000,0.08184628
168.00000000,2467.00000000,0.08183595
168.00000000,2468.00000000,0.08182565
168.00000000,2469.00000000,0.08181792
168.00000000,2470.00000000,0.08181031
168.00000000,2471.00000000,0.08180272
168.00000000,2472.00000000,0.08179510
168.00000000,2473.00000000,0.08178759
168.00000000,2474.00000000,0.08178003
168.00000000,2475.00000000,0.08177258
168.00000000,2476.00000000,0.08176515
168.00000000,2477.00000000,0.08175770
168.00000000,2478.00000000,0.08175033
168.00000000,2479.00000000,0.08174300
168.00000000,2480.00000000,0.08173563
168.00000000,2481.00000000,0.08172835
168.00000000,2482.00000000,0.08172110
168.00000000,2483.00000000,0.08171379
168.00000000,2484.00000000,0.08170659
168.00000000,2485.00000000,0.08169934
168.00000000,2486.00000000,0.08169219
168.00000000,2487.00000000,0.08168506
168.00000000,2488.00000000,0.08167788
168.00000000,2489.00000000,0.08167079
168.00000000,2490.00000000,0.08166372
168.00000000,2491.00000000,0.08165659
168.00000000,2492.00000000,0.08164956
168.00000000,2493.00000000,0.08164255
168.00000000,2494.00000000,0.08163549
168.00000000,2495.00000000,0.08162851
168.00000000,2496.00000000,0.08162155
168.00000000,2497.00000000,0.08161453
168.00000000,2498.00000000,0.08160761
168.00000000,2499.00000000,0.08160062
168.00000000,2500.00000000,0.08159372
169.00000000,1765.00000000,0.05557552
169.00000000,1766.00000000,0.05557553
169.00000000,1767.00000000,0.05557556
169.00000000,1768.00000000,0.05557567
169.00000000,1769.00000000,0.05557598
169.00000000,1770.00000000,0.05557623
169.00000000,1771.00000000,0.05557655
169.00000000,1772.00000000,0.05557707
169.00000000,1773.00000000,0.05557775
169.00000000,1774.00000000,0.05557837
169.00000000,1775.00000000,0.05557930
169.00000000,1776.00000000,0.05558012
169.00000000,1777.00000000,0.05558116
169.00000000,1778.00000000,0.05558238
169.00000000,1779.00000000,0.05558365
169.00000000,1780.00000000,0.05558495
169.00000000,1781.00000000,0.05558634
169.00000000,1782.00000000,0.05558787
169.00000000,1783.00000000,0.05558952
169.00000000,1784.00000000,0.05559122
169.00000000,1785.00000000,0.05559298
169.00000000,1786.00000000,0.05559480
169.00000000,1787.00000000,0.05559674
169.00000000,1788.00000000,0.05559868
169.00000000,1789.00000000,0.05560085
169.00000000,1790.00000000,0.05560277
169.00000000,1791.00000000,0.05560495
169.00000000,1792.00000000,0.05560721
169.00000000,1793.00000000,0.05560953
169.00000000,1794.00000000,0.05561182
169.00000000,1795.00000000,0.05561412
169.00000000,1796.00000000,0.05561660
169.00000000,1797.00000000,0.05561904
169.00000000,1798.00000000,0.05562154
169.00000000,1799.00000000,0.05562402
169.00000000,1800.00000000,0.05562665
169.00000000,1801.00000000,0.05562916
169.00000000,1802.00000000,0.05563180
169.00000000,1803.00000000,0.05563450
169.00000000,1804.00000000,0.05563707
169.00000000,1805.00000000,0.05563985
169.00000000,1806.00000000,0.05564264
169.00000000,1807.00000000,0.05564527
169.00000000,1808.00000000,0.05564810
169.00000000,1809.00000000,0.05565088
169.00000000,1810.00000000,0.05565359
169.00000000,1811.00000000,0.05565649
169.00000000,1812.00000000,0.05565942
169.00000000,1813.00000000,0.05566211
169.00000000,1814.00000000,0.05566497
169.00000000,1815.00000000,0.05566784
169.00000000,1816.00000000,0.05567071
169.00000000,1817.00000000,0.05567359
169.00000000,1818.00000000,0.05567654
169.00000000,1819.00000000,0.05567938
169.00000000,1820.00000000,0.05568235
169.00000000,1821.00000000,0.05568509
169.00000000,1822.00000000,0.05568793
169.00000000,1823.00000000,0.05569082
169.00000000,1824.00000000,0.05569384
169.00000000,1825.00000000,0.05569666
169.00000000,1826.00000000,0.05569956
169.00000000,1827.00000000,0.05570244
169.00000000,1828.00000000,0.05570530
169.00000000,1829.00000000,0.05570819
169.00000000,1830.00000000,0.05571112
169.00000000,1831.00000000,0.05571382
169.00000000,1832.00000000,0.05571670
169.00000000,1833.00000000,0.05571951
169.00000000,1834.00000000,0.05572227
169.00000000,1835.00000000,0.05572505
169.00000000,1836.00000000,0.05572784
169.00000000,1837.00000000,0.05573065
169.00000000,1838.00000000,0.05573336
169.00000000,1839.00000000,0.05573606
169.00000000,1840.00000000,0.05573868
169.00000000,1841.00000000,0.05574139
169.00000000,1842.00000000,0.05574403
169.00000000,1843.00000000,0.05574671
169.00000000,1844.00000000,0.05574932
169.00000000,1845.00000000,0.05575195
169.00000000,1846.00000000,0.05575446
169.00000000,1847.00000000,0.05575699
169.00000000,1848.00000000,0.05575957
169.00000000,1849.00000000,0.05576203
169.00000000,1850.00000000,0.05576445
169.00000000,1851.00000000,0.05576684
169.00000000,1852.00000000,0.05576926
169.00000000,1853.00000000,0.05577183
169.00000000,1854.00000000,0.05577454
169.00000000,1855.00000000,0.05577721
169.00000000,1856.00000000,0.05577985
169.00000000,1857.00000000,0.05578237
169.00000000,1858.00000000,0.05578480
169.00000000,1859.00000000,0.05578723
169.00000000,1860.00000000,0.05578958
169.00000000,1861.00000000,0.05579187
169.00000000,1862.00000000,0.05579400
169.00000000,1863.00000000,0.05579568
169.00000000,1864.00000000,0.05579696
169.00000000,1865.00000000,0.05579793
169.00000000,1866.00000000,0.05579862
169.00000000,1867.00000000,0.05579910
169.00000000,1868.00000000,0.05579934
169.00000000,1869.00000000,0.05579938
169.00000000,1870.00000000,0.05579931
169.00000000,1871.00000000,0.05579904
169.00000000,1872.00000000,0.05579883
169.00000000,1873.00000000,0.05579928
169.00000000,1874.00000000,0.05579990
169.00000000,1875.00000000,0.05580088
169.00000000,1876.00000000,0.05580207
169.00000000,1877.00000000,0.05580339
169.00000000,1878.00000000,0.05580468
169.00000000,1879.00000000,0.05580624
169.00000000,1880.00000000,0.05580775
169.00000000,1881.00000000,0.05580929
169.00000000,1882.00000000,0.05581088
169.00000000,1883.00000000,0.05581202
169.00000000,1884.00000000,0.05581291
169.00000000,1885.00000000,0.05581360
169.00000000,1886.00000000,0.05581418
169.00000000,1887.00000000,0.05581457
169.00000000,1888.00000000,0.05581486
169.00000000,1889.00000000,0.05581497
169.00000000,1890.00000000,0.05581481
169.00000000,1891.00000000,0.05581442
169.00000000,1892.00000000,0.05581375
169.00000000,1893.00000000,0.05581300
169.00000000,1894.00000000,0.05581221
169.00000000,1895.00000000,0.05581152
169.00000000,1896.00000000,0.05581082
169.00000000,1897.00000000,0.05581010
169.00000000,1898.00000000,0.05580925
169.00000000,1899.00000000,0.05580829
169.00000000,1900.00000000,0.05580707
169.00000000,1901.00000000,0.05580566
169.00000000,1902.00000000,0.05580436
169.00000000,1903.00000000,0.05580306
169.00000000,1904.00000000,0.05580189
169.00000000,1905.00000000,0.05580088
169.00000000,1906.00000000,0.05579995
169.00000000,1907.00000000,0.05579921
169.00000000,1908.00000000,0.05579839
169.00000000,1909.00000000,0.05579748
169.00000000,1910.00000000,0.05579664
169.00000000,1911.00000000,0.05579563
169.00000000,1912.00000000,0.05579421
169.00000000,1913.00000000,0.05579210
169.00000000,1914.00000000,0.05578928
169.00000000,1915.00000000,0.05578614
169.00000000,1916.00000000,0.05578295
169.00000000,1917.00000000,0.05577974
169.00000000,1918.00000000,0.05577639
169.00000000,1919.00000000,0.05577308
169.00000000,1920.00000000,0.05577015
169.00000000,1921.00000000,0.05576775
169.00000000,1922.00000000,0.05576601
169.00000000,1923.00000000,0.05576477
169.00000000,1924.00000000,0.05576362
169.00000000,1925.00000000,0.05576240
169.00000000,1926.00000000,0.05576113
169.00000000,1927.00000000,0.05575987
169.00000000,1928.00000000,0.05575872
169.00000000,1929.00000000,0.05575755
169.00000000,1930.00000000,0.05575656
169.00000000,1931.00000000,0.05575636
169.00000000,1932.00000000,0.05575715
169.00000000,1933.00000000,0.05575851
169.00000000,1934.00000000,0.05576033
169.00000000,1935.00000000,0.05576728
169.00000000,1936.00000000,0.05576881
169.00000000,1937.00000000,0.05576961
169.00000000,1938.00000000,0.05576961
169.00000000,1939.00000000,0.05576905
169.00000000,1940.00000000,0.05576968
169.00000000,1941.00000000,0.05576796
169.00000000,1942.00000000,0.05576549
169.00000000,1943.00000000,0.05576258
169.00000000,1944.00000000,0.05575935
169.00000000,1945.00000000,0.05575612
169.00000000,1946.00000000,0.05575362
169.00000000,1947.00000000,0.05575238
169.00000000,1948.00000000,0.05575173
169.00000000,1949.00000000,0.05575119
169.00000000,1950.00000000,0.05575235
169.00000000,1951.00000000,0.05575168
169.00000000,1952.00000000,0.05575157
169.00000000,1953.00000000,0.05575168
169.00000000,1954.00000000,0.05575175
169.00000000,1955.00000000,0.05575208
169.00000000,1956.00000000,0.05575244
169.00000000,1957.00000000,0.05575263
169.00000000,1958.00000000,0.05575252
169.00000000,1959.00000000,0.05575194
169.00000000,1960.00000000,0.05575178
169.00000000,1961.00000000,0.05574865
169.00000000,1962.00000000,0.05574486
169.00000000,1963.00000000,0.05574043
169.00000000,1964.00000000,0.05573525
169.00000000,1965.00000000,0.05572903
169.00000000,1966.00000000,0.05572354
169.00000000,1967.00000000,0.05571533
169.00000000,1968.00000000,0.05570607
169.00000000,1969.00000000,0.05569691
169.00000000,1970.00000000,0.05568428
169.00000000,1971.00000000,0.05567261
169.00000000,1972.00000000,0.05565278
169.00000000,1973.00000000,0.05563204
169.00000000,1974.00000000,0.05560911
169.00000000,1975.00000000,0.05558664
169.00000000,1976.00000000,0.05556209
169.00000000,1977.00000000,0.05553759
169.00000000,1978.00000000,0.05551297
169.00000000,1979.00000000,0.05548803
169.00000000,1980.00000000,0.05546434
169.00000000,1981.00000000,0.05543877
169.00000000,1982.00000000,0.05541456
169.00000000,1983.00000000,0.05539344
169.00000000,1984.00000000,0.05537688
169.00000000,1985.00000000,0.05536266
169.00000000,1986.00000000,0.05534973
169.00000000,1987.00000000,0.05533566
169.00000000,1988.00000000,0.05532168
169.00000000,1989.00000000,0.05530746
169.00000000,1990.00000000,0.05529284
169.00000000,1991.00000000,0.05527970
169.00000000,1992.00000000,0.05526690
169.00000000,1993.00000000,0.05525273
169.00000000,1994.00000000,0.05524106
169.00000000,1995.00000000,0.05522825
169.00000000,1996.00000000,0.05521725
169.00000000,1997.00000000,0.05520413
169.00000000,1998.00000000,0.05519047
169.00000000,1999.00000000,0.05518688
169.00000000,2000.00000000,0.05517148
169.00000000,2001.00000000,0.05515754
169.00000000,2002.00000000,0.05514493
169.00000000,2003.00000000,0.05513065
169.00000000,2004.00000000,0.05511718
169.00000000,2005.00000000,0.05510685
169.00000000,2006.00000000,0.05508691
169.00000000,2007.00000000,0.05506575
169.00000000,2008.00000000,0.05504204
169.00000000,2009.00000000,0.05501766
169.00000000,2010.00000000,0.05498954
169.00000000,2011.00000000,0.05496118
169.00000000,2012.00000000,0.05492926
169.00000000,2013.00000000,0.05489710
169.00000000,2014.00000000,0.05486636
169.00000000,2015.00000000,0.05482690
169.00000000,2016.00000000,0.05479066
169.00000000,2017.00000000,0.05474926
169.00000000,2018.00000000,0.05470950
169.00000000,2019.00000000,0.05466980
169.00000000,2020.00000000,0.05462184
169.00000000,2021.00000000,0.05457758
169.00000000,2022.00000000,0.05453035
169.00000000,2023.00000000,0.05449541
169.00000000,2024.00000000,0.05444610
169.00000000,2025.00000000,0.05440095
169.00000000,2026.00000000,0.05434833
169.00000000,2027.00000000,0.05429507
169.00000000,2028.00000000,0.05424788
169.00000000,2029.00000000,0.05420507
169.00000000,2030.00000000,0.05415507
169.00000000,2031.00000000,0.05410118
169.00000000,2032.00000000,0.05405496
169.00000000,2033.00000000,0.05400972
169.00000000,2034.00000000,0.05396197
169.00000000,2035.00000000,0.05390677
169.00000000,2036.00000000,0.05385932
169.00000000,2037.00000000,0.05380572
169.00000000,2038.00000000,0.05375467
169.00000000,2039.00000000,0.05369959
169.00000000,2040.00000000,0.05365040
169.00000000,2041.00000000,0.05361368
169.00000000,2042.00000000,0.05356626
169.00000000,2043.00000000,0.05348333
169.00000000,2044.00000000,0.05343860
169.00000000,2045.00000000,0.05337466
169.00000000,2046.00000000,0.05330962
169.00000000,2047.00000000,0.05324095
169.00000000,2048.00000000,0.05319154
169.00000000,2049.00000000,0.05316058
169.00000000,2050.00000000,0.05309774
169.00000000,2051.00000000,0.05304361
169.00000000,2052.00000000,0.05299343
169.00000000,2053.00000000,0.05292142
169.00000000,2054.00000000,0.05284707
169.00000000,2055.00000000,0.05277531
169.00000000,2056.00000000,0.05271904
169.00000000,2057.00000000,0.05269099
169.00000000,2058.00000000,0.05261119
169.00000000,2059.00000000,0.05257724
169.00000000,2060.00000000,0.05252209
169.00000000,2061.00000000,0.05244432
169.00000000,2062.00000000,0.05235711
169.00000000,2063.00000000,0.05229745
169.00000000,2064.00000000,0.05225436
169.00000000,2065.00000000,0.05219630
169.00000000,2066.00000000,0.05215187
169.00000000,2067.00000000,0.05211476
169.00000000,2068.00000000,0.05210536
169.00000000,2069.00000000,0.05207334
169.00000000,2070.00000000,0.05202810
169.00000000,2071.00000000,0.05197765
169.00000000,2072.00000000,0.05198627
169.00000000,2073.00000000,0.05192754
169.00000000,2074.00000000,0.05192033
169.00000000,2075.00000000,0.05192242
169.00000000,2076.00000000,0.05197715
169.00000000,2077.00000000,0.05186092
169.00000000,2078.00000000,0.05185310
169.00000000,2079.00000000,0.05184491
169.00000000,2080.00000000,0.05181157
169.00000000,2081.00000000,0.05181946
169.00000000,2082.00000000,0.05186078
169.00000000,2083.00000000,0.05166180
169.00000000,2084.00000000,0.05158905
169.00000000,2085.00000000,0.05163307
169.00000000,2086.00000000,0.05166462
169.00000000,2087.00000000,0.05158568
169.00000000,2088.00000000,0.05133855
169.00000000,2089.00000000,0.05148417
169.00000000,2090.00000000,0.05124187
169.00000000,2091.00000000,0.05126200
169.00000000,2092.00000000,0.05140992
169.00000000,2093.00000000,0.05135846
169.00000000,2094.00000000,0.05133759
169.00000000,2095.00000000,0.05131229
169.00000000,2096.00000000,0.05139628
169.00000000,2097.00000000,0.05136655
169.00000000,2098.00000000,0.05145468
169.00000000,2099.00000000,0.05128394
169.00000000,2100.00000000,0.05108286
169.00000000,2101.00000000,0.05091351
169.00000000,2102.00000000,0.05095563
169.00000000,2103.00000000,0.05105085
169.00000000,2104.00000000,0.05110880
169.00000000,2105.00000000,0.05124239
169.00000000,2106.00000000,0.05134160
169.00000000,2107.00000000,0.05122322
169.00000000,2108.00000000,0.05128247
169.00000000,2109.00000000,0.05142897
169.00000000,2110.00000000,0.05146919
169.00000000,2111.00000000,0.05147064
169.00000000,2112.00000000,0.05153516
169.00000000,2113.00000000,0.05151599
169.00000000,2114.00000000,0.05117691
169.00000000,2115.00000000,0.05129029
169.00000000,2116.00000000,0.05151936
169.00000000,2117.00000000,0.05163529
169.00000000,2118.00000000,0.05156348
169.00000000,2119.00000000,0.05188353
169.00000000,2120.00000000,0.05209651
169.00000000,2121.00000000,0.05214711
169.00000000,2122.00000000,0.05222471
169.00000000,2123.00000000,0.05227266
169.00000000,2124.00000000,0.05255183
169.00000000,2125.00000000,0.05276847
169.00000000,2126.00000000,0.05292247
169.00000000,2127.00000000,0.05303018
169.00000000,2128.00000000,0.05324635
169.00000000,2129.00000000,0.05343853
169.00000000,2130.00000000,0.05348639
169.00000000,2131.00000000,0.05366811
169.00000000,2132.00000000,0.05391380
169.00000000,2133.00000000,0.05417883
169.00000000,2134.00000000,0.05441113
169.00000000,2135.00000000,0.05467900
169.00000000,2136.00000000,0.05486801
169.00000000,2137.00000000,0.05516373
169.00000000,2138.00000000,0.05551271
169.00000000,2139.00000000,0.05595784
169.00000000,2140.00000000,0.05622446
169.00000000,2141.00000000,0.05651144
169.00000000,2142.00000000,0.05690030
169.00000000,2143.00000000,0.05695348
169.00000000,2144.00000000,0.05695139
169.00000000,2145.00000000,0.05739062
169.00000000,2146.00000000,0.05765004
169.00000000,2147.00000000,0.05780658
169.00000000,2148.00000000,0.05826903
169.00000000,2149.00000000,0.05823287
169.00000000,2150.00000000,0.05803594
169.00000000,2151.00000000,0.05802242
169.00000000,2152.00000000,0.05804677
169.00000000,2153.00000000,0.05836609
169.00000000,2154.00000000,0.05865056
169.00000000,2155.00000000,0.05895664
169.00000000,2156.00000000,0.05923244
169.00000000,2157.00000000,0.05961271
169.00000000,2158.00000000,0.05986912
169.00000000,2159.00000000,0.06002507
169.00000000,2160.00000000,0.06023754
169.00000000,2161.00000000,0.06014452
169.00000000,2162.00000000,0.06023689
169.00000000,2163.00000000,0.06049879
169.00000000,2164.00000000,0.06078192
169.00000000,2165.00000000,0.06108029
169.00000000,2166.00000000,0.06133887
169.00000000,2167.00000000,0.06139228
169.00000000,2168.00000000,0.06146667
169.00000000,2169.00000000,0.06182021
169.00000000,2170.00000000,0.06217003
169.00000000,2171.00000000,0.06236285
169.00000000,2172.00000000,0.06298379
169.00000000,2173.00000000,0.06368228
169.00000000,2174.00000000,0.06425516
169.00000000,2175.00000000,0.06466918
169.00000000,2176.00000000,0.06508717
169.00000000,2177.00000000,0.06550920
169.00000000,2178.00000000,0.06593480
169.00000000,2179.00000000,0.06636403
169.00000000,2180.00000000,0.06690257
169.00000000,2181.00000000,0.06744503
169.00000000,2182.00000000,0.06799142
169.00000000,2183.00000000,0.06854168
169.00000000,2184.00000000,0.06909576
169.00000000,2185.00000000,0.06965365
169.00000000,2186.00000000,0.07021529
169.00000000,2187.00000000,0.07078063
169.00000000,2188.00000000,0.07134967
169.00000000,2189.00000000,0.07192235
169.00000000,2190.00000000,0.07245127
169.00000000,2191.00000000,0.07298366
169.00000000,2192.00000000,0.07351946
169.00000000,2193.00000000,0.07405873
169.00000000,2194.00000000,0.07460146
169.00000000,2195.00000000,0.07514763
169.00000000,2196.00000000,0.07569730
169.00000000,2197.00000000,0.07625048
169.00000000,2198.00000000,0.07680718
169.00000000,2199.00000000,0.07736749
169.00000000,2200.00000000,0.07803141
169.00000000,2201.00000000,0.07869927
169.00000000,2202.00000000,0.07937109
169.00000000,2203.00000000,0.08004683
169.00000000,2204.00000000,0.08072645
169.00000000,2205.00000000,0.08140998
169.00000000,2206.00000000,0.08209737
169.00000000,2207.00000000,0.08278863
169.00000000,2208.00000000,0.08348374
169.00000000,2209.00000000,0.08418266
169.00000000,2210.00000000,0.08495951
169.00000000,2211.00000000,0.08574045
169.00000000,2212.00000000,0.08652543
169.00000000,2213.00000000,0.08731444
169.00000000,2214.00000000,0.08810743
169.00000000,2215.00000000,0.08890431
169.00000000,2216.00000000,0.08970512
169.00000000,2217.00000000,0.09050974
169.00000000,2218.00000000,0.09131822
169.00000000,2219.00000000,0.09213045
169.00000000,2220.00000000,0.09294210
169.00000000,2221.00000000,0.09375747
169.00000000,2222.00000000,0.09457643
169.00000000,2223.00000000,0.09539894
169.00000000,2224.00000000,0.09622500
169.00000000,2225.00000000,0.09705451
169.00000000,2226.00000000,0.09788739
169.00000000,2227.00000000,0.09872365
169.00000000,2228.00000000,0.09956318
169.00000000,2229.00000000,0.10040585
169.00000000,2230.00000000,0.10108414
169.00000000,2231.00000000,0.10176477
169.00000000,2232.00000000,0.10244780
169.00000000,2233.00000000,0.10313315
169.00000000,2234.00000000,0.10382077
169.00000000,2235.00000000,0.10451070
169.00000000,2236.00000000,0.10520291
169.00000000,2237.00000000,0.10589731
169.00000000,2238.00000000,0.10659390
169.00000000,2239.00000000,0.10729262
169.00000000,2240.00000000,0.10783969
169.00000000,2241.00000000,0.10838819
169.00000000,2242.00000000,0.10893807
169.00000000,2243.00000000,0.10948939
169.00000000,2244.00000000,0.11004212
169.00000000,2245.00000000,0.11059623
169.00000000,2246.00000000,0.11115177
169.00000000,2247.00000000,0.11170873
169.00000000,2248.00000000,0.11226702
169.00000000,2249.00000000,0.11282659
169.00000000,2250.00000000,0.11329929
169.00000000,2251.00000000,0.11377058
169.00000000,2252.00000000,0.11423917
169.00000000,2253.00000000,0.11470422
169.00000000,2254.00000000,0.11516544
169.00000000,2255.00000000,0.11562266
169.00000000,2256.00000000,0.11607578
169.00000000,2257.00000000,0.11652484
169.00000000,2258.00000000,0.11696980
169.00000000,2259.00000000,0.11741064
169.00000000,2260.00000000,0.11775599
169.00000000,2261.00000000,0.11809706
169.00000000,2262.00000000,0.11843398
169.00000000,2263.00000000,0.11876701
169.00000000,2264.00000000,0.11909620
169.00000000,2265.00000000,0.11942162
169.00000000,2266.00000000,0.11974343
169.00000000,2267.00000000,0.12006162
169.00000000,2268.00000000,0.12037632
169.00000000,2269.00000000,0.12068756
169.00000000,2270.00000000,0.12092425
169.00000000,2271.00000000,0.12115743
169.00000000,2272.00000000,0.12138710
169.00000000,2273.00000000,0.12161328
169.00000000,2274.00000000,0.12183614
169.00000000,2275.00000000,0.12205568
169.00000000,2276.00000000,0.12227192
169.00000000,2277.00000000,0.12248499
169.00000000,2278.00000000,0.12269489
169.00000000,2279.00000000,0.12290174
169.00000000,2280.00000000,0.12310555
169.00000000,2281.00000000,0.12330632
169.00000000,2282.00000000,0.12350420
169.00000000,2283.00000000,0.12369915
169.00000000,2284.00000000,0.12389121
169.00000000,2285.00000000,0.12408049
169.00000000,2286.00000000,0.12426699
169.00000000,2287.00000000,0.12445067
169.00000000,2288.00000000,0.12463171
169.00000000,2289.00000000,0.12481005
169.00000000,2290.00000000,0.12498569
169.00000000,2291.00000000,0.12515874
169.00000000,2292.00000000,0.12532916
169.00000000,2293.00000000,0.12549704
169.00000000,2294.00000000,0.12566240
169.00000000,2295.00000000,0.12582514
169.00000000,2296.00000000,0.12598549
169.00000000,2297.00000000,0.12614336
169.00000000,2298.00000000,0.12629868
169.00000000,2299.00000000,0.12645165
169.00000000,2300.00000000,0.12660220
169.00000000,2301.00000000,0.12675027
169.00000000,2302.00000000,0.12689602
169.00000000,2303.00000000,0.12703928
169.00000000,2304.00000000,0.12718026
169.00000000,2305.00000000,0.12731888
169.00000000,2306.00000000,0.12745503
169.00000000,2307.00000000,0.12758892
169.00000000,2308.00000000,0.12772046
169.00000000,2309.00000000,0.12784960
169.00000000,2310.00000000,0.12797648
169.00000000,2311.00000000,0.12810103
169.00000000,2312.00000000,0.12822319
169.00000000,2313.00000000,0.12834311
169.00000000,2314.00000000,0.12846062
169.00000000,2315.00000000,0.12857589
169.00000000,2316.00000000,0.12868883
169.00000000,2317.00000000,0.12879934
169.00000000,2318.00000000,0.12890751
169.00000000,2319.00000000,0.12901323
169.00000000,2320.00000000,0.12861775
169.00000000,2321.00000000,0.12821926
169.00000000,2322.00000000,0.12781775
169.00000000,2323.00000000,0.12741326
169.00000000,2324.00000000,0.12700597
169.00000000,2325.00000000,0.12659586
169.00000000,2326.00000000,0.12618292
169.00000000,2327.00000000,0.12576737
169.00000000,2328.00000000,0.12534914
169.00000000,2329.00000000,0.12492840
169.00000000,2330.00000000,0.12450514
169.00000000,2331.00000000,0.12407936
169.00000000,2332.00000000,0.12365121
169.00000000,2333.00000000,0.12322073
169.00000000,2334.00000000,0.12278789
169.00000000,2335.00000000,0.12235285
169.00000000,2336.00000000,0.12191561
169.00000000,2337.00000000,0.12147615
169.00000000,2338.00000000,0.12103464
169.00000000,2339.00000000,0.12059101
169.00000000,2340.00000000,0.12014542
169.00000000,2341.00000000,0.11969783
169.00000000,2342.00000000,0.11924828
169.00000000,2343.00000000,0.11879688
169.00000000,2344.00000000,0.11834364
169.00000000,2345.00000000,0.11788854
169.00000000,2346.00000000,0.11743172
169.00000000,2347.00000000,0.11697318
169.00000000,2348.00000000,0.11651288
169.00000000,2349.00000000,0.11605099
169.00000000,2350.00000000,0.11558748
169.00000000,2351.00000000,0.11512233
169.00000000,2352.00000000,0.11465570
169.00000000,2353.00000000,0.11418750
169.00000000,2354.00000000,0.11371789
169.00000000,2355.00000000,0.11324684
169.00000000,2356.00000000,0.11277434
169.00000000,2357.00000000,0.11230051
169.00000000,2358.00000000,0.11182534
169.00000000,2359.00000000,0.11134880
169.00000000,2360.00000000,0.11087104
169.00000000,2361.00000000,0.11039202
169.00000000,2362.00000000,0.10991173
169.00000000,2363.00000000,0.10943030
169.00000000,2364.00000000,0.10894767
169.00000000,2365.00000000,0.10846393
169.00000000,2366.00000000,0.10797908
169.00000000,2367.00000000,0.10749310
169.00000000,2368.00000000,0.10700611
169.00000000,2369.00000000,0.10651811
169.00000000,2370.00000000,0.10602903
169.00000000,2371.00000000,0.10553903
169.00000000,2372.00000000,0.10504807
169.00000000,2373.00000000,0.10455614
169.00000000,2374.00000000,0.10406333
169.00000000,2375.00000000,0.10356965
169.00000000,2376.00000000,0.10307506
169.00000000,2377.00000000,0.10257968
169.00000000,2378.00000000,0.10208342
169.00000000,2379.00000000,0.10158644
169.00000000,2380.00000000,0.10108868
169.00000000,2381.00000000,0.10059011
169.00000000,2382.00000000,0.10009088
169.00000000,2383.00000000,0.09959093
169.00000000,2384.00000000,0.09909025
169.00000000,2385.00000000,0.09858894
169.00000000,2386.00000000,0.09808701
169.00000000,2387.00000000,0.09758438
169.00000000,2388.00000000,0.09708121
169.00000000,2389.00000000,0.09657739
169.00000000,2390.00000000,0.09607306
169.00000000,2391.00000000,0.09556817
169.00000000,2392.00000000,0.09506272
169.00000000,2393.00000000,0.09455679
169.00000000,2394.00000000,0.09405038
169.00000000,2395.00000000,0.09354344
169.00000000,2396.00000000,0.09303610
169.00000000,2397.00000000,0.09252832
169.00000000,2398.00000000,0.09202005
169.00000000,2399.00000000,0.09151145
169.00000000,2400.00000000,0.09100241
169.00000000,2401.00000000,0.09049304
169.00000000,2402.00000000,0.08998333
169.00000000,2403.00000000,0.08947324
169.00000000,2404.00000000,0.08896288
169.00000000,2405.00000000,0.08845222
169.00000000,2406.00000000,0.08794124
169.00000000,2407.00000000,0.08743005
169.00000000,2408.00000000,0.08691861
169.00000000,2409.00000000,0.08640688
169.00000000,2410.00000000,0.08589500
169.00000000,2411.00000000,0.08538291
169.00000000,2412.00000000,0.08487058
169.00000000,2413.00000000,0.08435815
169.00000000,2414.00000000,0.08384552
169.00000000,2415.00000000,0.08333283
169.00000000,2416.00000000,0.08282005
169.00000000,2417.00000000,0.08230720
169.00000000,2418.00000000,0.08190240
169.00000000,2419.00000000,0.08181562
169.00000000,2420.00000000,0.08181582
169.00000000,2421.00000000,0.08181624
169.00000000,2422.00000000,0.08181680
169.00000000,2423.00000000,0.08181744
169.00000000,2424.00000000,0.08181827
169.00000000,2425.00000000,0.08183281
169.00000000,2426.00000000,0.08184754
169.00000000,2427.00000000,0.08186241
169.00000000,2428.00000000,0.08187734
169.00000000,2429.00000000,0.08189244
169.00000000,2430.00000000,0.08188074
169.00000000,2431.00000000,0.08186909
169.00000000,2432.00000000,0.08185758
169.00000000,2433.00000000,0.08184620
169.00000000,2434.00000000,0.08183483
169.00000000,2435.00000000,0.08182363
169.00000000,2436.00000000,0.08181253
169.00000000,2437.00000000,0.08180144
169.00000000,2438.00000000,0.08179051
169.00000000,2439.00000000,0.08177960
169.00000000,2440.00000000,0.08176885
169.00000000,2441.00000000,0.08175817
169.00000000,2442.00000000,0.08174751
169.00000000,2443.00000000,0.08173699
169.00000000,2444.00000000,0.08172655
169.00000000,2445.00000000,0.08171494
169.00000000,2446.00000000,0.08170348
169.00000000,2447.00000000,0.08169209
169.00000000,2448.00000000,0.08168070
169.00000000,2449.00000000,0.08166943
169.00000000,2450.00000000,0.08165817
169.00000000,2451.00000000,0.08164704
169.00000000,2452.00000000,0.08163596
169.00000000,2453.00000000,0.08162488
169.00000000,2454.00000000,0.08161392
169.00000000,2455.00000000,0.08160301
169.00000000,2456.00000000,0.08159208
169.00000000,2457.00000000,0.08158128
169.00000000,2458.00000000,0.08157052
169.00000000,2459.00000000,0.08155975
169.00000000,2460.00000000,0.08154908
169.00000000,2461.00000000,0.08153840
169.00000000,2462.00000000,0.08152783
169.00000000,2463.00000000,0.08151730
169.00000000,2464.00000000,0.08150673
169.00000000,2465.00000000,0.08149629
169.00000000,2466.00000000,0.08148588
169.00000000,2467.00000000,0.08147545
169.00000000,2468.00000000,0.08146511
169.00000000,2469.00000000,0.08145482
169.00000000,2470.00000000,0.08144708
169.00000000,2471.00000000,0.08143946
169.00000000,2472.00000000,0.08143186
169.00000000,2473.00000000,0.08142422
169.00000000,2474.00000000,0.08141670
169.00000000,2475.00000000,0.08140913
169.00000000,2476.00000000,0.08140167
169.00000000,2477.00000000,0.08139424
169.00000000,2478.00000000,0.08138677
169.00000000,2479.00000000,0.08137939
169.00000000,2480.00000000,0.08137205
169.00000000,2481.00000000,0.08136466
169.00000000,2482.00000000,0.08135737
169.00000000,2483.00000000,0.08135010
169.00000000,2484.00000000,0.08134279
169.00000000,2485.00000000,0.08133558
169.00000000,2486.00000000,0.08132832
169.00000000,2487.00000000,0.08132115
169.00000000,2488.00000000,0.08131400
169.00000000,2489.00000000,0.08130680
169.00000000,2490.00000000,0.08129970
169.00000000,2491.00000000,0.08129262
169.00000000,2492.00000000,0.08128548
169.00000000,2493.00000000,0.08127844
169.00000000,2494.00000000,0.08127141
169.00000000,2495.00000000,0.08126433
169.00000000,2496.00000000,0.08125733
169.00000000,2497.00000000,0.08125037
169.00000000,2498.00000000,0.08124333
169.00000000,2499.00000000,0.08123639
169.00000000,2500.00000000,0.08122939
170.00000000,1765.00000000,0.05525684
170.00000000,1766.00000000,0.05525675
170.00000000,1767.00000000,0.05525680
170.00000000,1768.00000000,0.05525689
170.00000000,1769.00000000,0.05525709
170.00000000,1770.00000000,0.05525750
170.00000000,1771.00000000,0.05525785
170.00000000,1772.00000000,0.05525828
170.00000000,1773.00000000,0.05525889
170.00000000,1774.00000000,0.05525968
170.00000000,1775.00000000,0.05526040
170.00000000,1776.00000000,0.05526144
170.00000000,1777.00000000,0.05526235
170.00000000,1778.00000000,0.05526349
170.00000000,1779.00000000,0.05526480
170.00000000,1780.00000000,0.05526617
170.00000000,1781.00000000,0.05526755
170.00000000,1782.00000000,0.05526902
170.00000000,1783.00000000,0.05527063
170.00000000,1784.00000000,0.05527235
170.00000000,1785.00000000,0.05527411
170.00000000,1786.00000000,0.05527594
170.00000000,1787.00000000,0.05527782
170.00000000,1788.00000000,0.05527982
170.00000000,1789.00000000,0.05528182
170.00000000,1790.00000000,0.05528403
170.00000000,1791.00000000,0.05528601
170.00000000,1792.00000000,0.05528822
170.00000000,1793.00000000,0.05529051
170.00000000,1794.00000000,0.05529287
170.00000000,1795.00000000,0.05529520
170.00000000,1796.00000000,0.05529753
170.00000000,1797.00000000,0.05530004
170.00000000,1798.00000000,0.05530250
170.00000000,1799.00000000,0.05530502
170.00000000,1800.00000000,0.05530752
170.00000000,1801.00000000,0.05531016
170.00000000,1802.00000000,0.05531268
170.00000000,1803.00000000,0.05531534
170.00000000,1804.00000000,0.05531804
170.00000000,1805.00000000,0.05532063
170.00000000,1806.00000000,0.05532341
170.00000000,1807.00000000,0.05532620
170.00000000,1808.00000000,0.05532885
170.00000000,1809.00000000,0.05533168
170.00000000,1810.00000000,0.05533446
170.00000000,1811.00000000,0.05533718
170.00000000,1812.00000000,0.05534007
170.00000000,1813.00000000,0.05534298
170.00000000,1814.00000000,0.05534568
170.00000000,1815.00000000,0.05534853
170.00000000,1816.00000000,0.05535139
170.00000000,1817.00000000,0.05535426
170.00000000,1818.00000000,0.05535711
170.00000000,1819.00000000,0.05536005
170.00000000,1820.00000000,0.05536288
170.00000000,1821.00000000,0.05536583
170.00000000,1822.00000000,0.05536856
170.00000000,1823.00000000,0.05537139
170.00000000,1824.00000000,0.05537426
170.00000000,1825.00000000,0.05537726
170.00000000,1826.00000000,0.05538006
170.00000000,1827.00000000,0.05538294
170.00000000,1828.00000000,0.05538580
170.00000000,1829.00000000,0.05538863
170.00000000,1830.00000000,0.05539150
170.00000000,1831.00000000,0.05539440
170.00000000,1832.00000000,0.05539706
170.00000000,1833.00000000,0.05539991
170.00000000,1834.00000000,0.05540269
170.00000000,1835.00000000,0.05540543
170.00000000,1836.00000000,0.05540818
170.00000000,1837.00000000,0.05541093
170.00000000,1838.00000000,0.05541370
170.00000000,1839.00000000,0.05541638
170.00000000,1840.00000000,0.05541905
170.00000000,1841.00000000,0.05542164
170.00000000,1842.00000000,0.05542431
170.00000000,1843.00000000,0.05542691
170.00000000,1844.00000000,0.05542956
170.00000000,1845.00000000,0.05543213
170.00000000,1846.00000000,0.05543472
170.00000000,1847.00000000,0.05543719
170.00000000,1848.00000000,0.05543967
170.00000000,1849.00000000,0.05544221
170.00000000,1850.00000000,0.05544464
170.00000000,1851.00000000,0.05544699
170.00000000,1852.00000000,0.05544932
170.00000000,1853.00000000,0.05545197
170.00000000,1854.00000000,0.05545464
170.00000000,1855.00000000,0.05545729
170.00000000,1856.00000000,0.05545986
170.00000000,1857.00000000,0.05546241
170.00000000,1858.00000000,0.05546485
170.00000000,1859.00000000,0.05546722
170.00000000,1860.00000000,0.05546958
170.00000000,1861.00000000,0.05547186
170.00000000,1862.00000000,0.05547399
170.00000000,1863.00000000,0.05547563
170.00000000,1864.00000000,0.05547690
170.00000000,1865.00000000,0.05547787
170.00000000,1866.00000000,0.05547857
170.00000000,1867.00000000,0.05547903
170.00000000,1868.00000000,0.05547930
170.00000000,1869.00000000,0.05547933
170.00000000,1870.00000000,0.05547918
170.00000000,1871.00000000,0.05547898
170.00000000,1872.00000000,0.05547881
170.00000000,1873.00000000,0.05547911
170.00000000,1874.00000000,0.05547991
170.00000000,1875.00000000,0.05548078
170.00000000,1876.00000000,0.05548194
170.00000000,1877.00000000,0.05548326
170.00000000,1878.00000000,0.05548468
170.00000000,1879.00000000,0.05548606
170.00000000,1880.00000000,0.05548764
170.00000000,1881.00000000,0.05548915
170.00000000,1882.00000000,0.05549068
170.00000000,1883.00000000,0.05549191
170.00000000,1884.00000000,0.05549275
170.00000000,1885.00000000,0.05549343
170.00000000,1886.00000000,0.05549397
170.00000000,1887.00000000,0.05549443
170.00000000,1888.00000000,0.05549467
170.00000000,1889.00000000,0.05549474
170.00000000,1890.00000000,0.05549461
170.00000000,1891.00000000,0.05549420
170.00000000,1892.00000000,0.05549357
170.00000000,1893.00000000,0.05549280
170.00000000,1894.00000000,0.05549203
170.00000000,1895.00000000,0.05549131
170.00000000,1896.00000000,0.05549063
170.00000000,1897.00000000,0.05548988
170.00000000,1898.00000000,0.05548907
170.00000000,1899.00000000,0.05548807
170.00000000,1900.00000000,0.05548687
170.00000000,1901.00000000,0.05548546
170.00000000,1902.00000000,0.05548414
170.00000000,1903.00000000,0.05548288
170.00000000,1904.00000000,0.05548167
170.00000000,1905.00000000,0.05548063
170.00000000,1906.00000000,0.05547978
170.00000000,1907.00000000,0.05547896
170.00000000,1908.00000000,0.05547813
170.00000000,1909.00000000,0.05547727
170.00000000,1910.00000000,0.05547637
170.00000000,1911.00000000,0.05547540
170.00000000,1912.00000000,0.05547393
170.00000000,1913.00000000,0.05547183
170.00000000,1914.00000000,0.05546903
170.00000000,1915.00000000,0.05546587
170.00000000,1916.00000000,0.05546268
170.00000000,1917.00000000,0.05545945
170.00000000,1918.00000000,0.05545611
170.00000000,1919.00000000,0.05545280
170.00000000,1920.00000000,0.05544986
170.00000000,1921.00000000,0.05544742
170.00000000,1922.00000000,0.05544568
170.00000000,1923.00000000,0.05544441
170.00000000,1924.00000000,0.05544325
170.00000000,1925.00000000,0.05544198
170.00000000,1926.00000000,0.05544068
170.00000000,1927.00000000,0.05543939
170.00000000,1928.00000000,0.05543819
170.00000000,1929.00000000,0.05543699
170.00000000,1930.00000000,0.05543593
170.00000000,1931.00000000,0.05543567
170.00000000,1932.00000000,0.05543640
170.00000000,1933.00000000,0.05543766
170.00000000,1934.00000000,0.05543939
170.00000000,1935.00000000,0.05544114
170.00000000,1936.00000000,0.05544763
170.00000000,1937.00000000,0.05544843
170.00000000,1938.00000000,0.05544828
170.00000000,1939.00000000,0.05544761
170.00000000,1940.00000000,0.05544652
170.00000000,1941.00000000,0.05544639
170.00000000,1942.00000000,0.05544387
170.00000000,1943.00000000,0.05544091
170.00000000,1944.00000000,0.05543760
170.00000000,1945.00000000,0.05543433
170.00000000,1946.00000000,0.05543176
170.00000000,1947.00000000,0.05543046
170.00000000,1948.00000000,0.05542981
170.00000000,1949.00000000,0.05542915
170.00000000,1950.00000000,0.05542850
170.00000000,1951.00000000,0.05542952
170.00000000,1952.00000000,0.05542936
170.00000000,1953.00000000,0.05542935
170.00000000,1954.00000000,0.05542945
170.00000000,1955.00000000,0.05542968
170.00000000,1956.00000000,0.05542999
170.00000000,1957.00000000,0.05543011
170.00000000,1958.00000000,0.05542993
170.00000000,1959.00000000,0.05542936
170.00000000,1960.00000000,0.05542737
170.00000000,1961.00000000,0.05542593
170.00000000,1962.00000000,0.05542213
170.00000000,1963.00000000,0.05541767
170.00000000,1964.00000000,0.05541243
170.00000000,1965.00000000,0.05540626
170.00000000,1966.00000000,0.05539900
170.00000000,1967.00000000,0.05539254
170.00000000,1968.00000000,0.05538324
170.00000000,1969.00000000,0.05537241
170.00000000,1970.00000000,0.05536149
170.00000000,1971.00000000,0.05534646
170.00000000,1972.00000000,0.05533178
170.00000000,1973.00000000,0.05530944
170.00000000,1974.00000000,0.05528662
170.00000000,1975.00000000,0.05526249
170.00000000,1976.00000000,0.05523974
170.00000000,1977.00000000,0.05521538
170.00000000,1978.00000000,0.05519082
170.00000000,1979.00000000,0.05516604
170.00000000,1980.00000000,0.05514068
170.00000000,1981.00000000,0.05511693
170.00000000,1982.00000000,0.05509287
170.00000000,1983.00000000,0.05507173
170.00000000,1984.00000000,0.05505363
170.00000000,1985.00000000,0.05503937
170.00000000,1986.00000000,0.05502649
170.00000000,1987.00000000,0.05501416
170.00000000,1988.00000000,0.05500023
170.00000000,1989.00000000,0.05498606
170.00000000,1990.00000000,0.05497145
170.00000000,1991.00000000,0.05495665
170.00000000,1992.00000000,0.05494389
170.00000000,1993.00000000,0.05493147
170.00000000,1994.00000000,0.05491810
170.00000000,1995.00000000,0.05490703
170.00000000,1996.00000000,0.05489434
170.00000000,1997.00000000,0.05488296
170.00000000,1998.00000000,0.05486931
170.00000000,1999.00000000,0.05485555
170.00000000,2000.00000000,0.05485201
170.00000000,2001.00000000,0.05483643
170.00000000,2002.00000000,0.05482213
170.00000000,2003.00000000,0.05480956
170.00000000,2004.00000000,0.05479446
170.00000000,2005.00000000,0.05477906
170.00000000,2006.00000000,0.05476590
170.00000000,2007.00000000,0.05474315
170.00000000,2008.00000000,0.05471949
170.00000000,2009.00000000,0.05469356
170.00000000,2010.00000000,0.05466719
170.00000000,2011.00000000,0.05463724
170.00000000,2012.00000000,0.05460712
170.00000000,2013.00000000,0.05457340
170.00000000,2014.00000000,0.05453942
170.00000000,2015.00000000,0.05450686
170.00000000,2016.00000000,0.05446570
170.00000000,2017.00000000,0.05442781
170.00000000,2018.00000000,0.05438487
170.00000000,2019.00000000,0.05434364
170.00000000,2020.00000000,0.05430259
170.00000000,2021.00000000,0.05425343
170.00000000,2022.00000000,0.05420808
170.00000000,2023.00000000,0.05415999
170.00000000,2024.00000000,0.05412424
170.00000000,2025.00000000,0.05407433
170.00000000,2026.00000000,0.05402864
170.00000000,2027.00000000,0.05397562
170.00000000,2028.00000000,0.05392202
170.00000000,2029.00000000,0.05387449
170.00000000,2030.00000000,0.05383135
170.00000000,2031.00000000,0.05378107
170.00000000,2032.00000000,0.05372685
170.00000000,2033.00000000,0.05368006
170.00000000,2034.00000000,0.05363413
170.00000000,2035.00000000,0.05358563
170.00000000,2036.00000000,0.05352973
170.00000000,2037.00000000,0.05348154
170.00000000,2038.00000000,0.05342724
170.00000000,2039.00000000,0.05337551
170.00000000,2040.00000000,0.05331981
170.00000000,2041.00000000,0.05326996
170.00000000,2042.00000000,0.05323241
170.00000000,2043.00000000,0.05318408
170.00000000,2044.00000000,0.05310042
170.00000000,2045.00000000,0.05305465
170.00000000,2046.00000000,0.05298984
170.00000000,2047.00000000,0.05292395
170.00000000,2048.00000000,0.05285450
170.00000000,2049.00000000,0.05280420
170.00000000,2050.00000000,0.05277228
170.00000000,2051.00000000,0.05270878
170.00000000,2052.00000000,0.05265396
170.00000000,2053.00000000,0.05260313
170.00000000,2054.00000000,0.05253069
170.00000000,2055.00000000,0.05245597
170.00000000,2056.00000000,0.05238388
170.00000000,2057.00000000,0.05232720
170.00000000,2058.00000000,0.05229858
170.00000000,2059.00000000,0.05221861
170.00000000,2060.00000000,0.05218419
170.00000000,2061.00000000,0.05212886
170.00000000,2062.00000000,0.05205142
170.00000000,2063.00000000,0.05196499
170.00000000,2064.00000000,0.05190616
170.00000000,2065.00000000,0.05186392
170.00000000,2066.00000000,0.05180689
170.00000000,2067.00000000,0.05176345
170.00000000,2068.00000000,0.05172726
170.00000000,2069.00000000,0.05171855
170.00000000,2070.00000000,0.05168736
170.00000000,2071.00000000,0.05164308
170.00000000,2072.00000000,0.05159389
170.00000000,2073.00000000,0.05160361
170.00000000,2074.00000000,0.05154661
170.00000000,2075.00000000,0.05154083
170.00000000,2076.00000000,0.05154428
170.00000000,2077.00000000,0.05159995
170.00000000,2078.00000000,0.05148587
170.00000000,2079.00000000,0.05147936
170.00000000,2080.00000000,0.05147240
170.00000000,2081.00000000,0.05144044
170.00000000,2082.00000000,0.05144951
170.00000000,2083.00000000,0.05149187
170.00000000,2084.00000000,0.05129566
170.00000000,2085.00000000,0.05122479
170.00000000,2086.00000000,0.05126983
170.00000000,2087.00000000,0.05130243
170.00000000,2088.00000000,0.05122526
170.00000000,2089.00000000,0.05098100
170.00000000,2090.00000000,0.05112667
170.00000000,2091.00000000,0.05088713
170.00000000,2092.00000000,0.05090830
170.00000000,2093.00000000,0.05105649
170.00000000,2094.00000000,0.05100672
170.00000000,2095.00000000,0.05098733
170.00000000,2096.00000000,0.05096351
170.00000000,2097.00000000,0.05104819
170.00000000,2098.00000000,0.05101986
170.00000000,2099.00000000,0.05110857
170.00000000,2100.00000000,0.05094009
170.00000000,2101.00000000,0.05074147
170.00000000,2102.00000000,0.05057444
170.00000000,2103.00000000,0.05061758
170.00000000,2104.00000000,0.05071351
170.00000000,2105.00000000,0.05077241
170.00000000,2106.00000000,0.05090643
170.00000000,2107.00000000,0.05100627
170.00000000,2108.00000000,0.05088988
170.00000000,2109.00000000,0.05094992
170.00000000,2110.00000000,0.05109661
170.00000000,2111.00000000,0.05113765
170.00000000,2112.00000000,0.05114012
170.00000000,2113.00000000,0.05120523
170.00000000,2114.00000000,0.05118713
170.00000000,2115.00000000,0.05085112
170.00000000,2116.00000000,0.05096465
170.00000000,2117.00000000,0.05119310
170.00000000,2118.00000000,0.05130910
170.00000000,2119.00000000,0.05123852
170.00000000,2120.00000000,0.05155732
170.00000000,2121.00000000,0.05176969
170.00000000,2122.00000000,0.05182069
170.00000000,2123.00000000,0.05189848
170.00000000,2124.00000000,0.05194680
170.00000000,2125.00000000,0.05222488
170.00000000,2126.00000000,0.05244081
170.00000000,2127.00000000,0.05259448
170.00000000,2128.00000000,0.05270214
170.00000000,2129.00000000,0.05291759
170.00000000,2130.00000000,0.05310919
170.00000000,2131.00000000,0.05315734
170.00000000,2132.00000000,0.05333852
170.00000000,2133.00000000,0.05358327
170.00000000,2134.00000000,0.05384723
170.00000000,2135.00000000,0.05407866
170.00000000,2136.00000000,0.05434543
170.00000000,2137.00000000,0.05453383
170.00000000,2138.00000000,0.05482827
170.00000000,2139.00000000,0.05517565
170.00000000,2140.00000000,0.05561860
170.00000000,2141.00000000,0.05588411
170.00000000,2142.00000000,0.05616986
170.00000000,2143.00000000,0.05655687
170.00000000,2144.00000000,0.05661023
170.00000000,2145.00000000,0.05660863
170.00000000,2146.00000000,0.05704571
170.00000000,2147.00000000,0.05730405
170.00000000,2148.00000000,0.05746013
170.00000000,2149.00000000,0.05792030
170.00000000,2150.00000000,0.05788483
170.00000000,2151.00000000,0.05768985
170.00000000,2152.00000000,0.05767806
170.00000000,2153.00000000,0.05770472
170.00000000,2154.00000000,0.05802505
170.00000000,2155.00000000,0.05831093
170.00000000,2156.00000000,0.05861835
170.00000000,2157.00000000,0.05889566
170.00000000,2158.00000000,0.05927682
170.00000000,2159.00000000,0.05953475
170.00000000,2160.00000000,0.05969271
170.00000000,2161.00000000,0.05990681
170.00000000,2162.00000000,0.05981699
170.00000000,2163.00000000,0.05991147
170.00000000,2164.00000000,0.06017450
170.00000000,2165.00000000,0.06045857
170.00000000,2166.00000000,0.06075775
170.00000000,2167.00000000,0.06101730
170.00000000,2168.00000000,0.06107268
170.00000000,2169.00000000,0.06114887
170.00000000,2170.00000000,0.06150272
170.00000000,2171.00000000,0.06185283
170.00000000,2172.00000000,0.06204670
170.00000000,2173.00000000,0.06266650
170.00000000,2174.00000000,0.06336344
170.00000000,2175.00000000,0.06393538
170.00000000,2176.00000000,0.06434924
170.00000000,2177.00000000,0.06476702
170.00000000,2178.00000000,0.06518880
170.00000000,2179.00000000,0.06561412
170.00000000,2180.00000000,0.06604302
170.00000000,2181.00000000,0.06658070
170.00000000,2182.00000000,0.06712227
170.00000000,2183.00000000,0.06766774
170.00000000,2184.00000000,0.06821705
170.00000000,2185.00000000,0.06877016
170.00000000,2186.00000000,0.06932705
170.00000000,2187.00000000,0.06988767
170.00000000,2188.00000000,0.07045198
170.00000000,2189.00000000,0.07101996
170.00000000,2190.00000000,0.07159157
170.00000000,2191.00000000,0.07211961
170.00000000,2192.00000000,0.07265110
170.00000000,2193.00000000,0.07318599
170.00000000,2194.00000000,0.07372433
170.00000000,2195.00000000,0.07426611
170.00000000,2196.00000000,0.07481131
170.00000000,2197.00000000,0.07536001
170.00000000,2198.00000000,0.07591221
170.00000000,2199.00000000,0.07646790
170.00000000,2200.00000000,0.07702720
170.00000000,2201.00000000,0.07768965
170.00000000,2202.00000000,0.07835603
170.00000000,2203.00000000,0.07902637
170.00000000,2204.00000000,0.07970062
170.00000000,2205.00000000,0.08037874
170.00000000,2206.00000000,0.08106077
170.00000000,2207.00000000,0.08174664
170.00000000,2208.00000000,0.08243637
170.00000000,2209.00000000,0.08312995
170.00000000,2210.00000000,0.08382735
170.00000000,2211.00000000,0.08460235
170.00000000,2212.00000000,0.08538145
170.00000000,2213.00000000,0.08616457
170.00000000,2214.00000000,0.08695173
170.00000000,2215.00000000,0.08774286
170.00000000,2216.00000000,0.08853789
170.00000000,2217.00000000,0.08933684
170.00000000,2218.00000000,0.09013962
170.00000000,2219.00000000,0.09094623
170.00000000,2220.00000000,0.09175659
170.00000000,2221.00000000,0.09256642
170.00000000,2222.00000000,0.09337995
170.00000000,2223.00000000,0.09419709
170.00000000,2224.00000000,0.09501777
170.00000000,2225.00000000,0.09584199
170.00000000,2226.00000000,0.09666968
170.00000000,2227.00000000,0.09750075
170.00000000,2228.00000000,0.09833520
170.00000000,2229.00000000,0.09917291
170.00000000,2230.00000000,0.10001379
170.00000000,2231.00000000,0.10069094
170.00000000,2232.00000000,0.10137044
170.00000000,2233.00000000,0.10205232
170.00000000,2234.00000000,0.10273653
170.00000000,2235.00000000,0.10342303
170.00000000,2236.00000000,0.10411186
170.00000000,2237.00000000,0.10480294
170.00000000,2238.00000000,0.10549624
170.00000000,2239.00000000,0.10619174
170.00000000,2240.00000000,0.10688938
170.00000000,2241.00000000,0.10743592
170.00000000,2242.00000000,0.10798391
170.00000000,2243.00000000,0.10853330
170.00000000,2244.00000000,0.10908413
170.00000000,2245.00000000,0.10963637
170.00000000,2246.00000000,0.11019000
170.00000000,2247.00000000,0.11074508
170.00000000,2248.00000000,0.11130156
170.00000000,2249.00000000,0.11185927
170.00000000,2250.00000000,0.11241752
170.00000000,2251.00000000,0.11288777
170.00000000,2252.00000000,0.11335528
170.00000000,2253.00000000,0.11381935
170.00000000,2254.00000000,0.11427956
170.00000000,2255.00000000,0.11473584
170.00000000,2256.00000000,0.11518809
170.00000000,2257.00000000,0.11563626
170.00000000,2258.00000000,0.11608042
170.00000000,2259.00000000,0.11652054
170.00000000,2260.00000000,0.11695663
170.00000000,2261.00000000,0.11729772
170.00000000,2262.00000000,0.11763472
170.00000000,2263.00000000,0.11796775
170.00000000,2264.00000000,0.11829702
170.00000000,2265.00000000,0.11862258
170.00000000,2266.00000000,0.11894447
170.00000000,2267.00000000,0.11926283
170.00000000,2268.00000000,0.11957766
170.00000000,2269.00000000,0.11988909
170.00000000,2270.00000000,0.12019713
170.00000000,2271.00000000,0.12043099
170.00000000,2272.00000000,0.12066141
170.00000000,2273.00000000,0.12088841
170.00000000,2274.00000000,0.12111198
170.00000000,2275.00000000,0.12133230
170.00000000,2276.00000000,0.12154937
170.00000000,2277.00000000,0.12176320
170.00000000,2278.00000000,0.12197396
170.00000000,2279.00000000,0.12218158
170.00000000,2280.00000000,0.12238623
170.00000000,2281.00000000,0.12258788
170.00000000,2282.00000000,0.12278657
170.00000000,2283.00000000,0.12298239
170.00000000,2284.00000000,0.12317538
170.00000000,2285.00000000,0.12336550
170.00000000,2286.00000000,0.12355290
170.00000000,2287.00000000,0.12373756
170.00000000,2288.00000000,0.12391947
170.00000000,2289.00000000,0.12409875
170.00000000,2290.00000000,0.12427541
170.00000000,2291.00000000,0.12444938
170.00000000,2292.00000000,0.12462084
170.00000000,2293.00000000,0.12478966
170.00000000,2294.00000000,0.12495603
170.00000000,2295.00000000,0.12511990
170.00000000,2296.00000000,0.12528119
170.00000000,2297.00000000,0.12544012
170.00000000,2298.00000000,0.12559659
170.00000000,2299.00000000,0.12575058
170.00000000,2300.00000000,0.12590224
170.00000000,2301.00000000,0.12605150
170.00000000,2302.00000000,0.12619831
170.00000000,2303.00000000,0.12634281
170.00000000,2304.00000000,0.12648488
170.00000000,2305.00000000,0.12662467
170.00000000,2306.00000000,0.12676211
170.00000000,2307.00000000,0.12689715
170.00000000,2308.00000000,0.12702995
170.00000000,2309.00000000,0.12716042
170.00000000,2310.00000000,0.12728852
170.00000000,2311.00000000,0.12741438
170.00000000,2312.00000000,0.12753793
170.00000000,2313.00000000,0.12765913
170.00000000,2314.00000000,0.12777811
170.00000000,2315.00000000,0.12789471
170.00000000,2316.00000000,0.12800908
170.00000000,2317.00000000,0.12812115
170.00000000,2318.00000000,0.12823080
170.00000000,2319.00000000,0.12833816
170.00000000,2320.00000000,0.12844309
170.00000000,2321.00000000,0.12804903
170.00000000,2322.00000000,0.12765198
170.00000000,2323.00000000,0.12725196
170.00000000,2324.00000000,0.12684898
170.00000000,2325.00000000,0.12644321
170.00000000,2326.00000000,0.12603465
170.00000000,2327.00000000,0.12562329
170.00000000,2328.00000000,0.12520934
170.00000000,2329.00000000,0.12479273
170.00000000,2330.00000000,0.12437362
170.00000000,2331.00000000,0.12395202
170.00000000,2332.00000000,0.12352792
170.00000000,2333.00000000,0.12310147
170.00000000,2334.00000000,0.12267271
170.00000000,2335.00000000,0.12224160
170.00000000,2336.00000000,0.12180832
170.00000000,2337.00000000,0.12137285
170.00000000,2338.00000000,0.12093518
170.00000000,2339.00000000,0.12049547
170.00000000,2340.00000000,0.12005366
170.00000000,2341.00000000,0.11960989
170.00000000,2342.00000000,0.11916417
170.00000000,2343.00000000,0.11871646
170.00000000,2344.00000000,0.11826695
170.00000000,2345.00000000,0.11781560
170.00000000,2346.00000000,0.11736240
170.00000000,2347.00000000,0.11690750
170.00000000,2348.00000000,0.11645087
170.00000000,2349.00000000,0.11599252
170.00000000,2350.00000000,0.11553258
170.00000000,2351.00000000,0.11507103
170.00000000,2352.00000000,0.11460786
170.00000000,2353.00000000,0.11414321
170.00000000,2354.00000000,0.11367702
170.00000000,2355.00000000,0.11320943
170.00000000,2356.00000000,0.11274040
170.00000000,2357.00000000,0.11226992
170.00000000,2358.00000000,0.11179813
170.00000000,2359.00000000,0.11132500
170.00000000,2360.00000000,0.11085052
170.00000000,2361.00000000,0.11037482
170.00000000,2362.00000000,0.10989787
170.00000000,2363.00000000,0.10941967
170.00000000,2364.00000000,0.10894033
170.00000000,2365.00000000,0.10845978
170.00000000,2366.00000000,0.10797814
170.00000000,2367.00000000,0.10749540
170.00000000,2368.00000000,0.10701153
170.00000000,2369.00000000,0.10652668
170.00000000,2370.00000000,0.10604079
170.00000000,2371.00000000,0.10555384
170.00000000,2372.00000000,0.10506599
170.00000000,2373.00000000,0.10457717
170.00000000,2374.00000000,0.10408737
170.00000000,2375.00000000,0.10359673
170.00000000,2376.00000000,0.10310521
170.00000000,2377.00000000,0.10261278
170.00000000,2378.00000000,0.10211956
170.00000000,2379.00000000,0.10162550
170.00000000,2380.00000000,0.10113068
170.00000000,2381.00000000,0.10063511
170.00000000,2382.00000000,0.10013873
170.00000000,2383.00000000,0.09964168
170.00000000,2384.00000000,0.09914394
170.00000000,2385.00000000,0.09864545
170.00000000,2386.00000000,0.09814636
170.00000000,2387.00000000,0.09764661
170.00000000,2388.00000000,0.09714621
170.00000000,2389.00000000,0.09664524
170.00000000,2390.00000000,0.09614365
170.00000000,2391.00000000,0.09564153
170.00000000,2392.00000000,0.09513888
170.00000000,2393.00000000,0.09463564
170.00000000,2394.00000000,0.09413195
170.00000000,2395.00000000,0.09362778
170.00000000,2396.00000000,0.09312306
170.00000000,2397.00000000,0.09261796
170.00000000,2398.00000000,0.09211241
170.00000000,2399.00000000,0.09160640
170.00000000,2400.00000000,0.09110004
170.00000000,2401.00000000,0.09059323
170.00000000,2402.00000000,0.09008612
170.00000000,2403.00000000,0.08957867
170.00000000,2404.00000000,0.08907084
170.00000000,2405.00000000,0.08856273
170.00000000,2406.00000000,0.08805435
170.00000000,2407.00000000,0.08754563
170.00000000,2408.00000000,0.08703670
170.00000000,2409.00000000,0.08652752
170.00000000,2410.00000000,0.08601806
170.00000000,2411.00000000,0.08550843
170.00000000,2412.00000000,0.08499862
170.00000000,2413.00000000,0.08448856
170.00000000,2414.00000000,0.08397840
170.00000000,2415.00000000,0.08346805
170.00000000,2416.00000000,0.08295762
170.00000000,2417.00000000,0.08244712
170.00000000,2418.00000000,0.08193654
170.00000000,2419.00000000,0.08153353
170.00000000,2420.00000000,0.08144711
170.00000000,2421.00000000,0.08144728
170.00000000,2422.00000000,0.08144766
170.00000000,2423.00000000,0.08144817
170.00000000,2424.00000000,0.08144877
170.00000000,2425.00000000,0.08144957
170.00000000,2426.00000000,0.08146401
170.00000000,2427.00000000,0.08147865
170.00000000,2428.00000000,0.08149341
170.00000000,2429.00000000,0.08150823
170.00000000,2430.00000000,0.08152323
170.00000000,2431.00000000,0.08151155
170.00000000,2432.00000000,0.08149990
170.00000000,2433.00000000,0.08148841
170.00000000,2434.00000000,0.08147704
170.00000000,2435.00000000,0.08146569
170.00000000,2436.00000000,0.08145451
170.00000000,2437.00000000,0.08144341
170.00000000,2438.00000000,0.08143234
170.00000000,2439.00000000,0.08142142
170.00000000,2440.00000000,0.08141053
170.00000000,2441.00000000,0.08139977
170.00000000,2442.00000000,0.08138911
170.00000000,2443.00000000,0.08137846
170.00000000,2444.00000000,0.08136794
170.00000000,2445.00000000,0.08135751
170.00000000,2446.00000000,0.08134592
170.00000000,2447.00000000,0.08133447
170.00000000,2448.00000000,0.08132308
170.00000000,2449.00000000,0.08131170
170.00000000,2450.00000000,0.08130046
170.00000000,2451.00000000,0.08128921
170.00000000,2452.00000000,0.08127808
170.00000000,2453.00000000,0.08126701
170.00000000,2454.00000000,0.08125594
170.00000000,2455.00000000,0.08124498
170.00000000,2456.00000000,0.08123408
170.00000000,2457.00000000,0.08122315
170.00000000,2458.00000000,0.08121235
170.00000000,2459.00000000,0.08120160
170.00000000,2460.00000000,0.08119083
170.00000000,2461.00000000,0.08118017
170.00000000,2462.00000000,0.08116948
170.00000000,2463.00000000,0.08115891
170.00000000,2464.00000000,0.08114839
170.00000000,2465.00000000,0.08113783
170.00000000,2466.00000000,0.08112739
170.00000000,2467.00000000,0.08111698
170.00000000,2468.00000000,0.08110655
170.00000000,2469.00000000,0.08109622
170.00000000,2470.00000000,0.08108592
170.00000000,2471.00000000,0.08107817
170.00000000,2472.00000000,0.08107054
170.00000000,2473.00000000,0.08106293
170.00000000,2474.00000000,0.08105529
170.00000000,2475.00000000,0.08104775
170.00000000,2476.00000000,0.08104017
170.00000000,2477.00000000,0.08103270
170.00000000,2478.00000000,0.08102526
170.00000000,2479.00000000,0.08101777
170.00000000,2480.00000000,0.08101038
170.00000000,2481.00000000,0.08100303
170.00000000,2482.00000000,0.08099562
170.00000000,2483.00000000,0.08098832
170.00000000,2484.00000000,0.08098104
170.00000000,2485.00000000,0.08097372
170.00000000,2486.00000000,0.08096649
170.00000000,2487.00000000,0.08095921
170.00000000,2488.00000000,0.08095203
170.00000000,2489.00000000,0.08094488
170.00000000,2490.00000000,0.08093767
170.00000000,2491.00000000,0.08093054
170.00000000,2492.00000000,0.08092346
170.00000000,2493.00000000,0.08091630
170.00000000,2494.00000000,0.08090924
170.00000000,2495.00000000,0.08090220
170.00000000,2496.00000000,0.08089510
170.00000000,2497.00000000,0.08088810
170.00000000,2498.00000000,0.08088112
170.00000000,2499.00000000,0.08087406
170.00000000,2500.00000000,0.08086711
171.00000000,1765.00000000,0.05493995
171.00000000,1766.00000000,0.05493993
171.00000000,1767.00000000,0.05493988
171.00000000,1768.00000000,0.05494000
171.00000000,1769.00000000,0.05494017
171.00000000,1770.00000000,0.05494046
171.00000000,1771.00000000,0.05494098
171.00000000,1772.00000000,0.05494143
171.00000000,1773.00000000,0.05494196
171.00000000,1774.00000000,0.05494268
171.00000000,1775.00000000,0.05494357
171.00000000,1776.00000000,0.05494439
171.00000000,1777.00000000,0.05494552
171.00000000,1778.00000000,0.05494654
171.00000000,1779.00000000,0.05494777
171.00000000,1780.00000000,0.05494918
171.00000000,1781.00000000,0.05495063
171.00000000,1782.00000000,0.05495208
171.00000000,1783.00000000,0.05495363
171.00000000,1784.00000000,0.05495530
171.00000000,1785.00000000,0.05495709
171.00000000,1786.00000000,0.05495892
171.00000000,1787.00000000,0.05496081
171.00000000,1788.00000000,0.05496274
171.00000000,1789.00000000,0.05496480
171.00000000,1790.00000000,0.05496684
171.00000000,1791.00000000,0.05496911
171.00000000,1792.00000000,0.05497113
171.00000000,1793.00000000,0.05497338
171.00000000,1794.00000000,0.05497571
171.00000000,1795.00000000,0.05497810
171.00000000,1796.00000000,0.05498045
171.00000000,1797.00000000,0.05498282
171.00000000,1798.00000000,0.05498535
171.00000000,1799.00000000,0.05498782
171.00000000,1800.00000000,0.05499037
171.00000000,1801.00000000,0.05499289
171.00000000,1802.00000000,0.05499554
171.00000000,1803.00000000,0.05499807
171.00000000,1804.00000000,0.05500073
171.00000000,1805.00000000,0.05500344
171.00000000,1806.00000000,0.05500604
171.00000000,1807.00000000,0.05500882
171.00000000,1808.00000000,0.05501162
171.00000000,1809.00000000,0.05501427
171.00000000,1810.00000000,0.05501710
171.00000000,1811.00000000,0.05501989
171.00000000,1812.00000000,0.05502260
171.00000000,1813.00000000,0.05502548
171.00000000,1814.00000000,0.05502840
171.00000000,1815.00000000,0.05503109
171.00000000,1816.00000000,0.05503393
171.00000000,1817.00000000,0.05503679
171.00000000,1818.00000000,0.05503963
171.00000000,1819.00000000,0.05504247
171.00000000,1820.00000000,0.05504540
171.00000000,1821.00000000,0.05504821
171.00000000,1822.00000000,0.05505115
171.00000000,1823.00000000,0.05505387
171.00000000,1824.00000000,0.05505667
171.00000000,1825.00000000,0.05505953
171.00000000,1826.00000000,0.05506251
171.00000000,1827.00000000,0.05506528
171.00000000,1828.00000000,0.05506814
171.00000000,1829.00000000,0.05507098
171.00000000,1830.00000000,0.05507379
171.00000000,1831.00000000,0.05507662
171.00000000,1832.00000000,0.05507948
171.00000000,1833.00000000,0.05508213
171.00000000,1834.00000000,0.05508494
171.00000000,1835.00000000,0.05508769
171.00000000,1836.00000000,0.05509041
171.00000000,1837.00000000,0.05509312
171.00000000,1838.00000000,0.05509583
171.00000000,1839.00000000,0.05509858
171.00000000,1840.00000000,0.05510122
171.00000000,1841.00000000,0.05510385
171.00000000,1842.00000000,0.05510641
171.00000000,1843.00000000,0.05510905
171.00000000,1844.00000000,0.05511161
171.00000000,1845.00000000,0.05511422
171.00000000,1846.00000000,0.05511675
171.00000000,1847.00000000,0.05511930
171.00000000,1848.00000000,0.05512172
171.00000000,1849.00000000,0.05512417
171.00000000,1850.00000000,0.05512667
171.00000000,1851.00000000,0.05512903
171.00000000,1852.00000000,0.05513132
171.00000000,1853.00000000,0.05513388
171.00000000,1854.00000000,0.05513663
171.00000000,1855.00000000,0.05513924
171.00000000,1856.00000000,0.05514179
171.00000000,1857.00000000,0.05514427
171.00000000,1858.00000000,0.05514674
171.00000000,1859.00000000,0.05514911
171.00000000,1860.00000000,0.05515142
171.00000000,1861.00000000,0.05515371
171.00000000,1862.00000000,0.05515584
171.00000000,1863.00000000,0.05515748
171.00000000,1864.00000000,0.05515871
171.00000000,1865.00000000,0.05515968
171.00000000,1866.00000000,0.05516038
171.00000000,1867.00000000,0.05516085
171.00000000,1868.00000000,0.05516110
171.00000000,1869.00000000,0.05516116
171.00000000,1870.00000000,0.05516101
171.00000000,1871.00000000,0.05516072
171.00000000,1872.00000000,0.05516062
171.00000000,1873.00000000,0.05516095
171.00000000,1874.00000000,0.05516161
171.00000000,1875.00000000,0.05516265
171.00000000,1876.00000000,0.05516371
171.00000000,1877.00000000,0.05516500
171.00000000,1878.00000000,0.05516641
171.00000000,1879.00000000,0.05516792
171.00000000,1880.00000000,0.05516932
171.00000000,1881.00000000,0.05517089
171.00000000,1882.00000000,0.05517240
171.00000000,1883.00000000,0.05517357
171.00000000,1884.00000000,0.05517450
171.00000000,1885.00000000,0.05517513
171.00000000,1886.00000000,0.05517566
171.00000000,1887.00000000,0.05517609
171.00000000,1888.00000000,0.05517640
171.00000000,1889.00000000,0.05517642
171.00000000,1890.00000000,0.05517626
171.00000000,1891.00000000,0.05517587
171.00000000,1892.00000000,0.05517523
171.00000000,1893.00000000,0.05517450
171.00000000,1894.00000000,0.05517370
171.00000000,1895.00000000,0.05517300
171.00000000,1896.00000000,0.05517229
171.00000000,1897.00000000,0.05517156
171.00000000,1898.00000000,0.05517072
171.00000000,1899.00000000,0.05516976
171.00000000,1900.00000000,0.05516853
171.00000000,1901.00000000,0.05516714
171.00000000,1902.00000000,0.05516582
171.00000000,1903.00000000,0.05516453
171.00000000,1904.00000000,0.05516336
171.00000000,1905.00000000,0.05516229
171.00000000,1906.00000000,0.05516141
171.00000000,1907.00000000,0.05516066
171.00000000,1908.00000000,0.05515976
171.00000000,1909.00000000,0.05515888
171.00000000,1910.00000000,0.05515803
171.00000000,1911.00000000,0.05515701
171.00000000,1912.00000000,0.05515557
171.00000000,1913.00000000,0.05515343
171.00000000,1914.00000000,0.05515064
171.00000000,1915.00000000,0.05514750
171.00000000,1916.00000000,0.05514429
171.00000000,1917.00000000,0.05514107
171.00000000,1918.00000000,0.05513772
171.00000000,1919.00000000,0.05513441
171.00000000,1920.00000000,0.05513147
171.00000000,1921.00000000,0.05512901
171.00000000,1922.00000000,0.05512723
171.00000000,1923.00000000,0.05512596
171.00000000,1924.00000000,0.05512477
171.00000000,1925.00000000,0.05512349
171.00000000,1926.00000000,0.05512215
171.00000000,1927.00000000,0.05512082
171.00000000,1928.00000000,0.05511959
171.00000000,1929.00000000,0.05511834
171.00000000,1930.00000000,0.05511724
171.00000000,1931.00000000,0.05511692
171.00000000,1932.00000000,0.05511758
171.00000000,1933.00000000,0.05511878
171.00000000,1934.00000000,0.05512041
171.00000000,1935.00000000,0.05512207
171.00000000,1936.00000000,0.05512338
171.00000000,1937.00000000,0.05512913
171.00000000,1938.00000000,0.05512899
171.00000000,1939.00000000,0.05512816
171.00000000,1940.00000000,0.05512696
171.00000000,1941.00000000,0.05512513
171.00000000,1942.00000000,0.05512420
171.00000000,1943.00000000,0.05512119
171.00000000,1944.00000000,0.05511784
171.00000000,1945.00000000,0.05511447
171.00000000,1946.00000000,0.05511187
171.00000000,1947.00000000,0.05511052
171.00000000,1948.00000000,0.05510977
171.00000000,1949.00000000,0.05510912
171.00000000,1950.00000000,0.05510836
171.00000000,1951.00000000,0.05510759
171.00000000,1952.00000000,0.05510909
171.00000000,1953.00000000,0.05510905
171.00000000,1954.00000000,0.05510900
171.00000000,1955.00000000,0.05510926
171.00000000,1956.00000000,0.05510948
171.00000000,1957.00000000,0.05510954
171.00000000,1958.00000000,0.05510930
171.00000000,1959.00000000,0.05510867
171.00000000,1960.00000000,0.05510670
171.00000000,1961.00000000,0.05510344
171.00000000,1962.00000000,0.05510133
171.00000000,1963.00000000,0.05509687
171.00000000,1964.00000000,0.05509161
171.00000000,1965.00000000,0.05508537
171.00000000,1966.00000000,0.05507818
171.00000000,1967.00000000,0.05506997
171.00000000,1968.00000000,0.05506240
171.00000000,1969.00000000,0.05505154
171.00000000,1970.00000000,0.05503897
171.00000000,1971.00000000,0.05502566
171.00000000,1972.00000000,0.05500768
171.00000000,1973.00000000,0.05499044
171.00000000,1974.00000000,0.05496605
171.00000000,1975.00000000,0.05494204
171.00000000,1976.00000000,0.05491765
171.00000000,1977.00000000,0.05489508
171.00000000,1978.00000000,0.05487065
171.00000000,1979.00000000,0.05484594
171.00000000,1980.00000000,0.05482074
171.00000000,1981.00000000,0.05479533
171.00000000,1982.00000000,0.05477306
171.00000000,1983.00000000,0.05475208
171.00000000,1984.00000000,0.05473396
171.00000000,1985.00000000,0.05471813
171.00000000,1986.00000000,0.05470518
171.00000000,1987.00000000,0.05469291
171.00000000,1988.00000000,0.05468072
171.00000000,1989.00000000,0.05466659
171.00000000,1990.00000000,0.05465203
171.00000000,1991.00000000,0.05463726
171.00000000,1992.00000000,0.05462283
171.00000000,1993.00000000,0.05461043
171.00000000,1994.00000000,0.05459882
171.00000000,1995.00000000,0.05458607
171.00000000,1996.00000000,0.05457509
171.00000000,1997.00000000,0.05456203
171.00000000,1998.00000000,0.05455012
171.00000000,1999.00000000,0.05453637
171.00000000,2000.00000000,0.05452271
171.00000000,2001.00000000,0.05451893
171.00000000,2002.00000000,0.05450301
171.00000000,2003.00000000,0.05448875
171.00000000,2004.00000000,0.05447535
171.00000000,2005.00000000,0.05445835
171.00000000,2006.00000000,0.05444016
171.00000000,2007.00000000,0.05442417
171.00000000,2008.00000000,0.05439896
171.00000000,2009.00000000,0.05437309
171.00000000,2010.00000000,0.05434517
171.00000000,2011.00000000,0.05431698
171.00000000,2012.00000000,0.05428530
171.00000000,2013.00000000,0.05425338
171.00000000,2014.00000000,0.05421785
171.00000000,2015.00000000,0.05418209
171.00000000,2016.00000000,0.05414780
171.00000000,2017.00000000,0.05410502
171.00000000,2018.00000000,0.05406558
171.00000000,2019.00000000,0.05402122
171.00000000,2020.00000000,0.05397865
171.00000000,2021.00000000,0.05393636
171.00000000,2022.00000000,0.05388616
171.00000000,2023.00000000,0.05383994
171.00000000,2024.00000000,0.05379113
171.00000000,2025.00000000,0.05375470
171.00000000,2026.00000000,0.05370429
171.00000000,2027.00000000,0.05365816
171.00000000,2028.00000000,0.05360480
171.00000000,2029.00000000,0.05355091
171.00000000,2030.00000000,0.05350309
171.00000000,2031.00000000,0.05345963
171.00000000,2032.00000000,0.05340899
171.00000000,2033.00000000,0.05335426
171.00000000,2034.00000000,0.05330679
171.00000000,2035.00000000,0.05326011
171.00000000,2036.00000000,0.05321088
171.00000000,2037.00000000,0.05315428
171.00000000,2038.00000000,0.05310536
171.00000000,2039.00000000,0.05305042
171.00000000,2040.00000000,0.05299805
171.00000000,2041.00000000,0.05294175
171.00000000,2042.00000000,0.05289116
171.00000000,2043.00000000,0.05285263
171.00000000,2044.00000000,0.05280334
171.00000000,2045.00000000,0.05271894
171.00000000,2046.00000000,0.05267217
171.00000000,2047.00000000,0.05260651
171.00000000,2048.00000000,0.05253982
171.00000000,2049.00000000,0.05246964
171.00000000,2050.00000000,0.05241854
171.00000000,2051.00000000,0.05238573
171.00000000,2052.00000000,0.05232162
171.00000000,2053.00000000,0.05226619
171.00000000,2054.00000000,0.05221478
171.00000000,2055.00000000,0.05214197
171.00000000,2056.00000000,0.05206694
171.00000000,2057.00000000,0.05199457
171.00000000,2058.00000000,0.05193752
171.00000000,2059.00000000,0.05190836
171.00000000,2060.00000000,0.05182828
171.00000000,2061.00000000,0.05179353
171.00000000,2062.00000000,0.05173836
171.00000000,2063.00000000,0.05166163
171.00000000,2064.00000000,0.05157621
171.00000000,2065.00000000,0.05151835
171.00000000,2066.00000000,0.05147703
171.00000000,2067.00000000,0.05142107
171.00000000,2068.00000000,0.05137859
171.00000000,2069.00000000,0.05134328
171.00000000,2070.00000000,0.05133522
171.00000000,2071.00000000,0.05130490
171.00000000,2072.00000000,0.05126184
171.00000000,2073.00000000,0.05121415
171.00000000,2074.00000000,0.05122510
171.00000000,2075.00000000,0.05116988
171.00000000,2076.00000000,0.05116549
171.00000000,2077.00000000,0.05117026
171.00000000,2078.00000000,0.05122684
171.00000000,2079.00000000,0.05111481
171.00000000,2080.00000000,0.05110951
171.00000000,2081.00000000,0.05110374
171.00000000,2082.00000000,0.05107323
171.00000000,2083.00000000,0.05108354
171.00000000,2084.00000000,0.05112697
171.00000000,2085.00000000,0.05093350
171.00000000,2086.00000000,0.05086445
171.00000000,2087.00000000,0.05091043
171.00000000,2088.00000000,0.05094401
171.00000000,2089.00000000,0.05086853
171.00000000,2090.00000000,0.05062703
171.00000000,2091.00000000,0.05077278
171.00000000,2092.00000000,0.05053605
171.00000000,2093.00000000,0.05055835
171.00000000,2094.00000000,0.05070686
171.00000000,2095.00000000,0.05065875
171.00000000,2096.00000000,0.05064079
171.00000000,2097.00000000,0.05061838
171.00000000,2098.00000000,0.05070370
171.00000000,2099.00000000,0.05067673
171.00000000,2100.00000000,0.05076594
171.00000000,2101.00000000,0.05059968
171.00000000,2102.00000000,0.05040358
171.00000000,2103.00000000,0.05023895
171.00000000,2104.00000000,0.05028314
171.00000000,2105.00000000,0.05037975
171.00000000,2106.00000000,0.05043956
171.00000000,2107.00000000,0.05057397
171.00000000,2108.00000000,0.05067437
171.00000000,2109.00000000,0.05055992
171.00000000,2110.00000000,0.05062069
171.00000000,2111.00000000,0.05076751
171.00000000,2112.00000000,0.05080931
171.00000000,2113.00000000,0.05081276
171.00000000,2114.00000000,0.05087839
171.00000000,2115.00000000,0.05086131
171.00000000,2116.00000000,0.05052830
171.00000000,2117.00000000,0.05064193
171.00000000,2118.00000000,0.05086975
171.00000000,2119.00000000,0.05098580
171.00000000,2120.00000000,0.05091641
171.00000000,2121.00000000,0.05123392
171.00000000,2122.00000000,0.05144567
171.00000000,2123.00000000,0.05149702
171.00000000,2124.00000000,0.05157500
171.00000000,2125.00000000,0.05162365
171.00000000,2126.00000000,0.05190063
171.00000000,2127.00000000,0.05211585
171.00000000,2128.00000000,0.05226919
171.00000000,2129.00000000,0.05237678
171.00000000,2130.00000000,0.05259151
171.00000000,2131.00000000,0.05278251
171.00000000,2132.00000000,0.05283093
171.00000000,2133.00000000,0.05301156
171.00000000,2134.00000000,0.05325537
171.00000000,2135.00000000,0.05351827
171.00000000,2136.00000000,0.05374881
171.00000000,2137.00000000,0.05401449
171.00000000,2138.00000000,0.05420225
171.00000000,2139.00000000,0.05449543
171.00000000,2140.00000000,0.05484120
171.00000000,2141.00000000,0.05528198
171.00000000,2142.00000000,0.05554638
171.00000000,2143.00000000,0.05583090
171.00000000,2144.00000000,0.05621607
171.00000000,2145.00000000,0.05626959
171.00000000,2146.00000000,0.05626849
171.00000000,2147.00000000,0.05670342
171.00000000,2148.00000000,0.05696069
171.00000000,2149.00000000,0.05711631
171.00000000,2150.00000000,0.05757419
171.00000000,2151.00000000,0.05753971
171.00000000,2152.00000000,0.05734753
171.00000000,2153.00000000,0.05733825
171.00000000,2154.00000000,0.05736762
171.00000000,2155.00000000,0.05768911
171.00000000,2156.00000000,0.05797641
171.00000000,2157.00000000,0.05828514
171.00000000,2158.00000000,0.05856388
171.00000000,2159.00000000,0.05894584
171.00000000,2160.00000000,0.05920519
171.00000000,2161.00000000,0.05936505
171.00000000,2162.00000000,0.05958067
171.00000000,2163.00000000,0.05949393
171.00000000,2164.00000000,0.05959041
171.00000000,2165.00000000,0.05985446
171.00000000,2166.00000000,0.06013940
171.00000000,2167.00000000,0.06043930
171.00000000,2168.00000000,0.06069974
171.00000000,2169.00000000,0.06075701
171.00000000,2170.00000000,0.06083492
171.00000000,2171.00000000,0.06118902
171.00000000,2172.00000000,0.06153936
171.00000000,2173.00000000,0.06173423
171.00000000,2174.00000000,0.06235284
171.00000000,2175.00000000,0.06304820
171.00000000,2176.00000000,0.06361917
171.00000000,2177.00000000,0.06403283
171.00000000,2178.00000000,0.06445036
171.00000000,2179.00000000,0.06487185
171.00000000,2180.00000000,0.06529685
171.00000000,2181.00000000,0.06572540
171.00000000,2182.00000000,0.06626219
171.00000000,2183.00000000,0.06680284
171.00000000,2184.00000000,0.06734737
171.00000000,2185.00000000,0.06789572
171.00000000,2186.00000000,0.06844783
171.00000000,2187.00000000,0.06900370
171.00000000,2188.00000000,0.06956330
171.00000000,2189.00000000,0.07012655
171.00000000,2190.00000000,0.07069347
171.00000000,2191.00000000,0.07126398
171.00000000,2192.00000000,0.07179113
171.00000000,2193.00000000,0.07232171
171.00000000,2194.00000000,0.07285567
171.00000000,2195.00000000,0.07339307
171.00000000,2196.00000000,0.07393389
171.00000000,2197.00000000,0.07447813
171.00000000,2198.00000000,0.07502585
171.00000000,2199.00000000,0.07557705
171.00000000,2200.00000000,0.07613173
171.00000000,2201.00000000,0.07669000
171.00000000,2202.00000000,0.07735099
171.00000000,2203.00000000,0.07801589
171.00000000,2204.00000000,0.07868474
171.00000000,2205.00000000,0.07935751
171.00000000,2206.00000000,0.08003414
171.00000000,2207.00000000,0.08071466
171.00000000,2208.00000000,0.08139901
171.00000000,2209.00000000,0.08208723
171.00000000,2210.00000000,0.08277929
171.00000000,2211.00000000,0.08347516
171.00000000,2212.00000000,0.08424833
171.00000000,2213.00000000,0.08502558
171.00000000,2214.00000000,0.08580686
171.00000000,2215.00000000,0.08659217
171.00000000,2216.00000000,0.08738145
171.00000000,2217.00000000,0.08817463
171.00000000,2218.00000000,0.08897174
171.00000000,2219.00000000,0.08977267
171.00000000,2220.00000000,0.09057743
171.00000000,2221.00000000,0.09138595
171.00000000,2222.00000000,0.09219396
171.00000000,2223.00000000,0.09300566
171.00000000,2224.00000000,0.09382098
171.00000000,2225.00000000,0.09463983
171.00000000,2226.00000000,0.09546224
171.00000000,2227.00000000,0.09628813
171.00000000,2228.00000000,0.09711740
171.00000000,2229.00000000,0.09795004
171.00000000,2230.00000000,0.09878597
171.00000000,2231.00000000,0.09962505
171.00000000,2232.00000000,0.10030107
171.00000000,2233.00000000,0.10097942
171.00000000,2234.00000000,0.10166017
171.00000000,2235.00000000,0.10234327
171.00000000,2236.00000000,0.10302866
171.00000000,2237.00000000,0.10371636
171.00000000,2238.00000000,0.10440635
171.00000000,2239.00000000,0.10509855
171.00000000,2240.00000000,0.10579296
171.00000000,2241.00000000,0.10648951
171.00000000,2242.00000000,0.10703555
171.00000000,2243.00000000,0.10758305
171.00000000,2244.00000000,0.10813193
171.00000000,2245.00000000,0.10868227
171.00000000,2246.00000000,0.10923404
171.00000000,2247.00000000,0.10978720
171.00000000,2248.00000000,0.11034180
171.00000000,2249.00000000,0.11089769
171.00000000,2250.00000000,0.11145409
171.00000000,2251.00000000,0.11200960
171.00000000,2252.00000000,0.11247609
171.00000000,2253.00000000,0.11293911
171.00000000,2254.00000000,0.11339836
171.00000000,2255.00000000,0.11385366
171.00000000,2256.00000000,0.11430500
171.00000000,2257.00000000,0.11475234
171.00000000,2258.00000000,0.11519563
171.00000000,2259.00000000,0.11563498
171.00000000,2260.00000000,0.11607039
171.00000000,2261.00000000,0.11650189
171.00000000,2262.00000000,0.11683893
171.00000000,2263.00000000,0.11717206
171.00000000,2264.00000000,0.11750137
171.00000000,2265.00000000,0.11782702
171.00000000,2266.00000000,0.11814906
171.00000000,2267.00000000,0.11846752
171.00000000,2268.00000000,0.11878254
171.00000000,2269.00000000,0.11909411
171.00000000,2270.00000000,0.11940235
171.00000000,2271.00000000,0.11970729
171.00000000,2272.00000000,0.11993840
171.00000000,2273.00000000,0.12016615
171.00000000,2274.00000000,0.12039054
171.00000000,2275.00000000,0.12061159
171.00000000,2276.00000000,0.12082945
171.00000000,2277.00000000,0.12104412
171.00000000,2278.00000000,0.12125564
171.00000000,2279.00000000,0.12146412
171.00000000,2280.00000000,0.12166956
171.00000000,2281.00000000,0.12187205
171.00000000,2282.00000000,0.12207163
171.00000000,2283.00000000,0.12226827
171.00000000,2284.00000000,0.12246214
171.00000000,2285.00000000,0.12265318
171.00000000,2286.00000000,0.12284143
171.00000000,2287.00000000,0.12302699
171.00000000,2288.00000000,0.12320988
171.00000000,2289.00000000,0.12339004
171.00000000,2290.00000000,0.12356764
171.00000000,2291.00000000,0.12374263
171.00000000,2292.00000000,0.12391501
171.00000000,2293.00000000,0.12408490
171.00000000,2294.00000000,0.12425220
171.00000000,2295.00000000,0.12441708
171.00000000,2296.00000000,0.12457947
171.00000000,2297.00000000,0.12473936
171.00000000,2298.00000000,0.12489689
171.00000000,2299.00000000,0.12505204
171.00000000,2300.00000000,0.12520471
171.00000000,2301.00000000,0.12535507
171.00000000,2302.00000000,0.12550309
171.00000000,2303.00000000,0.12564864
171.00000000,2304.00000000,0.12579194
171.00000000,2305.00000000,0.12593282
171.00000000,2306.00000000,0.12607145
171.00000000,2307.00000000,0.12620778
171.00000000,2308.00000000,0.12634172
171.00000000,2309.00000000,0.12647342
171.00000000,2310.00000000,0.12660286
171.00000000,2311.00000000,0.12672994
171.00000000,2312.00000000,0.12685479
171.00000000,2313.00000000,0.12697740
171.00000000,2314.00000000,0.12709765
171.00000000,2315.00000000,0.12721569
171.00000000,2316.00000000,0.12733140
171.00000000,2317.00000000,0.12744491
171.00000000,2318.00000000,0.12755613
171.00000000,2319.00000000,0.12766495
171.00000000,2320.00000000,0.12777151
171.00000000,2321.00000000,0.12787565
171.00000000,2322.00000000,0.12748302
171.00000000,2323.00000000,0.12708742
171.00000000,2324.00000000,0.12668889
171.00000000,2325.00000000,0.12628741
171.00000000,2326.00000000,0.12588317
171.00000000,2327.00000000,0.12547616
171.00000000,2328.00000000,0.12506638
171.00000000,2329.00000000,0.12465403
171.00000000,2330.00000000,0.12423904
171.00000000,2331.00000000,0.12382157
171.00000000,2332.00000000,0.12340163
171.00000000,2333.00000000,0.12297919
171.00000000,2334.00000000,0.12255446
171.00000000,2335.00000000,0.12212741
171.00000000,2336.00000000,0.12169804
171.00000000,2337.00000000,0.12126650
171.00000000,2338.00000000,0.12083280
171.00000000,2339.00000000,0.12039691
171.00000000,2340.00000000,0.11995900
171.00000000,2341.00000000,0.11951901
171.00000000,2342.00000000,0.11907707
171.00000000,2343.00000000,0.11863319
171.00000000,2344.00000000,0.11818734
171.00000000,2345.00000000,0.11773970
171.00000000,2346.00000000,0.11729023
171.00000000,2347.00000000,0.11683893
171.00000000,2348.00000000,0.11638593
171.00000000,2349.00000000,0.11593123
171.00000000,2350.00000000,0.11547481
171.00000000,2351.00000000,0.11501681
171.00000000,2352.00000000,0.11455724
171.00000000,2353.00000000,0.11409604
171.00000000,2354.00000000,0.11363338
171.00000000,2355.00000000,0.11316917
171.00000000,2356.00000000,0.11270357
171.00000000,2357.00000000,0.11223655
171.00000000,2358.00000000,0.11176809
171.00000000,2359.00000000,0.11129833
171.00000000,2360.00000000,0.11082724
171.00000000,2361.00000000,0.11035481
171.00000000,2362.00000000,0.10988116
171.00000000,2363.00000000,0.10940629
171.00000000,2364.00000000,0.10893015
171.00000000,2365.00000000,0.10845288
171.00000000,2366.00000000,0.10797441
171.00000000,2367.00000000,0.10749486
171.00000000,2368.00000000,0.10701423
171.00000000,2369.00000000,0.10653247
171.00000000,2370.00000000,0.10604971
171.00000000,2371.00000000,0.10556593
171.00000000,2372.00000000,0.10508112
171.00000000,2373.00000000,0.10459539
171.00000000,2374.00000000,0.10410870
171.00000000,2375.00000000,0.10362104
171.00000000,2376.00000000,0.10313255
171.00000000,2377.00000000,0.10264318
171.00000000,2378.00000000,0.10215289
171.00000000,2379.00000000,0.10166185
171.00000000,2380.00000000,0.10116993
171.00000000,2381.00000000,0.10067730
171.00000000,2382.00000000,0.10018389
171.00000000,2383.00000000,0.09968968
171.00000000,2384.00000000,0.09919482
171.00000000,2385.00000000,0.09869926
171.00000000,2386.00000000,0.09820297
171.00000000,2387.00000000,0.09770605
171.00000000,2388.00000000,0.09720852
171.00000000,2389.00000000,0.09671030
171.00000000,2390.00000000,0.09621155
171.00000000,2391.00000000,0.09571215
171.00000000,2392.00000000,0.09521225
171.00000000,2393.00000000,0.09471180
171.00000000,2394.00000000,0.09421079
171.00000000,2395.00000000,0.09370932
171.00000000,2396.00000000,0.09320735
171.00000000,2397.00000000,0.09270487
171.00000000,2398.00000000,0.09220198
171.00000000,2399.00000000,0.09169867
171.00000000,2400.00000000,0.09119489
171.00000000,2401.00000000,0.09069075
171.00000000,2402.00000000,0.09018620
171.00000000,2403.00000000,0.08968133
171.00000000,2404.00000000,0.08917612
171.00000000,2405.00000000,0.08867052
171.00000000,2406.00000000,0.08816468
171.00000000,2407.00000000,0.08765854
171.00000000,2408.00000000,0.08715207
171.00000000,2409.00000000,0.08664539
171.00000000,2410.00000000,0.08613847
171.00000000,2411.00000000,0.08563125
171.00000000,2412.00000000,0.08512389
171.00000000,2413.00000000,0.08461633
171.00000000,2414.00000000,0.08410854
171.00000000,2415.00000000,0.08360063
171.00000000,2416.00000000,0.08309254
171.00000000,2417.00000000,0.08258438
171.00000000,2418.00000000,0.08207613
171.00000000,2419.00000000,0.08156781
171.00000000,2420.00000000,0.08116658
171.00000000,2421.00000000,0.08108051
171.00000000,2422.00000000,0.08108065
171.00000000,2423.00000000,0.08108099
171.00000000,2424.00000000,0.08108147
171.00000000,2425.00000000,0.08108203
171.00000000,2426.00000000,0.08108279
171.00000000,2427.00000000,0.08109712
171.00000000,2428.00000000,0.08111166
171.00000000,2429.00000000,0.08112632
171.00000000,2430.00000000,0.08114104
171.00000000,2431.00000000,0.08115594
171.00000000,2432.00000000,0.08114427
171.00000000,2433.00000000,0.08113263
171.00000000,2434.00000000,0.08112117
171.00000000,2435.00000000,0.08110980
171.00000000,2436.00000000,0.08109848
171.00000000,2437.00000000,0.08108730
171.00000000,2438.00000000,0.08107621
171.00000000,2439.00000000,0.08106515
171.00000000,2440.00000000,0.08105425
171.00000000,2441.00000000,0.08104336
171.00000000,2442.00000000,0.08103262
171.00000000,2443.00000000,0.08102196
171.00000000,2444.00000000,0.08101132
171.00000000,2445.00000000,0.08100082
171.00000000,2446.00000000,0.08099038
171.00000000,2447.00000000,0.08097881
171.00000000,2448.00000000,0.08096737
171.00000000,2449.00000000,0.08095600
171.00000000,2450.00000000,0.08094463
171.00000000,2451.00000000,0.08093340
171.00000000,2452.00000000,0.08092215
171.00000000,2453.00000000,0.08091102
171.00000000,2454.00000000,0.08089997
171.00000000,2455.00000000,0.08088890
171.00000000,2456.00000000,0.08087794
171.00000000,2457.00000000,0.08086704
171.00000000,2458.00000000,0.08085614
171.00000000,2459.00000000,0.08084534
171.00000000,2460.00000000,0.08083459
171.00000000,2461.00000000,0.08082381
171.00000000,2462.00000000,0.08081315
171.00000000,2463.00000000,0.08080248
171.00000000,2464.00000000,0.08079191
171.00000000,2465.00000000,0.08078138
171.00000000,2466.00000000,0.08077083
171.00000000,2467.00000000,0.08076039
171.00000000,2468.00000000,0.08074999
171.00000000,2469.00000000,0.08073956
171.00000000,2470.00000000,0.08072923
171.00000000,2471.00000000,0.08071894
171.00000000,2472.00000000,0.08071118
171.00000000,2473.00000000,0.08070353
171.00000000,2474.00000000,0.08069592
171.00000000,2475.00000000,0.08068826
171.00000000,2476.00000000,0.08068071
171.00000000,2477.00000000,0.08067313
171.00000000,2478.00000000,0.08066563
171.00000000,2479.00000000,0.08065818
171.00000000,2480.00000000,0.08065068
171.00000000,2481.00000000,0.08064328
171.00000000,2482.00000000,0.08063592
171.00000000,2483.00000000,0.08062851
171.00000000,2484.00000000,0.08062119
171.00000000,2485.00000000,0.08061390
171.00000000,2486.00000000,0.08060656
171.00000000,2487.00000000,0.08059932
171.00000000,2488.00000000,0.08059203
171.00000000,2489.00000000,0.08058484
171.00000000,2490.00000000,0.08057766
171.00000000,2491.00000000,0.08057043
171.00000000,2492.00000000,0.08056331
171.00000000,2493.00000000,0.08055620
171.00000000,2494.00000000,0.08054902
171.00000000,2495.00000000,0.08054196
171.00000000,2496.00000000,0.08053491
171.00000000,2497.00000000,0.08052779
171.00000000,2498.00000000,0.08052078
171.00000000,2499.00000000,0.08051378
171.00000000,2500.00000000,0.08050671
172.00000000,1765.00000000,0.05462490
172.00000000,1766.00000000,0.05462489
172.00000000,1767.00000000,0.05462491
172.00000000,1768.00000000,0.05462493
172.00000000,1769.00000000,0.05462512
172.00000000,1770.00000000,0.05462539
172.00000000,1771.00000000,0.05462578
172.00000000,1772.00000000,0.05462640
172.00000000,1773.00000000,0.05462696
172.00000000,1774.00000000,0.05462759
172.00000000,1775.00000000,0.05462841
172.00000000,1776.00000000,0.05462940
172.00000000,1777.00000000,0.05463032
172.00000000,1778.00000000,0.05463155
172.00000000,1779.00000000,0.05463265
172.00000000,1780.00000000,0.05463398
172.00000000,1781.00000000,0.05463547
172.00000000,1782.00000000,0.05463699
172.00000000,1783.00000000,0.05463852
172.00000000,1784.00000000,0.05464014
172.00000000,1785.00000000,0.05464188
172.00000000,1786.00000000,0.05464373
172.00000000,1787.00000000,0.05464562
172.00000000,1788.00000000,0.05464756
172.00000000,1789.00000000,0.05464955
172.00000000,1790.00000000,0.05465166
172.00000000,1791.00000000,0.05465376
172.00000000,1792.00000000,0.05465606
172.00000000,1793.00000000,0.05465811
172.00000000,1794.00000000,0.05466040
172.00000000,1795.00000000,0.05466277
172.00000000,1796.00000000,0.05466518
172.00000000,1797.00000000,0.05466757
172.00000000,1798.00000000,0.05466996
172.00000000,1799.00000000,0.05467251
172.00000000,1800.00000000,0.05467501
172.00000000,1801.00000000,0.05467757
172.00000000,1802.00000000,0.05468010
172.00000000,1803.00000000,0.05468275
172.00000000,1804.00000000,0.05468529
172.00000000,1805.00000000,0.05468796
172.00000000,1806.00000000,0.05469069
172.00000000,1807.00000000,0.05469328
172.00000000,1808.00000000,0.05469608
172.00000000,1809.00000000,0.05469888
172.00000000,1810.00000000,0.05470152
172.00000000,1811.00000000,0.05470436
172.00000000,1812.00000000,0.05470715
172.00000000,1813.00000000,0.05470985
172.00000000,1814.00000000,0.05471273
172.00000000,1815.00000000,0.05471564
172.00000000,1816.00000000,0.05471833
172.00000000,1817.00000000,0.05472116
172.00000000,1818.00000000,0.05472399
172.00000000,1819.00000000,0.05472682
172.00000000,1820.00000000,0.05472965
172.00000000,1821.00000000,0.05473256
172.00000000,1822.00000000,0.05473536
172.00000000,1823.00000000,0.05473829
172.00000000,1824.00000000,0.05474099
172.00000000,1825.00000000,0.05474378
172.00000000,1826.00000000,0.05474662
172.00000000,1827.00000000,0.05474957
172.00000000,1828.00000000,0.05475232
172.00000000,1829.00000000,0.05475516
172.00000000,1830.00000000,0.05475797
172.00000000,1831.00000000,0.05476075
172.00000000,1832.00000000,0.05476355
172.00000000,1833.00000000,0.05476638
172.00000000,1834.00000000,0.05476899
172.00000000,1835.00000000,0.05477178
172.00000000,1836.00000000,0.05477451
172.00000000,1837.00000000,0.05477718
172.00000000,1838.00000000,0.05477986
172.00000000,1839.00000000,0.05478254
172.00000000,1840.00000000,0.05478525
172.00000000,1841.00000000,0.05478786
172.00000000,1842.00000000,0.05479046
172.00000000,1843.00000000,0.05479298
172.00000000,1844.00000000,0.05479559
172.00000000,1845.00000000,0.05479811
172.00000000,1846.00000000,0.05480068
172.00000000,1847.00000000,0.05480317
172.00000000,1848.00000000,0.05480567
172.00000000,1849.00000000,0.05480806
172.00000000,1850.00000000,0.05481046
172.00000000,1851.00000000,0.05481289
172.00000000,1852.00000000,0.05481520
172.00000000,1853.00000000,0.05481773
172.00000000,1854.00000000,0.05482038
172.00000000,1855.00000000,0.05482307
172.00000000,1856.00000000,0.05482558
172.00000000,1857.00000000,0.05482804
172.00000000,1858.00000000,0.05483044
172.00000000,1859.00000000,0.05483285
172.00000000,1860.00000000,0.05483516
172.00000000,1861.00000000,0.05483740
172.00000000,1862.00000000,0.05483953
172.00000000,1863.00000000,0.05484117
172.00000000,1864.00000000,0.05484241
172.00000000,1865.00000000,0.05484333
172.00000000,1866.00000000,0.05484403
172.00000000,1867.00000000,0.05484451
172.00000000,1868.00000000,0.05484477
172.00000000,1869.00000000,0.05484481
172.00000000,1870.00000000,0.05484469
172.00000000,1871.00000000,0.05484440
172.00000000,1872.00000000,0.05484421
172.00000000,1873.00000000,0.05484461
172.00000000,1874.00000000,0.05484530
172.00000000,1875.00000000,0.05484620
172.00000000,1876.00000000,0.05484743
172.00000000,1877.00000000,0.05484861
172.00000000,1878.00000000,0.05484999
172.00000000,1879.00000000,0.05485150
172.00000000,1880.00000000,0.05485302
172.00000000,1881.00000000,0.05485442
172.00000000,1882.00000000,0.05485599
172.00000000,1883.00000000,0.05485714
172.00000000,1884.00000000,0.05485801
172.00000000,1885.00000000,0.05485873
172.00000000,1886.00000000,0.05485922
172.00000000,1887.00000000,0.05485963
172.00000000,1888.00000000,0.05485991
172.00000000,1889.00000000,0.05486000
172.00000000,1890.00000000,0.05485979
172.00000000,1891.00000000,0.05485938
172.00000000,1892.00000000,0.05485876
172.00000000,1893.00000000,0.05485801
172.00000000,1894.00000000,0.05485726
172.00000000,1895.00000000,0.05485653
172.00000000,1896.00000000,0.05485584
172.00000000,1897.00000000,0.05485508
172.00000000,1898.00000000,0.05485426
172.00000000,1899.00000000,0.05485327
172.00000000,1900.00000000,0.05485208
172.00000000,1901.00000000,0.05485065
172.00000000,1902.00000000,0.05484935
172.00000000,1903.00000000,0.05484808
172.00000000,1904.00000000,0.05484688
172.00000000,1905.00000000,0.05484584
172.00000000,1906.00000000,0.05484493
172.00000000,1907.00000000,0.05484414
172.00000000,1908.00000000,0.05484332
172.00000000,1909.00000000,0.05484237
172.00000000,1910.00000000,0.05484151
172.00000000,1911.00000000,0.05484053
172.00000000,1912.00000000,0.05483904
172.00000000,1913.00000000,0.05483694
172.00000000,1914.00000000,0.05483411
172.00000000,1915.00000000,0.05483099
172.00000000,1916.00000000,0.05482780
172.00000000,1917.00000000,0.05482456
172.00000000,1918.00000000,0.05482121
172.00000000,1919.00000000,0.05481789
172.00000000,1920.00000000,0.05481496
172.00000000,1921.00000000,0.05481249
172.00000000,1922.00000000,0.05481069
172.00000000,1923.00000000,0.05480937
172.00000000,1924.00000000,0.05480818
172.00000000,1925.00000000,0.05480688
172.00000000,1926.00000000,0.05480552
172.00000000,1927.00000000,0.05480415
172.00000000,1928.00000000,0.05480289
172.00000000,1929.00000000,0.05480161
172.00000000,1930.00000000,0.05480046
172.00000000,1931.00000000,0.05480010
172.00000000,1932.00000000,0.05480068
172.00000000,1933.00000000,0.05480181
172.00000000,1934.00000000,0.05480338
172.00000000,1935.00000000,0.05480494
172.00000000,1936.00000000,0.05480617
172.00000000,1937.00000000,0.05480677
172.00000000,1938.00000000,0.05481154
172.00000000,1939.00000000,0.05481074
172.00000000,1940.00000000,0.05480939
172.00000000,1941.00000000,0.05480747
172.00000000,1942.00000000,0.05480483
172.00000000,1943.00000000,0.05480341
172.00000000,1944.00000000,0.05480000
172.00000000,1945.00000000,0.05479661
172.00000000,1946.00000000,0.05479393
172.00000000,1947.00000000,0.05479250
172.00000000,1948.00000000,0.05479170
172.00000000,1949.00000000,0.05479097
172.00000000,1950.00000000,0.05479021
172.00000000,1951.00000000,0.05478933
172.00000000,1952.00000000,0.05478906
172.00000000,1953.00000000,0.05479067
172.00000000,1954.00000000,0.05479056
172.00000000,1955.00000000,0.05479069
172.00000000,1956.00000000,0.05479095
172.00000000,1957.00000000,0.05479091
172.00000000,1958.00000000,0.05479062
172.00000000,1959.00000000,0.05478992
172.00000000,1960.00000000,0.05478791
172.00000000,1961.00000000,0.05478468
172.00000000,1962.00000000,0.05478076
172.00000000,1963.00000000,0.05477798
172.00000000,1964.00000000,0.05477273
172.00000000,1965.00000000,0.05476647
172.00000000,1966.00000000,0.05475923
172.00000000,1967.00000000,0.05475108
172.00000000,1968.00000000,0.05474177
172.00000000,1969.00000000,0.05473265
172.00000000,1970.00000000,0.05472006
172.00000000,1971.00000000,0.05470513
172.00000000,1972.00000000,0.05468885
172.00000000,1973.00000000,0.05466836
172.00000000,1974.00000000,0.05464907
172.00000000,1975.00000000,0.05462350
172.00000000,1976.00000000,0.05459922
172.00000000,1977.00000000,0.05457503
172.00000000,1978.00000000,0.05455239
172.00000000,1979.00000000,0.05452779
172.00000000,1980.00000000,0.05450267
172.00000000,1981.00000000,0.05447740
172.00000000,1982.00000000,0.05445349
172.00000000,1983.00000000,0.05443429
172.00000000,1984.00000000,0.05441627
172.00000000,1985.00000000,0.05440042
172.00000000,1986.00000000,0.05438592
172.00000000,1987.00000000,0.05437359
172.00000000,1988.00000000,0.05436144
172.00000000,1989.00000000,0.05434904
172.00000000,1990.00000000,0.05433452
172.00000000,1991.00000000,0.05431981
172.00000000,1992.00000000,0.05430540
172.00000000,1993.00000000,0.05429136
172.00000000,1994.00000000,0.05427976
172.00000000,1995.00000000,0.05426874
172.00000000,1996.00000000,0.05425610
172.00000000,1997.00000000,0.05424474
172.00000000,1998.00000000,0.05423117
172.00000000,1999.00000000,0.05421915
172.00000000,2000.00000000,0.05420549
172.00000000,2001.00000000,0.05419165
172.00000000,2002.00000000,0.05418746
172.00000000,2003.00000000,0.05417159
172.00000000,2004.00000000,0.05415652
172.00000000,2005.00000000,0.05414122
172.00000000,2006.00000000,0.05412146
172.00000000,2007.00000000,0.05410050
172.00000000,2008.00000000,0.05408201
172.00000000,2009.00000000,0.05405460
172.00000000,2010.00000000,0.05402678
172.00000000,2011.00000000,0.05399707
172.00000000,2012.00000000,0.05396713
172.00000000,2013.00000000,0.05393367
172.00000000,2014.00000000,0.05389995
172.00000000,2015.00000000,0.05386267
172.00000000,2016.00000000,0.05382520
172.00000000,2017.00000000,0.05378926
172.00000000,2018.00000000,0.05374498
172.00000000,2019.00000000,0.05370410
172.00000000,2020.00000000,0.05365842
172.00000000,2021.00000000,0.05361463
172.00000000,2022.00000000,0.05357126
172.00000000,2023.00000000,0.05352022
172.00000000,2024.00000000,0.05347328
172.00000000,2025.00000000,0.05342389
172.00000000,2026.00000000,0.05338687
172.00000000,2027.00000000,0.05333606
172.00000000,2028.00000000,0.05328954
172.00000000,2029.00000000,0.05323589
172.00000000,2030.00000000,0.05318177
172.00000000,2031.00000000,0.05313366
172.00000000,2032.00000000,0.05308980
172.00000000,2033.00000000,0.05303862
172.00000000,2034.00000000,0.05298327
172.00000000,2035.00000000,0.05293509
172.00000000,2036.00000000,0.05288766
172.00000000,2037.00000000,0.05283770
172.00000000,2038.00000000,0.05278043
172.00000000,2039.00000000,0.05273084
172.00000000,2040.00000000,0.05267529
172.00000000,2041.00000000,0.05262231
172.00000000,2042.00000000,0.05256531
172.00000000,2043.00000000,0.05251384
172.00000000,2044.00000000,0.05247430
172.00000000,2045.00000000,0.05242402
172.00000000,2046.00000000,0.05233890
172.00000000,2047.00000000,0.05229116
172.00000000,2048.00000000,0.05222471
172.00000000,2049.00000000,0.05215729
172.00000000,2050.00000000,0.05208646
172.00000000,2051.00000000,0.05203461
172.00000000,2052.00000000,0.05200097
172.00000000,2053.00000000,0.05193633
172.00000000,2054.00000000,0.05188036
172.00000000,2055.00000000,0.05182842
172.00000000,2056.00000000,0.05175530
172.00000000,2057.00000000,0.05168001
172.00000000,2058.00000000,0.05160739
172.00000000,2059.00000000,0.05155003
172.00000000,2060.00000000,0.05152038
172.00000000,2061.00000000,0.05144031
172.00000000,2062.00000000,0.05140557
172.00000000,2063.00000000,0.05135092
172.00000000,2064.00000000,0.05127515
172.00000000,2065.00000000,0.05119091
172.00000000,2066.00000000,0.05113407
172.00000000,2067.00000000,0.05109370
172.00000000,2068.00000000,0.05103878
172.00000000,2069.00000000,0.05099722
172.00000000,2070.00000000,0.05096276
172.00000000,2071.00000000,0.05095540
172.00000000,2072.00000000,0.05092618
172.00000000,2073.00000000,0.05088457
172.00000000,2074.00000000,0.05083852
172.00000000,2075.00000000,0.05085072
172.00000000,2076.00000000,0.05079727
172.00000000,2077.00000000,0.05079426
172.00000000,2078.00000000,0.05080028
172.00000000,2079.00000000,0.05085767
172.00000000,2080.00000000,0.05074760
172.00000000,2081.00000000,0.05074346
172.00000000,2082.00000000,0.05073895
172.00000000,2083.00000000,0.05070997
172.00000000,2084.00000000,0.05072157
172.00000000,2085.00000000,0.05076603
172.00000000,2086.00000000,0.05057524
172.00000000,2087.00000000,0.05050793
172.00000000,2088.00000000,0.05055479
172.00000000,2089.00000000,0.05058926
172.00000000,2090.00000000,0.05051537
172.00000000,2091.00000000,0.05027663
172.00000000,2092.00000000,0.05042252
172.00000000,2093.00000000,0.05018870
172.00000000,2094.00000000,0.05021216
172.00000000,2095.00000000,0.05036096
172.00000000,2096.00000000,0.05031447
172.00000000,2097.00000000,0.05029788
172.00000000,2098.00000000,0.05027682
172.00000000,2099.00000000,0.05036272
172.00000000,2100.00000000,0.05033703
172.00000000,2101.00000000,0.05042673
172.00000000,2102.00000000,0.05026277
172.00000000,2103.00000000,0.05006926
172.00000000,2104.00000000,0.04990704
172.00000000,2105.00000000,0.04995224
172.00000000,2106.00000000,0.05004951
172.00000000,2107.00000000,0.05011019
172.00000000,2108.00000000,0.05024493
172.00000000,2109.00000000,0.05034584
172.00000000,2110.00000000,0.05023324
172.00000000,2111.00000000,0.05029469
172.00000000,2112.00000000,0.05044159
172.00000000,2113.00000000,0.05048410
172.00000000,2114.00000000,0.05048846
172.00000000,2115.00000000,0.05055457
172.00000000,2116.00000000,0.05053847
172.00000000,2117.00000000,0.05020839
172.00000000,2118.00000000,0.05032211
172.00000000,2119.00000000,0.05054925
172.00000000,2120.00000000,0.05066531
172.00000000,2121.00000000,0.05059707
172.00000000,2122.00000000,0.05091329
172.00000000,2123.00000000,0.05112439
172.00000000,2124.00000000,0.05117609
172.00000000,2125.00000000,0.05125421
172.00000000,2126.00000000,0.05130318
172.00000000,2127.00000000,0.05157906
172.00000000,2128.00000000,0.05179356
172.00000000,2129.00000000,0.05194655
172.00000000,2130.00000000,0.05205407
172.00000000,2131.00000000,0.05226805
172.00000000,2132.00000000,0.05245845
172.00000000,2133.00000000,0.05250714
172.00000000,2134.00000000,0.05268721
172.00000000,2135.00000000,0.05293007
172.00000000,2136.00000000,0.05319189
172.00000000,2137.00000000,0.05342155
172.00000000,2138.00000000,0.05368613
172.00000000,2139.00000000,0.05387326
172.00000000,2140.00000000,0.05416516
172.00000000,2141.00000000,0.05450934
172.00000000,2142.00000000,0.05494794
172.00000000,2143.00000000,0.05521124
172.00000000,2144.00000000,0.05549453
172.00000000,2145.00000000,0.05587787
172.00000000,2146.00000000,0.05593155
172.00000000,2147.00000000,0.05593092
172.00000000,2148.00000000,0.05636371
172.00000000,2149.00000000,0.05661991
172.00000000,2150.00000000,0.05677506
172.00000000,2151.00000000,0.05723099
172.00000000,2152.00000000,0.05719834
172.00000000,2153.00000000,0.05700975
172.00000000,2154.00000000,0.05700336
172.00000000,2155.00000000,0.05703555
172.00000000,2156.00000000,0.05735823
172.00000000,2157.00000000,0.05764692
172.00000000,2158.00000000,0.05795687
172.00000000,2159.00000000,0.05823695
172.00000000,2160.00000000,0.05861961
172.00000000,2161.00000000,0.05888028
172.00000000,2162.00000000,0.05904193
172.00000000,2163.00000000,0.05925896
172.00000000,2164.00000000,0.05917518
172.00000000,2165.00000000,0.05927356
172.00000000,2166.00000000,0.05953856
172.00000000,2167.00000000,0.05982428
172.00000000,2168.00000000,0.06012484
172.00000000,2169.00000000,0.06038608
172.00000000,2170.00000000,0.06044516
172.00000000,2171.00000000,0.06052472
172.00000000,2172.00000000,0.06087901
172.00000000,2173.00000000,0.06122953
172.00000000,2174.00000000,0.06142532
172.00000000,2175.00000000,0.06204272
172.00000000,2176.00000000,0.06273647
172.00000000,2177.00000000,0.06330646
172.00000000,2178.00000000,0.06371986
172.00000000,2179.00000000,0.06413711
172.00000000,2180.00000000,0.06455828
172.00000000,2181.00000000,0.06498292
172.00000000,2182.00000000,0.06541108
172.00000000,2183.00000000,0.06594696
172.00000000,2184.00000000,0.06648668
172.00000000,2185.00000000,0.06703025
172.00000000,2186.00000000,0.06757761
172.00000000,2187.00000000,0.06812870
172.00000000,2188.00000000,0.06868356
172.00000000,2189.00000000,0.06924210
172.00000000,2190.00000000,0.06980429
172.00000000,2191.00000000,0.07037012
172.00000000,2192.00000000,0.07093953
172.00000000,2193.00000000,0.07146577
172.00000000,2194.00000000,0.07199543
172.00000000,2195.00000000,0.07252846
172.00000000,2196.00000000,0.07306490
172.00000000,2197.00000000,0.07360476
172.00000000,2198.00000000,0.07414803
172.00000000,2199.00000000,0.07469476
172.00000000,2200.00000000,0.07524495
172.00000000,2201.00000000,0.07579862
172.00000000,2202.00000000,0.07635586
172.00000000,2203.00000000,0.07701538
172.00000000,2204.00000000,0.07767881
172.00000000,2205.00000000,0.07834619
172.00000000,2206.00000000,0.07901747
172.00000000,2207.00000000,0.07969259
172.00000000,2208.00000000,0.08037161
172.00000000,2209.00000000,0.08105445
172.00000000,2210.00000000,0.08174116
172.00000000,2211.00000000,0.08243170
172.00000000,2212.00000000,0.08312605
172.00000000,2213.00000000,0.08389739
172.00000000,2214.00000000,0.08467280
172.00000000,2215.00000000,0.08545224
172.00000000,2216.00000000,0.08623571
172.00000000,2217.00000000,0.08702316
172.00000000,2218.00000000,0.08781451
172.00000000,2219.00000000,0.08860978
172.00000000,2220.00000000,0.08940886
172.00000000,2221.00000000,0.09021178
172.00000000,2222.00000000,0.09101847
172.00000000,2223.00000000,0.09182467
172.00000000,2224.00000000,0.09263456
172.00000000,2225.00000000,0.09344806
172.00000000,2226.00000000,0.09426511
172.00000000,2227.00000000,0.09508572
172.00000000,2228.00000000,0.09590981
172.00000000,2229.00000000,0.09673727
172.00000000,2230.00000000,0.09756814
172.00000000,2231.00000000,0.09840228
172.00000000,2232.00000000,0.09923959
172.00000000,2233.00000000,0.09991446
172.00000000,2234.00000000,0.10059170
172.00000000,2235.00000000,0.10127133
172.00000000,2236.00000000,0.10195331
172.00000000,2237.00000000,0.10263758
172.00000000,2238.00000000,0.10332420
172.00000000,2239.00000000,0.10401309
172.00000000,2240.00000000,0.10470420
172.00000000,2241.00000000,0.10539752
172.00000000,2242.00000000,0.10609299
172.00000000,2243.00000000,0.10663854
172.00000000,2244.00000000,0.10718553
172.00000000,2245.00000000,0.10773392
172.00000000,2246.00000000,0.10828378
172.00000000,2247.00000000,0.10883507
172.00000000,2248.00000000,0.10938776
172.00000000,2249.00000000,0.10994177
172.00000000,2250.00000000,0.11049635
172.00000000,2251.00000000,0.11105003
172.00000000,2252.00000000,0.11160149
172.00000000,2253.00000000,0.11206351
172.00000000,2254.00000000,0.11252175
172.00000000,2255.00000000,0.11297612
172.00000000,2256.00000000,0.11342652
172.00000000,2257.00000000,0.11387298
172.00000000,2258.00000000,0.11431547
172.00000000,2259.00000000,0.11475399
172.00000000,2260.00000000,0.11518865
172.00000000,2261.00000000,0.11561949
172.00000000,2262.00000000,0.11604661
172.00000000,2263.00000000,0.11637981
172.00000000,2264.00000000,0.11670923
172.00000000,2265.00000000,0.11703494
172.00000000,2266.00000000,0.11735709
172.00000000,2267.00000000,0.11767572
172.00000000,2268.00000000,0.11799085
172.00000000,2269.00000000,0.11830263
172.00000000,2270.00000000,0.11861102
172.00000000,2271.00000000,0.11891617
172.00000000,2272.00000000,0.11921809
172.00000000,2273.00000000,0.11944654
172.00000000,2274.00000000,0.11967170
172.00000000,2275.00000000,0.11989358
172.00000000,2276.00000000,0.12011216
172.00000000,2277.00000000,0.12032765
172.00000000,2278.00000000,0.12054000
172.00000000,2279.00000000,0.12074926
172.00000000,2280.00000000,0.12095556
172.00000000,2281.00000000,0.12115884
172.00000000,2282.00000000,0.12135927
172.00000000,2283.00000000,0.12155681
172.00000000,2284.00000000,0.12175149
172.00000000,2285.00000000,0.12194342
172.00000000,2286.00000000,0.12213260
172.00000000,2287.00000000,0.12231901
172.00000000,2288.00000000,0.12250281
172.00000000,2289.00000000,0.12268395
172.00000000,2290.00000000,0.12286243
172.00000000,2291.00000000,0.12303838
172.00000000,2292.00000000,0.12321177
172.00000000,2293.00000000,0.12338258
172.00000000,2294.00000000,0.12355092
172.00000000,2295.00000000,0.12371674
172.00000000,2296.00000000,0.12388015
172.00000000,2297.00000000,0.12404115
172.00000000,2298.00000000,0.12419964
172.00000000,2299.00000000,0.12435584
172.00000000,2300.00000000,0.12450967
172.00000000,2301.00000000,0.12466104
172.00000000,2302.00000000,0.12481016
172.00000000,2303.00000000,0.12495694
172.00000000,2304.00000000,0.12510127
172.00000000,2305.00000000,0.12524339
172.00000000,2306.00000000,0.12538310
172.00000000,2307.00000000,0.12552061
172.00000000,2308.00000000,0.12565584
172.00000000,2309.00000000,0.12578868
172.00000000,2310.00000000,0.12591936
172.00000000,2311.00000000,0.12604778
172.00000000,2312.00000000,0.12617384
172.00000000,2313.00000000,0.12629774
172.00000000,2314.00000000,0.12641939
172.00000000,2315.00000000,0.12653872
172.00000000,2316.00000000,0.12665586
172.00000000,2317.00000000,0.12677070
172.00000000,2318.00000000,0.12688335
172.00000000,2319.00000000,0.12699372
172.00000000,2320.00000000,0.12710175
172.00000000,2321.00000000,0.12720751
172.00000000,2322.00000000,0.12731089
172.00000000,2323.00000000,0.12691968
172.00000000,2324.00000000,0.12652556
172.00000000,2325.00000000,0.12612851
172.00000000,2326.00000000,0.12572854
172.00000000,2327.00000000,0.12532583
172.00000000,2328.00000000,0.12492037
172.00000000,2329.00000000,0.12451218
172.00000000,2330.00000000,0.12410142
172.00000000,2331.00000000,0.12368805
172.00000000,2332.00000000,0.12327222
172.00000000,2333.00000000,0.12285394
172.00000000,2334.00000000,0.12243318
172.00000000,2335.00000000,0.12201014
172.00000000,2336.00000000,0.12158481
172.00000000,2337.00000000,0.12115717
172.00000000,2338.00000000,0.12072738
172.00000000,2339.00000000,0.12029544
172.00000000,2340.00000000,0.11986133
172.00000000,2341.00000000,0.11942522
172.00000000,2342.00000000,0.11898703
172.00000000,2343.00000000,0.11854692
172.00000000,2344.00000000,0.11810488
172.00000000,2345.00000000,0.11766090
172.00000000,2346.00000000,0.11721512
172.00000000,2347.00000000,0.11676753
172.00000000,2348.00000000,0.11631810
172.00000000,2349.00000000,0.11586702
172.00000000,2350.00000000,0.11541424
172.00000000,2351.00000000,0.11495974
172.00000000,2352.00000000,0.11450369
172.00000000,2353.00000000,0.11404605
172.00000000,2354.00000000,0.11358681
172.00000000,2355.00000000,0.11312612
172.00000000,2356.00000000,0.11266391
172.00000000,2357.00000000,0.11220030
172.00000000,2358.00000000,0.11173528
172.00000000,2359.00000000,0.11126884
172.00000000,2360.00000000,0.11080109
172.00000000,2361.00000000,0.11033203
172.00000000,2362.00000000,0.10986165
172.00000000,2363.00000000,0.10939005
172.00000000,2364.00000000,0.10891722
172.00000000,2365.00000000,0.10844313
172.00000000,2366.00000000,0.10796793
172.00000000,2367.00000000,0.10749153
172.00000000,2368.00000000,0.10701408
172.00000000,2369.00000000,0.10653553
172.00000000,2370.00000000,0.10605585
172.00000000,2371.00000000,0.10557520
172.00000000,2372.00000000,0.10509354
172.00000000,2373.00000000,0.10461083
172.00000000,2374.00000000,0.10412720
172.00000000,2375.00000000,0.10364266
172.00000000,2376.00000000,0.10315713
172.00000000,2377.00000000,0.10267076
172.00000000,2378.00000000,0.10218353
172.00000000,2379.00000000,0.10169539
172.00000000,2380.00000000,0.10120648
172.00000000,2381.00000000,0.10071673
172.00000000,2382.00000000,0.10022624
172.00000000,2383.00000000,0.09973499
172.00000000,2384.00000000,0.09924297
172.00000000,2385.00000000,0.09875026
172.00000000,2386.00000000,0.09825688
172.00000000,2387.00000000,0.09776275
172.00000000,2388.00000000,0.09726804
172.00000000,2389.00000000,0.09677268
172.00000000,2390.00000000,0.09627666
172.00000000,2391.00000000,0.09578008
172.00000000,2392.00000000,0.09528289
172.00000000,2393.00000000,0.09478518
172.00000000,2394.00000000,0.09428694
172.00000000,2395.00000000,0.09378813
172.00000000,2396.00000000,0.09328885
172.00000000,2397.00000000,0.09278911
172.00000000,2398.00000000,0.09228883
172.00000000,2399.00000000,0.09178816
172.00000000,2400.00000000,0.09128707
172.00000000,2401.00000000,0.09078550
172.00000000,2402.00000000,0.09028359
172.00000000,2403.00000000,0.08978126
172.00000000,2404.00000000,0.08927863
172.00000000,2405.00000000,0.08877564
172.00000000,2406.00000000,0.08827229
172.00000000,2407.00000000,0.08776868
172.00000000,2408.00000000,0.08726478
172.00000000,2409.00000000,0.08676055
172.00000000,2410.00000000,0.08625611
172.00000000,2411.00000000,0.08575142
172.00000000,2412.00000000,0.08524646
172.00000000,2413.00000000,0.08474134
172.00000000,2414.00000000,0.08423603
172.00000000,2415.00000000,0.08373047
172.00000000,2416.00000000,0.08322482
172.00000000,2417.00000000,0.08271897
172.00000000,2418.00000000,0.08221306
172.00000000,2419.00000000,0.08170706
172.00000000,2420.00000000,0.08120099
172.00000000,2421.00000000,0.08080152
172.00000000,2422.00000000,0.08071581
172.00000000,2423.00000000,0.08071591
172.00000000,2424.00000000,0.08071621
172.00000000,2425.00000000,0.08071666
172.00000000,2426.00000000,0.08071718
172.00000000,2427.00000000,0.08071790
172.00000000,2428.00000000,0.08073214
172.00000000,2429.00000000,0.08074657
172.00000000,2430.00000000,0.08076112
172.00000000,2431.00000000,0.08077574
172.00000000,2432.00000000,0.08079054
172.00000000,2433.00000000,0.08077888
172.00000000,2434.00000000,0.08076726
172.00000000,2435.00000000,0.08075582
172.00000000,2436.00000000,0.08074446
172.00000000,2437.00000000,0.08073315
172.00000000,2438.00000000,0.08072198
172.00000000,2439.00000000,0.08071091
172.00000000,2440.00000000,0.08069986
172.00000000,2441.00000000,0.08068897
172.00000000,2442.00000000,0.08067810
172.00000000,2443.00000000,0.08066736
172.00000000,2444.00000000,0.08065671
172.00000000,2445.00000000,0.08064608
172.00000000,2446.00000000,0.08063558
172.00000000,2447.00000000,0.08062516
172.00000000,2448.00000000,0.08061360
172.00000000,2449.00000000,0.08060216
172.00000000,2450.00000000,0.08059081
172.00000000,2451.00000000,0.08057945
172.00000000,2452.00000000,0.08056822
172.00000000,2453.00000000,0.08055698
172.00000000,2454.00000000,0.08054587
172.00000000,2455.00000000,0.08053482
172.00000000,2456.00000000,0.08052375
172.00000000,2457.00000000,0.08051280
172.00000000,2458.00000000,0.08050191
172.00000000,2459.00000000,0.08049099
172.00000000,2460.00000000,0.08048021
172.00000000,2461.00000000,0.08046946
172.00000000,2462.00000000,0.08045869
172.00000000,2463.00000000,0.08044804
172.00000000,2464.00000000,0.08043737
172.00000000,2465.00000000,0.08042680
172.00000000,2466.00000000,0.08041627
172.00000000,2467.00000000,0.08040573
172.00000000,2468.00000000,0.08039528
172.00000000,2469.00000000,0.08038489
172.00000000,2470.00000000,0.08037446
172.00000000,2471.00000000,0.08036413
172.00000000,2472.00000000,0.08035384
172.00000000,2473.00000000,0.08034607
172.00000000,2474.00000000,0.08033841
172.00000000,2475.00000000,0.08033079
172.00000000,2476.00000000,0.08032312
172.00000000,2477.00000000,0.08031556
172.00000000,2478.00000000,0.08030796
172.00000000,2479.00000000,0.08030046
172.00000000,2480.00000000,0.08029299
172.00000000,2481.00000000,0.08028549
172.00000000,2482.00000000,0.08027808
172.00000000,2483.00000000,0.08027070
172.00000000,2484.00000000,0.08026327
172.00000000,2485.00000000,0.08025594
172.00000000,2486.00000000,0.08024864
172.00000000,2487.00000000,0.08024129
172.00000000,2488.00000000,0.08023404
172.00000000,2489.00000000,0.08022673
172.00000000,2490.00000000,0.08021952
172.00000000,2491.00000000,0.08021235
172.00000000,2492.00000000,0.08020510
172.00000000,2493.00000000,0.08019795
172.00000000,2494.00000000,0.08019084
172.00000000,2495.00000000,0.08018365
172.00000000,2496.00000000,0.08017657
172.00000000,2497.00000000,0.08016950
172.00000000,2498.00000000,0.08016238
172.00000000,2499.00000000,0.08015535
172.00000000,2500.00000000,0.08014833
173.00000000,1765.00000000,0.05431163
173.00000000,1766.00000000,0.05431167
173.00000000,1767.00000000,0.05431170
173.00000000,1768.00000000,0.05431179
173.00000000,1769.00000000,0.05431188
173.00000000,1770.00000000,0.05431217
173.00000000,1771.00000000,0.05431254
173.00000000,1772.00000000,0.05431304
173.00000000,1773.00000000,0.05431376
173.00000000,1774.00000000,0.05431441
173.00000000,1775.00000000,0.05431515
173.00000000,1776.00000000,0.05431607
173.00000000,1777.00000000,0.05431715
173.00000000,1778.00000000,0.05431818
173.00000000,1779.00000000,0.05431949
173.00000000,1780.00000000,0.05432069
173.00000000,1781.00000000,0.05432210
173.00000000,1782.00000000,0.05432366
173.00000000,1783.00000000,0.05432526
173.00000000,1784.00000000,0.05432687
173.00000000,1785.00000000,0.05432855
173.00000000,1786.00000000,0.05433035
173.00000000,1787.00000000,0.05433226
173.00000000,1788.00000000,0.05433421
173.00000000,1789.00000000,0.05433620
173.00000000,1790.00000000,0.05433824
173.00000000,1791.00000000,0.05434040
173.00000000,1792.00000000,0.05434253
173.00000000,1793.00000000,0.05434487
173.00000000,1794.00000000,0.05434696
173.00000000,1795.00000000,0.05434929
173.00000000,1796.00000000,0.05435168
173.00000000,1797.00000000,0.05435413
173.00000000,1798.00000000,0.05435653
173.00000000,1799.00000000,0.05435894
173.00000000,1800.00000000,0.05436151
173.00000000,1801.00000000,0.05436403
173.00000000,1802.00000000,0.05436660
173.00000000,1803.00000000,0.05436914
173.00000000,1804.00000000,0.05437180
173.00000000,1805.00000000,0.05437435
173.00000000,1806.00000000,0.05437703
173.00000000,1807.00000000,0.05437975
173.00000000,1808.00000000,0.05438236
173.00000000,1809.00000000,0.05438515
173.00000000,1810.00000000,0.05438795
173.00000000,1811.00000000,0.05439061
173.00000000,1812.00000000,0.05439344
173.00000000,1813.00000000,0.05439622
173.00000000,1814.00000000,0.05439893
173.00000000,1815.00000000,0.05440180
173.00000000,1816.00000000,0.05440470
173.00000000,1817.00000000,0.05440737
173.00000000,1818.00000000,0.05441019
173.00000000,1819.00000000,0.05441301
173.00000000,1820.00000000,0.05441583
173.00000000,1821.00000000,0.05441864
173.00000000,1822.00000000,0.05442154
173.00000000,1823.00000000,0.05442432
173.00000000,1824.00000000,0.05442724
173.00000000,1825.00000000,0.05442992
173.00000000,1826.00000000,0.05443268
173.00000000,1827.00000000,0.05443550
173.00000000,1828.00000000,0.05443843
173.00000000,1829.00000000,0.05444116
173.00000000,1830.00000000,0.05444398
173.00000000,1831.00000000,0.05444676
173.00000000,1832.00000000,0.05444950
173.00000000,1833.00000000,0.05445227
173.00000000,1834.00000000,0.05445507
173.00000000,1835.00000000,0.05445765
173.00000000,1836.00000000,0.05446042
173.00000000,1837.00000000,0.05446311
173.00000000,1838.00000000,0.05446575
173.00000000,1839.00000000,0.05446839
173.00000000,1840.00000000,0.05447105
173.00000000,1841.00000000,0.05447372
173.00000000,1842.00000000,0.05447630
173.00000000,1843.00000000,0.05447886
173.00000000,1844.00000000,0.05448134
173.00000000,1845.00000000,0.05448391
173.00000000,1846.00000000,0.05448640
173.00000000,1847.00000000,0.05448892
173.00000000,1848.00000000,0.05449137
173.00000000,1849.00000000,0.05449383
173.00000000,1850.00000000,0.05449618
173.00000000,1851.00000000,0.05449852
173.00000000,1852.00000000,0.05450089
173.00000000,1853.00000000,0.05450343
173.00000000,1854.00000000,0.05450605
173.00000000,1855.00000000,0.05450865
173.00000000,1856.00000000,0.05451123
173.00000000,1857.00000000,0.05451366
173.00000000,1858.00000000,0.05451604
173.00000000,1859.00000000,0.05451838
173.00000000,1860.00000000,0.05452072
173.00000000,1861.00000000,0.05452296
173.00000000,1862.00000000,0.05452505
173.00000000,1863.00000000,0.05452670
173.00000000,1864.00000000,0.05452793
173.00000000,1865.00000000,0.05452887
173.00000000,1866.00000000,0.05452953
173.00000000,1867.00000000,0.05453000
173.00000000,1868.00000000,0.05453026
173.00000000,1869.00000000,0.05453032
173.00000000,1870.00000000,0.05453018
173.00000000,1871.00000000,0.05452993
173.00000000,1872.00000000,0.05452973
173.00000000,1873.00000000,0.05453005
173.00000000,1874.00000000,0.05453080
173.00000000,1875.00000000,0.05453173
173.00000000,1876.00000000,0.05453281
173.00000000,1877.00000000,0.05453416
173.00000000,1878.00000000,0.05453544
173.00000000,1879.00000000,0.05453691
173.00000000,1880.00000000,0.05453844
173.00000000,1881.00000000,0.05453996
173.00000000,1882.00000000,0.05454135
173.00000000,1883.00000000,0.05454257
173.00000000,1884.00000000,0.05454342
173.00000000,1885.00000000,0.05454408
173.00000000,1886.00000000,0.05454465
173.00000000,1887.00000000,0.05454503
173.00000000,1888.00000000,0.05454529
173.00000000,1889.00000000,0.05454536
173.00000000,1890.00000000,0.05454522
173.00000000,1891.00000000,0.05454476
173.00000000,1892.00000000,0.05454411
173.00000000,1893.00000000,0.05454339
173.00000000,1894.00000000,0.05454262
173.00000000,1895.00000000,0.05454193
173.00000000,1896.00000000,0.05454122
173.00000000,1897.00000000,0.05454047
173.00000000,1898.00000000,0.05453963
173.00000000,1899.00000000,0.05453866
173.00000000,1900.00000000,0.05453744
173.00000000,1901.00000000,0.05453606
173.00000000,1902.00000000,0.05453472
173.00000000,1903.00000000,0.05453346
173.00000000,1904.00000000,0.05453227
173.00000000,1905.00000000,0.05453121
173.00000000,1906.00000000,0.05453033
173.00000000,1907.00000000,0.05452951
173.00000000,1908.00000000,0.05452866
173.00000000,1909.00000000,0.05452778
173.00000000,1910.00000000,0.05452684
173.00000000,1911.00000000,0.05452585
173.00000000,1912.00000000,0.05452442
173.00000000,1913.00000000,0.05452227
173.00000000,1914.00000000,0.05451948
173.00000000,1915.00000000,0.05451632
173.00000000,1916.00000000,0.05451315
173.00000000,1917.00000000,0.05450993
173.00000000,1918.00000000,0.05450657
173.00000000,1919.00000000,0.05450325
173.00000000,1920.00000000,0.05450030
173.00000000,1921.00000000,0.05449784
173.00000000,1922.00000000,0.05449602
173.00000000,1923.00000000,0.05449469
173.00000000,1924.00000000,0.05449345
173.00000000,1925.00000000,0.05449214
173.00000000,1926.00000000,0.05449076
173.00000000,1927.00000000,0.05448938
173.00000000,1928.00000000,0.05448807
173.00000000,1929.00000000,0.05448675
173.00000000,1930.00000000,0.05448558
173.00000000,1931.00000000,0.05448516
173.00000000,1932.00000000,0.05448570
173.00000000,1933.00000000,0.05448676
173.00000000,1934.00000000,0.05448826
173.00000000,1935.00000000,0.05448975
173.00000000,1936.00000000,0.05449089
173.00000000,1937.00000000,0.05449141
173.00000000,1938.00000000,0.05449107
173.00000000,1939.00000000,0.05449516
173.00000000,1940.00000000,0.05449384
173.00000000,1941.00000000,0.05449176
173.00000000,1942.00000000,0.05448905
173.00000000,1943.00000000,0.05448592
173.00000000,1944.00000000,0.05448410
173.00000000,1945.00000000,0.05448066
173.00000000,1946.00000000,0.05447792
173.00000000,1947.00000000,0.05447643
173.00000000,1948.00000000,0.05447556
173.00000000,1949.00000000,0.05447476
173.00000000,1950.00000000,0.05447393
173.00000000,1951.00000000,0.05447305
173.00000000,1952.00000000,0.05447264
173.00000000,1953.00000000,0.05447251
173.00000000,1954.00000000,0.05447406
173.00000000,1955.00000000,0.05447413
173.00000000,1956.00000000,0.05447423
173.00000000,1957.00000000,0.05447426
173.00000000,1958.00000000,0.05447386
173.00000000,1959.00000000,0.05447311
173.00000000,1960.00000000,0.05447104
173.00000000,1961.00000000,0.05446778
173.00000000,1962.00000000,0.05446390
173.00000000,1963.00000000,0.05445931
173.00000000,1964.00000000,0.05445573
173.00000000,1965.00000000,0.05444951
173.00000000,1966.00000000,0.05444223
173.00000000,1967.00000000,0.05443405
173.00000000,1968.00000000,0.05442481
173.00000000,1969.00000000,0.05441397
173.00000000,1970.00000000,0.05440312
173.00000000,1971.00000000,0.05438817
173.00000000,1972.00000000,0.05437031
173.00000000,1973.00000000,0.05435154
173.00000000,1974.00000000,0.05432901
173.00000000,1975.00000000,0.05430853
173.00000000,1976.00000000,0.05428270
173.00000000,1977.00000000,0.05425861
173.00000000,1978.00000000,0.05423435
173.00000000,1979.00000000,0.05421155
173.00000000,1980.00000000,0.05418653
173.00000000,1981.00000000,0.05416135
173.00000000,1982.00000000,0.05413759
173.00000000,1983.00000000,0.05411672
173.00000000,1984.00000000,0.05410045
173.00000000,1985.00000000,0.05408470
173.00000000,1986.00000000,0.05407018
173.00000000,1987.00000000,0.05405628
173.00000000,1988.00000000,0.05404407
173.00000000,1989.00000000,0.05403173
173.00000000,1990.00000000,0.05401894
173.00000000,1991.00000000,0.05400425
173.00000000,1992.00000000,0.05398991
173.00000000,1993.00000000,0.05397589
173.00000000,1994.00000000,0.05396265
173.00000000,1995.00000000,0.05395163
173.00000000,1996.00000000,0.05394071
173.00000000,1997.00000000,0.05392771
173.00000000,1998.00000000,0.05391582
173.00000000,1999.00000000,0.05390215
173.00000000,2000.00000000,0.05389022
173.00000000,2001.00000000,0.05387640
173.00000000,2002.00000000,0.05386220
173.00000000,2003.00000000,0.05385799
173.00000000,2004.00000000,0.05384132
173.00000000,2005.00000000,0.05382437
173.00000000,2006.00000000,0.05380632
173.00000000,2007.00000000,0.05378381
173.00000000,2008.00000000,0.05376040
173.00000000,2009.00000000,0.05373969
173.00000000,2010.00000000,0.05371034
173.00000000,2011.00000000,0.05368073
173.00000000,2012.00000000,0.05364930
173.00000000,2013.00000000,0.05361759
173.00000000,2014.00000000,0.05358235
173.00000000,2015.00000000,0.05354687
173.00000000,2016.00000000,0.05350790
173.00000000,2017.00000000,0.05346882
173.00000000,2018.00000000,0.05343134
173.00000000,2019.00000000,0.05338566
173.00000000,2020.00000000,0.05334346
173.00000000,2021.00000000,0.05329659
173.00000000,2022.00000000,0.05325174
173.00000000,2023.00000000,0.05320749
173.00000000,2024.00000000,0.05315577
173.00000000,2025.00000000,0.05310824
173.00000000,2026.00000000,0.05305836
173.00000000,2027.00000000,0.05302085
173.00000000,2028.00000000,0.05296968
173.00000000,2029.00000000,0.05292283
173.00000000,2030.00000000,0.05286895
173.00000000,2031.00000000,0.05281459
173.00000000,2032.00000000,0.05276610
173.00000000,2033.00000000,0.05272167
173.00000000,2034.00000000,0.05266987
173.00000000,2035.00000000,0.05261386
173.00000000,2036.00000000,0.05256494
173.00000000,2037.00000000,0.05251676
173.00000000,2038.00000000,0.05246610
173.00000000,2039.00000000,0.05240823
173.00000000,2040.00000000,0.05235800
173.00000000,2041.00000000,0.05230186
173.00000000,2042.00000000,0.05224816
173.00000000,2043.00000000,0.05219035
173.00000000,2044.00000000,0.05213796
173.00000000,2045.00000000,0.05209737
173.00000000,2046.00000000,0.05204613
173.00000000,2047.00000000,0.05196033
173.00000000,2048.00000000,0.05191168
173.00000000,2049.00000000,0.05184450
173.00000000,2050.00000000,0.05177641
173.00000000,2051.00000000,0.05170498
173.00000000,2052.00000000,0.05165245
173.00000000,2053.00000000,0.05161807
173.00000000,2054.00000000,0.05155296
173.00000000,2055.00000000,0.05149651
173.00000000,2056.00000000,0.05144409
173.00000000,2057.00000000,0.05137070
173.00000000,2058.00000000,0.05129520
173.00000000,2059.00000000,0.05122239
173.00000000,2060.00000000,0.05116475
173.00000000,2061.00000000,0.05113474
173.00000000,2062.00000000,0.05105501
173.00000000,2063.00000000,0.05102065
173.00000000,2064.00000000,0.05096681
173.00000000,2065.00000000,0.05089211
173.00000000,2066.00000000,0.05080910
173.00000000,2067.00000000,0.05075332
173.00000000,2068.00000000,0.05071386
173.00000000,2069.00000000,0.05065996
173.00000000,2070.00000000,0.05061931
173.00000000,2071.00000000,0.05058573
173.00000000,2072.00000000,0.05057929
173.00000000,2073.00000000,0.05055140
173.00000000,2074.00000000,0.05051137
173.00000000,2075.00000000,0.05046700
173.00000000,2076.00000000,0.05048048
173.00000000,2077.00000000,0.05042873
173.00000000,2078.00000000,0.05042702
173.00000000,2079.00000000,0.05043421
173.00000000,2080.00000000,0.05049234
173.00000000,2081.00000000,0.05038417
173.00000000,2082.00000000,0.05038128
173.00000000,2083.00000000,0.05037811
173.00000000,2084.00000000,0.05035068
173.00000000,2085.00000000,0.05036353
173.00000000,2086.00000000,0.05040898
173.00000000,2087.00000000,0.05022077
173.00000000,2088.00000000,0.05015511
173.00000000,2089.00000000,0.05020277
173.00000000,2090.00000000,0.05023809
173.00000000,2091.00000000,0.05016577
173.00000000,2092.00000000,0.04992982
173.00000000,2093.00000000,0.05007598
173.00000000,2094.00000000,0.04984506
173.00000000,2095.00000000,0.04986965
173.00000000,2096.00000000,0.05001873
173.00000000,2097.00000000,0.04997380
173.00000000,2098.00000000,0.04995852
173.00000000,2099.00000000,0.04993874
173.00000000,2100.00000000,0.05002515
173.00000000,2101.00000000,0.05000071
173.00000000,2102.00000000,0.05009101
173.00000000,2103.00000000,0.04992942
173.00000000,2104.00000000,0.04973849
173.00000000,2105.00000000,0.04957865
173.00000000,2106.00000000,0.04962484
173.00000000,2107.00000000,0.04972272
173.00000000,2108.00000000,0.04978420
173.00000000,2109.00000000,0.04991922
173.00000000,2110.00000000,0.05002059
173.00000000,2111.00000000,0.04990977
173.00000000,2112.00000000,0.04997183
173.00000000,2113.00000000,0.05011876
173.00000000,2114.00000000,0.05016193
173.00000000,2115.00000000,0.05016716
173.00000000,2116.00000000,0.05023371
173.00000000,2117.00000000,0.05021854
173.00000000,2118.00000000,0.04989134
173.00000000,2119.00000000,0.05000509
173.00000000,2120.00000000,0.05023154
173.00000000,2121.00000000,0.05034759
173.00000000,2122.00000000,0.05028047
173.00000000,2123.00000000,0.05059538
173.00000000,2124.00000000,0.05080581
173.00000000,2125.00000000,0.05085781
173.00000000,2126.00000000,0.05093607
173.00000000,2127.00000000,0.05098535
173.00000000,2128.00000000,0.05126013
173.00000000,2129.00000000,0.05147389
173.00000000,2130.00000000,0.05162653
173.00000000,2131.00000000,0.05173397
173.00000000,2132.00000000,0.05194720
173.00000000,2133.00000000,0.05213698
173.00000000,2134.00000000,0.05218592
173.00000000,2135.00000000,0.05236542
173.00000000,2136.00000000,0.05260732
173.00000000,2137.00000000,0.05286806
173.00000000,2138.00000000,0.05309684
173.00000000,2139.00000000,0.05336031
173.00000000,2140.00000000,0.05354681
173.00000000,2141.00000000,0.05383743
173.00000000,2142.00000000,0.05418002
173.00000000,2143.00000000,0.05461646
173.00000000,2144.00000000,0.05487866
173.00000000,2145.00000000,0.05516072
173.00000000,2146.00000000,0.05554223
173.00000000,2147.00000000,0.05559605
173.00000000,2148.00000000,0.05559589
173.00000000,2149.00000000,0.05602656
173.00000000,2150.00000000,0.05628169
173.00000000,2151.00000000,0.05643668
173.00000000,2152.00000000,0.05689152
173.00000000,2153.00000000,0.05686150
173.00000000,2154.00000000,0.05667683
173.00000000,2155.00000000,0.05667346
173.00000000,2156.00000000,0.05670848
173.00000000,2157.00000000,0.05703231
173.00000000,2158.00000000,0.05732231
173.00000000,2159.00000000,0.05763340
173.00000000,2160.00000000,0.05791472
173.00000000,2161.00000000,0.05829799
173.00000000,2162.00000000,0.05855988
173.00000000,2163.00000000,0.05872320
173.00000000,2164.00000000,0.05894154
173.00000000,2165.00000000,0.05886062
173.00000000,2166.00000000,0.05896080
173.00000000,2167.00000000,0.05922666
173.00000000,2168.00000000,0.05951309
173.00000000,2169.00000000,0.05981423
173.00000000,2170.00000000,0.06007622
173.00000000,2171.00000000,0.06013703
173.00000000,2172.00000000,0.06021816
173.00000000,2173.00000000,0.06057259
173.00000000,2174.00000000,0.06092325
173.00000000,2175.00000000,0.06111991
173.00000000,2176.00000000,0.06173606
173.00000000,2177.00000000,0.06242818
173.00000000,2178.00000000,0.06299713
173.00000000,2179.00000000,0.06341025
173.00000000,2180.00000000,0.06382719
173.00000000,2181.00000000,0.06424800
173.00000000,2182.00000000,0.06467226
173.00000000,2183.00000000,0.06510001
173.00000000,2184.00000000,0.06563495
173.00000000,2185.00000000,0.06617371
173.00000000,2186.00000000,0.06671630
173.00000000,2187.00000000,0.06726265
173.00000000,2188.00000000,0.06781273
173.00000000,2189.00000000,0.06836654
173.00000000,2190.00000000,0.06892403
173.00000000,2191.00000000,0.06948513
173.00000000,2192.00000000,0.07004986
173.00000000,2193.00000000,0.07061816
173.00000000,2194.00000000,0.07114348
173.00000000,2195.00000000,0.07167221
173.00000000,2196.00000000,0.07220429
173.00000000,2197.00000000,0.07273978
173.00000000,2198.00000000,0.07327867
173.00000000,2199.00000000,0.07382095
173.00000000,2200.00000000,0.07436668
173.00000000,2201.00000000,0.07491587
173.00000000,2202.00000000,0.07546851
173.00000000,2203.00000000,0.07602473
173.00000000,2204.00000000,0.07668278
173.00000000,2205.00000000,0.07734474
173.00000000,2206.00000000,0.07801064
173.00000000,2207.00000000,0.07868043
173.00000000,2208.00000000,0.07935406
173.00000000,2209.00000000,0.08003158
173.00000000,2210.00000000,0.08071291
173.00000000,2211.00000000,0.08139810
173.00000000,2212.00000000,0.08208714
173.00000000,2213.00000000,0.08277997
173.00000000,2214.00000000,0.08354948
173.00000000,2215.00000000,0.08432307
173.00000000,2216.00000000,0.08510068
173.00000000,2217.00000000,0.08588232
173.00000000,2218.00000000,0.08666794
173.00000000,2219.00000000,0.08745746
173.00000000,2220.00000000,0.08825089
173.00000000,2221.00000000,0.08904815
173.00000000,2222.00000000,0.08984925
173.00000000,2223.00000000,0.09065413
173.00000000,2224.00000000,0.09145851
173.00000000,2225.00000000,0.09226659
173.00000000,2226.00000000,0.09307830
173.00000000,2227.00000000,0.09389356
173.00000000,2228.00000000,0.09471238
173.00000000,2229.00000000,0.09553467
173.00000000,2230.00000000,0.09636036
173.00000000,2231.00000000,0.09718945
173.00000000,2232.00000000,0.09802182
173.00000000,2233.00000000,0.09885735
173.00000000,2234.00000000,0.09953111
173.00000000,2235.00000000,0.10020722
173.00000000,2236.00000000,0.10088574
173.00000000,2237.00000000,0.10156661
173.00000000,2238.00000000,0.10224979
173.00000000,2239.00000000,0.10293531
173.00000000,2240.00000000,0.10362311
173.00000000,2241.00000000,0.10431313
173.00000000,2242.00000000,0.10500538
173.00000000,2243.00000000,0.10569979
173.00000000,2244.00000000,0.10624483
173.00000000,2245.00000000,0.10679133
173.00000000,2246.00000000,0.10733924
173.00000000,2247.00000000,0.10788861
173.00000000,2248.00000000,0.10843943
173.00000000,2249.00000000,0.10899153
173.00000000,2250.00000000,0.10954423
173.00000000,2251.00000000,0.11009611
173.00000000,2252.00000000,0.11064576
173.00000000,2253.00000000,0.11119247
173.00000000,2254.00000000,0.11164975
173.00000000,2255.00000000,0.11210313
173.00000000,2256.00000000,0.11255264
173.00000000,2257.00000000,0.11299819
173.00000000,2258.00000000,0.11343983
173.00000000,2259.00000000,0.11387757
173.00000000,2260.00000000,0.11431143
173.00000000,2261.00000000,0.11474156
173.00000000,2262.00000000,0.11516805
173.00000000,2263.00000000,0.11559100
173.00000000,2264.00000000,0.11592050
173.00000000,2265.00000000,0.11624634
173.00000000,2266.00000000,0.11656856
173.00000000,2267.00000000,0.11688732
173.00000000,2268.00000000,0.11720264
173.00000000,2269.00000000,0.11751453
173.00000000,2270.00000000,0.11782316
173.00000000,2271.00000000,0.11812847
173.00000000,2272.00000000,0.11843062
173.00000000,2273.00000000,0.11872960
173.00000000,2274.00000000,0.11895547
173.00000000,2275.00000000,0.11917812
173.00000000,2276.00000000,0.11939754
173.00000000,2277.00000000,0.11961376
173.00000000,2278.00000000,0.11982692
173.00000000,2279.00000000,0.12003704
173.00000000,2280.00000000,0.12024411
173.00000000,2281.00000000,0.12044827
173.00000000,2282.00000000,0.12064949
173.00000000,2283.00000000,0.12084788
173.00000000,2284.00000000,0.12104347
173.00000000,2285.00000000,0.12123622
173.00000000,2286.00000000,0.12142628
173.00000000,2287.00000000,0.12161365
173.00000000,2288.00000000,0.12179828
173.00000000,2289.00000000,0.12198035
173.00000000,2290.00000000,0.12215980
173.00000000,2291.00000000,0.12233664
173.00000000,2292.00000000,0.12251097
173.00000000,2293.00000000,0.12268280
173.00000000,2294.00000000,0.12285207
173.00000000,2295.00000000,0.12301895
173.00000000,2296.00000000,0.12318330
173.00000000,2297.00000000,0.12334531
173.00000000,2298.00000000,0.12350493
173.00000000,2299.00000000,0.12366207
173.00000000,2300.00000000,0.12381696
173.00000000,2301.00000000,0.12396948
173.00000000,2302.00000000,0.12411961
173.00000000,2303.00000000,0.12426748
173.00000000,2304.00000000,0.12441303
173.00000000,2305.00000000,0.12455619
173.00000000,2306.00000000,0.12469715
173.00000000,2307.00000000,0.12483573
173.00000000,2308.00000000,0.12497213
173.00000000,2309.00000000,0.12510628
173.00000000,2310.00000000,0.12523808
173.00000000,2311.00000000,0.12536773
173.00000000,2312.00000000,0.12549515
173.00000000,2313.00000000,0.12562023
173.00000000,2314.00000000,0.12574318
173.00000000,2315.00000000,0.12586391
173.00000000,2316.00000000,0.12598232
173.00000000,2317.00000000,0.12609860
173.00000000,2318.00000000,0.12621257
173.00000000,2319.00000000,0.12632439
173.00000000,2320.00000000,0.12643394
173.00000000,2321.00000000,0.12654117
173.00000000,2322.00000000,0.12664617
173.00000000,2323.00000000,0.12674879
173.00000000,2324.00000000,0.12635902
173.00000000,2325.00000000,0.12596636
173.00000000,2326.00000000,0.12557081
173.00000000,2327.00000000,0.12517235
173.00000000,2328.00000000,0.12477117
173.00000000,2329.00000000,0.12436726
173.00000000,2330.00000000,0.12396065
173.00000000,2331.00000000,0.12355150
173.00000000,2332.00000000,0.12313974
173.00000000,2333.00000000,0.12272555
173.00000000,2334.00000000,0.12230893
173.00000000,2335.00000000,0.12188984
173.00000000,2336.00000000,0.12146850
173.00000000,2337.00000000,0.12104488
173.00000000,2338.00000000,0.12061897
173.00000000,2339.00000000,0.12019092
173.00000000,2340.00000000,0.11976074
173.00000000,2341.00000000,0.11932841
173.00000000,2342.00000000,0.11889409
173.00000000,2343.00000000,0.11845771
173.00000000,2344.00000000,0.11801942
173.00000000,2345.00000000,0.11757921
173.00000000,2346.00000000,0.11713707
173.00000000,2347.00000000,0.11669315
173.00000000,2348.00000000,0.11624744
173.00000000,2349.00000000,0.11579991
173.00000000,2350.00000000,0.11535071
173.00000000,2351.00000000,0.11489983
173.00000000,2352.00000000,0.11444726
173.00000000,2353.00000000,0.11399314
173.00000000,2354.00000000,0.11353745
173.00000000,2355.00000000,0.11308017
173.00000000,2356.00000000,0.11262144
173.00000000,2357.00000000,0.11216120
173.00000000,2358.00000000,0.11169958
173.00000000,2359.00000000,0.11123656
173.00000000,2360.00000000,0.11077212
173.00000000,2361.00000000,0.11030638
173.00000000,2362.00000000,0.10983936
173.00000000,2363.00000000,0.10937099
173.00000000,2364.00000000,0.10890142
173.00000000,2365.00000000,0.10843063
173.00000000,2366.00000000,0.10795860
173.00000000,2367.00000000,0.10748547
173.00000000,2368.00000000,0.10701114
173.00000000,2369.00000000,0.10653574
173.00000000,2370.00000000,0.10605927
173.00000000,2371.00000000,0.10558168
173.00000000,2372.00000000,0.10510312
173.00000000,2373.00000000,0.10462355
173.00000000,2374.00000000,0.10414294
173.00000000,2375.00000000,0.10366144
173.00000000,2376.00000000,0.10317899
173.00000000,2377.00000000,0.10269557
173.00000000,2378.00000000,0.10221134
173.00000000,2379.00000000,0.10172623
173.00000000,2380.00000000,0.10124022
173.00000000,2381.00000000,0.10075346
173.00000000,2382.00000000,0.10026584
173.00000000,2383.00000000,0.09977750
173.00000000,2384.00000000,0.09928841
173.00000000,2385.00000000,0.09879852
173.00000000,2386.00000000,0.09830799
173.00000000,2387.00000000,0.09781676
173.00000000,2388.00000000,0.09732481
173.00000000,2389.00000000,0.09683225
173.00000000,2390.00000000,0.09633908
173.00000000,2391.00000000,0.09584522
173.00000000,2392.00000000,0.09535084
173.00000000,2393.00000000,0.09485582
173.00000000,2394.00000000,0.09436030
173.00000000,2395.00000000,0.09386426
173.00000000,2396.00000000,0.09336762
173.00000000,2397.00000000,0.09287056
173.00000000,2398.00000000,0.09237300
173.00000000,2399.00000000,0.09187493
173.00000000,2400.00000000,0.09137647
173.00000000,2401.00000000,0.09087757
173.00000000,2402.00000000,0.09037822
173.00000000,2403.00000000,0.08987853
173.00000000,2404.00000000,0.08937842
173.00000000,2405.00000000,0.08887799
173.00000000,2406.00000000,0.08837723
173.00000000,2407.00000000,0.08787610
173.00000000,2408.00000000,0.08737472
173.00000000,2409.00000000,0.08687304
173.00000000,2410.00000000,0.08637104
173.00000000,2411.00000000,0.08586882
173.00000000,2412.00000000,0.08536637
173.00000000,2413.00000000,0.08486364
173.00000000,2414.00000000,0.08436075
173.00000000,2415.00000000,0.08385767
173.00000000,2416.00000000,0.08335436
173.00000000,2417.00000000,0.08285094
173.00000000,2418.00000000,0.08234732
173.00000000,2419.00000000,0.08184364
173.00000000,2420.00000000,0.08133989
173.00000000,2421.00000000,0.08083605
173.00000000,2422.00000000,0.08043834
173.00000000,2423.00000000,0.08035298
173.00000000,2424.00000000,0.08035305
173.00000000,2425.00000000,0.08035331
173.00000000,2426.00000000,0.08035372
173.00000000,2427.00000000,0.08035420
173.00000000,2428.00000000,0.08035488
173.00000000,2429.00000000,0.08036903
173.00000000,2430.00000000,0.08038335
173.00000000,2431.00000000,0.08039780
173.00000000,2432.00000000,0.08041233
173.00000000,2433.00000000,0.08042702
173.00000000,2434.00000000,0.08041537
173.00000000,2435.00000000,0.08040378
173.00000000,2436.00000000,0.08039234
173.00000000,2437.00000000,0.08038099
173.00000000,2438.00000000,0.08036969
173.00000000,2439.00000000,0.08035854
173.00000000,2440.00000000,0.08034748
173.00000000,2441.00000000,0.08033645
173.00000000,2442.00000000,0.08032556
173.00000000,2443.00000000,0.08031469
173.00000000,2444.00000000,0.08030398
173.00000000,2445.00000000,0.08029333
173.00000000,2446.00000000,0.08028271
173.00000000,2447.00000000,0.08027222
173.00000000,2448.00000000,0.08026180
173.00000000,2449.00000000,0.08025025
173.00000000,2450.00000000,0.08023884
173.00000000,2451.00000000,0.08022749
173.00000000,2452.00000000,0.08021614
173.00000000,2453.00000000,0.08020492
173.00000000,2454.00000000,0.08019369
173.00000000,2455.00000000,0.08018258
173.00000000,2456.00000000,0.08017154
173.00000000,2457.00000000,0.08016047
173.00000000,2458.00000000,0.08014953
173.00000000,2459.00000000,0.08013864
173.00000000,2460.00000000,0.08012773
173.00000000,2461.00000000,0.08011694
173.00000000,2462.00000000,0.08010620
173.00000000,2463.00000000,0.08009544
173.00000000,2464.00000000,0.08008479
173.00000000,2465.00000000,0.08007412
173.00000000,2466.00000000,0.08006356
173.00000000,2467.00000000,0.08005303
173.00000000,2468.00000000,0.08004249
173.00000000,2469.00000000,0.08003205
173.00000000,2470.00000000,0.08002166
173.00000000,2471.00000000,0.08001123
173.00000000,2472.00000000,0.08000090
173.00000000,2473.00000000,0.07999061
173.00000000,2474.00000000,0.07998283
173.00000000,2475.00000000,0.07997516
173.00000000,2476.00000000,0.07996753
173.00000000,2477.00000000,0.07995985
173.00000000,2478.00000000,0.07995228
173.00000000,2479.00000000,0.07994467
173.00000000,2480.00000000,0.07993716
173.00000000,2481.00000000,0.07992968
173.00000000,2482.00000000,0.07992216
173.00000000,2483.00000000,0.07991474
173.00000000,2484.00000000,0.07990735
173.00000000,2485.00000000,0.07989990
173.00000000,2486.00000000,0.07989257
173.00000000,2487.00000000,0.07988526
173.00000000,2488.00000000,0.07987789
173.00000000,2489.00000000,0.07987063
173.00000000,2490.00000000,0.07986331
173.00000000,2491.00000000,0.07985609
173.00000000,2492.00000000,0.07984889
173.00000000,2493.00000000,0.07984163
173.00000000,2494.00000000,0.07983448
173.00000000,2495.00000000,0.07982734
173.00000000,2496.00000000,0.07982015
173.00000000,2497.00000000,0.07981305
173.00000000,2498.00000000,0.07980597
173.00000000,2499.00000000,0.07979883
173.00000000,2500.00000000,0.07979179
174.00000000,1765.00000000,0.05400015
174.00000000,1766.00000000,0.05400022
174.00000000,1767.00000000,0.05400031
174.00000000,1768.00000000,0.05400040
174.00000000,1769.00000000,0.05400056
174.00000000,1770.00000000,0.05400076
174.00000000,1771.00000000,0.05400115
174.00000000,1772.00000000,0.05400162
174.00000000,1773.00000000,0.05400221
174.00000000,1774.00000000,0.05400303
174.00000000,1775.00000000,0.05400379
174.00000000,1776.00000000,0.05400463
174.00000000,1777.00000000,0.05400564
174.00000000,1778.00000000,0.05400683
174.00000000,1779.00000000,0.05400793
174.00000000,1780.00000000,0.05400935
174.00000000,1781.00000000,0.05401063
174.00000000,1782.00000000,0.05401211
174.00000000,1783.00000000,0.05401375
174.00000000,1784.00000000,0.05401542
174.00000000,1785.00000000,0.05401708
174.00000000,1786.00000000,0.05401883
174.00000000,1787.00000000,0.05402070
174.00000000,1788.00000000,0.05402266
174.00000000,1789.00000000,0.05402466
174.00000000,1790.00000000,0.05402670
174.00000000,1791.00000000,0.05402879
174.00000000,1792.00000000,0.05403099
174.00000000,1793.00000000,0.05403315
174.00000000,1794.00000000,0.05403553
174.00000000,1795.00000000,0.05403766
174.00000000,1796.00000000,0.05404001
174.00000000,1797.00000000,0.05404243
174.00000000,1798.00000000,0.05404490
174.00000000,1799.00000000,0.05404732
174.00000000,1800.00000000,0.05404976
174.00000000,1801.00000000,0.05405234
174.00000000,1802.00000000,0.05405486
174.00000000,1803.00000000,0.05405745
174.00000000,1804.00000000,0.05405999
174.00000000,1805.00000000,0.05406266
174.00000000,1806.00000000,0.05406522
174.00000000,1807.00000000,0.05406790
174.00000000,1808.00000000,0.05407064
174.00000000,1809.00000000,0.05407324
174.00000000,1810.00000000,0.05407604
174.00000000,1811.00000000,0.05407885
174.00000000,1812.00000000,0.05408150
174.00000000,1813.00000000,0.05408432
174.00000000,1814.00000000,0.05408710
174.00000000,1815.00000000,0.05408980
174.00000000,1816.00000000,0.05409266
174.00000000,1817.00000000,0.05409556
174.00000000,1818.00000000,0.05409821
174.00000000,1819.00000000,0.05410101
174.00000000,1820.00000000,0.05410382
174.00000000,1821.00000000,0.05410662
174.00000000,1822.00000000,0.05410943
174.00000000,1823.00000000,0.05411231
174.00000000,1824.00000000,0.05411508
174.00000000,1825.00000000,0.05411797
174.00000000,1826.00000000,0.05412063
174.00000000,1827.00000000,0.05412338
174.00000000,1828.00000000,0.05412617
174.00000000,1829.00000000,0.05412908
174.00000000,1830.00000000,0.05413179
174.00000000,1831.00000000,0.05413457
174.00000000,1832.00000000,0.05413731
174.00000000,1833.00000000,0.05414003
174.00000000,1834.00000000,0.05414276
174.00000000,1835.00000000,0.05414554
174.00000000,1836.00000000,0.05414810
174.00000000,1837.00000000,0.05415083
174.00000000,1838.00000000,0.05415348
174.00000000,1839.00000000,0.05415610
174.00000000,1840.00000000,0.05415871
174.00000000,1841.00000000,0.05416132
174.00000000,1842.00000000,0.05416396
174.00000000,1843.00000000,0.05416651
174.00000000,1844.00000000,0.05416904
174.00000000,1845.00000000,0.05417148
174.00000000,1846.00000000,0.05417401
174.00000000,1847.00000000,0.05417645
174.00000000,1848.00000000,0.05417893
174.00000000,1849.00000000,0.05418134
174.00000000,1850.00000000,0.05418377
174.00000000,1851.00000000,0.05418605
174.00000000,1852.00000000,0.05418833
174.00000000,1853.00000000,0.05419093
174.00000000,1854.00000000,0.05419356
174.00000000,1855.00000000,0.05419613
174.00000000,1856.00000000,0.05419862
174.00000000,1857.00000000,0.05420112
174.00000000,1858.00000000,0.05420347
174.00000000,1859.00000000,0.05420579
174.00000000,1860.00000000,0.05420807
174.00000000,1861.00000000,0.05421034
174.00000000,1862.00000000,0.05421243
174.00000000,1863.00000000,0.05421403
174.00000000,1864.00000000,0.05421528
174.00000000,1865.00000000,0.05421622
174.00000000,1866.00000000,0.05421689
174.00000000,1867.00000000,0.05421732
174.00000000,1868.00000000,0.05421758
174.00000000,1869.00000000,0.05421765
174.00000000,1870.00000000,0.05421752
174.00000000,1871.00000000,0.05421725
174.00000000,1872.00000000,0.05421709
174.00000000,1873.00000000,0.05421740
174.00000000,1874.00000000,0.05421806
174.00000000,1875.00000000,0.05421905
174.00000000,1876.00000000,0.05422016
174.00000000,1877.00000000,0.05422137
174.00000000,1878.00000000,0.05422281
174.00000000,1879.00000000,0.05422417
174.00000000,1880.00000000,0.05422567
174.00000000,1881.00000000,0.05422719
174.00000000,1882.00000000,0.05422871
174.00000000,1883.00000000,0.05422975
174.00000000,1884.00000000,0.05423067
174.00000000,1885.00000000,0.05423131
174.00000000,1886.00000000,0.05423184
174.00000000,1887.00000000,0.05423229
174.00000000,1888.00000000,0.05423252
174.00000000,1889.00000000,0.05423257
174.00000000,1890.00000000,0.05423240
174.00000000,1891.00000000,0.05423202
174.00000000,1892.00000000,0.05423132
174.00000000,1893.00000000,0.05423058
174.00000000,1894.00000000,0.05422983
174.00000000,1895.00000000,0.05422912
174.00000000,1896.00000000,0.05422845
174.00000000,1897.00000000,0.05422769
174.00000000,1898.00000000,0.05422686
174.00000000,1899.00000000,0.05422586
174.00000000,1900.00000000,0.05422467
174.00000000,1901.00000000,0.05422326
174.00000000,1902.00000000,0.05422196
174.00000000,1903.00000000,0.05422067
174.00000000,1904.00000000,0.05421950
174.00000000,1905.00000000,0.05421844
174.00000000,1906.00000000,0.05421753
174.00000000,1907.00000000,0.05421675
174.00000000,1908.00000000,0.05421586
174.00000000,1909.00000000,0.05421495
174.00000000,1910.00000000,0.05421409
174.00000000,1911.00000000,0.05421303
174.00000000,1912.00000000,0.05421158
174.00000000,1913.00000000,0.05420949
174.00000000,1914.00000000,0.05420666
174.00000000,1915.00000000,0.05420354
174.00000000,1916.00000000,0.05420033
174.00000000,1917.00000000,0.05419713
174.00000000,1918.00000000,0.05419378
174.00000000,1919.00000000,0.05419045
174.00000000,1920.00000000,0.05418751
174.00000000,1921.00000000,0.05418502
174.00000000,1922.00000000,0.05418321
174.00000000,1923.00000000,0.05418186
174.00000000,1924.00000000,0.05418060
174.00000000,1925.00000000,0.05417925
174.00000000,1926.00000000,0.05417787
174.00000000,1927.00000000,0.05417646
174.00000000,1928.00000000,0.05417514
174.00000000,1929.00000000,0.05417378
174.00000000,1930.00000000,0.05417257
174.00000000,1931.00000000,0.05417212
174.00000000,1932.00000000,0.05417260
174.00000000,1933.00000000,0.05417361
174.00000000,1934.00000000,0.05417503
174.00000000,1935.00000000,0.05417646
174.00000000,1936.00000000,0.05417753
174.00000000,1937.00000000,0.05417797
174.00000000,1938.00000000,0.05417755
174.00000000,1939.00000000,0.05417656
174.00000000,1940.00000000,0.05418010
174.00000000,1941.00000000,0.05417806
174.00000000,1942.00000000,0.05417520
174.00000000,1943.00000000,0.05417200
174.00000000,1944.00000000,0.05416850
174.00000000,1945.00000000,0.05416663
174.00000000,1946.00000000,0.05416384
174.00000000,1947.00000000,0.05416228
174.00000000,1948.00000000,0.05416135
174.00000000,1949.00000000,0.05416047
174.00000000,1950.00000000,0.05415959
174.00000000,1951.00000000,0.05415862
174.00000000,1952.00000000,0.05415823
174.00000000,1953.00000000,0.05415793
174.00000000,1954.00000000,0.05415777
174.00000000,1955.00000000,0.05415948
174.00000000,1956.00000000,0.05415953
174.00000000,1957.00000000,0.05415941
174.00000000,1958.00000000,0.05415906
174.00000000,1959.00000000,0.05415822
174.00000000,1960.00000000,0.05415612
174.00000000,1961.00000000,0.05415278
174.00000000,1962.00000000,0.05414887
174.00000000,1963.00000000,0.05414433
174.00000000,1964.00000000,0.05413896
174.00000000,1965.00000000,0.05413441
174.00000000,1966.00000000,0.05412717
174.00000000,1967.00000000,0.05411896
174.00000000,1968.00000000,0.05410970
174.00000000,1969.00000000,0.05409894
174.00000000,1970.00000000,0.05408638
174.00000000,1971.00000000,0.05407318
174.00000000,1972.00000000,0.05405533
174.00000000,1973.00000000,0.05403499
174.00000000,1974.00000000,0.05401418
174.00000000,1975.00000000,0.05399049
174.00000000,1976.00000000,0.05396972
174.00000000,1977.00000000,0.05394408
174.00000000,1978.00000000,0.05391994
174.00000000,1979.00000000,0.05389552
174.00000000,1980.00000000,0.05387230
174.00000000,1981.00000000,0.05384724
174.00000000,1982.00000000,0.05382353
174.00000000,1983.00000000,0.05380277
174.00000000,1984.00000000,0.05378486
174.00000000,1985.00000000,0.05377084
174.00000000,1986.00000000,0.05375638
174.00000000,1987.00000000,0.05374248
174.00000000,1988.00000000,0.05372873
174.00000000,1989.00000000,0.05371631
174.00000000,1990.00000000,0.05370357
174.00000000,1991.00000000,0.05369061
174.00000000,1992.00000000,0.05367629
174.00000000,1993.00000000,0.05366234
174.00000000,1994.00000000,0.05364911
174.00000000,1995.00000000,0.05363647
174.00000000,1996.00000000,0.05362555
174.00000000,1997.00000000,0.05361426
174.00000000,1998.00000000,0.05360074
174.00000000,1999.00000000,0.05358875
174.00000000,2000.00000000,0.05357517
174.00000000,2001.00000000,0.05356306
174.00000000,2002.00000000,0.05354889
174.00000000,2003.00000000,0.05353473
174.00000000,2004.00000000,0.05352966
174.00000000,2005.00000000,0.05351114
174.00000000,2006.00000000,0.05349146
174.00000000,2007.00000000,0.05347066
174.00000000,2008.00000000,0.05344572
174.00000000,2009.00000000,0.05342014
174.00000000,2010.00000000,0.05339746
174.00000000,2011.00000000,0.05336635
174.00000000,2012.00000000,0.05333503
174.00000000,2013.00000000,0.05330184
174.00000000,2014.00000000,0.05326835
174.00000000,2015.00000000,0.05323137
174.00000000,2016.00000000,0.05319421
174.00000000,2017.00000000,0.05315365
174.00000000,2018.00000000,0.05311306
174.00000000,2019.00000000,0.05307414
174.00000000,2020.00000000,0.05302718
174.00000000,2021.00000000,0.05298377
174.00000000,2022.00000000,0.05293587
174.00000000,2023.00000000,0.05289017
174.00000000,2024.00000000,0.05284520
174.00000000,2025.00000000,0.05279292
174.00000000,2026.00000000,0.05274489
174.00000000,2027.00000000,0.05269460
174.00000000,2028.00000000,0.05265665
174.00000000,2029.00000000,0.05260520
174.00000000,2030.00000000,0.05255807
174.00000000,2031.00000000,0.05250395
174.00000000,2032.00000000,0.05244926
174.00000000,2033.00000000,0.05240025
174.00000000,2034.00000000,0.05235514
174.00000000,2035.00000000,0.05230265
174.00000000,2036.00000000,0.05224597
174.00000000,2037.00000000,0.05219633
174.00000000,2038.00000000,0.05214746
174.00000000,2039.00000000,0.05209614
174.00000000,2040.00000000,0.05203769
174.00000000,2041.00000000,0.05198684
174.00000000,2042.00000000,0.05193001
174.00000000,2043.00000000,0.05187549
174.00000000,2044.00000000,0.05181681
174.00000000,2045.00000000,0.05176347
174.00000000,2046.00000000,0.05172186
174.00000000,2047.00000000,0.05166971
174.00000000,2048.00000000,0.05158328
174.00000000,2049.00000000,0.05153378
174.00000000,2050.00000000,0.05146593
174.00000000,2051.00000000,0.05139722
174.00000000,2052.00000000,0.05132527
174.00000000,2053.00000000,0.05127214
174.00000000,2054.00000000,0.05123707
174.00000000,2055.00000000,0.05117154
174.00000000,2056.00000000,0.05111466
174.00000000,2057.00000000,0.05106184
174.00000000,2058.00000000,0.05098822
174.00000000,2059.00000000,0.05091255
174.00000000,2060.00000000,0.05083958
174.00000000,2061.00000000,0.05078179
174.00000000,2062.00000000,0.05075175
174.00000000,2063.00000000,0.05067276
174.00000000,2064.00000000,0.05063903
174.00000000,2065.00000000,0.05058610
174.00000000,2066.00000000,0.05051256
174.00000000,2067.00000000,0.05043078
174.00000000,2068.00000000,0.05037603
174.00000000,2069.00000000,0.05033749
174.00000000,2070.00000000,0.05028457
174.00000000,2071.00000000,0.05024484
174.00000000,2072.00000000,0.05021235
174.00000000,2073.00000000,0.05020708
174.00000000,2074.00000000,0.05018067
174.00000000,2075.00000000,0.05014228
174.00000000,2076.00000000,0.05009957
174.00000000,2077.00000000,0.05011427
174.00000000,2078.00000000,0.05006416
174.00000000,2079.00000000,0.05006366
174.00000000,2080.00000000,0.05007193
174.00000000,2081.00000000,0.05013077
174.00000000,2082.00000000,0.05002459
174.00000000,2083.00000000,0.05002301
174.00000000,2084.00000000,0.05002119
174.00000000,2085.00000000,0.04999528
174.00000000,2086.00000000,0.05000932
174.00000000,2087.00000000,0.05005570
174.00000000,2088.00000000,0.04987000
174.00000000,2089.00000000,0.04980592
174.00000000,2090.00000000,0.04985431
174.00000000,2091.00000000,0.04989043
174.00000000,2092.00000000,0.04981976
174.00000000,2093.00000000,0.04958669
174.00000000,2094.00000000,0.04973313
174.00000000,2095.00000000,0.04950509
174.00000000,2096.00000000,0.04953080
174.00000000,2097.00000000,0.04968010
174.00000000,2098.00000000,0.04963666
174.00000000,2099.00000000,0.04962261
174.00000000,2100.00000000,0.04960405
174.00000000,2101.00000000,0.04969095
174.00000000,2102.00000000,0.04966784
174.00000000,2103.00000000,0.04975881
174.00000000,2104.00000000,0.04959961
174.00000000,2105.00000000,0.04941125
174.00000000,2106.00000000,0.04925374
174.00000000,2107.00000000,0.04930086
174.00000000,2108.00000000,0.04939928
174.00000000,2109.00000000,0.04946150
174.00000000,2110.00000000,0.04959675
174.00000000,2111.00000000,0.04969852
174.00000000,2112.00000000,0.04958942
174.00000000,2113.00000000,0.04965204
174.00000000,2114.00000000,0.04979895
174.00000000,2115.00000000,0.04984274
174.00000000,2116.00000000,0.04984879
174.00000000,2117.00000000,0.04991574
174.00000000,2118.00000000,0.04990145
174.00000000,2119.00000000,0.04957707
174.00000000,2120.00000000,0.04969084
174.00000000,2121.00000000,0.04991658
174.00000000,2122.00000000,0.05003258
174.00000000,2123.00000000,0.04996654
174.00000000,2124.00000000,0.05028013
174.00000000,2125.00000000,0.05048988
174.00000000,2126.00000000,0.05054217
174.00000000,2127.00000000,0.05062055
174.00000000,2128.00000000,0.05067012
174.00000000,2129.00000000,0.05094380
174.00000000,2130.00000000,0.05115683
174.00000000,2131.00000000,0.05130910
174.00000000,2132.00000000,0.05141644
174.00000000,2133.00000000,0.05162891
174.00000000,2134.00000000,0.05181807
174.00000000,2135.00000000,0.05186723
174.00000000,2136.00000000,0.05204615
174.00000000,2137.00000000,0.05228710
174.00000000,2138.00000000,0.05254676
174.00000000,2139.00000000,0.05277465
174.00000000,2140.00000000,0.05303702
174.00000000,2141.00000000,0.05322287
174.00000000,2142.00000000,0.05351222
174.00000000,2143.00000000,0.05385322
174.00000000,2144.00000000,0.05428751
174.00000000,2145.00000000,0.05454860
174.00000000,2146.00000000,0.05482944
174.00000000,2147.00000000,0.05520912
174.00000000,2148.00000000,0.05526308
174.00000000,2149.00000000,0.05526338
174.00000000,2150.00000000,0.05569194
174.00000000,2151.00000000,0.05594630
174.00000000,2152.00000000,0.05610198
174.00000000,2153.00000000,0.05655654
174.00000000,2154.00000000,0.05652950
174.00000000,2155.00000000,0.05634887
174.00000000,2156.00000000,0.05634852
174.00000000,2157.00000000,0.05638631
174.00000000,2158.00000000,0.05671122
174.00000000,2159.00000000,0.05700244
174.00000000,2160.00000000,0.05731457
174.00000000,2161.00000000,0.05759703
174.00000000,2162.00000000,0.05798082
174.00000000,2163.00000000,0.05824382
174.00000000,2164.00000000,0.05840873
174.00000000,2165.00000000,0.05862830
174.00000000,2166.00000000,0.05855011
174.00000000,2167.00000000,0.05865200
174.00000000,2168.00000000,0.05891866
174.00000000,2169.00000000,0.05920572
174.00000000,2170.00000000,0.05950738
174.00000000,2171.00000000,0.05977005
174.00000000,2172.00000000,0.05983251
174.00000000,2173.00000000,0.05991514
174.00000000,2174.00000000,0.06026967
174.00000000,2175.00000000,0.06062041
174.00000000,2176.00000000,0.06081788
174.00000000,2177.00000000,0.06143276
174.00000000,2178.00000000,0.06212324
174.00000000,2179.00000000,0.06269113
174.00000000,2180.00000000,0.06310393
174.00000000,2181.00000000,0.06352052
174.00000000,2182.00000000,0.06394095
174.00000000,2183.00000000,0.06436480
174.00000000,2184.00000000,0.06479211
174.00000000,2185.00000000,0.06532610
174.00000000,2186.00000000,0.06586388
174.00000000,2187.00000000,0.06640546
174.00000000,2188.00000000,0.06695080
174.00000000,2189.00000000,0.06749984
174.00000000,2190.00000000,0.06805259
174.00000000,2191.00000000,0.06860901
174.00000000,2192.00000000,0.06916902
174.00000000,2193.00000000,0.06973264
174.00000000,2194.00000000,0.07029982
174.00000000,2195.00000000,0.07082422
174.00000000,2196.00000000,0.07135201
174.00000000,2197.00000000,0.07188313
174.00000000,2198.00000000,0.07241766
174.00000000,2199.00000000,0.07295557
174.00000000,2200.00000000,0.07349686
174.00000000,2201.00000000,0.07404158
174.00000000,2202.00000000,0.07458975
174.00000000,2203.00000000,0.07514137
174.00000000,2204.00000000,0.07569655
174.00000000,2205.00000000,0.07635314
174.00000000,2206.00000000,0.07701364
174.00000000,2207.00000000,0.07767805
174.00000000,2208.00000000,0.07834635
174.00000000,2209.00000000,0.07901849
174.00000000,2210.00000000,0.07969451
174.00000000,2211.00000000,0.08037434
174.00000000,2212.00000000,0.08105804
174.00000000,2213.00000000,0.08174556
174.00000000,2214.00000000,0.08243688
174.00000000,2215.00000000,0.08320457
174.00000000,2216.00000000,0.08397634
174.00000000,2217.00000000,0.08475213
174.00000000,2218.00000000,0.08553196
174.00000000,2219.00000000,0.08631576
174.00000000,2220.00000000,0.08710345
174.00000000,2221.00000000,0.08789507
174.00000000,2222.00000000,0.08869051
174.00000000,2223.00000000,0.08948980
174.00000000,2224.00000000,0.09029285
174.00000000,2225.00000000,0.09109544
174.00000000,2226.00000000,0.09190173
174.00000000,2227.00000000,0.09271166
174.00000000,2228.00000000,0.09352513
174.00000000,2229.00000000,0.09434216
174.00000000,2230.00000000,0.09516268
174.00000000,2231.00000000,0.09598661
174.00000000,2232.00000000,0.09681393
174.00000000,2233.00000000,0.09764453
174.00000000,2234.00000000,0.09847831
174.00000000,2235.00000000,0.09915095
174.00000000,2236.00000000,0.09982596
174.00000000,2237.00000000,0.10050337
174.00000000,2238.00000000,0.10118314
174.00000000,2239.00000000,0.10186523
174.00000000,2240.00000000,0.10254966
174.00000000,2241.00000000,0.10323638
174.00000000,2242.00000000,0.10392533
174.00000000,2243.00000000,0.10461651
174.00000000,2244.00000000,0.10530985
174.00000000,2245.00000000,0.10585439
174.00000000,2246.00000000,0.10640042
174.00000000,2247.00000000,0.10694783
174.00000000,2248.00000000,0.10749673
174.00000000,2249.00000000,0.10804696
174.00000000,2250.00000000,0.10859775
174.00000000,2251.00000000,0.10914777
174.00000000,2252.00000000,0.10969565
174.00000000,2253.00000000,0.11024059
174.00000000,2254.00000000,0.11078227
174.00000000,2255.00000000,0.11123472
174.00000000,2256.00000000,0.11168327
174.00000000,2257.00000000,0.11212796
174.00000000,2258.00000000,0.11256871
174.00000000,2259.00000000,0.11300564
174.00000000,2260.00000000,0.11343876
174.00000000,2261.00000000,0.11386811
174.00000000,2262.00000000,0.11429391
174.00000000,2263.00000000,0.11471625
174.00000000,2264.00000000,0.11513517
174.00000000,2265.00000000,0.11546111
174.00000000,2266.00000000,0.11578348
174.00000000,2267.00000000,0.11610232
174.00000000,2268.00000000,0.11641779
174.00000000,2269.00000000,0.11672989
174.00000000,2270.00000000,0.11703865
174.00000000,2271.00000000,0.11734421
174.00000000,2272.00000000,0.11764653
174.00000000,2273.00000000,0.11794575
174.00000000,2274.00000000,0.11824187
174.00000000,2275.00000000,0.11846524
174.00000000,2276.00000000,0.11868544
174.00000000,2277.00000000,0.11890251
174.00000000,2278.00000000,0.11911642
174.00000000,2279.00000000,0.11932735
174.00000000,2280.00000000,0.11953528
174.00000000,2281.00000000,0.11974023
174.00000000,2282.00000000,0.11994232
174.00000000,2283.00000000,0.12014151
174.00000000,2284.00000000,0.12033795
174.00000000,2285.00000000,0.12053162
174.00000000,2286.00000000,0.12072250
174.00000000,2287.00000000,0.12091075
174.00000000,2288.00000000,0.12109633
174.00000000,2289.00000000,0.12127925
174.00000000,2290.00000000,0.12145962
174.00000000,2291.00000000,0.12163744
174.00000000,2292.00000000,0.12181266
174.00000000,2293.00000000,0.12198544
174.00000000,2294.00000000,0.12215574
174.00000000,2295.00000000,0.12232353
174.00000000,2296.00000000,0.12248896
174.00000000,2297.00000000,0.12265189
174.00000000,2298.00000000,0.12281253
174.00000000,2299.00000000,0.12297078
174.00000000,2300.00000000,0.12312663
174.00000000,2301.00000000,0.12328021
174.00000000,2302.00000000,0.12343149
174.00000000,2303.00000000,0.12358037
174.00000000,2304.00000000,0.12372701
174.00000000,2305.00000000,0.12387139
174.00000000,2306.00000000,0.12401339
174.00000000,2307.00000000,0.12415320
174.00000000,2308.00000000,0.12429068
174.00000000,2309.00000000,0.12442601
174.00000000,2310.00000000,0.12455909
174.00000000,2311.00000000,0.12468988
174.00000000,2312.00000000,0.12481853
174.00000000,2313.00000000,0.12494495
174.00000000,2314.00000000,0.12506910
174.00000000,2315.00000000,0.12519112
174.00000000,2316.00000000,0.12531092
174.00000000,2317.00000000,0.12542846
174.00000000,2318.00000000,0.12554387
174.00000000,2319.00000000,0.12565701
174.00000000,2320.00000000,0.12576798
174.00000000,2321.00000000,0.12587675
174.00000000,2322.00000000,0.12598321
174.00000000,2323.00000000,0.12608745
174.00000000,2324.00000000,0.12618931
174.00000000,2325.00000000,0.12580100
174.00000000,2326.00000000,0.12540981
174.00000000,2327.00000000,0.12501575
174.00000000,2328.00000000,0.12461880
174.00000000,2329.00000000,0.12421915
174.00000000,2330.00000000,0.12381681
174.00000000,2331.00000000,0.12341178
174.00000000,2332.00000000,0.12300422
174.00000000,2333.00000000,0.12259409
174.00000000,2334.00000000,0.12218154
174.00000000,2335.00000000,0.12176657
174.00000000,2336.00000000,0.12134916
174.00000000,2337.00000000,0.12092951
174.00000000,2338.00000000,0.12050760
174.00000000,2339.00000000,0.12008341
174.00000000,2340.00000000,0.11965711
174.00000000,2341.00000000,0.11922868
174.00000000,2342.00000000,0.11879812
174.00000000,2343.00000000,0.11836559
174.00000000,2344.00000000,0.11793100
174.00000000,2345.00000000,0.11749453
174.00000000,2346.00000000,0.11705615
174.00000000,2347.00000000,0.11661585
174.00000000,2348.00000000,0.11617379
174.00000000,2349.00000000,0.11572994
174.00000000,2350.00000000,0.11528428
174.00000000,2351.00000000,0.11483698
174.00000000,2352.00000000,0.11438801
174.00000000,2353.00000000,0.11393735
174.00000000,2354.00000000,0.11348516
174.00000000,2355.00000000,0.11303140
174.00000000,2356.00000000,0.11257608
174.00000000,2357.00000000,0.11211931
174.00000000,2358.00000000,0.11166104
174.00000000,2359.00000000,0.11120140
174.00000000,2360.00000000,0.11074036
174.00000000,2361.00000000,0.11027793
174.00000000,2362.00000000,0.10981420
174.00000000,2363.00000000,0.10934917
174.00000000,2364.00000000,0.10888282
174.00000000,2365.00000000,0.10841528
174.00000000,2366.00000000,0.10794652
174.00000000,2367.00000000,0.10747654
174.00000000,2368.00000000,0.10700545
174.00000000,2369.00000000,0.10653317
174.00000000,2370.00000000,0.10605983
174.00000000,2371.00000000,0.10558544
174.00000000,2372.00000000,0.10510993
174.00000000,2373.00000000,0.10463344
174.00000000,2374.00000000,0.10415595
174.00000000,2375.00000000,0.10367744
174.00000000,2376.00000000,0.10319802
174.00000000,2377.00000000,0.10271767
174.00000000,2378.00000000,0.10223638
174.00000000,2379.00000000,0.10175425
174.00000000,2380.00000000,0.10127125
174.00000000,2381.00000000,0.10078738
174.00000000,2382.00000000,0.10030274
174.00000000,2383.00000000,0.09981726
174.00000000,2384.00000000,0.09933105
174.00000000,2385.00000000,0.09884409
174.00000000,2386.00000000,0.09835636
174.00000000,2387.00000000,0.09786796
174.00000000,2388.00000000,0.09737890
174.00000000,2389.00000000,0.09688909
174.00000000,2390.00000000,0.09639870
174.00000000,2391.00000000,0.09590768
174.00000000,2392.00000000,0.09541600
174.00000000,2393.00000000,0.09492377
174.00000000,2394.00000000,0.09443093
174.00000000,2395.00000000,0.09393760
174.00000000,2396.00000000,0.09344372
174.00000000,2397.00000000,0.09294928
174.00000000,2398.00000000,0.09245438
174.00000000,2399.00000000,0.09195902
174.00000000,2400.00000000,0.09146314
174.00000000,2401.00000000,0.09096686
174.00000000,2402.00000000,0.09047017
174.00000000,2403.00000000,0.08997302
174.00000000,2404.00000000,0.08947553
174.00000000,2405.00000000,0.08897761
174.00000000,2406.00000000,0.08847940
174.00000000,2407.00000000,0.08798086
174.00000000,2408.00000000,0.08748194
174.00000000,2409.00000000,0.08698277
174.00000000,2410.00000000,0.08648330
174.00000000,2411.00000000,0.08598351
174.00000000,2412.00000000,0.08548352
174.00000000,2413.00000000,0.08498329
174.00000000,2414.00000000,0.08448278
174.00000000,2415.00000000,0.08398211
174.00000000,2416.00000000,0.08348125
174.00000000,2417.00000000,0.08298016
174.00000000,2418.00000000,0.08247896
174.00000000,2419.00000000,0.08197757
174.00000000,2420.00000000,0.08147612
174.00000000,2421.00000000,0.08097459
174.00000000,2422.00000000,0.08047297
174.00000000,2423.00000000,0.08007702
174.00000000,2424.00000000,0.07999200
174.00000000,2425.00000000,0.07999204
174.00000000,2426.00000000,0.07999226
174.00000000,2427.00000000,0.07999263
174.00000000,2428.00000000,0.07999308
174.00000000,2429.00000000,0.07999372
174.00000000,2430.00000000,0.08000776
174.00000000,2431.00000000,0.08002199
174.00000000,2432.00000000,0.08003634
174.00000000,2433.00000000,0.08005076
174.00000000,2434.00000000,0.08006534
174.00000000,2435.00000000,0.08005372
174.00000000,2436.00000000,0.08004214
174.00000000,2437.00000000,0.08003071
174.00000000,2438.00000000,0.08001939
174.00000000,2439.00000000,0.08000809
174.00000000,2440.00000000,0.07999695
174.00000000,2441.00000000,0.07998590
174.00000000,2442.00000000,0.07997488
174.00000000,2443.00000000,0.07996401
174.00000000,2444.00000000,0.07995314
174.00000000,2445.00000000,0.07994244
174.00000000,2446.00000000,0.07993181
174.00000000,2447.00000000,0.07992118
174.00000000,2448.00000000,0.07991070
174.00000000,2449.00000000,0.07990030
174.00000000,2450.00000000,0.07988876
174.00000000,2451.00000000,0.07987735
174.00000000,2452.00000000,0.07986601
174.00000000,2453.00000000,0.07985467
174.00000000,2454.00000000,0.07984346
174.00000000,2455.00000000,0.07983223
174.00000000,2456.00000000,0.07982113
174.00000000,2457.00000000,0.07981009
174.00000000,2458.00000000,0.07979903
174.00000000,2459.00000000,0.07978810
174.00000000,2460.00000000,0.07977721
174.00000000,2461.00000000,0.07976632
174.00000000,2462.00000000,0.07975553
174.00000000,2463.00000000,0.07974479
174.00000000,2464.00000000,0.07973404
174.00000000,2465.00000000,0.07972339
174.00000000,2466.00000000,0.07971271
174.00000000,2467.00000000,0.07970216
174.00000000,2468.00000000,0.07969164
174.00000000,2469.00000000,0.07968110
174.00000000,2470.00000000,0.07967066
174.00000000,2471.00000000,0.07966027
174.00000000,2472.00000000,0.07964983
174.00000000,2473.00000000,0.07963952
174.00000000,2474.00000000,0.07962923
174.00000000,2475.00000000,0.07962145
174.00000000,2476.00000000,0.07961376
174.00000000,2477.00000000,0.07960612
174.00000000,2478.00000000,0.07959843
174.00000000,2479.00000000,0.07959085
174.00000000,2480.00000000,0.07958322
174.00000000,2481.00000000,0.07957571
174.00000000,2482.00000000,0.07956822
174.00000000,2483.00000000,0.07956068
174.00000000,2484.00000000,0.07955325
174.00000000,2485.00000000,0.07954585
174.00000000,2486.00000000,0.07953840
174.00000000,2487.00000000,0.07953105
174.00000000,2488.00000000,0.07952372
174.00000000,2489.00000000,0.07951634
174.00000000,2490.00000000,0.07950906
174.00000000,2491.00000000,0.07950173
174.00000000,2492.00000000,0.07949449
174.00000000,2493.00000000,0.07948729
174.00000000,2494.00000000,0.07948002
174.00000000,2495.00000000,0.07947286
174.00000000,2496.00000000,0.07946570
174.00000000,2497.00000000,0.07945849
174.00000000,2498.00000000,0.07945138
174.00000000,2499.00000000,0.07944429
174.00000000,2500.00000000,0.07943714
175.00000000,1765.00000000,0.05369063
175.00000000,1766.00000000,0.05369055
175.00000000,1767.00000000,0.05369067
175.00000000,1768.00000000,0.05369081
175.00000000,1769.00000000,0.05369098
175.00000000,1770.00000000,0.05369124
175.00000000,1771.00000000,0.05369154
175.00000000,1772.00000000,0.05369202
175.00000000,1773.00000000,0.05369260
175.00000000,1774.00000000,0.05369329
175.00000000,1775.00000000,0.05369421
175.00000000,1776.00000000,0.05369508
175.00000000,1777.00000000,0.05369600
175.00000000,1778.00000000,0.05369712
175.00000000,1779.00000000,0.05369838
175.00000000,1780.00000000,0.05369959
175.00000000,1781.00000000,0.05370108
175.00000000,1782.00000000,0.05370243
175.00000000,1783.00000000,0.05370400
175.00000000,1784.00000000,0.05370570
175.00000000,1785.00000000,0.05370743
175.00000000,1786.00000000,0.05370916
175.00000000,1787.00000000,0.05371097
175.00000000,1788.00000000,0.05371289
175.00000000,1789.00000000,0.05371491
175.00000000,1790.00000000,0.05371695
175.00000000,1791.00000000,0.05371905
175.00000000,1792.00000000,0.05372117
175.00000000,1793.00000000,0.05372340
175.00000000,1794.00000000,0.05372561
175.00000000,1795.00000000,0.05372802
175.00000000,1796.00000000,0.05373017
175.00000000,1797.00000000,0.05373255
175.00000000,1798.00000000,0.05373500
175.00000000,1799.00000000,0.05373749
175.00000000,1800.00000000,0.05373993
175.00000000,1801.00000000,0.05374238
175.00000000,1802.00000000,0.05374498
175.00000000,1803.00000000,0.05374751
175.00000000,1804.00000000,0.05375009
175.00000000,1805.00000000,0.05375265
175.00000000,1806.00000000,0.05375533
175.00000000,1807.00000000,0.05375789
175.00000000,1808.00000000,0.05376058
175.00000000,1809.00000000,0.05376332
175.00000000,1810.00000000,0.05376592
175.00000000,1811.00000000,0.05376873
175.00000000,1812.00000000,0.05377153
175.00000000,1813.00000000,0.05377418
175.00000000,1814.00000000,0.05377700
175.00000000,1815.00000000,0.05377977
175.00000000,1816.00000000,0.05378246
175.00000000,1817.00000000,0.05378532
175.00000000,1818.00000000,0.05378819
175.00000000,1819.00000000,0.05379083
175.00000000,1820.00000000,0.05379362
175.00000000,1821.00000000,0.05379641
175.00000000,1822.00000000,0.05379921
175.00000000,1823.00000000,0.05380199
175.00000000,1824.00000000,0.05380486
175.00000000,1825.00000000,0.05380761
175.00000000,1826.00000000,0.05381048
175.00000000,1827.00000000,0.05381312
175.00000000,1828.00000000,0.05381585
175.00000000,1829.00000000,0.05381862
175.00000000,1830.00000000,0.05382151
175.00000000,1831.00000000,0.05382418
175.00000000,1832.00000000,0.05382693
175.00000000,1833.00000000,0.05382964
175.00000000,1834.00000000,0.05383232
175.00000000,1835.00000000,0.05383504
175.00000000,1836.00000000,0.05383779
175.00000000,1837.00000000,0.05384031
175.00000000,1838.00000000,0.05384300
175.00000000,1839.00000000,0.05384563
175.00000000,1840.00000000,0.05384821
175.00000000,1841.00000000,0.05385078
175.00000000,1842.00000000,0.05385337
175.00000000,1843.00000000,0.05385597
175.00000000,1844.00000000,0.05385848
175.00000000,1845.00000000,0.05386097
175.00000000,1846.00000000,0.05386338
175.00000000,1847.00000000,0.05386586
175.00000000,1848.00000000,0.05386827
175.00000000,1849.00000000,0.05387071
175.00000000,1850.00000000,0.05387308
175.00000000,1851.00000000,0.05387544
175.00000000,1852.00000000,0.05387767
175.00000000,1853.00000000,0.05388018
175.00000000,1854.00000000,0.05388287
175.00000000,1855.00000000,0.05388544
175.00000000,1856.00000000,0.05388791
175.00000000,1857.00000000,0.05389032
175.00000000,1858.00000000,0.05389274
175.00000000,1859.00000000,0.05389502
175.00000000,1860.00000000,0.05389729
175.00000000,1861.00000000,0.05389949
175.00000000,1862.00000000,0.05390161
175.00000000,1863.00000000,0.05390322
175.00000000,1864.00000000,0.05390443
175.00000000,1865.00000000,0.05390538
175.00000000,1866.00000000,0.05390605
175.00000000,1867.00000000,0.05390649
175.00000000,1868.00000000,0.05390672
175.00000000,1869.00000000,0.05390679
175.00000000,1870.00000000,0.05390667
175.00000000,1871.00000000,0.05390641
175.00000000,1872.00000000,0.05390623
175.00000000,1873.00000000,0.05390657
175.00000000,1874.00000000,0.05390723
175.00000000,1875.00000000,0.05390812
175.00000000,1876.00000000,0.05390929
175.00000000,1877.00000000,0.05391052
175.00000000,1878.00000000,0.05391183
175.00000000,1879.00000000,0.05391336
175.00000000,1880.00000000,0.05391475
175.00000000,1881.00000000,0.05391624
175.00000000,1882.00000000,0.05391775
175.00000000,1883.00000000,0.05391892
175.00000000,1884.00000000,0.05391967
175.00000000,1885.00000000,0.05392038
175.00000000,1886.00000000,0.05392088
175.00000000,1887.00000000,0.05392129
175.00000000,1888.00000000,0.05392160
175.00000000,1889.00000000,0.05392161
175.00000000,1890.00000000,0.05392143
175.00000000,1891.00000000,0.05392102
175.00000000,1892.00000000,0.05392040
175.00000000,1893.00000000,0.05391961
175.00000000,1894.00000000,0.05391884
175.00000000,1895.00000000,0.05391816
175.00000000,1896.00000000,0.05391747
175.00000000,1897.00000000,0.05391674
175.00000000,1898.00000000,0.05391589
175.00000000,1899.00000000,0.05391492
175.00000000,1900.00000000,0.05391369
175.00000000,1901.00000000,0.05391231
175.00000000,1902.00000000,0.05391099
175.00000000,1903.00000000,0.05390974
175.00000000,1904.00000000,0.05390853
175.00000000,1905.00000000,0.05390749
175.00000000,1906.00000000,0.05390658
175.00000000,1907.00000000,0.05390577
175.00000000,1908.00000000,0.05390492
175.00000000,1909.00000000,0.05390397
175.00000000,1910.00000000,0.05390308
175.00000000,1911.00000000,0.05390209
175.00000000,1912.00000000,0.05390058
175.00000000,1913.00000000,0.05389848
175.00000000,1914.00000000,0.05389571
175.00000000,1915.00000000,0.05389255
175.00000000,1916.00000000,0.05388939
175.00000000,1917.00000000,0.05388615
175.00000000,1918.00000000,0.05388283
175.00000000,1919.00000000,0.05387950
175.00000000,1920.00000000,0.05387654
175.00000000,1921.00000000,0.05387406
175.00000000,1922.00000000,0.05387222
175.00000000,1923.00000000,0.05387087
175.00000000,1924.00000000,0.05386960
175.00000000,1925.00000000,0.05386823
175.00000000,1926.00000000,0.05386680
175.00000000,1927.00000000,0.05386539
175.00000000,1928.00000000,0.05386405
175.00000000,1929.00000000,0.05386268
175.00000000,1930.00000000,0.05386143
175.00000000,1931.00000000,0.05386093
175.00000000,1932.00000000,0.05386138
175.00000000,1933.00000000,0.05386233
175.00000000,1934.00000000,0.05386370
175.00000000,1935.00000000,0.05386505
175.00000000,1936.00000000,0.05386605
175.00000000,1937.00000000,0.05386643
175.00000000,1938.00000000,0.05386594
175.00000000,1939.00000000,0.05386487
175.00000000,1940.00000000,0.05386338
175.00000000,1941.00000000,0.05386617
175.00000000,1942.00000000,0.05386334
175.00000000,1943.00000000,0.05386000
175.00000000,1944.00000000,0.05385642
175.00000000,1945.00000000,0.05385287
175.00000000,1946.00000000,0.05385167
175.00000000,1947.00000000,0.05385005
175.00000000,1948.00000000,0.05384903
175.00000000,1949.00000000,0.05384810
175.00000000,1950.00000000,0.05384714
175.00000000,1951.00000000,0.05384613
175.00000000,1952.00000000,0.05384565
175.00000000,1953.00000000,0.05384537
175.00000000,1954.00000000,0.05384501
175.00000000,1955.00000000,0.05384503
175.00000000,1956.00000000,0.05384673
175.00000000,1957.00000000,0.05384654
175.00000000,1958.00000000,0.05384605
175.00000000,1959.00000000,0.05384527
175.00000000,1960.00000000,0.05384307
175.00000000,1961.00000000,0.05383973
175.00000000,1962.00000000,0.05383575
175.00000000,1963.00000000,0.05383119
175.00000000,1964.00000000,0.05382586
175.00000000,1965.00000000,0.05381953
175.00000000,1966.00000000,0.05381396
175.00000000,1967.00000000,0.05380579
175.00000000,1968.00000000,0.05379651
175.00000000,1969.00000000,0.05378574
175.00000000,1970.00000000,0.05377327
175.00000000,1971.00000000,0.05375839
175.00000000,1972.00000000,0.05374229
175.00000000,1973.00000000,0.05372196
175.00000000,1974.00000000,0.05369962
175.00000000,1975.00000000,0.05367764
175.00000000,1976.00000000,0.05365369
175.00000000,1977.00000000,0.05363309
175.00000000,1978.00000000,0.05360739
175.00000000,1979.00000000,0.05358310
175.00000000,1980.00000000,0.05355827
175.00000000,1981.00000000,0.05353497
175.00000000,1982.00000000,0.05351139
175.00000000,1983.00000000,0.05349070
175.00000000,1984.00000000,0.05347288
175.00000000,1985.00000000,0.05345719
175.00000000,1986.00000000,0.05344445
175.00000000,1987.00000000,0.05343062
175.00000000,1988.00000000,0.05341685
175.00000000,1989.00000000,0.05340289
175.00000000,1990.00000000,0.05339010
175.00000000,1991.00000000,0.05337719
175.00000000,1992.00000000,0.05336459
175.00000000,1993.00000000,0.05335063
175.00000000,1994.00000000,0.05333748
175.00000000,1995.00000000,0.05332485
175.00000000,1996.00000000,0.05331231
175.00000000,1997.00000000,0.05330102
175.00000000,1998.00000000,0.05328921
175.00000000,1999.00000000,0.05327560
175.00000000,2000.00000000,0.05326369
175.00000000,2001.00000000,0.05324995
175.00000000,2002.00000000,0.05323748
175.00000000,2003.00000000,0.05322335
175.00000000,2004.00000000,0.05320840
175.00000000,2005.00000000,0.05320141
175.00000000,2006.00000000,0.05318019
175.00000000,2007.00000000,0.05315779
175.00000000,2008.00000000,0.05313457
175.00000000,2009.00000000,0.05310748
175.00000000,2010.00000000,0.05307997
175.00000000,2011.00000000,0.05305549
175.00000000,2012.00000000,0.05302270
175.00000000,2013.00000000,0.05298963
175.00000000,2014.00000000,0.05295468
175.00000000,2015.00000000,0.05291945
175.00000000,2016.00000000,0.05288081
175.00000000,2017.00000000,0.05284206
175.00000000,2018.00000000,0.05280000
175.00000000,2019.00000000,0.05275801
175.00000000,2020.00000000,0.05271778
175.00000000,2021.00000000,0.05266965
175.00000000,2022.00000000,0.05262520
175.00000000,2023.00000000,0.05257647
175.00000000,2024.00000000,0.05253005
175.00000000,2025.00000000,0.05248449
175.00000000,2026.00000000,0.05243175
175.00000000,2027.00000000,0.05238331
175.00000000,2028.00000000,0.05233268
175.00000000,2029.00000000,0.05229435
175.00000000,2030.00000000,0.05224264
175.00000000,2031.00000000,0.05219524
175.00000000,2032.00000000,0.05214079
175.00000000,2033.00000000,0.05208562
175.00000000,2034.00000000,0.05203598
175.00000000,2035.00000000,0.05199015
175.00000000,2036.00000000,0.05193697
175.00000000,2037.00000000,0.05187963
175.00000000,2038.00000000,0.05182930
175.00000000,2039.00000000,0.05177976
175.00000000,2040.00000000,0.05172783
175.00000000,2041.00000000,0.05166882
175.00000000,2042.00000000,0.05161726
175.00000000,2043.00000000,0.05155963
175.00000000,2044.00000000,0.05150421
175.00000000,2045.00000000,0.05144464
175.00000000,2046.00000000,0.05139039
175.00000000,2047.00000000,0.05134780
175.00000000,2048.00000000,0.05129479
175.00000000,2049.00000000,0.05120778
175.00000000,2050.00000000,0.05115749
175.00000000,2051.00000000,0.05108904
175.00000000,2052.00000000,0.05101980
175.00000000,2053.00000000,0.05094739
175.00000000,2054.00000000,0.05089373
175.00000000,2055.00000000,0.05085801
175.00000000,2056.00000000,0.05079214
175.00000000,2057.00000000,0.05073488
175.00000000,2058.00000000,0.05068169
175.00000000,2059.00000000,0.05060789
175.00000000,2060.00000000,0.05053208
175.00000000,2061.00000000,0.05045908
175.00000000,2062.00000000,0.05040148
175.00000000,2063.00000000,0.05037179
175.00000000,2064.00000000,0.05029376
175.00000000,2065.00000000,0.05026080
175.00000000,2066.00000000,0.05020884
175.00000000,2067.00000000,0.05013647
175.00000000,2068.00000000,0.05005592
175.00000000,2069.00000000,0.05000219
175.00000000,2070.00000000,0.04996451
175.00000000,2071.00000000,0.04991260
175.00000000,2072.00000000,0.04987400
175.00000000,2073.00000000,0.04984289
175.00000000,2074.00000000,0.04983891
175.00000000,2075.00000000,0.04981402
175.00000000,2076.00000000,0.04977724
175.00000000,2077.00000000,0.04973615
175.00000000,2078.00000000,0.04975198
175.00000000,2079.00000000,0.04970344
175.00000000,2080.00000000,0.04970408
175.00000000,2081.00000000,0.04971341
175.00000000,2082.00000000,0.04977301
175.00000000,2083.00000000,0.04966888
175.00000000,2084.00000000,0.04966863
175.00000000,2085.00000000,0.04966813
175.00000000,2086.00000000,0.04964369
175.00000000,2087.00000000,0.04965888
175.00000000,2088.00000000,0.04970611
175.00000000,2089.00000000,0.04952281
175.00000000,2090.00000000,0.04946023
175.00000000,2091.00000000,0.04950933
175.00000000,2092.00000000,0.04954633
175.00000000,2093.00000000,0.04947739
175.00000000,2094.00000000,0.04924722
175.00000000,2095.00000000,0.04939397
175.00000000,2096.00000000,0.04916875
175.00000000,2097.00000000,0.04919550
175.00000000,2098.00000000,0.04934497
175.00000000,2099.00000000,0.04930294
175.00000000,2100.00000000,0.04929006
175.00000000,2101.00000000,0.04927268
175.00000000,2102.00000000,0.04936017
175.00000000,2103.00000000,0.04933849
175.00000000,2104.00000000,0.04943017
175.00000000,2105.00000000,0.04927331
175.00000000,2106.00000000,0.04908746
175.00000000,2107.00000000,0.04893220
175.00000000,2108.00000000,0.04898019
175.00000000,2109.00000000,0.04907911
175.00000000,2110.00000000,0.04914202
175.00000000,2111.00000000,0.04927743
175.00000000,2112.00000000,0.04937954
175.00000000,2113.00000000,0.04927211
175.00000000,2114.00000000,0.04933525
175.00000000,2115.00000000,0.04948211
175.00000000,2116.00000000,0.04952647
175.00000000,2117.00000000,0.04953329
175.00000000,2118.00000000,0.04960060
175.00000000,2119.00000000,0.04958716
175.00000000,2120.00000000,0.04926555
175.00000000,2121.00000000,0.04937930
175.00000000,2122.00000000,0.04960430
175.00000000,2123.00000000,0.04972024
175.00000000,2124.00000000,0.04965524
175.00000000,2125.00000000,0.04996750
175.00000000,2126.00000000,0.05017655
175.00000000,2127.00000000,0.05022913
175.00000000,2128.00000000,0.05030762
175.00000000,2129.00000000,0.05035747
175.00000000,2130.00000000,0.05063004
175.00000000,2131.00000000,0.05084232
175.00000000,2132.00000000,0.05099421
175.00000000,2133.00000000,0.05110143
175.00000000,2134.00000000,0.05131314
175.00000000,2135.00000000,0.05150167
175.00000000,2136.00000000,0.05155105
175.00000000,2137.00000000,0.05172939
175.00000000,2138.00000000,0.05196937
175.00000000,2139.00000000,0.05222795
175.00000000,2140.00000000,0.05245494
175.00000000,2141.00000000,0.05271621
175.00000000,2142.00000000,0.05290141
175.00000000,2143.00000000,0.05318949
175.00000000,2144.00000000,0.05352891
175.00000000,2145.00000000,0.05396105
175.00000000,2146.00000000,0.05422104
175.00000000,2147.00000000,0.05450065
175.00000000,2148.00000000,0.05487852
175.00000000,2149.00000000,0.05493262
175.00000000,2150.00000000,0.05493337
175.00000000,2151.00000000,0.05536011
175.00000000,2152.00000000,0.05561456
175.00000000,2153.00000000,0.05577170
175.00000000,2154.00000000,0.05622638
175.00000000,2155.00000000,0.05620246
175.00000000,2156.00000000,0.05602586
175.00000000,2157.00000000,0.05602846
175.00000000,2158.00000000,0.05606892
175.00000000,2159.00000000,0.05639482
175.00000000,2160.00000000,0.05668715
175.00000000,2161.00000000,0.05700022
175.00000000,2162.00000000,0.05728373
175.00000000,2163.00000000,0.05766795
175.00000000,2164.00000000,0.05793198
175.00000000,2165.00000000,0.05809838
175.00000000,2166.00000000,0.05831908
175.00000000,2167.00000000,0.05824353
175.00000000,2168.00000000,0.05834705
175.00000000,2169.00000000,0.05861442
175.00000000,2170.00000000,0.05890206
175.00000000,2171.00000000,0.05920418
175.00000000,2172.00000000,0.05946746
175.00000000,2173.00000000,0.05953152
175.00000000,2174.00000000,0.05961559
175.00000000,2175.00000000,0.05997016
175.00000000,2176.00000000,0.06032093
175.00000000,2177.00000000,0.06051918
175.00000000,2178.00000000,0.06113276
175.00000000,2179.00000000,0.06182156
175.00000000,2180.00000000,0.06238837
175.00000000,2181.00000000,0.06280083
175.00000000,2182.00000000,0.06321703
175.00000000,2183.00000000,0.06363706
175.00000000,2184.00000000,0.06406047
175.00000000,2185.00000000,0.06448731
175.00000000,2186.00000000,0.06502033
175.00000000,2187.00000000,0.06555712
175.00000000,2188.00000000,0.06609768
175.00000000,2189.00000000,0.06664199
175.00000000,2190.00000000,0.06718998
175.00000000,2191.00000000,0.06774167
175.00000000,2192.00000000,0.06829699
175.00000000,2193.00000000,0.06885590
175.00000000,2194.00000000,0.06941841
175.00000000,2195.00000000,0.06998446
175.00000000,2196.00000000,0.07050792
175.00000000,2197.00000000,0.07103475
175.00000000,2198.00000000,0.07156492
175.00000000,2199.00000000,0.07209848
175.00000000,2200.00000000,0.07263540
175.00000000,2201.00000000,0.07317569
175.00000000,2202.00000000,0.07371940
175.00000000,2203.00000000,0.07426655
175.00000000,2204.00000000,0.07481715
175.00000000,2205.00000000,0.07537129
175.00000000,2206.00000000,0.07602643
175.00000000,2207.00000000,0.07668545
175.00000000,2208.00000000,0.07734839
175.00000000,2209.00000000,0.07801520
175.00000000,2210.00000000,0.07868585
175.00000000,2211.00000000,0.07936038
175.00000000,2212.00000000,0.08003872
175.00000000,2213.00000000,0.08072091
175.00000000,2214.00000000,0.08140692
175.00000000,2215.00000000,0.08209673
175.00000000,2216.00000000,0.08286262
175.00000000,2217.00000000,0.08363258
175.00000000,2218.00000000,0.08440656
175.00000000,2219.00000000,0.08518458
175.00000000,2220.00000000,0.08596656
175.00000000,2221.00000000,0.08675245
175.00000000,2222.00000000,0.08754226
175.00000000,2223.00000000,0.08833589
175.00000000,2224.00000000,0.08913337
175.00000000,2225.00000000,0.08993462
175.00000000,2226.00000000,0.09073542
175.00000000,2227.00000000,0.09153994
175.00000000,2228.00000000,0.09234809
175.00000000,2229.00000000,0.09315978
175.00000000,2230.00000000,0.09397505
175.00000000,2231.00000000,0.09479381
175.00000000,2232.00000000,0.09561597
175.00000000,2233.00000000,0.09644153
175.00000000,2234.00000000,0.09727039
175.00000000,2235.00000000,0.09810243
175.00000000,2236.00000000,0.09877396
175.00000000,2237.00000000,0.09944786
175.00000000,2238.00000000,0.10012417
175.00000000,2239.00000000,0.10080286
175.00000000,2240.00000000,0.10148386
175.00000000,2241.00000000,0.10216721
175.00000000,2242.00000000,0.10285286
175.00000000,2243.00000000,0.10354074
175.00000000,2244.00000000,0.10423085
175.00000000,2245.00000000,0.10492314
175.00000000,2246.00000000,0.10546721
175.00000000,2247.00000000,0.10601273
175.00000000,2248.00000000,0.10655967
175.00000000,2249.00000000,0.10710798
175.00000000,2250.00000000,0.10765690
175.00000000,2251.00000000,0.10820502
175.00000000,2252.00000000,0.10875107
175.00000000,2253.00000000,0.10929427
175.00000000,2254.00000000,0.10983422
175.00000000,2255.00000000,0.11037079
175.00000000,2256.00000000,0.11081844
175.00000000,2257.00000000,0.11126220
175.00000000,2258.00000000,0.11170213
175.00000000,2259.00000000,0.11213820
175.00000000,2260.00000000,0.11257053
175.00000000,2261.00000000,0.11299917
175.00000000,2262.00000000,0.11342422
175.00000000,2263.00000000,0.11384589
175.00000000,2264.00000000,0.11426423
175.00000000,2265.00000000,0.11467925
175.00000000,2266.00000000,0.11500174
175.00000000,2267.00000000,0.11532075
175.00000000,2268.00000000,0.11563631
175.00000000,2269.00000000,0.11594857
175.00000000,2270.00000000,0.11625755
175.00000000,2271.00000000,0.11656325
175.00000000,2272.00000000,0.11686583
175.00000000,2273.00000000,0.11716524
175.00000000,2274.00000000,0.11746162
175.00000000,2275.00000000,0.11775496
175.00000000,2276.00000000,0.11797590
175.00000000,2277.00000000,0.11819375
175.00000000,2278.00000000,0.11840851
175.00000000,2279.00000000,0.11862019
175.00000000,2280.00000000,0.11882894
175.00000000,2281.00000000,0.11903476
175.00000000,2282.00000000,0.11923763
175.00000000,2283.00000000,0.11943772
175.00000000,2284.00000000,0.11963496
175.00000000,2285.00000000,0.11982949
175.00000000,2286.00000000,0.12002128
175.00000000,2287.00000000,0.12021036
175.00000000,2288.00000000,0.12039683
175.00000000,2289.00000000,0.12058070
175.00000000,2290.00000000,0.12076192
175.00000000,2291.00000000,0.12094066
175.00000000,2292.00000000,0.12111686
175.00000000,2293.00000000,0.12129054
175.00000000,2294.00000000,0.12146178
175.00000000,2295.00000000,0.12163061
175.00000000,2296.00000000,0.12179695
175.00000000,2297.00000000,0.12196095
175.00000000,2298.00000000,0.12212252
175.00000000,2299.00000000,0.12228179
175.00000000,2300.00000000,0.12243875
175.00000000,2301.00000000,0.12259330
175.00000000,2302.00000000,0.12274562
175.00000000,2303.00000000,0.12289566
175.00000000,2304.00000000,0.12304331
175.00000000,2305.00000000,0.12318878
175.00000000,2306.00000000,0.12333199
175.00000000,2307.00000000,0.12347284
175.00000000,2308.00000000,0.12361156
175.00000000,2309.00000000,0.12374796
175.00000000,2310.00000000,0.12388222
175.00000000,2311.00000000,0.12401429
175.00000000,2312.00000000,0.12414407
175.00000000,2313.00000000,0.12427172
175.00000000,2314.00000000,0.12439720
175.00000000,2315.00000000,0.12452041
175.00000000,2316.00000000,0.12464152
175.00000000,2317.00000000,0.12476043
175.00000000,2318.00000000,0.12487711
175.00000000,2319.00000000,0.12499168
175.00000000,2320.00000000,0.12510397
175.00000000,2321.00000000,0.12521416
175.00000000,2322.00000000,0.12532215
175.00000000,2323.00000000,0.12542784
175.00000000,2324.00000000,0.12553131
175.00000000,2325.00000000,0.12563247
175.00000000,2326.00000000,0.12524561
175.00000000,2327.00000000,0.12485589
175.00000000,2328.00000000,0.12446332
175.00000000,2329.00000000,0.12406787
175.00000000,2330.00000000,0.12366977
175.00000000,2331.00000000,0.12326899
175.00000000,2332.00000000,0.12286554
175.00000000,2333.00000000,0.12245958
175.00000000,2334.00000000,0.12205106
175.00000000,2335.00000000,0.12164015
175.00000000,2336.00000000,0.12122682
175.00000000,2337.00000000,0.12081110
175.00000000,2338.00000000,0.12039314
175.00000000,2339.00000000,0.11997293
175.00000000,2340.00000000,0.11955047
175.00000000,2341.00000000,0.11912590
175.00000000,2342.00000000,0.11869923
175.00000000,2343.00000000,0.11827044
175.00000000,2344.00000000,0.11783969
175.00000000,2345.00000000,0.11740690
175.00000000,2346.00000000,0.11697223
175.00000000,2347.00000000,0.11653568
175.00000000,2348.00000000,0.11609722
175.00000000,2349.00000000,0.11565700
175.00000000,2350.00000000,0.11521501
175.00000000,2351.00000000,0.11477123
175.00000000,2352.00000000,0.11432581
175.00000000,2353.00000000,0.11387873
175.00000000,2354.00000000,0.11342999
175.00000000,2355.00000000,0.11297972
175.00000000,2356.00000000,0.11252790
175.00000000,2357.00000000,0.11207451
175.00000000,2358.00000000,0.11161970
175.00000000,2359.00000000,0.11116339
175.00000000,2360.00000000,0.11070571
175.00000000,2361.00000000,0.11024667
175.00000000,2362.00000000,0.10978621
175.00000000,2363.00000000,0.10932447
175.00000000,2364.00000000,0.10886145
175.00000000,2365.00000000,0.10839710
175.00000000,2366.00000000,0.10793158
175.00000000,2367.00000000,0.10746487
175.00000000,2368.00000000,0.10699691
175.00000000,2369.00000000,0.10652785
175.00000000,2370.00000000,0.10605761
175.00000000,2371.00000000,0.10558634
175.00000000,2372.00000000,0.10511399
175.00000000,2373.00000000,0.10464054
175.00000000,2374.00000000,0.10416612
175.00000000,2375.00000000,0.10369072
175.00000000,2376.00000000,0.10321429
175.00000000,2377.00000000,0.10273695
175.00000000,2378.00000000,0.10225871
175.00000000,2379.00000000,0.10177950
175.00000000,2380.00000000,0.10129947
175.00000000,2381.00000000,0.10081860
175.00000000,2382.00000000,0.10033682
175.00000000,2383.00000000,0.09985431
175.00000000,2384.00000000,0.09937094
175.00000000,2385.00000000,0.09888685
175.00000000,2386.00000000,0.09840203
175.00000000,2387.00000000,0.09791642
175.00000000,2388.00000000,0.09743018
175.00000000,2389.00000000,0.09694324
175.00000000,2390.00000000,0.09645559
175.00000000,2391.00000000,0.09596734
175.00000000,2392.00000000,0.09547847
175.00000000,2393.00000000,0.09498894
175.00000000,2394.00000000,0.09449888
175.00000000,2395.00000000,0.09400820
175.00000000,2396.00000000,0.09351702
175.00000000,2397.00000000,0.09302532
175.00000000,2398.00000000,0.09253303
175.00000000,2399.00000000,0.09204033
175.00000000,2400.00000000,0.09154714
175.00000000,2401.00000000,0.09105343
175.00000000,2402.00000000,0.09055934
175.00000000,2403.00000000,0.09006484
175.00000000,2404.00000000,0.08956988
175.00000000,2405.00000000,0.08907457
175.00000000,2406.00000000,0.08857886
175.00000000,2407.00000000,0.08808285
175.00000000,2408.00000000,0.08758650
175.00000000,2409.00000000,0.08708978
175.00000000,2410.00000000,0.08659280
175.00000000,2411.00000000,0.08609555
175.00000000,2412.00000000,0.08559796
175.00000000,2413.00000000,0.08510018
175.00000000,2414.00000000,0.08460215
175.00000000,2415.00000000,0.08410385
175.00000000,2416.00000000,0.08360539
175.00000000,2417.00000000,0.08310674
175.00000000,2418.00000000,0.08260786
175.00000000,2419.00000000,0.08210888
175.00000000,2420.00000000,0.08160970
175.00000000,2421.00000000,0.08111046
175.00000000,2422.00000000,0.08061114
175.00000000,2423.00000000,0.08011174
175.00000000,2424.00000000,0.07971753
175.00000000,2425.00000000,0.07963286
175.00000000,2426.00000000,0.07963286
175.00000000,2427.00000000,0.07963305
175.00000000,2428.00000000,0.07963338
175.00000000,2429.00000000,0.07963378
175.00000000,2430.00000000,0.07963439
175.00000000,2431.00000000,0.07964833
175.00000000,2432.00000000,0.07966245
175.00000000,2433.00000000,0.07967670
175.00000000,2434.00000000,0.07969102
175.00000000,2435.00000000,0.07970551
175.00000000,2436.00000000,0.07969390
175.00000000,2437.00000000,0.07968233
175.00000000,2438.00000000,0.07967092
175.00000000,2439.00000000,0.07965961
175.00000000,2440.00000000,0.07964833
175.00000000,2441.00000000,0.07963720
175.00000000,2442.00000000,0.07962616
175.00000000,2443.00000000,0.07961514
175.00000000,2444.00000000,0.07960428
175.00000000,2445.00000000,0.07959344
175.00000000,2446.00000000,0.07958273
175.00000000,2447.00000000,0.07957211
175.00000000,2448.00000000,0.07956150
175.00000000,2449.00000000,0.07955102
175.00000000,2450.00000000,0.07954063
175.00000000,2451.00000000,0.07952910
175.00000000,2452.00000000,0.07951770
175.00000000,2453.00000000,0.07950638
175.00000000,2454.00000000,0.07949504
175.00000000,2455.00000000,0.07948383
175.00000000,2456.00000000,0.07947262
175.00000000,2457.00000000,0.07946152
175.00000000,2458.00000000,0.07945049
175.00000000,2459.00000000,0.07943943
175.00000000,2460.00000000,0.07942850
175.00000000,2461.00000000,0.07941762
175.00000000,2462.00000000,0.07940673
175.00000000,2463.00000000,0.07939595
175.00000000,2464.00000000,0.07938521
175.00000000,2465.00000000,0.07937445
175.00000000,2466.00000000,0.07936382
175.00000000,2467.00000000,0.07935314
175.00000000,2468.00000000,0.07934259
175.00000000,2469.00000000,0.07933208
175.00000000,2470.00000000,0.07932154
175.00000000,2471.00000000,0.07931110
175.00000000,2472.00000000,0.07930070
175.00000000,2473.00000000,0.07929028
175.00000000,2474.00000000,0.07927997
175.00000000,2475.00000000,0.07926968
175.00000000,2476.00000000,0.07926189
175.00000000,2477.00000000,0.07925419
175.00000000,2478.00000000,0.07924654
175.00000000,2479.00000000,0.07923883
175.00000000,2480.00000000,0.07923125
175.00000000,2481.00000000,0.07922361
175.00000000,2482.00000000,0.07921608
175.00000000,2483.00000000,0.07920858
175.00000000,2484.00000000,0.07920103
175.00000000,2485.00000000,0.07919359
175.00000000,2486.00000000,0.07918617
175.00000000,2487.00000000,0.07917871
175.00000000,2488.00000000,0.07917135
175.00000000,2489.00000000,0.07916401
175.00000000,2490.00000000,0.07915662
175.00000000,2491.00000000,0.07914934
175.00000000,2492.00000000,0.07914199
175.00000000,2493.00000000,0.07913474
175.00000000,2494.00000000,0.07912752
175.00000000,2495.00000000,0.07912024
175.00000000,2496.00000000,0.07911305
175.00000000,2497.00000000,0.07910590
175.00000000,2498.00000000,0.07909867
175.00000000,2499.00000000,0.07909155
175.00000000,2500.00000000,0.07908444
176.00000000,1765.00000000,0.05338274
176.00000000,1766.00000000,0.05338283
176.00000000,1767.00000000,0.05338279
176.00000000,1768.00000000,0.05338297
176.00000000,1769.00000000,0.05338319
176.00000000,1770.00000000,0.05338346
176.00000000,1771.00000000,0.05338382
176.00000000,1772.00000000,0.05338421
176.00000000,1773.00000000,0.05338480
176.00000000,1774.00000000,0.05338547
176.00000000,1775.00000000,0.05338627
176.00000000,1776.00000000,0.05338729
176.00000000,1777.00000000,0.05338824
176.00000000,1778.00000000,0.05338927
176.00000000,1779.00000000,0.05339047
176.00000000,1780.00000000,0.05339183
176.00000000,1781.00000000,0.05339312
176.00000000,1782.00000000,0.05339468
176.00000000,1783.00000000,0.05339611
176.00000000,1784.00000000,0.05339774
176.00000000,1785.00000000,0.05339950
176.00000000,1786.00000000,0.05340130
176.00000000,1787.00000000,0.05340309
176.00000000,1788.00000000,0.05340495
176.00000000,1789.00000000,0.05340693
176.00000000,1790.00000000,0.05340899
176.00000000,1791.00000000,0.05341109
176.00000000,1792.00000000,0.05341322
176.00000000,1793.00000000,0.05341538
176.00000000,1794.00000000,0.05341765
176.00000000,1795.00000000,0.05341989
176.00000000,1796.00000000,0.05342232
176.00000000,1797.00000000,0.05342450
176.00000000,1798.00000000,0.05342691
176.00000000,1799.00000000,0.05342937
176.00000000,1800.00000000,0.05343188
176.00000000,1801.00000000,0.05343434
176.00000000,1802.00000000,0.05343680
176.00000000,1803.00000000,0.05343941
176.00000000,1804.00000000,0.05344194
176.00000000,1805.00000000,0.05344454
176.00000000,1806.00000000,0.05344710
176.00000000,1807.00000000,0.05344979
176.00000000,1808.00000000,0.05345236
176.00000000,1809.00000000,0.05345505
176.00000000,1810.00000000,0.05345778
176.00000000,1811.00000000,0.05346040
176.00000000,1812.00000000,0.05346320
176.00000000,1813.00000000,0.05346599
176.00000000,1814.00000000,0.05346864
176.00000000,1815.00000000,0.05347145
176.00000000,1816.00000000,0.05347422
176.00000000,1817.00000000,0.05347690
176.00000000,1818.00000000,0.05347973
176.00000000,1819.00000000,0.05348259
176.00000000,1820.00000000,0.05348523
176.00000000,1821.00000000,0.05348800
176.00000000,1822.00000000,0.05349078
176.00000000,1823.00000000,0.05349356
176.00000000,1824.00000000,0.05349633
176.00000000,1825.00000000,0.05349918
176.00000000,1826.00000000,0.05350191
176.00000000,1827.00000000,0.05350476
176.00000000,1828.00000000,0.05350737
176.00000000,1829.00000000,0.05351008
176.00000000,1830.00000000,0.05351283
176.00000000,1831.00000000,0.05351568
176.00000000,1832.00000000,0.05351832
176.00000000,1833.00000000,0.05352104
176.00000000,1834.00000000,0.05352372
176.00000000,1835.00000000,0.05352638
176.00000000,1836.00000000,0.05352907
176.00000000,1837.00000000,0.05353178
176.00000000,1838.00000000,0.05353428
176.00000000,1839.00000000,0.05353694
176.00000000,1840.00000000,0.05353953
176.00000000,1841.00000000,0.05354207
176.00000000,1842.00000000,0.05354462
176.00000000,1843.00000000,0.05354717
176.00000000,1844.00000000,0.05354974
176.00000000,1845.00000000,0.05355221
176.00000000,1846.00000000,0.05355466
176.00000000,1847.00000000,0.05355702
176.00000000,1848.00000000,0.05355947
176.00000000,1849.00000000,0.05356183
176.00000000,1850.00000000,0.05356424
176.00000000,1851.00000000,0.05356654
176.00000000,1852.00000000,0.05356884
176.00000000,1853.00000000,0.05357130
176.00000000,1854.00000000,0.05357390
176.00000000,1855.00000000,0.05357654
176.00000000,1856.00000000,0.05357901
176.00000000,1857.00000000,0.05358139
176.00000000,1858.00000000,0.05358372
176.00000000,1859.00000000,0.05358608
176.00000000,1860.00000000,0.05358831
176.00000000,1861.00000000,0.05359050
176.00000000,1862.00000000,0.05359255
176.00000000,1863.00000000,0.05359420
176.00000000,1864.00000000,0.05359541
176.00000000,1865.00000000,0.05359632
176.00000000,1866.00000000,0.05359701
176.00000000,1867.00000000,0.05359745
176.00000000,1868.00000000,0.05359770
176.00000000,1869.00000000,0.05359772
176.00000000,1870.00000000,0.05359761
176.00000000,1871.00000000,0.05359736
176.00000000,1872.00000000,0.05359719
176.00000000,1873.00000000,0.05359752
176.00000000,1874.00000000,0.05359820
176.00000000,1875.00000000,0.05359909
176.00000000,1876.00000000,0.05360016
176.00000000,1877.00000000,0.05360146
176.00000000,1878.00000000,0.05360278
176.00000000,1879.00000000,0.05360417
176.00000000,1880.00000000,0.05360572
176.00000000,1881.00000000,0.05360711
176.00000000,1882.00000000,0.05360859
176.00000000,1883.00000000,0.05360976
176.00000000,1884.00000000,0.05361063
176.00000000,1885.00000000,0.05361118
176.00000000,1886.00000000,0.05361175
176.00000000,1887.00000000,0.05361213
176.00000000,1888.00000000,0.05361240
176.00000000,1889.00000000,0.05361250
176.00000000,1890.00000000,0.05361228
176.00000000,1891.00000000,0.05361186
176.00000000,1892.00000000,0.05361121
176.00000000,1893.00000000,0.05361050
176.00000000,1894.00000000,0.05360968
176.00000000,1895.00000000,0.05360898
176.00000000,1896.00000000,0.05360831
176.00000000,1897.00000000,0.05360757
176.00000000,1898.00000000,0.05360676
176.00000000,1899.00000000,0.05360576
176.00000000,1900.00000000,0.05360456
176.00000000,1901.00000000,0.05360315
176.00000000,1902.00000000,0.05360186
176.00000000,1903.00000000,0.05360057
176.00000000,1904.00000000,0.05359941
176.00000000,1905.00000000,0.05359833
176.00000000,1906.00000000,0.05359744
176.00000000,1907.00000000,0.05359663
176.00000000,1908.00000000,0.05359575
176.00000000,1909.00000000,0.05359484
176.00000000,1910.00000000,0.05359391
176.00000000,1911.00000000,0.05359290
176.00000000,1912.00000000,0.05359146
176.00000000,1913.00000000,0.05358930
176.00000000,1914.00000000,0.05358653
176.00000000,1915.00000000,0.05358343
176.00000000,1916.00000000,0.05358022
176.00000000,1917.00000000,0.05357703
176.00000000,1918.00000000,0.05357367
176.00000000,1919.00000000,0.05357037
176.00000000,1920.00000000,0.05356742
176.00000000,1921.00000000,0.05356492
176.00000000,1922.00000000,0.05356308
176.00000000,1923.00000000,0.05356170
176.00000000,1924.00000000,0.05356043
176.00000000,1925.00000000,0.05355904
176.00000000,1926.00000000,0.05355759
176.00000000,1927.00000000,0.05355614
176.00000000,1928.00000000,0.05355480
176.00000000,1929.00000000,0.05355340
176.00000000,1930.00000000,0.05355214
176.00000000,1931.00000000,0.05355160
176.00000000,1932.00000000,0.05355200
176.00000000,1933.00000000,0.05355291
176.00000000,1934.00000000,0.05355422
176.00000000,1935.00000000,0.05355552
176.00000000,1936.00000000,0.05355645
176.00000000,1937.00000000,0.05355677
176.00000000,1938.00000000,0.05355622
176.00000000,1939.00000000,0.05355508
176.00000000,1940.00000000,0.05355351
176.00000000,1941.00000000,0.05355130
176.00000000,1942.00000000,0.05355329
176.00000000,1943.00000000,0.05354997
176.00000000,1944.00000000,0.05354626
176.00000000,1945.00000000,0.05354265
176.00000000,1946.00000000,0.05353974
176.00000000,1947.00000000,0.05353970
176.00000000,1948.00000000,0.05353862
176.00000000,1949.00000000,0.05353762
176.00000000,1950.00000000,0.05353659
176.00000000,1951.00000000,0.05353550
176.00000000,1952.00000000,0.05353499
176.00000000,1953.00000000,0.05353461
176.00000000,1954.00000000,0.05353429
176.00000000,1955.00000000,0.05353411
176.00000000,1956.00000000,0.05353411
176.00000000,1957.00000000,0.05353556
176.00000000,1958.00000000,0.05353502
176.00000000,1959.00000000,0.05353410
176.00000000,1960.00000000,0.05353196
176.00000000,1961.00000000,0.05352852
176.00000000,1962.00000000,0.05352456
176.00000000,1963.00000000,0.05351992
176.00000000,1964.00000000,0.05351459
176.00000000,1965.00000000,0.05350830
176.00000000,1966.00000000,0.05350097
176.00000000,1967.00000000,0.05349447
176.00000000,1968.00000000,0.05348523
176.00000000,1969.00000000,0.05347444
176.00000000,1970.00000000,0.05346198
176.00000000,1971.00000000,0.05344719
176.00000000,1972.00000000,0.05342944
176.00000000,1973.00000000,0.05341087
176.00000000,1974.00000000,0.05338856
176.00000000,1975.00000000,0.05336506
176.00000000,1976.00000000,0.05334282
176.00000000,1977.00000000,0.05331904
176.00000000,1978.00000000,0.05329836
176.00000000,1979.00000000,0.05327253
176.00000000,1980.00000000,0.05324782
176.00000000,1981.00000000,0.05322294
176.00000000,1982.00000000,0.05320110
176.00000000,1983.00000000,0.05318052
176.00000000,1984.00000000,0.05316271
176.00000000,1985.00000000,0.05314712
176.00000000,1986.00000000,0.05313273
176.00000000,1987.00000000,0.05312060
176.00000000,1988.00000000,0.05310689
176.00000000,1989.00000000,0.05309293
176.00000000,1990.00000000,0.05307861
176.00000000,1991.00000000,0.05306565
176.00000000,1992.00000000,0.05305308
176.00000000,1993.00000000,0.05304086
176.00000000,1994.00000000,0.05302769
176.00000000,1995.00000000,0.05301513
176.00000000,1996.00000000,0.05300259
176.00000000,1997.00000000,0.05298970
176.00000000,1998.00000000,0.05297790
176.00000000,1999.00000000,0.05296598
176.00000000,2000.00000000,0.05295246
176.00000000,2001.00000000,0.05294038
176.00000000,2002.00000000,0.05292630
176.00000000,2003.00000000,0.05291386
176.00000000,2004.00000000,0.05289893
176.00000000,2005.00000000,0.05288213
176.00000000,2006.00000000,0.05287239
176.00000000,2007.00000000,0.05284849
176.00000000,2008.00000000,0.05282368
176.00000000,2009.00000000,0.05279831
176.00000000,2010.00000000,0.05276932
176.00000000,2011.00000000,0.05274006
176.00000000,2012.00000000,0.05271386
176.00000000,2013.00000000,0.05267934
176.00000000,2014.00000000,0.05264452
176.00000000,2015.00000000,0.05260787
176.00000000,2016.00000000,0.05257097
176.00000000,2017.00000000,0.05253075
176.00000000,2018.00000000,0.05249051
176.00000000,2019.00000000,0.05244708
176.00000000,2020.00000000,0.05240379
176.00000000,2021.00000000,0.05236236
176.00000000,2022.00000000,0.05231323
176.00000000,2023.00000000,0.05226792
176.00000000,2024.00000000,0.05221851
176.00000000,2025.00000000,0.05217151
176.00000000,2026.00000000,0.05212545
176.00000000,2027.00000000,0.05207234
176.00000000,2028.00000000,0.05202354
176.00000000,2029.00000000,0.05197262
176.00000000,2030.00000000,0.05193396
176.00000000,2031.00000000,0.05188201
176.00000000,2032.00000000,0.05183425
176.00000000,2033.00000000,0.05177932
176.00000000,2034.00000000,0.05172356
176.00000000,2035.00000000,0.05167323
176.00000000,2036.00000000,0.05162667
176.00000000,2037.00000000,0.05157282
176.00000000,2038.00000000,0.05151484
176.00000000,2039.00000000,0.05146386
176.00000000,2040.00000000,0.05141371
176.00000000,2041.00000000,0.05136118
176.00000000,2042.00000000,0.05130153
176.00000000,2043.00000000,0.05124913
176.00000000,2044.00000000,0.05119064
176.00000000,2045.00000000,0.05113432
176.00000000,2046.00000000,0.05107389
176.00000000,2047.00000000,0.05101875
176.00000000,2048.00000000,0.05097523
176.00000000,2049.00000000,0.05092141
176.00000000,2050.00000000,0.05083390
176.00000000,2051.00000000,0.05078289
176.00000000,2052.00000000,0.05071390
176.00000000,2053.00000000,0.05064418
176.00000000,2054.00000000,0.05057138
176.00000000,2055.00000000,0.05051723
176.00000000,2056.00000000,0.05048096
176.00000000,2057.00000000,0.05041477
176.00000000,2058.00000000,0.05035718
176.00000000,2059.00000000,0.05030365
176.00000000,2060.00000000,0.05022971
176.00000000,2061.00000000,0.05015391
176.00000000,2062.00000000,0.05008121
176.00000000,2063.00000000,0.05002416
176.00000000,2064.00000000,0.04999506
176.00000000,2065.00000000,0.04991811
176.00000000,2066.00000000,0.04988598
176.00000000,2067.00000000,0.04983504
176.00000000,2068.00000000,0.04976383
176.00000000,2069.00000000,0.04968448
176.00000000,2070.00000000,0.04963172
176.00000000,2071.00000000,0.04959492
176.00000000,2072.00000000,0.04954424
176.00000000,2073.00000000,0.04950704
176.00000000,2074.00000000,0.04947741
176.00000000,2075.00000000,0.04947478
176.00000000,2076.00000000,0.04945139
176.00000000,2077.00000000,0.04941616
176.00000000,2078.00000000,0.04937662
176.00000000,2079.00000000,0.04939354
176.00000000,2080.00000000,0.04934647
176.00000000,2081.00000000,0.04934821
176.00000000,2082.00000000,0.04935865
176.00000000,2083.00000000,0.04941911
176.00000000,2084.00000000,0.04931702
176.00000000,2085.00000000,0.04931808
176.00000000,2086.00000000,0.04931887
176.00000000,2087.00000000,0.04929582
176.00000000,2088.00000000,0.04931208
176.00000000,2089.00000000,0.04936009
176.00000000,2090.00000000,0.04917911
176.00000000,2091.00000000,0.04911800
176.00000000,2092.00000000,0.04916789
176.00000000,2093.00000000,0.04920588
176.00000000,2094.00000000,0.04913871
176.00000000,2095.00000000,0.04891139
176.00000000,2096.00000000,0.04905840
176.00000000,2097.00000000,0.04883592
176.00000000,2098.00000000,0.04886366
176.00000000,2099.00000000,0.04901322
176.00000000,2100.00000000,0.04897254
176.00000000,2101.00000000,0.04896081
176.00000000,2102.00000000,0.04894471
176.00000000,2103.00000000,0.04903289
176.00000000,2104.00000000,0.04901265
176.00000000,2105.00000000,0.04910501
176.00000000,2106.00000000,0.04895045
176.00000000,2107.00000000,0.04876704
176.00000000,2108.00000000,0.04861396
176.00000000,2109.00000000,0.04866276
176.00000000,2110.00000000,0.04876212
176.00000000,2111.00000000,0.04882565
176.00000000,2112.00000000,0.04896119
176.00000000,2113.00000000,0.04906361
176.00000000,2114.00000000,0.04895777
176.00000000,2115.00000000,0.04902138
176.00000000,2116.00000000,0.04916815
176.00000000,2117.00000000,0.04921304
176.00000000,2118.00000000,0.04922060
176.00000000,2119.00000000,0.04928824
176.00000000,2120.00000000,0.04927560
176.00000000,2121.00000000,0.04895670
176.00000000,2122.00000000,0.04907041
176.00000000,2123.00000000,0.04929465
176.00000000,2124.00000000,0.04941050
176.00000000,2125.00000000,0.04934652
176.00000000,2126.00000000,0.04965746
176.00000000,2127.00000000,0.04986581
176.00000000,2128.00000000,0.04991865
176.00000000,2129.00000000,0.04999724
176.00000000,2130.00000000,0.05004736
176.00000000,2131.00000000,0.05031880
176.00000000,2132.00000000,0.05053034
176.00000000,2133.00000000,0.05068183
176.00000000,2134.00000000,0.05078893
176.00000000,2135.00000000,0.05099986
176.00000000,2136.00000000,0.05118775
176.00000000,2137.00000000,0.05123733
176.00000000,2138.00000000,0.05141509
176.00000000,2139.00000000,0.05165409
176.00000000,2140.00000000,0.05191159
176.00000000,2141.00000000,0.05213769
176.00000000,2142.00000000,0.05239785
176.00000000,2143.00000000,0.05258241
176.00000000,2144.00000000,0.05286922
176.00000000,2145.00000000,0.05320705
176.00000000,2146.00000000,0.05363705
176.00000000,2147.00000000,0.05389594
176.00000000,2148.00000000,0.05417433
176.00000000,2149.00000000,0.05455040
176.00000000,2150.00000000,0.05460462
176.00000000,2151.00000000,0.05460611
176.00000000,2152.00000000,0.05503190
176.00000000,2153.00000000,0.05528719
176.00000000,2154.00000000,0.05544616
176.00000000,2155.00000000,0.05590115
176.00000000,2156.00000000,0.05588034
176.00000000,2157.00000000,0.05570767
176.00000000,2158.00000000,0.05571314
176.00000000,2159.00000000,0.05575616
176.00000000,2160.00000000,0.05608295
176.00000000,2161.00000000,0.05637631
176.00000000,2162.00000000,0.05669023
176.00000000,2163.00000000,0.05697468
176.00000000,2164.00000000,0.05735924
176.00000000,2165.00000000,0.05762422
176.00000000,2166.00000000,0.05779202
176.00000000,2167.00000000,0.05801378
176.00000000,2168.00000000,0.05794077
176.00000000,2169.00000000,0.05804584
176.00000000,2170.00000000,0.05831386
176.00000000,2171.00000000,0.05860201
176.00000000,2172.00000000,0.05890453
176.00000000,2173.00000000,0.05916837
176.00000000,2174.00000000,0.05923395
176.00000000,2175.00000000,0.05931940
176.00000000,2176.00000000,0.05967397
176.00000000,2177.00000000,0.06002474
176.00000000,2178.00000000,0.06022371
176.00000000,2179.00000000,0.06083596
176.00000000,2180.00000000,0.06152308
176.00000000,2181.00000000,0.06208878
176.00000000,2182.00000000,0.06250086
176.00000000,2183.00000000,0.06291666
176.00000000,2184.00000000,0.06333625
176.00000000,2185.00000000,0.06375920
176.00000000,2186.00000000,0.06418556
176.00000000,2187.00000000,0.06471759
176.00000000,2188.00000000,0.06525336
176.00000000,2189.00000000,0.06579291
176.00000000,2190.00000000,0.06633617
176.00000000,2191.00000000,0.06688309
176.00000000,2192.00000000,0.06743370
176.00000000,2193.00000000,0.06798792
176.00000000,2194.00000000,0.06854572
176.00000000,2195.00000000,0.06910710
176.00000000,2196.00000000,0.06967202
176.00000000,2197.00000000,0.07019454
176.00000000,2198.00000000,0.07072042
176.00000000,2199.00000000,0.07124962
176.00000000,2200.00000000,0.07178219
176.00000000,2201.00000000,0.07231812
176.00000000,2202.00000000,0.07285741
176.00000000,2203.00000000,0.07340011
176.00000000,2204.00000000,0.07394624
176.00000000,2205.00000000,0.07449581
176.00000000,2206.00000000,0.07504892
176.00000000,2207.00000000,0.07570259
176.00000000,2208.00000000,0.07636014
176.00000000,2209.00000000,0.07702159
176.00000000,2210.00000000,0.07768693
176.00000000,2211.00000000,0.07835610
176.00000000,2212.00000000,0.07902914
176.00000000,2213.00000000,0.07970599
176.00000000,2214.00000000,0.08038668
176.00000000,2215.00000000,0.08107119
176.00000000,2216.00000000,0.08175950
176.00000000,2217.00000000,0.08252359
176.00000000,2218.00000000,0.08329175
176.00000000,2219.00000000,0.08406393
176.00000000,2220.00000000,0.08484014
176.00000000,2221.00000000,0.08562032
176.00000000,2222.00000000,0.08640441
176.00000000,2223.00000000,0.08719242
176.00000000,2224.00000000,0.08798426
176.00000000,2225.00000000,0.08877994
176.00000000,2226.00000000,0.08957940
176.00000000,2227.00000000,0.09037843
176.00000000,2228.00000000,0.09118118
176.00000000,2229.00000000,0.09198755
176.00000000,2230.00000000,0.09279748
176.00000000,2231.00000000,0.09361100
176.00000000,2232.00000000,0.09442801
176.00000000,2233.00000000,0.09524841
176.00000000,2234.00000000,0.09607223
176.00000000,2235.00000000,0.09689936
176.00000000,2236.00000000,0.09772967
176.00000000,2237.00000000,0.09840009
176.00000000,2238.00000000,0.09907289
176.00000000,2239.00000000,0.09974812
176.00000000,2240.00000000,0.10042572
176.00000000,2241.00000000,0.10110564
176.00000000,2242.00000000,0.10178792
176.00000000,2243.00000000,0.10247250
176.00000000,2244.00000000,0.10315931
176.00000000,2245.00000000,0.10384838
176.00000000,2246.00000000,0.10453964
176.00000000,2247.00000000,0.10508320
176.00000000,2248.00000000,0.10562825
176.00000000,2249.00000000,0.10617460
176.00000000,2250.00000000,0.10672161
176.00000000,2251.00000000,0.10726787
176.00000000,2252.00000000,0.10781205
176.00000000,2253.00000000,0.10835345
176.00000000,2254.00000000,0.10889170
176.00000000,2255.00000000,0.10942657
176.00000000,2256.00000000,0.10995806
176.00000000,2257.00000000,0.11040095
176.00000000,2258.00000000,0.11083998
176.00000000,2259.00000000,0.11127526
176.00000000,2260.00000000,0.11170675
176.00000000,2261.00000000,0.11213463
176.00000000,2262.00000000,0.11255900
176.00000000,2263.00000000,0.11297994
176.00000000,2264.00000000,0.11339764
176.00000000,2265.00000000,0.11381210
176.00000000,2266.00000000,0.11422333
176.00000000,2267.00000000,0.11454247
176.00000000,2268.00000000,0.11485822
176.00000000,2269.00000000,0.11517060
176.00000000,2270.00000000,0.11547975
176.00000000,2271.00000000,0.11578568
176.00000000,2272.00000000,0.11608842
176.00000000,2273.00000000,0.11638810
176.00000000,2274.00000000,0.11668468
176.00000000,2275.00000000,0.11697829
176.00000000,2276.00000000,0.11726892
176.00000000,2277.00000000,0.11748751
176.00000000,2278.00000000,0.11770306
176.00000000,2279.00000000,0.11791560
176.00000000,2280.00000000,0.11812511
176.00000000,2281.00000000,0.11833175
176.00000000,2282.00000000,0.11853550
176.00000000,2283.00000000,0.11873638
176.00000000,2284.00000000,0.11893450
176.00000000,2285.00000000,0.11912984
176.00000000,2286.00000000,0.11932250
176.00000000,2287.00000000,0.11951250
176.00000000,2288.00000000,0.11969980
176.00000000,2289.00000000,0.11988456
176.00000000,2290.00000000,0.12006673
176.00000000,2291.00000000,0.12024633
176.00000000,2292.00000000,0.12042346
176.00000000,2293.00000000,0.12059812
176.00000000,2294.00000000,0.12077025
176.00000000,2295.00000000,0.12094003
176.00000000,2296.00000000,0.12110741
176.00000000,2297.00000000,0.12127232
176.00000000,2298.00000000,0.12143495
176.00000000,2299.00000000,0.12159516
176.00000000,2300.00000000,0.12175313
176.00000000,2301.00000000,0.12190881
176.00000000,2302.00000000,0.12206208
176.00000000,2303.00000000,0.12221318
176.00000000,2304.00000000,0.12236198
176.00000000,2305.00000000,0.12250845
176.00000000,2306.00000000,0.12265276
176.00000000,2307.00000000,0.12279482
176.00000000,2308.00000000,0.12293458
176.00000000,2309.00000000,0.12307221
176.00000000,2310.00000000,0.12320754
176.00000000,2311.00000000,0.12334078
176.00000000,2312.00000000,0.12347184
176.00000000,2313.00000000,0.12360062
176.00000000,2314.00000000,0.12372733
176.00000000,2315.00000000,0.12385187
176.00000000,2316.00000000,0.12397417
176.00000000,2317.00000000,0.12409437
176.00000000,2318.00000000,0.12421243
176.00000000,2319.00000000,0.12432825
176.00000000,2320.00000000,0.12444199
176.00000000,2321.00000000,0.12455348
176.00000000,2322.00000000,0.12466288
176.00000000,2323.00000000,0.12477010
176.00000000,2324.00000000,0.12487503
176.00000000,2325.00000000,0.12497778
176.00000000,2326.00000000,0.12507823
176.00000000,2327.00000000,0.12469282
176.00000000,2328.00000000,0.12430457
176.00000000,2329.00000000,0.12391350
176.00000000,2330.00000000,0.12351956
176.00000000,2331.00000000,0.12312300
176.00000000,2332.00000000,0.12272379
176.00000000,2333.00000000,0.12232191
176.00000000,2334.00000000,0.12191755
176.00000000,2335.00000000,0.12151065
176.00000000,2336.00000000,0.12110137
176.00000000,2337.00000000,0.12068969
176.00000000,2338.00000000,0.12027564
176.00000000,2339.00000000,0.11985937
176.00000000,2340.00000000,0.11944087
176.00000000,2341.00000000,0.11902012
176.00000000,2342.00000000,0.11859729
176.00000000,2343.00000000,0.11817237
176.00000000,2344.00000000,0.11774534
176.00000000,2345.00000000,0.11731636
176.00000000,2346.00000000,0.11688537
176.00000000,2347.00000000,0.11645251
176.00000000,2348.00000000,0.11601777
176.00000000,2349.00000000,0.11558113
176.00000000,2350.00000000,0.11514276
176.00000000,2351.00000000,0.11470262
176.00000000,2352.00000000,0.11426071
176.00000000,2353.00000000,0.11381717
176.00000000,2354.00000000,0.11337199
176.00000000,2355.00000000,0.11292515
176.00000000,2356.00000000,0.11247680
176.00000000,2357.00000000,0.11202690
176.00000000,2358.00000000,0.11157545
176.00000000,2359.00000000,0.11112258
176.00000000,2360.00000000,0.11066822
176.00000000,2361.00000000,0.11021252
176.00000000,2362.00000000,0.10975544
176.00000000,2363.00000000,0.10929695
176.00000000,2364.00000000,0.10883720
176.00000000,2365.00000000,0.10837617
176.00000000,2366.00000000,0.10791383
176.00000000,2367.00000000,0.10745033
176.00000000,2368.00000000,0.10698561
176.00000000,2369.00000000,0.10651967
176.00000000,2370.00000000,0.10605264
176.00000000,2371.00000000,0.10558446
176.00000000,2372.00000000,0.10511522
176.00000000,2373.00000000,0.10464492
176.00000000,2374.00000000,0.10417352
176.00000000,2375.00000000,0.10370117
176.00000000,2376.00000000,0.10322783
176.00000000,2377.00000000,0.10275346
176.00000000,2378.00000000,0.10227822
176.00000000,2379.00000000,0.10180204
176.00000000,2380.00000000,0.10132492
176.00000000,2381.00000000,0.10084699
176.00000000,2382.00000000,0.10036820
176.00000000,2383.00000000,0.09988854
176.00000000,2384.00000000,0.09940812
176.00000000,2385.00000000,0.09892686
176.00000000,2386.00000000,0.09844490
176.00000000,2387.00000000,0.09796219
176.00000000,2388.00000000,0.09747872
176.00000000,2389.00000000,0.09699458
176.00000000,2390.00000000,0.09650979
176.00000000,2391.00000000,0.09602426
176.00000000,2392.00000000,0.09553816
176.00000000,2393.00000000,0.09505142
176.00000000,2394.00000000,0.09456404
176.00000000,2395.00000000,0.09407613
176.00000000,2396.00000000,0.09358759
176.00000000,2397.00000000,0.09309858
176.00000000,2398.00000000,0.09260902
176.00000000,2399.00000000,0.09211891
176.00000000,2400.00000000,0.09162836
176.00000000,2401.00000000,0.09113732
176.00000000,2402.00000000,0.09064579
176.00000000,2403.00000000,0.09015388
176.00000000,2404.00000000,0.08966154
176.00000000,2405.00000000,0.08916876
176.00000000,2406.00000000,0.08867565
176.00000000,2407.00000000,0.08818212
176.00000000,2408.00000000,0.08768830
176.00000000,2409.00000000,0.08719413
176.00000000,2410.00000000,0.08669959
176.00000000,2411.00000000,0.08620481
176.00000000,2412.00000000,0.08570975
176.00000000,2413.00000000,0.08521436
176.00000000,2414.00000000,0.08471877
176.00000000,2415.00000000,0.08422294
176.00000000,2416.00000000,0.08372683
176.00000000,2417.00000000,0.08323057
176.00000000,2418.00000000,0.08273413
176.00000000,2419.00000000,0.08223744
176.00000000,2420.00000000,0.08174066
176.00000000,2421.00000000,0.08124368
176.00000000,2422.00000000,0.08074664
176.00000000,2423.00000000,0.08024953
176.00000000,2424.00000000,0.07975233
176.00000000,2425.00000000,0.07935985
176.00000000,2426.00000000,0.07927552
176.00000000,2427.00000000,0.07927549
176.00000000,2428.00000000,0.07927564
176.00000000,2429.00000000,0.07927593
176.00000000,2430.00000000,0.07927630
176.00000000,2431.00000000,0.07927688
176.00000000,2432.00000000,0.07929071
176.00000000,2433.00000000,0.07930474
176.00000000,2434.00000000,0.07931890
176.00000000,2435.00000000,0.07933310
176.00000000,2436.00000000,0.07934748
176.00000000,2437.00000000,0.07933590
176.00000000,2438.00000000,0.07932433
176.00000000,2439.00000000,0.07931294
176.00000000,2440.00000000,0.07930164
176.00000000,2441.00000000,0.07929037
176.00000000,2442.00000000,0.07927925
176.00000000,2443.00000000,0.07926823
176.00000000,2444.00000000,0.07925723
176.00000000,2445.00000000,0.07924637
176.00000000,2446.00000000,0.07923553
176.00000000,2447.00000000,0.07922484
176.00000000,2448.00000000,0.07921422
176.00000000,2449.00000000,0.07920362
176.00000000,2450.00000000,0.07919316
176.00000000,2451.00000000,0.07918277
176.00000000,2452.00000000,0.07917125
176.00000000,2453.00000000,0.07915986
176.00000000,2454.00000000,0.07914854
176.00000000,2455.00000000,0.07913721
176.00000000,2456.00000000,0.07912601
176.00000000,2457.00000000,0.07911481
176.00000000,2458.00000000,0.07910371
176.00000000,2459.00000000,0.07909268
176.00000000,2460.00000000,0.07908164
176.00000000,2461.00000000,0.07907071
176.00000000,2462.00000000,0.07905984
176.00000000,2463.00000000,0.07904894
176.00000000,2464.00000000,0.07903816
176.00000000,2465.00000000,0.07902744
176.00000000,2466.00000000,0.07901668
176.00000000,2467.00000000,0.07900604
176.00000000,2468.00000000,0.07899538
176.00000000,2469.00000000,0.07898482
176.00000000,2470.00000000,0.07897432
176.00000000,2471.00000000,0.07896378
176.00000000,2472.00000000,0.07895335
176.00000000,2473.00000000,0.07894296
176.00000000,2474.00000000,0.07893253
176.00000000,2475.00000000,0.07892222
176.00000000,2476.00000000,0.07891194
176.00000000,2477.00000000,0.07890413
176.00000000,2478.00000000,0.07889642
176.00000000,2479.00000000,0.07888876
176.00000000,2480.00000000,0.07888105
176.00000000,2481.00000000,0.07887345
176.00000000,2482.00000000,0.07886580
176.00000000,2483.00000000,0.07885826
176.00000000,2484.00000000,0.07885075
176.00000000,2485.00000000,0.07884320
176.00000000,2486.00000000,0.07883574
176.00000000,2487.00000000,0.07882832
176.00000000,2488.00000000,0.07882083
176.00000000,2489.00000000,0.07881347
176.00000000,2490.00000000,0.07880612
176.00000000,2491.00000000,0.07879871
176.00000000,2492.00000000,0.07879141
176.00000000,2493.00000000,0.07878405
176.00000000,2494.00000000,0.07877679
176.00000000,2495.00000000,0.07876956
176.00000000,2496.00000000,0.07876226
176.00000000,2497.00000000,0.07875507
176.00000000,2498.00000000,0.07874789
176.00000000,2499.00000000,0.07874066
176.00000000,2500.00000000,0.07873352
177.00000000,1765.00000000,0.05307681
177.00000000,1766.00000000,0.05307673
177.00000000,1767.00000000,0.05307685
177.00000000,1768.00000000,0.05307688
177.00000000,1769.00000000,0.05307713
177.00000000,1770.00000000,0.05307745
177.00000000,1771.00000000,0.05307782
177.00000000,1772.00000000,0.05307827
177.00000000,1773.00000000,0.05307877
177.00000000,1774.00000000,0.05307945
177.00000000,1775.00000000,0.05308023
177.00000000,1776.00000000,0.05308113
177.00000000,1777.00000000,0.05308224
177.00000000,1778.00000000,0.05308329
177.00000000,1779.00000000,0.05308440
177.00000000,1780.00000000,0.05308569
177.00000000,1781.00000000,0.05308713
177.00000000,1782.00000000,0.05308849
177.00000000,1783.00000000,0.05309013
177.00000000,1784.00000000,0.05309163
177.00000000,1785.00000000,0.05309332
177.00000000,1786.00000000,0.05309515
177.00000000,1787.00000000,0.05309701
177.00000000,1788.00000000,0.05309885
177.00000000,1789.00000000,0.05310076
177.00000000,1790.00000000,0.05310278
177.00000000,1791.00000000,0.05310490
177.00000000,1792.00000000,0.05310703
177.00000000,1793.00000000,0.05310920
177.00000000,1794.00000000,0.05311139
177.00000000,1795.00000000,0.05311369
177.00000000,1796.00000000,0.05311596
177.00000000,1797.00000000,0.05311843
177.00000000,1798.00000000,0.05312063
177.00000000,1799.00000000,0.05312306
177.00000000,1800.00000000,0.05312554
177.00000000,1801.00000000,0.05312807
177.00000000,1802.00000000,0.05313053
177.00000000,1803.00000000,0.05313300
177.00000000,1804.00000000,0.05313561
177.00000000,1805.00000000,0.05313816
177.00000000,1806.00000000,0.05314077
177.00000000,1807.00000000,0.05314333
177.00000000,1808.00000000,0.05314602
177.00000000,1809.00000000,0.05314859
177.00000000,1810.00000000,0.05315128
177.00000000,1811.00000000,0.05315403
177.00000000,1812.00000000,0.05315664
177.00000000,1813.00000000,0.05315943
177.00000000,1814.00000000,0.05316223
177.00000000,1815.00000000,0.05316486
177.00000000,1816.00000000,0.05316767
177.00000000,1817.00000000,0.05317043
177.00000000,1818.00000000,0.05317309
177.00000000,1819.00000000,0.05317591
177.00000000,1820.00000000,0.05317876
177.00000000,1821.00000000,0.05318138
177.00000000,1822.00000000,0.05318414
177.00000000,1823.00000000,0.05318691
177.00000000,1824.00000000,0.05318967
177.00000000,1825.00000000,0.05319242
177.00000000,1826.00000000,0.05319525
177.00000000,1827.00000000,0.05319795
177.00000000,1828.00000000,0.05320078
177.00000000,1829.00000000,0.05320338
177.00000000,1830.00000000,0.05320606
177.00000000,1831.00000000,0.05320878
177.00000000,1832.00000000,0.05321160
177.00000000,1833.00000000,0.05321421
177.00000000,1834.00000000,0.05321690
177.00000000,1835.00000000,0.05321956
177.00000000,1836.00000000,0.05322219
177.00000000,1837.00000000,0.05322484
177.00000000,1838.00000000,0.05322752
177.00000000,1839.00000000,0.05322999
177.00000000,1840.00000000,0.05323261
177.00000000,1841.00000000,0.05323517
177.00000000,1842.00000000,0.05323768
177.00000000,1843.00000000,0.05324019
177.00000000,1844.00000000,0.05324271
177.00000000,1845.00000000,0.05324524
177.00000000,1846.00000000,0.05324767
177.00000000,1847.00000000,0.05325008
177.00000000,1848.00000000,0.05325240
177.00000000,1849.00000000,0.05325481
177.00000000,1850.00000000,0.05325714
177.00000000,1851.00000000,0.05325948
177.00000000,1852.00000000,0.05326173
177.00000000,1853.00000000,0.05326425
177.00000000,1854.00000000,0.05326680
177.00000000,1855.00000000,0.05326935
177.00000000,1856.00000000,0.05327188
177.00000000,1857.00000000,0.05327427
177.00000000,1858.00000000,0.05327657
177.00000000,1859.00000000,0.05327885
177.00000000,1860.00000000,0.05328115
177.00000000,1861.00000000,0.05328330
177.00000000,1862.00000000,0.05328534
177.00000000,1863.00000000,0.05328692
177.00000000,1864.00000000,0.05328818
177.00000000,1865.00000000,0.05328909
177.00000000,1866.00000000,0.05328974
177.00000000,1867.00000000,0.05329020
177.00000000,1868.00000000,0.05329045
177.00000000,1869.00000000,0.05329049
177.00000000,1870.00000000,0.05329034
177.00000000,1871.00000000,0.05329009
177.00000000,1872.00000000,0.05328994
177.00000000,1873.00000000,0.05329027
177.00000000,1874.00000000,0.05329093
177.00000000,1875.00000000,0.05329184
177.00000000,1876.00000000,0.05329291
177.00000000,1877.00000000,0.05329411
177.00000000,1878.00000000,0.05329550
177.00000000,1879.00000000,0.05329691
177.00000000,1880.00000000,0.05329832
177.00000000,1881.00000000,0.05329987
177.00000000,1882.00000000,0.05330125
177.00000000,1883.00000000,0.05330239
177.00000000,1884.00000000,0.05330326
177.00000000,1885.00000000,0.05330393
177.00000000,1886.00000000,0.05330434
177.00000000,1887.00000000,0.05330479
177.00000000,1888.00000000,0.05330503
177.00000000,1889.00000000,0.05330509
177.00000000,1890.00000000,0.05330496
177.00000000,1891.00000000,0.05330450
177.00000000,1892.00000000,0.05330385
177.00000000,1893.00000000,0.05330311
177.00000000,1894.00000000,0.05330237
177.00000000,1895.00000000,0.05330162
177.00000000,1896.00000000,0.05330093
177.00000000,1897.00000000,0.05330021
177.00000000,1898.00000000,0.05329938
177.00000000,1899.00000000,0.05329843
177.00000000,1900.00000000,0.05329721
177.00000000,1901.00000000,0.05329582
177.00000000,1902.00000000,0.05329449
177.00000000,1903.00000000,0.05329324
177.00000000,1904.00000000,0.05329205
177.00000000,1905.00000000,0.05329101
177.00000000,1906.00000000,0.05329008
177.00000000,1907.00000000,0.05328929
177.00000000,1908.00000000,0.05328841
177.00000000,1909.00000000,0.05328748
177.00000000,1910.00000000,0.05328658
177.00000000,1911.00000000,0.05328554
177.00000000,1912.00000000,0.05328407
177.00000000,1913.00000000,0.05328199
177.00000000,1914.00000000,0.05327916
177.00000000,1915.00000000,0.05327606
177.00000000,1916.00000000,0.05327291
177.00000000,1917.00000000,0.05326968
177.00000000,1918.00000000,0.05326636
177.00000000,1919.00000000,0.05326303
177.00000000,1920.00000000,0.05326010
177.00000000,1921.00000000,0.05325761
177.00000000,1922.00000000,0.05325574
177.00000000,1923.00000000,0.05325436
177.00000000,1924.00000000,0.05325306
177.00000000,1925.00000000,0.05325167
177.00000000,1926.00000000,0.05325021
177.00000000,1927.00000000,0.05324874
177.00000000,1928.00000000,0.05324735
177.00000000,1929.00000000,0.05324596
177.00000000,1930.00000000,0.05324467
177.00000000,1931.00000000,0.05324411
177.00000000,1932.00000000,0.05324446
177.00000000,1933.00000000,0.05324532
177.00000000,1934.00000000,0.05324659
177.00000000,1935.00000000,0.05324783
177.00000000,1936.00000000,0.05324871
177.00000000,1937.00000000,0.05324896
177.00000000,1938.00000000,0.05324836
177.00000000,1939.00000000,0.05324717
177.00000000,1940.00000000,0.05324553
177.00000000,1941.00000000,0.05324325
177.00000000,1942.00000000,0.05324026
177.00000000,1943.00000000,0.05324175
177.00000000,1944.00000000,0.05323806
177.00000000,1945.00000000,0.05323431
177.00000000,1946.00000000,0.05323135
177.00000000,1947.00000000,0.05322961
177.00000000,1948.00000000,0.05323010
177.00000000,1949.00000000,0.05322902
177.00000000,1950.00000000,0.05322793
177.00000000,1951.00000000,0.05322677
177.00000000,1952.00000000,0.05322617
177.00000000,1953.00000000,0.05322577
177.00000000,1954.00000000,0.05322537
177.00000000,1955.00000000,0.05322519
177.00000000,1956.00000000,0.05322501
177.00000000,1957.00000000,0.05322478
177.00000000,1958.00000000,0.05322586
177.00000000,1959.00000000,0.05322489
177.00000000,1960.00000000,0.05322263
177.00000000,1961.00000000,0.05321926
177.00000000,1962.00000000,0.05321518
177.00000000,1963.00000000,0.05321057
177.00000000,1964.00000000,0.05320516
177.00000000,1965.00000000,0.05319888
177.00000000,1966.00000000,0.05319160
177.00000000,1967.00000000,0.05318335
177.00000000,1968.00000000,0.05317578
177.00000000,1969.00000000,0.05316505
177.00000000,1970.00000000,0.05315258
177.00000000,1971.00000000,0.05313781
177.00000000,1972.00000000,0.05312017
177.00000000,1973.00000000,0.05309999
177.00000000,1974.00000000,0.05307942
177.00000000,1975.00000000,0.05305596
177.00000000,1976.00000000,0.05303220
177.00000000,1977.00000000,0.05301013
177.00000000,1978.00000000,0.05298631
177.00000000,1979.00000000,0.05296545
177.00000000,1980.00000000,0.05293921
177.00000000,1981.00000000,0.05291446
177.00000000,1982.00000000,0.05289104
177.00000000,1983.00000000,0.05287214
177.00000000,1984.00000000,0.05285446
177.00000000,1985.00000000,0.05283888
177.00000000,1986.00000000,0.05282458
177.00000000,1987.00000000,0.05281078
177.00000000,1988.00000000,0.05279877
177.00000000,1989.00000000,0.05278487
177.00000000,1990.00000000,0.05277055
177.00000000,1991.00000000,0.05275606
177.00000000,1992.00000000,0.05274345
177.00000000,1993.00000000,0.05273126
177.00000000,1994.00000000,0.05271981
177.00000000,1995.00000000,0.05270721
177.00000000,1996.00000000,0.05269476
177.00000000,1997.00000000,0.05268188
177.00000000,1998.00000000,0.05266848
177.00000000,1999.00000000,0.05265658
177.00000000,2000.00000000,0.05264475
177.00000000,2001.00000000,0.05263106
177.00000000,2002.00000000,0.05261862
177.00000000,2003.00000000,0.05260458
177.00000000,2004.00000000,0.05259136
177.00000000,2005.00000000,0.05257459
177.00000000,2006.00000000,0.05255510
177.00000000,2007.00000000,0.05254263
177.00000000,2008.00000000,0.05251634
177.00000000,2009.00000000,0.05248941
177.00000000,2010.00000000,0.05246214
177.00000000,2011.00000000,0.05243142
177.00000000,2012.00000000,0.05240047
177.00000000,2013.00000000,0.05237252
177.00000000,2014.00000000,0.05233628
177.00000000,2015.00000000,0.05229975
177.00000000,2016.00000000,0.05226145
177.00000000,2017.00000000,0.05222298
177.00000000,2018.00000000,0.05218130
177.00000000,2019.00000000,0.05213967
177.00000000,2020.00000000,0.05209496
177.00000000,2021.00000000,0.05205051
177.00000000,2022.00000000,0.05200803
177.00000000,2023.00000000,0.05195809
177.00000000,2024.00000000,0.05191209
177.00000000,2025.00000000,0.05186212
177.00000000,2026.00000000,0.05181464
177.00000000,2027.00000000,0.05176816
177.00000000,2028.00000000,0.05171473
177.00000000,2029.00000000,0.05166563
177.00000000,2030.00000000,0.05161447
177.00000000,2031.00000000,0.05157548
177.00000000,2032.00000000,0.05152320
177.00000000,2033.00000000,0.05147491
177.00000000,2034.00000000,0.05141940
177.00000000,2035.00000000,0.05136301
177.00000000,2036.00000000,0.05131199
177.00000000,2037.00000000,0.05126471
177.00000000,2038.00000000,0.05121020
177.00000000,2039.00000000,0.05115165
177.00000000,2040.00000000,0.05110007
177.00000000,2041.00000000,0.05104931
177.00000000,2042.00000000,0.05099609
177.00000000,2043.00000000,0.05093567
177.00000000,2044.00000000,0.05088238
177.00000000,2045.00000000,0.05082302
177.00000000,2046.00000000,0.05076582
177.00000000,2047.00000000,0.05070455
177.00000000,2048.00000000,0.05064859
177.00000000,2049.00000000,0.05060421
177.00000000,2050.00000000,0.05054964
177.00000000,2051.00000000,0.05046169
177.00000000,2052.00000000,0.05041001
177.00000000,2053.00000000,0.05034056
177.00000000,2054.00000000,0.05027044
177.00000000,2055.00000000,0.05019730
177.00000000,2056.00000000,0.05014272
177.00000000,2057.00000000,0.05010592
177.00000000,2058.00000000,0.05003947
177.00000000,2059.00000000,0.04998159
177.00000000,2060.00000000,0.04992778
177.00000000,2061.00000000,0.04985382
177.00000000,2062.00000000,0.04977834
177.00000000,2063.00000000,0.04970629
177.00000000,2064.00000000,0.04965004
177.00000000,2065.00000000,0.04962167
177.00000000,2066.00000000,0.04954589
177.00000000,2067.00000000,0.04951461
177.00000000,2068.00000000,0.04946466
177.00000000,2069.00000000,0.04939456
177.00000000,2070.00000000,0.04931637
177.00000000,2071.00000000,0.04926461
177.00000000,2072.00000000,0.04922893
177.00000000,2073.00000000,0.04917973
177.00000000,2074.00000000,0.04914405
177.00000000,2075.00000000,0.04911592
177.00000000,2076.00000000,0.04911463
177.00000000,2077.00000000,0.04909270
177.00000000,2078.00000000,0.04905898
177.00000000,2079.00000000,0.04902090
177.00000000,2080.00000000,0.04903882
177.00000000,2081.00000000,0.04899318
177.00000000,2082.00000000,0.04899608
177.00000000,2083.00000000,0.04900771
177.00000000,2084.00000000,0.04906904
177.00000000,2085.00000000,0.04896898
177.00000000,2086.00000000,0.04897131
177.00000000,2087.00000000,0.04897331
177.00000000,2088.00000000,0.04895158
177.00000000,2089.00000000,0.04896882
177.00000000,2090.00000000,0.04901753
177.00000000,2091.00000000,0.04883884
177.00000000,2092.00000000,0.04877928
177.00000000,2093.00000000,0.04883006
177.00000000,2094.00000000,0.04886908
177.00000000,2095.00000000,0.04880364
177.00000000,2096.00000000,0.04857912
177.00000000,2097.00000000,0.04872634
177.00000000,2098.00000000,0.04850652
177.00000000,2099.00000000,0.04853517
177.00000000,2100.00000000,0.04868480
177.00000000,2101.00000000,0.04864545
177.00000000,2102.00000000,0.04863495
177.00000000,2103.00000000,0.04862021
177.00000000,2104.00000000,0.04870909
177.00000000,2105.00000000,0.04869026
177.00000000,2106.00000000,0.04878328
177.00000000,2107.00000000,0.04863094
177.00000000,2108.00000000,0.04844989
177.00000000,2109.00000000,0.04829892
177.00000000,2110.00000000,0.04834848
177.00000000,2111.00000000,0.04844823
177.00000000,2112.00000000,0.04851235
177.00000000,2113.00000000,0.04864796
177.00000000,2114.00000000,0.04875063
177.00000000,2115.00000000,0.04864633
177.00000000,2116.00000000,0.04871038
177.00000000,2117.00000000,0.04885702
177.00000000,2118.00000000,0.04890239
177.00000000,2119.00000000,0.04891065
177.00000000,2120.00000000,0.04897858
177.00000000,2121.00000000,0.04896671
177.00000000,2122.00000000,0.04865048
177.00000000,2123.00000000,0.04876413
177.00000000,2124.00000000,0.04898761
177.00000000,2125.00000000,0.04910334
177.00000000,2126.00000000,0.04904036
177.00000000,2127.00000000,0.04934996
177.00000000,2128.00000000,0.04955761
177.00000000,2129.00000000,0.04961070
177.00000000,2130.00000000,0.04968938
177.00000000,2131.00000000,0.04973974
177.00000000,2132.00000000,0.05001006
177.00000000,2133.00000000,0.05022083
177.00000000,2134.00000000,0.05037193
177.00000000,2135.00000000,0.05047888
177.00000000,2136.00000000,0.05068903
177.00000000,2137.00000000,0.05087628
177.00000000,2138.00000000,0.05092605
177.00000000,2139.00000000,0.05110321
177.00000000,2140.00000000,0.05134125
177.00000000,2141.00000000,0.05159766
177.00000000,2142.00000000,0.05182286
177.00000000,2143.00000000,0.05208192
177.00000000,2144.00000000,0.05226582
177.00000000,2145.00000000,0.05255136
177.00000000,2146.00000000,0.05288762
177.00000000,2147.00000000,0.05331550
177.00000000,2148.00000000,0.05357329
177.00000000,2149.00000000,0.05385047
177.00000000,2150.00000000,0.05422474
177.00000000,2151.00000000,0.05427937
177.00000000,2152.00000000,0.05428241
177.00000000,2153.00000000,0.05470800
177.00000000,2154.00000000,0.05496454
177.00000000,2155.00000000,0.05512549
177.00000000,2156.00000000,0.05558079
177.00000000,2157.00000000,0.05556304
177.00000000,2158.00000000,0.05539421
177.00000000,2159.00000000,0.05540240
177.00000000,2160.00000000,0.05544786
177.00000000,2161.00000000,0.05577547
177.00000000,2162.00000000,0.05606976
177.00000000,2163.00000000,0.05638444
177.00000000,2164.00000000,0.05666974
177.00000000,2165.00000000,0.05705459
177.00000000,2166.00000000,0.05732042
177.00000000,2167.00000000,0.05748954
177.00000000,2168.00000000,0.05771227
177.00000000,2169.00000000,0.05764172
177.00000000,2170.00000000,0.05774825
177.00000000,2171.00000000,0.05801687
177.00000000,2172.00000000,0.05830547
177.00000000,2173.00000000,0.05860833
177.00000000,2174.00000000,0.05887269
177.00000000,2175.00000000,0.05893972
177.00000000,2176.00000000,0.05902649
177.00000000,2177.00000000,0.05938103
177.00000000,2178.00000000,0.05973176
177.00000000,2179.00000000,0.05993140
177.00000000,2180.00000000,0.06054231
177.00000000,2181.00000000,0.06122772
177.00000000,2182.00000000,0.06179229
177.00000000,2183.00000000,0.06220398
177.00000000,2184.00000000,0.06261935
177.00000000,2185.00000000,0.06303848
177.00000000,2186.00000000,0.06346094
177.00000000,2187.00000000,0.06388679
177.00000000,2188.00000000,0.06441782
177.00000000,2189.00000000,0.06495256
177.00000000,2190.00000000,0.06549107
177.00000000,2191.00000000,0.06603327
177.00000000,2192.00000000,0.06657912
177.00000000,2193.00000000,0.06712863
177.00000000,2194.00000000,0.06768176
177.00000000,2195.00000000,0.06823843
177.00000000,2196.00000000,0.06879869
177.00000000,2197.00000000,0.06936246
177.00000000,2198.00000000,0.06988402
177.00000000,2199.00000000,0.07040895
177.00000000,2200.00000000,0.07093717
177.00000000,2201.00000000,0.07146876
177.00000000,2202.00000000,0.07200369
177.00000000,2203.00000000,0.07254196
177.00000000,2204.00000000,0.07308366
177.00000000,2205.00000000,0.07362876
177.00000000,2206.00000000,0.07417730
177.00000000,2207.00000000,0.07472937
177.00000000,2208.00000000,0.07538158
177.00000000,2209.00000000,0.07603765
177.00000000,2210.00000000,0.07669765
177.00000000,2211.00000000,0.07736150
177.00000000,2212.00000000,0.07802920
177.00000000,2213.00000000,0.07870075
177.00000000,2214.00000000,0.07937611
177.00000000,2215.00000000,0.08005531
177.00000000,2216.00000000,0.08073833
177.00000000,2217.00000000,0.08142514
177.00000000,2218.00000000,0.08218744
177.00000000,2219.00000000,0.08295381
177.00000000,2220.00000000,0.08372419
177.00000000,2221.00000000,0.08449861
177.00000000,2222.00000000,0.08527700
177.00000000,2223.00000000,0.08605930
177.00000000,2224.00000000,0.08684552
177.00000000,2225.00000000,0.08763557
177.00000000,2226.00000000,0.08842946
177.00000000,2227.00000000,0.08922715
177.00000000,2228.00000000,0.09002441
177.00000000,2229.00000000,0.09082539
177.00000000,2230.00000000,0.09163002
177.00000000,2231.00000000,0.09243821
177.00000000,2232.00000000,0.09324997
177.00000000,2233.00000000,0.09406523
177.00000000,2234.00000000,0.09488390
177.00000000,2235.00000000,0.09570599
177.00000000,2236.00000000,0.09653139
177.00000000,2237.00000000,0.09735999
177.00000000,2238.00000000,0.09802931
177.00000000,2239.00000000,0.09870103
177.00000000,2240.00000000,0.09937517
177.00000000,2241.00000000,0.10005169
177.00000000,2242.00000000,0.10073054
177.00000000,2243.00000000,0.10141176
177.00000000,2244.00000000,0.10209527
177.00000000,2245.00000000,0.10278103
177.00000000,2246.00000000,0.10346907
177.00000000,2247.00000000,0.10415928
177.00000000,2248.00000000,0.10470236
177.00000000,2249.00000000,0.10524682
177.00000000,2250.00000000,0.10579187
177.00000000,2251.00000000,0.10633624
177.00000000,2252.00000000,0.10687859
177.00000000,2253.00000000,0.10741815
177.00000000,2254.00000000,0.10795463
177.00000000,2255.00000000,0.10848784
177.00000000,2256.00000000,0.10901766
177.00000000,2257.00000000,0.10954411
177.00000000,2258.00000000,0.10998230
177.00000000,2259.00000000,0.11041671
177.00000000,2260.00000000,0.11084744
177.00000000,2261.00000000,0.11127451
177.00000000,2262.00000000,0.11169814
177.00000000,2263.00000000,0.11211842
177.00000000,2264.00000000,0.11253541
177.00000000,2265.00000000,0.11294926
177.00000000,2266.00000000,0.11335995
177.00000000,2267.00000000,0.11376751
177.00000000,2268.00000000,0.11408340
177.00000000,2269.00000000,0.11439597
177.00000000,2270.00000000,0.11470525
177.00000000,2271.00000000,0.11501138
177.00000000,2272.00000000,0.11531436
177.00000000,2273.00000000,0.11561421
177.00000000,2274.00000000,0.11591107
177.00000000,2275.00000000,0.11620489
177.00000000,2276.00000000,0.11649580
177.00000000,2277.00000000,0.11678381
177.00000000,2278.00000000,0.11700010
177.00000000,2279.00000000,0.11721345
177.00000000,2280.00000000,0.11742382
177.00000000,2281.00000000,0.11763122
177.00000000,2282.00000000,0.11783580
177.00000000,2283.00000000,0.11803756
177.00000000,2284.00000000,0.11823648
177.00000000,2285.00000000,0.11843271
177.00000000,2286.00000000,0.11862618
177.00000000,2287.00000000,0.11881705
177.00000000,2288.00000000,0.11900527
177.00000000,2289.00000000,0.11919086
177.00000000,2290.00000000,0.11937393
177.00000000,2291.00000000,0.11955448
177.00000000,2292.00000000,0.11973247
177.00000000,2293.00000000,0.11990805
177.00000000,2294.00000000,0.12008120
177.00000000,2295.00000000,0.12025185
177.00000000,2296.00000000,0.12042018
177.00000000,2297.00000000,0.12058613
177.00000000,2298.00000000,0.12074968
177.00000000,2299.00000000,0.12091095
177.00000000,2300.00000000,0.12106986
177.00000000,2301.00000000,0.12122654
177.00000000,2302.00000000,0.12138093
177.00000000,2303.00000000,0.12153298
177.00000000,2304.00000000,0.12168286
177.00000000,2305.00000000,0.12183047
177.00000000,2306.00000000,0.12197578
177.00000000,2307.00000000,0.12211893
177.00000000,2308.00000000,0.12225990
177.00000000,2309.00000000,0.12239857
177.00000000,2310.00000000,0.12253513
177.00000000,2311.00000000,0.12266944
177.00000000,2312.00000000,0.12280167
177.00000000,2313.00000000,0.12293174
177.00000000,2314.00000000,0.12305955
177.00000000,2315.00000000,0.12318532
177.00000000,2316.00000000,0.12330895
177.00000000,2317.00000000,0.12343033
177.00000000,2318.00000000,0.12354968
177.00000000,2319.00000000,0.12366689
177.00000000,2320.00000000,0.12378188
177.00000000,2321.00000000,0.12389478
177.00000000,2322.00000000,0.12400549
177.00000000,2323.00000000,0.12411412
177.00000000,2324.00000000,0.12422059
177.00000000,2325.00000000,0.12432477
177.00000000,2326.00000000,0.12442682
177.00000000,2327.00000000,0.12452657
177.00000000,2328.00000000,0.12414261
177.00000000,2329.00000000,0.12375584
177.00000000,2330.00000000,0.12336624
177.00000000,2331.00000000,0.12297385
177.00000000,2332.00000000,0.12257882
177.00000000,2333.00000000,0.12218117
177.00000000,2334.00000000,0.12178087
177.00000000,2335.00000000,0.12137811
177.00000000,2336.00000000,0.12097282
177.00000000,2337.00000000,0.12056516
177.00000000,2338.00000000,0.12015515
177.00000000,2339.00000000,0.11974277
177.00000000,2340.00000000,0.11932818
177.00000000,2341.00000000,0.11891137
177.00000000,2342.00000000,0.11849234
177.00000000,2343.00000000,0.11807124
177.00000000,2344.00000000,0.11764807
177.00000000,2345.00000000,0.11722279
177.00000000,2346.00000000,0.11679559
177.00000000,2347.00000000,0.11636638
177.00000000,2348.00000000,0.11593532
177.00000000,2349.00000000,0.11550239
177.00000000,2350.00000000,0.11506758
177.00000000,2351.00000000,0.11463104
177.00000000,2352.00000000,0.11419276
177.00000000,2353.00000000,0.11375271
177.00000000,2354.00000000,0.11331105
177.00000000,2355.00000000,0.11286776
177.00000000,2356.00000000,0.11242282
177.00000000,2357.00000000,0.11197637
177.00000000,2358.00000000,0.11152839
177.00000000,2359.00000000,0.11107886
177.00000000,2360.00000000,0.11062794
177.00000000,2361.00000000,0.11017553
177.00000000,2362.00000000,0.10972177
177.00000000,2363.00000000,0.10926664
177.00000000,2364.00000000,0.10881013
177.00000000,2365.00000000,0.10835235
177.00000000,2366.00000000,0.10789332
177.00000000,2367.00000000,0.10743297
177.00000000,2368.00000000,0.10697146
177.00000000,2369.00000000,0.10650875
177.00000000,2370.00000000,0.10604482
177.00000000,2371.00000000,0.10557983
177.00000000,2372.00000000,0.10511365
177.00000000,2373.00000000,0.10464645
177.00000000,2374.00000000,0.10417818
177.00000000,2375.00000000,0.10370884
177.00000000,2376.00000000,0.10323853
177.00000000,2377.00000000,0.10276724
177.00000000,2378.00000000,0.10229495
177.00000000,2379.00000000,0.10182176
177.00000000,2380.00000000,0.10134766
177.00000000,2381.00000000,0.10087263
177.00000000,2382.00000000,0.10039677
177.00000000,2383.00000000,0.09992008
177.00000000,2384.00000000,0.09944250
177.00000000,2385.00000000,0.09896417
177.00000000,2386.00000000,0.09848502
177.00000000,2387.00000000,0.09800515
177.00000000,2388.00000000,0.09752456
177.00000000,2389.00000000,0.09704319
177.00000000,2390.00000000,0.09656118
177.00000000,2391.00000000,0.09607849
177.00000000,2392.00000000,0.09559510
177.00000000,2393.00000000,0.09511111
177.00000000,2394.00000000,0.09462652
177.00000000,2395.00000000,0.09414127
177.00000000,2396.00000000,0.09365549
177.00000000,2397.00000000,0.09316910
177.00000000,2398.00000000,0.09268221
177.00000000,2399.00000000,0.09219481
177.00000000,2400.00000000,0.09170685
177.00000000,2401.00000000,0.09121844
177.00000000,2402.00000000,0.09072958
177.00000000,2403.00000000,0.09024021
177.00000000,2404.00000000,0.08975045
177.00000000,2405.00000000,0.08926029
177.00000000,2406.00000000,0.08876967
177.00000000,2407.00000000,0.08827874
177.00000000,2408.00000000,0.08778738
177.00000000,2409.00000000,0.08729571
177.00000000,2410.00000000,0.08680373
177.00000000,2411.00000000,0.08631138
177.00000000,2412.00000000,0.08581878
177.00000000,2413.00000000,0.08532589
177.00000000,2414.00000000,0.08483268
177.00000000,2415.00000000,0.08433928
177.00000000,2416.00000000,0.08384564
177.00000000,2417.00000000,0.08335171
177.00000000,2418.00000000,0.08285764
177.00000000,2419.00000000,0.08236338
177.00000000,2420.00000000,0.08186888
177.00000000,2421.00000000,0.08137429
177.00000000,2422.00000000,0.08087950
177.00000000,2423.00000000,0.08038465
177.00000000,2424.00000000,0.07988973
177.00000000,2425.00000000,0.07939472
177.00000000,2426.00000000,0.07900397
177.00000000,2427.00000000,0.07891998
177.00000000,2428.00000000,0.07891991
177.00000000,2429.00000000,0.07892003
177.00000000,2430.00000000,0.07892029
177.00000000,2431.00000000,0.07892061
177.00000000,2432.00000000,0.07892115
177.00000000,2433.00000000,0.07893489
177.00000000,2434.00000000,0.07894881
177.00000000,2435.00000000,0.07896287
177.00000000,2436.00000000,0.07897698
177.00000000,2437.00000000,0.07899127
177.00000000,2438.00000000,0.07897968
177.00000000,2439.00000000,0.07896814
177.00000000,2440.00000000,0.07895676
177.00000000,2441.00000000,0.07894546
177.00000000,2442.00000000,0.07893421
177.00000000,2443.00000000,0.07892311
177.00000000,2444.00000000,0.07891209
177.00000000,2445.00000000,0.07890110
177.00000000,2446.00000000,0.07889026
177.00000000,2447.00000000,0.07887942
177.00000000,2448.00000000,0.07886874
177.00000000,2449.00000000,0.07885814
177.00000000,2450.00000000,0.07884755
177.00000000,2451.00000000,0.07883708
177.00000000,2452.00000000,0.07882670
177.00000000,2453.00000000,0.07881519
177.00000000,2454.00000000,0.07880381
177.00000000,2455.00000000,0.07879250
177.00000000,2456.00000000,0.07878117
177.00000000,2457.00000000,0.07876998
177.00000000,2458.00000000,0.07875877
177.00000000,2459.00000000,0.07874769
177.00000000,2460.00000000,0.07873667
177.00000000,2461.00000000,0.07872562
177.00000000,2462.00000000,0.07871470
177.00000000,2463.00000000,0.07870384
177.00000000,2464.00000000,0.07869295
177.00000000,2465.00000000,0.07868217
177.00000000,2466.00000000,0.07867145
177.00000000,2467.00000000,0.07866070
177.00000000,2468.00000000,0.07865007
177.00000000,2469.00000000,0.07863941
177.00000000,2470.00000000,0.07862886
177.00000000,2471.00000000,0.07861836
177.00000000,2472.00000000,0.07860781
177.00000000,2473.00000000,0.07859739
177.00000000,2474.00000000,0.07858700
177.00000000,2475.00000000,0.07857657
177.00000000,2476.00000000,0.07856626
177.00000000,2477.00000000,0.07855598
177.00000000,2478.00000000,0.07854817
177.00000000,2479.00000000,0.07854045
177.00000000,2480.00000000,0.07853278
177.00000000,2481.00000000,0.07852505
177.00000000,2482.00000000,0.07851744
177.00000000,2483.00000000,0.07850979
177.00000000,2484.00000000,0.07850223
177.00000000,2485.00000000,0.07849471
177.00000000,2486.00000000,0.07848715
177.00000000,2487.00000000,0.07847968
177.00000000,2488.00000000,0.07847224
177.00000000,2489.00000000,0.07846476
177.00000000,2490.00000000,0.07845737
177.00000000,2491.00000000,0.07845001
177.00000000,2492.00000000,0.07844259
177.00000000,2493.00000000,0.07843527
177.00000000,2494.00000000,0.07842791
177.00000000,2495.00000000,0.07842064
177.00000000,2496.00000000,0.07841338
177.00000000,2497.00000000,0.07840608
177.00000000,2498.00000000,0.07839887
177.00000000,2499.00000000,0.07839169
177.00000000,2500.00000000,0.07838444
178.00000000,1765.00000000,0.05277259
178.00000000,1766.00000000,0.05277258
178.00000000,1767.00000000,0.05277253
178.00000000,1768.00000000,0.05277271
178.00000000,1769.00000000,0.05277282
178.00000000,1770.00000000,0.05277316
178.00000000,1771.00000000,0.05277358
178.00000000,1772.00000000,0.05277404
178.00000000,1773.00000000,0.05277460
178.00000000,1774.00000000,0.05277519
178.00000000,1775.00000000,0.05277598
178.00000000,1776.00000000,0.05277686
178.00000000,1777.00000000,0.05277784
178.00000000,1778.00000000,0.05277905
178.00000000,1779.00000000,0.05278019
178.00000000,1780.00000000,0.05278139
178.00000000,1781.00000000,0.05278276
178.00000000,1782.00000000,0.05278427
178.00000000,1783.00000000,0.05278571
178.00000000,1784.00000000,0.05278741
178.00000000,1785.00000000,0.05278897
178.00000000,1786.00000000,0.05279073
178.00000000,1787.00000000,0.05279262
178.00000000,1788.00000000,0.05279452
178.00000000,1789.00000000,0.05279642
178.00000000,1790.00000000,0.05279838
178.00000000,1791.00000000,0.05280045
178.00000000,1792.00000000,0.05280261
178.00000000,1793.00000000,0.05280477
178.00000000,1794.00000000,0.05280698
178.00000000,1795.00000000,0.05280920
178.00000000,1796.00000000,0.05281153
178.00000000,1797.00000000,0.05281383
178.00000000,1798.00000000,0.05281632
178.00000000,1799.00000000,0.05281854
178.00000000,1800.00000000,0.05282099
178.00000000,1801.00000000,0.05282349
178.00000000,1802.00000000,0.05282602
178.00000000,1803.00000000,0.05282850
178.00000000,1804.00000000,0.05283097
178.00000000,1805.00000000,0.05283359
178.00000000,1806.00000000,0.05283615
178.00000000,1807.00000000,0.05283875
178.00000000,1808.00000000,0.05284133
178.00000000,1809.00000000,0.05284402
178.00000000,1810.00000000,0.05284659
178.00000000,1811.00000000,0.05284929
178.00000000,1812.00000000,0.05285203
178.00000000,1813.00000000,0.05285464
178.00000000,1814.00000000,0.05285743
178.00000000,1815.00000000,0.05286021
178.00000000,1816.00000000,0.05286284
178.00000000,1817.00000000,0.05286564
178.00000000,1818.00000000,0.05286838
178.00000000,1819.00000000,0.05287103
178.00000000,1820.00000000,0.05287384
178.00000000,1821.00000000,0.05287667
178.00000000,1822.00000000,0.05287928
178.00000000,1823.00000000,0.05288202
178.00000000,1824.00000000,0.05288477
178.00000000,1825.00000000,0.05288752
178.00000000,1826.00000000,0.05289025
178.00000000,1827.00000000,0.05289306
178.00000000,1828.00000000,0.05289574
178.00000000,1829.00000000,0.05289855
178.00000000,1830.00000000,0.05290113
178.00000000,1831.00000000,0.05290378
178.00000000,1832.00000000,0.05290646
178.00000000,1833.00000000,0.05290925
178.00000000,1834.00000000,0.05291183
178.00000000,1835.00000000,0.05291450
178.00000000,1836.00000000,0.05291713
178.00000000,1837.00000000,0.05291973
178.00000000,1838.00000000,0.05292235
178.00000000,1839.00000000,0.05292499
178.00000000,1840.00000000,0.05292743
178.00000000,1841.00000000,0.05293002
178.00000000,1842.00000000,0.05293254
178.00000000,1843.00000000,0.05293502
178.00000000,1844.00000000,0.05293750
178.00000000,1845.00000000,0.05293997
178.00000000,1846.00000000,0.05294247
178.00000000,1847.00000000,0.05294486
178.00000000,1848.00000000,0.05294723
178.00000000,1849.00000000,0.05294951
178.00000000,1850.00000000,0.05295188
178.00000000,1851.00000000,0.05295414
178.00000000,1852.00000000,0.05295643
178.00000000,1853.00000000,0.05295890
178.00000000,1854.00000000,0.05296151
178.00000000,1855.00000000,0.05296401
178.00000000,1856.00000000,0.05296646
178.00000000,1857.00000000,0.05296891
178.00000000,1858.00000000,0.05297122
178.00000000,1859.00000000,0.05297346
178.00000000,1860.00000000,0.05297568
178.00000000,1861.00000000,0.05297791
178.00000000,1862.00000000,0.05297991
178.00000000,1863.00000000,0.05298148
178.00000000,1864.00000000,0.05298267
178.00000000,1865.00000000,0.05298363
178.00000000,1866.00000000,0.05298429
178.00000000,1867.00000000,0.05298471
178.00000000,1868.00000000,0.05298498
178.00000000,1869.00000000,0.05298503
178.00000000,1870.00000000,0.05298489
178.00000000,1871.00000000,0.05298461
178.00000000,1872.00000000,0.05298446
178.00000000,1873.00000000,0.05298479
178.00000000,1874.00000000,0.05298546
178.00000000,1875.00000000,0.05298635
178.00000000,1876.00000000,0.05298744
178.00000000,1877.00000000,0.05298863
178.00000000,1878.00000000,0.05298993
178.00000000,1879.00000000,0.05299140
178.00000000,1880.00000000,0.05299283
178.00000000,1881.00000000,0.05299424
178.00000000,1882.00000000,0.05299578
178.00000000,1883.00000000,0.05299682
178.00000000,1884.00000000,0.05299766
178.00000000,1885.00000000,0.05299834
178.00000000,1886.00000000,0.05299887
178.00000000,1887.00000000,0.05299916
178.00000000,1888.00000000,0.05299947
178.00000000,1889.00000000,0.05299951
178.00000000,1890.00000000,0.05299934
178.00000000,1891.00000000,0.05299896
178.00000000,1892.00000000,0.05299828
178.00000000,1893.00000000,0.05299753
178.00000000,1894.00000000,0.05299676
178.00000000,1895.00000000,0.05299609
178.00000000,1896.00000000,0.05299535
178.00000000,1897.00000000,0.05299461
178.00000000,1898.00000000,0.05299381
178.00000000,1899.00000000,0.05299284
178.00000000,1900.00000000,0.05299166
178.00000000,1901.00000000,0.05299025
178.00000000,1902.00000000,0.05298895
178.00000000,1903.00000000,0.05298767
178.00000000,1904.00000000,0.05298650
178.00000000,1905.00000000,0.05298543
178.00000000,1906.00000000,0.05298455
178.00000000,1907.00000000,0.05298372
178.00000000,1908.00000000,0.05298286
178.00000000,1909.00000000,0.05298193
178.00000000,1910.00000000,0.05298101
178.00000000,1911.00000000,0.05297999
178.00000000,1912.00000000,0.05297850
178.00000000,1913.00000000,0.05297639
178.00000000,1914.00000000,0.05297364
178.00000000,1915.00000000,0.05297048
178.00000000,1916.00000000,0.05296734
178.00000000,1917.00000000,0.05296417
178.00000000,1918.00000000,0.05296081
178.00000000,1919.00000000,0.05295752
178.00000000,1920.00000000,0.05295455
178.00000000,1921.00000000,0.05295209
178.00000000,1922.00000000,0.05295022
178.00000000,1923.00000000,0.05294882
178.00000000,1924.00000000,0.05294751
178.00000000,1925.00000000,0.05294610
178.00000000,1926.00000000,0.05294463
178.00000000,1927.00000000,0.05294315
178.00000000,1928.00000000,0.05294174
178.00000000,1929.00000000,0.05294030
178.00000000,1930.00000000,0.05293901
178.00000000,1931.00000000,0.05293843
178.00000000,1932.00000000,0.05293876
178.00000000,1933.00000000,0.05293956
178.00000000,1934.00000000,0.05294078
178.00000000,1935.00000000,0.05294198
178.00000000,1936.00000000,0.05294280
178.00000000,1937.00000000,0.05294301
178.00000000,1938.00000000,0.05294235
178.00000000,1939.00000000,0.05294110
178.00000000,1940.00000000,0.05293941
178.00000000,1941.00000000,0.05293707
178.00000000,1942.00000000,0.05293402
178.00000000,1943.00000000,0.05293056
178.00000000,1944.00000000,0.05293167
178.00000000,1945.00000000,0.05292792
178.00000000,1946.00000000,0.05292483
178.00000000,1947.00000000,0.05292302
178.00000000,1948.00000000,0.05292181
178.00000000,1949.00000000,0.05292230
178.00000000,1950.00000000,0.05292114
178.00000000,1951.00000000,0.05291992
178.00000000,1952.00000000,0.05291923
178.00000000,1953.00000000,0.05291876
178.00000000,1954.00000000,0.05291830
178.00000000,1955.00000000,0.05291807
178.00000000,1956.00000000,0.05291790
178.00000000,1957.00000000,0.05291748
178.00000000,1958.00000000,0.05291689
178.00000000,1959.00000000,0.05291754
178.00000000,1960.00000000,0.05291523
178.00000000,1961.00000000,0.05291175
178.00000000,1962.00000000,0.05290774
178.00000000,1963.00000000,0.05290303
178.00000000,1964.00000000,0.05289765
178.00000000,1965.00000000,0.05289130
178.00000000,1966.00000000,0.05288403
178.00000000,1967.00000000,0.05287584
178.00000000,1968.00000000,0.05286654
178.00000000,1969.00000000,0.05285746
178.00000000,1970.00000000,0.05284506
178.00000000,1971.00000000,0.05283031
178.00000000,1972.00000000,0.05281270
178.00000000,1973.00000000,0.05279263
178.00000000,1974.00000000,0.05277048
178.00000000,1975.00000000,0.05274876
178.00000000,1976.00000000,0.05272505
178.00000000,1977.00000000,0.05270148
178.00000000,1978.00000000,0.05267933
178.00000000,1979.00000000,0.05265536
178.00000000,1980.00000000,0.05263408
178.00000000,1981.00000000,0.05260781
178.00000000,1982.00000000,0.05258450
178.00000000,1983.00000000,0.05256401
178.00000000,1984.00000000,0.05254803
178.00000000,1985.00000000,0.05253252
178.00000000,1986.00000000,0.05251821
178.00000000,1987.00000000,0.05250451
178.00000000,1988.00000000,0.05249085
178.00000000,1989.00000000,0.05247864
178.00000000,1990.00000000,0.05246438
178.00000000,1991.00000000,0.05244989
178.00000000,1992.00000000,0.05243577
178.00000000,1993.00000000,0.05242353
178.00000000,1994.00000000,0.05241210
178.00000000,1995.00000000,0.05240123
178.00000000,1996.00000000,0.05238873
178.00000000,1997.00000000,0.05237593
178.00000000,1998.00000000,0.05236255
178.00000000,1999.00000000,0.05234905
178.00000000,2000.00000000,0.05233724
178.00000000,2001.00000000,0.05232523
178.00000000,2002.00000000,0.05231120
178.00000000,2003.00000000,0.05229880
178.00000000,2004.00000000,0.05228398
178.00000000,2005.00000000,0.05226892
178.00000000,2006.00000000,0.05224948
178.00000000,2007.00000000,0.05222733
178.00000000,2008.00000000,0.05221243
178.00000000,2009.00000000,0.05218404
178.00000000,2010.00000000,0.05215523
178.00000000,2011.00000000,0.05212622
178.00000000,2012.00000000,0.05209384
178.00000000,2013.00000000,0.05206119
178.00000000,2014.00000000,0.05203148
178.00000000,2015.00000000,0.05199354
178.00000000,2016.00000000,0.05195538
178.00000000,2017.00000000,0.05191553
178.00000000,2018.00000000,0.05187559
178.00000000,2019.00000000,0.05183254
178.00000000,2020.00000000,0.05178964
178.00000000,2021.00000000,0.05174377
178.00000000,2022.00000000,0.05169831
178.00000000,2023.00000000,0.05165498
178.00000000,2024.00000000,0.05160438
178.00000000,2025.00000000,0.05155781
178.00000000,2026.00000000,0.05150738
178.00000000,2027.00000000,0.05145949
178.00000000,2028.00000000,0.05141265
178.00000000,2029.00000000,0.05135896
178.00000000,2030.00000000,0.05130962
178.00000000,2031.00000000,0.05125821
178.00000000,2032.00000000,0.05121880
178.00000000,2033.00000000,0.05116604
178.00000000,2034.00000000,0.05111713
178.00000000,2035.00000000,0.05106099
178.00000000,2036.00000000,0.05100395
178.00000000,2037.00000000,0.05095225
178.00000000,2038.00000000,0.05090428
178.00000000,2039.00000000,0.05084918
178.00000000,2040.00000000,0.05079007
178.00000000,2041.00000000,0.05073790
178.00000000,2042.00000000,0.05068645
178.00000000,2043.00000000,0.05063242
178.00000000,2044.00000000,0.05057118
178.00000000,2045.00000000,0.05051700
178.00000000,2046.00000000,0.05045678
178.00000000,2047.00000000,0.05039873
178.00000000,2048.00000000,0.05033669
178.00000000,2049.00000000,0.05027996
178.00000000,2050.00000000,0.05023477
178.00000000,2051.00000000,0.05017952
178.00000000,2052.00000000,0.05009119
178.00000000,2053.00000000,0.05003893
178.00000000,2054.00000000,0.04996907
178.00000000,2055.00000000,0.04989860
178.00000000,2056.00000000,0.04982517
178.00000000,2057.00000000,0.04977021
178.00000000,2058.00000000,0.04973294
178.00000000,2059.00000000,0.04966627
178.00000000,2060.00000000,0.04960814
178.00000000,2061.00000000,0.04955417
178.00000000,2062.00000000,0.04948051
178.00000000,2063.00000000,0.04940571
178.00000000,2064.00000000,0.04933458
178.00000000,2065.00000000,0.04927926
178.00000000,2066.00000000,0.04925167
178.00000000,2067.00000000,0.04917706
178.00000000,2068.00000000,0.04914663
178.00000000,2069.00000000,0.04909763
178.00000000,2070.00000000,0.04902862
178.00000000,2071.00000000,0.04895162
178.00000000,2072.00000000,0.04890108
178.00000000,2073.00000000,0.04886676
178.00000000,2074.00000000,0.04881915
178.00000000,2075.00000000,0.04878502
178.00000000,2076.00000000,0.04875842
178.00000000,2077.00000000,0.04875841
178.00000000,2078.00000000,0.04873788
178.00000000,2079.00000000,0.04870557
178.00000000,2080.00000000,0.04866888
178.00000000,2081.00000000,0.04868774
178.00000000,2082.00000000,0.04864359
178.00000000,2083.00000000,0.04864773
178.00000000,2084.00000000,0.04866059
178.00000000,2085.00000000,0.04872277
178.00000000,2086.00000000,0.04862468
178.00000000,2087.00000000,0.04862820
178.00000000,2088.00000000,0.04863134
178.00000000,2089.00000000,0.04861085
178.00000000,2090.00000000,0.04862901
178.00000000,2091.00000000,0.04867841
178.00000000,2092.00000000,0.04850207
178.00000000,2093.00000000,0.04844414
178.00000000,2094.00000000,0.04849585
178.00000000,2095.00000000,0.04853587
178.00000000,2096.00000000,0.04847212
178.00000000,2097.00000000,0.04825031
178.00000000,2098.00000000,0.04839770
178.00000000,2099.00000000,0.04818046
178.00000000,2100.00000000,0.04820998
178.00000000,2101.00000000,0.04835965
178.00000000,2102.00000000,0.04832171
178.00000000,2103.00000000,0.04831252
178.00000000,2104.00000000,0.04829916
178.00000000,2105.00000000,0.04838872
178.00000000,2106.00000000,0.04837126
178.00000000,2107.00000000,0.04846488
178.00000000,2108.00000000,0.04831470
178.00000000,2109.00000000,0.04813595
178.00000000,2110.00000000,0.04798702
178.00000000,2111.00000000,0.04803728
178.00000000,2112.00000000,0.04813737
178.00000000,2113.00000000,0.04820201
178.00000000,2114.00000000,0.04833766
178.00000000,2115.00000000,0.04844053
178.00000000,2116.00000000,0.04833772
178.00000000,2117.00000000,0.04840216
178.00000000,2118.00000000,0.04854864
178.00000000,2119.00000000,0.04859447
178.00000000,2120.00000000,0.04860339
178.00000000,2121.00000000,0.04867158
178.00000000,2122.00000000,0.04866047
178.00000000,2123.00000000,0.04834685
178.00000000,2124.00000000,0.04846041
178.00000000,2125.00000000,0.04868310
178.00000000,2126.00000000,0.04879872
178.00000000,2127.00000000,0.04873671
178.00000000,2128.00000000,0.04904498
178.00000000,2129.00000000,0.04925193
178.00000000,2130.00000000,0.04930525
178.00000000,2131.00000000,0.04938399
178.00000000,2132.00000000,0.04943458
178.00000000,2133.00000000,0.04970378
178.00000000,2134.00000000,0.04991377
178.00000000,2135.00000000,0.05006446
178.00000000,2136.00000000,0.05017127
178.00000000,2137.00000000,0.05038063
178.00000000,2138.00000000,0.05056722
178.00000000,2139.00000000,0.05061717
178.00000000,2140.00000000,0.05079373
178.00000000,2141.00000000,0.05103080
178.00000000,2142.00000000,0.05128613
178.00000000,2143.00000000,0.05151043
178.00000000,2144.00000000,0.05176839
178.00000000,2145.00000000,0.05195164
178.00000000,2146.00000000,0.05223591
178.00000000,2147.00000000,0.05257061
178.00000000,2148.00000000,0.05299637
178.00000000,2149.00000000,0.05325306
178.00000000,2150.00000000,0.05352903
178.00000000,2151.00000000,0.05390179
178.00000000,2152.00000000,0.05395765
178.00000000,2153.00000000,0.05396297
178.00000000,2154.00000000,0.05438878
178.00000000,2155.00000000,0.05464670
178.00000000,2156.00000000,0.05480964
178.00000000,2157.00000000,0.05526525
178.00000000,2158.00000000,0.05525043
178.00000000,2159.00000000,0.05508531
178.00000000,2160.00000000,0.05509612
178.00000000,2161.00000000,0.05514391
178.00000000,2162.00000000,0.05547223
178.00000000,2163.00000000,0.05576736
178.00000000,2164.00000000,0.05608271
178.00000000,2165.00000000,0.05636880
178.00000000,2166.00000000,0.05675384
178.00000000,2167.00000000,0.05702046
178.00000000,2168.00000000,0.05719081
178.00000000,2169.00000000,0.05741445
178.00000000,2170.00000000,0.05734626
178.00000000,2171.00000000,0.05745420
178.00000000,2172.00000000,0.05772336
178.00000000,2173.00000000,0.05801235
178.00000000,2174.00000000,0.05831551
178.00000000,2175.00000000,0.05858032
178.00000000,2176.00000000,0.05864876
178.00000000,2177.00000000,0.05873679
178.00000000,2178.00000000,0.05909125
178.00000000,2179.00000000,0.05944191
178.00000000,2180.00000000,0.05964218
178.00000000,2181.00000000,0.06025173
178.00000000,2182.00000000,0.06093542
178.00000000,2183.00000000,0.06149884
178.00000000,2184.00000000,0.06191010
178.00000000,2185.00000000,0.06232502
178.00000000,2186.00000000,0.06274366
178.00000000,2187.00000000,0.06316562
178.00000000,2188.00000000,0.06359095
178.00000000,2189.00000000,0.06412095
178.00000000,2190.00000000,0.06465467
178.00000000,2191.00000000,0.06519212
178.00000000,2192.00000000,0.06573325
178.00000000,2193.00000000,0.06627802
178.00000000,2194.00000000,0.06682643
178.00000000,2195.00000000,0.06737844
178.00000000,2196.00000000,0.06793399
178.00000000,2197.00000000,0.06849311
178.00000000,2198.00000000,0.06905573
178.00000000,2199.00000000,0.06957634
178.00000000,2200.00000000,0.07010029
178.00000000,2201.00000000,0.07062753
178.00000000,2202.00000000,0.07115812
178.00000000,2203.00000000,0.07169205
178.00000000,2204.00000000,0.07222932
178.00000000,2205.00000000,0.07276999
178.00000000,2206.00000000,0.07331408
178.00000000,2207.00000000,0.07386159
178.00000000,2208.00000000,0.07441261
178.00000000,2209.00000000,0.07506336
178.00000000,2210.00000000,0.07571797
178.00000000,2211.00000000,0.07637649
178.00000000,2212.00000000,0.07703889
178.00000000,2213.00000000,0.07770510
178.00000000,2214.00000000,0.07837518
178.00000000,2215.00000000,0.07904905
178.00000000,2216.00000000,0.07972677
178.00000000,2217.00000000,0.08040829
178.00000000,2218.00000000,0.08109362
178.00000000,2219.00000000,0.08185413
178.00000000,2220.00000000,0.08261871
178.00000000,2221.00000000,0.08338731
178.00000000,2222.00000000,0.08415995
178.00000000,2223.00000000,0.08493656
178.00000000,2224.00000000,0.08571708
178.00000000,2225.00000000,0.08650152
178.00000000,2226.00000000,0.08728978
178.00000000,2227.00000000,0.08808192
178.00000000,2228.00000000,0.08887782
178.00000000,2229.00000000,0.08967333
178.00000000,2230.00000000,0.09047257
178.00000000,2231.00000000,0.09127545
178.00000000,2232.00000000,0.09208190
178.00000000,2233.00000000,0.09289192
178.00000000,2234.00000000,0.09370545
178.00000000,2235.00000000,0.09452240
178.00000000,2236.00000000,0.09534277
178.00000000,2237.00000000,0.09616646
178.00000000,2238.00000000,0.09699335
178.00000000,2239.00000000,0.09766160
178.00000000,2240.00000000,0.09833223
178.00000000,2241.00000000,0.09900529
178.00000000,2242.00000000,0.09968074
178.00000000,2243.00000000,0.10035853
178.00000000,2244.00000000,0.10103867
178.00000000,2245.00000000,0.10172114
178.00000000,2246.00000000,0.10240587
178.00000000,2247.00000000,0.10309286
178.00000000,2248.00000000,0.10378205
178.00000000,2249.00000000,0.10432454
178.00000000,2250.00000000,0.10486769
178.00000000,2251.00000000,0.10541012
178.00000000,2252.00000000,0.10595061
178.00000000,2253.00000000,0.10648837
178.00000000,2254.00000000,0.10702305
178.00000000,2255.00000000,0.10755453
178.00000000,2256.00000000,0.10808272
178.00000000,2257.00000000,0.10860754
178.00000000,2258.00000000,0.10912899
178.00000000,2259.00000000,0.10956260
178.00000000,2260.00000000,0.10999248
178.00000000,2261.00000000,0.11041881
178.00000000,2262.00000000,0.11084167
178.00000000,2263.00000000,0.11126124
178.00000000,2264.00000000,0.11167759
178.00000000,2265.00000000,0.11209075
178.00000000,2266.00000000,0.11250085
178.00000000,2267.00000000,0.11290788
178.00000000,2268.00000000,0.11331185
178.00000000,2269.00000000,0.11362458
178.00000000,2270.00000000,0.11393408
178.00000000,2271.00000000,0.11424034
178.00000000,2272.00000000,0.11454353
178.00000000,2273.00000000,0.11484364
178.00000000,2274.00000000,0.11514068
178.00000000,2275.00000000,0.11543479
178.00000000,2276.00000000,0.11572592
178.00000000,2277.00000000,0.11601422
178.00000000,2278.00000000,0.11629966
178.00000000,2279.00000000,0.11651375
178.00000000,2280.00000000,0.11672493
178.00000000,2281.00000000,0.11693320
178.00000000,2282.00000000,0.11713855
178.00000000,2283.00000000,0.11734115
178.00000000,2284.00000000,0.11754095
178.00000000,2285.00000000,0.11773798
178.00000000,2286.00000000,0.11793235
178.00000000,2287.00000000,0.11812403
178.00000000,2288.00000000,0.11831312
178.00000000,2289.00000000,0.11849964
178.00000000,2290.00000000,0.11868354
178.00000000,2291.00000000,0.11886499
178.00000000,2292.00000000,0.11904394
178.00000000,2293.00000000,0.11922038
178.00000000,2294.00000000,0.11939445
178.00000000,2295.00000000,0.11956610
178.00000000,2296.00000000,0.11973532
178.00000000,2297.00000000,0.11990222
178.00000000,2298.00000000,0.12006680
178.00000000,2299.00000000,0.12022899
178.00000000,2300.00000000,0.12038897
178.00000000,2301.00000000,0.12054659
178.00000000,2302.00000000,0.12070199
178.00000000,2303.00000000,0.12085516
178.00000000,2304.00000000,0.12100599
178.00000000,2305.00000000,0.12115465
178.00000000,2306.00000000,0.12130112
178.00000000,2307.00000000,0.12144527
178.00000000,2308.00000000,0.12158732
178.00000000,2309.00000000,0.12172720
178.00000000,2310.00000000,0.12186479
178.00000000,2311.00000000,0.12200033
178.00000000,2312.00000000,0.12213363
178.00000000,2313.00000000,0.12226487
178.00000000,2314.00000000,0.12239396
178.00000000,2315.00000000,0.12252085
178.00000000,2316.00000000,0.12264570
178.00000000,2317.00000000,0.12276841
178.00000000,2318.00000000,0.12288893
178.00000000,2319.00000000,0.12300742
178.00000000,2320.00000000,0.12312379
178.00000000,2321.00000000,0.12323795
178.00000000,2322.00000000,0.12335008
178.00000000,2323.00000000,0.12346001
178.00000000,2324.00000000,0.12356788
178.00000000,2325.00000000,0.12367358
178.00000000,2326.00000000,0.12377706
178.00000000,2327.00000000,0.12387841
178.00000000,2328.00000000,0.12397748
178.00000000,2329.00000000,0.12359497
178.00000000,2330.00000000,0.12320967
178.00000000,2331.00000000,0.12282158
178.00000000,2332.00000000,0.12243070
178.00000000,2333.00000000,0.12203722
178.00000000,2334.00000000,0.12164112
178.00000000,2335.00000000,0.12124240
178.00000000,2336.00000000,0.12084123
178.00000000,2337.00000000,0.12043756
178.00000000,2338.00000000,0.12003153
178.00000000,2339.00000000,0.11962317
178.00000000,2340.00000000,0.11921245
178.00000000,2341.00000000,0.11879954
178.00000000,2342.00000000,0.11838443
178.00000000,2343.00000000,0.11796711
178.00000000,2344.00000000,0.11754774
178.00000000,2345.00000000,0.11712630
178.00000000,2346.00000000,0.11670279
178.00000000,2347.00000000,0.11627735
178.00000000,2348.00000000,0.11584992
178.00000000,2349.00000000,0.11542065
178.00000000,2350.00000000,0.11498953
178.00000000,2351.00000000,0.11455654
178.00000000,2352.00000000,0.11412184
178.00000000,2353.00000000,0.11368540
178.00000000,2354.00000000,0.11324721
178.00000000,2355.00000000,0.11280742
178.00000000,2356.00000000,0.11236601
178.00000000,2357.00000000,0.11192296
178.00000000,2358.00000000,0.11147841
178.00000000,2359.00000000,0.11103234
178.00000000,2360.00000000,0.11058475
178.00000000,2361.00000000,0.11013574
178.00000000,2362.00000000,0.10968526
178.00000000,2363.00000000,0.10923345
178.00000000,2364.00000000,0.10878027
178.00000000,2365.00000000,0.10832571
178.00000000,2366.00000000,0.10786993
178.00000000,2367.00000000,0.10741286
178.00000000,2368.00000000,0.10695449
178.00000000,2369.00000000,0.10649496
178.00000000,2370.00000000,0.10603425
178.00000000,2371.00000000,0.10557234
178.00000000,2372.00000000,0.10510935
178.00000000,2373.00000000,0.10464519
178.00000000,2374.00000000,0.10418000
178.00000000,2375.00000000,0.10371378
178.00000000,2376.00000000,0.10324647
178.00000000,2377.00000000,0.10277820
178.00000000,2378.00000000,0.10230897
178.00000000,2379.00000000,0.10183871
178.00000000,2380.00000000,0.10136758
178.00000000,2381.00000000,0.10089555
178.00000000,2382.00000000,0.10042257
178.00000000,2383.00000000,0.09994880
178.00000000,2384.00000000,0.09947417
178.00000000,2385.00000000,0.09899867
178.00000000,2386.00000000,0.09852244
178.00000000,2387.00000000,0.09804537
178.00000000,2388.00000000,0.09756761
178.00000000,2389.00000000,0.09708910
178.00000000,2390.00000000,0.09660984
178.00000000,2391.00000000,0.09612993
178.00000000,2392.00000000,0.09564936
178.00000000,2393.00000000,0.09516807
178.00000000,2394.00000000,0.09468621
178.00000000,2395.00000000,0.09420373
178.00000000,2396.00000000,0.09372060
178.00000000,2397.00000000,0.09323696
178.00000000,2398.00000000,0.09275269
178.00000000,2399.00000000,0.09226794
178.00000000,2400.00000000,0.09178268
178.00000000,2401.00000000,0.09129684
178.00000000,2402.00000000,0.09081058
178.00000000,2403.00000000,0.09032387
178.00000000,2404.00000000,0.08983663
178.00000000,2405.00000000,0.08934904
178.00000000,2406.00000000,0.08886104
178.00000000,2407.00000000,0.08837258
178.00000000,2408.00000000,0.08788379
178.00000000,2409.00000000,0.08739459
178.00000000,2410.00000000,0.08690511
178.00000000,2411.00000000,0.08641529
178.00000000,2412.00000000,0.08592510
178.00000000,2413.00000000,0.08543467
178.00000000,2414.00000000,0.08494395
178.00000000,2415.00000000,0.08445291
178.00000000,2416.00000000,0.08396167
178.00000000,2417.00000000,0.08347020
178.00000000,2418.00000000,0.08297845
178.00000000,2419.00000000,0.08248656
178.00000000,2420.00000000,0.08199447
178.00000000,2421.00000000,0.08150216
178.00000000,2422.00000000,0.08100975
178.00000000,2423.00000000,0.08051714
178.00000000,2424.00000000,0.08002447
178.00000000,2425.00000000,0.07953173
178.00000000,2426.00000000,0.07903890
178.00000000,2427.00000000,0.07864986
178.00000000,2428.00000000,0.07856622
178.00000000,2429.00000000,0.07856611
178.00000000,2430.00000000,0.07856619
178.00000000,2431.00000000,0.07856641
178.00000000,2432.00000000,0.07856671
178.00000000,2433.00000000,0.07856720
178.00000000,2434.00000000,0.07858084
178.00000000,2435.00000000,0.07859467
178.00000000,2436.00000000,0.07860862
178.00000000,2437.00000000,0.07862263
178.00000000,2438.00000000,0.07863681
178.00000000,2439.00000000,0.07862524
178.00000000,2440.00000000,0.07861372
178.00000000,2441.00000000,0.07860234
178.00000000,2442.00000000,0.07859108
178.00000000,2443.00000000,0.07857982
178.00000000,2444.00000000,0.07856874
178.00000000,2445.00000000,0.07855773
178.00000000,2446.00000000,0.07854674
178.00000000,2447.00000000,0.07853591
178.00000000,2448.00000000,0.07852510
178.00000000,2449.00000000,0.07851441
178.00000000,2450.00000000,0.07850382
178.00000000,2451.00000000,0.07849323
178.00000000,2452.00000000,0.07848279
178.00000000,2453.00000000,0.07847241
178.00000000,2454.00000000,0.07846090
178.00000000,2455.00000000,0.07844952
178.00000000,2456.00000000,0.07843822
178.00000000,2457.00000000,0.07842690
178.00000000,2458.00000000,0.07841571
178.00000000,2459.00000000,0.07840453
178.00000000,2460.00000000,0.07839345
178.00000000,2461.00000000,0.07838243
178.00000000,2462.00000000,0.07837139
178.00000000,2463.00000000,0.07836047
178.00000000,2464.00000000,0.07834961
178.00000000,2465.00000000,0.07833873
178.00000000,2466.00000000,0.07832796
178.00000000,2467.00000000,0.07831724
178.00000000,2468.00000000,0.07830650
178.00000000,2469.00000000,0.07829586
178.00000000,2470.00000000,0.07828521
178.00000000,2471.00000000,0.07827466
178.00000000,2472.00000000,0.07826415
178.00000000,2473.00000000,0.07825362
178.00000000,2474.00000000,0.07824320
178.00000000,2475.00000000,0.07823281
178.00000000,2476.00000000,0.07822239
178.00000000,2477.00000000,0.07821208
178.00000000,2478.00000000,0.07820180
178.00000000,2479.00000000,0.07819398
178.00000000,2480.00000000,0.07818625
178.00000000,2481.00000000,0.07817857
178.00000000,2482.00000000,0.07817083
178.00000000,2483.00000000,0.07816321
178.00000000,2484.00000000,0.07815555
178.00000000,2485.00000000,0.07814799
178.00000000,2486.00000000,0.07814046
178.00000000,2487.00000000,0.07813287
178.00000000,2488.00000000,0.07812539
178.00000000,2489.00000000,0.07811794
178.00000000,2490.00000000,0.07811044
178.00000000,2491.00000000,0.07810304
178.00000000,2492.00000000,0.07809567
178.00000000,2493.00000000,0.07808825
178.00000000,2494.00000000,0.07808092
178.00000000,2495.00000000,0.07807354
178.00000000,2496.00000000,0.07806625
178.00000000,2497.00000000,0.07805900
178.00000000,2498.00000000,0.07805167
178.00000000,2499.00000000,0.07804445
178.00000000,2500.00000000,0.07803726
179.00000000,1765.00000000,0.05246995
179.00000000,1766.00000000,0.05247011
179.00000000,1767.00000000,0.05247013
179.00000000,1768.00000000,0.05247015
179.00000000,1769.00000000,0.05247041
179.00000000,1770.00000000,0.05247061
179.00000000,1771.00000000,0.05247105
179.00000000,1772.00000000,0.05247157
179.00000000,1773.00000000,0.05247213
179.00000000,1774.00000000,0.05247278
179.00000000,1775.00000000,0.05247348
179.00000000,1776.00000000,0.05247436
179.00000000,1777.00000000,0.05247533
179.00000000,1778.00000000,0.05247641
179.00000000,1779.00000000,0.05247770
179.00000000,1780.00000000,0.05247893
179.00000000,1781.00000000,0.05248022
179.00000000,1782.00000000,0.05248166
179.00000000,1783.00000000,0.05248324
179.00000000,1784.00000000,0.05248475
179.00000000,1785.00000000,0.05248651
179.00000000,1786.00000000,0.05248814
179.00000000,1787.00000000,0.05248995
179.00000000,1788.00000000,0.05249189
179.00000000,1789.00000000,0.05249385
179.00000000,1790.00000000,0.05249579
179.00000000,1791.00000000,0.05249780
179.00000000,1792.00000000,0.05249991
179.00000000,1793.00000000,0.05250210
179.00000000,1794.00000000,0.05250430
179.00000000,1795.00000000,0.05250654
179.00000000,1796.00000000,0.05250879
179.00000000,1797.00000000,0.05251115
179.00000000,1798.00000000,0.05251347
179.00000000,1799.00000000,0.05251597
179.00000000,1800.00000000,0.05251822
179.00000000,1801.00000000,0.05252068
179.00000000,1802.00000000,0.05252319
179.00000000,1803.00000000,0.05252573
179.00000000,1804.00000000,0.05252821
179.00000000,1805.00000000,0.05253070
179.00000000,1806.00000000,0.05253333
179.00000000,1807.00000000,0.05253588
179.00000000,1808.00000000,0.05253850
179.00000000,1809.00000000,0.05254108
179.00000000,1810.00000000,0.05254377
179.00000000,1811.00000000,0.05254635
179.00000000,1812.00000000,0.05254905
179.00000000,1813.00000000,0.05255177
179.00000000,1814.00000000,0.05255438
179.00000000,1815.00000000,0.05255716
179.00000000,1816.00000000,0.05255994
179.00000000,1817.00000000,0.05256256
179.00000000,1818.00000000,0.05256534
179.00000000,1819.00000000,0.05256807
179.00000000,1820.00000000,0.05257070
179.00000000,1821.00000000,0.05257350
179.00000000,1822.00000000,0.05257632
179.00000000,1823.00000000,0.05257892
179.00000000,1824.00000000,0.05258164
179.00000000,1825.00000000,0.05258438
179.00000000,1826.00000000,0.05258710
179.00000000,1827.00000000,0.05258981
179.00000000,1828.00000000,0.05259260
179.00000000,1829.00000000,0.05259526
179.00000000,1830.00000000,0.05259805
179.00000000,1831.00000000,0.05260059
179.00000000,1832.00000000,0.05260321
179.00000000,1833.00000000,0.05260586
179.00000000,1834.00000000,0.05260862
179.00000000,1835.00000000,0.05261118
179.00000000,1836.00000000,0.05261382
179.00000000,1837.00000000,0.05261642
179.00000000,1838.00000000,0.05261898
179.00000000,1839.00000000,0.05262157
179.00000000,1840.00000000,0.05262418
179.00000000,1841.00000000,0.05262658
179.00000000,1842.00000000,0.05262914
179.00000000,1843.00000000,0.05263163
179.00000000,1844.00000000,0.05263408
179.00000000,1845.00000000,0.05263652
179.00000000,1846.00000000,0.05263895
179.00000000,1847.00000000,0.05264140
179.00000000,1848.00000000,0.05264376
179.00000000,1849.00000000,0.05264609
179.00000000,1850.00000000,0.05264834
179.00000000,1851.00000000,0.05265064
179.00000000,1852.00000000,0.05265285
179.00000000,1853.00000000,0.05265536
179.00000000,1854.00000000,0.05265792
179.00000000,1855.00000000,0.05266048
179.00000000,1856.00000000,0.05266287
179.00000000,1857.00000000,0.05266524
179.00000000,1858.00000000,0.05266762
179.00000000,1859.00000000,0.05266986
179.00000000,1860.00000000,0.05267205
179.00000000,1861.00000000,0.05267419
179.00000000,1862.00000000,0.05267627
179.00000000,1863.00000000,0.05267781
179.00000000,1864.00000000,0.05267899
179.00000000,1865.00000000,0.05267989
179.00000000,1866.00000000,0.05268059
179.00000000,1867.00000000,0.05268103
179.00000000,1868.00000000,0.05268125
179.00000000,1869.00000000,0.05268132
179.00000000,1870.00000000,0.05268119
179.00000000,1871.00000000,0.05268093
179.00000000,1872.00000000,0.05268074
179.00000000,1873.00000000,0.05268107
179.00000000,1874.00000000,0.05268175
179.00000000,1875.00000000,0.05268264
179.00000000,1876.00000000,0.05268372
179.00000000,1877.00000000,0.05268493
179.00000000,1878.00000000,0.05268621
179.00000000,1879.00000000,0.05268759
179.00000000,1880.00000000,0.05268908
179.00000000,1881.00000000,0.05269051
179.00000000,1882.00000000,0.05269192
179.00000000,1883.00000000,0.05269311
179.00000000,1884.00000000,0.05269386
179.00000000,1885.00000000,0.05269451
179.00000000,1886.00000000,0.05269504
179.00000000,1887.00000000,0.05269546
179.00000000,1888.00000000,0.05269561
179.00000000,1889.00000000,0.05269572
179.00000000,1890.00000000,0.05269553
179.00000000,1891.00000000,0.05269511
179.00000000,1892.00000000,0.05269451
179.00000000,1893.00000000,0.05269373
179.00000000,1894.00000000,0.05269296
179.00000000,1895.00000000,0.05269226
179.00000000,1896.00000000,0.05269159
179.00000000,1897.00000000,0.05269081
179.00000000,1898.00000000,0.05268999
179.00000000,1899.00000000,0.05268904
179.00000000,1900.00000000,0.05268785
179.00000000,1901.00000000,0.05268648
179.00000000,1902.00000000,0.05268516
179.00000000,1903.00000000,0.05268390
179.00000000,1904.00000000,0.05268270
179.00000000,1905.00000000,0.05268166
179.00000000,1906.00000000,0.05268075
179.00000000,1907.00000000,0.05267996
179.00000000,1908.00000000,0.05267906
179.00000000,1909.00000000,0.05267815
179.00000000,1910.00000000,0.05267723
179.00000000,1911.00000000,0.05267619
179.00000000,1912.00000000,0.05267473
179.00000000,1913.00000000,0.05267260
179.00000000,1914.00000000,0.05266983
179.00000000,1915.00000000,0.05266676
179.00000000,1916.00000000,0.05266356
179.00000000,1917.00000000,0.05266039
179.00000000,1918.00000000,0.05265709
179.00000000,1919.00000000,0.05265376
179.00000000,1920.00000000,0.05265084
179.00000000,1921.00000000,0.05264832
179.00000000,1922.00000000,0.05264648
179.00000000,1923.00000000,0.05264507
179.00000000,1924.00000000,0.05264374
179.00000000,1925.00000000,0.05264233
179.00000000,1926.00000000,0.05264084
179.00000000,1927.00000000,0.05263935
179.00000000,1928.00000000,0.05263793
179.00000000,1929.00000000,0.05263647
179.00000000,1930.00000000,0.05263514
179.00000000,1931.00000000,0.05263455
179.00000000,1932.00000000,0.05263484
179.00000000,1933.00000000,0.05263563
179.00000000,1934.00000000,0.05263679
179.00000000,1935.00000000,0.05263794
179.00000000,1936.00000000,0.05263873
179.00000000,1937.00000000,0.05263887
179.00000000,1938.00000000,0.05263817
179.00000000,1939.00000000,0.05263687
179.00000000,1940.00000000,0.05263514
179.00000000,1941.00000000,0.05263274
179.00000000,1942.00000000,0.05262963
179.00000000,1943.00000000,0.05262612
179.00000000,1944.00000000,0.05262229
179.00000000,1945.00000000,0.05262333
179.00000000,1946.00000000,0.05262023
179.00000000,1947.00000000,0.05261828
179.00000000,1948.00000000,0.05261701
179.00000000,1949.00000000,0.05261582
179.00000000,1950.00000000,0.05261620
179.00000000,1951.00000000,0.05261492
179.00000000,1952.00000000,0.05261418
179.00000000,1953.00000000,0.05261360
179.00000000,1954.00000000,0.05261309
179.00000000,1955.00000000,0.05261281
179.00000000,1956.00000000,0.05261258
179.00000000,1957.00000000,0.05261215
179.00000000,1958.00000000,0.05261139
179.00000000,1959.00000000,0.05261038
179.00000000,1960.00000000,0.05260969
179.00000000,1961.00000000,0.05260617
179.00000000,1962.00000000,0.05260207
179.00000000,1963.00000000,0.05259741
179.00000000,1964.00000000,0.05259195
179.00000000,1965.00000000,0.05258563
179.00000000,1966.00000000,0.05257828
179.00000000,1967.00000000,0.05257012
179.00000000,1968.00000000,0.05256088
179.00000000,1969.00000000,0.05255010
179.00000000,1970.00000000,0.05253935
179.00000000,1971.00000000,0.05252467
179.00000000,1972.00000000,0.05250709
179.00000000,1973.00000000,0.05248708
179.00000000,1974.00000000,0.05246504
179.00000000,1975.00000000,0.05244177
179.00000000,1976.00000000,0.05241978
179.00000000,1977.00000000,0.05239625
179.00000000,1978.00000000,0.05237262
179.00000000,1979.00000000,0.05235032
179.00000000,1980.00000000,0.05232595
179.00000000,1981.00000000,0.05230459
179.00000000,1982.00000000,0.05227977
179.00000000,1983.00000000,0.05225939
179.00000000,1984.00000000,0.05224180
179.00000000,1985.00000000,0.05222796
179.00000000,1986.00000000,0.05221373
179.00000000,1987.00000000,0.05220003
179.00000000,1988.00000000,0.05218645
179.00000000,1989.00000000,0.05217261
179.00000000,1990.00000000,0.05216002
179.00000000,1991.00000000,0.05214560
179.00000000,1992.00000000,0.05213148
179.00000000,1993.00000000,0.05211771
179.00000000,1994.00000000,0.05210624
179.00000000,1995.00000000,0.05209539
179.00000000,1996.00000000,0.05208461
179.00000000,1997.00000000,0.05207177
179.00000000,1998.00000000,0.05205847
179.00000000,1999.00000000,0.05204500
179.00000000,2000.00000000,0.05203159
179.00000000,2001.00000000,0.05201961
179.00000000,2002.00000000,0.05200725
179.00000000,2003.00000000,0.05199326
179.00000000,2004.00000000,0.05198007
179.00000000,2005.00000000,0.05196344
179.00000000,2006.00000000,0.05194572
179.00000000,2007.00000000,0.05192364
179.00000000,2008.00000000,0.05189913
179.00000000,2009.00000000,0.05188207
179.00000000,2010.00000000,0.05185182
179.00000000,2011.00000000,0.05182129
179.00000000,2012.00000000,0.05179063
179.00000000,2013.00000000,0.05175656
179.00000000,2014.00000000,0.05172218
179.00000000,2015.00000000,0.05169076
179.00000000,2016.00000000,0.05165121
179.00000000,2017.00000000,0.05161151
179.00000000,2018.00000000,0.05157020
179.00000000,2019.00000000,0.05152889
179.00000000,2020.00000000,0.05148459
179.00000000,2021.00000000,0.05144053
179.00000000,2022.00000000,0.05139367
179.00000000,2023.00000000,0.05134738
179.00000000,2024.00000000,0.05130336
179.00000000,2025.00000000,0.05125222
179.00000000,2026.00000000,0.05120516
179.00000000,2027.00000000,0.05115436
179.00000000,2028.00000000,0.05110613
179.00000000,2029.00000000,0.05105898
179.00000000,2030.00000000,0.05100507
179.00000000,2031.00000000,0.05095547
179.00000000,2032.00000000,0.05090375
179.00000000,2033.00000000,0.05086378
179.00000000,2034.00000000,0.05081043
179.00000000,2035.00000000,0.05076084
179.00000000,2036.00000000,0.05070406
179.00000000,2037.00000000,0.05064639
179.00000000,2038.00000000,0.05059404
179.00000000,2039.00000000,0.05054543
179.00000000,2040.00000000,0.05048976
179.00000000,2041.00000000,0.05043012
179.00000000,2042.00000000,0.05037728
179.00000000,2043.00000000,0.05032501
179.00000000,2044.00000000,0.05027013
179.00000000,2045.00000000,0.05020804
179.00000000,2046.00000000,0.05015297
179.00000000,2047.00000000,0.05009194
179.00000000,2048.00000000,0.05003311
179.00000000,2049.00000000,0.04997035
179.00000000,2050.00000000,0.04991290
179.00000000,2051.00000000,0.04986698
179.00000000,2052.00000000,0.04981111
179.00000000,2053.00000000,0.04972247
179.00000000,2054.00000000,0.04966969
179.00000000,2055.00000000,0.04959948
179.00000000,2056.00000000,0.04952870
179.00000000,2057.00000000,0.04945504
179.00000000,2058.00000000,0.04939974
179.00000000,2059.00000000,0.04936204
179.00000000,2060.00000000,0.04929520
179.00000000,2061.00000000,0.04923693
179.00000000,2062.00000000,0.04918312
179.00000000,2063.00000000,0.04911014
179.00000000,2064.00000000,0.04903626
179.00000000,2065.00000000,0.04896617
179.00000000,2066.00000000,0.04891182
179.00000000,2067.00000000,0.04888505
179.00000000,2068.00000000,0.04881160
179.00000000,2069.00000000,0.04878197
179.00000000,2070.00000000,0.04873392
179.00000000,2071.00000000,0.04866603
179.00000000,2072.00000000,0.04859042
179.00000000,2073.00000000,0.04854132
179.00000000,2074.00000000,0.04850848
179.00000000,2075.00000000,0.04846252
179.00000000,2076.00000000,0.04842994
179.00000000,2077.00000000,0.04840481
179.00000000,2078.00000000,0.04840602
179.00000000,2079.00000000,0.04838680
179.00000000,2080.00000000,0.04835581
179.00000000,2081.00000000,0.04832046
179.00000000,2082.00000000,0.04834036
179.00000000,2083.00000000,0.04829778
179.00000000,2084.00000000,0.04830318
179.00000000,2085.00000000,0.04831722
179.00000000,2086.00000000,0.04838022
179.00000000,2087.00000000,0.04828401
179.00000000,2088.00000000,0.04828864
179.00000000,2089.00000000,0.04829285
179.00000000,2090.00000000,0.04827354
179.00000000,2091.00000000,0.04829259
179.00000000,2092.00000000,0.04834277
179.00000000,2093.00000000,0.04816887
179.00000000,2094.00000000,0.04811259
179.00000000,2095.00000000,0.04816520
179.00000000,2096.00000000,0.04820618
179.00000000,2097.00000000,0.04814407
179.00000000,2098.00000000,0.04792491
179.00000000,2099.00000000,0.04807239
179.00000000,2100.00000000,0.04785766
179.00000000,2101.00000000,0.04788802
179.00000000,2102.00000000,0.04803783
179.00000000,2103.00000000,0.04800138
179.00000000,2104.00000000,0.04799351
179.00000000,2105.00000000,0.04798150
179.00000000,2106.00000000,0.04807171
179.00000000,2107.00000000,0.04805558
179.00000000,2108.00000000,0.04814975
179.00000000,2109.00000000,0.04800166
179.00000000,2110.00000000,0.04782512
179.00000000,2111.00000000,0.04767817
179.00000000,2112.00000000,0.04772908
179.00000000,2113.00000000,0.04782945
179.00000000,2114.00000000,0.04789457
179.00000000,2115.00000000,0.04803021
179.00000000,2116.00000000,0.04813326
179.00000000,2117.00000000,0.04803189
179.00000000,2118.00000000,0.04809668
179.00000000,2119.00000000,0.04824297
179.00000000,2120.00000000,0.04828923
179.00000000,2121.00000000,0.04829878
179.00000000,2122.00000000,0.04836721
179.00000000,2123.00000000,0.04835680
179.00000000,2124.00000000,0.04804575
179.00000000,2125.00000000,0.04815921
179.00000000,2126.00000000,0.04838111
179.00000000,2127.00000000,0.04849659
179.00000000,2128.00000000,0.04843555
179.00000000,2129.00000000,0.04874247
179.00000000,2130.00000000,0.04894871
179.00000000,2131.00000000,0.04900225
179.00000000,2132.00000000,0.04908104
179.00000000,2133.00000000,0.04913184
179.00000000,2134.00000000,0.04939990
179.00000000,2135.00000000,0.04960913
179.00000000,2136.00000000,0.04975939
179.00000000,2137.00000000,0.04986604
179.00000000,2138.00000000,0.05007462
179.00000000,2139.00000000,0.05026056
179.00000000,2140.00000000,0.05031068
179.00000000,2141.00000000,0.05048664
179.00000000,2142.00000000,0.05072273
179.00000000,2143.00000000,0.05097698
179.00000000,2144.00000000,0.05120038
179.00000000,2145.00000000,0.05145723
179.00000000,2146.00000000,0.05163983
179.00000000,2147.00000000,0.05192284
179.00000000,2148.00000000,0.05225597
179.00000000,2149.00000000,0.05267962
179.00000000,2150.00000000,0.05293522
179.00000000,2151.00000000,0.05321026
179.00000000,2152.00000000,0.05358235
179.00000000,2153.00000000,0.05364017
179.00000000,2154.00000000,0.05364814
179.00000000,2155.00000000,0.05407431
179.00000000,2156.00000000,0.05433363
179.00000000,2157.00000000,0.05449851
179.00000000,2158.00000000,0.05495436
179.00000000,2159.00000000,0.05494238
179.00000000,2160.00000000,0.05478083
179.00000000,2161.00000000,0.05479415
179.00000000,2162.00000000,0.05484416
179.00000000,2163.00000000,0.05517311
179.00000000,2164.00000000,0.05546899
179.00000000,2165.00000000,0.05578493
179.00000000,2166.00000000,0.05607172
179.00000000,2167.00000000,0.05645690
179.00000000,2168.00000000,0.05672422
179.00000000,2169.00000000,0.05689574
179.00000000,2170.00000000,0.05712022
179.00000000,2171.00000000,0.05705431
179.00000000,2172.00000000,0.05716359
179.00000000,2173.00000000,0.05743322
179.00000000,2174.00000000,0.05772256
179.00000000,2175.00000000,0.05802597
179.00000000,2176.00000000,0.05829120
179.00000000,2177.00000000,0.05836098
179.00000000,2178.00000000,0.05845023
179.00000000,2179.00000000,0.05880457
179.00000000,2180.00000000,0.05915512
179.00000000,2181.00000000,0.05935599
179.00000000,2182.00000000,0.05996416
179.00000000,2183.00000000,0.06064611
179.00000000,2184.00000000,0.06120837
179.00000000,2185.00000000,0.06161918
179.00000000,2186.00000000,0.06203362
179.00000000,2187.00000000,0.06245176
179.00000000,2188.00000000,0.06287320
179.00000000,2189.00000000,0.06329797
179.00000000,2190.00000000,0.06382695
179.00000000,2191.00000000,0.06435962
179.00000000,2192.00000000,0.06489600
179.00000000,2193.00000000,0.06543606
179.00000000,2194.00000000,0.06597973
179.00000000,2195.00000000,0.06652703
179.00000000,2196.00000000,0.06707792
179.00000000,2197.00000000,0.06763234
179.00000000,2198.00000000,0.06819032
179.00000000,2199.00000000,0.06875179
179.00000000,2200.00000000,0.06927144
179.00000000,2201.00000000,0.06979441
179.00000000,2202.00000000,0.07032066
179.00000000,2203.00000000,0.07085025
179.00000000,2204.00000000,0.07138318
179.00000000,2205.00000000,0.07191944
179.00000000,2206.00000000,0.07245910
179.00000000,2207.00000000,0.07300216
179.00000000,2208.00000000,0.07354863
179.00000000,2209.00000000,0.07409860
179.00000000,2210.00000000,0.07474789
179.00000000,2211.00000000,0.07540105
179.00000000,2212.00000000,0.07605811
179.00000000,2213.00000000,0.07671903
179.00000000,2214.00000000,0.07738377
179.00000000,2215.00000000,0.07805237
179.00000000,2216.00000000,0.07872477
179.00000000,2217.00000000,0.07940100
179.00000000,2218.00000000,0.08008106
179.00000000,2219.00000000,0.08076489
179.00000000,2220.00000000,0.08152362
179.00000000,2221.00000000,0.08228643
179.00000000,2222.00000000,0.08305326
179.00000000,2223.00000000,0.08382413
179.00000000,2224.00000000,0.08459897
179.00000000,2225.00000000,0.08537771
179.00000000,2226.00000000,0.08616038
179.00000000,2227.00000000,0.08694689
179.00000000,2228.00000000,0.08773725
179.00000000,2229.00000000,0.08853139
179.00000000,2230.00000000,0.08932517
179.00000000,2231.00000000,0.09012267
179.00000000,2232.00000000,0.09092382
179.00000000,2233.00000000,0.09172852
179.00000000,2234.00000000,0.09253682
179.00000000,2235.00000000,0.09334864
179.00000000,2236.00000000,0.09416387
179.00000000,2237.00000000,0.09498253
179.00000000,2238.00000000,0.09580452
179.00000000,2239.00000000,0.09662973
179.00000000,2240.00000000,0.09729689
179.00000000,2241.00000000,0.09796645
179.00000000,2242.00000000,0.09863844
179.00000000,2243.00000000,0.09931283
179.00000000,2244.00000000,0.09998954
179.00000000,2245.00000000,0.10066864
179.00000000,2246.00000000,0.10135008
179.00000000,2247.00000000,0.10203376
179.00000000,2248.00000000,0.10271973
179.00000000,2249.00000000,0.10340779
179.00000000,2250.00000000,0.10394898
179.00000000,2251.00000000,0.10448954
179.00000000,2252.00000000,0.10502811
179.00000000,2253.00000000,0.10556404
179.00000000,2254.00000000,0.10609695
179.00000000,2255.00000000,0.10662666
179.00000000,2256.00000000,0.10715317
179.00000000,2257.00000000,0.10767638
179.00000000,2258.00000000,0.10819625
179.00000000,2259.00000000,0.10871282
179.00000000,2260.00000000,0.10914193
179.00000000,2261.00000000,0.10956745
179.00000000,2262.00000000,0.10998958
179.00000000,2263.00000000,0.11040840
179.00000000,2264.00000000,0.11082406
179.00000000,2265.00000000,0.11123661
179.00000000,2266.00000000,0.11164605
179.00000000,2267.00000000,0.11205250
179.00000000,2268.00000000,0.11245597
179.00000000,2269.00000000,0.11285644
179.00000000,2270.00000000,0.11316611
179.00000000,2271.00000000,0.11347260
179.00000000,2272.00000000,0.11377594
179.00000000,2273.00000000,0.11407626
179.00000000,2274.00000000,0.11437357
179.00000000,2275.00000000,0.11466788
179.00000000,2276.00000000,0.11495932
179.00000000,2277.00000000,0.11524784
179.00000000,2278.00000000,0.11553358
179.00000000,2279.00000000,0.11581654
179.00000000,2280.00000000,0.11602847
179.00000000,2281.00000000,0.11623756
179.00000000,2282.00000000,0.11644378
179.00000000,2283.00000000,0.11664715
179.00000000,2284.00000000,0.11684779
179.00000000,2285.00000000,0.11704571
179.00000000,2286.00000000,0.11724088
179.00000000,2287.00000000,0.11743347
179.00000000,2288.00000000,0.11762338
179.00000000,2289.00000000,0.11781077
179.00000000,2290.00000000,0.11799560
179.00000000,2291.00000000,0.11817789
179.00000000,2292.00000000,0.11835773
179.00000000,2293.00000000,0.11853514
179.00000000,2294.00000000,0.11871007
179.00000000,2295.00000000,0.11888264
179.00000000,2296.00000000,0.11905286
179.00000000,2297.00000000,0.11922065
179.00000000,2298.00000000,0.11938619
179.00000000,2299.00000000,0.11954943
179.00000000,2300.00000000,0.11971030
179.00000000,2301.00000000,0.11986899
179.00000000,2302.00000000,0.12002533
179.00000000,2303.00000000,0.12017951
179.00000000,2304.00000000,0.12033145
179.00000000,2305.00000000,0.12048107
179.00000000,2306.00000000,0.12062859
179.00000000,2307.00000000,0.12077391
179.00000000,2308.00000000,0.12091695
179.00000000,2309.00000000,0.12105792
179.00000000,2310.00000000,0.12119673
179.00000000,2311.00000000,0.12133328
179.00000000,2312.00000000,0.12146781
179.00000000,2313.00000000,0.12160011
179.00000000,2314.00000000,0.12173037
179.00000000,2315.00000000,0.12185853
179.00000000,2316.00000000,0.12198450
179.00000000,2317.00000000,0.12210843
179.00000000,2318.00000000,0.12223027
179.00000000,2319.00000000,0.12234993
179.00000000,2320.00000000,0.12246758
179.00000000,2321.00000000,0.12258311
179.00000000,2322.00000000,0.12269648
179.00000000,2323.00000000,0.12280783
179.00000000,2324.00000000,0.12291700
179.00000000,2325.00000000,0.12302410
179.00000000,2326.00000000,0.12312910
179.00000000,2327.00000000,0.12323188
179.00000000,2328.00000000,0.12333253
179.00000000,2329.00000000,0.12343092
179.00000000,2330.00000000,0.12304987
179.00000000,2331.00000000,0.12266604
179.00000000,2332.00000000,0.12227946
179.00000000,2333.00000000,0.12189010
179.00000000,2334.00000000,0.12149815
179.00000000,2335.00000000,0.12110361
179.00000000,2336.00000000,0.12070647
179.00000000,2337.00000000,0.12030690
179.00000000,2338.00000000,0.11990482
179.00000000,2339.00000000,0.11950044
179.00000000,2340.00000000,0.11909372
179.00000000,2341.00000000,0.11868467
179.00000000,2342.00000000,0.11827344
179.00000000,2343.00000000,0.11786002
179.00000000,2344.00000000,0.11744441
179.00000000,2345.00000000,0.11702676
179.00000000,2346.00000000,0.11660706
179.00000000,2347.00000000,0.11618529
179.00000000,2348.00000000,0.11576162
179.00000000,2349.00000000,0.11533596
179.00000000,2350.00000000,0.11490849
179.00000000,2351.00000000,0.11447917
179.00000000,2352.00000000,0.11404799
179.00000000,2353.00000000,0.11361511
179.00000000,2354.00000000,0.11318052
179.00000000,2355.00000000,0.11274418
179.00000000,2356.00000000,0.11230625
179.00000000,2357.00000000,0.11186672
179.00000000,2358.00000000,0.11142555
179.00000000,2359.00000000,0.11098289
179.00000000,2360.00000000,0.11053874
179.00000000,2361.00000000,0.11009304
179.00000000,2362.00000000,0.10964596
179.00000000,2363.00000000,0.10919740
179.00000000,2364.00000000,0.10874753
179.00000000,2365.00000000,0.10829630
179.00000000,2366.00000000,0.10784370
179.00000000,2367.00000000,0.10738986
179.00000000,2368.00000000,0.10693476
179.00000000,2369.00000000,0.10647837
179.00000000,2370.00000000,0.10602082
179.00000000,2371.00000000,0.10556212
179.00000000,2372.00000000,0.10510219
179.00000000,2373.00000000,0.10464119
179.00000000,2374.00000000,0.10417904
179.00000000,2375.00000000,0.10371588
179.00000000,2376.00000000,0.10325167
179.00000000,2377.00000000,0.10278637
179.00000000,2378.00000000,0.10232015
179.00000000,2379.00000000,0.10185294
179.00000000,2380.00000000,0.10138473
179.00000000,2381.00000000,0.10091566
179.00000000,2382.00000000,0.10044567
179.00000000,2383.00000000,0.09997476
179.00000000,2384.00000000,0.09950304
179.00000000,2385.00000000,0.09903047
179.00000000,2386.00000000,0.09855706
179.00000000,2387.00000000,0.09808289
179.00000000,2388.00000000,0.09760791
179.00000000,2389.00000000,0.09713222
179.00000000,2390.00000000,0.09665582
179.00000000,2391.00000000,0.09617863
179.00000000,2392.00000000,0.09570083
179.00000000,2393.00000000,0.09522235
179.00000000,2394.00000000,0.09474317
179.00000000,2395.00000000,0.09426340
179.00000000,2396.00000000,0.09378304
179.00000000,2397.00000000,0.09330203
179.00000000,2398.00000000,0.09282049
179.00000000,2399.00000000,0.09233835
179.00000000,2400.00000000,0.09185572
179.00000000,2401.00000000,0.09137257
179.00000000,2402.00000000,0.09088887
179.00000000,2403.00000000,0.09040475
179.00000000,2404.00000000,0.08992016
179.00000000,2405.00000000,0.08943508
179.00000000,2406.00000000,0.08894963
179.00000000,2407.00000000,0.08846378
179.00000000,2408.00000000,0.08797745
179.00000000,2409.00000000,0.08749082
179.00000000,2410.00000000,0.08700378
179.00000000,2411.00000000,0.08651644
179.00000000,2412.00000000,0.08602878
179.00000000,2413.00000000,0.08554074
179.00000000,2414.00000000,0.08505246
179.00000000,2415.00000000,0.08456390
179.00000000,2416.00000000,0.08407502
179.00000000,2417.00000000,0.08358595
179.00000000,2418.00000000,0.08309665
179.00000000,2419.00000000,0.08260706
179.00000000,2420.00000000,0.08211733
179.00000000,2421.00000000,0.08162741
179.00000000,2422.00000000,0.08113725
179.00000000,2423.00000000,0.08064701
179.00000000,2424.00000000,0.08015658
179.00000000,2425.00000000,0.07966608
179.00000000,2426.00000000,0.07917551
179.00000000,2427.00000000,0.07868485
179.00000000,2428.00000000,0.07829751
179.00000000,2429.00000000,0.07821421
179.00000000,2430.00000000,0.07821407
179.00000000,2431.00000000,0.07821411
179.00000000,2432.00000000,0.07821429
179.00000000,2433.00000000,0.07821456
179.00000000,2434.00000000,0.07821501
179.00000000,2435.00000000,0.07822855
179.00000000,2436.00000000,0.07824228
179.00000000,2437.00000000,0.07825613
179.00000000,2438.00000000,0.07827005
179.00000000,2439.00000000,0.07828412
179.00000000,2440.00000000,0.07827257
179.00000000,2441.00000000,0.07826105
179.00000000,2442.00000000,0.07824969
179.00000000,2443.00000000,0.07823844
179.00000000,2444.00000000,0.07822721
179.00000000,2445.00000000,0.07821612
179.00000000,2446.00000000,0.07820513
179.00000000,2447.00000000,0.07819416
179.00000000,2448.00000000,0.07818333
179.00000000,2449.00000000,0.07817252
179.00000000,2450.00000000,0.07816186
179.00000000,2451.00000000,0.07815126
179.00000000,2452.00000000,0.07814068
179.00000000,2453.00000000,0.07813023
179.00000000,2454.00000000,0.07811986
179.00000000,2455.00000000,0.07810836
179.00000000,2456.00000000,0.07809700
179.00000000,2457.00000000,0.07808571
179.00000000,2458.00000000,0.07807439
179.00000000,2459.00000000,0.07806321
179.00000000,2460.00000000,0.07805202
179.00000000,2461.00000000,0.07804095
179.00000000,2462.00000000,0.07802993
179.00000000,2463.00000000,0.07801891
179.00000000,2464.00000000,0.07800800
179.00000000,2465.00000000,0.07799714
179.00000000,2466.00000000,0.07798625
179.00000000,2467.00000000,0.07797550
179.00000000,2468.00000000,0.07796478
179.00000000,2469.00000000,0.07795404
179.00000000,2470.00000000,0.07794341
179.00000000,2471.00000000,0.07793276
179.00000000,2472.00000000,0.07792222
179.00000000,2473.00000000,0.07791171
179.00000000,2474.00000000,0.07790118
179.00000000,2475.00000000,0.07789076
179.00000000,2476.00000000,0.07788038
179.00000000,2477.00000000,0.07786996
179.00000000,2478.00000000,0.07785965
179.00000000,2479.00000000,0.07784937
179.00000000,2480.00000000,0.07784154
179.00000000,2481.00000000,0.07783380
179.00000000,2482.00000000,0.07782611
179.00000000,2483.00000000,0.07781837
179.00000000,2484.00000000,0.07781073
179.00000000,2485.00000000,0.07780306
179.00000000,2486.00000000,0.07779549
179.00000000,2487.00000000,0.07778795
179.00000000,2488.00000000,0.07778034
179.00000000,2489.00000000,0.07777286
179.00000000,2490.00000000,0.07776541
179.00000000,2491.00000000,0.07775788
179.00000000,2492.00000000,0.07775048
179.00000000,2493.00000000,0.07774310
179.00000000,2494.00000000,0.07773566
179.00000000,2495.00000000,0.07772832
179.00000000,2496.00000000,0.07772093
179.00000000,2497.00000000,0.07771363
179.00000000,2498.00000000,0.07770635
179.00000000,2499.00000000,0.07769902
179.00000000,2500.00000000,0.07769179
180.00000000,1765.00000000,0.05216930
180.00000000,1766.00000000,0.05216923
180.00000000,1767.00000000,0.05216942
180.00000000,1768.00000000,0.05216950
180.00000000,1769.00000000,0.05216960
180.00000000,1770.00000000,0.05216996
180.00000000,1771.00000000,0.05217025
180.00000000,1772.00000000,0.05217079
180.00000000,1773.00000000,0.05217140
180.00000000,1774.00000000,0.05217206
180.00000000,1775.00000000,0.05217281
180.00000000,1776.00000000,0.05217361
180.00000000,1777.00000000,0.05217458
180.00000000,1778.00000000,0.05217564
180.00000000,1779.00000000,0.05217681
180.00000000,1780.00000000,0.05217819
180.00000000,1781.00000000,0.05217950
180.00000000,1782.00000000,0.05218085
180.00000000,1783.00000000,0.05218237
180.00000000,1784.00000000,0.05218402
180.00000000,1785.00000000,0.05218558
180.00000000,1786.00000000,0.05218741
180.00000000,1787.00000000,0.05218910
180.00000000,1788.00000000,0.05219096
180.00000000,1789.00000000,0.05219296
180.00000000,1790.00000000,0.05219496
180.00000000,1791.00000000,0.05219695
180.00000000,1792.00000000,0.05219900
180.00000000,1793.00000000,0.05220114
180.00000000,1794.00000000,0.05220336
180.00000000,1795.00000000,0.05220560
180.00000000,1796.00000000,0.05220786
180.00000000,1797.00000000,0.05221015
180.00000000,1798.00000000,0.05221253
180.00000000,1799.00000000,0.05221486
180.00000000,1800.00000000,0.05221739
180.00000000,1801.00000000,0.05221965
180.00000000,1802.00000000,0.05222212
180.00000000,1803.00000000,0.05222464
180.00000000,1804.00000000,0.05222718
180.00000000,1805.00000000,0.05222968
180.00000000,1806.00000000,0.05223217
180.00000000,1807.00000000,0.05223480
180.00000000,1808.00000000,0.05223737
180.00000000,1809.00000000,0.05223999
180.00000000,1810.00000000,0.05224256
180.00000000,1811.00000000,0.05224526
180.00000000,1812.00000000,0.05224784
180.00000000,1813.00000000,0.05225053
180.00000000,1814.00000000,0.05225326
180.00000000,1815.00000000,0.05225585
180.00000000,1816.00000000,0.05225863
180.00000000,1817.00000000,0.05226140
180.00000000,1818.00000000,0.05226400
180.00000000,1819.00000000,0.05226677
180.00000000,1820.00000000,0.05226948
180.00000000,1821.00000000,0.05227210
180.00000000,1822.00000000,0.05227489
180.00000000,1823.00000000,0.05227770
180.00000000,1824.00000000,0.05228027
180.00000000,1825.00000000,0.05228299
180.00000000,1826.00000000,0.05228570
180.00000000,1827.00000000,0.05228840
180.00000000,1828.00000000,0.05229109
180.00000000,1829.00000000,0.05229386
180.00000000,1830.00000000,0.05229650
180.00000000,1831.00000000,0.05229925
180.00000000,1832.00000000,0.05230176
180.00000000,1833.00000000,0.05230435
180.00000000,1834.00000000,0.05230698
180.00000000,1835.00000000,0.05230971
180.00000000,1836.00000000,0.05231225
180.00000000,1837.00000000,0.05231485
180.00000000,1838.00000000,0.05231741
180.00000000,1839.00000000,0.05231995
180.00000000,1840.00000000,0.05232250
180.00000000,1841.00000000,0.05232508
180.00000000,1842.00000000,0.05232745
180.00000000,1843.00000000,0.05232998
180.00000000,1844.00000000,0.05233243
180.00000000,1845.00000000,0.05233484
180.00000000,1846.00000000,0.05233724
180.00000000,1847.00000000,0.05233964
180.00000000,1848.00000000,0.05234205
180.00000000,1849.00000000,0.05234436
180.00000000,1850.00000000,0.05234666
180.00000000,1851.00000000,0.05234884
180.00000000,1852.00000000,0.05235109
180.00000000,1853.00000000,0.05235352
180.00000000,1854.00000000,0.05235611
180.00000000,1855.00000000,0.05235862
180.00000000,1856.00000000,0.05236109
180.00000000,1857.00000000,0.05236340
180.00000000,1858.00000000,0.05236569
180.00000000,1859.00000000,0.05236800
180.00000000,1860.00000000,0.05237019
180.00000000,1861.00000000,0.05237231
180.00000000,1862.00000000,0.05237431
180.00000000,1863.00000000,0.05237592
180.00000000,1864.00000000,0.05237707
180.00000000,1865.00000000,0.05237796
180.00000000,1866.00000000,0.05237861
180.00000000,1867.00000000,0.05237909
180.00000000,1868.00000000,0.05237933
180.00000000,1869.00000000,0.05237936
180.00000000,1870.00000000,0.05237925
180.00000000,1871.00000000,0.05237899
180.00000000,1872.00000000,0.05237882
180.00000000,1873.00000000,0.05237911
180.00000000,1874.00000000,0.05237979
180.00000000,1875.00000000,0.05238069
180.00000000,1876.00000000,0.05238176
180.00000000,1877.00000000,0.05238295
180.00000000,1878.00000000,0.05238426
180.00000000,1879.00000000,0.05238562
180.00000000,1880.00000000,0.05238703
180.00000000,1881.00000000,0.05238851
180.00000000,1882.00000000,0.05238994
180.00000000,1883.00000000,0.05239100
180.00000000,1884.00000000,0.05239191
180.00000000,1885.00000000,0.05239246
180.00000000,1886.00000000,0.05239297
180.00000000,1887.00000000,0.05239339
180.00000000,1888.00000000,0.05239366
180.00000000,1889.00000000,0.05239361
180.00000000,1890.00000000,0.05239349
180.00000000,1891.00000000,0.05239306
180.00000000,1892.00000000,0.05239242
180.00000000,1893.00000000,0.05239173
180.00000000,1894.00000000,0.05239092
180.00000000,1895.00000000,0.05239021
180.00000000,1896.00000000,0.05238953
180.00000000,1897.00000000,0.05238881
180.00000000,1898.00000000,0.05238795
180.00000000,1899.00000000,0.05238698
180.00000000,1900.00000000,0.05238581
180.00000000,1901.00000000,0.05238443
180.00000000,1902.00000000,0.05238316
180.00000000,1903.00000000,0.05238188
180.00000000,1904.00000000,0.05238070
180.00000000,1905.00000000,0.05237963
180.00000000,1906.00000000,0.05237874
180.00000000,1907.00000000,0.05237792
180.00000000,1908.00000000,0.05237706
180.00000000,1909.00000000,0.05237611
180.00000000,1910.00000000,0.05237521
180.00000000,1911.00000000,0.05237418
180.00000000,1912.00000000,0.05237270
180.00000000,1913.00000000,0.05237060
180.00000000,1914.00000000,0.05236781
180.00000000,1915.00000000,0.05236472
180.00000000,1916.00000000,0.05236161
180.00000000,1917.00000000,0.05235838
180.00000000,1918.00000000,0.05235509
180.00000000,1919.00000000,0.05235182
180.00000000,1920.00000000,0.05234885
180.00000000,1921.00000000,0.05234638
180.00000000,1922.00000000,0.05234449
180.00000000,1923.00000000,0.05234310
180.00000000,1924.00000000,0.05234177
180.00000000,1925.00000000,0.05234032
180.00000000,1926.00000000,0.05233883
180.00000000,1927.00000000,0.05233732
180.00000000,1928.00000000,0.05233590
180.00000000,1929.00000000,0.05233443
180.00000000,1930.00000000,0.05233308
180.00000000,1931.00000000,0.05233244
180.00000000,1932.00000000,0.05233272
180.00000000,1933.00000000,0.05233347
180.00000000,1934.00000000,0.05233461
180.00000000,1935.00000000,0.05233570
180.00000000,1936.00000000,0.05233644
180.00000000,1937.00000000,0.05233656
180.00000000,1938.00000000,0.05233581
180.00000000,1939.00000000,0.05233447
180.00000000,1940.00000000,0.05233268
180.00000000,1941.00000000,0.05233024
180.00000000,1942.00000000,0.05232709
180.00000000,1943.00000000,0.05232352
180.00000000,1944.00000000,0.05231964
180.00000000,1945.00000000,0.05231577
180.00000000,1946.00000000,0.05231742
180.00000000,1947.00000000,0.05231547
180.00000000,1948.00000000,0.05231407
180.00000000,1949.00000000,0.05231279
180.00000000,1950.00000000,0.05231151
180.00000000,1951.00000000,0.05231177
180.00000000,1952.00000000,0.05231096
180.00000000,1953.00000000,0.05231033
180.00000000,1954.00000000,0.05230973
180.00000000,1955.00000000,0.05230937
180.00000000,1956.00000000,0.05230907
180.00000000,1957.00000000,0.05230861
180.00000000,1958.00000000,0.05230786
180.00000000,1959.00000000,0.05230666
180.00000000,1960.00000000,0.05230433
180.00000000,1961.00000000,0.05230243
180.00000000,1962.00000000,0.05229829
180.00000000,1963.00000000,0.05229355
180.00000000,1964.00000000,0.05228814
180.00000000,1965.00000000,0.05228174
180.00000000,1966.00000000,0.05227444
180.00000000,1967.00000000,0.05226621
180.00000000,1968.00000000,0.05225700
180.00000000,1969.00000000,0.05224628
180.00000000,1970.00000000,0.05223385
180.00000000,1971.00000000,0.05222083
180.00000000,1972.00000000,0.05220334
180.00000000,1973.00000000,0.05218337
180.00000000,1974.00000000,0.05216141
180.00000000,1975.00000000,0.05213825
180.00000000,1976.00000000,0.05211472
180.00000000,1977.00000000,0.05209291
180.00000000,1978.00000000,0.05206933
180.00000000,1979.00000000,0.05204554
180.00000000,1980.00000000,0.05202283
180.00000000,1981.00000000,0.05199841
180.00000000,1982.00000000,0.05197846
180.00000000,1983.00000000,0.05195659
180.00000000,1984.00000000,0.05193903
180.00000000,1985.00000000,0.05192361
180.00000000,1986.00000000,0.05191104
180.00000000,1987.00000000,0.05189741
180.00000000,1988.00000000,0.05188382
180.00000000,1989.00000000,0.05187007
180.00000000,1990.00000000,0.05185587
180.00000000,1991.00000000,0.05184310
180.00000000,1992.00000000,0.05182905
180.00000000,1993.00000000,0.05181530
180.00000000,1994.00000000,0.05180230
180.00000000,1995.00000000,0.05179140
180.00000000,1996.00000000,0.05178064
180.00000000,1997.00000000,0.05176950
180.00000000,1998.00000000,0.05175617
180.00000000,1999.00000000,0.05174277
180.00000000,2000.00000000,0.05172940
180.00000000,2001.00000000,0.05171583
180.00000000,2002.00000000,0.05170350
180.00000000,2003.00000000,0.05169117
180.00000000,2004.00000000,0.05167642
180.00000000,2005.00000000,0.05166141
180.00000000,2006.00000000,0.05164215
180.00000000,2007.00000000,0.05162179
180.00000000,2008.00000000,0.05159736
180.00000000,2009.00000000,0.05157076
180.00000000,2010.00000000,0.05155178
180.00000000,2011.00000000,0.05151984
180.00000000,2012.00000000,0.05148768
180.00000000,2013.00000000,0.05145532
180.00000000,2014.00000000,0.05141955
180.00000000,2015.00000000,0.05138350
180.00000000,2016.00000000,0.05135043
180.00000000,2017.00000000,0.05130936
180.00000000,2018.00000000,0.05126822
180.00000000,2019.00000000,0.05122557
180.00000000,2020.00000000,0.05118299
180.00000000,2021.00000000,0.05113755
180.00000000,2022.00000000,0.05109249
180.00000000,2023.00000000,0.05104482
180.00000000,2024.00000000,0.05099786
180.00000000,2025.00000000,0.05095326
180.00000000,2026.00000000,0.05090168
180.00000000,2027.00000000,0.05085423
180.00000000,2028.00000000,0.05080310
180.00000000,2029.00000000,0.05075457
180.00000000,2030.00000000,0.05070717
180.00000000,2031.00000000,0.05065305
180.00000000,2032.00000000,0.05060313
180.00000000,2033.00000000,0.05055092
180.00000000,2034.00000000,0.05051027
180.00000000,2035.00000000,0.05045629
180.00000000,2036.00000000,0.05040603
180.00000000,2037.00000000,0.05034862
180.00000000,2038.00000000,0.05029034
180.00000000,2039.00000000,0.05023739
180.00000000,2040.00000000,0.05018818
180.00000000,2041.00000000,0.05013196
180.00000000,2042.00000000,0.05007171
180.00000000,2043.00000000,0.05001807
180.00000000,2044.00000000,0.04996493
180.00000000,2045.00000000,0.04990916
180.00000000,2046.00000000,0.04984627
180.00000000,2047.00000000,0.04979035
180.00000000,2048.00000000,0.04972856
180.00000000,2049.00000000,0.04966898
180.00000000,2050.00000000,0.04960557
180.00000000,2051.00000000,0.04954748
180.00000000,2052.00000000,0.04950088
180.00000000,2053.00000000,0.04944448
180.00000000,2054.00000000,0.04935557
180.00000000,2055.00000000,0.04930232
180.00000000,2056.00000000,0.04923182
180.00000000,2057.00000000,0.04916079
180.00000000,2058.00000000,0.04908694
180.00000000,2059.00000000,0.04903135
180.00000000,2060.00000000,0.04899325
180.00000000,2061.00000000,0.04892634
180.00000000,2062.00000000,0.04886827
180.00000000,2063.00000000,0.04881499
180.00000000,2064.00000000,0.04874292
180.00000000,2065.00000000,0.04867009
180.00000000,2066.00000000,0.04860108
180.00000000,2067.00000000,0.04854775
180.00000000,2068.00000000,0.04852178
180.00000000,2069.00000000,0.04844946
180.00000000,2070.00000000,0.04842061
180.00000000,2071.00000000,0.04837351
180.00000000,2072.00000000,0.04830693
180.00000000,2073.00000000,0.04823296
180.00000000,2074.00000000,0.04818546
180.00000000,2075.00000000,0.04815414
180.00000000,2076.00000000,0.04810980
180.00000000,2077.00000000,0.04807872
180.00000000,2078.00000000,0.04805497
180.00000000,2079.00000000,0.04805733
180.00000000,2080.00000000,0.04803935
180.00000000,2081.00000000,0.04800967
180.00000000,2082.00000000,0.04797572
180.00000000,2083.00000000,0.04799673
180.00000000,2084.00000000,0.04795572
180.00000000,2085.00000000,0.04796235
180.00000000,2086.00000000,0.04797753
180.00000000,2087.00000000,0.04804128
180.00000000,2088.00000000,0.04794689
180.00000000,2089.00000000,0.04795257
180.00000000,2090.00000000,0.04795776
180.00000000,2091.00000000,0.04793960
180.00000000,2092.00000000,0.04795962
180.00000000,2093.00000000,0.04801067
180.00000000,2094.00000000,0.04783920
180.00000000,2095.00000000,0.04778457
180.00000000,2096.00000000,0.04783805
180.00000000,2097.00000000,0.04787996
180.00000000,2098.00000000,0.04781940
180.00000000,2099.00000000,0.04760281
180.00000000,2100.00000000,0.04775034
180.00000000,2101.00000000,0.04753807
180.00000000,2102.00000000,0.04756936
180.00000000,2103.00000000,0.04771939
180.00000000,2104.00000000,0.04768444
180.00000000,2105.00000000,0.04767789
180.00000000,2106.00000000,0.04766718
180.00000000,2107.00000000,0.04775801
180.00000000,2108.00000000,0.04774313
180.00000000,2109.00000000,0.04783779
180.00000000,2110.00000000,0.04769173
180.00000000,2111.00000000,0.04751733
180.00000000,2112.00000000,0.04737229
180.00000000,2113.00000000,0.04742379
180.00000000,2114.00000000,0.04752440
180.00000000,2115.00000000,0.04758995
180.00000000,2116.00000000,0.04772555
180.00000000,2117.00000000,0.04782874
180.00000000,2118.00000000,0.04772877
180.00000000,2119.00000000,0.04779388
180.00000000,2120.00000000,0.04793996
180.00000000,2121.00000000,0.04798661
180.00000000,2122.00000000,0.04799675
180.00000000,2123.00000000,0.04806539
180.00000000,2124.00000000,0.04805567
180.00000000,2125.00000000,0.04774716
180.00000000,2126.00000000,0.04786049
180.00000000,2127.00000000,0.04808160
180.00000000,2128.00000000,0.04819694
180.00000000,2129.00000000,0.04813683
180.00000000,2130.00000000,0.04844242
180.00000000,2131.00000000,0.04864792
180.00000000,2132.00000000,0.04870166
180.00000000,2133.00000000,0.04878049
180.00000000,2134.00000000,0.04883149
180.00000000,2135.00000000,0.04909843
180.00000000,2136.00000000,0.04930687
180.00000000,2137.00000000,0.04945671
180.00000000,2138.00000000,0.04956319
180.00000000,2139.00000000,0.04977097
180.00000000,2140.00000000,0.04995625
180.00000000,2141.00000000,0.05000653
180.00000000,2142.00000000,0.05018188
180.00000000,2143.00000000,0.05041700
180.00000000,2144.00000000,0.05067016
180.00000000,2145.00000000,0.05089267
180.00000000,2146.00000000,0.05114842
180.00000000,2147.00000000,0.05133036
180.00000000,2148.00000000,0.05161211
180.00000000,2149.00000000,0.05194368
180.00000000,2150.00000000,0.05236524
180.00000000,2151.00000000,0.05262003
180.00000000,2152.00000000,0.05289495
180.00000000,2153.00000000,0.05326711
180.00000000,2154.00000000,0.05332725
180.00000000,2155.00000000,0.05333798
180.00000000,2156.00000000,0.05376455
180.00000000,2157.00000000,0.05402524
180.00000000,2158.00000000,0.05419198
180.00000000,2159.00000000,0.05464800
180.00000000,2160.00000000,0.05463874
180.00000000,2161.00000000,0.05448063
180.00000000,2162.00000000,0.05449634
180.00000000,2163.00000000,0.05454847
180.00000000,2164.00000000,0.05487796
180.00000000,2165.00000000,0.05517451
180.00000000,2166.00000000,0.05549097
180.00000000,2167.00000000,0.05577838
180.00000000,2168.00000000,0.05616364
180.00000000,2169.00000000,0.05643161
180.00000000,2170.00000000,0.05660422
180.00000000,2171.00000000,0.05682948
180.00000000,2172.00000000,0.05676577
180.00000000,2173.00000000,0.05687632
180.00000000,2174.00000000,0.05714638
180.00000000,2175.00000000,0.05743602
180.00000000,2176.00000000,0.05773964
180.00000000,2177.00000000,0.05800523
180.00000000,2178.00000000,0.05807630
180.00000000,2179.00000000,0.05816672
180.00000000,2180.00000000,0.05852092
180.00000000,2181.00000000,0.05887133
180.00000000,2182.00000000,0.05907275
180.00000000,2183.00000000,0.05967952
180.00000000,2184.00000000,0.06035973
180.00000000,2185.00000000,0.06092081
180.00000000,2186.00000000,0.06133114
180.00000000,2187.00000000,0.06174508
180.00000000,2188.00000000,0.06216270
180.00000000,2189.00000000,0.06258360
180.00000000,2190.00000000,0.06300781
180.00000000,2191.00000000,0.06353575
180.00000000,2192.00000000,0.06406736
180.00000000,2193.00000000,0.06460268
180.00000000,2194.00000000,0.06514164
180.00000000,2195.00000000,0.06568421
180.00000000,2196.00000000,0.06623039
180.00000000,2197.00000000,0.06678016
180.00000000,2198.00000000,0.06733345
180.00000000,2199.00000000,0.06789027
180.00000000,2200.00000000,0.06845059
180.00000000,2201.00000000,0.06896926
180.00000000,2202.00000000,0.06949125
180.00000000,2203.00000000,0.07001651
180.00000000,2204.00000000,0.07054511
180.00000000,2205.00000000,0.07107704
180.00000000,2206.00000000,0.07161228
180.00000000,2207.00000000,0.07215092
180.00000000,2208.00000000,0.07269295
180.00000000,2209.00000000,0.07323837
180.00000000,2210.00000000,0.07378730
180.00000000,2211.00000000,0.07443515
180.00000000,2212.00000000,0.07508684
180.00000000,2213.00000000,0.07574245
180.00000000,2214.00000000,0.07640191
180.00000000,2215.00000000,0.07706518
180.00000000,2216.00000000,0.07773231
180.00000000,2217.00000000,0.07840323
180.00000000,2218.00000000,0.07907800
180.00000000,2219.00000000,0.07975657
180.00000000,2220.00000000,0.08043892
180.00000000,2221.00000000,0.08119589
180.00000000,2222.00000000,0.08195694
180.00000000,2223.00000000,0.08272200
180.00000000,2224.00000000,0.08349110
180.00000000,2225.00000000,0.08426417
180.00000000,2226.00000000,0.08504116
180.00000000,2227.00000000,0.08582208
180.00000000,2228.00000000,0.08660682
180.00000000,2229.00000000,0.08739543
180.00000000,2230.00000000,0.08818783
180.00000000,2231.00000000,0.08897988
180.00000000,2232.00000000,0.08977565
180.00000000,2233.00000000,0.09057506
180.00000000,2234.00000000,0.09137805
180.00000000,2235.00000000,0.09218465
180.00000000,2236.00000000,0.09299475
180.00000000,2237.00000000,0.09380828
180.00000000,2238.00000000,0.09462525
180.00000000,2239.00000000,0.09544556
180.00000000,2240.00000000,0.09626908
180.00000000,2241.00000000,0.09693517
180.00000000,2242.00000000,0.09760366
180.00000000,2243.00000000,0.09827459
180.00000000,2244.00000000,0.09894791
180.00000000,2245.00000000,0.09962358
180.00000000,2246.00000000,0.10030165
180.00000000,2247.00000000,0.10098203
180.00000000,2248.00000000,0.10166469
180.00000000,2249.00000000,0.10234953
180.00000000,2250.00000000,0.10303577
180.00000000,2251.00000000,0.10357438
180.00000000,2252.00000000,0.10411110
180.00000000,2253.00000000,0.10464515
180.00000000,2254.00000000,0.10517626
180.00000000,2255.00000000,0.10570425
180.00000000,2256.00000000,0.10622902
180.00000000,2257.00000000,0.10675058
180.00000000,2258.00000000,0.10726888
180.00000000,2259.00000000,0.10778389
180.00000000,2260.00000000,0.10829568
180.00000000,2261.00000000,0.10872045
180.00000000,2262.00000000,0.10914180
180.00000000,2263.00000000,0.10955992
180.00000000,2264.00000000,0.10997485
180.00000000,2265.00000000,0.11038673
180.00000000,2266.00000000,0.11079557
180.00000000,2267.00000000,0.11120139
180.00000000,2268.00000000,0.11160430
180.00000000,2269.00000000,0.11200429
180.00000000,2270.00000000,0.11240136
180.00000000,2271.00000000,0.11270803
180.00000000,2272.00000000,0.11301162
180.00000000,2273.00000000,0.11331210
180.00000000,2274.00000000,0.11360963
180.00000000,2275.00000000,0.11390422
180.00000000,2276.00000000,0.11419586
180.00000000,2277.00000000,0.11448471
180.00000000,2278.00000000,0.11477069
180.00000000,2279.00000000,0.11505395
180.00000000,2280.00000000,0.11533448
180.00000000,2281.00000000,0.11554433
180.00000000,2282.00000000,0.11575137
180.00000000,2283.00000000,0.11595561
180.00000000,2284.00000000,0.11615703
180.00000000,2285.00000000,0.11635579
180.00000000,2286.00000000,0.11655186
180.00000000,2287.00000000,0.11674524
180.00000000,2288.00000000,0.11693606
180.00000000,2289.00000000,0.11712427
180.00000000,2290.00000000,0.11730998
180.00000000,2291.00000000,0.11749320
180.00000000,2292.00000000,0.11767390
180.00000000,2293.00000000,0.11785219
180.00000000,2294.00000000,0.11802808
180.00000000,2295.00000000,0.11820152
180.00000000,2296.00000000,0.11837266
180.00000000,2297.00000000,0.11854145
180.00000000,2298.00000000,0.11870788
180.00000000,2299.00000000,0.11887208
180.00000000,2300.00000000,0.11903399
180.00000000,2301.00000000,0.11919359
180.00000000,2302.00000000,0.11935100
180.00000000,2303.00000000,0.11950611
180.00000000,2304.00000000,0.11965907
180.00000000,2305.00000000,0.11980980
180.00000000,2306.00000000,0.11995827
180.00000000,2307.00000000,0.12010465
180.00000000,2308.00000000,0.12024884
180.00000000,2309.00000000,0.12039080
180.00000000,2310.00000000,0.12053070
180.00000000,2311.00000000,0.12066846
180.00000000,2312.00000000,0.12080401
180.00000000,2313.00000000,0.12093754
180.00000000,2314.00000000,0.12106886
180.00000000,2315.00000000,0.12119818
180.00000000,2316.00000000,0.12132542
180.00000000,2317.00000000,0.12145046
180.00000000,2318.00000000,0.12157352
180.00000000,2319.00000000,0.12169450
180.00000000,2320.00000000,0.12181332
180.00000000,2321.00000000,0.12193013
180.00000000,2322.00000000,0.12204487
180.00000000,2323.00000000,0.12215746
180.00000000,2324.00000000,0.12226804
180.00000000,2325.00000000,0.12237645
180.00000000,2326.00000000,0.12248283
180.00000000,2327.00000000,0.12258711
180.00000000,2328.00000000,0.12268919
180.00000000,2329.00000000,0.12278916
180.00000000,2330.00000000,0.12288690
180.00000000,2331.00000000,0.12250728
180.00000000,2332.00000000,0.12212495
180.00000000,2333.00000000,0.12173986
180.00000000,2334.00000000,0.12135203
180.00000000,2335.00000000,0.12096162
180.00000000,2336.00000000,0.12056864
180.00000000,2337.00000000,0.12017307
180.00000000,2338.00000000,0.11977509
180.00000000,2339.00000000,0.11937462
180.00000000,2340.00000000,0.11897187
180.00000000,2341.00000000,0.11856680
180.00000000,2342.00000000,0.11815940
180.00000000,2343.00000000,0.11774984
180.00000000,2344.00000000,0.11733812
180.00000000,2345.00000000,0.11692421
180.00000000,2346.00000000,0.11650827
180.00000000,2347.00000000,0.11609031
180.00000000,2348.00000000,0.11567028
180.00000000,2349.00000000,0.11524837
180.00000000,2350.00000000,0.11482449
180.00000000,2351.00000000,0.11439879
180.00000000,2352.00000000,0.11397127
180.00000000,2353.00000000,0.11354191
180.00000000,2354.00000000,0.11311085
180.00000000,2355.00000000,0.11267809
180.00000000,2356.00000000,0.11224360
180.00000000,2357.00000000,0.11180753
180.00000000,2358.00000000,0.11136986
180.00000000,2359.00000000,0.11093058
180.00000000,2360.00000000,0.11048981
180.00000000,2361.00000000,0.11004754
180.00000000,2362.00000000,0.10960374
180.00000000,2363.00000000,0.10915857
180.00000000,2364.00000000,0.10871194
180.00000000,2365.00000000,0.10826399
180.00000000,2366.00000000,0.10781471
180.00000000,2367.00000000,0.10736405
180.00000000,2368.00000000,0.10691216
180.00000000,2369.00000000,0.10645901
180.00000000,2370.00000000,0.10600458
180.00000000,2371.00000000,0.10554903
180.00000000,2372.00000000,0.10509228
180.00000000,2373.00000000,0.10463434
180.00000000,2374.00000000,0.10417533
180.00000000,2375.00000000,0.10371520
180.00000000,2376.00000000,0.10325403
180.00000000,2377.00000000,0.10279183
180.00000000,2378.00000000,0.10232856
180.00000000,2379.00000000,0.10186435
180.00000000,2380.00000000,0.10139917
180.00000000,2381.00000000,0.10093300
180.00000000,2382.00000000,0.10046595
180.00000000,2383.00000000,0.09999801
180.00000000,2384.00000000,0.09952914
180.00000000,2385.00000000,0.09905947
180.00000000,2386.00000000,0.09858898
180.00000000,2387.00000000,0.09811761
180.00000000,2388.00000000,0.09764552
180.00000000,2389.00000000,0.09717259
180.00000000,2390.00000000,0.09669899
180.00000000,2391.00000000,0.09622465
180.00000000,2392.00000000,0.09574956
180.00000000,2393.00000000,0.09527383
180.00000000,2394.00000000,0.09479745
180.00000000,2395.00000000,0.09432035
180.00000000,2396.00000000,0.09384270
180.00000000,2397.00000000,0.09336443
180.00000000,2398.00000000,0.09288551
180.00000000,2399.00000000,0.09240608
180.00000000,2400.00000000,0.09192604
180.00000000,2401.00000000,0.09144553
180.00000000,2402.00000000,0.09096450
180.00000000,2403.00000000,0.09048293
180.00000000,2404.00000000,0.09000092
180.00000000,2405.00000000,0.08951847
180.00000000,2406.00000000,0.08903552
180.00000000,2407.00000000,0.08855219
180.00000000,2408.00000000,0.08806847
180.00000000,2409.00000000,0.08758429
180.00000000,2410.00000000,0.08709980
180.00000000,2411.00000000,0.08661489
180.00000000,2412.00000000,0.08612970
180.00000000,2413.00000000,0.08564417
180.00000000,2414.00000000,0.08515828
180.00000000,2415.00000000,0.08467215
180.00000000,2416.00000000,0.08418574
180.00000000,2417.00000000,0.08369901
180.00000000,2418.00000000,0.08321209
180.00000000,2419.00000000,0.08272494
180.00000000,2420.00000000,0.08223750
180.00000000,2421.00000000,0.08174992
180.00000000,2422.00000000,0.08126216
180.00000000,2423.00000000,0.08077416
180.00000000,2424.00000000,0.08028607
180.00000000,2425.00000000,0.07979780
180.00000000,2426.00000000,0.07930946
180.00000000,2427.00000000,0.07882105
180.00000000,2428.00000000,0.07833255
180.00000000,2429.00000000,0.07794691
180.00000000,2430.00000000,0.07786394
180.00000000,2431.00000000,0.07786376
180.00000000,2432.00000000,0.07786377
180.00000000,2433.00000000,0.07786392
180.00000000,2434.00000000,0.07786414
180.00000000,2435.00000000,0.07786455
180.00000000,2436.00000000,0.07787799
180.00000000,2437.00000000,0.07789163
180.00000000,2438.00000000,0.07790538
180.00000000,2439.00000000,0.07791920
180.00000000,2440.00000000,0.07793317
180.00000000,2441.00000000,0.07792164
180.00000000,2442.00000000,0.07791013
180.00000000,2443.00000000,0.07789879
180.00000000,2444.00000000,0.07788754
180.00000000,2445.00000000,0.07787632
180.00000000,2446.00000000,0.07786524
180.00000000,2447.00000000,0.07785427
180.00000000,2448.00000000,0.07784330
180.00000000,2449.00000000,0.07783249
180.00000000,2450.00000000,0.07782168
180.00000000,2451.00000000,0.07781103
180.00000000,2452.00000000,0.07780045
180.00000000,2453.00000000,0.07778987
180.00000000,2454.00000000,0.07777943
180.00000000,2455.00000000,0.07776905
180.00000000,2456.00000000,0.07775757
180.00000000,2457.00000000,0.07774621
180.00000000,2458.00000000,0.07773492
180.00000000,2459.00000000,0.07772362
180.00000000,2460.00000000,0.07771244
180.00000000,2461.00000000,0.07770126
180.00000000,2462.00000000,0.07769019
180.00000000,2463.00000000,0.07767919
180.00000000,2464.00000000,0.07766816
180.00000000,2465.00000000,0.07765725
180.00000000,2466.00000000,0.07764641
180.00000000,2467.00000000,0.07763552
180.00000000,2468.00000000,0.07762476
180.00000000,2469.00000000,0.07761406
180.00000000,2470.00000000,0.07760331
180.00000000,2471.00000000,0.07759270
180.00000000,2472.00000000,0.07758204
180.00000000,2473.00000000,0.07757151
180.00000000,2474.00000000,0.07756101
180.00000000,2475.00000000,0.07755048
180.00000000,2476.00000000,0.07754007
180.00000000,2477.00000000,0.07752968
180.00000000,2478.00000000,0.07751926
180.00000000,2479.00000000,0.07750896
180.00000000,2480.00000000,0.07749868
180.00000000,2481.00000000,0.07749084
180.00000000,2482.00000000,0.07748309
180.00000000,2483.00000000,0.07747539
180.00000000,2484.00000000,0.07746764
180.00000000,2485.00000000,0.07745999
180.00000000,2486.00000000,0.07745231
180.00000000,2487.00000000,0.07744472
180.00000000,2488.00000000,0.07743717
180.00000000,2489.00000000,0.07742957
180.00000000,2490.00000000,0.07742207
180.00000000,2491.00000000,0.07741460
180.00000000,2492.00000000,0.07740708
180.00000000,2493.00000000,0.07739965
180.00000000,2494.00000000,0.07739226
180.00000000,2495.00000000,0.07738480
180.00000000,2496.00000000,0.07737746
180.00000000,2497.00000000,0.07737005
180.00000000,2498.00000000,0.07736274
180.00000000,2499.00000000,0.07735546
180.00000000,2500.00000000,0.07734811
181.00000000,1765.00000000,0.05187029
181.00000000,1766.00000000,0.05187031
181.00000000,1767.00000000,0.05187028
181.00000000,1768.00000000,0.05187053
181.00000000,1769.00000000,0.05187069
181.00000000,1770.00000000,0.05187087
181.00000000,1771.00000000,0.05187133
181.00000000,1772.00000000,0.05187172
181.00000000,1773.00000000,0.05187236
181.00000000,1774.00000000,0.05187306
181.00000000,1775.00000000,0.05187382
181.00000000,1776.00000000,0.05187468
181.00000000,1777.00000000,0.05187556
181.00000000,1778.00000000,0.05187663
181.00000000,1779.00000000,0.05187777
181.00000000,1780.00000000,0.05187903
181.00000000,1781.00000000,0.05188049
181.00000000,1782.00000000,0.05188187
181.00000000,1783.00000000,0.05188330
181.00000000,1784.00000000,0.05188488
181.00000000,1785.00000000,0.05188659
181.00000000,1786.00000000,0.05188822
181.00000000,1787.00000000,0.05189010
181.00000000,1788.00000000,0.05189184
181.00000000,1789.00000000,0.05189376
181.00000000,1790.00000000,0.05189579
181.00000000,1791.00000000,0.05189785
181.00000000,1792.00000000,0.05189988
181.00000000,1793.00000000,0.05190196
181.00000000,1794.00000000,0.05190414
181.00000000,1795.00000000,0.05190639
181.00000000,1796.00000000,0.05190865
181.00000000,1797.00000000,0.05191094
181.00000000,1798.00000000,0.05191325
181.00000000,1799.00000000,0.05191565
181.00000000,1800.00000000,0.05191801
181.00000000,1801.00000000,0.05192054
181.00000000,1802.00000000,0.05192282
181.00000000,1803.00000000,0.05192530
181.00000000,1804.00000000,0.05192781
181.00000000,1805.00000000,0.05193037
181.00000000,1806.00000000,0.05193288
181.00000000,1807.00000000,0.05193537
181.00000000,1808.00000000,0.05193801
181.00000000,1809.00000000,0.05194058
181.00000000,1810.00000000,0.05194320
181.00000000,1811.00000000,0.05194579
181.00000000,1812.00000000,0.05194848
181.00000000,1813.00000000,0.05195105
181.00000000,1814.00000000,0.05195373
181.00000000,1815.00000000,0.05195645
181.00000000,1816.00000000,0.05195905
181.00000000,1817.00000000,0.05196181
181.00000000,1818.00000000,0.05196456
181.00000000,1819.00000000,0.05196716
181.00000000,1820.00000000,0.05196991
181.00000000,1821.00000000,0.05197261
181.00000000,1822.00000000,0.05197522
181.00000000,1823.00000000,0.05197799
181.00000000,1824.00000000,0.05198078
181.00000000,1825.00000000,0.05198334
181.00000000,1826.00000000,0.05198603
181.00000000,1827.00000000,0.05198873
181.00000000,1828.00000000,0.05199141
181.00000000,1829.00000000,0.05199408
181.00000000,1830.00000000,0.05199682
181.00000000,1831.00000000,0.05199943
181.00000000,1832.00000000,0.05200215
181.00000000,1833.00000000,0.05200463
181.00000000,1834.00000000,0.05200719
181.00000000,1835.00000000,0.05200979
181.00000000,1836.00000000,0.05201250
181.00000000,1837.00000000,0.05201500
181.00000000,1838.00000000,0.05201757
181.00000000,1839.00000000,0.05202011
181.00000000,1840.00000000,0.05202261
181.00000000,1841.00000000,0.05202513
181.00000000,1842.00000000,0.05202768
181.00000000,1843.00000000,0.05203001
181.00000000,1844.00000000,0.05203251
181.00000000,1845.00000000,0.05203493
181.00000000,1846.00000000,0.05203730
181.00000000,1847.00000000,0.05203965
181.00000000,1848.00000000,0.05204201
181.00000000,1849.00000000,0.05204439
181.00000000,1850.00000000,0.05204666
181.00000000,1851.00000000,0.05204889
181.00000000,1852.00000000,0.05205103
181.00000000,1853.00000000,0.05205349
181.00000000,1854.00000000,0.05205601
181.00000000,1855.00000000,0.05205855
181.00000000,1856.00000000,0.05206096
181.00000000,1857.00000000,0.05206335
181.00000000,1858.00000000,0.05206558
181.00000000,1859.00000000,0.05206781
181.00000000,1860.00000000,0.05207007
181.00000000,1861.00000000,0.05207219
181.00000000,1862.00000000,0.05207416
181.00000000,1863.00000000,0.05207569
181.00000000,1864.00000000,0.05207692
181.00000000,1865.00000000,0.05207779
181.00000000,1866.00000000,0.05207842
181.00000000,1867.00000000,0.05207885
181.00000000,1868.00000000,0.05207913
181.00000000,1869.00000000,0.05207918
181.00000000,1870.00000000,0.05207903
181.00000000,1871.00000000,0.05207879
181.00000000,1872.00000000,0.05207863
181.00000000,1873.00000000,0.05207894
181.00000000,1874.00000000,0.05207957
181.00000000,1875.00000000,0.05208046
181.00000000,1876.00000000,0.05208154
181.00000000,1877.00000000,0.05208273
181.00000000,1878.00000000,0.05208402
181.00000000,1879.00000000,0.05208540
181.00000000,1880.00000000,0.05208680
181.00000000,1881.00000000,0.05208819
181.00000000,1882.00000000,0.05208967
181.00000000,1883.00000000,0.05209076
181.00000000,1884.00000000,0.05209154
181.00000000,1885.00000000,0.05209225
181.00000000,1886.00000000,0.05209266
181.00000000,1887.00000000,0.05209306
181.00000000,1888.00000000,0.05209334
181.00000000,1889.00000000,0.05209341
181.00000000,1890.00000000,0.05209314
181.00000000,1891.00000000,0.05209278
181.00000000,1892.00000000,0.05209212
181.00000000,1893.00000000,0.05209139
181.00000000,1894.00000000,0.05209067
181.00000000,1895.00000000,0.05208993
181.00000000,1896.00000000,0.05208923
181.00000000,1897.00000000,0.05208850
181.00000000,1898.00000000,0.05208770
181.00000000,1899.00000000,0.05208669
181.00000000,1900.00000000,0.05208551
181.00000000,1901.00000000,0.05208416
181.00000000,1902.00000000,0.05208287
181.00000000,1903.00000000,0.05208163
181.00000000,1904.00000000,0.05208043
181.00000000,1905.00000000,0.05207938
181.00000000,1906.00000000,0.05207846
181.00000000,1907.00000000,0.05207767
181.00000000,1908.00000000,0.05207678
181.00000000,1909.00000000,0.05207587
181.00000000,1910.00000000,0.05207493
181.00000000,1911.00000000,0.05207391
181.00000000,1912.00000000,0.05207244
181.00000000,1913.00000000,0.05207033
181.00000000,1914.00000000,0.05206758
181.00000000,1915.00000000,0.05206447
181.00000000,1916.00000000,0.05206134
181.00000000,1917.00000000,0.05205819
181.00000000,1918.00000000,0.05205484
181.00000000,1919.00000000,0.05205158
181.00000000,1920.00000000,0.05204867
181.00000000,1921.00000000,0.05204616
181.00000000,1922.00000000,0.05204430
181.00000000,1923.00000000,0.05204286
181.00000000,1924.00000000,0.05204154
181.00000000,1925.00000000,0.05204010
181.00000000,1926.00000000,0.05203859
181.00000000,1927.00000000,0.05203708
181.00000000,1928.00000000,0.05203563
181.00000000,1929.00000000,0.05203415
181.00000000,1930.00000000,0.05203279
181.00000000,1931.00000000,0.05203213
181.00000000,1932.00000000,0.05203236
181.00000000,1933.00000000,0.05203309
181.00000000,1934.00000000,0.05203419
181.00000000,1935.00000000,0.05203526
181.00000000,1936.00000000,0.05203595
181.00000000,1937.00000000,0.05203602
181.00000000,1938.00000000,0.05203525
181.00000000,1939.00000000,0.05203386
181.00000000,1940.00000000,0.05203205
181.00000000,1941.00000000,0.05202956
181.00000000,1942.00000000,0.05202637
181.00000000,1943.00000000,0.05202276
181.00000000,1944.00000000,0.05201882
181.00000000,1945.00000000,0.05201490
181.00000000,1946.00000000,0.05201169
181.00000000,1947.00000000,0.05201444
181.00000000,1948.00000000,0.05201301
181.00000000,1949.00000000,0.05201161
181.00000000,1950.00000000,0.05201026
181.00000000,1951.00000000,0.05200885
181.00000000,1952.00000000,0.05200957
181.00000000,1953.00000000,0.05200888
181.00000000,1954.00000000,0.05200821
181.00000000,1955.00000000,0.05200777
181.00000000,1956.00000000,0.05200741
181.00000000,1957.00000000,0.05200688
181.00000000,1958.00000000,0.05200607
181.00000000,1959.00000000,0.05200490
181.00000000,1960.00000000,0.05200241
181.00000000,1961.00000000,0.05199886
181.00000000,1962.00000000,0.05199633
181.00000000,1963.00000000,0.05199156
181.00000000,1964.00000000,0.05198608
181.00000000,1965.00000000,0.05197973
181.00000000,1966.00000000,0.05197236
181.00000000,1967.00000000,0.05196418
181.00000000,1968.00000000,0.05195491
181.00000000,1969.00000000,0.05194424
181.00000000,1970.00000000,0.05193187
181.00000000,1971.00000000,0.05191720
181.00000000,1972.00000000,0.05190137
181.00000000,1973.00000000,0.05188151
181.00000000,1974.00000000,0.05185960
181.00000000,1975.00000000,0.05183652
181.00000000,1976.00000000,0.05181311
181.00000000,1977.00000000,0.05178976
181.00000000,1978.00000000,0.05176789
181.00000000,1979.00000000,0.05174416
181.00000000,1980.00000000,0.05171997
181.00000000,1981.00000000,0.05169722
181.00000000,1982.00000000,0.05167420
181.00000000,1983.00000000,0.05165713
181.00000000,1984.00000000,0.05163810
181.00000000,1985.00000000,0.05162271
181.00000000,1986.00000000,0.05160855
181.00000000,1987.00000000,0.05159656
181.00000000,1988.00000000,0.05158305
181.00000000,1989.00000000,0.05156929
181.00000000,1990.00000000,0.05155517
181.00000000,1991.00000000,0.05154081
181.00000000,1992.00000000,0.05152839
181.00000000,1993.00000000,0.05151472
181.00000000,1994.00000000,0.05150173
181.00000000,1995.00000000,0.05148931
181.00000000,1996.00000000,0.05147850
181.00000000,1997.00000000,0.05146739
181.00000000,1998.00000000,0.05145575
181.00000000,1999.00000000,0.05144232
181.00000000,2000.00000000,0.05142903
181.00000000,2001.00000000,0.05141549
181.00000000,2002.00000000,0.05140158
181.00000000,2003.00000000,0.05138928
181.00000000,2004.00000000,0.05137618
181.00000000,2005.00000000,0.05135963
181.00000000,2006.00000000,0.05134200
181.00000000,2007.00000000,0.05132012
181.00000000,2008.00000000,0.05129742
181.00000000,2009.00000000,0.05127092
181.00000000,2010.00000000,0.05124247
181.00000000,2011.00000000,0.05122174
181.00000000,2012.00000000,0.05118818
181.00000000,2013.00000000,0.05115435
181.00000000,2014.00000000,0.05112030
181.00000000,2015.00000000,0.05108287
181.00000000,2016.00000000,0.05104522
181.00000000,2017.00000000,0.05101059
181.00000000,2018.00000000,0.05096810
181.00000000,2019.00000000,0.05092561
181.00000000,2020.00000000,0.05088172
181.00000000,2021.00000000,0.05083800
181.00000000,2022.00000000,0.05079158
181.00000000,2023.00000000,0.05074570
181.00000000,2024.00000000,0.05069738
181.00000000,2025.00000000,0.05064986
181.00000000,2026.00000000,0.05060479
181.00000000,2027.00000000,0.05055284
181.00000000,2028.00000000,0.05050504
181.00000000,2029.00000000,0.05045365
181.00000000,2030.00000000,0.05040488
181.00000000,2031.00000000,0.05035723
181.00000000,2032.00000000,0.05030281
181.00000000,2033.00000000,0.05025239
181.00000000,2034.00000000,0.05019961
181.00000000,2035.00000000,0.05015825
181.00000000,2036.00000000,0.05010362
181.00000000,2037.00000000,0.05005269
181.00000000,2038.00000000,0.04999468
181.00000000,2039.00000000,0.04993585
181.00000000,2040.00000000,0.04988233
181.00000000,2041.00000000,0.04983253
181.00000000,2042.00000000,0.04977566
181.00000000,2043.00000000,0.04971468
181.00000000,2044.00000000,0.04966019
181.00000000,2045.00000000,0.04960618
181.00000000,2046.00000000,0.04954956
181.00000000,2047.00000000,0.04948588
181.00000000,2048.00000000,0.04942917
181.00000000,2049.00000000,0.04936667
181.00000000,2050.00000000,0.04930642
181.00000000,2051.00000000,0.04924241
181.00000000,2052.00000000,0.04918375
181.00000000,2053.00000000,0.04913653
181.00000000,2054.00000000,0.04907964
181.00000000,2055.00000000,0.04899055
181.00000000,2056.00000000,0.04893688
181.00000000,2057.00000000,0.04886613
181.00000000,2058.00000000,0.04879490
181.00000000,2059.00000000,0.04872089
181.00000000,2060.00000000,0.04866504
181.00000000,2061.00000000,0.04862668
181.00000000,2062.00000000,0.04856003
181.00000000,2063.00000000,0.04850252
181.00000000,2064.00000000,0.04844998
181.00000000,2065.00000000,0.04837895
181.00000000,2066.00000000,0.04830723
181.00000000,2067.00000000,0.04823934
181.00000000,2068.00000000,0.04818700
181.00000000,2069.00000000,0.04816180
181.00000000,2070.00000000,0.04809056
181.00000000,2071.00000000,0.04806253
181.00000000,2072.00000000,0.04801660
181.00000000,2073.00000000,0.04795159
181.00000000,2074.00000000,0.04787938
181.00000000,2075.00000000,0.04783350
181.00000000,2076.00000000,0.04780369
181.00000000,2077.00000000,0.04776092
181.00000000,2078.00000000,0.04773126
181.00000000,2079.00000000,0.04770885
181.00000000,2080.00000000,0.04771228
181.00000000,2081.00000000,0.04769548
181.00000000,2082.00000000,0.04766716
181.00000000,2083.00000000,0.04763469
181.00000000,2084.00000000,0.04765680
181.00000000,2085.00000000,0.04761735
181.00000000,2086.00000000,0.04762517
181.00000000,2087.00000000,0.04764143
181.00000000,2088.00000000,0.04770587
181.00000000,2089.00000000,0.04761321
181.00000000,2090.00000000,0.04761986
181.00000000,2091.00000000,0.04762603
181.00000000,2092.00000000,0.04760908
181.00000000,2093.00000000,0.04763017
181.00000000,2094.00000000,0.04768211
181.00000000,2095.00000000,0.04751307
181.00000000,2096.00000000,0.04746003
181.00000000,2097.00000000,0.04751433
181.00000000,2098.00000000,0.04755709
181.00000000,2099.00000000,0.04749802
181.00000000,2100.00000000,0.04728391
181.00000000,2101.00000000,0.04743148
181.00000000,2102.00000000,0.04722174
181.00000000,2103.00000000,0.04725404
181.00000000,2104.00000000,0.04740435
181.00000000,2105.00000000,0.04737087
181.00000000,2106.00000000,0.04736558
181.00000000,2107.00000000,0.04735614
181.00000000,2108.00000000,0.04744751
181.00000000,2109.00000000,0.04743383
181.00000000,2110.00000000,0.04752894
181.00000000,2111.00000000,0.04738481
181.00000000,2112.00000000,0.04721249
181.00000000,2113.00000000,0.04706930
181.00000000,2114.00000000,0.04712135
181.00000000,2115.00000000,0.04722217
181.00000000,2116.00000000,0.04728812
181.00000000,2117.00000000,0.04742364
181.00000000,2118.00000000,0.04752692
181.00000000,2119.00000000,0.04742831
181.00000000,2120.00000000,0.04749371
181.00000000,2121.00000000,0.04763955
181.00000000,2122.00000000,0.04768656
181.00000000,2123.00000000,0.04769727
181.00000000,2124.00000000,0.04776610
181.00000000,2125.00000000,0.04775703
181.00000000,2126.00000000,0.04745101
181.00000000,2127.00000000,0.04756422
181.00000000,2128.00000000,0.04778452
181.00000000,2129.00000000,0.04789971
181.00000000,2130.00000000,0.04784052
181.00000000,2131.00000000,0.04814476
181.00000000,2132.00000000,0.04834953
181.00000000,2133.00000000,0.04840347
181.00000000,2134.00000000,0.04848232
181.00000000,2135.00000000,0.04853351
181.00000000,2136.00000000,0.04879931
181.00000000,2137.00000000,0.04900697
181.00000000,2138.00000000,0.04915636
181.00000000,2139.00000000,0.04926267
181.00000000,2140.00000000,0.04946966
181.00000000,2141.00000000,0.04965428
181.00000000,2142.00000000,0.04970470
181.00000000,2143.00000000,0.04987944
181.00000000,2144.00000000,0.05011359
181.00000000,2145.00000000,0.05036567
181.00000000,2146.00000000,0.05058727
181.00000000,2147.00000000,0.05084192
181.00000000,2148.00000000,0.05102321
181.00000000,2149.00000000,0.05130370
181.00000000,2150.00000000,0.05163372
181.00000000,2151.00000000,0.05205348
181.00000000,2152.00000000,0.05230825
181.00000000,2153.00000000,0.05258379
181.00000000,2154.00000000,0.05295641
181.00000000,2155.00000000,0.05301899
181.00000000,2156.00000000,0.05303249
181.00000000,2157.00000000,0.05345944
181.00000000,2158.00000000,0.05372142
181.00000000,2159.00000000,0.05388991
181.00000000,2160.00000000,0.05434603
181.00000000,2161.00000000,0.05433936
181.00000000,2162.00000000,0.05418457
181.00000000,2163.00000000,0.05420256
181.00000000,2164.00000000,0.05425670
181.00000000,2165.00000000,0.05458667
181.00000000,2166.00000000,0.05488382
181.00000000,2167.00000000,0.05520073
181.00000000,2168.00000000,0.05548870
181.00000000,2169.00000000,0.05587396
181.00000000,2170.00000000,0.05614251
181.00000000,2171.00000000,0.05631615
181.00000000,2172.00000000,0.05654213
181.00000000,2173.00000000,0.05648055
181.00000000,2174.00000000,0.05659231
181.00000000,2175.00000000,0.05686276
181.00000000,2176.00000000,0.05715265
181.00000000,2177.00000000,0.05745643
181.00000000,2178.00000000,0.05772234
181.00000000,2179.00000000,0.05779467
181.00000000,2180.00000000,0.05788620
181.00000000,2181.00000000,0.05824023
181.00000000,2182.00000000,0.05859046
181.00000000,2183.00000000,0.05879240
181.00000000,2184.00000000,0.05939777
181.00000000,2185.00000000,0.06007622
181.00000000,2186.00000000,0.06063611
181.00000000,2187.00000000,0.06104595
181.00000000,2188.00000000,0.06145937
181.00000000,2189.00000000,0.06187645
181.00000000,2190.00000000,0.06229679
181.00000000,2191.00000000,0.06272042
181.00000000,2192.00000000,0.06324731
181.00000000,2193.00000000,0.06377785
181.00000000,2194.00000000,0.06431208
181.00000000,2195.00000000,0.06484995
181.00000000,2196.00000000,0.06539141
181.00000000,2197.00000000,0.06593648
181.00000000,2198.00000000,0.06648511
181.00000000,2199.00000000,0.06703726
181.00000000,2200.00000000,0.06759293
181.00000000,2201.00000000,0.06815209
181.00000000,2202.00000000,0.06866978
181.00000000,2203.00000000,0.06919079
181.00000000,2204.00000000,0.06971506
181.00000000,2205.00000000,0.07024266
181.00000000,2206.00000000,0.07077357
181.00000000,2207.00000000,0.07130781
181.00000000,2208.00000000,0.07184542
181.00000000,2209.00000000,0.07238641
181.00000000,2210.00000000,0.07293079
181.00000000,2211.00000000,0.07347868
181.00000000,2212.00000000,0.07412508
181.00000000,2213.00000000,0.07477533
181.00000000,2214.00000000,0.07542948
181.00000000,2215.00000000,0.07608748
181.00000000,2216.00000000,0.07674929
181.00000000,2217.00000000,0.07741495
181.00000000,2218.00000000,0.07808441
181.00000000,2219.00000000,0.07875770
181.00000000,2220.00000000,0.07943480
181.00000000,2221.00000000,0.08011568
181.00000000,2222.00000000,0.08087089
181.00000000,2223.00000000,0.08163019
181.00000000,2224.00000000,0.08239350
181.00000000,2225.00000000,0.08316084
181.00000000,2226.00000000,0.08393216
181.00000000,2227.00000000,0.08470740
181.00000000,2228.00000000,0.08548657
181.00000000,2229.00000000,0.08626956
181.00000000,2230.00000000,0.08705643
181.00000000,2231.00000000,0.08784709
181.00000000,2232.00000000,0.08863742
181.00000000,2233.00000000,0.08943147
181.00000000,2234.00000000,0.09022918
181.00000000,2235.00000000,0.09103046
181.00000000,2236.00000000,0.09183535
181.00000000,2237.00000000,0.09264376
181.00000000,2238.00000000,0.09345560
181.00000000,2239.00000000,0.09427089
181.00000000,2240.00000000,0.09508952
181.00000000,2241.00000000,0.09591137
181.00000000,2242.00000000,0.09657639
181.00000000,2243.00000000,0.09724382
181.00000000,2244.00000000,0.09791369
181.00000000,2245.00000000,0.09858596
181.00000000,2246.00000000,0.09926060
181.00000000,2247.00000000,0.09993762
181.00000000,2248.00000000,0.10061699
181.00000000,2249.00000000,0.10129852
181.00000000,2250.00000000,0.10198155
181.00000000,2251.00000000,0.10266468
181.00000000,2252.00000000,0.10319948
181.00000000,2253.00000000,0.10373171
181.00000000,2254.00000000,0.10426099
181.00000000,2255.00000000,0.10478720
181.00000000,2256.00000000,0.10531028
181.00000000,2257.00000000,0.10583014
181.00000000,2258.00000000,0.10634682
181.00000000,2259.00000000,0.10686031
181.00000000,2260.00000000,0.10737057
181.00000000,2261.00000000,0.10787772
181.00000000,2262.00000000,0.10829835
181.00000000,2263.00000000,0.10871571
181.00000000,2264.00000000,0.10912997
181.00000000,2265.00000000,0.10954114
181.00000000,2266.00000000,0.10994933
181.00000000,2267.00000000,0.11035457
181.00000000,2268.00000000,0.11075686
181.00000000,2269.00000000,0.11115631
181.00000000,2270.00000000,0.11155292
181.00000000,2271.00000000,0.11194665
181.00000000,2272.00000000,0.11225043
181.00000000,2273.00000000,0.11255117
181.00000000,2274.00000000,0.11284888
181.00000000,2275.00000000,0.11314371
181.00000000,2276.00000000,0.11343564
181.00000000,2277.00000000,0.11372470
181.00000000,2278.00000000,0.11401100
181.00000000,2279.00000000,0.11429452
181.00000000,2280.00000000,0.11457536
181.00000000,2281.00000000,0.11485352
181.00000000,2282.00000000,0.11506133
181.00000000,2283.00000000,0.11526640
181.00000000,2284.00000000,0.11546870
181.00000000,2285.00000000,0.11566824
181.00000000,2286.00000000,0.11586515
181.00000000,2287.00000000,0.11605944
181.00000000,2288.00000000,0.11625106
181.00000000,2289.00000000,0.11644019
181.00000000,2290.00000000,0.11662672
181.00000000,2291.00000000,0.11681081
181.00000000,2292.00000000,0.11699245
181.00000000,2293.00000000,0.11717158
181.00000000,2294.00000000,0.11734837
181.00000000,2295.00000000,0.11752277
181.00000000,2296.00000000,0.11769478
181.00000000,2297.00000000,0.11786450
181.00000000,2298.00000000,0.11803193
181.00000000,2299.00000000,0.11819702
181.00000000,2300.00000000,0.11835988
181.00000000,2301.00000000,0.11852052
181.00000000,2302.00000000,0.11867884
181.00000000,2303.00000000,0.11883502
181.00000000,2304.00000000,0.11898891
181.00000000,2305.00000000,0.11914066
181.00000000,2306.00000000,0.11929024
181.00000000,2307.00000000,0.11943756
181.00000000,2308.00000000,0.11958280
181.00000000,2309.00000000,0.11972592
181.00000000,2310.00000000,0.11986682
181.00000000,2311.00000000,0.12000566
181.00000000,2312.00000000,0.12014242
181.00000000,2313.00000000,0.12027697
181.00000000,2314.00000000,0.12040951
181.00000000,2315.00000000,0.12053990
181.00000000,2316.00000000,0.12066829
181.00000000,2317.00000000,0.12079462
181.00000000,2318.00000000,0.12091877
181.00000000,2319.00000000,0.12104097
181.00000000,2320.00000000,0.12116110
181.00000000,2321.00000000,0.12127907
181.00000000,2322.00000000,0.12139508
181.00000000,2323.00000000,0.12150904
181.00000000,2324.00000000,0.12162085
181.00000000,2325.00000000,0.12173068
181.00000000,2326.00000000,0.12183834
181.00000000,2327.00000000,0.12194401
181.00000000,2328.00000000,0.12204760
181.00000000,2329.00000000,0.12214899
181.00000000,2330.00000000,0.12224830
181.00000000,2331.00000000,0.12234536
181.00000000,2332.00000000,0.12196722
181.00000000,2333.00000000,0.12158637
181.00000000,2334.00000000,0.12120278
181.00000000,2335.00000000,0.12081646
181.00000000,2336.00000000,0.12042760
181.00000000,2337.00000000,0.12003617
181.00000000,2338.00000000,0.11964217
181.00000000,2339.00000000,0.11924577
181.00000000,2340.00000000,0.11884693
181.00000000,2341.00000000,0.11844580
181.00000000,2342.00000000,0.11804237
181.00000000,2343.00000000,0.11763662
181.00000000,2344.00000000,0.11722874
181.00000000,2345.00000000,0.11681870
181.00000000,2346.00000000,0.11640649
181.00000000,2347.00000000,0.11599227
181.00000000,2348.00000000,0.11557603
181.00000000,2349.00000000,0.11515775
181.00000000,2350.00000000,0.11473758
181.00000000,2351.00000000,0.11431547
181.00000000,2352.00000000,0.11389155
181.00000000,2353.00000000,0.11346583
181.00000000,2354.00000000,0.11303827
181.00000000,2355.00000000,0.11260903
181.00000000,2356.00000000,0.11217810
181.00000000,2357.00000000,0.11174545
181.00000000,2358.00000000,0.11131123
181.00000000,2359.00000000,0.11087543
181.00000000,2360.00000000,0.11043801
181.00000000,2361.00000000,0.10999911
181.00000000,2362.00000000,0.10955873
181.00000000,2363.00000000,0.10911683
181.00000000,2364.00000000,0.10867356
181.00000000,2365.00000000,0.10822884
181.00000000,2366.00000000,0.10778282
181.00000000,2367.00000000,0.10733546
181.00000000,2368.00000000,0.10688673
181.00000000,2369.00000000,0.10643678
181.00000000,2370.00000000,0.10598559
181.00000000,2371.00000000,0.10553313
181.00000000,2372.00000000,0.10507952
181.00000000,2373.00000000,0.10462475
181.00000000,2374.00000000,0.10416878
181.00000000,2375.00000000,0.10371178
181.00000000,2376.00000000,0.10325361
181.00000000,2377.00000000,0.10279444
181.00000000,2378.00000000,0.10233425
181.00000000,2379.00000000,0.10187298
181.00000000,2380.00000000,0.10141078
181.00000000,2381.00000000,0.10094763
181.00000000,2382.00000000,0.10048347
181.00000000,2383.00000000,0.10001845
181.00000000,2384.00000000,0.09955255
181.00000000,2385.00000000,0.09908571
181.00000000,2386.00000000,0.09861809
181.00000000,2387.00000000,0.09814964
181.00000000,2388.00000000,0.09768033
181.00000000,2389.00000000,0.09721028
181.00000000,2390.00000000,0.09673943
181.00000000,2391.00000000,0.09626788
181.00000000,2392.00000000,0.09579562
181.00000000,2393.00000000,0.09532259
181.00000000,2394.00000000,0.09484894
181.00000000,2395.00000000,0.09437463
181.00000000,2396.00000000,0.09389962
181.00000000,2397.00000000,0.09342404
181.00000000,2398.00000000,0.09294787
181.00000000,2399.00000000,0.09247105
181.00000000,2400.00000000,0.09199370
181.00000000,2401.00000000,0.09151577
181.00000000,2402.00000000,0.09103736
181.00000000,2403.00000000,0.09055843
181.00000000,2404.00000000,0.09007897
181.00000000,2405.00000000,0.08959909
181.00000000,2406.00000000,0.08911876
181.00000000,2407.00000000,0.08863791
181.00000000,2408.00000000,0.08815672
181.00000000,2409.00000000,0.08767512
181.00000000,2410.00000000,0.08719307
181.00000000,2411.00000000,0.08671070
181.00000000,2412.00000000,0.08622791
181.00000000,2413.00000000,0.08574485
181.00000000,2414.00000000,0.08526146
181.00000000,2415.00000000,0.08477770
181.00000000,2416.00000000,0.08429371
181.00000000,2417.00000000,0.08380944
181.00000000,2418.00000000,0.08332485
181.00000000,2419.00000000,0.08284007
181.00000000,2420.00000000,0.08235506
181.00000000,2421.00000000,0.08186976
181.00000000,2422.00000000,0.08138433
181.00000000,2423.00000000,0.08089871
181.00000000,2424.00000000,0.08041286
181.00000000,2425.00000000,0.07992691
181.00000000,2426.00000000,0.07944078
181.00000000,2427.00000000,0.07895459
181.00000000,2428.00000000,0.07846833
181.00000000,2429.00000000,0.07798198
181.00000000,2430.00000000,0.07759802
181.00000000,2431.00000000,0.07751540
181.00000000,2432.00000000,0.07751518
181.00000000,2433.00000000,0.07751515
181.00000000,2434.00000000,0.07751526
181.00000000,2435.00000000,0.07751545
181.00000000,2436.00000000,0.07751582
181.00000000,2437.00000000,0.07752917
181.00000000,2438.00000000,0.07754270
181.00000000,2439.00000000,0.07755636
181.00000000,2440.00000000,0.07757007
181.00000000,2441.00000000,0.07758394
181.00000000,2442.00000000,0.07757243
181.00000000,2443.00000000,0.07756093
181.00000000,2444.00000000,0.07754961
181.00000000,2445.00000000,0.07753836
181.00000000,2446.00000000,0.07752715
181.00000000,2447.00000000,0.07751610
181.00000000,2448.00000000,0.07750513
181.00000000,2449.00000000,0.07749417
181.00000000,2450.00000000,0.07748337
181.00000000,2451.00000000,0.07747258
181.00000000,2452.00000000,0.07746193
181.00000000,2453.00000000,0.07745135
181.00000000,2454.00000000,0.07744077
181.00000000,2455.00000000,0.07743033
181.00000000,2456.00000000,0.07741997
181.00000000,2457.00000000,0.07740849
181.00000000,2458.00000000,0.07739714
181.00000000,2459.00000000,0.07738586
181.00000000,2460.00000000,0.07737456
181.00000000,2461.00000000,0.07736339
181.00000000,2462.00000000,0.07735221
181.00000000,2463.00000000,0.07734115
181.00000000,2464.00000000,0.07733015
181.00000000,2465.00000000,0.07731913
181.00000000,2466.00000000,0.07730823
181.00000000,2467.00000000,0.07729738
181.00000000,2468.00000000,0.07728651
181.00000000,2469.00000000,0.07727576
181.00000000,2470.00000000,0.07726505
181.00000000,2471.00000000,0.07725432
181.00000000,2472.00000000,0.07724370
181.00000000,2473.00000000,0.07723305
181.00000000,2474.00000000,0.07722252
181.00000000,2475.00000000,0.07721203
181.00000000,2476.00000000,0.07720150
181.00000000,2477.00000000,0.07719109
181.00000000,2478.00000000,0.07718071
181.00000000,2479.00000000,0.07717029
181.00000000,2480.00000000,0.07715999
181.00000000,2481.00000000,0.07714971
181.00000000,2482.00000000,0.07714186
181.00000000,2483.00000000,0.07713411
181.00000000,2484.00000000,0.07712639
181.00000000,2485.00000000,0.07711863
181.00000000,2486.00000000,0.07711098
181.00000000,2487.00000000,0.07710327
181.00000000,2488.00000000,0.07709568
181.00000000,2489.00000000,0.07708812
181.00000000,2490.00000000,0.07708051
181.00000000,2491.00000000,0.07707300
181.00000000,2492.00000000,0.07706552
181.00000000,2493.00000000,0.07705798
181.00000000,2494.00000000,0.07705054
181.00000000,2495.00000000,0.07704315
181.00000000,2496.00000000,0.07703568
181.00000000,2497.00000000,0.07702831
181.00000000,2498.00000000,0.07702090
181.00000000,2499.00000000,0.07701358
181.00000000,2500.00000000,0.07700628
182.00000000,1765.00000000,0.05157308
182.00000000,1766.00000000,0.05157303
182.00000000,1767.00000000,0.05157309
182.00000000,1768.00000000,0.05157312
182.00000000,1769.00000000,0.05157344
182.00000000,1770.00000000,0.05157369
182.00000000,1771.00000000,0.05157398
182.00000000,1772.00000000,0.05157453
182.00000000,1773.00000000,0.05157501
182.00000000,1774.00000000,0.05157575
182.00000000,1775.00000000,0.05157655
182.00000000,1776.00000000,0.05157741
182.00000000,1777.00000000,0.05157835
182.00000000,1778.00000000,0.05157933
182.00000000,1779.00000000,0.05158048
182.00000000,1780.00000000,0.05158171
182.00000000,1781.00000000,0.05158305
182.00000000,1782.00000000,0.05158458
182.00000000,1783.00000000,0.05158603
182.00000000,1784.00000000,0.05158753
182.00000000,1785.00000000,0.05158916
182.00000000,1786.00000000,0.05159094
182.00000000,1787.00000000,0.05159263
182.00000000,1788.00000000,0.05159456
182.00000000,1789.00000000,0.05159635
182.00000000,1790.00000000,0.05159831
182.00000000,1791.00000000,0.05160040
182.00000000,1792.00000000,0.05160249
182.00000000,1793.00000000,0.05160455
182.00000000,1794.00000000,0.05160667
182.00000000,1795.00000000,0.05160888
182.00000000,1796.00000000,0.05161116
182.00000000,1797.00000000,0.05161345
182.00000000,1798.00000000,0.05161577
182.00000000,1799.00000000,0.05161809
182.00000000,1800.00000000,0.05162051
182.00000000,1801.00000000,0.05162288
182.00000000,1802.00000000,0.05162542
182.00000000,1803.00000000,0.05162771
182.00000000,1804.00000000,0.05163019
182.00000000,1805.00000000,0.05163272
182.00000000,1806.00000000,0.05163529
182.00000000,1807.00000000,0.05163780
182.00000000,1808.00000000,0.05164030
182.00000000,1809.00000000,0.05164294
182.00000000,1810.00000000,0.05164551
182.00000000,1811.00000000,0.05164813
182.00000000,1812.00000000,0.05165072
182.00000000,1813.00000000,0.05165340
182.00000000,1814.00000000,0.05165597
182.00000000,1815.00000000,0.05165865
182.00000000,1816.00000000,0.05166137
182.00000000,1817.00000000,0.05166395
182.00000000,1818.00000000,0.05166670
182.00000000,1819.00000000,0.05166943
182.00000000,1820.00000000,0.05167201
182.00000000,1821.00000000,0.05167475
182.00000000,1822.00000000,0.05167744
182.00000000,1823.00000000,0.05168004
182.00000000,1824.00000000,0.05168279
182.00000000,1825.00000000,0.05168556
182.00000000,1826.00000000,0.05168811
182.00000000,1827.00000000,0.05169078
182.00000000,1828.00000000,0.05169345
182.00000000,1829.00000000,0.05169611
182.00000000,1830.00000000,0.05169876
182.00000000,1831.00000000,0.05170147
182.00000000,1832.00000000,0.05170404
182.00000000,1833.00000000,0.05170673
182.00000000,1834.00000000,0.05170919
182.00000000,1835.00000000,0.05171173
182.00000000,1836.00000000,0.05171430
182.00000000,1837.00000000,0.05171698
182.00000000,1838.00000000,0.05171945
182.00000000,1839.00000000,0.05172198
182.00000000,1840.00000000,0.05172449
182.00000000,1841.00000000,0.05172696
182.00000000,1842.00000000,0.05172945
182.00000000,1843.00000000,0.05173196
182.00000000,1844.00000000,0.05173426
182.00000000,1845.00000000,0.05173672
182.00000000,1846.00000000,0.05173910
182.00000000,1847.00000000,0.05174143
182.00000000,1848.00000000,0.05174375
182.00000000,1849.00000000,0.05174607
182.00000000,1850.00000000,0.05174840
182.00000000,1851.00000000,0.05175062
182.00000000,1852.00000000,0.05175280
182.00000000,1853.00000000,0.05175515
182.00000000,1854.00000000,0.05175770
182.00000000,1855.00000000,0.05176017
182.00000000,1856.00000000,0.05176261
182.00000000,1857.00000000,0.05176494
182.00000000,1858.00000000,0.05176725
182.00000000,1859.00000000,0.05176942
182.00000000,1860.00000000,0.05177160
182.00000000,1861.00000000,0.05177378
182.00000000,1862.00000000,0.05177576
182.00000000,1863.00000000,0.05177727
182.00000000,1864.00000000,0.05177842
182.00000000,1865.00000000,0.05177937
182.00000000,1866.00000000,0.05177997
182.00000000,1867.00000000,0.05178040
182.00000000,1868.00000000,0.05178062
182.00000000,1869.00000000,0.05178071
182.00000000,1870.00000000,0.05178058
182.00000000,1871.00000000,0.05178031
182.00000000,1872.00000000,0.05178017
182.00000000,1873.00000000,0.05178048
182.00000000,1874.00000000,0.05178112
182.00000000,1875.00000000,0.05178198
182.00000000,1876.00000000,0.05178305
182.00000000,1877.00000000,0.05178424
182.00000000,1878.00000000,0.05178553
182.00000000,1879.00000000,0.05178690
182.00000000,1880.00000000,0.05178831
182.00000000,1881.00000000,0.05178969
182.00000000,1882.00000000,0.05179108
182.00000000,1883.00000000,0.05179223
182.00000000,1884.00000000,0.05179303
182.00000000,1885.00000000,0.05179361
182.00000000,1886.00000000,0.05179418
182.00000000,1887.00000000,0.05179448
182.00000000,1888.00000000,0.05179474
182.00000000,1889.00000000,0.05179483
182.00000000,1890.00000000,0.05179467
182.00000000,1891.00000000,0.05179416
182.00000000,1892.00000000,0.05179358
182.00000000,1893.00000000,0.05179283
182.00000000,1894.00000000,0.05179207
182.00000000,1895.00000000,0.05179142
182.00000000,1896.00000000,0.05179069
182.00000000,1897.00000000,0.05178995
182.00000000,1898.00000000,0.05178913
182.00000000,1899.00000000,0.05178819
182.00000000,1900.00000000,0.05178696
182.00000000,1901.00000000,0.05178559
182.00000000,1902.00000000,0.05178433
182.00000000,1903.00000000,0.05178308
182.00000000,1904.00000000,0.05178193
182.00000000,1905.00000000,0.05178085
182.00000000,1906.00000000,0.05177996
182.00000000,1907.00000000,0.05177913
182.00000000,1908.00000000,0.05177826
182.00000000,1909.00000000,0.05177732
182.00000000,1910.00000000,0.05177643
182.00000000,1911.00000000,0.05177537
182.00000000,1912.00000000,0.05177392
182.00000000,1913.00000000,0.05177182
182.00000000,1914.00000000,0.05176906
182.00000000,1915.00000000,0.05176599
182.00000000,1916.00000000,0.05176284
182.00000000,1917.00000000,0.05175968
182.00000000,1918.00000000,0.05175642
182.00000000,1919.00000000,0.05175309
182.00000000,1920.00000000,0.05175019
182.00000000,1921.00000000,0.05174772
182.00000000,1922.00000000,0.05174583
182.00000000,1923.00000000,0.05174442
182.00000000,1924.00000000,0.05174305
182.00000000,1925.00000000,0.05174163
182.00000000,1926.00000000,0.05174011
182.00000000,1927.00000000,0.05173858
182.00000000,1928.00000000,0.05173713
182.00000000,1929.00000000,0.05173563
182.00000000,1930.00000000,0.05173426
182.00000000,1931.00000000,0.05173358
182.00000000,1932.00000000,0.05173378
182.00000000,1933.00000000,0.05173446
182.00000000,1934.00000000,0.05173555
182.00000000,1935.00000000,0.05173658
182.00000000,1936.00000000,0.05173725
182.00000000,1937.00000000,0.05173727
182.00000000,1938.00000000,0.05173646
182.00000000,1939.00000000,0.05173505
182.00000000,1940.00000000,0.05173319
182.00000000,1941.00000000,0.05173068
182.00000000,1942.00000000,0.05172744
182.00000000,1943.00000000,0.05172380
182.00000000,1944.00000000,0.05171982
182.00000000,1945.00000000,0.05171584
182.00000000,1946.00000000,0.05171258
182.00000000,1947.00000000,0.05171047
182.00000000,1948.00000000,0.05171373
182.00000000,1949.00000000,0.05171233
182.00000000,1950.00000000,0.05171083
182.00000000,1951.00000000,0.05170935
182.00000000,1952.00000000,0.05170839
182.00000000,1953.00000000,0.05170925
182.00000000,1954.00000000,0.05170851
182.00000000,1955.00000000,0.05170802
182.00000000,1956.00000000,0.05170757
182.00000000,1957.00000000,0.05170697
182.00000000,1958.00000000,0.05170611
182.00000000,1959.00000000,0.05170488
182.00000000,1960.00000000,0.05170240
182.00000000,1961.00000000,0.05169873
182.00000000,1962.00000000,0.05169455
182.00000000,1963.00000000,0.05169140
182.00000000,1964.00000000,0.05168588
182.00000000,1965.00000000,0.05167947
182.00000000,1966.00000000,0.05167217
182.00000000,1967.00000000,0.05166391
182.00000000,1968.00000000,0.05165469
182.00000000,1969.00000000,0.05164397
182.00000000,1970.00000000,0.05163166
182.00000000,1971.00000000,0.05161707
182.00000000,1972.00000000,0.05159963
182.00000000,1973.00000000,0.05158141
182.00000000,1974.00000000,0.05155963
182.00000000,1975.00000000,0.05153661
182.00000000,1976.00000000,0.05151328
182.00000000,1977.00000000,0.05149006
182.00000000,1978.00000000,0.05146664
182.00000000,1979.00000000,0.05144461
182.00000000,1980.00000000,0.05142050
182.00000000,1981.00000000,0.05139627
182.00000000,1982.00000000,0.05137491
182.00000000,1983.00000000,0.05135479
182.00000000,1984.00000000,0.05134053
182.00000000,1985.00000000,0.05132362
182.00000000,1986.00000000,0.05130948
182.00000000,1987.00000000,0.05129592
182.00000000,1988.00000000,0.05128406
182.00000000,1989.00000000,0.05127035
182.00000000,1990.00000000,0.05125624
182.00000000,1991.00000000,0.05124197
182.00000000,1992.00000000,0.05122797
182.00000000,1993.00000000,0.05121588
182.00000000,1994.00000000,0.05120298
182.00000000,1995.00000000,0.05119057
182.00000000,1996.00000000,0.05117825
182.00000000,1997.00000000,0.05116708
182.00000000,1998.00000000,0.05115548
182.00000000,1999.00000000,0.05114374
182.00000000,2000.00000000,0.05113041
182.00000000,2001.00000000,0.05111695
182.00000000,2002.00000000,0.05110308
182.00000000,2003.00000000,0.05108922
182.00000000,2004.00000000,0.05107615
182.00000000,2005.00000000,0.05106126
182.00000000,2006.00000000,0.05104210
182.00000000,2007.00000000,0.05102186
182.00000000,2008.00000000,0.05099767
182.00000000,2009.00000000,0.05097290
182.00000000,2010.00000000,0.05094455
182.00000000,2011.00000000,0.05091443
182.00000000,2012.00000000,0.05089202
182.00000000,2013.00000000,0.05085681
182.00000000,2014.00000000,0.05082129
182.00000000,2015.00000000,0.05078559
182.00000000,2016.00000000,0.05074658
182.00000000,2017.00000000,0.05070741
182.00000000,2018.00000000,0.05067133
182.00000000,2019.00000000,0.05062751
182.00000000,2020.00000000,0.05058379
182.00000000,2021.00000000,0.05053877
182.00000000,2022.00000000,0.05049407
182.00000000,2023.00000000,0.05044685
182.00000000,2024.00000000,0.05040031
182.00000000,2025.00000000,0.05035145
182.00000000,2026.00000000,0.05030348
182.00000000,2027.00000000,0.05025799
182.00000000,2028.00000000,0.05020574
182.00000000,2029.00000000,0.05015767
182.00000000,2030.00000000,0.05010605
182.00000000,2031.00000000,0.05005703
182.00000000,2032.00000000,0.05000904
182.00000000,2033.00000000,0.04995417
182.00000000,2034.00000000,0.04990317
182.00000000,2035.00000000,0.04984977
182.00000000,2036.00000000,0.04980767
182.00000000,2037.00000000,0.04975241
182.00000000,2038.00000000,0.04970085
182.00000000,2039.00000000,0.04964229
182.00000000,2040.00000000,0.04958294
182.00000000,2041.00000000,0.04952885
182.00000000,2042.00000000,0.04947837
182.00000000,2043.00000000,0.04942077
182.00000000,2044.00000000,0.04935899
182.00000000,2045.00000000,0.04930364
182.00000000,2046.00000000,0.04924876
182.00000000,2047.00000000,0.04919132
182.00000000,2048.00000000,0.04912692
182.00000000,2049.00000000,0.04906947
182.00000000,2050.00000000,0.04900633
182.00000000,2051.00000000,0.04894547
182.00000000,2052.00000000,0.04888093
182.00000000,2053.00000000,0.04882175
182.00000000,2054.00000000,0.04877399
182.00000000,2055.00000000,0.04871667
182.00000000,2056.00000000,0.04862743
182.00000000,2057.00000000,0.04857339
182.00000000,2058.00000000,0.04850243
182.00000000,2059.00000000,0.04843104
182.00000000,2060.00000000,0.04835692
182.00000000,2061.00000000,0.04830094
182.00000000,2062.00000000,0.04826262
182.00000000,2063.00000000,0.04819659
182.00000000,2064.00000000,0.04813986
182.00000000,2065.00000000,0.04808822
182.00000000,2066.00000000,0.04801828
182.00000000,2067.00000000,0.04794769
182.00000000,2068.00000000,0.04788090
182.00000000,2069.00000000,0.04782951
182.00000000,2070.00000000,0.04780505
182.00000000,2071.00000000,0.04773495
182.00000000,2072.00000000,0.04770793
182.00000000,2073.00000000,0.04766340
182.00000000,2074.00000000,0.04760008
182.00000000,2075.00000000,0.04752966
182.00000000,2076.00000000,0.04748538
182.00000000,2077.00000000,0.04745703
182.00000000,2078.00000000,0.04741577
182.00000000,2079.00000000,0.04738748
182.00000000,2080.00000000,0.04736630
182.00000000,2081.00000000,0.04737077
182.00000000,2082.00000000,0.04735523
182.00000000,2083.00000000,0.04732834
182.00000000,2084.00000000,0.04729735
182.00000000,2085.00000000,0.04732057
182.00000000,2086.00000000,0.04728262
182.00000000,2087.00000000,0.04729156
182.00000000,2088.00000000,0.04730883
182.00000000,2089.00000000,0.04737389
182.00000000,2090.00000000,0.04728287
182.00000000,2091.00000000,0.04729047
182.00000000,2092.00000000,0.04729768
182.00000000,2093.00000000,0.04728205
182.00000000,2094.00000000,0.04730424
182.00000000,2095.00000000,0.04735706
182.00000000,2096.00000000,0.04719040
182.00000000,2097.00000000,0.04713889
182.00000000,2098.00000000,0.04719394
182.00000000,2099.00000000,0.04723749
182.00000000,2100.00000000,0.04717984
182.00000000,2101.00000000,0.04696818
182.00000000,2102.00000000,0.04711589
182.00000000,2103.00000000,0.04690876
182.00000000,2104.00000000,0.04694208
182.00000000,2105.00000000,0.04709264
182.00000000,2106.00000000,0.04706060
182.00000000,2107.00000000,0.04705652
182.00000000,2108.00000000,0.04704828
182.00000000,2109.00000000,0.04714015
182.00000000,2110.00000000,0.04712759
182.00000000,2111.00000000,0.04722308
182.00000000,2112.00000000,0.04708085
182.00000000,2113.00000000,0.04691055
182.00000000,2114.00000000,0.04676914
182.00000000,2115.00000000,0.04682170
182.00000000,2116.00000000,0.04692269
182.00000000,2117.00000000,0.04698899
182.00000000,2118.00000000,0.04712440
182.00000000,2119.00000000,0.04722775
182.00000000,2120.00000000,0.04713046
182.00000000,2121.00000000,0.04719612
182.00000000,2122.00000000,0.04734169
182.00000000,2123.00000000,0.04738903
182.00000000,2124.00000000,0.04740029
182.00000000,2125.00000000,0.04746929
182.00000000,2126.00000000,0.04746085
182.00000000,2127.00000000,0.04715730
182.00000000,2128.00000000,0.04727037
182.00000000,2129.00000000,0.04748987
182.00000000,2130.00000000,0.04760489
182.00000000,2131.00000000,0.04754659
182.00000000,2132.00000000,0.04784949
182.00000000,2133.00000000,0.04805352
182.00000000,2134.00000000,0.04810763
182.00000000,2135.00000000,0.04818649
182.00000000,2136.00000000,0.04823786
182.00000000,2137.00000000,0.04850251
182.00000000,2138.00000000,0.04870938
182.00000000,2139.00000000,0.04885834
182.00000000,2140.00000000,0.04896446
182.00000000,2141.00000000,0.04917065
182.00000000,2142.00000000,0.04935460
182.00000000,2143.00000000,0.04940517
182.00000000,2144.00000000,0.04957929
182.00000000,2145.00000000,0.04981247
182.00000000,2146.00000000,0.05006347
182.00000000,2147.00000000,0.05028417
182.00000000,2148.00000000,0.05053772
182.00000000,2149.00000000,0.05071835
182.00000000,2150.00000000,0.05099759
182.00000000,2151.00000000,0.05132634
182.00000000,2152.00000000,0.05174509
182.00000000,2153.00000000,0.05200057
182.00000000,2154.00000000,0.05227711
182.00000000,2155.00000000,0.05265033
182.00000000,2156.00000000,0.05271536
182.00000000,2157.00000000,0.05273155
182.00000000,2158.00000000,0.05315882
182.00000000,2159.00000000,0.05342200
182.00000000,2160.00000000,0.05359216
182.00000000,2161.00000000,0.05404829
182.00000000,2162.00000000,0.05404410
182.00000000,2163.00000000,0.05389251
182.00000000,2164.00000000,0.05391269
182.00000000,2165.00000000,0.05396875
182.00000000,2166.00000000,0.05429911
182.00000000,2167.00000000,0.05459679
182.00000000,2168.00000000,0.05491408
182.00000000,2169.00000000,0.05520255
182.00000000,2170.00000000,0.05558776
182.00000000,2171.00000000,0.05585683
182.00000000,2172.00000000,0.05603144
182.00000000,2173.00000000,0.05625808
182.00000000,2174.00000000,0.05619857
182.00000000,2175.00000000,0.05631148
182.00000000,2176.00000000,0.05658226
182.00000000,2177.00000000,0.05687238
182.00000000,2178.00000000,0.05717627
182.00000000,2179.00000000,0.05744247
182.00000000,2180.00000000,0.05751599
182.00000000,2181.00000000,0.05760860
182.00000000,2182.00000000,0.05796242
182.00000000,2183.00000000,0.05831246
182.00000000,2184.00000000,0.05851489
182.00000000,2185.00000000,0.05911884
182.00000000,2186.00000000,0.05979552
182.00000000,2187.00000000,0.06035420
182.00000000,2188.00000000,0.06076353
182.00000000,2189.00000000,0.06117642
182.00000000,2190.00000000,0.06159295
182.00000000,2191.00000000,0.06201271
182.00000000,2192.00000000,0.06243575
182.00000000,2193.00000000,0.06296157
182.00000000,2194.00000000,0.06349104
182.00000000,2195.00000000,0.06402418
182.00000000,2196.00000000,0.06456094
182.00000000,2197.00000000,0.06510129
182.00000000,2198.00000000,0.06564524
182.00000000,2199.00000000,0.06619274
182.00000000,2200.00000000,0.06674373
182.00000000,2201.00000000,0.06729825
182.00000000,2202.00000000,0.06785624
182.00000000,2203.00000000,0.06837295
182.00000000,2204.00000000,0.06889297
182.00000000,2205.00000000,0.06941625
182.00000000,2206.00000000,0.06994285
182.00000000,2207.00000000,0.07047276
182.00000000,2208.00000000,0.07100597
182.00000000,2209.00000000,0.07154255
182.00000000,2210.00000000,0.07208251
182.00000000,2211.00000000,0.07262586
182.00000000,2212.00000000,0.07317270
182.00000000,2213.00000000,0.07381766
182.00000000,2214.00000000,0.07446647
182.00000000,2215.00000000,0.07511916
182.00000000,2216.00000000,0.07577570
182.00000000,2217.00000000,0.07643606
182.00000000,2218.00000000,0.07710027
182.00000000,2219.00000000,0.07776826
182.00000000,2220.00000000,0.07844009
182.00000000,2221.00000000,0.07911572
182.00000000,2222.00000000,0.07979514
182.00000000,2223.00000000,0.08054861
182.00000000,2224.00000000,0.08130616
182.00000000,2225.00000000,0.08206771
182.00000000,2226.00000000,0.08283332
182.00000000,2227.00000000,0.08360289
182.00000000,2228.00000000,0.08437639
182.00000000,2229.00000000,0.08515382
182.00000000,2230.00000000,0.08593509
182.00000000,2231.00000000,0.08672022
182.00000000,2232.00000000,0.08750916
182.00000000,2233.00000000,0.08829776
182.00000000,2234.00000000,0.08909011
182.00000000,2235.00000000,0.08988612
182.00000000,2236.00000000,0.09068571
182.00000000,2237.00000000,0.09148890
182.00000000,2238.00000000,0.09229563
182.00000000,2239.00000000,0.09310580
182.00000000,2240.00000000,0.09391942
182.00000000,2241.00000000,0.09473638
182.00000000,2242.00000000,0.09555658
182.00000000,2243.00000000,0.09622053
182.00000000,2244.00000000,0.09688690
182.00000000,2245.00000000,0.09755572
182.00000000,2246.00000000,0.09822696
182.00000000,2247.00000000,0.09890056
182.00000000,2248.00000000,0.09957656
182.00000000,2249.00000000,0.10025479
182.00000000,2250.00000000,0.10093452
182.00000000,2251.00000000,0.10161447
182.00000000,2252.00000000,0.10229330
182.00000000,2253.00000000,0.10282364
182.00000000,2254.00000000,0.10335113
182.00000000,2255.00000000,0.10387554
182.00000000,2256.00000000,0.10439688
182.00000000,2257.00000000,0.10491509
182.00000000,2258.00000000,0.10543010
182.00000000,2259.00000000,0.10594200
182.00000000,2260.00000000,0.10645076
182.00000000,2261.00000000,0.10695642
182.00000000,2262.00000000,0.10745913
182.00000000,2263.00000000,0.10787579
182.00000000,2264.00000000,0.10828931
182.00000000,2265.00000000,0.10869983
182.00000000,2266.00000000,0.10910734
182.00000000,2267.00000000,0.10951195
182.00000000,2268.00000000,0.10991368
182.00000000,2269.00000000,0.11031253
182.00000000,2270.00000000,0.11070861
182.00000000,2271.00000000,0.11110191
182.00000000,2272.00000000,0.11149241
182.00000000,2273.00000000,0.11179336
182.00000000,2274.00000000,0.11209133
182.00000000,2275.00000000,0.11238635
182.00000000,2276.00000000,0.11267853
182.00000000,2277.00000000,0.11296789
182.00000000,2278.00000000,0.11325442
182.00000000,2279.00000000,0.11353827
182.00000000,2280.00000000,0.11381936
182.00000000,2281.00000000,0.11409785
182.00000000,2282.00000000,0.11437370
182.00000000,2283.00000000,0.11457954
182.00000000,2284.00000000,0.11478266
182.00000000,2285.00000000,0.11498310
182.00000000,2286.00000000,0.11518079
182.00000000,2287.00000000,0.11537593
182.00000000,2288.00000000,0.11556845
182.00000000,2289.00000000,0.11575838
182.00000000,2290.00000000,0.11594583
182.00000000,2291.00000000,0.11613075
182.00000000,2292.00000000,0.11631326
182.00000000,2293.00000000,0.11649333
182.00000000,2294.00000000,0.11667097
182.00000000,2295.00000000,0.11684627
182.00000000,2296.00000000,0.11701925
182.00000000,2297.00000000,0.11718983
182.00000000,2298.00000000,0.11735819
182.00000000,2299.00000000,0.11752428
182.00000000,2300.00000000,0.11768803
182.00000000,2301.00000000,0.11784963
182.00000000,2302.00000000,0.11800899
182.00000000,2303.00000000,0.11816608
182.00000000,2304.00000000,0.11832104
182.00000000,2305.00000000,0.11847371
182.00000000,2306.00000000,0.11862431
182.00000000,2307.00000000,0.11877274
182.00000000,2308.00000000,0.11891893
182.00000000,2309.00000000,0.11906310
182.00000000,2310.00000000,0.11920515
182.00000000,2311.00000000,0.11934498
182.00000000,2312.00000000,0.11948282
182.00000000,2313.00000000,0.11961858
182.00000000,2314.00000000,0.11975214
182.00000000,2315.00000000,0.11988375
182.00000000,2316.00000000,0.12001320
182.00000000,2317.00000000,0.12014068
182.00000000,2318.00000000,0.12026610
182.00000000,2319.00000000,0.12038940
182.00000000,2320.00000000,0.12051074
182.00000000,2321.00000000,0.12063002
182.00000000,2322.00000000,0.12074720
182.00000000,2323.00000000,0.12086242
182.00000000,2324.00000000,0.12097560
182.00000000,2325.00000000,0.12108665
182.00000000,2326.00000000,0.12119572
182.00000000,2327.00000000,0.12130268
182.00000000,2328.00000000,0.12140764
182.00000000,2329.00000000,0.12151054
182.00000000,2330.00000000,0.12161126
182.00000000,2331.00000000,0.12170989
182.00000000,2332.00000000,0.12180633
182.00000000,2333.00000000,0.12142966
182.00000000,2334.00000000,0.12105028
182.00000000,2335.00000000,0.12066820
182.00000000,2336.00000000,0.12028339
182.00000000,2337.00000000,0.11989606
182.00000000,2338.00000000,0.11950619
182.00000000,2339.00000000,0.11911375
182.00000000,2340.00000000,0.11871895
182.00000000,2341.00000000,0.11832172
182.00000000,2342.00000000,0.11792221
182.00000000,2343.00000000,0.11752041
182.00000000,2344.00000000,0.11711632
182.00000000,2345.00000000,0.11671011
182.00000000,2346.00000000,0.11630175
182.00000000,2347.00000000,0.11589123
182.00000000,2348.00000000,0.11547872
182.00000000,2349.00000000,0.11506420
182.00000000,2350.00000000,0.11464765
182.00000000,2351.00000000,0.11422924
182.00000000,2352.00000000,0.11380889
182.00000000,2353.00000000,0.11338675
182.00000000,2354.00000000,0.11296281
182.00000000,2355.00000000,0.11253706
182.00000000,2356.00000000,0.11210963
182.00000000,2357.00000000,0.11168052
182.00000000,2358.00000000,0.11124970
182.00000000,2359.00000000,0.11081734
182.00000000,2360.00000000,0.11038338
182.00000000,2361.00000000,0.10994782
182.00000000,2362.00000000,0.10951079
182.00000000,2363.00000000,0.10907229
182.00000000,2364.00000000,0.10863227
182.00000000,2365.00000000,0.10819090
182.00000000,2366.00000000,0.10774810
182.00000000,2367.00000000,0.10730398
182.00000000,2368.00000000,0.10685853
182.00000000,2369.00000000,0.10641173
182.00000000,2370.00000000,0.10596372
182.00000000,2371.00000000,0.10551448
182.00000000,2372.00000000,0.10506396
182.00000000,2373.00000000,0.10461230
182.00000000,2374.00000000,0.10415949
182.00000000,2375.00000000,0.10370551
182.00000000,2376.00000000,0.10325046
182.00000000,2377.00000000,0.10279428
182.00000000,2378.00000000,0.10233711
182.00000000,2379.00000000,0.10187890
182.00000000,2380.00000000,0.10141962
182.00000000,2381.00000000,0.10095944
182.00000000,2382.00000000,0.10049828
182.00000000,2383.00000000,0.10003613
182.00000000,2384.00000000,0.09957315
182.00000000,2385.00000000,0.09910926
182.00000000,2386.00000000,0.09864446
182.00000000,2387.00000000,0.09817886
182.00000000,2388.00000000,0.09771245
182.00000000,2389.00000000,0.09724517
182.00000000,2390.00000000,0.09677718
182.00000000,2391.00000000,0.09630837
182.00000000,2392.00000000,0.09583888
182.00000000,2393.00000000,0.09536867
182.00000000,2394.00000000,0.09489771
182.00000000,2395.00000000,0.09442612
182.00000000,2396.00000000,0.09395389
182.00000000,2397.00000000,0.09348094
182.00000000,2398.00000000,0.09300744
182.00000000,2399.00000000,0.09253335
182.00000000,2400.00000000,0.09205859
182.00000000,2401.00000000,0.09158335
182.00000000,2402.00000000,0.09110751
182.00000000,2403.00000000,0.09063118
182.00000000,2404.00000000,0.09015437
182.00000000,2405.00000000,0.08967700
182.00000000,2406.00000000,0.08919921
182.00000000,2407.00000000,0.08872099
182.00000000,2408.00000000,0.08824226
182.00000000,2409.00000000,0.08776318
182.00000000,2410.00000000,0.08728369
182.00000000,2411.00000000,0.08680374
182.00000000,2412.00000000,0.08632350
182.00000000,2413.00000000,0.08584284
182.00000000,2414.00000000,0.08536189
182.00000000,2415.00000000,0.08488063
182.00000000,2416.00000000,0.08439900
182.00000000,2417.00000000,0.08391713
182.00000000,2418.00000000,0.08343499
182.00000000,2419.00000000,0.08295252
182.00000000,2420.00000000,0.08246987
182.00000000,2421.00000000,0.08198699
182.00000000,2422.00000000,0.08150382
182.00000000,2423.00000000,0.08102052
182.00000000,2424.00000000,0.08053704
182.00000000,2425.00000000,0.08005332
182.00000000,2426.00000000,0.07956951
182.00000000,2427.00000000,0.07908550
182.00000000,2428.00000000,0.07860146
182.00000000,2429.00000000,0.07811734
182.00000000,2430.00000000,0.07763312
182.00000000,2431.00000000,0.07725085
182.00000000,2432.00000000,0.07716856
182.00000000,2433.00000000,0.07716830
182.00000000,2434.00000000,0.07716824
182.00000000,2435.00000000,0.07716831
182.00000000,2436.00000000,0.07716846
182.00000000,2437.00000000,0.07716880
182.00000000,2438.00000000,0.07718205
182.00000000,2439.00000000,0.07719548
182.00000000,2440.00000000,0.07720904
182.00000000,2441.00000000,0.07722265
182.00000000,2442.00000000,0.07723643
182.00000000,2443.00000000,0.07722492
182.00000000,2444.00000000,0.07721345
182.00000000,2445.00000000,0.07720213
182.00000000,2446.00000000,0.07719091
182.00000000,2447.00000000,0.07717970
182.00000000,2448.00000000,0.07716866
182.00000000,2449.00000000,0.07715770
182.00000000,2450.00000000,0.07714676
182.00000000,2451.00000000,0.07713595
182.00000000,2452.00000000,0.07712517
182.00000000,2453.00000000,0.07711453
182.00000000,2454.00000000,0.07710396
182.00000000,2455.00000000,0.07709339
182.00000000,2456.00000000,0.07708295
182.00000000,2457.00000000,0.07707258
182.00000000,2458.00000000,0.07706112
182.00000000,2459.00000000,0.07704977
182.00000000,2460.00000000,0.07703849
182.00000000,2461.00000000,0.07702721
182.00000000,2462.00000000,0.07701605
182.00000000,2463.00000000,0.07700487
182.00000000,2464.00000000,0.07699382
182.00000000,2465.00000000,0.07698282
182.00000000,2466.00000000,0.07697181
182.00000000,2467.00000000,0.07696092
182.00000000,2468.00000000,0.07695007
182.00000000,2469.00000000,0.07693921
182.00000000,2470.00000000,0.07692846
182.00000000,2471.00000000,0.07691776
182.00000000,2472.00000000,0.07690703
182.00000000,2473.00000000,0.07689641
182.00000000,2474.00000000,0.07688577
182.00000000,2475.00000000,0.07687523
182.00000000,2476.00000000,0.07686475
182.00000000,2477.00000000,0.07685422
182.00000000,2478.00000000,0.07684380
182.00000000,2479.00000000,0.07683343
182.00000000,2480.00000000,0.07682302
182.00000000,2481.00000000,0.07681272
182.00000000,2482.00000000,0.07680245
182.00000000,2483.00000000,0.07679458
182.00000000,2484.00000000,0.07678683
182.00000000,2485.00000000,0.07677909
182.00000000,2486.00000000,0.07677133
182.00000000,2487.00000000,0.07676367
182.00000000,2488.00000000,0.07675595
182.00000000,2489.00000000,0.07674835
182.00000000,2490.00000000,0.07674077
182.00000000,2491.00000000,0.07673315
182.00000000,2492.00000000,0.07672563
182.00000000,2493.00000000,0.07671814
182.00000000,2494.00000000,0.07671059
182.00000000,2495.00000000,0.07670315
182.00000000,2496.00000000,0.07669573
182.00000000,2497.00000000,0.07668825
182.00000000,2498.00000000,0.07668089
182.00000000,2499.00000000,0.07667345
182.00000000,2500.00000000,0.07666612
183.00000000,1765.00000000,0.05127759
183.00000000,1766.00000000,0.05127754
183.00000000,1767.00000000,0.05127752
183.00000000,1768.00000000,0.05127764
183.00000000,1769.00000000,0.05127775
183.00000000,1770.00000000,0.05127816
183.00000000,1771.00000000,0.05127851
183.00000000,1772.00000000,0.05127889
183.00000000,1773.00000000,0.05127954
183.00000000,1774.00000000,0.05128011
183.00000000,1775.00000000,0.05128095
183.00000000,1776.00000000,0.05128185
183.00000000,1777.00000000,0.05128279
183.00000000,1778.00000000,0.05128383
183.00000000,1779.00000000,0.05128489
183.00000000,1780.00000000,0.05128613
183.00000000,1781.00000000,0.05128744
183.00000000,1782.00000000,0.05128885
183.00000000,1783.00000000,0.05129045
183.00000000,1784.00000000,0.05129197
183.00000000,1785.00000000,0.05129352
183.00000000,1786.00000000,0.05129523
183.00000000,1787.00000000,0.05129706
183.00000000,1788.00000000,0.05129879
183.00000000,1789.00000000,0.05130078
183.00000000,1790.00000000,0.05130262
183.00000000,1791.00000000,0.05130463
183.00000000,1792.00000000,0.05130675
183.00000000,1793.00000000,0.05130887
183.00000000,1794.00000000,0.05131097
183.00000000,1795.00000000,0.05131312
183.00000000,1796.00000000,0.05131535
183.00000000,1797.00000000,0.05131766
183.00000000,1798.00000000,0.05131998
183.00000000,1799.00000000,0.05132231
183.00000000,1800.00000000,0.05132465
183.00000000,1801.00000000,0.05132709
183.00000000,1802.00000000,0.05132947
183.00000000,1803.00000000,0.05133202
183.00000000,1804.00000000,0.05133431
183.00000000,1805.00000000,0.05133680
183.00000000,1806.00000000,0.05133935
183.00000000,1807.00000000,0.05134191
183.00000000,1808.00000000,0.05134443
183.00000000,1809.00000000,0.05134693
183.00000000,1810.00000000,0.05134957
183.00000000,1811.00000000,0.05135215
183.00000000,1812.00000000,0.05135477
183.00000000,1813.00000000,0.05135734
183.00000000,1814.00000000,0.05136003
183.00000000,1815.00000000,0.05136259
183.00000000,1816.00000000,0.05136526
183.00000000,1817.00000000,0.05136797
183.00000000,1818.00000000,0.05137054
183.00000000,1819.00000000,0.05137327
183.00000000,1820.00000000,0.05137600
183.00000000,1821.00000000,0.05137856
183.00000000,1822.00000000,0.05138129
183.00000000,1823.00000000,0.05138396
183.00000000,1824.00000000,0.05138655
183.00000000,1825.00000000,0.05138928
183.00000000,1826.00000000,0.05139203
183.00000000,1827.00000000,0.05139455
183.00000000,1828.00000000,0.05139721
183.00000000,1829.00000000,0.05139986
183.00000000,1830.00000000,0.05140250
183.00000000,1831.00000000,0.05140511
183.00000000,1832.00000000,0.05140779
183.00000000,1833.00000000,0.05141034
183.00000000,1834.00000000,0.05141300
183.00000000,1835.00000000,0.05141543
183.00000000,1836.00000000,0.05141794
183.00000000,1837.00000000,0.05142049
183.00000000,1838.00000000,0.05142313
183.00000000,1839.00000000,0.05142557
183.00000000,1840.00000000,0.05142807
183.00000000,1841.00000000,0.05143054
183.00000000,1842.00000000,0.05143298
183.00000000,1843.00000000,0.05143544
183.00000000,1844.00000000,0.05143792
183.00000000,1845.00000000,0.05144018
183.00000000,1846.00000000,0.05144260
183.00000000,1847.00000000,0.05144494
183.00000000,1848.00000000,0.05144723
183.00000000,1849.00000000,0.05144952
183.00000000,1850.00000000,0.05145180
183.00000000,1851.00000000,0.05145407
183.00000000,1852.00000000,0.05145623
183.00000000,1853.00000000,0.05145863
183.00000000,1854.00000000,0.05146106
183.00000000,1855.00000000,0.05146357
183.00000000,1856.00000000,0.05146594
183.00000000,1857.00000000,0.05146830
183.00000000,1858.00000000,0.05147056
183.00000000,1859.00000000,0.05147280
183.00000000,1860.00000000,0.05147492
183.00000000,1861.00000000,0.05147702
183.00000000,1862.00000000,0.05147907
183.00000000,1863.00000000,0.05148059
183.00000000,1864.00000000,0.05148172
183.00000000,1865.00000000,0.05148258
183.00000000,1866.00000000,0.05148327
183.00000000,1867.00000000,0.05148367
183.00000000,1868.00000000,0.05148389
183.00000000,1869.00000000,0.05148393
183.00000000,1870.00000000,0.05148385
183.00000000,1871.00000000,0.05148359
183.00000000,1872.00000000,0.05148341
183.00000000,1873.00000000,0.05148374
183.00000000,1874.00000000,0.05148438
183.00000000,1875.00000000,0.05148525
183.00000000,1876.00000000,0.05148628
183.00000000,1877.00000000,0.05148747
183.00000000,1878.00000000,0.05148876
183.00000000,1879.00000000,0.05149012
183.00000000,1880.00000000,0.05149151
183.00000000,1881.00000000,0.05149292
183.00000000,1882.00000000,0.05149430
183.00000000,1883.00000000,0.05149535
183.00000000,1884.00000000,0.05149622
183.00000000,1885.00000000,0.05149682
183.00000000,1886.00000000,0.05149727
183.00000000,1887.00000000,0.05149773
183.00000000,1888.00000000,0.05149789
183.00000000,1889.00000000,0.05149795
183.00000000,1890.00000000,0.05149781
183.00000000,1891.00000000,0.05149742
183.00000000,1892.00000000,0.05149669
183.00000000,1893.00000000,0.05149601
183.00000000,1894.00000000,0.05149524
183.00000000,1895.00000000,0.05149455
183.00000000,1896.00000000,0.05149391
183.00000000,1897.00000000,0.05149313
183.00000000,1898.00000000,0.05149231
183.00000000,1899.00000000,0.05149135
183.00000000,1900.00000000,0.05149019
183.00000000,1901.00000000,0.05148878
183.00000000,1902.00000000,0.05148750
183.00000000,1903.00000000,0.05148628
183.00000000,1904.00000000,0.05148511
183.00000000,1905.00000000,0.05148408
183.00000000,1906.00000000,0.05148316
183.00000000,1907.00000000,0.05148235
183.00000000,1908.00000000,0.05148145
183.00000000,1909.00000000,0.05148054
183.00000000,1910.00000000,0.05147961
183.00000000,1911.00000000,0.05147860
183.00000000,1912.00000000,0.05147711
183.00000000,1913.00000000,0.05147504
183.00000000,1914.00000000,0.05147229
183.00000000,1915.00000000,0.05146921
183.00000000,1916.00000000,0.05146611
183.00000000,1917.00000000,0.05146292
183.00000000,1918.00000000,0.05145964
183.00000000,1919.00000000,0.05145641
183.00000000,1920.00000000,0.05145344
183.00000000,1921.00000000,0.05145098
183.00000000,1922.00000000,0.05144913
183.00000000,1923.00000000,0.05144768
183.00000000,1924.00000000,0.05144634
183.00000000,1925.00000000,0.05144487
183.00000000,1926.00000000,0.05144337
183.00000000,1927.00000000,0.05144184
183.00000000,1928.00000000,0.05144036
183.00000000,1929.00000000,0.05143886
183.00000000,1930.00000000,0.05143747
183.00000000,1931.00000000,0.05143678
183.00000000,1932.00000000,0.05143696
183.00000000,1933.00000000,0.05143761
183.00000000,1934.00000000,0.05143864
183.00000000,1935.00000000,0.05143966
183.00000000,1936.00000000,0.05144029
183.00000000,1937.00000000,0.05144030
183.00000000,1938.00000000,0.05143944
183.00000000,1939.00000000,0.05143800
183.00000000,1940.00000000,0.05143612
183.00000000,1941.00000000,0.05143356
183.00000000,1942.00000000,0.05143031
183.00000000,1943.00000000,0.05142662
183.00000000,1944.00000000,0.05142261
183.00000000,1945.00000000,0.05141860
183.00000000,1946.00000000,0.05141527
183.00000000,1947.00000000,0.05141311
183.00000000,1948.00000000,0.05141154
183.00000000,1949.00000000,0.05141478
183.00000000,1950.00000000,0.05141328
183.00000000,1951.00000000,0.05141167
183.00000000,1952.00000000,0.05141066
183.00000000,1953.00000000,0.05140981
183.00000000,1954.00000000,0.05141064
183.00000000,1955.00000000,0.05141007
183.00000000,1956.00000000,0.05140955
183.00000000,1957.00000000,0.05140889
183.00000000,1958.00000000,0.05140796
183.00000000,1959.00000000,0.05140667
183.00000000,1960.00000000,0.05140414
183.00000000,1961.00000000,0.05140048
183.00000000,1962.00000000,0.05139621
183.00000000,1963.00000000,0.05139140
183.00000000,1964.00000000,0.05138749
183.00000000,1965.00000000,0.05138106
183.00000000,1966.00000000,0.05137369
183.00000000,1967.00000000,0.05136550
183.00000000,1968.00000000,0.05135622
183.00000000,1969.00000000,0.05134556
183.00000000,1970.00000000,0.05133322
183.00000000,1971.00000000,0.05131869
183.00000000,1972.00000000,0.05130133
183.00000000,1973.00000000,0.05128154
183.00000000,1974.00000000,0.05126141
183.00000000,1975.00000000,0.05123852
183.00000000,1976.00000000,0.05121525
183.00000000,1977.00000000,0.05119210
183.00000000,1978.00000000,0.05116881
183.00000000,1979.00000000,0.05114526
183.00000000,1980.00000000,0.05112283
183.00000000,1981.00000000,0.05109867
183.00000000,1982.00000000,0.05107583
183.00000000,1983.00000000,0.05105736
183.00000000,1984.00000000,0.05104002
183.00000000,1985.00000000,0.05102787
183.00000000,1986.00000000,0.05101224
183.00000000,1987.00000000,0.05099868
183.00000000,1988.00000000,0.05098524
183.00000000,1989.00000000,0.05097318
183.00000000,1990.00000000,0.05095913
183.00000000,1991.00000000,0.05094487
183.00000000,1992.00000000,0.05093094
183.00000000,1993.00000000,0.05091730
183.00000000,1994.00000000,0.05090597
183.00000000,1995.00000000,0.05089363
183.00000000,1996.00000000,0.05088133
183.00000000,1997.00000000,0.05086866
183.00000000,1998.00000000,0.05085701
183.00000000,1999.00000000,0.05084530
183.00000000,2000.00000000,0.05083364
183.00000000,2001.00000000,0.05082016
183.00000000,2002.00000000,0.05080637
183.00000000,2003.00000000,0.05079254
183.00000000,2004.00000000,0.05077792
183.00000000,2005.00000000,0.05076307
183.00000000,2006.00000000,0.05074558
183.00000000,2007.00000000,0.05072384
183.00000000,2008.00000000,0.05070129
183.00000000,2009.00000000,0.05067505
183.00000000,2010.00000000,0.05064844
183.00000000,2011.00000000,0.05061843
183.00000000,2012.00000000,0.05058669
183.00000000,2013.00000000,0.05056257
183.00000000,2014.00000000,0.05052570
183.00000000,2015.00000000,0.05048855
183.00000000,2016.00000000,0.05045127
183.00000000,2017.00000000,0.05041076
183.00000000,2018.00000000,0.05037017
183.00000000,2019.00000000,0.05033274
183.00000000,2020.00000000,0.05028770
183.00000000,2021.00000000,0.05024286
183.00000000,2022.00000000,0.05019688
183.00000000,2023.00000000,0.05015137
183.00000000,2024.00000000,0.05010350
183.00000000,2025.00000000,0.05005642
183.00000000,2026.00000000,0.05000711
183.00000000,2027.00000000,0.04995875
183.00000000,2028.00000000,0.04991293
183.00000000,2029.00000000,0.04986043
183.00000000,2030.00000000,0.04981211
183.00000000,2031.00000000,0.04976027
183.00000000,2032.00000000,0.04971093
183.00000000,2033.00000000,0.04966245
183.00000000,2034.00000000,0.04960704
183.00000000,2035.00000000,0.04955540
183.00000000,2036.00000000,0.04950136
183.00000000,2037.00000000,0.04945855
183.00000000,2038.00000000,0.04940270
183.00000000,2039.00000000,0.04935054
183.00000000,2040.00000000,0.04929145
183.00000000,2041.00000000,0.04923160
183.00000000,2042.00000000,0.04917688
183.00000000,2043.00000000,0.04912561
183.00000000,2044.00000000,0.04906720
183.00000000,2045.00000000,0.04900461
183.00000000,2046.00000000,0.04894841
183.00000000,2047.00000000,0.04889272
183.00000000,2048.00000000,0.04883452
183.00000000,2049.00000000,0.04876944
183.00000000,2050.00000000,0.04871131
183.00000000,2051.00000000,0.04864758
183.00000000,2052.00000000,0.04858618
183.00000000,2053.00000000,0.04852118
183.00000000,2054.00000000,0.04846154
183.00000000,2055.00000000,0.04841330
183.00000000,2056.00000000,0.04835559
183.00000000,2057.00000000,0.04826625
183.00000000,2058.00000000,0.04821189
183.00000000,2059.00000000,0.04814077
183.00000000,2060.00000000,0.04806925
183.00000000,2061.00000000,0.04799513
183.00000000,2062.00000000,0.04793933
183.00000000,2063.00000000,0.04790142
183.00000000,2064.00000000,0.04783624
183.00000000,2065.00000000,0.04778043
183.00000000,2066.00000000,0.04772973
183.00000000,2067.00000000,0.04766089
183.00000000,2068.00000000,0.04759142
183.00000000,2069.00000000,0.04752569
183.00000000,2070.00000000,0.04747525
183.00000000,2071.00000000,0.04745156
183.00000000,2072.00000000,0.04738278
183.00000000,2073.00000000,0.04735703
183.00000000,2074.00000000,0.04731402
183.00000000,2075.00000000,0.04725241
183.00000000,2076.00000000,0.04718377
183.00000000,2077.00000000,0.04714106
183.00000000,2078.00000000,0.04711410
183.00000000,2079.00000000,0.04707428
183.00000000,2080.00000000,0.04704726
183.00000000,2081.00000000,0.04702727
183.00000000,2082.00000000,0.04703284
183.00000000,2083.00000000,0.04701863
183.00000000,2084.00000000,0.04699318
183.00000000,2085.00000000,0.04696366
183.00000000,2086.00000000,0.04698794
183.00000000,2087.00000000,0.04695142
183.00000000,2088.00000000,0.04696141
183.00000000,2089.00000000,0.04697961
183.00000000,2090.00000000,0.04704521
183.00000000,2091.00000000,0.04695582
183.00000000,2092.00000000,0.04696446
183.00000000,2093.00000000,0.04697281
183.00000000,2094.00000000,0.04695852
183.00000000,2095.00000000,0.04698178
183.00000000,2096.00000000,0.04703546
183.00000000,2097.00000000,0.04687109
183.00000000,2098.00000000,0.04682104
183.00000000,2099.00000000,0.04687679
183.00000000,2100.00000000,0.04692107
183.00000000,2101.00000000,0.04686483
183.00000000,2102.00000000,0.04665569
183.00000000,2103.00000000,0.04680362
183.00000000,2104.00000000,0.04659910
183.00000000,2105.00000000,0.04663343
183.00000000,2106.00000000,0.04678420
183.00000000,2107.00000000,0.04675354
183.00000000,2108.00000000,0.04675061
183.00000000,2109.00000000,0.04674350
183.00000000,2110.00000000,0.04683582
183.00000000,2111.00000000,0.04682435
183.00000000,2112.00000000,0.04692018
183.00000000,2113.00000000,0.04677977
183.00000000,2114.00000000,0.04661143
183.00000000,2115.00000000,0.04647175
183.00000000,2116.00000000,0.04652478
183.00000000,2117.00000000,0.04662589
183.00000000,2118.00000000,0.04669251
183.00000000,2119.00000000,0.04682778
183.00000000,2120.00000000,0.04693118
183.00000000,2121.00000000,0.04683515
183.00000000,2122.00000000,0.04690104
183.00000000,2123.00000000,0.04704633
183.00000000,2124.00000000,0.04709399
183.00000000,2125.00000000,0.04710577
183.00000000,2126.00000000,0.04717491
183.00000000,2127.00000000,0.04716710
183.00000000,2128.00000000,0.04686598
183.00000000,2129.00000000,0.04697890
183.00000000,2130.00000000,0.04719759
183.00000000,2131.00000000,0.04731243
183.00000000,2132.00000000,0.04725501
183.00000000,2133.00000000,0.04755656
183.00000000,2134.00000000,0.04775984
183.00000000,2135.00000000,0.04781411
183.00000000,2136.00000000,0.04789298
183.00000000,2137.00000000,0.04794450
183.00000000,2138.00000000,0.04820802
183.00000000,2139.00000000,0.04841409
183.00000000,2140.00000000,0.04856260
183.00000000,2141.00000000,0.04866853
183.00000000,2142.00000000,0.04887392
183.00000000,2143.00000000,0.04905720
183.00000000,2144.00000000,0.04910790
183.00000000,2145.00000000,0.04928140
183.00000000,2146.00000000,0.04951361
183.00000000,2147.00000000,0.04976353
183.00000000,2148.00000000,0.04998333
183.00000000,2149.00000000,0.05023579
183.00000000,2150.00000000,0.05041576
183.00000000,2151.00000000,0.05069403
183.00000000,2152.00000000,0.05102229
183.00000000,2153.00000000,0.05144076
183.00000000,2154.00000000,0.05169732
183.00000000,2155.00000000,0.05197499
183.00000000,2156.00000000,0.05234884
183.00000000,2157.00000000,0.05241626
183.00000000,2158.00000000,0.05243507
183.00000000,2159.00000000,0.05286258
183.00000000,2160.00000000,0.05312687
183.00000000,2161.00000000,0.05329858
183.00000000,2162.00000000,0.05375465
183.00000000,2163.00000000,0.05375284
183.00000000,2164.00000000,0.05360433
183.00000000,2165.00000000,0.05362660
183.00000000,2166.00000000,0.05368448
183.00000000,2167.00000000,0.05401518
183.00000000,2168.00000000,0.05431332
183.00000000,2169.00000000,0.05463093
183.00000000,2170.00000000,0.05491983
183.00000000,2171.00000000,0.05530495
183.00000000,2172.00000000,0.05557449
183.00000000,2173.00000000,0.05575000
183.00000000,2174.00000000,0.05597726
183.00000000,2175.00000000,0.05591974
183.00000000,2176.00000000,0.05603375
183.00000000,2177.00000000,0.05630483
183.00000000,2178.00000000,0.05659512
183.00000000,2179.00000000,0.05689910
183.00000000,2180.00000000,0.05716555
183.00000000,2181.00000000,0.05724022
183.00000000,2182.00000000,0.05733386
183.00000000,2183.00000000,0.05768746
183.00000000,2184.00000000,0.05803727
183.00000000,2185.00000000,0.05824016
183.00000000,2186.00000000,0.05884267
183.00000000,2187.00000000,0.05951758
183.00000000,2188.00000000,0.06007505
183.00000000,2189.00000000,0.06048385
183.00000000,2190.00000000,0.06089618
183.00000000,2191.00000000,0.06131214
183.00000000,2192.00000000,0.06173132
183.00000000,2193.00000000,0.06215375
183.00000000,2194.00000000,0.06267850
183.00000000,2195.00000000,0.06320688
183.00000000,2196.00000000,0.06373892
183.00000000,2197.00000000,0.06427458
183.00000000,2198.00000000,0.06481381
183.00000000,2199.00000000,0.06535663
183.00000000,2200.00000000,0.06590298
183.00000000,2201.00000000,0.06645283
183.00000000,2202.00000000,0.06700620
183.00000000,2203.00000000,0.06756301
183.00000000,2204.00000000,0.06807874
183.00000000,2205.00000000,0.06859777
183.00000000,2206.00000000,0.06912006
183.00000000,2207.00000000,0.06964565
183.00000000,2208.00000000,0.07017455
183.00000000,2209.00000000,0.07070673
183.00000000,2210.00000000,0.07124229
183.00000000,2211.00000000,0.07178121
183.00000000,2212.00000000,0.07232353
183.00000000,2213.00000000,0.07286933
183.00000000,2214.00000000,0.07351285
183.00000000,2215.00000000,0.07416021
183.00000000,2216.00000000,0.07481146
183.00000000,2217.00000000,0.07546656
183.00000000,2218.00000000,0.07612546
183.00000000,2219.00000000,0.07678822
183.00000000,2220.00000000,0.07745476
183.00000000,2221.00000000,0.07812512
183.00000000,2222.00000000,0.07879930
183.00000000,2223.00000000,0.07947726
183.00000000,2224.00000000,0.08022899
183.00000000,2225.00000000,0.08098480
183.00000000,2226.00000000,0.08174462
183.00000000,2227.00000000,0.08250849
183.00000000,2228.00000000,0.08327634
183.00000000,2229.00000000,0.08404810
183.00000000,2230.00000000,0.08482381
183.00000000,2231.00000000,0.08560335
183.00000000,2232.00000000,0.08638677
183.00000000,2233.00000000,0.08717397
183.00000000,2234.00000000,0.08796089
183.00000000,2235.00000000,0.08875154
183.00000000,2236.00000000,0.08954586
183.00000000,2237.00000000,0.09034376
183.00000000,2238.00000000,0.09114528
183.00000000,2239.00000000,0.09195034
183.00000000,2240.00000000,0.09275884
183.00000000,2241.00000000,0.09357079
183.00000000,2242.00000000,0.09438610
183.00000000,2243.00000000,0.09520465
183.00000000,2244.00000000,0.09586755
183.00000000,2245.00000000,0.09653287
183.00000000,2246.00000000,0.09720066
183.00000000,2247.00000000,0.09787086
183.00000000,2248.00000000,0.09854343
183.00000000,2249.00000000,0.09921830
183.00000000,2250.00000000,0.09989475
183.00000000,2251.00000000,0.10057142
183.00000000,2252.00000000,0.10124709
183.00000000,2253.00000000,0.10192097
183.00000000,2254.00000000,0.10244660
183.00000000,2255.00000000,0.10296926
183.00000000,2256.00000000,0.10348883
183.00000000,2257.00000000,0.10400534
183.00000000,2258.00000000,0.10451873
183.00000000,2259.00000000,0.10502899
183.00000000,2260.00000000,0.10553620
183.00000000,2261.00000000,0.10604039
183.00000000,2262.00000000,0.10654164
183.00000000,2263.00000000,0.10704009
183.00000000,2264.00000000,0.10745293
183.00000000,2265.00000000,0.10786273
183.00000000,2266.00000000,0.10826961
183.00000000,2267.00000000,0.10867355
183.00000000,2268.00000000,0.10907468
183.00000000,2269.00000000,0.10947299
183.00000000,2270.00000000,0.10986849
183.00000000,2271.00000000,0.11026127
183.00000000,2272.00000000,0.11065135
183.00000000,2273.00000000,0.11103868
183.00000000,2274.00000000,0.11133688
183.00000000,2275.00000000,0.11163216
183.00000000,2276.00000000,0.11192454
183.00000000,2277.00000000,0.11221416
183.00000000,2278.00000000,0.11250100
183.00000000,2279.00000000,0.11278508
183.00000000,2280.00000000,0.11306652
183.00000000,2281.00000000,0.11334528
183.00000000,2282.00000000,0.11362145
183.00000000,2283.00000000,0.11389506
183.00000000,2284.00000000,0.11409896
183.00000000,2285.00000000,0.11430022
183.00000000,2286.00000000,0.11449881
183.00000000,2287.00000000,0.11469473
183.00000000,2288.00000000,0.11488811
183.00000000,2289.00000000,0.11507895
183.00000000,2290.00000000,0.11526721
183.00000000,2291.00000000,0.11545304
183.00000000,2292.00000000,0.11563638
183.00000000,2293.00000000,0.11581733
183.00000000,2294.00000000,0.11599591
183.00000000,2295.00000000,0.11617206
183.00000000,2296.00000000,0.11634593
183.00000000,2297.00000000,0.11651748
183.00000000,2298.00000000,0.11668671
183.00000000,2299.00000000,0.11685372
183.00000000,2300.00000000,0.11701848
183.00000000,2301.00000000,0.11718097
183.00000000,2302.00000000,0.11734128
183.00000000,2303.00000000,0.11749941
183.00000000,2304.00000000,0.11765528
183.00000000,2305.00000000,0.11780902
183.00000000,2306.00000000,0.11796055
183.00000000,2307.00000000,0.11811000
183.00000000,2308.00000000,0.11825730
183.00000000,2309.00000000,0.11840241
183.00000000,2310.00000000,0.11854551
183.00000000,2311.00000000,0.11868649
183.00000000,2312.00000000,0.11882532
183.00000000,2313.00000000,0.11896216
183.00000000,2314.00000000,0.11909692
183.00000000,2315.00000000,0.11922954
183.00000000,2316.00000000,0.11936021
183.00000000,2317.00000000,0.11948875
183.00000000,2318.00000000,0.11961532
183.00000000,2319.00000000,0.11973988
183.00000000,2320.00000000,0.11986233
183.00000000,2321.00000000,0.11998284
183.00000000,2322.00000000,0.12010131
183.00000000,2323.00000000,0.12021769
183.00000000,2324.00000000,0.12033212
183.00000000,2325.00000000,0.12044454
183.00000000,2326.00000000,0.12055483
183.00000000,2327.00000000,0.12066319
183.00000000,2328.00000000,0.12076943
183.00000000,2329.00000000,0.12087370
183.00000000,2330.00000000,0.12097592
183.00000000,2331.00000000,0.12107596
183.00000000,2332.00000000,0.12117396
183.00000000,2333.00000000,0.12126978
183.00000000,2334.00000000,0.12089456
183.00000000,2335.00000000,0.12051667
183.00000000,2336.00000000,0.12013608
183.00000000,2337.00000000,0.11975279
183.00000000,2338.00000000,0.11936700
183.00000000,2339.00000000,0.11897866
183.00000000,2340.00000000,0.11858781
183.00000000,2341.00000000,0.11819460
183.00000000,2342.00000000,0.11779897
183.00000000,2343.00000000,0.11740108
183.00000000,2344.00000000,0.11700092
183.00000000,2345.00000000,0.11659848
183.00000000,2346.00000000,0.11619392
183.00000000,2347.00000000,0.11578724
183.00000000,2348.00000000,0.11537841
183.00000000,2349.00000000,0.11496761
183.00000000,2350.00000000,0.11455481
183.00000000,2351.00000000,0.11413999
183.00000000,2352.00000000,0.11372332
183.00000000,2353.00000000,0.11330473
183.00000000,2354.00000000,0.11288436
183.00000000,2355.00000000,0.11246221
183.00000000,2356.00000000,0.11203825
183.00000000,2357.00000000,0.11161263
183.00000000,2358.00000000,0.11118534
183.00000000,2359.00000000,0.11075636
183.00000000,2360.00000000,0.11032582
183.00000000,2361.00000000,0.10989370
183.00000000,2362.00000000,0.10945999
183.00000000,2363.00000000,0.10902483
183.00000000,2364.00000000,0.10858819
183.00000000,2365.00000000,0.10815006
183.00000000,2366.00000000,0.10771059
183.00000000,2367.00000000,0.10726967
183.00000000,2368.00000000,0.10682745
183.00000000,2369.00000000,0.10638392
183.00000000,2370.00000000,0.10593904
183.00000000,2371.00000000,0.10549296
183.00000000,2372.00000000,0.10504564
183.00000000,2373.00000000,0.10459706
183.00000000,2374.00000000,0.10414735
183.00000000,2375.00000000,0.10369651
183.00000000,2376.00000000,0.10324447
183.00000000,2377.00000000,0.10279139
183.00000000,2378.00000000,0.10233719
183.00000000,2379.00000000,0.10188198
183.00000000,2380.00000000,0.10142575
183.00000000,2381.00000000,0.10096848
183.00000000,2382.00000000,0.10051027
183.00000000,2383.00000000,0.10005111
183.00000000,2384.00000000,0.09959099
183.00000000,2385.00000000,0.09912999
183.00000000,2386.00000000,0.09866813
183.00000000,2387.00000000,0.09820534
183.00000000,2388.00000000,0.09774176
183.00000000,2389.00000000,0.09727738
183.00000000,2390.00000000,0.09681213
183.00000000,2391.00000000,0.09634618
183.00000000,2392.00000000,0.09587942
183.00000000,2393.00000000,0.09541196
183.00000000,2394.00000000,0.09494381
183.00000000,2395.00000000,0.09447489
183.00000000,2396.00000000,0.09400536
183.00000000,2397.00000000,0.09353518
183.00000000,2398.00000000,0.09306430
183.00000000,2399.00000000,0.09259287
183.00000000,2400.00000000,0.09212083
183.00000000,2401.00000000,0.09164817
183.00000000,2402.00000000,0.09117499
183.00000000,2403.00000000,0.09070122
183.00000000,2404.00000000,0.09022700
183.00000000,2405.00000000,0.08975227
183.00000000,2406.00000000,0.08927699
183.00000000,2407.00000000,0.08880131
183.00000000,2408.00000000,0.08832518
183.00000000,2409.00000000,0.08784855
183.00000000,2410.00000000,0.08737155
183.00000000,2411.00000000,0.08689417
183.00000000,2412.00000000,0.08641633
183.00000000,2413.00000000,0.08593819
183.00000000,2414.00000000,0.08545964
183.00000000,2415.00000000,0.08498081
183.00000000,2416.00000000,0.08450166
183.00000000,2417.00000000,0.08402214
183.00000000,2418.00000000,0.08354238
183.00000000,2419.00000000,0.08306236
183.00000000,2420.00000000,0.08258201
183.00000000,2421.00000000,0.08210147
183.00000000,2422.00000000,0.08162071
183.00000000,2423.00000000,0.08113967
183.00000000,2424.00000000,0.08065849
183.00000000,2425.00000000,0.08017713
183.00000000,2426.00000000,0.07969553
183.00000000,2427.00000000,0.07921385
183.00000000,2428.00000000,0.07873197
183.00000000,2429.00000000,0.07825005
183.00000000,2430.00000000,0.07776806
183.00000000,2431.00000000,0.07728597
183.00000000,2432.00000000,0.07690537
183.00000000,2433.00000000,0.07682341
183.00000000,2434.00000000,0.07682312
183.00000000,2435.00000000,0.07682302
183.00000000,2436.00000000,0.07682305
183.00000000,2437.00000000,0.07682317
183.00000000,2438.00000000,0.07682346
183.00000000,2439.00000000,0.07683662
183.00000000,2440.00000000,0.07684995
183.00000000,2441.00000000,0.07686342
183.00000000,2442.00000000,0.07687692
183.00000000,2443.00000000,0.07689061
183.00000000,2444.00000000,0.07687911
183.00000000,2445.00000000,0.07686765
183.00000000,2446.00000000,0.07685634
183.00000000,2447.00000000,0.07684513
183.00000000,2448.00000000,0.07683395
183.00000000,2449.00000000,0.07682290
183.00000000,2450.00000000,0.07681196
183.00000000,2451.00000000,0.07680102
183.00000000,2452.00000000,0.07679024
183.00000000,2453.00000000,0.07677946
183.00000000,2454.00000000,0.07676881
183.00000000,2455.00000000,0.07675825
183.00000000,2456.00000000,0.07674768
183.00000000,2457.00000000,0.07673725
183.00000000,2458.00000000,0.07672689
183.00000000,2459.00000000,0.07671542
183.00000000,2460.00000000,0.07670409
183.00000000,2461.00000000,0.07669283
183.00000000,2462.00000000,0.07668154
183.00000000,2463.00000000,0.07667038
183.00000000,2464.00000000,0.07665922
183.00000000,2465.00000000,0.07664818
183.00000000,2466.00000000,0.07663719
183.00000000,2467.00000000,0.07662617
183.00000000,2468.00000000,0.07661528
183.00000000,2469.00000000,0.07660445
183.00000000,2470.00000000,0.07659358
183.00000000,2471.00000000,0.07658284
183.00000000,2472.00000000,0.07657215
183.00000000,2473.00000000,0.07656142
183.00000000,2474.00000000,0.07655081
183.00000000,2475.00000000,0.07654017
183.00000000,2476.00000000,0.07652963
183.00000000,2477.00000000,0.07651916
183.00000000,2478.00000000,0.07650863
183.00000000,2479.00000000,0.07649822
183.00000000,2480.00000000,0.07648785
183.00000000,2481.00000000,0.07647744
183.00000000,2482.00000000,0.07646714
183.00000000,2483.00000000,0.07645687
183.00000000,2484.00000000,0.07644900
183.00000000,2485.00000000,0.07644123
183.00000000,2486.00000000,0.07643349
183.00000000,2487.00000000,0.07642571
183.00000000,2488.00000000,0.07641804
183.00000000,2489.00000000,0.07641032
183.00000000,2490.00000000,0.07640271
183.00000000,2491.00000000,0.07639513
183.00000000,2492.00000000,0.07638748
183.00000000,2493.00000000,0.07637996
183.00000000,2494.00000000,0.07637246
183.00000000,2495.00000000,0.07636490
183.00000000,2496.00000000,0.07635744
183.00000000,2497.00000000,0.07635001
183.00000000,2498.00000000,0.07634253
183.00000000,2499.00000000,0.07633514
183.00000000,2500.00000000,0.07632770
184.00000000,1765.00000000,0.05098359
184.00000000,1766.00000000,0.05098375
184.00000000,1767.00000000,0.05098374
184.00000000,1768.00000000,0.05098378
184.00000000,1769.00000000,0.05098398
184.00000000,1770.00000000,0.05098418
184.00000000,1771.00000000,0.05098468
184.00000000,1772.00000000,0.05098512
184.00000000,1773.00000000,0.05098560
184.00000000,1774.00000000,0.05098634
184.00000000,1775.00000000,0.05098702
184.00000000,1776.00000000,0.05098795
184.00000000,1777.00000000,0.05098893
184.00000000,1778.00000000,0.05098997
184.00000000,1779.00000000,0.05099109
184.00000000,1780.00000000,0.05099224
184.00000000,1781.00000000,0.05099356
184.00000000,1782.00000000,0.05099494
184.00000000,1783.00000000,0.05099642
184.00000000,1784.00000000,0.05099808
184.00000000,1785.00000000,0.05099966
184.00000000,1786.00000000,0.05100128
184.00000000,1787.00000000,0.05100304
184.00000000,1788.00000000,0.05100492
184.00000000,1789.00000000,0.05100671
184.00000000,1790.00000000,0.05100874
184.00000000,1791.00000000,0.05101062
184.00000000,1792.00000000,0.05101267
184.00000000,1793.00000000,0.05101483
184.00000000,1794.00000000,0.05101698
184.00000000,1795.00000000,0.05101912
184.00000000,1796.00000000,0.05102129
184.00000000,1797.00000000,0.05102355
184.00000000,1798.00000000,0.05102589
184.00000000,1799.00000000,0.05102821
184.00000000,1800.00000000,0.05103057
184.00000000,1801.00000000,0.05103293
184.00000000,1802.00000000,0.05103536
184.00000000,1803.00000000,0.05103776
184.00000000,1804.00000000,0.05104031
184.00000000,1805.00000000,0.05104262
184.00000000,1806.00000000,0.05104512
184.00000000,1807.00000000,0.05104766
184.00000000,1808.00000000,0.05105023
184.00000000,1809.00000000,0.05105275
184.00000000,1810.00000000,0.05105526
184.00000000,1811.00000000,0.05105791
184.00000000,1812.00000000,0.05106048
184.00000000,1813.00000000,0.05106309
184.00000000,1814.00000000,0.05106567
184.00000000,1815.00000000,0.05106834
184.00000000,1816.00000000,0.05107090
184.00000000,1817.00000000,0.05107356
184.00000000,1818.00000000,0.05107625
184.00000000,1819.00000000,0.05107881
184.00000000,1820.00000000,0.05108153
184.00000000,1821.00000000,0.05108424
184.00000000,1822.00000000,0.05108679
184.00000000,1823.00000000,0.05108951
184.00000000,1824.00000000,0.05109216
184.00000000,1825.00000000,0.05109473
184.00000000,1826.00000000,0.05109745
184.00000000,1827.00000000,0.05110018
184.00000000,1828.00000000,0.05110268
184.00000000,1829.00000000,0.05110531
184.00000000,1830.00000000,0.05110794
184.00000000,1831.00000000,0.05111055
184.00000000,1832.00000000,0.05111313
184.00000000,1833.00000000,0.05111578
184.00000000,1834.00000000,0.05111830
184.00000000,1835.00000000,0.05112094
184.00000000,1836.00000000,0.05112334
184.00000000,1837.00000000,0.05112582
184.00000000,1838.00000000,0.05112833
184.00000000,1839.00000000,0.05113094
184.00000000,1840.00000000,0.05113335
184.00000000,1841.00000000,0.05113582
184.00000000,1842.00000000,0.05113826
184.00000000,1843.00000000,0.05114067
184.00000000,1844.00000000,0.05114309
184.00000000,1845.00000000,0.05114554
184.00000000,1846.00000000,0.05114777
184.00000000,1847.00000000,0.05115014
184.00000000,1848.00000000,0.05115244
184.00000000,1849.00000000,0.05115470
184.00000000,1850.00000000,0.05115694
184.00000000,1851.00000000,0.05115917
184.00000000,1852.00000000,0.05116139
184.00000000,1853.00000000,0.05116376
184.00000000,1854.00000000,0.05116624
184.00000000,1855.00000000,0.05116863
184.00000000,1856.00000000,0.05117104
184.00000000,1857.00000000,0.05117333
184.00000000,1858.00000000,0.05117561
184.00000000,1859.00000000,0.05117781
184.00000000,1860.00000000,0.05118000
184.00000000,1861.00000000,0.05118205
184.00000000,1862.00000000,0.05118401
184.00000000,1863.00000000,0.05118560
184.00000000,1864.00000000,0.05118674
184.00000000,1865.00000000,0.05118759
184.00000000,1866.00000000,0.05118820
184.00000000,1867.00000000,0.05118868
184.00000000,1868.00000000,0.05118888
184.00000000,1869.00000000,0.05118891
184.00000000,1870.00000000,0.05118878
184.00000000,1871.00000000,0.05118857
184.00000000,1872.00000000,0.05118840
184.00000000,1873.00000000,0.05118869
184.00000000,1874.00000000,0.05118936
184.00000000,1875.00000000,0.05119022
184.00000000,1876.00000000,0.05119126
184.00000000,1877.00000000,0.05119241
184.00000000,1878.00000000,0.05119369
184.00000000,1879.00000000,0.05119505
184.00000000,1880.00000000,0.05119644
184.00000000,1881.00000000,0.05119783
184.00000000,1882.00000000,0.05119923
184.00000000,1883.00000000,0.05120028
184.00000000,1884.00000000,0.05120105
184.00000000,1885.00000000,0.05120172
184.00000000,1886.00000000,0.05120219
184.00000000,1887.00000000,0.05120253
184.00000000,1888.00000000,0.05120285
184.00000000,1889.00000000,0.05120282
184.00000000,1890.00000000,0.05120265
184.00000000,1891.00000000,0.05120228
184.00000000,1892.00000000,0.05120167
184.00000000,1893.00000000,0.05120084
184.00000000,1894.00000000,0.05120014
184.00000000,1895.00000000,0.05119944
184.00000000,1896.00000000,0.05119876
184.00000000,1897.00000000,0.05119807
184.00000000,1898.00000000,0.05119721
184.00000000,1899.00000000,0.05119624
184.00000000,1900.00000000,0.05119507
184.00000000,1901.00000000,0.05119374
184.00000000,1902.00000000,0.05119241
184.00000000,1903.00000000,0.05119117
184.00000000,1904.00000000,0.05119003
184.00000000,1905.00000000,0.05118898
184.00000000,1906.00000000,0.05118810
184.00000000,1907.00000000,0.05118727
184.00000000,1908.00000000,0.05118639
184.00000000,1909.00000000,0.05118545
184.00000000,1910.00000000,0.05118455
184.00000000,1911.00000000,0.05118351
184.00000000,1912.00000000,0.05118206
184.00000000,1913.00000000,0.05117996
184.00000000,1914.00000000,0.05117724
184.00000000,1915.00000000,0.05117418
184.00000000,1916.00000000,0.05117106
184.00000000,1917.00000000,0.05116792
184.00000000,1918.00000000,0.05116462
184.00000000,1919.00000000,0.05116137
184.00000000,1920.00000000,0.05115849
184.00000000,1921.00000000,0.05115596
184.00000000,1922.00000000,0.05115411
184.00000000,1923.00000000,0.05115270
184.00000000,1924.00000000,0.05115132
184.00000000,1925.00000000,0.05114988
184.00000000,1926.00000000,0.05114834
184.00000000,1927.00000000,0.05114682
184.00000000,1928.00000000,0.05114535
184.00000000,1929.00000000,0.05114382
184.00000000,1930.00000000,0.05114242
184.00000000,1931.00000000,0.05114171
184.00000000,1932.00000000,0.05114188
184.00000000,1933.00000000,0.05114250
184.00000000,1934.00000000,0.05114350
184.00000000,1935.00000000,0.05114446
184.00000000,1936.00000000,0.05114508
184.00000000,1937.00000000,0.05114506
184.00000000,1938.00000000,0.05114419
184.00000000,1939.00000000,0.05114271
184.00000000,1940.00000000,0.05114079
184.00000000,1941.00000000,0.05113822
184.00000000,1942.00000000,0.05113493
184.00000000,1943.00000000,0.05113123
184.00000000,1944.00000000,0.05112718
184.00000000,1945.00000000,0.05112313
184.00000000,1946.00000000,0.05111977
184.00000000,1947.00000000,0.05111754
184.00000000,1948.00000000,0.05111591
184.00000000,1949.00000000,0.05111435
184.00000000,1950.00000000,0.05111748
184.00000000,1951.00000000,0.05111586
184.00000000,1952.00000000,0.05111471
184.00000000,1953.00000000,0.05111382
184.00000000,1954.00000000,0.05111292
184.00000000,1955.00000000,0.05111391
184.00000000,1956.00000000,0.05111333
184.00000000,1957.00000000,0.05111261
184.00000000,1958.00000000,0.05111159
184.00000000,1959.00000000,0.05111025
184.00000000,1960.00000000,0.05110767
184.00000000,1961.00000000,0.05110396
184.00000000,1962.00000000,0.05109970
184.00000000,1963.00000000,0.05109482
184.00000000,1964.00000000,0.05108927
184.00000000,1965.00000000,0.05108444
184.00000000,1966.00000000,0.05107705
184.00000000,1967.00000000,0.05106881
184.00000000,1968.00000000,0.05105960
184.00000000,1969.00000000,0.05104889
184.00000000,1970.00000000,0.05103661
184.00000000,1971.00000000,0.05102207
184.00000000,1972.00000000,0.05100479
184.00000000,1973.00000000,0.05098510
184.00000000,1974.00000000,0.05096341
184.00000000,1975.00000000,0.05094217
184.00000000,1976.00000000,0.05091903
184.00000000,1977.00000000,0.05089594
184.00000000,1978.00000000,0.05087274
184.00000000,1979.00000000,0.05084931
184.00000000,1980.00000000,0.05082537
184.00000000,1981.00000000,0.05080289
184.00000000,1982.00000000,0.05078012
184.00000000,1983.00000000,0.05076012
184.00000000,1984.00000000,0.05074443
184.00000000,1985.00000000,0.05072922
184.00000000,1986.00000000,0.05071829
184.00000000,1987.00000000,0.05070324
184.00000000,1988.00000000,0.05068980
184.00000000,1989.00000000,0.05067620
184.00000000,1990.00000000,0.05066377
184.00000000,1991.00000000,0.05064956
184.00000000,1992.00000000,0.05063565
184.00000000,1993.00000000,0.05062210
184.00000000,1994.00000000,0.05060921
184.00000000,1995.00000000,0.05059842
184.00000000,1996.00000000,0.05058619
184.00000000,1997.00000000,0.05057356
184.00000000,1998.00000000,0.05056040
184.00000000,1999.00000000,0.05054865
184.00000000,2000.00000000,0.05053703
184.00000000,2001.00000000,0.05052520
184.00000000,2002.00000000,0.05051139
184.00000000,2003.00000000,0.05049764
184.00000000,2004.00000000,0.05048307
184.00000000,2005.00000000,0.05046668
184.00000000,2006.00000000,0.05044926
184.00000000,2007.00000000,0.05042919
184.00000000,2008.00000000,0.05040515
184.00000000,2009.00000000,0.05038055
184.00000000,2010.00000000,0.05035250
184.00000000,2011.00000000,0.05032422
184.00000000,2012.00000000,0.05029261
184.00000000,2013.00000000,0.05025924
184.00000000,2014.00000000,0.05023339
184.00000000,2015.00000000,0.05019491
184.00000000,2016.00000000,0.05015620
184.00000000,2017.00000000,0.05011742
184.00000000,2018.00000000,0.05007551
184.00000000,2019.00000000,0.05003361
184.00000000,2020.00000000,0.04999492
184.00000000,2021.00000000,0.04994879
184.00000000,2022.00000000,0.04990298
184.00000000,2023.00000000,0.04985621
184.00000000,2024.00000000,0.04981005
184.00000000,2025.00000000,0.04976165
184.00000000,2026.00000000,0.04971412
184.00000000,2027.00000000,0.04966444
184.00000000,2028.00000000,0.04961577
184.00000000,2029.00000000,0.04956965
184.00000000,2030.00000000,0.04951693
184.00000000,2031.00000000,0.04946838
184.00000000,2032.00000000,0.04941624
184.00000000,2033.00000000,0.04936643
184.00000000,2034.00000000,0.04931735
184.00000000,2035.00000000,0.04926134
184.00000000,2036.00000000,0.04920907
184.00000000,2037.00000000,0.04915440
184.00000000,2038.00000000,0.04911092
184.00000000,2039.00000000,0.04905449
184.00000000,2040.00000000,0.04900178
184.00000000,2041.00000000,0.04894219
184.00000000,2042.00000000,0.04888175
184.00000000,2043.00000000,0.04882627
184.00000000,2044.00000000,0.04877416
184.00000000,2045.00000000,0.04871492
184.00000000,2046.00000000,0.04865156
184.00000000,2047.00000000,0.04859456
184.00000000,2048.00000000,0.04853809
184.00000000,2049.00000000,0.04847917
184.00000000,2050.00000000,0.04841347
184.00000000,2051.00000000,0.04835474
184.00000000,2052.00000000,0.04829050
184.00000000,2053.00000000,0.04822861
184.00000000,2054.00000000,0.04816320
184.00000000,2055.00000000,0.04810316
184.00000000,2056.00000000,0.04805448
184.00000000,2057.00000000,0.04799645
184.00000000,2058.00000000,0.04790705
184.00000000,2059.00000000,0.04785241
184.00000000,2060.00000000,0.04778116
184.00000000,2061.00000000,0.04770962
184.00000000,2062.00000000,0.04763583
184.00000000,2063.00000000,0.04758056
184.00000000,2064.00000000,0.04754329
184.00000000,2065.00000000,0.04747909
184.00000000,2066.00000000,0.04742425
184.00000000,2067.00000000,0.04737450
184.00000000,2068.00000000,0.04730677
184.00000000,2069.00000000,0.04723838
184.00000000,2070.00000000,0.04717369
184.00000000,2071.00000000,0.04712421
184.00000000,2072.00000000,0.04710150
184.00000000,2073.00000000,0.04703426
184.00000000,2074.00000000,0.04700989
184.00000000,2075.00000000,0.04696845
184.00000000,2076.00000000,0.04690856
184.00000000,2077.00000000,0.04684164
184.00000000,2078.00000000,0.04680042
184.00000000,2079.00000000,0.04677479
184.00000000,2080.00000000,0.04673630
184.00000000,2081.00000000,0.04671053
184.00000000,2082.00000000,0.04669182
184.00000000,2083.00000000,0.04669855
184.00000000,2084.00000000,0.04668568
184.00000000,2085.00000000,0.04666165
184.00000000,2086.00000000,0.04663355
184.00000000,2087.00000000,0.04665880
184.00000000,2088.00000000,0.04662365
184.00000000,2089.00000000,0.04663462
184.00000000,2090.00000000,0.04665370
184.00000000,2091.00000000,0.04671983
184.00000000,2092.00000000,0.04663213
184.00000000,2093.00000000,0.04664189
184.00000000,2094.00000000,0.04665141
184.00000000,2095.00000000,0.04663843
184.00000000,2096.00000000,0.04666273
184.00000000,2097.00000000,0.04671720
184.00000000,2098.00000000,0.04655506
184.00000000,2099.00000000,0.04650641
184.00000000,2100.00000000,0.04656281
184.00000000,2101.00000000,0.04660779
184.00000000,2102.00000000,0.04655304
184.00000000,2103.00000000,0.04634649
184.00000000,2104.00000000,0.04649467
184.00000000,2105.00000000,0.04629271
184.00000000,2106.00000000,0.04632800
184.00000000,2107.00000000,0.04647896
184.00000000,2108.00000000,0.04644962
184.00000000,2109.00000000,0.04644779
184.00000000,2110.00000000,0.04644176
184.00000000,2111.00000000,0.04653447
184.00000000,2112.00000000,0.04652402
184.00000000,2113.00000000,0.04662014
184.00000000,2114.00000000,0.04648149
184.00000000,2115.00000000,0.04631506
184.00000000,2116.00000000,0.04617706
184.00000000,2117.00000000,0.04623051
184.00000000,2118.00000000,0.04633172
184.00000000,2119.00000000,0.04639863
184.00000000,2120.00000000,0.04653373
184.00000000,2121.00000000,0.04663714
184.00000000,2122.00000000,0.04654236
184.00000000,2123.00000000,0.04660846
184.00000000,2124.00000000,0.04675345
184.00000000,2125.00000000,0.04680139
184.00000000,2126.00000000,0.04681367
184.00000000,2127.00000000,0.04688295
184.00000000,2128.00000000,0.04687574
184.00000000,2129.00000000,0.04657703
184.00000000,2130.00000000,0.04668979
184.00000000,2131.00000000,0.04690765
184.00000000,2132.00000000,0.04702231
184.00000000,2133.00000000,0.04696574
184.00000000,2134.00000000,0.04726594
184.00000000,2135.00000000,0.04746847
184.00000000,2136.00000000,0.04752288
184.00000000,2137.00000000,0.04760174
184.00000000,2138.00000000,0.04765341
184.00000000,2139.00000000,0.04791578
184.00000000,2140.00000000,0.04812106
184.00000000,2141.00000000,0.04826912
184.00000000,2142.00000000,0.04837485
184.00000000,2143.00000000,0.04857944
184.00000000,2144.00000000,0.04876205
184.00000000,2145.00000000,0.04881287
184.00000000,2146.00000000,0.04898576
184.00000000,2147.00000000,0.04921699
184.00000000,2148.00000000,0.04946583
184.00000000,2149.00000000,0.04968474
184.00000000,2150.00000000,0.04993611
184.00000000,2151.00000000,0.05011568
184.00000000,2152.00000000,0.05039374
184.00000000,2153.00000000,0.05072224
184.00000000,2154.00000000,0.05114080
184.00000000,2155.00000000,0.05139858
184.00000000,2156.00000000,0.05167739
184.00000000,2157.00000000,0.05205185
184.00000000,2158.00000000,0.05212158
184.00000000,2159.00000000,0.05214289
184.00000000,2160.00000000,0.05257057
184.00000000,2161.00000000,0.05283588
184.00000000,2162.00000000,0.05300905
184.00000000,2163.00000000,0.05346498
184.00000000,2164.00000000,0.05346544
184.00000000,2165.00000000,0.05331991
184.00000000,2166.00000000,0.05334417
184.00000000,2167.00000000,0.05340380
184.00000000,2168.00000000,0.05373477
184.00000000,2169.00000000,0.05403331
184.00000000,2170.00000000,0.05435118
184.00000000,2171.00000000,0.05464046
184.00000000,2172.00000000,0.05502544
184.00000000,2173.00000000,0.05529539
184.00000000,2174.00000000,0.05547175
184.00000000,2175.00000000,0.05569957
184.00000000,2176.00000000,0.05564399
184.00000000,2177.00000000,0.05575905
184.00000000,2178.00000000,0.05603038
184.00000000,2179.00000000,0.05632081
184.00000000,2180.00000000,0.05662484
184.00000000,2181.00000000,0.05689151
184.00000000,2182.00000000,0.05696729
184.00000000,2183.00000000,0.05706193
184.00000000,2184.00000000,0.05741527
184.00000000,2185.00000000,0.05776483
184.00000000,2186.00000000,0.05796814
184.00000000,2187.00000000,0.05856921
184.00000000,2188.00000000,0.05924235
184.00000000,2189.00000000,0.05979858
184.00000000,2190.00000000,0.06020684
184.00000000,2191.00000000,0.06061861
184.00000000,2192.00000000,0.06103398
184.00000000,2193.00000000,0.06145255
184.00000000,2194.00000000,0.06187436
184.00000000,2195.00000000,0.06239804
184.00000000,2196.00000000,0.06292533
184.00000000,2197.00000000,0.06345627
184.00000000,2198.00000000,0.06399082
184.00000000,2199.00000000,0.06452892
184.00000000,2200.00000000,0.06507061
184.00000000,2201.00000000,0.06561582
184.00000000,2202.00000000,0.06616452
184.00000000,2203.00000000,0.06671671
184.00000000,2204.00000000,0.06727236
184.00000000,2205.00000000,0.06778711
184.00000000,2206.00000000,0.06830515
184.00000000,2207.00000000,0.06882643
184.00000000,2208.00000000,0.06935102
184.00000000,2209.00000000,0.06987890
184.00000000,2210.00000000,0.07041007
184.00000000,2211.00000000,0.07094459
184.00000000,2212.00000000,0.07148249
184.00000000,2213.00000000,0.07202377
184.00000000,2214.00000000,0.07256854
184.00000000,2215.00000000,0.07321062
184.00000000,2216.00000000,0.07385654
184.00000000,2217.00000000,0.07450635
184.00000000,2218.00000000,0.07516000
184.00000000,2219.00000000,0.07581746
184.00000000,2220.00000000,0.07647877
184.00000000,2221.00000000,0.07714385
184.00000000,2222.00000000,0.07781278
184.00000000,2223.00000000,0.07848550
184.00000000,2224.00000000,0.07916201
184.00000000,2225.00000000,0.07991202
184.00000000,2226.00000000,0.08066609
184.00000000,2227.00000000,0.08142419
184.00000000,2228.00000000,0.08218634
184.00000000,2229.00000000,0.08295247
184.00000000,2230.00000000,0.08372251
184.00000000,2231.00000000,0.08449649
184.00000000,2232.00000000,0.08527433
184.00000000,2233.00000000,0.08605603
184.00000000,2234.00000000,0.08684152
184.00000000,2235.00000000,0.08762675
184.00000000,2236.00000000,0.08841572
184.00000000,2237.00000000,0.08920836
184.00000000,2238.00000000,0.09000459
184.00000000,2239.00000000,0.09080445
184.00000000,2240.00000000,0.09160784
184.00000000,2241.00000000,0.09241468
184.00000000,2242.00000000,0.09322499
184.00000000,2243.00000000,0.09403866
184.00000000,2244.00000000,0.09485557
184.00000000,2245.00000000,0.09551742
184.00000000,2246.00000000,0.09618171
184.00000000,2247.00000000,0.09684846
184.00000000,2248.00000000,0.09751764
184.00000000,2249.00000000,0.09818908
184.00000000,2250.00000000,0.09886217
184.00000000,2251.00000000,0.09953557
184.00000000,2252.00000000,0.10020800
184.00000000,2253.00000000,0.10087876
184.00000000,2254.00000000,0.10154743
184.00000000,2255.00000000,0.10206827
184.00000000,2256.00000000,0.10258613
184.00000000,2257.00000000,0.10310089
184.00000000,2258.00000000,0.10361262
184.00000000,2259.00000000,0.10412130
184.00000000,2260.00000000,0.10462691
184.00000000,2261.00000000,0.10512957
184.00000000,2262.00000000,0.10562938
184.00000000,2263.00000000,0.10612640
184.00000000,2264.00000000,0.10662073
184.00000000,2265.00000000,0.10702987
184.00000000,2266.00000000,0.10743605
184.00000000,2267.00000000,0.10783938
184.00000000,2268.00000000,0.10823986
184.00000000,2269.00000000,0.10863758
184.00000000,2270.00000000,0.10903256
184.00000000,2271.00000000,0.10942478
184.00000000,2272.00000000,0.10981436
184.00000000,2273.00000000,0.11020128
184.00000000,2274.00000000,0.11058552
184.00000000,2275.00000000,0.11088104
184.00000000,2276.00000000,0.11117371
184.00000000,2277.00000000,0.11146353
184.00000000,2278.00000000,0.11175064
184.00000000,2279.00000000,0.11203504
184.00000000,2280.00000000,0.11231672
184.00000000,2281.00000000,0.11259583
184.00000000,2282.00000000,0.11287228
184.00000000,2283.00000000,0.11314622
184.00000000,2284.00000000,0.11341761
184.00000000,2285.00000000,0.11361966
184.00000000,2286.00000000,0.11381908
184.00000000,2287.00000000,0.11401590
184.00000000,2288.00000000,0.11421007
184.00000000,2289.00000000,0.11440176
184.00000000,2290.00000000,0.11459092
184.00000000,2291.00000000,0.11477757
184.00000000,2292.00000000,0.11496183
184.00000000,2293.00000000,0.11514361
184.00000000,2294.00000000,0.11532307
184.00000000,2295.00000000,0.11550016
184.00000000,2296.00000000,0.11567488
184.00000000,2297.00000000,0.11584733
184.00000000,2298.00000000,0.11601753
184.00000000,2299.00000000,0.11618541
184.00000000,2300.00000000,0.11635109
184.00000000,2301.00000000,0.11651458
184.00000000,2302.00000000,0.11667579
184.00000000,2303.00000000,0.11683487
184.00000000,2304.00000000,0.11699178
184.00000000,2305.00000000,0.11714644
184.00000000,2306.00000000,0.11729902
184.00000000,2307.00000000,0.11744940
184.00000000,2308.00000000,0.11759771
184.00000000,2309.00000000,0.11774394
184.00000000,2310.00000000,0.11788798
184.00000000,2311.00000000,0.11803001
184.00000000,2312.00000000,0.11816999
184.00000000,2313.00000000,0.11830781
184.00000000,2314.00000000,0.11844365
184.00000000,2315.00000000,0.11857747
184.00000000,2316.00000000,0.11870916
184.00000000,2317.00000000,0.11883891
184.00000000,2318.00000000,0.11896653
184.00000000,2319.00000000,0.11909225
184.00000000,2320.00000000,0.11921595
184.00000000,2321.00000000,0.11933756
184.00000000,2322.00000000,0.11945723
184.00000000,2323.00000000,0.11957491
184.00000000,2324.00000000,0.11969051
184.00000000,2325.00000000,0.11980418
184.00000000,2326.00000000,0.11991583
184.00000000,2327.00000000,0.12002540
184.00000000,2328.00000000,0.12013304
184.00000000,2329.00000000,0.12023859
184.00000000,2330.00000000,0.12034218
184.00000000,2331.00000000,0.12044371
184.00000000,2332.00000000,0.12054312
184.00000000,2333.00000000,0.12064049
184.00000000,2334.00000000,0.12073568
184.00000000,2335.00000000,0.12036192
184.00000000,2336.00000000,0.11998551
184.00000000,2337.00000000,0.11960642
184.00000000,2338.00000000,0.11922465
184.00000000,2339.00000000,0.11884037
184.00000000,2340.00000000,0.11845361
184.00000000,2341.00000000,0.11806432
184.00000000,2342.00000000,0.11767270
184.00000000,2343.00000000,0.11727866
184.00000000,2344.00000000,0.11688239
184.00000000,2345.00000000,0.11648386
184.00000000,2346.00000000,0.11608306
184.00000000,2347.00000000,0.11568017
184.00000000,2348.00000000,0.11527516
184.00000000,2349.00000000,0.11486802
184.00000000,2350.00000000,0.11445892
184.00000000,2351.00000000,0.11404783
184.00000000,2352.00000000,0.11363474
184.00000000,2353.00000000,0.11321981
184.00000000,2354.00000000,0.11280297
184.00000000,2355.00000000,0.11238437
184.00000000,2356.00000000,0.11196400
184.00000000,2357.00000000,0.11154182
184.00000000,2358.00000000,0.11111801
184.00000000,2359.00000000,0.11069252
184.00000000,2360.00000000,0.11026536
184.00000000,2361.00000000,0.10983665
184.00000000,2362.00000000,0.10940637
184.00000000,2363.00000000,0.10897450
184.00000000,2364.00000000,0.10854120
184.00000000,2365.00000000,0.10810643
184.00000000,2366.00000000,0.10767016
184.00000000,2367.00000000,0.10723258
184.00000000,2368.00000000,0.10679354
184.00000000,2369.00000000,0.10635322
184.00000000,2370.00000000,0.10591159
184.00000000,2371.00000000,0.10546863
184.00000000,2372.00000000,0.10502446
184.00000000,2373.00000000,0.10457907
184.00000000,2374.00000000,0.10413241
184.00000000,2375.00000000,0.10368466
184.00000000,2376.00000000,0.10323575
184.00000000,2377.00000000,0.10278565
184.00000000,2378.00000000,0.10233453
184.00000000,2379.00000000,0.10188229
184.00000000,2380.00000000,0.10142905
184.00000000,2381.00000000,0.10097481
184.00000000,2382.00000000,0.10051950
184.00000000,2383.00000000,0.10006328
184.00000000,2384.00000000,0.09960613
184.00000000,2385.00000000,0.09914798
184.00000000,2386.00000000,0.09868900
184.00000000,2387.00000000,0.09822913
184.00000000,2388.00000000,0.09776834
184.00000000,2389.00000000,0.09730679
184.00000000,2390.00000000,0.09684442
184.00000000,2391.00000000,0.09638120
184.00000000,2392.00000000,0.09591726
184.00000000,2393.00000000,0.09545253
184.00000000,2394.00000000,0.09498711
184.00000000,2395.00000000,0.09452099
184.00000000,2396.00000000,0.09405413
184.00000000,2397.00000000,0.09358663
184.00000000,2398.00000000,0.09311851
184.00000000,2399.00000000,0.09264967
184.00000000,2400.00000000,0.09218030
184.00000000,2401.00000000,0.09171033
184.00000000,2402.00000000,0.09123971
184.00000000,2403.00000000,0.09076862
184.00000000,2404.00000000,0.09029693
184.00000000,2405.00000000,0.08982476
184.00000000,2406.00000000,0.08935212
184.00000000,2407.00000000,0.08887893
184.00000000,2408.00000000,0.08840533
184.00000000,2409.00000000,0.08793127
184.00000000,2410.00000000,0.08745673
184.00000000,2411.00000000,0.08698184
184.00000000,2412.00000000,0.08650655
184.00000000,2413.00000000,0.08603081
184.00000000,2414.00000000,0.08555476
184.00000000,2415.00000000,0.08507831
184.00000000,2416.00000000,0.08460157
184.00000000,2417.00000000,0.08412451
184.00000000,2418.00000000,0.08364709
184.00000000,2419.00000000,0.08316944
184.00000000,2420.00000000,0.08269152
184.00000000,2421.00000000,0.08221328
184.00000000,2422.00000000,0.08173485
184.00000000,2423.00000000,0.08125620
184.00000000,2424.00000000,0.08077728
184.00000000,2425.00000000,0.08029822
184.00000000,2426.00000000,0.07981897
184.00000000,2427.00000000,0.07933948
184.00000000,2428.00000000,0.07885991
184.00000000,2429.00000000,0.07838015
184.00000000,2430.00000000,0.07790034
184.00000000,2431.00000000,0.07742047
184.00000000,2432.00000000,0.07694050
184.00000000,2433.00000000,0.07656156
184.00000000,2434.00000000,0.07647993
184.00000000,2435.00000000,0.07647960
184.00000000,2436.00000000,0.07647947
184.00000000,2437.00000000,0.07647947
184.00000000,2438.00000000,0.07647954
184.00000000,2439.00000000,0.07647980
184.00000000,2440.00000000,0.07649286
184.00000000,2441.00000000,0.07650610
184.00000000,2442.00000000,0.07651947
184.00000000,2443.00000000,0.07653287
184.00000000,2444.00000000,0.07654646
184.00000000,2445.00000000,0.07653498
184.00000000,2446.00000000,0.07652353
184.00000000,2447.00000000,0.07651224
184.00000000,2448.00000000,0.07650103
184.00000000,2449.00000000,0.07648986
184.00000000,2450.00000000,0.07647884
184.00000000,2451.00000000,0.07646789
184.00000000,2452.00000000,0.07645696
184.00000000,2453.00000000,0.07644618
184.00000000,2454.00000000,0.07643541
184.00000000,2455.00000000,0.07642478
184.00000000,2456.00000000,0.07641421
184.00000000,2457.00000000,0.07640365
184.00000000,2458.00000000,0.07639322
184.00000000,2459.00000000,0.07638286
184.00000000,2460.00000000,0.07637140
184.00000000,2461.00000000,0.07636008
184.00000000,2462.00000000,0.07634882
184.00000000,2463.00000000,0.07633755
184.00000000,2464.00000000,0.07632640
184.00000000,2465.00000000,0.07631523
184.00000000,2466.00000000,0.07630420
184.00000000,2467.00000000,0.07629321
184.00000000,2468.00000000,0.07628221
184.00000000,2469.00000000,0.07627133
184.00000000,2470.00000000,0.07626049
184.00000000,2471.00000000,0.07624964
184.00000000,2472.00000000,0.07623889
184.00000000,2473.00000000,0.07622821
184.00000000,2474.00000000,0.07621748
184.00000000,2475.00000000,0.07620688
184.00000000,2476.00000000,0.07619624
184.00000000,2477.00000000,0.07618571
184.00000000,2478.00000000,0.07617524
184.00000000,2479.00000000,0.07616472
184.00000000,2480.00000000,0.07615430
184.00000000,2481.00000000,0.07614394
184.00000000,2482.00000000,0.07613353
184.00000000,2483.00000000,0.07612323
184.00000000,2484.00000000,0.07611297
184.00000000,2485.00000000,0.07610508
184.00000000,2486.00000000,0.07609731
184.00000000,2487.00000000,0.07608957
184.00000000,2488.00000000,0.07608177
184.00000000,2489.00000000,0.07607409
184.00000000,2490.00000000,0.07606636
184.00000000,2491.00000000,0.07605874
184.00000000,2492.00000000,0.07605114
184.00000000,2493.00000000,0.07604350
184.00000000,2494.00000000,0.07603596
184.00000000,2495.00000000,0.07602844
184.00000000,2496.00000000,0.07602087
184.00000000,2497.00000000,0.07601340
184.00000000,2498.00000000,0.07600597
184.00000000,2499.00000000,0.07599846
184.00000000,2500.00000000,0.07599107
185.00000000,1765.00000000,0.05069151
185.00000000,1766.00000000,0.05069146
185.00000000,1767.00000000,0.05069164
185.00000000,1768.00000000,0.05069169
185.00000000,1769.00000000,0.05069181
185.00000000,1770.00000000,0.05069210
185.00000000,1771.00000000,0.05069239
185.00000000,1772.00000000,0.05069299
185.00000000,1773.00000000,0.05069353
185.00000000,1774.00000000,0.05069410
185.00000000,1775.00000000,0.05069494
185.00000000,1776.00000000,0.05069571
185.00000000,1777.00000000,0.05069672
185.00000000,1778.00000000,0.05069780
185.00000000,1779.00000000,0.05069892
185.00000000,1780.00000000,0.05070013
185.00000000,1781.00000000,0.05070136
185.00000000,1782.00000000,0.05070274
185.00000000,1783.00000000,0.05070420
185.00000000,1784.00000000,0.05070574
185.00000000,1785.00000000,0.05070746
185.00000000,1786.00000000,0.05070911
185.00000000,1787.00000000,0.05071078
185.00000000,1788.00000000,0.05071259
185.00000000,1789.00000000,0.05071452
185.00000000,1790.00000000,0.05071635
185.00000000,1791.00000000,0.05071843
185.00000000,1792.00000000,0.05072036
185.00000000,1793.00000000,0.05072243
185.00000000,1794.00000000,0.05072462
185.00000000,1795.00000000,0.05072681
185.00000000,1796.00000000,0.05072897
185.00000000,1797.00000000,0.05073118
185.00000000,1798.00000000,0.05073346
185.00000000,1799.00000000,0.05073581
185.00000000,1800.00000000,0.05073816
185.00000000,1801.00000000,0.05074052
185.00000000,1802.00000000,0.05074289
185.00000000,1803.00000000,0.05074534
185.00000000,1804.00000000,0.05074774
185.00000000,1805.00000000,0.05075030
185.00000000,1806.00000000,0.05075262
185.00000000,1807.00000000,0.05075512
185.00000000,1808.00000000,0.05075767
185.00000000,1809.00000000,0.05076024
185.00000000,1810.00000000,0.05076276
185.00000000,1811.00000000,0.05076528
185.00000000,1812.00000000,0.05076792
185.00000000,1813.00000000,0.05077048
185.00000000,1814.00000000,0.05077310
185.00000000,1815.00000000,0.05077566
185.00000000,1816.00000000,0.05077834
185.00000000,1817.00000000,0.05078088
185.00000000,1818.00000000,0.05078353
185.00000000,1819.00000000,0.05078620
185.00000000,1820.00000000,0.05078875
185.00000000,1821.00000000,0.05079145
185.00000000,1822.00000000,0.05079415
185.00000000,1823.00000000,0.05079670
185.00000000,1824.00000000,0.05079939
185.00000000,1825.00000000,0.05080203
185.00000000,1826.00000000,0.05080458
185.00000000,1827.00000000,0.05080728
185.00000000,1828.00000000,0.05080998
185.00000000,1829.00000000,0.05081247
185.00000000,1830.00000000,0.05081508
185.00000000,1831.00000000,0.05081768
185.00000000,1832.00000000,0.05082025
185.00000000,1833.00000000,0.05082281
185.00000000,1834.00000000,0.05082542
185.00000000,1835.00000000,0.05082792
185.00000000,1836.00000000,0.05083053
185.00000000,1837.00000000,0.05083291
185.00000000,1838.00000000,0.05083536
185.00000000,1839.00000000,0.05083784
185.00000000,1840.00000000,0.05084041
185.00000000,1841.00000000,0.05084279
185.00000000,1842.00000000,0.05084523
185.00000000,1843.00000000,0.05084764
185.00000000,1844.00000000,0.05085001
185.00000000,1845.00000000,0.05085240
185.00000000,1846.00000000,0.05085480
185.00000000,1847.00000000,0.05085699
185.00000000,1848.00000000,0.05085933
185.00000000,1849.00000000,0.05086160
185.00000000,1850.00000000,0.05086382
185.00000000,1851.00000000,0.05086600
185.00000000,1852.00000000,0.05086817
185.00000000,1853.00000000,0.05087060
185.00000000,1854.00000000,0.05087306
185.00000000,1855.00000000,0.05087550
185.00000000,1856.00000000,0.05087779
185.00000000,1857.00000000,0.05088011
185.00000000,1858.00000000,0.05088233
185.00000000,1859.00000000,0.05088456
185.00000000,1860.00000000,0.05088670
185.00000000,1861.00000000,0.05088882
185.00000000,1862.00000000,0.05089073
185.00000000,1863.00000000,0.05089223
185.00000000,1864.00000000,0.05089345
185.00000000,1865.00000000,0.05089431
185.00000000,1866.00000000,0.05089490
185.00000000,1867.00000000,0.05089531
185.00000000,1868.00000000,0.05089559
185.00000000,1869.00000000,0.05089560
185.00000000,1870.00000000,0.05089546
185.00000000,1871.00000000,0.05089520
185.00000000,1872.00000000,0.05089508
185.00000000,1873.00000000,0.05089539
185.00000000,1874.00000000,0.05089601
185.00000000,1875.00000000,0.05089689
185.00000000,1876.00000000,0.05089793
185.00000000,1877.00000000,0.05089908
185.00000000,1878.00000000,0.05090032
185.00000000,1879.00000000,0.05090168
185.00000000,1880.00000000,0.05090307
185.00000000,1881.00000000,0.05090445
185.00000000,1882.00000000,0.05090583
185.00000000,1883.00000000,0.05090690
185.00000000,1884.00000000,0.05090767
185.00000000,1885.00000000,0.05090826
185.00000000,1886.00000000,0.05090879
185.00000000,1887.00000000,0.05090915
185.00000000,1888.00000000,0.05090935
185.00000000,1889.00000000,0.05090948
185.00000000,1890.00000000,0.05090922
185.00000000,1891.00000000,0.05090883
185.00000000,1892.00000000,0.05090823
185.00000000,1893.00000000,0.05090753
185.00000000,1894.00000000,0.05090668
185.00000000,1895.00000000,0.05090604
185.00000000,1896.00000000,0.05090535
185.00000000,1897.00000000,0.05090462
185.00000000,1898.00000000,0.05090385
185.00000000,1899.00000000,0.05090286
185.00000000,1900.00000000,0.05090168
185.00000000,1901.00000000,0.05090032
185.00000000,1902.00000000,0.05089907
185.00000000,1903.00000000,0.05089779
185.00000000,1904.00000000,0.05089663
185.00000000,1905.00000000,0.05089561
185.00000000,1906.00000000,0.05089471
185.00000000,1907.00000000,0.05089392
185.00000000,1908.00000000,0.05089302
185.00000000,1909.00000000,0.05089210
185.00000000,1910.00000000,0.05089117
185.00000000,1911.00000000,0.05089015
185.00000000,1912.00000000,0.05088868
185.00000000,1913.00000000,0.05088662
185.00000000,1914.00000000,0.05088388
185.00000000,1915.00000000,0.05088084
185.00000000,1916.00000000,0.05087774
185.00000000,1917.00000000,0.05087460
185.00000000,1918.00000000,0.05087134
185.00000000,1919.00000000,0.05086807
185.00000000,1920.00000000,0.05086517
185.00000000,1921.00000000,0.05086272
185.00000000,1922.00000000,0.05086081
185.00000000,1923.00000000,0.05085939
185.00000000,1924.00000000,0.05085806
185.00000000,1925.00000000,0.05085657
185.00000000,1926.00000000,0.05085506
185.00000000,1927.00000000,0.05085349
185.00000000,1928.00000000,0.05085204
185.00000000,1929.00000000,0.05085051
185.00000000,1930.00000000,0.05084909
185.00000000,1931.00000000,0.05084837
185.00000000,1932.00000000,0.05084851
185.00000000,1933.00000000,0.05084912
185.00000000,1934.00000000,0.05085009
185.00000000,1935.00000000,0.05085102
185.00000000,1936.00000000,0.05085158
185.00000000,1937.00000000,0.05085155
185.00000000,1938.00000000,0.05085065
185.00000000,1939.00000000,0.05084917
185.00000000,1940.00000000,0.05084722
185.00000000,1941.00000000,0.05084462
185.00000000,1942.00000000,0.05084132
185.00000000,1943.00000000,0.05083758
185.00000000,1944.00000000,0.05083352
185.00000000,1945.00000000,0.05082943
185.00000000,1946.00000000,0.05082603
185.00000000,1947.00000000,0.05082376
185.00000000,1948.00000000,0.05082206
185.00000000,1949.00000000,0.05082044
185.00000000,1950.00000000,0.05081879
185.00000000,1951.00000000,0.05082178
185.00000000,1952.00000000,0.05082060
185.00000000,1953.00000000,0.05081960
185.00000000,1954.00000000,0.05081866
185.00000000,1955.00000000,0.05081793
185.00000000,1956.00000000,0.05081891
185.00000000,1957.00000000,0.05081810
185.00000000,1958.00000000,0.05081704
185.00000000,1959.00000000,0.05081562
185.00000000,1960.00000000,0.05081300
185.00000000,1961.00000000,0.05080925
185.00000000,1962.00000000,0.05080493
185.00000000,1963.00000000,0.05080007
185.00000000,1964.00000000,0.05079445
185.00000000,1965.00000000,0.05078799
185.00000000,1966.00000000,0.05078221
185.00000000,1967.00000000,0.05077395
185.00000000,1968.00000000,0.05076470
185.00000000,1969.00000000,0.05075406
185.00000000,1970.00000000,0.05074174
185.00000000,1971.00000000,0.05072727
185.00000000,1972.00000000,0.05071000
185.00000000,1973.00000000,0.05069039
185.00000000,1974.00000000,0.05066882
185.00000000,1975.00000000,0.05064603
185.00000000,1976.00000000,0.05062454
185.00000000,1977.00000000,0.05060159
185.00000000,1978.00000000,0.05057843
185.00000000,1979.00000000,0.05055510
185.00000000,1980.00000000,0.05053127
185.00000000,1981.00000000,0.05050730
185.00000000,1982.00000000,0.05048619
185.00000000,1983.00000000,0.05046626
185.00000000,1984.00000000,0.05044905
185.00000000,1985.00000000,0.05043543
185.00000000,1986.00000000,0.05042145
185.00000000,1987.00000000,0.05041109
185.00000000,1988.00000000,0.05039618
185.00000000,1989.00000000,0.05038256
185.00000000,1990.00000000,0.05036860
185.00000000,1991.00000000,0.05035602
185.00000000,1992.00000000,0.05034215
185.00000000,1993.00000000,0.05032860
185.00000000,1994.00000000,0.05031579
185.00000000,1995.00000000,0.05030347
185.00000000,1996.00000000,0.05029278
185.00000000,1997.00000000,0.05028022
185.00000000,1998.00000000,0.05026710
185.00000000,1999.00000000,0.05025386
185.00000000,2000.00000000,0.05024220
185.00000000,2001.00000000,0.05023040
185.00000000,2002.00000000,0.05021824
185.00000000,2003.00000000,0.05020447
185.00000000,2004.00000000,0.05018998
185.00000000,2005.00000000,0.05017367
185.00000000,2006.00000000,0.05015471
185.00000000,2007.00000000,0.05013472
185.00000000,2008.00000000,0.05011237
185.00000000,2009.00000000,0.05008630
185.00000000,2010.00000000,0.05005989
185.00000000,2011.00000000,0.05003019
185.00000000,2012.00000000,0.05000031
185.00000000,2013.00000000,0.04996707
185.00000000,2014.00000000,0.04993205
185.00000000,2015.00000000,0.04990453
185.00000000,2016.00000000,0.04986450
185.00000000,2017.00000000,0.04982431
185.00000000,2018.00000000,0.04978413
185.00000000,2019.00000000,0.04974093
185.00000000,2020.00000000,0.04969781
185.00000000,2021.00000000,0.04965799
185.00000000,2022.00000000,0.04961091
185.00000000,2023.00000000,0.04956432
185.00000000,2024.00000000,0.04951690
185.00000000,2025.00000000,0.04947020
185.00000000,2026.00000000,0.04942137
185.00000000,2027.00000000,0.04937346
185.00000000,2028.00000000,0.04932347
185.00000000,2029.00000000,0.04927453
185.00000000,2030.00000000,0.04922817
185.00000000,2031.00000000,0.04917525
185.00000000,2032.00000000,0.04912637
185.00000000,2033.00000000,0.04907378
185.00000000,2034.00000000,0.04902339
185.00000000,2035.00000000,0.04897369
185.00000000,2036.00000000,0.04891707
185.00000000,2037.00000000,0.04886416
185.00000000,2038.00000000,0.04880891
185.00000000,2039.00000000,0.04876478
185.00000000,2040.00000000,0.04870784
185.00000000,2041.00000000,0.04865459
185.00000000,2042.00000000,0.04859442
185.00000000,2043.00000000,0.04853326
185.00000000,2044.00000000,0.04847698
185.00000000,2045.00000000,0.04842401
185.00000000,2046.00000000,0.04836397
185.00000000,2047.00000000,0.04829986
185.00000000,2048.00000000,0.04824210
185.00000000,2049.00000000,0.04818491
185.00000000,2050.00000000,0.04812534
185.00000000,2051.00000000,0.04805910
185.00000000,2052.00000000,0.04799982
185.00000000,2053.00000000,0.04793511
185.00000000,2054.00000000,0.04787280
185.00000000,2055.00000000,0.04780704
185.00000000,2056.00000000,0.04774666
185.00000000,2057.00000000,0.04769759
185.00000000,2058.00000000,0.04763927
185.00000000,2059.00000000,0.04754985
185.00000000,2060.00000000,0.04749496
185.00000000,2061.00000000,0.04742370
185.00000000,2062.00000000,0.04735247
185.00000000,2063.00000000,0.04727935
185.00000000,2064.00000000,0.04722485
185.00000000,2065.00000000,0.04718832
185.00000000,2066.00000000,0.04712515
185.00000000,2067.00000000,0.04707130
185.00000000,2068.00000000,0.04702252
185.00000000,2069.00000000,0.04695586
185.00000000,2070.00000000,0.04688852
185.00000000,2071.00000000,0.04682488
185.00000000,2072.00000000,0.04677656
185.00000000,2073.00000000,0.04675506
185.00000000,2074.00000000,0.04668952
185.00000000,2075.00000000,0.04666656
185.00000000,2076.00000000,0.04662668
185.00000000,2077.00000000,0.04656844
185.00000000,2078.00000000,0.04650319
185.00000000,2079.00000000,0.04646337
185.00000000,2080.00000000,0.04643898
185.00000000,2081.00000000,0.04640182
185.00000000,2082.00000000,0.04637734
185.00000000,2083.00000000,0.04635996
185.00000000,2084.00000000,0.04636789
185.00000000,2085.00000000,0.04635634
185.00000000,2086.00000000,0.04633368
185.00000000,2087.00000000,0.04630692
185.00000000,2088.00000000,0.04633310
185.00000000,2089.00000000,0.04629924
185.00000000,2090.00000000,0.04631111
185.00000000,2091.00000000,0.04633104
185.00000000,2092.00000000,0.04639778
185.00000000,2093.00000000,0.04631186
185.00000000,2094.00000000,0.04632275
185.00000000,2095.00000000,0.04633342
185.00000000,2096.00000000,0.04632173
185.00000000,2097.00000000,0.04634702
185.00000000,2098.00000000,0.04640223
185.00000000,2099.00000000,0.04624223
185.00000000,2100.00000000,0.04619492
185.00000000,2101.00000000,0.04625195
185.00000000,2102.00000000,0.04629773
185.00000000,2103.00000000,0.04624453
185.00000000,2104.00000000,0.04604056
185.00000000,2105.00000000,0.04618897
185.00000000,2106.00000000,0.04598954
185.00000000,2107.00000000,0.04602576
185.00000000,2108.00000000,0.04617684
185.00000000,2109.00000000,0.04614876
185.00000000,2110.00000000,0.04614797
185.00000000,2111.00000000,0.04614296
185.00000000,2112.00000000,0.04623601
185.00000000,2113.00000000,0.04622653
185.00000000,2114.00000000,0.04632290
185.00000000,2115.00000000,0.04618596
185.00000000,2116.00000000,0.04602137
185.00000000,2117.00000000,0.04588501
185.00000000,2118.00000000,0.04593884
185.00000000,2119.00000000,0.04604011
185.00000000,2120.00000000,0.04610729
185.00000000,2121.00000000,0.04624220
185.00000000,2122.00000000,0.04634560
185.00000000,2123.00000000,0.04625203
185.00000000,2124.00000000,0.04631831
185.00000000,2125.00000000,0.04646298
185.00000000,2126.00000000,0.04651119
185.00000000,2127.00000000,0.04652396
185.00000000,2128.00000000,0.04659336
185.00000000,2129.00000000,0.04658675
185.00000000,2130.00000000,0.04629041
185.00000000,2131.00000000,0.04640299
185.00000000,2132.00000000,0.04662003
185.00000000,2133.00000000,0.04673448
185.00000000,2134.00000000,0.04667875
185.00000000,2135.00000000,0.04697760
185.00000000,2136.00000000,0.04717937
185.00000000,2137.00000000,0.04723392
185.00000000,2138.00000000,0.04731275
185.00000000,2139.00000000,0.04736456
185.00000000,2140.00000000,0.04762579
185.00000000,2141.00000000,0.04783027
185.00000000,2142.00000000,0.04797787
185.00000000,2143.00000000,0.04808339
185.00000000,2144.00000000,0.04828718
185.00000000,2145.00000000,0.04846911
185.00000000,2146.00000000,0.04852005
185.00000000,2147.00000000,0.04869232
185.00000000,2148.00000000,0.04892258
185.00000000,2149.00000000,0.04917035
185.00000000,2150.00000000,0.04938836
185.00000000,2151.00000000,0.04963891
185.00000000,2152.00000000,0.04981885
185.00000000,2153.00000000,0.05009742
185.00000000,2154.00000000,0.05042648
185.00000000,2155.00000000,0.05084528
185.00000000,2156.00000000,0.05110431
185.00000000,2157.00000000,0.05138424
185.00000000,2158.00000000,0.05175924
185.00000000,2159.00000000,0.05183117
185.00000000,2160.00000000,0.05185488
185.00000000,2161.00000000,0.05228266
185.00000000,2162.00000000,0.05254889
185.00000000,2163.00000000,0.05272343
185.00000000,2164.00000000,0.05317916
185.00000000,2165.00000000,0.05318180
185.00000000,2166.00000000,0.05303914
185.00000000,2167.00000000,0.05306530
185.00000000,2168.00000000,0.05312659
185.00000000,2169.00000000,0.05345777
185.00000000,2170.00000000,0.05375665
185.00000000,2171.00000000,0.05407474
185.00000000,2172.00000000,0.05436434
185.00000000,2173.00000000,0.05474913
185.00000000,2174.00000000,0.05501945
185.00000000,2175.00000000,0.05519661
185.00000000,2176.00000000,0.05542494
185.00000000,2177.00000000,0.05537124
185.00000000,2178.00000000,0.05548731
185.00000000,2179.00000000,0.05575885
185.00000000,2180.00000000,0.05604938
185.00000000,2181.00000000,0.05635344
185.00000000,2182.00000000,0.05662029
185.00000000,2183.00000000,0.05669714
185.00000000,2184.00000000,0.05679273
185.00000000,2185.00000000,0.05714579
185.00000000,2186.00000000,0.05749508
185.00000000,2187.00000000,0.05769880
185.00000000,2188.00000000,0.05829841
185.00000000,2189.00000000,0.05896977
185.00000000,2190.00000000,0.05952477
185.00000000,2191.00000000,0.05993246
185.00000000,2192.00000000,0.06034365
185.00000000,2193.00000000,0.06075843
185.00000000,2194.00000000,0.06117638
185.00000000,2195.00000000,0.06159756
185.00000000,2196.00000000,0.06212015
185.00000000,2197.00000000,0.06264635
185.00000000,2198.00000000,0.06317619
185.00000000,2199.00000000,0.06370961
185.00000000,2200.00000000,0.06424659
185.00000000,2201.00000000,0.06478713
185.00000000,2202.00000000,0.06533120
185.00000000,2203.00000000,0.06587874
185.00000000,2204.00000000,0.06642978
185.00000000,2205.00000000,0.06698426
185.00000000,2206.00000000,0.06749802
185.00000000,2207.00000000,0.06801507
185.00000000,2208.00000000,0.06853535
185.00000000,2209.00000000,0.06905893
185.00000000,2210.00000000,0.06958579
185.00000000,2211.00000000,0.07011594
185.00000000,2212.00000000,0.07064944
185.00000000,2213.00000000,0.07118631
185.00000000,2214.00000000,0.07172656
185.00000000,2215.00000000,0.07227028
185.00000000,2216.00000000,0.07291093
185.00000000,2217.00000000,0.07355542
185.00000000,2218.00000000,0.07420379
185.00000000,2219.00000000,0.07485601
185.00000000,2220.00000000,0.07551203
185.00000000,2221.00000000,0.07617189
185.00000000,2222.00000000,0.07683554
185.00000000,2223.00000000,0.07750301
185.00000000,2224.00000000,0.07817430
185.00000000,2225.00000000,0.07884937
185.00000000,2226.00000000,0.07959764
185.00000000,2227.00000000,0.08035001
185.00000000,2228.00000000,0.08110639
185.00000000,2229.00000000,0.08186682
185.00000000,2230.00000000,0.08263123
185.00000000,2231.00000000,0.08339957
185.00000000,2232.00000000,0.08417185
185.00000000,2233.00000000,0.08494798
185.00000000,2234.00000000,0.08572797
185.00000000,2235.00000000,0.08651177
185.00000000,2236.00000000,0.08729533
185.00000000,2237.00000000,0.08808263
185.00000000,2238.00000000,0.08887360
185.00000000,2239.00000000,0.08966817
185.00000000,2240.00000000,0.09046637
185.00000000,2241.00000000,0.09126811
185.00000000,2242.00000000,0.09207331
185.00000000,2243.00000000,0.09288198
185.00000000,2244.00000000,0.09369401
185.00000000,2245.00000000,0.09450930
185.00000000,2246.00000000,0.09517012
185.00000000,2247.00000000,0.09583337
185.00000000,2248.00000000,0.09649910
185.00000000,2249.00000000,0.09716715
185.00000000,2250.00000000,0.09783682
185.00000000,2251.00000000,0.09850689
185.00000000,2252.00000000,0.09917608
185.00000000,2253.00000000,0.09984364
185.00000000,2254.00000000,0.10050924
185.00000000,2255.00000000,0.10117262
185.00000000,2256.00000000,0.10168869
185.00000000,2257.00000000,0.10220177
185.00000000,2258.00000000,0.10271179
185.00000000,2259.00000000,0.10321884
185.00000000,2260.00000000,0.10372289
185.00000000,2261.00000000,0.10422399
185.00000000,2262.00000000,0.10472230
185.00000000,2263.00000000,0.10521791
185.00000000,2264.00000000,0.10571083
185.00000000,2265.00000000,0.10620116
185.00000000,2266.00000000,0.10660670
185.00000000,2267.00000000,0.10700935
185.00000000,2268.00000000,0.10740924
185.00000000,2269.00000000,0.10780633
185.00000000,2270.00000000,0.10820074
185.00000000,2271.00000000,0.10859245
185.00000000,2272.00000000,0.10898149
185.00000000,2273.00000000,0.10936793
185.00000000,2274.00000000,0.10975178
185.00000000,2275.00000000,0.11013300
185.00000000,2276.00000000,0.11042591
185.00000000,2277.00000000,0.11071603
185.00000000,2278.00000000,0.11100335
185.00000000,2279.00000000,0.11128803
185.00000000,2280.00000000,0.11157004
185.00000000,2281.00000000,0.11184939
185.00000000,2282.00000000,0.11212621
185.00000000,2283.00000000,0.11240043
185.00000000,2284.00000000,0.11267217
185.00000000,2285.00000000,0.11294142
185.00000000,2286.00000000,0.11314163
185.00000000,2287.00000000,0.11333929
185.00000000,2288.00000000,0.11353436
185.00000000,2289.00000000,0.11372684
185.00000000,2290.00000000,0.11391686
185.00000000,2291.00000000,0.11410442
185.00000000,2292.00000000,0.11428949
185.00000000,2293.00000000,0.11447219
185.00000000,2294.00000000,0.11465248
185.00000000,2295.00000000,0.11483045
185.00000000,2296.00000000,0.11500612
185.00000000,2297.00000000,0.11517942
185.00000000,2298.00000000,0.11535052
185.00000000,2299.00000000,0.11551937
185.00000000,2300.00000000,0.11568592
185.00000000,2301.00000000,0.11585034
185.00000000,2302.00000000,0.11601255
185.00000000,2303.00000000,0.11617252
185.00000000,2304.00000000,0.11633039
185.00000000,2305.00000000,0.11648608
185.00000000,2306.00000000,0.11663958
185.00000000,2307.00000000,0.11679102
185.00000000,2308.00000000,0.11694026
185.00000000,2309.00000000,0.11708749
185.00000000,2310.00000000,0.11723264
185.00000000,2311.00000000,0.11737561
185.00000000,2312.00000000,0.11751663
185.00000000,2313.00000000,0.11765561
185.00000000,2314.00000000,0.11779243
185.00000000,2315.00000000,0.11792733
185.00000000,2316.00000000,0.11806021
185.00000000,2317.00000000,0.11819098
185.00000000,2318.00000000,0.11831981
185.00000000,2319.00000000,0.11844657
185.00000000,2320.00000000,0.11857143
185.00000000,2321.00000000,0.11869429
185.00000000,2322.00000000,0.11881505
185.00000000,2323.00000000,0.11893394
185.00000000,2324.00000000,0.11905083
185.00000000,2325.00000000,0.11916566
185.00000000,2326.00000000,0.11927856
185.00000000,2327.00000000,0.11938948
185.00000000,2328.00000000,0.11949834
185.00000000,2329.00000000,0.11960528
185.00000000,2330.00000000,0.11971014
185.00000000,2331.00000000,0.11981304
185.00000000,2332.00000000,0.11991393
185.00000000,2333.00000000,0.12001269
185.00000000,2334.00000000,0.12010944
185.00000000,2335.00000000,0.12020402
185.00000000,2336.00000000,0.11983173
185.00000000,2337.00000000,0.11945679
185.00000000,2338.00000000,0.11907920
185.00000000,2339.00000000,0.11869893
185.00000000,2340.00000000,0.11831620
185.00000000,2341.00000000,0.11793098
185.00000000,2342.00000000,0.11754326
185.00000000,2343.00000000,0.11715322
185.00000000,2344.00000000,0.11676078
185.00000000,2345.00000000,0.11636612
185.00000000,2346.00000000,0.11596922
185.00000000,2347.00000000,0.11557006
185.00000000,2348.00000000,0.11516882
185.00000000,2349.00000000,0.11476549
185.00000000,2350.00000000,0.11436003
185.00000000,2351.00000000,0.11395262
185.00000000,2352.00000000,0.11354324
185.00000000,2353.00000000,0.11313188
185.00000000,2354.00000000,0.11271869
185.00000000,2355.00000000,0.11230360
185.00000000,2356.00000000,0.11188676
185.00000000,2357.00000000,0.11146816
185.00000000,2358.00000000,0.11104777
185.00000000,2359.00000000,0.11062574
185.00000000,2360.00000000,0.11020207
185.00000000,2361.00000000,0.10977671
185.00000000,2362.00000000,0.10934982
185.00000000,2363.00000000,0.10892137
185.00000000,2364.00000000,0.10849134
185.00000000,2365.00000000,0.10805988
185.00000000,2366.00000000,0.10762697
185.00000000,2367.00000000,0.10719258
185.00000000,2368.00000000,0.10675685
185.00000000,2369.00000000,0.10631970
185.00000000,2370.00000000,0.10588126
185.00000000,2371.00000000,0.10544153
185.00000000,2372.00000000,0.10500047
185.00000000,2373.00000000,0.10455821
185.00000000,2374.00000000,0.10411473
185.00000000,2375.00000000,0.10367001
185.00000000,2376.00000000,0.10322418
185.00000000,2377.00000000,0.10277720
185.00000000,2378.00000000,0.10232905
185.00000000,2379.00000000,0.10187988
185.00000000,2380.00000000,0.10142959
185.00000000,2381.00000000,0.10097830
185.00000000,2382.00000000,0.10052603
185.00000000,2383.00000000,0.10007269
185.00000000,2384.00000000,0.09961846
185.00000000,2385.00000000,0.09916327
185.00000000,2386.00000000,0.09870710
185.00000000,2387.00000000,0.09825011
185.00000000,2388.00000000,0.09779224
185.00000000,2389.00000000,0.09733346
185.00000000,2390.00000000,0.09687390
185.00000000,2391.00000000,0.09641355
185.00000000,2392.00000000,0.09595233
185.00000000,2393.00000000,0.09549043
185.00000000,2394.00000000,0.09502770
185.00000000,2395.00000000,0.09456432
185.00000000,2396.00000000,0.09410021
185.00000000,2397.00000000,0.09363538
185.00000000,2398.00000000,0.09316994
185.00000000,2399.00000000,0.09270384
185.00000000,2400.00000000,0.09223706
185.00000000,2401.00000000,0.09176973
185.00000000,2402.00000000,0.09130180
185.00000000,2403.00000000,0.09083325
185.00000000,2404.00000000,0.09036421
185.00000000,2405.00000000,0.08989457
185.00000000,2406.00000000,0.08942449
185.00000000,2407.00000000,0.08895391
185.00000000,2408.00000000,0.08848279
185.00000000,2409.00000000,0.08801125
185.00000000,2410.00000000,0.08753929
185.00000000,2411.00000000,0.08706682
185.00000000,2412.00000000,0.08659401
185.00000000,2413.00000000,0.08612080
185.00000000,2414.00000000,0.08564714
185.00000000,2415.00000000,0.08517317
185.00000000,2416.00000000,0.08469880
185.00000000,2417.00000000,0.08422416
185.00000000,2418.00000000,0.08374920
185.00000000,2419.00000000,0.08327387
185.00000000,2420.00000000,0.08279832
185.00000000,2421.00000000,0.08232249
185.00000000,2422.00000000,0.08184635
185.00000000,2423.00000000,0.08137002
185.00000000,2424.00000000,0.08089347
185.00000000,2425.00000000,0.08041663
185.00000000,2426.00000000,0.07993967
185.00000000,2427.00000000,0.07946253
185.00000000,2428.00000000,0.07898515
185.00000000,2429.00000000,0.07850769
185.00000000,2430.00000000,0.07803003
185.00000000,2431.00000000,0.07755232
185.00000000,2432.00000000,0.07707456
185.00000000,2433.00000000,0.07659669
185.00000000,2434.00000000,0.07621942
185.00000000,2435.00000000,0.07613811
185.00000000,2436.00000000,0.07613775
185.00000000,2437.00000000,0.07613758
185.00000000,2438.00000000,0.07613755
185.00000000,2439.00000000,0.07613758
185.00000000,2440.00000000,0.07613780
185.00000000,2441.00000000,0.07615077
185.00000000,2442.00000000,0.07616391
185.00000000,2443.00000000,0.07617718
185.00000000,2444.00000000,0.07619050
185.00000000,2445.00000000,0.07620398
185.00000000,2446.00000000,0.07619250
185.00000000,2447.00000000,0.07618107
185.00000000,2448.00000000,0.07616979
185.00000000,2449.00000000,0.07615860
185.00000000,2450.00000000,0.07614743
185.00000000,2451.00000000,0.07613642
185.00000000,2452.00000000,0.07612548
185.00000000,2453.00000000,0.07611456
185.00000000,2454.00000000,0.07610379
185.00000000,2455.00000000,0.07609302
185.00000000,2456.00000000,0.07608239
185.00000000,2457.00000000,0.07607184
185.00000000,2458.00000000,0.07606128
185.00000000,2459.00000000,0.07605085
185.00000000,2460.00000000,0.07604050
185.00000000,2461.00000000,0.07602905
185.00000000,2462.00000000,0.07601773
185.00000000,2463.00000000,0.07600648
185.00000000,2464.00000000,0.07599521
185.00000000,2465.00000000,0.07598407
185.00000000,2466.00000000,0.07597292
185.00000000,2467.00000000,0.07596188
185.00000000,2468.00000000,0.07595090
185.00000000,2469.00000000,0.07593991
185.00000000,2470.00000000,0.07592903
185.00000000,2471.00000000,0.07591820
185.00000000,2472.00000000,0.07590735
185.00000000,2473.00000000,0.07589661
185.00000000,2474.00000000,0.07588592
185.00000000,2475.00000000,0.07587520
185.00000000,2476.00000000,0.07586461
185.00000000,2477.00000000,0.07585398
185.00000000,2478.00000000,0.07584345
185.00000000,2479.00000000,0.07583297
185.00000000,2480.00000000,0.07582246
185.00000000,2481.00000000,0.07581205
185.00000000,2482.00000000,0.07580169
185.00000000,2483.00000000,0.07579128
185.00000000,2484.00000000,0.07578099
185.00000000,2485.00000000,0.07577072
185.00000000,2486.00000000,0.07576283
185.00000000,2487.00000000,0.07575504
185.00000000,2488.00000000,0.07574729
185.00000000,2489.00000000,0.07573948
185.00000000,2490.00000000,0.07573179
185.00000000,2491.00000000,0.07572406
185.00000000,2492.00000000,0.07571642
185.00000000,2493.00000000,0.07570882
185.00000000,2494.00000000,0.07570116
185.00000000,2495.00000000,0.07569361
185.00000000,2496.00000000,0.07568608
185.00000000,2497.00000000,0.07567850
185.00000000,2498.00000000,0.07567103
185.00000000,2499.00000000,0.07566358
185.00000000,2500.00000000,0.07565607
186.00000000,1765.00000000,0.05040105
186.00000000,1766.00000000,0.05040106
186.00000000,1767.00000000,0.05040104
186.00000000,1768.00000000,0.05040128
186.00000000,1769.00000000,0.05040140
186.00000000,1770.00000000,0.05040161
186.00000000,1771.00000000,0.05040200
186.00000000,1772.00000000,0.05040239
186.00000000,1773.00000000,0.05040307
186.00000000,1774.00000000,0.05040371
186.00000000,1775.00000000,0.05040437
186.00000000,1776.00000000,0.05040531
186.00000000,1777.00000000,0.05040616
186.00000000,1778.00000000,0.05040727
186.00000000,1779.00000000,0.05040843
186.00000000,1780.00000000,0.05040964
186.00000000,1781.00000000,0.05041093
186.00000000,1782.00000000,0.05041222
186.00000000,1783.00000000,0.05041368
186.00000000,1784.00000000,0.05041520
186.00000000,1785.00000000,0.05041680
186.00000000,1786.00000000,0.05041858
186.00000000,1787.00000000,0.05042028
186.00000000,1788.00000000,0.05042201
186.00000000,1789.00000000,0.05042387
186.00000000,1790.00000000,0.05042584
186.00000000,1791.00000000,0.05042772
186.00000000,1792.00000000,0.05042984
186.00000000,1793.00000000,0.05043179
186.00000000,1794.00000000,0.05043391
186.00000000,1795.00000000,0.05043613
186.00000000,1796.00000000,0.05043834
186.00000000,1797.00000000,0.05044052
186.00000000,1798.00000000,0.05044276
186.00000000,1799.00000000,0.05044505
186.00000000,1800.00000000,0.05044742
186.00000000,1801.00000000,0.05044979
186.00000000,1802.00000000,0.05045216
186.00000000,1803.00000000,0.05045454
186.00000000,1804.00000000,0.05045699
186.00000000,1805.00000000,0.05045940
186.00000000,1806.00000000,0.05046197
186.00000000,1807.00000000,0.05046429
186.00000000,1808.00000000,0.05046680
186.00000000,1809.00000000,0.05046935
186.00000000,1810.00000000,0.05047192
186.00000000,1811.00000000,0.05047445
186.00000000,1812.00000000,0.05047696
186.00000000,1813.00000000,0.05047960
186.00000000,1814.00000000,0.05048216
186.00000000,1815.00000000,0.05048476
186.00000000,1816.00000000,0.05048733
186.00000000,1817.00000000,0.05048999
186.00000000,1818.00000000,0.05049252
186.00000000,1819.00000000,0.05049515
186.00000000,1820.00000000,0.05049782
186.00000000,1821.00000000,0.05050035
186.00000000,1822.00000000,0.05050304
186.00000000,1823.00000000,0.05050573
186.00000000,1824.00000000,0.05050825
186.00000000,1825.00000000,0.05051094
186.00000000,1826.00000000,0.05051355
186.00000000,1827.00000000,0.05051608
186.00000000,1828.00000000,0.05051876
186.00000000,1829.00000000,0.05052145
186.00000000,1830.00000000,0.05052391
186.00000000,1831.00000000,0.05052649
186.00000000,1832.00000000,0.05052905
186.00000000,1833.00000000,0.05053160
186.00000000,1834.00000000,0.05053413
186.00000000,1835.00000000,0.05053672
186.00000000,1836.00000000,0.05053920
186.00000000,1837.00000000,0.05054177
186.00000000,1838.00000000,0.05054412
186.00000000,1839.00000000,0.05054653
186.00000000,1840.00000000,0.05054898
186.00000000,1841.00000000,0.05055153
186.00000000,1842.00000000,0.05055387
186.00000000,1843.00000000,0.05055628
186.00000000,1844.00000000,0.05055866
186.00000000,1845.00000000,0.05056099
186.00000000,1846.00000000,0.05056334
186.00000000,1847.00000000,0.05056571
186.00000000,1848.00000000,0.05056786
186.00000000,1849.00000000,0.05057016
186.00000000,1850.00000000,0.05057239
186.00000000,1851.00000000,0.05057455
186.00000000,1852.00000000,0.05057668
186.00000000,1853.00000000,0.05057906
186.00000000,1854.00000000,0.05058158
186.00000000,1855.00000000,0.05058400
186.00000000,1856.00000000,0.05058633
186.00000000,1857.00000000,0.05058854
186.00000000,1858.00000000,0.05059080
186.00000000,1859.00000000,0.05059295
186.00000000,1860.00000000,0.05059512
186.00000000,1861.00000000,0.05059720
186.00000000,1862.00000000,0.05059918
186.00000000,1863.00000000,0.05060063
186.00000000,1864.00000000,0.05060177
186.00000000,1865.00000000,0.05060270
186.00000000,1866.00000000,0.05060331
186.00000000,1867.00000000,0.05060370
186.00000000,1868.00000000,0.05060391
186.00000000,1869.00000000,0.05060400
186.00000000,1870.00000000,0.05060384
186.00000000,1871.00000000,0.05060358
186.00000000,1872.00000000,0.05060341
186.00000000,1873.00000000,0.05060376
186.00000000,1874.00000000,0.05060439
186.00000000,1875.00000000,0.05060523
186.00000000,1876.00000000,0.05060628
186.00000000,1877.00000000,0.05060743
186.00000000,1878.00000000,0.05060868
186.00000000,1879.00000000,0.05061000
186.00000000,1880.00000000,0.05061138
186.00000000,1881.00000000,0.05061276
186.00000000,1882.00000000,0.05061414
186.00000000,1883.00000000,0.05061520
186.00000000,1884.00000000,0.05061599
186.00000000,1885.00000000,0.05061656
186.00000000,1886.00000000,0.05061701
186.00000000,1887.00000000,0.05061744
186.00000000,1888.00000000,0.05061767
186.00000000,1889.00000000,0.05061767
186.00000000,1890.00000000,0.05061758
186.00000000,1891.00000000,0.05061709
186.00000000,1892.00000000,0.05061648
186.00000000,1893.00000000,0.05061579
186.00000000,1894.00000000,0.05061506
186.00000000,1895.00000000,0.05061428
186.00000000,1896.00000000,0.05061365
186.00000000,1897.00000000,0.05061291
186.00000000,1898.00000000,0.05061211
186.00000000,1899.00000000,0.05061119
186.00000000,1900.00000000,0.05060999
186.00000000,1901.00000000,0.05060863
186.00000000,1902.00000000,0.05060736
186.00000000,1903.00000000,0.05060615
186.00000000,1904.00000000,0.05060495
186.00000000,1905.00000000,0.05060391
186.00000000,1906.00000000,0.05060304
186.00000000,1907.00000000,0.05060223
186.00000000,1908.00000000,0.05060137
186.00000000,1909.00000000,0.05060042
186.00000000,1910.00000000,0.05059951
186.00000000,1911.00000000,0.05059847
186.00000000,1912.00000000,0.05059703
186.00000000,1913.00000000,0.05059494
186.00000000,1914.00000000,0.05059225
186.00000000,1915.00000000,0.05058919
186.00000000,1916.00000000,0.05058612
186.00000000,1917.00000000,0.05058299
186.00000000,1918.00000000,0.05057973
186.00000000,1919.00000000,0.05057650
186.00000000,1920.00000000,0.05057358
186.00000000,1921.00000000,0.05057111
186.00000000,1922.00000000,0.05056927
186.00000000,1923.00000000,0.05056779
186.00000000,1924.00000000,0.05056645
186.00000000,1925.00000000,0.05056501
186.00000000,1926.00000000,0.05056345
186.00000000,1927.00000000,0.05056192
186.00000000,1928.00000000,0.05056042
186.00000000,1929.00000000,0.05055891
186.00000000,1930.00000000,0.05055749
186.00000000,1931.00000000,0.05055674
186.00000000,1932.00000000,0.05055686
186.00000000,1933.00000000,0.05055744
186.00000000,1934.00000000,0.05055839
186.00000000,1935.00000000,0.05055930
186.00000000,1936.00000000,0.05055983
186.00000000,1937.00000000,0.05055975
186.00000000,1938.00000000,0.05055885
186.00000000,1939.00000000,0.05055734
186.00000000,1940.00000000,0.05055539
186.00000000,1941.00000000,0.05055276
186.00000000,1942.00000000,0.05054943
186.00000000,1943.00000000,0.05054569
186.00000000,1944.00000000,0.05054160
186.00000000,1945.00000000,0.05053749
186.00000000,1946.00000000,0.05053405
186.00000000,1947.00000000,0.05053173
186.00000000,1948.00000000,0.05052998
186.00000000,1949.00000000,0.05052830
186.00000000,1950.00000000,0.05052659
186.00000000,1951.00000000,0.05052484
186.00000000,1952.00000000,0.05052825
186.00000000,1953.00000000,0.05052718
186.00000000,1954.00000000,0.05052616
186.00000000,1955.00000000,0.05052539
186.00000000,1956.00000000,0.05052464
186.00000000,1957.00000000,0.05052539
186.00000000,1958.00000000,0.05052426
186.00000000,1959.00000000,0.05052278
186.00000000,1960.00000000,0.05052008
186.00000000,1961.00000000,0.05051631
186.00000000,1962.00000000,0.05051195
186.00000000,1963.00000000,0.05050703
186.00000000,1964.00000000,0.05050144
186.00000000,1965.00000000,0.05049492
186.00000000,1966.00000000,0.05048751
186.00000000,1967.00000000,0.05048086
186.00000000,1968.00000000,0.05047159
186.00000000,1969.00000000,0.05046093
186.00000000,1970.00000000,0.05044869
186.00000000,1971.00000000,0.05043420
186.00000000,1972.00000000,0.05041702
186.00000000,1973.00000000,0.05039744
186.00000000,1974.00000000,0.05037595
186.00000000,1975.00000000,0.05035329
186.00000000,1976.00000000,0.05033026
186.00000000,1977.00000000,0.05030893
186.00000000,1978.00000000,0.05028593
186.00000000,1979.00000000,0.05026264
186.00000000,1980.00000000,0.05023892
186.00000000,1981.00000000,0.05021504
186.00000000,1982.00000000,0.05019245
186.00000000,1983.00000000,0.05017417
186.00000000,1984.00000000,0.05015697
186.00000000,1985.00000000,0.05014185
186.00000000,1986.00000000,0.05012946
186.00000000,1987.00000000,0.05011607
186.00000000,1988.00000000,0.05010580
186.00000000,1989.00000000,0.05009072
186.00000000,1990.00000000,0.05007676
186.00000000,1991.00000000,0.05006266
186.00000000,1992.00000000,0.05005040
186.00000000,1993.00000000,0.05003689
186.00000000,1994.00000000,0.05002409
186.00000000,1995.00000000,0.05001185
186.00000000,1996.00000000,0.04999962
186.00000000,1997.00000000,0.04998859
186.00000000,1998.00000000,0.04997555
186.00000000,1999.00000000,0.04996235
186.00000000,2000.00000000,0.04994919
186.00000000,2001.00000000,0.04993737
186.00000000,2002.00000000,0.04992524
186.00000000,2003.00000000,0.04991311
186.00000000,2004.00000000,0.04989861
186.00000000,2005.00000000,0.04988237
186.00000000,2006.00000000,0.04986352
186.00000000,2007.00000000,0.04984202
186.00000000,2008.00000000,0.04981976
186.00000000,2009.00000000,0.04979538
186.00000000,2010.00000000,0.04976752
186.00000000,2011.00000000,0.04973946
186.00000000,2012.00000000,0.04970818
186.00000000,2013.00000000,0.04967666
186.00000000,2014.00000000,0.04964179
186.00000000,2015.00000000,0.04960517
186.00000000,2016.00000000,0.04957604
186.00000000,2017.00000000,0.04953455
186.00000000,2018.00000000,0.04949298
186.00000000,2019.00000000,0.04945150
186.00000000,2020.00000000,0.04940710
186.00000000,2021.00000000,0.04936289
186.00000000,2022.00000000,0.04932208
186.00000000,2023.00000000,0.04927424
186.00000000,2024.00000000,0.04922701
186.00000000,2025.00000000,0.04917908
186.00000000,2026.00000000,0.04913193
186.00000000,2027.00000000,0.04908273
186.00000000,2028.00000000,0.04903451
186.00000000,2029.00000000,0.04898427
186.00000000,2030.00000000,0.04893510
186.00000000,2031.00000000,0.04888848
186.00000000,2032.00000000,0.04883528
186.00000000,2033.00000000,0.04878594
186.00000000,2034.00000000,0.04873280
186.00000000,2035.00000000,0.04868179
186.00000000,2036.00000000,0.04863144
186.00000000,2037.00000000,0.04857423
186.00000000,2038.00000000,0.04852073
186.00000000,2039.00000000,0.04846492
186.00000000,2040.00000000,0.04842019
186.00000000,2041.00000000,0.04836274
186.00000000,2042.00000000,0.04830885
186.00000000,2043.00000000,0.04824798
186.00000000,2044.00000000,0.04818607
186.00000000,2045.00000000,0.04812897
186.00000000,2046.00000000,0.04807516
186.00000000,2047.00000000,0.04801435
186.00000000,2048.00000000,0.04794955
186.00000000,2049.00000000,0.04789109
186.00000000,2050.00000000,0.04783324
186.00000000,2051.00000000,0.04777309
186.00000000,2052.00000000,0.04770634
186.00000000,2053.00000000,0.04764658
186.00000000,2054.00000000,0.04758148
186.00000000,2055.00000000,0.04751880
186.00000000,2056.00000000,0.04745274
186.00000000,2057.00000000,0.04739207
186.00000000,2058.00000000,0.04734263
186.00000000,2059.00000000,0.04728407
186.00000000,2060.00000000,0.04719467
186.00000000,2061.00000000,0.04713966
186.00000000,2062.00000000,0.04706870
186.00000000,2063.00000000,0.04699812
186.00000000,2064.00000000,0.04692588
186.00000000,2065.00000000,0.04687227
186.00000000,2066.00000000,0.04683658
186.00000000,2067.00000000,0.04677446
186.00000000,2068.00000000,0.04672159
186.00000000,2069.00000000,0.04667373
186.00000000,2070.00000000,0.04660809
186.00000000,2071.00000000,0.04654183
186.00000000,2072.00000000,0.04647946
186.00000000,2073.00000000,0.04643254
186.00000000,2074.00000000,0.04641237
186.00000000,2075.00000000,0.04634854
186.00000000,2076.00000000,0.04632699
186.00000000,2077.00000000,0.04628860
186.00000000,2078.00000000,0.04623196
186.00000000,2079.00000000,0.04616829
186.00000000,2080.00000000,0.04612982
186.00000000,2081.00000000,0.04610664
186.00000000,2082.00000000,0.04607085
186.00000000,2083.00000000,0.04604773
186.00000000,2084.00000000,0.04603169
186.00000000,2085.00000000,0.04604078
186.00000000,2086.00000000,0.04603051
186.00000000,2087.00000000,0.04600915
186.00000000,2088.00000000,0.04598368
186.00000000,2089.00000000,0.04601072
186.00000000,2090.00000000,0.04597807
186.00000000,2091.00000000,0.04599083
186.00000000,2092.00000000,0.04601167
186.00000000,2093.00000000,0.04607912
186.00000000,2094.00000000,0.04599499
186.00000000,2095.00000000,0.04600703
186.00000000,2096.00000000,0.04601880
186.00000000,2097.00000000,0.04600833
186.00000000,2098.00000000,0.04603456
186.00000000,2099.00000000,0.04609045
186.00000000,2100.00000000,0.04593253
186.00000000,2101.00000000,0.04588653
186.00000000,2102.00000000,0.04594426
186.00000000,2103.00000000,0.04599092
186.00000000,2104.00000000,0.04593928
186.00000000,2105.00000000,0.04573787
186.00000000,2106.00000000,0.04588650
186.00000000,2107.00000000,0.04568951
186.00000000,2108.00000000,0.04572660
186.00000000,2109.00000000,0.04587776
186.00000000,2110.00000000,0.04585089
186.00000000,2111.00000000,0.04585108
186.00000000,2112.00000000,0.04584703
186.00000000,2113.00000000,0.04594038
186.00000000,2114.00000000,0.04593180
186.00000000,2115.00000000,0.04602839
186.00000000,2116.00000000,0.04589311
186.00000000,2117.00000000,0.04573032
186.00000000,2118.00000000,0.04559554
186.00000000,2119.00000000,0.04564974
186.00000000,2120.00000000,0.04575104
186.00000000,2121.00000000,0.04581845
186.00000000,2122.00000000,0.04595315
186.00000000,2123.00000000,0.04605651
186.00000000,2124.00000000,0.04596412
186.00000000,2125.00000000,0.04603057
186.00000000,2126.00000000,0.04617490
186.00000000,2127.00000000,0.04622337
186.00000000,2128.00000000,0.04623661
186.00000000,2129.00000000,0.04630613
186.00000000,2130.00000000,0.04630008
186.00000000,2131.00000000,0.04600608
186.00000000,2132.00000000,0.04611848
186.00000000,2133.00000000,0.04633468
186.00000000,2134.00000000,0.04644891
186.00000000,2135.00000000,0.04639400
186.00000000,2136.00000000,0.04669150
186.00000000,2137.00000000,0.04689250
186.00000000,2138.00000000,0.04694718
186.00000000,2139.00000000,0.04702598
186.00000000,2140.00000000,0.04707792
186.00000000,2141.00000000,0.04733801
186.00000000,2142.00000000,0.04754169
186.00000000,2143.00000000,0.04768883
186.00000000,2144.00000000,0.04779414
186.00000000,2145.00000000,0.04799712
186.00000000,2146.00000000,0.04817839
186.00000000,2147.00000000,0.04822943
186.00000000,2148.00000000,0.04840108
186.00000000,2149.00000000,0.04863038
186.00000000,2150.00000000,0.04887707
186.00000000,2151.00000000,0.04909445
186.00000000,2152.00000000,0.04934493
186.00000000,2153.00000000,0.04952593
186.00000000,2154.00000000,0.04980533
186.00000000,2155.00000000,0.05013514
186.00000000,2156.00000000,0.05055422
186.00000000,2157.00000000,0.05081443
186.00000000,2158.00000000,0.05109540
186.00000000,2159.00000000,0.05147088
186.00000000,2160.00000000,0.05154492
186.00000000,2161.00000000,0.05157092
186.00000000,2162.00000000,0.05199870
186.00000000,2163.00000000,0.05226578
186.00000000,2164.00000000,0.05244160
186.00000000,2165.00000000,0.05289707
186.00000000,2166.00000000,0.05290178
186.00000000,2167.00000000,0.05276190
186.00000000,2168.00000000,0.05278989
186.00000000,2169.00000000,0.05285276
186.00000000,2170.00000000,0.05318409
186.00000000,2171.00000000,0.05348327
186.00000000,2172.00000000,0.05380152
186.00000000,2173.00000000,0.05409139
186.00000000,2174.00000000,0.05447596
186.00000000,2175.00000000,0.05474659
186.00000000,2176.00000000,0.05492450
186.00000000,2177.00000000,0.05515331
186.00000000,2178.00000000,0.05510142
186.00000000,2179.00000000,0.05521845
186.00000000,2180.00000000,0.05549017
186.00000000,2181.00000000,0.05578078
186.00000000,2182.00000000,0.05608483
186.00000000,2183.00000000,0.05635183
186.00000000,2184.00000000,0.05642972
186.00000000,2185.00000000,0.05652623
186.00000000,2186.00000000,0.05687898
186.00000000,2187.00000000,0.05722798
186.00000000,2188.00000000,0.05743207
186.00000000,2189.00000000,0.05803022
186.00000000,2190.00000000,0.05869979
186.00000000,2191.00000000,0.05925355
186.00000000,2192.00000000,0.05966067
186.00000000,2193.00000000,0.06007127
186.00000000,2194.00000000,0.06048543
186.00000000,2195.00000000,0.06090275
186.00000000,2196.00000000,0.06132330
186.00000000,2197.00000000,0.06184480
186.00000000,2198.00000000,0.06236990
186.00000000,2199.00000000,0.06289862
186.00000000,2200.00000000,0.06343093
186.00000000,2201.00000000,0.06396678
186.00000000,2202.00000000,0.06450617
186.00000000,2203.00000000,0.06504909
186.00000000,2204.00000000,0.06559548
186.00000000,2205.00000000,0.06614535
186.00000000,2206.00000000,0.06669866
186.00000000,2207.00000000,0.06721144
186.00000000,2208.00000000,0.06772749
186.00000000,2209.00000000,0.06824677
186.00000000,2210.00000000,0.06876933
186.00000000,2211.00000000,0.06929518
186.00000000,2212.00000000,0.06982431
186.00000000,2213.00000000,0.07035679
186.00000000,2214.00000000,0.07089263
186.00000000,2215.00000000,0.07143184
186.00000000,2216.00000000,0.07197452
186.00000000,2217.00000000,0.07261374
186.00000000,2218.00000000,0.07325681
186.00000000,2219.00000000,0.07390375
186.00000000,2220.00000000,0.07455454
186.00000000,2221.00000000,0.07520913
186.00000000,2222.00000000,0.07586755
186.00000000,2223.00000000,0.07652976
186.00000000,2224.00000000,0.07719581
186.00000000,2225.00000000,0.07786566
186.00000000,2226.00000000,0.07853928
186.00000000,2227.00000000,0.07928585
186.00000000,2228.00000000,0.08003651
186.00000000,2229.00000000,0.08079119
186.00000000,2230.00000000,0.08154991
186.00000000,2231.00000000,0.08231263
186.00000000,2232.00000000,0.08307927
186.00000000,2233.00000000,0.08384985
186.00000000,2234.00000000,0.08462427
186.00000000,2235.00000000,0.08540258
186.00000000,2236.00000000,0.08618470
186.00000000,2237.00000000,0.08696659
186.00000000,2238.00000000,0.08775223
186.00000000,2239.00000000,0.08854154
186.00000000,2240.00000000,0.08933447
186.00000000,2241.00000000,0.09013101
186.00000000,2242.00000000,0.09093112
186.00000000,2243.00000000,0.09173469
186.00000000,2244.00000000,0.09254173
186.00000000,2245.00000000,0.09335215
186.00000000,2246.00000000,0.09416583
186.00000000,2247.00000000,0.09482562
186.00000000,2248.00000000,0.09548784
186.00000000,2249.00000000,0.09615244
186.00000000,2250.00000000,0.09681872
186.00000000,2251.00000000,0.09748539
186.00000000,2252.00000000,0.09815129
186.00000000,2253.00000000,0.09881565
186.00000000,2254.00000000,0.09947808
186.00000000,2255.00000000,0.10013843
186.00000000,2256.00000000,0.10079655
186.00000000,2257.00000000,0.10130788
186.00000000,2258.00000000,0.10181626
186.00000000,2259.00000000,0.10232162
186.00000000,2260.00000000,0.10282408
186.00000000,2261.00000000,0.10332365
186.00000000,2262.00000000,0.10382042
186.00000000,2263.00000000,0.10431456
186.00000000,2264.00000000,0.10480610
186.00000000,2265.00000000,0.10529504
186.00000000,2266.00000000,0.10578147
186.00000000,2267.00000000,0.10618351
186.00000000,2268.00000000,0.10658273
186.00000000,2269.00000000,0.10697925
186.00000000,2270.00000000,0.10737304
186.00000000,2271.00000000,0.10776420
186.00000000,2272.00000000,0.10815275
186.00000000,2273.00000000,0.10853866
186.00000000,2274.00000000,0.10892205
186.00000000,2275.00000000,0.10930289
186.00000000,2276.00000000,0.10968116
186.00000000,2277.00000000,0.10997153
186.00000000,2278.00000000,0.11025916
186.00000000,2279.00000000,0.11054407
186.00000000,2280.00000000,0.11082636
186.00000000,2281.00000000,0.11110605
186.00000000,2282.00000000,0.11138312
186.00000000,2283.00000000,0.11165771
186.00000000,2284.00000000,0.11192974
186.00000000,2285.00000000,0.11219934
186.00000000,2286.00000000,0.11246649
186.00000000,2287.00000000,0.11266493
186.00000000,2288.00000000,0.11286084
186.00000000,2289.00000000,0.11305423
186.00000000,2290.00000000,0.11324505
186.00000000,2291.00000000,0.11343347
186.00000000,2292.00000000,0.11361945
186.00000000,2293.00000000,0.11380297
186.00000000,2294.00000000,0.11398418
186.00000000,2295.00000000,0.11416298
186.00000000,2296.00000000,0.11433953
186.00000000,2297.00000000,0.11451378
186.00000000,2298.00000000,0.11468572
186.00000000,2299.00000000,0.11485548
186.00000000,2300.00000000,0.11502300
186.00000000,2301.00000000,0.11518828
186.00000000,2302.00000000,0.11535142
186.00000000,2303.00000000,0.11551240
186.00000000,2304.00000000,0.11567115
186.00000000,2305.00000000,0.11582780
186.00000000,2306.00000000,0.11598234
186.00000000,2307.00000000,0.11613469
186.00000000,2308.00000000,0.11628499
186.00000000,2309.00000000,0.11643315
186.00000000,2310.00000000,0.11657930
186.00000000,2311.00000000,0.11672338
186.00000000,2312.00000000,0.11686535
186.00000000,2313.00000000,0.11700536
186.00000000,2314.00000000,0.11714333
186.00000000,2315.00000000,0.11727921
186.00000000,2316.00000000,0.11741317
186.00000000,2317.00000000,0.11754513
186.00000000,2318.00000000,0.11767498
186.00000000,2319.00000000,0.11780295
186.00000000,2320.00000000,0.11792884
186.00000000,2321.00000000,0.11805283
186.00000000,2322.00000000,0.11817487
186.00000000,2323.00000000,0.11829484
186.00000000,2324.00000000,0.11841293
186.00000000,2325.00000000,0.11852905
186.00000000,2326.00000000,0.11864310
186.00000000,2327.00000000,0.11875528
186.00000000,2328.00000000,0.11886548
186.00000000,2329.00000000,0.11897363
186.00000000,2330.00000000,0.11907988
186.00000000,2331.00000000,0.11918404
186.00000000,2332.00000000,0.11928630
186.00000000,2333.00000000,0.11938654
186.00000000,2334.00000000,0.11948468
186.00000000,2335.00000000,0.11958081
186.00000000,2336.00000000,0.11967479
186.00000000,2337.00000000,0.11930395
186.00000000,2338.00000000,0.11893049
186.00000000,2339.00000000,0.11855438
186.00000000,2340.00000000,0.11817564
186.00000000,2341.00000000,0.11779444
186.00000000,2342.00000000,0.11741077
186.00000000,2343.00000000,0.11702462
186.00000000,2344.00000000,0.11663615
186.00000000,2345.00000000,0.11624531
186.00000000,2346.00000000,0.11585226
186.00000000,2347.00000000,0.11545698
186.00000000,2348.00000000,0.11505946
186.00000000,2349.00000000,0.11465987
186.00000000,2350.00000000,0.11425820
186.00000000,2351.00000000,0.11385442
186.00000000,2352.00000000,0.11344870
186.00000000,2353.00000000,0.11304103
186.00000000,2354.00000000,0.11263139
186.00000000,2355.00000000,0.11221993
186.00000000,2356.00000000,0.11180659
186.00000000,2357.00000000,0.11139150
186.00000000,2358.00000000,0.11097467
186.00000000,2359.00000000,0.11055605
186.00000000,2360.00000000,0.11013582
186.00000000,2361.00000000,0.10971394
186.00000000,2362.00000000,0.10929038
186.00000000,2363.00000000,0.10886530
186.00000000,2364.00000000,0.10843867
186.00000000,2365.00000000,0.10801048
186.00000000,2366.00000000,0.10758086
186.00000000,2367.00000000,0.10714981
186.00000000,2368.00000000,0.10671727
186.00000000,2369.00000000,0.10628340
186.00000000,2370.00000000,0.10584812
186.00000000,2371.00000000,0.10541156
186.00000000,2372.00000000,0.10497373
186.00000000,2373.00000000,0.10453455
186.00000000,2374.00000000,0.10409419
186.00000000,2375.00000000,0.10365262
186.00000000,2376.00000000,0.10320982
186.00000000,2377.00000000,0.10276590
186.00000000,2378.00000000,0.10232085
186.00000000,2379.00000000,0.10187464
186.00000000,2380.00000000,0.10142740
186.00000000,2381.00000000,0.10097905
186.00000000,2382.00000000,0.10052973
186.00000000,2383.00000000,0.10007940
186.00000000,2384.00000000,0.09962803
186.00000000,2385.00000000,0.09917575
186.00000000,2386.00000000,0.09872253
186.00000000,2387.00000000,0.09826836
186.00000000,2388.00000000,0.09781333
186.00000000,2389.00000000,0.09735746
186.00000000,2390.00000000,0.09690066
186.00000000,2391.00000000,0.09644311
186.00000000,2392.00000000,0.09598474
186.00000000,2393.00000000,0.09552554
186.00000000,2394.00000000,0.09506563
186.00000000,2395.00000000,0.09460492
186.00000000,2396.00000000,0.09414354
186.00000000,2397.00000000,0.09368147
186.00000000,2398.00000000,0.09321866
186.00000000,2399.00000000,0.09275523
186.00000000,2400.00000000,0.09229117
186.00000000,2401.00000000,0.09182641
186.00000000,2402.00000000,0.09136112
186.00000000,2403.00000000,0.09089525
186.00000000,2404.00000000,0.09042873
186.00000000,2405.00000000,0.08996175
186.00000000,2406.00000000,0.08949417
186.00000000,2407.00000000,0.08902615
186.00000000,2408.00000000,0.08855761
186.00000000,2409.00000000,0.08808855
186.00000000,2410.00000000,0.08761909
186.00000000,2411.00000000,0.08714919
186.00000000,2412.00000000,0.08667879
186.00000000,2413.00000000,0.08620804
186.00000000,2414.00000000,0.08573690
186.00000000,2415.00000000,0.08526532
186.00000000,2416.00000000,0.08479343
186.00000000,2417.00000000,0.08432114
186.00000000,2418.00000000,0.08384858
186.00000000,2419.00000000,0.08337570
186.00000000,2420.00000000,0.08290245
186.00000000,2421.00000000,0.08242898
186.00000000,2422.00000000,0.08195524
186.00000000,2423.00000000,0.08148118
186.00000000,2424.00000000,0.08100694
186.00000000,2425.00000000,0.08053248
186.00000000,2426.00000000,0.08005773
186.00000000,2427.00000000,0.07958286
186.00000000,2428.00000000,0.07910781
186.00000000,2429.00000000,0.07863253
186.00000000,2430.00000000,0.07815716
186.00000000,2431.00000000,0.07768159
186.00000000,2432.00000000,0.07720598
186.00000000,2433.00000000,0.07673032
186.00000000,2434.00000000,0.07625455
186.00000000,2435.00000000,0.07587892
186.00000000,2436.00000000,0.07579794
186.00000000,2437.00000000,0.07579754
186.00000000,2438.00000000,0.07579734
186.00000000,2439.00000000,0.07579726
186.00000000,2440.00000000,0.07579726
186.00000000,2441.00000000,0.07579744
186.00000000,2442.00000000,0.07581031
186.00000000,2443.00000000,0.07582336
186.00000000,2444.00000000,0.07583653
186.00000000,2445.00000000,0.07584975
186.00000000,2446.00000000,0.07586313
186.00000000,2447.00000000,0.07585169
186.00000000,2448.00000000,0.07584025
186.00000000,2449.00000000,0.07582899
186.00000000,2450.00000000,0.07581782
186.00000000,2451.00000000,0.07580666
186.00000000,2452.00000000,0.07579565
186.00000000,2453.00000000,0.07578473
186.00000000,2454.00000000,0.07577381
186.00000000,2455.00000000,0.07576304
186.00000000,2456.00000000,0.07575228
186.00000000,2457.00000000,0.07574165
186.00000000,2458.00000000,0.07573110
186.00000000,2459.00000000,0.07572054
186.00000000,2460.00000000,0.07571012
186.00000000,2461.00000000,0.07569977
186.00000000,2462.00000000,0.07568833
186.00000000,2463.00000000,0.07567702
186.00000000,2464.00000000,0.07566577
186.00000000,2465.00000000,0.07565452
186.00000000,2466.00000000,0.07564338
186.00000000,2467.00000000,0.07563223
186.00000000,2468.00000000,0.07562120
186.00000000,2469.00000000,0.07561024
186.00000000,2470.00000000,0.07559924
186.00000000,2471.00000000,0.07558837
186.00000000,2472.00000000,0.07557755
186.00000000,2473.00000000,0.07556670
186.00000000,2474.00000000,0.07555597
186.00000000,2475.00000000,0.07554529
186.00000000,2476.00000000,0.07553457
186.00000000,2477.00000000,0.07552397
186.00000000,2478.00000000,0.07551334
186.00000000,2479.00000000,0.07550283
186.00000000,2480.00000000,0.07549235
186.00000000,2481.00000000,0.07548185
186.00000000,2482.00000000,0.07547144
186.00000000,2483.00000000,0.07546108
186.00000000,2484.00000000,0.07545067
186.00000000,2485.00000000,0.07544038
186.00000000,2486.00000000,0.07543012
186.00000000,2487.00000000,0.07542222
186.00000000,2488.00000000,0.07541442
186.00000000,2489.00000000,0.07540667
186.00000000,2490.00000000,0.07539884
186.00000000,2491.00000000,0.07539115
186.00000000,2492.00000000,0.07538340
186.00000000,2493.00000000,0.07537575
186.00000000,2494.00000000,0.07536814
186.00000000,2495.00000000,0.07536047
186.00000000,2496.00000000,0.07535291
186.00000000,2497.00000000,0.07534538
186.00000000,2498.00000000,0.07533779
186.00000000,2499.00000000,0.07533030
186.00000000,2500.00000000,0.07532284
187.00000000,1765.00000000,0.05011231
187.00000000,1766.00000000,0.05011227
187.00000000,1767.00000000,0.05011232
187.00000000,1768.00000000,0.05011235
187.00000000,1769.00000000,0.05011267
187.00000000,1770.00000000,0.05011288
187.00000000,1771.00000000,0.05011318
187.00000000,1772.00000000,0.05011366
187.00000000,1773.00000000,0.05011414
187.00000000,1774.00000000,0.05011492
187.00000000,1775.00000000,0.05011565
187.00000000,1776.00000000,0.05011641
187.00000000,1777.00000000,0.05011744
187.00000000,1778.00000000,0.05011838
187.00000000,1779.00000000,0.05011957
187.00000000,1780.00000000,0.05012082
187.00000000,1781.00000000,0.05012210
187.00000000,1782.00000000,0.05012345
187.00000000,1783.00000000,0.05012482
187.00000000,1784.00000000,0.05012634
187.00000000,1785.00000000,0.05012792
187.00000000,1786.00000000,0.05012958
187.00000000,1787.00000000,0.05013142
187.00000000,1788.00000000,0.05013317
187.00000000,1789.00000000,0.05013495
187.00000000,1790.00000000,0.05013685
187.00000000,1791.00000000,0.05013887
187.00000000,1792.00000000,0.05014079
187.00000000,1793.00000000,0.05014293
187.00000000,1794.00000000,0.05014493
187.00000000,1795.00000000,0.05014707
187.00000000,1796.00000000,0.05014931
187.00000000,1797.00000000,0.05015156
187.00000000,1798.00000000,0.05015377
187.00000000,1799.00000000,0.05015601
187.00000000,1800.00000000,0.05015833
187.00000000,1801.00000000,0.05016071
187.00000000,1802.00000000,0.05016308
187.00000000,1803.00000000,0.05016547
187.00000000,1804.00000000,0.05016785
187.00000000,1805.00000000,0.05017031
187.00000000,1806.00000000,0.05017273
187.00000000,1807.00000000,0.05017531
187.00000000,1808.00000000,0.05017763
187.00000000,1809.00000000,0.05018014
187.00000000,1810.00000000,0.05018269
187.00000000,1811.00000000,0.05018528
187.00000000,1812.00000000,0.05018780
187.00000000,1813.00000000,0.05019030
187.00000000,1814.00000000,0.05019294
187.00000000,1815.00000000,0.05019549
187.00000000,1816.00000000,0.05019809
187.00000000,1817.00000000,0.05020065
187.00000000,1818.00000000,0.05020329
187.00000000,1819.00000000,0.05020581
187.00000000,1820.00000000,0.05020843
187.00000000,1821.00000000,0.05021108
187.00000000,1822.00000000,0.05021360
187.00000000,1823.00000000,0.05021628
187.00000000,1824.00000000,0.05021895
187.00000000,1825.00000000,0.05022146
187.00000000,1826.00000000,0.05022412
187.00000000,1827.00000000,0.05022672
187.00000000,1828.00000000,0.05022923
187.00000000,1829.00000000,0.05023188
187.00000000,1830.00000000,0.05023455
187.00000000,1831.00000000,0.05023698
187.00000000,1832.00000000,0.05023953
187.00000000,1833.00000000,0.05024207
187.00000000,1834.00000000,0.05024458
187.00000000,1835.00000000,0.05024709
187.00000000,1836.00000000,0.05024966
187.00000000,1837.00000000,0.05025210
187.00000000,1838.00000000,0.05025465
187.00000000,1839.00000000,0.05025696
187.00000000,1840.00000000,0.05025935
187.00000000,1841.00000000,0.05026176
187.00000000,1842.00000000,0.05026428
187.00000000,1843.00000000,0.05026659
187.00000000,1844.00000000,0.05026897
187.00000000,1845.00000000,0.05027131
187.00000000,1846.00000000,0.05027361
187.00000000,1847.00000000,0.05027592
187.00000000,1848.00000000,0.05027824
187.00000000,1849.00000000,0.05028036
187.00000000,1850.00000000,0.05028262
187.00000000,1851.00000000,0.05028480
187.00000000,1852.00000000,0.05028690
187.00000000,1853.00000000,0.05028924
187.00000000,1854.00000000,0.05029171
187.00000000,1855.00000000,0.05029418
187.00000000,1856.00000000,0.05029650
187.00000000,1857.00000000,0.05029875
187.00000000,1858.00000000,0.05030089
187.00000000,1859.00000000,0.05030309
187.00000000,1860.00000000,0.05030519
187.00000000,1861.00000000,0.05030729
187.00000000,1862.00000000,0.05030922
187.00000000,1863.00000000,0.05031075
187.00000000,1864.00000000,0.05031184
187.00000000,1865.00000000,0.05031270
187.00000000,1866.00000000,0.05031338
187.00000000,1867.00000000,0.05031378
187.00000000,1868.00000000,0.05031398
187.00000000,1869.00000000,0.05031400
187.00000000,1870.00000000,0.05031393
187.00000000,1871.00000000,0.05031364
187.00000000,1872.00000000,0.05031347
187.00000000,1873.00000000,0.05031377
187.00000000,1874.00000000,0.05031444
187.00000000,1875.00000000,0.05031529
187.00000000,1876.00000000,0.05031630
187.00000000,1877.00000000,0.05031746
187.00000000,1878.00000000,0.05031871
187.00000000,1879.00000000,0.05032003
187.00000000,1880.00000000,0.05032137
187.00000000,1881.00000000,0.05032275
187.00000000,1882.00000000,0.05032413
187.00000000,1883.00000000,0.05032518
187.00000000,1884.00000000,0.05032596
187.00000000,1885.00000000,0.05032656
187.00000000,1886.00000000,0.05032700
187.00000000,1887.00000000,0.05032734
187.00000000,1888.00000000,0.05032763
187.00000000,1889.00000000,0.05032766
187.00000000,1890.00000000,0.05032745
187.00000000,1891.00000000,0.05032713
187.00000000,1892.00000000,0.05032642
187.00000000,1893.00000000,0.05032572
187.00000000,1894.00000000,0.05032501
187.00000000,1895.00000000,0.05032435
187.00000000,1896.00000000,0.05032357
187.00000000,1897.00000000,0.05032290
187.00000000,1898.00000000,0.05032208
187.00000000,1899.00000000,0.05032114
187.00000000,1900.00000000,0.05032001
187.00000000,1901.00000000,0.05031863
187.00000000,1902.00000000,0.05031736
187.00000000,1903.00000000,0.05031612
187.00000000,1904.00000000,0.05031499
187.00000000,1905.00000000,0.05031391
187.00000000,1906.00000000,0.05031302
187.00000000,1907.00000000,0.05031224
187.00000000,1908.00000000,0.05031136
187.00000000,1909.00000000,0.05031046
187.00000000,1910.00000000,0.05030953
187.00000000,1911.00000000,0.05030850
187.00000000,1912.00000000,0.05030703
187.00000000,1913.00000000,0.05030498
187.00000000,1914.00000000,0.05030227
187.00000000,1915.00000000,0.05029926
187.00000000,1916.00000000,0.05029617
187.00000000,1917.00000000,0.05029306
187.00000000,1918.00000000,0.05028982
187.00000000,1919.00000000,0.05028658
187.00000000,1920.00000000,0.05028371
187.00000000,1921.00000000,0.05028122
187.00000000,1922.00000000,0.05027935
187.00000000,1923.00000000,0.05027795
187.00000000,1924.00000000,0.05027654
187.00000000,1925.00000000,0.05027509
187.00000000,1926.00000000,0.05027358
187.00000000,1927.00000000,0.05027200
187.00000000,1928.00000000,0.05027053
187.00000000,1929.00000000,0.05026898
187.00000000,1930.00000000,0.05026757
187.00000000,1931.00000000,0.05026682
187.00000000,1932.00000000,0.05026691
187.00000000,1933.00000000,0.05026747
187.00000000,1934.00000000,0.05026839
187.00000000,1935.00000000,0.05026928
187.00000000,1936.00000000,0.05026980
187.00000000,1937.00000000,0.05026969
187.00000000,1938.00000000,0.05026874
187.00000000,1939.00000000,0.05026724
187.00000000,1940.00000000,0.05026526
187.00000000,1941.00000000,0.05026263
187.00000000,1942.00000000,0.05025928
187.00000000,1943.00000000,0.05025551
187.00000000,1944.00000000,0.05025141
187.00000000,1945.00000000,0.05024728
187.00000000,1946.00000000,0.05024382
187.00000000,1947.00000000,0.05024145
187.00000000,1948.00000000,0.05023966
187.00000000,1949.00000000,0.05023792
187.00000000,1950.00000000,0.05023615
187.00000000,1951.00000000,0.05023434
187.00000000,1952.00000000,0.05023303
187.00000000,1953.00000000,0.05023654
187.00000000,1954.00000000,0.05023542
187.00000000,1955.00000000,0.05023457
187.00000000,1956.00000000,0.05023378
187.00000000,1957.00000000,0.05023284
187.00000000,1958.00000000,0.05023324
187.00000000,1959.00000000,0.05023170
187.00000000,1960.00000000,0.05022896
187.00000000,1961.00000000,0.05022511
187.00000000,1962.00000000,0.05022074
187.00000000,1963.00000000,0.05021578
187.00000000,1964.00000000,0.05021013
187.00000000,1965.00000000,0.05020364
187.00000000,1966.00000000,0.05019619
187.00000000,1967.00000000,0.05018793
187.00000000,1968.00000000,0.05018026
187.00000000,1969.00000000,0.05016959
187.00000000,1970.00000000,0.05015734
187.00000000,1971.00000000,0.05014293
187.00000000,1972.00000000,0.05012574
187.00000000,1973.00000000,0.05010627
187.00000000,1974.00000000,0.05008483
187.00000000,1975.00000000,0.05006226
187.00000000,1976.00000000,0.05003936
187.00000000,1977.00000000,0.05001650
187.00000000,1978.00000000,0.04999511
187.00000000,1979.00000000,0.04997196
187.00000000,1980.00000000,0.04994829
187.00000000,1981.00000000,0.04992453
187.00000000,1982.00000000,0.04990203
187.00000000,1983.00000000,0.04988223
187.00000000,1984.00000000,0.04986668
187.00000000,1985.00000000,0.04985158
187.00000000,1986.00000000,0.04983768
187.00000000,1987.00000000,0.04982585
187.00000000,1988.00000000,0.04981257
187.00000000,1989.00000000,0.04980212
187.00000000,1990.00000000,0.04978671
187.00000000,1991.00000000,0.04977258
187.00000000,1992.00000000,0.04975883
187.00000000,1993.00000000,0.04974693
187.00000000,1994.00000000,0.04973415
187.00000000,1995.00000000,0.04972191
187.00000000,1996.00000000,0.04970976
187.00000000,1997.00000000,0.04969721
187.00000000,1998.00000000,0.04968570
187.00000000,1999.00000000,0.04967257
187.00000000,2000.00000000,0.04965946
187.00000000,2001.00000000,0.04964616
187.00000000,2002.00000000,0.04963400
187.00000000,2003.00000000,0.04962191
187.00000000,2004.00000000,0.04960902
187.00000000,2005.00000000,0.04959279
187.00000000,2006.00000000,0.04957403
187.00000000,2007.00000000,0.04955266
187.00000000,2008.00000000,0.04952890
187.00000000,2009.00000000,0.04950463
187.00000000,2010.00000000,0.04947847
187.00000000,2011.00000000,0.04944897
187.00000000,2012.00000000,0.04941933
187.00000000,2013.00000000,0.04938644
187.00000000,2014.00000000,0.04935329
187.00000000,2015.00000000,0.04931682
187.00000000,2016.00000000,0.04927866
187.00000000,2017.00000000,0.04924801
187.00000000,2018.00000000,0.04920516
187.00000000,2019.00000000,0.04916231
187.00000000,2020.00000000,0.04911963
187.00000000,2021.00000000,0.04907415
187.00000000,2022.00000000,0.04902899
187.00000000,2023.00000000,0.04898739
187.00000000,2024.00000000,0.04893892
187.00000000,2025.00000000,0.04889117
187.00000000,2026.00000000,0.04884280
187.00000000,2027.00000000,0.04879528
187.00000000,2028.00000000,0.04874579
187.00000000,2029.00000000,0.04869730
187.00000000,2030.00000000,0.04864684
187.00000000,2031.00000000,0.04859745
187.00000000,2032.00000000,0.04855051
187.00000000,2033.00000000,0.04849687
187.00000000,2034.00000000,0.04844696
187.00000000,2035.00000000,0.04839323
187.00000000,2036.00000000,0.04834159
187.00000000,2037.00000000,0.04829061
187.00000000,2038.00000000,0.04823284
187.00000000,2039.00000000,0.04817878
187.00000000,2040.00000000,0.04812245
187.00000000,2041.00000000,0.04807713
187.00000000,2042.00000000,0.04801909
187.00000000,2043.00000000,0.04796447
187.00000000,2044.00000000,0.04790284
187.00000000,2045.00000000,0.04784015
187.00000000,2046.00000000,0.04778226
187.00000000,2047.00000000,0.04772764
187.00000000,2048.00000000,0.04766613
187.00000000,2049.00000000,0.04760068
187.00000000,2050.00000000,0.04754158
187.00000000,2051.00000000,0.04748313
187.00000000,2052.00000000,0.04742244
187.00000000,2053.00000000,0.04735528
187.00000000,2054.00000000,0.04729509
187.00000000,2055.00000000,0.04722964
187.00000000,2056.00000000,0.04716664
187.00000000,2057.00000000,0.04710033
187.00000000,2058.00000000,0.04703940
187.00000000,2059.00000000,0.04698966
187.00000000,2060.00000000,0.04693090
187.00000000,2061.00000000,0.04684163
187.00000000,2062.00000000,0.04678678
187.00000000,2063.00000000,0.04671647
187.00000000,2064.00000000,0.04664677
187.00000000,2065.00000000,0.04657556
187.00000000,2066.00000000,0.04652289
187.00000000,2067.00000000,0.04648804
187.00000000,2068.00000000,0.04642694
187.00000000,2069.00000000,0.04637503
187.00000000,2070.00000000,0.04632806
187.00000000,2071.00000000,0.04626350
187.00000000,2072.00000000,0.04619851
187.00000000,2073.00000000,0.04613764
187.00000000,2074.00000000,0.04609222
187.00000000,2075.00000000,0.04607343
187.00000000,2076.00000000,0.04601128
187.00000000,2077.00000000,0.04599110
187.00000000,2078.00000000,0.04595416
187.00000000,2079.00000000,0.04589903
187.00000000,2080.00000000,0.04583687
187.00000000,2081.00000000,0.04579970
187.00000000,2082.00000000,0.04577777
187.00000000,2083.00000000,0.04574342
187.00000000,2084.00000000,0.04572169
187.00000000,2085.00000000,0.04570699
187.00000000,2086.00000000,0.04571720
187.00000000,2087.00000000,0.04570813
187.00000000,2088.00000000,0.04568801
187.00000000,2089.00000000,0.04566374
187.00000000,2090.00000000,0.04569156
187.00000000,2091.00000000,0.04566010
187.00000000,2092.00000000,0.04567382
187.00000000,2093.00000000,0.04569568
187.00000000,2094.00000000,0.04576387
187.00000000,2095.00000000,0.04568151
187.00000000,2096.00000000,0.04569464
187.00000000,2097.00000000,0.04570747
187.00000000,2098.00000000,0.04569817
187.00000000,2099.00000000,0.04572526
187.00000000,2100.00000000,0.04578177
187.00000000,2101.00000000,0.04562589
187.00000000,2102.00000000,0.04558128
187.00000000,2103.00000000,0.04563980
187.00000000,2104.00000000,0.04568737
187.00000000,2105.00000000,0.04563728
187.00000000,2106.00000000,0.04543836
187.00000000,2107.00000000,0.04558716
187.00000000,2108.00000000,0.04539255
187.00000000,2109.00000000,0.04543046
187.00000000,2110.00000000,0.04558165
187.00000000,2111.00000000,0.04555591
187.00000000,2112.00000000,0.04555702
187.00000000,2113.00000000,0.04555388
187.00000000,2114.00000000,0.04564749
187.00000000,2115.00000000,0.04563979
187.00000000,2116.00000000,0.04573655
187.00000000,2117.00000000,0.04560288
187.00000000,2118.00000000,0.04544184
187.00000000,2119.00000000,0.04530860
187.00000000,2120.00000000,0.04536313
187.00000000,2121.00000000,0.04546445
187.00000000,2122.00000000,0.04553206
187.00000000,2123.00000000,0.04566653
187.00000000,2124.00000000,0.04576984
187.00000000,2125.00000000,0.04567858
187.00000000,2126.00000000,0.04574518
187.00000000,2127.00000000,0.04588917
187.00000000,2128.00000000,0.04593790
187.00000000,2129.00000000,0.04595158
187.00000000,2130.00000000,0.04602120
187.00000000,2131.00000000,0.04601571
187.00000000,2132.00000000,0.04572401
187.00000000,2133.00000000,0.04583621
187.00000000,2134.00000000,0.04605158
187.00000000,2135.00000000,0.04616559
187.00000000,2136.00000000,0.04611148
187.00000000,2137.00000000,0.04640763
187.00000000,2138.00000000,0.04660786
187.00000000,2139.00000000,0.04666265
187.00000000,2140.00000000,0.04674142
187.00000000,2141.00000000,0.04679348
187.00000000,2142.00000000,0.04705242
187.00000000,2143.00000000,0.04725530
187.00000000,2144.00000000,0.04740197
187.00000000,2145.00000000,0.04750707
187.00000000,2146.00000000,0.04770925
187.00000000,2147.00000000,0.04788983
187.00000000,2148.00000000,0.04794098
187.00000000,2149.00000000,0.04811201
187.00000000,2150.00000000,0.04834034
187.00000000,2151.00000000,0.04858623
187.00000000,2152.00000000,0.04880372
187.00000000,2153.00000000,0.04905481
187.00000000,2154.00000000,0.04923720
187.00000000,2155.00000000,0.04951760
187.00000000,2156.00000000,0.04984815
187.00000000,2157.00000000,0.05026749
187.00000000,2158.00000000,0.05052883
187.00000000,2159.00000000,0.05081078
187.00000000,2160.00000000,0.05118664
187.00000000,2161.00000000,0.05126267
187.00000000,2162.00000000,0.05129085
187.00000000,2163.00000000,0.05171859
187.00000000,2164.00000000,0.05198643
187.00000000,2165.00000000,0.05216345
187.00000000,2166.00000000,0.05261858
187.00000000,2167.00000000,0.05262529
187.00000000,2168.00000000,0.05248809
187.00000000,2169.00000000,0.05251783
187.00000000,2170.00000000,0.05258222
187.00000000,2171.00000000,0.05291365
187.00000000,2172.00000000,0.05321306
187.00000000,2173.00000000,0.05353142
187.00000000,2174.00000000,0.05382153
187.00000000,2175.00000000,0.05420583
187.00000000,2176.00000000,0.05447674
187.00000000,2177.00000000,0.05465536
187.00000000,2178.00000000,0.05488459
187.00000000,2179.00000000,0.05483447
187.00000000,2180.00000000,0.05495241
187.00000000,2181.00000000,0.05522429
187.00000000,2182.00000000,0.05551493
187.00000000,2183.00000000,0.05581895
187.00000000,2184.00000000,0.05608607
187.00000000,2185.00000000,0.05616496
187.00000000,2186.00000000,0.05626235
187.00000000,2187.00000000,0.05661479
187.00000000,2188.00000000,0.05696348
187.00000000,2189.00000000,0.05716791
187.00000000,2190.00000000,0.05776459
187.00000000,2191.00000000,0.05843238
187.00000000,2192.00000000,0.05898489
187.00000000,2193.00000000,0.05939141
187.00000000,2194.00000000,0.05980141
187.00000000,2195.00000000,0.06021494
187.00000000,2196.00000000,0.06063164
187.00000000,2197.00000000,0.06105153
187.00000000,2198.00000000,0.06157194
187.00000000,2199.00000000,0.06209593
187.00000000,2200.00000000,0.06262354
187.00000000,2201.00000000,0.06315472
187.00000000,2202.00000000,0.06368943
187.00000000,2203.00000000,0.06422769
187.00000000,2204.00000000,0.06476946
187.00000000,2205.00000000,0.06531469
187.00000000,2206.00000000,0.06586340
187.00000000,2207.00000000,0.06641554
187.00000000,2208.00000000,0.06692733
187.00000000,2209.00000000,0.06744238
187.00000000,2210.00000000,0.06796065
187.00000000,2211.00000000,0.06848221
187.00000000,2212.00000000,0.06900704
187.00000000,2213.00000000,0.06953516
187.00000000,2214.00000000,0.07006661
187.00000000,2215.00000000,0.07060143
187.00000000,2216.00000000,0.07113960
187.00000000,2217.00000000,0.07168124
187.00000000,2218.00000000,0.07231905
187.00000000,2219.00000000,0.07296069
187.00000000,2220.00000000,0.07360621
187.00000000,2221.00000000,0.07425557
187.00000000,2222.00000000,0.07490873
187.00000000,2223.00000000,0.07556573
187.00000000,2224.00000000,0.07622652
187.00000000,2225.00000000,0.07689113
187.00000000,2226.00000000,0.07755954
187.00000000,2227.00000000,0.07823174
187.00000000,2228.00000000,0.07897661
187.00000000,2229.00000000,0.07972557
187.00000000,2230.00000000,0.08047855
187.00000000,2231.00000000,0.08123559
187.00000000,2232.00000000,0.08199661
187.00000000,2233.00000000,0.08276156
187.00000000,2234.00000000,0.08353044
187.00000000,2235.00000000,0.08430319
187.00000000,2236.00000000,0.08507983
187.00000000,2237.00000000,0.08586027
187.00000000,2238.00000000,0.08664050
187.00000000,2239.00000000,0.08742449
187.00000000,2240.00000000,0.08821216
187.00000000,2241.00000000,0.08900344
187.00000000,2242.00000000,0.08979836
187.00000000,2243.00000000,0.09059684
187.00000000,2244.00000000,0.09139878
187.00000000,2245.00000000,0.09220421
187.00000000,2246.00000000,0.09301302
187.00000000,2247.00000000,0.09382511
187.00000000,2248.00000000,0.09448387
187.00000000,2249.00000000,0.09514497
187.00000000,2250.00000000,0.09580781
187.00000000,2251.00000000,0.09647112
187.00000000,2252.00000000,0.09713364
187.00000000,2253.00000000,0.09779474
187.00000000,2254.00000000,0.09845403
187.00000000,2255.00000000,0.09911126
187.00000000,2256.00000000,0.09976638
187.00000000,2257.00000000,0.10041927
187.00000000,2258.00000000,0.10092592
187.00000000,2259.00000000,0.10142967
187.00000000,2260.00000000,0.10193048
187.00000000,2261.00000000,0.10242848
187.00000000,2262.00000000,0.10292376
187.00000000,2263.00000000,0.10341638
187.00000000,2264.00000000,0.10390648
187.00000000,2265.00000000,0.10439406
187.00000000,2266.00000000,0.10487913
187.00000000,2267.00000000,0.10536176
187.00000000,2268.00000000,0.10576038
187.00000000,2269.00000000,0.10615625
187.00000000,2270.00000000,0.10654949
187.00000000,2271.00000000,0.10694006
187.00000000,2272.00000000,0.10732806
187.00000000,2273.00000000,0.10771350
187.00000000,2274.00000000,0.10809637
187.00000000,2275.00000000,0.10847677
187.00000000,2276.00000000,0.10885467
187.00000000,2277.00000000,0.10923007
187.00000000,2278.00000000,0.10951796
187.00000000,2279.00000000,0.10980318
187.00000000,2280.00000000,0.11008570
187.00000000,2281.00000000,0.11036569
187.00000000,2282.00000000,0.11064310
187.00000000,2283.00000000,0.11091796
187.00000000,2284.00000000,0.11119036
187.00000000,2285.00000000,0.11146026
187.00000000,2286.00000000,0.11172776
187.00000000,2287.00000000,0.11199287
187.00000000,2288.00000000,0.11218957
187.00000000,2289.00000000,0.11238380
187.00000000,2290.00000000,0.11257552
187.00000000,2291.00000000,0.11276474
187.00000000,2292.00000000,0.11295159
187.00000000,2293.00000000,0.11313602
187.00000000,2294.00000000,0.11331805
187.00000000,2295.00000000,0.11349777
187.00000000,2296.00000000,0.11367515
187.00000000,2297.00000000,0.11385028
187.00000000,2298.00000000,0.11402317
187.00000000,2299.00000000,0.11419378
187.00000000,2300.00000000,0.11436221
187.00000000,2301.00000000,0.11452846
187.00000000,2302.00000000,0.11469246
187.00000000,2303.00000000,0.11485437
187.00000000,2304.00000000,0.11501412
187.00000000,2305.00000000,0.11517166
187.00000000,2306.00000000,0.11532715
187.00000000,2307.00000000,0.11548054
187.00000000,2308.00000000,0.11563175
187.00000000,2309.00000000,0.11578097
187.00000000,2310.00000000,0.11592805
187.00000000,2311.00000000,0.11607314
187.00000000,2312.00000000,0.11621621
187.00000000,2313.00000000,0.11635716
187.00000000,2314.00000000,0.11649617
187.00000000,2315.00000000,0.11663320
187.00000000,2316.00000000,0.11676813
187.00000000,2317.00000000,0.11690116
187.00000000,2318.00000000,0.11703220
187.00000000,2319.00000000,0.11716118
187.00000000,2320.00000000,0.11728828
187.00000000,2321.00000000,0.11741331
187.00000000,2322.00000000,0.11753649
187.00000000,2323.00000000,0.11765771
187.00000000,2324.00000000,0.11777689
187.00000000,2325.00000000,0.11789420
187.00000000,2326.00000000,0.11800955
187.00000000,2327.00000000,0.11812287
187.00000000,2328.00000000,0.11823432
187.00000000,2329.00000000,0.11834381
187.00000000,2330.00000000,0.11845126
187.00000000,2331.00000000,0.11855681
187.00000000,2332.00000000,0.11866032
187.00000000,2333.00000000,0.11876193
187.00000000,2334.00000000,0.11886154
187.00000000,2335.00000000,0.11895905
187.00000000,2336.00000000,0.11905458
187.00000000,2337.00000000,0.11914797
187.00000000,2338.00000000,0.11877859
187.00000000,2339.00000000,0.11840659
187.00000000,2340.00000000,0.11803199
187.00000000,2341.00000000,0.11765476
187.00000000,2342.00000000,0.11727509
187.00000000,2343.00000000,0.11689296
187.00000000,2344.00000000,0.11650837
187.00000000,2345.00000000,0.11612148
187.00000000,2346.00000000,0.11573223
187.00000000,2347.00000000,0.11534078
187.00000000,2348.00000000,0.11494712
187.00000000,2349.00000000,0.11455124
187.00000000,2350.00000000,0.11415330
187.00000000,2351.00000000,0.11375328
187.00000000,2352.00000000,0.11335118
187.00000000,2353.00000000,0.11294715
187.00000000,2354.00000000,0.11254119
187.00000000,2355.00000000,0.11213326
187.00000000,2356.00000000,0.11172353
187.00000000,2357.00000000,0.11131192
187.00000000,2358.00000000,0.11089859
187.00000000,2359.00000000,0.11048351
187.00000000,2360.00000000,0.11006666
187.00000000,2361.00000000,0.10964821
187.00000000,2362.00000000,0.10922812
187.00000000,2363.00000000,0.10880635
187.00000000,2364.00000000,0.10838308
187.00000000,2365.00000000,0.10795827
187.00000000,2366.00000000,0.10753190
187.00000000,2367.00000000,0.10710413
187.00000000,2368.00000000,0.10667491
187.00000000,2369.00000000,0.10624421
187.00000000,2370.00000000,0.10581220
187.00000000,2371.00000000,0.10537878
187.00000000,2372.00000000,0.10494411
187.00000000,2373.00000000,0.10450814
187.00000000,2374.00000000,0.10407085
187.00000000,2375.00000000,0.10363238
187.00000000,2376.00000000,0.10319272
187.00000000,2377.00000000,0.10275181
187.00000000,2378.00000000,0.10230980
187.00000000,2379.00000000,0.10186669
187.00000000,2380.00000000,0.10142239
187.00000000,2381.00000000,0.10097708
187.00000000,2382.00000000,0.10053068
187.00000000,2383.00000000,0.10008329
187.00000000,2384.00000000,0.09963490
187.00000000,2385.00000000,0.09918548
187.00000000,2386.00000000,0.09873516
187.00000000,2387.00000000,0.09828392
187.00000000,2388.00000000,0.09783170
187.00000000,2389.00000000,0.09737866
187.00000000,2390.00000000,0.09692474
187.00000000,2391.00000000,0.09646994
187.00000000,2392.00000000,0.09601436
187.00000000,2393.00000000,0.09555800
187.00000000,2394.00000000,0.09510077
187.00000000,2395.00000000,0.09464287
187.00000000,2396.00000000,0.09418415
187.00000000,2397.00000000,0.09372479
187.00000000,2398.00000000,0.09326472
187.00000000,2399.00000000,0.09280392
187.00000000,2400.00000000,0.09234252
187.00000000,2401.00000000,0.09188047
187.00000000,2402.00000000,0.09141774
187.00000000,2403.00000000,0.09095449
187.00000000,2404.00000000,0.09049063
187.00000000,2405.00000000,0.09002617
187.00000000,2406.00000000,0.08956123
187.00000000,2407.00000000,0.08909569
187.00000000,2408.00000000,0.08862970
187.00000000,2409.00000000,0.08816323
187.00000000,2410.00000000,0.08769622
187.00000000,2411.00000000,0.08722881
187.00000000,2412.00000000,0.08676095
187.00000000,2413.00000000,0.08629261
187.00000000,2414.00000000,0.08582393
187.00000000,2415.00000000,0.08535485
187.00000000,2416.00000000,0.08488533
187.00000000,2417.00000000,0.08441552
187.00000000,2418.00000000,0.08394529
187.00000000,2419.00000000,0.08347480
187.00000000,2420.00000000,0.08300399
187.00000000,2421.00000000,0.08253281
187.00000000,2422.00000000,0.08206142
187.00000000,2423.00000000,0.08158975
187.00000000,2424.00000000,0.08111776
187.00000000,2425.00000000,0.08064560
187.00000000,2426.00000000,0.08017322
187.00000000,2427.00000000,0.07970055
187.00000000,2428.00000000,0.07922776
187.00000000,2429.00000000,0.07875479
187.00000000,2430.00000000,0.07828159
187.00000000,2431.00000000,0.07780831
187.00000000,2432.00000000,0.07733483
187.00000000,2433.00000000,0.07686130
187.00000000,2434.00000000,0.07638771
187.00000000,2435.00000000,0.07591404
187.00000000,2436.00000000,0.07554005
187.00000000,2437.00000000,0.07545940
187.00000000,2438.00000000,0.07545897
187.00000000,2439.00000000,0.07545872
187.00000000,2440.00000000,0.07545863
187.00000000,2441.00000000,0.07545857
187.00000000,2442.00000000,0.07545873
187.00000000,2443.00000000,0.07547149
187.00000000,2444.00000000,0.07548445
187.00000000,2445.00000000,0.07549752
187.00000000,2446.00000000,0.07551064
187.00000000,2447.00000000,0.07552393
187.00000000,2448.00000000,0.07551249
187.00000000,2449.00000000,0.07550108
187.00000000,2450.00000000,0.07548982
187.00000000,2451.00000000,0.07547866
187.00000000,2452.00000000,0.07546751
187.00000000,2453.00000000,0.07545650
187.00000000,2454.00000000,0.07544559
187.00000000,2455.00000000,0.07543468
187.00000000,2456.00000000,0.07542392
187.00000000,2457.00000000,0.07541316
187.00000000,2458.00000000,0.07540254
187.00000000,2459.00000000,0.07539200
187.00000000,2460.00000000,0.07538144
187.00000000,2461.00000000,0.07537103
187.00000000,2462.00000000,0.07536068
187.00000000,2463.00000000,0.07534925
187.00000000,2464.00000000,0.07533795
187.00000000,2465.00000000,0.07532671
187.00000000,2466.00000000,0.07531545
187.00000000,2467.00000000,0.07530432
187.00000000,2468.00000000,0.07529318
187.00000000,2469.00000000,0.07528216
187.00000000,2470.00000000,0.07527119
187.00000000,2471.00000000,0.07526021
187.00000000,2472.00000000,0.07524934
187.00000000,2473.00000000,0.07523852
187.00000000,2474.00000000,0.07522768
187.00000000,2475.00000000,0.07521695
187.00000000,2476.00000000,0.07520628
187.00000000,2477.00000000,0.07519557
187.00000000,2478.00000000,0.07518497
187.00000000,2479.00000000,0.07517435
187.00000000,2480.00000000,0.07516384
187.00000000,2481.00000000,0.07515336
187.00000000,2482.00000000,0.07514285
187.00000000,2483.00000000,0.07513246
187.00000000,2484.00000000,0.07512210
187.00000000,2485.00000000,0.07511170
187.00000000,2486.00000000,0.07510141
187.00000000,2487.00000000,0.07509115
187.00000000,2488.00000000,0.07508323
187.00000000,2489.00000000,0.07507543
187.00000000,2490.00000000,0.07506767
187.00000000,2491.00000000,0.07505983
187.00000000,2492.00000000,0.07505213
187.00000000,2493.00000000,0.07504437
187.00000000,2494.00000000,0.07503671
187.00000000,2495.00000000,0.07502909
187.00000000,2496.00000000,0.07502141
187.00000000,2497.00000000,0.07501385
187.00000000,2498.00000000,0.07500630
187.00000000,2499.00000000,0.07499870
187.00000000,2500.00000000,0.07499120
188.00000000,1765.00000000,0.04982507
188.00000000,1766.00000000,0.04982520
188.00000000,1767.00000000,0.04982519
188.00000000,1768.00000000,0.04982529
188.00000000,1769.00000000,0.04982540
188.00000000,1770.00000000,0.04982581
188.00000000,1771.00000000,0.04982611
188.00000000,1772.00000000,0.04982650
188.00000000,1773.00000000,0.04982708
188.00000000,1774.00000000,0.04982766
188.00000000,1775.00000000,0.04982853
188.00000000,1776.00000000,0.04982935
188.00000000,1777.00000000,0.04983020
188.00000000,1778.00000000,0.04983131
188.00000000,1779.00000000,0.04983234
188.00000000,1780.00000000,0.04983361
188.00000000,1781.00000000,0.04983494
188.00000000,1782.00000000,0.04983629
188.00000000,1783.00000000,0.04983771
188.00000000,1784.00000000,0.04983914
188.00000000,1785.00000000,0.04984072
188.00000000,1786.00000000,0.04984236
188.00000000,1787.00000000,0.04984408
188.00000000,1788.00000000,0.04984597
188.00000000,1789.00000000,0.04984777
188.00000000,1790.00000000,0.04984959
188.00000000,1791.00000000,0.04985153
188.00000000,1792.00000000,0.04985359
188.00000000,1793.00000000,0.04985554
188.00000000,1794.00000000,0.04985772
188.00000000,1795.00000000,0.04985975
188.00000000,1796.00000000,0.04986192
188.00000000,1797.00000000,0.04986419
188.00000000,1798.00000000,0.04986645
188.00000000,1799.00000000,0.04986867
188.00000000,1800.00000000,0.04987094
188.00000000,1801.00000000,0.04987328
188.00000000,1802.00000000,0.04987566
188.00000000,1803.00000000,0.04987805
188.00000000,1804.00000000,0.04988043
188.00000000,1805.00000000,0.04988283
188.00000000,1806.00000000,0.04988530
188.00000000,1807.00000000,0.04988772
188.00000000,1808.00000000,0.04989030
188.00000000,1809.00000000,0.04989263
188.00000000,1810.00000000,0.04989514
188.00000000,1811.00000000,0.04989770
188.00000000,1812.00000000,0.04990028
188.00000000,1813.00000000,0.04990279
188.00000000,1814.00000000,0.04990529
188.00000000,1815.00000000,0.04990792
188.00000000,1816.00000000,0.04991047
188.00000000,1817.00000000,0.04991306
188.00000000,1818.00000000,0.04991560
188.00000000,1819.00000000,0.04991823
188.00000000,1820.00000000,0.04992074
188.00000000,1821.00000000,0.04992334
188.00000000,1822.00000000,0.04992598
188.00000000,1823.00000000,0.04992849
188.00000000,1824.00000000,0.04993115
188.00000000,1825.00000000,0.04993381
188.00000000,1826.00000000,0.04993630
188.00000000,1827.00000000,0.04993894
188.00000000,1828.00000000,0.04994152
188.00000000,1829.00000000,0.04994401
188.00000000,1830.00000000,0.04994664
188.00000000,1831.00000000,0.04994928
188.00000000,1832.00000000,0.04995168
188.00000000,1833.00000000,0.04995419
188.00000000,1834.00000000,0.04995670
188.00000000,1835.00000000,0.04995920
188.00000000,1836.00000000,0.04996168
188.00000000,1837.00000000,0.04996422
188.00000000,1838.00000000,0.04996663
188.00000000,1839.00000000,0.04996914
188.00000000,1840.00000000,0.04997143
188.00000000,1841.00000000,0.04997378
188.00000000,1842.00000000,0.04997617
188.00000000,1843.00000000,0.04997865
188.00000000,1844.00000000,0.04998093
188.00000000,1845.00000000,0.04998327
188.00000000,1846.00000000,0.04998557
188.00000000,1847.00000000,0.04998784
188.00000000,1848.00000000,0.04999011
188.00000000,1849.00000000,0.04999240
188.00000000,1850.00000000,0.04999448
188.00000000,1851.00000000,0.04999668
188.00000000,1852.00000000,0.04999880
188.00000000,1853.00000000,0.05000112
188.00000000,1854.00000000,0.05000354
188.00000000,1855.00000000,0.05000596
188.00000000,1856.00000000,0.05000834
188.00000000,1857.00000000,0.05001057
188.00000000,1858.00000000,0.05001276
188.00000000,1859.00000000,0.05001484
188.00000000,1860.00000000,0.05001698
188.00000000,1861.00000000,0.05001901
188.00000000,1862.00000000,0.05002098
188.00000000,1863.00000000,0.05002246
188.00000000,1864.00000000,0.05002363
188.00000000,1865.00000000,0.05002444
188.00000000,1866.00000000,0.05002505
188.00000000,1867.00000000,0.05002552
188.00000000,1868.00000000,0.05002573
188.00000000,1869.00000000,0.05002574
188.00000000,1870.00000000,0.05002560
188.00000000,1871.00000000,0.05002540
188.00000000,1872.00000000,0.05002521
188.00000000,1873.00000000,0.05002550
188.00000000,1874.00000000,0.05002611
188.00000000,1875.00000000,0.05002700
188.00000000,1876.00000000,0.05002802
188.00000000,1877.00000000,0.05002914
188.00000000,1878.00000000,0.05003040
188.00000000,1879.00000000,0.05003172
188.00000000,1880.00000000,0.05003307
188.00000000,1881.00000000,0.05003440
188.00000000,1882.00000000,0.05003578
188.00000000,1883.00000000,0.05003683
188.00000000,1884.00000000,0.05003761
188.00000000,1885.00000000,0.05003820
188.00000000,1886.00000000,0.05003866
188.00000000,1887.00000000,0.05003900
188.00000000,1888.00000000,0.05003921
188.00000000,1889.00000000,0.05003930
188.00000000,1890.00000000,0.05003912
188.00000000,1891.00000000,0.05003867
188.00000000,1892.00000000,0.05003814
188.00000000,1893.00000000,0.05003734
188.00000000,1894.00000000,0.05003661
188.00000000,1895.00000000,0.05003597
188.00000000,1896.00000000,0.05003532
188.00000000,1897.00000000,0.05003450
188.00000000,1898.00000000,0.05003375
188.00000000,1899.00000000,0.05003279
188.00000000,1900.00000000,0.05003163
188.00000000,1901.00000000,0.05003033
188.00000000,1902.00000000,0.05002903
188.00000000,1903.00000000,0.05002780
188.00000000,1904.00000000,0.05002665
188.00000000,1905.00000000,0.05002564
188.00000000,1906.00000000,0.05002470
188.00000000,1907.00000000,0.05002390
188.00000000,1908.00000000,0.05002305
188.00000000,1909.00000000,0.05002213
188.00000000,1910.00000000,0.05002124
188.00000000,1911.00000000,0.05002019
188.00000000,1912.00000000,0.05001875
188.00000000,1913.00000000,0.05001667
188.00000000,1914.00000000,0.05001399
188.00000000,1915.00000000,0.05001097
188.00000000,1916.00000000,0.05000793
188.00000000,1917.00000000,0.05000480
188.00000000,1918.00000000,0.05000158
188.00000000,1919.00000000,0.04999837
188.00000000,1920.00000000,0.04999548
188.00000000,1921.00000000,0.04999303
188.00000000,1922.00000000,0.04999114
188.00000000,1923.00000000,0.04998971
188.00000000,1924.00000000,0.04998837
188.00000000,1925.00000000,0.04998686
188.00000000,1926.00000000,0.04998534
188.00000000,1927.00000000,0.04998381
188.00000000,1928.00000000,0.04998230
188.00000000,1929.00000000,0.04998077
188.00000000,1930.00000000,0.04997932
188.00000000,1931.00000000,0.04997858
188.00000000,1932.00000000,0.04997866
188.00000000,1933.00000000,0.04997919
188.00000000,1934.00000000,0.04998009
188.00000000,1935.00000000,0.04998094
188.00000000,1936.00000000,0.04998145
188.00000000,1937.00000000,0.04998132
188.00000000,1938.00000000,0.04998035
188.00000000,1939.00000000,0.04997881
188.00000000,1940.00000000,0.04997683
188.00000000,1941.00000000,0.04997419
188.00000000,1942.00000000,0.04997084
188.00000000,1943.00000000,0.04996705
188.00000000,1944.00000000,0.04996293
188.00000000,1945.00000000,0.04995879
188.00000000,1946.00000000,0.04995530
188.00000000,1947.00000000,0.04995291
188.00000000,1948.00000000,0.04995106
188.00000000,1949.00000000,0.04994928
188.00000000,1950.00000000,0.04994746
188.00000000,1951.00000000,0.04994558
188.00000000,1952.00000000,0.04994422
188.00000000,1953.00000000,0.04994303
188.00000000,1954.00000000,0.04994647
188.00000000,1955.00000000,0.04994553
188.00000000,1956.00000000,0.04994467
188.00000000,1957.00000000,0.04994366
188.00000000,1958.00000000,0.04994239
188.00000000,1959.00000000,0.04994238
188.00000000,1960.00000000,0.04993959
188.00000000,1961.00000000,0.04993570
188.00000000,1962.00000000,0.04993125
188.00000000,1963.00000000,0.04992629
188.00000000,1964.00000000,0.04992061
188.00000000,1965.00000000,0.04991406
188.00000000,1966.00000000,0.04990665
188.00000000,1967.00000000,0.04989835
188.00000000,1968.00000000,0.04988909
188.00000000,1969.00000000,0.04988001
188.00000000,1970.00000000,0.04986775
188.00000000,1971.00000000,0.04985336
188.00000000,1972.00000000,0.04983627
188.00000000,1973.00000000,0.04981680
188.00000000,1974.00000000,0.04979547
188.00000000,1975.00000000,0.04977295
188.00000000,1976.00000000,0.04975015
188.00000000,1977.00000000,0.04972743
188.00000000,1978.00000000,0.04970452
188.00000000,1979.00000000,0.04968298
188.00000000,1980.00000000,0.04965945
188.00000000,1981.00000000,0.04963575
188.00000000,1982.00000000,0.04961333
188.00000000,1983.00000000,0.04959360
188.00000000,1984.00000000,0.04957657
188.00000000,1985.00000000,0.04956307
188.00000000,1986.00000000,0.04954916
188.00000000,1987.00000000,0.04953584
188.00000000,1988.00000000,0.04952413
188.00000000,1989.00000000,0.04951067
188.00000000,1990.00000000,0.04949986
188.00000000,1991.00000000,0.04948431
188.00000000,1992.00000000,0.04947052
188.00000000,1993.00000000,0.04945714
188.00000000,1994.00000000,0.04944595
188.00000000,1995.00000000,0.04943373
188.00000000,1996.00000000,0.04942160
188.00000000,1997.00000000,0.04940912
188.00000000,1998.00000000,0.04939609
188.00000000,1999.00000000,0.04938449
188.00000000,2000.00000000,0.04937146
188.00000000,2001.00000000,0.04935818
188.00000000,2002.00000000,0.04934456
188.00000000,2003.00000000,0.04933244
188.00000000,2004.00000000,0.04931961
188.00000000,2005.00000000,0.04930498
188.00000000,2006.00000000,0.04928625
188.00000000,2007.00000000,0.04926498
188.00000000,2008.00000000,0.04924137
188.00000000,2009.00000000,0.04921563
188.00000000,2010.00000000,0.04918958
188.00000000,2011.00000000,0.04916178
188.00000000,2012.00000000,0.04913072
188.00000000,2013.00000000,0.04909947
188.00000000,2014.00000000,0.04906497
188.00000000,2015.00000000,0.04903021
188.00000000,2016.00000000,0.04899222
188.00000000,2017.00000000,0.04895261
188.00000000,2018.00000000,0.04892053
188.00000000,2019.00000000,0.04887642
188.00000000,2020.00000000,0.04883239
188.00000000,2021.00000000,0.04878863
188.00000000,2022.00000000,0.04874222
188.00000000,2023.00000000,0.04869629
188.00000000,2024.00000000,0.04865402
188.00000000,2025.00000000,0.04860505
188.00000000,2026.00000000,0.04855687
188.00000000,2027.00000000,0.04850815
188.00000000,2028.00000000,0.04846032
188.00000000,2029.00000000,0.04841057
188.00000000,2030.00000000,0.04836186
188.00000000,2031.00000000,0.04831119
188.00000000,2032.00000000,0.04826150
188.00000000,2033.00000000,0.04821408
188.00000000,2034.00000000,0.04815991
188.00000000,2035.00000000,0.04810939
188.00000000,2036.00000000,0.04805506
188.00000000,2037.00000000,0.04800280
188.00000000,2038.00000000,0.04795122
188.00000000,2039.00000000,0.04789292
188.00000000,2040.00000000,0.04783834
188.00000000,2041.00000000,0.04778152
188.00000000,2042.00000000,0.04773552
188.00000000,2043.00000000,0.04767679
188.00000000,2044.00000000,0.04762136
188.00000000,2045.00000000,0.04755897
188.00000000,2046.00000000,0.04749553
188.00000000,2047.00000000,0.04743687
188.00000000,2048.00000000,0.04738150
188.00000000,2049.00000000,0.04731932
188.00000000,2050.00000000,0.04725329
188.00000000,2051.00000000,0.04719360
188.00000000,2052.00000000,0.04713463
188.00000000,2053.00000000,0.04707347
188.00000000,2054.00000000,0.04700595
188.00000000,2055.00000000,0.04694537
188.00000000,2056.00000000,0.04687964
188.00000000,2057.00000000,0.04681637
188.00000000,2058.00000000,0.04674985
188.00000000,2059.00000000,0.04668870
188.00000000,2060.00000000,0.04663870
188.00000000,2061.00000000,0.04657983
188.00000000,2062.00000000,0.04649100
188.00000000,2063.00000000,0.04643669
188.00000000,2064.00000000,0.04636725
188.00000000,2065.00000000,0.04629853
188.00000000,2066.00000000,0.04622840
188.00000000,2067.00000000,0.04617668
188.00000000,2068.00000000,0.04614266
188.00000000,2069.00000000,0.04608259
188.00000000,2070.00000000,0.04603159
188.00000000,2071.00000000,0.04598554
188.00000000,2072.00000000,0.04592224
188.00000000,2073.00000000,0.04585876
188.00000000,2074.00000000,0.04579948
188.00000000,2075.00000000,0.04575562
188.00000000,2076.00000000,0.04573819
188.00000000,2077.00000000,0.04567770
188.00000000,2078.00000000,0.04565882
188.00000000,2079.00000000,0.04562325
188.00000000,2080.00000000,0.04556955
188.00000000,2081.00000000,0.04550885
188.00000000,2082.00000000,0.04547303
188.00000000,2083.00000000,0.04545244
188.00000000,2084.00000000,0.04541955
188.00000000,2085.00000000,0.04539918
188.00000000,2086.00000000,0.04538576
188.00000000,2087.00000000,0.04539702
188.00000000,2088.00000000,0.04538909
188.00000000,2089.00000000,0.04537013
188.00000000,2090.00000000,0.04534699
188.00000000,2091.00000000,0.04537558
188.00000000,2092.00000000,0.04534538
188.00000000,2093.00000000,0.04536016
188.00000000,2094.00000000,0.04538306
188.00000000,2095.00000000,0.04545197
188.00000000,2096.00000000,0.04537134
188.00000000,2097.00000000,0.04538551
188.00000000,2098.00000000,0.04539934
188.00000000,2099.00000000,0.04539113
188.00000000,2100.00000000,0.04541903
188.00000000,2101.00000000,0.04547615
188.00000000,2102.00000000,0.04532239
188.00000000,2103.00000000,0.04527924
188.00000000,2104.00000000,0.04533858
188.00000000,2105.00000000,0.04538703
188.00000000,2106.00000000,0.04533844
188.00000000,2107.00000000,0.04514196
188.00000000,2108.00000000,0.04529088
188.00000000,2109.00000000,0.04509858
188.00000000,2110.00000000,0.04513723
188.00000000,2111.00000000,0.04528841
188.00000000,2112.00000000,0.04526376
188.00000000,2113.00000000,0.04526576
188.00000000,2114.00000000,0.04526348
188.00000000,2115.00000000,0.04535730
188.00000000,2116.00000000,0.04535043
188.00000000,2117.00000000,0.04544733
188.00000000,2118.00000000,0.04531522
188.00000000,2119.00000000,0.04515589
188.00000000,2120.00000000,0.04502415
188.00000000,2121.00000000,0.04507898
188.00000000,2122.00000000,0.04518029
188.00000000,2123.00000000,0.04524807
188.00000000,2124.00000000,0.04538229
188.00000000,2125.00000000,0.04548552
188.00000000,2126.00000000,0.04539539
188.00000000,2127.00000000,0.04546212
188.00000000,2128.00000000,0.04560577
188.00000000,2129.00000000,0.04565473
188.00000000,2130.00000000,0.04566886
188.00000000,2131.00000000,0.04573856
188.00000000,2132.00000000,0.04573360
188.00000000,2133.00000000,0.04544418
188.00000000,2134.00000000,0.04555617
188.00000000,2135.00000000,0.04577069
188.00000000,2136.00000000,0.04588447
188.00000000,2137.00000000,0.04583114
188.00000000,2138.00000000,0.04612594
188.00000000,2139.00000000,0.04632540
188.00000000,2140.00000000,0.04638030
188.00000000,2141.00000000,0.04645902
188.00000000,2142.00000000,0.04651119
188.00000000,2143.00000000,0.04676900
188.00000000,2144.00000000,0.04697107
188.00000000,2145.00000000,0.04711727
188.00000000,2146.00000000,0.04722215
188.00000000,2147.00000000,0.04742352
188.00000000,2148.00000000,0.04760343
188.00000000,2149.00000000,0.04765467
188.00000000,2150.00000000,0.04782508
188.00000000,2151.00000000,0.04805271
188.00000000,2152.00000000,0.04829852
188.00000000,2153.00000000,0.04851681
188.00000000,2154.00000000,0.04876886
188.00000000,2155.00000000,0.04895277
188.00000000,2156.00000000,0.04923417
188.00000000,2157.00000000,0.04956545
188.00000000,2158.00000000,0.04998499
188.00000000,2159.00000000,0.05024738
188.00000000,2160.00000000,0.05053021
188.00000000,2161.00000000,0.05090639
188.00000000,2162.00000000,0.05098431
188.00000000,2163.00000000,0.05101457
188.00000000,2164.00000000,0.05144217
188.00000000,2165.00000000,0.05171070
188.00000000,2166.00000000,0.05188884
188.00000000,2167.00000000,0.05234359
188.00000000,2168.00000000,0.05235221
188.00000000,2169.00000000,0.05221761
188.00000000,2170.00000000,0.05224903
188.00000000,2171.00000000,0.05231487
188.00000000,2172.00000000,0.05264636
188.00000000,2173.00000000,0.05294595
188.00000000,2174.00000000,0.05326439
188.00000000,2175.00000000,0.05355468
188.00000000,2176.00000000,0.05393868
188.00000000,2177.00000000,0.05420982
188.00000000,2178.00000000,0.05438910
188.00000000,2179.00000000,0.05461873
188.00000000,2180.00000000,0.05457033
188.00000000,2181.00000000,0.05468914
188.00000000,2182.00000000,0.05496113
188.00000000,2183.00000000,0.05525179
188.00000000,2184.00000000,0.05555574
188.00000000,2185.00000000,0.05582296
188.00000000,2186.00000000,0.05590281
188.00000000,2187.00000000,0.05600106
188.00000000,2188.00000000,0.05635316
188.00000000,2189.00000000,0.05670152
188.00000000,2190.00000000,0.05690628
188.00000000,2191.00000000,0.05750148
188.00000000,2192.00000000,0.05816748
188.00000000,2193.00000000,0.05871873
188.00000000,2194.00000000,0.05912465
188.00000000,2195.00000000,0.05953403
188.00000000,2196.00000000,0.05994693
188.00000000,2197.00000000,0.06036298
188.00000000,2198.00000000,0.06078222
188.00000000,2199.00000000,0.06130153
188.00000000,2200.00000000,0.06182442
188.00000000,2201.00000000,0.06235090
188.00000000,2202.00000000,0.06288096
188.00000000,2203.00000000,0.06341453
188.00000000,2204.00000000,0.06395165
188.00000000,2205.00000000,0.06449227
188.00000000,2206.00000000,0.06503634
188.00000000,2207.00000000,0.06558389
188.00000000,2208.00000000,0.06613486
188.00000000,2209.00000000,0.06664565
188.00000000,2210.00000000,0.06715970
188.00000000,2211.00000000,0.06767697
188.00000000,2212.00000000,0.06819752
188.00000000,2213.00000000,0.06872134
188.00000000,2214.00000000,0.06924844
188.00000000,2215.00000000,0.06977887
188.00000000,2216.00000000,0.07031266
188.00000000,2217.00000000,0.07084980
188.00000000,2218.00000000,0.07139041
188.00000000,2219.00000000,0.07202680
188.00000000,2220.00000000,0.07266703
188.00000000,2221.00000000,0.07331113
188.00000000,2222.00000000,0.07395907
188.00000000,2223.00000000,0.07461081
188.00000000,2224.00000000,0.07526639
188.00000000,2225.00000000,0.07592575
188.00000000,2226.00000000,0.07658894
188.00000000,2227.00000000,0.07725593
188.00000000,2228.00000000,0.07792670
188.00000000,2229.00000000,0.07866989
188.00000000,2230.00000000,0.07941717
188.00000000,2231.00000000,0.08016846
188.00000000,2232.00000000,0.08092381
188.00000000,2233.00000000,0.08168315
188.00000000,2234.00000000,0.08244641
188.00000000,2235.00000000,0.08321363
188.00000000,2236.00000000,0.08398471
188.00000000,2237.00000000,0.08475967
188.00000000,2238.00000000,0.08553845
188.00000000,2239.00000000,0.08631704
188.00000000,2240.00000000,0.08709939
188.00000000,2241.00000000,0.08788543
188.00000000,2242.00000000,0.08867508
188.00000000,2243.00000000,0.08946838
188.00000000,2244.00000000,0.09026524
188.00000000,2245.00000000,0.09106557
188.00000000,2246.00000000,0.09186939
188.00000000,2247.00000000,0.09267662
188.00000000,2248.00000000,0.09348711
188.00000000,2249.00000000,0.09414474
188.00000000,2250.00000000,0.09480410
188.00000000,2251.00000000,0.09546398
188.00000000,2252.00000000,0.09612318
188.00000000,2253.00000000,0.09678096
188.00000000,2254.00000000,0.09743701
188.00000000,2255.00000000,0.09809114
188.00000000,2256.00000000,0.09874319
188.00000000,2257.00000000,0.09939312
188.00000000,2258.00000000,0.10004082
188.00000000,2259.00000000,0.10054288
188.00000000,2260.00000000,0.10104211
188.00000000,2261.00000000,0.10153849
188.00000000,2262.00000000,0.10203223
188.00000000,2263.00000000,0.10252338
188.00000000,2264.00000000,0.10301199
188.00000000,2265.00000000,0.10349816
188.00000000,2266.00000000,0.10398190
188.00000000,2267.00000000,0.10446318
188.00000000,2268.00000000,0.10494209
188.00000000,2269.00000000,0.10533738
188.00000000,2270.00000000,0.10572999
188.00000000,2271.00000000,0.10612002
188.00000000,2272.00000000,0.10650745
188.00000000,2273.00000000,0.10689237
188.00000000,2274.00000000,0.10727477
188.00000000,2275.00000000,0.10765467
188.00000000,2276.00000000,0.10803214
188.00000000,2277.00000000,0.10840719
188.00000000,2278.00000000,0.10877976
188.00000000,2279.00000000,0.10906525
188.00000000,2280.00000000,0.10934810
188.00000000,2281.00000000,0.10962832
188.00000000,2282.00000000,0.10990604
188.00000000,2283.00000000,0.11018125
188.00000000,2284.00000000,0.11045391
188.00000000,2285.00000000,0.11072420
188.00000000,2286.00000000,0.11099200
188.00000000,2287.00000000,0.11125747
188.00000000,2288.00000000,0.11152056
188.00000000,2289.00000000,0.11171558
188.00000000,2290.00000000,0.11190816
188.00000000,2291.00000000,0.11209828
188.00000000,2292.00000000,0.11228591
188.00000000,2293.00000000,0.11247122
188.00000000,2294.00000000,0.11265417
188.00000000,2295.00000000,0.11283471
188.00000000,2296.00000000,0.11301302
188.00000000,2297.00000000,0.11318898
188.00000000,2298.00000000,0.11336276
188.00000000,2299.00000000,0.11353430
188.00000000,2300.00000000,0.11370358
188.00000000,2301.00000000,0.11387074
188.00000000,2302.00000000,0.11403571
188.00000000,2303.00000000,0.11419848
188.00000000,2304.00000000,0.11435917
188.00000000,2305.00000000,0.11451771
188.00000000,2306.00000000,0.11467409
188.00000000,2307.00000000,0.11482843
188.00000000,2308.00000000,0.11498068
188.00000000,2309.00000000,0.11513080
188.00000000,2310.00000000,0.11527895
188.00000000,2311.00000000,0.11542496
188.00000000,2312.00000000,0.11556903
188.00000000,2313.00000000,0.11571109
188.00000000,2314.00000000,0.11585104
188.00000000,2315.00000000,0.11598910
188.00000000,2316.00000000,0.11612518
188.00000000,2317.00000000,0.11625916
188.00000000,2318.00000000,0.11639129
188.00000000,2319.00000000,0.11652146
188.00000000,2320.00000000,0.11664957
188.00000000,2321.00000000,0.11677580
188.00000000,2322.00000000,0.11690001
188.00000000,2323.00000000,0.11702238
188.00000000,2324.00000000,0.11714280
188.00000000,2325.00000000,0.11726120
188.00000000,2326.00000000,0.11737773
188.00000000,2327.00000000,0.11749234
188.00000000,2328.00000000,0.11760493
188.00000000,2329.00000000,0.11771566
188.00000000,2330.00000000,0.11782445
188.00000000,2331.00000000,0.11793120
188.00000000,2332.00000000,0.11803609
188.00000000,2333.00000000,0.11813895
188.00000000,2334.00000000,0.11823992
188.00000000,2335.00000000,0.11833890
188.00000000,2336.00000000,0.11843580
188.00000000,2337.00000000,0.11853073
188.00000000,2338.00000000,0.11862352
188.00000000,2339.00000000,0.11825560
188.00000000,2340.00000000,0.11788509
188.00000000,2341.00000000,0.11751199
188.00000000,2342.00000000,0.11713626
188.00000000,2343.00000000,0.11675812
188.00000000,2344.00000000,0.11637754
188.00000000,2345.00000000,0.11599450
188.00000000,2346.00000000,0.11560918
188.00000000,2347.00000000,0.11522152
188.00000000,2348.00000000,0.11483167
188.00000000,2349.00000000,0.11443963
188.00000000,2350.00000000,0.11404537
188.00000000,2351.00000000,0.11364908
188.00000000,2352.00000000,0.11325072
188.00000000,2353.00000000,0.11285029
188.00000000,2354.00000000,0.11244795
188.00000000,2355.00000000,0.11204368
188.00000000,2356.00000000,0.11163746
188.00000000,2357.00000000,0.11122946
188.00000000,2358.00000000,0.11081958
188.00000000,2359.00000000,0.11040799
188.00000000,2360.00000000,0.10999466
188.00000000,2361.00000000,0.10957959
188.00000000,2362.00000000,0.10916290
188.00000000,2363.00000000,0.10874459
188.00000000,2364.00000000,0.10832461
188.00000000,2365.00000000,0.10790314
188.00000000,2366.00000000,0.10748014
188.00000000,2367.00000000,0.10705558
188.00000000,2368.00000000,0.10662964
188.00000000,2369.00000000,0.10620225
188.00000000,2370.00000000,0.10577340
188.00000000,2371.00000000,0.10534323
188.00000000,2372.00000000,0.10491168
188.00000000,2373.00000000,0.10447887
188.00000000,2374.00000000,0.10404477
188.00000000,2375.00000000,0.10360935
188.00000000,2376.00000000,0.10317278
188.00000000,2377.00000000,0.10273500
188.00000000,2378.00000000,0.10229598
188.00000000,2379.00000000,0.10185589
188.00000000,2380.00000000,0.10141467
188.00000000,2381.00000000,0.10097229
188.00000000,2382.00000000,0.10052891
188.00000000,2383.00000000,0.10008442
188.00000000,2384.00000000,0.09963897
188.00000000,2385.00000000,0.09919253
188.00000000,2386.00000000,0.09874504
188.00000000,2387.00000000,0.09829668
188.00000000,2388.00000000,0.09784738
188.00000000,2389.00000000,0.09739713
188.00000000,2390.00000000,0.09694604
188.00000000,2391.00000000,0.09649409
188.00000000,2392.00000000,0.09604126
188.00000000,2393.00000000,0.09558765
188.00000000,2394.00000000,0.09513327
188.00000000,2395.00000000,0.09467805
188.00000000,2396.00000000,0.09422212
188.00000000,2397.00000000,0.09376541
188.00000000,2398.00000000,0.09330803
188.00000000,2399.00000000,0.09284997
188.00000000,2400.00000000,0.09239117
188.00000000,2401.00000000,0.09193176
188.00000000,2402.00000000,0.09147174
188.00000000,2403.00000000,0.09101102
188.00000000,2404.00000000,0.09054978
188.00000000,2405.00000000,0.09008797
188.00000000,2406.00000000,0.08962553
188.00000000,2407.00000000,0.08916261
188.00000000,2408.00000000,0.08869911
188.00000000,2409.00000000,0.08823516
188.00000000,2410.00000000,0.08777073
188.00000000,2411.00000000,0.08730575
188.00000000,2412.00000000,0.08684038
188.00000000,2413.00000000,0.08637458
188.00000000,2414.00000000,0.08590829
188.00000000,2415.00000000,0.08544166
188.00000000,2416.00000000,0.08497463
188.00000000,2417.00000000,0.08450717
188.00000000,2418.00000000,0.08403940
188.00000000,2419.00000000,0.08357123
188.00000000,2420.00000000,0.08310279
188.00000000,2421.00000000,0.08263404
188.00000000,2422.00000000,0.08216494
188.00000000,2423.00000000,0.08169559
188.00000000,2424.00000000,0.08122599
188.00000000,2425.00000000,0.08075608
188.00000000,2426.00000000,0.08028599
188.00000000,2427.00000000,0.07981567
188.00000000,2428.00000000,0.07934508
188.00000000,2429.00000000,0.07887436
188.00000000,2430.00000000,0.07840346
188.00000000,2431.00000000,0.07793234
188.00000000,2432.00000000,0.07746112
188.00000000,2433.00000000,0.07698972
188.00000000,2434.00000000,0.07651827
188.00000000,2435.00000000,0.07604675
188.00000000,2436.00000000,0.07557516
188.00000000,2437.00000000,0.07520280
188.00000000,2438.00000000,0.07512247
188.00000000,2439.00000000,0.07512200
188.00000000,2440.00000000,0.07512173
188.00000000,2441.00000000,0.07512159
188.00000000,2442.00000000,0.07512150
188.00000000,2443.00000000,0.07512162
188.00000000,2444.00000000,0.07513429
188.00000000,2445.00000000,0.07514715
188.00000000,2446.00000000,0.07516013
188.00000000,2447.00000000,0.07517315
188.00000000,2448.00000000,0.07518634
188.00000000,2449.00000000,0.07517491
188.00000000,2450.00000000,0.07516351
188.00000000,2451.00000000,0.07515226
188.00000000,2452.00000000,0.07514111
188.00000000,2453.00000000,0.07512997
188.00000000,2454.00000000,0.07511898
188.00000000,2455.00000000,0.07510807
188.00000000,2456.00000000,0.07509716
188.00000000,2457.00000000,0.07508641
188.00000000,2458.00000000,0.07507565
188.00000000,2459.00000000,0.07506504
188.00000000,2460.00000000,0.07505450
188.00000000,2461.00000000,0.07504395
188.00000000,2462.00000000,0.07503354
188.00000000,2463.00000000,0.07502320
188.00000000,2464.00000000,0.07501177
188.00000000,2465.00000000,0.07500047
188.00000000,2466.00000000,0.07498924
188.00000000,2467.00000000,0.07497800
188.00000000,2468.00000000,0.07496688
188.00000000,2469.00000000,0.07495574
188.00000000,2470.00000000,0.07494473
188.00000000,2471.00000000,0.07493377
188.00000000,2472.00000000,0.07492278
188.00000000,2473.00000000,0.07491193
188.00000000,2474.00000000,0.07490112
188.00000000,2475.00000000,0.07489028
188.00000000,2476.00000000,0.07487956
188.00000000,2477.00000000,0.07486888
188.00000000,2478.00000000,0.07485817
188.00000000,2479.00000000,0.07484759
188.00000000,2480.00000000,0.07483697
188.00000000,2481.00000000,0.07482646
188.00000000,2482.00000000,0.07481599
188.00000000,2483.00000000,0.07480548
188.00000000,2484.00000000,0.07479509
188.00000000,2485.00000000,0.07478474
188.00000000,2486.00000000,0.07477433
188.00000000,2487.00000000,0.07476405
188.00000000,2488.00000000,0.07475379
188.00000000,2489.00000000,0.07474587
188.00000000,2490.00000000,0.07473806
188.00000000,2491.00000000,0.07473028
188.00000000,2492.00000000,0.07472245
188.00000000,2493.00000000,0.07471473
188.00000000,2494.00000000,0.07470695
188.00000000,2495.00000000,0.07469930
188.00000000,2496.00000000,0.07469167
188.00000000,2497.00000000,0.07468398
188.00000000,2498.00000000,0.07467639
188.00000000,2499.00000000,0.07466884
188.00000000,2500.00000000,0.07466123
189.00000000,1765.00000000,0.04953966
189.00000000,1766.00000000,0.04953961
189.00000000,1767.00000000,0.04953977
189.00000000,1768.00000000,0.04953982
189.00000000,1769.00000000,0.04954000
189.00000000,1770.00000000,0.04954020
189.00000000,1771.00000000,0.04954069
189.00000000,1772.00000000,0.04954109
189.00000000,1773.00000000,0.04954157
189.00000000,1774.00000000,0.04954224
189.00000000,1775.00000000,0.04954291
189.00000000,1776.00000000,0.04954388
189.00000000,1777.00000000,0.04954478
189.00000000,1778.00000000,0.04954572
189.00000000,1779.00000000,0.04954692
189.00000000,1780.00000000,0.04954803
189.00000000,1781.00000000,0.04954938
189.00000000,1782.00000000,0.04955077
189.00000000,1783.00000000,0.04955219
189.00000000,1784.00000000,0.04955368
189.00000000,1785.00000000,0.04955517
189.00000000,1786.00000000,0.04955680
189.00000000,1787.00000000,0.04955850
189.00000000,1788.00000000,0.04956027
189.00000000,1789.00000000,0.04956221
189.00000000,1790.00000000,0.04956405
189.00000000,1791.00000000,0.04956592
189.00000000,1792.00000000,0.04956790
189.00000000,1793.00000000,0.04956999
189.00000000,1794.00000000,0.04957198
189.00000000,1795.00000000,0.04957418
189.00000000,1796.00000000,0.04957623
189.00000000,1797.00000000,0.04957843
189.00000000,1798.00000000,0.04958072
189.00000000,1799.00000000,0.04958300
189.00000000,1800.00000000,0.04958525
189.00000000,1801.00000000,0.04958753
189.00000000,1802.00000000,0.04958987
189.00000000,1803.00000000,0.04959227
189.00000000,1804.00000000,0.04959465
189.00000000,1805.00000000,0.04959705
189.00000000,1806.00000000,0.04959946
189.00000000,1807.00000000,0.04960193
189.00000000,1808.00000000,0.04960435
189.00000000,1809.00000000,0.04960694
189.00000000,1810.00000000,0.04960926
189.00000000,1811.00000000,0.04961179
189.00000000,1812.00000000,0.04961434
189.00000000,1813.00000000,0.04961691
189.00000000,1814.00000000,0.04961943
189.00000000,1815.00000000,0.04962192
189.00000000,1816.00000000,0.04962454
189.00000000,1817.00000000,0.04962708
189.00000000,1818.00000000,0.04962966
189.00000000,1819.00000000,0.04963218
189.00000000,1820.00000000,0.04963480
189.00000000,1821.00000000,0.04963729
189.00000000,1822.00000000,0.04963989
189.00000000,1823.00000000,0.04964252
189.00000000,1824.00000000,0.04964501
189.00000000,1825.00000000,0.04964766
189.00000000,1826.00000000,0.04965029
189.00000000,1827.00000000,0.04965276
189.00000000,1828.00000000,0.04965538
189.00000000,1829.00000000,0.04965794
189.00000000,1830.00000000,0.04966041
189.00000000,1831.00000000,0.04966301
189.00000000,1832.00000000,0.04966561
189.00000000,1833.00000000,0.04966799
189.00000000,1834.00000000,0.04967048
189.00000000,1835.00000000,0.04967297
189.00000000,1836.00000000,0.04967544
189.00000000,1837.00000000,0.04967789
189.00000000,1838.00000000,0.04968039
189.00000000,1839.00000000,0.04968277
189.00000000,1840.00000000,0.04968526
189.00000000,1841.00000000,0.04968751
189.00000000,1842.00000000,0.04968983
189.00000000,1843.00000000,0.04969219
189.00000000,1844.00000000,0.04969464
189.00000000,1845.00000000,0.04969688
189.00000000,1846.00000000,0.04969919
189.00000000,1847.00000000,0.04970145
189.00000000,1848.00000000,0.04970367
189.00000000,1849.00000000,0.04970591
189.00000000,1850.00000000,0.04970817
189.00000000,1851.00000000,0.04971019
189.00000000,1852.00000000,0.04971234
189.00000000,1853.00000000,0.04971467
189.00000000,1854.00000000,0.04971706
189.00000000,1855.00000000,0.04971944
189.00000000,1856.00000000,0.04972177
189.00000000,1857.00000000,0.04972406
189.00000000,1858.00000000,0.04972623
189.00000000,1859.00000000,0.04972835
189.00000000,1860.00000000,0.04973038
189.00000000,1861.00000000,0.04973245
189.00000000,1862.00000000,0.04973435
189.00000000,1863.00000000,0.04973587
189.00000000,1864.00000000,0.04973699
189.00000000,1865.00000000,0.04973788
189.00000000,1866.00000000,0.04973844
189.00000000,1867.00000000,0.04973885
189.00000000,1868.00000000,0.04973913
189.00000000,1869.00000000,0.04973916
189.00000000,1870.00000000,0.04973900
189.00000000,1871.00000000,0.04973873
189.00000000,1872.00000000,0.04973862
189.00000000,1873.00000000,0.04973889
189.00000000,1874.00000000,0.04973950
189.00000000,1875.00000000,0.04974033
189.00000000,1876.00000000,0.04974139
189.00000000,1877.00000000,0.04974252
189.00000000,1878.00000000,0.04974373
189.00000000,1879.00000000,0.04974507
189.00000000,1880.00000000,0.04974641
189.00000000,1881.00000000,0.04974775
189.00000000,1882.00000000,0.04974908
189.00000000,1883.00000000,0.04975013
189.00000000,1884.00000000,0.04975092
189.00000000,1885.00000000,0.04975151
189.00000000,1886.00000000,0.04975196
189.00000000,1887.00000000,0.04975232
189.00000000,1888.00000000,0.04975252
189.00000000,1889.00000000,0.04975254
189.00000000,1890.00000000,0.04975242
189.00000000,1891.00000000,0.04975201
189.00000000,1892.00000000,0.04975135
189.00000000,1893.00000000,0.04975072
189.00000000,1894.00000000,0.04974990
189.00000000,1895.00000000,0.04974924
189.00000000,1896.00000000,0.04974860
189.00000000,1897.00000000,0.04974791
189.00000000,1898.00000000,0.04974701
189.00000000,1899.00000000,0.04974612
189.00000000,1900.00000000,0.04974495
189.00000000,1901.00000000,0.04974362
189.00000000,1902.00000000,0.04974241
189.00000000,1903.00000000,0.04974114
189.00000000,1904.00000000,0.04973999
189.00000000,1905.00000000,0.04973896
189.00000000,1906.00000000,0.04973810
189.00000000,1907.00000000,0.04973725
189.00000000,1908.00000000,0.04973638
189.00000000,1909.00000000,0.04973548
189.00000000,1910.00000000,0.04973457
189.00000000,1911.00000000,0.04973357
189.00000000,1912.00000000,0.04973211
189.00000000,1913.00000000,0.04973006
189.00000000,1914.00000000,0.04972736
189.00000000,1915.00000000,0.04972437
189.00000000,1916.00000000,0.04972131
189.00000000,1917.00000000,0.04971824
189.00000000,1918.00000000,0.04971500
189.00000000,1919.00000000,0.04971181
189.00000000,1920.00000000,0.04970894
189.00000000,1921.00000000,0.04970648
189.00000000,1922.00000000,0.04970462
189.00000000,1923.00000000,0.04970316
189.00000000,1924.00000000,0.04970180
189.00000000,1925.00000000,0.04970036
189.00000000,1926.00000000,0.04969878
189.00000000,1927.00000000,0.04969724
189.00000000,1928.00000000,0.04969577
189.00000000,1929.00000000,0.04969421
189.00000000,1930.00000000,0.04969279
189.00000000,1931.00000000,0.04969200
189.00000000,1932.00000000,0.04969209
189.00000000,1933.00000000,0.04969260
189.00000000,1934.00000000,0.04969347
189.00000000,1935.00000000,0.04969430
189.00000000,1936.00000000,0.04969477
189.00000000,1937.00000000,0.04969464
189.00000000,1938.00000000,0.04969366
189.00000000,1939.00000000,0.04969209
189.00000000,1940.00000000,0.04969008
189.00000000,1941.00000000,0.04968744
189.00000000,1942.00000000,0.04968408
189.00000000,1943.00000000,0.04968030
189.00000000,1944.00000000,0.04967616
189.00000000,1945.00000000,0.04967200
189.00000000,1946.00000000,0.04966850
189.00000000,1947.00000000,0.04966607
189.00000000,1948.00000000,0.04966419
189.00000000,1949.00000000,0.04966236
189.00000000,1950.00000000,0.04966050
189.00000000,1951.00000000,0.04965857
189.00000000,1952.00000000,0.04965714
189.00000000,1953.00000000,0.04965589
189.00000000,1954.00000000,0.04965469
189.00000000,1955.00000000,0.04965826
189.00000000,1956.00000000,0.04965730
189.00000000,1957.00000000,0.04965623
189.00000000,1958.00000000,0.04965491
189.00000000,1959.00000000,0.04965322
189.00000000,1960.00000000,0.04965196
189.00000000,1961.00000000,0.04964803
189.00000000,1962.00000000,0.04964354
189.00000000,1963.00000000,0.04963850
189.00000000,1964.00000000,0.04963282
189.00000000,1965.00000000,0.04962626
189.00000000,1966.00000000,0.04961878
189.00000000,1967.00000000,0.04961053
189.00000000,1968.00000000,0.04960124
189.00000000,1969.00000000,0.04959059
189.00000000,1970.00000000,0.04957993
189.00000000,1971.00000000,0.04956553
189.00000000,1972.00000000,0.04954847
189.00000000,1973.00000000,0.04952912
189.00000000,1974.00000000,0.04950780
189.00000000,1975.00000000,0.04948541
189.00000000,1976.00000000,0.04946266
189.00000000,1977.00000000,0.04944002
189.00000000,1978.00000000,0.04941725
189.00000000,1979.00000000,0.04939420
189.00000000,1980.00000000,0.04937228
189.00000000,1981.00000000,0.04934870
189.00000000,1982.00000000,0.04932636
189.00000000,1983.00000000,0.04930673
189.00000000,1984.00000000,0.04928969
189.00000000,1985.00000000,0.04927472
189.00000000,1986.00000000,0.04926242
189.00000000,1987.00000000,0.04924909
189.00000000,1988.00000000,0.04923589
189.00000000,1989.00000000,0.04922399
189.00000000,1990.00000000,0.04921019
189.00000000,1991.00000000,0.04919922
189.00000000,1992.00000000,0.04918401
189.00000000,1993.00000000,0.04917057
189.00000000,1994.00000000,0.04915792
189.00000000,1995.00000000,0.04914729
189.00000000,1996.00000000,0.04913516
189.00000000,1997.00000000,0.04912270
189.00000000,1998.00000000,0.04910976
189.00000000,1999.00000000,0.04909665
189.00000000,2000.00000000,0.04908512
189.00000000,2001.00000000,0.04907194
189.00000000,2002.00000000,0.04905834
189.00000000,2003.00000000,0.04904477
189.00000000,2004.00000000,0.04903191
189.00000000,2005.00000000,0.04901737
189.00000000,2006.00000000,0.04900023
189.00000000,2007.00000000,0.04897900
189.00000000,2008.00000000,0.04895550
189.00000000,2009.00000000,0.04892992
189.00000000,2010.00000000,0.04890242
189.00000000,2011.00000000,0.04887475
189.00000000,2012.00000000,0.04884539
189.00000000,2013.00000000,0.04881274
189.00000000,2014.00000000,0.04877987
189.00000000,2015.00000000,0.04874379
189.00000000,2016.00000000,0.04870751
189.00000000,2017.00000000,0.04866808
189.00000000,2018.00000000,0.04862711
189.00000000,2019.00000000,0.04859370
189.00000000,2020.00000000,0.04854843
189.00000000,2021.00000000,0.04850333
189.00000000,2022.00000000,0.04845863
189.00000000,2023.00000000,0.04841147
189.00000000,2024.00000000,0.04836491
189.00000000,2025.00000000,0.04832211
189.00000000,2026.00000000,0.04827272
189.00000000,2027.00000000,0.04822418
189.00000000,2028.00000000,0.04817516
189.00000000,2029.00000000,0.04812707
189.00000000,2030.00000000,0.04807711
189.00000000,2031.00000000,0.04802818
189.00000000,2032.00000000,0.04797722
189.00000000,2033.00000000,0.04792707
189.00000000,2034.00000000,0.04787910
189.00000000,2035.00000000,0.04782435
189.00000000,2036.00000000,0.04777321
189.00000000,2037.00000000,0.04771828
189.00000000,2038.00000000,0.04766544
189.00000000,2039.00000000,0.04761329
189.00000000,2040.00000000,0.04755452
189.00000000,2041.00000000,0.04749943
189.00000000,2042.00000000,0.04744201
189.00000000,2043.00000000,0.04739524
189.00000000,2044.00000000,0.04733575
189.00000000,2045.00000000,0.04727953
189.00000000,2046.00000000,0.04721638
189.00000000,2047.00000000,0.04715223
189.00000000,2048.00000000,0.04709284
189.00000000,2049.00000000,0.04703678
189.00000000,2050.00000000,0.04697400
189.00000000,2051.00000000,0.04690744
189.00000000,2052.00000000,0.04684724
189.00000000,2053.00000000,0.04678778
189.00000000,2054.00000000,0.04672622
189.00000000,2055.00000000,0.04665838
189.00000000,2056.00000000,0.04659749
189.00000000,2057.00000000,0.04653151
189.00000000,2058.00000000,0.04646801
189.00000000,2059.00000000,0.04640131
189.00000000,2060.00000000,0.04633998
189.00000000,2061.00000000,0.04628982
189.00000000,2062.00000000,0.04623117
189.00000000,2063.00000000,0.04614312
189.00000000,2064.00000000,0.04608956
189.00000000,2065.00000000,0.04602111
189.00000000,2066.00000000,0.04595344
189.00000000,2067.00000000,0.04588439
189.00000000,2068.00000000,0.04583364
189.00000000,2069.00000000,0.04580043
189.00000000,2070.00000000,0.04574133
189.00000000,2071.00000000,0.04569127
189.00000000,2072.00000000,0.04564633
189.00000000,2073.00000000,0.04558451
189.00000000,2074.00000000,0.04552265
189.00000000,2075.00000000,0.04546503
189.00000000,2076.00000000,0.04542271
189.00000000,2077.00000000,0.04540660
189.00000000,2078.00000000,0.04534769
189.00000000,2079.00000000,0.04533004
189.00000000,2080.00000000,0.04529574
189.00000000,2081.00000000,0.04524345
189.00000000,2082.00000000,0.04518426
189.00000000,2083.00000000,0.04514988
189.00000000,2084.00000000,0.04513064
189.00000000,2085.00000000,0.04509918
189.00000000,2086.00000000,0.04508011
189.00000000,2087.00000000,0.04506790
189.00000000,2088.00000000,0.04508015
189.00000000,2089.00000000,0.04507330
189.00000000,2090.00000000,0.04505543
189.00000000,2091.00000000,0.04503341
189.00000000,2092.00000000,0.04506284
189.00000000,2093.00000000,0.04503398
189.00000000,2094.00000000,0.04504985
189.00000000,2095.00000000,0.04507377
189.00000000,2096.00000000,0.04514337
189.00000000,2097.00000000,0.04506440
189.00000000,2098.00000000,0.04507956
189.00000000,2099.00000000,0.04509432
189.00000000,2100.00000000,0.04508716
189.00000000,2101.00000000,0.04511584
189.00000000,2102.00000000,0.04517366
189.00000000,2103.00000000,0.04502208
189.00000000,2104.00000000,0.04498041
189.00000000,2105.00000000,0.04504054
189.00000000,2106.00000000,0.04508984
189.00000000,2107.00000000,0.04504270
189.00000000,2108.00000000,0.04484857
189.00000000,2109.00000000,0.04499757
189.00000000,2110.00000000,0.04480751
189.00000000,2111.00000000,0.04484687
189.00000000,2112.00000000,0.04499800
189.00000000,2113.00000000,0.04497438
189.00000000,2114.00000000,0.04497720
189.00000000,2115.00000000,0.04497574
189.00000000,2116.00000000,0.04506975
189.00000000,2117.00000000,0.04506367
189.00000000,2118.00000000,0.04516067
189.00000000,2119.00000000,0.04503008
189.00000000,2120.00000000,0.04487241
189.00000000,2121.00000000,0.04474214
189.00000000,2122.00000000,0.04479723
189.00000000,2123.00000000,0.04489850
189.00000000,2124.00000000,0.04496645
189.00000000,2125.00000000,0.04510039
189.00000000,2126.00000000,0.04520354
189.00000000,2127.00000000,0.04511452
189.00000000,2128.00000000,0.04518138
189.00000000,2129.00000000,0.04532467
189.00000000,2130.00000000,0.04537384
189.00000000,2131.00000000,0.04538840
189.00000000,2132.00000000,0.04545817
189.00000000,2133.00000000,0.04545373
189.00000000,2134.00000000,0.04516655
189.00000000,2135.00000000,0.04527832
189.00000000,2136.00000000,0.04549200
189.00000000,2137.00000000,0.04560554
189.00000000,2138.00000000,0.04555297
189.00000000,2139.00000000,0.04584642
189.00000000,2140.00000000,0.04604511
189.00000000,2141.00000000,0.04610010
189.00000000,2142.00000000,0.04617877
189.00000000,2143.00000000,0.04623104
189.00000000,2144.00000000,0.04648771
189.00000000,2145.00000000,0.04668897
189.00000000,2146.00000000,0.04683471
189.00000000,2147.00000000,0.04693936
189.00000000,2148.00000000,0.04713993
189.00000000,2149.00000000,0.04731916
189.00000000,2150.00000000,0.04737049
189.00000000,2151.00000000,0.04754053
189.00000000,2152.00000000,0.04776818
189.00000000,2153.00000000,0.04801460
189.00000000,2154.00000000,0.04823401
189.00000000,2155.00000000,0.04848715
189.00000000,2156.00000000,0.04867260
189.00000000,2157.00000000,0.04895497
189.00000000,2158.00000000,0.04928692
189.00000000,2159.00000000,0.04970659
189.00000000,2160.00000000,0.04996995
189.00000000,2161.00000000,0.05025357
189.00000000,2162.00000000,0.05062999
189.00000000,2163.00000000,0.05070971
189.00000000,2164.00000000,0.05074196
189.00000000,2165.00000000,0.05116937
189.00000000,2166.00000000,0.05143852
189.00000000,2167.00000000,0.05161770
189.00000000,2168.00000000,0.05207201
189.00000000,2169.00000000,0.05208247
189.00000000,2170.00000000,0.05195037
189.00000000,2171.00000000,0.05198339
189.00000000,2172.00000000,0.05205063
189.00000000,2173.00000000,0.05238213
189.00000000,2174.00000000,0.05268187
189.00000000,2175.00000000,0.05300032
189.00000000,2176.00000000,0.05329076
189.00000000,2177.00000000,0.05367443
189.00000000,2178.00000000,0.05394577
189.00000000,2179.00000000,0.05412567
189.00000000,2180.00000000,0.05435565
189.00000000,2181.00000000,0.05430892
189.00000000,2182.00000000,0.05442857
189.00000000,2183.00000000,0.05470065
189.00000000,2184.00000000,0.05499129
189.00000000,2185.00000000,0.05529516
189.00000000,2186.00000000,0.05556245
189.00000000,2187.00000000,0.05564323
189.00000000,2188.00000000,0.05574231
189.00000000,2189.00000000,0.05609404
189.00000000,2190.00000000,0.05644206
189.00000000,2191.00000000,0.05664712
189.00000000,2192.00000000,0.05724085
189.00000000,2193.00000000,0.05790506
189.00000000,2194.00000000,0.05845504
189.00000000,2195.00000000,0.05886035
189.00000000,2196.00000000,0.05926910
189.00000000,2197.00000000,0.05968136
189.00000000,2198.00000000,0.06009676
189.00000000,2199.00000000,0.06051533
189.00000000,2200.00000000,0.06103354
189.00000000,2201.00000000,0.06155531
189.00000000,2202.00000000,0.06208068
189.00000000,2203.00000000,0.06260960
189.00000000,2204.00000000,0.06314204
189.00000000,2205.00000000,0.06367801
189.00000000,2206.00000000,0.06421748
189.00000000,2207.00000000,0.06476040
189.00000000,2208.00000000,0.06530678
189.00000000,2209.00000000,0.06585658
189.00000000,2210.00000000,0.06636638
189.00000000,2211.00000000,0.06687943
189.00000000,2212.00000000,0.06739570
189.00000000,2213.00000000,0.06791524
189.00000000,2214.00000000,0.06843805
189.00000000,2215.00000000,0.06896413
189.00000000,2216.00000000,0.06949355
189.00000000,2217.00000000,0.07002630
189.00000000,2218.00000000,0.07056241
189.00000000,2219.00000000,0.07110199
189.00000000,2220.00000000,0.07173697
189.00000000,2221.00000000,0.07237579
189.00000000,2222.00000000,0.07301849
189.00000000,2223.00000000,0.07366501
189.00000000,2224.00000000,0.07431533
189.00000000,2225.00000000,0.07496951
189.00000000,2226.00000000,0.07562745
189.00000000,2227.00000000,0.07628922
189.00000000,2228.00000000,0.07695480
189.00000000,2229.00000000,0.07762416
189.00000000,2230.00000000,0.07836567
189.00000000,2231.00000000,0.07911126
189.00000000,2232.00000000,0.07986088
189.00000000,2233.00000000,0.08061456
189.00000000,2234.00000000,0.08137222
189.00000000,2235.00000000,0.08213381
189.00000000,2236.00000000,0.08289937
189.00000000,2237.00000000,0.08366879
189.00000000,2238.00000000,0.08444209
189.00000000,2239.00000000,0.08521922
189.00000000,2240.00000000,0.08599618
189.00000000,2241.00000000,0.08677690
189.00000000,2242.00000000,0.08756131
189.00000000,2243.00000000,0.08834935
189.00000000,2244.00000000,0.08914104
189.00000000,2245.00000000,0.08993628
189.00000000,2246.00000000,0.09073502
189.00000000,2247.00000000,0.09153726
189.00000000,2248.00000000,0.09234289
189.00000000,2249.00000000,0.09315170
189.00000000,2250.00000000,0.09380760
189.00000000,2251.00000000,0.09446402
189.00000000,2252.00000000,0.09511983
189.00000000,2253.00000000,0.09577431
189.00000000,2254.00000000,0.09642708
189.00000000,2255.00000000,0.09707803
189.00000000,2256.00000000,0.09772701
189.00000000,2257.00000000,0.09837391
189.00000000,2258.00000000,0.09901870
189.00000000,2259.00000000,0.09966130
189.00000000,2260.00000000,0.10015887
189.00000000,2261.00000000,0.10065370
189.00000000,2262.00000000,0.10114586
189.00000000,2263.00000000,0.10163549
189.00000000,2264.00000000,0.10212266
189.00000000,2265.00000000,0.10260737
189.00000000,2266.00000000,0.10308971
189.00000000,2267.00000000,0.10356968
189.00000000,2268.00000000,0.10404727
189.00000000,2269.00000000,0.10452255
189.00000000,2270.00000000,0.10491460
189.00000000,2271.00000000,0.10530401
189.00000000,2272.00000000,0.10569092
189.00000000,2273.00000000,0.10607527
189.00000000,2274.00000000,0.10645717
189.00000000,2275.00000000,0.10683662
189.00000000,2276.00000000,0.10721360
189.00000000,2277.00000000,0.10758823
189.00000000,2278.00000000,0.10796047
189.00000000,2279.00000000,0.10833030
189.00000000,2280.00000000,0.10861343
189.00000000,2281.00000000,0.10889399
189.00000000,2282.00000000,0.10917195
189.00000000,2283.00000000,0.10944746
189.00000000,2284.00000000,0.10972049
189.00000000,2285.00000000,0.10999105
189.00000000,2286.00000000,0.11025924
189.00000000,2287.00000000,0.11052502
189.00000000,2288.00000000,0.11078848
189.00000000,2289.00000000,0.11104962
189.00000000,2290.00000000,0.11124298
189.00000000,2291.00000000,0.11143396
189.00000000,2292.00000000,0.11162250
189.00000000,2293.00000000,0.11180861
189.00000000,2294.00000000,0.11199242
189.00000000,2295.00000000,0.11217388
189.00000000,2296.00000000,0.11235301
189.00000000,2297.00000000,0.11252990
189.00000000,2298.00000000,0.11270450
189.00000000,2299.00000000,0.11287694
189.00000000,2300.00000000,0.11304716
189.00000000,2301.00000000,0.11321517
189.00000000,2302.00000000,0.11338105
189.00000000,2303.00000000,0.11354479
189.00000000,2304.00000000,0.11370634
189.00000000,2305.00000000,0.11386581
189.00000000,2306.00000000,0.11402319
189.00000000,2307.00000000,0.11417842
189.00000000,2308.00000000,0.11433162
189.00000000,2309.00000000,0.11448278
189.00000000,2310.00000000,0.11463183
189.00000000,2311.00000000,0.11477890
189.00000000,2312.00000000,0.11492390
189.00000000,2313.00000000,0.11506696
189.00000000,2314.00000000,0.11520801
189.00000000,2315.00000000,0.11534700
189.00000000,2316.00000000,0.11548412
189.00000000,2317.00000000,0.11561925
189.00000000,2318.00000000,0.11575234
189.00000000,2319.00000000,0.11588358
189.00000000,2320.00000000,0.11601287
189.00000000,2321.00000000,0.11614011
189.00000000,2322.00000000,0.11626552
189.00000000,2323.00000000,0.11638892
189.00000000,2324.00000000,0.11651048
189.00000000,2325.00000000,0.11663010
189.00000000,2326.00000000,0.11674773
189.00000000,2327.00000000,0.11686352
189.00000000,2328.00000000,0.11697740
189.00000000,2329.00000000,0.11708927
189.00000000,2330.00000000,0.11719929
189.00000000,2331.00000000,0.11730738
189.00000000,2332.00000000,0.11741347
189.00000000,2333.00000000,0.11751770
189.00000000,2334.00000000,0.11761991
189.00000000,2335.00000000,0.11772025
189.00000000,2336.00000000,0.11781861
189.00000000,2337.00000000,0.11791491
189.00000000,2338.00000000,0.11800923
189.00000000,2339.00000000,0.11810147
189.00000000,2340.00000000,0.11773500
189.00000000,2341.00000000,0.11736597
189.00000000,2342.00000000,0.11699435
189.00000000,2343.00000000,0.11662014
189.00000000,2344.00000000,0.11624352
189.00000000,2345.00000000,0.11586448
189.00000000,2346.00000000,0.11548299
189.00000000,2347.00000000,0.11509925
189.00000000,2348.00000000,0.11471316
189.00000000,2349.00000000,0.11432491
189.00000000,2350.00000000,0.11393448
189.00000000,2351.00000000,0.11354185
189.00000000,2352.00000000,0.11314720
189.00000000,2353.00000000,0.11275050
189.00000000,2354.00000000,0.11235174
189.00000000,2355.00000000,0.11195108
189.00000000,2356.00000000,0.11154850
189.00000000,2357.00000000,0.11114399
189.00000000,2358.00000000,0.11073770
189.00000000,2359.00000000,0.11032954
189.00000000,2360.00000000,0.10991969
189.00000000,2361.00000000,0.10950811
189.00000000,2362.00000000,0.10909480
189.00000000,2363.00000000,0.10867987
189.00000000,2364.00000000,0.10826333
189.00000000,2365.00000000,0.10784514
189.00000000,2366.00000000,0.10742546
189.00000000,2367.00000000,0.10700426
189.00000000,2368.00000000,0.10658153
189.00000000,2369.00000000,0.10615739
189.00000000,2370.00000000,0.10573182
189.00000000,2371.00000000,0.10530480
189.00000000,2372.00000000,0.10487648
189.00000000,2373.00000000,0.10444678
189.00000000,2374.00000000,0.10401582
189.00000000,2375.00000000,0.10358358
189.00000000,2376.00000000,0.10315005
189.00000000,2377.00000000,0.10271534
189.00000000,2378.00000000,0.10227944
189.00000000,2379.00000000,0.10184231
189.00000000,2380.00000000,0.10140412
189.00000000,2381.00000000,0.10096480
189.00000000,2382.00000000,0.10052433
189.00000000,2383.00000000,0.10008286
189.00000000,2384.00000000,0.09964028
189.00000000,2385.00000000,0.09919677
189.00000000,2386.00000000,0.09875224
189.00000000,2387.00000000,0.09830670
189.00000000,2388.00000000,0.09786027
189.00000000,2389.00000000,0.09741291
189.00000000,2390.00000000,0.09696461
189.00000000,2391.00000000,0.09651547
189.00000000,2392.00000000,0.09606550
189.00000000,2393.00000000,0.09561461
189.00000000,2394.00000000,0.09516299
189.00000000,2395.00000000,0.09471056
189.00000000,2396.00000000,0.09425731
189.00000000,2397.00000000,0.09380337
189.00000000,2398.00000000,0.09334863
189.00000000,2399.00000000,0.09289325
189.00000000,2400.00000000,0.09243717
189.00000000,2401.00000000,0.09198036
189.00000000,2402.00000000,0.09152297
189.00000000,2403.00000000,0.09106494
189.00000000,2404.00000000,0.09060624
189.00000000,2405.00000000,0.09014702
189.00000000,2406.00000000,0.08968721
189.00000000,2407.00000000,0.08922679
189.00000000,2408.00000000,0.08876590
189.00000000,2409.00000000,0.08830442
189.00000000,2410.00000000,0.08784249
189.00000000,2411.00000000,0.08738009
189.00000000,2412.00000000,0.08691715
189.00000000,2413.00000000,0.08645382
189.00000000,2414.00000000,0.08599005
189.00000000,2415.00000000,0.08552580
189.00000000,2416.00000000,0.08506119
189.00000000,2417.00000000,0.08459621
189.00000000,2418.00000000,0.08413079
189.00000000,2419.00000000,0.08366507
189.00000000,2420.00000000,0.08319895
189.00000000,2421.00000000,0.08273256
189.00000000,2422.00000000,0.08226586
189.00000000,2423.00000000,0.08179880
189.00000000,2424.00000000,0.08133152
189.00000000,2425.00000000,0.08086398
189.00000000,2426.00000000,0.08039611
189.00000000,2427.00000000,0.07992809
189.00000000,2428.00000000,0.07945983
189.00000000,2429.00000000,0.07899130
189.00000000,2430.00000000,0.07852263
189.00000000,2431.00000000,0.07805380
189.00000000,2432.00000000,0.07758473
189.00000000,2433.00000000,0.07711559
189.00000000,2434.00000000,0.07664625
189.00000000,2435.00000000,0.07617687
189.00000000,2436.00000000,0.07570742
189.00000000,2437.00000000,0.07523788
189.00000000,2438.00000000,0.07486715
189.00000000,2439.00000000,0.07478714
189.00000000,2440.00000000,0.07478664
189.00000000,2441.00000000,0.07478633
189.00000000,2442.00000000,0.07478616
189.00000000,2443.00000000,0.07478603
189.00000000,2444.00000000,0.07478611
189.00000000,2445.00000000,0.07479869
189.00000000,2446.00000000,0.07481146
189.00000000,2447.00000000,0.07482433
189.00000000,2448.00000000,0.07483726
189.00000000,2449.00000000,0.07485036
189.00000000,2450.00000000,0.07483894
189.00000000,2451.00000000,0.07482755
189.00000000,2452.00000000,0.07481632
189.00000000,2453.00000000,0.07480517
189.00000000,2454.00000000,0.07479403
189.00000000,2455.00000000,0.07478306
189.00000000,2456.00000000,0.07477216
189.00000000,2457.00000000,0.07476126
189.00000000,2458.00000000,0.07475051
189.00000000,2459.00000000,0.07473976
189.00000000,2460.00000000,0.07472915
189.00000000,2461.00000000,0.07471860
189.00000000,2462.00000000,0.07470807
189.00000000,2463.00000000,0.07469766
189.00000000,2464.00000000,0.07468731
189.00000000,2465.00000000,0.07467590
189.00000000,2466.00000000,0.07466462
189.00000000,2467.00000000,0.07465339
189.00000000,2468.00000000,0.07464214
189.00000000,2469.00000000,0.07463103
189.00000000,2470.00000000,0.07461991
189.00000000,2471.00000000,0.07460890
189.00000000,2472.00000000,0.07459794
189.00000000,2473.00000000,0.07458697
189.00000000,2474.00000000,0.07457611
189.00000000,2475.00000000,0.07456532
189.00000000,2476.00000000,0.07455448
189.00000000,2477.00000000,0.07454376
189.00000000,2478.00000000,0.07453309
189.00000000,2479.00000000,0.07452239
189.00000000,2480.00000000,0.07451181
189.00000000,2481.00000000,0.07450119
189.00000000,2482.00000000,0.07449068
189.00000000,2483.00000000,0.07448022
189.00000000,2484.00000000,0.07446971
189.00000000,2485.00000000,0.07445933
189.00000000,2486.00000000,0.07444897
189.00000000,2487.00000000,0.07443857
189.00000000,2488.00000000,0.07442829
189.00000000,2489.00000000,0.07441804
189.00000000,2490.00000000,0.07441011
189.00000000,2491.00000000,0.07440229
189.00000000,2492.00000000,0.07439450
189.00000000,2493.00000000,0.07438666
189.00000000,2494.00000000,0.07437893
189.00000000,2495.00000000,0.07437115
189.00000000,2496.00000000,0.07436348
189.00000000,2497.00000000,0.07435584
189.00000000,2498.00000000,0.07434814
189.00000000,2499.00000000,0.07434054
189.00000000,2500.00000000,0.07433299
190.00000000,1765.00000000,0.04925593
190.00000000,1766.00000000,0.04925585
190.00000000,1767.00000000,0.04925583
190.00000000,1768.00000000,0.04925604
190.00000000,1769.00000000,0.04925616
190.00000000,1770.00000000,0.04925643
190.00000000,1771.00000000,0.04925672
190.00000000,1772.00000000,0.04925730
190.00000000,1773.00000000,0.04925780
190.00000000,1774.00000000,0.04925837
190.00000000,1775.00000000,0.04925914
190.00000000,1776.00000000,0.04925990
190.00000000,1777.00000000,0.04926095
190.00000000,1778.00000000,0.04926195
190.00000000,1779.00000000,0.04926296
190.00000000,1780.00000000,0.04926424
190.00000000,1781.00000000,0.04926543
190.00000000,1782.00000000,0.04926685
190.00000000,1783.00000000,0.04926831
190.00000000,1784.00000000,0.04926979
190.00000000,1785.00000000,0.04927134
190.00000000,1786.00000000,0.04927289
190.00000000,1787.00000000,0.04927458
190.00000000,1788.00000000,0.04927632
190.00000000,1789.00000000,0.04927814
190.00000000,1790.00000000,0.04928012
190.00000000,1791.00000000,0.04928201
190.00000000,1792.00000000,0.04928392
190.00000000,1793.00000000,0.04928593
190.00000000,1794.00000000,0.04928805
190.00000000,1795.00000000,0.04929007
190.00000000,1796.00000000,0.04929230
190.00000000,1797.00000000,0.04929438
190.00000000,1798.00000000,0.04929660
190.00000000,1799.00000000,0.04929891
190.00000000,1800.00000000,0.04930121
190.00000000,1801.00000000,0.04930347
190.00000000,1802.00000000,0.04930576
190.00000000,1803.00000000,0.04930811
190.00000000,1804.00000000,0.04931051
190.00000000,1805.00000000,0.04931291
190.00000000,1806.00000000,0.04931531
190.00000000,1807.00000000,0.04931772
190.00000000,1808.00000000,0.04932020
190.00000000,1809.00000000,0.04932263
190.00000000,1810.00000000,0.04932521
190.00000000,1811.00000000,0.04932754
190.00000000,1812.00000000,0.04933006
190.00000000,1813.00000000,0.04933261
190.00000000,1814.00000000,0.04933518
190.00000000,1815.00000000,0.04933768
190.00000000,1816.00000000,0.04934018
190.00000000,1817.00000000,0.04934278
190.00000000,1818.00000000,0.04934531
190.00000000,1819.00000000,0.04934787
190.00000000,1820.00000000,0.04935038
190.00000000,1821.00000000,0.04935299
190.00000000,1822.00000000,0.04935547
190.00000000,1823.00000000,0.04935806
190.00000000,1824.00000000,0.04936066
190.00000000,1825.00000000,0.04936314
190.00000000,1826.00000000,0.04936577
190.00000000,1827.00000000,0.04936838
190.00000000,1828.00000000,0.04937084
190.00000000,1829.00000000,0.04937344
190.00000000,1830.00000000,0.04937597
190.00000000,1831.00000000,0.04937841
190.00000000,1832.00000000,0.04938098
190.00000000,1833.00000000,0.04938356
190.00000000,1834.00000000,0.04938590
190.00000000,1835.00000000,0.04938837
190.00000000,1836.00000000,0.04939084
190.00000000,1837.00000000,0.04939328
190.00000000,1838.00000000,0.04939569
190.00000000,1839.00000000,0.04939817
190.00000000,1840.00000000,0.04940052
190.00000000,1841.00000000,0.04940297
190.00000000,1842.00000000,0.04940520
190.00000000,1843.00000000,0.04940749
190.00000000,1844.00000000,0.04940981
190.00000000,1845.00000000,0.04941222
190.00000000,1846.00000000,0.04941443
190.00000000,1847.00000000,0.04941670
190.00000000,1848.00000000,0.04941892
190.00000000,1849.00000000,0.04942111
190.00000000,1850.00000000,0.04942331
190.00000000,1851.00000000,0.04942551
190.00000000,1852.00000000,0.04942748
190.00000000,1853.00000000,0.04942984
190.00000000,1854.00000000,0.04943225
190.00000000,1855.00000000,0.04943460
190.00000000,1856.00000000,0.04943689
190.00000000,1857.00000000,0.04943913
190.00000000,1858.00000000,0.04944135
190.00000000,1859.00000000,0.04944346
190.00000000,1860.00000000,0.04944553
190.00000000,1861.00000000,0.04944749
190.00000000,1862.00000000,0.04944943
190.00000000,1863.00000000,0.04945088
190.00000000,1864.00000000,0.04945204
190.00000000,1865.00000000,0.04945289
190.00000000,1866.00000000,0.04945353
190.00000000,1867.00000000,0.04945389
190.00000000,1868.00000000,0.04945411
190.00000000,1869.00000000,0.04945421
190.00000000,1870.00000000,0.04945407
190.00000000,1871.00000000,0.04945379
190.00000000,1872.00000000,0.04945361
190.00000000,1873.00000000,0.04945396
190.00000000,1874.00000000,0.04945454
190.00000000,1875.00000000,0.04945537
190.00000000,1876.00000000,0.04945636
190.00000000,1877.00000000,0.04945753
190.00000000,1878.00000000,0.04945875
190.00000000,1879.00000000,0.04946004
190.00000000,1880.00000000,0.04946140
190.00000000,1881.00000000,0.04946274
190.00000000,1882.00000000,0.04946408
190.00000000,1883.00000000,0.04946509
190.00000000,1884.00000000,0.04946586
190.00000000,1885.00000000,0.04946646
190.00000000,1886.00000000,0.04946692
190.00000000,1887.00000000,0.04946727
190.00000000,1888.00000000,0.04946749
190.00000000,1889.00000000,0.04946751
190.00000000,1890.00000000,0.04946731
190.00000000,1891.00000000,0.04946696
190.00000000,1892.00000000,0.04946633
190.00000000,1893.00000000,0.04946559
190.00000000,1894.00000000,0.04946494
190.00000000,1895.00000000,0.04946418
190.00000000,1896.00000000,0.04946353
190.00000000,1897.00000000,0.04946285
190.00000000,1898.00000000,0.04946207
190.00000000,1899.00000000,0.04946104
190.00000000,1900.00000000,0.04945994
190.00000000,1901.00000000,0.04945860
190.00000000,1902.00000000,0.04945735
190.00000000,1903.00000000,0.04945618
190.00000000,1904.00000000,0.04945499
190.00000000,1905.00000000,0.04945396
190.00000000,1906.00000000,0.04945307
190.00000000,1907.00000000,0.04945229
190.00000000,1908.00000000,0.04945138
190.00000000,1909.00000000,0.04945047
190.00000000,1910.00000000,0.04944958
190.00000000,1911.00000000,0.04944856
190.00000000,1912.00000000,0.04944714
190.00000000,1913.00000000,0.04944508
190.00000000,1914.00000000,0.04944241
190.00000000,1915.00000000,0.04943941
190.00000000,1916.00000000,0.04943639
190.00000000,1917.00000000,0.04943330
190.00000000,1918.00000000,0.04943011
190.00000000,1919.00000000,0.04942690
190.00000000,1920.00000000,0.04942405
190.00000000,1921.00000000,0.04942160
190.00000000,1922.00000000,0.04941973
190.00000000,1923.00000000,0.04941830
190.00000000,1924.00000000,0.04941691
190.00000000,1925.00000000,0.04941545
190.00000000,1926.00000000,0.04941394
190.00000000,1927.00000000,0.04941234
190.00000000,1928.00000000,0.04941086
190.00000000,1929.00000000,0.04940934
190.00000000,1930.00000000,0.04940788
190.00000000,1931.00000000,0.04940712
190.00000000,1932.00000000,0.04940715
190.00000000,1933.00000000,0.04940767
190.00000000,1934.00000000,0.04940853
190.00000000,1935.00000000,0.04940932
190.00000000,1936.00000000,0.04940978
190.00000000,1937.00000000,0.04940961
190.00000000,1938.00000000,0.04940863
190.00000000,1939.00000000,0.04940706
190.00000000,1940.00000000,0.04940503
190.00000000,1941.00000000,0.04940236
190.00000000,1942.00000000,0.04939901
190.00000000,1943.00000000,0.04939521
190.00000000,1944.00000000,0.04939108
190.00000000,1945.00000000,0.04938691
190.00000000,1946.00000000,0.04938338
190.00000000,1947.00000000,0.04938093
190.00000000,1948.00000000,0.04937902
190.00000000,1949.00000000,0.04937716
190.00000000,1950.00000000,0.04937525
190.00000000,1951.00000000,0.04937328
190.00000000,1952.00000000,0.04937179
190.00000000,1953.00000000,0.04937048
190.00000000,1954.00000000,0.04936921
190.00000000,1955.00000000,0.04936816
190.00000000,1956.00000000,0.04937169
190.00000000,1957.00000000,0.04937053
190.00000000,1958.00000000,0.04936914
190.00000000,1959.00000000,0.04936741
190.00000000,1960.00000000,0.04936449
190.00000000,1961.00000000,0.04936208
190.00000000,1962.00000000,0.04935756
190.00000000,1963.00000000,0.04935249
190.00000000,1964.00000000,0.04934673
190.00000000,1965.00000000,0.04934018
190.00000000,1966.00000000,0.04933270
190.00000000,1967.00000000,0.04932438
190.00000000,1968.00000000,0.04931514
190.00000000,1969.00000000,0.04930447
190.00000000,1970.00000000,0.04929226
190.00000000,1971.00000000,0.04927947
190.00000000,1972.00000000,0.04926242
190.00000000,1973.00000000,0.04924311
190.00000000,1974.00000000,0.04922192
190.00000000,1975.00000000,0.04919954
190.00000000,1976.00000000,0.04917691
190.00000000,1977.00000000,0.04915433
190.00000000,1978.00000000,0.04913165
190.00000000,1979.00000000,0.04910873
190.00000000,1980.00000000,0.04908531
190.00000000,1981.00000000,0.04906334
190.00000000,1982.00000000,0.04904112
190.00000000,1983.00000000,0.04902154
190.00000000,1984.00000000,0.04900459
190.00000000,1985.00000000,0.04898961
190.00000000,1986.00000000,0.04897583
190.00000000,1987.00000000,0.04896408
190.00000000,1988.00000000,0.04895087
190.00000000,1989.00000000,0.04893750
190.00000000,1990.00000000,0.04892526
190.00000000,1991.00000000,0.04891130
190.00000000,1992.00000000,0.04890065
190.00000000,1993.00000000,0.04888584
190.00000000,1994.00000000,0.04887311
190.00000000,1995.00000000,0.04886100
190.00000000,1996.00000000,0.04885046
190.00000000,1997.00000000,0.04883801
190.00000000,1998.00000000,0.04882509
190.00000000,1999.00000000,0.04881205
190.00000000,2000.00000000,0.04879903
190.00000000,2001.00000000,0.04878735
190.00000000,2002.00000000,0.04877385
190.00000000,2003.00000000,0.04876029
190.00000000,2004.00000000,0.04874600
190.00000000,2005.00000000,0.04873144
190.00000000,2006.00000000,0.04871440
190.00000000,2007.00000000,0.04869477
190.00000000,2008.00000000,0.04867133
190.00000000,2009.00000000,0.04864587
190.00000000,2010.00000000,0.04861854
190.00000000,2011.00000000,0.04858943
190.00000000,2012.00000000,0.04856021
190.00000000,2013.00000000,0.04852925
190.00000000,2014.00000000,0.04849501
190.00000000,2015.00000000,0.04846057
190.00000000,2016.00000000,0.04842298
190.00000000,2017.00000000,0.04838525
190.00000000,2018.00000000,0.04834447
190.00000000,2019.00000000,0.04830224
190.00000000,2020.00000000,0.04826761
190.00000000,2021.00000000,0.04822129
190.00000000,2022.00000000,0.04817527
190.00000000,2023.00000000,0.04812982
190.00000000,2024.00000000,0.04808204
190.00000000,2025.00000000,0.04803498
190.00000000,2026.00000000,0.04799172
190.00000000,2027.00000000,0.04794198
190.00000000,2028.00000000,0.04789316
190.00000000,2029.00000000,0.04784389
190.00000000,2030.00000000,0.04779558
190.00000000,2031.00000000,0.04774540
190.00000000,2032.00000000,0.04769618
190.00000000,2033.00000000,0.04764478
190.00000000,2034.00000000,0.04759409
190.00000000,2035.00000000,0.04754550
190.00000000,2036.00000000,0.04749017
190.00000000,2037.00000000,0.04743842
190.00000000,2038.00000000,0.04738293
190.00000000,2039.00000000,0.04732954
190.00000000,2040.00000000,0.04727688
190.00000000,2041.00000000,0.04721762
190.00000000,2042.00000000,0.04716194
190.00000000,2043.00000000,0.04710384
190.00000000,2044.00000000,0.04705623
190.00000000,2045.00000000,0.04699597
190.00000000,2046.00000000,0.04693895
190.00000000,2047.00000000,0.04687510
190.00000000,2048.00000000,0.04681027
190.00000000,2049.00000000,0.04675023
190.00000000,2050.00000000,0.04669352
190.00000000,2051.00000000,0.04663021
190.00000000,2052.00000000,0.04656318
190.00000000,2053.00000000,0.04650251
190.00000000,2054.00000000,0.04644265
190.00000000,2055.00000000,0.04638074
190.00000000,2056.00000000,0.04631263
190.00000000,2057.00000000,0.04625146
190.00000000,2058.00000000,0.04618527
190.00000000,2059.00000000,0.04612158
190.00000000,2060.00000000,0.04605475
190.00000000,2061.00000000,0.04599335
190.00000000,2062.00000000,0.04594334
190.00000000,2063.00000000,0.04588524
190.00000000,2064.00000000,0.04579819
190.00000000,2065.00000000,0.04574549
190.00000000,2066.00000000,0.04567809
190.00000000,2067.00000000,0.04561150
190.00000000,2068.00000000,0.04554353
190.00000000,2069.00000000,0.04549370
190.00000000,2070.00000000,0.04546126
190.00000000,2071.00000000,0.04540316
190.00000000,2072.00000000,0.04535424
190.00000000,2073.00000000,0.04531066
190.00000000,2074.00000000,0.04525044
190.00000000,2075.00000000,0.04519024
190.00000000,2076.00000000,0.04513424
190.00000000,2077.00000000,0.04509340
190.00000000,2078.00000000,0.04507854
190.00000000,2079.00000000,0.04502115
190.00000000,2080.00000000,0.04500465
190.00000000,2081.00000000,0.04497162
190.00000000,2082.00000000,0.04492077
190.00000000,2083.00000000,0.04486317
190.00000000,2084.00000000,0.04483023
190.00000000,2085.00000000,0.04481231
190.00000000,2086.00000000,0.04478222
190.00000000,2087.00000000,0.04476441
190.00000000,2088.00000000,0.04475335
190.00000000,2089.00000000,0.04476652
190.00000000,2090.00000000,0.04476067
190.00000000,2091.00000000,0.04474387
190.00000000,2092.00000000,0.04472303
190.00000000,2093.00000000,0.04475339
190.00000000,2094.00000000,0.04472591
190.00000000,2095.00000000,0.04474282
190.00000000,2096.00000000,0.04476774
190.00000000,2097.00000000,0.04483798
190.00000000,2098.00000000,0.04476063
190.00000000,2099.00000000,0.04477670
190.00000000,2100.00000000,0.04479234
190.00000000,2101.00000000,0.04478620
190.00000000,2102.00000000,0.04481576
190.00000000,2103.00000000,0.04487435
190.00000000,2104.00000000,0.04472494
190.00000000,2105.00000000,0.04468474
190.00000000,2106.00000000,0.04474562
190.00000000,2107.00000000,0.04479572
190.00000000,2108.00000000,0.04474996
190.00000000,2109.00000000,0.04455814
190.00000000,2110.00000000,0.04470717
190.00000000,2111.00000000,0.04451928
190.00000000,2112.00000000,0.04455930
190.00000000,2113.00000000,0.04471033
190.00000000,2114.00000000,0.04468770
190.00000000,2115.00000000,0.04469130
190.00000000,2116.00000000,0.04469062
190.00000000,2117.00000000,0.04478476
190.00000000,2118.00000000,0.04477942
190.00000000,2119.00000000,0.04487650
190.00000000,2120.00000000,0.04474739
190.00000000,2121.00000000,0.04459135
190.00000000,2122.00000000,0.04446250
190.00000000,2123.00000000,0.04451785
190.00000000,2124.00000000,0.04461907
190.00000000,2125.00000000,0.04468715
190.00000000,2126.00000000,0.04482081
190.00000000,2127.00000000,0.04492387
190.00000000,2128.00000000,0.04483593
190.00000000,2129.00000000,0.04490290
190.00000000,2130.00000000,0.04504583
190.00000000,2131.00000000,0.04509520
190.00000000,2132.00000000,0.04511017
190.00000000,2133.00000000,0.04517999
190.00000000,2134.00000000,0.04517606
190.00000000,2135.00000000,0.04489110
190.00000000,2136.00000000,0.04500264
190.00000000,2137.00000000,0.04521546
190.00000000,2138.00000000,0.04532875
190.00000000,2139.00000000,0.04527694
190.00000000,2140.00000000,0.04556904
190.00000000,2141.00000000,0.04576695
190.00000000,2142.00000000,0.04582203
190.00000000,2143.00000000,0.04590064
190.00000000,2144.00000000,0.04595300
190.00000000,2145.00000000,0.04620853
190.00000000,2146.00000000,0.04640899
190.00000000,2147.00000000,0.04655426
190.00000000,2148.00000000,0.04665868
190.00000000,2149.00000000,0.04685844
190.00000000,2150.00000000,0.04703700
190.00000000,2151.00000000,0.04708867
190.00000000,2152.00000000,0.04725906
190.00000000,2153.00000000,0.04748740
190.00000000,2154.00000000,0.04773475
190.00000000,2155.00000000,0.04795541
190.00000000,2156.00000000,0.04820967
190.00000000,2157.00000000,0.04839660
190.00000000,2158.00000000,0.04867989
190.00000000,2159.00000000,0.04901243
190.00000000,2160.00000000,0.04943216
190.00000000,2161.00000000,0.04969640
190.00000000,2162.00000000,0.04998073
190.00000000,2163.00000000,0.05035732
190.00000000,2164.00000000,0.05043874
190.00000000,2165.00000000,0.05047289
190.00000000,2166.00000000,0.05090006
190.00000000,2167.00000000,0.05116975
190.00000000,2168.00000000,0.05134990
190.00000000,2169.00000000,0.05180373
190.00000000,2170.00000000,0.05181594
190.00000000,2171.00000000,0.05168628
190.00000000,2172.00000000,0.05172085
190.00000000,2173.00000000,0.05178941
190.00000000,2174.00000000,0.05212088
190.00000000,2175.00000000,0.05242073
190.00000000,2176.00000000,0.05273917
190.00000000,2177.00000000,0.05302971
190.00000000,2178.00000000,0.05341301
190.00000000,2179.00000000,0.05368452
190.00000000,2180.00000000,0.05386500
190.00000000,2181.00000000,0.05409530
190.00000000,2182.00000000,0.05405019
190.00000000,2183.00000000,0.05417065
190.00000000,2184.00000000,0.05444279
190.00000000,2185.00000000,0.05473339
190.00000000,2186.00000000,0.05503715
190.00000000,2187.00000000,0.05530449
190.00000000,2188.00000000,0.05538616
190.00000000,2189.00000000,0.05548604
190.00000000,2190.00000000,0.05583740
190.00000000,2191.00000000,0.05618505
190.00000000,2192.00000000,0.05639039
190.00000000,2193.00000000,0.05698264
190.00000000,2194.00000000,0.05764506
190.00000000,2195.00000000,0.05819377
190.00000000,2196.00000000,0.05859846
190.00000000,2197.00000000,0.05900658
190.00000000,2198.00000000,0.05941819
190.00000000,2199.00000000,0.05983293
190.00000000,2200.00000000,0.06025082
190.00000000,2201.00000000,0.06076792
190.00000000,2202.00000000,0.06128858
190.00000000,2203.00000000,0.06181282
190.00000000,2204.00000000,0.06234062
190.00000000,2205.00000000,0.06287192
190.00000000,2206.00000000,0.06340675
190.00000000,2207.00000000,0.06394507
190.00000000,2208.00000000,0.06448682
190.00000000,2209.00000000,0.06503204
190.00000000,2210.00000000,0.06558067
190.00000000,2211.00000000,0.06608948
190.00000000,2212.00000000,0.06660154
190.00000000,2213.00000000,0.06711680
190.00000000,2214.00000000,0.06763534
190.00000000,2215.00000000,0.06815714
190.00000000,2216.00000000,0.06868220
190.00000000,2217.00000000,0.06921060
190.00000000,2218.00000000,0.06974233
190.00000000,2219.00000000,0.07027741
190.00000000,2220.00000000,0.07081596
190.00000000,2221.00000000,0.07144954
190.00000000,2222.00000000,0.07208696
190.00000000,2223.00000000,0.07272824
190.00000000,2224.00000000,0.07337336
190.00000000,2225.00000000,0.07402228
190.00000000,2226.00000000,0.07467504
190.00000000,2227.00000000,0.07533157
190.00000000,2228.00000000,0.07599194
190.00000000,2229.00000000,0.07665611
190.00000000,2230.00000000,0.07732407
190.00000000,2231.00000000,0.07806390
190.00000000,2232.00000000,0.07880783
190.00000000,2233.00000000,0.07955578
190.00000000,2234.00000000,0.08030779
190.00000000,2235.00000000,0.08106379
190.00000000,2236.00000000,0.08182373
190.00000000,2237.00000000,0.08258764
190.00000000,2238.00000000,0.08335540
190.00000000,2239.00000000,0.08412706
190.00000000,2240.00000000,0.08490255
190.00000000,2241.00000000,0.08567789
190.00000000,2242.00000000,0.08645699
190.00000000,2243.00000000,0.08723979
190.00000000,2244.00000000,0.08802622
190.00000000,2245.00000000,0.08881630
190.00000000,2246.00000000,0.08960995
190.00000000,2247.00000000,0.09040711
190.00000000,2248.00000000,0.09120777
190.00000000,2249.00000000,0.09201172
190.00000000,2250.00000000,0.09281825
190.00000000,2251.00000000,0.09347123
190.00000000,2252.00000000,0.09412360
190.00000000,2253.00000000,0.09477474
190.00000000,2254.00000000,0.09542426
190.00000000,2255.00000000,0.09607197
190.00000000,2256.00000000,0.09671781
190.00000000,2257.00000000,0.09736168
190.00000000,2258.00000000,0.09800348
190.00000000,2259.00000000,0.09864321
190.00000000,2260.00000000,0.09928082
190.00000000,2261.00000000,0.09977402
190.00000000,2262.00000000,0.10026465
190.00000000,2263.00000000,0.10075273
190.00000000,2264.00000000,0.10123840
190.00000000,2265.00000000,0.10172169
190.00000000,2266.00000000,0.10220260
190.00000000,2267.00000000,0.10268120
190.00000000,2268.00000000,0.10315751
190.00000000,2269.00000000,0.10363148
190.00000000,2270.00000000,0.10410320
190.00000000,2271.00000000,0.10449208
190.00000000,2272.00000000,0.10487839
190.00000000,2273.00000000,0.10526224
190.00000000,2274.00000000,0.10564358
190.00000000,2275.00000000,0.10602254
190.00000000,2276.00000000,0.10639910
190.00000000,2277.00000000,0.10677324
190.00000000,2278.00000000,0.10714507
190.00000000,2279.00000000,0.10751458
190.00000000,2280.00000000,0.10788172
190.00000000,2281.00000000,0.10816256
190.00000000,2282.00000000,0.10844086
190.00000000,2283.00000000,0.10871663
190.00000000,2284.00000000,0.10898997
190.00000000,2285.00000000,0.10926090
190.00000000,2286.00000000,0.10952937
190.00000000,2287.00000000,0.10979554
190.00000000,2288.00000000,0.11005931
190.00000000,2289.00000000,0.11032083
190.00000000,2290.00000000,0.11058004
190.00000000,2291.00000000,0.11077181
190.00000000,2292.00000000,0.11096120
190.00000000,2293.00000000,0.11114822
190.00000000,2294.00000000,0.11133283
190.00000000,2295.00000000,0.11151516
190.00000000,2296.00000000,0.11169521
190.00000000,2297.00000000,0.11187292
190.00000000,2298.00000000,0.11204846
190.00000000,2299.00000000,0.11222171
190.00000000,2300.00000000,0.11239283
190.00000000,2301.00000000,0.11256179
190.00000000,2302.00000000,0.11272851
190.00000000,2303.00000000,0.11289316
190.00000000,2304.00000000,0.11305568
190.00000000,2305.00000000,0.11321601
190.00000000,2306.00000000,0.11337432
190.00000000,2307.00000000,0.11353054
190.00000000,2308.00000000,0.11368464
190.00000000,2309.00000000,0.11383675
190.00000000,2310.00000000,0.11398682
190.00000000,2311.00000000,0.11413481
190.00000000,2312.00000000,0.11428086
190.00000000,2313.00000000,0.11442484
190.00000000,2314.00000000,0.11456690
190.00000000,2315.00000000,0.11470699
190.00000000,2316.00000000,0.11484504
190.00000000,2317.00000000,0.11498120
190.00000000,2318.00000000,0.11511544
190.00000000,2319.00000000,0.11524764
190.00000000,2320.00000000,0.11537800
190.00000000,2321.00000000,0.11550642
190.00000000,2322.00000000,0.11563283
190.00000000,2323.00000000,0.11575743
190.00000000,2324.00000000,0.11588002
190.00000000,2325.00000000,0.11600077
190.00000000,2326.00000000,0.11611964
190.00000000,2327.00000000,0.11623651
190.00000000,2328.00000000,0.11635157
190.00000000,2329.00000000,0.11646472
190.00000000,2330.00000000,0.11657587
190.00000000,2331.00000000,0.11668519
190.00000000,2332.00000000,0.11679261
190.00000000,2333.00000000,0.11689804
190.00000000,2334.00000000,0.11700162
190.00000000,2335.00000000,0.11710320
190.00000000,2336.00000000,0.11720291
190.00000000,2337.00000000,0.11730065
190.00000000,2338.00000000,0.11739635
190.00000000,2339.00000000,0.11749011
190.00000000,2340.00000000,0.11758177
190.00000000,2341.00000000,0.11721676
190.00000000,2342.00000000,0.11684920
190.00000000,2343.00000000,0.11647908
190.00000000,2344.00000000,0.11610637
190.00000000,2345.00000000,0.11573127
190.00000000,2346.00000000,0.11535376
190.00000000,2347.00000000,0.11497383
190.00000000,2348.00000000,0.11459165
190.00000000,2349.00000000,0.11420715
190.00000000,2350.00000000,0.11382049
190.00000000,2351.00000000,0.11343167
190.00000000,2352.00000000,0.11304066
190.00000000,2353.00000000,0.11264765
190.00000000,2354.00000000,0.11225260
190.00000000,2355.00000000,0.11185550
190.00000000,2356.00000000,0.11145652
190.00000000,2357.00000000,0.11105563
190.00000000,2358.00000000,0.11065282
190.00000000,2359.00000000,0.11024823
190.00000000,2360.00000000,0.10984180
190.00000000,2361.00000000,0.10943368
190.00000000,2362.00000000,0.10902385
190.00000000,2363.00000000,0.10861227
190.00000000,2364.00000000,0.10819911
190.00000000,2365.00000000,0.10778433
190.00000000,2366.00000000,0.10736792
190.00000000,2367.00000000,0.10695002
190.00000000,2368.00000000,0.10653062
190.00000000,2369.00000000,0.10610969
190.00000000,2370.00000000,0.10568736
190.00000000,2371.00000000,0.10526361
190.00000000,2372.00000000,0.10483841
190.00000000,2373.00000000,0.10441194
190.00000000,2374.00000000,0.10398406
190.00000000,2375.00000000,0.10355495
190.00000000,2376.00000000,0.10312457
190.00000000,2377.00000000,0.10269290
190.00000000,2378.00000000,0.10226006
190.00000000,2379.00000000,0.10182603
190.00000000,2380.00000000,0.10139080
190.00000000,2381.00000000,0.10095447
190.00000000,2382.00000000,0.10051704
190.00000000,2383.00000000,0.10007848
190.00000000,2384.00000000,0.09963891
190.00000000,2385.00000000,0.09919826
190.00000000,2386.00000000,0.09875664
190.00000000,2387.00000000,0.09831404
190.00000000,2388.00000000,0.09787042
190.00000000,2389.00000000,0.09742592
190.00000000,2390.00000000,0.09698051
190.00000000,2391.00000000,0.09653413
190.00000000,2392.00000000,0.09608695
190.00000000,2393.00000000,0.09563891
190.00000000,2394.00000000,0.09519000
190.00000000,2395.00000000,0.09474031
190.00000000,2396.00000000,0.09428986
190.00000000,2397.00000000,0.09383856
190.00000000,2398.00000000,0.09338660
190.00000000,2399.00000000,0.09293384
190.00000000,2400.00000000,0.09248043
190.00000000,2401.00000000,0.09202634
190.00000000,2402.00000000,0.09157151
190.00000000,2403.00000000,0.09111610
190.00000000,2404.00000000,0.09066008
190.00000000,2405.00000000,0.09020339
190.00000000,2406.00000000,0.08974615
190.00000000,2407.00000000,0.08928836
190.00000000,2408.00000000,0.08882995
190.00000000,2409.00000000,0.08837106
190.00000000,2410.00000000,0.08791160
190.00000000,2411.00000000,0.08745170
190.00000000,2412.00000000,0.08699131
190.00000000,2413.00000000,0.08653039
190.00000000,2414.00000000,0.08606907
190.00000000,2415.00000000,0.08560733
190.00000000,2416.00000000,0.08514511
190.00000000,2417.00000000,0.08468254
190.00000000,2418.00000000,0.08421959
190.00000000,2419.00000000,0.08375620
190.00000000,2420.00000000,0.08329252
190.00000000,2421.00000000,0.08282844
190.00000000,2422.00000000,0.08236409
190.00000000,2423.00000000,0.08189943
190.00000000,2424.00000000,0.08143441
190.00000000,2425.00000000,0.08096918
190.00000000,2426.00000000,0.08050368
190.00000000,2427.00000000,0.08003786
190.00000000,2428.00000000,0.07957187
190.00000000,2429.00000000,0.07910566
190.00000000,2430.00000000,0.07863919
190.00000000,2431.00000000,0.07817258
190.00000000,2432.00000000,0.07770579
190.00000000,2433.00000000,0.07723878
190.00000000,2434.00000000,0.07677168
190.00000000,2435.00000000,0.07630441
190.00000000,2436.00000000,0.07583708
190.00000000,2437.00000000,0.07536969
190.00000000,2438.00000000,0.07490221
190.00000000,2439.00000000,0.07453309
190.00000000,2440.00000000,0.07445341
190.00000000,2441.00000000,0.07445287
190.00000000,2442.00000000,0.07445252
190.00000000,2443.00000000,0.07445232
190.00000000,2444.00000000,0.07445215
190.00000000,2445.00000000,0.07445220
190.00000000,2446.00000000,0.07446468
190.00000000,2447.00000000,0.07447735
190.00000000,2448.00000000,0.07449013
190.00000000,2449.00000000,0.07450296
190.00000000,2450.00000000,0.07451597
190.00000000,2451.00000000,0.07450456
190.00000000,2452.00000000,0.07449318
190.00000000,2453.00000000,0.07448196
190.00000000,2454.00000000,0.07447082
190.00000000,2455.00000000,0.07445970
190.00000000,2456.00000000,0.07444872
190.00000000,2457.00000000,0.07443782
190.00000000,2458.00000000,0.07442693
190.00000000,2459.00000000,0.07441619
190.00000000,2460.00000000,0.07440544
190.00000000,2461.00000000,0.07439484
190.00000000,2462.00000000,0.07438431
190.00000000,2463.00000000,0.07437376
190.00000000,2464.00000000,0.07436336
190.00000000,2465.00000000,0.07435303
190.00000000,2466.00000000,0.07434161
190.00000000,2467.00000000,0.07433033
190.00000000,2468.00000000,0.07431912
190.00000000,2469.00000000,0.07430789
190.00000000,2470.00000000,0.07429678
190.00000000,2471.00000000,0.07428566
190.00000000,2472.00000000,0.07427466
190.00000000,2473.00000000,0.07426371
190.00000000,2474.00000000,0.07425274
190.00000000,2475.00000000,0.07424189
190.00000000,2476.00000000,0.07423109
190.00000000,2477.00000000,0.07422026
190.00000000,2478.00000000,0.07420956
190.00000000,2479.00000000,0.07419889
190.00000000,2480.00000000,0.07418819
190.00000000,2481.00000000,0.07417761
190.00000000,2482.00000000,0.07416700
190.00000000,2483.00000000,0.07415649
190.00000000,2484.00000000,0.07414604
190.00000000,2485.00000000,0.07413554
190.00000000,2486.00000000,0.07412515
190.00000000,2487.00000000,0.07411479
190.00000000,2488.00000000,0.07410440
190.00000000,2489.00000000,0.07409413
190.00000000,2490.00000000,0.07408387
190.00000000,2491.00000000,0.07407593
190.00000000,2492.00000000,0.07406810
190.00000000,2493.00000000,0.07406031
190.00000000,2494.00000000,0.07405246
190.00000000,2495.00000000,0.07404472
190.00000000,2496.00000000,0.07403694
190.00000000,2497.00000000,0.07402925
190.00000000,2498.00000000,0.07402160
190.00000000,2499.00000000,0.07401389
190.00000000,2500.00000000,0.07400629
191.00000000,1765.00000000,0.04897373
191.00000000,1766.00000000,0.04897374
191.00000000,1767.00000000,0.04897369
191.00000000,1768.00000000,0.04897373
191.00000000,1769.00000000,0.04897402
191.00000000,1770.00000000,0.04897423
191.00000000,1771.00000000,0.04897459
191.00000000,1772.00000000,0.04897497
191.00000000,1773.00000000,0.04897564
191.00000000,1774.00000000,0.04897623
191.00000000,1775.00000000,0.04897690
191.00000000,1776.00000000,0.04897776
191.00000000,1777.00000000,0.04897860
191.00000000,1778.00000000,0.04897974
191.00000000,1779.00000000,0.04898081
191.00000000,1780.00000000,0.04898192
191.00000000,1781.00000000,0.04898327
191.00000000,1782.00000000,0.04898452
191.00000000,1783.00000000,0.04898601
191.00000000,1784.00000000,0.04898754
191.00000000,1785.00000000,0.04898908
191.00000000,1786.00000000,0.04899068
191.00000000,1787.00000000,0.04899229
191.00000000,1788.00000000,0.04899403
191.00000000,1789.00000000,0.04899582
191.00000000,1790.00000000,0.04899768
191.00000000,1791.00000000,0.04899971
191.00000000,1792.00000000,0.04900163
191.00000000,1793.00000000,0.04900357
191.00000000,1794.00000000,0.04900562
191.00000000,1795.00000000,0.04900777
191.00000000,1796.00000000,0.04900981
191.00000000,1797.00000000,0.04901207
191.00000000,1798.00000000,0.04901417
191.00000000,1799.00000000,0.04901641
191.00000000,1800.00000000,0.04901873
191.00000000,1801.00000000,0.04902105
191.00000000,1802.00000000,0.04902331
191.00000000,1803.00000000,0.04902562
191.00000000,1804.00000000,0.04902797
191.00000000,1805.00000000,0.04903038
191.00000000,1806.00000000,0.04903279
191.00000000,1807.00000000,0.04903520
191.00000000,1808.00000000,0.04903761
191.00000000,1809.00000000,0.04904009
191.00000000,1810.00000000,0.04904252
191.00000000,1811.00000000,0.04904511
191.00000000,1812.00000000,0.04904744
191.00000000,1813.00000000,0.04904995
191.00000000,1814.00000000,0.04905249
191.00000000,1815.00000000,0.04905506
191.00000000,1816.00000000,0.04905756
191.00000000,1817.00000000,0.04906004
191.00000000,1818.00000000,0.04906263
191.00000000,1819.00000000,0.04906515
191.00000000,1820.00000000,0.04906769
191.00000000,1821.00000000,0.04907019
191.00000000,1822.00000000,0.04907279
191.00000000,1823.00000000,0.04907526
191.00000000,1824.00000000,0.04907783
191.00000000,1825.00000000,0.04908042
191.00000000,1826.00000000,0.04908288
191.00000000,1827.00000000,0.04908549
191.00000000,1828.00000000,0.04908808
191.00000000,1829.00000000,0.04909051
191.00000000,1830.00000000,0.04909309
191.00000000,1831.00000000,0.04909560
191.00000000,1832.00000000,0.04909801
191.00000000,1833.00000000,0.04910055
191.00000000,1834.00000000,0.04910310
191.00000000,1835.00000000,0.04910542
191.00000000,1836.00000000,0.04910787
191.00000000,1837.00000000,0.04911030
191.00000000,1838.00000000,0.04911271
191.00000000,1839.00000000,0.04911509
191.00000000,1840.00000000,0.04911754
191.00000000,1841.00000000,0.04911986
191.00000000,1842.00000000,0.04912228
191.00000000,1843.00000000,0.04912448
191.00000000,1844.00000000,0.04912674
191.00000000,1845.00000000,0.04912902
191.00000000,1846.00000000,0.04913140
191.00000000,1847.00000000,0.04913357
191.00000000,1848.00000000,0.04913580
191.00000000,1849.00000000,0.04913799
191.00000000,1850.00000000,0.04914014
191.00000000,1851.00000000,0.04914228
191.00000000,1852.00000000,0.04914443
191.00000000,1853.00000000,0.04914661
191.00000000,1854.00000000,0.04914905
191.00000000,1855.00000000,0.04915141
191.00000000,1856.00000000,0.04915367
191.00000000,1857.00000000,0.04915588
191.00000000,1858.00000000,0.04915805
191.00000000,1859.00000000,0.04916021
191.00000000,1860.00000000,0.04916227
191.00000000,1861.00000000,0.04916427
191.00000000,1862.00000000,0.04916610
191.00000000,1863.00000000,0.04916759
191.00000000,1864.00000000,0.04916869
191.00000000,1865.00000000,0.04916957
191.00000000,1866.00000000,0.04917018
191.00000000,1867.00000000,0.04917062
191.00000000,1868.00000000,0.04917079
191.00000000,1869.00000000,0.04917082
191.00000000,1870.00000000,0.04917076
191.00000000,1871.00000000,0.04917050
191.00000000,1872.00000000,0.04917030
191.00000000,1873.00000000,0.04917058
191.00000000,1874.00000000,0.04917124
191.00000000,1875.00000000,0.04917204
191.00000000,1876.00000000,0.04917303
191.00000000,1877.00000000,0.04917414
191.00000000,1878.00000000,0.04917540
191.00000000,1879.00000000,0.04917670
191.00000000,1880.00000000,0.04917801
191.00000000,1881.00000000,0.04917936
191.00000000,1882.00000000,0.04918069
191.00000000,1883.00000000,0.04918171
191.00000000,1884.00000000,0.04918245
191.00000000,1885.00000000,0.04918305
191.00000000,1886.00000000,0.04918351
191.00000000,1887.00000000,0.04918386
191.00000000,1888.00000000,0.04918408
191.00000000,1889.00000000,0.04918412
191.00000000,1890.00000000,0.04918392
191.00000000,1891.00000000,0.04918349
191.00000000,1892.00000000,0.04918293
191.00000000,1893.00000000,0.04918222
191.00000000,1894.00000000,0.04918145
191.00000000,1895.00000000,0.04918086
191.00000000,1896.00000000,0.04918012
191.00000000,1897.00000000,0.04917942
191.00000000,1898.00000000,0.04917866
191.00000000,1899.00000000,0.04917775
191.00000000,1900.00000000,0.04917651
191.00000000,1901.00000000,0.04917524
191.00000000,1902.00000000,0.04917398
191.00000000,1903.00000000,0.04917277
191.00000000,1904.00000000,0.04917167
191.00000000,1905.00000000,0.04917061
191.00000000,1906.00000000,0.04916972
191.00000000,1907.00000000,0.04916892
191.00000000,1908.00000000,0.04916808
191.00000000,1909.00000000,0.04916712
191.00000000,1910.00000000,0.04916621
191.00000000,1911.00000000,0.04916522
191.00000000,1912.00000000,0.04916378
191.00000000,1913.00000000,0.04916177
191.00000000,1914.00000000,0.04915909
191.00000000,1915.00000000,0.04915612
191.00000000,1916.00000000,0.04915308
191.00000000,1917.00000000,0.04915003
191.00000000,1918.00000000,0.04914682
191.00000000,1919.00000000,0.04914366
191.00000000,1920.00000000,0.04914079
191.00000000,1921.00000000,0.04913837
191.00000000,1922.00000000,0.04913650
191.00000000,1923.00000000,0.04913506
191.00000000,1924.00000000,0.04913370
191.00000000,1925.00000000,0.04913221
191.00000000,1926.00000000,0.04913068
191.00000000,1927.00000000,0.04912915
191.00000000,1928.00000000,0.04912761
191.00000000,1929.00000000,0.04912609
191.00000000,1930.00000000,0.04912467
191.00000000,1931.00000000,0.04912386
191.00000000,1932.00000000,0.04912391
191.00000000,1933.00000000,0.04912438
191.00000000,1934.00000000,0.04912523
191.00000000,1935.00000000,0.04912602
191.00000000,1936.00000000,0.04912644
191.00000000,1937.00000000,0.04912627
191.00000000,1938.00000000,0.04912526
191.00000000,1939.00000000,0.04912368
191.00000000,1940.00000000,0.04912165
191.00000000,1941.00000000,0.04911897
191.00000000,1942.00000000,0.04911559
191.00000000,1943.00000000,0.04911181
191.00000000,1944.00000000,0.04910767
191.00000000,1945.00000000,0.04910350
191.00000000,1946.00000000,0.04909995
191.00000000,1947.00000000,0.04909747
191.00000000,1948.00000000,0.04909554
191.00000000,1949.00000000,0.04909364
191.00000000,1950.00000000,0.04909170
191.00000000,1951.00000000,0.04908968
191.00000000,1952.00000000,0.04908815
191.00000000,1953.00000000,0.04908679
191.00000000,1954.00000000,0.04908545
191.00000000,1955.00000000,0.04908433
191.00000000,1956.00000000,0.04908327
191.00000000,1957.00000000,0.04908657
191.00000000,1958.00000000,0.04908510
191.00000000,1959.00000000,0.04908331
191.00000000,1960.00000000,0.04908035
191.00000000,1961.00000000,0.04907629
191.00000000,1962.00000000,0.04907329
191.00000000,1963.00000000,0.04906820
191.00000000,1964.00000000,0.04906242
191.00000000,1965.00000000,0.04905578
191.00000000,1966.00000000,0.04904832
191.00000000,1967.00000000,0.04904000
191.00000000,1968.00000000,0.04903070
191.00000000,1969.00000000,0.04902009
191.00000000,1970.00000000,0.04900786
191.00000000,1971.00000000,0.04899355
191.00000000,1972.00000000,0.04897811
191.00000000,1973.00000000,0.04895882
191.00000000,1974.00000000,0.04893769
191.00000000,1975.00000000,0.04891544
191.00000000,1976.00000000,0.04889283
191.00000000,1977.00000000,0.04887038
191.00000000,1978.00000000,0.04884774
191.00000000,1979.00000000,0.04882493
191.00000000,1980.00000000,0.04880164
191.00000000,1981.00000000,0.04877819
191.00000000,1982.00000000,0.04875753
191.00000000,1983.00000000,0.04873805
191.00000000,1984.00000000,0.04872115
191.00000000,1985.00000000,0.04870625
191.00000000,1986.00000000,0.04869244
191.00000000,1987.00000000,0.04867924
191.00000000,1988.00000000,0.04866760
191.00000000,1989.00000000,0.04865423
191.00000000,1990.00000000,0.04864051
191.00000000,1991.00000000,0.04862811
191.00000000,1992.00000000,0.04861450
191.00000000,1993.00000000,0.04860419
191.00000000,1994.00000000,0.04859009
191.00000000,1995.00000000,0.04857791
191.00000000,1996.00000000,0.04856590
191.00000000,1997.00000000,0.04855503
191.00000000,1998.00000000,0.04854212
191.00000000,1999.00000000,0.04852911
191.00000000,2000.00000000,0.04851618
191.00000000,2001.00000000,0.04850300
191.00000000,2002.00000000,0.04849100
191.00000000,2003.00000000,0.04847753
191.00000000,2004.00000000,0.04846326
191.00000000,2005.00000000,0.04844728
191.00000000,2006.00000000,0.04843024
191.00000000,2007.00000000,0.04841073
191.00000000,2008.00000000,0.04838889
191.00000000,2009.00000000,0.04836350
191.00000000,2010.00000000,0.04833630
191.00000000,2011.00000000,0.04830738
191.00000000,2012.00000000,0.04827674
191.00000000,2013.00000000,0.04824594
191.00000000,2014.00000000,0.04821338
191.00000000,2015.00000000,0.04817757
191.00000000,2016.00000000,0.04814162
191.00000000,2017.00000000,0.04810261
191.00000000,2018.00000000,0.04806353
191.00000000,2019.00000000,0.04802151
191.00000000,2020.00000000,0.04797812
191.00000000,2021.00000000,0.04794237
191.00000000,2022.00000000,0.04789515
191.00000000,2023.00000000,0.04784839
191.00000000,2024.00000000,0.04780231
191.00000000,2025.00000000,0.04775404
191.00000000,2026.00000000,0.04770656
191.00000000,2027.00000000,0.04766292
191.00000000,2028.00000000,0.04761291
191.00000000,2029.00000000,0.04756382
191.00000000,2030.00000000,0.04751434
191.00000000,2031.00000000,0.04746582
191.00000000,2032.00000000,0.04741537
191.00000000,2033.00000000,0.04736570
191.00000000,2034.00000000,0.04731377
191.00000000,2035.00000000,0.04726249
191.00000000,2036.00000000,0.04721328
191.00000000,2037.00000000,0.04715737
191.00000000,2038.00000000,0.04710504
191.00000000,2039.00000000,0.04704903
191.00000000,2040.00000000,0.04699513
191.00000000,2041.00000000,0.04694195
191.00000000,2042.00000000,0.04688214
191.00000000,2043.00000000,0.04682576
191.00000000,2044.00000000,0.04676691
191.00000000,2045.00000000,0.04671845
191.00000000,2046.00000000,0.04665744
191.00000000,2047.00000000,0.04659969
191.00000000,2048.00000000,0.04653516
191.00000000,2049.00000000,0.04646972
191.00000000,2050.00000000,0.04640907
191.00000000,2051.00000000,0.04635178
191.00000000,2052.00000000,0.04628798
191.00000000,2053.00000000,0.04622056
191.00000000,2054.00000000,0.04615949
191.00000000,2055.00000000,0.04609927
191.00000000,2056.00000000,0.04603705
191.00000000,2057.00000000,0.04596872
191.00000000,2058.00000000,0.04590731
191.00000000,2059.00000000,0.04584096
191.00000000,2060.00000000,0.04577712
191.00000000,2061.00000000,0.04571027
191.00000000,2062.00000000,0.04564910
191.00000000,2063.00000000,0.04559957
191.00000000,2064.00000000,0.04554225
191.00000000,2065.00000000,0.04545631
191.00000000,2066.00000000,0.04540454
191.00000000,2067.00000000,0.04533820
191.00000000,2068.00000000,0.04527267
191.00000000,2069.00000000,0.04520574
191.00000000,2070.00000000,0.04515680
191.00000000,2071.00000000,0.04512517
191.00000000,2072.00000000,0.04506827
191.00000000,2073.00000000,0.04502072
191.00000000,2074.00000000,0.04497860
191.00000000,2075.00000000,0.04492001
191.00000000,2076.00000000,0.04486144
191.00000000,2077.00000000,0.04480703
191.00000000,2078.00000000,0.04476763
191.00000000,2079.00000000,0.04475396
191.00000000,2080.00000000,0.04469800
191.00000000,2081.00000000,0.04468262
191.00000000,2082.00000000,0.04465089
191.00000000,2083.00000000,0.04460155
191.00000000,2084.00000000,0.04454555
191.00000000,2085.00000000,0.04451402
191.00000000,2086.00000000,0.04449739
191.00000000,2087.00000000,0.04446862
191.00000000,2088.00000000,0.04445198
191.00000000,2089.00000000,0.04444200
191.00000000,2090.00000000,0.04445604
191.00000000,2091.00000000,0.04445116
191.00000000,2092.00000000,0.04443550
191.00000000,2093.00000000,0.04441592
191.00000000,2094.00000000,0.04444723
191.00000000,2095.00000000,0.04442110
191.00000000,2096.00000000,0.04443906
191.00000000,2097.00000000,0.04446491
191.00000000,2098.00000000,0.04453574
191.00000000,2099.00000000,0.04445993
191.00000000,2100.00000000,0.04447686
191.00000000,2101.00000000,0.04449336
191.00000000,2102.00000000,0.04448830
191.00000000,2103.00000000,0.04451882
191.00000000,2104.00000000,0.04457820
191.00000000,2105.00000000,0.04443096
191.00000000,2106.00000000,0.04439216
191.00000000,2107.00000000,0.04445377
191.00000000,2108.00000000,0.04450461
191.00000000,2109.00000000,0.04446018
191.00000000,2110.00000000,0.04427059
191.00000000,2111.00000000,0.04441960
191.00000000,2112.00000000,0.04423382
191.00000000,2113.00000000,0.04427444
191.00000000,2114.00000000,0.04442533
191.00000000,2115.00000000,0.04440364
191.00000000,2116.00000000,0.04440798
191.00000000,2117.00000000,0.04440804
191.00000000,2118.00000000,0.04450229
191.00000000,2119.00000000,0.04449768
191.00000000,2120.00000000,0.04459480
191.00000000,2121.00000000,0.04446714
191.00000000,2122.00000000,0.04431268
191.00000000,2123.00000000,0.04418523
191.00000000,2124.00000000,0.04424080
191.00000000,2125.00000000,0.04434195
191.00000000,2126.00000000,0.04441015
191.00000000,2127.00000000,0.04454352
191.00000000,2128.00000000,0.04464647
191.00000000,2129.00000000,0.04455960
191.00000000,2130.00000000,0.04462667
191.00000000,2131.00000000,0.04476922
191.00000000,2132.00000000,0.04481878
191.00000000,2133.00000000,0.04483413
191.00000000,2134.00000000,0.04490400
191.00000000,2135.00000000,0.04490055
191.00000000,2136.00000000,0.04461778
191.00000000,2137.00000000,0.04472909
191.00000000,2138.00000000,0.04494105
191.00000000,2139.00000000,0.04505409
191.00000000,2140.00000000,0.04500302
191.00000000,2141.00000000,0.04529377
191.00000000,2142.00000000,0.04549090
191.00000000,2143.00000000,0.04554606
191.00000000,2144.00000000,0.04562459
191.00000000,2145.00000000,0.04567705
191.00000000,2146.00000000,0.04593145
191.00000000,2147.00000000,0.04613110
191.00000000,2148.00000000,0.04627589
191.00000000,2149.00000000,0.04638008
191.00000000,2150.00000000,0.04657904
191.00000000,2151.00000000,0.04675718
191.00000000,2152.00000000,0.04680988
191.00000000,2153.00000000,0.04698128
191.00000000,2154.00000000,0.04721064
191.00000000,2155.00000000,0.04745905
191.00000000,2156.00000000,0.04768099
191.00000000,2157.00000000,0.04793632
191.00000000,2158.00000000,0.04812468
191.00000000,2159.00000000,0.04840880
191.00000000,2160.00000000,0.04874185
191.00000000,2161.00000000,0.04916158
191.00000000,2162.00000000,0.04942660
191.00000000,2163.00000000,0.04971158
191.00000000,2164.00000000,0.05008825
191.00000000,2165.00000000,0.05017131
191.00000000,2166.00000000,0.05020726
191.00000000,2167.00000000,0.05063412
191.00000000,2168.00000000,0.05090430
191.00000000,2169.00000000,0.05108537
191.00000000,2170.00000000,0.05153866
191.00000000,2171.00000000,0.05155257
191.00000000,2172.00000000,0.05142527
191.00000000,2173.00000000,0.05146132
191.00000000,2174.00000000,0.05153114
191.00000000,2175.00000000,0.05186254
191.00000000,2176.00000000,0.05216245
191.00000000,2177.00000000,0.05248086
191.00000000,2178.00000000,0.05277146
191.00000000,2179.00000000,0.05315437
191.00000000,2180.00000000,0.05342600
191.00000000,2181.00000000,0.05360703
191.00000000,2182.00000000,0.05383763
191.00000000,2183.00000000,0.05379409
191.00000000,2184.00000000,0.05391532
191.00000000,2185.00000000,0.05418749
191.00000000,2186.00000000,0.05447803
191.00000000,2187.00000000,0.05478165
191.00000000,2188.00000000,0.05504902
191.00000000,2189.00000000,0.05513157
191.00000000,2190.00000000,0.05523221
191.00000000,2191.00000000,0.05558319
191.00000000,2192.00000000,0.05593046
191.00000000,2193.00000000,0.05613606
191.00000000,2194.00000000,0.05672682
191.00000000,2195.00000000,0.05738745
191.00000000,2196.00000000,0.05793488
191.00000000,2197.00000000,0.05833895
191.00000000,2198.00000000,0.05874642
191.00000000,2199.00000000,0.05915738
191.00000000,2200.00000000,0.05957145
191.00000000,2201.00000000,0.05998866
191.00000000,2202.00000000,0.06050465
191.00000000,2203.00000000,0.06102419
191.00000000,2204.00000000,0.06154731
191.00000000,2205.00000000,0.06207397
191.00000000,2206.00000000,0.06260414
191.00000000,2207.00000000,0.06313783
191.00000000,2208.00000000,0.06367499
191.00000000,2209.00000000,0.06421559
191.00000000,2210.00000000,0.06475964
191.00000000,2211.00000000,0.06530710
191.00000000,2212.00000000,0.06581492
191.00000000,2213.00000000,0.06632598
191.00000000,2214.00000000,0.06684025
191.00000000,2215.00000000,0.06735778
191.00000000,2216.00000000,0.06787857
191.00000000,2217.00000000,0.06840262
191.00000000,2218.00000000,0.06892999
191.00000000,2219.00000000,0.06946070
191.00000000,2220.00000000,0.06999477
191.00000000,2221.00000000,0.07053228
191.00000000,2222.00000000,0.07116447
191.00000000,2223.00000000,0.07180049
191.00000000,2224.00000000,0.07244038
191.00000000,2225.00000000,0.07308410
191.00000000,2226.00000000,0.07373162
191.00000000,2227.00000000,0.07438298
191.00000000,2228.00000000,0.07503811
191.00000000,2229.00000000,0.07569707
191.00000000,2230.00000000,0.07635985
191.00000000,2231.00000000,0.07702640
191.00000000,2232.00000000,0.07776458
191.00000000,2233.00000000,0.07850684
191.00000000,2234.00000000,0.07925314
191.00000000,2235.00000000,0.08000349
191.00000000,2236.00000000,0.08075785
191.00000000,2237.00000000,0.08151614
191.00000000,2238.00000000,0.08227840
191.00000000,2239.00000000,0.08304452
191.00000000,2240.00000000,0.08381455
191.00000000,2241.00000000,0.08458841
191.00000000,2242.00000000,0.08536213
191.00000000,2243.00000000,0.08613962
191.00000000,2244.00000000,0.08692083
191.00000000,2245.00000000,0.08770566
191.00000000,2246.00000000,0.08849415
191.00000000,2247.00000000,0.08928624
191.00000000,2248.00000000,0.09008181
191.00000000,2249.00000000,0.09088079
191.00000000,2250.00000000,0.09168248
191.00000000,2251.00000000,0.09248556
191.00000000,2252.00000000,0.09313453
191.00000000,2253.00000000,0.09378226
191.00000000,2254.00000000,0.09442848
191.00000000,2255.00000000,0.09507298
191.00000000,2256.00000000,0.09571562
191.00000000,2257.00000000,0.09635639
191.00000000,2258.00000000,0.09699521
191.00000000,2259.00000000,0.09763199
191.00000000,2260.00000000,0.09826677
191.00000000,2261.00000000,0.09889949
191.00000000,2262.00000000,0.09938852
191.00000000,2263.00000000,0.09987510
191.00000000,2264.00000000,0.10035924
191.00000000,2265.00000000,0.10084107
191.00000000,2266.00000000,0.10132058
191.00000000,2267.00000000,0.10179777
191.00000000,2268.00000000,0.10227273
191.00000000,2269.00000000,0.10274544
191.00000000,2270.00000000,0.10321588
191.00000000,2271.00000000,0.10368413
191.00000000,2272.00000000,0.10406990
191.00000000,2273.00000000,0.10445317
191.00000000,2274.00000000,0.10483403
191.00000000,2275.00000000,0.10521245
191.00000000,2276.00000000,0.10558852
191.00000000,2277.00000000,0.10596226
191.00000000,2278.00000000,0.10633362
191.00000000,2279.00000000,0.10670274
191.00000000,2280.00000000,0.10706956
191.00000000,2281.00000000,0.10743407
191.00000000,2282.00000000,0.10771266
191.00000000,2283.00000000,0.10798877
191.00000000,2284.00000000,0.10826238
191.00000000,2285.00000000,0.10853363
191.00000000,2286.00000000,0.10880248
191.00000000,2287.00000000,0.10906893
191.00000000,2288.00000000,0.10933310
191.00000000,2289.00000000,0.10959493
191.00000000,2290.00000000,0.10985452
191.00000000,2291.00000000,0.11011187
191.00000000,2292.00000000,0.11030206
191.00000000,2293.00000000,0.11048993
191.00000000,2294.00000000,0.11067545
191.00000000,2295.00000000,0.11085859
191.00000000,2296.00000000,0.11103950
191.00000000,2297.00000000,0.11121813
191.00000000,2298.00000000,0.11139449
191.00000000,2299.00000000,0.11156867
191.00000000,2300.00000000,0.11174063
191.00000000,2301.00000000,0.11191047
191.00000000,2302.00000000,0.11207814
191.00000000,2303.00000000,0.11224363
191.00000000,2304.00000000,0.11240706
191.00000000,2305.00000000,0.11256836
191.00000000,2306.00000000,0.11272754
191.00000000,2307.00000000,0.11288468
191.00000000,2308.00000000,0.11303978
191.00000000,2309.00000000,0.11319278
191.00000000,2310.00000000,0.11334380
191.00000000,2311.00000000,0.11349283
191.00000000,2312.00000000,0.11363978
191.00000000,2313.00000000,0.11378482
191.00000000,2314.00000000,0.11392779
191.00000000,2315.00000000,0.11406888
191.00000000,2316.00000000,0.11420803
191.00000000,2317.00000000,0.11434512
191.00000000,2318.00000000,0.11448039
191.00000000,2319.00000000,0.11461373
191.00000000,2320.00000000,0.11474505
191.00000000,2321.00000000,0.11487453
191.00000000,2322.00000000,0.11500213
191.00000000,2323.00000000,0.11512772
191.00000000,2324.00000000,0.11525150
191.00000000,2325.00000000,0.11537328
191.00000000,2326.00000000,0.11549328
191.00000000,2327.00000000,0.11561139
191.00000000,2328.00000000,0.11572752
191.00000000,2329.00000000,0.11584184
191.00000000,2330.00000000,0.11595426
191.00000000,2331.00000000,0.11606472
191.00000000,2332.00000000,0.11617337
191.00000000,2333.00000000,0.11628012
191.00000000,2334.00000000,0.11638489
191.00000000,2335.00000000,0.11648783
191.00000000,2336.00000000,0.11658878
191.00000000,2337.00000000,0.11668786
191.00000000,2338.00000000,0.11678502
191.00000000,2339.00000000,0.11688014
191.00000000,2340.00000000,0.11697332
191.00000000,2341.00000000,0.11706443
191.00000000,2342.00000000,0.11670087
191.00000000,2343.00000000,0.11633478
191.00000000,2344.00000000,0.11596614
191.00000000,2345.00000000,0.11559494
191.00000000,2346.00000000,0.11522136
191.00000000,2347.00000000,0.11484538
191.00000000,2348.00000000,0.11446700
191.00000000,2349.00000000,0.11408638
191.00000000,2350.00000000,0.11370345
191.00000000,2351.00000000,0.11331839
191.00000000,2352.00000000,0.11293117
191.00000000,2353.00000000,0.11254179
191.00000000,2354.00000000,0.11215041
191.00000000,2355.00000000,0.11175701
191.00000000,2356.00000000,0.11136157
191.00000000,2357.00000000,0.11096426
191.00000000,2358.00000000,0.11056505
191.00000000,2359.00000000,0.11016393
191.00000000,2360.00000000,0.10976105
191.00000000,2361.00000000,0.10935633
191.00000000,2362.00000000,0.10894993
191.00000000,2363.00000000,0.10854184
191.00000000,2364.00000000,0.10813200
191.00000000,2365.00000000,0.10772058
191.00000000,2366.00000000,0.10730757
191.00000000,2367.00000000,0.10689293
191.00000000,2368.00000000,0.10647681
191.00000000,2369.00000000,0.10605921
191.00000000,2370.00000000,0.10564006
191.00000000,2371.00000000,0.10521953
191.00000000,2372.00000000,0.10479759
191.00000000,2373.00000000,0.10437423
191.00000000,2374.00000000,0.10394956
191.00000000,2375.00000000,0.10352352
191.00000000,2376.00000000,0.10309625
191.00000000,2377.00000000,0.10266772
191.00000000,2378.00000000,0.10223789
191.00000000,2379.00000000,0.10180691
191.00000000,2380.00000000,0.10137476
191.00000000,2381.00000000,0.10094139
191.00000000,2382.00000000,0.10050694
191.00000000,2383.00000000,0.10007141
191.00000000,2384.00000000,0.09963473
191.00000000,2385.00000000,0.09919705
191.00000000,2386.00000000,0.09875830
191.00000000,2387.00000000,0.09831859
191.00000000,2388.00000000,0.09787791
191.00000000,2389.00000000,0.09743620
191.00000000,2390.00000000,0.09699363
191.00000000,2391.00000000,0.09655013
191.00000000,2392.00000000,0.09610570
191.00000000,2393.00000000,0.09566044
191.00000000,2394.00000000,0.09521435
191.00000000,2395.00000000,0.09476737
191.00000000,2396.00000000,0.09431965
191.00000000,2397.00000000,0.09387114
191.00000000,2398.00000000,0.09342181
191.00000000,2399.00000000,0.09297179
191.00000000,2400.00000000,0.09252099
191.00000000,2401.00000000,0.09206956
191.00000000,2402.00000000,0.09161743
191.00000000,2403.00000000,0.09116459
191.00000000,2404.00000000,0.09071118
191.00000000,2405.00000000,0.09025713
191.00000000,2406.00000000,0.08980242
191.00000000,2407.00000000,0.08934720
191.00000000,2408.00000000,0.08889139
191.00000000,2409.00000000,0.08843498
191.00000000,2410.00000000,0.08797810
191.00000000,2411.00000000,0.08752064
191.00000000,2412.00000000,0.08706275
191.00000000,2413.00000000,0.08660436
191.00000000,2414.00000000,0.08614545
191.00000000,2415.00000000,0.08568616
191.00000000,2416.00000000,0.08522644
191.00000000,2417.00000000,0.08476623
191.00000000,2418.00000000,0.08430569
191.00000000,2419.00000000,0.08384476
191.00000000,2420.00000000,0.08338339
191.00000000,2421.00000000,0.08292174
191.00000000,2422.00000000,0.08245968
191.00000000,2423.00000000,0.08199736
191.00000000,2424.00000000,0.08153473
191.00000000,2425.00000000,0.08107175
191.00000000,2426.00000000,0.08060854
191.00000000,2427.00000000,0.08014508
191.00000000,2428.00000000,0.07968130
191.00000000,2429.00000000,0.07921735
191.00000000,2430.00000000,0.07875318
191.00000000,2431.00000000,0.07828874
191.00000000,2432.00000000,0.07782418
191.00000000,2433.00000000,0.07735943
191.00000000,2434.00000000,0.07689446
191.00000000,2435.00000000,0.07642941
191.00000000,2436.00000000,0.07596418
191.00000000,2437.00000000,0.07549890
191.00000000,2438.00000000,0.07503355
191.00000000,2439.00000000,0.07456812
191.00000000,2440.00000000,0.07420062
191.00000000,2441.00000000,0.07412125
191.00000000,2442.00000000,0.07412068
191.00000000,2443.00000000,0.07412029
191.00000000,2444.00000000,0.07412005
191.00000000,2445.00000000,0.07411985
191.00000000,2446.00000000,0.07411985
191.00000000,2447.00000000,0.07413225
191.00000000,2448.00000000,0.07414482
191.00000000,2449.00000000,0.07415752
191.00000000,2450.00000000,0.07417024
191.00000000,2451.00000000,0.07418315
191.00000000,2452.00000000,0.07417176
191.00000000,2453.00000000,0.07416039
191.00000000,2454.00000000,0.07414917
191.00000000,2455.00000000,0.07413805
191.00000000,2456.00000000,0.07412693
191.00000000,2457.00000000,0.07411596
191.00000000,2458.00000000,0.07410506
191.00000000,2459.00000000,0.07409417
191.00000000,2460.00000000,0.07408344
191.00000000,2461.00000000,0.07407270
191.00000000,2462.00000000,0.07406210
191.00000000,2463.00000000,0.07405157
191.00000000,2464.00000000,0.07404103
191.00000000,2465.00000000,0.07403064
191.00000000,2466.00000000,0.07402030
191.00000000,2467.00000000,0.07400891
191.00000000,2468.00000000,0.07399764
191.00000000,2469.00000000,0.07398643
191.00000000,2470.00000000,0.07397519
191.00000000,2471.00000000,0.07396411
191.00000000,2472.00000000,0.07395298
191.00000000,2473.00000000,0.07394199
191.00000000,2474.00000000,0.07393106
191.00000000,2475.00000000,0.07392008
191.00000000,2476.00000000,0.07390925
191.00000000,2477.00000000,0.07389845
191.00000000,2478.00000000,0.07388763
191.00000000,2479.00000000,0.07387692
191.00000000,2480.00000000,0.07386627
191.00000000,2481.00000000,0.07385557
191.00000000,2482.00000000,0.07384499
191.00000000,2483.00000000,0.07383438
191.00000000,2484.00000000,0.07382389
191.00000000,2485.00000000,0.07381343
191.00000000,2486.00000000,0.07380293
191.00000000,2487.00000000,0.07379255
191.00000000,2488.00000000,0.07378220
191.00000000,2489.00000000,0.07377181
191.00000000,2490.00000000,0.07376153
191.00000000,2491.00000000,0.07375128
191.00000000,2492.00000000,0.07374333
191.00000000,2493.00000000,0.07373550
191.00000000,2494.00000000,0.07372770
191.00000000,2495.00000000,0.07371984
191.00000000,2496.00000000,0.07371209
191.00000000,2497.00000000,0.07370429
191.00000000,2498.00000000,0.07369660
191.00000000,2499.00000000,0.07368894
191.00000000,2500.00000000,0.07368122
192.00000000,1765.00000000,0.04869318
192.00000000,1766.00000000,0.04869317
192.00000000,1767.00000000,0.04869322
192.00000000,1768.00000000,0.04869322
192.00000000,1769.00000000,0.04869334
192.00000000,1770.00000000,0.04869371
192.00000000,1771.00000000,0.04869401
192.00000000,1772.00000000,0.04869446
192.00000000,1773.00000000,0.04869493
192.00000000,1774.00000000,0.04869569
192.00000000,1775.00000000,0.04869637
192.00000000,1776.00000000,0.04869713
192.00000000,1777.00000000,0.04869808
192.00000000,1778.00000000,0.04869902
192.00000000,1779.00000000,0.04870022
192.00000000,1780.00000000,0.04870139
192.00000000,1781.00000000,0.04870256
192.00000000,1782.00000000,0.04870399
192.00000000,1783.00000000,0.04870531
192.00000000,1784.00000000,0.04870686
192.00000000,1785.00000000,0.04870843
192.00000000,1786.00000000,0.04871004
192.00000000,1787.00000000,0.04871170
192.00000000,1788.00000000,0.04871335
192.00000000,1789.00000000,0.04871514
192.00000000,1790.00000000,0.04871698
192.00000000,1791.00000000,0.04871888
192.00000000,1792.00000000,0.04872094
192.00000000,1793.00000000,0.04872290
192.00000000,1794.00000000,0.04872487
192.00000000,1795.00000000,0.04872695
192.00000000,1796.00000000,0.04872912
192.00000000,1797.00000000,0.04873119
192.00000000,1798.00000000,0.04873347
192.00000000,1799.00000000,0.04873559
192.00000000,1800.00000000,0.04873785
192.00000000,1801.00000000,0.04874019
192.00000000,1802.00000000,0.04874251
192.00000000,1803.00000000,0.04874478
192.00000000,1804.00000000,0.04874709
192.00000000,1805.00000000,0.04874945
192.00000000,1806.00000000,0.04875188
192.00000000,1807.00000000,0.04875428
192.00000000,1808.00000000,0.04875670
192.00000000,1809.00000000,0.04875911
192.00000000,1810.00000000,0.04876159
192.00000000,1811.00000000,0.04876403
192.00000000,1812.00000000,0.04876661
192.00000000,1813.00000000,0.04876894
192.00000000,1814.00000000,0.04877145
192.00000000,1815.00000000,0.04877399
192.00000000,1816.00000000,0.04877654
192.00000000,1817.00000000,0.04877904
192.00000000,1818.00000000,0.04878150
192.00000000,1819.00000000,0.04878408
192.00000000,1820.00000000,0.04878658
192.00000000,1821.00000000,0.04878912
192.00000000,1822.00000000,0.04879161
192.00000000,1823.00000000,0.04879419
192.00000000,1824.00000000,0.04879665
192.00000000,1825.00000000,0.04879920
192.00000000,1826.00000000,0.04880177
192.00000000,1827.00000000,0.04880421
192.00000000,1828.00000000,0.04880680
192.00000000,1829.00000000,0.04880937
192.00000000,1830.00000000,0.04881178
192.00000000,1831.00000000,0.04881433
192.00000000,1832.00000000,0.04881681
192.00000000,1833.00000000,0.04881919
192.00000000,1834.00000000,0.04882170
192.00000000,1835.00000000,0.04882423
192.00000000,1836.00000000,0.04882653
192.00000000,1837.00000000,0.04882894
192.00000000,1838.00000000,0.04883134
192.00000000,1839.00000000,0.04883372
192.00000000,1840.00000000,0.04883608
192.00000000,1841.00000000,0.04883849
192.00000000,1842.00000000,0.04884079
192.00000000,1843.00000000,0.04884318
192.00000000,1844.00000000,0.04884534
192.00000000,1845.00000000,0.04884756
192.00000000,1846.00000000,0.04884982
192.00000000,1847.00000000,0.04885215
192.00000000,1848.00000000,0.04885429
192.00000000,1849.00000000,0.04885648
192.00000000,1850.00000000,0.04885864
192.00000000,1851.00000000,0.04886073
192.00000000,1852.00000000,0.04886282
192.00000000,1853.00000000,0.04886517
192.00000000,1854.00000000,0.04886743
192.00000000,1855.00000000,0.04886982
192.00000000,1856.00000000,0.04887210
192.00000000,1857.00000000,0.04887428
192.00000000,1858.00000000,0.04887641
192.00000000,1859.00000000,0.04887853
192.00000000,1860.00000000,0.04888064
192.00000000,1861.00000000,0.04888263
192.00000000,1862.00000000,0.04888450
192.00000000,1863.00000000,0.04888589
192.00000000,1864.00000000,0.04888702
192.00000000,1865.00000000,0.04888784
192.00000000,1866.00000000,0.04888849
192.00000000,1867.00000000,0.04888889
192.00000000,1868.00000000,0.04888914
192.00000000,1869.00000000,0.04888914
192.00000000,1870.00000000,0.04888900
192.00000000,1871.00000000,0.04888882
192.00000000,1872.00000000,0.04888864
192.00000000,1873.00000000,0.04888890
192.00000000,1874.00000000,0.04888950
192.00000000,1875.00000000,0.04889037
192.00000000,1876.00000000,0.04889133
192.00000000,1877.00000000,0.04889243
192.00000000,1878.00000000,0.04889363
192.00000000,1879.00000000,0.04889497
192.00000000,1880.00000000,0.04889629
192.00000000,1881.00000000,0.04889759
192.00000000,1882.00000000,0.04889894
192.00000000,1883.00000000,0.04889996
192.00000000,1884.00000000,0.04890071
192.00000000,1885.00000000,0.04890126
192.00000000,1886.00000000,0.04890172
192.00000000,1887.00000000,0.04890208
192.00000000,1888.00000000,0.04890231
192.00000000,1889.00000000,0.04890233
192.00000000,1890.00000000,0.04890216
192.00000000,1891.00000000,0.04890173
192.00000000,1892.00000000,0.04890110
192.00000000,1893.00000000,0.04890045
192.00000000,1894.00000000,0.04889972
192.00000000,1895.00000000,0.04889901
192.00000000,1896.00000000,0.04889843
192.00000000,1897.00000000,0.04889764
192.00000000,1898.00000000,0.04889687
192.00000000,1899.00000000,0.04889597
192.00000000,1900.00000000,0.04889486
192.00000000,1901.00000000,0.04889344
192.00000000,1902.00000000,0.04889226
192.00000000,1903.00000000,0.04889104
192.00000000,1904.00000000,0.04888990
192.00000000,1905.00000000,0.04888892
192.00000000,1906.00000000,0.04888800
192.00000000,1907.00000000,0.04888720
192.00000000,1908.00000000,0.04888633
192.00000000,1909.00000000,0.04888545
192.00000000,1910.00000000,0.04888450
192.00000000,1911.00000000,0.04888349
192.00000000,1912.00000000,0.04888208
192.00000000,1913.00000000,0.04888005
192.00000000,1914.00000000,0.04887742
192.00000000,1915.00000000,0.04887445
192.00000000,1916.00000000,0.04887144
192.00000000,1917.00000000,0.04886837
192.00000000,1918.00000000,0.04886520
192.00000000,1919.00000000,0.04886203
192.00000000,1920.00000000,0.04885920
192.00000000,1921.00000000,0.04885676
192.00000000,1922.00000000,0.04885491
192.00000000,1923.00000000,0.04885348
192.00000000,1924.00000000,0.04885210
192.00000000,1925.00000000,0.04885064
192.00000000,1926.00000000,0.04884908
192.00000000,1927.00000000,0.04884753
192.00000000,1928.00000000,0.04884606
192.00000000,1929.00000000,0.04884447
192.00000000,1930.00000000,0.04884305
192.00000000,1931.00000000,0.04884228
192.00000000,1932.00000000,0.04884228
192.00000000,1933.00000000,0.04884277
192.00000000,1934.00000000,0.04884356
192.00000000,1935.00000000,0.04884435
192.00000000,1936.00000000,0.04884477
192.00000000,1937.00000000,0.04884456
192.00000000,1938.00000000,0.04884355
192.00000000,1939.00000000,0.04884195
192.00000000,1940.00000000,0.04883992
192.00000000,1941.00000000,0.04883723
192.00000000,1942.00000000,0.04883385
192.00000000,1943.00000000,0.04883004
192.00000000,1944.00000000,0.04882592
192.00000000,1945.00000000,0.04882174
192.00000000,1946.00000000,0.04881819
192.00000000,1947.00000000,0.04881569
192.00000000,1948.00000000,0.04881373
192.00000000,1949.00000000,0.04881181
192.00000000,1950.00000000,0.04880983
192.00000000,1951.00000000,0.04880778
192.00000000,1952.00000000,0.04880620
192.00000000,1953.00000000,0.04880479
192.00000000,1954.00000000,0.04880341
192.00000000,1955.00000000,0.04880222
192.00000000,1956.00000000,0.04880109
192.00000000,1957.00000000,0.04879984
192.00000000,1958.00000000,0.04880279
192.00000000,1959.00000000,0.04880091
192.00000000,1960.00000000,0.04879790
192.00000000,1961.00000000,0.04879383
192.00000000,1962.00000000,0.04878919
192.00000000,1963.00000000,0.04878559
192.00000000,1964.00000000,0.04877980
192.00000000,1965.00000000,0.04877315
192.00000000,1966.00000000,0.04876560
192.00000000,1967.00000000,0.04875731
192.00000000,1968.00000000,0.04874803
192.00000000,1969.00000000,0.04873735
192.00000000,1970.00000000,0.04872521
192.00000000,1971.00000000,0.04871088
192.00000000,1972.00000000,0.04869395
192.00000000,1973.00000000,0.04867627
192.00000000,1974.00000000,0.04865516
192.00000000,1975.00000000,0.04863299
192.00000000,1976.00000000,0.04861051
192.00000000,1977.00000000,0.04858807
192.00000000,1978.00000000,0.04856557
192.00000000,1979.00000000,0.04854281
192.00000000,1980.00000000,0.04851962
192.00000000,1981.00000000,0.04849628
192.00000000,1982.00000000,0.04847418
192.00000000,1983.00000000,0.04845625
192.00000000,1984.00000000,0.04843940
192.00000000,1985.00000000,0.04842453
192.00000000,1986.00000000,0.04841082
192.00000000,1987.00000000,0.04839758
192.00000000,1988.00000000,0.04838449
192.00000000,1989.00000000,0.04837267
192.00000000,1990.00000000,0.04835896
192.00000000,1991.00000000,0.04834511
192.00000000,1992.00000000,0.04833302
192.00000000,1993.00000000,0.04831976
192.00000000,1994.00000000,0.04831016
192.00000000,1995.00000000,0.04829663
192.00000000,1996.00000000,0.04828453
192.00000000,1997.00000000,0.04827220
192.00000000,1998.00000000,0.04826087
192.00000000,1999.00000000,0.04824787
192.00000000,2000.00000000,0.04823496
192.00000000,2001.00000000,0.04822187
192.00000000,2002.00000000,0.04820838
192.00000000,2003.00000000,0.04819642
192.00000000,2004.00000000,0.04818224
192.00000000,2005.00000000,0.04816629
192.00000000,2006.00000000,0.04814785
192.00000000,2007.00000000,0.04812836
192.00000000,2008.00000000,0.04810665
192.00000000,2009.00000000,0.04808286
192.00000000,2010.00000000,0.04805574
192.00000000,2011.00000000,0.04802695
192.00000000,2012.00000000,0.04799650
192.00000000,2013.00000000,0.04796430
192.00000000,2014.00000000,0.04793191
192.00000000,2015.00000000,0.04789780
192.00000000,2016.00000000,0.04786050
192.00000000,2017.00000000,0.04782313
192.00000000,2018.00000000,0.04778278
192.00000000,2019.00000000,0.04774244
192.00000000,2020.00000000,0.04769927
192.00000000,2021.00000000,0.04765484
192.00000000,2022.00000000,0.04761813
192.00000000,2023.00000000,0.04757017
192.00000000,2024.00000000,0.04752280
192.00000000,2025.00000000,0.04747623
192.00000000,2026.00000000,0.04742755
192.00000000,2027.00000000,0.04737972
192.00000000,2028.00000000,0.04733576
192.00000000,2029.00000000,0.04728550
192.00000000,2030.00000000,0.04723622
192.00000000,2031.00000000,0.04718654
192.00000000,2032.00000000,0.04713772
192.00000000,2033.00000000,0.04708683
192.00000000,2034.00000000,0.04703662
192.00000000,2035.00000000,0.04698412
192.00000000,2036.00000000,0.04693225
192.00000000,2037.00000000,0.04688243
192.00000000,2038.00000000,0.04682597
192.00000000,2039.00000000,0.04677310
192.00000000,2040.00000000,0.04671661
192.00000000,2041.00000000,0.04666221
192.00000000,2042.00000000,0.04660844
192.00000000,2043.00000000,0.04654797
192.00000000,2044.00000000,0.04649083
192.00000000,2045.00000000,0.04643123
192.00000000,2046.00000000,0.04638194
192.00000000,2047.00000000,0.04632022
192.00000000,2048.00000000,0.04626175
192.00000000,2049.00000000,0.04619662
192.00000000,2050.00000000,0.04613062
192.00000000,2051.00000000,0.04606942
192.00000000,2052.00000000,0.04601162
192.00000000,2053.00000000,0.04594739
192.00000000,2054.00000000,0.04587962
192.00000000,2055.00000000,0.04581821
192.00000000,2056.00000000,0.04575767
192.00000000,2057.00000000,0.04569519
192.00000000,2058.00000000,0.04562669
192.00000000,2059.00000000,0.04556509
192.00000000,2060.00000000,0.04549860
192.00000000,2061.00000000,0.04543471
192.00000000,2062.00000000,0.04536814
192.00000000,2063.00000000,0.04530754
192.00000000,2064.00000000,0.04525872
192.00000000,2065.00000000,0.04520229
192.00000000,2066.00000000,0.04511753
192.00000000,2067.00000000,0.04506669
192.00000000,2068.00000000,0.04500140
192.00000000,2069.00000000,0.04493690
192.00000000,2070.00000000,0.04487100
192.00000000,2071.00000000,0.04482298
192.00000000,2072.00000000,0.04479234
192.00000000,2073.00000000,0.04473686
192.00000000,2074.00000000,0.04469079
192.00000000,2075.00000000,0.04465016
192.00000000,2076.00000000,0.04459320
192.00000000,2077.00000000,0.04453623
192.00000000,2078.00000000,0.04448334
192.00000000,2079.00000000,0.04444529
192.00000000,2080.00000000,0.04443273
192.00000000,2081.00000000,0.04437815
192.00000000,2082.00000000,0.04436394
192.00000000,2083.00000000,0.04433359
192.00000000,2084.00000000,0.04428580
192.00000000,2085.00000000,0.04423137
192.00000000,2086.00000000,0.04420120
192.00000000,2087.00000000,0.04418579
192.00000000,2088.00000000,0.04415827
192.00000000,2089.00000000,0.04414274
192.00000000,2090.00000000,0.04413376
192.00000000,2091.00000000,0.04414863
192.00000000,2092.00000000,0.04414480
192.00000000,2093.00000000,0.04413036
192.00000000,2094.00000000,0.04411209
192.00000000,2095.00000000,0.04414434
192.00000000,2096.00000000,0.04411953
192.00000000,2097.00000000,0.04413846
192.00000000,2098.00000000,0.04416519
192.00000000,2099.00000000,0.04423656
192.00000000,2100.00000000,0.04416221
192.00000000,2101.00000000,0.04417998
192.00000000,2102.00000000,0.04419743
192.00000000,2103.00000000,0.04419355
192.00000000,2104.00000000,0.04422503
192.00000000,2105.00000000,0.04428519
192.00000000,2106.00000000,0.04414006
192.00000000,2107.00000000,0.04410261
192.00000000,2108.00000000,0.04416489
192.00000000,2109.00000000,0.04421643
192.00000000,2110.00000000,0.04417327
192.00000000,2111.00000000,0.04398583
192.00000000,2112.00000000,0.04413477
192.00000000,2113.00000000,0.04395104
192.00000000,2114.00000000,0.04399223
192.00000000,2115.00000000,0.04414295
192.00000000,2116.00000000,0.04412215
192.00000000,2117.00000000,0.04412720
192.00000000,2118.00000000,0.04412796
192.00000000,2119.00000000,0.04422230
192.00000000,2120.00000000,0.04421836
192.00000000,2121.00000000,0.04431550
192.00000000,2122.00000000,0.04418925
192.00000000,2123.00000000,0.04403635
192.00000000,2124.00000000,0.04391026
192.00000000,2125.00000000,0.04396604
192.00000000,2126.00000000,0.04406709
192.00000000,2127.00000000,0.04413540
192.00000000,2128.00000000,0.04426848
192.00000000,2129.00000000,0.04437131
192.00000000,2130.00000000,0.04428548
192.00000000,2131.00000000,0.04435264
192.00000000,2132.00000000,0.04449480
192.00000000,2133.00000000,0.04454454
192.00000000,2134.00000000,0.04456026
192.00000000,2135.00000000,0.04463017
192.00000000,2136.00000000,0.04462719
192.00000000,2137.00000000,0.04434658
192.00000000,2138.00000000,0.04445764
192.00000000,2139.00000000,0.04466875
192.00000000,2140.00000000,0.04478153
192.00000000,2141.00000000,0.04473117
192.00000000,2142.00000000,0.04502059
192.00000000,2143.00000000,0.04521693
192.00000000,2144.00000000,0.04527216
192.00000000,2145.00000000,0.04535063
192.00000000,2146.00000000,0.04540316
192.00000000,2147.00000000,0.04565643
192.00000000,2148.00000000,0.04585529
192.00000000,2149.00000000,0.04599959
192.00000000,2150.00000000,0.04610355
192.00000000,2151.00000000,0.04630196
192.00000000,2152.00000000,0.04648037
192.00000000,2153.00000000,0.04653476
192.00000000,2154.00000000,0.04670749
192.00000000,2155.00000000,0.04693798
192.00000000,2156.00000000,0.04718747
192.00000000,2157.00000000,0.04741065
192.00000000,2158.00000000,0.04766699
192.00000000,2159.00000000,0.04785669
192.00000000,2160.00000000,0.04814157
192.00000000,2161.00000000,0.04847506
192.00000000,2162.00000000,0.04889471
192.00000000,2163.00000000,0.04916045
192.00000000,2164.00000000,0.04944599
192.00000000,2165.00000000,0.04982270
192.00000000,2166.00000000,0.04990728
192.00000000,2167.00000000,0.04994497
192.00000000,2168.00000000,0.05037148
192.00000000,2169.00000000,0.05064209
192.00000000,2170.00000000,0.05082400
192.00000000,2171.00000000,0.05127672
192.00000000,2172.00000000,0.05129225
192.00000000,2173.00000000,0.05116724
192.00000000,2174.00000000,0.05120471
192.00000000,2175.00000000,0.05127575
192.00000000,2176.00000000,0.05160704
192.00000000,2177.00000000,0.05190698
192.00000000,2178.00000000,0.05222531
192.00000000,2179.00000000,0.05251595
192.00000000,2180.00000000,0.05289843
192.00000000,2181.00000000,0.05317016
192.00000000,2182.00000000,0.05335171
192.00000000,2183.00000000,0.05358256
192.00000000,2184.00000000,0.05354056
192.00000000,2185.00000000,0.05366252
192.00000000,2186.00000000,0.05393471
192.00000000,2187.00000000,0.05422517
192.00000000,2188.00000000,0.05452864
192.00000000,2189.00000000,0.05479601
192.00000000,2190.00000000,0.05487940
192.00000000,2191.00000000,0.05498079
192.00000000,2192.00000000,0.05533135
192.00000000,2193.00000000,0.05567823
192.00000000,2194.00000000,0.05588408
192.00000000,2195.00000000,0.05647335
192.00000000,2196.00000000,0.05713219
192.00000000,2197.00000000,0.05767835
192.00000000,2198.00000000,0.05808178
192.00000000,2199.00000000,0.05848859
192.00000000,2200.00000000,0.05889889
192.00000000,2201.00000000,0.05931228
192.00000000,2202.00000000,0.05972880
192.00000000,2203.00000000,0.06024369
192.00000000,2204.00000000,0.06076211
192.00000000,2205.00000000,0.06128411
192.00000000,2206.00000000,0.06180964
192.00000000,2207.00000000,0.06233867
192.00000000,2208.00000000,0.06287121
192.00000000,2209.00000000,0.06340722
192.00000000,2210.00000000,0.06394666
192.00000000,2211.00000000,0.06448955
192.00000000,2212.00000000,0.06503586
192.00000000,2213.00000000,0.06554268
192.00000000,2214.00000000,0.06605275
192.00000000,2215.00000000,0.06656601
192.00000000,2216.00000000,0.06708253
192.00000000,2217.00000000,0.06760232
192.00000000,2218.00000000,0.06812536
192.00000000,2219.00000000,0.06865172
192.00000000,2220.00000000,0.06918141
192.00000000,2221.00000000,0.06971445
192.00000000,2222.00000000,0.07025094
192.00000000,2223.00000000,0.07088174
192.00000000,2224.00000000,0.07151636
192.00000000,2225.00000000,0.07215486
192.00000000,2226.00000000,0.07279719
192.00000000,2227.00000000,0.07344332
192.00000000,2228.00000000,0.07409328
192.00000000,2229.00000000,0.07474702
192.00000000,2230.00000000,0.07540460
192.00000000,2231.00000000,0.07606598
192.00000000,2232.00000000,0.07673113
192.00000000,2233.00000000,0.07746766
192.00000000,2234.00000000,0.07820828
192.00000000,2235.00000000,0.07895293
192.00000000,2236.00000000,0.07970164
192.00000000,2237.00000000,0.08045435
192.00000000,2238.00000000,0.08121101
192.00000000,2239.00000000,0.08197163
192.00000000,2240.00000000,0.08273613
192.00000000,2241.00000000,0.08350454
192.00000000,2242.00000000,0.08427678
192.00000000,2243.00000000,0.08504889
192.00000000,2244.00000000,0.08582480
192.00000000,2245.00000000,0.08660441
192.00000000,2246.00000000,0.08738766
192.00000000,2247.00000000,0.08817458
192.00000000,2248.00000000,0.08896509
192.00000000,2249.00000000,0.08975899
192.00000000,2250.00000000,0.09055572
192.00000000,2251.00000000,0.09135397
192.00000000,2252.00000000,0.09215253
192.00000000,2253.00000000,0.09279690
192.00000000,2254.00000000,0.09343975
192.00000000,2255.00000000,0.09408099
192.00000000,2256.00000000,0.09472046
192.00000000,2257.00000000,0.09535808
192.00000000,2258.00000000,0.09599384
192.00000000,2259.00000000,0.09662768
192.00000000,2260.00000000,0.09725954
192.00000000,2261.00000000,0.09788948
192.00000000,2262.00000000,0.09851751
192.00000000,2263.00000000,0.09900252
192.00000000,2264.00000000,0.09948519
192.00000000,2265.00000000,0.09996551
192.00000000,2266.00000000,0.10044357
192.00000000,2267.00000000,0.10091939
192.00000000,2268.00000000,0.10139296
192.00000000,2269.00000000,0.10186434
192.00000000,2270.00000000,0.10233354
192.00000000,2271.00000000,0.10280053
192.00000000,2272.00000000,0.10326537
192.00000000,2273.00000000,0.10364813
192.00000000,2274.00000000,0.10402842
192.00000000,2275.00000000,0.10440637
192.00000000,2276.00000000,0.10478191
192.00000000,2277.00000000,0.10515518
192.00000000,2278.00000000,0.10552615
192.00000000,2279.00000000,0.10589480
192.00000000,2280.00000000,0.10626124
192.00000000,2281.00000000,0.10662545
192.00000000,2282.00000000,0.10698737
192.00000000,2283.00000000,0.10726378
192.00000000,2284.00000000,0.10753775
192.00000000,2285.00000000,0.10780926
192.00000000,2286.00000000,0.10807843
192.00000000,2287.00000000,0.10834527
192.00000000,2288.00000000,0.10860974
192.00000000,2289.00000000,0.10887197
192.00000000,2290.00000000,0.10913188
192.00000000,2291.00000000,0.10938961
192.00000000,2292.00000000,0.10964510
192.00000000,2293.00000000,0.10983377
192.00000000,2294.00000000,0.11002014
192.00000000,2295.00000000,0.11020420
192.00000000,2296.00000000,0.11038592
192.00000000,2297.00000000,0.11056542
192.00000000,2298.00000000,0.11074270
192.00000000,2299.00000000,0.11091770
192.00000000,2300.00000000,0.11109059
192.00000000,2301.00000000,0.11126126
192.00000000,2302.00000000,0.11142982
192.00000000,2303.00000000,0.11159626
192.00000000,2304.00000000,0.11176051
192.00000000,2305.00000000,0.11192274
192.00000000,2306.00000000,0.11208288
192.00000000,2307.00000000,0.11224089
192.00000000,2308.00000000,0.11239692
192.00000000,2309.00000000,0.11255092
192.00000000,2310.00000000,0.11270282
192.00000000,2311.00000000,0.11285279
192.00000000,2312.00000000,0.11300078
192.00000000,2313.00000000,0.11314670
192.00000000,2314.00000000,0.11329075
192.00000000,2315.00000000,0.11343276
192.00000000,2316.00000000,0.11357290
192.00000000,2317.00000000,0.11371109
192.00000000,2318.00000000,0.11384728
192.00000000,2319.00000000,0.11398165
192.00000000,2320.00000000,0.11411411
192.00000000,2321.00000000,0.11424455
192.00000000,2322.00000000,0.11437321
192.00000000,2323.00000000,0.11449997
192.00000000,2324.00000000,0.11462475
192.00000000,2325.00000000,0.11474773
192.00000000,2326.00000000,0.11486874
192.00000000,2327.00000000,0.11498798
192.00000000,2328.00000000,0.11510534
192.00000000,2329.00000000,0.11522073
192.00000000,2330.00000000,0.11533432
192.00000000,2331.00000000,0.11544606
192.00000000,2332.00000000,0.11555583
192.00000000,2333.00000000,0.11566381
192.00000000,2334.00000000,0.11576990
192.00000000,2335.00000000,0.11587402
192.00000000,2336.00000000,0.11597632
192.00000000,2337.00000000,0.11607665
192.00000000,2338.00000000,0.11617514
192.00000000,2339.00000000,0.11627171
192.00000000,2340.00000000,0.11636624
192.00000000,2341.00000000,0.11645886
192.00000000,2342.00000000,0.11654942
192.00000000,2343.00000000,0.11618731
192.00000000,2344.00000000,0.11582269
192.00000000,2345.00000000,0.11545554
192.00000000,2346.00000000,0.11508583
192.00000000,2347.00000000,0.11471377
192.00000000,2348.00000000,0.11433932
192.00000000,2349.00000000,0.11396248
192.00000000,2350.00000000,0.11358342
192.00000000,2351.00000000,0.11320207
192.00000000,2352.00000000,0.11281859
192.00000000,2353.00000000,0.11243298
192.00000000,2354.00000000,0.11204521
192.00000000,2355.00000000,0.11165546
192.00000000,2356.00000000,0.11126370
192.00000000,2357.00000000,0.11086992
192.00000000,2358.00000000,0.11047427
192.00000000,2359.00000000,0.11007674
192.00000000,2360.00000000,0.10967731
192.00000000,2361.00000000,0.10927613
192.00000000,2362.00000000,0.10887311
192.00000000,2363.00000000,0.10846844
192.00000000,2364.00000000,0.10806206
192.00000000,2365.00000000,0.10765396
192.00000000,2366.00000000,0.10724429
192.00000000,2367.00000000,0.10683303
192.00000000,2368.00000000,0.10642015
192.00000000,2369.00000000,0.10600582
192.00000000,2370.00000000,0.10558998
192.00000000,2371.00000000,0.10517262
192.00000000,2372.00000000,0.10475388
192.00000000,2373.00000000,0.10433375
192.00000000,2374.00000000,0.10391220
192.00000000,2375.00000000,0.10348935
192.00000000,2376.00000000,0.10306513
192.00000000,2377.00000000,0.10263970
192.00000000,2378.00000000,0.10221301
192.00000000,2379.00000000,0.10178502
192.00000000,2380.00000000,0.10135589
192.00000000,2381.00000000,0.10092560
192.00000000,2382.00000000,0.10049409
192.00000000,2383.00000000,0.10006151
192.00000000,2384.00000000,0.09962786
192.00000000,2385.00000000,0.09919305
192.00000000,2386.00000000,0.09875728
192.00000000,2387.00000000,0.09832040
192.00000000,2388.00000000,0.09788260
192.00000000,2389.00000000,0.09744381
192.00000000,2390.00000000,0.09700401
192.00000000,2391.00000000,0.09656335
192.00000000,2392.00000000,0.09612177
192.00000000,2393.00000000,0.09567926
192.00000000,2394.00000000,0.09523593
192.00000000,2395.00000000,0.09479178
192.00000000,2396.00000000,0.09434673
192.00000000,2397.00000000,0.09390094
192.00000000,2398.00000000,0.09345439
192.00000000,2399.00000000,0.09300699
192.00000000,2400.00000000,0.09255894
192.00000000,2401.00000000,0.09211010
192.00000000,2402.00000000,0.09166062
192.00000000,2403.00000000,0.09121047
192.00000000,2404.00000000,0.09075959
192.00000000,2405.00000000,0.09030815
192.00000000,2406.00000000,0.08985609
192.00000000,2407.00000000,0.08940336
192.00000000,2408.00000000,0.08895011
192.00000000,2409.00000000,0.08849630
192.00000000,2410.00000000,0.08804188
192.00000000,2411.00000000,0.08758699
192.00000000,2412.00000000,0.08713152
192.00000000,2413.00000000,0.08667562
192.00000000,2414.00000000,0.08621925
192.00000000,2415.00000000,0.08576234
192.00000000,2416.00000000,0.08530505
192.00000000,2417.00000000,0.08484734
192.00000000,2418.00000000,0.08438914
192.00000000,2419.00000000,0.08393059
192.00000000,2420.00000000,0.08347167
192.00000000,2421.00000000,0.08301232
192.00000000,2422.00000000,0.08255268
192.00000000,2423.00000000,0.08209264
192.00000000,2424.00000000,0.08163234
192.00000000,2425.00000000,0.08117174
192.00000000,2426.00000000,0.08071079
192.00000000,2427.00000000,0.08024961
192.00000000,2428.00000000,0.07978817
192.00000000,2429.00000000,0.07932641
192.00000000,2430.00000000,0.07886449
192.00000000,2431.00000000,0.07840235
192.00000000,2432.00000000,0.07793994
192.00000000,2433.00000000,0.07747741
192.00000000,2434.00000000,0.07701471
192.00000000,2435.00000000,0.07655176
192.00000000,2436.00000000,0.07608875
192.00000000,2437.00000000,0.07562555
192.00000000,2438.00000000,0.07516231
192.00000000,2439.00000000,0.07469900
192.00000000,2440.00000000,0.07423561
192.00000000,2441.00000000,0.07386970
192.00000000,2442.00000000,0.07379065
192.00000000,2443.00000000,0.07379004
192.00000000,2444.00000000,0.07378963
192.00000000,2445.00000000,0.07378935
192.00000000,2446.00000000,0.07378912
192.00000000,2447.00000000,0.07378908
192.00000000,2448.00000000,0.07380138
192.00000000,2449.00000000,0.07381386
192.00000000,2450.00000000,0.07382646
192.00000000,2451.00000000,0.07383910
192.00000000,2452.00000000,0.07385190
192.00000000,2453.00000000,0.07384052
192.00000000,2454.00000000,0.07382916
192.00000000,2455.00000000,0.07381794
192.00000000,2456.00000000,0.07380683
192.00000000,2457.00000000,0.07379571
192.00000000,2458.00000000,0.07378476
192.00000000,2459.00000000,0.07377388
192.00000000,2460.00000000,0.07376299
192.00000000,2461.00000000,0.07375226
192.00000000,2462.00000000,0.07374153
192.00000000,2463.00000000,0.07373093
192.00000000,2464.00000000,0.07372041
192.00000000,2465.00000000,0.07370988
192.00000000,2466.00000000,0.07369948
192.00000000,2467.00000000,0.07368915
192.00000000,2468.00000000,0.07367776
192.00000000,2469.00000000,0.07366649
192.00000000,2470.00000000,0.07365529
192.00000000,2471.00000000,0.07364408
192.00000000,2472.00000000,0.07363299
192.00000000,2473.00000000,0.07362188
192.00000000,2474.00000000,0.07361089
192.00000000,2475.00000000,0.07359995
192.00000000,2476.00000000,0.07358900
192.00000000,2477.00000000,0.07357816
192.00000000,2478.00000000,0.07356738
192.00000000,2479.00000000,0.07355656
192.00000000,2480.00000000,0.07354585
192.00000000,2481.00000000,0.07353520
192.00000000,2482.00000000,0.07352451
192.00000000,2483.00000000,0.07351394
192.00000000,2484.00000000,0.07350333
192.00000000,2485.00000000,0.07349284
192.00000000,2486.00000000,0.07348238
192.00000000,2487.00000000,0.07347189
192.00000000,2488.00000000,0.07346152
192.00000000,2489.00000000,0.07345117
192.00000000,2490.00000000,0.07344078
192.00000000,2491.00000000,0.07343051
192.00000000,2492.00000000,0.07342026
192.00000000,2493.00000000,0.07341230
192.00000000,2494.00000000,0.07340446
192.00000000,2495.00000000,0.07339665
192.00000000,2496.00000000,0.07338878
192.00000000,2497.00000000,0.07338102
192.00000000,2498.00000000,0.07337321
192.00000000,2499.00000000,0.07336551
192.00000000,2500.00000000,0.07335785
193.00000000,1765.00000000,0.04841410
193.00000000,1766.00000000,0.04841424
193.00000000,1767.00000000,0.04841426
193.00000000,1768.00000000,0.04841436
193.00000000,1769.00000000,0.04841444
193.00000000,1770.00000000,0.04841464
193.00000000,1771.00000000,0.04841510
193.00000000,1772.00000000,0.04841549
193.00000000,1773.00000000,0.04841603
193.00000000,1774.00000000,0.04841660
193.00000000,1775.00000000,0.04841745
193.00000000,1776.00000000,0.04841822
193.00000000,1777.00000000,0.04841906
193.00000000,1778.00000000,0.04842009
193.00000000,1779.00000000,0.04842111
193.00000000,1780.00000000,0.04842240
193.00000000,1781.00000000,0.04842364
193.00000000,1782.00000000,0.04842488
193.00000000,1783.00000000,0.04842637
193.00000000,1784.00000000,0.04842776
193.00000000,1785.00000000,0.04842936
193.00000000,1786.00000000,0.04843100
193.00000000,1787.00000000,0.04843266
193.00000000,1788.00000000,0.04843436
193.00000000,1789.00000000,0.04843607
193.00000000,1790.00000000,0.04843790
193.00000000,1791.00000000,0.04843978
193.00000000,1792.00000000,0.04844172
193.00000000,1793.00000000,0.04844381
193.00000000,1794.00000000,0.04844580
193.00000000,1795.00000000,0.04844780
193.00000000,1796.00000000,0.04844990
193.00000000,1797.00000000,0.04845211
193.00000000,1798.00000000,0.04845420
193.00000000,1799.00000000,0.04845649
193.00000000,1800.00000000,0.04845863
193.00000000,1801.00000000,0.04846090
193.00000000,1802.00000000,0.04846325
193.00000000,1803.00000000,0.04846558
193.00000000,1804.00000000,0.04846786
193.00000000,1805.00000000,0.04847018
193.00000000,1806.00000000,0.04847255
193.00000000,1807.00000000,0.04847497
193.00000000,1808.00000000,0.04847738
193.00000000,1809.00000000,0.04847980
193.00000000,1810.00000000,0.04848221
193.00000000,1811.00000000,0.04848471
193.00000000,1812.00000000,0.04848714
193.00000000,1813.00000000,0.04848971
193.00000000,1814.00000000,0.04849204
193.00000000,1815.00000000,0.04849454
193.00000000,1816.00000000,0.04849708
193.00000000,1817.00000000,0.04849962
193.00000000,1818.00000000,0.04850210
193.00000000,1819.00000000,0.04850455
193.00000000,1820.00000000,0.04850712
193.00000000,1821.00000000,0.04850961
193.00000000,1822.00000000,0.04851213
193.00000000,1823.00000000,0.04851461
193.00000000,1824.00000000,0.04851718
193.00000000,1825.00000000,0.04851962
193.00000000,1826.00000000,0.04852215
193.00000000,1827.00000000,0.04852470
193.00000000,1828.00000000,0.04852712
193.00000000,1829.00000000,0.04852969
193.00000000,1830.00000000,0.04853224
193.00000000,1831.00000000,0.04853463
193.00000000,1832.00000000,0.04853714
193.00000000,1833.00000000,0.04853959
193.00000000,1834.00000000,0.04854195
193.00000000,1835.00000000,0.04854444
193.00000000,1836.00000000,0.04854694
193.00000000,1837.00000000,0.04854921
193.00000000,1838.00000000,0.04855159
193.00000000,1839.00000000,0.04855397
193.00000000,1840.00000000,0.04855632
193.00000000,1841.00000000,0.04855864
193.00000000,1842.00000000,0.04856103
193.00000000,1843.00000000,0.04856329
193.00000000,1844.00000000,0.04856564
193.00000000,1845.00000000,0.04856777
193.00000000,1846.00000000,0.04856996
193.00000000,1847.00000000,0.04857218
193.00000000,1848.00000000,0.04857447
193.00000000,1849.00000000,0.04857658
193.00000000,1850.00000000,0.04857874
193.00000000,1851.00000000,0.04858083
193.00000000,1852.00000000,0.04858288
193.00000000,1853.00000000,0.04858517
193.00000000,1854.00000000,0.04858760
193.00000000,1855.00000000,0.04858982
193.00000000,1856.00000000,0.04859212
193.00000000,1857.00000000,0.04859431
193.00000000,1858.00000000,0.04859642
193.00000000,1859.00000000,0.04859850
193.00000000,1860.00000000,0.04860056
193.00000000,1861.00000000,0.04860261
193.00000000,1862.00000000,0.04860446
193.00000000,1863.00000000,0.04860590
193.00000000,1864.00000000,0.04860693
193.00000000,1865.00000000,0.04860780
193.00000000,1866.00000000,0.04860838
193.00000000,1867.00000000,0.04860882
193.00000000,1868.00000000,0.04860904
193.00000000,1869.00000000,0.04860911
193.00000000,1870.00000000,0.04860894
193.00000000,1871.00000000,0.04860868
193.00000000,1872.00000000,0.04860859
193.00000000,1873.00000000,0.04860886
193.00000000,1874.00000000,0.04860944
193.00000000,1875.00000000,0.04861024
193.00000000,1876.00000000,0.04861128
193.00000000,1877.00000000,0.04861235
193.00000000,1878.00000000,0.04861354
193.00000000,1879.00000000,0.04861481
193.00000000,1880.00000000,0.04861617
193.00000000,1881.00000000,0.04861748
193.00000000,1882.00000000,0.04861879
193.00000000,1883.00000000,0.04861982
193.00000000,1884.00000000,0.04862057
193.00000000,1885.00000000,0.04862113
193.00000000,1886.00000000,0.04862156
193.00000000,1887.00000000,0.04862192
193.00000000,1888.00000000,0.04862215
193.00000000,1889.00000000,0.04862218
193.00000000,1890.00000000,0.04862200
193.00000000,1891.00000000,0.04862160
193.00000000,1892.00000000,0.04862097
193.00000000,1893.00000000,0.04862024
193.00000000,1894.00000000,0.04861957
193.00000000,1895.00000000,0.04861890
193.00000000,1896.00000000,0.04861820
193.00000000,1897.00000000,0.04861758
193.00000000,1898.00000000,0.04861671
193.00000000,1899.00000000,0.04861580
193.00000000,1900.00000000,0.04861471
193.00000000,1901.00000000,0.04861342
193.00000000,1902.00000000,0.04861209
193.00000000,1903.00000000,0.04861094
193.00000000,1904.00000000,0.04860980
193.00000000,1905.00000000,0.04860878
193.00000000,1906.00000000,0.04860794
193.00000000,1907.00000000,0.04860711
193.00000000,1908.00000000,0.04860624
193.00000000,1909.00000000,0.04860533
193.00000000,1910.00000000,0.04860445
193.00000000,1911.00000000,0.04860340
193.00000000,1912.00000000,0.04860198
193.00000000,1913.00000000,0.04859998
193.00000000,1914.00000000,0.04859735
193.00000000,1915.00000000,0.04859442
193.00000000,1916.00000000,0.04859140
193.00000000,1917.00000000,0.04858836
193.00000000,1918.00000000,0.04858518
193.00000000,1919.00000000,0.04858204
193.00000000,1920.00000000,0.04857921
193.00000000,1921.00000000,0.04857680
193.00000000,1922.00000000,0.04857493
193.00000000,1923.00000000,0.04857351
193.00000000,1924.00000000,0.04857214
193.00000000,1925.00000000,0.04857067
193.00000000,1926.00000000,0.04856914
193.00000000,1927.00000000,0.04856756
193.00000000,1928.00000000,0.04856607
193.00000000,1929.00000000,0.04856455
193.00000000,1930.00000000,0.04856306
193.00000000,1931.00000000,0.04856228
193.00000000,1932.00000000,0.04856232
193.00000000,1933.00000000,0.04856276
193.00000000,1934.00000000,0.04856357
193.00000000,1935.00000000,0.04856430
193.00000000,1936.00000000,0.04856472
193.00000000,1937.00000000,0.04856451
193.00000000,1938.00000000,0.04856347
193.00000000,1939.00000000,0.04856187
193.00000000,1940.00000000,0.04855982
193.00000000,1941.00000000,0.04855714
193.00000000,1942.00000000,0.04855375
193.00000000,1943.00000000,0.04854994
193.00000000,1944.00000000,0.04854580
193.00000000,1945.00000000,0.04854164
193.00000000,1946.00000000,0.04853808
193.00000000,1947.00000000,0.04853557
193.00000000,1948.00000000,0.04853358
193.00000000,1949.00000000,0.04853163
193.00000000,1950.00000000,0.04852963
193.00000000,1951.00000000,0.04852755
193.00000000,1952.00000000,0.04852594
193.00000000,1953.00000000,0.04852448
193.00000000,1954.00000000,0.04852305
193.00000000,1955.00000000,0.04852181
193.00000000,1956.00000000,0.04852061
193.00000000,1957.00000000,0.04851929
193.00000000,1958.00000000,0.04851771
193.00000000,1959.00000000,0.04852025
193.00000000,1960.00000000,0.04851716
193.00000000,1961.00000000,0.04851302
193.00000000,1962.00000000,0.04850838
193.00000000,1963.00000000,0.04850317
193.00000000,1964.00000000,0.04849886
193.00000000,1965.00000000,0.04849221
193.00000000,1966.00000000,0.04848466
193.00000000,1967.00000000,0.04847628
193.00000000,1968.00000000,0.04846703
193.00000000,1969.00000000,0.04845638
193.00000000,1970.00000000,0.04844418
193.00000000,1971.00000000,0.04842995
193.00000000,1972.00000000,0.04841302
193.00000000,1973.00000000,0.04839387
193.00000000,1974.00000000,0.04837438
193.00000000,1975.00000000,0.04835224
193.00000000,1976.00000000,0.04832982
193.00000000,1977.00000000,0.04830752
193.00000000,1978.00000000,0.04828504
193.00000000,1979.00000000,0.04826239
193.00000000,1980.00000000,0.04823926
193.00000000,1981.00000000,0.04821603
193.00000000,1982.00000000,0.04819403
193.00000000,1983.00000000,0.04817465
193.00000000,1984.00000000,0.04815934
193.00000000,1985.00000000,0.04814452
193.00000000,1986.00000000,0.04813082
193.00000000,1987.00000000,0.04811765
193.00000000,1988.00000000,0.04810454
193.00000000,1989.00000000,0.04809128
193.00000000,1990.00000000,0.04807913
193.00000000,1991.00000000,0.04806527
193.00000000,1992.00000000,0.04805175
193.00000000,1993.00000000,0.04804003
193.00000000,1994.00000000,0.04802746
193.00000000,1995.00000000,0.04801838
193.00000000,1996.00000000,0.04800495
193.00000000,1997.00000000,0.04799254
193.00000000,1998.00000000,0.04797977
193.00000000,1999.00000000,0.04796833
193.00000000,2000.00000000,0.04795542
193.00000000,2001.00000000,0.04794236
193.00000000,2002.00000000,0.04792896
193.00000000,2003.00000000,0.04791552
193.00000000,2004.00000000,0.04790284
193.00000000,2005.00000000,0.04788698
193.00000000,2006.00000000,0.04786860
193.00000000,2007.00000000,0.04784772
193.00000000,2008.00000000,0.04782605
193.00000000,2009.00000000,0.04780241
193.00000000,2010.00000000,0.04777688
193.00000000,2011.00000000,0.04774819
193.00000000,2012.00000000,0.04771789
193.00000000,2013.00000000,0.04768589
193.00000000,2014.00000000,0.04765212
193.00000000,2015.00000000,0.04761818
193.00000000,2016.00000000,0.04758257
193.00000000,2017.00000000,0.04754387
193.00000000,2018.00000000,0.04750516
193.00000000,2019.00000000,0.04746358
193.00000000,2020.00000000,0.04742209
193.00000000,2021.00000000,0.04737788
193.00000000,2022.00000000,0.04733254
193.00000000,2023.00000000,0.04729503
193.00000000,2024.00000000,0.04724649
193.00000000,2025.00000000,0.04719863
193.00000000,2026.00000000,0.04715165
193.00000000,2027.00000000,0.04710263
193.00000000,2028.00000000,0.04705451
193.00000000,2029.00000000,0.04701028
193.00000000,2030.00000000,0.04695983
193.00000000,2031.00000000,0.04691034
193.00000000,2032.00000000,0.04686037
193.00000000,2033.00000000,0.04681112
193.00000000,2034.00000000,0.04675971
193.00000000,2035.00000000,0.04670892
193.00000000,2036.00000000,0.04665583
193.00000000,2037.00000000,0.04660337
193.00000000,2038.00000000,0.04655297
193.00000000,2039.00000000,0.04649601
193.00000000,2040.00000000,0.04644264
193.00000000,2041.00000000,0.04638567
193.00000000,2042.00000000,0.04633069
193.00000000,2043.00000000,0.04627622
193.00000000,2044.00000000,0.04621503
193.00000000,2045.00000000,0.04615714
193.00000000,2046.00000000,0.04609679
193.00000000,2047.00000000,0.04604672
193.00000000,2048.00000000,0.04598432
193.00000000,2049.00000000,0.04592520
193.00000000,2050.00000000,0.04585952
193.00000000,2051.00000000,0.04579301
193.00000000,2052.00000000,0.04573134
193.00000000,2053.00000000,0.04567306
193.00000000,2054.00000000,0.04560848
193.00000000,2055.00000000,0.04554042
193.00000000,2056.00000000,0.04547871
193.00000000,2057.00000000,0.04541790
193.00000000,2058.00000000,0.04535521
193.00000000,2059.00000000,0.04528655
193.00000000,2060.00000000,0.04522479
193.00000000,2061.00000000,0.04515828
193.00000000,2062.00000000,0.04509465
193.00000000,2063.00000000,0.04502869
193.00000000,2064.00000000,0.04496888
193.00000000,2065.00000000,0.04492088
193.00000000,2066.00000000,0.04486539
193.00000000,2067.00000000,0.04478182
193.00000000,2068.00000000,0.04473192
193.00000000,2069.00000000,0.04466766
193.00000000,2070.00000000,0.04460415
193.00000000,2071.00000000,0.04453929
193.00000000,2072.00000000,0.04449238
193.00000000,2073.00000000,0.04446295
193.00000000,2074.00000000,0.04440901
193.00000000,2075.00000000,0.04436446
193.00000000,2076.00000000,0.04432532
193.00000000,2077.00000000,0.04426994
193.00000000,2078.00000000,0.04421450
193.00000000,2079.00000000,0.04416305
193.00000000,2080.00000000,0.04412627
193.00000000,2081.00000000,0.04411479
193.00000000,2082.00000000,0.04406167
193.00000000,2083.00000000,0.04404871
193.00000000,2084.00000000,0.04401974
193.00000000,2085.00000000,0.04397346
193.00000000,2086.00000000,0.04392054
193.00000000,2087.00000000,0.04389168
193.00000000,2088.00000000,0.04387740
193.00000000,2089.00000000,0.04385106
193.00000000,2090.00000000,0.04383658
193.00000000,2091.00000000,0.04382860
193.00000000,2092.00000000,0.04384437
193.00000000,2093.00000000,0.04384169
193.00000000,2094.00000000,0.04382849
193.00000000,2095.00000000,0.04381149
193.00000000,2096.00000000,0.04384466
193.00000000,2097.00000000,0.04382110
193.00000000,2098.00000000,0.04384094
193.00000000,2099.00000000,0.04386849
193.00000000,2100.00000000,0.04394034
193.00000000,2101.00000000,0.04386745
193.00000000,2102.00000000,0.04388615
193.00000000,2103.00000000,0.04390461
193.00000000,2104.00000000,0.04390192
193.00000000,2105.00000000,0.04393435
193.00000000,2106.00000000,0.04399525
193.00000000,2107.00000000,0.04385217
193.00000000,2108.00000000,0.04381603
193.00000000,2109.00000000,0.04387891
193.00000000,2110.00000000,0.04393109
193.00000000,2111.00000000,0.04388914
193.00000000,2112.00000000,0.04370380
193.00000000,2113.00000000,0.04385265
193.00000000,2114.00000000,0.04367091
193.00000000,2115.00000000,0.04371261
193.00000000,2116.00000000,0.04386313
193.00000000,2117.00000000,0.04384319
193.00000000,2118.00000000,0.04384890
193.00000000,2119.00000000,0.04385033
193.00000000,2120.00000000,0.04394472
193.00000000,2121.00000000,0.04394144
193.00000000,2122.00000000,0.04403858
193.00000000,2123.00000000,0.04391370
193.00000000,2124.00000000,0.04376231
193.00000000,2125.00000000,0.04363755
193.00000000,2126.00000000,0.04369352
193.00000000,2127.00000000,0.04379447
193.00000000,2128.00000000,0.04386289
193.00000000,2129.00000000,0.04399566
193.00000000,2130.00000000,0.04409836
193.00000000,2131.00000000,0.04401356
193.00000000,2132.00000000,0.04408079
193.00000000,2133.00000000,0.04422255
193.00000000,2134.00000000,0.04427246
193.00000000,2135.00000000,0.04428854
193.00000000,2136.00000000,0.04435847
193.00000000,2137.00000000,0.04435595
193.00000000,2138.00000000,0.04407747
193.00000000,2139.00000000,0.04418829
193.00000000,2140.00000000,0.04439853
193.00000000,2141.00000000,0.04451104
193.00000000,2142.00000000,0.04446140
193.00000000,2143.00000000,0.04474947
193.00000000,2144.00000000,0.04494504
193.00000000,2145.00000000,0.04500033
193.00000000,2146.00000000,0.04507872
193.00000000,2147.00000000,0.04513133
193.00000000,2148.00000000,0.04538347
193.00000000,2149.00000000,0.04558152
193.00000000,2150.00000000,0.04572535
193.00000000,2151.00000000,0.04582931
193.00000000,2152.00000000,0.04602786
193.00000000,2153.00000000,0.04620720
193.00000000,2154.00000000,0.04626358
193.00000000,2155.00000000,0.04643775
193.00000000,2156.00000000,0.04666940
193.00000000,2157.00000000,0.04691995
193.00000000,2158.00000000,0.04714428
193.00000000,2159.00000000,0.04740156
193.00000000,2160.00000000,0.04759252
193.00000000,2161.00000000,0.04787808
193.00000000,2162.00000000,0.04821193
193.00000000,2163.00000000,0.04863143
193.00000000,2164.00000000,0.04889783
193.00000000,2165.00000000,0.04918385
193.00000000,2166.00000000,0.04956053
193.00000000,2167.00000000,0.04964658
193.00000000,2168.00000000,0.04968591
193.00000000,2169.00000000,0.05011203
193.00000000,2170.00000000,0.05038301
193.00000000,2171.00000000,0.05056571
193.00000000,2172.00000000,0.05101781
193.00000000,2173.00000000,0.05103491
193.00000000,2174.00000000,0.05091212
193.00000000,2175.00000000,0.05095096
193.00000000,2176.00000000,0.05102317
193.00000000,2177.00000000,0.05135431
193.00000000,2178.00000000,0.05165425
193.00000000,2179.00000000,0.05197246
193.00000000,2180.00000000,0.05226312
193.00000000,2181.00000000,0.05264514
193.00000000,2182.00000000,0.05291695
193.00000000,2183.00000000,0.05309898
193.00000000,2184.00000000,0.05333006
193.00000000,2185.00000000,0.05328955
193.00000000,2186.00000000,0.05341222
193.00000000,2187.00000000,0.05368439
193.00000000,2188.00000000,0.05397475
193.00000000,2189.00000000,0.05427805
193.00000000,2190.00000000,0.05454541
193.00000000,2191.00000000,0.05462961
193.00000000,2192.00000000,0.05473172
193.00000000,2193.00000000,0.05508186
193.00000000,2194.00000000,0.05542834
193.00000000,2195.00000000,0.05563441
193.00000000,2196.00000000,0.05622219
193.00000000,2197.00000000,0.05687925
193.00000000,2198.00000000,0.05742412
193.00000000,2199.00000000,0.05782691
193.00000000,2200.00000000,0.05823307
193.00000000,2201.00000000,0.05864269
193.00000000,2202.00000000,0.05905540
193.00000000,2203.00000000,0.05947123
193.00000000,2204.00000000,0.05998500
193.00000000,2205.00000000,0.06050231
193.00000000,2206.00000000,0.06102318
193.00000000,2207.00000000,0.06154758
193.00000000,2208.00000000,0.06207547
193.00000000,2209.00000000,0.06260687
193.00000000,2210.00000000,0.06314173
193.00000000,2211.00000000,0.06368002
193.00000000,2212.00000000,0.06422175
193.00000000,2213.00000000,0.06476689
193.00000000,2214.00000000,0.06527272
193.00000000,2215.00000000,0.06578179
193.00000000,2216.00000000,0.06629406
193.00000000,2217.00000000,0.06680958
193.00000000,2218.00000000,0.06732836
193.00000000,2219.00000000,0.06785038
193.00000000,2220.00000000,0.06837573
193.00000000,2221.00000000,0.06890441
193.00000000,2222.00000000,0.06943644
193.00000000,2223.00000000,0.06997191
193.00000000,2224.00000000,0.07060132
193.00000000,2225.00000000,0.07123456
193.00000000,2226.00000000,0.07187167
193.00000000,2227.00000000,0.07251262
193.00000000,2228.00000000,0.07315735
193.00000000,2229.00000000,0.07380593
193.00000000,2230.00000000,0.07445829
193.00000000,2231.00000000,0.07511448
193.00000000,2232.00000000,0.07577447
193.00000000,2233.00000000,0.07643824
193.00000000,2234.00000000,0.07717313
193.00000000,2235.00000000,0.07791211
193.00000000,2236.00000000,0.07865512
193.00000000,2237.00000000,0.07940220
193.00000000,2238.00000000,0.08015329
193.00000000,2239.00000000,0.08090832
193.00000000,2240.00000000,0.08166732
193.00000000,2241.00000000,0.08243021
193.00000000,2242.00000000,0.08319700
193.00000000,2243.00000000,0.08396762
193.00000000,2244.00000000,0.08473815
193.00000000,2245.00000000,0.08551247
193.00000000,2246.00000000,0.08629050
193.00000000,2247.00000000,0.08707217
193.00000000,2248.00000000,0.08785753
193.00000000,2249.00000000,0.08864637
193.00000000,2250.00000000,0.08943803
193.00000000,2251.00000000,0.09023136
193.00000000,2252.00000000,0.09102513
193.00000000,2253.00000000,0.09181858
193.00000000,2254.00000000,0.09245811
193.00000000,2255.00000000,0.09309602
193.00000000,2256.00000000,0.09373227
193.00000000,2257.00000000,0.09436677
193.00000000,2258.00000000,0.09499941
193.00000000,2259.00000000,0.09563023
193.00000000,2260.00000000,0.09625919
193.00000000,2261.00000000,0.09688625
193.00000000,2262.00000000,0.09751153
193.00000000,2263.00000000,0.09813503
193.00000000,2264.00000000,0.09861615
193.00000000,2265.00000000,0.09909502
193.00000000,2266.00000000,0.09957161
193.00000000,2267.00000000,0.10004601
193.00000000,2268.00000000,0.10051822
193.00000000,2269.00000000,0.10098823
193.00000000,2270.00000000,0.10145613
193.00000000,2271.00000000,0.10192190
193.00000000,2272.00000000,0.10238550
193.00000000,2273.00000000,0.10284701
193.00000000,2274.00000000,0.10322681
193.00000000,2275.00000000,0.10360420
193.00000000,2276.00000000,0.10397929
193.00000000,2277.00000000,0.10435204
193.00000000,2278.00000000,0.10472255
193.00000000,2279.00000000,0.10509082
193.00000000,2280.00000000,0.10545682
193.00000000,2281.00000000,0.10582065
193.00000000,2282.00000000,0.10618229
193.00000000,2283.00000000,0.10654168
193.00000000,2284.00000000,0.10681596
193.00000000,2285.00000000,0.10708782
193.00000000,2286.00000000,0.10735728
193.00000000,2287.00000000,0.10762445
193.00000000,2288.00000000,0.10788930
193.00000000,2289.00000000,0.10815183
193.00000000,2290.00000000,0.10841215
193.00000000,2291.00000000,0.10867020
193.00000000,2292.00000000,0.10892609
193.00000000,2293.00000000,0.10917979
193.00000000,2294.00000000,0.10936695
193.00000000,2295.00000000,0.10955187
193.00000000,2296.00000000,0.10973451
193.00000000,2297.00000000,0.10991481
193.00000000,2298.00000000,0.11009296
193.00000000,2299.00000000,0.11026888
193.00000000,2300.00000000,0.11044259
193.00000000,2301.00000000,0.11061419
193.00000000,2302.00000000,0.11078358
193.00000000,2303.00000000,0.11095091
193.00000000,2304.00000000,0.11111612
193.00000000,2305.00000000,0.11127918
193.00000000,2306.00000000,0.11144023
193.00000000,2307.00000000,0.11159921
193.00000000,2308.00000000,0.11175610
193.00000000,2309.00000000,0.11191103
193.00000000,2310.00000000,0.11206393
193.00000000,2311.00000000,0.11221478
193.00000000,2312.00000000,0.11236372
193.00000000,2313.00000000,0.11251067
193.00000000,2314.00000000,0.11265561
193.00000000,2315.00000000,0.11279868
193.00000000,2316.00000000,0.11293973
193.00000000,2317.00000000,0.11307892
193.00000000,2318.00000000,0.11321620
193.00000000,2319.00000000,0.11335150
193.00000000,2320.00000000,0.11348496
193.00000000,2321.00000000,0.11361656
193.00000000,2322.00000000,0.11374617
193.00000000,2323.00000000,0.11387400
193.00000000,2324.00000000,0.11399993
193.00000000,2325.00000000,0.11412391
193.00000000,2326.00000000,0.11424612
193.00000000,2327.00000000,0.11436637
193.00000000,2328.00000000,0.11448485
193.00000000,2329.00000000,0.11460146
193.00000000,2330.00000000,0.11471613
193.00000000,2331.00000000,0.11482904
193.00000000,2332.00000000,0.11494008
193.00000000,2333.00000000,0.11504918
193.00000000,2334.00000000,0.11515649
193.00000000,2335.00000000,0.11526193
193.00000000,2336.00000000,0.11536540
193.00000000,2337.00000000,0.11546709
193.00000000,2338.00000000,0.11556681
193.00000000,2339.00000000,0.11566470
193.00000000,2340.00000000,0.11576069
193.00000000,2341.00000000,0.11585465
193.00000000,2342.00000000,0.11594671
193.00000000,2343.00000000,0.11603673
193.00000000,2344.00000000,0.11567607
193.00000000,2345.00000000,0.11531291
193.00000000,2346.00000000,0.11494724
193.00000000,2347.00000000,0.11457903
193.00000000,2348.00000000,0.11420848
193.00000000,2349.00000000,0.11383556
193.00000000,2350.00000000,0.11346026
193.00000000,2351.00000000,0.11308276
193.00000000,2352.00000000,0.11270298
193.00000000,2353.00000000,0.11232109
193.00000000,2354.00000000,0.11193708
193.00000000,2355.00000000,0.11155092
193.00000000,2356.00000000,0.11116279
193.00000000,2357.00000000,0.11077267
193.00000000,2358.00000000,0.11038054
193.00000000,2359.00000000,0.10998655
193.00000000,2360.00000000,0.10959069
193.00000000,2361.00000000,0.10919294
193.00000000,2362.00000000,0.10879345
193.00000000,2363.00000000,0.10839213
193.00000000,2364.00000000,0.10798917
193.00000000,2365.00000000,0.10758452
193.00000000,2366.00000000,0.10717814
193.00000000,2367.00000000,0.10677021
193.00000000,2368.00000000,0.10636070
193.00000000,2369.00000000,0.10594957
193.00000000,2370.00000000,0.10553701
193.00000000,2371.00000000,0.10512294
193.00000000,2372.00000000,0.10470736
193.00000000,2373.00000000,0.10429041
193.00000000,2374.00000000,0.10387209
193.00000000,2375.00000000,0.10345232
193.00000000,2376.00000000,0.10303128
193.00000000,2377.00000000,0.10260888
193.00000000,2378.00000000,0.10218528
193.00000000,2379.00000000,0.10176041
193.00000000,2380.00000000,0.10133426
193.00000000,2381.00000000,0.10090699
193.00000000,2382.00000000,0.10047853
193.00000000,2383.00000000,0.10004887
193.00000000,2384.00000000,0.09961818
193.00000000,2385.00000000,0.09918637
193.00000000,2386.00000000,0.09875345
193.00000000,2387.00000000,0.09831954
193.00000000,2388.00000000,0.09788455
193.00000000,2389.00000000,0.09744864
193.00000000,2390.00000000,0.09701175
193.00000000,2391.00000000,0.09657386
193.00000000,2392.00000000,0.09613509
193.00000000,2393.00000000,0.09569543
193.00000000,2394.00000000,0.09525482
193.00000000,2395.00000000,0.09481342
193.00000000,2396.00000000,0.09437118
193.00000000,2397.00000000,0.09392806
193.00000000,2398.00000000,0.09348420
193.00000000,2399.00000000,0.09303958
193.00000000,2400.00000000,0.09259414
193.00000000,2401.00000000,0.09214801
193.00000000,2402.00000000,0.09170112
193.00000000,2403.00000000,0.09125360
193.00000000,2404.00000000,0.09080540
193.00000000,2405.00000000,0.09035650
193.00000000,2406.00000000,0.08990702
193.00000000,2407.00000000,0.08945692
193.00000000,2408.00000000,0.08900617
193.00000000,2409.00000000,0.08855490
193.00000000,2410.00000000,0.08810306
193.00000000,2411.00000000,0.08765062
193.00000000,2412.00000000,0.08719771
193.00000000,2413.00000000,0.08674423
193.00000000,2414.00000000,0.08629033
193.00000000,2415.00000000,0.08583594
193.00000000,2416.00000000,0.08538103
193.00000000,2417.00000000,0.08492572
193.00000000,2418.00000000,0.08447000
193.00000000,2419.00000000,0.08401380
193.00000000,2420.00000000,0.08355727
193.00000000,2421.00000000,0.08310036
193.00000000,2422.00000000,0.08264301
193.00000000,2423.00000000,0.08218538
193.00000000,2424.00000000,0.08172734
193.00000000,2425.00000000,0.08126905
193.00000000,2426.00000000,0.08081046
193.00000000,2427.00000000,0.08035151
193.00000000,2428.00000000,0.07989235
193.00000000,2429.00000000,0.07943292
193.00000000,2430.00000000,0.07897320
193.00000000,2431.00000000,0.07851329
193.00000000,2432.00000000,0.07805317
193.00000000,2433.00000000,0.07759278
193.00000000,2434.00000000,0.07713227
193.00000000,2435.00000000,0.07667159
193.00000000,2436.00000000,0.07621067
193.00000000,2437.00000000,0.07574969
193.00000000,2438.00000000,0.07528852
193.00000000,2439.00000000,0.07482730
193.00000000,2440.00000000,0.07436601
193.00000000,2441.00000000,0.07390465
193.00000000,2442.00000000,0.07354034
193.00000000,2443.00000000,0.07346160
193.00000000,2444.00000000,0.07346096
193.00000000,2445.00000000,0.07346051
193.00000000,2446.00000000,0.07346020
193.00000000,2447.00000000,0.07345993
193.00000000,2448.00000000,0.07345985
193.00000000,2449.00000000,0.07347206
193.00000000,2450.00000000,0.07348444
193.00000000,2451.00000000,0.07349695
193.00000000,2452.00000000,0.07350949
193.00000000,2453.00000000,0.07352219
193.00000000,2454.00000000,0.07351083
193.00000000,2455.00000000,0.07349947
193.00000000,2456.00000000,0.07348828
193.00000000,2457.00000000,0.07347716
193.00000000,2458.00000000,0.07346605
193.00000000,2459.00000000,0.07345510
193.00000000,2460.00000000,0.07344423
193.00000000,2461.00000000,0.07343335
193.00000000,2462.00000000,0.07342263
193.00000000,2463.00000000,0.07341190
193.00000000,2464.00000000,0.07340131
193.00000000,2465.00000000,0.07339079
193.00000000,2466.00000000,0.07338026
193.00000000,2467.00000000,0.07336987
193.00000000,2468.00000000,0.07335955
193.00000000,2469.00000000,0.07334817
193.00000000,2470.00000000,0.07333691
193.00000000,2471.00000000,0.07332572
193.00000000,2472.00000000,0.07331451
193.00000000,2473.00000000,0.07330343
193.00000000,2474.00000000,0.07329231
193.00000000,2475.00000000,0.07328134
193.00000000,2476.00000000,0.07327041
193.00000000,2477.00000000,0.07325946
193.00000000,2478.00000000,0.07324863
193.00000000,2479.00000000,0.07323784
193.00000000,2480.00000000,0.07322703
193.00000000,2481.00000000,0.07321634
193.00000000,2482.00000000,0.07320569
193.00000000,2483.00000000,0.07319500
193.00000000,2484.00000000,0.07318444
193.00000000,2485.00000000,0.07317383
193.00000000,2486.00000000,0.07316335
193.00000000,2487.00000000,0.07315289
193.00000000,2488.00000000,0.07314241
193.00000000,2489.00000000,0.07313202
193.00000000,2490.00000000,0.07312169
193.00000000,2491.00000000,0.07311130
193.00000000,2492.00000000,0.07310103
193.00000000,2493.00000000,0.07309079
193.00000000,2494.00000000,0.07308282
193.00000000,2495.00000000,0.07307497
193.00000000,2496.00000000,0.07306715
193.00000000,2497.00000000,0.07305927
193.00000000,2498.00000000,0.07305151
193.00000000,2499.00000000,0.07304369
193.00000000,2500.00000000,0.07303599
194.00000000,1765.00000000,0.04813693
194.00000000,1766.00000000,0.04813676
194.00000000,1767.00000000,0.04813693
194.00000000,1768.00000000,0.04813701
194.00000000,1769.00000000,0.04813718
194.00000000,1770.00000000,0.04813734
194.00000000,1771.00000000,0.04813763
194.00000000,1772.00000000,0.04813818
194.00000000,1773.00000000,0.04813866
194.00000000,1774.00000000,0.04813930
194.00000000,1775.00000000,0.04813995
194.00000000,1776.00000000,0.04814089
194.00000000,1777.00000000,0.04814175
194.00000000,1778.00000000,0.04814268
194.00000000,1779.00000000,0.04814379
194.00000000,1780.00000000,0.04814489
194.00000000,1781.00000000,0.04814625
194.00000000,1782.00000000,0.04814755
194.00000000,1783.00000000,0.04814887
194.00000000,1784.00000000,0.04815042
194.00000000,1785.00000000,0.04815186
194.00000000,1786.00000000,0.04815352
194.00000000,1787.00000000,0.04815521
194.00000000,1788.00000000,0.04815692
194.00000000,1789.00000000,0.04815867
194.00000000,1790.00000000,0.04816042
194.00000000,1791.00000000,0.04816229
194.00000000,1792.00000000,0.04816422
194.00000000,1793.00000000,0.04816619
194.00000000,1794.00000000,0.04816831
194.00000000,1795.00000000,0.04817033
194.00000000,1796.00000000,0.04817235
194.00000000,1797.00000000,0.04817448
194.00000000,1798.00000000,0.04817671
194.00000000,1799.00000000,0.04817881
194.00000000,1800.00000000,0.04818113
194.00000000,1801.00000000,0.04818328
194.00000000,1802.00000000,0.04818556
194.00000000,1803.00000000,0.04818792
194.00000000,1804.00000000,0.04819025
194.00000000,1805.00000000,0.04819254
194.00000000,1806.00000000,0.04819486
194.00000000,1807.00000000,0.04819724
194.00000000,1808.00000000,0.04819967
194.00000000,1809.00000000,0.04820208
194.00000000,1810.00000000,0.04820450
194.00000000,1811.00000000,0.04820692
194.00000000,1812.00000000,0.04820941
194.00000000,1813.00000000,0.04821183
194.00000000,1814.00000000,0.04821441
194.00000000,1815.00000000,0.04821673
194.00000000,1816.00000000,0.04821922
194.00000000,1817.00000000,0.04822175
194.00000000,1818.00000000,0.04822428
194.00000000,1819.00000000,0.04822674
194.00000000,1820.00000000,0.04822918
194.00000000,1821.00000000,0.04823174
194.00000000,1822.00000000,0.04823422
194.00000000,1823.00000000,0.04823673
194.00000000,1824.00000000,0.04823919
194.00000000,1825.00000000,0.04824174
194.00000000,1826.00000000,0.04824417
194.00000000,1827.00000000,0.04824668
194.00000000,1828.00000000,0.04824921
194.00000000,1829.00000000,0.04825161
194.00000000,1830.00000000,0.04825416
194.00000000,1831.00000000,0.04825668
194.00000000,1832.00000000,0.04825903
194.00000000,1833.00000000,0.04826152
194.00000000,1834.00000000,0.04826395
194.00000000,1835.00000000,0.04826628
194.00000000,1836.00000000,0.04826875
194.00000000,1837.00000000,0.04827122
194.00000000,1838.00000000,0.04827346
194.00000000,1839.00000000,0.04827581
194.00000000,1840.00000000,0.04827815
194.00000000,1841.00000000,0.04828047
194.00000000,1842.00000000,0.04828277
194.00000000,1843.00000000,0.04828512
194.00000000,1844.00000000,0.04828735
194.00000000,1845.00000000,0.04828967
194.00000000,1846.00000000,0.04829177
194.00000000,1847.00000000,0.04829392
194.00000000,1848.00000000,0.04829610
194.00000000,1849.00000000,0.04829836
194.00000000,1850.00000000,0.04830043
194.00000000,1851.00000000,0.04830253
194.00000000,1852.00000000,0.04830457
194.00000000,1853.00000000,0.04830682
194.00000000,1854.00000000,0.04830919
194.00000000,1855.00000000,0.04831158
194.00000000,1856.00000000,0.04831370
194.00000000,1857.00000000,0.04831593
194.00000000,1858.00000000,0.04831805
194.00000000,1859.00000000,0.04832011
194.00000000,1860.00000000,0.04832213
194.00000000,1861.00000000,0.04832413
194.00000000,1862.00000000,0.04832604
194.00000000,1863.00000000,0.04832746
194.00000000,1864.00000000,0.04832854
194.00000000,1865.00000000,0.04832931
194.00000000,1866.00000000,0.04832994
194.00000000,1867.00000000,0.04833032
194.00000000,1868.00000000,0.04833058
194.00000000,1869.00000000,0.04833061
194.00000000,1870.00000000,0.04833052
194.00000000,1871.00000000,0.04833023
194.00000000,1872.00000000,0.04833007
194.00000000,1873.00000000,0.04833041
194.00000000,1874.00000000,0.04833100
194.00000000,1875.00000000,0.04833178
194.00000000,1876.00000000,0.04833275
194.00000000,1877.00000000,0.04833390
194.00000000,1878.00000000,0.04833506
194.00000000,1879.00000000,0.04833632
194.00000000,1880.00000000,0.04833762
194.00000000,1881.00000000,0.04833897
194.00000000,1882.00000000,0.04834028
194.00000000,1883.00000000,0.04834127
194.00000000,1884.00000000,0.04834203
194.00000000,1885.00000000,0.04834260
194.00000000,1886.00000000,0.04834304
194.00000000,1887.00000000,0.04834336
194.00000000,1888.00000000,0.04834359
194.00000000,1889.00000000,0.04834363
194.00000000,1890.00000000,0.04834346
194.00000000,1891.00000000,0.04834305
194.00000000,1892.00000000,0.04834245
194.00000000,1893.00000000,0.04834173
194.00000000,1894.00000000,0.04834098
194.00000000,1895.00000000,0.04834037
194.00000000,1896.00000000,0.04833971
194.00000000,1897.00000000,0.04833897
194.00000000,1898.00000000,0.04833826
194.00000000,1899.00000000,0.04833727
194.00000000,1900.00000000,0.04833616
194.00000000,1901.00000000,0.04833489
194.00000000,1902.00000000,0.04833368
194.00000000,1903.00000000,0.04833239
194.00000000,1904.00000000,0.04833132
194.00000000,1905.00000000,0.04833029
194.00000000,1906.00000000,0.04832942
194.00000000,1907.00000000,0.04832866
194.00000000,1908.00000000,0.04832777
194.00000000,1909.00000000,0.04832685
194.00000000,1910.00000000,0.04832595
194.00000000,1911.00000000,0.04832497
194.00000000,1912.00000000,0.04832351
194.00000000,1913.00000000,0.04832150
194.00000000,1914.00000000,0.04831890
194.00000000,1915.00000000,0.04831597
194.00000000,1916.00000000,0.04831300
194.00000000,1917.00000000,0.04830995
194.00000000,1918.00000000,0.04830681
194.00000000,1919.00000000,0.04830365
194.00000000,1920.00000000,0.04830085
194.00000000,1921.00000000,0.04829843
194.00000000,1922.00000000,0.04829660
194.00000000,1923.00000000,0.04829515
194.00000000,1924.00000000,0.04829380
194.00000000,1925.00000000,0.04829233
194.00000000,1926.00000000,0.04829078
194.00000000,1927.00000000,0.04828924
194.00000000,1928.00000000,0.04828772
194.00000000,1929.00000000,0.04828618
194.00000000,1930.00000000,0.04828476
194.00000000,1931.00000000,0.04828391
194.00000000,1932.00000000,0.04828394
194.00000000,1933.00000000,0.04828440
194.00000000,1934.00000000,0.04828516
194.00000000,1935.00000000,0.04828591
194.00000000,1936.00000000,0.04828628
194.00000000,1937.00000000,0.04828607
194.00000000,1938.00000000,0.04828503
194.00000000,1939.00000000,0.04828341
194.00000000,1940.00000000,0.04828136
194.00000000,1941.00000000,0.04827867
194.00000000,1942.00000000,0.04827529
194.00000000,1943.00000000,0.04827149
194.00000000,1944.00000000,0.04826734
194.00000000,1945.00000000,0.04826315
194.00000000,1946.00000000,0.04825961
194.00000000,1947.00000000,0.04825709
194.00000000,1948.00000000,0.04825509
194.00000000,1949.00000000,0.04825311
194.00000000,1950.00000000,0.04825108
194.00000000,1951.00000000,0.04824898
194.00000000,1952.00000000,0.04824733
194.00000000,1953.00000000,0.04824584
194.00000000,1954.00000000,0.04824435
194.00000000,1955.00000000,0.04824307
194.00000000,1956.00000000,0.04824183
194.00000000,1957.00000000,0.04824044
194.00000000,1958.00000000,0.04823880
194.00000000,1959.00000000,0.04823682
194.00000000,1960.00000000,0.04823813
194.00000000,1961.00000000,0.04823393
194.00000000,1962.00000000,0.04822923
194.00000000,1963.00000000,0.04822402
194.00000000,1964.00000000,0.04821811
194.00000000,1965.00000000,0.04821292
194.00000000,1966.00000000,0.04820539
194.00000000,1967.00000000,0.04819701
194.00000000,1968.00000000,0.04818768
194.00000000,1969.00000000,0.04817707
194.00000000,1970.00000000,0.04816490
194.00000000,1971.00000000,0.04815063
194.00000000,1972.00000000,0.04813380
194.00000000,1973.00000000,0.04811467
194.00000000,1974.00000000,0.04809374
194.00000000,1975.00000000,0.04807320
194.00000000,1976.00000000,0.04805083
194.00000000,1977.00000000,0.04802860
194.00000000,1978.00000000,0.04800623
194.00000000,1979.00000000,0.04798362
194.00000000,1980.00000000,0.04796061
194.00000000,1981.00000000,0.04793745
194.00000000,1982.00000000,0.04791553
194.00000000,1983.00000000,0.04789622
194.00000000,1984.00000000,0.04787947
194.00000000,1985.00000000,0.04786616
194.00000000,1986.00000000,0.04785251
194.00000000,1987.00000000,0.04783936
194.00000000,1988.00000000,0.04782632
194.00000000,1989.00000000,0.04781304
194.00000000,1990.00000000,0.04779945
194.00000000,1991.00000000,0.04778714
194.00000000,1992.00000000,0.04777362
194.00000000,1993.00000000,0.04776045
194.00000000,1994.00000000,0.04774942
194.00000000,1995.00000000,0.04773739
194.00000000,1996.00000000,0.04772839
194.00000000,1997.00000000,0.04771466
194.00000000,1998.00000000,0.04770180
194.00000000,1999.00000000,0.04768893
194.00000000,2000.00000000,0.04767759
194.00000000,2001.00000000,0.04766453
194.00000000,2002.00000000,0.04765116
194.00000000,2003.00000000,0.04763780
194.00000000,2004.00000000,0.04762366
194.00000000,2005.00000000,0.04760930
194.00000000,2006.00000000,0.04759103
194.00000000,2007.00000000,0.04757022
194.00000000,2008.00000000,0.04754718
194.00000000,2009.00000000,0.04752359
194.00000000,2010.00000000,0.04749823
194.00000000,2011.00000000,0.04747113
194.00000000,2012.00000000,0.04744093
194.00000000,2013.00000000,0.04740909
194.00000000,2014.00000000,0.04737552
194.00000000,2015.00000000,0.04734023
194.00000000,2016.00000000,0.04730480
194.00000000,2017.00000000,0.04726778
194.00000000,2018.00000000,0.04722777
194.00000000,2019.00000000,0.04718782
194.00000000,2020.00000000,0.04714510
194.00000000,2021.00000000,0.04710256
194.00000000,2022.00000000,0.04705746
194.00000000,2023.00000000,0.04701139
194.00000000,2024.00000000,0.04697323
194.00000000,2025.00000000,0.04692420
194.00000000,2026.00000000,0.04687595
194.00000000,2027.00000000,0.04682862
194.00000000,2028.00000000,0.04677933
194.00000000,2029.00000000,0.04673097
194.00000000,2030.00000000,0.04668649
194.00000000,2031.00000000,0.04663585
194.00000000,2032.00000000,0.04658609
194.00000000,2033.00000000,0.04653570
194.00000000,2034.00000000,0.04648592
194.00000000,2035.00000000,0.04643393
194.00000000,2036.00000000,0.04638256
194.00000000,2037.00000000,0.04632890
194.00000000,2038.00000000,0.04627588
194.00000000,2039.00000000,0.04622494
194.00000000,2040.00000000,0.04616751
194.00000000,2041.00000000,0.04611365
194.00000000,2042.00000000,0.04605612
194.00000000,2043.00000000,0.04600046
194.00000000,2044.00000000,0.04594524
194.00000000,2045.00000000,0.04588332
194.00000000,2046.00000000,0.04582468
194.00000000,2047.00000000,0.04576363
194.00000000,2048.00000000,0.04571280
194.00000000,2049.00000000,0.04564980
194.00000000,2050.00000000,0.04559009
194.00000000,2051.00000000,0.04552391
194.00000000,2052.00000000,0.04545695
194.00000000,2053.00000000,0.04539485
194.00000000,2054.00000000,0.04533618
194.00000000,2055.00000000,0.04527128
194.00000000,2056.00000000,0.04520298
194.00000000,2057.00000000,0.04514101
194.00000000,2058.00000000,0.04507998
194.00000000,2059.00000000,0.04501710
194.00000000,2060.00000000,0.04494834
194.00000000,2061.00000000,0.04488653
194.00000000,2062.00000000,0.04482030
194.00000000,2063.00000000,0.04475726
194.00000000,2064.00000000,0.04469211
194.00000000,2065.00000000,0.04463320
194.00000000,2066.00000000,0.04458609
194.00000000,2067.00000000,0.04453158
194.00000000,2068.00000000,0.04444917
194.00000000,2069.00000000,0.04440018
194.00000000,2070.00000000,0.04433691
194.00000000,2071.00000000,0.04427441
194.00000000,2072.00000000,0.04421078
194.00000000,2073.00000000,0.04416521
194.00000000,2074.00000000,0.04413712
194.00000000,2075.00000000,0.04408475
194.00000000,2076.00000000,0.04404171
194.00000000,2077.00000000,0.04400400
194.00000000,2078.00000000,0.04395012
194.00000000,2079.00000000,0.04389614
194.00000000,2080.00000000,0.04384607
194.00000000,2081.00000000,0.04381054
194.00000000,2082.00000000,0.04380019
194.00000000,2083.00000000,0.04374859
194.00000000,2084.00000000,0.04373688
194.00000000,2085.00000000,0.04370928
194.00000000,2086.00000000,0.04366444
194.00000000,2087.00000000,0.04361298
194.00000000,2088.00000000,0.04358536
194.00000000,2089.00000000,0.04357217
194.00000000,2090.00000000,0.04354695
194.00000000,2091.00000000,0.04353348
194.00000000,2092.00000000,0.04352656
194.00000000,2093.00000000,0.04354333
194.00000000,2094.00000000,0.04354180
194.00000000,2095.00000000,0.04352984
194.00000000,2096.00000000,0.04351406
194.00000000,2097.00000000,0.04354808
194.00000000,2098.00000000,0.04352573
194.00000000,2099.00000000,0.04354644
194.00000000,2100.00000000,0.04357476
194.00000000,2101.00000000,0.04364707
194.00000000,2102.00000000,0.04357570
194.00000000,2103.00000000,0.04359540
194.00000000,2104.00000000,0.04361489
194.00000000,2105.00000000,0.04361337
194.00000000,2106.00000000,0.04364670
194.00000000,2107.00000000,0.04370830
194.00000000,2108.00000000,0.04356721
194.00000000,2109.00000000,0.04353231
194.00000000,2110.00000000,0.04359576
194.00000000,2111.00000000,0.04364854
194.00000000,2112.00000000,0.04360775
194.00000000,2113.00000000,0.04342444
194.00000000,2114.00000000,0.04357315
194.00000000,2115.00000000,0.04339334
194.00000000,2116.00000000,0.04343553
194.00000000,2117.00000000,0.04358582
194.00000000,2118.00000000,0.04356669
194.00000000,2119.00000000,0.04357303
194.00000000,2120.00000000,0.04357509
194.00000000,2121.00000000,0.04366952
194.00000000,2122.00000000,0.04366685
194.00000000,2123.00000000,0.04376397
194.00000000,2124.00000000,0.04364043
194.00000000,2125.00000000,0.04349053
194.00000000,2126.00000000,0.04336708
194.00000000,2127.00000000,0.04342322
194.00000000,2128.00000000,0.04352408
194.00000000,2129.00000000,0.04359258
194.00000000,2130.00000000,0.04372504
194.00000000,2131.00000000,0.04382760
194.00000000,2132.00000000,0.04374380
194.00000000,2133.00000000,0.04381109
194.00000000,2134.00000000,0.04395245
194.00000000,2135.00000000,0.04400250
194.00000000,2136.00000000,0.04401893
194.00000000,2137.00000000,0.04408887
194.00000000,2138.00000000,0.04408679
194.00000000,2139.00000000,0.04381043
194.00000000,2140.00000000,0.04392099
194.00000000,2141.00000000,0.04413037
194.00000000,2142.00000000,0.04424261
194.00000000,2143.00000000,0.04419366
194.00000000,2144.00000000,0.04448040
194.00000000,2145.00000000,0.04467518
194.00000000,2146.00000000,0.04473053
194.00000000,2147.00000000,0.04480884
194.00000000,2148.00000000,0.04486151
194.00000000,2149.00000000,0.04511253
194.00000000,2150.00000000,0.04530977
194.00000000,2151.00000000,0.04545337
194.00000000,2152.00000000,0.04555803
194.00000000,2153.00000000,0.04575737
194.00000000,2154.00000000,0.04593795
194.00000000,2155.00000000,0.04599643
194.00000000,2156.00000000,0.04617205
194.00000000,2157.00000000,0.04640483
194.00000000,2158.00000000,0.04665637
194.00000000,2159.00000000,0.04688180
194.00000000,2160.00000000,0.04713993
194.00000000,2161.00000000,0.04733206
194.00000000,2162.00000000,0.04761820
194.00000000,2163.00000000,0.04795235
194.00000000,2164.00000000,0.04837164
194.00000000,2165.00000000,0.04863861
194.00000000,2166.00000000,0.04892506
194.00000000,2167.00000000,0.04930165
194.00000000,2168.00000000,0.04938910
194.00000000,2169.00000000,0.04943001
194.00000000,2170.00000000,0.04985567
194.00000000,2171.00000000,0.05012698
194.00000000,2172.00000000,0.05031042
194.00000000,2173.00000000,0.05076188
194.00000000,2174.00000000,0.05078048
194.00000000,2175.00000000,0.05065985
194.00000000,2176.00000000,0.05070000
194.00000000,2177.00000000,0.05077332
194.00000000,2178.00000000,0.05110430
194.00000000,2179.00000000,0.05140420
194.00000000,2180.00000000,0.05172227
194.00000000,2181.00000000,0.05201290
194.00000000,2182.00000000,0.05239446
194.00000000,2183.00000000,0.05266630
194.00000000,2184.00000000,0.05284878
194.00000000,2185.00000000,0.05308007
194.00000000,2186.00000000,0.05304102
194.00000000,2187.00000000,0.05316435
194.00000000,2188.00000000,0.05343650
194.00000000,2189.00000000,0.05372673
194.00000000,2190.00000000,0.05402984
194.00000000,2191.00000000,0.05429717
194.00000000,2192.00000000,0.05438216
194.00000000,2193.00000000,0.05448496
194.00000000,2194.00000000,0.05483468
194.00000000,2195.00000000,0.05518074
194.00000000,2196.00000000,0.05538701
194.00000000,2197.00000000,0.05597331
194.00000000,2198.00000000,0.05662858
194.00000000,2199.00000000,0.05717218
194.00000000,2200.00000000,0.05757431
194.00000000,2201.00000000,0.05797980
194.00000000,2202.00000000,0.05838875
194.00000000,2203.00000000,0.05880076
194.00000000,2204.00000000,0.05921590
194.00000000,2205.00000000,0.05972856
194.00000000,2206.00000000,0.06024475
194.00000000,2207.00000000,0.06076450
194.00000000,2208.00000000,0.06128777
194.00000000,2209.00000000,0.06181452
194.00000000,2210.00000000,0.06234477
194.00000000,2211.00000000,0.06287848
194.00000000,2212.00000000,0.06341562
194.00000000,2213.00000000,0.06395620
194.00000000,2214.00000000,0.06450018
194.00000000,2215.00000000,0.06500502
194.00000000,2216.00000000,0.06551309
194.00000000,2217.00000000,0.06602436
194.00000000,2218.00000000,0.06653889
194.00000000,2219.00000000,0.06705666
194.00000000,2220.00000000,0.06757768
194.00000000,2221.00000000,0.06810201
194.00000000,2222.00000000,0.06862968
194.00000000,2223.00000000,0.06916069
194.00000000,2224.00000000,0.06969515
194.00000000,2225.00000000,0.07032318
194.00000000,2226.00000000,0.07095504
194.00000000,2227.00000000,0.07159078
194.00000000,2228.00000000,0.07223034
194.00000000,2229.00000000,0.07287370
194.00000000,2230.00000000,0.07352090
194.00000000,2231.00000000,0.07417189
194.00000000,2232.00000000,0.07482670
194.00000000,2233.00000000,0.07548531
194.00000000,2234.00000000,0.07614770
194.00000000,2235.00000000,0.07688096
194.00000000,2236.00000000,0.07761831
194.00000000,2237.00000000,0.07835970
194.00000000,2238.00000000,0.07910516
194.00000000,2239.00000000,0.07985463
194.00000000,2240.00000000,0.08060804
194.00000000,2241.00000000,0.08136543
194.00000000,2242.00000000,0.08212671
194.00000000,2243.00000000,0.08289189
194.00000000,2244.00000000,0.08366092
194.00000000,2245.00000000,0.08442987
194.00000000,2246.00000000,0.08520261
194.00000000,2247.00000000,0.08597907
194.00000000,2248.00000000,0.08675920
194.00000000,2249.00000000,0.08754288
194.00000000,2250.00000000,0.08832950
194.00000000,2251.00000000,0.08911779
194.00000000,2252.00000000,0.08990667
194.00000000,2253.00000000,0.09069538
194.00000000,2254.00000000,0.09148347
194.00000000,2255.00000000,0.09211810
194.00000000,2256.00000000,0.09275108
194.00000000,2257.00000000,0.09338239
194.00000000,2258.00000000,0.09401195
194.00000000,2259.00000000,0.09463969
194.00000000,2260.00000000,0.09526567
194.00000000,2261.00000000,0.09588987
194.00000000,2262.00000000,0.09651230
194.00000000,2263.00000000,0.09713309
194.00000000,2264.00000000,0.09775219
194.00000000,2265.00000000,0.09822953
194.00000000,2266.00000000,0.09870469
194.00000000,2267.00000000,0.09917762
194.00000000,2268.00000000,0.09964844
194.00000000,2269.00000000,0.10011713
194.00000000,2270.00000000,0.10058368
194.00000000,2271.00000000,0.10104816
194.00000000,2272.00000000,0.10151056
194.00000000,2273.00000000,0.10197085
194.00000000,2274.00000000,0.10242910
194.00000000,2275.00000000,0.10280600
194.00000000,2276.00000000,0.10318055
194.00000000,2277.00000000,0.10355286
194.00000000,2278.00000000,0.10392287
194.00000000,2279.00000000,0.10429070
194.00000000,2280.00000000,0.10465632
194.00000000,2281.00000000,0.10501972
194.00000000,2282.00000000,0.10538100
194.00000000,2283.00000000,0.10574011
194.00000000,2284.00000000,0.10609704
194.00000000,2285.00000000,0.10636922
194.00000000,2286.00000000,0.10663904
194.00000000,2287.00000000,0.10690648
194.00000000,2288.00000000,0.10717167
194.00000000,2289.00000000,0.10743459
194.00000000,2290.00000000,0.10769522
194.00000000,2291.00000000,0.10795369
194.00000000,2292.00000000,0.10820990
194.00000000,2293.00000000,0.10846400
194.00000000,2294.00000000,0.10871592
194.00000000,2295.00000000,0.10890164
194.00000000,2296.00000000,0.10908512
194.00000000,2297.00000000,0.10926635
194.00000000,2298.00000000,0.10944530
194.00000000,2299.00000000,0.10962210
194.00000000,2300.00000000,0.10979673
194.00000000,2301.00000000,0.10996914
194.00000000,2302.00000000,0.11013947
194.00000000,2303.00000000,0.11030763
194.00000000,2304.00000000,0.11047372
194.00000000,2305.00000000,0.11063774
194.00000000,2306.00000000,0.11079963
194.00000000,2307.00000000,0.11095951
194.00000000,2308.00000000,0.11111738
194.00000000,2309.00000000,0.11127316
194.00000000,2310.00000000,0.11142699
194.00000000,2311.00000000,0.11157884
194.00000000,2312.00000000,0.11172866
194.00000000,2313.00000000,0.11187656
194.00000000,2314.00000000,0.11202253
194.00000000,2315.00000000,0.11216649
194.00000000,2316.00000000,0.11230858
194.00000000,2317.00000000,0.11244869
194.00000000,2318.00000000,0.11258697
194.00000000,2319.00000000,0.11272336
194.00000000,2320.00000000,0.11285775
194.00000000,2321.00000000,0.11299036
194.00000000,2322.00000000,0.11312111
194.00000000,2323.00000000,0.11324989
194.00000000,2324.00000000,0.11337688
194.00000000,2325.00000000,0.11350203
194.00000000,2326.00000000,0.11362522
194.00000000,2327.00000000,0.11374666
194.00000000,2328.00000000,0.11386616
194.00000000,2329.00000000,0.11398388
194.00000000,2330.00000000,0.11409978
194.00000000,2331.00000000,0.11421375
194.00000000,2332.00000000,0.11432596
194.00000000,2333.00000000,0.11443632
194.00000000,2334.00000000,0.11454474
194.00000000,2335.00000000,0.11465138
194.00000000,2336.00000000,0.11475618
194.00000000,2337.00000000,0.11485904
194.00000000,2338.00000000,0.11496012
194.00000000,2339.00000000,0.11505923
194.00000000,2340.00000000,0.11515654
194.00000000,2341.00000000,0.11525195
194.00000000,2342.00000000,0.11534535
194.00000000,2343.00000000,0.11543686
194.00000000,2344.00000000,0.11552634
194.00000000,2345.00000000,0.11516713
194.00000000,2346.00000000,0.11480544
194.00000000,2347.00000000,0.11444123
194.00000000,2348.00000000,0.11407451
194.00000000,2349.00000000,0.11370547
194.00000000,2350.00000000,0.11333407
194.00000000,2351.00000000,0.11296031
194.00000000,2352.00000000,0.11258436
194.00000000,2353.00000000,0.11220616
194.00000000,2354.00000000,0.11182586
194.00000000,2355.00000000,0.11144344
194.00000000,2356.00000000,0.11105890
194.00000000,2357.00000000,0.11067239
194.00000000,2358.00000000,0.11028390
194.00000000,2359.00000000,0.10989341
194.00000000,2360.00000000,0.10950108
194.00000000,2361.00000000,0.10910688
194.00000000,2362.00000000,0.10871080
194.00000000,2363.00000000,0.10831300
194.00000000,2364.00000000,0.10791338
194.00000000,2365.00000000,0.10751212
194.00000000,2366.00000000,0.10710918
194.00000000,2367.00000000,0.10670452
194.00000000,2368.00000000,0.10629833
194.00000000,2369.00000000,0.10589055
194.00000000,2370.00000000,0.10548119
194.00000000,2371.00000000,0.10507037
194.00000000,2372.00000000,0.10465807
194.00000000,2373.00000000,0.10424425
194.00000000,2374.00000000,0.10382909
194.00000000,2375.00000000,0.10341255
194.00000000,2376.00000000,0.10299458
194.00000000,2377.00000000,0.10257535
194.00000000,2378.00000000,0.10215477
194.00000000,2379.00000000,0.10173296
194.00000000,2380.00000000,0.10130992
194.00000000,2381.00000000,0.10088561
194.00000000,2382.00000000,0.10046016
194.00000000,2383.00000000,0.10003355
194.00000000,2384.00000000,0.09960575
194.00000000,2385.00000000,0.09917689
194.00000000,2386.00000000,0.09874695
194.00000000,2387.00000000,0.09831589
194.00000000,2388.00000000,0.09788385
194.00000000,2389.00000000,0.09745075
194.00000000,2390.00000000,0.09701671
194.00000000,2391.00000000,0.09658171
194.00000000,2392.00000000,0.09614570
194.00000000,2393.00000000,0.09570884
194.00000000,2394.00000000,0.09527107
194.00000000,2395.00000000,0.09483237
194.00000000,2396.00000000,0.09439287
194.00000000,2397.00000000,0.09395255
194.00000000,2398.00000000,0.09351134
194.00000000,2399.00000000,0.09306942
194.00000000,2400.00000000,0.09262671
194.00000000,2401.00000000,0.09218319
194.00000000,2402.00000000,0.09173902
194.00000000,2403.00000000,0.09129406
194.00000000,2404.00000000,0.09084848
194.00000000,2405.00000000,0.09040225
194.00000000,2406.00000000,0.08995528
194.00000000,2407.00000000,0.08950776
194.00000000,2408.00000000,0.08905964
194.00000000,2409.00000000,0.08861084
194.00000000,2410.00000000,0.08816153
194.00000000,2411.00000000,0.08771167
194.00000000,2412.00000000,0.08726120
194.00000000,2413.00000000,0.08681027
194.00000000,2414.00000000,0.08635876
194.00000000,2415.00000000,0.08590682
194.00000000,2416.00000000,0.08545442
194.00000000,2417.00000000,0.08500149
194.00000000,2418.00000000,0.08454818
194.00000000,2419.00000000,0.08409445
194.00000000,2420.00000000,0.08364023
194.00000000,2421.00000000,0.08318569
194.00000000,2422.00000000,0.08273077
194.00000000,2423.00000000,0.08227542
194.00000000,2424.00000000,0.08181979
194.00000000,2425.00000000,0.08136375
194.00000000,2426.00000000,0.08090746
194.00000000,2427.00000000,0.08045087
194.00000000,2428.00000000,0.07999392
194.00000000,2429.00000000,0.07953677
194.00000000,2430.00000000,0.07907935
194.00000000,2431.00000000,0.07862163
194.00000000,2432.00000000,0.07816374
194.00000000,2433.00000000,0.07770563
194.00000000,2434.00000000,0.07724725
194.00000000,2435.00000000,0.07678874
194.00000000,2436.00000000,0.07633007
194.00000000,2437.00000000,0.07587118
194.00000000,2438.00000000,0.07541221
194.00000000,2439.00000000,0.07495305
194.00000000,2440.00000000,0.07449385
194.00000000,2441.00000000,0.07403459
194.00000000,2442.00000000,0.07357524
194.00000000,2443.00000000,0.07321252
194.00000000,2444.00000000,0.07313410
194.00000000,2445.00000000,0.07313342
194.00000000,2446.00000000,0.07313293
194.00000000,2447.00000000,0.07313258
194.00000000,2448.00000000,0.07313228
194.00000000,2449.00000000,0.07313216
194.00000000,2450.00000000,0.07314428
194.00000000,2451.00000000,0.07315657
194.00000000,2452.00000000,0.07316898
194.00000000,2453.00000000,0.07318143
194.00000000,2454.00000000,0.07319404
194.00000000,2455.00000000,0.07318267
194.00000000,2456.00000000,0.07317133
194.00000000,2457.00000000,0.07316014
194.00000000,2458.00000000,0.07314903
194.00000000,2459.00000000,0.07313794
194.00000000,2460.00000000,0.07312699
194.00000000,2461.00000000,0.07311612
194.00000000,2462.00000000,0.07310525
194.00000000,2463.00000000,0.07309453
194.00000000,2464.00000000,0.07308381
194.00000000,2465.00000000,0.07307322
194.00000000,2466.00000000,0.07306271
194.00000000,2467.00000000,0.07305219
194.00000000,2468.00000000,0.07304181
194.00000000,2469.00000000,0.07303149
194.00000000,2470.00000000,0.07302010
194.00000000,2471.00000000,0.07300886
194.00000000,2472.00000000,0.07299767
194.00000000,2473.00000000,0.07298647
194.00000000,2474.00000000,0.07297539
194.00000000,2475.00000000,0.07296430
194.00000000,2476.00000000,0.07295332
194.00000000,2477.00000000,0.07294240
194.00000000,2478.00000000,0.07293145
194.00000000,2479.00000000,0.07292064
194.00000000,2480.00000000,0.07290986
194.00000000,2481.00000000,0.07289905
194.00000000,2482.00000000,0.07288835
194.00000000,2483.00000000,0.07287772
194.00000000,2484.00000000,0.07286703
194.00000000,2485.00000000,0.07285648
194.00000000,2486.00000000,0.07284587
194.00000000,2487.00000000,0.07283539
194.00000000,2488.00000000,0.07282494
194.00000000,2489.00000000,0.07281446
194.00000000,2490.00000000,0.07280408
194.00000000,2491.00000000,0.07279375
194.00000000,2492.00000000,0.07278337
194.00000000,2493.00000000,0.07277310
194.00000000,2494.00000000,0.07276285
194.00000000,2495.00000000,0.07275488
194.00000000,2496.00000000,0.07274702
194.00000000,2497.00000000,0.07273919
194.00000000,2498.00000000,0.07273130
194.00000000,2499.00000000,0.07272353
194.00000000,2500.00000000,0.07271571
195.00000000,1765.00000000,0.04786114
195.00000000,1766.00000000,0.04786118
195.00000000,1767.00000000,0.04786105
195.00000000,1768.00000000,0.04786127
195.00000000,1769.00000000,0.04786142
195.00000000,1770.00000000,0.04786167
195.00000000,1771.00000000,0.04786193
195.00000000,1772.00000000,0.04786231
195.00000000,1773.00000000,0.04786295
195.00000000,1774.00000000,0.04786351
195.00000000,1775.00000000,0.04786424
195.00000000,1776.00000000,0.04786499
195.00000000,1777.00000000,0.04786601
195.00000000,1778.00000000,0.04786695
195.00000000,1779.00000000,0.04786796
195.00000000,1780.00000000,0.04786915
195.00000000,1781.00000000,0.04787033
195.00000000,1782.00000000,0.04787176
195.00000000,1783.00000000,0.04787313
195.00000000,1784.00000000,0.04787450
195.00000000,1785.00000000,0.04787611
195.00000000,1786.00000000,0.04787760
195.00000000,1787.00000000,0.04787932
195.00000000,1788.00000000,0.04788106
195.00000000,1789.00000000,0.04788282
195.00000000,1790.00000000,0.04788461
195.00000000,1791.00000000,0.04788640
195.00000000,1792.00000000,0.04788831
195.00000000,1793.00000000,0.04789026
195.00000000,1794.00000000,0.04789227
195.00000000,1795.00000000,0.04789442
195.00000000,1796.00000000,0.04789646
195.00000000,1797.00000000,0.04789851
195.00000000,1798.00000000,0.04790067
195.00000000,1799.00000000,0.04790290
195.00000000,1800.00000000,0.04790503
195.00000000,1801.00000000,0.04790736
195.00000000,1802.00000000,0.04790952
195.00000000,1803.00000000,0.04791181
195.00000000,1804.00000000,0.04791417
195.00000000,1805.00000000,0.04791651
195.00000000,1806.00000000,0.04791881
195.00000000,1807.00000000,0.04792114
195.00000000,1808.00000000,0.04792352
195.00000000,1809.00000000,0.04792595
195.00000000,1810.00000000,0.04792836
195.00000000,1811.00000000,0.04793079
195.00000000,1812.00000000,0.04793321
195.00000000,1813.00000000,0.04793568
195.00000000,1814.00000000,0.04793811
195.00000000,1815.00000000,0.04794068
195.00000000,1816.00000000,0.04794299
195.00000000,1817.00000000,0.04794548
195.00000000,1818.00000000,0.04794799
195.00000000,1819.00000000,0.04795051
195.00000000,1820.00000000,0.04795296
195.00000000,1821.00000000,0.04795539
195.00000000,1822.00000000,0.04795793
195.00000000,1823.00000000,0.04796040
195.00000000,1824.00000000,0.04796289
195.00000000,1825.00000000,0.04796534
195.00000000,1826.00000000,0.04796787
195.00000000,1827.00000000,0.04797028
195.00000000,1828.00000000,0.04797277
195.00000000,1829.00000000,0.04797528
195.00000000,1830.00000000,0.04797766
195.00000000,1831.00000000,0.04798018
195.00000000,1832.00000000,0.04798267
195.00000000,1833.00000000,0.04798500
195.00000000,1834.00000000,0.04798746
195.00000000,1835.00000000,0.04798986
195.00000000,1836.00000000,0.04799218
195.00000000,1837.00000000,0.04799461
195.00000000,1838.00000000,0.04799705
195.00000000,1839.00000000,0.04799926
195.00000000,1840.00000000,0.04800158
195.00000000,1841.00000000,0.04800390
195.00000000,1842.00000000,0.04800619
195.00000000,1843.00000000,0.04800845
195.00000000,1844.00000000,0.04801077
195.00000000,1845.00000000,0.04801297
195.00000000,1846.00000000,0.04801525
195.00000000,1847.00000000,0.04801731
195.00000000,1848.00000000,0.04801943
195.00000000,1849.00000000,0.04802157
195.00000000,1850.00000000,0.04802380
195.00000000,1851.00000000,0.04802581
195.00000000,1852.00000000,0.04802786
195.00000000,1853.00000000,0.04803011
195.00000000,1854.00000000,0.04803243
195.00000000,1855.00000000,0.04803476
195.00000000,1856.00000000,0.04803705
195.00000000,1857.00000000,0.04803910
195.00000000,1858.00000000,0.04804126
195.00000000,1859.00000000,0.04804333
195.00000000,1860.00000000,0.04804533
195.00000000,1861.00000000,0.04804729
195.00000000,1862.00000000,0.04804915
195.00000000,1863.00000000,0.04805063
195.00000000,1864.00000000,0.04805171
195.00000000,1865.00000000,0.04805252
195.00000000,1866.00000000,0.04805305
195.00000000,1867.00000000,0.04805348
195.00000000,1868.00000000,0.04805368
195.00000000,1869.00000000,0.04805375
195.00000000,1870.00000000,0.04805363
195.00000000,1871.00000000,0.04805342
195.00000000,1872.00000000,0.04805322
195.00000000,1873.00000000,0.04805349
195.00000000,1874.00000000,0.04805415
195.00000000,1875.00000000,0.04805494
195.00000000,1876.00000000,0.04805589
195.00000000,1877.00000000,0.04805696
195.00000000,1878.00000000,0.04805820
195.00000000,1879.00000000,0.04805943
195.00000000,1880.00000000,0.04806072
195.00000000,1881.00000000,0.04806201
195.00000000,1882.00000000,0.04806336
195.00000000,1883.00000000,0.04806436
195.00000000,1884.00000000,0.04806508
195.00000000,1885.00000000,0.04806567
195.00000000,1886.00000000,0.04806610
195.00000000,1887.00000000,0.04806644
195.00000000,1888.00000000,0.04806663
195.00000000,1889.00000000,0.04806668
195.00000000,1890.00000000,0.04806651
195.00000000,1891.00000000,0.04806611
195.00000000,1892.00000000,0.04806550
195.00000000,1893.00000000,0.04806481
195.00000000,1894.00000000,0.04806407
195.00000000,1895.00000000,0.04806339
195.00000000,1896.00000000,0.04806279
195.00000000,1897.00000000,0.04806208
195.00000000,1898.00000000,0.04806126
195.00000000,1899.00000000,0.04806043
195.00000000,1900.00000000,0.04805923
195.00000000,1901.00000000,0.04805795
195.00000000,1902.00000000,0.04805676
195.00000000,1903.00000000,0.04805559
195.00000000,1904.00000000,0.04805438
195.00000000,1905.00000000,0.04805342
195.00000000,1906.00000000,0.04805253
195.00000000,1907.00000000,0.04805174
195.00000000,1908.00000000,0.04805093
195.00000000,1909.00000000,0.04804998
195.00000000,1910.00000000,0.04804908
195.00000000,1911.00000000,0.04804808
195.00000000,1912.00000000,0.04804669
195.00000000,1913.00000000,0.04804465
195.00000000,1914.00000000,0.04804203
195.00000000,1915.00000000,0.04803914
195.00000000,1916.00000000,0.04803617
195.00000000,1917.00000000,0.04803317
195.00000000,1918.00000000,0.04803002
195.00000000,1919.00000000,0.04802690
195.00000000,1920.00000000,0.04802407
195.00000000,1921.00000000,0.04802169
195.00000000,1922.00000000,0.04801984
195.00000000,1923.00000000,0.04801842
195.00000000,1924.00000000,0.04801704
195.00000000,1925.00000000,0.04801559
195.00000000,1926.00000000,0.04801406
195.00000000,1927.00000000,0.04801249
195.00000000,1928.00000000,0.04801101
195.00000000,1929.00000000,0.04800944
195.00000000,1930.00000000,0.04800800
195.00000000,1931.00000000,0.04800722
195.00000000,1932.00000000,0.04800717
195.00000000,1933.00000000,0.04800762
195.00000000,1934.00000000,0.04800841
195.00000000,1935.00000000,0.04800911
195.00000000,1936.00000000,0.04800949
195.00000000,1937.00000000,0.04800923
195.00000000,1938.00000000,0.04800821
195.00000000,1939.00000000,0.04800659
195.00000000,1940.00000000,0.04800452
195.00000000,1941.00000000,0.04800183
195.00000000,1942.00000000,0.04799844
195.00000000,1943.00000000,0.04799465
195.00000000,1944.00000000,0.04799051
195.00000000,1945.00000000,0.04798632
195.00000000,1946.00000000,0.04798275
195.00000000,1947.00000000,0.04798024
195.00000000,1948.00000000,0.04797821
195.00000000,1949.00000000,0.04797623
195.00000000,1950.00000000,0.04797417
195.00000000,1951.00000000,0.04797204
195.00000000,1952.00000000,0.04797037
195.00000000,1953.00000000,0.04796884
195.00000000,1954.00000000,0.04796733
195.00000000,1955.00000000,0.04796599
195.00000000,1956.00000000,0.04796470
195.00000000,1957.00000000,0.04796327
195.00000000,1958.00000000,0.04796156
195.00000000,1959.00000000,0.04795953
195.00000000,1960.00000000,0.04795637
195.00000000,1961.00000000,0.04795655
195.00000000,1962.00000000,0.04795178
195.00000000,1963.00000000,0.04794650
195.00000000,1964.00000000,0.04794060
195.00000000,1965.00000000,0.04793384
195.00000000,1966.00000000,0.04792775
195.00000000,1967.00000000,0.04791940
195.00000000,1968.00000000,0.04791008
195.00000000,1969.00000000,0.04789940
195.00000000,1970.00000000,0.04788728
195.00000000,1971.00000000,0.04787305
195.00000000,1972.00000000,0.04785620
195.00000000,1973.00000000,0.04783718
195.00000000,1974.00000000,0.04781627
195.00000000,1975.00000000,0.04779431
195.00000000,1976.00000000,0.04777354
195.00000000,1977.00000000,0.04775133
195.00000000,1978.00000000,0.04772905
195.00000000,1979.00000000,0.04770657
195.00000000,1980.00000000,0.04768359
195.00000000,1981.00000000,0.04766053
195.00000000,1982.00000000,0.04763869
195.00000000,1983.00000000,0.04761947
195.00000000,1984.00000000,0.04760277
195.00000000,1985.00000000,0.04758799
195.00000000,1986.00000000,0.04757584
195.00000000,1987.00000000,0.04756275
195.00000000,1988.00000000,0.04754972
195.00000000,1989.00000000,0.04753651
195.00000000,1990.00000000,0.04752290
195.00000000,1991.00000000,0.04750918
195.00000000,1992.00000000,0.04749719
195.00000000,1993.00000000,0.04748400
195.00000000,1994.00000000,0.04747153
195.00000000,1995.00000000,0.04746105
195.00000000,1996.00000000,0.04744910
195.00000000,1997.00000000,0.04743977
195.00000000,1998.00000000,0.04742560
195.00000000,1999.00000000,0.04741266
195.00000000,2000.00000000,0.04739989
195.00000000,2001.00000000,0.04738839
195.00000000,2002.00000000,0.04737502
195.00000000,2003.00000000,0.04736170
195.00000000,2004.00000000,0.04734764
195.00000000,2005.00000000,0.04733184
195.00000000,2006.00000000,0.04731507
195.00000000,2007.00000000,0.04729438
195.00000000,2008.00000000,0.04727143
195.00000000,2009.00000000,0.04724649
195.00000000,2010.00000000,0.04722119
195.00000000,2011.00000000,0.04719426
195.00000000,2012.00000000,0.04716566
195.00000000,2013.00000000,0.04713392
195.00000000,2014.00000000,0.04710053
195.00000000,2015.00000000,0.04706544
195.00000000,2016.00000000,0.04702868
195.00000000,2017.00000000,0.04699186
195.00000000,2018.00000000,0.04695352
195.00000000,2019.00000000,0.04691229
195.00000000,2020.00000000,0.04687120
195.00000000,2021.00000000,0.04682745
195.00000000,2022.00000000,0.04678401
195.00000000,2023.00000000,0.04673818
195.00000000,2024.00000000,0.04669152
195.00000000,2025.00000000,0.04665282
195.00000000,2026.00000000,0.04660341
195.00000000,2027.00000000,0.04655482
195.00000000,2028.00000000,0.04650721
195.00000000,2029.00000000,0.04645768
195.00000000,2030.00000000,0.04640911
195.00000000,2031.00000000,0.04636442
195.00000000,2032.00000000,0.04631351
195.00000000,2033.00000000,0.04626332
195.00000000,2034.00000000,0.04621241
195.00000000,2035.00000000,0.04616206
195.00000000,2036.00000000,0.04610950
195.00000000,2037.00000000,0.04605755
195.00000000,2038.00000000,0.04600334
195.00000000,2039.00000000,0.04594980
195.00000000,2040.00000000,0.04589835
195.00000000,2041.00000000,0.04584047
195.00000000,2042.00000000,0.04578604
195.00000000,2043.00000000,0.04572786
195.00000000,2044.00000000,0.04567145
195.00000000,2045.00000000,0.04561547
195.00000000,2046.00000000,0.04555284
195.00000000,2047.00000000,0.04549349
195.00000000,2048.00000000,0.04543178
195.00000000,2049.00000000,0.04538026
195.00000000,2050.00000000,0.04531669
195.00000000,2051.00000000,0.04525645
195.00000000,2052.00000000,0.04518982
195.00000000,2053.00000000,0.04512250
195.00000000,2054.00000000,0.04506003
195.00000000,2055.00000000,0.04500101
195.00000000,2056.00000000,0.04493584
195.00000000,2057.00000000,0.04486733
195.00000000,2058.00000000,0.04480515
195.00000000,2059.00000000,0.04474393
195.00000000,2060.00000000,0.04468091
195.00000000,2061.00000000,0.04461216
195.00000000,2062.00000000,0.04455058
195.00000000,2063.00000000,0.04448496
195.00000000,2064.00000000,0.04442272
195.00000000,2065.00000000,0.04435852
195.00000000,2066.00000000,0.04430057
195.00000000,2067.00000000,0.04425436
195.00000000,2068.00000000,0.04420079
195.00000000,2069.00000000,0.04411952
195.00000000,2070.00000000,0.04407141
195.00000000,2071.00000000,0.04400915
195.00000000,2072.00000000,0.04394787
195.00000000,2073.00000000,0.04388570
195.00000000,2074.00000000,0.04384157
195.00000000,2075.00000000,0.04381486
195.00000000,2076.00000000,0.04376402
195.00000000,2077.00000000,0.04372244
195.00000000,2078.00000000,0.04368612
195.00000000,2079.00000000,0.04363369
195.00000000,2080.00000000,0.04358109
195.00000000,2081.00000000,0.04353235
195.00000000,2082.00000000,0.04349812
195.00000000,2083.00000000,0.04348897
195.00000000,2084.00000000,0.04343888
195.00000000,2085.00000000,0.04342841
195.00000000,2086.00000000,0.04340213
195.00000000,2087.00000000,0.04335869
195.00000000,2088.00000000,0.04330862
195.00000000,2089.00000000,0.04328217
195.00000000,2090.00000000,0.04327000
195.00000000,2091.00000000,0.04324585
195.00000000,2092.00000000,0.04323348
195.00000000,2093.00000000,0.04322768
195.00000000,2094.00000000,0.04324547
195.00000000,2095.00000000,0.04324509
195.00000000,2096.00000000,0.04323433
195.00000000,2097.00000000,0.04321974
195.00000000,2098.00000000,0.04325457
195.00000000,2099.00000000,0.04323335
195.00000000,2100.00000000,0.04325487
195.00000000,2101.00000000,0.04328393
195.00000000,2102.00000000,0.04335679
195.00000000,2103.00000000,0.04328701
195.00000000,2104.00000000,0.04330772
195.00000000,2105.00000000,0.04332822
195.00000000,2106.00000000,0.04332783
195.00000000,2107.00000000,0.04336205
195.00000000,2108.00000000,0.04342429
195.00000000,2109.00000000,0.04328512
195.00000000,2110.00000000,0.04325141
195.00000000,2111.00000000,0.04331537
195.00000000,2112.00000000,0.04336869
195.00000000,2113.00000000,0.04332901
195.00000000,2114.00000000,0.04314768
195.00000000,2115.00000000,0.04329621
195.00000000,2116.00000000,0.04311829
195.00000000,2117.00000000,0.04316092
195.00000000,2118.00000000,0.04331094
195.00000000,2119.00000000,0.04329260
195.00000000,2120.00000000,0.04329954
195.00000000,2121.00000000,0.04330220
195.00000000,2122.00000000,0.04339664
195.00000000,2123.00000000,0.04339457
195.00000000,2124.00000000,0.04349164
195.00000000,2125.00000000,0.04336942
195.00000000,2126.00000000,0.04322098
195.00000000,2127.00000000,0.04309882
195.00000000,2128.00000000,0.04315513
195.00000000,2129.00000000,0.04325587
195.00000000,2130.00000000,0.04332445
195.00000000,2131.00000000,0.04345658
195.00000000,2132.00000000,0.04355899
195.00000000,2133.00000000,0.04347617
195.00000000,2134.00000000,0.04354351
195.00000000,2135.00000000,0.04368445
195.00000000,2136.00000000,0.04373464
195.00000000,2137.00000000,0.04375141
195.00000000,2138.00000000,0.04382135
195.00000000,2139.00000000,0.04381971
195.00000000,2140.00000000,0.04354543
195.00000000,2141.00000000,0.04365572
195.00000000,2142.00000000,0.04386424
195.00000000,2143.00000000,0.04397620
195.00000000,2144.00000000,0.04392794
195.00000000,2145.00000000,0.04421334
195.00000000,2146.00000000,0.04440735
195.00000000,2147.00000000,0.04446275
195.00000000,2148.00000000,0.04454097
195.00000000,2149.00000000,0.04459370
195.00000000,2150.00000000,0.04484360
195.00000000,2151.00000000,0.04504028
195.00000000,2152.00000000,0.04518433
195.00000000,2153.00000000,0.04529031
195.00000000,2154.00000000,0.04549075
195.00000000,2155.00000000,0.04567269
195.00000000,2156.00000000,0.04573327
195.00000000,2157.00000000,0.04591032
195.00000000,2158.00000000,0.04614416
195.00000000,2159.00000000,0.04639661
195.00000000,2160.00000000,0.04662304
195.00000000,2161.00000000,0.04688196
195.00000000,2162.00000000,0.04707517
195.00000000,2163.00000000,0.04736184
195.00000000,2164.00000000,0.04769621
195.00000000,2165.00000000,0.04811524
195.00000000,2166.00000000,0.04838270
195.00000000,2167.00000000,0.04866952
195.00000000,2168.00000000,0.04904597
195.00000000,2169.00000000,0.04913474
195.00000000,2170.00000000,0.04917717
195.00000000,2171.00000000,0.04960235
195.00000000,2172.00000000,0.04987392
195.00000000,2173.00000000,0.05005804
195.00000000,2174.00000000,0.05050882
195.00000000,2175.00000000,0.05052888
195.00000000,2176.00000000,0.05041034
195.00000000,2177.00000000,0.05045176
195.00000000,2178.00000000,0.05052616
195.00000000,2179.00000000,0.05085693
195.00000000,2180.00000000,0.05115676
195.00000000,2181.00000000,0.05147466
195.00000000,2182.00000000,0.05176524
195.00000000,2183.00000000,0.05214631
195.00000000,2184.00000000,0.05241817
195.00000000,2185.00000000,0.05260107
195.00000000,2186.00000000,0.05283253
195.00000000,2187.00000000,0.05279490
195.00000000,2188.00000000,0.05291889
195.00000000,2189.00000000,0.05319098
195.00000000,2190.00000000,0.05348108
195.00000000,2191.00000000,0.05378397
195.00000000,2192.00000000,0.05405126
195.00000000,2193.00000000,0.05413701
195.00000000,2194.00000000,0.05424048
195.00000000,2195.00000000,0.05458976
195.00000000,2196.00000000,0.05493539
195.00000000,2197.00000000,0.05514185
195.00000000,2198.00000000,0.05572666
195.00000000,2199.00000000,0.05638016
195.00000000,2200.00000000,0.05692247
195.00000000,2201.00000000,0.05732394
195.00000000,2202.00000000,0.05772876
195.00000000,2203.00000000,0.05813702
195.00000000,2204.00000000,0.05854835
195.00000000,2205.00000000,0.05896278
195.00000000,2206.00000000,0.05947433
195.00000000,2207.00000000,0.05998941
195.00000000,2208.00000000,0.06050803
195.00000000,2209.00000000,0.06103017
195.00000000,2210.00000000,0.06155578
195.00000000,2211.00000000,0.06208489
195.00000000,2212.00000000,0.06261746
195.00000000,2213.00000000,0.06315344
195.00000000,2214.00000000,0.06369287
195.00000000,2215.00000000,0.06423569
195.00000000,2216.00000000,0.06473954
195.00000000,2217.00000000,0.06524663
195.00000000,2218.00000000,0.06575690
195.00000000,2219.00000000,0.06627043
195.00000000,2220.00000000,0.06678720
195.00000000,2221.00000000,0.06730721
195.00000000,2222.00000000,0.06783054
195.00000000,2223.00000000,0.06835720
195.00000000,2224.00000000,0.06888720
195.00000000,2225.00000000,0.06942063
195.00000000,2226.00000000,0.07004730
195.00000000,2227.00000000,0.07067779
195.00000000,2228.00000000,0.07131216
195.00000000,2229.00000000,0.07195035
195.00000000,2230.00000000,0.07259234
195.00000000,2231.00000000,0.07323817
195.00000000,2232.00000000,0.07388778
195.00000000,2233.00000000,0.07454121
195.00000000,2234.00000000,0.07519846
195.00000000,2235.00000000,0.07585949
195.00000000,2236.00000000,0.07659112
195.00000000,2237.00000000,0.07732685
195.00000000,2238.00000000,0.07806663
195.00000000,2239.00000000,0.07881048
195.00000000,2240.00000000,0.07955833
195.00000000,2241.00000000,0.08031014
195.00000000,2242.00000000,0.08106594
195.00000000,2243.00000000,0.08182561
195.00000000,2244.00000000,0.08258920
195.00000000,2245.00000000,0.08335665
195.00000000,2246.00000000,0.08412403
195.00000000,2247.00000000,0.08489521
195.00000000,2248.00000000,0.08567012
195.00000000,2249.00000000,0.08644858
195.00000000,2250.00000000,0.08723006
195.00000000,2251.00000000,0.08801333
195.00000000,2252.00000000,0.08879721
195.00000000,2253.00000000,0.08958108
195.00000000,2254.00000000,0.09036448
195.00000000,2255.00000000,0.09114716
195.00000000,2256.00000000,0.09177690
195.00000000,2257.00000000,0.09240497
195.00000000,2258.00000000,0.09303138
195.00000000,2259.00000000,0.09365608
195.00000000,2260.00000000,0.09427902
195.00000000,2261.00000000,0.09490028
195.00000000,2262.00000000,0.09551989
195.00000000,2263.00000000,0.09613786
195.00000000,2264.00000000,0.09675427
195.00000000,2265.00000000,0.09736907
195.00000000,2266.00000000,0.09784273
195.00000000,2267.00000000,0.09831427
195.00000000,2268.00000000,0.09878364
195.00000000,2269.00000000,0.09925096
195.00000000,2270.00000000,0.09971620
195.00000000,2271.00000000,0.10017935
195.00000000,2272.00000000,0.10064048
195.00000000,2273.00000000,0.10109959
195.00000000,2274.00000000,0.10155664
195.00000000,2275.00000000,0.10201169
195.00000000,2276.00000000,0.10238577
195.00000000,2277.00000000,0.10275754
195.00000000,2278.00000000,0.10312713
195.00000000,2279.00000000,0.10349446
195.00000000,2280.00000000,0.10385966
195.00000000,2281.00000000,0.10422269
195.00000000,2282.00000000,0.10458355
195.00000000,2283.00000000,0.10494231
195.00000000,2284.00000000,0.10529897
195.00000000,2285.00000000,0.10565346
195.00000000,2286.00000000,0.10592360
195.00000000,2287.00000000,0.10619141
195.00000000,2288.00000000,0.10645689
195.00000000,2289.00000000,0.10672015
195.00000000,2290.00000000,0.10698118
195.00000000,2291.00000000,0.10723995
195.00000000,2292.00000000,0.10749658
195.00000000,2293.00000000,0.10775101
195.00000000,2294.00000000,0.10800333
195.00000000,2295.00000000,0.10825355
195.00000000,2296.00000000,0.10843782
195.00000000,2297.00000000,0.10861991
195.00000000,2298.00000000,0.10879978
195.00000000,2299.00000000,0.10897738
195.00000000,2300.00000000,0.10915288
195.00000000,2301.00000000,0.10932622
195.00000000,2302.00000000,0.10949737
195.00000000,2303.00000000,0.10966646
195.00000000,2304.00000000,0.10983338
195.00000000,2305.00000000,0.10999829
195.00000000,2306.00000000,0.11016113
195.00000000,2307.00000000,0.11032185
195.00000000,2308.00000000,0.11048062
195.00000000,2309.00000000,0.11063737
195.00000000,2310.00000000,0.11079205
195.00000000,2311.00000000,0.11094483
195.00000000,2312.00000000,0.11109565
195.00000000,2313.00000000,0.11124442
195.00000000,2314.00000000,0.11139134
195.00000000,2315.00000000,0.11153633
195.00000000,2316.00000000,0.11167931
195.00000000,2317.00000000,0.11182048
195.00000000,2318.00000000,0.11195967
195.00000000,2319.00000000,0.11209704
195.00000000,2320.00000000,0.11223253
195.00000000,2321.00000000,0.11236606
195.00000000,2322.00000000,0.11249783
195.00000000,2323.00000000,0.11262773
195.00000000,2324.00000000,0.11275567
195.00000000,2325.00000000,0.11288188
195.00000000,2326.00000000,0.11300624
195.00000000,2327.00000000,0.11312866
195.00000000,2328.00000000,0.11324934
195.00000000,2329.00000000,0.11336808
195.00000000,2330.00000000,0.11348509
195.00000000,2331.00000000,0.11360028
195.00000000,2332.00000000,0.11371354
195.00000000,2333.00000000,0.11382507
195.00000000,2334.00000000,0.11393475
195.00000000,2335.00000000,0.11404250
195.00000000,2336.00000000,0.11414852
195.00000000,2337.00000000,0.11425269
195.00000000,2338.00000000,0.11435492
195.00000000,2339.00000000,0.11445539
195.00000000,2340.00000000,0.11455392
195.00000000,2341.00000000,0.11465064
195.00000000,2342.00000000,0.11474548
195.00000000,2343.00000000,0.11483833
195.00000000,2344.00000000,0.11492929
195.00000000,2345.00000000,0.11501822
195.00000000,2346.00000000,0.11466046
195.00000000,2347.00000000,0.11430023
195.00000000,2348.00000000,0.11393751
195.00000000,2349.00000000,0.11357228
195.00000000,2350.00000000,0.11320475
195.00000000,2351.00000000,0.11283487
195.00000000,2352.00000000,0.11246264
195.00000000,2353.00000000,0.11208825
195.00000000,2354.00000000,0.11171160
195.00000000,2355.00000000,0.11133288
195.00000000,2356.00000000,0.11095207
195.00000000,2357.00000000,0.11056913
195.00000000,2358.00000000,0.11018423
195.00000000,2359.00000000,0.10979737
195.00000000,2360.00000000,0.10940852
195.00000000,2361.00000000,0.10901783
195.00000000,2362.00000000,0.10862530
195.00000000,2363.00000000,0.10823088
195.00000000,2364.00000000,0.10783476
195.00000000,2365.00000000,0.10743684
195.00000000,2366.00000000,0.10703727
195.00000000,2367.00000000,0.10663603
195.00000000,2368.00000000,0.10623309
195.00000000,2369.00000000,0.10582862
195.00000000,2370.00000000,0.10542258
195.00000000,2371.00000000,0.10501496
195.00000000,2372.00000000,0.10460589
195.00000000,2373.00000000,0.10419534
195.00000000,2374.00000000,0.10378329
195.00000000,2375.00000000,0.10336991
195.00000000,2376.00000000,0.10295515
195.00000000,2377.00000000,0.10253896
195.00000000,2378.00000000,0.10212152
195.00000000,2379.00000000,0.10170274
195.00000000,2380.00000000,0.10128275
195.00000000,2381.00000000,0.10086152
195.00000000,2382.00000000,0.10043903
195.00000000,2383.00000000,0.10001541
195.00000000,2384.00000000,0.09959063
195.00000000,2385.00000000,0.09916467
195.00000000,2386.00000000,0.09873766
195.00000000,2387.00000000,0.09830958
195.00000000,2388.00000000,0.09788037
195.00000000,2389.00000000,0.09745019
195.00000000,2390.00000000,0.09701895
195.00000000,2391.00000000,0.09658678
195.00000000,2392.00000000,0.09615366
195.00000000,2393.00000000,0.09571953
195.00000000,2394.00000000,0.09528456
195.00000000,2395.00000000,0.09484868
195.00000000,2396.00000000,0.09441188
195.00000000,2397.00000000,0.09397428
195.00000000,2398.00000000,0.09353586
195.00000000,2399.00000000,0.09309657
195.00000000,2400.00000000,0.09265655
195.00000000,2401.00000000,0.09221577
195.00000000,2402.00000000,0.09177416
195.00000000,2403.00000000,0.09133192
195.00000000,2404.00000000,0.09088890
195.00000000,2405.00000000,0.09044526
195.00000000,2406.00000000,0.09000096
195.00000000,2407.00000000,0.08955595
195.00000000,2408.00000000,0.08911038
195.00000000,2409.00000000,0.08866419
195.00000000,2410.00000000,0.08821735
195.00000000,2411.00000000,0.08777001
195.00000000,2412.00000000,0.08732210
195.00000000,2413.00000000,0.08687358
195.00000000,2414.00000000,0.08642462
195.00000000,2415.00000000,0.08597508
195.00000000,2416.00000000,0.08552512
195.00000000,2417.00000000,0.08507468
195.00000000,2418.00000000,0.08462373
195.00000000,2419.00000000,0.08417240
195.00000000,2420.00000000,0.08372063
195.00000000,2421.00000000,0.08326841
195.00000000,2422.00000000,0.08281584
195.00000000,2423.00000000,0.08236290
195.00000000,2424.00000000,0.08190955
195.00000000,2425.00000000,0.08145589
195.00000000,2426.00000000,0.08100186
195.00000000,2427.00000000,0.08054756
195.00000000,2428.00000000,0.08009296
195.00000000,2429.00000000,0.07963801
195.00000000,2430.00000000,0.07918284
195.00000000,2431.00000000,0.07872743
195.00000000,2432.00000000,0.07827169
195.00000000,2433.00000000,0.07781580
195.00000000,2434.00000000,0.07735970
195.00000000,2435.00000000,0.07690332
195.00000000,2436.00000000,0.07644682
195.00000000,2437.00000000,0.07599016
195.00000000,2438.00000000,0.07553327
195.00000000,2439.00000000,0.07507630
195.00000000,2440.00000000,0.07461915
195.00000000,2441.00000000,0.07416196
195.00000000,2442.00000000,0.07370471
195.00000000,2443.00000000,0.07324737
195.00000000,2444.00000000,0.07288622
195.00000000,2445.00000000,0.07280812
195.00000000,2446.00000000,0.07280740
195.00000000,2447.00000000,0.07280689
195.00000000,2448.00000000,0.07280650
195.00000000,2449.00000000,0.07280616
195.00000000,2450.00000000,0.07280600
195.00000000,2451.00000000,0.07281803
195.00000000,2452.00000000,0.07283023
195.00000000,2453.00000000,0.07284254
195.00000000,2454.00000000,0.07285489
195.00000000,2455.00000000,0.07286741
195.00000000,2456.00000000,0.07285605
195.00000000,2457.00000000,0.07284471
195.00000000,2458.00000000,0.07283353
195.00000000,2459.00000000,0.07282244
195.00000000,2460.00000000,0.07281135
195.00000000,2461.00000000,0.07280041
195.00000000,2462.00000000,0.07278954
195.00000000,2463.00000000,0.07277868
195.00000000,2464.00000000,0.07276797
195.00000000,2465.00000000,0.07275725
195.00000000,2466.00000000,0.07274667
195.00000000,2467.00000000,0.07273616
195.00000000,2468.00000000,0.07272564
195.00000000,2469.00000000,0.07271526
195.00000000,2470.00000000,0.07270494
195.00000000,2471.00000000,0.07269358
195.00000000,2472.00000000,0.07268234
195.00000000,2473.00000000,0.07267117
195.00000000,2474.00000000,0.07265997
195.00000000,2475.00000000,0.07264890
195.00000000,2476.00000000,0.07263781
195.00000000,2477.00000000,0.07262684
195.00000000,2478.00000000,0.07261593
195.00000000,2479.00000000,0.07260498
195.00000000,2480.00000000,0.07259416
195.00000000,2481.00000000,0.07258340
195.00000000,2482.00000000,0.07257259
195.00000000,2483.00000000,0.07256191
195.00000000,2484.00000000,0.07255128
195.00000000,2485.00000000,0.07254060
195.00000000,2486.00000000,0.07253003
195.00000000,2487.00000000,0.07251945
195.00000000,2488.00000000,0.07250896
195.00000000,2489.00000000,0.07249852
195.00000000,2490.00000000,0.07248804
195.00000000,2491.00000000,0.07247766
195.00000000,2492.00000000,0.07246734
195.00000000,2493.00000000,0.07245696
195.00000000,2494.00000000,0.07244669
195.00000000,2495.00000000,0.07243645
195.00000000,2496.00000000,0.07242847
195.00000000,2497.00000000,0.07242060
195.00000000,2498.00000000,0.07241276
195.00000000,2499.00000000,0.07240487
195.00000000,2500.00000000,0.07239709
196.00000000,1765.00000000,0.04758691
196.00000000,1766.00000000,0.04758698
196.00000000,1767.00000000,0.04758705
196.00000000,1768.00000000,0.04758697
196.00000000,1769.00000000,0.04758726
196.00000000,1770.00000000,0.04758750
196.00000000,1771.00000000,0.04758784
196.00000000,1772.00000000,0.04758819
196.00000000,1773.00000000,0.04758866
196.00000000,1774.00000000,0.04758938
196.00000000,1775.00000000,0.04759004
196.00000000,1776.00000000,0.04759086
196.00000000,1777.00000000,0.04759169
196.00000000,1778.00000000,0.04759279
196.00000000,1779.00000000,0.04759381
196.00000000,1780.00000000,0.04759490
196.00000000,1781.00000000,0.04759617
196.00000000,1782.00000000,0.04759741
196.00000000,1783.00000000,0.04759891
196.00000000,1784.00000000,0.04760034
196.00000000,1785.00000000,0.04760176
196.00000000,1786.00000000,0.04760343
196.00000000,1787.00000000,0.04760498
196.00000000,1788.00000000,0.04760675
196.00000000,1789.00000000,0.04760853
196.00000000,1790.00000000,0.04761033
196.00000000,1791.00000000,0.04761217
196.00000000,1792.00000000,0.04761399
196.00000000,1793.00000000,0.04761593
196.00000000,1794.00000000,0.04761792
196.00000000,1795.00000000,0.04761995
196.00000000,1796.00000000,0.04762213
196.00000000,1797.00000000,0.04762420
196.00000000,1798.00000000,0.04762627
196.00000000,1799.00000000,0.04762844
196.00000000,1800.00000000,0.04763070
196.00000000,1801.00000000,0.04763284
196.00000000,1802.00000000,0.04763517
196.00000000,1803.00000000,0.04763734
196.00000000,1804.00000000,0.04763963
196.00000000,1805.00000000,0.04764200
196.00000000,1806.00000000,0.04764435
196.00000000,1807.00000000,0.04764666
196.00000000,1808.00000000,0.04764899
196.00000000,1809.00000000,0.04765137
196.00000000,1810.00000000,0.04765380
196.00000000,1811.00000000,0.04765623
196.00000000,1812.00000000,0.04765865
196.00000000,1813.00000000,0.04766106
196.00000000,1814.00000000,0.04766353
196.00000000,1815.00000000,0.04766595
196.00000000,1816.00000000,0.04766852
196.00000000,1817.00000000,0.04767082
196.00000000,1818.00000000,0.04767329
196.00000000,1819.00000000,0.04767579
196.00000000,1820.00000000,0.04767829
196.00000000,1821.00000000,0.04768073
196.00000000,1822.00000000,0.04768315
196.00000000,1823.00000000,0.04768569
196.00000000,1824.00000000,0.04768814
196.00000000,1825.00000000,0.04769062
196.00000000,1826.00000000,0.04769305
196.00000000,1827.00000000,0.04769556
196.00000000,1828.00000000,0.04769794
196.00000000,1829.00000000,0.04770042
196.00000000,1830.00000000,0.04770291
196.00000000,1831.00000000,0.04770526
196.00000000,1832.00000000,0.04770775
196.00000000,1833.00000000,0.04771021
196.00000000,1834.00000000,0.04771251
196.00000000,1835.00000000,0.04771495
196.00000000,1836.00000000,0.04771733
196.00000000,1837.00000000,0.04771961
196.00000000,1838.00000000,0.04772202
196.00000000,1839.00000000,0.04772443
196.00000000,1840.00000000,0.04772661
196.00000000,1841.00000000,0.04772890
196.00000000,1842.00000000,0.04773119
196.00000000,1843.00000000,0.04773345
196.00000000,1844.00000000,0.04773568
196.00000000,1845.00000000,0.04773797
196.00000000,1846.00000000,0.04774013
196.00000000,1847.00000000,0.04774237
196.00000000,1848.00000000,0.04774440
196.00000000,1849.00000000,0.04774648
196.00000000,1850.00000000,0.04774859
196.00000000,1851.00000000,0.04775076
196.00000000,1852.00000000,0.04775272
196.00000000,1853.00000000,0.04775497
196.00000000,1854.00000000,0.04775730
196.00000000,1855.00000000,0.04775958
196.00000000,1856.00000000,0.04776182
196.00000000,1857.00000000,0.04776403
196.00000000,1858.00000000,0.04776601
196.00000000,1859.00000000,0.04776811
196.00000000,1860.00000000,0.04777013
196.00000000,1861.00000000,0.04777206
196.00000000,1862.00000000,0.04777389
196.00000000,1863.00000000,0.04777533
196.00000000,1864.00000000,0.04777646
196.00000000,1865.00000000,0.04777727
196.00000000,1866.00000000,0.04777785
196.00000000,1867.00000000,0.04777818
196.00000000,1868.00000000,0.04777842
196.00000000,1869.00000000,0.04777844
196.00000000,1870.00000000,0.04777836
196.00000000,1871.00000000,0.04777812
196.00000000,1872.00000000,0.04777799
196.00000000,1873.00000000,0.04777823
196.00000000,1874.00000000,0.04777882
196.00000000,1875.00000000,0.04777968
196.00000000,1876.00000000,0.04778064
196.00000000,1877.00000000,0.04778169
196.00000000,1878.00000000,0.04778285
196.00000000,1879.00000000,0.04778416
196.00000000,1880.00000000,0.04778542
196.00000000,1881.00000000,0.04778670
196.00000000,1882.00000000,0.04778799
196.00000000,1883.00000000,0.04778902
196.00000000,1884.00000000,0.04778976
196.00000000,1885.00000000,0.04779030
196.00000000,1886.00000000,0.04779076
196.00000000,1887.00000000,0.04779110
196.00000000,1888.00000000,0.04779130
196.00000000,1889.00000000,0.04779131
196.00000000,1890.00000000,0.04779115
196.00000000,1891.00000000,0.04779076
196.00000000,1892.00000000,0.04779016
196.00000000,1893.00000000,0.04778946
196.00000000,1894.00000000,0.04778875
196.00000000,1895.00000000,0.04778807
196.00000000,1896.00000000,0.04778740
196.00000000,1897.00000000,0.04778675
196.00000000,1898.00000000,0.04778597
196.00000000,1899.00000000,0.04778502
196.00000000,1900.00000000,0.04778398
196.00000000,1901.00000000,0.04778262
196.00000000,1902.00000000,0.04778142
196.00000000,1903.00000000,0.04778027
196.00000000,1904.00000000,0.04777917
196.00000000,1905.00000000,0.04777808
196.00000000,1906.00000000,0.04777726
196.00000000,1907.00000000,0.04777646
196.00000000,1908.00000000,0.04777561
196.00000000,1909.00000000,0.04777474
196.00000000,1910.00000000,0.04777381
196.00000000,1911.00000000,0.04777280
196.00000000,1912.00000000,0.04777140
196.00000000,1913.00000000,0.04776943
196.00000000,1914.00000000,0.04776679
196.00000000,1915.00000000,0.04776388
196.00000000,1916.00000000,0.04776095
196.00000000,1917.00000000,0.04775795
196.00000000,1918.00000000,0.04775484
196.00000000,1919.00000000,0.04775172
196.00000000,1920.00000000,0.04774893
196.00000000,1921.00000000,0.04774652
196.00000000,1922.00000000,0.04774470
196.00000000,1923.00000000,0.04774326
196.00000000,1924.00000000,0.04774192
196.00000000,1925.00000000,0.04774044
196.00000000,1926.00000000,0.04773892
196.00000000,1927.00000000,0.04773736
196.00000000,1928.00000000,0.04773586
196.00000000,1929.00000000,0.04773433
196.00000000,1930.00000000,0.04773286
196.00000000,1931.00000000,0.04773205
196.00000000,1932.00000000,0.04773207
196.00000000,1933.00000000,0.04773244
196.00000000,1934.00000000,0.04773321
196.00000000,1935.00000000,0.04773394
196.00000000,1936.00000000,0.04773427
196.00000000,1937.00000000,0.04773404
196.00000000,1938.00000000,0.04773297
196.00000000,1939.00000000,0.04773136
196.00000000,1940.00000000,0.04772930
196.00000000,1941.00000000,0.04772660
196.00000000,1942.00000000,0.04772322
196.00000000,1943.00000000,0.04771942
196.00000000,1944.00000000,0.04771529
196.00000000,1945.00000000,0.04771111
196.00000000,1946.00000000,0.04770753
196.00000000,1947.00000000,0.04770498
196.00000000,1948.00000000,0.04770297
196.00000000,1949.00000000,0.04770096
196.00000000,1950.00000000,0.04769890
196.00000000,1951.00000000,0.04769674
196.00000000,1952.00000000,0.04769504
196.00000000,1953.00000000,0.04769349
196.00000000,1954.00000000,0.04769193
196.00000000,1955.00000000,0.04769057
196.00000000,1956.00000000,0.04768923
196.00000000,1957.00000000,0.04768775
196.00000000,1958.00000000,0.04768600
196.00000000,1959.00000000,0.04768390
196.00000000,1960.00000000,0.04768070
196.00000000,1961.00000000,0.04767644
196.00000000,1962.00000000,0.04767602
196.00000000,1963.00000000,0.04767068
196.00000000,1964.00000000,0.04766472
196.00000000,1965.00000000,0.04765797
196.00000000,1966.00000000,0.04765034
196.00000000,1967.00000000,0.04764342
196.00000000,1968.00000000,0.04763412
196.00000000,1969.00000000,0.04762345
196.00000000,1970.00000000,0.04761128
196.00000000,1971.00000000,0.04759711
196.00000000,1972.00000000,0.04758032
196.00000000,1973.00000000,0.04756130
196.00000000,1974.00000000,0.04754051
196.00000000,1975.00000000,0.04751858
196.00000000,1976.00000000,0.04749639
196.00000000,1977.00000000,0.04747578
196.00000000,1978.00000000,0.04745353
196.00000000,1979.00000000,0.04743112
196.00000000,1980.00000000,0.04740827
196.00000000,1981.00000000,0.04738526
196.00000000,1982.00000000,0.04736351
196.00000000,1983.00000000,0.04734432
196.00000000,1984.00000000,0.04732770
196.00000000,1985.00000000,0.04731298
196.00000000,1986.00000000,0.04729938
196.00000000,1987.00000000,0.04728776
196.00000000,1988.00000000,0.04727478
196.00000000,1989.00000000,0.04726159
196.00000000,1990.00000000,0.04724806
196.00000000,1991.00000000,0.04723430
196.00000000,1992.00000000,0.04722090
196.00000000,1993.00000000,0.04720926
196.00000000,1994.00000000,0.04719678
196.00000000,1995.00000000,0.04718484
196.00000000,1996.00000000,0.04717443
196.00000000,1997.00000000,0.04716219
196.00000000,1998.00000000,0.04715240
196.00000000,1999.00000000,0.04713813
196.00000000,2000.00000000,0.04712530
196.00000000,2001.00000000,0.04711238
196.00000000,2002.00000000,0.04710056
196.00000000,2003.00000000,0.04708724
196.00000000,2004.00000000,0.04707322
196.00000000,2005.00000000,0.04705752
196.00000000,2006.00000000,0.04703932
196.00000000,2007.00000000,0.04702016
196.00000000,2008.00000000,0.04699734
196.00000000,2009.00000000,0.04697249
196.00000000,2010.00000000,0.04694586
196.00000000,2011.00000000,0.04691900
196.00000000,2012.00000000,0.04689057
196.00000000,2013.00000000,0.04686044
196.00000000,2014.00000000,0.04682716
196.00000000,2015.00000000,0.04679226
196.00000000,2016.00000000,0.04675571
196.00000000,2017.00000000,0.04671757
196.00000000,2018.00000000,0.04667943
196.00000000,2019.00000000,0.04663988
196.00000000,2020.00000000,0.04659752
196.00000000,2021.00000000,0.04655540
196.00000000,2022.00000000,0.04651076
196.00000000,2023.00000000,0.04646659
196.00000000,2024.00000000,0.04642018
196.00000000,2025.00000000,0.04637304
196.00000000,2026.00000000,0.04633388
196.00000000,2027.00000000,0.04628415
196.00000000,2028.00000000,0.04623529
196.00000000,2029.00000000,0.04618744
196.00000000,2030.00000000,0.04613772
196.00000000,2031.00000000,0.04608896
196.00000000,2032.00000000,0.04604395
196.00000000,2033.00000000,0.04599264
196.00000000,2034.00000000,0.04594193
196.00000000,2035.00000000,0.04589047
196.00000000,2036.00000000,0.04583953
196.00000000,2037.00000000,0.04578641
196.00000000,2038.00000000,0.04573390
196.00000000,2039.00000000,0.04567919
196.00000000,2040.00000000,0.04562517
196.00000000,2041.00000000,0.04557323
196.00000000,2042.00000000,0.04551481
196.00000000,2043.00000000,0.04545970
196.00000000,2044.00000000,0.04540080
196.00000000,2045.00000000,0.04534365
196.00000000,2046.00000000,0.04528692
196.00000000,2047.00000000,0.04522362
196.00000000,2048.00000000,0.04516360
196.00000000,2049.00000000,0.04510128
196.00000000,2050.00000000,0.04504913
196.00000000,2051.00000000,0.04498506
196.00000000,2052.00000000,0.04492435
196.00000000,2053.00000000,0.04485734
196.00000000,2054.00000000,0.04478968
196.00000000,2055.00000000,0.04472689
196.00000000,2056.00000000,0.04466757
196.00000000,2057.00000000,0.04460219
196.00000000,2058.00000000,0.04453352
196.00000000,2059.00000000,0.04447116
196.00000000,2060.00000000,0.04440978
196.00000000,2061.00000000,0.04434672
196.00000000,2062.00000000,0.04427827
196.00000000,2063.00000000,0.04421727
196.00000000,2064.00000000,0.04415246
196.00000000,2065.00000000,0.04409114
196.00000000,2066.00000000,0.04402793
196.00000000,2067.00000000,0.04397095
196.00000000,2068.00000000,0.04392563
196.00000000,2069.00000000,0.04387300
196.00000000,2070.00000000,0.04379284
196.00000000,2071.00000000,0.04374563
196.00000000,2072.00000000,0.04368458
196.00000000,2073.00000000,0.04362472
196.00000000,2074.00000000,0.04356410
196.00000000,2075.00000000,0.04352145
196.00000000,2076.00000000,0.04349610
196.00000000,2077.00000000,0.04344679
196.00000000,2078.00000000,0.04340661
196.00000000,2079.00000000,0.04337159
196.00000000,2080.00000000,0.04332053
196.00000000,2081.00000000,0.04326927
196.00000000,2082.00000000,0.04322190
196.00000000,2083.00000000,0.04318904
196.00000000,2084.00000000,0.04318111
196.00000000,2085.00000000,0.04313253
196.00000000,2086.00000000,0.04312325
196.00000000,2087.00000000,0.04309822
196.00000000,2088.00000000,0.04305611
196.00000000,2089.00000000,0.04300736
196.00000000,2090.00000000,0.04298200
196.00000000,2091.00000000,0.04297081
196.00000000,2092.00000000,0.04294783
196.00000000,2093.00000000,0.04293663
196.00000000,2094.00000000,0.04293201
196.00000000,2095.00000000,0.04295080
196.00000000,2096.00000000,0.04295153
196.00000000,2097.00000000,0.04294190
196.00000000,2098.00000000,0.04292844
196.00000000,2099.00000000,0.04296402
196.00000000,2100.00000000,0.04294388
196.00000000,2101.00000000,0.04296617
196.00000000,2102.00000000,0.04299607
196.00000000,2103.00000000,0.04306955
196.00000000,2104.00000000,0.04300137
196.00000000,2105.00000000,0.04302309
196.00000000,2106.00000000,0.04304457
196.00000000,2107.00000000,0.04304526
196.00000000,2108.00000000,0.04308030
196.00000000,2109.00000000,0.04314314
196.00000000,2110.00000000,0.04300582
196.00000000,2111.00000000,0.04297324
196.00000000,2112.00000000,0.04303767
196.00000000,2113.00000000,0.04309148
196.00000000,2114.00000000,0.04305286
196.00000000,2115.00000000,0.04287344
196.00000000,2116.00000000,0.04302178
196.00000000,2117.00000000,0.04284569
196.00000000,2118.00000000,0.04288874
196.00000000,2119.00000000,0.04303847
196.00000000,2120.00000000,0.04302089
196.00000000,2121.00000000,0.04302839
196.00000000,2122.00000000,0.04303164
196.00000000,2123.00000000,0.04312605
196.00000000,2124.00000000,0.04312455
196.00000000,2125.00000000,0.04322157
196.00000000,2126.00000000,0.04310063
196.00000000,2127.00000000,0.04295363
196.00000000,2128.00000000,0.04283273
196.00000000,2129.00000000,0.04288921
196.00000000,2130.00000000,0.04298982
196.00000000,2131.00000000,0.04305846
196.00000000,2132.00000000,0.04319025
196.00000000,2133.00000000,0.04329250
196.00000000,2134.00000000,0.04321064
196.00000000,2135.00000000,0.04327801
196.00000000,2136.00000000,0.04341854
196.00000000,2137.00000000,0.04346885
196.00000000,2138.00000000,0.04348594
196.00000000,2139.00000000,0.04355588
196.00000000,2140.00000000,0.04355466
196.00000000,2141.00000000,0.04328244
196.00000000,2142.00000000,0.04339246
196.00000000,2143.00000000,0.04360012
196.00000000,2144.00000000,0.04371179
196.00000000,2145.00000000,0.04366421
196.00000000,2146.00000000,0.04394828
196.00000000,2147.00000000,0.04414151
196.00000000,2148.00000000,0.04419695
196.00000000,2149.00000000,0.04427508
196.00000000,2150.00000000,0.04432788
196.00000000,2151.00000000,0.04457689
196.00000000,2152.00000000,0.04477370
196.00000000,2153.00000000,0.04491882
196.00000000,2154.00000000,0.04502642
196.00000000,2155.00000000,0.04522809
196.00000000,2156.00000000,0.04541139
196.00000000,2157.00000000,0.04547404
196.00000000,2158.00000000,0.04565243
196.00000000,2159.00000000,0.04588726
196.00000000,2160.00000000,0.04614055
196.00000000,2161.00000000,0.04636792
196.00000000,2162.00000000,0.04662753
196.00000000,2163.00000000,0.04682175
196.00000000,2164.00000000,0.04710887
196.00000000,2165.00000000,0.04744340
196.00000000,2166.00000000,0.04786210
196.00000000,2167.00000000,0.04813002
196.00000000,2168.00000000,0.04841714
196.00000000,2169.00000000,0.04879340
196.00000000,2170.00000000,0.04888342
196.00000000,2171.00000000,0.04892730
196.00000000,2172.00000000,0.04935195
196.00000000,2173.00000000,0.04962376
196.00000000,2174.00000000,0.04980852
196.00000000,2175.00000000,0.05025858
196.00000000,2176.00000000,0.05028004
196.00000000,2177.00000000,0.05016354
196.00000000,2178.00000000,0.05020618
196.00000000,2179.00000000,0.05028160
196.00000000,2180.00000000,0.05061215
196.00000000,2181.00000000,0.05091188
196.00000000,2182.00000000,0.05122959
196.00000000,2183.00000000,0.05152009
196.00000000,2184.00000000,0.05190064
196.00000000,2185.00000000,0.05217250
196.00000000,2186.00000000,0.05235579
196.00000000,2187.00000000,0.05258741
196.00000000,2188.00000000,0.05255117
196.00000000,2189.00000000,0.05267577
196.00000000,2190.00000000,0.05294780
196.00000000,2191.00000000,0.05323774
196.00000000,2192.00000000,0.05354041
196.00000000,2193.00000000,0.05380763
196.00000000,2194.00000000,0.05389412
196.00000000,2195.00000000,0.05399825
196.00000000,2196.00000000,0.05434707
196.00000000,2197.00000000,0.05469226
196.00000000,2198.00000000,0.05489890
196.00000000,2199.00000000,0.05548223
196.00000000,2200.00000000,0.05613394
196.00000000,2201.00000000,0.05667497
196.00000000,2202.00000000,0.05707578
196.00000000,2203.00000000,0.05747992
196.00000000,2204.00000000,0.05788749
196.00000000,2205.00000000,0.05829812
196.00000000,2206.00000000,0.05871185
196.00000000,2207.00000000,0.05922229
196.00000000,2208.00000000,0.05973625
196.00000000,2209.00000000,0.06025375
196.00000000,2210.00000000,0.06077476
196.00000000,2211.00000000,0.06129923
196.00000000,2212.00000000,0.06182720
196.00000000,2213.00000000,0.06235863
196.00000000,2214.00000000,0.06289346
196.00000000,2215.00000000,0.06343174
196.00000000,2216.00000000,0.06397340
196.00000000,2217.00000000,0.06447627
196.00000000,2218.00000000,0.06498237
196.00000000,2219.00000000,0.06549165
196.00000000,2220.00000000,0.06600417
196.00000000,2221.00000000,0.06651995
196.00000000,2222.00000000,0.06703896
196.00000000,2223.00000000,0.06756128
196.00000000,2224.00000000,0.06808694
196.00000000,2225.00000000,0.06861593
196.00000000,2226.00000000,0.06914835
196.00000000,2227.00000000,0.06977365
196.00000000,2228.00000000,0.07040279
196.00000000,2229.00000000,0.07103579
196.00000000,2230.00000000,0.07167261
196.00000000,2231.00000000,0.07231324
196.00000000,2232.00000000,0.07295771
196.00000000,2233.00000000,0.07360595
196.00000000,2234.00000000,0.07425802
196.00000000,2235.00000000,0.07491390
196.00000000,2236.00000000,0.07557357
196.00000000,2237.00000000,0.07630359
196.00000000,2238.00000000,0.07703772
196.00000000,2239.00000000,0.07777589
196.00000000,2240.00000000,0.07851814
196.00000000,2241.00000000,0.07926440
196.00000000,2242.00000000,0.08001462
196.00000000,2243.00000000,0.08076882
196.00000000,2244.00000000,0.08152690
196.00000000,2245.00000000,0.08228892
196.00000000,2246.00000000,0.08305478
196.00000000,2247.00000000,0.08382061
196.00000000,2248.00000000,0.08459024
196.00000000,2249.00000000,0.08536350
196.00000000,2250.00000000,0.08613976
196.00000000,2251.00000000,0.08691792
196.00000000,2252.00000000,0.08769682
196.00000000,2253.00000000,0.08847573
196.00000000,2254.00000000,0.08925434
196.00000000,2255.00000000,0.09003238
196.00000000,2256.00000000,0.09080966
196.00000000,2257.00000000,0.09143453
196.00000000,2258.00000000,0.09205774
196.00000000,2259.00000000,0.09267934
196.00000000,2260.00000000,0.09329927
196.00000000,2261.00000000,0.09391753
196.00000000,2262.00000000,0.09453423
196.00000000,2263.00000000,0.09514941
196.00000000,2264.00000000,0.09576305
196.00000000,2265.00000000,0.09637519
196.00000000,2266.00000000,0.09698579
196.00000000,2267.00000000,0.09745584
196.00000000,2268.00000000,0.09792384
196.00000000,2269.00000000,0.09838974
196.00000000,2270.00000000,0.09885362
196.00000000,2271.00000000,0.09931548
196.00000000,2272.00000000,0.09977531
196.00000000,2273.00000000,0.10023317
196.00000000,2274.00000000,0.10068905
196.00000000,2275.00000000,0.10114291
196.00000000,2276.00000000,0.10159484
196.00000000,2277.00000000,0.10196615
196.00000000,2278.00000000,0.10233522
196.00000000,2279.00000000,0.10270213
196.00000000,2280.00000000,0.10306685
196.00000000,2281.00000000,0.10342947
196.00000000,2282.00000000,0.10378997
196.00000000,2283.00000000,0.10414832
196.00000000,2284.00000000,0.10450464
196.00000000,2285.00000000,0.10485887
196.00000000,2286.00000000,0.10521099
196.00000000,2287.00000000,0.10547913
196.00000000,2288.00000000,0.10574499
196.00000000,2289.00000000,0.10600853
196.00000000,2290.00000000,0.10626990
196.00000000,2291.00000000,0.10652907
196.00000000,2292.00000000,0.10678602
196.00000000,2293.00000000,0.10704088
196.00000000,2294.00000000,0.10729353
196.00000000,2295.00000000,0.10754414
196.00000000,2296.00000000,0.10779264
196.00000000,2297.00000000,0.10797553
196.00000000,2298.00000000,0.10815625
196.00000000,2299.00000000,0.10833478
196.00000000,2300.00000000,0.10851109
196.00000000,2301.00000000,0.10868529
196.00000000,2302.00000000,0.10885737
196.00000000,2303.00000000,0.10902728
196.00000000,2304.00000000,0.10919513
196.00000000,2305.00000000,0.10936087
196.00000000,2306.00000000,0.10952458
196.00000000,2307.00000000,0.10968627
196.00000000,2308.00000000,0.10984587
196.00000000,2309.00000000,0.11000351
196.00000000,2310.00000000,0.11015918
196.00000000,2311.00000000,0.11031282
196.00000000,2312.00000000,0.11046454
196.00000000,2313.00000000,0.11061433
196.00000000,2314.00000000,0.11076212
196.00000000,2315.00000000,0.11090806
196.00000000,2316.00000000,0.11105207
196.00000000,2317.00000000,0.11119412
196.00000000,2318.00000000,0.11133436
196.00000000,2319.00000000,0.11147264
196.00000000,2320.00000000,0.11160911
196.00000000,2321.00000000,0.11174374
196.00000000,2322.00000000,0.11187642
196.00000000,2323.00000000,0.11200734
196.00000000,2324.00000000,0.11213641
196.00000000,2325.00000000,0.11226356
196.00000000,2326.00000000,0.11238897
196.00000000,2327.00000000,0.11251256
196.00000000,2328.00000000,0.11263420
196.00000000,2329.00000000,0.11275414
196.00000000,2330.00000000,0.11287216
196.00000000,2331.00000000,0.11298845
196.00000000,2332.00000000,0.11310294
196.00000000,2333.00000000,0.11321551
196.00000000,2334.00000000,0.11332634
196.00000000,2335.00000000,0.11343537
196.00000000,2336.00000000,0.11354248
196.00000000,2337.00000000,0.11364786
196.00000000,2338.00000000,0.11375141
196.00000000,2339.00000000,0.11385303
196.00000000,2340.00000000,0.11395290
196.00000000,2341.00000000,0.11405084
196.00000000,2342.00000000,0.11414699
196.00000000,2343.00000000,0.11424125
196.00000000,2344.00000000,0.11433355
196.00000000,2345.00000000,0.11442398
196.00000000,2346.00000000,0.11451240
196.00000000,2347.00000000,0.11415608
196.00000000,2348.00000000,0.11379730
196.00000000,2349.00000000,0.11343606
196.00000000,2350.00000000,0.11307232
196.00000000,2351.00000000,0.11270629
196.00000000,2352.00000000,0.11233794
196.00000000,2353.00000000,0.11196724
196.00000000,2354.00000000,0.11159440
196.00000000,2355.00000000,0.11121931
196.00000000,2356.00000000,0.11084216
196.00000000,2357.00000000,0.11046292
196.00000000,2358.00000000,0.11008159
196.00000000,2359.00000000,0.10969831
196.00000000,2360.00000000,0.10931307
196.00000000,2361.00000000,0.10892584
196.00000000,2362.00000000,0.10853680
196.00000000,2363.00000000,0.10814592
196.00000000,2364.00000000,0.10775317
196.00000000,2365.00000000,0.10735871
196.00000000,2366.00000000,0.10696248
196.00000000,2367.00000000,0.10656460
196.00000000,2368.00000000,0.10616506
196.00000000,2369.00000000,0.10576383
196.00000000,2370.00000000,0.10536108
196.00000000,2371.00000000,0.10495677
196.00000000,2372.00000000,0.10455088
196.00000000,2373.00000000,0.10414355
196.00000000,2374.00000000,0.10373475
196.00000000,2375.00000000,0.10332446
196.00000000,2376.00000000,0.10291285
196.00000000,2377.00000000,0.10249985
196.00000000,2378.00000000,0.10208545
196.00000000,2379.00000000,0.10166981
196.00000000,2380.00000000,0.10125281
196.00000000,2381.00000000,0.10083462
196.00000000,2382.00000000,0.10041521
196.00000000,2383.00000000,0.09999452
196.00000000,2384.00000000,0.09957271
196.00000000,2385.00000000,0.09914978
196.00000000,2386.00000000,0.09872563
196.00000000,2387.00000000,0.09830046
196.00000000,2388.00000000,0.09787422
196.00000000,2389.00000000,0.09744686
196.00000000,2390.00000000,0.09701855
196.00000000,2391.00000000,0.09658915
196.00000000,2392.00000000,0.09615886
196.00000000,2393.00000000,0.09572760
196.00000000,2394.00000000,0.09529535
196.00000000,2395.00000000,0.09486224
196.00000000,2396.00000000,0.09442826
196.00000000,2397.00000000,0.09399333
196.00000000,2398.00000000,0.09355764
196.00000000,2399.00000000,0.09312110
196.00000000,2400.00000000,0.09268372
196.00000000,2401.00000000,0.09224561
196.00000000,2402.00000000,0.09180673
196.00000000,2403.00000000,0.09136705
196.00000000,2404.00000000,0.09092673
196.00000000,2405.00000000,0.09048563
196.00000000,2406.00000000,0.09004392
196.00000000,2407.00000000,0.08960155
196.00000000,2408.00000000,0.08915847
196.00000000,2409.00000000,0.08871484
196.00000000,2410.00000000,0.08827060
196.00000000,2411.00000000,0.08782571
196.00000000,2412.00000000,0.08738029
196.00000000,2413.00000000,0.08693434
196.00000000,2414.00000000,0.08648778
196.00000000,2415.00000000,0.08604077
196.00000000,2416.00000000,0.08559319
196.00000000,2417.00000000,0.08514519
196.00000000,2418.00000000,0.08469671
196.00000000,2419.00000000,0.08424772
196.00000000,2420.00000000,0.08379835
196.00000000,2421.00000000,0.08334856
196.00000000,2422.00000000,0.08289830
196.00000000,2423.00000000,0.08244772
196.00000000,2424.00000000,0.08199676
196.00000000,2425.00000000,0.08154537
196.00000000,2426.00000000,0.08109370
196.00000000,2427.00000000,0.08064163
196.00000000,2428.00000000,0.08018932
196.00000000,2429.00000000,0.07973670
196.00000000,2430.00000000,0.07928374
196.00000000,2431.00000000,0.07883057
196.00000000,2432.00000000,0.07837714
196.00000000,2433.00000000,0.07792339
196.00000000,2434.00000000,0.07746949
196.00000000,2435.00000000,0.07701537
196.00000000,2436.00000000,0.07656100
196.00000000,2437.00000000,0.07610649
196.00000000,2438.00000000,0.07565182
196.00000000,2439.00000000,0.07519693
196.00000000,2440.00000000,0.07474196
196.00000000,2441.00000000,0.07428680
196.00000000,2442.00000000,0.07383162
196.00000000,2443.00000000,0.07337636
196.00000000,2444.00000000,0.07292102
196.00000000,2445.00000000,0.07256144
196.00000000,2446.00000000,0.07248365
196.00000000,2447.00000000,0.07248290
196.00000000,2448.00000000,0.07248236
196.00000000,2449.00000000,0.07248193
196.00000000,2450.00000000,0.07248155
196.00000000,2451.00000000,0.07248136
196.00000000,2452.00000000,0.07249329
196.00000000,2453.00000000,0.07250540
196.00000000,2454.00000000,0.07251761
196.00000000,2455.00000000,0.07252986
196.00000000,2456.00000000,0.07254228
196.00000000,2457.00000000,0.07253093
196.00000000,2458.00000000,0.07251962
196.00000000,2459.00000000,0.07250844
196.00000000,2460.00000000,0.07249735
196.00000000,2461.00000000,0.07248626
196.00000000,2462.00000000,0.07247533
196.00000000,2463.00000000,0.07246448
196.00000000,2464.00000000,0.07245362
196.00000000,2465.00000000,0.07244291
196.00000000,2466.00000000,0.07243220
196.00000000,2467.00000000,0.07242163
196.00000000,2468.00000000,0.07241112
196.00000000,2469.00000000,0.07240062
196.00000000,2470.00000000,0.07239024
196.00000000,2471.00000000,0.07237993
196.00000000,2472.00000000,0.07236856
196.00000000,2473.00000000,0.07235733
196.00000000,2474.00000000,0.07234616
196.00000000,2475.00000000,0.07233497
196.00000000,2476.00000000,0.07232391
196.00000000,2477.00000000,0.07231283
196.00000000,2478.00000000,0.07230187
196.00000000,2479.00000000,0.07229097
196.00000000,2480.00000000,0.07228003
196.00000000,2481.00000000,0.07226922
196.00000000,2482.00000000,0.07225845
196.00000000,2483.00000000,0.07224765
196.00000000,2484.00000000,0.07223698
196.00000000,2485.00000000,0.07222634
196.00000000,2486.00000000,0.07221567
196.00000000,2487.00000000,0.07220512
196.00000000,2488.00000000,0.07219453
196.00000000,2489.00000000,0.07218405
196.00000000,2490.00000000,0.07217362
196.00000000,2491.00000000,0.07216313
196.00000000,2492.00000000,0.07215277
196.00000000,2493.00000000,0.07214244
196.00000000,2494.00000000,0.07213206
196.00000000,2495.00000000,0.07212180
196.00000000,2496.00000000,0.07211156
196.00000000,2497.00000000,0.07210357
196.00000000,2498.00000000,0.07209570
196.00000000,2499.00000000,0.07208785
196.00000000,2500.00000000,0.07207995
197.00000000,1765.00000000,0.04731434
197.00000000,1766.00000000,0.04731432
197.00000000,1767.00000000,0.04731442
197.00000000,1768.00000000,0.04731455
197.00000000,1769.00000000,0.04731455
197.00000000,1770.00000000,0.04731492
197.00000000,1771.00000000,0.04731524
197.00000000,1772.00000000,0.04731567
197.00000000,1773.00000000,0.04731611
197.00000000,1774.00000000,0.04731667
197.00000000,1775.00000000,0.04731748
197.00000000,1776.00000000,0.04731823
197.00000000,1777.00000000,0.04731913
197.00000000,1778.00000000,0.04732005
197.00000000,1779.00000000,0.04732122
197.00000000,1780.00000000,0.04732233
197.00000000,1781.00000000,0.04732349
197.00000000,1782.00000000,0.04732482
197.00000000,1783.00000000,0.04732613
197.00000000,1784.00000000,0.04732768
197.00000000,1785.00000000,0.04732917
197.00000000,1786.00000000,0.04733066
197.00000000,1787.00000000,0.04733238
197.00000000,1788.00000000,0.04733397
197.00000000,1789.00000000,0.04733578
197.00000000,1790.00000000,0.04733761
197.00000000,1791.00000000,0.04733945
197.00000000,1792.00000000,0.04734133
197.00000000,1793.00000000,0.04734318
197.00000000,1794.00000000,0.04734516
197.00000000,1795.00000000,0.04734717
197.00000000,1796.00000000,0.04734922
197.00000000,1797.00000000,0.04735143
197.00000000,1798.00000000,0.04735352
197.00000000,1799.00000000,0.04735561
197.00000000,1800.00000000,0.04735779
197.00000000,1801.00000000,0.04736007
197.00000000,1802.00000000,0.04736222
197.00000000,1803.00000000,0.04736456
197.00000000,1804.00000000,0.04736673
197.00000000,1805.00000000,0.04736903
197.00000000,1806.00000000,0.04737141
197.00000000,1807.00000000,0.04737376
197.00000000,1808.00000000,0.04737607
197.00000000,1809.00000000,0.04737841
197.00000000,1810.00000000,0.04738079
197.00000000,1811.00000000,0.04738323
197.00000000,1812.00000000,0.04738565
197.00000000,1813.00000000,0.04738806
197.00000000,1814.00000000,0.04739047
197.00000000,1815.00000000,0.04739294
197.00000000,1816.00000000,0.04739535
197.00000000,1817.00000000,0.04739791
197.00000000,1818.00000000,0.04740020
197.00000000,1819.00000000,0.04740266
197.00000000,1820.00000000,0.04740514
197.00000000,1821.00000000,0.04740763
197.00000000,1822.00000000,0.04741006
197.00000000,1823.00000000,0.04741247
197.00000000,1824.00000000,0.04741499
197.00000000,1825.00000000,0.04741743
197.00000000,1826.00000000,0.04741989
197.00000000,1827.00000000,0.04742230
197.00000000,1828.00000000,0.04742479
197.00000000,1829.00000000,0.04742715
197.00000000,1830.00000000,0.04742961
197.00000000,1831.00000000,0.04743207
197.00000000,1832.00000000,0.04743439
197.00000000,1833.00000000,0.04743685
197.00000000,1834.00000000,0.04743929
197.00000000,1835.00000000,0.04744157
197.00000000,1836.00000000,0.04744399
197.00000000,1837.00000000,0.04744634
197.00000000,1838.00000000,0.04744859
197.00000000,1839.00000000,0.04745096
197.00000000,1840.00000000,0.04745334
197.00000000,1841.00000000,0.04745550
197.00000000,1842.00000000,0.04745776
197.00000000,1843.00000000,0.04746001
197.00000000,1844.00000000,0.04746224
197.00000000,1845.00000000,0.04746444
197.00000000,1846.00000000,0.04746669
197.00000000,1847.00000000,0.04746882
197.00000000,1848.00000000,0.04747103
197.00000000,1849.00000000,0.04747302
197.00000000,1850.00000000,0.04747507
197.00000000,1851.00000000,0.04747712
197.00000000,1852.00000000,0.04747924
197.00000000,1853.00000000,0.04748140
197.00000000,1854.00000000,0.04748373
197.00000000,1855.00000000,0.04748601
197.00000000,1856.00000000,0.04748820
197.00000000,1857.00000000,0.04749036
197.00000000,1858.00000000,0.04749251
197.00000000,1859.00000000,0.04749444
197.00000000,1860.00000000,0.04749648
197.00000000,1861.00000000,0.04749843
197.00000000,1862.00000000,0.04750024
197.00000000,1863.00000000,0.04750164
197.00000000,1864.00000000,0.04750273
197.00000000,1865.00000000,0.04750360
197.00000000,1866.00000000,0.04750417
197.00000000,1867.00000000,0.04750455
197.00000000,1868.00000000,0.04750470
197.00000000,1869.00000000,0.04750477
197.00000000,1870.00000000,0.04750463
197.00000000,1871.00000000,0.04750443
197.00000000,1872.00000000,0.04750427
197.00000000,1873.00000000,0.04750459
197.00000000,1874.00000000,0.04750513
197.00000000,1875.00000000,0.04750592
197.00000000,1876.00000000,0.04750695
197.00000000,1877.00000000,0.04750801
197.00000000,1878.00000000,0.04750915
197.00000000,1879.00000000,0.04751039
197.00000000,1880.00000000,0.04751172
197.00000000,1881.00000000,0.04751297
197.00000000,1882.00000000,0.04751425
197.00000000,1883.00000000,0.04751523
197.00000000,1884.00000000,0.04751600
197.00000000,1885.00000000,0.04751656
197.00000000,1886.00000000,0.04751698
197.00000000,1887.00000000,0.04751733
197.00000000,1888.00000000,0.04751754
197.00000000,1889.00000000,0.04751756
197.00000000,1890.00000000,0.04751737
197.00000000,1891.00000000,0.04751699
197.00000000,1892.00000000,0.04751640
197.00000000,1893.00000000,0.04751571
197.00000000,1894.00000000,0.04751499
197.00000000,1895.00000000,0.04751433
197.00000000,1896.00000000,0.04751366
197.00000000,1897.00000000,0.04751295
197.00000000,1898.00000000,0.04751223
197.00000000,1899.00000000,0.04751131
197.00000000,1900.00000000,0.04751017
197.00000000,1901.00000000,0.04750896
197.00000000,1902.00000000,0.04750768
197.00000000,1903.00000000,0.04750651
197.00000000,1904.00000000,0.04750544
197.00000000,1905.00000000,0.04750446
197.00000000,1906.00000000,0.04750350
197.00000000,1907.00000000,0.04750277
197.00000000,1908.00000000,0.04750191
197.00000000,1909.00000000,0.04750101
197.00000000,1910.00000000,0.04750016
197.00000000,1911.00000000,0.04749912
197.00000000,1912.00000000,0.04749771
197.00000000,1913.00000000,0.04749573
197.00000000,1914.00000000,0.04749317
197.00000000,1915.00000000,0.04749023
197.00000000,1916.00000000,0.04748729
197.00000000,1917.00000000,0.04748433
197.00000000,1918.00000000,0.04748122
197.00000000,1919.00000000,0.04747814
197.00000000,1920.00000000,0.04747534
197.00000000,1921.00000000,0.04747296
197.00000000,1922.00000000,0.04747112
197.00000000,1923.00000000,0.04746971
197.00000000,1924.00000000,0.04746834
197.00000000,1925.00000000,0.04746690
197.00000000,1926.00000000,0.04746536
197.00000000,1927.00000000,0.04746382
197.00000000,1928.00000000,0.04746232
197.00000000,1929.00000000,0.04746077
197.00000000,1930.00000000,0.04745933
197.00000000,1931.00000000,0.04745850
197.00000000,1932.00000000,0.04745848
197.00000000,1933.00000000,0.04745892
197.00000000,1934.00000000,0.04745961
197.00000000,1935.00000000,0.04746032
197.00000000,1936.00000000,0.04746068
197.00000000,1937.00000000,0.04746040
197.00000000,1938.00000000,0.04745936
197.00000000,1939.00000000,0.04745772
197.00000000,1940.00000000,0.04745567
197.00000000,1941.00000000,0.04745298
197.00000000,1942.00000000,0.04744959
197.00000000,1943.00000000,0.04744579
197.00000000,1944.00000000,0.04744166
197.00000000,1945.00000000,0.04743750
197.00000000,1946.00000000,0.04743392
197.00000000,1947.00000000,0.04743136
197.00000000,1948.00000000,0.04742931
197.00000000,1949.00000000,0.04742731
197.00000000,1950.00000000,0.04742523
197.00000000,1951.00000000,0.04742306
197.00000000,1952.00000000,0.04742133
197.00000000,1953.00000000,0.04741975
197.00000000,1954.00000000,0.04741817
197.00000000,1955.00000000,0.04741677
197.00000000,1956.00000000,0.04741540
197.00000000,1957.00000000,0.04741387
197.00000000,1958.00000000,0.04741207
197.00000000,1959.00000000,0.04740994
197.00000000,1960.00000000,0.04740668
197.00000000,1961.00000000,0.04740238
197.00000000,1962.00000000,0.04739756
197.00000000,1963.00000000,0.04739655
197.00000000,1964.00000000,0.04739053
197.00000000,1965.00000000,0.04738372
197.00000000,1966.00000000,0.04737610
197.00000000,1967.00000000,0.04736765
197.00000000,1968.00000000,0.04735979
197.00000000,1969.00000000,0.04734916
197.00000000,1970.00000000,0.04733700
197.00000000,1971.00000000,0.04732279
197.00000000,1972.00000000,0.04730608
197.00000000,1973.00000000,0.04728712
197.00000000,1974.00000000,0.04726634
197.00000000,1975.00000000,0.04724454
197.00000000,1976.00000000,0.04722239
197.00000000,1977.00000000,0.04720037
197.00000000,1978.00000000,0.04717969
197.00000000,1979.00000000,0.04715732
197.00000000,1980.00000000,0.04713455
197.00000000,1981.00000000,0.04711167
197.00000000,1982.00000000,0.04708995
197.00000000,1983.00000000,0.04707084
197.00000000,1984.00000000,0.04705427
197.00000000,1985.00000000,0.04703960
197.00000000,1986.00000000,0.04702603
197.00000000,1987.00000000,0.04701297
197.00000000,1988.00000000,0.04700147
197.00000000,1989.00000000,0.04698833
197.00000000,1990.00000000,0.04697481
197.00000000,1991.00000000,0.04696114
197.00000000,1992.00000000,0.04694771
197.00000000,1993.00000000,0.04693466
197.00000000,1994.00000000,0.04692370
197.00000000,1995.00000000,0.04691174
197.00000000,1996.00000000,0.04689990
197.00000000,1997.00000000,0.04688918
197.00000000,1998.00000000,0.04687649
197.00000000,1999.00000000,0.04686659
197.00000000,2000.00000000,0.04685244
197.00000000,2001.00000000,0.04683946
197.00000000,2002.00000000,0.04682624
197.00000000,2003.00000000,0.04681445
197.00000000,2004.00000000,0.04680044
197.00000000,2005.00000000,0.04678478
197.00000000,2006.00000000,0.04676671
197.00000000,2007.00000000,0.04674613
197.00000000,2008.00000000,0.04672483
197.00000000,2009.00000000,0.04670013
197.00000000,2010.00000000,0.04667361
197.00000000,2011.00000000,0.04664544
197.00000000,2012.00000000,0.04661709
197.00000000,2013.00000000,0.04658713
197.00000000,2014.00000000,0.04655546
197.00000000,2015.00000000,0.04652068
197.00000000,2016.00000000,0.04648433
197.00000000,2017.00000000,0.04644641
197.00000000,2018.00000000,0.04640697
197.00000000,2019.00000000,0.04636762
197.00000000,2020.00000000,0.04632694
197.00000000,2021.00000000,0.04628357
197.00000000,2022.00000000,0.04624056
197.00000000,2023.00000000,0.04619521
197.00000000,2024.00000000,0.04615044
197.00000000,2025.00000000,0.04610355
197.00000000,2026.00000000,0.04605602
197.00000000,2027.00000000,0.04601647
197.00000000,2028.00000000,0.04596648
197.00000000,2029.00000000,0.04591739
197.00000000,2030.00000000,0.04586934
197.00000000,2031.00000000,0.04581943
197.00000000,2032.00000000,0.04577040
197.00000000,2033.00000000,0.04572495
197.00000000,2034.00000000,0.04567314
197.00000000,2035.00000000,0.04562188
197.00000000,2036.00000000,0.04556984
197.00000000,2037.00000000,0.04551833
197.00000000,2038.00000000,0.04546468
197.00000000,2039.00000000,0.04541166
197.00000000,2040.00000000,0.04535648
197.00000000,2041.00000000,0.04530198
197.00000000,2042.00000000,0.04524947
197.00000000,2043.00000000,0.04519041
197.00000000,2044.00000000,0.04513457
197.00000000,2045.00000000,0.04507495
197.00000000,2046.00000000,0.04501707
197.00000000,2047.00000000,0.04495963
197.00000000,2048.00000000,0.04489569
197.00000000,2049.00000000,0.04483506
197.00000000,2050.00000000,0.04477220
197.00000000,2051.00000000,0.04471946
197.00000000,2052.00000000,0.04465495
197.00000000,2053.00000000,0.04459381
197.00000000,2054.00000000,0.04452648
197.00000000,2055.00000000,0.04445856
197.00000000,2056.00000000,0.04439550
197.00000000,2057.00000000,0.04433591
197.00000000,2058.00000000,0.04427035
197.00000000,2059.00000000,0.04420155
197.00000000,2060.00000000,0.04413905
197.00000000,2061.00000000,0.04407764
197.00000000,2062.00000000,0.04401483
197.00000000,2063.00000000,0.04394700
197.00000000,2064.00000000,0.04388678
197.00000000,2065.00000000,0.04382291
197.00000000,2066.00000000,0.04376255
197.00000000,2067.00000000,0.04370036
197.00000000,2068.00000000,0.04364435
197.00000000,2069.00000000,0.04359989
197.00000000,2070.00000000,0.04354815
197.00000000,2071.00000000,0.04346913
197.00000000,2072.00000000,0.04342299
197.00000000,2073.00000000,0.04336336
197.00000000,2074.00000000,0.04330504
197.00000000,2075.00000000,0.04324603
197.00000000,2076.00000000,0.04320485
197.00000000,2077.00000000,0.04318082
197.00000000,2078.00000000,0.04313295
197.00000000,2079.00000000,0.04309410
197.00000000,2080.00000000,0.04306030
197.00000000,2081.00000000,0.04301057
197.00000000,2082.00000000,0.04296071
197.00000000,2083.00000000,0.04291481
197.00000000,2084.00000000,0.04288332
197.00000000,2085.00000000,0.04287658
197.00000000,2086.00000000,0.04282945
197.00000000,2087.00000000,0.04282130
197.00000000,2088.00000000,0.04279746
197.00000000,2089.00000000,0.04275660
197.00000000,2090.00000000,0.04270910
197.00000000,2091.00000000,0.04268482
197.00000000,2092.00000000,0.04267470
197.00000000,2093.00000000,0.04265295
197.00000000,2094.00000000,0.04264295
197.00000000,2095.00000000,0.04263948
197.00000000,2096.00000000,0.04265924
197.00000000,2097.00000000,0.04266102
197.00000000,2098.00000000,0.04265248
197.00000000,2099.00000000,0.04264008
197.00000000,2100.00000000,0.04267635
197.00000000,2101.00000000,0.04265727
197.00000000,2102.00000000,0.04268044
197.00000000,2103.00000000,0.04271123
197.00000000,2104.00000000,0.04278537
197.00000000,2105.00000000,0.04271876
197.00000000,2106.00000000,0.04274144
197.00000000,2107.00000000,0.04276385
197.00000000,2108.00000000,0.04276557
197.00000000,2109.00000000,0.04280137
197.00000000,2110.00000000,0.04286476
197.00000000,2111.00000000,0.04272923
197.00000000,2112.00000000,0.04269773
197.00000000,2113.00000000,0.04276258
197.00000000,2114.00000000,0.04281685
197.00000000,2115.00000000,0.04277924
197.00000000,2116.00000000,0.04260170
197.00000000,2117.00000000,0.04274980
197.00000000,2118.00000000,0.04257551
197.00000000,2119.00000000,0.04261893
197.00000000,2120.00000000,0.04276836
197.00000000,2121.00000000,0.04275149
197.00000000,2122.00000000,0.04275954
197.00000000,2123.00000000,0.04276333
197.00000000,2124.00000000,0.04285772
197.00000000,2125.00000000,0.04285676
197.00000000,2126.00000000,0.04295370
197.00000000,2127.00000000,0.04283403
197.00000000,2128.00000000,0.04268845
197.00000000,2129.00000000,0.04256880
197.00000000,2130.00000000,0.04262541
197.00000000,2131.00000000,0.04272588
197.00000000,2132.00000000,0.04279458
197.00000000,2133.00000000,0.04292602
197.00000000,2134.00000000,0.04302810
197.00000000,2135.00000000,0.04294718
197.00000000,2136.00000000,0.04301458
197.00000000,2137.00000000,0.04315468
197.00000000,2138.00000000,0.04320511
197.00000000,2139.00000000,0.04322251
197.00000000,2140.00000000,0.04329243
197.00000000,2141.00000000,0.04329162
197.00000000,2142.00000000,0.04302143
197.00000000,2143.00000000,0.04313119
197.00000000,2144.00000000,0.04333799
197.00000000,2145.00000000,0.04344937
197.00000000,2146.00000000,0.04340245
197.00000000,2147.00000000,0.04368520
197.00000000,2148.00000000,0.04387764
197.00000000,2149.00000000,0.04393313
197.00000000,2150.00000000,0.04401116
197.00000000,2151.00000000,0.04406424
197.00000000,2152.00000000,0.04431305
197.00000000,2153.00000000,0.04451061
197.00000000,2154.00000000,0.04465711
197.00000000,2155.00000000,0.04476645
197.00000000,2156.00000000,0.04496935
197.00000000,2157.00000000,0.04515400
197.00000000,2158.00000000,0.04521862
197.00000000,2159.00000000,0.04539829
197.00000000,2160.00000000,0.04563403
197.00000000,2161.00000000,0.04588808
197.00000000,2162.00000000,0.04611629
197.00000000,2163.00000000,0.04637653
197.00000000,2164.00000000,0.04657167
197.00000000,2165.00000000,0.04685919
197.00000000,2166.00000000,0.04719382
197.00000000,2167.00000000,0.04761215
197.00000000,2168.00000000,0.04788044
197.00000000,2169.00000000,0.04816782
197.00000000,2170.00000000,0.04854384
197.00000000,2171.00000000,0.04863506
197.00000000,2172.00000000,0.04868033
197.00000000,2173.00000000,0.04910442
197.00000000,2174.00000000,0.04937641
197.00000000,2175.00000000,0.04956177
197.00000000,2176.00000000,0.05001109
197.00000000,2177.00000000,0.05003389
197.00000000,2178.00000000,0.04991938
197.00000000,2179.00000000,0.04996319
197.00000000,2180.00000000,0.05003961
197.00000000,2181.00000000,0.05036989
197.00000000,2182.00000000,0.05066951
197.00000000,2183.00000000,0.05098699
197.00000000,2184.00000000,0.05127740
197.00000000,2185.00000000,0.05165742
197.00000000,2186.00000000,0.05192924
197.00000000,2187.00000000,0.05211290
197.00000000,2188.00000000,0.05234466
197.00000000,2189.00000000,0.05230977
197.00000000,2190.00000000,0.05243497
197.00000000,2191.00000000,0.05270691
197.00000000,2192.00000000,0.05299667
197.00000000,2193.00000000,0.05329911
197.00000000,2194.00000000,0.05356624
197.00000000,2195.00000000,0.05365345
197.00000000,2196.00000000,0.05375821
197.00000000,2197.00000000,0.05410657
197.00000000,2198.00000000,0.05445132
197.00000000,2199.00000000,0.05465812
197.00000000,2200.00000000,0.05523996
197.00000000,2201.00000000,0.05588989
197.00000000,2202.00000000,0.05642964
197.00000000,2203.00000000,0.05682978
197.00000000,2204.00000000,0.05723324
197.00000000,2205.00000000,0.05764013
197.00000000,2206.00000000,0.05805005
197.00000000,2207.00000000,0.05846308
197.00000000,2208.00000000,0.05897241
197.00000000,2209.00000000,0.05948524
197.00000000,2210.00000000,0.06000162
197.00000000,2211.00000000,0.06052150
197.00000000,2212.00000000,0.06104484
197.00000000,2213.00000000,0.06157167
197.00000000,2214.00000000,0.06210196
197.00000000,2215.00000000,0.06263565
197.00000000,2216.00000000,0.06317278
197.00000000,2217.00000000,0.06371329
197.00000000,2218.00000000,0.06421517
197.00000000,2219.00000000,0.06472028
197.00000000,2220.00000000,0.06522857
197.00000000,2221.00000000,0.06574010
197.00000000,2222.00000000,0.06625488
197.00000000,2223.00000000,0.06677289
197.00000000,2224.00000000,0.06729422
197.00000000,2225.00000000,0.06781887
197.00000000,2226.00000000,0.06834685
197.00000000,2227.00000000,0.06887827
197.00000000,2228.00000000,0.06950222
197.00000000,2229.00000000,0.07013000
197.00000000,2230.00000000,0.07076163
197.00000000,2231.00000000,0.07139711
197.00000000,2232.00000000,0.07203638
197.00000000,2233.00000000,0.07267949
197.00000000,2234.00000000,0.07332637
197.00000000,2235.00000000,0.07397708
197.00000000,2236.00000000,0.07463162
197.00000000,2237.00000000,0.07528992
197.00000000,2238.00000000,0.07601835
197.00000000,2239.00000000,0.07675089
197.00000000,2240.00000000,0.07748747
197.00000000,2241.00000000,0.07822812
197.00000000,2242.00000000,0.07897279
197.00000000,2243.00000000,0.07972143
197.00000000,2244.00000000,0.08047404
197.00000000,2245.00000000,0.08123055
197.00000000,2246.00000000,0.08199100
197.00000000,2247.00000000,0.08275530
197.00000000,2248.00000000,0.08351957
197.00000000,2249.00000000,0.08428757
197.00000000,2250.00000000,0.08505864
197.00000000,2251.00000000,0.08583161
197.00000000,2252.00000000,0.08660544
197.00000000,2253.00000000,0.08737941
197.00000000,2254.00000000,0.08815312
197.00000000,2255.00000000,0.08892642
197.00000000,2256.00000000,0.08969911
197.00000000,2257.00000000,0.09047099
197.00000000,2258.00000000,0.09109105
197.00000000,2259.00000000,0.09170949
197.00000000,2260.00000000,0.09232636
197.00000000,2261.00000000,0.09294164
197.00000000,2262.00000000,0.09355538
197.00000000,2263.00000000,0.09416769
197.00000000,2264.00000000,0.09477856
197.00000000,2265.00000000,0.09538796
197.00000000,2266.00000000,0.09599593
197.00000000,2267.00000000,0.09660241
197.00000000,2268.00000000,0.09706894
197.00000000,2269.00000000,0.09753348
197.00000000,2270.00000000,0.09799596
197.00000000,2271.00000000,0.09845649
197.00000000,2272.00000000,0.09891505
197.00000000,2273.00000000,0.09937162
197.00000000,2274.00000000,0.09982627
197.00000000,2275.00000000,0.10027899
197.00000000,2276.00000000,0.10072974
197.00000000,2277.00000000,0.10117859
197.00000000,2278.00000000,0.10154722
197.00000000,2279.00000000,0.10191362
197.00000000,2280.00000000,0.10227794
197.00000000,2281.00000000,0.10264008
197.00000000,2282.00000000,0.10300018
197.00000000,2283.00000000,0.10335819
197.00000000,2284.00000000,0.10371411
197.00000000,2285.00000000,0.10406801
197.00000000,2286.00000000,0.10441988
197.00000000,2287.00000000,0.10476965
197.00000000,2288.00000000,0.10503584
197.00000000,2289.00000000,0.10529976
197.00000000,2290.00000000,0.10556143
197.00000000,2291.00000000,0.10582095
197.00000000,2292.00000000,0.10607831
197.00000000,2293.00000000,0.10633347
197.00000000,2294.00000000,0.10658656
197.00000000,2295.00000000,0.10683751
197.00000000,2296.00000000,0.10708641
197.00000000,2297.00000000,0.10733326
197.00000000,2298.00000000,0.10751478
197.00000000,2299.00000000,0.10769417
197.00000000,2300.00000000,0.10787140
197.00000000,2301.00000000,0.10804640
197.00000000,2302.00000000,0.10821935
197.00000000,2303.00000000,0.10839017
197.00000000,2304.00000000,0.10855886
197.00000000,2305.00000000,0.10872552
197.00000000,2306.00000000,0.10889006
197.00000000,2307.00000000,0.10905263
197.00000000,2308.00000000,0.10921319
197.00000000,2309.00000000,0.10937167
197.00000000,2310.00000000,0.10952824
197.00000000,2311.00000000,0.10968285
197.00000000,2312.00000000,0.10983542
197.00000000,2313.00000000,0.10998613
197.00000000,2314.00000000,0.11013492
197.00000000,2315.00000000,0.11028173
197.00000000,2316.00000000,0.11042668
197.00000000,2317.00000000,0.11056977
197.00000000,2318.00000000,0.11071089
197.00000000,2319.00000000,0.11085020
197.00000000,2320.00000000,0.11098759
197.00000000,2321.00000000,0.11112320
197.00000000,2322.00000000,0.11125697
197.00000000,2323.00000000,0.11138879
197.00000000,2324.00000000,0.11151889
197.00000000,2325.00000000,0.11164717
197.00000000,2326.00000000,0.11177352
197.00000000,2327.00000000,0.11189815
197.00000000,2328.00000000,0.11202096
197.00000000,2329.00000000,0.11214187
197.00000000,2330.00000000,0.11226107
197.00000000,2331.00000000,0.11237837
197.00000000,2332.00000000,0.11249396
197.00000000,2333.00000000,0.11260773
197.00000000,2334.00000000,0.11271962
197.00000000,2335.00000000,0.11282980
197.00000000,2336.00000000,0.11293818
197.00000000,2337.00000000,0.11304465
197.00000000,2338.00000000,0.11314940
197.00000000,2339.00000000,0.11325233
197.00000000,2340.00000000,0.11335336
197.00000000,2341.00000000,0.11345263
197.00000000,2342.00000000,0.11354999
197.00000000,2343.00000000,0.11364556
197.00000000,2344.00000000,0.11373928
197.00000000,2345.00000000,0.11383104
197.00000000,2346.00000000,0.11392094
197.00000000,2347.00000000,0.11400884
197.00000000,2348.00000000,0.11365396
197.00000000,2349.00000000,0.11329664
197.00000000,2350.00000000,0.11293687
197.00000000,2351.00000000,0.11257461
197.00000000,2352.00000000,0.11221008
197.00000000,2353.00000000,0.11184325
197.00000000,2354.00000000,0.11147408
197.00000000,2355.00000000,0.11110278
197.00000000,2356.00000000,0.11072925
197.00000000,2357.00000000,0.11035367
197.00000000,2358.00000000,0.10997602
197.00000000,2359.00000000,0.10959628
197.00000000,2360.00000000,0.10921460
197.00000000,2361.00000000,0.10883098
197.00000000,2362.00000000,0.10844538
197.00000000,2363.00000000,0.10805797
197.00000000,2364.00000000,0.10766874
197.00000000,2365.00000000,0.10727764
197.00000000,2366.00000000,0.10688485
197.00000000,2367.00000000,0.10649029
197.00000000,2368.00000000,0.10609410
197.00000000,2369.00000000,0.10569625
197.00000000,2370.00000000,0.10529673
197.00000000,2371.00000000,0.10489568
197.00000000,2372.00000000,0.10449309
197.00000000,2373.00000000,0.10408893
197.00000000,2374.00000000,0.10368333
197.00000000,2375.00000000,0.10327628
197.00000000,2376.00000000,0.10286776
197.00000000,2377.00000000,0.10245789
197.00000000,2378.00000000,0.10204666
197.00000000,2379.00000000,0.10163402
197.00000000,2380.00000000,0.10122017
197.00000000,2381.00000000,0.10080495
197.00000000,2382.00000000,0.10038855
197.00000000,2383.00000000,0.09997094
197.00000000,2384.00000000,0.09955206
197.00000000,2385.00000000,0.09913206
197.00000000,2386.00000000,0.09871094
197.00000000,2387.00000000,0.09828862
197.00000000,2388.00000000,0.09786529
197.00000000,2389.00000000,0.09744088
197.00000000,2390.00000000,0.09701536
197.00000000,2391.00000000,0.09658888
197.00000000,2392.00000000,0.09616136
197.00000000,2393.00000000,0.09573290
197.00000000,2394.00000000,0.09530350
197.00000000,2395.00000000,0.09487312
197.00000000,2396.00000000,0.09444189
197.00000000,2397.00000000,0.09400977
197.00000000,2398.00000000,0.09357674
197.00000000,2399.00000000,0.09314291
197.00000000,2400.00000000,0.09270828
197.00000000,2401.00000000,0.09227277
197.00000000,2402.00000000,0.09183656
197.00000000,2403.00000000,0.09139960
197.00000000,2404.00000000,0.09096182
197.00000000,2405.00000000,0.09052340
197.00000000,2406.00000000,0.09008423
197.00000000,2407.00000000,0.08964443
197.00000000,2408.00000000,0.08920399
197.00000000,2409.00000000,0.08876284
197.00000000,2410.00000000,0.08832114
197.00000000,2411.00000000,0.08787882
197.00000000,2412.00000000,0.08743586
197.00000000,2413.00000000,0.08699240
197.00000000,2414.00000000,0.08654839
197.00000000,2415.00000000,0.08610377
197.00000000,2416.00000000,0.08565870
197.00000000,2417.00000000,0.08521307
197.00000000,2418.00000000,0.08476701
197.00000000,2419.00000000,0.08432050
197.00000000,2420.00000000,0.08387346
197.00000000,2421.00000000,0.08342605
197.00000000,2422.00000000,0.08297823
197.00000000,2423.00000000,0.08252993
197.00000000,2424.00000000,0.08208130
197.00000000,2425.00000000,0.08163231
197.00000000,2426.00000000,0.08118288
197.00000000,2427.00000000,0.08073318
197.00000000,2428.00000000,0.08028309
197.00000000,2429.00000000,0.07983275
197.00000000,2430.00000000,0.07938211
197.00000000,2431.00000000,0.07893111
197.00000000,2432.00000000,0.07847992
197.00000000,2433.00000000,0.07802847
197.00000000,2434.00000000,0.07757671
197.00000000,2435.00000000,0.07712479
197.00000000,2436.00000000,0.07667265
197.00000000,2437.00000000,0.07622026
197.00000000,2438.00000000,0.07576774
197.00000000,2439.00000000,0.07531506
197.00000000,2440.00000000,0.07486215
197.00000000,2441.00000000,0.07440917
197.00000000,2442.00000000,0.07395599
197.00000000,2443.00000000,0.07350280
197.00000000,2444.00000000,0.07304953
197.00000000,2445.00000000,0.07259618
197.00000000,2446.00000000,0.07223817
197.00000000,2447.00000000,0.07216069
197.00000000,2448.00000000,0.07215991
197.00000000,2449.00000000,0.07215933
197.00000000,2450.00000000,0.07215886
197.00000000,2451.00000000,0.07215845
197.00000000,2452.00000000,0.07215822
197.00000000,2453.00000000,0.07217005
197.00000000,2454.00000000,0.07218207
197.00000000,2455.00000000,0.07219419
197.00000000,2456.00000000,0.07220634
197.00000000,2457.00000000,0.07221867
197.00000000,2458.00000000,0.07220734
197.00000000,2459.00000000,0.07219602
197.00000000,2460.00000000,0.07218484
197.00000000,2461.00000000,0.07217377
197.00000000,2462.00000000,0.07216269
197.00000000,2463.00000000,0.07215176
197.00000000,2464.00000000,0.07214092
197.00000000,2465.00000000,0.07213006
197.00000000,2466.00000000,0.07211936
197.00000000,2467.00000000,0.07210866
197.00000000,2468.00000000,0.07209810
197.00000000,2469.00000000,0.07208759
197.00000000,2470.00000000,0.07207709
197.00000000,2471.00000000,0.07206671
197.00000000,2472.00000000,0.07205641
197.00000000,2473.00000000,0.07204506
197.00000000,2474.00000000,0.07203384
197.00000000,2475.00000000,0.07202268
197.00000000,2476.00000000,0.07201149
197.00000000,2477.00000000,0.07200044
197.00000000,2478.00000000,0.07198936
197.00000000,2479.00000000,0.07197841
197.00000000,2480.00000000,0.07196750
197.00000000,2481.00000000,0.07195657
197.00000000,2482.00000000,0.07194577
197.00000000,2483.00000000,0.07193501
197.00000000,2484.00000000,0.07192422
197.00000000,2485.00000000,0.07191355
197.00000000,2486.00000000,0.07190292
197.00000000,2487.00000000,0.07189225
197.00000000,2488.00000000,0.07188171
197.00000000,2489.00000000,0.07187111
197.00000000,2490.00000000,0.07186065
197.00000000,2491.00000000,0.07185022
197.00000000,2492.00000000,0.07183973
197.00000000,2493.00000000,0.07182937
197.00000000,2494.00000000,0.07181905
197.00000000,2495.00000000,0.07180868
197.00000000,2496.00000000,0.07179842
197.00000000,2497.00000000,0.07178818
197.00000000,2498.00000000,0.07178018
197.00000000,2499.00000000,0.07177230
197.00000000,2500.00000000,0.07176445
198.00000000,1765.00000000,0.04704326
198.00000000,1766.00000000,0.04704332
198.00000000,1767.00000000,0.04704333
198.00000000,1768.00000000,0.04704349
198.00000000,1769.00000000,0.04704369
198.00000000,1770.00000000,0.04704377
198.00000000,1771.00000000,0.04704423
198.00000000,1772.00000000,0.04704464
198.00000000,1773.00000000,0.04704515
198.00000000,1774.00000000,0.04704568
198.00000000,1775.00000000,0.04704633
198.00000000,1776.00000000,0.04704723
198.00000000,1777.00000000,0.04704806
198.00000000,1778.00000000,0.04704905
198.00000000,1779.00000000,0.04705004
198.00000000,1780.00000000,0.04705130
198.00000000,1781.00000000,0.04705247
198.00000000,1782.00000000,0.04705370
198.00000000,1783.00000000,0.04705510
198.00000000,1784.00000000,0.04705647
198.00000000,1785.00000000,0.04705807
198.00000000,1786.00000000,0.04705961
198.00000000,1787.00000000,0.04706116
198.00000000,1788.00000000,0.04706292
198.00000000,1789.00000000,0.04706457
198.00000000,1790.00000000,0.04706642
198.00000000,1791.00000000,0.04706829
198.00000000,1792.00000000,0.04707016
198.00000000,1793.00000000,0.04707207
198.00000000,1794.00000000,0.04707396
198.00000000,1795.00000000,0.04707596
198.00000000,1796.00000000,0.04707800
198.00000000,1797.00000000,0.04708008
198.00000000,1798.00000000,0.04708230
198.00000000,1799.00000000,0.04708441
198.00000000,1800.00000000,0.04708652
198.00000000,1801.00000000,0.04708872
198.00000000,1802.00000000,0.04709100
198.00000000,1803.00000000,0.04709316
198.00000000,1804.00000000,0.04709550
198.00000000,1805.00000000,0.04709769
198.00000000,1806.00000000,0.04710000
198.00000000,1807.00000000,0.04710237
198.00000000,1808.00000000,0.04710473
198.00000000,1809.00000000,0.04710705
198.00000000,1810.00000000,0.04710938
198.00000000,1811.00000000,0.04711177
198.00000000,1812.00000000,0.04711421
198.00000000,1813.00000000,0.04711662
198.00000000,1814.00000000,0.04711903
198.00000000,1815.00000000,0.04712143
198.00000000,1816.00000000,0.04712390
198.00000000,1817.00000000,0.04712630
198.00000000,1818.00000000,0.04712884
198.00000000,1819.00000000,0.04713112
198.00000000,1820.00000000,0.04713357
198.00000000,1821.00000000,0.04713604
198.00000000,1822.00000000,0.04713852
198.00000000,1823.00000000,0.04714094
198.00000000,1824.00000000,0.04714333
198.00000000,1825.00000000,0.04714583
198.00000000,1826.00000000,0.04714825
198.00000000,1827.00000000,0.04715069
198.00000000,1828.00000000,0.04715308
198.00000000,1829.00000000,0.04715556
198.00000000,1830.00000000,0.04715790
198.00000000,1831.00000000,0.04716033
198.00000000,1832.00000000,0.04716276
198.00000000,1833.00000000,0.04716506
198.00000000,1834.00000000,0.04716749
198.00000000,1835.00000000,0.04716991
198.00000000,1836.00000000,0.04717217
198.00000000,1837.00000000,0.04717455
198.00000000,1838.00000000,0.04717687
198.00000000,1839.00000000,0.04717909
198.00000000,1840.00000000,0.04718144
198.00000000,1841.00000000,0.04718378
198.00000000,1842.00000000,0.04718591
198.00000000,1843.00000000,0.04718815
198.00000000,1844.00000000,0.04719037
198.00000000,1845.00000000,0.04719256
198.00000000,1846.00000000,0.04719473
198.00000000,1847.00000000,0.04719694
198.00000000,1848.00000000,0.04719903
198.00000000,1849.00000000,0.04720121
198.00000000,1850.00000000,0.04720316
198.00000000,1851.00000000,0.04720516
198.00000000,1852.00000000,0.04720716
198.00000000,1853.00000000,0.04720948
198.00000000,1854.00000000,0.04721171
198.00000000,1855.00000000,0.04721400
198.00000000,1856.00000000,0.04721619
198.00000000,1857.00000000,0.04721831
198.00000000,1858.00000000,0.04722040
198.00000000,1859.00000000,0.04722249
198.00000000,1860.00000000,0.04722437
198.00000000,1861.00000000,0.04722635
198.00000000,1862.00000000,0.04722817
198.00000000,1863.00000000,0.04722955
198.00000000,1864.00000000,0.04723061
198.00000000,1865.00000000,0.04723144
198.00000000,1866.00000000,0.04723207
198.00000000,1867.00000000,0.04723245
198.00000000,1868.00000000,0.04723265
198.00000000,1869.00000000,0.04723263
198.00000000,1870.00000000,0.04723253
198.00000000,1871.00000000,0.04723228
198.00000000,1872.00000000,0.04723216
198.00000000,1873.00000000,0.04723244
198.00000000,1874.00000000,0.04723306
198.00000000,1875.00000000,0.04723381
198.00000000,1876.00000000,0.04723476
198.00000000,1877.00000000,0.04723589
198.00000000,1878.00000000,0.04723704
198.00000000,1879.00000000,0.04723825
198.00000000,1880.00000000,0.04723951
198.00000000,1881.00000000,0.04724084
198.00000000,1882.00000000,0.04724209
198.00000000,1883.00000000,0.04724306
198.00000000,1884.00000000,0.04724378
198.00000000,1885.00000000,0.04724437
198.00000000,1886.00000000,0.04724480
198.00000000,1887.00000000,0.04724512
198.00000000,1888.00000000,0.04724535
198.00000000,1889.00000000,0.04724537
198.00000000,1890.00000000,0.04724519
198.00000000,1891.00000000,0.04724478
198.00000000,1892.00000000,0.04724420
198.00000000,1893.00000000,0.04724352
198.00000000,1894.00000000,0.04724281
198.00000000,1895.00000000,0.04724215
198.00000000,1896.00000000,0.04724151
198.00000000,1897.00000000,0.04724079
198.00000000,1898.00000000,0.04724000
198.00000000,1899.00000000,0.04723915
198.00000000,1900.00000000,0.04723804
198.00000000,1901.00000000,0.04723673
198.00000000,1902.00000000,0.04723560
198.00000000,1903.00000000,0.04723436
198.00000000,1904.00000000,0.04723327
198.00000000,1905.00000000,0.04723230
198.00000000,1906.00000000,0.04723146
198.00000000,1907.00000000,0.04723059
198.00000000,1908.00000000,0.04722979
198.00000000,1909.00000000,0.04722889
198.00000000,1910.00000000,0.04722800
198.00000000,1911.00000000,0.04722704
198.00000000,1912.00000000,0.04722561
198.00000000,1913.00000000,0.04722363
198.00000000,1914.00000000,0.04722105
198.00000000,1915.00000000,0.04721820
198.00000000,1916.00000000,0.04721523
198.00000000,1917.00000000,0.04721226
198.00000000,1918.00000000,0.04720919
198.00000000,1919.00000000,0.04720611
198.00000000,1920.00000000,0.04720336
198.00000000,1921.00000000,0.04720097
198.00000000,1922.00000000,0.04719915
198.00000000,1923.00000000,0.04719771
198.00000000,1924.00000000,0.04719637
198.00000000,1925.00000000,0.04719491
198.00000000,1926.00000000,0.04719340
198.00000000,1927.00000000,0.04719183
198.00000000,1928.00000000,0.04719036
198.00000000,1929.00000000,0.04718881
198.00000000,1930.00000000,0.04718736
198.00000000,1931.00000000,0.04718655
198.00000000,1932.00000000,0.04718650
198.00000000,1933.00000000,0.04718690
198.00000000,1934.00000000,0.04718765
198.00000000,1935.00000000,0.04718829
198.00000000,1936.00000000,0.04718864
198.00000000,1937.00000000,0.04718839
198.00000000,1938.00000000,0.04718731
198.00000000,1939.00000000,0.04718569
198.00000000,1940.00000000,0.04718361
198.00000000,1941.00000000,0.04718093
198.00000000,1942.00000000,0.04717756
198.00000000,1943.00000000,0.04717376
198.00000000,1944.00000000,0.04716964
198.00000000,1945.00000000,0.04716547
198.00000000,1946.00000000,0.04716190
198.00000000,1947.00000000,0.04715934
198.00000000,1948.00000000,0.04715728
198.00000000,1949.00000000,0.04715524
198.00000000,1950.00000000,0.04715316
198.00000000,1951.00000000,0.04715098
198.00000000,1952.00000000,0.04714924
198.00000000,1953.00000000,0.04714762
198.00000000,1954.00000000,0.04714602
198.00000000,1955.00000000,0.04714459
198.00000000,1956.00000000,0.04714318
198.00000000,1957.00000000,0.04714162
198.00000000,1958.00000000,0.04713978
198.00000000,1959.00000000,0.04713761
198.00000000,1960.00000000,0.04713431
198.00000000,1961.00000000,0.04712996
198.00000000,1962.00000000,0.04712511
198.00000000,1963.00000000,0.04711972
198.00000000,1964.00000000,0.04711801
198.00000000,1965.00000000,0.04711116
198.00000000,1966.00000000,0.04710347
198.00000000,1967.00000000,0.04709505
198.00000000,1968.00000000,0.04708567
198.00000000,1969.00000000,0.04707647
198.00000000,1970.00000000,0.04706437
198.00000000,1971.00000000,0.04705017
198.00000000,1972.00000000,0.04703343
198.00000000,1973.00000000,0.04701457
198.00000000,1974.00000000,0.04699387
198.00000000,1975.00000000,0.04697209
198.00000000,1976.00000000,0.04695006
198.00000000,1977.00000000,0.04692808
198.00000000,1978.00000000,0.04690601
198.00000000,1979.00000000,0.04688520
198.00000000,1980.00000000,0.04686248
198.00000000,1981.00000000,0.04683966
198.00000000,1982.00000000,0.04681807
198.00000000,1983.00000000,0.04679900
198.00000000,1984.00000000,0.04678245
198.00000000,1985.00000000,0.04676783
198.00000000,1986.00000000,0.04675431
198.00000000,1987.00000000,0.04674129
198.00000000,1988.00000000,0.04672835
198.00000000,1989.00000000,0.04671667
198.00000000,1990.00000000,0.04670321
198.00000000,1991.00000000,0.04668955
198.00000000,1992.00000000,0.04667621
198.00000000,1993.00000000,0.04666311
198.00000000,1994.00000000,0.04665076
198.00000000,1995.00000000,0.04664032
198.00000000,1996.00000000,0.04662846
198.00000000,1997.00000000,0.04661631
198.00000000,1998.00000000,0.04660514
198.00000000,1999.00000000,0.04659237
198.00000000,2000.00000000,0.04658255
198.00000000,2001.00000000,0.04656826
198.00000000,2002.00000000,0.04655498
198.00000000,2003.00000000,0.04654180
198.00000000,2004.00000000,0.04652932
198.00000000,2005.00000000,0.04651368
198.00000000,2006.00000000,0.04649567
198.00000000,2007.00000000,0.04647522
198.00000000,2008.00000000,0.04645253
198.00000000,2009.00000000,0.04642935
198.00000000,2010.00000000,0.04640299
198.00000000,2011.00000000,0.04637493
198.00000000,2012.00000000,0.04634529
198.00000000,2013.00000000,0.04631543
198.00000000,2014.00000000,0.04628394
198.00000000,2015.00000000,0.04625076
198.00000000,2016.00000000,0.04621455
198.00000000,2017.00000000,0.04617683
198.00000000,2018.00000000,0.04613762
198.00000000,2019.00000000,0.04609699
198.00000000,2020.00000000,0.04605652
198.00000000,2021.00000000,0.04601482
198.00000000,2022.00000000,0.04597057
198.00000000,2023.00000000,0.04592684
198.00000000,2024.00000000,0.04588090
198.00000000,2025.00000000,0.04583566
198.00000000,2026.00000000,0.04578838
198.00000000,2027.00000000,0.04574052
198.00000000,2028.00000000,0.04570065
198.00000000,2029.00000000,0.04565043
198.00000000,2030.00000000,0.04560116
198.00000000,2031.00000000,0.04555291
198.00000000,2032.00000000,0.04550275
198.00000000,2033.00000000,0.04545330
198.00000000,2034.00000000,0.04540731
198.00000000,2035.00000000,0.04535495
198.00000000,2036.00000000,0.04530313
198.00000000,2037.00000000,0.04525054
198.00000000,2038.00000000,0.04519848
198.00000000,2039.00000000,0.04514433
198.00000000,2040.00000000,0.04509083
198.00000000,2041.00000000,0.04503519
198.00000000,2042.00000000,0.04498016
198.00000000,2043.00000000,0.04492697
198.00000000,2044.00000000,0.04486721
198.00000000,2045.00000000,0.04481063
198.00000000,2046.00000000,0.04475031
198.00000000,2047.00000000,0.04469173
198.00000000,2048.00000000,0.04463362
198.00000000,2049.00000000,0.04456911
198.00000000,2050.00000000,0.04450793
198.00000000,2051.00000000,0.04444455
198.00000000,2052.00000000,0.04439130
198.00000000,2053.00000000,0.04432641
198.00000000,2054.00000000,0.04426491
198.00000000,2055.00000000,0.04419731
198.00000000,2056.00000000,0.04412916
198.00000000,2057.00000000,0.04406586
198.00000000,2058.00000000,0.04400606
198.00000000,2059.00000000,0.04394035
198.00000000,2060.00000000,0.04387147
198.00000000,2061.00000000,0.04380894
198.00000000,2062.00000000,0.04374777
198.00000000,2063.00000000,0.04368554
198.00000000,2064.00000000,0.04361853
198.00000000,2065.00000000,0.04355920
198.00000000,2066.00000000,0.04349632
198.00000000,2067.00000000,0.04343696
198.00000000,2068.00000000,0.04337577
198.00000000,2069.00000000,0.04332070
198.00000000,2070.00000000,0.04327706
198.00000000,2071.00000000,0.04322624
198.00000000,2072.00000000,0.04314854
198.00000000,2073.00000000,0.04310371
198.00000000,2074.00000000,0.04304561
198.00000000,2075.00000000,0.04298887
198.00000000,2076.00000000,0.04293143
198.00000000,2077.00000000,0.04289168
198.00000000,2078.00000000,0.04286889
198.00000000,2079.00000000,0.04282240
198.00000000,2080.00000000,0.04278480
198.00000000,2081.00000000,0.04275222
198.00000000,2082.00000000,0.04270387
198.00000000,2083.00000000,0.04265547
198.00000000,2084.00000000,0.04261103
198.00000000,2085.00000000,0.04258088
198.00000000,2086.00000000,0.04257529
198.00000000,2087.00000000,0.04252956
198.00000000,2088.00000000,0.04252247
198.00000000,2089.00000000,0.04249976
198.00000000,2090.00000000,0.04246009
198.00000000,2091.00000000,0.04241382
198.00000000,2092.00000000,0.04239068
198.00000000,2093.00000000,0.04238171
198.00000000,2094.00000000,0.04236122
198.00000000,2095.00000000,0.04235239
198.00000000,2096.00000000,0.04235003
198.00000000,2097.00000000,0.04237071
198.00000000,2098.00000000,0.04237349
198.00000000,2099.00000000,0.04236598
198.00000000,2100.00000000,0.04235459
198.00000000,2101.00000000,0.04239153
198.00000000,2102.00000000,0.04237359
198.00000000,2103.00000000,0.04239770
198.00000000,2104.00000000,0.04242941
198.00000000,2105.00000000,0.04250418
198.00000000,2106.00000000,0.04243911
198.00000000,2107.00000000,0.04246270
198.00000000,2108.00000000,0.04248599
198.00000000,2109.00000000,0.04248868
198.00000000,2110.00000000,0.04252520
198.00000000,2111.00000000,0.04258908
198.00000000,2112.00000000,0.04245530
198.00000000,2113.00000000,0.04242482
198.00000000,2114.00000000,0.04249005
198.00000000,2115.00000000,0.04254474
198.00000000,2116.00000000,0.04250810
198.00000000,2117.00000000,0.04233239
198.00000000,2118.00000000,0.04248023
198.00000000,2119.00000000,0.04230768
198.00000000,2120.00000000,0.04235146
198.00000000,2121.00000000,0.04250055
198.00000000,2122.00000000,0.04248437
198.00000000,2123.00000000,0.04249294
198.00000000,2124.00000000,0.04249726
198.00000000,2125.00000000,0.04259159
198.00000000,2126.00000000,0.04259116
198.00000000,2127.00000000,0.04268802
198.00000000,2128.00000000,0.04256959
198.00000000,2129.00000000,0.04242541
198.00000000,2130.00000000,0.04230698
198.00000000,2131.00000000,0.04236372
198.00000000,2132.00000000,0.04246405
198.00000000,2133.00000000,0.04253277
198.00000000,2134.00000000,0.04266387
198.00000000,2135.00000000,0.04276576
198.00000000,2136.00000000,0.04268577
198.00000000,2137.00000000,0.04275318
198.00000000,2138.00000000,0.04289285
198.00000000,2139.00000000,0.04294339
198.00000000,2140.00000000,0.04296109
198.00000000,2141.00000000,0.04303099
198.00000000,2142.00000000,0.04303058
198.00000000,2143.00000000,0.04276241
198.00000000,2144.00000000,0.04287189
198.00000000,2145.00000000,0.04307782
198.00000000,2146.00000000,0.04318891
198.00000000,2147.00000000,0.04314265
198.00000000,2148.00000000,0.04342407
198.00000000,2149.00000000,0.04361573
198.00000000,2150.00000000,0.04367126
198.00000000,2151.00000000,0.04374942
198.00000000,2152.00000000,0.04380345
198.00000000,2153.00000000,0.04405268
198.00000000,2154.00000000,0.04425128
198.00000000,2155.00000000,0.04439927
198.00000000,2156.00000000,0.04451035
198.00000000,2157.00000000,0.04471445
198.00000000,2158.00000000,0.04490038
198.00000000,2159.00000000,0.04496690
198.00000000,2160.00000000,0.04514776
198.00000000,2161.00000000,0.04538434
198.00000000,2162.00000000,0.04563906
198.00000000,2163.00000000,0.04586805
198.00000000,2164.00000000,0.04612884
198.00000000,2165.00000000,0.04632485
198.00000000,2166.00000000,0.04661269
198.00000000,2167.00000000,0.04694736
198.00000000,2168.00000000,0.04736528
198.00000000,2169.00000000,0.04763390
198.00000000,2170.00000000,0.04792148
198.00000000,2171.00000000,0.04829723
198.00000000,2172.00000000,0.04838958
198.00000000,2173.00000000,0.04843618
198.00000000,2174.00000000,0.04885968
198.00000000,2175.00000000,0.04913181
198.00000000,2176.00000000,0.04931772
198.00000000,2177.00000000,0.04976628
198.00000000,2178.00000000,0.04979038
198.00000000,2179.00000000,0.04967780
198.00000000,2180.00000000,0.04972275
198.00000000,2181.00000000,0.04980012
198.00000000,2182.00000000,0.05013012
198.00000000,2183.00000000,0.05042959
198.00000000,2184.00000000,0.05074684
198.00000000,2185.00000000,0.05103712
198.00000000,2186.00000000,0.05141658
198.00000000,2187.00000000,0.05168835
198.00000000,2188.00000000,0.05187236
198.00000000,2189.00000000,0.05210423
198.00000000,2190.00000000,0.05207066
198.00000000,2191.00000000,0.05219643
198.00000000,2192.00000000,0.05246827
198.00000000,2193.00000000,0.05275784
198.00000000,2194.00000000,0.05306003
198.00000000,2195.00000000,0.05332707
198.00000000,2196.00000000,0.05341498
198.00000000,2197.00000000,0.05352035
198.00000000,2198.00000000,0.05386824
198.00000000,2199.00000000,0.05421253
198.00000000,2200.00000000,0.05441948
198.00000000,2201.00000000,0.05499983
198.00000000,2202.00000000,0.05564799
198.00000000,2203.00000000,0.05618646
198.00000000,2204.00000000,0.05658592
198.00000000,2205.00000000,0.05698870
198.00000000,2206.00000000,0.05739489
198.00000000,2207.00000000,0.05780412
198.00000000,2208.00000000,0.05821642
198.00000000,2209.00000000,0.05872465
198.00000000,2210.00000000,0.05923636
198.00000000,2211.00000000,0.05975162
198.00000000,2212.00000000,0.06027037
198.00000000,2213.00000000,0.06079258
198.00000000,2214.00000000,0.06131828
198.00000000,2215.00000000,0.06184743
198.00000000,2216.00000000,0.06237998
198.00000000,2217.00000000,0.06291596
198.00000000,2218.00000000,0.06345532
198.00000000,2219.00000000,0.06395622
198.00000000,2220.00000000,0.06446034
198.00000000,2221.00000000,0.06496764
198.00000000,2222.00000000,0.06547819
198.00000000,2223.00000000,0.06599197
198.00000000,2224.00000000,0.06650899
198.00000000,2225.00000000,0.06702933
198.00000000,2226.00000000,0.06755297
198.00000000,2227.00000000,0.06807995
198.00000000,2228.00000000,0.06861037
198.00000000,2229.00000000,0.06923298
198.00000000,2230.00000000,0.06985940
198.00000000,2231.00000000,0.07048969
198.00000000,2232.00000000,0.07112381
198.00000000,2233.00000000,0.07176173
198.00000000,2234.00000000,0.07240348
198.00000000,2235.00000000,0.07304902
198.00000000,2236.00000000,0.07369839
198.00000000,2237.00000000,0.07435158
198.00000000,2238.00000000,0.07500854
198.00000000,2239.00000000,0.07573538
198.00000000,2240.00000000,0.07646633
198.00000000,2241.00000000,0.07720132
198.00000000,2242.00000000,0.07794039
198.00000000,2243.00000000,0.07868349
198.00000000,2244.00000000,0.07943054
198.00000000,2245.00000000,0.08018160
198.00000000,2246.00000000,0.08093655
198.00000000,2247.00000000,0.08169543
198.00000000,2248.00000000,0.08245817
198.00000000,2249.00000000,0.08322082
198.00000000,2250.00000000,0.08398663
198.00000000,2251.00000000,0.08475444
198.00000000,2252.00000000,0.08552312
198.00000000,2253.00000000,0.08629207
198.00000000,2254.00000000,0.08706090
198.00000000,2255.00000000,0.08782934
198.00000000,2256.00000000,0.08859733
198.00000000,2257.00000000,0.08936468
198.00000000,2258.00000000,0.09013123
198.00000000,2259.00000000,0.09074655
198.00000000,2260.00000000,0.09136030
198.00000000,2261.00000000,0.09197256
198.00000000,2262.00000000,0.09258336
198.00000000,2263.00000000,0.09319274
198.00000000,2264.00000000,0.09380077
198.00000000,2265.00000000,0.09440744
198.00000000,2266.00000000,0.09501269
198.00000000,2267.00000000,0.09561657
198.00000000,2268.00000000,0.09621900
198.00000000,2269.00000000,0.09668210
198.00000000,2270.00000000,0.09714325
198.00000000,2271.00000000,0.09760240
198.00000000,2272.00000000,0.09805964
198.00000000,2273.00000000,0.09851496
198.00000000,2274.00000000,0.09896834
198.00000000,2275.00000000,0.09941985
198.00000000,2276.00000000,0.09986947
198.00000000,2277.00000000,0.10031717
198.00000000,2278.00000000,0.10076302
198.00000000,2279.00000000,0.10112899
198.00000000,2280.00000000,0.10149281
198.00000000,2281.00000000,0.10185456
198.00000000,2282.00000000,0.10221420
198.00000000,2283.00000000,0.10257181
198.00000000,2284.00000000,0.10292740
198.00000000,2285.00000000,0.10328091
198.00000000,2286.00000000,0.10363245
198.00000000,2287.00000000,0.10398199
198.00000000,2288.00000000,0.10432948
198.00000000,2289.00000000,0.10459374
198.00000000,2290.00000000,0.10485580
198.00000000,2291.00000000,0.10511561
198.00000000,2292.00000000,0.10537332
198.00000000,2293.00000000,0.10562889
198.00000000,2294.00000000,0.10588231
198.00000000,2295.00000000,0.10613369
198.00000000,2296.00000000,0.10638293
198.00000000,2297.00000000,0.10663019
198.00000000,2298.00000000,0.10687539
198.00000000,2299.00000000,0.10705558
198.00000000,2300.00000000,0.10723367
198.00000000,2301.00000000,0.10740959
198.00000000,2302.00000000,0.10758335
198.00000000,2303.00000000,0.10775504
198.00000000,2304.00000000,0.10792465
198.00000000,2305.00000000,0.10809213
198.00000000,2306.00000000,0.10825761
198.00000000,2307.00000000,0.10842100
198.00000000,2308.00000000,0.10858244
198.00000000,2309.00000000,0.10874187
198.00000000,2310.00000000,0.10889928
198.00000000,2311.00000000,0.10905479
198.00000000,2312.00000000,0.10920833
198.00000000,2313.00000000,0.10935989
198.00000000,2314.00000000,0.10950960
198.00000000,2315.00000000,0.10965739
198.00000000,2316.00000000,0.10980323
198.00000000,2317.00000000,0.10994725
198.00000000,2318.00000000,0.11008940
198.00000000,2319.00000000,0.11022960
198.00000000,2320.00000000,0.11036804
198.00000000,2321.00000000,0.11050455
198.00000000,2322.00000000,0.11063930
198.00000000,2323.00000000,0.11077220
198.00000000,2324.00000000,0.11090321
198.00000000,2325.00000000,0.11103250
198.00000000,2326.00000000,0.11115998
198.00000000,2327.00000000,0.11128553
198.00000000,2328.00000000,0.11140940
198.00000000,2329.00000000,0.11153147
198.00000000,2330.00000000,0.11165164
198.00000000,2331.00000000,0.11177011
198.00000000,2332.00000000,0.11188670
198.00000000,2333.00000000,0.11200158
198.00000000,2334.00000000,0.11211468
198.00000000,2335.00000000,0.11222591
198.00000000,2336.00000000,0.11233543
198.00000000,2337.00000000,0.11244316
198.00000000,2338.00000000,0.11254900
198.00000000,2339.00000000,0.11265313
198.00000000,2340.00000000,0.11275545
198.00000000,2341.00000000,0.11285586
198.00000000,2342.00000000,0.11295456
198.00000000,2343.00000000,0.11305134
198.00000000,2344.00000000,0.11314637
198.00000000,2345.00000000,0.11323955
198.00000000,2346.00000000,0.11333077
198.00000000,2347.00000000,0.11342014
198.00000000,2348.00000000,0.11350753
198.00000000,2349.00000000,0.11315409
198.00000000,2350.00000000,0.11279822
198.00000000,2351.00000000,0.11243992
198.00000000,2352.00000000,0.11207915
198.00000000,2353.00000000,0.11171611
198.00000000,2354.00000000,0.11135079
198.00000000,2355.00000000,0.11098315
198.00000000,2356.00000000,0.11061340
198.00000000,2357.00000000,0.11024142
198.00000000,2358.00000000,0.10986740
198.00000000,2359.00000000,0.10949132
198.00000000,2360.00000000,0.10911317
198.00000000,2361.00000000,0.10873310
198.00000000,2362.00000000,0.10835108
198.00000000,2363.00000000,0.10796710
198.00000000,2364.00000000,0.10758133
198.00000000,2365.00000000,0.10719373
198.00000000,2366.00000000,0.10680429
198.00000000,2367.00000000,0.10641316
198.00000000,2368.00000000,0.10602027
198.00000000,2369.00000000,0.10562575
198.00000000,2370.00000000,0.10522959
198.00000000,2371.00000000,0.10483176
198.00000000,2372.00000000,0.10443242
198.00000000,2373.00000000,0.10403156
198.00000000,2374.00000000,0.10362910
198.00000000,2375.00000000,0.10322523
198.00000000,2376.00000000,0.10281992
198.00000000,2377.00000000,0.10241314
198.00000000,2378.00000000,0.10200502
198.00000000,2379.00000000,0.10159555
198.00000000,2380.00000000,0.10118469
198.00000000,2381.00000000,0.10077259
198.00000000,2382.00000000,0.10035915
198.00000000,2383.00000000,0.09994455
198.00000000,2384.00000000,0.09952872
198.00000000,2385.00000000,0.09911163
198.00000000,2386.00000000,0.09869346
198.00000000,2387.00000000,0.09827413
198.00000000,2388.00000000,0.09785364
198.00000000,2389.00000000,0.09743212
198.00000000,2390.00000000,0.09700953
198.00000000,2391.00000000,0.09658585
198.00000000,2392.00000000,0.09616120
198.00000000,2393.00000000,0.09573552
198.00000000,2394.00000000,0.09530891
198.00000000,2395.00000000,0.09488137
198.00000000,2396.00000000,0.09445283
198.00000000,2397.00000000,0.09402347
198.00000000,2398.00000000,0.09359322
198.00000000,2399.00000000,0.09316205
198.00000000,2400.00000000,0.09273011
198.00000000,2401.00000000,0.09229735
198.00000000,2402.00000000,0.09186373
198.00000000,2403.00000000,0.09142940
198.00000000,2404.00000000,0.09099434
198.00000000,2405.00000000,0.09055847
198.00000000,2406.00000000,0.09012195
198.00000000,2407.00000000,0.08968468
198.00000000,2408.00000000,0.08924681
198.00000000,2409.00000000,0.08880827
198.00000000,2410.00000000,0.08836904
198.00000000,2411.00000000,0.08792925
198.00000000,2412.00000000,0.08748887
198.00000000,2413.00000000,0.08704784
198.00000000,2414.00000000,0.08660629
198.00000000,2415.00000000,0.08616421
198.00000000,2416.00000000,0.08572153
198.00000000,2417.00000000,0.08527840
198.00000000,2418.00000000,0.08483471
198.00000000,2419.00000000,0.08439060
198.00000000,2420.00000000,0.08394603
198.00000000,2421.00000000,0.08350094
198.00000000,2422.00000000,0.08305547
198.00000000,2423.00000000,0.08260959
198.00000000,2424.00000000,0.08216325
198.00000000,2425.00000000,0.08171657
198.00000000,2426.00000000,0.08126953
198.00000000,2427.00000000,0.08082208
198.00000000,2428.00000000,0.08037434
198.00000000,2429.00000000,0.07992621
198.00000000,2430.00000000,0.07947783
198.00000000,2431.00000000,0.07902915
198.00000000,2432.00000000,0.07858012
198.00000000,2433.00000000,0.07813089
198.00000000,2434.00000000,0.07768141
198.00000000,2435.00000000,0.07723163
198.00000000,2436.00000000,0.07678168
198.00000000,2437.00000000,0.07633152
198.00000000,2438.00000000,0.07588110
198.00000000,2439.00000000,0.07543056
198.00000000,2440.00000000,0.07497985
198.00000000,2441.00000000,0.07452891
198.00000000,2442.00000000,0.07407791
198.00000000,2443.00000000,0.07362672
198.00000000,2444.00000000,0.07317551
198.00000000,2445.00000000,0.07272422
198.00000000,2446.00000000,0.07227285
198.00000000,2447.00000000,0.07191640
198.00000000,2448.00000000,0.07183922
198.00000000,2449.00000000,0.07183840
198.00000000,2450.00000000,0.07183779
198.00000000,2451.00000000,0.07183729
198.00000000,2452.00000000,0.07183684
198.00000000,2453.00000000,0.07183657
198.00000000,2454.00000000,0.07184831
198.00000000,2455.00000000,0.07186023
198.00000000,2456.00000000,0.07187227
198.00000000,2457.00000000,0.07188432
198.00000000,2458.00000000,0.07189654
198.00000000,2459.00000000,0.07188522
198.00000000,2460.00000000,0.07187391
198.00000000,2461.00000000,0.07186275
198.00000000,2462.00000000,0.07185167
198.00000000,2463.00000000,0.07184061
198.00000000,2464.00000000,0.07182969
198.00000000,2465.00000000,0.07181885
198.00000000,2466.00000000,0.07180801
198.00000000,2467.00000000,0.07179731
198.00000000,2468.00000000,0.07178661
198.00000000,2469.00000000,0.07177605
198.00000000,2470.00000000,0.07176556
198.00000000,2471.00000000,0.07175505
198.00000000,2472.00000000,0.07174468
198.00000000,2473.00000000,0.07173438
198.00000000,2474.00000000,0.07172304
198.00000000,2475.00000000,0.07171182
198.00000000,2476.00000000,0.07170067
198.00000000,2477.00000000,0.07168949
198.00000000,2478.00000000,0.07167845
198.00000000,2479.00000000,0.07166738
198.00000000,2480.00000000,0.07165644
198.00000000,2481.00000000,0.07164555
198.00000000,2482.00000000,0.07163462
198.00000000,2483.00000000,0.07162382
198.00000000,2484.00000000,0.07161307
198.00000000,2485.00000000,0.07160228
198.00000000,2486.00000000,0.07159161
198.00000000,2487.00000000,0.07158100
198.00000000,2488.00000000,0.07157033
198.00000000,2489.00000000,0.07155979
198.00000000,2490.00000000,0.07154920
198.00000000,2491.00000000,0.07153874
198.00000000,2492.00000000,0.07152831
198.00000000,2493.00000000,0.07151783
198.00000000,2494.00000000,0.07150748
198.00000000,2495.00000000,0.07149716
198.00000000,2496.00000000,0.07148679
198.00000000,2497.00000000,0.07147653
198.00000000,2498.00000000,0.07146630
198.00000000,2499.00000000,0.07145829
198.00000000,2500.00000000,0.07145041
199.00000000,1765.00000000,0.04677384
199.00000000,1766.00000000,0.04677379
199.00000000,1767.00000000,0.04677389
199.00000000,1768.00000000,0.04677396
199.00000000,1769.00000000,0.04677418
199.00000000,1770.00000000,0.04677446
199.00000000,1771.00000000,0.04677463
199.00000000,1772.00000000,0.04677518
199.00000000,1773.00000000,0.04677568
199.00000000,1774.00000000,0.04677628
199.00000000,1775.00000000,0.04677689
199.00000000,1776.00000000,0.04677763
199.00000000,1777.00000000,0.04677861
199.00000000,1778.00000000,0.04677952
199.00000000,1779.00000000,0.04678059
199.00000000,1780.00000000,0.04678166
199.00000000,1781.00000000,0.04678299
199.00000000,1782.00000000,0.04678423
199.00000000,1783.00000000,0.04678552
199.00000000,1784.00000000,0.04678698
199.00000000,1785.00000000,0.04678841
199.00000000,1786.00000000,0.04679007
199.00000000,1787.00000000,0.04679166
199.00000000,1788.00000000,0.04679325
199.00000000,1789.00000000,0.04679506
199.00000000,1790.00000000,0.04679675
199.00000000,1791.00000000,0.04679865
199.00000000,1792.00000000,0.04680055
199.00000000,1793.00000000,0.04680245
199.00000000,1794.00000000,0.04680439
199.00000000,1795.00000000,0.04680631
199.00000000,1796.00000000,0.04680834
199.00000000,1797.00000000,0.04681040
199.00000000,1798.00000000,0.04681251
199.00000000,1799.00000000,0.04681474
199.00000000,1800.00000000,0.04681687
199.00000000,1801.00000000,0.04681899
199.00000000,1802.00000000,0.04682119
199.00000000,1803.00000000,0.04682348
199.00000000,1804.00000000,0.04682565
199.00000000,1805.00000000,0.04682800
199.00000000,1806.00000000,0.04683020
199.00000000,1807.00000000,0.04683251
199.00000000,1808.00000000,0.04683489
199.00000000,1809.00000000,0.04683725
199.00000000,1810.00000000,0.04683956
199.00000000,1811.00000000,0.04684191
199.00000000,1812.00000000,0.04684429
199.00000000,1813.00000000,0.04684672
199.00000000,1814.00000000,0.04684913
199.00000000,1815.00000000,0.04685154
199.00000000,1816.00000000,0.04685394
199.00000000,1817.00000000,0.04685639
199.00000000,1818.00000000,0.04685878
199.00000000,1819.00000000,0.04686130
199.00000000,1820.00000000,0.04686357
199.00000000,1821.00000000,0.04686601
199.00000000,1822.00000000,0.04686847
199.00000000,1823.00000000,0.04687094
199.00000000,1824.00000000,0.04687334
199.00000000,1825.00000000,0.04687572
199.00000000,1826.00000000,0.04687820
199.00000000,1827.00000000,0.04688060
199.00000000,1828.00000000,0.04688302
199.00000000,1829.00000000,0.04688540
199.00000000,1830.00000000,0.04688785
199.00000000,1831.00000000,0.04689017
199.00000000,1832.00000000,0.04689256
199.00000000,1833.00000000,0.04689497
199.00000000,1834.00000000,0.04689724
199.00000000,1835.00000000,0.04689965
199.00000000,1836.00000000,0.04690205
199.00000000,1837.00000000,0.04690427
199.00000000,1838.00000000,0.04690663
199.00000000,1839.00000000,0.04690892
199.00000000,1840.00000000,0.04691111
199.00000000,1841.00000000,0.04691343
199.00000000,1842.00000000,0.04691575
199.00000000,1843.00000000,0.04691785
199.00000000,1844.00000000,0.04692005
199.00000000,1845.00000000,0.04692224
199.00000000,1846.00000000,0.04692440
199.00000000,1847.00000000,0.04692653
199.00000000,1848.00000000,0.04692870
199.00000000,1849.00000000,0.04693076
199.00000000,1850.00000000,0.04693290
199.00000000,1851.00000000,0.04693480
199.00000000,1852.00000000,0.04693675
199.00000000,1853.00000000,0.04693895
199.00000000,1854.00000000,0.04694134
199.00000000,1855.00000000,0.04694354
199.00000000,1856.00000000,0.04694573
199.00000000,1857.00000000,0.04694785
199.00000000,1858.00000000,0.04694990
199.00000000,1859.00000000,0.04695194
199.00000000,1860.00000000,0.04695398
199.00000000,1861.00000000,0.04695579
199.00000000,1862.00000000,0.04695764
199.00000000,1863.00000000,0.04695904
199.00000000,1864.00000000,0.04696008
199.00000000,1865.00000000,0.04696088
199.00000000,1866.00000000,0.04696147
199.00000000,1867.00000000,0.04696191
199.00000000,1868.00000000,0.04696211
199.00000000,1869.00000000,0.04696214
199.00000000,1870.00000000,0.04696195
199.00000000,1871.00000000,0.04696175
199.00000000,1872.00000000,0.04696157
199.00000000,1873.00000000,0.04696189
199.00000000,1874.00000000,0.04696247
199.00000000,1875.00000000,0.04696329
199.00000000,1876.00000000,0.04696420
199.00000000,1877.00000000,0.04696526
199.00000000,1878.00000000,0.04696648
199.00000000,1879.00000000,0.04696770
199.00000000,1880.00000000,0.04696894
199.00000000,1881.00000000,0.04697019
199.00000000,1882.00000000,0.04697151
199.00000000,1883.00000000,0.04697245
199.00000000,1884.00000000,0.04697317
199.00000000,1885.00000000,0.04697371
199.00000000,1886.00000000,0.04697418
199.00000000,1887.00000000,0.04697451
199.00000000,1888.00000000,0.04697470
199.00000000,1889.00000000,0.04697474
199.00000000,1890.00000000,0.04697457
199.00000000,1891.00000000,0.04697417
199.00000000,1892.00000000,0.04697356
199.00000000,1893.00000000,0.04697289
199.00000000,1894.00000000,0.04697219
199.00000000,1895.00000000,0.04697154
199.00000000,1896.00000000,0.04697089
199.00000000,1897.00000000,0.04697020
199.00000000,1898.00000000,0.04696942
199.00000000,1899.00000000,0.04696850
199.00000000,1900.00000000,0.04696745
199.00000000,1901.00000000,0.04696617
199.00000000,1902.00000000,0.04696494
199.00000000,1903.00000000,0.04696385
199.00000000,1904.00000000,0.04696268
199.00000000,1905.00000000,0.04696170
199.00000000,1906.00000000,0.04696088
199.00000000,1907.00000000,0.04696012
199.00000000,1908.00000000,0.04695918
199.00000000,1909.00000000,0.04695834
199.00000000,1910.00000000,0.04695745
199.00000000,1911.00000000,0.04695646
199.00000000,1912.00000000,0.04695510
199.00000000,1913.00000000,0.04695310
199.00000000,1914.00000000,0.04695053
199.00000000,1915.00000000,0.04694767
199.00000000,1916.00000000,0.04694478
199.00000000,1917.00000000,0.04694178
199.00000000,1918.00000000,0.04693870
199.00000000,1919.00000000,0.04693566
199.00000000,1920.00000000,0.04693290
199.00000000,1921.00000000,0.04693056
199.00000000,1922.00000000,0.04692872
199.00000000,1923.00000000,0.04692731
199.00000000,1924.00000000,0.04692595
199.00000000,1925.00000000,0.04692451
199.00000000,1926.00000000,0.04692298
199.00000000,1927.00000000,0.04692145
199.00000000,1928.00000000,0.04691994
199.00000000,1929.00000000,0.04691842
199.00000000,1930.00000000,0.04691697
199.00000000,1931.00000000,0.04691614
199.00000000,1932.00000000,0.04691612
199.00000000,1933.00000000,0.04691648
199.00000000,1934.00000000,0.04691720
199.00000000,1935.00000000,0.04691789
199.00000000,1936.00000000,0.04691817
199.00000000,1937.00000000,0.04691791
199.00000000,1938.00000000,0.04691686
199.00000000,1939.00000000,0.04691521
199.00000000,1940.00000000,0.04691316
199.00000000,1941.00000000,0.04691045
199.00000000,1942.00000000,0.04690710
199.00000000,1943.00000000,0.04690332
199.00000000,1944.00000000,0.04689919
199.00000000,1945.00000000,0.04689503
199.00000000,1946.00000000,0.04689146
199.00000000,1947.00000000,0.04688890
199.00000000,1948.00000000,0.04688683
199.00000000,1949.00000000,0.04688478
199.00000000,1950.00000000,0.04688267
199.00000000,1951.00000000,0.04688049
199.00000000,1952.00000000,0.04687873
199.00000000,1953.00000000,0.04687711
199.00000000,1954.00000000,0.04687547
199.00000000,1955.00000000,0.04687401
199.00000000,1956.00000000,0.04687258
199.00000000,1957.00000000,0.04687098
199.00000000,1958.00000000,0.04686911
199.00000000,1959.00000000,0.04686690
199.00000000,1960.00000000,0.04686356
199.00000000,1961.00000000,0.04685919
199.00000000,1962.00000000,0.04685429
199.00000000,1963.00000000,0.04684887
199.00000000,1964.00000000,0.04684281
199.00000000,1965.00000000,0.04684025
199.00000000,1966.00000000,0.04683253
199.00000000,1967.00000000,0.04682404
199.00000000,1968.00000000,0.04681469
199.00000000,1969.00000000,0.04680400
199.00000000,1970.00000000,0.04679332
199.00000000,1971.00000000,0.04677920
199.00000000,1972.00000000,0.04676250
199.00000000,1973.00000000,0.04674362
199.00000000,1974.00000000,0.04672302
199.00000000,1975.00000000,0.04670131
199.00000000,1976.00000000,0.04667931
199.00000000,1977.00000000,0.04665745
199.00000000,1978.00000000,0.04663542
199.00000000,1979.00000000,0.04661323
199.00000000,1980.00000000,0.04659205
199.00000000,1981.00000000,0.04656929
199.00000000,1982.00000000,0.04654777
199.00000000,1983.00000000,0.04652878
199.00000000,1984.00000000,0.04651227
199.00000000,1985.00000000,0.04649769
199.00000000,1986.00000000,0.04648421
199.00000000,1987.00000000,0.04647121
199.00000000,1988.00000000,0.04645831
199.00000000,1989.00000000,0.04644521
199.00000000,1990.00000000,0.04643321
199.00000000,1991.00000000,0.04641959
199.00000000,1992.00000000,0.04640627
199.00000000,1993.00000000,0.04639327
199.00000000,1994.00000000,0.04638087
199.00000000,1995.00000000,0.04636903
199.00000000,1996.00000000,0.04635867
199.00000000,1997.00000000,0.04634652
199.00000000,1998.00000000,0.04633393
199.00000000,1999.00000000,0.04632266
199.00000000,2000.00000000,0.04630998
199.00000000,2001.00000000,0.04630001
199.00000000,2002.00000000,0.04628543
199.00000000,2003.00000000,0.04627219
199.00000000,2004.00000000,0.04625833
199.00000000,2005.00000000,0.04624423
199.00000000,2006.00000000,0.04622624
199.00000000,2007.00000000,0.04620587
199.00000000,2008.00000000,0.04618333
199.00000000,2009.00000000,0.04615878
199.00000000,2010.00000000,0.04613393
199.00000000,2011.00000000,0.04610605
199.00000000,2012.00000000,0.04607653
199.00000000,2013.00000000,0.04604540
199.00000000,2014.00000000,0.04601401
199.00000000,2015.00000000,0.04598102
199.00000000,2016.00000000,0.04594641
199.00000000,2017.00000000,0.04590884
199.00000000,2018.00000000,0.04586984
199.00000000,2019.00000000,0.04582944
199.00000000,2020.00000000,0.04578770
199.00000000,2021.00000000,0.04574622
199.00000000,2022.00000000,0.04570364
199.00000000,2023.00000000,0.04565868
199.00000000,2024.00000000,0.04561437
199.00000000,2025.00000000,0.04556797
199.00000000,2026.00000000,0.04552232
199.00000000,2027.00000000,0.04547472
199.00000000,2028.00000000,0.04542659
199.00000000,2029.00000000,0.04538643
199.00000000,2030.00000000,0.04533605
199.00000000,2031.00000000,0.04528659
199.00000000,2032.00000000,0.04523807
199.00000000,2033.00000000,0.04518750
199.00000000,2034.00000000,0.04513755
199.00000000,2035.00000000,0.04509099
199.00000000,2036.00000000,0.04503808
199.00000000,2037.00000000,0.04498570
199.00000000,2038.00000000,0.04493257
199.00000000,2039.00000000,0.04488001
199.00000000,2040.00000000,0.04482540
199.00000000,2041.00000000,0.04477144
199.00000000,2042.00000000,0.04471527
199.00000000,2043.00000000,0.04465957
199.00000000,2044.00000000,0.04460565
199.00000000,2045.00000000,0.04454519
199.00000000,2046.00000000,0.04448790
199.00000000,2047.00000000,0.04442690
199.00000000,2048.00000000,0.04436767
199.00000000,2049.00000000,0.04430895
199.00000000,2050.00000000,0.04424391
199.00000000,2051.00000000,0.04418222
199.00000000,2052.00000000,0.04411842
199.00000000,2053.00000000,0.04406471
199.00000000,2054.00000000,0.04399948
199.00000000,2055.00000000,0.04393767
199.00000000,2056.00000000,0.04386984
199.00000000,2057.00000000,0.04380150
199.00000000,2058.00000000,0.04373803
199.00000000,2059.00000000,0.04367804
199.00000000,2060.00000000,0.04361222
199.00000000,2061.00000000,0.04354335
199.00000000,2062.00000000,0.04348107
199.00000000,2063.00000000,0.04342046
199.00000000,2064.00000000,0.04335902
199.00000000,2065.00000000,0.04329297
199.00000000,2066.00000000,0.04323459
199.00000000,2067.00000000,0.04317271
199.00000000,2068.00000000,0.04311431
199.00000000,2069.00000000,0.04305410
199.00000000,2070.00000000,0.04299993
199.00000000,2071.00000000,0.04295716
199.00000000,2072.00000000,0.04290745
199.00000000,2073.00000000,0.04283128
199.00000000,2074.00000000,0.04278787
199.00000000,2075.00000000,0.04273133
199.00000000,2076.00000000,0.04267613
199.00000000,2077.00000000,0.04262023
199.00000000,2078.00000000,0.04258185
199.00000000,2079.00000000,0.04256026
199.00000000,2080.00000000,0.04251508
199.00000000,2081.00000000,0.04247870
199.00000000,2082.00000000,0.04244737
199.00000000,2083.00000000,0.04240044
199.00000000,2084.00000000,0.04235352
199.00000000,2085.00000000,0.04231052
199.00000000,2086.00000000,0.04228169
199.00000000,2087.00000000,0.04227719
199.00000000,2088.00000000,0.04223277
199.00000000,2089.00000000,0.04222669
199.00000000,2090.00000000,0.04220504
199.00000000,2091.00000000,0.04216654
199.00000000,2092.00000000,0.04212155
199.00000000,2093.00000000,0.04209963
199.00000000,2094.00000000,0.04209182
199.00000000,2095.00000000,0.04207258
199.00000000,2096.00000000,0.04206490
199.00000000,2097.00000000,0.04206360
199.00000000,2098.00000000,0.04208515
199.00000000,2099.00000000,0.04208888
199.00000000,2100.00000000,0.04208233
199.00000000,2101.00000000,0.04207193
199.00000000,2102.00000000,0.04210963
199.00000000,2103.00000000,0.04209289
199.00000000,2104.00000000,0.04211795
199.00000000,2105.00000000,0.04215056
199.00000000,2106.00000000,0.04222593
199.00000000,2107.00000000,0.04216234
199.00000000,2108.00000000,0.04218681
199.00000000,2109.00000000,0.04221093
199.00000000,2110.00000000,0.04221454
199.00000000,2111.00000000,0.04225172
199.00000000,2112.00000000,0.04231605
199.00000000,2113.00000000,0.04218395
199.00000000,2114.00000000,0.04215446
199.00000000,2115.00000000,0.04222003
199.00000000,2116.00000000,0.04227509
199.00000000,2117.00000000,0.04223938
199.00000000,2118.00000000,0.04206545
199.00000000,2119.00000000,0.04221300
199.00000000,2120.00000000,0.04204216
199.00000000,2121.00000000,0.04208626
199.00000000,2122.00000000,0.04223500
199.00000000,2123.00000000,0.04221949
199.00000000,2124.00000000,0.04222855
199.00000000,2125.00000000,0.04223337
199.00000000,2126.00000000,0.04232763
199.00000000,2127.00000000,0.04232773
199.00000000,2128.00000000,0.04242449
199.00000000,2129.00000000,0.04230730
199.00000000,2130.00000000,0.04216449
199.00000000,2131.00000000,0.04204726
199.00000000,2132.00000000,0.04210412
199.00000000,2133.00000000,0.04220428
199.00000000,2134.00000000,0.04227303
199.00000000,2135.00000000,0.04240376
199.00000000,2136.00000000,0.04250547
199.00000000,2137.00000000,0.04242638
199.00000000,2138.00000000,0.04249380
199.00000000,2139.00000000,0.04263303
199.00000000,2140.00000000,0.04268366
199.00000000,2141.00000000,0.04270165
199.00000000,2142.00000000,0.04277153
199.00000000,2143.00000000,0.04277150
199.00000000,2144.00000000,0.04250533
199.00000000,2145.00000000,0.04261453
199.00000000,2146.00000000,0.04281960
199.00000000,2147.00000000,0.04293039
199.00000000,2148.00000000,0.04288478
199.00000000,2149.00000000,0.04316488
199.00000000,2150.00000000,0.04335577
199.00000000,2151.00000000,0.04341155
199.00000000,2152.00000000,0.04349051
199.00000000,2153.00000000,0.04354608
199.00000000,2154.00000000,0.04379603
199.00000000,2155.00000000,0.04399581
199.00000000,2156.00000000,0.04414530
199.00000000,2157.00000000,0.04425809
199.00000000,2158.00000000,0.04446333
199.00000000,2159.00000000,0.04465044
199.00000000,2160.00000000,0.04471876
199.00000000,2161.00000000,0.04490074
199.00000000,2162.00000000,0.04513807
199.00000000,2163.00000000,0.04539341
199.00000000,2164.00000000,0.04562309
199.00000000,2165.00000000,0.04588438
199.00000000,2166.00000000,0.04608117
199.00000000,2167.00000000,0.04636928
199.00000000,2168.00000000,0.04670395
199.00000000,2169.00000000,0.04712140
199.00000000,2170.00000000,0.04739031
199.00000000,2171.00000000,0.04767804
199.00000000,2172.00000000,0.04805347
199.00000000,2173.00000000,0.04814691
199.00000000,2174.00000000,0.04819479
199.00000000,2175.00000000,0.04861766
199.00000000,2176.00000000,0.04888990
199.00000000,2177.00000000,0.04907632
199.00000000,2178.00000000,0.04952409
199.00000000,2179.00000000,0.04954945
199.00000000,2180.00000000,0.04943875
199.00000000,2181.00000000,0.04948479
199.00000000,2182.00000000,0.04956307
199.00000000,2183.00000000,0.04989277
199.00000000,2184.00000000,0.05019207
199.00000000,2185.00000000,0.05050906
199.00000000,2186.00000000,0.05079919
199.00000000,2187.00000000,0.05117809
199.00000000,2188.00000000,0.05144979
199.00000000,2189.00000000,0.05163412
199.00000000,2190.00000000,0.05186608
199.00000000,2191.00000000,0.05183381
199.00000000,2192.00000000,0.05196013
199.00000000,2193.00000000,0.05223185
199.00000000,2194.00000000,0.05252121
199.00000000,2195.00000000,0.05282313
199.00000000,2196.00000000,0.05309006
199.00000000,2197.00000000,0.05317866
199.00000000,2198.00000000,0.05328462
199.00000000,2199.00000000,0.05363203
199.00000000,2200.00000000,0.05397586
199.00000000,2201.00000000,0.05418294
199.00000000,2202.00000000,0.05476181
199.00000000,2203.00000000,0.05540820
199.00000000,2204.00000000,0.05594539
199.00000000,2205.00000000,0.05634417
199.00000000,2206.00000000,0.05674626
199.00000000,2207.00000000,0.05715176
199.00000000,2208.00000000,0.05756027
199.00000000,2209.00000000,0.05797187
199.00000000,2210.00000000,0.05847898
199.00000000,2211.00000000,0.05898958
199.00000000,2212.00000000,0.05950372
199.00000000,2213.00000000,0.06002135
199.00000000,2214.00000000,0.06054243
199.00000000,2215.00000000,0.06106700
199.00000000,2216.00000000,0.06159501
199.00000000,2217.00000000,0.06212642
199.00000000,2218.00000000,0.06266125
199.00000000,2219.00000000,0.06319947
199.00000000,2220.00000000,0.06369939
199.00000000,2221.00000000,0.06420254
199.00000000,2222.00000000,0.06470885
199.00000000,2223.00000000,0.06521840
199.00000000,2224.00000000,0.06573120
199.00000000,2225.00000000,0.06624723
199.00000000,2226.00000000,0.06676657
199.00000000,2227.00000000,0.06728922
199.00000000,2228.00000000,0.06781521
199.00000000,2229.00000000,0.06834463
199.00000000,2230.00000000,0.06896589
199.00000000,2231.00000000,0.06959097
199.00000000,2232.00000000,0.07021992
199.00000000,2233.00000000,0.07085270
199.00000000,2234.00000000,0.07148927
199.00000000,2235.00000000,0.07212968
199.00000000,2236.00000000,0.07277388
199.00000000,2237.00000000,0.07342192
199.00000000,2238.00000000,0.07407375
199.00000000,2239.00000000,0.07472939
199.00000000,2240.00000000,0.07545465
199.00000000,2241.00000000,0.07618402
199.00000000,2242.00000000,0.07691744
199.00000000,2243.00000000,0.07765494
199.00000000,2244.00000000,0.07839647
199.00000000,2245.00000000,0.07914196
199.00000000,2246.00000000,0.07989145
199.00000000,2247.00000000,0.08064485
199.00000000,2248.00000000,0.08140218
199.00000000,2249.00000000,0.08216329
199.00000000,2250.00000000,0.08292377
199.00000000,2251.00000000,0.08368635
199.00000000,2252.00000000,0.08444990
199.00000000,2253.00000000,0.08521375
199.00000000,2254.00000000,0.08597760
199.00000000,2255.00000000,0.08674120
199.00000000,2256.00000000,0.08750439
199.00000000,2257.00000000,0.08826710
199.00000000,2258.00000000,0.08902916
199.00000000,2259.00000000,0.08979045
199.00000000,2260.00000000,0.09040112
199.00000000,2261.00000000,0.09101030
199.00000000,2262.00000000,0.09161811
199.00000000,2263.00000000,0.09222458
199.00000000,2264.00000000,0.09282972
199.00000000,2265.00000000,0.09343358
199.00000000,2266.00000000,0.09403613
199.00000000,2267.00000000,0.09463732
199.00000000,2268.00000000,0.09523719
199.00000000,2269.00000000,0.09583566
199.00000000,2270.00000000,0.09629539
199.00000000,2271.00000000,0.09675322
199.00000000,2272.00000000,0.09720910
199.00000000,2273.00000000,0.09766313
199.00000000,2274.00000000,0.09811528
199.00000000,2275.00000000,0.09856552
199.00000000,2276.00000000,0.09901395
199.00000000,2277.00000000,0.09946054
199.00000000,2278.00000000,0.09990524
199.00000000,2279.00000000,0.10034814
199.00000000,2280.00000000,0.10071153
199.00000000,2281.00000000,0.10107281
199.00000000,2282.00000000,0.10143206
199.00000000,2283.00000000,0.10178923
199.00000000,2284.00000000,0.10214442
199.00000000,2285.00000000,0.10249761
199.00000000,2286.00000000,0.10284877
199.00000000,2287.00000000,0.10319800
199.00000000,2288.00000000,0.10354526
199.00000000,2289.00000000,0.10389049
199.00000000,2290.00000000,0.10415288
199.00000000,2291.00000000,0.10441309
199.00000000,2292.00000000,0.10467110
199.00000000,2293.00000000,0.10492703
199.00000000,2294.00000000,0.10518086
199.00000000,2295.00000000,0.10543255
199.00000000,2296.00000000,0.10568224
199.00000000,2297.00000000,0.10592984
199.00000000,2298.00000000,0.10617545
199.00000000,2299.00000000,0.10641907
199.00000000,2300.00000000,0.10659794
199.00000000,2301.00000000,0.10677474
199.00000000,2302.00000000,0.10694942
199.00000000,2303.00000000,0.10712191
199.00000000,2304.00000000,0.10729239
199.00000000,2305.00000000,0.10746080
199.00000000,2306.00000000,0.10762708
199.00000000,2307.00000000,0.10779142
199.00000000,2308.00000000,0.10795368
199.00000000,2309.00000000,0.10811400
199.00000000,2310.00000000,0.10827235
199.00000000,2311.00000000,0.10842869
199.00000000,2312.00000000,0.10858314
199.00000000,2313.00000000,0.10873567
199.00000000,2314.00000000,0.10888623
199.00000000,2315.00000000,0.10903493
199.00000000,2316.00000000,0.10918177
199.00000000,2317.00000000,0.10932666
199.00000000,2318.00000000,0.10946973
199.00000000,2319.00000000,0.10961097
199.00000000,2320.00000000,0.10975028
199.00000000,2321.00000000,0.10988784
199.00000000,2322.00000000,0.11002347
199.00000000,2323.00000000,0.11015737
199.00000000,2324.00000000,0.11028947
199.00000000,2325.00000000,0.11041966
199.00000000,2326.00000000,0.11054815
199.00000000,2327.00000000,0.11067482
199.00000000,2328.00000000,0.11079962
199.00000000,2329.00000000,0.11092273
199.00000000,2330.00000000,0.11104406
199.00000000,2331.00000000,0.11116350
199.00000000,2332.00000000,0.11128125
199.00000000,2333.00000000,0.11139713
199.00000000,2334.00000000,0.11151134
199.00000000,2335.00000000,0.11162377
199.00000000,2336.00000000,0.11173433
199.00000000,2337.00000000,0.11184321
199.00000000,2338.00000000,0.11195030
199.00000000,2339.00000000,0.11205551
199.00000000,2340.00000000,0.11215901
199.00000000,2341.00000000,0.11226074
199.00000000,2342.00000000,0.11236058
199.00000000,2343.00000000,0.11245870
199.00000000,2344.00000000,0.11255492
199.00000000,2345.00000000,0.11264940
199.00000000,2346.00000000,0.11274203
199.00000000,2347.00000000,0.11283272
199.00000000,2348.00000000,0.11292157
199.00000000,2349.00000000,0.11300846
199.00000000,2350.00000000,0.11265645
199.00000000,2351.00000000,0.11230203
199.00000000,2352.00000000,0.11194519
199.00000000,2353.00000000,0.11158591
199.00000000,2354.00000000,0.11122437
199.00000000,2355.00000000,0.11086056
199.00000000,2356.00000000,0.11049445
199.00000000,2357.00000000,0.11012622
199.00000000,2358.00000000,0.10975579
199.00000000,2359.00000000,0.10938334
199.00000000,2360.00000000,0.10900883
199.00000000,2361.00000000,0.10863225
199.00000000,2362.00000000,0.10825378
199.00000000,2363.00000000,0.10787337
199.00000000,2364.00000000,0.10749100
199.00000000,2365.00000000,0.10710685
199.00000000,2366.00000000,0.10672089
199.00000000,2367.00000000,0.10633309
199.00000000,2368.00000000,0.10594361
199.00000000,2369.00000000,0.10555239
199.00000000,2370.00000000,0.10515954
199.00000000,2371.00000000,0.10476506
199.00000000,2372.00000000,0.10436892
199.00000000,2373.00000000,0.10397128
199.00000000,2374.00000000,0.10357212
199.00000000,2375.00000000,0.10317138
199.00000000,2376.00000000,0.10276923
199.00000000,2377.00000000,0.10236564
199.00000000,2378.00000000,0.10196060
199.00000000,2379.00000000,0.10155422
199.00000000,2380.00000000,0.10114650
199.00000000,2381.00000000,0.10073741
199.00000000,2382.00000000,0.10032707
199.00000000,2383.00000000,0.09991540
199.00000000,2384.00000000,0.09950258
199.00000000,2385.00000000,0.09908853
199.00000000,2386.00000000,0.09867324
199.00000000,2387.00000000,0.09825685
199.00000000,2388.00000000,0.09783933
199.00000000,2389.00000000,0.09742064
199.00000000,2390.00000000,0.09700093
199.00000000,2391.00000000,0.09658017
199.00000000,2392.00000000,0.09615830
199.00000000,2393.00000000,0.09573550
199.00000000,2394.00000000,0.09531164
199.00000000,2395.00000000,0.09488688
199.00000000,2396.00000000,0.09446117
199.00000000,2397.00000000,0.09403450
199.00000000,2398.00000000,0.09360697
199.00000000,2399.00000000,0.09317859
199.00000000,2400.00000000,0.09274927
199.00000000,2401.00000000,0.09231920
199.00000000,2402.00000000,0.09188831
199.00000000,2403.00000000,0.09145657
199.00000000,2404.00000000,0.09102414
199.00000000,2405.00000000,0.09059095
199.00000000,2406.00000000,0.09015697
199.00000000,2407.00000000,0.08972236
199.00000000,2408.00000000,0.08928699
199.00000000,2409.00000000,0.08885101
199.00000000,2410.00000000,0.08841438
199.00000000,2411.00000000,0.08797706
199.00000000,2412.00000000,0.08753919
199.00000000,2413.00000000,0.08710071
199.00000000,2414.00000000,0.08666159
199.00000000,2415.00000000,0.08622198
199.00000000,2416.00000000,0.08578182
199.00000000,2417.00000000,0.08534106
199.00000000,2418.00000000,0.08489985
199.00000000,2419.00000000,0.08445809
199.00000000,2420.00000000,0.08401591
199.00000000,2421.00000000,0.08357327
199.00000000,2422.00000000,0.08313012
199.00000000,2423.00000000,0.08268660
199.00000000,2424.00000000,0.08224266
199.00000000,2425.00000000,0.08179826
199.00000000,2426.00000000,0.08135353
199.00000000,2427.00000000,0.08090844
199.00000000,2428.00000000,0.08046293
199.00000000,2429.00000000,0.08001714
199.00000000,2430.00000000,0.07957097
199.00000000,2431.00000000,0.07912454
199.00000000,2432.00000000,0.07867782
199.00000000,2433.00000000,0.07823075
199.00000000,2434.00000000,0.07778348
199.00000000,2435.00000000,0.07733596
199.00000000,2436.00000000,0.07688814
199.00000000,2437.00000000,0.07644015
199.00000000,2438.00000000,0.07599196
199.00000000,2439.00000000,0.07554349
199.00000000,2440.00000000,0.07509492
199.00000000,2441.00000000,0.07464618
199.00000000,2442.00000000,0.07419721
199.00000000,2443.00000000,0.07374819
199.00000000,2444.00000000,0.07329896
199.00000000,2445.00000000,0.07284972
199.00000000,2446.00000000,0.07240040
199.00000000,2447.00000000,0.07195101
199.00000000,2448.00000000,0.07159610
199.00000000,2449.00000000,0.07151923
199.00000000,2450.00000000,0.07151838
199.00000000,2451.00000000,0.07151773
199.00000000,2452.00000000,0.07151720
199.00000000,2453.00000000,0.07151671
199.00000000,2454.00000000,0.07151641
199.00000000,2455.00000000,0.07152806
199.00000000,2456.00000000,0.07153988
199.00000000,2457.00000000,0.07155181
199.00000000,2458.00000000,0.07156378
199.00000000,2459.00000000,0.07157590
199.00000000,2460.00000000,0.07156459
199.00000000,2461.00000000,0.07155328
199.00000000,2462.00000000,0.07154214
199.00000000,2463.00000000,0.07153108
199.00000000,2464.00000000,0.07152001
199.00000000,2465.00000000,0.07150910
199.00000000,2466.00000000,0.07149827
199.00000000,2467.00000000,0.07148743
199.00000000,2468.00000000,0.07147674
199.00000000,2469.00000000,0.07146604
199.00000000,2470.00000000,0.07145549
199.00000000,2471.00000000,0.07144500
199.00000000,2472.00000000,0.07143450
199.00000000,2473.00000000,0.07142414
199.00000000,2474.00000000,0.07141384
199.00000000,2475.00000000,0.07140251
199.00000000,2476.00000000,0.07139131
199.00000000,2477.00000000,0.07138016
199.00000000,2478.00000000,0.07136899
199.00000000,2479.00000000,0.07135795
199.00000000,2480.00000000,0.07134689
199.00000000,2481.00000000,0.07133595
199.00000000,2482.00000000,0.07132506
199.00000000,2483.00000000,0.07131415
199.00000000,2484.00000000,0.07130335
199.00000000,2485.00000000,0.07129260
199.00000000,2486.00000000,0.07128183
199.00000000,2487.00000000,0.07127116
199.00000000,2488.00000000,0.07126055
199.00000000,2489.00000000,0.07124989
199.00000000,2490.00000000,0.07123936
199.00000000,2491.00000000,0.07122877
199.00000000,2492.00000000,0.07121831
199.00000000,2493.00000000,0.07120788
199.00000000,2494.00000000,0.07119742
199.00000000,2495.00000000,0.07118707
199.00000000,2496.00000000,0.07117675
199.00000000,2497.00000000,0.07116638
199.00000000,2498.00000000,0.07115613
199.00000000,2499.00000000,0.07114590
199.00000000,2500.00000000,0.07113789
200.00000000,1765.00000000,0.04650591
200.00000000,1766.00000000,0.04650593
200.00000000,1767.00000000,0.04650591
200.00000000,1768.00000000,0.04650605
200.00000000,1769.00000000,0.04650620
200.00000000,1770.00000000,0.04650650
200.00000000,1771.00000000,0.04650687
200.00000000,1772.00000000,0.04650712
200.00000000,1773.00000000,0.04650776
200.00000000,1774.00000000,0.04650834
200.00000000,1775.00000000,0.04650903
200.00000000,1776.00000000,0.04650974
200.00000000,1777.00000000,0.04651055
200.00000000,1778.00000000,0.04651162
200.00000000,1779.00000000,0.04651261
200.00000000,1780.00000000,0.04651375
200.00000000,1781.00000000,0.04651490
200.00000000,1782.00000000,0.04651629
200.00000000,1783.00000000,0.04651760
200.00000000,1784.00000000,0.04651895
200.00000000,1785.00000000,0.04652046
200.00000000,1786.00000000,0.04652194
200.00000000,1787.00000000,0.04652366
200.00000000,1788.00000000,0.04652529
200.00000000,1789.00000000,0.04652693
200.00000000,1790.00000000,0.04652878
200.00000000,1791.00000000,0.04653051
200.00000000,1792.00000000,0.04653244
200.00000000,1793.00000000,0.04653438
200.00000000,1794.00000000,0.04653631
200.00000000,1795.00000000,0.04653828
200.00000000,1796.00000000,0.04654022
200.00000000,1797.00000000,0.04654227
200.00000000,1798.00000000,0.04654436
200.00000000,1799.00000000,0.04654648
200.00000000,1800.00000000,0.04654873
200.00000000,1801.00000000,0.04655087
200.00000000,1802.00000000,0.04655300
200.00000000,1803.00000000,0.04655522
200.00000000,1804.00000000,0.04655751
200.00000000,1805.00000000,0.04655968
200.00000000,1806.00000000,0.04656205
200.00000000,1807.00000000,0.04656424
200.00000000,1808.00000000,0.04656656
200.00000000,1809.00000000,0.04656895
200.00000000,1810.00000000,0.04657131
200.00000000,1811.00000000,0.04657363
200.00000000,1812.00000000,0.04657597
200.00000000,1813.00000000,0.04657834
200.00000000,1814.00000000,0.04658077
200.00000000,1815.00000000,0.04658317
200.00000000,1816.00000000,0.04658558
200.00000000,1817.00000000,0.04658796
200.00000000,1818.00000000,0.04659040
200.00000000,1819.00000000,0.04659278
200.00000000,1820.00000000,0.04659529
200.00000000,1821.00000000,0.04659755
200.00000000,1822.00000000,0.04659998
200.00000000,1823.00000000,0.04660243
200.00000000,1824.00000000,0.04660488
200.00000000,1825.00000000,0.04660727
200.00000000,1826.00000000,0.04660963
200.00000000,1827.00000000,0.04661209
200.00000000,1828.00000000,0.04661447
200.00000000,1829.00000000,0.04661688
200.00000000,1830.00000000,0.04661923
200.00000000,1831.00000000,0.04662165
200.00000000,1832.00000000,0.04662394
200.00000000,1833.00000000,0.04662631
200.00000000,1834.00000000,0.04662869
200.00000000,1835.00000000,0.04663094
200.00000000,1836.00000000,0.04663333
200.00000000,1837.00000000,0.04663569
200.00000000,1838.00000000,0.04663789
200.00000000,1839.00000000,0.04664022
200.00000000,1840.00000000,0.04664248
200.00000000,1841.00000000,0.04664464
200.00000000,1842.00000000,0.04664693
200.00000000,1843.00000000,0.04664922
200.00000000,1844.00000000,0.04665129
200.00000000,1845.00000000,0.04665346
200.00000000,1846.00000000,0.04665561
200.00000000,1847.00000000,0.04665774
200.00000000,1848.00000000,0.04665983
200.00000000,1849.00000000,0.04666198
200.00000000,1850.00000000,0.04666399
200.00000000,1851.00000000,0.04666608
200.00000000,1852.00000000,0.04666793
200.00000000,1853.00000000,0.04667007
200.00000000,1854.00000000,0.04667235
200.00000000,1855.00000000,0.04667470
200.00000000,1856.00000000,0.04667681
200.00000000,1857.00000000,0.04667893
200.00000000,1858.00000000,0.04668098
200.00000000,1859.00000000,0.04668297
200.00000000,1860.00000000,0.04668496
200.00000000,1861.00000000,0.04668694
200.00000000,1862.00000000,0.04668862
200.00000000,1863.00000000,0.04669006
200.00000000,1864.00000000,0.04669111
200.00000000,1865.00000000,0.04669189
200.00000000,1866.00000000,0.04669246
200.00000000,1867.00000000,0.04669286
200.00000000,1868.00000000,0.04669312
200.00000000,1869.00000000,0.04669315
200.00000000,1870.00000000,0.04669302
200.00000000,1871.00000000,0.04669272
200.00000000,1872.00000000,0.04669260
200.00000000,1873.00000000,0.04669286
200.00000000,1874.00000000,0.04669348
200.00000000,1875.00000000,0.04669426
200.00000000,1876.00000000,0.04669524
200.00000000,1877.00000000,0.04669625
200.00000000,1878.00000000,0.04669739
200.00000000,1879.00000000,0.04669868
200.00000000,1880.00000000,0.04669993
200.00000000,1881.00000000,0.04670116
200.00000000,1882.00000000,0.04670240
200.00000000,1883.00000000,0.04670342
200.00000000,1884.00000000,0.04670411
200.00000000,1885.00000000,0.04670465
200.00000000,1886.00000000,0.04670506
200.00000000,1887.00000000,0.04670543
200.00000000,1888.00000000,0.04670564
200.00000000,1889.00000000,0.04670565
200.00000000,1890.00000000,0.04670549
200.00000000,1891.00000000,0.04670510
200.00000000,1892.00000000,0.04670451
200.00000000,1893.00000000,0.04670381
200.00000000,1894.00000000,0.04670311
200.00000000,1895.00000000,0.04670248
200.00000000,1896.00000000,0.04670184
200.00000000,1897.00000000,0.04670115
200.00000000,1898.00000000,0.04670039
200.00000000,1899.00000000,0.04669947
200.00000000,1900.00000000,0.04669835
200.00000000,1901.00000000,0.04669714
200.00000000,1902.00000000,0.04669594
200.00000000,1903.00000000,0.04669474
200.00000000,1904.00000000,0.04669373
200.00000000,1905.00000000,0.04669267
200.00000000,1906.00000000,0.04669183
200.00000000,1907.00000000,0.04669109
200.00000000,1908.00000000,0.04669027
200.00000000,1909.00000000,0.04668929
200.00000000,1910.00000000,0.04668846
200.00000000,1911.00000000,0.04668746
200.00000000,1912.00000000,0.04668608
200.00000000,1913.00000000,0.04668416
200.00000000,1914.00000000,0.04668157
200.00000000,1915.00000000,0.04667872
200.00000000,1916.00000000,0.04667582
200.00000000,1917.00000000,0.04667290
200.00000000,1918.00000000,0.04666980
200.00000000,1919.00000000,0.04666674
200.00000000,1920.00000000,0.04666402
200.00000000,1921.00000000,0.04666167
200.00000000,1922.00000000,0.04665988
200.00000000,1923.00000000,0.04665845
200.00000000,1924.00000000,0.04665711
200.00000000,1925.00000000,0.04665564
200.00000000,1926.00000000,0.04665414
200.00000000,1927.00000000,0.04665259
200.00000000,1928.00000000,0.04665112
200.00000000,1929.00000000,0.04664957
200.00000000,1930.00000000,0.04664814
200.00000000,1931.00000000,0.04664731
200.00000000,1932.00000000,0.04664726
200.00000000,1933.00000000,0.04664765
200.00000000,1934.00000000,0.04664833
200.00000000,1935.00000000,0.04664898
200.00000000,1936.00000000,0.04664932
200.00000000,1937.00000000,0.04664900
200.00000000,1938.00000000,0.04664794
200.00000000,1939.00000000,0.04664633
200.00000000,1940.00000000,0.04664424
200.00000000,1941.00000000,0.04664157
200.00000000,1942.00000000,0.04663819
200.00000000,1943.00000000,0.04663443
200.00000000,1944.00000000,0.04663032
200.00000000,1945.00000000,0.04662616
200.00000000,1946.00000000,0.04662260
200.00000000,1947.00000000,0.04662003
200.00000000,1948.00000000,0.04661796
200.00000000,1949.00000000,0.04661590
200.00000000,1950.00000000,0.04661378
200.00000000,1951.00000000,0.04661157
200.00000000,1952.00000000,0.04660981
200.00000000,1953.00000000,0.04660817
200.00000000,1954.00000000,0.04660652
200.00000000,1955.00000000,0.04660503
200.00000000,1956.00000000,0.04660357
200.00000000,1957.00000000,0.04660194
200.00000000,1958.00000000,0.04660004
200.00000000,1959.00000000,0.04659780
200.00000000,1960.00000000,0.04659443
200.00000000,1961.00000000,0.04659003
200.00000000,1962.00000000,0.04658510
200.00000000,1963.00000000,0.04657964
200.00000000,1964.00000000,0.04657355
200.00000000,1965.00000000,0.04656668
200.00000000,1966.00000000,0.04656323
200.00000000,1967.00000000,0.04655471
200.00000000,1968.00000000,0.04654530
200.00000000,1969.00000000,0.04653465
200.00000000,1970.00000000,0.04652249
200.00000000,1971.00000000,0.04650980
200.00000000,1972.00000000,0.04649318
200.00000000,1973.00000000,0.04647435
200.00000000,1974.00000000,0.04645374
200.00000000,1975.00000000,0.04643215
200.00000000,1976.00000000,0.04641023
200.00000000,1977.00000000,0.04638839
200.00000000,1978.00000000,0.04636648
200.00000000,1979.00000000,0.04634433
200.00000000,1980.00000000,0.04632179
200.00000000,1981.00000000,0.04630056
200.00000000,1982.00000000,0.04627908
200.00000000,1983.00000000,0.04626015
200.00000000,1984.00000000,0.04624375
200.00000000,1985.00000000,0.04622916
200.00000000,1986.00000000,0.04621569
200.00000000,1987.00000000,0.04620275
200.00000000,1988.00000000,0.04618988
200.00000000,1989.00000000,0.04617681
200.00000000,1990.00000000,0.04616339
200.00000000,1991.00000000,0.04615124
200.00000000,1992.00000000,0.04613796
200.00000000,1993.00000000,0.04612497
200.00000000,1994.00000000,0.04611266
200.00000000,1995.00000000,0.04610078
200.00000000,1996.00000000,0.04608903
200.00000000,1997.00000000,0.04607837
200.00000000,1998.00000000,0.04606577
200.00000000,1999.00000000,0.04605310
200.00000000,2000.00000000,0.04604192
200.00000000,2001.00000000,0.04602910
200.00000000,2002.00000000,0.04601881
200.00000000,2003.00000000,0.04600427
200.00000000,2004.00000000,0.04599037
200.00000000,2005.00000000,0.04597490
200.00000000,2006.00000000,0.04595845
200.00000000,2007.00000000,0.04593813
200.00000000,2008.00000000,0.04591567
200.00000000,2009.00000000,0.04589128
200.00000000,2010.00000000,0.04586509
200.00000000,2011.00000000,0.04583872
200.00000000,2012.00000000,0.04580938
200.00000000,2013.00000000,0.04577837
200.00000000,2014.00000000,0.04574573
200.00000000,2015.00000000,0.04571286
200.00000000,2016.00000000,0.04567845
200.00000000,2017.00000000,0.04564247
200.00000000,2018.00000000,0.04560363
200.00000000,2019.00000000,0.04556345
200.00000000,2020.00000000,0.04552195
200.00000000,2021.00000000,0.04547922
200.00000000,2022.00000000,0.04543687
200.00000000,2023.00000000,0.04539358
200.00000000,2024.00000000,0.04534804
200.00000000,2025.00000000,0.04530325
200.00000000,2026.00000000,0.04525646
200.00000000,2027.00000000,0.04521048
200.00000000,2028.00000000,0.04516262
200.00000000,2029.00000000,0.04511427
200.00000000,2030.00000000,0.04507387
200.00000000,2031.00000000,0.04502330
200.00000000,2032.00000000,0.04497359
200.00000000,2033.00000000,0.04492467
200.00000000,2034.00000000,0.04487361
200.00000000,2035.00000000,0.04482311
200.00000000,2036.00000000,0.04477596
200.00000000,2037.00000000,0.04472251
200.00000000,2038.00000000,0.04466960
200.00000000,2039.00000000,0.04461599
200.00000000,2040.00000000,0.04456296
200.00000000,2041.00000000,0.04450790
200.00000000,2042.00000000,0.04445339
200.00000000,2043.00000000,0.04439657
200.00000000,2044.00000000,0.04434018
200.00000000,2045.00000000,0.04428552
200.00000000,2046.00000000,0.04422438
200.00000000,2047.00000000,0.04416639
200.00000000,2048.00000000,0.04410476
200.00000000,2049.00000000,0.04404493
200.00000000,2050.00000000,0.04398565
200.00000000,2051.00000000,0.04392015
200.00000000,2052.00000000,0.04385802
200.00000000,2053.00000000,0.04379383
200.00000000,2054.00000000,0.04373971
200.00000000,2055.00000000,0.04367421
200.00000000,2056.00000000,0.04361214
200.00000000,2057.00000000,0.04354412
200.00000000,2058.00000000,0.04347564
200.00000000,2059.00000000,0.04341200
200.00000000,2060.00000000,0.04335186
200.00000000,2061.00000000,0.04328605
200.00000000,2062.00000000,0.04321748
200.00000000,2063.00000000,0.04315578
200.00000000,2064.00000000,0.04309594
200.00000000,2065.00000000,0.04303540
200.00000000,2066.00000000,0.04297033
200.00000000,2067.00000000,0.04291293
200.00000000,2068.00000000,0.04285204
200.00000000,2069.00000000,0.04279460
200.00000000,2070.00000000,0.04273533
200.00000000,2071.00000000,0.04268209
200.00000000,2072.00000000,0.04264037
200.00000000,2073.00000000,0.04259196
200.00000000,2074.00000000,0.04251743
200.00000000,2075.00000000,0.04247547
200.00000000,2076.00000000,0.04242048
200.00000000,2077.00000000,0.04236680
200.00000000,2078.00000000,0.04231238
200.00000000,2079.00000000,0.04227529
200.00000000,2080.00000000,0.04225482
200.00000000,2081.00000000,0.04221089
200.00000000,2082.00000000,0.04217579
200.00000000,2083.00000000,0.04214577
200.00000000,2084.00000000,0.04210032
200.00000000,2085.00000000,0.04205484
200.00000000,2086.00000000,0.04201323
200.00000000,2087.00000000,0.04198565
200.00000000,2088.00000000,0.04198218
200.00000000,2089.00000000,0.04193902
200.00000000,2090.00000000,0.04193387
200.00000000,2091.00000000,0.04191324
200.00000000,2092.00000000,0.04187597
200.00000000,2093.00000000,0.04183235
200.00000000,2094.00000000,0.04181169
200.00000000,2095.00000000,0.04180503
200.00000000,2096.00000000,0.04178699
200.00000000,2097.00000000,0.04178041
200.00000000,2098.00000000,0.04178012
200.00000000,2099.00000000,0.04180248
200.00000000,2100.00000000,0.04180709
200.00000000,2101.00000000,0.04180149
200.00000000,2102.00000000,0.04179215
200.00000000,2103.00000000,0.04183067
200.00000000,2104.00000000,0.04181515
200.00000000,2105.00000000,0.04184116
200.00000000,2106.00000000,0.04187464
200.00000000,2107.00000000,0.04195057
200.00000000,2108.00000000,0.04188841
200.00000000,2109.00000000,0.04191368
200.00000000,2110.00000000,0.04193858
200.00000000,2111.00000000,0.04194307
200.00000000,2112.00000000,0.04198086
200.00000000,2113.00000000,0.04204560
200.00000000,2114.00000000,0.04191512
200.00000000,2115.00000000,0.04188657
200.00000000,2116.00000000,0.04195244
200.00000000,2117.00000000,0.04200785
200.00000000,2118.00000000,0.04197303
200.00000000,2119.00000000,0.04180084
200.00000000,2120.00000000,0.04194808
200.00000000,2121.00000000,0.04177891
200.00000000,2122.00000000,0.04182332
200.00000000,2123.00000000,0.04197169
200.00000000,2124.00000000,0.04195681
200.00000000,2125.00000000,0.04196634
200.00000000,2126.00000000,0.04197165
200.00000000,2127.00000000,0.04206584
200.00000000,2128.00000000,0.04206643
200.00000000,2129.00000000,0.04216309
200.00000000,2130.00000000,0.04204711
200.00000000,2131.00000000,0.04190565
200.00000000,2132.00000000,0.04178960
200.00000000,2133.00000000,0.04184656
200.00000000,2134.00000000,0.04194655
200.00000000,2135.00000000,0.04201532
200.00000000,2136.00000000,0.04214568
200.00000000,2137.00000000,0.04224718
200.00000000,2138.00000000,0.04216899
200.00000000,2139.00000000,0.04223641
200.00000000,2140.00000000,0.04237519
200.00000000,2141.00000000,0.04242592
200.00000000,2142.00000000,0.04244419
200.00000000,2143.00000000,0.04251402
200.00000000,2144.00000000,0.04251438
200.00000000,2145.00000000,0.04225018
200.00000000,2146.00000000,0.04235909
200.00000000,2147.00000000,0.04256330
200.00000000,2148.00000000,0.04267380
200.00000000,2149.00000000,0.04262882
200.00000000,2150.00000000,0.04290761
200.00000000,2151.00000000,0.04309794
200.00000000,2152.00000000,0.04315465
200.00000000,2153.00000000,0.04323499
200.00000000,2154.00000000,0.04329240
200.00000000,2155.00000000,0.04354320
200.00000000,2156.00000000,0.04374415
200.00000000,2157.00000000,0.04389510
200.00000000,2158.00000000,0.04400953
200.00000000,2159.00000000,0.04421584
200.00000000,2160.00000000,0.04440407
200.00000000,2161.00000000,0.04447409
200.00000000,2162.00000000,0.04465710
200.00000000,2163.00000000,0.04489511
200.00000000,2164.00000000,0.04515099
200.00000000,2165.00000000,0.04538132
200.00000000,2166.00000000,0.04564303
200.00000000,2167.00000000,0.04584055
200.00000000,2168.00000000,0.04612888
200.00000000,2169.00000000,0.04646349
200.00000000,2170.00000000,0.04688044
200.00000000,2171.00000000,0.04714958
200.00000000,2172.00000000,0.04743742
200.00000000,2173.00000000,0.04781250
200.00000000,2174.00000000,0.04790697
200.00000000,2175.00000000,0.04795608
200.00000000,2176.00000000,0.04837830
200.00000000,2177.00000000,0.04865061
200.00000000,2178.00000000,0.04883750
200.00000000,2179.00000000,0.04928446
200.00000000,2180.00000000,0.04931102
200.00000000,2181.00000000,0.04920217
200.00000000,2182.00000000,0.04924926
200.00000000,2183.00000000,0.04932842
200.00000000,2184.00000000,0.04965780
200.00000000,2185.00000000,0.04995691
200.00000000,2186.00000000,0.05027361
200.00000000,2187.00000000,0.05056359
200.00000000,2188.00000000,0.05094190
200.00000000,2189.00000000,0.05121351
200.00000000,2190.00000000,0.05139814
200.00000000,2191.00000000,0.05163018
200.00000000,2192.00000000,0.05159916
200.00000000,2193.00000000,0.05172601
200.00000000,2194.00000000,0.05199760
200.00000000,2195.00000000,0.05228675
200.00000000,2196.00000000,0.05258840
200.00000000,2197.00000000,0.05285520
200.00000000,2198.00000000,0.05294446
200.00000000,2199.00000000,0.05305099
200.00000000,2200.00000000,0.05339792
200.00000000,2201.00000000,0.05374128
200.00000000,2202.00000000,0.05394848
200.00000000,2203.00000000,0.05452586
200.00000000,2204.00000000,0.05517050
200.00000000,2205.00000000,0.05570641
200.00000000,2206.00000000,0.05610450
200.00000000,2207.00000000,0.05650591
200.00000000,2208.00000000,0.05691070
200.00000000,2209.00000000,0.05731851
200.00000000,2210.00000000,0.05772938
200.00000000,2211.00000000,0.05823539
200.00000000,2212.00000000,0.05874488
200.00000000,2213.00000000,0.05925790
200.00000000,2214.00000000,0.05977441
200.00000000,2215.00000000,0.06029436
200.00000000,2216.00000000,0.06081780
200.00000000,2217.00000000,0.06134468
200.00000000,2218.00000000,0.06187495
200.00000000,2219.00000000,0.06240865
200.00000000,2220.00000000,0.06294572
200.00000000,2221.00000000,0.06344466
200.00000000,2222.00000000,0.06394683
200.00000000,2223.00000000,0.06445216
200.00000000,2224.00000000,0.06496073
200.00000000,2225.00000000,0.06547254
200.00000000,2226.00000000,0.06598759
200.00000000,2227.00000000,0.06650593
200.00000000,2228.00000000,0.06702759
200.00000000,2229.00000000,0.06755259
200.00000000,2230.00000000,0.06808102
200.00000000,2231.00000000,0.06870094
200.00000000,2232.00000000,0.06932469
200.00000000,2233.00000000,0.06995230
200.00000000,2234.00000000,0.07058374
200.00000000,2235.00000000,0.07121897
200.00000000,2236.00000000,0.07185806
200.00000000,2237.00000000,0.07250093
200.00000000,2238.00000000,0.07314763
200.00000000,2239.00000000,0.07379814
200.00000000,2240.00000000,0.07445245
200.00000000,2241.00000000,0.07517614
200.00000000,2242.00000000,0.07590394
200.00000000,2243.00000000,0.07663579
200.00000000,2244.00000000,0.07737174
200.00000000,2245.00000000,0.07811170
200.00000000,2246.00000000,0.07885565
200.00000000,2247.00000000,0.07960360
200.00000000,2248.00000000,0.08035545
200.00000000,2249.00000000,0.08111115
200.00000000,2250.00000000,0.08187009
200.00000000,2251.00000000,0.08262736
200.00000000,2252.00000000,0.08338572
200.00000000,2253.00000000,0.08414449
200.00000000,2254.00000000,0.08490329
200.00000000,2255.00000000,0.08566197
200.00000000,2256.00000000,0.08642036
200.00000000,2257.00000000,0.08717832
200.00000000,2258.00000000,0.08793579
200.00000000,2259.00000000,0.08869264
200.00000000,2260.00000000,0.08944875
200.00000000,2261.00000000,0.09005488
200.00000000,2262.00000000,0.09065965
200.00000000,2263.00000000,0.09126316
200.00000000,2264.00000000,0.09186543
200.00000000,2265.00000000,0.09246642
200.00000000,2266.00000000,0.09306620
200.00000000,2267.00000000,0.09366472
200.00000000,2268.00000000,0.09426193
200.00000000,2269.00000000,0.09485786
200.00000000,2270.00000000,0.09545244
200.00000000,2271.00000000,0.09590887
200.00000000,2272.00000000,0.09636345
200.00000000,2273.00000000,0.09681613
200.00000000,2274.00000000,0.09726700
200.00000000,2275.00000000,0.09771604
200.00000000,2276.00000000,0.09816322
200.00000000,2277.00000000,0.09860863
200.00000000,2278.00000000,0.09905224
200.00000000,2279.00000000,0.09949402
200.00000000,2280.00000000,0.09993402
200.00000000,2281.00000000,0.10029489
200.00000000,2282.00000000,0.10065366
200.00000000,2283.00000000,0.10101046
200.00000000,2284.00000000,0.10136521
200.00000000,2285.00000000,0.10171803
200.00000000,2286.00000000,0.10206887
200.00000000,2287.00000000,0.10241773
200.00000000,2288.00000000,0.10276467
200.00000000,2289.00000000,0.10310969
200.00000000,2290.00000000,0.10345272
200.00000000,2291.00000000,0.10371327
200.00000000,2292.00000000,0.10397168
200.00000000,2293.00000000,0.10422791
200.00000000,2294.00000000,0.10448210
200.00000000,2295.00000000,0.10473421
200.00000000,2296.00000000,0.10498423
200.00000000,2297.00000000,0.10523227
200.00000000,2298.00000000,0.10547822
200.00000000,2299.00000000,0.10572225
200.00000000,2300.00000000,0.10596428
200.00000000,2301.00000000,0.10614188
200.00000000,2302.00000000,0.10631741
200.00000000,2303.00000000,0.10649083
200.00000000,2304.00000000,0.10666211
200.00000000,2305.00000000,0.10683137
200.00000000,2306.00000000,0.10699860
200.00000000,2307.00000000,0.10716375
200.00000000,2308.00000000,0.10732693
200.00000000,2309.00000000,0.10748808
200.00000000,2310.00000000,0.10764733
200.00000000,2311.00000000,0.10780460
200.00000000,2312.00000000,0.10795989
200.00000000,2313.00000000,0.10811332
200.00000000,2314.00000000,0.10826483
200.00000000,2315.00000000,0.10841440
200.00000000,2316.00000000,0.10856215
200.00000000,2317.00000000,0.10870804
200.00000000,2318.00000000,0.10885197
200.00000000,2319.00000000,0.10899415
200.00000000,2320.00000000,0.10913449
200.00000000,2321.00000000,0.10927292
200.00000000,2322.00000000,0.10940960
200.00000000,2323.00000000,0.10954439
200.00000000,2324.00000000,0.10967746
200.00000000,2325.00000000,0.10980874
200.00000000,2326.00000000,0.10993811
200.00000000,2327.00000000,0.11006581
200.00000000,2328.00000000,0.11019173
200.00000000,2329.00000000,0.11031577
200.00000000,2330.00000000,0.11043813
200.00000000,2331.00000000,0.11055871
200.00000000,2332.00000000,0.11067743
200.00000000,2333.00000000,0.11079449
200.00000000,2334.00000000,0.11090969
200.00000000,2335.00000000,0.11102322
200.00000000,2336.00000000,0.11113498
200.00000000,2337.00000000,0.11124489
200.00000000,2338.00000000,0.11135312
200.00000000,2339.00000000,0.11145957
200.00000000,2340.00000000,0.11156417
200.00000000,2341.00000000,0.11166708
200.00000000,2342.00000000,0.11176822
200.00000000,2343.00000000,0.11186747
200.00000000,2344.00000000,0.11196502
200.00000000,2345.00000000,0.11206069
200.00000000,2346.00000000,0.11215462
200.00000000,2347.00000000,0.11224672
200.00000000,2348.00000000,0.11233688
200.00000000,2349.00000000,0.11242523
200.00000000,2350.00000000,0.11251161
200.00000000,2351.00000000,0.11216103
200.00000000,2352.00000000,0.11180806
200.00000000,2353.00000000,0.11145269
200.00000000,2354.00000000,0.11109488
200.00000000,2355.00000000,0.11073484
200.00000000,2356.00000000,0.11037253
200.00000000,2357.00000000,0.11000794
200.00000000,2358.00000000,0.10964125
200.00000000,2359.00000000,0.10927236
200.00000000,2360.00000000,0.10890146
200.00000000,2361.00000000,0.10852852
200.00000000,2362.00000000,0.10815351
200.00000000,2363.00000000,0.10777663
200.00000000,2364.00000000,0.10739782
200.00000000,2365.00000000,0.10701706
200.00000000,2366.00000000,0.10663453
200.00000000,2367.00000000,0.10625020
200.00000000,2368.00000000,0.10586403
200.00000000,2369.00000000,0.10547621
200.00000000,2370.00000000,0.10508664
200.00000000,2371.00000000,0.10469546
200.00000000,2372.00000000,0.10430265
200.00000000,2373.00000000,0.10390819
200.00000000,2374.00000000,0.10351225
200.00000000,2375.00000000,0.10311478
200.00000000,2376.00000000,0.10271574
200.00000000,2377.00000000,0.10231531
200.00000000,2378.00000000,0.10191346
200.00000000,2379.00000000,0.10151013
200.00000000,2380.00000000,0.10110549
200.00000000,2381.00000000,0.10069951
200.00000000,2382.00000000,0.10029216
200.00000000,2383.00000000,0.09988358
200.00000000,2384.00000000,0.09947369
200.00000000,2385.00000000,0.09906263
200.00000000,2386.00000000,0.09865035
200.00000000,2387.00000000,0.09823685
200.00000000,2388.00000000,0.09782224
200.00000000,2389.00000000,0.09740651
200.00000000,2390.00000000,0.09698963
200.00000000,2391.00000000,0.09657172
200.00000000,2392.00000000,0.09615277
200.00000000,2393.00000000,0.09573272
200.00000000,2394.00000000,0.09531174
200.00000000,2395.00000000,0.09488970
200.00000000,2396.00000000,0.09446677
200.00000000,2397.00000000,0.09404290
200.00000000,2398.00000000,0.09361806
200.00000000,2399.00000000,0.09319240
200.00000000,2400.00000000,0.09276585
200.00000000,2401.00000000,0.09233840
200.00000000,2402.00000000,0.09191017
200.00000000,2403.00000000,0.09148116
200.00000000,2404.00000000,0.09105130
200.00000000,2405.00000000,0.09062073
200.00000000,2406.00000000,0.09018943
200.00000000,2407.00000000,0.08975734
200.00000000,2408.00000000,0.08932460
200.00000000,2409.00000000,0.08889112
200.00000000,2410.00000000,0.08845704
200.00000000,2411.00000000,0.08802230
200.00000000,2412.00000000,0.08758688
200.00000000,2413.00000000,0.08715091
200.00000000,2414.00000000,0.08671434
200.00000000,2415.00000000,0.08627714
200.00000000,2416.00000000,0.08583942
200.00000000,2417.00000000,0.08540118
200.00000000,2418.00000000,0.08496234
200.00000000,2419.00000000,0.08452305
200.00000000,2420.00000000,0.08408321
200.00000000,2421.00000000,0.08364296
200.00000000,2422.00000000,0.08320225
200.00000000,2423.00000000,0.08276102
200.00000000,2424.00000000,0.08231943
200.00000000,2425.00000000,0.08187743
200.00000000,2426.00000000,0.08143495
200.00000000,2427.00000000,0.08099217
200.00000000,2428.00000000,0.08054902
200.00000000,2429.00000000,0.08010544
200.00000000,2430.00000000,0.07966159
200.00000000,2431.00000000,0.07921735
200.00000000,2432.00000000,0.07877287
200.00000000,2433.00000000,0.07832810
200.00000000,2434.00000000,0.07788299
200.00000000,2435.00000000,0.07743767
200.00000000,2436.00000000,0.07699210
200.00000000,2437.00000000,0.07654622
200.00000000,2438.00000000,0.07610019
200.00000000,2439.00000000,0.07565395
200.00000000,2440.00000000,0.07520744
200.00000000,2441.00000000,0.07476082
200.00000000,2442.00000000,0.07431405
200.00000000,2443.00000000,0.07386704
200.00000000,2444.00000000,0.07341998
200.00000000,2445.00000000,0.07297271
200.00000000,2446.00000000,0.07252543
200.00000000,2447.00000000,0.07207808
200.00000000,2448.00000000,0.07163065
200.00000000,2449.00000000,0.07127728
200.00000000,2450.00000000,0.07120072
200.00000000,2451.00000000,0.07119984
200.00000000,2452.00000000,0.07119915
200.00000000,2453.00000000,0.07119857
200.00000000,2454.00000000,0.07119805
200.00000000,2455.00000000,0.07119771
200.00000000,2456.00000000,0.07120927
200.00000000,2457.00000000,0.07122099
200.00000000,2458.00000000,0.07123283
200.00000000,2459.00000000,0.07124470
200.00000000,2460.00000000,0.07125674
200.00000000,2461.00000000,0.07124543
200.00000000,2462.00000000,0.07123413
200.00000000,2463.00000000,0.07122299
200.00000000,2464.00000000,0.07121194
200.00000000,2465.00000000,0.07120088
200.00000000,2466.00000000,0.07118998
200.00000000,2467.00000000,0.07117916
200.00000000,2468.00000000,0.07116832
200.00000000,2469.00000000,0.07115764
200.00000000,2470.00000000,0.07114695
200.00000000,2471.00000000,0.07113641
200.00000000,2472.00000000,0.07112592
200.00000000,2473.00000000,0.07111542
200.00000000,2474.00000000,0.07110507
200.00000000,2475.00000000,0.07109477
200.00000000,2476.00000000,0.07108345
200.00000000,2477.00000000,0.07107225
200.00000000,2478.00000000,0.07106111
200.00000000,2479.00000000,0.07104995
200.00000000,2480.00000000,0.07103892
200.00000000,2481.00000000,0.07102786
200.00000000,2482.00000000,0.07101694
200.00000000,2483.00000000,0.07100606
200.00000000,2484.00000000,0.07099515
200.00000000,2485.00000000,0.07098436
200.00000000,2486.00000000,0.07097362
200.00000000,2487.00000000,0.07096284
200.00000000,2488.00000000,0.07095219
200.00000000,2489.00000000,0.07094158
200.00000000,2490.00000000,0.07093093
200.00000000,2491.00000000,0.07092039
200.00000000,2492.00000000,0.07090982
200.00000000,2493.00000000,0.07089936
200.00000000,2494.00000000,0.07088894
200.00000000,2495.00000000,0.07087848
200.00000000,2496.00000000,0.07086813
200.00000000,2497.00000000,0.07085782
200.00000000,2498.00000000,0.07084745
200.00000000,2499.00000000,0.07083720
200.00000000,2500.00000000,0.07082698
201.00000000,1765.00000000,0.04623945
201.00000000,1766.00000000,0.04623954
201.00000000,1767.00000000,0.04623958
201.00000000,1768.00000000,0.04623962
201.00000000,1769.00000000,0.04623983
201.00000000,1770.00000000,0.04624005
201.00000000,1771.00000000,0.04624045
201.00000000,1772.00000000,0.04624090
201.00000000,1773.00000000,0.04624124
201.00000000,1774.00000000,0.04624196
201.00000000,1775.00000000,0.04624264
201.00000000,1776.00000000,0.04624341
201.00000000,1777.00000000,0.04624419
201.00000000,1778.00000000,0.04624510
201.00000000,1779.00000000,0.04624624
201.00000000,1780.00000000,0.04624731
201.00000000,1781.00000000,0.04624852
201.00000000,1782.00000000,0.04624973
201.00000000,1783.00000000,0.04625119
201.00000000,1784.00000000,0.04625255
201.00000000,1785.00000000,0.04625396
201.00000000,1786.00000000,0.04625553
201.00000000,1787.00000000,0.04625706
201.00000000,1788.00000000,0.04625882
201.00000000,1789.00000000,0.04626051
201.00000000,1790.00000000,0.04626218
201.00000000,1791.00000000,0.04626408
201.00000000,1792.00000000,0.04626584
201.00000000,1793.00000000,0.04626780
201.00000000,1794.00000000,0.04626977
201.00000000,1795.00000000,0.04627173
201.00000000,1796.00000000,0.04627372
201.00000000,1797.00000000,0.04627569
201.00000000,1798.00000000,0.04627776
201.00000000,1799.00000000,0.04627986
201.00000000,1800.00000000,0.04628200
201.00000000,1801.00000000,0.04628427
201.00000000,1802.00000000,0.04628641
201.00000000,1803.00000000,0.04628856
201.00000000,1804.00000000,0.04629077
201.00000000,1805.00000000,0.04629307
201.00000000,1806.00000000,0.04629526
201.00000000,1807.00000000,0.04629762
201.00000000,1808.00000000,0.04629982
201.00000000,1809.00000000,0.04630214
201.00000000,1810.00000000,0.04630453
201.00000000,1811.00000000,0.04630690
201.00000000,1812.00000000,0.04630921
201.00000000,1813.00000000,0.04631155
201.00000000,1814.00000000,0.04631392
201.00000000,1815.00000000,0.04631634
201.00000000,1816.00000000,0.04631874
201.00000000,1817.00000000,0.04632114
201.00000000,1818.00000000,0.04632351
201.00000000,1819.00000000,0.04632593
201.00000000,1820.00000000,0.04632830
201.00000000,1821.00000000,0.04633080
201.00000000,1822.00000000,0.04633305
201.00000000,1823.00000000,0.04633546
201.00000000,1824.00000000,0.04633789
201.00000000,1825.00000000,0.04634034
201.00000000,1826.00000000,0.04634270
201.00000000,1827.00000000,0.04634505
201.00000000,1828.00000000,0.04634749
201.00000000,1829.00000000,0.04634985
201.00000000,1830.00000000,0.04635224
201.00000000,1831.00000000,0.04635456
201.00000000,1832.00000000,0.04635695
201.00000000,1833.00000000,0.04635922
201.00000000,1834.00000000,0.04636156
201.00000000,1835.00000000,0.04636392
201.00000000,1836.00000000,0.04636615
201.00000000,1837.00000000,0.04636851
201.00000000,1838.00000000,0.04637084
201.00000000,1839.00000000,0.04637301
201.00000000,1840.00000000,0.04637531
201.00000000,1841.00000000,0.04637754
201.00000000,1842.00000000,0.04637968
201.00000000,1843.00000000,0.04638194
201.00000000,1844.00000000,0.04638419
201.00000000,1845.00000000,0.04638623
201.00000000,1846.00000000,0.04638836
201.00000000,1847.00000000,0.04639048
201.00000000,1848.00000000,0.04639257
201.00000000,1849.00000000,0.04639463
201.00000000,1850.00000000,0.04639674
201.00000000,1851.00000000,0.04639871
201.00000000,1852.00000000,0.04640075
201.00000000,1853.00000000,0.04640279
201.00000000,1854.00000000,0.04640501
201.00000000,1855.00000000,0.04640725
201.00000000,1856.00000000,0.04640951
201.00000000,1857.00000000,0.04641154
201.00000000,1858.00000000,0.04641359
201.00000000,1859.00000000,0.04641559
201.00000000,1860.00000000,0.04641753
201.00000000,1861.00000000,0.04641946
201.00000000,1862.00000000,0.04642130
201.00000000,1863.00000000,0.04642257
201.00000000,1864.00000000,0.04642367
201.00000000,1865.00000000,0.04642447
201.00000000,1866.00000000,0.04642502
201.00000000,1867.00000000,0.04642540
201.00000000,1868.00000000,0.04642562
201.00000000,1869.00000000,0.04642571
201.00000000,1870.00000000,0.04642557
201.00000000,1871.00000000,0.04642533
201.00000000,1872.00000000,0.04642511
201.00000000,1873.00000000,0.04642542
201.00000000,1874.00000000,0.04642598
201.00000000,1875.00000000,0.04642680
201.00000000,1876.00000000,0.04642774
201.00000000,1877.00000000,0.04642882
201.00000000,1878.00000000,0.04642992
201.00000000,1879.00000000,0.04643114
201.00000000,1880.00000000,0.04643245
201.00000000,1881.00000000,0.04643368
201.00000000,1882.00000000,0.04643491
201.00000000,1883.00000000,0.04643586
201.00000000,1884.00000000,0.04643662
201.00000000,1885.00000000,0.04643713
201.00000000,1886.00000000,0.04643755
201.00000000,1887.00000000,0.04643787
201.00000000,1888.00000000,0.04643811
201.00000000,1889.00000000,0.04643813
201.00000000,1890.00000000,0.04643794
201.00000000,1891.00000000,0.04643758
201.00000000,1892.00000000,0.04643699
201.00000000,1893.00000000,0.04643630
201.00000000,1894.00000000,0.04643558
201.00000000,1895.00000000,0.04643495
201.00000000,1896.00000000,0.04643432
201.00000000,1897.00000000,0.04643364
201.00000000,1898.00000000,0.04643288
201.00000000,1899.00000000,0.04643199
201.00000000,1900.00000000,0.04643088
201.00000000,1901.00000000,0.04642960
201.00000000,1902.00000000,0.04642846
201.00000000,1903.00000000,0.04642730
201.00000000,1904.00000000,0.04642618
201.00000000,1905.00000000,0.04642527
201.00000000,1906.00000000,0.04642435
201.00000000,1907.00000000,0.04642359
201.00000000,1908.00000000,0.04642279
201.00000000,1909.00000000,0.04642193
201.00000000,1910.00000000,0.04642096
201.00000000,1911.00000000,0.04642003
201.00000000,1912.00000000,0.04641864
201.00000000,1913.00000000,0.04641669
201.00000000,1914.00000000,0.04641419
201.00000000,1915.00000000,0.04641132
201.00000000,1916.00000000,0.04640842
201.00000000,1917.00000000,0.04640550
201.00000000,1918.00000000,0.04640247
201.00000000,1919.00000000,0.04639940
201.00000000,1920.00000000,0.04639667
201.00000000,1921.00000000,0.04639435
201.00000000,1922.00000000,0.04639254
201.00000000,1923.00000000,0.04639116
201.00000000,1924.00000000,0.04638980
201.00000000,1925.00000000,0.04638836
201.00000000,1926.00000000,0.04638683
201.00000000,1927.00000000,0.04638531
201.00000000,1928.00000000,0.04638382
201.00000000,1929.00000000,0.04638230
201.00000000,1930.00000000,0.04638084
201.00000000,1931.00000000,0.04638003
201.00000000,1932.00000000,0.04637998
201.00000000,1933.00000000,0.04638034
201.00000000,1934.00000000,0.04638104
201.00000000,1935.00000000,0.04638165
201.00000000,1936.00000000,0.04638196
201.00000000,1937.00000000,0.04638170
201.00000000,1938.00000000,0.04638058
201.00000000,1939.00000000,0.04637896
201.00000000,1940.00000000,0.04637692
201.00000000,1941.00000000,0.04637422
201.00000000,1942.00000000,0.04637088
201.00000000,1943.00000000,0.04636709
201.00000000,1944.00000000,0.04636301
201.00000000,1945.00000000,0.04635887
201.00000000,1946.00000000,0.04635529
201.00000000,1947.00000000,0.04635272
201.00000000,1948.00000000,0.04635064
201.00000000,1949.00000000,0.04634859
201.00000000,1950.00000000,0.04634646
201.00000000,1951.00000000,0.04634423
201.00000000,1952.00000000,0.04634244
201.00000000,1953.00000000,0.04634080
201.00000000,1954.00000000,0.04633913
201.00000000,1955.00000000,0.04633763
201.00000000,1956.00000000,0.04633614
201.00000000,1957.00000000,0.04633449
201.00000000,1958.00000000,0.04633257
201.00000000,1959.00000000,0.04633029
201.00000000,1960.00000000,0.04632690
201.00000000,1961.00000000,0.04632247
201.00000000,1962.00000000,0.04631752
201.00000000,1963.00000000,0.04631204
201.00000000,1964.00000000,0.04630591
201.00000000,1965.00000000,0.04629901
201.00000000,1966.00000000,0.04629127
201.00000000,1967.00000000,0.04628701
201.00000000,1968.00000000,0.04627758
201.00000000,1969.00000000,0.04626687
201.00000000,1970.00000000,0.04625476
201.00000000,1971.00000000,0.04624061
201.00000000,1972.00000000,0.04622543
201.00000000,1973.00000000,0.04620670
201.00000000,1974.00000000,0.04618615
201.00000000,1975.00000000,0.04616456
201.00000000,1976.00000000,0.04614274
201.00000000,1977.00000000,0.04612099
201.00000000,1978.00000000,0.04609911
201.00000000,1979.00000000,0.04607707
201.00000000,1980.00000000,0.04605458
201.00000000,1981.00000000,0.04603199
201.00000000,1982.00000000,0.04601203
201.00000000,1983.00000000,0.04599315
201.00000000,1984.00000000,0.04597674
201.00000000,1985.00000000,0.04596226
201.00000000,1986.00000000,0.04594879
201.00000000,1987.00000000,0.04593587
201.00000000,1988.00000000,0.04592303
201.00000000,1989.00000000,0.04591000
201.00000000,1990.00000000,0.04589663
201.00000000,1991.00000000,0.04588308
201.00000000,1992.00000000,0.04587124
201.00000000,1993.00000000,0.04585828
201.00000000,1994.00000000,0.04584598
201.00000000,1995.00000000,0.04583419
201.00000000,1996.00000000,0.04582240
201.00000000,1997.00000000,0.04581035
201.00000000,1998.00000000,0.04579925
201.00000000,1999.00000000,0.04578658
201.00000000,2000.00000000,0.04577400
201.00000000,2001.00000000,0.04576266
201.00000000,2002.00000000,0.04574955
201.00000000,2003.00000000,0.04573928
201.00000000,2004.00000000,0.04572409
201.00000000,2005.00000000,0.04570858
201.00000000,2006.00000000,0.04569079
201.00000000,2007.00000000,0.04567201
201.00000000,2008.00000000,0.04564961
201.00000000,2009.00000000,0.04562532
201.00000000,2010.00000000,0.04559929
201.00000000,2011.00000000,0.04557160
201.00000000,2012.00000000,0.04554378
201.00000000,2013.00000000,0.04551296
201.00000000,2014.00000000,0.04548045
201.00000000,2015.00000000,0.04544635
201.00000000,2016.00000000,0.04541206
201.00000000,2017.00000000,0.04537629
201.00000000,2018.00000000,0.04533904
201.00000000,2019.00000000,0.04529903
201.00000000,2020.00000000,0.04525775
201.00000000,2021.00000000,0.04521526
201.00000000,2022.00000000,0.04517168
201.00000000,2023.00000000,0.04512861
201.00000000,2024.00000000,0.04508474
201.00000000,2025.00000000,0.04503874
201.00000000,2026.00000000,0.04499356
201.00000000,2027.00000000,0.04494645
201.00000000,2028.00000000,0.04490020
201.00000000,2029.00000000,0.04485211
201.00000000,2030.00000000,0.04480358
201.00000000,2031.00000000,0.04476294
201.00000000,2032.00000000,0.04471213
201.00000000,2033.00000000,0.04466202
201.00000000,2034.00000000,0.04461260
201.00000000,2035.00000000,0.04456101
201.00000000,2036.00000000,0.04450995
201.00000000,2037.00000000,0.04446223
201.00000000,2038.00000000,0.04440827
201.00000000,2039.00000000,0.04435487
201.00000000,2040.00000000,0.04430080
201.00000000,2041.00000000,0.04424731
201.00000000,2042.00000000,0.04419171
201.00000000,2043.00000000,0.04413657
201.00000000,2044.00000000,0.04407907
201.00000000,2045.00000000,0.04402196
201.00000000,2046.00000000,0.04396657
201.00000000,2047.00000000,0.04390477
201.00000000,2048.00000000,0.04384615
201.00000000,2049.00000000,0.04378395
201.00000000,2050.00000000,0.04372357
201.00000000,2051.00000000,0.04366378
201.00000000,2052.00000000,0.04359786
201.00000000,2053.00000000,0.04353535
201.00000000,2054.00000000,0.04347084
201.00000000,2055.00000000,0.04341636
201.00000000,2056.00000000,0.04335063
201.00000000,2057.00000000,0.04328833
201.00000000,2058.00000000,0.04322017
201.00000000,2059.00000000,0.04315157
201.00000000,2060.00000000,0.04308783
201.00000000,2061.00000000,0.04302765
201.00000000,2062.00000000,0.04296211
201.00000000,2063.00000000,0.04289417
201.00000000,2064.00000000,0.04283324
201.00000000,2065.00000000,0.04277428
201.00000000,2066.00000000,0.04271469
201.00000000,2067.00000000,0.04265065
201.00000000,2068.00000000,0.04259420
201.00000000,2069.00000000,0.04253427
201.00000000,2070.00000000,0.04247775
201.00000000,2071.00000000,0.04241943
201.00000000,2072.00000000,0.04236731
201.00000000,2073.00000000,0.04232684
201.00000000,2074.00000000,0.04227988
201.00000000,2075.00000000,0.04220701
201.00000000,2076.00000000,0.04216649
201.00000000,2077.00000000,0.04211300
201.00000000,2078.00000000,0.04206078
201.00000000,2079.00000000,0.04200775
201.00000000,2080.00000000,0.04197188
201.00000000,2081.00000000,0.04195250
201.00000000,2082.00000000,0.04190991
201.00000000,2083.00000000,0.04187614
201.00000000,2084.00000000,0.04184745
201.00000000,2085.00000000,0.04180343
201.00000000,2086.00000000,0.04175936
201.00000000,2087.00000000,0.04171907
201.00000000,2088.00000000,0.04169266
201.00000000,2089.00000000,0.04169015
201.00000000,2090.00000000,0.04164818
201.00000000,2091.00000000,0.04164395
201.00000000,2092.00000000,0.04162444
201.00000000,2093.00000000,0.04158847
201.00000000,2094.00000000,0.04154624
201.00000000,2095.00000000,0.04152682
201.00000000,2096.00000000,0.04152127
201.00000000,2097.00000000,0.04150438
201.00000000,2098.00000000,0.04149883
201.00000000,2099.00000000,0.04149949
201.00000000,2100.00000000,0.04152260
201.00000000,2101.00000000,0.04152808
201.00000000,2102.00000000,0.04152351
201.00000000,2103.00000000,0.04151531
201.00000000,2104.00000000,0.04155468
201.00000000,2105.00000000,0.04154036
201.00000000,2106.00000000,0.04156727
201.00000000,2107.00000000,0.04160158
201.00000000,2108.00000000,0.04167801
201.00000000,2109.00000000,0.04161722
201.00000000,2110.00000000,0.04164326
201.00000000,2111.00000000,0.04166888
201.00000000,2112.00000000,0.04167418
201.00000000,2113.00000000,0.04171254
201.00000000,2114.00000000,0.04177765
201.00000000,2115.00000000,0.04164875
201.00000000,2116.00000000,0.04162110
201.00000000,2117.00000000,0.04168724
201.00000000,2118.00000000,0.04174297
201.00000000,2119.00000000,0.04170901
201.00000000,2120.00000000,0.04153851
201.00000000,2121.00000000,0.04168543
201.00000000,2122.00000000,0.04151789
201.00000000,2123.00000000,0.04156257
201.00000000,2124.00000000,0.04171056
201.00000000,2125.00000000,0.04169630
201.00000000,2126.00000000,0.04170628
201.00000000,2127.00000000,0.04171206
201.00000000,2128.00000000,0.04180617
201.00000000,2129.00000000,0.04180725
201.00000000,2130.00000000,0.04190380
201.00000000,2131.00000000,0.04178899
201.00000000,2132.00000000,0.04164886
201.00000000,2133.00000000,0.04153397
201.00000000,2134.00000000,0.04159102
201.00000000,2135.00000000,0.04169083
201.00000000,2136.00000000,0.04175960
201.00000000,2137.00000000,0.04188959
201.00000000,2138.00000000,0.04199089
201.00000000,2139.00000000,0.04191357
201.00000000,2140.00000000,0.04198097
201.00000000,2141.00000000,0.04211931
201.00000000,2142.00000000,0.04217012
201.00000000,2143.00000000,0.04218866
201.00000000,2144.00000000,0.04225845
201.00000000,2145.00000000,0.04225918
201.00000000,2146.00000000,0.04199694
201.00000000,2147.00000000,0.04210556
201.00000000,2148.00000000,0.04230891
201.00000000,2149.00000000,0.04241910
201.00000000,2150.00000000,0.04237475
201.00000000,2151.00000000,0.04265247
201.00000000,2152.00000000,0.04284290
201.00000000,2153.00000000,0.04290111
201.00000000,2154.00000000,0.04298313
201.00000000,2155.00000000,0.04304248
201.00000000,2156.00000000,0.04329414
201.00000000,2157.00000000,0.04349624
201.00000000,2158.00000000,0.04364860
201.00000000,2159.00000000,0.04376457
201.00000000,2160.00000000,0.04397187
201.00000000,2161.00000000,0.04416114
201.00000000,2162.00000000,0.04423279
201.00000000,2163.00000000,0.04441675
201.00000000,2164.00000000,0.04465537
201.00000000,2165.00000000,0.04491173
201.00000000,2166.00000000,0.04514262
201.00000000,2167.00000000,0.04540470
201.00000000,2168.00000000,0.04560289
201.00000000,2169.00000000,0.04589139
201.00000000,2170.00000000,0.04622591
201.00000000,2171.00000000,0.04664231
201.00000000,2172.00000000,0.04691164
201.00000000,2173.00000000,0.04719955
201.00000000,2174.00000000,0.04757424
201.00000000,2175.00000000,0.04766970
201.00000000,2176.00000000,0.04771998
201.00000000,2177.00000000,0.04814152
201.00000000,2178.00000000,0.04841388
201.00000000,2179.00000000,0.04860120
201.00000000,2180.00000000,0.04904733
201.00000000,2181.00000000,0.04907507
201.00000000,2182.00000000,0.04896800
201.00000000,2183.00000000,0.04901612
201.00000000,2184.00000000,0.04909612
201.00000000,2185.00000000,0.04942516
201.00000000,2186.00000000,0.04972405
201.00000000,2187.00000000,0.05004046
201.00000000,2188.00000000,0.05033025
201.00000000,2189.00000000,0.05070798
201.00000000,2190.00000000,0.05097947
201.00000000,2191.00000000,0.05116438
201.00000000,2192.00000000,0.05139647
201.00000000,2193.00000000,0.05136669
201.00000000,2194.00000000,0.05149405
201.00000000,2195.00000000,0.05176549
201.00000000,2196.00000000,0.05205441
201.00000000,2197.00000000,0.05235577
201.00000000,2198.00000000,0.05262245
201.00000000,2199.00000000,0.05271234
201.00000000,2200.00000000,0.05281944
201.00000000,2201.00000000,0.05316587
201.00000000,2202.00000000,0.05350875
201.00000000,2203.00000000,0.05371606
201.00000000,2204.00000000,0.05429197
201.00000000,2205.00000000,0.05493485
201.00000000,2206.00000000,0.05546948
201.00000000,2207.00000000,0.05586689
201.00000000,2208.00000000,0.05626760
201.00000000,2209.00000000,0.05667168
201.00000000,2210.00000000,0.05707878
201.00000000,2211.00000000,0.05748894
201.00000000,2212.00000000,0.05799384
201.00000000,2213.00000000,0.05850222
201.00000000,2214.00000000,0.05901413
201.00000000,2215.00000000,0.05952952
201.00000000,2216.00000000,0.06004835
201.00000000,2217.00000000,0.06057066
201.00000000,2218.00000000,0.06109641
201.00000000,2219.00000000,0.06162555
201.00000000,2220.00000000,0.06215810
201.00000000,2221.00000000,0.06269404
201.00000000,2222.00000000,0.06319202
201.00000000,2223.00000000,0.06369320
201.00000000,2224.00000000,0.06419755
201.00000000,2225.00000000,0.06470515
201.00000000,2226.00000000,0.06521597
201.00000000,2227.00000000,0.06573003
201.00000000,2228.00000000,0.06624739
201.00000000,2229.00000000,0.06676807
201.00000000,2230.00000000,0.06729208
201.00000000,2231.00000000,0.06781952
201.00000000,2232.00000000,0.06843811
201.00000000,2233.00000000,0.06906052
201.00000000,2234.00000000,0.06968681
201.00000000,2235.00000000,0.07031692
201.00000000,2236.00000000,0.07095083
201.00000000,2237.00000000,0.07158859
201.00000000,2238.00000000,0.07223013
201.00000000,2239.00000000,0.07287551
201.00000000,2240.00000000,0.07352470
201.00000000,2241.00000000,0.07417769
201.00000000,2242.00000000,0.07489982
201.00000000,2243.00000000,0.07562606
201.00000000,2244.00000000,0.07635637
201.00000000,2245.00000000,0.07709076
201.00000000,2246.00000000,0.07782918
201.00000000,2247.00000000,0.07857159
201.00000000,2248.00000000,0.07931800
201.00000000,2249.00000000,0.08006822
201.00000000,2250.00000000,0.08082177
201.00000000,2251.00000000,0.08157751
201.00000000,2252.00000000,0.08233061
201.00000000,2253.00000000,0.08308423
201.00000000,2254.00000000,0.08383800
201.00000000,2255.00000000,0.08459168
201.00000000,2256.00000000,0.08534520
201.00000000,2257.00000000,0.08609841
201.00000000,2258.00000000,0.08685117
201.00000000,2259.00000000,0.08760348
201.00000000,2260.00000000,0.08835520
201.00000000,2261.00000000,0.08910624
201.00000000,2262.00000000,0.08970800
201.00000000,2263.00000000,0.09030850
201.00000000,2264.00000000,0.09090784
201.00000000,2265.00000000,0.09150600
201.00000000,2266.00000000,0.09210293
201.00000000,2267.00000000,0.09269871
201.00000000,2268.00000000,0.09329328
201.00000000,2269.00000000,0.09388657
201.00000000,2270.00000000,0.09447864
201.00000000,2271.00000000,0.09506939
201.00000000,2272.00000000,0.09552260
201.00000000,2273.00000000,0.09597400
201.00000000,2274.00000000,0.09642354
201.00000000,2275.00000000,0.09687132
201.00000000,2276.00000000,0.09731731
201.00000000,2277.00000000,0.09776149
201.00000000,2278.00000000,0.09820394
201.00000000,2279.00000000,0.09864464
201.00000000,2280.00000000,0.09908353
201.00000000,2281.00000000,0.09952070
201.00000000,2282.00000000,0.09987908
201.00000000,2283.00000000,0.10023542
201.00000000,2284.00000000,0.10058980
201.00000000,2285.00000000,0.10094219
201.00000000,2286.00000000,0.10129266
201.00000000,2287.00000000,0.10164122
201.00000000,2288.00000000,0.10198779
201.00000000,2289.00000000,0.10233252
201.00000000,2290.00000000,0.10267532
201.00000000,2291.00000000,0.10301618
201.00000000,2292.00000000,0.10327494
201.00000000,2293.00000000,0.10353157
201.00000000,2294.00000000,0.10378607
201.00000000,2295.00000000,0.10403854
201.00000000,2296.00000000,0.10428899
201.00000000,2297.00000000,0.10453734
201.00000000,2298.00000000,0.10478375
201.00000000,2299.00000000,0.10502813
201.00000000,2300.00000000,0.10527057
201.00000000,2301.00000000,0.10551106
201.00000000,2302.00000000,0.10568738
201.00000000,2303.00000000,0.10586167
201.00000000,2304.00000000,0.10603387
201.00000000,2305.00000000,0.10620394
201.00000000,2306.00000000,0.10637204
201.00000000,2307.00000000,0.10653811
201.00000000,2308.00000000,0.10670210
201.00000000,2309.00000000,0.10686419
201.00000000,2310.00000000,0.10702425
201.00000000,2311.00000000,0.10718240
201.00000000,2312.00000000,0.10733864
201.00000000,2313.00000000,0.10749291
201.00000000,2314.00000000,0.10764531
201.00000000,2315.00000000,0.10779585
201.00000000,2316.00000000,0.10794444
201.00000000,2317.00000000,0.10809124
201.00000000,2318.00000000,0.10823618
201.00000000,2319.00000000,0.10837921
201.00000000,2320.00000000,0.10852049
201.00000000,2321.00000000,0.10865993
201.00000000,2322.00000000,0.10879749
201.00000000,2323.00000000,0.10893333
201.00000000,2324.00000000,0.10906729
201.00000000,2325.00000000,0.10919954
201.00000000,2326.00000000,0.10932999
201.00000000,2327.00000000,0.10945859
201.00000000,2328.00000000,0.10958551
201.00000000,2329.00000000,0.10971067
201.00000000,2330.00000000,0.10983396
201.00000000,2331.00000000,0.10995557
201.00000000,2332.00000000,0.11007545
201.00000000,2333.00000000,0.11019346
201.00000000,2334.00000000,0.11030983
201.00000000,2335.00000000,0.11042434
201.00000000,2336.00000000,0.11053720
201.00000000,2337.00000000,0.11064829
201.00000000,2338.00000000,0.11075755
201.00000000,2339.00000000,0.11086515
201.00000000,2340.00000000,0.11097100
201.00000000,2341.00000000,0.11107499
201.00000000,2342.00000000,0.11117731
201.00000000,2343.00000000,0.11127785
201.00000000,2344.00000000,0.11137654
201.00000000,2345.00000000,0.11147353
201.00000000,2346.00000000,0.11156864
201.00000000,2347.00000000,0.11166203
201.00000000,2348.00000000,0.11175360
201.00000000,2349.00000000,0.11184324
201.00000000,2350.00000000,0.11193108
201.00000000,2351.00000000,0.11201697
201.00000000,2352.00000000,0.11166782
201.00000000,2353.00000000,0.11131630
201.00000000,2354.00000000,0.11096239
201.00000000,2355.00000000,0.11060606
201.00000000,2356.00000000,0.11024751
201.00000000,2357.00000000,0.10988671
201.00000000,2358.00000000,0.10952363
201.00000000,2359.00000000,0.10915846
201.00000000,2360.00000000,0.10879111
201.00000000,2361.00000000,0.10842176
201.00000000,2362.00000000,0.10805038
201.00000000,2363.00000000,0.10767694
201.00000000,2364.00000000,0.10730163
201.00000000,2365.00000000,0.10692443
201.00000000,2366.00000000,0.10654527
201.00000000,2367.00000000,0.10616435
201.00000000,2368.00000000,0.10578165
201.00000000,2369.00000000,0.10539711
201.00000000,2370.00000000,0.10501092
201.00000000,2371.00000000,0.10462300
201.00000000,2372.00000000,0.10423348
201.00000000,2373.00000000,0.10384234
201.00000000,2374.00000000,0.10344956
201.00000000,2375.00000000,0.10305531
201.00000000,2376.00000000,0.10265952
201.00000000,2377.00000000,0.10226218
201.00000000,2378.00000000,0.10186346
201.00000000,2379.00000000,0.10146332
201.00000000,2380.00000000,0.10106171
201.00000000,2381.00000000,0.10065880
201.00000000,2382.00000000,0.10025457
201.00000000,2383.00000000,0.09984895
201.00000000,2384.00000000,0.09944212
201.00000000,2385.00000000,0.09903399
201.00000000,2386.00000000,0.09862468
201.00000000,2387.00000000,0.09821418
201.00000000,2388.00000000,0.09780245
201.00000000,2389.00000000,0.09738962
201.00000000,2390.00000000,0.09697569
201.00000000,2391.00000000,0.09656059
201.00000000,2392.00000000,0.09614449
201.00000000,2393.00000000,0.09572733
201.00000000,2394.00000000,0.09530909
201.00000000,2395.00000000,0.09488991
201.00000000,2396.00000000,0.09446970
201.00000000,2397.00000000,0.09404859
201.00000000,2398.00000000,0.09362656
201.00000000,2399.00000000,0.09320354
201.00000000,2400.00000000,0.09277971
201.00000000,2401.00000000,0.09235500
201.00000000,2402.00000000,0.09192940
201.00000000,2403.00000000,0.09150304
201.00000000,2404.00000000,0.09107587
201.00000000,2405.00000000,0.09064788
201.00000000,2406.00000000,0.09021918
201.00000000,2407.00000000,0.08978974
201.00000000,2408.00000000,0.08935953
201.00000000,2409.00000000,0.08892868
201.00000000,2410.00000000,0.08849708
201.00000000,2411.00000000,0.08806487
201.00000000,2412.00000000,0.08763203
201.00000000,2413.00000000,0.08719850
201.00000000,2414.00000000,0.08676441
201.00000000,2415.00000000,0.08632974
201.00000000,2416.00000000,0.08589443
201.00000000,2417.00000000,0.08545863
201.00000000,2418.00000000,0.08502229
201.00000000,2419.00000000,0.08458536
201.00000000,2420.00000000,0.08414799
201.00000000,2421.00000000,0.08371006
201.00000000,2422.00000000,0.08327171
201.00000000,2423.00000000,0.08283291
201.00000000,2424.00000000,0.08239360
201.00000000,2425.00000000,0.08195393
201.00000000,2426.00000000,0.08151385
201.00000000,2427.00000000,0.08107332
201.00000000,2428.00000000,0.08063245
201.00000000,2429.00000000,0.08019123
201.00000000,2430.00000000,0.07974959
201.00000000,2431.00000000,0.07930768
201.00000000,2432.00000000,0.07886537
201.00000000,2433.00000000,0.07842283
201.00000000,2434.00000000,0.07797999
201.00000000,2435.00000000,0.07753682
201.00000000,2436.00000000,0.07709344
201.00000000,2437.00000000,0.07664981
201.00000000,2438.00000000,0.07620588
201.00000000,2439.00000000,0.07576179
201.00000000,2440.00000000,0.07531750
201.00000000,2441.00000000,0.07487294
201.00000000,2442.00000000,0.07442827
201.00000000,2443.00000000,0.07398345
201.00000000,2444.00000000,0.07353839
201.00000000,2445.00000000,0.07309326
201.00000000,2446.00000000,0.07264796
201.00000000,2447.00000000,0.07220262
201.00000000,2448.00000000,0.07175723
201.00000000,2449.00000000,0.07131175
201.00000000,2450.00000000,0.07095993
201.00000000,2451.00000000,0.07088366
201.00000000,2452.00000000,0.07088275
201.00000000,2453.00000000,0.07088202
201.00000000,2454.00000000,0.07088141
201.00000000,2455.00000000,0.07088085
201.00000000,2456.00000000,0.07088047
201.00000000,2457.00000000,0.07089193
201.00000000,2458.00000000,0.07090356
201.00000000,2459.00000000,0.07091531
201.00000000,2460.00000000,0.07092709
201.00000000,2461.00000000,0.07093903
201.00000000,2462.00000000,0.07092773
201.00000000,2463.00000000,0.07091645
201.00000000,2464.00000000,0.07090531
201.00000000,2465.00000000,0.07089427
201.00000000,2466.00000000,0.07088322
201.00000000,2467.00000000,0.07087232
201.00000000,2468.00000000,0.07086151
201.00000000,2469.00000000,0.07085068
201.00000000,2470.00000000,0.07084001
201.00000000,2471.00000000,0.07082932
201.00000000,2472.00000000,0.07081878
201.00000000,2473.00000000,0.07080830
201.00000000,2474.00000000,0.07079782
201.00000000,2475.00000000,0.07078746
201.00000000,2476.00000000,0.07077717
201.00000000,2477.00000000,0.07076585
201.00000000,2478.00000000,0.07075467
201.00000000,2479.00000000,0.07074354
201.00000000,2480.00000000,0.07073239
201.00000000,2481.00000000,0.07072136
201.00000000,2482.00000000,0.07071031
201.00000000,2483.00000000,0.07069938
201.00000000,2484.00000000,0.07068852
201.00000000,2485.00000000,0.07067761
201.00000000,2486.00000000,0.07066683
201.00000000,2487.00000000,0.07065610
201.00000000,2488.00000000,0.07064533
201.00000000,2489.00000000,0.07063468
201.00000000,2490.00000000,0.07062407
201.00000000,2491.00000000,0.07061343
201.00000000,2492.00000000,0.07060289
201.00000000,2493.00000000,0.07059233
201.00000000,2494.00000000,0.07058187
201.00000000,2495.00000000,0.07057146
201.00000000,2496.00000000,0.07056100
201.00000000,2497.00000000,0.07055065
201.00000000,2498.00000000,0.07054035
201.00000000,2499.00000000,0.07052998
201.00000000,2500.00000000,0.07051973
202.00000000,1765.00000000,0.04597470
202.00000000,1766.00000000,0.04597460
202.00000000,1767.00000000,0.04597472
202.00000000,1768.00000000,0.04597482
202.00000000,1769.00000000,0.04597492
202.00000000,1770.00000000,0.04597522
202.00000000,1771.00000000,0.04597553
202.00000000,1772.00000000,0.04597601
202.00000000,1773.00000000,0.04597654
202.00000000,1774.00000000,0.04597697
202.00000000,1775.00000000,0.04597778
202.00000000,1776.00000000,0.04597854
202.00000000,1777.00000000,0.04597939
202.00000000,1778.00000000,0.04598026
202.00000000,1779.00000000,0.04598124
202.00000000,1780.00000000,0.04598246
202.00000000,1781.00000000,0.04598360
202.00000000,1782.00000000,0.04598488
202.00000000,1783.00000000,0.04598615
202.00000000,1784.00000000,0.04598766
202.00000000,1785.00000000,0.04598908
202.00000000,1786.00000000,0.04599054
202.00000000,1787.00000000,0.04599217
202.00000000,1788.00000000,0.04599375
202.00000000,1789.00000000,0.04599555
202.00000000,1790.00000000,0.04599727
202.00000000,1791.00000000,0.04599899
202.00000000,1792.00000000,0.04600093
202.00000000,1793.00000000,0.04600272
202.00000000,1794.00000000,0.04600471
202.00000000,1795.00000000,0.04600670
202.00000000,1796.00000000,0.04600869
202.00000000,1797.00000000,0.04601071
202.00000000,1798.00000000,0.04601270
202.00000000,1799.00000000,0.04601478
202.00000000,1800.00000000,0.04601690
202.00000000,1801.00000000,0.04601905
202.00000000,1802.00000000,0.04602133
202.00000000,1803.00000000,0.04602348
202.00000000,1804.00000000,0.04602563
202.00000000,1805.00000000,0.04602785
202.00000000,1806.00000000,0.04603016
202.00000000,1807.00000000,0.04603235
202.00000000,1808.00000000,0.04603472
202.00000000,1809.00000000,0.04603692
202.00000000,1810.00000000,0.04603924
202.00000000,1811.00000000,0.04604164
202.00000000,1812.00000000,0.04604400
202.00000000,1813.00000000,0.04604631
202.00000000,1814.00000000,0.04604864
202.00000000,1815.00000000,0.04605101
202.00000000,1816.00000000,0.04605343
202.00000000,1817.00000000,0.04605582
202.00000000,1818.00000000,0.04605819
202.00000000,1819.00000000,0.04606055
202.00000000,1820.00000000,0.04606297
202.00000000,1821.00000000,0.04606532
202.00000000,1822.00000000,0.04606781
202.00000000,1823.00000000,0.04607005
202.00000000,1824.00000000,0.04607245
202.00000000,1825.00000000,0.04607487
202.00000000,1826.00000000,0.04607729
202.00000000,1827.00000000,0.04607964
202.00000000,1828.00000000,0.04608196
202.00000000,1829.00000000,0.04608439
202.00000000,1830.00000000,0.04608673
202.00000000,1831.00000000,0.04608909
202.00000000,1832.00000000,0.04609138
202.00000000,1833.00000000,0.04609375
202.00000000,1834.00000000,0.04609599
202.00000000,1835.00000000,0.04609831
202.00000000,1836.00000000,0.04610065
202.00000000,1837.00000000,0.04610285
202.00000000,1838.00000000,0.04610518
202.00000000,1839.00000000,0.04610748
202.00000000,1840.00000000,0.04610962
202.00000000,1841.00000000,0.04611189
202.00000000,1842.00000000,0.04611410
202.00000000,1843.00000000,0.04611620
202.00000000,1844.00000000,0.04611843
202.00000000,1845.00000000,0.04612065
202.00000000,1846.00000000,0.04612266
202.00000000,1847.00000000,0.04612476
202.00000000,1848.00000000,0.04612684
202.00000000,1849.00000000,0.04612890
202.00000000,1850.00000000,0.04613092
202.00000000,1851.00000000,0.04613298
202.00000000,1852.00000000,0.04613489
202.00000000,1853.00000000,0.04613713
202.00000000,1854.00000000,0.04613925
202.00000000,1855.00000000,0.04614143
202.00000000,1856.00000000,0.04614357
202.00000000,1857.00000000,0.04614576
202.00000000,1858.00000000,0.04614773
202.00000000,1859.00000000,0.04614973
202.00000000,1860.00000000,0.04615167
202.00000000,1861.00000000,0.04615355
202.00000000,1862.00000000,0.04615535
202.00000000,1863.00000000,0.04615678
202.00000000,1864.00000000,0.04615772
202.00000000,1865.00000000,0.04615855
202.00000000,1866.00000000,0.04615912
202.00000000,1867.00000000,0.04615949
202.00000000,1868.00000000,0.04615969
202.00000000,1869.00000000,0.04615974
202.00000000,1870.00000000,0.04615967
202.00000000,1871.00000000,0.04615942
202.00000000,1872.00000000,0.04615926
202.00000000,1873.00000000,0.04615947
202.00000000,1874.00000000,0.04616008
202.00000000,1875.00000000,0.04616083
202.00000000,1876.00000000,0.04616181
202.00000000,1877.00000000,0.04616285
202.00000000,1878.00000000,0.04616402
202.00000000,1879.00000000,0.04616519
202.00000000,1880.00000000,0.04616643
202.00000000,1881.00000000,0.04616773
202.00000000,1882.00000000,0.04616897
202.00000000,1883.00000000,0.04616990
202.00000000,1884.00000000,0.04617059
202.00000000,1885.00000000,0.04617118
202.00000000,1886.00000000,0.04617157
202.00000000,1887.00000000,0.04617188
202.00000000,1888.00000000,0.04617208
202.00000000,1889.00000000,0.04617214
202.00000000,1890.00000000,0.04617197
202.00000000,1891.00000000,0.04617157
202.00000000,1892.00000000,0.04617100
202.00000000,1893.00000000,0.04617032
202.00000000,1894.00000000,0.04616962
202.00000000,1895.00000000,0.04616896
202.00000000,1896.00000000,0.04616834
202.00000000,1897.00000000,0.04616767
202.00000000,1898.00000000,0.04616691
202.00000000,1899.00000000,0.04616602
202.00000000,1900.00000000,0.04616494
202.00000000,1901.00000000,0.04616366
202.00000000,1902.00000000,0.04616246
202.00000000,1903.00000000,0.04616136
202.00000000,1904.00000000,0.04616027
202.00000000,1905.00000000,0.04615926
202.00000000,1906.00000000,0.04615849
202.00000000,1907.00000000,0.04615765
202.00000000,1908.00000000,0.04615684
202.00000000,1909.00000000,0.04615599
202.00000000,1910.00000000,0.04615514
202.00000000,1911.00000000,0.04615407
202.00000000,1912.00000000,0.04615275
202.00000000,1913.00000000,0.04615080
202.00000000,1914.00000000,0.04614827
202.00000000,1915.00000000,0.04614549
202.00000000,1916.00000000,0.04614258
202.00000000,1917.00000000,0.04613966
202.00000000,1918.00000000,0.04613663
202.00000000,1919.00000000,0.04613363
202.00000000,1920.00000000,0.04613087
202.00000000,1921.00000000,0.04612854
202.00000000,1922.00000000,0.04612677
202.00000000,1923.00000000,0.04612537
202.00000000,1924.00000000,0.04612404
202.00000000,1925.00000000,0.04612259
202.00000000,1926.00000000,0.04612108
202.00000000,1927.00000000,0.04611954
202.00000000,1928.00000000,0.04611807
202.00000000,1929.00000000,0.04611654
202.00000000,1930.00000000,0.04611512
202.00000000,1931.00000000,0.04611427
202.00000000,1932.00000000,0.04611423
202.00000000,1933.00000000,0.04611458
202.00000000,1934.00000000,0.04611526
202.00000000,1935.00000000,0.04611589
202.00000000,1936.00000000,0.04611616
202.00000000,1937.00000000,0.04611587
202.00000000,1938.00000000,0.04611482
202.00000000,1939.00000000,0.04611315
202.00000000,1940.00000000,0.04611110
202.00000000,1941.00000000,0.04610845
202.00000000,1942.00000000,0.04610508
202.00000000,1943.00000000,0.04610133
202.00000000,1944.00000000,0.04609723
202.00000000,1945.00000000,0.04609311
202.00000000,1946.00000000,0.04608955
202.00000000,1947.00000000,0.04608697
202.00000000,1948.00000000,0.04608489
202.00000000,1949.00000000,0.04608282
202.00000000,1950.00000000,0.04608069
202.00000000,1951.00000000,0.04607846
202.00000000,1952.00000000,0.04607665
202.00000000,1953.00000000,0.04607498
202.00000000,1954.00000000,0.04607331
202.00000000,1955.00000000,0.04607179
202.00000000,1956.00000000,0.04607029
202.00000000,1957.00000000,0.04606860
202.00000000,1958.00000000,0.04606666
202.00000000,1959.00000000,0.04606436
202.00000000,1960.00000000,0.04606095
202.00000000,1961.00000000,0.04605650
202.00000000,1962.00000000,0.04605152
202.00000000,1963.00000000,0.04604602
202.00000000,1964.00000000,0.04603988
202.00000000,1965.00000000,0.04603295
202.00000000,1966.00000000,0.04602519
202.00000000,1967.00000000,0.04601667
202.00000000,1968.00000000,0.04601147
202.00000000,1969.00000000,0.04600076
202.00000000,1970.00000000,0.04598860
202.00000000,1971.00000000,0.04597451
202.00000000,1972.00000000,0.04595790
202.00000000,1973.00000000,0.04594060
202.00000000,1974.00000000,0.04592016
202.00000000,1975.00000000,0.04589863
202.00000000,1976.00000000,0.04587683
202.00000000,1977.00000000,0.04585518
202.00000000,1978.00000000,0.04583338
202.00000000,1979.00000000,0.04581137
202.00000000,1980.00000000,0.04578899
202.00000000,1981.00000000,0.04576646
202.00000000,1982.00000000,0.04574514
202.00000000,1983.00000000,0.04572774
202.00000000,1984.00000000,0.04571137
202.00000000,1985.00000000,0.04569689
202.00000000,1986.00000000,0.04568353
202.00000000,1987.00000000,0.04567058
202.00000000,1988.00000000,0.04565777
202.00000000,1989.00000000,0.04564479
202.00000000,1990.00000000,0.04563145
202.00000000,1991.00000000,0.04561792
202.00000000,1992.00000000,0.04560470
202.00000000,1993.00000000,0.04559320
202.00000000,1994.00000000,0.04558092
202.00000000,1995.00000000,0.04556913
202.00000000,1996.00000000,0.04555743
202.00000000,1997.00000000,0.04554534
202.00000000,1998.00000000,0.04553287
202.00000000,1999.00000000,0.04552167
202.00000000,2000.00000000,0.04550909
202.00000000,2001.00000000,0.04549637
202.00000000,2002.00000000,0.04548474
202.00000000,2003.00000000,0.04547166
202.00000000,2004.00000000,0.04546071
202.00000000,2005.00000000,0.04544394
202.00000000,2006.00000000,0.04542613
202.00000000,2007.00000000,0.04540602
202.00000000,2008.00000000,0.04538518
202.00000000,2009.00000000,0.04536095
202.00000000,2010.00000000,0.04533503
202.00000000,2011.00000000,0.04530751
202.00000000,2012.00000000,0.04527838
202.00000000,2013.00000000,0.04524908
202.00000000,2014.00000000,0.04521677
202.00000000,2015.00000000,0.04518280
202.00000000,2016.00000000,0.04514730
202.00000000,2017.00000000,0.04511166
202.00000000,2018.00000000,0.04507463
202.00000000,2019.00000000,0.04503621
202.00000000,2020.00000000,0.04499510
202.00000000,2021.00000000,0.04495285
202.00000000,2022.00000000,0.04490951
202.00000000,2023.00000000,0.04486523
202.00000000,2024.00000000,0.04482158
202.00000000,2025.00000000,0.04477724
202.00000000,2026.00000000,0.04473086
202.00000000,2027.00000000,0.04468535
202.00000000,2028.00000000,0.04463798
202.00000000,2029.00000000,0.04459150
202.00000000,2030.00000000,0.04454324
202.00000000,2031.00000000,0.04449452
202.00000000,2032.00000000,0.04445357
202.00000000,2033.00000000,0.04440237
202.00000000,2034.00000000,0.04435178
202.00000000,2035.00000000,0.04430182
202.00000000,2036.00000000,0.04424969
202.00000000,2037.00000000,0.04419809
202.00000000,2038.00000000,0.04414982
202.00000000,2039.00000000,0.04409538
202.00000000,2040.00000000,0.04404153
202.00000000,2041.00000000,0.04398701
202.00000000,2042.00000000,0.04393299
202.00000000,2043.00000000,0.04387677
202.00000000,2044.00000000,0.04382092
202.00000000,2045.00000000,0.04376272
202.00000000,2046.00000000,0.04370491
202.00000000,2047.00000000,0.04364884
202.00000000,2048.00000000,0.04358643
202.00000000,2049.00000000,0.04352722
202.00000000,2050.00000000,0.04346449
202.00000000,2051.00000000,0.04340362
202.00000000,2052.00000000,0.04334339
202.00000000,2053.00000000,0.04327712
202.00000000,2054.00000000,0.04321427
202.00000000,2055.00000000,0.04314948
202.00000000,2056.00000000,0.04309469
202.00000000,2057.00000000,0.04302877
202.00000000,2058.00000000,0.04296629
202.00000000,2059.00000000,0.04289802
202.00000000,2060.00000000,0.04282935
202.00000000,2061.00000000,0.04276559
202.00000000,2062.00000000,0.04270565
202.00000000,2063.00000000,0.04264070
202.00000000,2064.00000000,0.04257358
202.00000000,2065.00000000,0.04251354
202.00000000,2066.00000000,0.04245553
202.00000000,2067.00000000,0.04239691
202.00000000,2068.00000000,0.04233387
202.00000000,2069.00000000,0.04227834
202.00000000,2070.00000000,0.04221934
202.00000000,2071.00000000,0.04216377
202.00000000,2072.00000000,0.04210661
202.00000000,2073.00000000,0.04205581
202.00000000,2074.00000000,0.04201671
202.00000000,2075.00000000,0.04197120
202.00000000,2076.00000000,0.04189999
202.00000000,2077.00000000,0.04186085
202.00000000,2078.00000000,0.04180881
202.00000000,2079.00000000,0.04175797
202.00000000,2080.00000000,0.04170628
202.00000000,2081.00000000,0.04167161
202.00000000,2082.00000000,0.04165336
202.00000000,2083.00000000,0.04161215
202.00000000,2084.00000000,0.04157973
202.00000000,2085.00000000,0.04155235
202.00000000,2086.00000000,0.04150970
202.00000000,2087.00000000,0.04146696
202.00000000,2088.00000000,0.04142795
202.00000000,2089.00000000,0.04140267
202.00000000,2090.00000000,0.04140106
202.00000000,2091.00000000,0.04136025
202.00000000,2092.00000000,0.04135700
202.00000000,2093.00000000,0.04133867
202.00000000,2094.00000000,0.04130403
202.00000000,2095.00000000,0.04126318
202.00000000,2096.00000000,0.04124493
202.00000000,2097.00000000,0.04124045
202.00000000,2098.00000000,0.04122467
202.00000000,2099.00000000,0.04122010
202.00000000,2100.00000000,0.04122165
202.00000000,2101.00000000,0.04124551
202.00000000,2102.00000000,0.04125194
202.00000000,2103.00000000,0.04124846
202.00000000,2104.00000000,0.04124140
202.00000000,2105.00000000,0.04128160
202.00000000,2106.00000000,0.04126844
202.00000000,2107.00000000,0.04129621
202.00000000,2108.00000000,0.04133128
202.00000000,2109.00000000,0.04140818
202.00000000,2110.00000000,0.04134871
202.00000000,2111.00000000,0.04137546
202.00000000,2112.00000000,0.04140176
202.00000000,2113.00000000,0.04140784
202.00000000,2114.00000000,0.04144673
202.00000000,2115.00000000,0.04151217
202.00000000,2116.00000000,0.04138480
202.00000000,2117.00000000,0.04135800
202.00000000,2118.00000000,0.04142439
202.00000000,2119.00000000,0.04148040
202.00000000,2120.00000000,0.04144727
202.00000000,2121.00000000,0.04127843
202.00000000,2122.00000000,0.04142500
202.00000000,2123.00000000,0.04125905
202.00000000,2124.00000000,0.04130399
202.00000000,2125.00000000,0.04145158
202.00000000,2126.00000000,0.04143792
202.00000000,2127.00000000,0.04144834
202.00000000,2128.00000000,0.04145458
202.00000000,2129.00000000,0.04154859
202.00000000,2130.00000000,0.04155014
202.00000000,2131.00000000,0.04164657
202.00000000,2132.00000000,0.04153292
202.00000000,2133.00000000,0.04139409
202.00000000,2134.00000000,0.04128034
202.00000000,2135.00000000,0.04133747
202.00000000,2136.00000000,0.04143709
202.00000000,2137.00000000,0.04150585
202.00000000,2138.00000000,0.04163546
202.00000000,2139.00000000,0.04173654
202.00000000,2140.00000000,0.04166009
202.00000000,2141.00000000,0.04172747
202.00000000,2142.00000000,0.04186536
202.00000000,2143.00000000,0.04191624
202.00000000,2144.00000000,0.04193505
202.00000000,2145.00000000,0.04200479
202.00000000,2146.00000000,0.04200588
202.00000000,2147.00000000,0.04174557
202.00000000,2148.00000000,0.04185390
202.00000000,2149.00000000,0.04205639
202.00000000,2150.00000000,0.04216628
202.00000000,2151.00000000,0.04212277
202.00000000,2152.00000000,0.04240006
202.00000000,2153.00000000,0.04259121
202.00000000,2154.00000000,0.04265120
202.00000000,2155.00000000,0.04273500
202.00000000,2156.00000000,0.04279630
202.00000000,2157.00000000,0.04304879
202.00000000,2158.00000000,0.04325198
202.00000000,2159.00000000,0.04340566
202.00000000,2160.00000000,0.04352310
202.00000000,2161.00000000,0.04373131
202.00000000,2162.00000000,0.04392154
202.00000000,2163.00000000,0.04399473
202.00000000,2164.00000000,0.04417958
202.00000000,2165.00000000,0.04441875
202.00000000,2166.00000000,0.04467552
202.00000000,2167.00000000,0.04490693
202.00000000,2168.00000000,0.04516933
202.00000000,2169.00000000,0.04536813
202.00000000,2170.00000000,0.04565674
202.00000000,2171.00000000,0.04599111
202.00000000,2172.00000000,0.04640694
202.00000000,2173.00000000,0.04667641
202.00000000,2174.00000000,0.04696435
202.00000000,2175.00000000,0.04733863
202.00000000,2176.00000000,0.04743503
202.00000000,2177.00000000,0.04748644
202.00000000,2178.00000000,0.04790728
202.00000000,2179.00000000,0.04817964
202.00000000,2180.00000000,0.04836738
202.00000000,2181.00000000,0.04881264
202.00000000,2182.00000000,0.04884152
202.00000000,2183.00000000,0.04873620
202.00000000,2184.00000000,0.04878531
202.00000000,2185.00000000,0.04886613
202.00000000,2186.00000000,0.04919480
202.00000000,2187.00000000,0.04949347
202.00000000,2188.00000000,0.04980955
202.00000000,2189.00000000,0.05009914
202.00000000,2190.00000000,0.05047627
202.00000000,2191.00000000,0.05074763
202.00000000,2192.00000000,0.05093281
202.00000000,2193.00000000,0.05116494
202.00000000,2194.00000000,0.05113636
202.00000000,2195.00000000,0.05126421
202.00000000,2196.00000000,0.05153549
202.00000000,2197.00000000,0.05182417
202.00000000,2198.00000000,0.05212524
202.00000000,2199.00000000,0.05239177
202.00000000,2200.00000000,0.05248229
202.00000000,2201.00000000,0.05258992
202.00000000,2202.00000000,0.05293585
202.00000000,2203.00000000,0.05327825
202.00000000,2204.00000000,0.05348566
202.00000000,2205.00000000,0.05406009
202.00000000,2206.00000000,0.05470123
202.00000000,2207.00000000,0.05523458
202.00000000,2208.00000000,0.05563130
202.00000000,2209.00000000,0.05603131
202.00000000,2210.00000000,0.05643469
202.00000000,2211.00000000,0.05684108
202.00000000,2212.00000000,0.05725052
202.00000000,2213.00000000,0.05775431
202.00000000,2214.00000000,0.05826159
202.00000000,2215.00000000,0.05877238
202.00000000,2216.00000000,0.05928665
202.00000000,2217.00000000,0.05980437
202.00000000,2218.00000000,0.06032555
202.00000000,2219.00000000,0.06085018
202.00000000,2220.00000000,0.06137818
202.00000000,2221.00000000,0.06190961
202.00000000,2222.00000000,0.06244442
202.00000000,2223.00000000,0.06294142
202.00000000,2224.00000000,0.06344163
202.00000000,2225.00000000,0.06394501
202.00000000,2226.00000000,0.06445162
202.00000000,2227.00000000,0.06496148
202.00000000,2228.00000000,0.06547455
202.00000000,2229.00000000,0.06599093
202.00000000,2230.00000000,0.06651062
202.00000000,2231.00000000,0.06703365
202.00000000,2232.00000000,0.06756010
202.00000000,2233.00000000,0.06817737
202.00000000,2234.00000000,0.06879846
202.00000000,2235.00000000,0.06942343
202.00000000,2236.00000000,0.07005222
202.00000000,2237.00000000,0.07068481
202.00000000,2238.00000000,0.07132126
202.00000000,2239.00000000,0.07196148
202.00000000,2240.00000000,0.07260554
202.00000000,2241.00000000,0.07325342
202.00000000,2242.00000000,0.07390510
202.00000000,2243.00000000,0.07462567
202.00000000,2244.00000000,0.07535037
202.00000000,2245.00000000,0.07607913
202.00000000,2246.00000000,0.07681199
202.00000000,2247.00000000,0.07754888
202.00000000,2248.00000000,0.07828975
202.00000000,2249.00000000,0.07903454
202.00000000,2250.00000000,0.07978263
202.00000000,2251.00000000,0.08053301
202.00000000,2252.00000000,0.08128460
202.00000000,2253.00000000,0.08203300
202.00000000,2254.00000000,0.08278167
202.00000000,2255.00000000,0.08353037
202.00000000,2256.00000000,0.08427893
202.00000000,2257.00000000,0.08502732
202.00000000,2258.00000000,0.08577540
202.00000000,2259.00000000,0.08652304
202.00000000,2260.00000000,0.08727026
202.00000000,2261.00000000,0.08801696
202.00000000,2262.00000000,0.08876310
202.00000000,2263.00000000,0.08936063
202.00000000,2264.00000000,0.08995698
202.00000000,2265.00000000,0.09055224
202.00000000,2266.00000000,0.09114637
202.00000000,2267.00000000,0.09173934
202.00000000,2268.00000000,0.09233119
202.00000000,2269.00000000,0.09292187
202.00000000,2270.00000000,0.09351133
202.00000000,2271.00000000,0.09409960
202.00000000,2272.00000000,0.09468660
202.00000000,2273.00000000,0.09513664
202.00000000,2274.00000000,0.09558492
202.00000000,2275.00000000,0.09603140
202.00000000,2276.00000000,0.09647614
202.00000000,2277.00000000,0.09691915
202.00000000,2278.00000000,0.09736038
202.00000000,2279.00000000,0.09779994
202.00000000,2280.00000000,0.09823776
202.00000000,2281.00000000,0.09867384
202.00000000,2282.00000000,0.09910821
202.00000000,2283.00000000,0.09946416
202.00000000,2284.00000000,0.09981809
202.00000000,2285.00000000,0.10017013
202.00000000,2286.00000000,0.10052018
202.00000000,2287.00000000,0.10086837
202.00000000,2288.00000000,0.10121466
202.00000000,2289.00000000,0.10155902
202.00000000,2290.00000000,0.10190154
202.00000000,2291.00000000,0.10224219
202.00000000,2292.00000000,0.10258090
202.00000000,2293.00000000,0.10283789
202.00000000,2294.00000000,0.10309280
202.00000000,2295.00000000,0.10334559
202.00000000,2296.00000000,0.10359640
202.00000000,2297.00000000,0.10384518
202.00000000,2298.00000000,0.10409192
202.00000000,2299.00000000,0.10433673
202.00000000,2300.00000000,0.10457953
202.00000000,2301.00000000,0.10482044
202.00000000,2302.00000000,0.10505939
202.00000000,2303.00000000,0.10523447
202.00000000,2304.00000000,0.10540754
202.00000000,2305.00000000,0.10557852
202.00000000,2306.00000000,0.10574742
202.00000000,2307.00000000,0.10591436
202.00000000,2308.00000000,0.10607928
202.00000000,2309.00000000,0.10624218
202.00000000,2310.00000000,0.10640317
202.00000000,2311.00000000,0.10656215
202.00000000,2312.00000000,0.10671927
202.00000000,2313.00000000,0.10687448
202.00000000,2314.00000000,0.10702771
202.00000000,2315.00000000,0.10717914
202.00000000,2316.00000000,0.10732871
202.00000000,2317.00000000,0.10747633
202.00000000,2318.00000000,0.10762219
202.00000000,2319.00000000,0.10776622
202.00000000,2320.00000000,0.10790835
202.00000000,2321.00000000,0.10804873
202.00000000,2322.00000000,0.10818731
202.00000000,2323.00000000,0.10832402
202.00000000,2324.00000000,0.10845902
202.00000000,2325.00000000,0.10859214
202.00000000,2326.00000000,0.10872358
202.00000000,2327.00000000,0.10885326
202.00000000,2328.00000000,0.10898108
202.00000000,2329.00000000,0.10910723
202.00000000,2330.00000000,0.10923162
202.00000000,2331.00000000,0.10935418
202.00000000,2332.00000000,0.10947508
202.00000000,2333.00000000,0.10959425
202.00000000,2334.00000000,0.10971156
202.00000000,2335.00000000,0.10982724
202.00000000,2336.00000000,0.10994108
202.00000000,2337.00000000,0.11005326
202.00000000,2338.00000000,0.11016372
202.00000000,2339.00000000,0.11027235
202.00000000,2340.00000000,0.11037933
202.00000000,2341.00000000,0.11048456
202.00000000,2342.00000000,0.11058795
202.00000000,2343.00000000,0.11068967
202.00000000,2344.00000000,0.11078964
202.00000000,2345.00000000,0.11088776
202.00000000,2346.00000000,0.11098419
202.00000000,2347.00000000,0.11107876
202.00000000,2348.00000000,0.11117161
202.00000000,2349.00000000,0.11126264
202.00000000,2350.00000000,0.11135179
202.00000000,2351.00000000,0.11143913
202.00000000,2352.00000000,0.11152452
202.00000000,2353.00000000,0.11117682
202.00000000,2354.00000000,0.11082674
202.00000000,2355.00000000,0.11047429
202.00000000,2356.00000000,0.11011943
202.00000000,2357.00000000,0.10976236
202.00000000,2358.00000000,0.10940306
202.00000000,2359.00000000,0.10904149
202.00000000,2360.00000000,0.10867784
202.00000000,2361.00000000,0.10831203
202.00000000,2362.00000000,0.10794422
202.00000000,2363.00000000,0.10757440
202.00000000,2364.00000000,0.10720253
202.00000000,2365.00000000,0.10682879
202.00000000,2366.00000000,0.10645317
202.00000000,2367.00000000,0.10607561
202.00000000,2368.00000000,0.10569630
202.00000000,2369.00000000,0.10531521
202.00000000,2370.00000000,0.10493230
202.00000000,2371.00000000,0.10454775
202.00000000,2372.00000000,0.10416147
202.00000000,2373.00000000,0.10377360
202.00000000,2374.00000000,0.10338412
202.00000000,2375.00000000,0.10299301
202.00000000,2376.00000000,0.10260043
202.00000000,2377.00000000,0.10220633
202.00000000,2378.00000000,0.10181069
202.00000000,2379.00000000,0.10141366
202.00000000,2380.00000000,0.10101523
202.00000000,2381.00000000,0.10061534
202.00000000,2382.00000000,0.10021415
202.00000000,2383.00000000,0.09981165
202.00000000,2384.00000000,0.09940776
202.00000000,2385.00000000,0.09900267
202.00000000,2386.00000000,0.09859629
202.00000000,2387.00000000,0.09818873
202.00000000,2388.00000000,0.09778000
202.00000000,2389.00000000,0.09737003
202.00000000,2390.00000000,0.09695899
202.00000000,2391.00000000,0.09654682
202.00000000,2392.00000000,0.09613350
202.00000000,2393.00000000,0.09571919
202.00000000,2394.00000000,0.09530383
202.00000000,2395.00000000,0.09488739
202.00000000,2396.00000000,0.09447001
202.00000000,2397.00000000,0.09405161
202.00000000,2398.00000000,0.09363231
202.00000000,2399.00000000,0.09321210
202.00000000,2400.00000000,0.09279092
202.00000000,2401.00000000,0.09236890
202.00000000,2402.00000000,0.09194605
202.00000000,2403.00000000,0.09152227
202.00000000,2404.00000000,0.09109776
202.00000000,2405.00000000,0.09067246
202.00000000,2406.00000000,0.09024630
202.00000000,2407.00000000,0.08981947
202.00000000,2408.00000000,0.08939190
202.00000000,2409.00000000,0.08896354
202.00000000,2410.00000000,0.08853456
202.00000000,2411.00000000,0.08810483
202.00000000,2412.00000000,0.08767451
202.00000000,2413.00000000,0.08724354
202.00000000,2414.00000000,0.08681188
202.00000000,2415.00000000,0.08637969
202.00000000,2416.00000000,0.08594692
202.00000000,2417.00000000,0.08551350
202.00000000,2418.00000000,0.08507958
202.00000000,2419.00000000,0.08464513
202.00000000,2420.00000000,0.08421010
202.00000000,2421.00000000,0.08377463
202.00000000,2422.00000000,0.08333860
202.00000000,2423.00000000,0.08290217
202.00000000,2424.00000000,0.08246528
202.00000000,2425.00000000,0.08202788
202.00000000,2426.00000000,0.08159012
202.00000000,2427.00000000,0.08115196
202.00000000,2428.00000000,0.08071333
202.00000000,2429.00000000,0.08027439
202.00000000,2430.00000000,0.07983509
202.00000000,2431.00000000,0.07939536
202.00000000,2432.00000000,0.07895537
202.00000000,2433.00000000,0.07851500
202.00000000,2434.00000000,0.07807439
202.00000000,2435.00000000,0.07763348
202.00000000,2436.00000000,0.07719223
202.00000000,2437.00000000,0.07675078
202.00000000,2438.00000000,0.07630909
202.00000000,2439.00000000,0.07586709
202.00000000,2440.00000000,0.07542494
202.00000000,2441.00000000,0.07498258
202.00000000,2442.00000000,0.07453997
202.00000000,2443.00000000,0.07409724
202.00000000,2444.00000000,0.07365434
202.00000000,2445.00000000,0.07321123
202.00000000,2446.00000000,0.07276805
202.00000000,2447.00000000,0.07232470
202.00000000,2448.00000000,0.07188130
202.00000000,2449.00000000,0.07143786
202.00000000,2450.00000000,0.07099432
202.00000000,2451.00000000,0.07064402
202.00000000,2452.00000000,0.07056806
202.00000000,2453.00000000,0.07056711
202.00000000,2454.00000000,0.07056635
202.00000000,2455.00000000,0.07056570
202.00000000,2456.00000000,0.07056509
202.00000000,2457.00000000,0.07056468
202.00000000,2458.00000000,0.07057605
202.00000000,2459.00000000,0.07058759
202.00000000,2460.00000000,0.07059925
202.00000000,2461.00000000,0.07061092
202.00000000,2462.00000000,0.07062277
202.00000000,2463.00000000,0.07061149
202.00000000,2464.00000000,0.07060021
202.00000000,2465.00000000,0.07058909
202.00000000,2466.00000000,0.07057804
202.00000000,2467.00000000,0.07056701
202.00000000,2468.00000000,0.07055612
202.00000000,2469.00000000,0.07054531
202.00000000,2470.00000000,0.07053449
202.00000000,2471.00000000,0.07052382
202.00000000,2472.00000000,0.07051314
202.00000000,2473.00000000,0.07050260
202.00000000,2474.00000000,0.07049213
202.00000000,2475.00000000,0.07048165
202.00000000,2476.00000000,0.07047130
202.00000000,2477.00000000,0.07046102
202.00000000,2478.00000000,0.07044971
202.00000000,2479.00000000,0.07043853
202.00000000,2480.00000000,0.07042741
202.00000000,2481.00000000,0.07041626
202.00000000,2482.00000000,0.07040525
202.00000000,2483.00000000,0.07039421
202.00000000,2484.00000000,0.07038329
202.00000000,2485.00000000,0.07037242
202.00000000,2486.00000000,0.07036152
202.00000000,2487.00000000,0.07035076
202.00000000,2488.00000000,0.07034002
202.00000000,2489.00000000,0.07032926
202.00000000,2490.00000000,0.07031862
202.00000000,2491.00000000,0.07030802
202.00000000,2492.00000000,0.07029737
202.00000000,2493.00000000,0.07028685
202.00000000,2494.00000000,0.07027629
202.00000000,2495.00000000,0.07026584
202.00000000,2496.00000000,0.07025543
202.00000000,2497.00000000,0.07024498
202.00000000,2498.00000000,0.07023464
202.00000000,2499.00000000,0.07022433
202.00000000,2500.00000000,0.07021397
203.00000000,1765.00000000,0.04571124
203.00000000,1766.00000000,0.04571137
203.00000000,1767.00000000,0.04571130
203.00000000,1768.00000000,0.04571147
203.00000000,1769.00000000,0.04571164
203.00000000,1770.00000000,0.04571183
203.00000000,1771.00000000,0.04571221
203.00000000,1772.00000000,0.04571260
203.00000000,1773.00000000,0.04571317
203.00000000,1774.00000000,0.04571379
203.00000000,1775.00000000,0.04571431
203.00000000,1776.00000000,0.04571520
203.00000000,1777.00000000,0.04571604
203.00000000,1778.00000000,0.04571697
203.00000000,1779.00000000,0.04571791
203.00000000,1780.00000000,0.04571897
203.00000000,1781.00000000,0.04572027
203.00000000,1782.00000000,0.04572146
203.00000000,1783.00000000,0.04572281
203.00000000,1784.00000000,0.04572414
203.00000000,1785.00000000,0.04572570
203.00000000,1786.00000000,0.04572718
203.00000000,1787.00000000,0.04572869
203.00000000,1788.00000000,0.04573036
203.00000000,1789.00000000,0.04573199
203.00000000,1790.00000000,0.04573383
203.00000000,1791.00000000,0.04573560
203.00000000,1792.00000000,0.04573735
203.00000000,1793.00000000,0.04573931
203.00000000,1794.00000000,0.04574113
203.00000000,1795.00000000,0.04574315
203.00000000,1796.00000000,0.04574517
203.00000000,1797.00000000,0.04574718
203.00000000,1798.00000000,0.04574922
203.00000000,1799.00000000,0.04575123
203.00000000,1800.00000000,0.04575333
203.00000000,1801.00000000,0.04575546
203.00000000,1802.00000000,0.04575762
203.00000000,1803.00000000,0.04575990
203.00000000,1804.00000000,0.04576206
203.00000000,1805.00000000,0.04576422
203.00000000,1806.00000000,0.04576645
203.00000000,1807.00000000,0.04576876
203.00000000,1808.00000000,0.04577096
203.00000000,1809.00000000,0.04577333
203.00000000,1810.00000000,0.04577553
203.00000000,1811.00000000,0.04577786
203.00000000,1812.00000000,0.04578025
203.00000000,1813.00000000,0.04578260
203.00000000,1814.00000000,0.04578491
203.00000000,1815.00000000,0.04578724
203.00000000,1816.00000000,0.04578961
203.00000000,1817.00000000,0.04579201
203.00000000,1818.00000000,0.04579438
203.00000000,1819.00000000,0.04579675
203.00000000,1820.00000000,0.04579910
203.00000000,1821.00000000,0.04580150
203.00000000,1822.00000000,0.04580385
203.00000000,1823.00000000,0.04580633
203.00000000,1824.00000000,0.04580855
203.00000000,1825.00000000,0.04581093
203.00000000,1826.00000000,0.04581333
203.00000000,1827.00000000,0.04581574
203.00000000,1828.00000000,0.04581807
203.00000000,1829.00000000,0.04582037
203.00000000,1830.00000000,0.04582278
203.00000000,1831.00000000,0.04582510
203.00000000,1832.00000000,0.04582742
203.00000000,1833.00000000,0.04582969
203.00000000,1834.00000000,0.04583203
203.00000000,1835.00000000,0.04583425
203.00000000,1836.00000000,0.04583655
203.00000000,1837.00000000,0.04583886
203.00000000,1838.00000000,0.04584103
203.00000000,1839.00000000,0.04584333
203.00000000,1840.00000000,0.04584560
203.00000000,1841.00000000,0.04584772
203.00000000,1842.00000000,0.04584996
203.00000000,1843.00000000,0.04585213
203.00000000,1844.00000000,0.04585421
203.00000000,1845.00000000,0.04585641
203.00000000,1846.00000000,0.04585860
203.00000000,1847.00000000,0.04586056
203.00000000,1848.00000000,0.04586263
203.00000000,1849.00000000,0.04586468
203.00000000,1850.00000000,0.04586670
203.00000000,1851.00000000,0.04586867
203.00000000,1852.00000000,0.04587068
203.00000000,1853.00000000,0.04587279
203.00000000,1854.00000000,0.04587510
203.00000000,1855.00000000,0.04587718
203.00000000,1856.00000000,0.04587927
203.00000000,1857.00000000,0.04588134
203.00000000,1858.00000000,0.04588346
203.00000000,1859.00000000,0.04588537
203.00000000,1860.00000000,0.04588732
203.00000000,1861.00000000,0.04588921
203.00000000,1862.00000000,0.04589096
203.00000000,1863.00000000,0.04589235
203.00000000,1864.00000000,0.04589345
203.00000000,1865.00000000,0.04589412
203.00000000,1866.00000000,0.04589473
203.00000000,1867.00000000,0.04589511
203.00000000,1868.00000000,0.04589530
203.00000000,1869.00000000,0.04589533
203.00000000,1870.00000000,0.04589523
203.00000000,1871.00000000,0.04589505
203.00000000,1872.00000000,0.04589488
203.00000000,1873.00000000,0.04589514
203.00000000,1874.00000000,0.04589565
203.00000000,1875.00000000,0.04589645
203.00000000,1876.00000000,0.04589737
203.00000000,1877.00000000,0.04589845
203.00000000,1878.00000000,0.04589957
203.00000000,1879.00000000,0.04590081
203.00000000,1880.00000000,0.04590201
203.00000000,1881.00000000,0.04590324
203.00000000,1882.00000000,0.04590454
203.00000000,1883.00000000,0.04590547
203.00000000,1884.00000000,0.04590615
203.00000000,1885.00000000,0.04590667
203.00000000,1886.00000000,0.04590713
203.00000000,1887.00000000,0.04590742
203.00000000,1888.00000000,0.04590762
203.00000000,1889.00000000,0.04590763
203.00000000,1890.00000000,0.04590750
203.00000000,1891.00000000,0.04590712
203.00000000,1892.00000000,0.04590652
203.00000000,1893.00000000,0.04590587
203.00000000,1894.00000000,0.04590517
203.00000000,1895.00000000,0.04590453
203.00000000,1896.00000000,0.04590388
203.00000000,1897.00000000,0.04590321
203.00000000,1898.00000000,0.04590247
203.00000000,1899.00000000,0.04590159
203.00000000,1900.00000000,0.04590050
203.00000000,1901.00000000,0.04589926
203.00000000,1902.00000000,0.04589806
203.00000000,1903.00000000,0.04589690
203.00000000,1904.00000000,0.04589587
203.00000000,1905.00000000,0.04589489
203.00000000,1906.00000000,0.04589402
203.00000000,1907.00000000,0.04589333
203.00000000,1908.00000000,0.04589243
203.00000000,1909.00000000,0.04589157
203.00000000,1910.00000000,0.04589073
203.00000000,1911.00000000,0.04588978
203.00000000,1912.00000000,0.04588832
203.00000000,1913.00000000,0.04588644
203.00000000,1914.00000000,0.04588392
203.00000000,1915.00000000,0.04588111
203.00000000,1916.00000000,0.04587829
203.00000000,1917.00000000,0.04587536
203.00000000,1918.00000000,0.04587233
203.00000000,1919.00000000,0.04586933
203.00000000,1920.00000000,0.04586664
203.00000000,1921.00000000,0.04586428
203.00000000,1922.00000000,0.04586250
203.00000000,1923.00000000,0.04586112
203.00000000,1924.00000000,0.04585979
203.00000000,1925.00000000,0.04585837
203.00000000,1926.00000000,0.04585685
203.00000000,1927.00000000,0.04585533
203.00000000,1928.00000000,0.04585384
203.00000000,1929.00000000,0.04585233
203.00000000,1930.00000000,0.04585089
203.00000000,1931.00000000,0.04585008
203.00000000,1932.00000000,0.04585000
203.00000000,1933.00000000,0.04585036
203.00000000,1934.00000000,0.04585103
203.00000000,1935.00000000,0.04585164
203.00000000,1936.00000000,0.04585192
203.00000000,1937.00000000,0.04585160
203.00000000,1938.00000000,0.04585052
203.00000000,1939.00000000,0.04584892
203.00000000,1940.00000000,0.04584682
203.00000000,1941.00000000,0.04584417
203.00000000,1942.00000000,0.04584085
203.00000000,1943.00000000,0.04583708
203.00000000,1944.00000000,0.04583302
203.00000000,1945.00000000,0.04582888
203.00000000,1946.00000000,0.04582535
203.00000000,1947.00000000,0.04582277
203.00000000,1948.00000000,0.04582067
203.00000000,1949.00000000,0.04581860
203.00000000,1950.00000000,0.04581646
203.00000000,1951.00000000,0.04581423
203.00000000,1952.00000000,0.04581242
203.00000000,1953.00000000,0.04581073
203.00000000,1954.00000000,0.04580903
203.00000000,1955.00000000,0.04580751
203.00000000,1956.00000000,0.04580598
203.00000000,1957.00000000,0.04580430
203.00000000,1958.00000000,0.04580231
203.00000000,1959.00000000,0.04580000
203.00000000,1960.00000000,0.04579657
203.00000000,1961.00000000,0.04579210
203.00000000,1962.00000000,0.04578712
203.00000000,1963.00000000,0.04578159
203.00000000,1964.00000000,0.04577544
203.00000000,1965.00000000,0.04576849
203.00000000,1966.00000000,0.04576070
203.00000000,1967.00000000,0.04575217
203.00000000,1968.00000000,0.04574275
203.00000000,1969.00000000,0.04573624
203.00000000,1970.00000000,0.04572410
203.00000000,1971.00000000,0.04570996
203.00000000,1972.00000000,0.04569342
203.00000000,1973.00000000,0.04567472
203.00000000,1974.00000000,0.04565572
203.00000000,1975.00000000,0.04563430
203.00000000,1976.00000000,0.04561257
203.00000000,1977.00000000,0.04559093
203.00000000,1978.00000000,0.04556922
203.00000000,1979.00000000,0.04554730
203.00000000,1980.00000000,0.04552495
203.00000000,1981.00000000,0.04550253
203.00000000,1982.00000000,0.04548126
203.00000000,1983.00000000,0.04546248
203.00000000,1984.00000000,0.04544762
203.00000000,1985.00000000,0.04543315
203.00000000,1986.00000000,0.04541976
203.00000000,1987.00000000,0.04540693
203.00000000,1988.00000000,0.04539410
203.00000000,1989.00000000,0.04538113
203.00000000,1990.00000000,0.04536784
203.00000000,1991.00000000,0.04535436
203.00000000,1992.00000000,0.04534116
203.00000000,1993.00000000,0.04532827
203.00000000,1994.00000000,0.04531743
203.00000000,1995.00000000,0.04530566
203.00000000,1996.00000000,0.04529397
203.00000000,1997.00000000,0.04528198
203.00000000,1998.00000000,0.04526946
203.00000000,1999.00000000,0.04525690
203.00000000,2000.00000000,0.04524580
203.00000000,2001.00000000,0.04523308
203.00000000,2002.00000000,0.04522007
203.00000000,2003.00000000,0.04520846
203.00000000,2004.00000000,0.04519473
203.00000000,2005.00000000,0.04518217
203.00000000,2006.00000000,0.04516312
203.00000000,2007.00000000,0.04514301
203.00000000,2008.00000000,0.04512086
203.00000000,2009.00000000,0.04509819
203.00000000,2010.00000000,0.04507234
203.00000000,2011.00000000,0.04504494
203.00000000,2012.00000000,0.04501599
203.00000000,2013.00000000,0.04498540
203.00000000,2014.00000000,0.04495461
203.00000000,2015.00000000,0.04492085
203.00000000,2016.00000000,0.04488549
203.00000000,2017.00000000,0.04484866
203.00000000,2018.00000000,0.04481177
203.00000000,2019.00000000,0.04477356
203.00000000,2020.00000000,0.04473406
203.00000000,2021.00000000,0.04469197
203.00000000,2022.00000000,0.04464887
203.00000000,2023.00000000,0.04460484
203.00000000,2024.00000000,0.04456000
203.00000000,2025.00000000,0.04451589
203.00000000,2026.00000000,0.04447115
203.00000000,2027.00000000,0.04442446
203.00000000,2028.00000000,0.04437868
203.00000000,2029.00000000,0.04433109
203.00000000,2030.00000000,0.04428442
203.00000000,2031.00000000,0.04423597
203.00000000,2032.00000000,0.04418700
203.00000000,2033.00000000,0.04414560
203.00000000,2034.00000000,0.04409394
203.00000000,2035.00000000,0.04404283
203.00000000,2036.00000000,0.04399232
203.00000000,2037.00000000,0.04393965
203.00000000,2038.00000000,0.04388754
203.00000000,2039.00000000,0.04383876
203.00000000,2040.00000000,0.04378388
203.00000000,2041.00000000,0.04372959
203.00000000,2042.00000000,0.04367454
203.00000000,2043.00000000,0.04361989
203.00000000,2044.00000000,0.04356298
203.00000000,2045.00000000,0.04350643
203.00000000,2046.00000000,0.04344755
203.00000000,2047.00000000,0.04338908
203.00000000,2048.00000000,0.04333236
203.00000000,2049.00000000,0.04326939
203.00000000,2050.00000000,0.04320963
203.00000000,2051.00000000,0.04314644
203.00000000,2052.00000000,0.04308514
203.00000000,2053.00000000,0.04302452
203.00000000,2054.00000000,0.04295795
203.00000000,2055.00000000,0.04289481
203.00000000,2056.00000000,0.04282980
203.00000000,2057.00000000,0.04277474
203.00000000,2058.00000000,0.04270866
203.00000000,2059.00000000,0.04264603
203.00000000,2060.00000000,0.04257769
203.00000000,2061.00000000,0.04250904
203.00000000,2062.00000000,0.04244555
203.00000000,2063.00000000,0.04238616
203.00000000,2064.00000000,0.04232202
203.00000000,2065.00000000,0.04225583
203.00000000,2066.00000000,0.04219674
203.00000000,2067.00000000,0.04213967
203.00000000,2068.00000000,0.04208201
203.00000000,2069.00000000,0.04201994
203.00000000,2070.00000000,0.04196532
203.00000000,2071.00000000,0.04190728
203.00000000,2072.00000000,0.04185283
203.00000000,2073.00000000,0.04179703
203.00000000,2074.00000000,0.04174767
203.00000000,2075.00000000,0.04170994
203.00000000,2076.00000000,0.04166588
203.00000000,2077.00000000,0.04159628
203.00000000,2078.00000000,0.04155849
203.00000000,2079.00000000,0.04150782
203.00000000,2080.00000000,0.04145830
203.00000000,2081.00000000,0.04140791
203.00000000,2082.00000000,0.04137447
203.00000000,2083.00000000,0.04135742
203.00000000,2084.00000000,0.04131760
203.00000000,2085.00000000,0.04128650
203.00000000,2086.00000000,0.04126039
203.00000000,2087.00000000,0.04121907
203.00000000,2088.00000000,0.04117762
203.00000000,2089.00000000,0.04113980
203.00000000,2090.00000000,0.04111557
203.00000000,2091.00000000,0.04111484
203.00000000,2092.00000000,0.04107526
203.00000000,2093.00000000,0.04107307
203.00000000,2094.00000000,0.04105593
203.00000000,2095.00000000,0.04102261
203.00000000,2096.00000000,0.04098309
203.00000000,2097.00000000,0.04096600
203.00000000,2098.00000000,0.04096252
203.00000000,2099.00000000,0.04094778
203.00000000,2100.00000000,0.04094414
203.00000000,2101.00000000,0.04094657
203.00000000,2102.00000000,0.04097124
203.00000000,2103.00000000,0.04097868
203.00000000,2104.00000000,0.04097631
203.00000000,2105.00000000,0.04097037
203.00000000,2106.00000000,0.04101137
203.00000000,2107.00000000,0.04099932
203.00000000,2108.00000000,0.04102790
203.00000000,2109.00000000,0.04106371
203.00000000,2110.00000000,0.04114103
203.00000000,2111.00000000,0.04108281
203.00000000,2112.00000000,0.04111023
203.00000000,2113.00000000,0.04113716
203.00000000,2114.00000000,0.04114397
203.00000000,2115.00000000,0.04118335
203.00000000,2116.00000000,0.04124908
203.00000000,2117.00000000,0.04112321
203.00000000,2118.00000000,0.04109723
203.00000000,2119.00000000,0.04116383
203.00000000,2120.00000000,0.04122010
203.00000000,2121.00000000,0.04118776
203.00000000,2122.00000000,0.04102054
203.00000000,2123.00000000,0.04116674
203.00000000,2124.00000000,0.04100236
203.00000000,2125.00000000,0.04104753
203.00000000,2126.00000000,0.04119471
203.00000000,2127.00000000,0.04118163
203.00000000,2128.00000000,0.04119249
203.00000000,2129.00000000,0.04119917
203.00000000,2130.00000000,0.04129308
203.00000000,2131.00000000,0.04129509
203.00000000,2132.00000000,0.04139137
203.00000000,2133.00000000,0.04127888
203.00000000,2134.00000000,0.04114133
203.00000000,2135.00000000,0.04102869
203.00000000,2136.00000000,0.04108589
203.00000000,2137.00000000,0.04118532
203.00000000,2138.00000000,0.04125407
203.00000000,2139.00000000,0.04138328
203.00000000,2140.00000000,0.04148415
203.00000000,2141.00000000,0.04140854
203.00000000,2142.00000000,0.04147590
203.00000000,2143.00000000,0.04161333
203.00000000,2144.00000000,0.04166428
203.00000000,2145.00000000,0.04168334
203.00000000,2146.00000000,0.04175303
203.00000000,2147.00000000,0.04175448
203.00000000,2148.00000000,0.04149608
203.00000000,2149.00000000,0.04160411
203.00000000,2150.00000000,0.04180575
203.00000000,2151.00000000,0.04191557
203.00000000,2152.00000000,0.04187351
203.00000000,2153.00000000,0.04215097
203.00000000,2154.00000000,0.04234310
203.00000000,2155.00000000,0.04240499
203.00000000,2156.00000000,0.04249057
203.00000000,2157.00000000,0.04255377
203.00000000,2158.00000000,0.04280705
203.00000000,2159.00000000,0.04301126
203.00000000,2160.00000000,0.04316618
203.00000000,2161.00000000,0.04328501
203.00000000,2162.00000000,0.04349405
203.00000000,2163.00000000,0.04368516
203.00000000,2164.00000000,0.04375982
203.00000000,2165.00000000,0.04394548
203.00000000,2166.00000000,0.04418514
203.00000000,2167.00000000,0.04444227
203.00000000,2168.00000000,0.04467414
203.00000000,2169.00000000,0.04493680
203.00000000,2170.00000000,0.04513617
203.00000000,2171.00000000,0.04542485
203.00000000,2172.00000000,0.04575904
203.00000000,2173.00000000,0.04617426
203.00000000,2174.00000000,0.04644384
203.00000000,2175.00000000,0.04673177
203.00000000,2176.00000000,0.04710560
203.00000000,2177.00000000,0.04720289
203.00000000,2178.00000000,0.04725540
203.00000000,2179.00000000,0.04767551
203.00000000,2180.00000000,0.04794786
203.00000000,2181.00000000,0.04813596
203.00000000,2182.00000000,0.04858036
203.00000000,2183.00000000,0.04861033
203.00000000,2184.00000000,0.04850672
203.00000000,2185.00000000,0.04855678
203.00000000,2186.00000000,0.04863839
203.00000000,2187.00000000,0.04896668
203.00000000,2188.00000000,0.04926510
203.00000000,2189.00000000,0.04958086
203.00000000,2190.00000000,0.04987023
203.00000000,2191.00000000,0.05024673
203.00000000,2192.00000000,0.05051796
203.00000000,2193.00000000,0.05070338
203.00000000,2194.00000000,0.05093553
203.00000000,2195.00000000,0.05090813
203.00000000,2196.00000000,0.05103646
203.00000000,2197.00000000,0.05130757
203.00000000,2198.00000000,0.05159600
203.00000000,2199.00000000,0.05189676
203.00000000,2200.00000000,0.05216313
203.00000000,2201.00000000,0.05225426
203.00000000,2202.00000000,0.05236242
203.00000000,2203.00000000,0.05270784
203.00000000,2204.00000000,0.05304975
203.00000000,2205.00000000,0.05325725
203.00000000,2206.00000000,0.05383021
203.00000000,2207.00000000,0.05446960
203.00000000,2208.00000000,0.05500168
203.00000000,2209.00000000,0.05539771
203.00000000,2210.00000000,0.05579702
203.00000000,2211.00000000,0.05619969
203.00000000,2212.00000000,0.05660537
203.00000000,2213.00000000,0.05701409
203.00000000,2214.00000000,0.05751678
203.00000000,2215.00000000,0.05802295
203.00000000,2216.00000000,0.05853264
203.00000000,2217.00000000,0.05904579
203.00000000,2218.00000000,0.05956239
203.00000000,2219.00000000,0.06008246
203.00000000,2220.00000000,0.06060596
203.00000000,2221.00000000,0.06113284
203.00000000,2222.00000000,0.06166314
203.00000000,2223.00000000,0.06219682
203.00000000,2224.00000000,0.06269285
203.00000000,2225.00000000,0.06319209
203.00000000,2226.00000000,0.06369450
203.00000000,2227.00000000,0.06420014
203.00000000,2228.00000000,0.06470902
203.00000000,2229.00000000,0.06522111
203.00000000,2230.00000000,0.06573652
203.00000000,2231.00000000,0.06625524
203.00000000,2232.00000000,0.06677728
203.00000000,2233.00000000,0.06730275
203.00000000,2234.00000000,0.06791871
203.00000000,2235.00000000,0.06853849
203.00000000,2236.00000000,0.06916214
203.00000000,2237.00000000,0.06978962
203.00000000,2238.00000000,0.07042090
203.00000000,2239.00000000,0.07105603
203.00000000,2240.00000000,0.07169494
203.00000000,2241.00000000,0.07233770
203.00000000,2242.00000000,0.07298428
203.00000000,2243.00000000,0.07363464
203.00000000,2244.00000000,0.07435368
203.00000000,2245.00000000,0.07507685
203.00000000,2246.00000000,0.07580407
203.00000000,2247.00000000,0.07653540
203.00000000,2248.00000000,0.07727077
203.00000000,2249.00000000,0.07801003
203.00000000,2250.00000000,0.07875269
203.00000000,2251.00000000,0.07949764
203.00000000,2252.00000000,0.08024391
203.00000000,2253.00000000,0.08099085
203.00000000,2254.00000000,0.08173434
203.00000000,2255.00000000,0.08247799
203.00000000,2256.00000000,0.08322162
203.00000000,2257.00000000,0.08396510
203.00000000,2258.00000000,0.08470840
203.00000000,2259.00000000,0.08545140
203.00000000,2260.00000000,0.08619400
203.00000000,2261.00000000,0.08693625
203.00000000,2262.00000000,0.08767808
203.00000000,2263.00000000,0.08841946
203.00000000,2264.00000000,0.08901287
203.00000000,2265.00000000,0.08960518
203.00000000,2266.00000000,0.09019645
203.00000000,2267.00000000,0.09078663
203.00000000,2268.00000000,0.09137570
203.00000000,2269.00000000,0.09196370
203.00000000,2270.00000000,0.09255057
203.00000000,2271.00000000,0.09313626
203.00000000,2272.00000000,0.09372080
203.00000000,2273.00000000,0.09430412
203.00000000,2274.00000000,0.09475105
203.00000000,2275.00000000,0.09519628
203.00000000,2276.00000000,0.09563973
203.00000000,2277.00000000,0.09608151
203.00000000,2278.00000000,0.09652159
203.00000000,2279.00000000,0.09695994
203.00000000,2280.00000000,0.09739664
203.00000000,2281.00000000,0.09783166
203.00000000,2282.00000000,0.09826495
203.00000000,2283.00000000,0.09869659
203.00000000,2284.00000000,0.09905015
203.00000000,2285.00000000,0.09940174
203.00000000,2286.00000000,0.09975145
203.00000000,2287.00000000,0.10009923
203.00000000,2288.00000000,0.10044516
203.00000000,2289.00000000,0.10078924
203.00000000,2290.00000000,0.10113140
203.00000000,2291.00000000,0.10147178
203.00000000,2292.00000000,0.10181029
203.00000000,2293.00000000,0.10214692
203.00000000,2294.00000000,0.10240217
203.00000000,2295.00000000,0.10265537
203.00000000,2296.00000000,0.10290650
203.00000000,2297.00000000,0.10315565
203.00000000,2298.00000000,0.10340282
203.00000000,2299.00000000,0.10364796
203.00000000,2300.00000000,0.10389121
203.00000000,2301.00000000,0.10413247
203.00000000,2302.00000000,0.10437184
203.00000000,2303.00000000,0.10460929
203.00000000,2304.00000000,0.10478313
203.00000000,2305.00000000,0.10495499
203.00000000,2306.00000000,0.10512482
203.00000000,2307.00000000,0.10529254
203.00000000,2308.00000000,0.10545834
203.00000000,2309.00000000,0.10562217
203.00000000,2310.00000000,0.10578395
203.00000000,2311.00000000,0.10594388
203.00000000,2312.00000000,0.10610182
203.00000000,2313.00000000,0.10625789
203.00000000,2314.00000000,0.10641209
203.00000000,2315.00000000,0.10656434
203.00000000,2316.00000000,0.10671480
203.00000000,2317.00000000,0.10686339
203.00000000,2318.00000000,0.10701009
203.00000000,2319.00000000,0.10715503
203.00000000,2320.00000000,0.10729814
203.00000000,2321.00000000,0.10743938
203.00000000,2322.00000000,0.10757890
203.00000000,2323.00000000,0.10771663
203.00000000,2324.00000000,0.10785250
203.00000000,2325.00000000,0.10798665
203.00000000,2326.00000000,0.10811898
203.00000000,2327.00000000,0.10824962
203.00000000,2328.00000000,0.10837852
203.00000000,2329.00000000,0.10850556
203.00000000,2330.00000000,0.10863095
203.00000000,2331.00000000,0.10875461
203.00000000,2332.00000000,0.10887644
203.00000000,2333.00000000,0.10899663
203.00000000,2334.00000000,0.10911510
203.00000000,2335.00000000,0.10923172
203.00000000,2336.00000000,0.10934671
203.00000000,2337.00000000,0.10945988
203.00000000,2338.00000000,0.10957143
203.00000000,2339.00000000,0.10968125
203.00000000,2340.00000000,0.10978925
203.00000000,2341.00000000,0.10989561
203.00000000,2342.00000000,0.11000023
203.00000000,2343.00000000,0.11010303
203.00000000,2344.00000000,0.11020417
203.00000000,2345.00000000,0.11030355
203.00000000,2346.00000000,0.11040111
203.00000000,2347.00000000,0.11049699
203.00000000,2348.00000000,0.11059102
203.00000000,2349.00000000,0.11068335
203.00000000,2350.00000000,0.11077388
203.00000000,2351.00000000,0.11086250
203.00000000,2352.00000000,0.11094935
203.00000000,2353.00000000,0.11103427
203.00000000,2354.00000000,0.11068798
203.00000000,2355.00000000,0.11033935
203.00000000,2356.00000000,0.10998835
203.00000000,2357.00000000,0.10963498
203.00000000,2358.00000000,0.10927939
203.00000000,2359.00000000,0.10892158
203.00000000,2360.00000000,0.10856151
203.00000000,2361.00000000,0.10819939
203.00000000,2362.00000000,0.10783510
203.00000000,2363.00000000,0.10746883
203.00000000,2364.00000000,0.10710056
203.00000000,2365.00000000,0.10673025
203.00000000,2366.00000000,0.10635808
203.00000000,2367.00000000,0.10598404
203.00000000,2368.00000000,0.10560808
203.00000000,2369.00000000,0.10523037
203.00000000,2370.00000000,0.10485088
203.00000000,2371.00000000,0.10446959
203.00000000,2372.00000000,0.10408668
203.00000000,2373.00000000,0.10370203
203.00000000,2374.00000000,0.10331580
203.00000000,2375.00000000,0.10292798
203.00000000,2376.00000000,0.10253854
203.00000000,2377.00000000,0.10214762
203.00000000,2378.00000000,0.10175520
203.00000000,2379.00000000,0.10136124
203.00000000,2380.00000000,0.10096592
203.00000000,2381.00000000,0.10056918
203.00000000,2382.00000000,0.10017099
203.00000000,2383.00000000,0.09977153
203.00000000,2384.00000000,0.09937073
203.00000000,2385.00000000,0.09896858
203.00000000,2386.00000000,0.09856524
203.00000000,2387.00000000,0.09816058
203.00000000,2388.00000000,0.09775477
203.00000000,2389.00000000,0.09734779
203.00000000,2390.00000000,0.09693957
203.00000000,2391.00000000,0.09653030
203.00000000,2392.00000000,0.09611990
203.00000000,2393.00000000,0.09570837
203.00000000,2394.00000000,0.09529583
203.00000000,2395.00000000,0.09488226
203.00000000,2396.00000000,0.09446760
203.00000000,2397.00000000,0.09405204
203.00000000,2398.00000000,0.09363543
203.00000000,2399.00000000,0.09321795
203.00000000,2400.00000000,0.09279953
203.00000000,2401.00000000,0.09238016
203.00000000,2402.00000000,0.09195999
203.00000000,2403.00000000,0.09153894
203.00000000,2404.00000000,0.09111702
203.00000000,2405.00000000,0.09069433
203.00000000,2406.00000000,0.09027087
203.00000000,2407.00000000,0.08984657
203.00000000,2408.00000000,0.08942158
203.00000000,2409.00000000,0.08899587
203.00000000,2410.00000000,0.08856937
203.00000000,2411.00000000,0.08814224
203.00000000,2412.00000000,0.08771438
203.00000000,2413.00000000,0.08728592
203.00000000,2414.00000000,0.08685683
203.00000000,2415.00000000,0.08642705
203.00000000,2416.00000000,0.08599672
203.00000000,2417.00000000,0.08556583
203.00000000,2418.00000000,0.08513429
203.00000000,2419.00000000,0.08470226
203.00000000,2420.00000000,0.08426971
203.00000000,2421.00000000,0.08383656
203.00000000,2422.00000000,0.08340298
203.00000000,2423.00000000,0.08296885
203.00000000,2424.00000000,0.08253431
203.00000000,2425.00000000,0.08209932
203.00000000,2426.00000000,0.08166383
203.00000000,2427.00000000,0.08122798
203.00000000,2428.00000000,0.08079172
203.00000000,2429.00000000,0.08035499
203.00000000,2430.00000000,0.07991796
203.00000000,2431.00000000,0.07948057
203.00000000,2432.00000000,0.07904276
203.00000000,2433.00000000,0.07860469
203.00000000,2434.00000000,0.07816622
203.00000000,2435.00000000,0.07772754
203.00000000,2436.00000000,0.07728855
203.00000000,2437.00000000,0.07684922
203.00000000,2438.00000000,0.07640969
203.00000000,2439.00000000,0.07596992
203.00000000,2440.00000000,0.07552986
203.00000000,2441.00000000,0.07508963
203.00000000,2442.00000000,0.07464920
203.00000000,2443.00000000,0.07420852
203.00000000,2444.00000000,0.07376772
203.00000000,2445.00000000,0.07332676
203.00000000,2446.00000000,0.07288558
203.00000000,2447.00000000,0.07244433
203.00000000,2448.00000000,0.07200291
203.00000000,2449.00000000,0.07156145
203.00000000,2450.00000000,0.07111994
203.00000000,2451.00000000,0.07067834
203.00000000,2452.00000000,0.07032956
203.00000000,2453.00000000,0.07025390
203.00000000,2454.00000000,0.07025291
203.00000000,2455.00000000,0.07025211
203.00000000,2456.00000000,0.07025142
203.00000000,2457.00000000,0.07025078
203.00000000,2458.00000000,0.07025033
203.00000000,2459.00000000,0.07026160
203.00000000,2460.00000000,0.07027306
203.00000000,2461.00000000,0.07028462
203.00000000,2462.00000000,0.07029620
203.00000000,2463.00000000,0.07030796
203.00000000,2464.00000000,0.07029668
203.00000000,2465.00000000,0.07028541
203.00000000,2466.00000000,0.07027430
203.00000000,2467.00000000,0.07026327
203.00000000,2468.00000000,0.07025224
203.00000000,2469.00000000,0.07024136
203.00000000,2470.00000000,0.07023056
203.00000000,2471.00000000,0.07021974
203.00000000,2472.00000000,0.07020908
203.00000000,2473.00000000,0.07019841
203.00000000,2474.00000000,0.07018788
203.00000000,2475.00000000,0.07017741
203.00000000,2476.00000000,0.07016693
203.00000000,2477.00000000,0.07015659
203.00000000,2478.00000000,0.07014631
203.00000000,2479.00000000,0.07013501
203.00000000,2480.00000000,0.07012384
203.00000000,2481.00000000,0.07011273
203.00000000,2482.00000000,0.07010159
203.00000000,2483.00000000,0.07009058
203.00000000,2484.00000000,0.07007955
203.00000000,2485.00000000,0.07006864
203.00000000,2486.00000000,0.07005778
203.00000000,2487.00000000,0.07004689
203.00000000,2488.00000000,0.07003613
203.00000000,2489.00000000,0.07002540
203.00000000,2490.00000000,0.07001464
203.00000000,2491.00000000,0.07000400
203.00000000,2492.00000000,0.06999342
203.00000000,2493.00000000,0.06998277
203.00000000,2494.00000000,0.06997226
203.00000000,2495.00000000,0.06996169
203.00000000,2496.00000000,0.06995125
203.00000000,2497.00000000,0.06994085
203.00000000,2498.00000000,0.06993040
203.00000000,2499.00000000,0.06992006
203.00000000,2500.00000000,0.06990975
204.00000000,1765.00000000,0.04544954
204.00000000,1766.00000000,0.04544942
204.00000000,1767.00000000,0.04544959
204.00000000,1768.00000000,0.04544957
204.00000000,1769.00000000,0.04544980
204.00000000,1770.00000000,0.04545006
204.00000000,1771.00000000,0.04545033
204.00000000,1772.00000000,0.04545079
204.00000000,1773.00000000,0.04545127
204.00000000,1774.00000000,0.04545192
204.00000000,1775.00000000,0.04545263
204.00000000,1776.00000000,0.04545323
204.00000000,1777.00000000,0.04545420
204.00000000,1778.00000000,0.04545513
204.00000000,1779.00000000,0.04545613
204.00000000,1780.00000000,0.04545716
204.00000000,1781.00000000,0.04545828
204.00000000,1782.00000000,0.04545964
204.00000000,1783.00000000,0.04546090
204.00000000,1784.00000000,0.04546230
204.00000000,1785.00000000,0.04546369
204.00000000,1786.00000000,0.04546531
204.00000000,1787.00000000,0.04546684
204.00000000,1788.00000000,0.04546839
204.00000000,1789.00000000,0.04547011
204.00000000,1790.00000000,0.04547177
204.00000000,1791.00000000,0.04547365
204.00000000,1792.00000000,0.04547546
204.00000000,1793.00000000,0.04547724
204.00000000,1794.00000000,0.04547923
204.00000000,1795.00000000,0.04548108
204.00000000,1796.00000000,0.04548312
204.00000000,1797.00000000,0.04548517
204.00000000,1798.00000000,0.04548720
204.00000000,1799.00000000,0.04548925
204.00000000,1800.00000000,0.04549128
204.00000000,1801.00000000,0.04549340
204.00000000,1802.00000000,0.04549553
204.00000000,1803.00000000,0.04549770
204.00000000,1804.00000000,0.04549998
204.00000000,1805.00000000,0.04550216
204.00000000,1806.00000000,0.04550432
204.00000000,1807.00000000,0.04550655
204.00000000,1808.00000000,0.04550887
204.00000000,1809.00000000,0.04551107
204.00000000,1810.00000000,0.04551343
204.00000000,1811.00000000,0.04551565
204.00000000,1812.00000000,0.04551797
204.00000000,1813.00000000,0.04552035
204.00000000,1814.00000000,0.04552271
204.00000000,1815.00000000,0.04552501
204.00000000,1816.00000000,0.04552733
204.00000000,1817.00000000,0.04552969
204.00000000,1818.00000000,0.04553208
204.00000000,1819.00000000,0.04553444
204.00000000,1820.00000000,0.04553680
204.00000000,1821.00000000,0.04553913
204.00000000,1822.00000000,0.04554153
204.00000000,1823.00000000,0.04554386
204.00000000,1824.00000000,0.04554632
204.00000000,1825.00000000,0.04554853
204.00000000,1826.00000000,0.04555090
204.00000000,1827.00000000,0.04555328
204.00000000,1828.00000000,0.04555566
204.00000000,1829.00000000,0.04555798
204.00000000,1830.00000000,0.04556027
204.00000000,1831.00000000,0.04556264
204.00000000,1832.00000000,0.04556493
204.00000000,1833.00000000,0.04556723
204.00000000,1834.00000000,0.04556948
204.00000000,1835.00000000,0.04557180
204.00000000,1836.00000000,0.04557399
204.00000000,1837.00000000,0.04557626
204.00000000,1838.00000000,0.04557854
204.00000000,1839.00000000,0.04558068
204.00000000,1840.00000000,0.04558295
204.00000000,1841.00000000,0.04558520
204.00000000,1842.00000000,0.04558729
204.00000000,1843.00000000,0.04558950
204.00000000,1844.00000000,0.04559164
204.00000000,1845.00000000,0.04559369
204.00000000,1846.00000000,0.04559585
204.00000000,1847.00000000,0.04559800
204.00000000,1848.00000000,0.04559994
204.00000000,1849.00000000,0.04560197
204.00000000,1850.00000000,0.04560399
204.00000000,1851.00000000,0.04560596
204.00000000,1852.00000000,0.04560788
204.00000000,1853.00000000,0.04561008
204.00000000,1854.00000000,0.04561226
204.00000000,1855.00000000,0.04561453
204.00000000,1856.00000000,0.04561652
204.00000000,1857.00000000,0.04561854
204.00000000,1858.00000000,0.04562055
204.00000000,1859.00000000,0.04562261
204.00000000,1860.00000000,0.04562448
204.00000000,1861.00000000,0.04562637
204.00000000,1862.00000000,0.04562812
204.00000000,1863.00000000,0.04562947
204.00000000,1864.00000000,0.04563052
204.00000000,1865.00000000,0.04563136
204.00000000,1866.00000000,0.04563182
204.00000000,1867.00000000,0.04563224
204.00000000,1868.00000000,0.04563245
204.00000000,1869.00000000,0.04563246
204.00000000,1870.00000000,0.04563234
204.00000000,1871.00000000,0.04563212
204.00000000,1872.00000000,0.04563202
204.00000000,1873.00000000,0.04563228
204.00000000,1874.00000000,0.04563284
204.00000000,1875.00000000,0.04563354
204.00000000,1876.00000000,0.04563450
204.00000000,1877.00000000,0.04563552
204.00000000,1878.00000000,0.04563668
204.00000000,1879.00000000,0.04563788
204.00000000,1880.00000000,0.04563914
204.00000000,1881.00000000,0.04564032
204.00000000,1882.00000000,0.04564155
204.00000000,1883.00000000,0.04564255
204.00000000,1884.00000000,0.04564324
204.00000000,1885.00000000,0.04564374
204.00000000,1886.00000000,0.04564414
204.00000000,1887.00000000,0.04564451
204.00000000,1888.00000000,0.04564468
204.00000000,1889.00000000,0.04564469
204.00000000,1890.00000000,0.04564451
204.00000000,1891.00000000,0.04564417
204.00000000,1892.00000000,0.04564359
204.00000000,1893.00000000,0.04564291
204.00000000,1894.00000000,0.04564224
204.00000000,1895.00000000,0.04564160
204.00000000,1896.00000000,0.04564097
204.00000000,1897.00000000,0.04564027
204.00000000,1898.00000000,0.04563953
204.00000000,1899.00000000,0.04563867
204.00000000,1900.00000000,0.04563759
204.00000000,1901.00000000,0.04563635
204.00000000,1902.00000000,0.04563518
204.00000000,1903.00000000,0.04563402
204.00000000,1904.00000000,0.04563293
204.00000000,1905.00000000,0.04563201
204.00000000,1906.00000000,0.04563117
204.00000000,1907.00000000,0.04563037
204.00000000,1908.00000000,0.04562962
204.00000000,1909.00000000,0.04562868
204.00000000,1910.00000000,0.04562783
204.00000000,1911.00000000,0.04562689
204.00000000,1912.00000000,0.04562555
204.00000000,1913.00000000,0.04562355
204.00000000,1914.00000000,0.04562110
204.00000000,1915.00000000,0.04561829
204.00000000,1916.00000000,0.04561545
204.00000000,1917.00000000,0.04561260
204.00000000,1918.00000000,0.04560956
204.00000000,1919.00000000,0.04560656
204.00000000,1920.00000000,0.04560387
204.00000000,1921.00000000,0.04560158
204.00000000,1922.00000000,0.04559977
204.00000000,1923.00000000,0.04559838
204.00000000,1924.00000000,0.04559707
204.00000000,1925.00000000,0.04559564
204.00000000,1926.00000000,0.04559416
204.00000000,1927.00000000,0.04559262
204.00000000,1928.00000000,0.04559116
204.00000000,1929.00000000,0.04558962
204.00000000,1930.00000000,0.04558821
204.00000000,1931.00000000,0.04558737
204.00000000,1932.00000000,0.04558732
204.00000000,1933.00000000,0.04558765
204.00000000,1934.00000000,0.04558832
204.00000000,1935.00000000,0.04558892
204.00000000,1936.00000000,0.04558918
204.00000000,1937.00000000,0.04558888
204.00000000,1938.00000000,0.04558778
204.00000000,1939.00000000,0.04558616
204.00000000,1940.00000000,0.04558413
204.00000000,1941.00000000,0.04558142
204.00000000,1942.00000000,0.04557811
204.00000000,1943.00000000,0.04557440
204.00000000,1944.00000000,0.04557031
204.00000000,1945.00000000,0.04556621
204.00000000,1946.00000000,0.04556265
204.00000000,1947.00000000,0.04556010
204.00000000,1948.00000000,0.04555800
204.00000000,1949.00000000,0.04555592
204.00000000,1950.00000000,0.04555378
204.00000000,1951.00000000,0.04555153
204.00000000,1952.00000000,0.04554972
204.00000000,1953.00000000,0.04554802
204.00000000,1954.00000000,0.04554631
204.00000000,1955.00000000,0.04554475
204.00000000,1956.00000000,0.04554323
204.00000000,1957.00000000,0.04554152
204.00000000,1958.00000000,0.04553954
204.00000000,1959.00000000,0.04553719
204.00000000,1960.00000000,0.04553374
204.00000000,1961.00000000,0.04552927
204.00000000,1962.00000000,0.04552427
204.00000000,1963.00000000,0.04551874
204.00000000,1964.00000000,0.04551256
204.00000000,1965.00000000,0.04550560
204.00000000,1966.00000000,0.04549781
204.00000000,1967.00000000,0.04548926
204.00000000,1968.00000000,0.04547983
204.00000000,1969.00000000,0.04546913
204.00000000,1970.00000000,0.04546117
204.00000000,1971.00000000,0.04544707
204.00000000,1972.00000000,0.04543049
204.00000000,1973.00000000,0.04541188
204.00000000,1974.00000000,0.04539149
204.00000000,1975.00000000,0.04537151
204.00000000,1976.00000000,0.04534988
204.00000000,1977.00000000,0.04532831
204.00000000,1978.00000000,0.04530662
204.00000000,1979.00000000,0.04528480
204.00000000,1980.00000000,0.04526254
204.00000000,1981.00000000,0.04524015
204.00000000,1982.00000000,0.04521899
204.00000000,1983.00000000,0.04520027
204.00000000,1984.00000000,0.04518396
204.00000000,1985.00000000,0.04517098
204.00000000,1986.00000000,0.04515762
204.00000000,1987.00000000,0.04514477
204.00000000,1988.00000000,0.04513204
204.00000000,1989.00000000,0.04511906
204.00000000,1990.00000000,0.04510579
204.00000000,1991.00000000,0.04509237
204.00000000,1992.00000000,0.04507919
204.00000000,1993.00000000,0.04506633
204.00000000,1994.00000000,0.04505411
204.00000000,1995.00000000,0.04504378
204.00000000,1996.00000000,0.04503210
204.00000000,1997.00000000,0.04502011
204.00000000,1998.00000000,0.04500769
204.00000000,1999.00000000,0.04499510
204.00000000,2000.00000000,0.04498264
204.00000000,2001.00000000,0.04497138
204.00000000,2002.00000000,0.04495839
204.00000000,2003.00000000,0.04494540
204.00000000,2004.00000000,0.04493313
204.00000000,2005.00000000,0.04491783
204.00000000,2006.00000000,0.04490298
204.00000000,2007.00000000,0.04488164
204.00000000,2008.00000000,0.04485950
204.00000000,2009.00000000,0.04483555
204.00000000,2010.00000000,0.04481126
204.00000000,2011.00000000,0.04478394
204.00000000,2012.00000000,0.04475511
204.00000000,2013.00000000,0.04472471
204.00000000,2014.00000000,0.04469265
204.00000000,2015.00000000,0.04466041
204.00000000,2016.00000000,0.04462526
204.00000000,2017.00000000,0.04458858
204.00000000,2018.00000000,0.04455052
204.00000000,2019.00000000,0.04451246
204.00000000,2020.00000000,0.04447317
204.00000000,2021.00000000,0.04443268
204.00000000,2022.00000000,0.04438976
204.00000000,2023.00000000,0.04434597
204.00000000,2024.00000000,0.04430138
204.00000000,2025.00000000,0.04425608
204.00000000,2026.00000000,0.04421158
204.00000000,2027.00000000,0.04416653
204.00000000,2028.00000000,0.04411958
204.00000000,2029.00000000,0.04407357
204.00000000,2030.00000000,0.04402580
204.00000000,2031.00000000,0.04397894
204.00000000,2032.00000000,0.04393026
204.00000000,2033.00000000,0.04388089
204.00000000,2034.00000000,0.04383896
204.00000000,2035.00000000,0.04378678
204.00000000,2036.00000000,0.04373513
204.00000000,2037.00000000,0.04368409
204.00000000,2038.00000000,0.04363092
204.00000000,2039.00000000,0.04357833
204.00000000,2040.00000000,0.04352907
204.00000000,2041.00000000,0.04347376
204.00000000,2042.00000000,0.04341895
204.00000000,2043.00000000,0.04336329
204.00000000,2044.00000000,0.04330794
204.00000000,2045.00000000,0.04325035
204.00000000,2046.00000000,0.04319311
204.00000000,2047.00000000,0.04313357
204.00000000,2048.00000000,0.04307448
204.00000000,2049.00000000,0.04301717
204.00000000,2050.00000000,0.04295370
204.00000000,2051.00000000,0.04289346
204.00000000,2052.00000000,0.04282984
204.00000000,2053.00000000,0.04276816
204.00000000,2054.00000000,0.04270720
204.00000000,2055.00000000,0.04264038
204.00000000,2056.00000000,0.04257701
204.00000000,2057.00000000,0.04251182
204.00000000,2058.00000000,0.04245653
204.00000000,2059.00000000,0.04239032
204.00000000,2060.00000000,0.04232758
204.00000000,2061.00000000,0.04225926
204.00000000,2062.00000000,0.04219092
204.00000000,2063.00000000,0.04212802
204.00000000,2064.00000000,0.04206938
204.00000000,2065.00000000,0.04200614
204.00000000,2066.00000000,0.04194094
204.00000000,2067.00000000,0.04188281
204.00000000,2068.00000000,0.04182670
204.00000000,2069.00000000,0.04176997
204.00000000,2070.00000000,0.04170884
204.00000000,2071.00000000,0.04165514
204.00000000,2072.00000000,0.04159824
204.00000000,2073.00000000,0.04154511
204.00000000,2074.00000000,0.04149077
204.00000000,2075.00000000,0.04144287
204.00000000,2076.00000000,0.04140654
204.00000000,2077.00000000,0.04136389
204.00000000,2078.00000000,0.04129584
204.00000000,2079.00000000,0.04125931
204.00000000,2080.00000000,0.04120995
204.00000000,2081.00000000,0.04116169
204.00000000,2082.00000000,0.04111265
204.00000000,2083.00000000,0.04108051
204.00000000,2084.00000000,0.04106469
204.00000000,2085.00000000,0.04102624
204.00000000,2086.00000000,0.04099642
204.00000000,2087.00000000,0.04097151
204.00000000,2088.00000000,0.04093146
204.00000000,2089.00000000,0.04089121
204.00000000,2090.00000000,0.04085452
204.00000000,2091.00000000,0.04083132
204.00000000,2092.00000000,0.04083154
204.00000000,2093.00000000,0.04079326
204.00000000,2094.00000000,0.04079216
204.00000000,2095.00000000,0.04077621
204.00000000,2096.00000000,0.04074417
204.00000000,2097.00000000,0.04070593
204.00000000,2098.00000000,0.04068993
204.00000000,2099.00000000,0.04068740
204.00000000,2100.00000000,0.04067365
204.00000000,2101.00000000,0.04067090
204.00000000,2102.00000000,0.04067429
204.00000000,2103.00000000,0.04069984
204.00000000,2104.00000000,0.04070831
204.00000000,2105.00000000,0.04070703
204.00000000,2106.00000000,0.04070220
204.00000000,2107.00000000,0.04074395
204.00000000,2108.00000000,0.04073296
204.00000000,2109.00000000,0.04076230
204.00000000,2110.00000000,0.04079879
204.00000000,2111.00000000,0.04087648
204.00000000,2112.00000000,0.04081946
204.00000000,2113.00000000,0.04084750
204.00000000,2114.00000000,0.04087502
204.00000000,2115.00000000,0.04088252
204.00000000,2116.00000000,0.04092235
204.00000000,2117.00000000,0.04098835
204.00000000,2118.00000000,0.04086391
204.00000000,2119.00000000,0.04083873
204.00000000,2120.00000000,0.04090551
204.00000000,2121.00000000,0.04096201
204.00000000,2122.00000000,0.04093044
204.00000000,2123.00000000,0.04076481
204.00000000,2124.00000000,0.04091063
204.00000000,2125.00000000,0.04074779
204.00000000,2126.00000000,0.04079318
204.00000000,2127.00000000,0.04093994
204.00000000,2128.00000000,0.04092744
204.00000000,2129.00000000,0.04093870
204.00000000,2130.00000000,0.04094582
204.00000000,2131.00000000,0.04103961
204.00000000,2132.00000000,0.04104206
204.00000000,2133.00000000,0.04113820
204.00000000,2134.00000000,0.04102682
204.00000000,2135.00000000,0.04089054
204.00000000,2136.00000000,0.04077900
204.00000000,2137.00000000,0.04083625
204.00000000,2138.00000000,0.04093548
204.00000000,2139.00000000,0.04100420
204.00000000,2140.00000000,0.04113303
204.00000000,2141.00000000,0.04123367
204.00000000,2142.00000000,0.04115890
204.00000000,2143.00000000,0.04122622
204.00000000,2144.00000000,0.04136320
204.00000000,2145.00000000,0.04141420
204.00000000,2146.00000000,0.04143352
204.00000000,2147.00000000,0.04150315
204.00000000,2148.00000000,0.04150494
204.00000000,2149.00000000,0.04124843
204.00000000,2150.00000000,0.04135617
204.00000000,2151.00000000,0.04155718
204.00000000,2152.00000000,0.04166754
204.00000000,2153.00000000,0.04162752
204.00000000,2154.00000000,0.04190545
204.00000000,2155.00000000,0.04209869
204.00000000,2156.00000000,0.04216247
204.00000000,2157.00000000,0.04224979
204.00000000,2158.00000000,0.04231481
204.00000000,2159.00000000,0.04256880
204.00000000,2160.00000000,0.04277395
204.00000000,2161.00000000,0.04293004
204.00000000,2162.00000000,0.04305018
204.00000000,2163.00000000,0.04325999
204.00000000,2164.00000000,0.04345191
204.00000000,2165.00000000,0.04352796
204.00000000,2166.00000000,0.04371438
204.00000000,2167.00000000,0.04395446
204.00000000,2168.00000000,0.04421190
204.00000000,2169.00000000,0.04444417
204.00000000,2170.00000000,0.04470706
204.00000000,2171.00000000,0.04490693
204.00000000,2172.00000000,0.04519564
204.00000000,2173.00000000,0.04552961
204.00000000,2174.00000000,0.04594420
204.00000000,2175.00000000,0.04621384
204.00000000,2176.00000000,0.04650174
204.00000000,2177.00000000,0.04687509
204.00000000,2178.00000000,0.04697324
204.00000000,2179.00000000,0.04702680
204.00000000,2180.00000000,0.04744616
204.00000000,2181.00000000,0.04771846
204.00000000,2182.00000000,0.04790691
204.00000000,2183.00000000,0.04835042
204.00000000,2184.00000000,0.04838146
204.00000000,2185.00000000,0.04827951
204.00000000,2186.00000000,0.04833049
204.00000000,2187.00000000,0.04841286
204.00000000,2188.00000000,0.04874076
204.00000000,2189.00000000,0.04903891
204.00000000,2190.00000000,0.04935433
204.00000000,2191.00000000,0.04964347
204.00000000,2192.00000000,0.05001934
204.00000000,2193.00000000,0.05029042
204.00000000,2194.00000000,0.05047606
204.00000000,2195.00000000,0.05070822
204.00000000,2196.00000000,0.05068198
204.00000000,2197.00000000,0.05081076
204.00000000,2198.00000000,0.05108168
204.00000000,2199.00000000,0.05136986
204.00000000,2200.00000000,0.05167030
204.00000000,2201.00000000,0.05193651
204.00000000,2202.00000000,0.05202823
204.00000000,2203.00000000,0.05213690
204.00000000,2204.00000000,0.05248180
204.00000000,2205.00000000,0.05282322
204.00000000,2206.00000000,0.05303081
204.00000000,2207.00000000,0.05360230
204.00000000,2208.00000000,0.05423995
204.00000000,2209.00000000,0.05477076
204.00000000,2210.00000000,0.05516609
204.00000000,2211.00000000,0.05556470
204.00000000,2212.00000000,0.05596666
204.00000000,2213.00000000,0.05637162
204.00000000,2214.00000000,0.05677963
204.00000000,2215.00000000,0.05728122
204.00000000,2216.00000000,0.05778629
204.00000000,2217.00000000,0.05829487
204.00000000,2218.00000000,0.05880691
204.00000000,2219.00000000,0.05932240
204.00000000,2220.00000000,0.05984135
204.00000000,2221.00000000,0.06036373
204.00000000,2222.00000000,0.06088949
204.00000000,2223.00000000,0.06141867
204.00000000,2224.00000000,0.06195122
204.00000000,2225.00000000,0.06244629
204.00000000,2226.00000000,0.06294456
204.00000000,2227.00000000,0.06344600
204.00000000,2228.00000000,0.06395068
204.00000000,2229.00000000,0.06445858
204.00000000,2230.00000000,0.06496971
204.00000000,2231.00000000,0.06548414
204.00000000,2232.00000000,0.06600189
204.00000000,2233.00000000,0.06652295
204.00000000,2234.00000000,0.06704744
204.00000000,2235.00000000,0.06766209
204.00000000,2236.00000000,0.06828057
204.00000000,2237.00000000,0.06890291
204.00000000,2238.00000000,0.06952909
204.00000000,2239.00000000,0.07015907
204.00000000,2240.00000000,0.07079290
204.00000000,2241.00000000,0.07143051
204.00000000,2242.00000000,0.07207197
204.00000000,2243.00000000,0.07271725
204.00000000,2244.00000000,0.07336632
204.00000000,2245.00000000,0.07408383
204.00000000,2246.00000000,0.07480547
204.00000000,2247.00000000,0.07553117
204.00000000,2248.00000000,0.07626098
204.00000000,2249.00000000,0.07699475
204.00000000,2250.00000000,0.07773189
204.00000000,2251.00000000,0.07847144
204.00000000,2252.00000000,0.07921232
204.00000000,2253.00000000,0.07995397
204.00000000,2254.00000000,0.08069603
204.00000000,2255.00000000,0.08143455
204.00000000,2256.00000000,0.08217319
204.00000000,2257.00000000,0.08291179
204.00000000,2258.00000000,0.08365023
204.00000000,2259.00000000,0.08438850
204.00000000,2260.00000000,0.08512651
204.00000000,2261.00000000,0.08586418
204.00000000,2262.00000000,0.08660160
204.00000000,2263.00000000,0.08733872
204.00000000,2264.00000000,0.08807544
204.00000000,2265.00000000,0.08866484
204.00000000,2266.00000000,0.08925319
204.00000000,2267.00000000,0.08984054
204.00000000,2268.00000000,0.09042685
204.00000000,2269.00000000,0.09101209
204.00000000,2270.00000000,0.09159630
204.00000000,2271.00000000,0.09217944
204.00000000,2272.00000000,0.09276142
204.00000000,2273.00000000,0.09334230
204.00000000,2274.00000000,0.09392199
204.00000000,2275.00000000,0.09436588
204.00000000,2276.00000000,0.09480811
204.00000000,2277.00000000,0.09524861
204.00000000,2278.00000000,0.09568748
204.00000000,2279.00000000,0.09612468
204.00000000,2280.00000000,0.09656020
204.00000000,2281.00000000,0.09699410
204.00000000,2282.00000000,0.09742637
204.00000000,2283.00000000,0.09785693
204.00000000,2284.00000000,0.09828588
204.00000000,2285.00000000,0.09863709
204.00000000,2286.00000000,0.09898638
204.00000000,2287.00000000,0.09933381
204.00000000,2288.00000000,0.09967935
204.00000000,2289.00000000,0.10002308
204.00000000,2290.00000000,0.10036497
204.00000000,2291.00000000,0.10070500
204.00000000,2292.00000000,0.10104324
204.00000000,2293.00000000,0.10137967
204.00000000,2294.00000000,0.10171422
204.00000000,2295.00000000,0.10196779
204.00000000,2296.00000000,0.10221931
204.00000000,2297.00000000,0.10246879
204.00000000,2298.00000000,0.10271634
204.00000000,2299.00000000,0.10296191
204.00000000,2300.00000000,0.10320550
204.00000000,2301.00000000,0.10344720
204.00000000,2302.00000000,0.10368693
204.00000000,2303.00000000,0.10392480
204.00000000,2304.00000000,0.10416075
204.00000000,2305.00000000,0.10433340
204.00000000,2306.00000000,0.10450408
204.00000000,2307.00000000,0.10467273
204.00000000,2308.00000000,0.10483933
204.00000000,2309.00000000,0.10500402
204.00000000,2310.00000000,0.10516673
204.00000000,2311.00000000,0.10532746
204.00000000,2312.00000000,0.10548633
204.00000000,2313.00000000,0.10564322
204.00000000,2314.00000000,0.10579830
204.00000000,2315.00000000,0.10595150
204.00000000,2316.00000000,0.10610277
204.00000000,2317.00000000,0.10625226
204.00000000,2318.00000000,0.10639993
204.00000000,2319.00000000,0.10654571
204.00000000,2320.00000000,0.10668972
204.00000000,2321.00000000,0.10683196
204.00000000,2322.00000000,0.10697232
204.00000000,2323.00000000,0.10711098
204.00000000,2324.00000000,0.10724785
204.00000000,2325.00000000,0.10738289
204.00000000,2326.00000000,0.10751625
204.00000000,2327.00000000,0.10764778
204.00000000,2328.00000000,0.10777763
204.00000000,2329.00000000,0.10790574
204.00000000,2330.00000000,0.10803203
204.00000000,2331.00000000,0.10815669
204.00000000,2332.00000000,0.10827962
204.00000000,2333.00000000,0.10840073
204.00000000,2334.00000000,0.10852020
204.00000000,2335.00000000,0.10863797
204.00000000,2336.00000000,0.10875392
204.00000000,2337.00000000,0.10886825
204.00000000,2338.00000000,0.10898077
204.00000000,2339.00000000,0.10909168
204.00000000,2340.00000000,0.10920086
204.00000000,2341.00000000,0.10930824
204.00000000,2342.00000000,0.10941399
204.00000000,2343.00000000,0.10951800
204.00000000,2344.00000000,0.10962021
204.00000000,2345.00000000,0.10972078
204.00000000,2346.00000000,0.10981961
204.00000000,2347.00000000,0.10991661
204.00000000,2348.00000000,0.11001195
204.00000000,2349.00000000,0.11010544
204.00000000,2350.00000000,0.11019725
204.00000000,2351.00000000,0.11028727
204.00000000,2352.00000000,0.11037540
204.00000000,2353.00000000,0.11046176
204.00000000,2354.00000000,0.11054621
204.00000000,2355.00000000,0.11020134
204.00000000,2356.00000000,0.10985415
204.00000000,2357.00000000,0.10950460
204.00000000,2358.00000000,0.10915267
204.00000000,2359.00000000,0.10879856
204.00000000,2360.00000000,0.10844224
204.00000000,2361.00000000,0.10808369
204.00000000,2362.00000000,0.10772307
204.00000000,2363.00000000,0.10736031
204.00000000,2364.00000000,0.10699557
204.00000000,2365.00000000,0.10662884
204.00000000,2366.00000000,0.10626009
204.00000000,2367.00000000,0.10588949
204.00000000,2368.00000000,0.10551703
204.00000000,2369.00000000,0.10514264
204.00000000,2370.00000000,0.10476653
204.00000000,2371.00000000,0.10438865
204.00000000,2372.00000000,0.10400897
204.00000000,2373.00000000,0.10362768
204.00000000,2374.00000000,0.10324466
204.00000000,2375.00000000,0.10286007
204.00000000,2376.00000000,0.10247390
204.00000000,2377.00000000,0.10208611
204.00000000,2378.00000000,0.10169685
204.00000000,2379.00000000,0.10130610
204.00000000,2380.00000000,0.10091382
204.00000000,2381.00000000,0.10052019
204.00000000,2382.00000000,0.10012514
204.00000000,2383.00000000,0.09972865
204.00000000,2384.00000000,0.09933090
204.00000000,2385.00000000,0.09893182
204.00000000,2386.00000000,0.09853138
204.00000000,2387.00000000,0.09812977
204.00000000,2388.00000000,0.09772684
204.00000000,2389.00000000,0.09732279
204.00000000,2390.00000000,0.09691754
204.00000000,2391.00000000,0.09651109
204.00000000,2392.00000000,0.09610356
204.00000000,2393.00000000,0.09569492
204.00000000,2394.00000000,0.09528516
204.00000000,2395.00000000,0.09487439
204.00000000,2396.00000000,0.09446260
204.00000000,2397.00000000,0.09404973
204.00000000,2398.00000000,0.09363595
204.00000000,2399.00000000,0.09322114
204.00000000,2400.00000000,0.09280545
204.00000000,2401.00000000,0.09238885
204.00000000,2402.00000000,0.09197128
204.00000000,2403.00000000,0.09155292
204.00000000,2404.00000000,0.09113370
204.00000000,2405.00000000,0.09071360
204.00000000,2406.00000000,0.09029276
204.00000000,2407.00000000,0.08987112
204.00000000,2408.00000000,0.08944866
204.00000000,2409.00000000,0.08902552
204.00000000,2410.00000000,0.08860164
204.00000000,2411.00000000,0.08817699
204.00000000,2412.00000000,0.08775172
204.00000000,2413.00000000,0.08732571
204.00000000,2414.00000000,0.08689912
204.00000000,2415.00000000,0.08647188
204.00000000,2416.00000000,0.08604396
204.00000000,2417.00000000,0.08561552
204.00000000,2418.00000000,0.08518649
204.00000000,2419.00000000,0.08475682
204.00000000,2420.00000000,0.08432667
204.00000000,2421.00000000,0.08389599
204.00000000,2422.00000000,0.08346472
204.00000000,2423.00000000,0.08303302
204.00000000,2424.00000000,0.08260078
204.00000000,2425.00000000,0.08216813
204.00000000,2426.00000000,0.08173503
204.00000000,2427.00000000,0.08130142
204.00000000,2428.00000000,0.08086747
204.00000000,2429.00000000,0.08043311
204.00000000,2430.00000000,0.07999828
204.00000000,2431.00000000,0.07956315
204.00000000,2432.00000000,0.07912766
204.00000000,2433.00000000,0.07869177
204.00000000,2434.00000000,0.07825560
204.00000000,2435.00000000,0.07781905
204.00000000,2436.00000000,0.07738226
204.00000000,2437.00000000,0.07694518
204.00000000,2438.00000000,0.07650777
204.00000000,2439.00000000,0.07607016
204.00000000,2440.00000000,0.07563231
204.00000000,2441.00000000,0.07519416
204.00000000,2442.00000000,0.07475585
204.00000000,2443.00000000,0.07431734
204.00000000,2444.00000000,0.07387858
204.00000000,2445.00000000,0.07343970
204.00000000,2446.00000000,0.07300066
204.00000000,2447.00000000,0.07256141
204.00000000,2448.00000000,0.07212208
204.00000000,2449.00000000,0.07168258
204.00000000,2450.00000000,0.07124305
204.00000000,2451.00000000,0.07080347
204.00000000,2452.00000000,0.07036379
204.00000000,2453.00000000,0.07001653
204.00000000,2454.00000000,0.06994116
204.00000000,2455.00000000,0.06994014
204.00000000,2456.00000000,0.06993930
204.00000000,2457.00000000,0.06993858
204.00000000,2458.00000000,0.06993790
204.00000000,2459.00000000,0.06993741
204.00000000,2460.00000000,0.06994859
204.00000000,2461.00000000,0.06995996
204.00000000,2462.00000000,0.06997142
204.00000000,2463.00000000,0.06998292
204.00000000,2464.00000000,0.06999457
204.00000000,2465.00000000,0.06998331
204.00000000,2466.00000000,0.06997205
204.00000000,2467.00000000,0.06996095
204.00000000,2468.00000000,0.06994993
204.00000000,2469.00000000,0.06993890
204.00000000,2470.00000000,0.06992803
204.00000000,2471.00000000,0.06991723
204.00000000,2472.00000000,0.06990643
204.00000000,2473.00000000,0.06989577
204.00000000,2474.00000000,0.06988510
204.00000000,2475.00000000,0.06987458
204.00000000,2476.00000000,0.06986412
204.00000000,2477.00000000,0.06985365
204.00000000,2478.00000000,0.06984331
204.00000000,2479.00000000,0.06983303
204.00000000,2480.00000000,0.06982174
204.00000000,2481.00000000,0.06981058
204.00000000,2482.00000000,0.06979948
204.00000000,2483.00000000,0.06978834
204.00000000,2484.00000000,0.06977735
204.00000000,2485.00000000,0.06976632
204.00000000,2486.00000000,0.06975542
204.00000000,2487.00000000,0.06974457
204.00000000,2488.00000000,0.06973369
204.00000000,2489.00000000,0.06972292
204.00000000,2490.00000000,0.06971221
204.00000000,2491.00000000,0.06970145
204.00000000,2492.00000000,0.06969083
204.00000000,2493.00000000,0.06968023
204.00000000,2494.00000000,0.06966960
204.00000000,2495.00000000,0.06965910
204.00000000,2496.00000000,0.06964853
204.00000000,2497.00000000,0.06963810
204.00000000,2498.00000000,0.06962770
204.00000000,2499.00000000,0.06961725
204.00000000,2500.00000000,0.06960691
205.00000000,1765.00000000,0.04518925
205.00000000,1766.00000000,0.04518922
205.00000000,1767.00000000,0.04518914
205.00000000,1768.00000000,0.04518936
205.00000000,1769.00000000,0.04518941
205.00000000,1770.00000000,0.04518972
205.00000000,1771.00000000,0.04519006
205.00000000,1772.00000000,0.04519041
205.00000000,1773.00000000,0.04519096
205.00000000,1774.00000000,0.04519153
205.00000000,1775.00000000,0.04519226
205.00000000,1776.00000000,0.04519305
205.00000000,1777.00000000,0.04519374
205.00000000,1778.00000000,0.04519479
205.00000000,1779.00000000,0.04519578
205.00000000,1780.00000000,0.04519687
205.00000000,1781.00000000,0.04519796
205.00000000,1782.00000000,0.04519915
205.00000000,1783.00000000,0.04520057
205.00000000,1784.00000000,0.04520189
205.00000000,1785.00000000,0.04520334
205.00000000,1786.00000000,0.04520479
205.00000000,1787.00000000,0.04520645
205.00000000,1788.00000000,0.04520803
205.00000000,1789.00000000,0.04520963
205.00000000,1790.00000000,0.04521138
205.00000000,1791.00000000,0.04521309
205.00000000,1792.00000000,0.04521501
205.00000000,1793.00000000,0.04521684
205.00000000,1794.00000000,0.04521865
205.00000000,1795.00000000,0.04522067
205.00000000,1796.00000000,0.04522254
205.00000000,1797.00000000,0.04522461
205.00000000,1798.00000000,0.04522667
205.00000000,1799.00000000,0.04522872
205.00000000,1800.00000000,0.04523079
205.00000000,1801.00000000,0.04523283
205.00000000,1802.00000000,0.04523495
205.00000000,1803.00000000,0.04523710
205.00000000,1804.00000000,0.04523927
205.00000000,1805.00000000,0.04524157
205.00000000,1806.00000000,0.04524375
205.00000000,1807.00000000,0.04524591
205.00000000,1808.00000000,0.04524815
205.00000000,1809.00000000,0.04525047
205.00000000,1810.00000000,0.04525267
205.00000000,1811.00000000,0.04525505
205.00000000,1812.00000000,0.04525726
205.00000000,1813.00000000,0.04525957
205.00000000,1814.00000000,0.04526195
205.00000000,1815.00000000,0.04526430
205.00000000,1816.00000000,0.04526660
205.00000000,1817.00000000,0.04526891
205.00000000,1818.00000000,0.04527125
205.00000000,1819.00000000,0.04527363
205.00000000,1820.00000000,0.04527598
205.00000000,1821.00000000,0.04527833
205.00000000,1822.00000000,0.04528065
205.00000000,1823.00000000,0.04528304
205.00000000,1824.00000000,0.04528535
205.00000000,1825.00000000,0.04528780
205.00000000,1826.00000000,0.04528999
205.00000000,1827.00000000,0.04529234
205.00000000,1828.00000000,0.04529470
205.00000000,1829.00000000,0.04529707
205.00000000,1830.00000000,0.04529936
205.00000000,1831.00000000,0.04530162
205.00000000,1832.00000000,0.04530397
205.00000000,1833.00000000,0.04530623
205.00000000,1834.00000000,0.04530851
205.00000000,1835.00000000,0.04531073
205.00000000,1836.00000000,0.04531303
205.00000000,1837.00000000,0.04531520
205.00000000,1838.00000000,0.04531744
205.00000000,1839.00000000,0.04531969
205.00000000,1840.00000000,0.04532180
205.00000000,1841.00000000,0.04532405
205.00000000,1842.00000000,0.04532627
205.00000000,1843.00000000,0.04532833
205.00000000,1844.00000000,0.04533051
205.00000000,1845.00000000,0.04533262
205.00000000,1846.00000000,0.04533463
205.00000000,1847.00000000,0.04533676
205.00000000,1848.00000000,0.04533887
205.00000000,1849.00000000,0.04534078
205.00000000,1850.00000000,0.04534278
205.00000000,1851.00000000,0.04534474
205.00000000,1852.00000000,0.04534666
205.00000000,1853.00000000,0.04534877
205.00000000,1854.00000000,0.04535105
205.00000000,1855.00000000,0.04535319
205.00000000,1856.00000000,0.04535537
205.00000000,1857.00000000,0.04535729
205.00000000,1858.00000000,0.04535924
205.00000000,1859.00000000,0.04536120
205.00000000,1860.00000000,0.04536321
205.00000000,1861.00000000,0.04536502
205.00000000,1862.00000000,0.04536678
205.00000000,1863.00000000,0.04536813
205.00000000,1864.00000000,0.04536915
205.00000000,1865.00000000,0.04536994
205.00000000,1866.00000000,0.04537056
205.00000000,1867.00000000,0.04537083
205.00000000,1868.00000000,0.04537108
205.00000000,1869.00000000,0.04537112
205.00000000,1870.00000000,0.04537098
205.00000000,1871.00000000,0.04537074
205.00000000,1872.00000000,0.04537061
205.00000000,1873.00000000,0.04537093
205.00000000,1874.00000000,0.04537148
205.00000000,1875.00000000,0.04537223
205.00000000,1876.00000000,0.04537309
205.00000000,1877.00000000,0.04537415
205.00000000,1878.00000000,0.04537525
205.00000000,1879.00000000,0.04537648
205.00000000,1880.00000000,0.04537770
205.00000000,1881.00000000,0.04537895
205.00000000,1882.00000000,0.04538014
205.00000000,1883.00000000,0.04538107
205.00000000,1884.00000000,0.04538182
205.00000000,1885.00000000,0.04538234
205.00000000,1886.00000000,0.04538272
205.00000000,1887.00000000,0.04538302
205.00000000,1888.00000000,0.04538327
205.00000000,1889.00000000,0.04538326
205.00000000,1890.00000000,0.04538308
205.00000000,1891.00000000,0.04538269
205.00000000,1892.00000000,0.04538216
205.00000000,1893.00000000,0.04538149
205.00000000,1894.00000000,0.04538079
205.00000000,1895.00000000,0.04538018
205.00000000,1896.00000000,0.04537955
205.00000000,1897.00000000,0.04537887
205.00000000,1898.00000000,0.04537811
205.00000000,1899.00000000,0.04537725
205.00000000,1900.00000000,0.04537619
205.00000000,1901.00000000,0.04537496
205.00000000,1902.00000000,0.04537379
205.00000000,1903.00000000,0.04537265
205.00000000,1904.00000000,0.04537157
205.00000000,1905.00000000,0.04537058
205.00000000,1906.00000000,0.04536980
205.00000000,1907.00000000,0.04536903
205.00000000,1908.00000000,0.04536818
205.00000000,1909.00000000,0.04536739
205.00000000,1910.00000000,0.04536646
205.00000000,1911.00000000,0.04536551
205.00000000,1912.00000000,0.04536419
205.00000000,1913.00000000,0.04536230
205.00000000,1914.00000000,0.04535972
205.00000000,1915.00000000,0.04535700
205.00000000,1916.00000000,0.04535415
205.00000000,1917.00000000,0.04535129
205.00000000,1918.00000000,0.04534833
205.00000000,1919.00000000,0.04534532
205.00000000,1920.00000000,0.04534263
205.00000000,1921.00000000,0.04534034
205.00000000,1922.00000000,0.04533859
205.00000000,1923.00000000,0.04533716
205.00000000,1924.00000000,0.04533584
205.00000000,1925.00000000,0.04533444
205.00000000,1926.00000000,0.04533295
205.00000000,1927.00000000,0.04533145
205.00000000,1928.00000000,0.04532997
205.00000000,1929.00000000,0.04532845
205.00000000,1930.00000000,0.04532702
205.00000000,1931.00000000,0.04532620
205.00000000,1932.00000000,0.04532612
205.00000000,1933.00000000,0.04532647
205.00000000,1934.00000000,0.04532710
205.00000000,1935.00000000,0.04532771
205.00000000,1936.00000000,0.04532797
205.00000000,1937.00000000,0.04532765
205.00000000,1938.00000000,0.04532658
205.00000000,1939.00000000,0.04532493
205.00000000,1940.00000000,0.04532288
205.00000000,1941.00000000,0.04532025
205.00000000,1942.00000000,0.04531689
205.00000000,1943.00000000,0.04531318
205.00000000,1944.00000000,0.04530916
205.00000000,1945.00000000,0.04530503
205.00000000,1946.00000000,0.04530151
205.00000000,1947.00000000,0.04529893
205.00000000,1948.00000000,0.04529685
205.00000000,1949.00000000,0.04529477
205.00000000,1950.00000000,0.04529261
205.00000000,1951.00000000,0.04529037
205.00000000,1952.00000000,0.04528854
205.00000000,1953.00000000,0.04528684
205.00000000,1954.00000000,0.04528512
205.00000000,1955.00000000,0.04528355
205.00000000,1956.00000000,0.04528199
205.00000000,1957.00000000,0.04528028
205.00000000,1958.00000000,0.04527828
205.00000000,1959.00000000,0.04527593
205.00000000,1960.00000000,0.04527247
205.00000000,1961.00000000,0.04526798
205.00000000,1962.00000000,0.04526298
205.00000000,1963.00000000,0.04525743
205.00000000,1964.00000000,0.04525126
205.00000000,1965.00000000,0.04524428
205.00000000,1966.00000000,0.04523648
205.00000000,1967.00000000,0.04522793
205.00000000,1968.00000000,0.04521848
205.00000000,1969.00000000,0.04520778
205.00000000,1970.00000000,0.04519566
205.00000000,1971.00000000,0.04518574
205.00000000,1972.00000000,0.04516920
205.00000000,1973.00000000,0.04515057
205.00000000,1974.00000000,0.04513029
205.00000000,1975.00000000,0.04510892
205.00000000,1976.00000000,0.04508873
205.00000000,1977.00000000,0.04506727
205.00000000,1978.00000000,0.04504565
205.00000000,1979.00000000,0.04502384
205.00000000,1980.00000000,0.04500168
205.00000000,1981.00000000,0.04497940
205.00000000,1982.00000000,0.04495825
205.00000000,1983.00000000,0.04493960
205.00000000,1984.00000000,0.04492336
205.00000000,1985.00000000,0.04490895
205.00000000,1986.00000000,0.04489705
205.00000000,1987.00000000,0.04488420
205.00000000,1988.00000000,0.04487148
205.00000000,1989.00000000,0.04485860
205.00000000,1990.00000000,0.04484532
205.00000000,1991.00000000,0.04483190
205.00000000,1992.00000000,0.04481880
205.00000000,1993.00000000,0.04480597
205.00000000,1994.00000000,0.04479376
205.00000000,1995.00000000,0.04478205
205.00000000,1996.00000000,0.04477179
205.00000000,1997.00000000,0.04475983
205.00000000,1998.00000000,0.04474742
205.00000000,1999.00000000,0.04473492
205.00000000,2000.00000000,0.04472242
205.00000000,2001.00000000,0.04470982
205.00000000,2002.00000000,0.04469827
205.00000000,2003.00000000,0.04468532
205.00000000,2004.00000000,0.04467167
205.00000000,2005.00000000,0.04465784
205.00000000,2006.00000000,0.04464027
205.00000000,2007.00000000,0.04462313
205.00000000,2008.00000000,0.04459978
205.00000000,2009.00000000,0.04457585
205.00000000,2010.00000000,0.04455029
205.00000000,2011.00000000,0.04452452
205.00000000,2012.00000000,0.04449579
205.00000000,2013.00000000,0.04446553
205.00000000,2014.00000000,0.04443366
205.00000000,2015.00000000,0.04440017
205.00000000,2016.00000000,0.04436654
205.00000000,2017.00000000,0.04433009
205.00000000,2018.00000000,0.04429217
205.00000000,2019.00000000,0.04425296
205.00000000,2020.00000000,0.04421382
205.00000000,2021.00000000,0.04417356
205.00000000,2022.00000000,0.04413222
205.00000000,2023.00000000,0.04408862
205.00000000,2024.00000000,0.04404427
205.00000000,2025.00000000,0.04399923
205.00000000,2026.00000000,0.04395356
205.00000000,2027.00000000,0.04390875
205.00000000,2028.00000000,0.04386342
205.00000000,2029.00000000,0.04381626
205.00000000,2030.00000000,0.04377006
205.00000000,2031.00000000,0.04372212
205.00000000,2032.00000000,0.04367500
205.00000000,2033.00000000,0.04362592
205.00000000,2034.00000000,0.04357609
205.00000000,2035.00000000,0.04353358
205.00000000,2036.00000000,0.04348088
205.00000000,2037.00000000,0.04342871
205.00000000,2038.00000000,0.04337715
205.00000000,2039.00000000,0.04332352
205.00000000,2040.00000000,0.04327048
205.00000000,2041.00000000,0.04322076
205.00000000,2042.00000000,0.04316494
205.00000000,2043.00000000,0.04310952
205.00000000,2044.00000000,0.04305318
205.00000000,2045.00000000,0.04299714
205.00000000,2046.00000000,0.04293887
205.00000000,2047.00000000,0.04288097
205.00000000,2048.00000000,0.04282083
205.00000000,2049.00000000,0.04276117
205.00000000,2050.00000000,0.04270331
205.00000000,2051.00000000,0.04263939
205.00000000,2052.00000000,0.04257872
205.00000000,2053.00000000,0.04251476
205.00000000,2054.00000000,0.04245275
205.00000000,2055.00000000,0.04239151
205.00000000,2056.00000000,0.04232448
205.00000000,2057.00000000,0.04226090
205.00000000,2058.00000000,0.04219555
205.00000000,2059.00000000,0.04214007
205.00000000,2060.00000000,0.04207379
205.00000000,2061.00000000,0.04201104
205.00000000,2062.00000000,0.04194303
205.00000000,2063.00000000,0.04187529
205.00000000,2064.00000000,0.04181316
205.00000000,2065.00000000,0.04175540
205.00000000,2066.00000000,0.04169313
205.00000000,2067.00000000,0.04162893
205.00000000,2068.00000000,0.04157174
205.00000000,2069.00000000,0.04151655
205.00000000,2070.00000000,0.04146072
205.00000000,2071.00000000,0.04140055
205.00000000,2072.00000000,0.04134795
205.00000000,2073.00000000,0.04129239
205.00000000,2074.00000000,0.04124071
205.00000000,2075.00000000,0.04118786
205.00000000,2076.00000000,0.04114142
205.00000000,2077.00000000,0.04110643
205.00000000,2078.00000000,0.04106511
205.00000000,2079.00000000,0.04099854
205.00000000,2080.00000000,0.04096322
205.00000000,2081.00000000,0.04091512
205.00000000,2082.00000000,0.04086820
205.00000000,2083.00000000,0.04082056
205.00000000,2084.00000000,0.04078975
205.00000000,2085.00000000,0.04077512
205.00000000,2086.00000000,0.04073799
205.00000000,2087.00000000,0.04070940
205.00000000,2088.00000000,0.04068561
205.00000000,2089.00000000,0.04064676
205.00000000,2090.00000000,0.04060766
205.00000000,2091.00000000,0.04057208
205.00000000,2092.00000000,0.04054998
205.00000000,2093.00000000,0.04055122
205.00000000,2094.00000000,0.04051428
205.00000000,2095.00000000,0.04051424
205.00000000,2096.00000000,0.04049945
205.00000000,2097.00000000,0.04046863
205.00000000,2098.00000000,0.04043161
205.00000000,2099.00000000,0.04041663
205.00000000,2100.00000000,0.04041501
205.00000000,2101.00000000,0.04040222
205.00000000,2102.00000000,0.04040046
205.00000000,2103.00000000,0.04040487
205.00000000,2104.00000000,0.04043132
205.00000000,2105.00000000,0.04044081
205.00000000,2106.00000000,0.04044058
205.00000000,2107.00000000,0.04043679
205.00000000,2108.00000000,0.04047925
205.00000000,2109.00000000,0.04046927
205.00000000,2110.00000000,0.04049932
205.00000000,2111.00000000,0.04053643
205.00000000,2112.00000000,0.04061445
205.00000000,2113.00000000,0.04055858
205.00000000,2114.00000000,0.04058720
205.00000000,2115.00000000,0.04061528
205.00000000,2116.00000000,0.04062343
205.00000000,2117.00000000,0.04066369
205.00000000,2118.00000000,0.04072991
205.00000000,2119.00000000,0.04060689
205.00000000,2120.00000000,0.04058246
205.00000000,2121.00000000,0.04064940
205.00000000,2122.00000000,0.04070611
205.00000000,2123.00000000,0.04067528
205.00000000,2124.00000000,0.04051121
205.00000000,2125.00000000,0.04065664
205.00000000,2126.00000000,0.04049530
205.00000000,2127.00000000,0.04054090
205.00000000,2128.00000000,0.04068724
205.00000000,2129.00000000,0.04067529
205.00000000,2130.00000000,0.04068696
205.00000000,2131.00000000,0.04069449
205.00000000,2132.00000000,0.04078815
205.00000000,2133.00000000,0.04079103
205.00000000,2134.00000000,0.04088701
205.00000000,2135.00000000,0.04077673
205.00000000,2136.00000000,0.04064169
205.00000000,2137.00000000,0.04053124
205.00000000,2138.00000000,0.04058854
205.00000000,2139.00000000,0.04068755
205.00000000,2140.00000000,0.04075625
205.00000000,2141.00000000,0.04088467
205.00000000,2142.00000000,0.04098508
205.00000000,2143.00000000,0.04091113
205.00000000,2144.00000000,0.04097842
205.00000000,2145.00000000,0.04111494
205.00000000,2146.00000000,0.04116600
205.00000000,2147.00000000,0.04118555
205.00000000,2148.00000000,0.04125512
205.00000000,2149.00000000,0.04125725
205.00000000,2150.00000000,0.04100262
205.00000000,2151.00000000,0.04111028
205.00000000,2152.00000000,0.04131128
205.00000000,2153.00000000,0.04142277
205.00000000,2154.00000000,0.04138506
205.00000000,2155.00000000,0.04166357
205.00000000,2156.00000000,0.04185792
205.00000000,2157.00000000,0.04192355
205.00000000,2158.00000000,0.04201256
205.00000000,2159.00000000,0.04207932
205.00000000,2160.00000000,0.04233395
205.00000000,2161.00000000,0.04253997
205.00000000,2162.00000000,0.04269714
205.00000000,2163.00000000,0.04281850
205.00000000,2164.00000000,0.04302901
205.00000000,2165.00000000,0.04322169
205.00000000,2166.00000000,0.04329905
205.00000000,2167.00000000,0.04348616
205.00000000,2168.00000000,0.04372663
205.00000000,2169.00000000,0.04398433
205.00000000,2170.00000000,0.04421695
205.00000000,2171.00000000,0.04448001
205.00000000,2172.00000000,0.04468035
205.00000000,2173.00000000,0.04496906
205.00000000,2174.00000000,0.04530277
205.00000000,2175.00000000,0.04571669
205.00000000,2176.00000000,0.04598637
205.00000000,2177.00000000,0.04627419
205.00000000,2178.00000000,0.04664703
205.00000000,2179.00000000,0.04674601
205.00000000,2180.00000000,0.04680058
205.00000000,2181.00000000,0.04721917
205.00000000,2182.00000000,0.04749141
205.00000000,2183.00000000,0.04768017
205.00000000,2184.00000000,0.04812279
205.00000000,2185.00000000,0.04815485
205.00000000,2186.00000000,0.04805453
205.00000000,2187.00000000,0.04810641
205.00000000,2188.00000000,0.04818951
205.00000000,2189.00000000,0.04851699
205.00000000,2190.00000000,0.04881487
205.00000000,2191.00000000,0.04912992
205.00000000,2192.00000000,0.04941882
205.00000000,2193.00000000,0.04979406
205.00000000,2194.00000000,0.05006496
205.00000000,2195.00000000,0.05025081
205.00000000,2196.00000000,0.05048297
205.00000000,2197.00000000,0.05045786
205.00000000,2198.00000000,0.05058708
205.00000000,2199.00000000,0.05085781
205.00000000,2200.00000000,0.05114572
205.00000000,2201.00000000,0.05144584
205.00000000,2202.00000000,0.05171187
205.00000000,2203.00000000,0.05180416
205.00000000,2204.00000000,0.05191333
205.00000000,2205.00000000,0.05225772
205.00000000,2206.00000000,0.05259864
205.00000000,2207.00000000,0.05280630
205.00000000,2208.00000000,0.05337632
205.00000000,2209.00000000,0.05401225
205.00000000,2210.00000000,0.05454178
205.00000000,2211.00000000,0.05493642
205.00000000,2212.00000000,0.05533433
205.00000000,2213.00000000,0.05573558
205.00000000,2214.00000000,0.05613983
205.00000000,2215.00000000,0.05654711
205.00000000,2216.00000000,0.05704761
205.00000000,2217.00000000,0.05755158
205.00000000,2218.00000000,0.05805905
205.00000000,2219.00000000,0.05856999
205.00000000,2220.00000000,0.05908437
205.00000000,2221.00000000,0.05960221
205.00000000,2222.00000000,0.06012347
205.00000000,2223.00000000,0.06064812
205.00000000,2224.00000000,0.06117618
205.00000000,2225.00000000,0.06170762
205.00000000,2226.00000000,0.06220172
205.00000000,2227.00000000,0.06269903
205.00000000,2228.00000000,0.06319950
205.00000000,2229.00000000,0.06370322
205.00000000,2230.00000000,0.06421015
205.00000000,2231.00000000,0.06472031
205.00000000,2232.00000000,0.06523377
205.00000000,2233.00000000,0.06575055
205.00000000,2234.00000000,0.06627064
205.00000000,2235.00000000,0.06679416
205.00000000,2236.00000000,0.06740751
205.00000000,2237.00000000,0.06802469
205.00000000,2238.00000000,0.06864573
205.00000000,2239.00000000,0.06927062
205.00000000,2240.00000000,0.06989930
205.00000000,2241.00000000,0.07053183
205.00000000,2242.00000000,0.07116815
205.00000000,2243.00000000,0.07180832
205.00000000,2244.00000000,0.07245230
205.00000000,2245.00000000,0.07310009
205.00000000,2246.00000000,0.07381609
205.00000000,2247.00000000,0.07453621
205.00000000,2248.00000000,0.07526040
205.00000000,2249.00000000,0.07598862
205.00000000,2250.00000000,0.07672028
205.00000000,2251.00000000,0.07745434
205.00000000,2252.00000000,0.07818986
205.00000000,2253.00000000,0.07892616
205.00000000,2254.00000000,0.07966299
205.00000000,2255.00000000,0.08040012
205.00000000,2256.00000000,0.08113368
205.00000000,2257.00000000,0.08186732
205.00000000,2258.00000000,0.08260093
205.00000000,2259.00000000,0.08333439
205.00000000,2260.00000000,0.08406771
205.00000000,2261.00000000,0.08480084
205.00000000,2262.00000000,0.08553373
205.00000000,2263.00000000,0.08626647
205.00000000,2264.00000000,0.08699898
205.00000000,2265.00000000,0.08773115
205.00000000,2266.00000000,0.08831661
205.00000000,2267.00000000,0.08890107
205.00000000,2268.00000000,0.08948458
205.00000000,2269.00000000,0.09006710
205.00000000,2270.00000000,0.09064858
205.00000000,2271.00000000,0.09122908
205.00000000,2272.00000000,0.09180853
205.00000000,2273.00000000,0.09238688
205.00000000,2274.00000000,0.09296415
205.00000000,2275.00000000,0.09354027
205.00000000,2276.00000000,0.09398119
205.00000000,2277.00000000,0.09442048
205.00000000,2278.00000000,0.09485809
205.00000000,2279.00000000,0.09529409
205.00000000,2280.00000000,0.09572848
205.00000000,2281.00000000,0.09616121
205.00000000,2282.00000000,0.09659238
205.00000000,2283.00000000,0.09702192
205.00000000,2284.00000000,0.09744981
205.00000000,2285.00000000,0.09787610
205.00000000,2286.00000000,0.09822503
205.00000000,2287.00000000,0.09857203
205.00000000,2288.00000000,0.09891725
205.00000000,2289.00000000,0.09926057
205.00000000,2290.00000000,0.09960214
205.00000000,2291.00000000,0.09994188
205.00000000,2292.00000000,0.10027979
205.00000000,2293.00000000,0.10061596
205.00000000,2294.00000000,0.10095033
205.00000000,2295.00000000,0.10128286
205.00000000,2296.00000000,0.10153475
205.00000000,2297.00000000,0.10178465
205.00000000,2298.00000000,0.10203251
205.00000000,2299.00000000,0.10227846
205.00000000,2300.00000000,0.10252249
205.00000000,2301.00000000,0.10276452
205.00000000,2302.00000000,0.10300471
205.00000000,2303.00000000,0.10324293
205.00000000,2304.00000000,0.10347930
205.00000000,2305.00000000,0.10371380
205.00000000,2306.00000000,0.10388527
205.00000000,2307.00000000,0.10405477
205.00000000,2308.00000000,0.10422230
205.00000000,2309.00000000,0.10438777
205.00000000,2310.00000000,0.10455136
205.00000000,2311.00000000,0.10471302
205.00000000,2312.00000000,0.10487269
205.00000000,2313.00000000,0.10503051
205.00000000,2314.00000000,0.10518640
205.00000000,2315.00000000,0.10534048
205.00000000,2316.00000000,0.10549269
205.00000000,2317.00000000,0.10564301
205.00000000,2318.00000000,0.10579157
205.00000000,2319.00000000,0.10593829
205.00000000,2320.00000000,0.10608316
205.00000000,2321.00000000,0.10622630
205.00000000,2322.00000000,0.10636766
205.00000000,2323.00000000,0.10650715
205.00000000,2324.00000000,0.10664496
205.00000000,2325.00000000,0.10678101
205.00000000,2326.00000000,0.10691524
205.00000000,2327.00000000,0.10704779
205.00000000,2328.00000000,0.10717851
205.00000000,2329.00000000,0.10730760
205.00000000,2330.00000000,0.10743496
205.00000000,2331.00000000,0.10756051
205.00000000,2332.00000000,0.10768443
205.00000000,2333.00000000,0.10780663
205.00000000,2334.00000000,0.10792703
205.00000000,2335.00000000,0.10804582
205.00000000,2336.00000000,0.10816290
205.00000000,2337.00000000,0.10827818
205.00000000,2338.00000000,0.10839185
205.00000000,2339.00000000,0.10850373
205.00000000,2340.00000000,0.10861399
205.00000000,2341.00000000,0.10872254
205.00000000,2342.00000000,0.10882930
205.00000000,2343.00000000,0.10893445
205.00000000,2344.00000000,0.10903788
205.00000000,2345.00000000,0.10913951
205.00000000,2346.00000000,0.10923951
205.00000000,2347.00000000,0.10933778
205.00000000,2348.00000000,0.10943424
205.00000000,2349.00000000,0.10952904
205.00000000,2350.00000000,0.10962200
205.00000000,2351.00000000,0.10971329
205.00000000,2352.00000000,0.10980281
205.00000000,2353.00000000,0.10989045
205.00000000,2354.00000000,0.10997633
205.00000000,2355.00000000,0.11006031
205.00000000,2356.00000000,0.10971686
205.00000000,2357.00000000,0.10937110
205.00000000,2358.00000000,0.10902300
205.00000000,2359.00000000,0.10867253
205.00000000,2360.00000000,0.10831989
205.00000000,2361.00000000,0.10796505
205.00000000,2362.00000000,0.10760800
205.00000000,2363.00000000,0.10724889
205.00000000,2364.00000000,0.10688764
205.00000000,2365.00000000,0.10652444
205.00000000,2366.00000000,0.10615925
205.00000000,2367.00000000,0.10579204
205.00000000,2368.00000000,0.10542300
205.00000000,2369.00000000,0.10505209
205.00000000,2370.00000000,0.10467931
205.00000000,2371.00000000,0.10430478
205.00000000,2372.00000000,0.10392850
205.00000000,2373.00000000,0.10355042
205.00000000,2374.00000000,0.10317075
205.00000000,2375.00000000,0.10278935
205.00000000,2376.00000000,0.10240640
205.00000000,2377.00000000,0.10202186
205.00000000,2378.00000000,0.10163573
205.00000000,2379.00000000,0.10124812
205.00000000,2380.00000000,0.10085904
205.00000000,2381.00000000,0.10046844
205.00000000,2382.00000000,0.10007648
205.00000000,2383.00000000,0.09968311
205.00000000,2384.00000000,0.09928833
205.00000000,2385.00000000,0.09889226
205.00000000,2386.00000000,0.09849489
205.00000000,2387.00000000,0.09809618
205.00000000,2388.00000000,0.09769627
205.00000000,2389.00000000,0.09729507
205.00000000,2390.00000000,0.09689275
205.00000000,2391.00000000,0.09648924
205.00000000,2392.00000000,0.09608453
205.00000000,2393.00000000,0.09567875
205.00000000,2394.00000000,0.09527188
205.00000000,2395.00000000,0.09486386
205.00000000,2396.00000000,0.09445487
205.00000000,2397.00000000,0.09404485
205.00000000,2398.00000000,0.09363376
205.00000000,2399.00000000,0.09322175
205.00000000,2400.00000000,0.09280873
205.00000000,2401.00000000,0.09239482
205.00000000,2402.00000000,0.09198002
205.00000000,2403.00000000,0.09156427
205.00000000,2404.00000000,0.09114771
205.00000000,2405.00000000,0.09073031
205.00000000,2406.00000000,0.09031202
205.00000000,2407.00000000,0.08989300
205.00000000,2408.00000000,0.08947320
205.00000000,2409.00000000,0.08905256
205.00000000,2410.00000000,0.08863124
205.00000000,2411.00000000,0.08820922
205.00000000,2412.00000000,0.08778641
205.00000000,2413.00000000,0.08736297
205.00000000,2414.00000000,0.08693881
205.00000000,2415.00000000,0.08651407
205.00000000,2416.00000000,0.08608869
205.00000000,2417.00000000,0.08566263
205.00000000,2418.00000000,0.08523603
205.00000000,2419.00000000,0.08480886
205.00000000,2420.00000000,0.08438106
205.00000000,2421.00000000,0.08395278
205.00000000,2422.00000000,0.08352397
205.00000000,2423.00000000,0.08309458
205.00000000,2424.00000000,0.08266476
205.00000000,2425.00000000,0.08223439
205.00000000,2426.00000000,0.08180362
205.00000000,2427.00000000,0.08137240
205.00000000,2428.00000000,0.08094068
205.00000000,2429.00000000,0.08050861
205.00000000,2430.00000000,0.08007614
205.00000000,2431.00000000,0.07964320
205.00000000,2432.00000000,0.07920997
205.00000000,2433.00000000,0.07877637
205.00000000,2434.00000000,0.07834236
205.00000000,2435.00000000,0.07790810
205.00000000,2436.00000000,0.07747345
205.00000000,2437.00000000,0.07703856
205.00000000,2438.00000000,0.07660339
205.00000000,2439.00000000,0.07616788
205.00000000,2440.00000000,0.07573218
205.00000000,2441.00000000,0.07529623
205.00000000,2442.00000000,0.07485998
205.00000000,2443.00000000,0.07442359
205.00000000,2444.00000000,0.07398699
205.00000000,2445.00000000,0.07355014
205.00000000,2446.00000000,0.07311317
205.00000000,2447.00000000,0.07267605
205.00000000,2448.00000000,0.07223871
205.00000000,2449.00000000,0.07180130
205.00000000,2450.00000000,0.07136372
205.00000000,2451.00000000,0.07092610
205.00000000,2452.00000000,0.07048844
205.00000000,2453.00000000,0.07005067
205.00000000,2454.00000000,0.06970492
205.00000000,2455.00000000,0.06962985
205.00000000,2456.00000000,0.06962878
205.00000000,2457.00000000,0.06962792
205.00000000,2458.00000000,0.06962715
205.00000000,2459.00000000,0.06962643
205.00000000,2460.00000000,0.06962591
205.00000000,2461.00000000,0.06963700
205.00000000,2462.00000000,0.06964828
205.00000000,2463.00000000,0.06965965
205.00000000,2464.00000000,0.06967106
205.00000000,2465.00000000,0.06968261
205.00000000,2466.00000000,0.06967136
205.00000000,2467.00000000,0.06966011
205.00000000,2468.00000000,0.06964901
205.00000000,2469.00000000,0.06963800
205.00000000,2470.00000000,0.06962699
205.00000000,2471.00000000,0.06961612
205.00000000,2472.00000000,0.06960533
205.00000000,2473.00000000,0.06959454
205.00000000,2474.00000000,0.06958389
205.00000000,2475.00000000,0.06957322
205.00000000,2476.00000000,0.06956271
205.00000000,2477.00000000,0.06955226
205.00000000,2478.00000000,0.06954178
205.00000000,2479.00000000,0.06953145
205.00000000,2480.00000000,0.06952119
205.00000000,2481.00000000,0.06950989
205.00000000,2482.00000000,0.06949875
205.00000000,2483.00000000,0.06948766
205.00000000,2484.00000000,0.06947653
205.00000000,2485.00000000,0.06946554
205.00000000,2486.00000000,0.06945452
205.00000000,2487.00000000,0.06944363
205.00000000,2488.00000000,0.06943278
205.00000000,2489.00000000,0.06942190
205.00000000,2490.00000000,0.06941115
205.00000000,2491.00000000,0.06940044
205.00000000,2492.00000000,0.06938970
205.00000000,2493.00000000,0.06937906
205.00000000,2494.00000000,0.06936849
205.00000000,2495.00000000,0.06935786
205.00000000,2496.00000000,0.06934735
205.00000000,2497.00000000,0.06933680
205.00000000,2498.00000000,0.06932637
205.00000000,2499.00000000,0.06931598
205.00000000,2500.00000000,0.06930553
206.00000000,1765.00000000,0.04493032
206.00000000,1766.00000000,0.04493042
206.00000000,1767.00000000,0.04493043
206.00000000,1768.00000000,0.04493040
206.00000000,1769.00000000,0.04493069
206.00000000,1770.00000000,0.04493082
206.00000000,1771.00000000,0.04493121
206.00000000,1772.00000000,0.04493164
206.00000000,1773.00000000,0.04493207
206.00000000,1774.00000000,0.04493270
206.00000000,1775.00000000,0.04493336
206.00000000,1776.00000000,0.04493418
206.00000000,1777.00000000,0.04493504
206.00000000,1778.00000000,0.04493581
206.00000000,1779.00000000,0.04493693
206.00000000,1780.00000000,0.04493801
206.00000000,1781.00000000,0.04493916
206.00000000,1782.00000000,0.04494032
206.00000000,1783.00000000,0.04494157
206.00000000,1784.00000000,0.04494304
206.00000000,1785.00000000,0.04494441
206.00000000,1786.00000000,0.04494593
206.00000000,1787.00000000,0.04494742
206.00000000,1788.00000000,0.04494913
206.00000000,1789.00000000,0.04495075
206.00000000,1790.00000000,0.04495239
206.00000000,1791.00000000,0.04495419
206.00000000,1792.00000000,0.04495593
206.00000000,1793.00000000,0.04495787
206.00000000,1794.00000000,0.04495973
206.00000000,1795.00000000,0.04496158
206.00000000,1796.00000000,0.04496361
206.00000000,1797.00000000,0.04496552
206.00000000,1798.00000000,0.04496760
206.00000000,1799.00000000,0.04496968
206.00000000,1800.00000000,0.04497175
206.00000000,1801.00000000,0.04497383
206.00000000,1802.00000000,0.04497587
206.00000000,1803.00000000,0.04497801
206.00000000,1804.00000000,0.04498016
206.00000000,1805.00000000,0.04498234
206.00000000,1806.00000000,0.04498464
206.00000000,1807.00000000,0.04498682
206.00000000,1808.00000000,0.04498899
206.00000000,1809.00000000,0.04499124
206.00000000,1810.00000000,0.04499355
206.00000000,1811.00000000,0.04499576
206.00000000,1812.00000000,0.04499813
206.00000000,1813.00000000,0.04500033
206.00000000,1814.00000000,0.04500265
206.00000000,1815.00000000,0.04500502
206.00000000,1816.00000000,0.04500737
206.00000000,1817.00000000,0.04500966
206.00000000,1818.00000000,0.04501195
206.00000000,1819.00000000,0.04501428
206.00000000,1820.00000000,0.04501665
206.00000000,1821.00000000,0.04501899
206.00000000,1822.00000000,0.04502133
206.00000000,1823.00000000,0.04502364
206.00000000,1824.00000000,0.04502601
206.00000000,1825.00000000,0.04502831
206.00000000,1826.00000000,0.04503074
206.00000000,1827.00000000,0.04503291
206.00000000,1828.00000000,0.04503524
206.00000000,1829.00000000,0.04503759
206.00000000,1830.00000000,0.04503994
206.00000000,1831.00000000,0.04504220
206.00000000,1832.00000000,0.04504443
206.00000000,1833.00000000,0.04504676
206.00000000,1834.00000000,0.04504899
206.00000000,1835.00000000,0.04505125
206.00000000,1836.00000000,0.04505345
206.00000000,1837.00000000,0.04505572
206.00000000,1838.00000000,0.04505786
206.00000000,1839.00000000,0.04506007
206.00000000,1840.00000000,0.04506230
206.00000000,1841.00000000,0.04506438
206.00000000,1842.00000000,0.04506660
206.00000000,1843.00000000,0.04506879
206.00000000,1844.00000000,0.04507082
206.00000000,1845.00000000,0.04507297
206.00000000,1846.00000000,0.04507504
206.00000000,1847.00000000,0.04507702
206.00000000,1848.00000000,0.04507911
206.00000000,1849.00000000,0.04508120
206.00000000,1850.00000000,0.04508307
206.00000000,1851.00000000,0.04508502
206.00000000,1852.00000000,0.04508693
206.00000000,1853.00000000,0.04508904
206.00000000,1854.00000000,0.04509123
206.00000000,1855.00000000,0.04509346
206.00000000,1856.00000000,0.04509552
206.00000000,1857.00000000,0.04509762
206.00000000,1858.00000000,0.04509949
206.00000000,1859.00000000,0.04510138
206.00000000,1860.00000000,0.04510329
206.00000000,1861.00000000,0.04510524
206.00000000,1862.00000000,0.04510692
206.00000000,1863.00000000,0.04510828
206.00000000,1864.00000000,0.04510930
206.00000000,1865.00000000,0.04511006
206.00000000,1866.00000000,0.04511064
206.00000000,1867.00000000,0.04511107
206.00000000,1868.00000000,0.04511117
206.00000000,1869.00000000,0.04511125
206.00000000,1870.00000000,0.04511113
206.00000000,1871.00000000,0.04511089
206.00000000,1872.00000000,0.04511073
206.00000000,1873.00000000,0.04511101
206.00000000,1874.00000000,0.04511162
206.00000000,1875.00000000,0.04511237
206.00000000,1876.00000000,0.04511327
206.00000000,1877.00000000,0.04511423
206.00000000,1878.00000000,0.04511537
206.00000000,1879.00000000,0.04511655
206.00000000,1880.00000000,0.04511780
206.00000000,1881.00000000,0.04511901
206.00000000,1882.00000000,0.04512026
206.00000000,1883.00000000,0.04512115
206.00000000,1884.00000000,0.04512184
206.00000000,1885.00000000,0.04512242
206.00000000,1886.00000000,0.04512282
206.00000000,1887.00000000,0.04512310
206.00000000,1888.00000000,0.04512328
206.00000000,1889.00000000,0.04512335
206.00000000,1890.00000000,0.04512315
206.00000000,1891.00000000,0.04512277
206.00000000,1892.00000000,0.04512218
206.00000000,1893.00000000,0.04512156
206.00000000,1894.00000000,0.04512088
206.00000000,1895.00000000,0.04512023
206.00000000,1896.00000000,0.04511963
206.00000000,1897.00000000,0.04511896
206.00000000,1898.00000000,0.04511822
206.00000000,1899.00000000,0.04511733
206.00000000,1900.00000000,0.04511628
206.00000000,1901.00000000,0.04511506
206.00000000,1902.00000000,0.04511390
206.00000000,1903.00000000,0.04511277
206.00000000,1904.00000000,0.04511171
206.00000000,1905.00000000,0.04511073
206.00000000,1906.00000000,0.04510988
206.00000000,1907.00000000,0.04510917
206.00000000,1908.00000000,0.04510835
206.00000000,1909.00000000,0.04510745
206.00000000,1910.00000000,0.04510667
206.00000000,1911.00000000,0.04510564
206.00000000,1912.00000000,0.04510431
206.00000000,1913.00000000,0.04510244
206.00000000,1914.00000000,0.04509999
206.00000000,1915.00000000,0.04509714
206.00000000,1916.00000000,0.04509437
206.00000000,1917.00000000,0.04509151
206.00000000,1918.00000000,0.04508853
206.00000000,1919.00000000,0.04508561
206.00000000,1920.00000000,0.04508291
206.00000000,1921.00000000,0.04508061
206.00000000,1922.00000000,0.04507885
206.00000000,1923.00000000,0.04507749
206.00000000,1924.00000000,0.04507613
206.00000000,1925.00000000,0.04507472
206.00000000,1926.00000000,0.04507325
206.00000000,1927.00000000,0.04507174
206.00000000,1928.00000000,0.04507030
206.00000000,1929.00000000,0.04506877
206.00000000,1930.00000000,0.04506735
206.00000000,1931.00000000,0.04506651
206.00000000,1932.00000000,0.04506645
206.00000000,1933.00000000,0.04506677
206.00000000,1934.00000000,0.04506743
206.00000000,1935.00000000,0.04506800
206.00000000,1936.00000000,0.04506826
206.00000000,1937.00000000,0.04506794
206.00000000,1938.00000000,0.04506685
206.00000000,1939.00000000,0.04506524
206.00000000,1940.00000000,0.04506316
206.00000000,1941.00000000,0.04506052
206.00000000,1942.00000000,0.04505724
206.00000000,1943.00000000,0.04505349
206.00000000,1944.00000000,0.04504947
206.00000000,1945.00000000,0.04504540
206.00000000,1946.00000000,0.04504185
206.00000000,1947.00000000,0.04503930
206.00000000,1948.00000000,0.04503719
206.00000000,1949.00000000,0.04503513
206.00000000,1950.00000000,0.04503298
206.00000000,1951.00000000,0.04503072
206.00000000,1952.00000000,0.04502889
206.00000000,1953.00000000,0.04502717
206.00000000,1954.00000000,0.04502545
206.00000000,1955.00000000,0.04502387
206.00000000,1956.00000000,0.04502230
206.00000000,1957.00000000,0.04502055
206.00000000,1958.00000000,0.04501856
206.00000000,1959.00000000,0.04501619
206.00000000,1960.00000000,0.04501273
206.00000000,1961.00000000,0.04500823
206.00000000,1962.00000000,0.04500322
206.00000000,1963.00000000,0.04499768
206.00000000,1964.00000000,0.04499149
206.00000000,1965.00000000,0.04498452
206.00000000,1966.00000000,0.04497671
206.00000000,1967.00000000,0.04496815
206.00000000,1968.00000000,0.04495871
206.00000000,1969.00000000,0.04494800
206.00000000,1970.00000000,0.04493589
206.00000000,1971.00000000,0.04492184
206.00000000,1972.00000000,0.04490948
206.00000000,1973.00000000,0.04489090
206.00000000,1974.00000000,0.04487060
206.00000000,1975.00000000,0.04484935
206.00000000,1976.00000000,0.04482779
206.00000000,1977.00000000,0.04480774
206.00000000,1978.00000000,0.04478624
206.00000000,1979.00000000,0.04476451
206.00000000,1980.00000000,0.04474236
206.00000000,1981.00000000,0.04472015
206.00000000,1982.00000000,0.04469912
206.00000000,1983.00000000,0.04468049
206.00000000,1984.00000000,0.04466431
206.00000000,1985.00000000,0.04464993
206.00000000,1986.00000000,0.04463660
206.00000000,1987.00000000,0.04462523
206.00000000,1988.00000000,0.04461250
206.00000000,1989.00000000,0.04459961
206.00000000,1990.00000000,0.04458643
206.00000000,1991.00000000,0.04457301
206.00000000,1992.00000000,0.04455991
206.00000000,1993.00000000,0.04454713
206.00000000,1994.00000000,0.04453497
206.00000000,1995.00000000,0.04452326
206.00000000,1996.00000000,0.04451165
206.00000000,1997.00000000,0.04450110
206.00000000,1998.00000000,0.04448871
206.00000000,1999.00000000,0.04447623
206.00000000,2000.00000000,0.04446382
206.00000000,2001.00000000,0.04445119
206.00000000,2002.00000000,0.04443831
206.00000000,2003.00000000,0.04442678
206.00000000,2004.00000000,0.04441318
206.00000000,2005.00000000,0.04439798
206.00000000,2006.00000000,0.04438188
206.00000000,2007.00000000,0.04436207
206.00000000,2008.00000000,0.04434289
206.00000000,2009.00000000,0.04431777
206.00000000,2010.00000000,0.04429224
206.00000000,2011.00000000,0.04426523
206.00000000,2012.00000000,0.04423806
206.00000000,2013.00000000,0.04420788
206.00000000,2014.00000000,0.04417617
206.00000000,2015.00000000,0.04414288
206.00000000,2016.00000000,0.04410801
206.00000000,2017.00000000,0.04407308
206.00000000,2018.00000000,0.04403540
206.00000000,2019.00000000,0.04399634
206.00000000,2020.00000000,0.04395607
206.00000000,2021.00000000,0.04391596
206.00000000,2022.00000000,0.04387486
206.00000000,2023.00000000,0.04383284
206.00000000,2024.00000000,0.04378868
206.00000000,2025.00000000,0.04374389
206.00000000,2026.00000000,0.04369847
206.00000000,2027.00000000,0.04365249
206.00000000,2028.00000000,0.04360741
206.00000000,2029.00000000,0.04356187
206.00000000,2030.00000000,0.04351452
206.00000000,2031.00000000,0.04346814
206.00000000,2032.00000000,0.04341995
206.00000000,2033.00000000,0.04337244
206.00000000,2034.00000000,0.04332289
206.00000000,2035.00000000,0.04327254
206.00000000,2036.00000000,0.04322945
206.00000000,2037.00000000,0.04317624
206.00000000,2038.00000000,0.04312357
206.00000000,2039.00000000,0.04307155
206.00000000,2040.00000000,0.04301748
206.00000000,2041.00000000,0.04296401
206.00000000,2042.00000000,0.04291374
206.00000000,2043.00000000,0.04285732
206.00000000,2044.00000000,0.04280122
206.00000000,2045.00000000,0.04274421
206.00000000,2046.00000000,0.04268749
206.00000000,2047.00000000,0.04262857
206.00000000,2048.00000000,0.04257006
206.00000000,2049.00000000,0.04250936
206.00000000,2050.00000000,0.04244918
206.00000000,2051.00000000,0.04239084
206.00000000,2052.00000000,0.04232652
206.00000000,2053.00000000,0.04226548
206.00000000,2054.00000000,0.04220121
206.00000000,2055.00000000,0.04213893
206.00000000,2056.00000000,0.04207744
206.00000000,2057.00000000,0.04201024
206.00000000,2058.00000000,0.04194652
206.00000000,2059.00000000,0.04188105
206.00000000,2060.00000000,0.04182541
206.00000000,2061.00000000,0.04175914
206.00000000,2062.00000000,0.04169665
206.00000000,2063.00000000,0.04162925
206.00000000,2064.00000000,0.04156234
206.00000000,2065.00000000,0.04150110
206.00000000,2066.00000000,0.04144425
206.00000000,2067.00000000,0.04138296
206.00000000,2068.00000000,0.04131974
206.00000000,2069.00000000,0.04126347
206.00000000,2070.00000000,0.04120916
206.00000000,2071.00000000,0.04115426
206.00000000,2072.00000000,0.04109525
206.00000000,2073.00000000,0.04104396
206.00000000,2074.00000000,0.04098985
206.00000000,2075.00000000,0.04093963
206.00000000,2076.00000000,0.04088825
206.00000000,2077.00000000,0.04084322
206.00000000,2078.00000000,0.04080952
206.00000000,2079.00000000,0.04076949
206.00000000,2080.00000000,0.04070433
206.00000000,2081.00000000,0.04067017
206.00000000,2082.00000000,0.04062339
206.00000000,2083.00000000,0.04057785
206.00000000,2084.00000000,0.04053162
206.00000000,2085.00000000,0.04050211
206.00000000,2086.00000000,0.04048862
206.00000000,2087.00000000,0.04045277
206.00000000,2088.00000000,0.04042534
206.00000000,2089.00000000,0.04040264
206.00000000,2090.00000000,0.04036491
206.00000000,2091.00000000,0.04032693
206.00000000,2092.00000000,0.04029253
206.00000000,2093.00000000,0.04027160
206.00000000,2094.00000000,0.04027389
206.00000000,2095.00000000,0.04023824
206.00000000,2096.00000000,0.04023924
206.00000000,2097.00000000,0.04022555
206.00000000,2098.00000000,0.04019591
206.00000000,2099.00000000,0.04016006
206.00000000,2100.00000000,0.04014606
206.00000000,2101.00000000,0.04014532
206.00000000,2102.00000000,0.04013358
206.00000000,2103.00000000,0.04013286
206.00000000,2104.00000000,0.04013830
206.00000000,2105.00000000,0.04016564
206.00000000,2106.00000000,0.04017610
206.00000000,2107.00000000,0.04017688
206.00000000,2108.00000000,0.04017408
206.00000000,2109.00000000,0.04021719
206.00000000,2110.00000000,0.04020818
206.00000000,2111.00000000,0.04023889
206.00000000,2112.00000000,0.04027659
206.00000000,2113.00000000,0.04035489
206.00000000,2114.00000000,0.04030014
206.00000000,2115.00000000,0.04032930
206.00000000,2116.00000000,0.04035789
206.00000000,2117.00000000,0.04036666
206.00000000,2118.00000000,0.04040731
206.00000000,2119.00000000,0.04047373
206.00000000,2120.00000000,0.04035208
206.00000000,2121.00000000,0.04032838
206.00000000,2122.00000000,0.04039546
206.00000000,2123.00000000,0.04045236
206.00000000,2124.00000000,0.04042224
206.00000000,2125.00000000,0.04025970
206.00000000,2126.00000000,0.04040471
206.00000000,2127.00000000,0.04024486
206.00000000,2128.00000000,0.04029067
206.00000000,2129.00000000,0.04043658
206.00000000,2130.00000000,0.04042517
206.00000000,2131.00000000,0.04043722
206.00000000,2132.00000000,0.04044514
206.00000000,2133.00000000,0.04053867
206.00000000,2134.00000000,0.04054195
206.00000000,2135.00000000,0.04063777
206.00000000,2136.00000000,0.04052857
206.00000000,2137.00000000,0.04039476
206.00000000,2138.00000000,0.04028537
206.00000000,2139.00000000,0.04034271
206.00000000,2140.00000000,0.04044151
206.00000000,2141.00000000,0.04051017
206.00000000,2142.00000000,0.04063819
206.00000000,2143.00000000,0.04073837
206.00000000,2144.00000000,0.04066523
206.00000000,2145.00000000,0.04073247
206.00000000,2146.00000000,0.04086853
206.00000000,2147.00000000,0.04091964
206.00000000,2148.00000000,0.04093942
206.00000000,2149.00000000,0.04100892
206.00000000,2150.00000000,0.04101139
206.00000000,2151.00000000,0.04075883
206.00000000,2152.00000000,0.04086703
206.00000000,2153.00000000,0.04106861
206.00000000,2154.00000000,0.04118150
206.00000000,2155.00000000,0.04114618
206.00000000,2156.00000000,0.04142530
206.00000000,2157.00000000,0.04162074
206.00000000,2158.00000000,0.04168815
206.00000000,2159.00000000,0.04177875
206.00000000,2160.00000000,0.04184718
206.00000000,2161.00000000,0.04210239
206.00000000,2162.00000000,0.04230920
206.00000000,2163.00000000,0.04246738
206.00000000,2164.00000000,0.04258990
206.00000000,2165.00000000,0.04280104
206.00000000,2166.00000000,0.04299440
206.00000000,2167.00000000,0.04307301
206.00000000,2168.00000000,0.04326076
206.00000000,2169.00000000,0.04350156
206.00000000,2170.00000000,0.04375946
206.00000000,2171.00000000,0.04399240
206.00000000,2172.00000000,0.04425559
206.00000000,2173.00000000,0.04445635
206.00000000,2174.00000000,0.04474502
206.00000000,2175.00000000,0.04507845
206.00000000,2176.00000000,0.04549167
206.00000000,2177.00000000,0.04576136
206.00000000,2178.00000000,0.04604908
206.00000000,2179.00000000,0.04642140
206.00000000,2180.00000000,0.04652116
206.00000000,2181.00000000,0.04657669
206.00000000,2182.00000000,0.04699451
206.00000000,2183.00000000,0.04726665
206.00000000,2184.00000000,0.04745570
206.00000000,2185.00000000,0.04789740
206.00000000,2186.00000000,0.04793046
206.00000000,2187.00000000,0.04783173
206.00000000,2188.00000000,0.04788448
206.00000000,2189.00000000,0.04796829
206.00000000,2190.00000000,0.04829535
206.00000000,2191.00000000,0.04859294
206.00000000,2192.00000000,0.04890761
206.00000000,2193.00000000,0.04919626
206.00000000,2194.00000000,0.04957084
206.00000000,2195.00000000,0.04984156
206.00000000,2196.00000000,0.05002760
206.00000000,2197.00000000,0.05025975
206.00000000,2198.00000000,0.05023576
206.00000000,2199.00000000,0.05036539
206.00000000,2200.00000000,0.05063592
206.00000000,2201.00000000,0.05092355
206.00000000,2202.00000000,0.05122334
206.00000000,2203.00000000,0.05148919
206.00000000,2204.00000000,0.05158204
206.00000000,2205.00000000,0.05169169
206.00000000,2206.00000000,0.05203556
206.00000000,2207.00000000,0.05237598
206.00000000,2208.00000000,0.05258369
206.00000000,2209.00000000,0.05315226
206.00000000,2210.00000000,0.05378646
206.00000000,2211.00000000,0.05431473
206.00000000,2212.00000000,0.05470868
206.00000000,2213.00000000,0.05510588
206.00000000,2214.00000000,0.05550642
206.00000000,2215.00000000,0.05590995
206.00000000,2216.00000000,0.05631651
206.00000000,2217.00000000,0.05681592
206.00000000,2218.00000000,0.05731879
206.00000000,2219.00000000,0.05782516
206.00000000,2220.00000000,0.05833501
206.00000000,2221.00000000,0.05884828
206.00000000,2222.00000000,0.05936501
206.00000000,2223.00000000,0.05988516
206.00000000,2224.00000000,0.06040870
206.00000000,2225.00000000,0.06093564
206.00000000,2226.00000000,0.06146596
206.00000000,2227.00000000,0.06195911
206.00000000,2228.00000000,0.06245546
206.00000000,2229.00000000,0.06295498
206.00000000,2230.00000000,0.06345773
206.00000000,2231.00000000,0.06396370
206.00000000,2232.00000000,0.06447290
206.00000000,2233.00000000,0.06498540
206.00000000,2234.00000000,0.06550120
206.00000000,2235.00000000,0.06602032
206.00000000,2236.00000000,0.06654287
206.00000000,2237.00000000,0.06715494
206.00000000,2238.00000000,0.06777082
206.00000000,2239.00000000,0.06839058
206.00000000,2240.00000000,0.06901418
206.00000000,2241.00000000,0.06964157
206.00000000,2242.00000000,0.07027282
206.00000000,2243.00000000,0.07090786
206.00000000,2244.00000000,0.07154674
206.00000000,2245.00000000,0.07218944
206.00000000,2246.00000000,0.07283595
206.00000000,2247.00000000,0.07355044
206.00000000,2248.00000000,0.07426905
206.00000000,2249.00000000,0.07499166
206.00000000,2250.00000000,0.07571779
206.00000000,2251.00000000,0.07644639
206.00000000,2252.00000000,0.07717646
206.00000000,2253.00000000,0.07790745
206.00000000,2254.00000000,0.07863898
206.00000000,2255.00000000,0.07937092
206.00000000,2256.00000000,0.08010312
206.00000000,2257.00000000,0.08083174
206.00000000,2258.00000000,0.08156044
206.00000000,2259.00000000,0.08228911
206.00000000,2260.00000000,0.08301767
206.00000000,2261.00000000,0.08374615
206.00000000,2262.00000000,0.08447454
206.00000000,2263.00000000,0.08520280
206.00000000,2264.00000000,0.08593097
206.00000000,2265.00000000,0.08665896
206.00000000,2266.00000000,0.08738666
206.00000000,2267.00000000,0.08796826
206.00000000,2268.00000000,0.08854891
206.00000000,2269.00000000,0.08912865
206.00000000,2270.00000000,0.08970744
206.00000000,2271.00000000,0.09028523
206.00000000,2272.00000000,0.09086207
206.00000000,2273.00000000,0.09143791
206.00000000,2274.00000000,0.09201268
206.00000000,2275.00000000,0.09258641
206.00000000,2276.00000000,0.09315903
206.00000000,2277.00000000,0.09359702
206.00000000,2278.00000000,0.09403343
206.00000000,2279.00000000,0.09446819
206.00000000,2280.00000000,0.09490140
206.00000000,2281.00000000,0.09533302
206.00000000,2282.00000000,0.09576302
206.00000000,2283.00000000,0.09619147
206.00000000,2284.00000000,0.09661836
206.00000000,2285.00000000,0.09704360
206.00000000,2286.00000000,0.09746730
206.00000000,2287.00000000,0.09781396
206.00000000,2288.00000000,0.09815876
206.00000000,2289.00000000,0.09850177
206.00000000,2290.00000000,0.09884294
206.00000000,2291.00000000,0.09918236
206.00000000,2292.00000000,0.09952001
206.00000000,2293.00000000,0.09985583
206.00000000,2294.00000000,0.10018995
206.00000000,2295.00000000,0.10052231
206.00000000,2296.00000000,0.10085283
206.00000000,2297.00000000,0.10110309
206.00000000,2298.00000000,0.10135137
206.00000000,2299.00000000,0.10159765
206.00000000,2300.00000000,0.10184205
206.00000000,2301.00000000,0.10208452
206.00000000,2302.00000000,0.10232505
206.00000000,2303.00000000,0.10256372
206.00000000,2304.00000000,0.10280046
206.00000000,2305.00000000,0.10303538
206.00000000,2306.00000000,0.10326841
206.00000000,2307.00000000,0.10343872
206.00000000,2308.00000000,0.10360711
206.00000000,2309.00000000,0.10377350
206.00000000,2310.00000000,0.10393789
206.00000000,2311.00000000,0.10410041
206.00000000,2312.00000000,0.10426099
206.00000000,2313.00000000,0.10441963
206.00000000,2314.00000000,0.10457645
206.00000000,2315.00000000,0.10473133
206.00000000,2316.00000000,0.10488443
206.00000000,2317.00000000,0.10503569
206.00000000,2318.00000000,0.10518507
206.00000000,2319.00000000,0.10533268
206.00000000,2320.00000000,0.10547851
206.00000000,2321.00000000,0.10562248
206.00000000,2322.00000000,0.10576474
206.00000000,2323.00000000,0.10590522
206.00000000,2324.00000000,0.10604388
206.00000000,2325.00000000,0.10618086
206.00000000,2326.00000000,0.10631609
206.00000000,2327.00000000,0.10644949
206.00000000,2328.00000000,0.10658126
206.00000000,2329.00000000,0.10671122
206.00000000,2330.00000000,0.10683954
206.00000000,2331.00000000,0.10696615
206.00000000,2332.00000000,0.10709096
206.00000000,2333.00000000,0.10721415
206.00000000,2334.00000000,0.10733565
206.00000000,2335.00000000,0.10745535
206.00000000,2336.00000000,0.10757345
206.00000000,2337.00000000,0.10768986
206.00000000,2338.00000000,0.10780448
206.00000000,2339.00000000,0.10791750
206.00000000,2340.00000000,0.10802871
206.00000000,2341.00000000,0.10813835
206.00000000,2342.00000000,0.10824630
206.00000000,2343.00000000,0.10835245
206.00000000,2344.00000000,0.10845700
206.00000000,2345.00000000,0.10855985
206.00000000,2346.00000000,0.10866091
206.00000000,2347.00000000,0.10876034
206.00000000,2348.00000000,0.10885806
206.00000000,2349.00000000,0.10895397
206.00000000,2350.00000000,0.10904824
206.00000000,2351.00000000,0.10914069
206.00000000,2352.00000000,0.10923147
206.00000000,2353.00000000,0.10932049
206.00000000,2354.00000000,0.10940764
206.00000000,2355.00000000,0.10949305
206.00000000,2356.00000000,0.10957657
206.00000000,2357.00000000,0.10923454
206.00000000,2358.00000000,0.10889021
206.00000000,2359.00000000,0.10854355
206.00000000,2360.00000000,0.10819453
206.00000000,2361.00000000,0.10784336
206.00000000,2362.00000000,0.10749000
206.00000000,2363.00000000,0.10713443
206.00000000,2364.00000000,0.10677683
206.00000000,2365.00000000,0.10641709
206.00000000,2366.00000000,0.10605541
206.00000000,2367.00000000,0.10569175
206.00000000,2368.00000000,0.10532609
206.00000000,2369.00000000,0.10495860
206.00000000,2370.00000000,0.10458926
206.00000000,2371.00000000,0.10421805
206.00000000,2372.00000000,0.10384510
206.00000000,2373.00000000,0.10347041
206.00000000,2374.00000000,0.10309394
206.00000000,2375.00000000,0.10271588
206.00000000,2376.00000000,0.10233609
206.00000000,2377.00000000,0.10195476
206.00000000,2378.00000000,0.10157186
206.00000000,2379.00000000,0.10118737
206.00000000,2380.00000000,0.10080142
206.00000000,2381.00000000,0.10041399
206.00000000,2382.00000000,0.10002506
206.00000000,2383.00000000,0.09963476
206.00000000,2384.00000000,0.09924308
206.00000000,2385.00000000,0.09884998
206.00000000,2386.00000000,0.09845561
206.00000000,2387.00000000,0.09805993
206.00000000,2388.00000000,0.09766293
206.00000000,2389.00000000,0.09726473
206.00000000,2390.00000000,0.09686526
206.00000000,2391.00000000,0.09646465
206.00000000,2392.00000000,0.09606287
206.00000000,2393.00000000,0.09565990
206.00000000,2394.00000000,0.09525586
206.00000000,2395.00000000,0.09485074
206.00000000,2396.00000000,0.09444447
206.00000000,2397.00000000,0.09403724
206.00000000,2398.00000000,0.09362898
206.00000000,2399.00000000,0.09321966
206.00000000,2400.00000000,0.09280942
206.00000000,2401.00000000,0.09239818
206.00000000,2402.00000000,0.09198607
206.00000000,2403.00000000,0.09157305
206.00000000,2404.00000000,0.09115910
206.00000000,2405.00000000,0.09074433
206.00000000,2406.00000000,0.09032875
206.00000000,2407.00000000,0.08991227
206.00000000,2408.00000000,0.08949505
206.00000000,2409.00000000,0.08907707
206.00000000,2410.00000000,0.08865826
206.00000000,2411.00000000,0.08823878
206.00000000,2412.00000000,0.08781856
206.00000000,2413.00000000,0.08739759
206.00000000,2414.00000000,0.08697600
206.00000000,2415.00000000,0.08655368
206.00000000,2416.00000000,0.08613076
206.00000000,2417.00000000,0.08570723
206.00000000,2418.00000000,0.08528302
206.00000000,2419.00000000,0.08485828
206.00000000,2420.00000000,0.08443297
206.00000000,2421.00000000,0.08400702
206.00000000,2422.00000000,0.08358060
206.00000000,2423.00000000,0.08315364
206.00000000,2424.00000000,0.08272612
206.00000000,2425.00000000,0.08229815
206.00000000,2426.00000000,0.08186966
206.00000000,2427.00000000,0.08144075
206.00000000,2428.00000000,0.08101141
206.00000000,2429.00000000,0.08058158
206.00000000,2430.00000000,0.08015138
206.00000000,2431.00000000,0.07972078
206.00000000,2432.00000000,0.07928974
206.00000000,2433.00000000,0.07885838
206.00000000,2434.00000000,0.07842668
206.00000000,2435.00000000,0.07799455
206.00000000,2436.00000000,0.07756217
206.00000000,2437.00000000,0.07712942
206.00000000,2438.00000000,0.07669642
206.00000000,2439.00000000,0.07626314
206.00000000,2440.00000000,0.07582952
206.00000000,2441.00000000,0.07539572
206.00000000,2442.00000000,0.07496168
206.00000000,2443.00000000,0.07452732
206.00000000,2444.00000000,0.07409283
206.00000000,2445.00000000,0.07365814
206.00000000,2446.00000000,0.07322318
206.00000000,2447.00000000,0.07278813
206.00000000,2448.00000000,0.07235291
206.00000000,2449.00000000,0.07191748
206.00000000,2450.00000000,0.07148198
206.00000000,2451.00000000,0.07104630
206.00000000,2452.00000000,0.07061059
206.00000000,2453.00000000,0.07017483
206.00000000,2454.00000000,0.06973898
206.00000000,2455.00000000,0.06939472
206.00000000,2456.00000000,0.06931994
206.00000000,2457.00000000,0.06931884
206.00000000,2458.00000000,0.06931794
206.00000000,2459.00000000,0.06931714
206.00000000,2460.00000000,0.06931639
206.00000000,2461.00000000,0.06931582
206.00000000,2462.00000000,0.06932682
206.00000000,2463.00000000,0.06933800
206.00000000,2464.00000000,0.06934929
206.00000000,2465.00000000,0.06936060
206.00000000,2466.00000000,0.06937208
206.00000000,2467.00000000,0.06936082
206.00000000,2468.00000000,0.06934959
206.00000000,2469.00000000,0.06933851
206.00000000,2470.00000000,0.06932749
206.00000000,2471.00000000,0.06931649
206.00000000,2472.00000000,0.06930564
206.00000000,2473.00000000,0.06929486
206.00000000,2474.00000000,0.06928406
206.00000000,2475.00000000,0.06927341
206.00000000,2476.00000000,0.06926276
206.00000000,2477.00000000,0.06925225
206.00000000,2478.00000000,0.06924180
206.00000000,2479.00000000,0.06923134
206.00000000,2480.00000000,0.06922101
206.00000000,2481.00000000,0.06921075
206.00000000,2482.00000000,0.06919947
206.00000000,2483.00000000,0.06918833
206.00000000,2484.00000000,0.06917724
206.00000000,2485.00000000,0.06916612
206.00000000,2486.00000000,0.06915515
206.00000000,2487.00000000,0.06914413
206.00000000,2488.00000000,0.06913324
206.00000000,2489.00000000,0.06912241
206.00000000,2490.00000000,0.06911154
206.00000000,2491.00000000,0.06910080
206.00000000,2492.00000000,0.06909009
206.00000000,2493.00000000,0.06907935
206.00000000,2494.00000000,0.06906873
206.00000000,2495.00000000,0.06905816
206.00000000,2496.00000000,0.06904753
206.00000000,2497.00000000,0.06903703
206.00000000,2498.00000000,0.06902649
206.00000000,2499.00000000,0.06901606
206.00000000,2500.00000000,0.06900566
207.00000000,1765.00000000,0.04467304
207.00000000,1766.00000000,0.04467298
207.00000000,1767.00000000,0.04467312
207.00000000,1768.00000000,0.04467318
207.00000000,1769.00000000,0.04467322
207.00000000,1770.00000000,0.04467358
207.00000000,1771.00000000,0.04467380
207.00000000,1772.00000000,0.04467427
207.00000000,1773.00000000,0.04467478
207.00000000,1774.00000000,0.04467530
207.00000000,1775.00000000,0.04467602
207.00000000,1776.00000000,0.04467675
207.00000000,1777.00000000,0.04467765
207.00000000,1778.00000000,0.04467860
207.00000000,1779.00000000,0.04467944
207.00000000,1780.00000000,0.04468064
207.00000000,1781.00000000,0.04468178
207.00000000,1782.00000000,0.04468300
207.00000000,1783.00000000,0.04468421
207.00000000,1784.00000000,0.04468552
207.00000000,1785.00000000,0.04468705
207.00000000,1786.00000000,0.04468847
207.00000000,1787.00000000,0.04469004
207.00000000,1788.00000000,0.04469157
207.00000000,1789.00000000,0.04469333
207.00000000,1790.00000000,0.04469498
207.00000000,1791.00000000,0.04469667
207.00000000,1792.00000000,0.04469850
207.00000000,1793.00000000,0.04470027
207.00000000,1794.00000000,0.04470224
207.00000000,1795.00000000,0.04470413
207.00000000,1796.00000000,0.04470600
207.00000000,1797.00000000,0.04470806
207.00000000,1798.00000000,0.04470998
207.00000000,1799.00000000,0.04471208
207.00000000,1800.00000000,0.04471418
207.00000000,1801.00000000,0.04471626
207.00000000,1802.00000000,0.04471835
207.00000000,1803.00000000,0.04472040
207.00000000,1804.00000000,0.04472254
207.00000000,1805.00000000,0.04472470
207.00000000,1806.00000000,0.04472689
207.00000000,1807.00000000,0.04472919
207.00000000,1808.00000000,0.04473138
207.00000000,1809.00000000,0.04473355
207.00000000,1810.00000000,0.04473579
207.00000000,1811.00000000,0.04473812
207.00000000,1812.00000000,0.04474032
207.00000000,1813.00000000,0.04474268
207.00000000,1814.00000000,0.04474489
207.00000000,1815.00000000,0.04474720
207.00000000,1816.00000000,0.04474957
207.00000000,1817.00000000,0.04475190
207.00000000,1818.00000000,0.04475418
207.00000000,1819.00000000,0.04475646
207.00000000,1820.00000000,0.04475878
207.00000000,1821.00000000,0.04476114
207.00000000,1822.00000000,0.04476347
207.00000000,1823.00000000,0.04476579
207.00000000,1824.00000000,0.04476809
207.00000000,1825.00000000,0.04477044
207.00000000,1826.00000000,0.04477273
207.00000000,1827.00000000,0.04477514
207.00000000,1828.00000000,0.04477730
207.00000000,1829.00000000,0.04477961
207.00000000,1830.00000000,0.04478193
207.00000000,1831.00000000,0.04478425
207.00000000,1832.00000000,0.04478649
207.00000000,1833.00000000,0.04478870
207.00000000,1834.00000000,0.04479099
207.00000000,1835.00000000,0.04479321
207.00000000,1836.00000000,0.04479545
207.00000000,1837.00000000,0.04479762
207.00000000,1838.00000000,0.04479986
207.00000000,1839.00000000,0.04480197
207.00000000,1840.00000000,0.04480416
207.00000000,1841.00000000,0.04480635
207.00000000,1842.00000000,0.04480841
207.00000000,1843.00000000,0.04481060
207.00000000,1844.00000000,0.04481276
207.00000000,1845.00000000,0.04481476
207.00000000,1846.00000000,0.04481687
207.00000000,1847.00000000,0.04481891
207.00000000,1848.00000000,0.04482086
207.00000000,1849.00000000,0.04482292
207.00000000,1850.00000000,0.04482497
207.00000000,1851.00000000,0.04482679
207.00000000,1852.00000000,0.04482869
207.00000000,1853.00000000,0.04483079
207.00000000,1854.00000000,0.04483297
207.00000000,1855.00000000,0.04483512
207.00000000,1856.00000000,0.04483727
207.00000000,1857.00000000,0.04483925
207.00000000,1858.00000000,0.04484129
207.00000000,1859.00000000,0.04484310
207.00000000,1860.00000000,0.04484495
207.00000000,1861.00000000,0.04484680
207.00000000,1862.00000000,0.04484863
207.00000000,1863.00000000,0.04484990
207.00000000,1864.00000000,0.04485093
207.00000000,1865.00000000,0.04485170
207.00000000,1866.00000000,0.04485225
207.00000000,1867.00000000,0.04485264
207.00000000,1868.00000000,0.04485290
207.00000000,1869.00000000,0.04485283
207.00000000,1870.00000000,0.04485275
207.00000000,1871.00000000,0.04485253
207.00000000,1872.00000000,0.04485236
207.00000000,1873.00000000,0.04485262
207.00000000,1874.00000000,0.04485320
207.00000000,1875.00000000,0.04485400
207.00000000,1876.00000000,0.04485489
207.00000000,1877.00000000,0.04485590
207.00000000,1878.00000000,0.04485694
207.00000000,1879.00000000,0.04485816
207.00000000,1880.00000000,0.04485935
207.00000000,1881.00000000,0.04486059
207.00000000,1882.00000000,0.04486181
207.00000000,1883.00000000,0.04486276
207.00000000,1884.00000000,0.04486341
207.00000000,1885.00000000,0.04486392
207.00000000,1886.00000000,0.04486439
207.00000000,1887.00000000,0.04486469
207.00000000,1888.00000000,0.04486485
207.00000000,1889.00000000,0.04486486
207.00000000,1890.00000000,0.04486473
207.00000000,1891.00000000,0.04486433
207.00000000,1892.00000000,0.04486375
207.00000000,1893.00000000,0.04486309
207.00000000,1894.00000000,0.04486245
207.00000000,1895.00000000,0.04486182
207.00000000,1896.00000000,0.04486118
207.00000000,1897.00000000,0.04486054
207.00000000,1898.00000000,0.04485980
207.00000000,1899.00000000,0.04485893
207.00000000,1900.00000000,0.04485785
207.00000000,1901.00000000,0.04485664
207.00000000,1902.00000000,0.04485550
207.00000000,1903.00000000,0.04485438
207.00000000,1904.00000000,0.04485332
207.00000000,1905.00000000,0.04485236
207.00000000,1906.00000000,0.04485152
207.00000000,1907.00000000,0.04485074
207.00000000,1908.00000000,0.04484998
207.00000000,1909.00000000,0.04484912
207.00000000,1910.00000000,0.04484823
207.00000000,1911.00000000,0.04484735
207.00000000,1912.00000000,0.04484594
207.00000000,1913.00000000,0.04484407
207.00000000,1914.00000000,0.04484164
207.00000000,1915.00000000,0.04483891
207.00000000,1916.00000000,0.04483602
207.00000000,1917.00000000,0.04483323
207.00000000,1918.00000000,0.04483026
207.00000000,1919.00000000,0.04482732
207.00000000,1920.00000000,0.04482470
207.00000000,1921.00000000,0.04482238
207.00000000,1922.00000000,0.04482062
207.00000000,1923.00000000,0.04481925
207.00000000,1924.00000000,0.04481796
207.00000000,1925.00000000,0.04481651
207.00000000,1926.00000000,0.04481503
207.00000000,1927.00000000,0.04481354
207.00000000,1928.00000000,0.04481209
207.00000000,1929.00000000,0.04481060
207.00000000,1930.00000000,0.04480917
207.00000000,1931.00000000,0.04480835
207.00000000,1932.00000000,0.04480825
207.00000000,1933.00000000,0.04480859
207.00000000,1934.00000000,0.04480921
207.00000000,1935.00000000,0.04480981
207.00000000,1936.00000000,0.04481004
207.00000000,1937.00000000,0.04480973
207.00000000,1938.00000000,0.04480864
207.00000000,1939.00000000,0.04480701
207.00000000,1940.00000000,0.04480497
207.00000000,1941.00000000,0.04480231
207.00000000,1942.00000000,0.04479902
207.00000000,1943.00000000,0.04479535
207.00000000,1944.00000000,0.04479128
207.00000000,1945.00000000,0.04478723
207.00000000,1946.00000000,0.04478373
207.00000000,1947.00000000,0.04478115
207.00000000,1948.00000000,0.04477907
207.00000000,1949.00000000,0.04477697
207.00000000,1950.00000000,0.04477484
207.00000000,1951.00000000,0.04477259
207.00000000,1952.00000000,0.04477074
207.00000000,1953.00000000,0.04476902
207.00000000,1954.00000000,0.04476728
207.00000000,1955.00000000,0.04476570
207.00000000,1956.00000000,0.04476412
207.00000000,1957.00000000,0.04476236
207.00000000,1958.00000000,0.04476033
207.00000000,1959.00000000,0.04475798
207.00000000,1960.00000000,0.04475450
207.00000000,1961.00000000,0.04475002
207.00000000,1962.00000000,0.04474499
207.00000000,1963.00000000,0.04473944
207.00000000,1964.00000000,0.04473327
207.00000000,1965.00000000,0.04472629
207.00000000,1966.00000000,0.04471849
207.00000000,1967.00000000,0.04470992
207.00000000,1968.00000000,0.04470048
207.00000000,1969.00000000,0.04468979
207.00000000,1970.00000000,0.04467767
207.00000000,1971.00000000,0.04466364
207.00000000,1972.00000000,0.04464720
207.00000000,1973.00000000,0.04463278
207.00000000,1974.00000000,0.04461254
207.00000000,1975.00000000,0.04459129
207.00000000,1976.00000000,0.04456983
207.00000000,1977.00000000,0.04454843
207.00000000,1978.00000000,0.04452834
207.00000000,1979.00000000,0.04450671
207.00000000,1980.00000000,0.04448465
207.00000000,1981.00000000,0.04446246
207.00000000,1982.00000000,0.04444150
207.00000000,1983.00000000,0.04442295
207.00000000,1984.00000000,0.04440676
207.00000000,1985.00000000,0.04439245
207.00000000,1986.00000000,0.04437916
207.00000000,1987.00000000,0.04436636
207.00000000,1988.00000000,0.04435508
207.00000000,1989.00000000,0.04434220
207.00000000,1990.00000000,0.04432902
207.00000000,1991.00000000,0.04431570
207.00000000,1992.00000000,0.04430260
207.00000000,1993.00000000,0.04428982
207.00000000,1994.00000000,0.04427771
207.00000000,1995.00000000,0.04426605
207.00000000,1996.00000000,0.04425443
207.00000000,1997.00000000,0.04424253
207.00000000,1998.00000000,0.04423155
207.00000000,1999.00000000,0.04421909
207.00000000,2000.00000000,0.04420670
207.00000000,2001.00000000,0.04419415
207.00000000,2002.00000000,0.04418124
207.00000000,2003.00000000,0.04416839
207.00000000,2004.00000000,0.04415622
207.00000000,2005.00000000,0.04414109
207.00000000,2006.00000000,0.04412363
207.00000000,2007.00000000,0.04410529
207.00000000,2008.00000000,0.04408347
207.00000000,2009.00000000,0.04406250
207.00000000,2010.00000000,0.04403581
207.00000000,2011.00000000,0.04400883
207.00000000,2012.00000000,0.04398042
207.00000000,2013.00000000,0.04395182
207.00000000,2014.00000000,0.04392020
207.00000000,2015.00000000,0.04388707
207.00000000,2016.00000000,0.04385241
207.00000000,2017.00000000,0.04381626
207.00000000,2018.00000000,0.04378010
207.00000000,2019.00000000,0.04374128
207.00000000,2020.00000000,0.04370117
207.00000000,2021.00000000,0.04365995
207.00000000,2022.00000000,0.04361901
207.00000000,2023.00000000,0.04357722
207.00000000,2024.00000000,0.04353464
207.00000000,2025.00000000,0.04349003
207.00000000,2026.00000000,0.04344487
207.00000000,2027.00000000,0.04339915
207.00000000,2028.00000000,0.04335292
207.00000000,2029.00000000,0.04330761
207.00000000,2030.00000000,0.04326189
207.00000000,2031.00000000,0.04321437
207.00000000,2032.00000000,0.04316774
207.00000000,2033.00000000,0.04311917
207.00000000,2034.00000000,0.04307118
207.00000000,2035.00000000,0.04302111
207.00000000,2036.00000000,0.04297024
207.00000000,2037.00000000,0.04292657
207.00000000,2038.00000000,0.04287289
207.00000000,2039.00000000,0.04281975
207.00000000,2040.00000000,0.04276728
207.00000000,2041.00000000,0.04271279
207.00000000,2042.00000000,0.04265881
207.00000000,2043.00000000,0.04260792
207.00000000,2044.00000000,0.04255084
207.00000000,2045.00000000,0.04249407
207.00000000,2046.00000000,0.04243638
207.00000000,2047.00000000,0.04237901
207.00000000,2048.00000000,0.04231950
207.00000000,2049.00000000,0.04226043
207.00000000,2050.00000000,0.04219922
207.00000000,2051.00000000,0.04213857
207.00000000,2052.00000000,0.04207980
207.00000000,2053.00000000,0.04201513
207.00000000,2054.00000000,0.04195377
207.00000000,2055.00000000,0.04188925
207.00000000,2056.00000000,0.04182674
207.00000000,2057.00000000,0.04176505
207.00000000,2058.00000000,0.04169772
207.00000000,2059.00000000,0.04163387
207.00000000,2060.00000000,0.04156832
207.00000000,2061.00000000,0.04151262
207.00000000,2062.00000000,0.04144664
207.00000000,2063.00000000,0.04138473
207.00000000,2064.00000000,0.04131814
207.00000000,2065.00000000,0.04125215
207.00000000,2066.00000000,0.04119184
207.00000000,2067.00000000,0.04113593
207.00000000,2068.00000000,0.04107560
207.00000000,2069.00000000,0.04101336
207.00000000,2070.00000000,0.04095798
207.00000000,2071.00000000,0.04090458
207.00000000,2072.00000000,0.04085078
207.00000000,2073.00000000,0.04079312
207.00000000,2074.00000000,0.04074322
207.00000000,2075.00000000,0.04069059
207.00000000,2076.00000000,0.04064183
207.00000000,2077.00000000,0.04059190
207.00000000,2078.00000000,0.04054822
207.00000000,2079.00000000,0.04051574
207.00000000,2080.00000000,0.04047693
207.00000000,2081.00000000,0.04041314
207.00000000,2082.00000000,0.04038017
207.00000000,2083.00000000,0.04033477
207.00000000,2084.00000000,0.04029064
207.00000000,2085.00000000,0.04024582
207.00000000,2086.00000000,0.04021755
207.00000000,2087.00000000,0.04020516
207.00000000,2088.00000000,0.04017051
207.00000000,2089.00000000,0.04014417
207.00000000,2090.00000000,0.04012248
207.00000000,2091.00000000,0.04008585
207.00000000,2092.00000000,0.04004907
207.00000000,2093.00000000,0.04001591
207.00000000,2094.00000000,0.03999618
207.00000000,2095.00000000,0.03999950
207.00000000,2096.00000000,0.03996514
207.00000000,2097.00000000,0.03996713
207.00000000,2098.00000000,0.03995448
207.00000000,2099.00000000,0.03992595
207.00000000,2100.00000000,0.03989121
207.00000000,2101.00000000,0.03987817
207.00000000,2102.00000000,0.03987838
207.00000000,2103.00000000,0.03986774
207.00000000,2104.00000000,0.03986808
207.00000000,2105.00000000,0.03987454
207.00000000,2106.00000000,0.03990273
207.00000000,2107.00000000,0.03991412
207.00000000,2108.00000000,0.03991587
207.00000000,2109.00000000,0.03991401
207.00000000,2110.00000000,0.03995774
207.00000000,2111.00000000,0.03994963
207.00000000,2112.00000000,0.03998096
207.00000000,2113.00000000,0.04001920
207.00000000,2114.00000000,0.04009775
207.00000000,2115.00000000,0.04004407
207.00000000,2116.00000000,0.04007373
207.00000000,2117.00000000,0.04010281
207.00000000,2118.00000000,0.04011215
207.00000000,2119.00000000,0.04015316
207.00000000,2120.00000000,0.04021976
207.00000000,2121.00000000,0.04009944
207.00000000,2122.00000000,0.04007644
207.00000000,2123.00000000,0.04014364
207.00000000,2124.00000000,0.04020070
207.00000000,2125.00000000,0.04017127
207.00000000,2126.00000000,0.04001023
207.00000000,2127.00000000,0.04015484
207.00000000,2128.00000000,0.03999645
207.00000000,2129.00000000,0.04004245
207.00000000,2130.00000000,0.04018793
207.00000000,2131.00000000,0.04017703
207.00000000,2132.00000000,0.04018945
207.00000000,2133.00000000,0.04019776
207.00000000,2134.00000000,0.04029115
207.00000000,2135.00000000,0.04029483
207.00000000,2136.00000000,0.04039047
207.00000000,2137.00000000,0.04028234
207.00000000,2138.00000000,0.04014973
207.00000000,2139.00000000,0.04004139
207.00000000,2140.00000000,0.04009876
207.00000000,2141.00000000,0.04019734
207.00000000,2142.00000000,0.04026595
207.00000000,2143.00000000,0.04039357
207.00000000,2144.00000000,0.04049350
207.00000000,2145.00000000,0.04042116
207.00000000,2146.00000000,0.04048836
207.00000000,2147.00000000,0.04062395
207.00000000,2148.00000000,0.04067510
207.00000000,2149.00000000,0.04069511
207.00000000,2150.00000000,0.04076454
207.00000000,2151.00000000,0.04076755
207.00000000,2152.00000000,0.04051767
207.00000000,2153.00000000,0.04062697
207.00000000,2154.00000000,0.04082941
207.00000000,2155.00000000,0.04094380
207.00000000,2156.00000000,0.04091088
207.00000000,2157.00000000,0.04119057
207.00000000,2158.00000000,0.04138705
207.00000000,2159.00000000,0.04145616
207.00000000,2160.00000000,0.04154828
207.00000000,2161.00000000,0.04161828
207.00000000,2162.00000000,0.04187400
207.00000000,2163.00000000,0.04208154
207.00000000,2164.00000000,0.04224066
207.00000000,2165.00000000,0.04236426
207.00000000,2166.00000000,0.04257597
207.00000000,2167.00000000,0.04276996
207.00000000,2168.00000000,0.04284976
207.00000000,2169.00000000,0.04303809
207.00000000,2170.00000000,0.04327916
207.00000000,2171.00000000,0.04353723
207.00000000,2172.00000000,0.04377045
207.00000000,2173.00000000,0.04403373
207.00000000,2174.00000000,0.04423488
207.00000000,2175.00000000,0.04452346
207.00000000,2176.00000000,0.04485658
207.00000000,2177.00000000,0.04526909
207.00000000,2178.00000000,0.04553875
207.00000000,2179.00000000,0.04582634
207.00000000,2180.00000000,0.04619811
207.00000000,2181.00000000,0.04629861
207.00000000,2182.00000000,0.04635509
207.00000000,2183.00000000,0.04677211
207.00000000,2184.00000000,0.04704414
207.00000000,2185.00000000,0.04723345
207.00000000,2186.00000000,0.04767423
207.00000000,2187.00000000,0.04770826
207.00000000,2188.00000000,0.04761109
207.00000000,2189.00000000,0.04766467
207.00000000,2190.00000000,0.04774916
207.00000000,2191.00000000,0.04807579
207.00000000,2192.00000000,0.04837307
207.00000000,2193.00000000,0.04868736
207.00000000,2194.00000000,0.04897574
207.00000000,2195.00000000,0.04934966
207.00000000,2196.00000000,0.04962019
207.00000000,2197.00000000,0.04980641
207.00000000,2198.00000000,0.05003852
207.00000000,2199.00000000,0.05001562
207.00000000,2200.00000000,0.05014567
207.00000000,2201.00000000,0.05041598
207.00000000,2202.00000000,0.05070332
207.00000000,2203.00000000,0.05100277
207.00000000,2204.00000000,0.05126843
207.00000000,2205.00000000,0.05136183
207.00000000,2206.00000000,0.05147196
207.00000000,2207.00000000,0.05181530
207.00000000,2208.00000000,0.05215521
207.00000000,2209.00000000,0.05236298
207.00000000,2210.00000000,0.05293009
207.00000000,2211.00000000,0.05356258
207.00000000,2212.00000000,0.05408958
207.00000000,2213.00000000,0.05448283
207.00000000,2214.00000000,0.05487933
207.00000000,2215.00000000,0.05527917
207.00000000,2216.00000000,0.05568198
207.00000000,2217.00000000,0.05608781
207.00000000,2218.00000000,0.05658614
207.00000000,2219.00000000,0.05708791
207.00000000,2220.00000000,0.05759319
207.00000000,2221.00000000,0.05810193
207.00000000,2222.00000000,0.05861410
207.00000000,2223.00000000,0.05912973
207.00000000,2224.00000000,0.05964878
207.00000000,2225.00000000,0.06017121
207.00000000,2226.00000000,0.06069704
207.00000000,2227.00000000,0.06122625
207.00000000,2228.00000000,0.06171844
207.00000000,2229.00000000,0.06221384
207.00000000,2230.00000000,0.06271241
207.00000000,2231.00000000,0.06321420
207.00000000,2232.00000000,0.06371921
207.00000000,2233.00000000,0.06422745
207.00000000,2234.00000000,0.06473899
207.00000000,2235.00000000,0.06525383
207.00000000,2236.00000000,0.06577199
207.00000000,2237.00000000,0.06629358
207.00000000,2238.00000000,0.06690436
207.00000000,2239.00000000,0.06751896
207.00000000,2240.00000000,0.06813744
207.00000000,2241.00000000,0.06875976
207.00000000,2242.00000000,0.06938587
207.00000000,2243.00000000,0.07001584
207.00000000,2244.00000000,0.07064960
207.00000000,2245.00000000,0.07128720
207.00000000,2246.00000000,0.07192863
207.00000000,2247.00000000,0.07257387
207.00000000,2248.00000000,0.07328686
207.00000000,2249.00000000,0.07400389
207.00000000,2250.00000000,0.07472443
207.00000000,2251.00000000,0.07544753
207.00000000,2252.00000000,0.07617218
207.00000000,2253.00000000,0.07689776
207.00000000,2254.00000000,0.07762402
207.00000000,2255.00000000,0.07835071
207.00000000,2256.00000000,0.07907778
207.00000000,2257.00000000,0.07980507
207.00000000,2258.00000000,0.08052879
207.00000000,2259.00000000,0.08125260
207.00000000,2260.00000000,0.08197643
207.00000000,2261.00000000,0.08270019
207.00000000,2262.00000000,0.08342398
207.00000000,2263.00000000,0.08414777
207.00000000,2264.00000000,0.08487150
207.00000000,2265.00000000,0.08559519
207.00000000,2266.00000000,0.08631874
207.00000000,2267.00000000,0.08704204
207.00000000,2268.00000000,0.08761986
207.00000000,2269.00000000,0.08819676
207.00000000,2270.00000000,0.08877280
207.00000000,2271.00000000,0.08934793
207.00000000,2272.00000000,0.08992209
207.00000000,2273.00000000,0.09049534
207.00000000,2274.00000000,0.09106763
207.00000000,2275.00000000,0.09163887
207.00000000,2276.00000000,0.09220912
207.00000000,2277.00000000,0.09277829
207.00000000,2278.00000000,0.09321342
207.00000000,2279.00000000,0.09364701
207.00000000,2280.00000000,0.09407898
207.00000000,2281.00000000,0.09450943
207.00000000,2282.00000000,0.09493833
207.00000000,2283.00000000,0.09536564
207.00000000,2284.00000000,0.09579144
207.00000000,2285.00000000,0.09621570
207.00000000,2286.00000000,0.09663836
207.00000000,2287.00000000,0.09705950
207.00000000,2288.00000000,0.09740394
207.00000000,2289.00000000,0.09774655
207.00000000,2290.00000000,0.09808741
207.00000000,2291.00000000,0.09842645
207.00000000,2292.00000000,0.09876378
207.00000000,2293.00000000,0.09909935
207.00000000,2294.00000000,0.09943314
207.00000000,2295.00000000,0.09976523
207.00000000,2296.00000000,0.10009560
207.00000000,2297.00000000,0.10042417
207.00000000,2298.00000000,0.10067281
207.00000000,2299.00000000,0.10091952
207.00000000,2300.00000000,0.10116423
207.00000000,2301.00000000,0.10140709
207.00000000,2302.00000000,0.10164806
207.00000000,2303.00000000,0.10188707
207.00000000,2304.00000000,0.10212427
207.00000000,2305.00000000,0.10235954
207.00000000,2306.00000000,0.10259301
207.00000000,2307.00000000,0.10282464
207.00000000,2308.00000000,0.10299381
207.00000000,2309.00000000,0.10316106
207.00000000,2310.00000000,0.10332637
207.00000000,2311.00000000,0.10348968
207.00000000,2312.00000000,0.10365113
207.00000000,2313.00000000,0.10381070
207.00000000,2314.00000000,0.10396832
207.00000000,2315.00000000,0.10412412
207.00000000,2316.00000000,0.10427803
207.00000000,2317.00000000,0.10443017
207.00000000,2318.00000000,0.10458047
207.00000000,2319.00000000,0.10472891
207.00000000,2320.00000000,0.10487563
207.00000000,2321.00000000,0.10502056
207.00000000,2322.00000000,0.10516364
207.00000000,2323.00000000,0.10530503
207.00000000,2324.00000000,0.10544468
207.00000000,2325.00000000,0.10558250
207.00000000,2326.00000000,0.10571864
207.00000000,2327.00000000,0.10585307
207.00000000,2328.00000000,0.10598569
207.00000000,2329.00000000,0.10611668
207.00000000,2330.00000000,0.10624587
207.00000000,2331.00000000,0.10637344
207.00000000,2332.00000000,0.10649930
207.00000000,2333.00000000,0.10662338
207.00000000,2334.00000000,0.10674586
207.00000000,2335.00000000,0.10686666
207.00000000,2336.00000000,0.10698567
207.00000000,2337.00000000,0.10710310
207.00000000,2338.00000000,0.10721883
207.00000000,2339.00000000,0.10733278
207.00000000,2340.00000000,0.10744516
207.00000000,2341.00000000,0.10755576
207.00000000,2342.00000000,0.10766478
207.00000000,2343.00000000,0.10777211
207.00000000,2344.00000000,0.10787767
207.00000000,2345.00000000,0.10798163
207.00000000,2346.00000000,0.10808390
207.00000000,2347.00000000,0.10818439
207.00000000,2348.00000000,0.10828327
207.00000000,2349.00000000,0.10838044
207.00000000,2350.00000000,0.10847582
207.00000000,2351.00000000,0.10856956
207.00000000,2352.00000000,0.10866149
207.00000000,2353.00000000,0.10875177
207.00000000,2354.00000000,0.10884030
207.00000000,2355.00000000,0.10892697
207.00000000,2356.00000000,0.10901191
207.00000000,2357.00000000,0.10909497
207.00000000,2358.00000000,0.10875435
207.00000000,2359.00000000,0.10841145
207.00000000,2360.00000000,0.10806623
207.00000000,2361.00000000,0.10771866
207.00000000,2362.00000000,0.10736895
207.00000000,2363.00000000,0.10701706
207.00000000,2364.00000000,0.10666297
207.00000000,2365.00000000,0.10630687
207.00000000,2366.00000000,0.10594864
207.00000000,2367.00000000,0.10558848
207.00000000,2368.00000000,0.10522635
207.00000000,2369.00000000,0.10486223
207.00000000,2370.00000000,0.10449629
207.00000000,2371.00000000,0.10412850
207.00000000,2372.00000000,0.10375885
207.00000000,2373.00000000,0.10338749
207.00000000,2374.00000000,0.10301438
207.00000000,2375.00000000,0.10263950
207.00000000,2376.00000000,0.10226305
207.00000000,2377.00000000,0.10188487
207.00000000,2378.00000000,0.10150516
207.00000000,2379.00000000,0.10112389
207.00000000,2380.00000000,0.10074103
207.00000000,2381.00000000,0.10035672
207.00000000,2382.00000000,0.09997094
207.00000000,2383.00000000,0.09958367
207.00000000,2384.00000000,0.09919504
207.00000000,2385.00000000,0.09880503
207.00000000,2386.00000000,0.09841361
207.00000000,2387.00000000,0.09802092
207.00000000,2388.00000000,0.09762694
207.00000000,2389.00000000,0.09723163
207.00000000,2390.00000000,0.09683514
207.00000000,2391.00000000,0.09643738
207.00000000,2392.00000000,0.09603849
207.00000000,2393.00000000,0.09563844
207.00000000,2394.00000000,0.09523718
207.00000000,2395.00000000,0.09483489
207.00000000,2396.00000000,0.09443150
207.00000000,2397.00000000,0.09402699
207.00000000,2398.00000000,0.09362150
207.00000000,2399.00000000,0.09321500
207.00000000,2400.00000000,0.09280743
207.00000000,2401.00000000,0.09239897
207.00000000,2402.00000000,0.09198949
207.00000000,2403.00000000,0.09157916
207.00000000,2404.00000000,0.09116792
207.00000000,2405.00000000,0.09075576
207.00000000,2406.00000000,0.09034280
207.00000000,2407.00000000,0.08992900
207.00000000,2408.00000000,0.08951433
207.00000000,2409.00000000,0.08909893
207.00000000,2410.00000000,0.08868274
207.00000000,2411.00000000,0.08826574
207.00000000,2412.00000000,0.08784808
207.00000000,2413.00000000,0.08742969
207.00000000,2414.00000000,0.08701054
207.00000000,2415.00000000,0.08659077
207.00000000,2416.00000000,0.08617027
207.00000000,2417.00000000,0.08574920
207.00000000,2418.00000000,0.08532751
207.00000000,2419.00000000,0.08490514
207.00000000,2420.00000000,0.08448223
207.00000000,2421.00000000,0.08405876
207.00000000,2422.00000000,0.08363466
207.00000000,2423.00000000,0.08321009
207.00000000,2424.00000000,0.08278500
207.00000000,2425.00000000,0.08235932
207.00000000,2426.00000000,0.08193322
207.00000000,2427.00000000,0.08150658
207.00000000,2428.00000000,0.08107955
207.00000000,2429.00000000,0.08065207
207.00000000,2430.00000000,0.08022409
207.00000000,2431.00000000,0.07979576
207.00000000,2432.00000000,0.07936704
207.00000000,2433.00000000,0.07893786
207.00000000,2434.00000000,0.07850838
207.00000000,2435.00000000,0.07807855
207.00000000,2436.00000000,0.07764832
207.00000000,2437.00000000,0.07721782
207.00000000,2438.00000000,0.07678693
207.00000000,2439.00000000,0.07635582
207.00000000,2440.00000000,0.07592444
207.00000000,2441.00000000,0.07549271
207.00000000,2442.00000000,0.07506079
207.00000000,2443.00000000,0.07462863
207.00000000,2444.00000000,0.07419617
207.00000000,2445.00000000,0.07376357
207.00000000,2446.00000000,0.07333078
207.00000000,2447.00000000,0.07289771
207.00000000,2448.00000000,0.07246456
207.00000000,2449.00000000,0.07203123
207.00000000,2450.00000000,0.07159770
207.00000000,2451.00000000,0.07116410
207.00000000,2452.00000000,0.07073032
207.00000000,2453.00000000,0.07029651
207.00000000,2454.00000000,0.06986265
207.00000000,2455.00000000,0.06942868
207.00000000,2456.00000000,0.06908592
207.00000000,2457.00000000,0.06901144
207.00000000,2458.00000000,0.06901030
207.00000000,2459.00000000,0.06900936
207.00000000,2460.00000000,0.06900854
207.00000000,2461.00000000,0.06900774
207.00000000,2462.00000000,0.06900713
207.00000000,2463.00000000,0.06901804
207.00000000,2464.00000000,0.06902914
207.00000000,2465.00000000,0.06904034
207.00000000,2466.00000000,0.06905155
207.00000000,2467.00000000,0.06906294
207.00000000,2468.00000000,0.06905170
207.00000000,2469.00000000,0.06904047
207.00000000,2470.00000000,0.06902939
207.00000000,2471.00000000,0.06901840
207.00000000,2472.00000000,0.06900739
207.00000000,2473.00000000,0.06899655
207.00000000,2474.00000000,0.06898578
207.00000000,2475.00000000,0.06897499
207.00000000,2476.00000000,0.06896436
207.00000000,2477.00000000,0.06895370
207.00000000,2478.00000000,0.06894320
207.00000000,2479.00000000,0.06893275
207.00000000,2480.00000000,0.06892230
207.00000000,2481.00000000,0.06891197
207.00000000,2482.00000000,0.06890171
207.00000000,2483.00000000,0.06889045
207.00000000,2484.00000000,0.06887932
207.00000000,2485.00000000,0.06886824
207.00000000,2486.00000000,0.06885713
207.00000000,2487.00000000,0.06884616
207.00000000,2488.00000000,0.06883516
207.00000000,2489.00000000,0.06882428
207.00000000,2490.00000000,0.06881344
207.00000000,2491.00000000,0.06880258
207.00000000,2492.00000000,0.06879184
207.00000000,2493.00000000,0.06878115
207.00000000,2494.00000000,0.06877041
207.00000000,2495.00000000,0.06875980
207.00000000,2496.00000000,0.06874923
207.00000000,2497.00000000,0.06873861
207.00000000,2498.00000000,0.06872812
207.00000000,2499.00000000,0.06871758
207.00000000,2500.00000000,0.06870715
208.00000000,1765.00000000,0.04441731
208.00000000,1766.00000000,0.04441718
208.00000000,1767.00000000,0.04441715
208.00000000,1768.00000000,0.04441734
208.00000000,1769.00000000,0.04441747
208.00000000,1770.00000000,0.04441759
208.00000000,1771.00000000,0.04441803
208.00000000,1772.00000000,0.04441833
208.00000000,1773.00000000,0.04441889
208.00000000,1774.00000000,0.04441948
208.00000000,1775.00000000,0.04442008
208.00000000,1776.00000000,0.04442088
208.00000000,1777.00000000,0.04442169
208.00000000,1778.00000000,0.04442268
208.00000000,1779.00000000,0.04442369
208.00000000,1780.00000000,0.04442461
208.00000000,1781.00000000,0.04442588
208.00000000,1782.00000000,0.04442708
208.00000000,1783.00000000,0.04442836
208.00000000,1784.00000000,0.04442963
208.00000000,1785.00000000,0.04443100
208.00000000,1786.00000000,0.04443257
208.00000000,1787.00000000,0.04443405
208.00000000,1788.00000000,0.04443566
208.00000000,1789.00000000,0.04443724
208.00000000,1790.00000000,0.04443903
208.00000000,1791.00000000,0.04444073
208.00000000,1792.00000000,0.04444245
208.00000000,1793.00000000,0.04444430
208.00000000,1794.00000000,0.04444611
208.00000000,1795.00000000,0.04444810
208.00000000,1796.00000000,0.04445002
208.00000000,1797.00000000,0.04445191
208.00000000,1798.00000000,0.04445399
208.00000000,1799.00000000,0.04445593
208.00000000,1800.00000000,0.04445805
208.00000000,1801.00000000,0.04446015
208.00000000,1802.00000000,0.04446224
208.00000000,1803.00000000,0.04446434
208.00000000,1804.00000000,0.04446640
208.00000000,1805.00000000,0.04446855
208.00000000,1806.00000000,0.04447071
208.00000000,1807.00000000,0.04447290
208.00000000,1808.00000000,0.04447521
208.00000000,1809.00000000,0.04447740
208.00000000,1810.00000000,0.04447957
208.00000000,1811.00000000,0.04448183
208.00000000,1812.00000000,0.04448415
208.00000000,1813.00000000,0.04448634
208.00000000,1814.00000000,0.04448870
208.00000000,1815.00000000,0.04449090
208.00000000,1816.00000000,0.04449321
208.00000000,1817.00000000,0.04449557
208.00000000,1818.00000000,0.04449788
208.00000000,1819.00000000,0.04450015
208.00000000,1820.00000000,0.04450242
208.00000000,1821.00000000,0.04450473
208.00000000,1822.00000000,0.04450708
208.00000000,1823.00000000,0.04450940
208.00000000,1824.00000000,0.04451170
208.00000000,1825.00000000,0.04451399
208.00000000,1826.00000000,0.04451632
208.00000000,1827.00000000,0.04451859
208.00000000,1828.00000000,0.04452098
208.00000000,1829.00000000,0.04452313
208.00000000,1830.00000000,0.04452542
208.00000000,1831.00000000,0.04452772
208.00000000,1832.00000000,0.04453001
208.00000000,1833.00000000,0.04453222
208.00000000,1834.00000000,0.04453440
208.00000000,1835.00000000,0.04453668
208.00000000,1836.00000000,0.04453887
208.00000000,1837.00000000,0.04454108
208.00000000,1838.00000000,0.04454323
208.00000000,1839.00000000,0.04454544
208.00000000,1840.00000000,0.04454752
208.00000000,1841.00000000,0.04454968
208.00000000,1842.00000000,0.04455185
208.00000000,1843.00000000,0.04455388
208.00000000,1844.00000000,0.04455604
208.00000000,1845.00000000,0.04455816
208.00000000,1846.00000000,0.04456013
208.00000000,1847.00000000,0.04456221
208.00000000,1848.00000000,0.04456422
208.00000000,1849.00000000,0.04456614
208.00000000,1850.00000000,0.04456816
208.00000000,1851.00000000,0.04457016
208.00000000,1852.00000000,0.04457193
208.00000000,1853.00000000,0.04457401
208.00000000,1854.00000000,0.04457619
208.00000000,1855.00000000,0.04457834
208.00000000,1856.00000000,0.04458040
208.00000000,1857.00000000,0.04458247
208.00000000,1858.00000000,0.04458439
208.00000000,1859.00000000,0.04458638
208.00000000,1860.00000000,0.04458814
208.00000000,1861.00000000,0.04458993
208.00000000,1862.00000000,0.04459165
208.00000000,1863.00000000,0.04459308
208.00000000,1864.00000000,0.04459403
208.00000000,1865.00000000,0.04459482
208.00000000,1866.00000000,0.04459537
208.00000000,1867.00000000,0.04459573
208.00000000,1868.00000000,0.04459595
208.00000000,1869.00000000,0.04459604
208.00000000,1870.00000000,0.04459582
208.00000000,1871.00000000,0.04459564
208.00000000,1872.00000000,0.04459549
208.00000000,1873.00000000,0.04459574
208.00000000,1874.00000000,0.04459629
208.00000000,1875.00000000,0.04459705
208.00000000,1876.00000000,0.04459800
208.00000000,1877.00000000,0.04459900
208.00000000,1878.00000000,0.04460009
208.00000000,1879.00000000,0.04460120
208.00000000,1880.00000000,0.04460243
208.00000000,1881.00000000,0.04460362
208.00000000,1882.00000000,0.04460486
208.00000000,1883.00000000,0.04460578
208.00000000,1884.00000000,0.04460650
208.00000000,1885.00000000,0.04460698
208.00000000,1886.00000000,0.04460737
208.00000000,1887.00000000,0.04460774
208.00000000,1888.00000000,0.04460792
208.00000000,1889.00000000,0.04460791
208.00000000,1890.00000000,0.04460773
208.00000000,1891.00000000,0.04460740
208.00000000,1892.00000000,0.04460680
208.00000000,1893.00000000,0.04460614
208.00000000,1894.00000000,0.04460546
208.00000000,1895.00000000,0.04460487
208.00000000,1896.00000000,0.04460425
208.00000000,1897.00000000,0.04460358
208.00000000,1898.00000000,0.04460286
208.00000000,1899.00000000,0.04460200
208.00000000,1900.00000000,0.04460094
208.00000000,1901.00000000,0.04459971
208.00000000,1902.00000000,0.04459857
208.00000000,1903.00000000,0.04459747
208.00000000,1904.00000000,0.04459642
208.00000000,1905.00000000,0.04459546
208.00000000,1906.00000000,0.04459464
208.00000000,1907.00000000,0.04459387
208.00000000,1908.00000000,0.04459304
208.00000000,1909.00000000,0.04459224
208.00000000,1910.00000000,0.04459138
208.00000000,1911.00000000,0.04459040
208.00000000,1912.00000000,0.04458914
208.00000000,1913.00000000,0.04458719
208.00000000,1914.00000000,0.04458476
208.00000000,1915.00000000,0.04458205
208.00000000,1916.00000000,0.04457929
208.00000000,1917.00000000,0.04457638
208.00000000,1918.00000000,0.04457349
208.00000000,1919.00000000,0.04457054
208.00000000,1920.00000000,0.04456790
208.00000000,1921.00000000,0.04456567
208.00000000,1922.00000000,0.04456389
208.00000000,1923.00000000,0.04456251
208.00000000,1924.00000000,0.04456120
208.00000000,1925.00000000,0.04455982
208.00000000,1926.00000000,0.04455831
208.00000000,1927.00000000,0.04455681
208.00000000,1928.00000000,0.04455538
208.00000000,1929.00000000,0.04455388
208.00000000,1930.00000000,0.04455249
208.00000000,1931.00000000,0.04455165
208.00000000,1932.00000000,0.04455157
208.00000000,1933.00000000,0.04455187
208.00000000,1934.00000000,0.04455251
208.00000000,1935.00000000,0.04455307
208.00000000,1936.00000000,0.04455333
208.00000000,1937.00000000,0.04455299
208.00000000,1938.00000000,0.04455191
208.00000000,1939.00000000,0.04455029
208.00000000,1940.00000000,0.04454824
208.00000000,1941.00000000,0.04454562
208.00000000,1942.00000000,0.04454231
208.00000000,1943.00000000,0.04453863
208.00000000,1944.00000000,0.04453465
208.00000000,1945.00000000,0.04453055
208.00000000,1946.00000000,0.04452706
208.00000000,1947.00000000,0.04452452
208.00000000,1948.00000000,0.04452241
208.00000000,1949.00000000,0.04452034
208.00000000,1950.00000000,0.04451817
208.00000000,1951.00000000,0.04451594
208.00000000,1952.00000000,0.04451410
208.00000000,1953.00000000,0.04451236
208.00000000,1954.00000000,0.04451062
208.00000000,1955.00000000,0.04450902
208.00000000,1956.00000000,0.04450744
208.00000000,1957.00000000,0.04450568
208.00000000,1958.00000000,0.04450364
208.00000000,1959.00000000,0.04450125
208.00000000,1960.00000000,0.04449779
208.00000000,1961.00000000,0.04449330
208.00000000,1962.00000000,0.04448829
208.00000000,1963.00000000,0.04448273
208.00000000,1964.00000000,0.04447655
208.00000000,1965.00000000,0.04446959
208.00000000,1966.00000000,0.04446178
208.00000000,1967.00000000,0.04445323
208.00000000,1968.00000000,0.04444379
208.00000000,1969.00000000,0.04443311
208.00000000,1970.00000000,0.04442101
208.00000000,1971.00000000,0.04440699
208.00000000,1972.00000000,0.04439058
208.00000000,1973.00000000,0.04437210
208.00000000,1974.00000000,0.04435602
208.00000000,1975.00000000,0.04433484
208.00000000,1976.00000000,0.04431338
208.00000000,1977.00000000,0.04429209
208.00000000,1978.00000000,0.04427064
208.00000000,1979.00000000,0.04425042
208.00000000,1980.00000000,0.04422846
208.00000000,1981.00000000,0.04420638
208.00000000,1982.00000000,0.04418540
208.00000000,1983.00000000,0.04416692
208.00000000,1984.00000000,0.04415084
208.00000000,1985.00000000,0.04413648
208.00000000,1986.00000000,0.04412325
208.00000000,1987.00000000,0.04411047
208.00000000,1988.00000000,0.04409778
208.00000000,1989.00000000,0.04408635
208.00000000,1990.00000000,0.04407318
208.00000000,1991.00000000,0.04405985
208.00000000,1992.00000000,0.04404685
208.00000000,1993.00000000,0.04403409
208.00000000,1994.00000000,0.04402195
208.00000000,1995.00000000,0.04401034
208.00000000,1996.00000000,0.04399877
208.00000000,1997.00000000,0.04398687
208.00000000,1998.00000000,0.04397455
208.00000000,1999.00000000,0.04396349
208.00000000,2000.00000000,0.04395112
208.00000000,2001.00000000,0.04393859
208.00000000,2002.00000000,0.04392577
208.00000000,2003.00000000,0.04391290
208.00000000,2004.00000000,0.04389941
208.00000000,2005.00000000,0.04388569
208.00000000,2006.00000000,0.04386833
208.00000000,2007.00000000,0.04384865
208.00000000,2008.00000000,0.04382831
208.00000000,2009.00000000,0.04380473
208.00000000,2010.00000000,0.04378217
208.00000000,2011.00000000,0.04375404
208.00000000,2012.00000000,0.04372569
208.00000000,2013.00000000,0.04369586
208.00000000,2014.00000000,0.04366580
208.00000000,2015.00000000,0.04363278
208.00000000,2016.00000000,0.04359829
208.00000000,2017.00000000,0.04356235
208.00000000,2018.00000000,0.04352499
208.00000000,2019.00000000,0.04348769
208.00000000,2020.00000000,0.04344783
208.00000000,2021.00000000,0.04340677
208.00000000,2022.00000000,0.04336472
208.00000000,2023.00000000,0.04332310
208.00000000,2024.00000000,0.04328076
208.00000000,2025.00000000,0.04323773
208.00000000,2026.00000000,0.04319276
208.00000000,2027.00000000,0.04314729
208.00000000,2028.00000000,0.04310131
208.00000000,2029.00000000,0.04305487
208.00000000,2030.00000000,0.04300939
208.00000000,2031.00000000,0.04296348
208.00000000,2032.00000000,0.04291572
208.00000000,2033.00000000,0.04286869
208.00000000,2034.00000000,0.04281966
208.00000000,2035.00000000,0.04277115
208.00000000,2036.00000000,0.04272057
208.00000000,2037.00000000,0.04266918
208.00000000,2038.00000000,0.04262498
208.00000000,2039.00000000,0.04257083
208.00000000,2040.00000000,0.04251727
208.00000000,2041.00000000,0.04246438
208.00000000,2042.00000000,0.04240939
208.00000000,2043.00000000,0.04235480
208.00000000,2044.00000000,0.04230322
208.00000000,2045.00000000,0.04224547
208.00000000,2046.00000000,0.04218804
208.00000000,2047.00000000,0.04212972
208.00000000,2048.00000000,0.04207175
208.00000000,2049.00000000,0.04201169
208.00000000,2050.00000000,0.04195210
208.00000000,2051.00000000,0.04189044
208.00000000,2052.00000000,0.04182938
208.00000000,2053.00000000,0.04177024
208.00000000,2054.00000000,0.04170528
208.00000000,2055.00000000,0.04164365
208.00000000,2056.00000000,0.04157891
208.00000000,2057.00000000,0.04151621
208.00000000,2058.00000000,0.04145435
208.00000000,2059.00000000,0.04138693
208.00000000,2060.00000000,0.04132299
208.00000000,2061.00000000,0.04125746
208.00000000,2062.00000000,0.04120197
208.00000000,2063.00000000,0.04113660
208.00000000,2064.00000000,0.04107544
208.00000000,2065.00000000,0.04100976
208.00000000,2066.00000000,0.04094475
208.00000000,2067.00000000,0.04088541
208.00000000,2068.00000000,0.04083041
208.00000000,2069.00000000,0.04077103
208.00000000,2070.00000000,0.04070970
208.00000000,2071.00000000,0.04065526
208.00000000,2072.00000000,0.04060293
208.00000000,2073.00000000,0.04055043
208.00000000,2074.00000000,0.04049422
208.00000000,2075.00000000,0.04044578
208.00000000,2076.00000000,0.04039461
208.00000000,2077.00000000,0.04034727
208.00000000,2078.00000000,0.04029872
208.00000000,2079.00000000,0.04025633
208.00000000,2080.00000000,0.04022499
208.00000000,2081.00000000,0.04018735
208.00000000,2082.00000000,0.04012498
208.00000000,2083.00000000,0.04009330
208.00000000,2084.00000000,0.04004930
208.00000000,2085.00000000,0.04000653
208.00000000,2086.00000000,0.03996306
208.00000000,2087.00000000,0.03993598
208.00000000,2088.00000000,0.03992463
208.00000000,2089.00000000,0.03989111
208.00000000,2090.00000000,0.03986580
208.00000000,2091.00000000,0.03984511
208.00000000,2092.00000000,0.03980966
208.00000000,2093.00000000,0.03977413
208.00000000,2094.00000000,0.03974225
208.00000000,2095.00000000,0.03972369
208.00000000,2096.00000000,0.03972802
208.00000000,2097.00000000,0.03969487
208.00000000,2098.00000000,0.03969780
208.00000000,2099.00000000,0.03968614
208.00000000,2100.00000000,0.03965866
208.00000000,2101.00000000,0.03962501
208.00000000,2102.00000000,0.03961300
208.00000000,2103.00000000,0.03961424
208.00000000,2104.00000000,0.03960472
208.00000000,2105.00000000,0.03960611
208.00000000,2106.00000000,0.03961354
208.00000000,2107.00000000,0.03964255
208.00000000,2108.00000000,0.03965482
208.00000000,2109.00000000,0.03965747
208.00000000,2110.00000000,0.03965652
208.00000000,2111.00000000,0.03970080
208.00000000,2112.00000000,0.03969356
208.00000000,2113.00000000,0.03972546
208.00000000,2114.00000000,0.03976419
208.00000000,2115.00000000,0.03984296
208.00000000,2116.00000000,0.03979030
208.00000000,2117.00000000,0.03982043
208.00000000,2118.00000000,0.03984996
208.00000000,2119.00000000,0.03985986
208.00000000,2120.00000000,0.03990120
208.00000000,2121.00000000,0.03996795
208.00000000,2122.00000000,0.03984894
208.00000000,2123.00000000,0.03982661
208.00000000,2124.00000000,0.03989391
208.00000000,2125.00000000,0.03995112
208.00000000,2126.00000000,0.03992237
208.00000000,2127.00000000,0.03976280
208.00000000,2128.00000000,0.03990699
208.00000000,2129.00000000,0.03975006
208.00000000,2130.00000000,0.03979622
208.00000000,2131.00000000,0.03994126
208.00000000,2132.00000000,0.03993087
208.00000000,2133.00000000,0.03994364
208.00000000,2134.00000000,0.03995233
208.00000000,2135.00000000,0.04004555
208.00000000,2136.00000000,0.04004962
208.00000000,2137.00000000,0.04014508
208.00000000,2138.00000000,0.04003800
208.00000000,2139.00000000,0.03990657
208.00000000,2140.00000000,0.03979927
208.00000000,2141.00000000,0.03985667
208.00000000,2142.00000000,0.03995502
208.00000000,2143.00000000,0.04002358
208.00000000,2144.00000000,0.04015079
208.00000000,2145.00000000,0.04025048
208.00000000,2146.00000000,0.04017892
208.00000000,2147.00000000,0.04024606
208.00000000,2148.00000000,0.04038119
208.00000000,2149.00000000,0.04043238
208.00000000,2150.00000000,0.04045261
208.00000000,2151.00000000,0.04052218
208.00000000,2152.00000000,0.04052634
208.00000000,2153.00000000,0.04027967
208.00000000,2154.00000000,0.04039035
208.00000000,2155.00000000,0.04059375
208.00000000,2156.00000000,0.04070966
208.00000000,2157.00000000,0.04067906
208.00000000,2158.00000000,0.04095929
208.00000000,2159.00000000,0.04115673
208.00000000,2160.00000000,0.04122747
208.00000000,2161.00000000,0.04132102
208.00000000,2162.00000000,0.04139252
208.00000000,2163.00000000,0.04164868
208.00000000,2164.00000000,0.04185688
208.00000000,2165.00000000,0.04201687
208.00000000,2166.00000000,0.04214149
208.00000000,2167.00000000,0.04235372
208.00000000,2168.00000000,0.04254829
208.00000000,2169.00000000,0.04262922
208.00000000,2170.00000000,0.04281808
208.00000000,2171.00000000,0.04305939
208.00000000,2172.00000000,0.04331759
208.00000000,2173.00000000,0.04355103
208.00000000,2174.00000000,0.04381436
208.00000000,2175.00000000,0.04401585
208.00000000,2176.00000000,0.04430434
208.00000000,2177.00000000,0.04463712
208.00000000,2178.00000000,0.04504888
208.00000000,2179.00000000,0.04531849
208.00000000,2180.00000000,0.04560593
208.00000000,2181.00000000,0.04597713
208.00000000,2182.00000000,0.04607835
208.00000000,2183.00000000,0.04613573
208.00000000,2184.00000000,0.04655193
208.00000000,2185.00000000,0.04682382
208.00000000,2186.00000000,0.04701338
208.00000000,2187.00000000,0.04745322
208.00000000,2188.00000000,0.04748819
208.00000000,2189.00000000,0.04739255
208.00000000,2190.00000000,0.04744694
208.00000000,2191.00000000,0.04753209
208.00000000,2192.00000000,0.04785827
208.00000000,2193.00000000,0.04815524
208.00000000,2194.00000000,0.04846913
208.00000000,2195.00000000,0.04875722
208.00000000,2196.00000000,0.04913049
208.00000000,2197.00000000,0.04940081
208.00000000,2198.00000000,0.04958719
208.00000000,2199.00000000,0.04981927
208.00000000,2200.00000000,0.04979744
208.00000000,2201.00000000,0.04992787
208.00000000,2202.00000000,0.05019797
208.00000000,2203.00000000,0.05048501
208.00000000,2204.00000000,0.05078412
208.00000000,2205.00000000,0.05104958
208.00000000,2206.00000000,0.05114351
208.00000000,2207.00000000,0.05125410
208.00000000,2208.00000000,0.05159691
208.00000000,2209.00000000,0.05193631
208.00000000,2210.00000000,0.05214412
208.00000000,2211.00000000,0.05270979
208.00000000,2212.00000000,0.05334056
208.00000000,2213.00000000,0.05386631
208.00000000,2214.00000000,0.05425886
208.00000000,2215.00000000,0.05465466
208.00000000,2216.00000000,0.05505378
208.00000000,2217.00000000,0.05545588
208.00000000,2218.00000000,0.05586099
208.00000000,2219.00000000,0.05635823
208.00000000,2220.00000000,0.05685892
208.00000000,2221.00000000,0.05736310
208.00000000,2222.00000000,0.05787075
208.00000000,2223.00000000,0.05838182
208.00000000,2224.00000000,0.05889635
208.00000000,2225.00000000,0.05941430
208.00000000,2226.00000000,0.05993562
208.00000000,2227.00000000,0.06046036
208.00000000,2228.00000000,0.06098846
208.00000000,2229.00000000,0.06147970
208.00000000,2230.00000000,0.06197415
208.00000000,2231.00000000,0.06247176
208.00000000,2232.00000000,0.06297260
208.00000000,2233.00000000,0.06347666
208.00000000,2234.00000000,0.06398394
208.00000000,2235.00000000,0.06449452
208.00000000,2236.00000000,0.06500841
208.00000000,2237.00000000,0.06552561
208.00000000,2238.00000000,0.06604625
208.00000000,2239.00000000,0.06665576
208.00000000,2240.00000000,0.06726908
208.00000000,2241.00000000,0.06788629
208.00000000,2242.00000000,0.06850733
208.00000000,2243.00000000,0.06913217
208.00000000,2244.00000000,0.06976087
208.00000000,2245.00000000,0.07039336
208.00000000,2246.00000000,0.07102969
208.00000000,2247.00000000,0.07166987
208.00000000,2248.00000000,0.07231384
208.00000000,2249.00000000,0.07302525
208.00000000,2250.00000000,0.07374024
208.00000000,2251.00000000,0.07445776
208.00000000,2252.00000000,0.07517694
208.00000000,2253.00000000,0.07589715
208.00000000,2254.00000000,0.07661806
208.00000000,2255.00000000,0.07733953
208.00000000,2256.00000000,0.07806139
208.00000000,2257.00000000,0.07878359
208.00000000,2258.00000000,0.07950602
208.00000000,2259.00000000,0.08022490
208.00000000,2260.00000000,0.08094391
208.00000000,2261.00000000,0.08166298
208.00000000,2262.00000000,0.08238209
208.00000000,2263.00000000,0.08310133
208.00000000,2264.00000000,0.08382063
208.00000000,2265.00000000,0.08453992
208.00000000,2266.00000000,0.08525921
208.00000000,2267.00000000,0.08597840
208.00000000,2268.00000000,0.08669737
208.00000000,2269.00000000,0.08727148
208.00000000,2270.00000000,0.08784470
208.00000000,2271.00000000,0.08841710
208.00000000,2272.00000000,0.08898863
208.00000000,2273.00000000,0.08955922
208.00000000,2274.00000000,0.09012895
208.00000000,2275.00000000,0.09069774
208.00000000,2276.00000000,0.09126552
208.00000000,2277.00000000,0.09183235
208.00000000,2278.00000000,0.09239812
208.00000000,2279.00000000,0.09283044
208.00000000,2280.00000000,0.09326125
208.00000000,2281.00000000,0.09369049
208.00000000,2282.00000000,0.09411823
208.00000000,2283.00000000,0.09454446
208.00000000,2284.00000000,0.09496913
208.00000000,2285.00000000,0.09539232
208.00000000,2286.00000000,0.09581400
208.00000000,2287.00000000,0.09623411
208.00000000,2288.00000000,0.09665272
208.00000000,2289.00000000,0.09699500
208.00000000,2290.00000000,0.09733545
208.00000000,2291.00000000,0.09767419
208.00000000,2292.00000000,0.09801115
208.00000000,2293.00000000,0.09834641
208.00000000,2294.00000000,0.09867995
208.00000000,2295.00000000,0.09901172
208.00000000,2296.00000000,0.09934184
208.00000000,2297.00000000,0.09967023
208.00000000,2298.00000000,0.09999686
208.00000000,2299.00000000,0.10024394
208.00000000,2300.00000000,0.10048908
208.00000000,2301.00000000,0.10073227
208.00000000,2302.00000000,0.10097361
208.00000000,2303.00000000,0.10121307
208.00000000,2304.00000000,0.10145061
208.00000000,2305.00000000,0.10168634
208.00000000,2306.00000000,0.10192017
208.00000000,2307.00000000,0.10215223
208.00000000,2308.00000000,0.10238244
208.00000000,2309.00000000,0.10255050
208.00000000,2310.00000000,0.10271666
208.00000000,2311.00000000,0.10288088
208.00000000,2312.00000000,0.10304314
208.00000000,2313.00000000,0.10320356
208.00000000,2314.00000000,0.10336209
208.00000000,2315.00000000,0.10351871
208.00000000,2316.00000000,0.10367355
208.00000000,2317.00000000,0.10382650
208.00000000,2318.00000000,0.10397767
208.00000000,2319.00000000,0.10412706
208.00000000,2320.00000000,0.10427459
208.00000000,2321.00000000,0.10442040
208.00000000,2322.00000000,0.10456443
208.00000000,2323.00000000,0.10470666
208.00000000,2324.00000000,0.10484720
208.00000000,2325.00000000,0.10498600
208.00000000,2326.00000000,0.10512299
208.00000000,2327.00000000,0.10525833
208.00000000,2328.00000000,0.10539197
208.00000000,2329.00000000,0.10552381
208.00000000,2330.00000000,0.10565403
208.00000000,2331.00000000,0.10578245
208.00000000,2332.00000000,0.10590928
208.00000000,2333.00000000,0.10603442
208.00000000,2334.00000000,0.10615778
208.00000000,2335.00000000,0.10627956
208.00000000,2336.00000000,0.10639966
208.00000000,2337.00000000,0.10651798
208.00000000,2338.00000000,0.10663473
208.00000000,2339.00000000,0.10674982
208.00000000,2340.00000000,0.10686313
208.00000000,2341.00000000,0.10697487
208.00000000,2342.00000000,0.10708484
208.00000000,2343.00000000,0.10719325
208.00000000,2344.00000000,0.10729998
208.00000000,2345.00000000,0.10740494
208.00000000,2346.00000000,0.10750832
208.00000000,2347.00000000,0.10761002
208.00000000,2348.00000000,0.10770995
208.00000000,2349.00000000,0.10780827
208.00000000,2350.00000000,0.10790489
208.00000000,2351.00000000,0.10799975
208.00000000,2352.00000000,0.10809296
208.00000000,2353.00000000,0.10818440
208.00000000,2354.00000000,0.10827418
208.00000000,2355.00000000,0.10836223
208.00000000,2356.00000000,0.10844843
208.00000000,2357.00000000,0.10853290
208.00000000,2358.00000000,0.10861551
208.00000000,2359.00000000,0.10827629
208.00000000,2360.00000000,0.10793481
208.00000000,2361.00000000,0.10759103
208.00000000,2362.00000000,0.10724490
208.00000000,2363.00000000,0.10689665
208.00000000,2364.00000000,0.10654623
208.00000000,2365.00000000,0.10619362
208.00000000,2366.00000000,0.10583900
208.00000000,2367.00000000,0.10548229
208.00000000,2368.00000000,0.10512363
208.00000000,2369.00000000,0.10476303
208.00000000,2370.00000000,0.10440044
208.00000000,2371.00000000,0.10403604
208.00000000,2372.00000000,0.10366981
208.00000000,2373.00000000,0.10330172
208.00000000,2374.00000000,0.10293192
208.00000000,2375.00000000,0.10256039
208.00000000,2376.00000000,0.10218710
208.00000000,2377.00000000,0.10181224
208.00000000,2378.00000000,0.10143567
208.00000000,2379.00000000,0.10105758
208.00000000,2380.00000000,0.10067792
208.00000000,2381.00000000,0.10029669
208.00000000,2382.00000000,0.09991402
208.00000000,2383.00000000,0.09952989
208.00000000,2384.00000000,0.09914426
208.00000000,2385.00000000,0.09875729
208.00000000,2386.00000000,0.09836894
208.00000000,2387.00000000,0.09797920
208.00000000,2388.00000000,0.09758819
208.00000000,2389.00000000,0.09719590
208.00000000,2390.00000000,0.09680227
208.00000000,2391.00000000,0.09640748
208.00000000,2392.00000000,0.09601142
208.00000000,2393.00000000,0.09561424
208.00000000,2394.00000000,0.09521591
208.00000000,2395.00000000,0.09481637
208.00000000,2396.00000000,0.09441581
208.00000000,2397.00000000,0.09401415
208.00000000,2398.00000000,0.09361138
208.00000000,2399.00000000,0.09320762
208.00000000,2400.00000000,0.09280288
208.00000000,2401.00000000,0.09239706
208.00000000,2402.00000000,0.09199036
208.00000000,2403.00000000,0.09158266
208.00000000,2404.00000000,0.09117409
208.00000000,2405.00000000,0.09076464
208.00000000,2406.00000000,0.09035426
208.00000000,2407.00000000,0.08994307
208.00000000,2408.00000000,0.08953108
208.00000000,2409.00000000,0.08911819
208.00000000,2410.00000000,0.08870458
208.00000000,2411.00000000,0.08829021
208.00000000,2412.00000000,0.08787501
208.00000000,2413.00000000,0.08745914
208.00000000,2414.00000000,0.08704257
208.00000000,2415.00000000,0.08662523
208.00000000,2416.00000000,0.08620729
208.00000000,2417.00000000,0.08578862
208.00000000,2418.00000000,0.08536936
208.00000000,2419.00000000,0.08494950
208.00000000,2420.00000000,0.08452895
208.00000000,2421.00000000,0.08410789
208.00000000,2422.00000000,0.08368626
208.00000000,2423.00000000,0.08326400
208.00000000,2424.00000000,0.08284127
208.00000000,2425.00000000,0.08241801
208.00000000,2426.00000000,0.08199419
208.00000000,2427.00000000,0.08156994
208.00000000,2428.00000000,0.08114515
208.00000000,2429.00000000,0.08071997
208.00000000,2430.00000000,0.08029435
208.00000000,2431.00000000,0.07986823
208.00000000,2432.00000000,0.07944176
208.00000000,2433.00000000,0.07901490
208.00000000,2434.00000000,0.07858759
208.00000000,2435.00000000,0.07815998
208.00000000,2436.00000000,0.07773201
208.00000000,2437.00000000,0.07730365
208.00000000,2438.00000000,0.07687502
208.00000000,2439.00000000,0.07644601
208.00000000,2440.00000000,0.07601677
208.00000000,2441.00000000,0.07558726
208.00000000,2442.00000000,0.07515741
208.00000000,2443.00000000,0.07472737
208.00000000,2444.00000000,0.07429709
208.00000000,2445.00000000,0.07386652
208.00000000,2446.00000000,0.07343580
208.00000000,2447.00000000,0.07300489
208.00000000,2448.00000000,0.07257372
208.00000000,2449.00000000,0.07214244
208.00000000,2450.00000000,0.07171101
208.00000000,2451.00000000,0.07127935
208.00000000,2452.00000000,0.07084765
208.00000000,2453.00000000,0.07041576
208.00000000,2454.00000000,0.06998384
208.00000000,2455.00000000,0.06955187
208.00000000,2456.00000000,0.06911979
208.00000000,2457.00000000,0.06877852
208.00000000,2458.00000000,0.06870433
208.00000000,2459.00000000,0.06870316
208.00000000,2460.00000000,0.06870218
208.00000000,2461.00000000,0.06870132
208.00000000,2462.00000000,0.06870049
208.00000000,2463.00000000,0.06869983
208.00000000,2464.00000000,0.06871067
208.00000000,2465.00000000,0.06872166
208.00000000,2466.00000000,0.06873277
208.00000000,2467.00000000,0.06874390
208.00000000,2468.00000000,0.06875519
208.00000000,2469.00000000,0.06874397
208.00000000,2470.00000000,0.06873274
208.00000000,2471.00000000,0.06872168
208.00000000,2472.00000000,0.06871069
208.00000000,2473.00000000,0.06869969
208.00000000,2474.00000000,0.06868885
208.00000000,2475.00000000,0.06867809
208.00000000,2476.00000000,0.06866732
208.00000000,2477.00000000,0.06865669
208.00000000,2478.00000000,0.06864605
208.00000000,2479.00000000,0.06863555
208.00000000,2480.00000000,0.06862511
208.00000000,2481.00000000,0.06861466
208.00000000,2482.00000000,0.06860434
208.00000000,2483.00000000,0.06859409
208.00000000,2484.00000000,0.06858283
208.00000000,2485.00000000,0.06857170
208.00000000,2486.00000000,0.06856063
208.00000000,2487.00000000,0.06854954
208.00000000,2488.00000000,0.06853857
208.00000000,2489.00000000,0.06852757
208.00000000,2490.00000000,0.06851670
208.00000000,2491.00000000,0.06850588
208.00000000,2492.00000000,0.06849502
208.00000000,2493.00000000,0.06848429
208.00000000,2494.00000000,0.06847360
208.00000000,2495.00000000,0.06846287
208.00000000,2496.00000000,0.06845227
208.00000000,2497.00000000,0.06844170
208.00000000,2498.00000000,0.06843109
208.00000000,2499.00000000,0.06842060
208.00000000,2500.00000000,0.06841006
209.00000000,1765.00000000,0.04416284
209.00000000,1766.00000000,0.04416292
209.00000000,1767.00000000,0.04416282
209.00000000,1768.00000000,0.04416284
209.00000000,1769.00000000,0.04416310
209.00000000,1770.00000000,0.04416331
209.00000000,1771.00000000,0.04416350
209.00000000,1772.00000000,0.04416403
209.00000000,1773.00000000,0.04416441
209.00000000,1774.00000000,0.04416505
209.00000000,1775.00000000,0.04416572
209.00000000,1776.00000000,0.04416641
209.00000000,1777.00000000,0.04416729
209.00000000,1778.00000000,0.04416818
209.00000000,1779.00000000,0.04416923
209.00000000,1780.00000000,0.04417033
209.00000000,1781.00000000,0.04417132
209.00000000,1782.00000000,0.04417264
209.00000000,1783.00000000,0.04417391
209.00000000,1784.00000000,0.04417524
209.00000000,1785.00000000,0.04417656
209.00000000,1786.00000000,0.04417798
209.00000000,1787.00000000,0.04417961
209.00000000,1788.00000000,0.04418113
209.00000000,1789.00000000,0.04418278
209.00000000,1790.00000000,0.04418440
209.00000000,1791.00000000,0.04418623
209.00000000,1792.00000000,0.04418797
209.00000000,1793.00000000,0.04418971
209.00000000,1794.00000000,0.04419160
209.00000000,1795.00000000,0.04419343
209.00000000,1796.00000000,0.04419545
209.00000000,1797.00000000,0.04419739
209.00000000,1798.00000000,0.04419930
209.00000000,1799.00000000,0.04420140
209.00000000,1800.00000000,0.04420335
209.00000000,1801.00000000,0.04420548
209.00000000,1802.00000000,0.04420759
209.00000000,1803.00000000,0.04420969
209.00000000,1804.00000000,0.04421179
209.00000000,1805.00000000,0.04421386
209.00000000,1806.00000000,0.04421602
209.00000000,1807.00000000,0.04421819
209.00000000,1808.00000000,0.04422038
209.00000000,1809.00000000,0.04422269
209.00000000,1810.00000000,0.04422488
209.00000000,1811.00000000,0.04422706
209.00000000,1812.00000000,0.04422931
209.00000000,1813.00000000,0.04423162
209.00000000,1814.00000000,0.04423382
209.00000000,1815.00000000,0.04423617
209.00000000,1816.00000000,0.04423837
209.00000000,1817.00000000,0.04424066
209.00000000,1818.00000000,0.04424301
209.00000000,1819.00000000,0.04424532
209.00000000,1820.00000000,0.04424757
209.00000000,1821.00000000,0.04424983
209.00000000,1822.00000000,0.04425213
209.00000000,1823.00000000,0.04425446
209.00000000,1824.00000000,0.04425677
209.00000000,1825.00000000,0.04425906
209.00000000,1826.00000000,0.04426133
209.00000000,1827.00000000,0.04426365
209.00000000,1828.00000000,0.04426590
209.00000000,1829.00000000,0.04426827
209.00000000,1830.00000000,0.04427039
209.00000000,1831.00000000,0.04427266
209.00000000,1832.00000000,0.04427493
209.00000000,1833.00000000,0.04427719
209.00000000,1834.00000000,0.04427938
209.00000000,1835.00000000,0.04428155
209.00000000,1836.00000000,0.04428380
209.00000000,1837.00000000,0.04428597
209.00000000,1838.00000000,0.04428814
209.00000000,1839.00000000,0.04429026
209.00000000,1840.00000000,0.04429245
209.00000000,1841.00000000,0.04429451
209.00000000,1842.00000000,0.04429664
209.00000000,1843.00000000,0.04429877
209.00000000,1844.00000000,0.04430078
209.00000000,1845.00000000,0.04430290
209.00000000,1846.00000000,0.04430500
209.00000000,1847.00000000,0.04430693
209.00000000,1848.00000000,0.04430898
209.00000000,1849.00000000,0.04431096
209.00000000,1850.00000000,0.04431284
209.00000000,1851.00000000,0.04431481
209.00000000,1852.00000000,0.04431676
209.00000000,1853.00000000,0.04431872
209.00000000,1854.00000000,0.04432088
209.00000000,1855.00000000,0.04432301
209.00000000,1856.00000000,0.04432507
209.00000000,1857.00000000,0.04432707
209.00000000,1858.00000000,0.04432907
209.00000000,1859.00000000,0.04433094
209.00000000,1860.00000000,0.04433288
209.00000000,1861.00000000,0.04433459
209.00000000,1862.00000000,0.04433625
209.00000000,1863.00000000,0.04433758
209.00000000,1864.00000000,0.04433868
209.00000000,1865.00000000,0.04433938
209.00000000,1866.00000000,0.04433995
209.00000000,1867.00000000,0.04434032
209.00000000,1868.00000000,0.04434051
209.00000000,1869.00000000,0.04434056
209.00000000,1870.00000000,0.04434051
209.00000000,1871.00000000,0.04434018
209.00000000,1872.00000000,0.04434007
209.00000000,1873.00000000,0.04434034
209.00000000,1874.00000000,0.04434087
209.00000000,1875.00000000,0.04434161
209.00000000,1876.00000000,0.04434252
209.00000000,1877.00000000,0.04434358
209.00000000,1878.00000000,0.04434465
209.00000000,1879.00000000,0.04434581
209.00000000,1880.00000000,0.04434695
209.00000000,1881.00000000,0.04434817
209.00000000,1882.00000000,0.04434935
209.00000000,1883.00000000,0.04435031
209.00000000,1884.00000000,0.04435099
209.00000000,1885.00000000,0.04435153
209.00000000,1886.00000000,0.04435189
209.00000000,1887.00000000,0.04435219
209.00000000,1888.00000000,0.04435244
209.00000000,1889.00000000,0.04435245
209.00000000,1890.00000000,0.04435225
209.00000000,1891.00000000,0.04435186
209.00000000,1892.00000000,0.04435134
209.00000000,1893.00000000,0.04435067
209.00000000,1894.00000000,0.04434999
209.00000000,1895.00000000,0.04434936
209.00000000,1896.00000000,0.04434878
209.00000000,1897.00000000,0.04434812
209.00000000,1898.00000000,0.04434738
209.00000000,1899.00000000,0.04434654
209.00000000,1900.00000000,0.04434549
209.00000000,1901.00000000,0.04434428
209.00000000,1902.00000000,0.04434312
209.00000000,1903.00000000,0.04434202
209.00000000,1904.00000000,0.04434098
209.00000000,1905.00000000,0.04434004
209.00000000,1906.00000000,0.04433921
209.00000000,1907.00000000,0.04433847
209.00000000,1908.00000000,0.04433765
209.00000000,1909.00000000,0.04433677
209.00000000,1910.00000000,0.04433598
209.00000000,1911.00000000,0.04433503
209.00000000,1912.00000000,0.04433367
209.00000000,1913.00000000,0.04433187
209.00000000,1914.00000000,0.04432937
209.00000000,1915.00000000,0.04432666
209.00000000,1916.00000000,0.04432393
209.00000000,1917.00000000,0.04432114
209.00000000,1918.00000000,0.04431812
209.00000000,1919.00000000,0.04431526
209.00000000,1920.00000000,0.04431262
209.00000000,1921.00000000,0.04431036
209.00000000,1922.00000000,0.04430866
209.00000000,1923.00000000,0.04430726
209.00000000,1924.00000000,0.04430595
209.00000000,1925.00000000,0.04430455
209.00000000,1926.00000000,0.04430310
209.00000000,1927.00000000,0.04430157
209.00000000,1928.00000000,0.04430013
209.00000000,1929.00000000,0.04429866
209.00000000,1930.00000000,0.04429725
209.00000000,1931.00000000,0.04429645
209.00000000,1932.00000000,0.04429635
209.00000000,1933.00000000,0.04429666
209.00000000,1934.00000000,0.04429726
209.00000000,1935.00000000,0.04429784
209.00000000,1936.00000000,0.04429806
209.00000000,1937.00000000,0.04429775
209.00000000,1938.00000000,0.04429665
209.00000000,1939.00000000,0.04429504
209.00000000,1940.00000000,0.04429301
209.00000000,1941.00000000,0.04429037
209.00000000,1942.00000000,0.04428711
209.00000000,1943.00000000,0.04428341
209.00000000,1944.00000000,0.04427942
209.00000000,1945.00000000,0.04427541
209.00000000,1946.00000000,0.04427188
209.00000000,1947.00000000,0.04426934
209.00000000,1948.00000000,0.04426727
209.00000000,1949.00000000,0.04426517
209.00000000,1950.00000000,0.04426303
209.00000000,1951.00000000,0.04426077
209.00000000,1952.00000000,0.04425894
209.00000000,1953.00000000,0.04425720
209.00000000,1954.00000000,0.04425545
209.00000000,1955.00000000,0.04425385
209.00000000,1956.00000000,0.04425225
209.00000000,1957.00000000,0.04425048
209.00000000,1958.00000000,0.04424844
209.00000000,1959.00000000,0.04424604
209.00000000,1960.00000000,0.04424256
209.00000000,1961.00000000,0.04423809
209.00000000,1962.00000000,0.04423307
209.00000000,1963.00000000,0.04422754
209.00000000,1964.00000000,0.04422135
209.00000000,1965.00000000,0.04421438
209.00000000,1966.00000000,0.04420660
209.00000000,1967.00000000,0.04419805
209.00000000,1968.00000000,0.04418863
209.00000000,1969.00000000,0.04417796
209.00000000,1970.00000000,0.04416588
209.00000000,1971.00000000,0.04415189
209.00000000,1972.00000000,0.04413550
209.00000000,1973.00000000,0.04411707
209.00000000,1974.00000000,0.04409696
209.00000000,1975.00000000,0.04407991
209.00000000,1976.00000000,0.04405852
209.00000000,1977.00000000,0.04403723
209.00000000,1978.00000000,0.04401589
209.00000000,1979.00000000,0.04399434
209.00000000,1980.00000000,0.04397378
209.00000000,1981.00000000,0.04395178
209.00000000,1982.00000000,0.04393091
209.00000000,1983.00000000,0.04391243
209.00000000,1984.00000000,0.04389635
209.00000000,1985.00000000,0.04388211
209.00000000,1986.00000000,0.04386883
209.00000000,1987.00000000,0.04385612
209.00000000,1988.00000000,0.04384345
209.00000000,1989.00000000,0.04383061
209.00000000,1990.00000000,0.04381887
209.00000000,1991.00000000,0.04380557
209.00000000,1992.00000000,0.04379257
209.00000000,1993.00000000,0.04377987
209.00000000,1994.00000000,0.04376777
209.00000000,1995.00000000,0.04375613
209.00000000,1996.00000000,0.04374461
209.00000000,1997.00000000,0.04373276
209.00000000,1998.00000000,0.04372044
209.00000000,1999.00000000,0.04370805
209.00000000,2000.00000000,0.04369708
209.00000000,2001.00000000,0.04368457
209.00000000,2002.00000000,0.04367176
209.00000000,2003.00000000,0.04365898
209.00000000,2004.00000000,0.04364548
209.00000000,2005.00000000,0.04363045
209.00000000,2006.00000000,0.04361452
209.00000000,2007.00000000,0.04359495
209.00000000,2008.00000000,0.04357328
209.00000000,2009.00000000,0.04355118
209.00000000,2010.00000000,0.04352604
209.00000000,2011.00000000,0.04350203
209.00000000,2012.00000000,0.04347254
209.00000000,2013.00000000,0.04344277
209.00000000,2014.00000000,0.04341151
209.00000000,2015.00000000,0.04338005
209.00000000,2016.00000000,0.04334568
209.00000000,2017.00000000,0.04330992
209.00000000,2018.00000000,0.04327278
209.00000000,2019.00000000,0.04323429
209.00000000,2020.00000000,0.04319595
209.00000000,2021.00000000,0.04315514
209.00000000,2022.00000000,0.04311326
209.00000000,2023.00000000,0.04307055
209.00000000,2024.00000000,0.04302838
209.00000000,2025.00000000,0.04298559
209.00000000,2026.00000000,0.04294218
209.00000000,2027.00000000,0.04289690
209.00000000,2028.00000000,0.04285118
209.00000000,2029.00000000,0.04280500
209.00000000,2030.00000000,0.04275839
209.00000000,2031.00000000,0.04271272
209.00000000,2032.00000000,0.04266656
209.00000000,2033.00000000,0.04261842
209.00000000,2034.00000000,0.04257093
209.00000000,2035.00000000,0.04252139
209.00000000,2036.00000000,0.04247235
209.00000000,2037.00000000,0.04242126
209.00000000,2038.00000000,0.04236939
209.00000000,2039.00000000,0.04232467
209.00000000,2040.00000000,0.04227011
209.00000000,2041.00000000,0.04221614
209.00000000,2042.00000000,0.04216274
209.00000000,2043.00000000,0.04210716
209.00000000,2044.00000000,0.04205191
209.00000000,2045.00000000,0.04199964
209.00000000,2046.00000000,0.04194124
209.00000000,2047.00000000,0.04188318
209.00000000,2048.00000000,0.04182426
209.00000000,2049.00000000,0.04176574
209.00000000,2050.00000000,0.04170517
209.00000000,2051.00000000,0.04164514
209.00000000,2052.00000000,0.04158307
209.00000000,2053.00000000,0.04152166
209.00000000,2054.00000000,0.04146219
209.00000000,2055.00000000,0.04139699
209.00000000,2056.00000000,0.04133513
209.00000000,2057.00000000,0.04127023
209.00000000,2058.00000000,0.04120737
209.00000000,2059.00000000,0.04114538
209.00000000,2060.00000000,0.04107790
209.00000000,2061.00000000,0.04101397
209.00000000,2062.00000000,0.04094872
209.00000000,2063.00000000,0.04089374
209.00000000,2064.00000000,0.04082916
209.00000000,2065.00000000,0.04076889
209.00000000,2066.00000000,0.04070418
209.00000000,2067.00000000,0.04064016
209.00000000,2068.00000000,0.04058175
209.00000000,2069.00000000,0.04052765
209.00000000,2070.00000000,0.04046917
209.00000000,2071.00000000,0.04040882
209.00000000,2072.00000000,0.04035545
209.00000000,2073.00000000,0.04030442
209.00000000,2074.00000000,0.04025333
209.00000000,2075.00000000,0.04019860
209.00000000,2076.00000000,0.04015157
209.00000000,2077.00000000,0.04010185
209.00000000,2078.00000000,0.04005585
209.00000000,2079.00000000,0.04000862
209.00000000,2080.00000000,0.03996744
209.00000000,2081.00000000,0.03993722
209.00000000,2082.00000000,0.03990082
209.00000000,2083.00000000,0.03983992
209.00000000,2084.00000000,0.03980953
209.00000000,2085.00000000,0.03976689
209.00000000,2086.00000000,0.03972544
209.00000000,2087.00000000,0.03968327
209.00000000,2088.00000000,0.03965732
209.00000000,2089.00000000,0.03964694
209.00000000,2090.00000000,0.03961451
209.00000000,2091.00000000,0.03959022
209.00000000,2092.00000000,0.03957058
209.00000000,2093.00000000,0.03953638
209.00000000,2094.00000000,0.03950213
209.00000000,2095.00000000,0.03947150
209.00000000,2096.00000000,0.03945407
209.00000000,2097.00000000,0.03945935
209.00000000,2098.00000000,0.03942737
209.00000000,2099.00000000,0.03943118
209.00000000,2100.00000000,0.03942046
209.00000000,2101.00000000,0.03939403
209.00000000,2102.00000000,0.03936154
209.00000000,2103.00000000,0.03935062
209.00000000,2104.00000000,0.03935289
209.00000000,2105.00000000,0.03934447
209.00000000,2106.00000000,0.03934687
209.00000000,2107.00000000,0.03935525
209.00000000,2108.00000000,0.03938501
209.00000000,2109.00000000,0.03939812
209.00000000,2110.00000000,0.03940163
209.00000000,2111.00000000,0.03940152
209.00000000,2112.00000000,0.03944632
209.00000000,2113.00000000,0.03943989
209.00000000,2114.00000000,0.03947233
209.00000000,2115.00000000,0.03951152
209.00000000,2116.00000000,0.03959047
209.00000000,2117.00000000,0.03953881
209.00000000,2118.00000000,0.03956937
209.00000000,2119.00000000,0.03959933
209.00000000,2120.00000000,0.03960975
209.00000000,2121.00000000,0.03965139
209.00000000,2122.00000000,0.03971828
209.00000000,2123.00000000,0.03960053
209.00000000,2124.00000000,0.03957886
209.00000000,2125.00000000,0.03964624
209.00000000,2126.00000000,0.03970358
209.00000000,2127.00000000,0.03967549
209.00000000,2128.00000000,0.03951739
209.00000000,2129.00000000,0.03966115
209.00000000,2130.00000000,0.03950564
209.00000000,2131.00000000,0.03955197
209.00000000,2132.00000000,0.03969654
209.00000000,2133.00000000,0.03968665
209.00000000,2134.00000000,0.03969976
209.00000000,2135.00000000,0.03970880
209.00000000,2136.00000000,0.03980187
209.00000000,2137.00000000,0.03980630
209.00000000,2138.00000000,0.03990157
209.00000000,2139.00000000,0.03979552
209.00000000,2140.00000000,0.03966527
209.00000000,2141.00000000,0.03955898
209.00000000,2142.00000000,0.03961640
209.00000000,2143.00000000,0.03971452
209.00000000,2144.00000000,0.03978303
209.00000000,2145.00000000,0.03990982
209.00000000,2146.00000000,0.04000926
209.00000000,2147.00000000,0.03993848
209.00000000,2148.00000000,0.04000556
209.00000000,2149.00000000,0.04014022
209.00000000,2150.00000000,0.04019145
209.00000000,2151.00000000,0.04021212
209.00000000,2152.00000000,0.04028243
209.00000000,2153.00000000,0.04028830
209.00000000,2154.00000000,0.04004507
209.00000000,2155.00000000,0.04015723
209.00000000,2156.00000000,0.04036161
209.00000000,2157.00000000,0.04047900
209.00000000,2158.00000000,0.04045067
209.00000000,2159.00000000,0.04073137
209.00000000,2160.00000000,0.04092969
209.00000000,2161.00000000,0.04100197
209.00000000,2162.00000000,0.04109687
209.00000000,2163.00000000,0.04116980
209.00000000,2164.00000000,0.04142634
209.00000000,2165.00000000,0.04163513
209.00000000,2166.00000000,0.04179594
209.00000000,2167.00000000,0.04192152
209.00000000,2168.00000000,0.04213422
209.00000000,2169.00000000,0.04232930
209.00000000,2170.00000000,0.04241130
209.00000000,2171.00000000,0.04260066
209.00000000,2172.00000000,0.04284216
209.00000000,2173.00000000,0.04310045
209.00000000,2174.00000000,0.04333407
209.00000000,2175.00000000,0.04359743
209.00000000,2176.00000000,0.04379923
209.00000000,2177.00000000,0.04408758
209.00000000,2178.00000000,0.04441999
209.00000000,2179.00000000,0.04483100
209.00000000,2180.00000000,0.04510052
209.00000000,2181.00000000,0.04538779
209.00000000,2182.00000000,0.04575840
209.00000000,2183.00000000,0.04586030
209.00000000,2184.00000000,0.04591856
209.00000000,2185.00000000,0.04633394
209.00000000,2186.00000000,0.04660567
209.00000000,2187.00000000,0.04679545
209.00000000,2188.00000000,0.04723434
209.00000000,2189.00000000,0.04727022
209.00000000,2190.00000000,0.04717607
209.00000000,2191.00000000,0.04723126
209.00000000,2192.00000000,0.04731705
209.00000000,2193.00000000,0.04764277
209.00000000,2194.00000000,0.04793941
209.00000000,2195.00000000,0.04825289
209.00000000,2196.00000000,0.04854069
209.00000000,2197.00000000,0.04891328
209.00000000,2198.00000000,0.04918339
209.00000000,2199.00000000,0.04936993
209.00000000,2200.00000000,0.04960195
209.00000000,2201.00000000,0.04958117
209.00000000,2202.00000000,0.04971198
209.00000000,2203.00000000,0.04998185
209.00000000,2204.00000000,0.05026859
209.00000000,2205.00000000,0.05056735
209.00000000,2206.00000000,0.05083260
209.00000000,2207.00000000,0.05092706
209.00000000,2208.00000000,0.05103809
209.00000000,2209.00000000,0.05138037
209.00000000,2210.00000000,0.05171925
209.00000000,2211.00000000,0.05192710
209.00000000,2212.00000000,0.05249133
209.00000000,2213.00000000,0.05312040
209.00000000,2214.00000000,0.05364489
209.00000000,2215.00000000,0.05403675
209.00000000,2216.00000000,0.05443184
209.00000000,2217.00000000,0.05483025
209.00000000,2218.00000000,0.05523163
209.00000000,2219.00000000,0.05563603
209.00000000,2220.00000000,0.05613218
209.00000000,2221.00000000,0.05663178
209.00000000,2222.00000000,0.05713488
209.00000000,2223.00000000,0.05764144
209.00000000,2224.00000000,0.05815142
209.00000000,2225.00000000,0.05866485
209.00000000,2226.00000000,0.05918170
209.00000000,2227.00000000,0.05970193
209.00000000,2228.00000000,0.06022557
209.00000000,2229.00000000,0.06075257
209.00000000,2230.00000000,0.06124287
209.00000000,2231.00000000,0.06173637
209.00000000,2232.00000000,0.06223303
209.00000000,2233.00000000,0.06273292
209.00000000,2234.00000000,0.06323603
209.00000000,2235.00000000,0.06374236
209.00000000,2236.00000000,0.06425199
209.00000000,2237.00000000,0.06476492
209.00000000,2238.00000000,0.06528118
209.00000000,2239.00000000,0.06580087
209.00000000,2240.00000000,0.06640910
209.00000000,2241.00000000,0.06702116
209.00000000,2242.00000000,0.06763710
209.00000000,2243.00000000,0.06825687
209.00000000,2244.00000000,0.06888045
209.00000000,2245.00000000,0.06950789
209.00000000,2246.00000000,0.07013911
209.00000000,2247.00000000,0.07077419
209.00000000,2248.00000000,0.07141311
209.00000000,2249.00000000,0.07205574
209.00000000,2250.00000000,0.07276512
209.00000000,2251.00000000,0.07347712
209.00000000,2252.00000000,0.07419077
209.00000000,2253.00000000,0.07490556
209.00000000,2254.00000000,0.07562113
209.00000000,2255.00000000,0.07633730
209.00000000,2256.00000000,0.07705399
209.00000000,2257.00000000,0.07777103
209.00000000,2258.00000000,0.07848842
209.00000000,2259.00000000,0.07920604
209.00000000,2260.00000000,0.07992017
209.00000000,2261.00000000,0.08063447
209.00000000,2262.00000000,0.08134893
209.00000000,2263.00000000,0.08206353
209.00000000,2264.00000000,0.08277831
209.00000000,2265.00000000,0.08349321
209.00000000,2266.00000000,0.08420813
209.00000000,2267.00000000,0.08492310
209.00000000,2268.00000000,0.08563800
209.00000000,2269.00000000,0.08635272
209.00000000,2270.00000000,0.08692317
209.00000000,2271.00000000,0.08749279
209.00000000,2272.00000000,0.08806161
209.00000000,2273.00000000,0.08862959
209.00000000,2274.00000000,0.08919668
209.00000000,2275.00000000,0.08976294
209.00000000,2276.00000000,0.09032828
209.00000000,2277.00000000,0.09089267
209.00000000,2278.00000000,0.09145612
209.00000000,2279.00000000,0.09201857
209.00000000,2280.00000000,0.09244812
209.00000000,2281.00000000,0.09287621
209.00000000,2282.00000000,0.09330275
209.00000000,2283.00000000,0.09372784
209.00000000,2284.00000000,0.09415143
209.00000000,2285.00000000,0.09457351
209.00000000,2286.00000000,0.09499413
209.00000000,2287.00000000,0.09541328
209.00000000,2288.00000000,0.09583087
209.00000000,2289.00000000,0.09624701
209.00000000,2290.00000000,0.09658714
209.00000000,2291.00000000,0.09692548
209.00000000,2292.00000000,0.09726214
209.00000000,2293.00000000,0.09759703
209.00000000,2294.00000000,0.09793027
209.00000000,2295.00000000,0.09826181
209.00000000,2296.00000000,0.09859161
209.00000000,2297.00000000,0.09891976
209.00000000,2298.00000000,0.09924623
209.00000000,2299.00000000,0.09957096
209.00000000,2300.00000000,0.09981647
209.00000000,2301.00000000,0.10006009
209.00000000,2302.00000000,0.10030175
209.00000000,2303.00000000,0.10054161
209.00000000,2304.00000000,0.10077959
209.00000000,2305.00000000,0.10101566
209.00000000,2306.00000000,0.10124996
209.00000000,2307.00000000,0.10148237
209.00000000,2308.00000000,0.10171302
209.00000000,2309.00000000,0.10194187
209.00000000,2310.00000000,0.10210883
209.00000000,2311.00000000,0.10227390
209.00000000,2312.00000000,0.10243708
209.00000000,2313.00000000,0.10259829
209.00000000,2314.00000000,0.10275768
209.00000000,2315.00000000,0.10291522
209.00000000,2316.00000000,0.10307086
209.00000000,2317.00000000,0.10322471
209.00000000,2318.00000000,0.10337671
209.00000000,2319.00000000,0.10352696
209.00000000,2320.00000000,0.10367543
209.00000000,2321.00000000,0.10382205
209.00000000,2322.00000000,0.10396698
209.00000000,2323.00000000,0.10411016
209.00000000,2324.00000000,0.10425152
209.00000000,2325.00000000,0.10439121
209.00000000,2326.00000000,0.10452919
209.00000000,2327.00000000,0.10466537
209.00000000,2328.00000000,0.10479992
209.00000000,2329.00000000,0.10493276
209.00000000,2330.00000000,0.10506383
209.00000000,2331.00000000,0.10519329
209.00000000,2332.00000000,0.10532098
209.00000000,2333.00000000,0.10544707
209.00000000,2334.00000000,0.10557149
209.00000000,2335.00000000,0.10569415
209.00000000,2336.00000000,0.10581521
209.00000000,2337.00000000,0.10593463
209.00000000,2338.00000000,0.10605229
209.00000000,2339.00000000,0.10616838
209.00000000,2340.00000000,0.10628282
209.00000000,2341.00000000,0.10639549
209.00000000,2342.00000000,0.10650660
209.00000000,2343.00000000,0.10661595
209.00000000,2344.00000000,0.10672375
209.00000000,2345.00000000,0.10682987
209.00000000,2346.00000000,0.10693426
209.00000000,2347.00000000,0.10703705
209.00000000,2348.00000000,0.10713818
209.00000000,2349.00000000,0.10723755
209.00000000,2350.00000000,0.10733533
209.00000000,2351.00000000,0.10743143
209.00000000,2352.00000000,0.10752575
209.00000000,2353.00000000,0.10761846
209.00000000,2354.00000000,0.10770939
209.00000000,2355.00000000,0.10779868
209.00000000,2356.00000000,0.10788625
209.00000000,2357.00000000,0.10797198
209.00000000,2358.00000000,0.10805599
209.00000000,2359.00000000,0.10813814
209.00000000,2360.00000000,0.10780035
209.00000000,2361.00000000,0.10746029
209.00000000,2362.00000000,0.10711793
209.00000000,2363.00000000,0.10677325
209.00000000,2364.00000000,0.10642645
209.00000000,2365.00000000,0.10607749
209.00000000,2366.00000000,0.10572635
209.00000000,2367.00000000,0.10537322
209.00000000,2368.00000000,0.10501800
209.00000000,2369.00000000,0.10466086
209.00000000,2370.00000000,0.10430177
209.00000000,2371.00000000,0.10394070
209.00000000,2372.00000000,0.10357784
209.00000000,2373.00000000,0.10321316
209.00000000,2374.00000000,0.10284662
209.00000000,2375.00000000,0.10247839
209.00000000,2376.00000000,0.10210844
209.00000000,2377.00000000,0.10173673
209.00000000,2378.00000000,0.10136346
209.00000000,2379.00000000,0.10098848
209.00000000,2380.00000000,0.10061199
209.00000000,2381.00000000,0.10023396
209.00000000,2382.00000000,0.09985435
209.00000000,2383.00000000,0.09947330
209.00000000,2384.00000000,0.09909081
209.00000000,2385.00000000,0.09870683
209.00000000,2386.00000000,0.09832150
209.00000000,2387.00000000,0.09793482
209.00000000,2388.00000000,0.09754673
209.00000000,2389.00000000,0.09715740
209.00000000,2390.00000000,0.09676679
209.00000000,2391.00000000,0.09637485
209.00000000,2392.00000000,0.09598176
209.00000000,2393.00000000,0.09558738
209.00000000,2394.00000000,0.09519191
209.00000000,2395.00000000,0.09479528
209.00000000,2396.00000000,0.09439747
209.00000000,2397.00000000,0.09399861
209.00000000,2398.00000000,0.09359867
209.00000000,2399.00000000,0.09319763
209.00000000,2400.00000000,0.09279563
209.00000000,2401.00000000,0.09239261
209.00000000,2402.00000000,0.09198855
209.00000000,2403.00000000,0.09158359
209.00000000,2404.00000000,0.09117765
209.00000000,2405.00000000,0.09077086
209.00000000,2406.00000000,0.09036317
209.00000000,2407.00000000,0.08995456
209.00000000,2408.00000000,0.08954515
209.00000000,2409.00000000,0.08913493
209.00000000,2410.00000000,0.08872384
209.00000000,2411.00000000,0.08831202
209.00000000,2412.00000000,0.08789943
209.00000000,2413.00000000,0.08748604
209.00000000,2414.00000000,0.08707198
209.00000000,2415.00000000,0.08665720
209.00000000,2416.00000000,0.08624167
209.00000000,2417.00000000,0.08582553
209.00000000,2418.00000000,0.08540868
209.00000000,2419.00000000,0.08499125
209.00000000,2420.00000000,0.08457320
209.00000000,2421.00000000,0.08415448
209.00000000,2422.00000000,0.08373523
209.00000000,2423.00000000,0.08331542
209.00000000,2424.00000000,0.08289499
209.00000000,2425.00000000,0.08247410
209.00000000,2426.00000000,0.08205269
209.00000000,2427.00000000,0.08163069
209.00000000,2428.00000000,0.08120829
209.00000000,2429.00000000,0.08078534
209.00000000,2430.00000000,0.08036201
209.00000000,2431.00000000,0.07993823
209.00000000,2432.00000000,0.07951396
209.00000000,2433.00000000,0.07908935
209.00000000,2434.00000000,0.07866434
209.00000000,2435.00000000,0.07823889
209.00000000,2436.00000000,0.07781314
209.00000000,2437.00000000,0.07738704
209.00000000,2438.00000000,0.07696052
209.00000000,2439.00000000,0.07653376
209.00000000,2440.00000000,0.07610662
209.00000000,2441.00000000,0.07567926
209.00000000,2442.00000000,0.07525161
209.00000000,2443.00000000,0.07482363
209.00000000,2444.00000000,0.07439546
209.00000000,2445.00000000,0.07396706
209.00000000,2446.00000000,0.07353836
209.00000000,2447.00000000,0.07310952
209.00000000,2448.00000000,0.07268048
209.00000000,2449.00000000,0.07225118
209.00000000,2450.00000000,0.07182178
209.00000000,2451.00000000,0.07139224
209.00000000,2452.00000000,0.07096246
209.00000000,2453.00000000,0.07053263
209.00000000,2454.00000000,0.07010262
209.00000000,2455.00000000,0.06967258
209.00000000,2456.00000000,0.06924248
209.00000000,2457.00000000,0.06881229
209.00000000,2458.00000000,0.06847250
209.00000000,2459.00000000,0.06839860
209.00000000,2460.00000000,0.06839739
209.00000000,2461.00000000,0.06839638
209.00000000,2462.00000000,0.06839548
209.00000000,2463.00000000,0.06839461
209.00000000,2464.00000000,0.06839393
209.00000000,2465.00000000,0.06840467
209.00000000,2466.00000000,0.06841558
209.00000000,2467.00000000,0.06842660
209.00000000,2468.00000000,0.06843763
209.00000000,2469.00000000,0.06844884
209.00000000,2470.00000000,0.06843762
209.00000000,2471.00000000,0.06842640
209.00000000,2472.00000000,0.06841535
209.00000000,2473.00000000,0.06840437
209.00000000,2474.00000000,0.06839339
209.00000000,2475.00000000,0.06838256
209.00000000,2476.00000000,0.06837179
209.00000000,2477.00000000,0.06836103
209.00000000,2478.00000000,0.06835040
209.00000000,2479.00000000,0.06833977
209.00000000,2480.00000000,0.06832928
209.00000000,2481.00000000,0.06831885
209.00000000,2482.00000000,0.06830840
209.00000000,2483.00000000,0.06829809
209.00000000,2484.00000000,0.06828784
209.00000000,2485.00000000,0.06827659
209.00000000,2486.00000000,0.06826548
209.00000000,2487.00000000,0.06825442
209.00000000,2488.00000000,0.06824332
209.00000000,2489.00000000,0.06823236
209.00000000,2490.00000000,0.06822138
209.00000000,2491.00000000,0.06821051
209.00000000,2492.00000000,0.06819970
209.00000000,2493.00000000,0.06818885
209.00000000,2494.00000000,0.06817813
209.00000000,2495.00000000,0.06816744
209.00000000,2496.00000000,0.06815672
209.00000000,2497.00000000,0.06814611
209.00000000,2498.00000000,0.06813556
209.00000000,2499.00000000,0.06812496
209.00000000,2500.00000000,0.06811447
210.00000000,1765.00000000,0.04390989
210.00000000,1766.00000000,0.04390991
210.00000000,1767.00000000,0.04391001
210.00000000,1768.00000000,0.04390996
210.00000000,1769.00000000,0.04391006
210.00000000,1770.00000000,0.04391039
210.00000000,1771.00000000,0.04391068
210.00000000,1772.00000000,0.04391096
210.00000000,1773.00000000,0.04391157
210.00000000,1774.00000000,0.04391204
210.00000000,1775.00000000,0.04391275
210.00000000,1776.00000000,0.04391351
210.00000000,1777.00000000,0.04391428
210.00000000,1778.00000000,0.04391523
210.00000000,1779.00000000,0.04391619
210.00000000,1780.00000000,0.04391732
210.00000000,1781.00000000,0.04391849
210.00000000,1782.00000000,0.04391953
210.00000000,1783.00000000,0.04392092
210.00000000,1784.00000000,0.04392224
210.00000000,1785.00000000,0.04392362
210.00000000,1786.00000000,0.04392500
210.00000000,1787.00000000,0.04392647
210.00000000,1788.00000000,0.04392814
210.00000000,1789.00000000,0.04392971
210.00000000,1790.00000000,0.04393139
210.00000000,1791.00000000,0.04393306
210.00000000,1792.00000000,0.04393492
210.00000000,1793.00000000,0.04393668
210.00000000,1794.00000000,0.04393846
210.00000000,1795.00000000,0.04394037
210.00000000,1796.00000000,0.04394222
210.00000000,1797.00000000,0.04394427
210.00000000,1798.00000000,0.04394623
210.00000000,1799.00000000,0.04394815
210.00000000,1800.00000000,0.04395027
210.00000000,1801.00000000,0.04395223
210.00000000,1802.00000000,0.04395437
210.00000000,1803.00000000,0.04395649
210.00000000,1804.00000000,0.04395859
210.00000000,1805.00000000,0.04396070
210.00000000,1806.00000000,0.04396278
210.00000000,1807.00000000,0.04396494
210.00000000,1808.00000000,0.04396711
210.00000000,1809.00000000,0.04396931
210.00000000,1810.00000000,0.04397162
210.00000000,1811.00000000,0.04397382
210.00000000,1812.00000000,0.04397599
210.00000000,1813.00000000,0.04397823
210.00000000,1814.00000000,0.04398055
210.00000000,1815.00000000,0.04398273
210.00000000,1816.00000000,0.04398509
210.00000000,1817.00000000,0.04398727
210.00000000,1818.00000000,0.04398955
210.00000000,1819.00000000,0.04399188
210.00000000,1820.00000000,0.04399418
210.00000000,1821.00000000,0.04399642
210.00000000,1822.00000000,0.04399868
210.00000000,1823.00000000,0.04400097
210.00000000,1824.00000000,0.04400328
210.00000000,1825.00000000,0.04400558
210.00000000,1826.00000000,0.04400785
210.00000000,1827.00000000,0.04401010
210.00000000,1828.00000000,0.04401240
210.00000000,1829.00000000,0.04401463
210.00000000,1830.00000000,0.04401699
210.00000000,1831.00000000,0.04401909
210.00000000,1832.00000000,0.04402132
210.00000000,1833.00000000,0.04402357
210.00000000,1834.00000000,0.04402581
210.00000000,1835.00000000,0.04402798
210.00000000,1836.00000000,0.04403012
210.00000000,1837.00000000,0.04403234
210.00000000,1838.00000000,0.04403448
210.00000000,1839.00000000,0.04403663
210.00000000,1840.00000000,0.04403873
210.00000000,1841.00000000,0.04404088
210.00000000,1842.00000000,0.04404292
210.00000000,1843.00000000,0.04404502
210.00000000,1844.00000000,0.04404712
210.00000000,1845.00000000,0.04404910
210.00000000,1846.00000000,0.04405119
210.00000000,1847.00000000,0.04405325
210.00000000,1848.00000000,0.04405515
210.00000000,1849.00000000,0.04405717
210.00000000,1850.00000000,0.04405911
210.00000000,1851.00000000,0.04406094
210.00000000,1852.00000000,0.04406287
210.00000000,1853.00000000,0.04406500
210.00000000,1854.00000000,0.04406703
210.00000000,1855.00000000,0.04406915
210.00000000,1856.00000000,0.04407120
210.00000000,1857.00000000,0.04407319
210.00000000,1858.00000000,0.04407512
210.00000000,1859.00000000,0.04407708
210.00000000,1860.00000000,0.04407890
210.00000000,1861.00000000,0.04408078
210.00000000,1862.00000000,0.04408236
210.00000000,1863.00000000,0.04408363
210.00000000,1864.00000000,0.04408463
210.00000000,1865.00000000,0.04408549
210.00000000,1866.00000000,0.04408598
210.00000000,1867.00000000,0.04408636
210.00000000,1868.00000000,0.04408656
210.00000000,1869.00000000,0.04408659
210.00000000,1870.00000000,0.04408649
210.00000000,1871.00000000,0.04408633
210.00000000,1872.00000000,0.04408608
210.00000000,1873.00000000,0.04408638
210.00000000,1874.00000000,0.04408693
210.00000000,1875.00000000,0.04408765
210.00000000,1876.00000000,0.04408854
210.00000000,1877.00000000,0.04408956
210.00000000,1878.00000000,0.04409069
210.00000000,1879.00000000,0.04409183
210.00000000,1880.00000000,0.04409301
210.00000000,1881.00000000,0.04409414
210.00000000,1882.00000000,0.04409536
210.00000000,1883.00000000,0.04409626
210.00000000,1884.00000000,0.04409697
210.00000000,1885.00000000,0.04409749
210.00000000,1886.00000000,0.04409791
210.00000000,1887.00000000,0.04409818
210.00000000,1888.00000000,0.04409836
210.00000000,1889.00000000,0.04409844
210.00000000,1890.00000000,0.04409826
210.00000000,1891.00000000,0.04409786
210.00000000,1892.00000000,0.04409728
210.00000000,1893.00000000,0.04409668
210.00000000,1894.00000000,0.04409598
210.00000000,1895.00000000,0.04409536
210.00000000,1896.00000000,0.04409474
210.00000000,1897.00000000,0.04409412
210.00000000,1898.00000000,0.04409340
210.00000000,1899.00000000,0.04409253
210.00000000,1900.00000000,0.04409151
210.00000000,1901.00000000,0.04409030
210.00000000,1902.00000000,0.04408916
210.00000000,1903.00000000,0.04408804
210.00000000,1904.00000000,0.04408701
210.00000000,1905.00000000,0.04408608
210.00000000,1906.00000000,0.04408526
210.00000000,1907.00000000,0.04408452
210.00000000,1908.00000000,0.04408372
210.00000000,1909.00000000,0.04408285
210.00000000,1910.00000000,0.04408199
210.00000000,1911.00000000,0.04408110
210.00000000,1912.00000000,0.04407977
210.00000000,1913.00000000,0.04407788
210.00000000,1914.00000000,0.04407553
210.00000000,1915.00000000,0.04407276
210.00000000,1916.00000000,0.04407002
210.00000000,1917.00000000,0.04406725
210.00000000,1918.00000000,0.04406436
210.00000000,1919.00000000,0.04406138
210.00000000,1920.00000000,0.04405881
210.00000000,1921.00000000,0.04405655
210.00000000,1922.00000000,0.04405482
210.00000000,1923.00000000,0.04405350
210.00000000,1924.00000000,0.04405217
210.00000000,1925.00000000,0.04405077
210.00000000,1926.00000000,0.04404930
210.00000000,1927.00000000,0.04404784
210.00000000,1928.00000000,0.04404637
210.00000000,1929.00000000,0.04404488
210.00000000,1930.00000000,0.04404350
210.00000000,1931.00000000,0.04404268
210.00000000,1932.00000000,0.04404261
210.00000000,1933.00000000,0.04404290
210.00000000,1934.00000000,0.04404351
210.00000000,1935.00000000,0.04404405
210.00000000,1936.00000000,0.04404429
210.00000000,1937.00000000,0.04404395
210.00000000,1938.00000000,0.04404288
210.00000000,1939.00000000,0.04404125
210.00000000,1940.00000000,0.04403924
210.00000000,1941.00000000,0.04403661
210.00000000,1942.00000000,0.04403335
210.00000000,1943.00000000,0.04402970
210.00000000,1944.00000000,0.04402570
210.00000000,1945.00000000,0.04402168
210.00000000,1946.00000000,0.04401822
210.00000000,1947.00000000,0.04401563
210.00000000,1948.00000000,0.04401356
210.00000000,1949.00000000,0.04401150
210.00000000,1950.00000000,0.04400933
210.00000000,1951.00000000,0.04400710
210.00000000,1952.00000000,0.04400524
210.00000000,1953.00000000,0.04400352
210.00000000,1954.00000000,0.04400176
210.00000000,1955.00000000,0.04400014
210.00000000,1956.00000000,0.04399854
210.00000000,1957.00000000,0.04399676
210.00000000,1958.00000000,0.04399472
210.00000000,1959.00000000,0.04399232
210.00000000,1960.00000000,0.04398883
210.00000000,1961.00000000,0.04398434
210.00000000,1962.00000000,0.04397935
210.00000000,1963.00000000,0.04397382
210.00000000,1964.00000000,0.04396765
210.00000000,1965.00000000,0.04396069
210.00000000,1966.00000000,0.04395291
210.00000000,1967.00000000,0.04394439
210.00000000,1968.00000000,0.04393497
210.00000000,1969.00000000,0.04392432
210.00000000,1970.00000000,0.04391226
210.00000000,1971.00000000,0.04389830
210.00000000,1972.00000000,0.04388196
210.00000000,1973.00000000,0.04386357
210.00000000,1974.00000000,0.04384351
210.00000000,1975.00000000,0.04382246
210.00000000,1976.00000000,0.04380519
210.00000000,1977.00000000,0.04378398
210.00000000,1978.00000000,0.04376264
210.00000000,1979.00000000,0.04374118
210.00000000,1980.00000000,0.04371930
210.00000000,1981.00000000,0.04369870
210.00000000,1982.00000000,0.04367792
210.00000000,1983.00000000,0.04365950
210.00000000,1984.00000000,0.04364341
210.00000000,1985.00000000,0.04362919
210.00000000,1986.00000000,0.04361602
210.00000000,1987.00000000,0.04360323
210.00000000,1988.00000000,0.04359063
210.00000000,1989.00000000,0.04357783
210.00000000,1990.00000000,0.04356470
210.00000000,1991.00000000,0.04355281
210.00000000,1992.00000000,0.04353982
210.00000000,1993.00000000,0.04352713
210.00000000,1994.00000000,0.04351509
210.00000000,1995.00000000,0.04350349
210.00000000,1996.00000000,0.04349193
210.00000000,1997.00000000,0.04348013
210.00000000,1998.00000000,0.04346787
210.00000000,1999.00000000,0.04345549
210.00000000,2000.00000000,0.04344319
210.00000000,2001.00000000,0.04343207
210.00000000,2002.00000000,0.04341929
210.00000000,2003.00000000,0.04340652
210.00000000,2004.00000000,0.04339310
210.00000000,2005.00000000,0.04337809
210.00000000,2006.00000000,0.04336086
210.00000000,2007.00000000,0.04334271
210.00000000,2008.00000000,0.04332118
210.00000000,2009.00000000,0.04329777
210.00000000,2010.00000000,0.04327410
210.00000000,2011.00000000,0.04324754
210.00000000,2012.00000000,0.04322215
210.00000000,2013.00000000,0.04319126
210.00000000,2014.00000000,0.04316007
210.00000000,2015.00000000,0.04312742
210.00000000,2016.00000000,0.04309461
210.00000000,2017.00000000,0.04305898
210.00000000,2018.00000000,0.04302202
210.00000000,2019.00000000,0.04298376
210.00000000,2020.00000000,0.04294424
210.00000000,2021.00000000,0.04290495
210.00000000,2022.00000000,0.04286333
210.00000000,2023.00000000,0.04282080
210.00000000,2024.00000000,0.04277754
210.00000000,2025.00000000,0.04273492
210.00000000,2026.00000000,0.04269176
210.00000000,2027.00000000,0.04264805
210.00000000,2028.00000000,0.04260252
210.00000000,2029.00000000,0.04255659
210.00000000,2030.00000000,0.04251024
210.00000000,2031.00000000,0.04246345
210.00000000,2032.00000000,0.04241754
210.00000000,2033.00000000,0.04237100
210.00000000,2034.00000000,0.04232240
210.00000000,2035.00000000,0.04227439
210.00000000,2036.00000000,0.04222434
210.00000000,2037.00000000,0.04217478
210.00000000,2038.00000000,0.04212322
210.00000000,2039.00000000,0.04207089
210.00000000,2040.00000000,0.04202569
210.00000000,2041.00000000,0.04197073
210.00000000,2042.00000000,0.04191626
210.00000000,2043.00000000,0.04186227
210.00000000,2044.00000000,0.04180605
210.00000000,2045.00000000,0.04175014
210.00000000,2046.00000000,0.04169717
210.00000000,2047.00000000,0.04163817
210.00000000,2048.00000000,0.04157951
210.00000000,2049.00000000,0.04152006
210.00000000,2050.00000000,0.04146103
210.00000000,2051.00000000,0.04140002
210.00000000,2052.00000000,0.04133957
210.00000000,2053.00000000,0.04127716
210.00000000,2054.00000000,0.04121545
210.00000000,2055.00000000,0.04115570
210.00000000,2056.00000000,0.04109031
210.00000000,2057.00000000,0.04102826
210.00000000,2058.00000000,0.04096322
210.00000000,2059.00000000,0.04090024
210.00000000,2060.00000000,0.04083815
210.00000000,2061.00000000,0.04077071
210.00000000,2062.00000000,0.04070705
210.00000000,2063.00000000,0.04064240
210.00000000,2064.00000000,0.04058814
210.00000000,2065.00000000,0.04052445
210.00000000,2066.00000000,0.04046509
210.00000000,2067.00000000,0.04040137
210.00000000,2068.00000000,0.04033832
210.00000000,2069.00000000,0.04028084
210.00000000,2070.00000000,0.04022761
210.00000000,2071.00000000,0.04017007
210.00000000,2072.00000000,0.04011084
210.00000000,2073.00000000,0.04005876
210.00000000,2074.00000000,0.04000911
210.00000000,2075.00000000,0.03995946
210.00000000,2076.00000000,0.03990620
210.00000000,2077.00000000,0.03986057
210.00000000,2078.00000000,0.03981220
210.00000000,2079.00000000,0.03976750
210.00000000,2080.00000000,0.03972152
210.00000000,2081.00000000,0.03968152
210.00000000,2082.00000000,0.03965247
210.00000000,2083.00000000,0.03961734
210.00000000,2084.00000000,0.03955793
210.00000000,2085.00000000,0.03952881
210.00000000,2086.00000000,0.03948749
210.00000000,2087.00000000,0.03944733
210.00000000,2088.00000000,0.03940638
210.00000000,2089.00000000,0.03938150
210.00000000,2090.00000000,0.03937204
210.00000000,2091.00000000,0.03934066
210.00000000,2092.00000000,0.03931744
210.00000000,2093.00000000,0.03929892
210.00000000,2094.00000000,0.03926598
210.00000000,2095.00000000,0.03923300
210.00000000,2096.00000000,0.03920359
210.00000000,2097.00000000,0.03918727
210.00000000,2098.00000000,0.03919345
210.00000000,2099.00000000,0.03916258
210.00000000,2100.00000000,0.03916721
210.00000000,2101.00000000,0.03915742
210.00000000,2102.00000000,0.03913209
210.00000000,2103.00000000,0.03910083
210.00000000,2104.00000000,0.03909102
210.00000000,2105.00000000,0.03909430
210.00000000,2106.00000000,0.03908695
210.00000000,2107.00000000,0.03909031
210.00000000,2108.00000000,0.03909957
210.00000000,2109.00000000,0.03913005
210.00000000,2110.00000000,0.03914395
210.00000000,2111.00000000,0.03914827
210.00000000,2112.00000000,0.03914896
210.00000000,2113.00000000,0.03919424
210.00000000,2114.00000000,0.03918859
210.00000000,2115.00000000,0.03922152
210.00000000,2116.00000000,0.03926114
210.00000000,2117.00000000,0.03934024
210.00000000,2118.00000000,0.03928953
210.00000000,2119.00000000,0.03932051
210.00000000,2120.00000000,0.03935085
210.00000000,2121.00000000,0.03936177
210.00000000,2122.00000000,0.03940370
210.00000000,2123.00000000,0.03947069
210.00000000,2124.00000000,0.03935419
210.00000000,2125.00000000,0.03933315
210.00000000,2126.00000000,0.03940059
210.00000000,2127.00000000,0.03945805
210.00000000,2128.00000000,0.03943061
210.00000000,2129.00000000,0.03927394
210.00000000,2130.00000000,0.03941727
210.00000000,2131.00000000,0.03926316
210.00000000,2132.00000000,0.03930964
210.00000000,2133.00000000,0.03945375
210.00000000,2134.00000000,0.03944434
210.00000000,2135.00000000,0.03945778
210.00000000,2136.00000000,0.03946717
210.00000000,2137.00000000,0.03956006
210.00000000,2138.00000000,0.03956485
210.00000000,2139.00000000,0.03965993
210.00000000,2140.00000000,0.03955489
210.00000000,2141.00000000,0.03942579
210.00000000,2142.00000000,0.03932051
210.00000000,2143.00000000,0.03937794
210.00000000,2144.00000000,0.03947582
210.00000000,2145.00000000,0.03954427
210.00000000,2146.00000000,0.03967065
210.00000000,2147.00000000,0.03976984
210.00000000,2148.00000000,0.03969982
210.00000000,2149.00000000,0.03976684
210.00000000,2150.00000000,0.03990104
210.00000000,2151.00000000,0.03995250
210.00000000,2152.00000000,0.03997420
210.00000000,2153.00000000,0.04004582
210.00000000,2154.00000000,0.04005366
210.00000000,2155.00000000,0.03981396
210.00000000,2156.00000000,0.03992760
210.00000000,2157.00000000,0.04013293
210.00000000,2158.00000000,0.04025173
210.00000000,2159.00000000,0.04022558
210.00000000,2160.00000000,0.04050669
210.00000000,2161.00000000,0.04070583
210.00000000,2162.00000000,0.04077956
210.00000000,2163.00000000,0.04087575
210.00000000,2164.00000000,0.04095001
210.00000000,2165.00000000,0.04120687
210.00000000,2166.00000000,0.04141621
210.00000000,2167.00000000,0.04157778
210.00000000,2168.00000000,0.04170426
210.00000000,2169.00000000,0.04191737
210.00000000,2170.00000000,0.04211293
210.00000000,2171.00000000,0.04219595
210.00000000,2172.00000000,0.04238575
210.00000000,2173.00000000,0.04262741
210.00000000,2174.00000000,0.04288575
210.00000000,2175.00000000,0.04311953
210.00000000,2176.00000000,0.04338288
210.00000000,2177.00000000,0.04358495
210.00000000,2178.00000000,0.04387313
210.00000000,2179.00000000,0.04420516
210.00000000,2180.00000000,0.04461539
210.00000000,2181.00000000,0.04488481
210.00000000,2182.00000000,0.04517187
210.00000000,2183.00000000,0.04554188
210.00000000,2184.00000000,0.04564444
210.00000000,2185.00000000,0.04570353
210.00000000,2186.00000000,0.04611807
210.00000000,2187.00000000,0.04638963
210.00000000,2188.00000000,0.04657961
210.00000000,2189.00000000,0.04701755
210.00000000,2190.00000000,0.04705432
210.00000000,2191.00000000,0.04696163
210.00000000,2192.00000000,0.04701759
210.00000000,2193.00000000,0.04710400
210.00000000,2194.00000000,0.04742924
210.00000000,2195.00000000,0.04772554
210.00000000,2196.00000000,0.04803861
210.00000000,2197.00000000,0.04832611
210.00000000,2198.00000000,0.04869803
210.00000000,2199.00000000,0.04896791
210.00000000,2200.00000000,0.04915459
210.00000000,2201.00000000,0.04938654
210.00000000,2202.00000000,0.04936678
210.00000000,2203.00000000,0.04949796
210.00000000,2204.00000000,0.04976760
210.00000000,2205.00000000,0.05005403
210.00000000,2206.00000000,0.05035244
210.00000000,2207.00000000,0.05061748
210.00000000,2208.00000000,0.05071245
210.00000000,2209.00000000,0.05082391
210.00000000,2210.00000000,0.05116566
210.00000000,2211.00000000,0.05150402
210.00000000,2212.00000000,0.05171190
210.00000000,2213.00000000,0.05227468
210.00000000,2214.00000000,0.05290207
210.00000000,2215.00000000,0.05342531
210.00000000,2216.00000000,0.05381647
210.00000000,2217.00000000,0.05421085
210.00000000,2218.00000000,0.05460855
210.00000000,2219.00000000,0.05500922
210.00000000,2220.00000000,0.05541290
210.00000000,2221.00000000,0.05590797
210.00000000,2222.00000000,0.05640649
210.00000000,2223.00000000,0.05690851
210.00000000,2224.00000000,0.05741398
210.00000000,2225.00000000,0.05792287
210.00000000,2226.00000000,0.05843521
210.00000000,2227.00000000,0.05895097
210.00000000,2228.00000000,0.05947011
210.00000000,2229.00000000,0.05999265
210.00000000,2230.00000000,0.06051856
210.00000000,2231.00000000,0.06100792
210.00000000,2232.00000000,0.06150048
210.00000000,2233.00000000,0.06199619
210.00000000,2234.00000000,0.06249513
210.00000000,2235.00000000,0.06299730
210.00000000,2236.00000000,0.06350268
210.00000000,2237.00000000,0.06401137
210.00000000,2238.00000000,0.06452336
210.00000000,2239.00000000,0.06503867
210.00000000,2240.00000000,0.06555741
210.00000000,2241.00000000,0.06616438
210.00000000,2242.00000000,0.06677519
210.00000000,2243.00000000,0.06738986
210.00000000,2244.00000000,0.06800837
210.00000000,2245.00000000,0.06863070
210.00000000,2246.00000000,0.06925688
210.00000000,2247.00000000,0.06988685
210.00000000,2248.00000000,0.07052069
210.00000000,2249.00000000,0.07115827
210.00000000,2250.00000000,0.07179910
210.00000000,2251.00000000,0.07250552
210.00000000,2252.00000000,0.07321368
210.00000000,2253.00000000,0.07392299
210.00000000,2254.00000000,0.07463318
210.00000000,2255.00000000,0.07534407
210.00000000,2256.00000000,0.07605550
210.00000000,2257.00000000,0.07676742
210.00000000,2258.00000000,0.07747970
210.00000000,2259.00000000,0.07819233
210.00000000,2260.00000000,0.07890522
210.00000000,2261.00000000,0.07961469
210.00000000,2262.00000000,0.08032442
210.00000000,2263.00000000,0.08103441
210.00000000,2264.00000000,0.08174459
210.00000000,2265.00000000,0.08245501
210.00000000,2266.00000000,0.08316559
210.00000000,2267.00000000,0.08387623
210.00000000,2268.00000000,0.08458694
210.00000000,2269.00000000,0.08529762
210.00000000,2270.00000000,0.08600814
210.00000000,2271.00000000,0.08657501
210.00000000,2272.00000000,0.08714107
210.00000000,2273.00000000,0.08770638
210.00000000,2274.00000000,0.08827088
210.00000000,2275.00000000,0.08883452
210.00000000,2276.00000000,0.08939735
210.00000000,2277.00000000,0.08995932
210.00000000,2278.00000000,0.09052036
210.00000000,2279.00000000,0.09108050
210.00000000,2280.00000000,0.09163966
210.00000000,2281.00000000,0.09206650
210.00000000,2282.00000000,0.09249191
210.00000000,2283.00000000,0.09291580
210.00000000,2284.00000000,0.09333827
210.00000000,2285.00000000,0.09375929
210.00000000,2286.00000000,0.09417881
210.00000000,2287.00000000,0.09459691
210.00000000,2288.00000000,0.09501355
210.00000000,2289.00000000,0.09542869
210.00000000,2290.00000000,0.09584237
210.00000000,2291.00000000,0.09618040
210.00000000,2292.00000000,0.09651666
210.00000000,2293.00000000,0.09685128
210.00000000,2294.00000000,0.09718414
210.00000000,2295.00000000,0.09751538
210.00000000,2296.00000000,0.09784495
210.00000000,2297.00000000,0.09817280
210.00000000,2298.00000000,0.09849904
210.00000000,2299.00000000,0.09882360
210.00000000,2300.00000000,0.09914644
210.00000000,2301.00000000,0.09939044
210.00000000,2302.00000000,0.09963253
210.00000000,2303.00000000,0.09987271
210.00000000,2304.00000000,0.10011107
210.00000000,2305.00000000,0.10034760
210.00000000,2306.00000000,0.10058224
210.00000000,2307.00000000,0.10081511
210.00000000,2308.00000000,0.10104613
210.00000000,2309.00000000,0.10127541
210.00000000,2310.00000000,0.10150290
210.00000000,2311.00000000,0.10166877
210.00000000,2312.00000000,0.10183280
210.00000000,2313.00000000,0.10199492
210.00000000,2314.00000000,0.10215511
210.00000000,2315.00000000,0.10231351
210.00000000,2316.00000000,0.10247006
210.00000000,2317.00000000,0.10262472
210.00000000,2318.00000000,0.10277764
210.00000000,2319.00000000,0.10292870
210.00000000,2320.00000000,0.10307802
210.00000000,2321.00000000,0.10322559
210.00000000,2322.00000000,0.10337133
210.00000000,2323.00000000,0.10351539
210.00000000,2324.00000000,0.10365769
210.00000000,2325.00000000,0.10379822
210.00000000,2326.00000000,0.10393709
210.00000000,2327.00000000,0.10407426
210.00000000,2328.00000000,0.10420964
210.00000000,2329.00000000,0.10434339
210.00000000,2330.00000000,0.10447546
210.00000000,2331.00000000,0.10460577
210.00000000,2332.00000000,0.10473448
210.00000000,2333.00000000,0.10486144
210.00000000,2334.00000000,0.10498681
210.00000000,2335.00000000,0.10511050
210.00000000,2336.00000000,0.10523245
210.00000000,2337.00000000,0.10535285
210.00000000,2338.00000000,0.10547159
210.00000000,2339.00000000,0.10558858
210.00000000,2340.00000000,0.10570402
210.00000000,2341.00000000,0.10581781
210.00000000,2342.00000000,0.10592985
210.00000000,2343.00000000,0.10604032
210.00000000,2344.00000000,0.10614906
210.00000000,2345.00000000,0.10625626
210.00000000,2346.00000000,0.10636180
210.00000000,2347.00000000,0.10646560
210.00000000,2348.00000000,0.10656783
210.00000000,2349.00000000,0.10666841
210.00000000,2350.00000000,0.10676723
210.00000000,2351.00000000,0.10686447
210.00000000,2352.00000000,0.10696004
210.00000000,2353.00000000,0.10705384
210.00000000,2354.00000000,0.10714605
210.00000000,2355.00000000,0.10723648
210.00000000,2356.00000000,0.10732529
210.00000000,2357.00000000,0.10741238
210.00000000,2358.00000000,0.10749764
210.00000000,2359.00000000,0.10758120
210.00000000,2360.00000000,0.10766291
210.00000000,2361.00000000,0.10732651
210.00000000,2362.00000000,0.10698786
210.00000000,2363.00000000,0.10664693
210.00000000,2364.00000000,0.10630368
210.00000000,2365.00000000,0.10595833
210.00000000,2366.00000000,0.10561084
210.00000000,2367.00000000,0.10526116
210.00000000,2368.00000000,0.10490951
210.00000000,2369.00000000,0.10455578
210.00000000,2370.00000000,0.10420014
210.00000000,2371.00000000,0.10384257
210.00000000,2372.00000000,0.10348302
210.00000000,2373.00000000,0.10312169
210.00000000,2374.00000000,0.10275854
210.00000000,2375.00000000,0.10239356
210.00000000,2376.00000000,0.10202688
210.00000000,2377.00000000,0.10165850
210.00000000,2378.00000000,0.10128836
210.00000000,2379.00000000,0.10091668
210.00000000,2380.00000000,0.10054329
210.00000000,2381.00000000,0.10016840
210.00000000,2382.00000000,0.09979199
210.00000000,2383.00000000,0.09941398
210.00000000,2384.00000000,0.09903456
210.00000000,2385.00000000,0.09865371
210.00000000,2386.00000000,0.09827135
210.00000000,2387.00000000,0.09788767
210.00000000,2388.00000000,0.09750265
210.00000000,2389.00000000,0.09711621
210.00000000,2390.00000000,0.09672854
210.00000000,2391.00000000,0.09633960
210.00000000,2392.00000000,0.09594933
210.00000000,2393.00000000,0.09555793
210.00000000,2394.00000000,0.09516524
210.00000000,2395.00000000,0.09477147
210.00000000,2396.00000000,0.09437654
210.00000000,2397.00000000,0.09398043
210.00000000,2398.00000000,0.09358328
210.00000000,2399.00000000,0.09318508
210.00000000,2400.00000000,0.09278574
210.00000000,2401.00000000,0.09238547
210.00000000,2402.00000000,0.09198418
210.00000000,2403.00000000,0.09158187
210.00000000,2404.00000000,0.09117867
210.00000000,2405.00000000,0.09077447
210.00000000,2406.00000000,0.09036943
210.00000000,2407.00000000,0.08996351
210.00000000,2408.00000000,0.08955666
210.00000000,2409.00000000,0.08914904
210.00000000,2410.00000000,0.08874058
210.00000000,2411.00000000,0.08833126
210.00000000,2412.00000000,0.08792123
210.00000000,2413.00000000,0.08751043
210.00000000,2414.00000000,0.08709881
210.00000000,2415.00000000,0.08668655
210.00000000,2416.00000000,0.08627358
210.00000000,2417.00000000,0.08585984
210.00000000,2418.00000000,0.08544550
210.00000000,2419.00000000,0.08503046
210.00000000,2420.00000000,0.08461482
210.00000000,2421.00000000,0.08419859
210.00000000,2422.00000000,0.08378168
210.00000000,2423.00000000,0.08336426
210.00000000,2424.00000000,0.08294628
210.00000000,2425.00000000,0.08252767
210.00000000,2426.00000000,0.08210860
210.00000000,2427.00000000,0.08168901
210.00000000,2428.00000000,0.08126885
210.00000000,2429.00000000,0.08084828
210.00000000,2430.00000000,0.08042716
210.00000000,2431.00000000,0.08000567
210.00000000,2432.00000000,0.07958373
210.00000000,2433.00000000,0.07916130
210.00000000,2434.00000000,0.07873853
210.00000000,2435.00000000,0.07831537
210.00000000,2436.00000000,0.07789176
210.00000000,2437.00000000,0.07746786
210.00000000,2438.00000000,0.07704362
210.00000000,2439.00000000,0.07661895
210.00000000,2440.00000000,0.07619405
210.00000000,2441.00000000,0.07576877
210.00000000,2442.00000000,0.07534326
210.00000000,2443.00000000,0.07491747
210.00000000,2444.00000000,0.07449134
210.00000000,2445.00000000,0.07406505
210.00000000,2446.00000000,0.07363851
210.00000000,2447.00000000,0.07321168
210.00000000,2448.00000000,0.07278470
210.00000000,2449.00000000,0.07235753
210.00000000,2450.00000000,0.07193010
210.00000000,2451.00000000,0.07150257
210.00000000,2452.00000000,0.07107489
210.00000000,2453.00000000,0.07064698
210.00000000,2454.00000000,0.07021903
210.00000000,2455.00000000,0.06979089
210.00000000,2456.00000000,0.06936272
210.00000000,2457.00000000,0.06893449
210.00000000,2458.00000000,0.06850618
210.00000000,2459.00000000,0.06816786
210.00000000,2460.00000000,0.06809424
210.00000000,2461.00000000,0.06809301
210.00000000,2462.00000000,0.06809196
210.00000000,2463.00000000,0.06809102
210.00000000,2464.00000000,0.06809012
210.00000000,2465.00000000,0.06808939
210.00000000,2466.00000000,0.06810005
210.00000000,2467.00000000,0.06811087
210.00000000,2468.00000000,0.06812180
210.00000000,2469.00000000,0.06813275
210.00000000,2470.00000000,0.06814386
210.00000000,2471.00000000,0.06813265
210.00000000,2472.00000000,0.06812145
210.00000000,2473.00000000,0.06811040
210.00000000,2474.00000000,0.06809943
210.00000000,2475.00000000,0.06808846
210.00000000,2476.00000000,0.06807764
210.00000000,2477.00000000,0.06806689
210.00000000,2478.00000000,0.06805611
210.00000000,2479.00000000,0.06804551
210.00000000,2480.00000000,0.06803487
210.00000000,2481.00000000,0.06802439
210.00000000,2482.00000000,0.06801397
210.00000000,2483.00000000,0.06800352
210.00000000,2484.00000000,0.06799322
210.00000000,2485.00000000,0.06798298
210.00000000,2486.00000000,0.06797174
210.00000000,2487.00000000,0.06796063
210.00000000,2488.00000000,0.06794958
210.00000000,2489.00000000,0.06793850
210.00000000,2490.00000000,0.06792755
210.00000000,2491.00000000,0.06791656
210.00000000,2492.00000000,0.06790571
210.00000000,2493.00000000,0.06789490
210.00000000,2494.00000000,0.06788406
210.00000000,2495.00000000,0.06787334
210.00000000,2496.00000000,0.06786267
210.00000000,2497.00000000,0.06785194
210.00000000,2498.00000000,0.06784135
210.00000000,2499.00000000,0.06783081
210.00000000,2500.00000000,0.06782020
211.00000000,1765.00000000,0.04365839
211.00000000,1766.00000000,0.04365840
211.00000000,1767.00000000,0.04365845
211.00000000,1768.00000000,0.04365861
211.00000000,1769.00000000,0.04365863
211.00000000,1770.00000000,0.04365880
211.00000000,1771.00000000,0.04365921
211.00000000,1772.00000000,0.04365958
211.00000000,1773.00000000,0.04365995
211.00000000,1774.00000000,0.04366064
211.00000000,1775.00000000,0.04366119
211.00000000,1776.00000000,0.04366198
211.00000000,1777.00000000,0.04366282
211.00000000,1778.00000000,0.04366366
211.00000000,1779.00000000,0.04366468
211.00000000,1780.00000000,0.04366573
211.00000000,1781.00000000,0.04366692
211.00000000,1782.00000000,0.04366814
211.00000000,1783.00000000,0.04366925
211.00000000,1784.00000000,0.04367070
211.00000000,1785.00000000,0.04367207
211.00000000,1786.00000000,0.04367350
211.00000000,1787.00000000,0.04367493
211.00000000,1788.00000000,0.04367644
211.00000000,1789.00000000,0.04367816
211.00000000,1790.00000000,0.04367976
211.00000000,1791.00000000,0.04368149
211.00000000,1792.00000000,0.04368319
211.00000000,1793.00000000,0.04368507
211.00000000,1794.00000000,0.04368687
211.00000000,1795.00000000,0.04368867
211.00000000,1796.00000000,0.04369061
211.00000000,1797.00000000,0.04369248
211.00000000,1798.00000000,0.04369455
211.00000000,1799.00000000,0.04369652
211.00000000,1800.00000000,0.04369846
211.00000000,1801.00000000,0.04370059
211.00000000,1802.00000000,0.04370256
211.00000000,1803.00000000,0.04370471
211.00000000,1804.00000000,0.04370683
211.00000000,1805.00000000,0.04370894
211.00000000,1806.00000000,0.04371106
211.00000000,1807.00000000,0.04371314
211.00000000,1808.00000000,0.04371530
211.00000000,1809.00000000,0.04371748
211.00000000,1810.00000000,0.04371968
211.00000000,1811.00000000,0.04372200
211.00000000,1812.00000000,0.04372419
211.00000000,1813.00000000,0.04372636
211.00000000,1814.00000000,0.04372860
211.00000000,1815.00000000,0.04373090
211.00000000,1816.00000000,0.04373309
211.00000000,1817.00000000,0.04373543
211.00000000,1818.00000000,0.04373760
211.00000000,1819.00000000,0.04373987
211.00000000,1820.00000000,0.04374219
211.00000000,1821.00000000,0.04374448
211.00000000,1822.00000000,0.04374671
211.00000000,1823.00000000,0.04374896
211.00000000,1824.00000000,0.04375123
211.00000000,1825.00000000,0.04375353
211.00000000,1826.00000000,0.04375580
211.00000000,1827.00000000,0.04375806
211.00000000,1828.00000000,0.04376030
211.00000000,1829.00000000,0.04376258
211.00000000,1830.00000000,0.04376479
211.00000000,1831.00000000,0.04376712
211.00000000,1832.00000000,0.04376919
211.00000000,1833.00000000,0.04377140
211.00000000,1834.00000000,0.04377362
211.00000000,1835.00000000,0.04377584
211.00000000,1836.00000000,0.04377799
211.00000000,1837.00000000,0.04378011
211.00000000,1838.00000000,0.04378230
211.00000000,1839.00000000,0.04378441
211.00000000,1840.00000000,0.04378654
211.00000000,1841.00000000,0.04378860
211.00000000,1842.00000000,0.04379073
211.00000000,1843.00000000,0.04379274
211.00000000,1844.00000000,0.04379481
211.00000000,1845.00000000,0.04379689
211.00000000,1846.00000000,0.04379883
211.00000000,1847.00000000,0.04380088
211.00000000,1848.00000000,0.04380291
211.00000000,1849.00000000,0.04380478
211.00000000,1850.00000000,0.04380676
211.00000000,1851.00000000,0.04380866
211.00000000,1852.00000000,0.04381044
211.00000000,1853.00000000,0.04381255
211.00000000,1854.00000000,0.04381476
211.00000000,1855.00000000,0.04381675
211.00000000,1856.00000000,0.04381879
211.00000000,1857.00000000,0.04382077
211.00000000,1858.00000000,0.04382269
211.00000000,1859.00000000,0.04382457
211.00000000,1860.00000000,0.04382648
211.00000000,1861.00000000,0.04382824
211.00000000,1862.00000000,0.04383000
211.00000000,1863.00000000,0.04383119
211.00000000,1864.00000000,0.04383214
211.00000000,1865.00000000,0.04383290
211.00000000,1866.00000000,0.04383354
211.00000000,1867.00000000,0.04383385
211.00000000,1868.00000000,0.04383406
211.00000000,1869.00000000,0.04383410
211.00000000,1870.00000000,0.04383397
211.00000000,1871.00000000,0.04383377
211.00000000,1872.00000000,0.04383369
211.00000000,1873.00000000,0.04383384
211.00000000,1874.00000000,0.04383443
211.00000000,1875.00000000,0.04383517
211.00000000,1876.00000000,0.04383604
211.00000000,1877.00000000,0.04383703
211.00000000,1878.00000000,0.04383812
211.00000000,1879.00000000,0.04383932
211.00000000,1880.00000000,0.04384049
211.00000000,1881.00000000,0.04384166
211.00000000,1882.00000000,0.04384279
211.00000000,1883.00000000,0.04384372
211.00000000,1884.00000000,0.04384438
211.00000000,1885.00000000,0.04384493
211.00000000,1886.00000000,0.04384532
211.00000000,1887.00000000,0.04384566
211.00000000,1888.00000000,0.04384580
211.00000000,1889.00000000,0.04384582
211.00000000,1890.00000000,0.04384570
211.00000000,1891.00000000,0.04384532
211.00000000,1892.00000000,0.04384473
211.00000000,1893.00000000,0.04384407
211.00000000,1894.00000000,0.04384345
211.00000000,1895.00000000,0.04384281
211.00000000,1896.00000000,0.04384220
211.00000000,1897.00000000,0.04384154
211.00000000,1898.00000000,0.04384085
211.00000000,1899.00000000,0.04384001
211.00000000,1900.00000000,0.04383896
211.00000000,1901.00000000,0.04383778
211.00000000,1902.00000000,0.04383665
211.00000000,1903.00000000,0.04383554
211.00000000,1904.00000000,0.04383449
211.00000000,1905.00000000,0.04383356
211.00000000,1906.00000000,0.04383276
211.00000000,1907.00000000,0.04383203
211.00000000,1908.00000000,0.04383122
211.00000000,1909.00000000,0.04383038
211.00000000,1910.00000000,0.04382952
211.00000000,1911.00000000,0.04382857
211.00000000,1912.00000000,0.04382730
211.00000000,1913.00000000,0.04382545
211.00000000,1914.00000000,0.04382301
211.00000000,1915.00000000,0.04382039
211.00000000,1916.00000000,0.04381758
211.00000000,1917.00000000,0.04381481
211.00000000,1918.00000000,0.04381195
211.00000000,1919.00000000,0.04380908
211.00000000,1920.00000000,0.04380640
211.00000000,1921.00000000,0.04380422
211.00000000,1922.00000000,0.04380248
211.00000000,1923.00000000,0.04380113
211.00000000,1924.00000000,0.04379987
211.00000000,1925.00000000,0.04379845
211.00000000,1926.00000000,0.04379698
211.00000000,1927.00000000,0.04379551
211.00000000,1928.00000000,0.04379410
211.00000000,1929.00000000,0.04379258
211.00000000,1930.00000000,0.04379118
211.00000000,1931.00000000,0.04379038
211.00000000,1932.00000000,0.04379029
211.00000000,1933.00000000,0.04379061
211.00000000,1934.00000000,0.04379120
211.00000000,1935.00000000,0.04379175
211.00000000,1936.00000000,0.04379196
211.00000000,1937.00000000,0.04379164
211.00000000,1938.00000000,0.04379055
211.00000000,1939.00000000,0.04378895
211.00000000,1940.00000000,0.04378691
211.00000000,1941.00000000,0.04378432
211.00000000,1942.00000000,0.04378106
211.00000000,1943.00000000,0.04377741
211.00000000,1944.00000000,0.04377346
211.00000000,1945.00000000,0.04376943
211.00000000,1946.00000000,0.04376596
211.00000000,1947.00000000,0.04376345
211.00000000,1948.00000000,0.04376132
211.00000000,1949.00000000,0.04375926
211.00000000,1950.00000000,0.04375714
211.00000000,1951.00000000,0.04375487
211.00000000,1952.00000000,0.04375304
211.00000000,1953.00000000,0.04375128
211.00000000,1954.00000000,0.04374954
211.00000000,1955.00000000,0.04374793
211.00000000,1956.00000000,0.04374631
211.00000000,1957.00000000,0.04374453
211.00000000,1958.00000000,0.04374247
211.00000000,1959.00000000,0.04374007
211.00000000,1960.00000000,0.04373659
211.00000000,1961.00000000,0.04373210
211.00000000,1962.00000000,0.04372710
211.00000000,1963.00000000,0.04372159
211.00000000,1964.00000000,0.04371543
211.00000000,1965.00000000,0.04370849
211.00000000,1966.00000000,0.04370072
211.00000000,1967.00000000,0.04369220
211.00000000,1968.00000000,0.04368282
211.00000000,1969.00000000,0.04367218
211.00000000,1970.00000000,0.04366016
211.00000000,1971.00000000,0.04364622
211.00000000,1972.00000000,0.04362993
211.00000000,1973.00000000,0.04361159
211.00000000,1974.00000000,0.04359158
211.00000000,1975.00000000,0.04357059
211.00000000,1976.00000000,0.04354935
211.00000000,1977.00000000,0.04353222
211.00000000,1978.00000000,0.04351096
211.00000000,1979.00000000,0.04348951
211.00000000,1980.00000000,0.04346773
211.00000000,1981.00000000,0.04344581
211.00000000,1982.00000000,0.04342640
211.00000000,1983.00000000,0.04340805
211.00000000,1984.00000000,0.04339207
211.00000000,1985.00000000,0.04337779
211.00000000,1986.00000000,0.04336462
211.00000000,1987.00000000,0.04335195
211.00000000,1988.00000000,0.04333929
211.00000000,1989.00000000,0.04332654
211.00000000,1990.00000000,0.04331344
211.00000000,1991.00000000,0.04330018
211.00000000,1992.00000000,0.04328859
211.00000000,1993.00000000,0.04327593
211.00000000,1994.00000000,0.04326388
211.00000000,1995.00000000,0.04325233
211.00000000,1996.00000000,0.04324082
211.00000000,1997.00000000,0.04322899
211.00000000,1998.00000000,0.04321678
211.00000000,1999.00000000,0.04320444
211.00000000,2000.00000000,0.04319215
211.00000000,2001.00000000,0.04317972
211.00000000,2002.00000000,0.04316832
211.00000000,2003.00000000,0.04315558
211.00000000,2004.00000000,0.04314217
211.00000000,2005.00000000,0.04312725
211.00000000,2006.00000000,0.04311006
211.00000000,2007.00000000,0.04309063
211.00000000,2008.00000000,0.04307052
211.00000000,2009.00000000,0.04304726
211.00000000,2010.00000000,0.04302230
211.00000000,2011.00000000,0.04299722
211.00000000,2012.00000000,0.04296930
211.00000000,2013.00000000,0.04294249
211.00000000,2014.00000000,0.04291020
211.00000000,2015.00000000,0.04287763
211.00000000,2016.00000000,0.04284366
211.00000000,2017.00000000,0.04280957
211.00000000,2018.00000000,0.04277275
211.00000000,2019.00000000,0.04273468
211.00000000,2020.00000000,0.04269540
211.00000000,2021.00000000,0.04265495
211.00000000,2022.00000000,0.04261484
211.00000000,2023.00000000,0.04257256
211.00000000,2024.00000000,0.04252949
211.00000000,2025.00000000,0.04248580
211.00000000,2026.00000000,0.04244281
211.00000000,2027.00000000,0.04239934
211.00000000,2028.00000000,0.04235537
211.00000000,2029.00000000,0.04230964
211.00000000,2030.00000000,0.04226354
211.00000000,2031.00000000,0.04221703
211.00000000,2032.00000000,0.04217000
211.00000000,2033.00000000,0.04212370
211.00000000,2034.00000000,0.04207669
211.00000000,2035.00000000,0.04202759
211.00000000,2036.00000000,0.04197907
211.00000000,2037.00000000,0.04192852
211.00000000,2038.00000000,0.04187847
211.00000000,2039.00000000,0.04182645
211.00000000,2040.00000000,0.04177370
211.00000000,2041.00000000,0.04172804
211.00000000,2042.00000000,0.04167260
211.00000000,2043.00000000,0.04161755
211.00000000,2044.00000000,0.04156291
211.00000000,2045.00000000,0.04150604
211.00000000,2046.00000000,0.04144947
211.00000000,2047.00000000,0.04139587
211.00000000,2048.00000000,0.04133628
211.00000000,2049.00000000,0.04127709
211.00000000,2050.00000000,0.04121714
211.00000000,2051.00000000,0.04115765
211.00000000,2052.00000000,0.04109625
211.00000000,2053.00000000,0.04103546
211.00000000,2054.00000000,0.04097276
211.00000000,2055.00000000,0.04091079
211.00000000,2056.00000000,0.04085081
211.00000000,2057.00000000,0.04078526
211.00000000,2058.00000000,0.04072305
211.00000000,2059.00000000,0.04065791
211.00000000,2060.00000000,0.04059484
211.00000000,2061.00000000,0.04053275
211.00000000,2062.00000000,0.04046562
211.00000000,2063.00000000,0.04040254
211.00000000,2064.00000000,0.04033866
211.00000000,2065.00000000,0.04028522
211.00000000,2066.00000000,0.04022248
211.00000000,2067.00000000,0.04016407
211.00000000,2068.00000000,0.04010132
211.00000000,2069.00000000,0.04003922
211.00000000,2070.00000000,0.03998263
211.00000000,2071.00000000,0.03993029
211.00000000,2072.00000000,0.03987384
211.00000000,2073.00000000,0.03981594
211.00000000,2074.00000000,0.03976525
211.00000000,2075.00000000,0.03971704
211.00000000,2076.00000000,0.03966881
211.00000000,2077.00000000,0.03961697
211.00000000,2078.00000000,0.03957268
211.00000000,2079.00000000,0.03952561
211.00000000,2080.00000000,0.03948212
211.00000000,2081.00000000,0.03943735
211.00000000,2082.00000000,0.03939858
211.00000000,2083.00000000,0.03937077
211.00000000,2084.00000000,0.03933694
211.00000000,2085.00000000,0.03927900
211.00000000,2086.00000000,0.03925110
211.00000000,2087.00000000,0.03921105
211.00000000,2088.00000000,0.03917210
211.00000000,2089.00000000,0.03913231
211.00000000,2090.00000000,0.03910844
211.00000000,2091.00000000,0.03909986
211.00000000,2092.00000000,0.03906960
211.00000000,2093.00000000,0.03904753
211.00000000,2094.00000000,0.03903017
211.00000000,2095.00000000,0.03899848
211.00000000,2096.00000000,0.03896672
211.00000000,2097.00000000,0.03893848
211.00000000,2098.00000000,0.03892320
211.00000000,2099.00000000,0.03893023
211.00000000,2100.00000000,0.03890041
211.00000000,2101.00000000,0.03890586
211.00000000,2102.00000000,0.03889706
211.00000000,2103.00000000,0.03887289
211.00000000,2104.00000000,0.03884287
211.00000000,2105.00000000,0.03883415
211.00000000,2106.00000000,0.03883842
211.00000000,2107.00000000,0.03883209
211.00000000,2108.00000000,0.03883637
211.00000000,2109.00000000,0.03884647
211.00000000,2110.00000000,0.03887762
211.00000000,2111.00000000,0.03889226
211.00000000,2112.00000000,0.03889734
211.00000000,2113.00000000,0.03889879
211.00000000,2114.00000000,0.03894451
211.00000000,2115.00000000,0.03893959
211.00000000,2116.00000000,0.03897298
211.00000000,2117.00000000,0.03901300
211.00000000,2118.00000000,0.03909222
211.00000000,2119.00000000,0.03904242
211.00000000,2120.00000000,0.03907378
211.00000000,2121.00000000,0.03910450
211.00000000,2122.00000000,0.03911588
211.00000000,2123.00000000,0.03915807
211.00000000,2124.00000000,0.03922515
211.00000000,2125.00000000,0.03910987
211.00000000,2126.00000000,0.03908944
211.00000000,2127.00000000,0.03915694
211.00000000,2128.00000000,0.03921452
211.00000000,2129.00000000,0.03918770
211.00000000,2130.00000000,0.03903245
211.00000000,2131.00000000,0.03917535
211.00000000,2132.00000000,0.03902260
211.00000000,2133.00000000,0.03906922
211.00000000,2134.00000000,0.03921287
211.00000000,2135.00000000,0.03920392
211.00000000,2136.00000000,0.03921767
211.00000000,2137.00000000,0.03922739
211.00000000,2138.00000000,0.03932010
211.00000000,2139.00000000,0.03932525
211.00000000,2140.00000000,0.03942012
211.00000000,2141.00000000,0.03931609
211.00000000,2142.00000000,0.03918814
211.00000000,2143.00000000,0.03908384
211.00000000,2144.00000000,0.03914127
211.00000000,2145.00000000,0.03923891
211.00000000,2146.00000000,0.03930729
211.00000000,2147.00000000,0.03943326
211.00000000,2148.00000000,0.03953219
211.00000000,2149.00000000,0.03946293
211.00000000,2150.00000000,0.03952988
211.00000000,2151.00000000,0.03966382
211.00000000,2152.00000000,0.03971613
211.00000000,2153.00000000,0.03973940
211.00000000,2154.00000000,0.03981260
211.00000000,2155.00000000,0.03982249
211.00000000,2156.00000000,0.03958629
211.00000000,2157.00000000,0.03970138
211.00000000,2158.00000000,0.03990761
211.00000000,2159.00000000,0.04002776
211.00000000,2160.00000000,0.04000369
211.00000000,2161.00000000,0.04028514
211.00000000,2162.00000000,0.04048504
211.00000000,2163.00000000,0.04056015
211.00000000,2164.00000000,0.04065754
211.00000000,2165.00000000,0.04073309
211.00000000,2166.00000000,0.04099021
211.00000000,2167.00000000,0.04120003
211.00000000,2168.00000000,0.04136229
211.00000000,2169.00000000,0.04148962
211.00000000,2170.00000000,0.04170310
211.00000000,2171.00000000,0.04189910
211.00000000,2172.00000000,0.04198309
211.00000000,2173.00000000,0.04217329
211.00000000,2174.00000000,0.04241507
211.00000000,2175.00000000,0.04267343
211.00000000,2176.00000000,0.04290734
211.00000000,2177.00000000,0.04317064
211.00000000,2178.00000000,0.04337296
211.00000000,2179.00000000,0.04366095
211.00000000,2180.00000000,0.04399256
211.00000000,2181.00000000,0.04440200
211.00000000,2182.00000000,0.04467129
211.00000000,2183.00000000,0.04495813
211.00000000,2184.00000000,0.04532752
211.00000000,2185.00000000,0.04543071
211.00000000,2186.00000000,0.04549062
211.00000000,2187.00000000,0.04590431
211.00000000,2188.00000000,0.04617567
211.00000000,2189.00000000,0.04636583
211.00000000,2190.00000000,0.04680281
211.00000000,2191.00000000,0.04684044
211.00000000,2192.00000000,0.04674919
211.00000000,2193.00000000,0.04680589
211.00000000,2194.00000000,0.04689289
211.00000000,2195.00000000,0.04721766
211.00000000,2196.00000000,0.04751361
211.00000000,2197.00000000,0.04782626
211.00000000,2198.00000000,0.04811344
211.00000000,2199.00000000,0.04848468
211.00000000,2200.00000000,0.04875433
211.00000000,2201.00000000,0.04894113
211.00000000,2202.00000000,0.04917302
211.00000000,2203.00000000,0.04915427
211.00000000,2204.00000000,0.04928579
211.00000000,2205.00000000,0.04955519
211.00000000,2206.00000000,0.04984132
211.00000000,2207.00000000,0.05013936
211.00000000,2208.00000000,0.05040419
211.00000000,2209.00000000,0.05049965
211.00000000,2210.00000000,0.05061153
211.00000000,2211.00000000,0.05095274
211.00000000,2212.00000000,0.05129058
211.00000000,2213.00000000,0.05149849
211.00000000,2214.00000000,0.05205984
211.00000000,2215.00000000,0.05268554
211.00000000,2216.00000000,0.05320753
211.00000000,2217.00000000,0.05359800
211.00000000,2218.00000000,0.05399168
211.00000000,2219.00000000,0.05438867
211.00000000,2220.00000000,0.05478862
211.00000000,2221.00000000,0.05519158
211.00000000,2222.00000000,0.05568558
211.00000000,2223.00000000,0.05618302
211.00000000,2224.00000000,0.05668396
211.00000000,2225.00000000,0.05718835
211.00000000,2226.00000000,0.05769616
211.00000000,2227.00000000,0.05820741
211.00000000,2228.00000000,0.05872209
211.00000000,2229.00000000,0.05924014
211.00000000,2230.00000000,0.05976159
211.00000000,2231.00000000,0.06028641
211.00000000,2232.00000000,0.06077483
211.00000000,2233.00000000,0.06126645
211.00000000,2234.00000000,0.06176122
211.00000000,2235.00000000,0.06225923
211.00000000,2236.00000000,0.06276045
211.00000000,2237.00000000,0.06326490
211.00000000,2238.00000000,0.06377264
211.00000000,2239.00000000,0.06428369
211.00000000,2240.00000000,0.06479806
211.00000000,2241.00000000,0.06531585
211.00000000,2242.00000000,0.06592158
211.00000000,2243.00000000,0.06653113
211.00000000,2244.00000000,0.06714455
211.00000000,2245.00000000,0.06776182
211.00000000,2246.00000000,0.06838289
211.00000000,2247.00000000,0.06900782
211.00000000,2248.00000000,0.06963655
211.00000000,2249.00000000,0.07026907
211.00000000,2250.00000000,0.07090486
211.00000000,2251.00000000,0.07154298
211.00000000,2252.00000000,0.07224561
211.00000000,2253.00000000,0.07294946
211.00000000,2254.00000000,0.07365422
211.00000000,2255.00000000,0.07435978
211.00000000,2256.00000000,0.07506598
211.00000000,2257.00000000,0.07577269
211.00000000,2258.00000000,0.07647989
211.00000000,2259.00000000,0.07718746
211.00000000,2260.00000000,0.07789541
211.00000000,2261.00000000,0.07860367
211.00000000,2262.00000000,0.07930861
211.00000000,2263.00000000,0.08001391
211.00000000,2264.00000000,0.08071953
211.00000000,2265.00000000,0.08142539
211.00000000,2266.00000000,0.08213152
211.00000000,2267.00000000,0.08283784
211.00000000,2268.00000000,0.08354426
211.00000000,2269.00000000,0.08425079
211.00000000,2270.00000000,0.08495730
211.00000000,2271.00000000,0.08566369
211.00000000,2272.00000000,0.08622704
211.00000000,2273.00000000,0.08678961
211.00000000,2274.00000000,0.08735146
211.00000000,2275.00000000,0.08791253
211.00000000,2276.00000000,0.08847278
211.00000000,2277.00000000,0.08903226
211.00000000,2278.00000000,0.08959090
211.00000000,2279.00000000,0.09014864
211.00000000,2280.00000000,0.09070552
211.00000000,2281.00000000,0.09126144
211.00000000,2282.00000000,0.09168562
211.00000000,2283.00000000,0.09210839
211.00000000,2284.00000000,0.09252969
211.00000000,2285.00000000,0.09294958
211.00000000,2286.00000000,0.09336806
211.00000000,2287.00000000,0.09378506
211.00000000,2288.00000000,0.09420068
211.00000000,2289.00000000,0.09461486
211.00000000,2290.00000000,0.09502756
211.00000000,2291.00000000,0.09543884
211.00000000,2292.00000000,0.09577480
211.00000000,2293.00000000,0.09610903
211.00000000,2294.00000000,0.09644162
211.00000000,2295.00000000,0.09677250
211.00000000,2296.00000000,0.09710176
211.00000000,2297.00000000,0.09742939
211.00000000,2298.00000000,0.09775533
211.00000000,2299.00000000,0.09807966
211.00000000,2300.00000000,0.09840236
211.00000000,2301.00000000,0.09872334
211.00000000,2302.00000000,0.09896582
211.00000000,2303.00000000,0.09920644
211.00000000,2304.00000000,0.09944512
211.00000000,2305.00000000,0.09968204
211.00000000,2306.00000000,0.09991712
211.00000000,2307.00000000,0.10015035
211.00000000,2308.00000000,0.10038184
211.00000000,2309.00000000,0.10061148
211.00000000,2310.00000000,0.10083939
211.00000000,2311.00000000,0.10106555
211.00000000,2312.00000000,0.10123036
211.00000000,2313.00000000,0.10139333
211.00000000,2314.00000000,0.10155445
211.00000000,2315.00000000,0.10171363
211.00000000,2316.00000000,0.10187103
211.00000000,2317.00000000,0.10202662
211.00000000,2318.00000000,0.10218034
211.00000000,2319.00000000,0.10233230
211.00000000,2320.00000000,0.10248244
211.00000000,2321.00000000,0.10263087
211.00000000,2322.00000000,0.10277755
211.00000000,2323.00000000,0.10292242
211.00000000,2324.00000000,0.10306560
211.00000000,2325.00000000,0.10320708
211.00000000,2326.00000000,0.10334677
211.00000000,2327.00000000,0.10348483
211.00000000,2328.00000000,0.10362117
211.00000000,2329.00000000,0.10375577
211.00000000,2330.00000000,0.10388875
211.00000000,2331.00000000,0.10402006
211.00000000,2332.00000000,0.10414962
211.00000000,2333.00000000,0.10427758
211.00000000,2334.00000000,0.10440380
211.00000000,2335.00000000,0.10452846
211.00000000,2336.00000000,0.10465146
211.00000000,2337.00000000,0.10477272
211.00000000,2338.00000000,0.10489244
211.00000000,2339.00000000,0.10501051
211.00000000,2340.00000000,0.10512684
211.00000000,2341.00000000,0.10524162
211.00000000,2342.00000000,0.10535477
211.00000000,2343.00000000,0.10546619
211.00000000,2344.00000000,0.10557606
211.00000000,2345.00000000,0.10568420
211.00000000,2346.00000000,0.10579080
211.00000000,2347.00000000,0.10589576
211.00000000,2348.00000000,0.10599898
211.00000000,2349.00000000,0.10610065
211.00000000,2350.00000000,0.10620067
211.00000000,2351.00000000,0.10629895
211.00000000,2352.00000000,0.10639566
211.00000000,2353.00000000,0.10649071
211.00000000,2354.00000000,0.10658400
211.00000000,2355.00000000,0.10667571
211.00000000,2356.00000000,0.10676565
211.00000000,2357.00000000,0.10685398
211.00000000,2358.00000000,0.10694060
211.00000000,2359.00000000,0.10702540
211.00000000,2360.00000000,0.10710850
211.00000000,2361.00000000,0.10718977
211.00000000,2362.00000000,0.10685476
211.00000000,2363.00000000,0.10651751
211.00000000,2364.00000000,0.10617799
211.00000000,2365.00000000,0.10583620
211.00000000,2366.00000000,0.10549229
211.00000000,2367.00000000,0.10514625
211.00000000,2368.00000000,0.10479804
211.00000000,2369.00000000,0.10444786
211.00000000,2370.00000000,0.10409561
211.00000000,2371.00000000,0.10374147
211.00000000,2372.00000000,0.10338540
211.00000000,2373.00000000,0.10302737
211.00000000,2374.00000000,0.10266757
211.00000000,2375.00000000,0.10230596
211.00000000,2376.00000000,0.10194251
211.00000000,2377.00000000,0.10157739
211.00000000,2378.00000000,0.10121056
211.00000000,2379.00000000,0.10084200
211.00000000,2380.00000000,0.10047189
211.00000000,2381.00000000,0.10010009
211.00000000,2382.00000000,0.09972680
211.00000000,2383.00000000,0.09935198
211.00000000,2384.00000000,0.09897558
211.00000000,2385.00000000,0.09859778
211.00000000,2386.00000000,0.09821855
211.00000000,2387.00000000,0.09783782
211.00000000,2388.00000000,0.09745578
211.00000000,2389.00000000,0.09707240
211.00000000,2390.00000000,0.09668761
211.00000000,2391.00000000,0.09630161
211.00000000,2392.00000000,0.09591433
211.00000000,2393.00000000,0.09552574
211.00000000,2394.00000000,0.09513600
211.00000000,2395.00000000,0.09474499
211.00000000,2396.00000000,0.09435291
211.00000000,2397.00000000,0.09395967
211.00000000,2398.00000000,0.09356526
211.00000000,2399.00000000,0.09316982
211.00000000,2400.00000000,0.09277332
211.00000000,2401.00000000,0.09237572
211.00000000,2402.00000000,0.09197715
211.00000000,2403.00000000,0.09157761
211.00000000,2404.00000000,0.09117701
211.00000000,2405.00000000,0.09077556
211.00000000,2406.00000000,0.09037311
211.00000000,2407.00000000,0.08996982
211.00000000,2408.00000000,0.08956566
211.00000000,2409.00000000,0.08916056
211.00000000,2410.00000000,0.08875469
211.00000000,2411.00000000,0.08834801
211.00000000,2412.00000000,0.08794046
211.00000000,2413.00000000,0.08753219
211.00000000,2414.00000000,0.08712317
211.00000000,2415.00000000,0.08671334
211.00000000,2416.00000000,0.08630285
211.00000000,2417.00000000,0.08589167
211.00000000,2418.00000000,0.08547972
211.00000000,2419.00000000,0.08506719
211.00000000,2420.00000000,0.08465393
211.00000000,2421.00000000,0.08424011
211.00000000,2422.00000000,0.08382566
211.00000000,2423.00000000,0.08341057
211.00000000,2424.00000000,0.08299495
211.00000000,2425.00000000,0.08257878
211.00000000,2426.00000000,0.08216198
211.00000000,2427.00000000,0.08174473
211.00000000,2428.00000000,0.08132696
211.00000000,2429.00000000,0.08090862
211.00000000,2430.00000000,0.08048987
211.00000000,2431.00000000,0.08007059
211.00000000,2432.00000000,0.07965092
211.00000000,2433.00000000,0.07923081
211.00000000,2434.00000000,0.07881023
211.00000000,2435.00000000,0.07838930
211.00000000,2436.00000000,0.07796797
211.00000000,2437.00000000,0.07754620
211.00000000,2438.00000000,0.07712414
211.00000000,2439.00000000,0.07670173
211.00000000,2440.00000000,0.07627892
211.00000000,2441.00000000,0.07585586
211.00000000,2442.00000000,0.07543242
211.00000000,2443.00000000,0.07500876
211.00000000,2444.00000000,0.07458484
211.00000000,2445.00000000,0.07416056
211.00000000,2446.00000000,0.07373611
211.00000000,2447.00000000,0.07331144
211.00000000,2448.00000000,0.07288645
211.00000000,2449.00000000,0.07246134
211.00000000,2450.00000000,0.07203603
211.00000000,2451.00000000,0.07161046
211.00000000,2452.00000000,0.07118479
211.00000000,2453.00000000,0.07075897
211.00000000,2454.00000000,0.07033293
211.00000000,2455.00000000,0.06990684
211.00000000,2456.00000000,0.06948055
211.00000000,2457.00000000,0.06905425
211.00000000,2458.00000000,0.06862789
211.00000000,2459.00000000,0.06820144
211.00000000,2460.00000000,0.06786458
211.00000000,2461.00000000,0.06779126
211.00000000,2462.00000000,0.06778999
211.00000000,2463.00000000,0.06778890
211.00000000,2464.00000000,0.06778793
211.00000000,2465.00000000,0.06778699
211.00000000,2466.00000000,0.06778624
211.00000000,2467.00000000,0.06779680
211.00000000,2468.00000000,0.06780754
211.00000000,2469.00000000,0.06781837
211.00000000,2470.00000000,0.06782924
211.00000000,2471.00000000,0.06784025
211.00000000,2472.00000000,0.06782906
211.00000000,2473.00000000,0.06781787
211.00000000,2474.00000000,0.06780683
211.00000000,2475.00000000,0.06779587
211.00000000,2476.00000000,0.06778490
211.00000000,2477.00000000,0.06777408
211.00000000,2478.00000000,0.06776334
211.00000000,2479.00000000,0.06775259
211.00000000,2480.00000000,0.06774198
211.00000000,2481.00000000,0.06773136
211.00000000,2482.00000000,0.06772088
211.00000000,2483.00000000,0.06771046
211.00000000,2484.00000000,0.06770002
211.00000000,2485.00000000,0.06768972
211.00000000,2486.00000000,0.06767948
211.00000000,2487.00000000,0.06766825
211.00000000,2488.00000000,0.06765716
211.00000000,2489.00000000,0.06764612
211.00000000,2490.00000000,0.06763504
211.00000000,2491.00000000,0.06762410
211.00000000,2492.00000000,0.06761312
211.00000000,2493.00000000,0.06760227
211.00000000,2494.00000000,0.06759148
211.00000000,2495.00000000,0.06758064
211.00000000,2496.00000000,0.06756993
211.00000000,2497.00000000,0.06755926
211.00000000,2498.00000000,0.06754855
211.00000000,2499.00000000,0.06753796
211.00000000,2500.00000000,0.06752741
212.00000000,1765.00000000,0.04340829
212.00000000,1766.00000000,0.04340835
212.00000000,1767.00000000,0.04340839
212.00000000,1768.00000000,0.04340849
212.00000000,1769.00000000,0.04340872
212.00000000,1770.00000000,0.04340881
212.00000000,1771.00000000,0.04340906
212.00000000,1772.00000000,0.04340955
212.00000000,1773.00000000,0.04341001
212.00000000,1774.00000000,0.04341045
212.00000000,1775.00000000,0.04341123
212.00000000,1776.00000000,0.04341186
212.00000000,1777.00000000,0.04341273
212.00000000,1778.00000000,0.04341364
212.00000000,1779.00000000,0.04341456
212.00000000,1780.00000000,0.04341565
212.00000000,1781.00000000,0.04341676
212.00000000,1782.00000000,0.04341802
212.00000000,1783.00000000,0.04341930
212.00000000,1784.00000000,0.04342046
212.00000000,1785.00000000,0.04342196
212.00000000,1786.00000000,0.04342338
212.00000000,1787.00000000,0.04342487
212.00000000,1788.00000000,0.04342634
212.00000000,1789.00000000,0.04342789
212.00000000,1790.00000000,0.04342964
212.00000000,1791.00000000,0.04343129
212.00000000,1792.00000000,0.04343305
212.00000000,1793.00000000,0.04343477
212.00000000,1794.00000000,0.04343669
212.00000000,1795.00000000,0.04343851
212.00000000,1796.00000000,0.04344034
212.00000000,1797.00000000,0.04344230
212.00000000,1798.00000000,0.04344420
212.00000000,1799.00000000,0.04344627
212.00000000,1800.00000000,0.04344826
212.00000000,1801.00000000,0.04345022
212.00000000,1802.00000000,0.04345235
212.00000000,1803.00000000,0.04345433
212.00000000,1804.00000000,0.04345648
212.00000000,1805.00000000,0.04345862
212.00000000,1806.00000000,0.04346073
212.00000000,1807.00000000,0.04346285
212.00000000,1808.00000000,0.04346494
212.00000000,1809.00000000,0.04346710
212.00000000,1810.00000000,0.04346928
212.00000000,1811.00000000,0.04347149
212.00000000,1812.00000000,0.04347380
212.00000000,1813.00000000,0.04347598
212.00000000,1814.00000000,0.04347815
212.00000000,1815.00000000,0.04348039
212.00000000,1816.00000000,0.04348269
212.00000000,1817.00000000,0.04348486
212.00000000,1818.00000000,0.04348719
212.00000000,1819.00000000,0.04348935
212.00000000,1820.00000000,0.04349161
212.00000000,1821.00000000,0.04349392
212.00000000,1822.00000000,0.04349620
212.00000000,1823.00000000,0.04349842
212.00000000,1824.00000000,0.04350065
212.00000000,1825.00000000,0.04350291
212.00000000,1826.00000000,0.04350519
212.00000000,1827.00000000,0.04350745
212.00000000,1828.00000000,0.04350969
212.00000000,1829.00000000,0.04351191
212.00000000,1830.00000000,0.04351417
212.00000000,1831.00000000,0.04351636
212.00000000,1832.00000000,0.04351865
212.00000000,1833.00000000,0.04352070
212.00000000,1834.00000000,0.04352289
212.00000000,1835.00000000,0.04352509
212.00000000,1836.00000000,0.04352729
212.00000000,1837.00000000,0.04352941
212.00000000,1838.00000000,0.04353150
212.00000000,1839.00000000,0.04353367
212.00000000,1840.00000000,0.04353575
212.00000000,1841.00000000,0.04353785
212.00000000,1842.00000000,0.04353989
212.00000000,1843.00000000,0.04354199
212.00000000,1844.00000000,0.04354397
212.00000000,1845.00000000,0.04354601
212.00000000,1846.00000000,0.04354805
212.00000000,1847.00000000,0.04354996
212.00000000,1848.00000000,0.04355198
212.00000000,1849.00000000,0.04355398
212.00000000,1850.00000000,0.04355582
212.00000000,1851.00000000,0.04355775
212.00000000,1852.00000000,0.04355959
212.00000000,1853.00000000,0.04356156
212.00000000,1854.00000000,0.04356374
212.00000000,1855.00000000,0.04356591
212.00000000,1856.00000000,0.04356782
212.00000000,1857.00000000,0.04356979
212.00000000,1858.00000000,0.04357171
212.00000000,1859.00000000,0.04357358
212.00000000,1860.00000000,0.04357541
212.00000000,1861.00000000,0.04357726
212.00000000,1862.00000000,0.04357890
212.00000000,1863.00000000,0.04358027
212.00000000,1864.00000000,0.04358114
212.00000000,1865.00000000,0.04358185
212.00000000,1866.00000000,0.04358239
212.00000000,1867.00000000,0.04358285
212.00000000,1868.00000000,0.04358299
212.00000000,1869.00000000,0.04358305
212.00000000,1870.00000000,0.04358293
212.00000000,1871.00000000,0.04358270
212.00000000,1872.00000000,0.04358258
212.00000000,1873.00000000,0.04358290
212.00000000,1874.00000000,0.04358333
212.00000000,1875.00000000,0.04358411
212.00000000,1876.00000000,0.04358500
212.00000000,1877.00000000,0.04358596
212.00000000,1878.00000000,0.04358703
212.00000000,1879.00000000,0.04358819
212.00000000,1880.00000000,0.04358941
212.00000000,1881.00000000,0.04359057
212.00000000,1882.00000000,0.04359174
212.00000000,1883.00000000,0.04359259
212.00000000,1884.00000000,0.04359329
212.00000000,1885.00000000,0.04359378
212.00000000,1886.00000000,0.04359421
212.00000000,1887.00000000,0.04359451
212.00000000,1888.00000000,0.04359473
212.00000000,1889.00000000,0.04359471
212.00000000,1890.00000000,0.04359453
212.00000000,1891.00000000,0.04359422
212.00000000,1892.00000000,0.04359365
212.00000000,1893.00000000,0.04359298
212.00000000,1894.00000000,0.04359230
212.00000000,1895.00000000,0.04359174
212.00000000,1896.00000000,0.04359110
212.00000000,1897.00000000,0.04359045
212.00000000,1898.00000000,0.04358972
212.00000000,1899.00000000,0.04358892
212.00000000,1900.00000000,0.04358789
212.00000000,1901.00000000,0.04358668
212.00000000,1902.00000000,0.04358558
212.00000000,1903.00000000,0.04358448
212.00000000,1904.00000000,0.04358345
212.00000000,1905.00000000,0.04358250
212.00000000,1906.00000000,0.04358170
212.00000000,1907.00000000,0.04358098
212.00000000,1908.00000000,0.04358018
212.00000000,1909.00000000,0.04357934
212.00000000,1910.00000000,0.04357851
212.00000000,1911.00000000,0.04357755
212.00000000,1912.00000000,0.04357623
212.00000000,1913.00000000,0.04357444
212.00000000,1914.00000000,0.04357204
212.00000000,1915.00000000,0.04356933
212.00000000,1916.00000000,0.04356668
212.00000000,1917.00000000,0.04356384
212.00000000,1918.00000000,0.04356098
212.00000000,1919.00000000,0.04355814
212.00000000,1920.00000000,0.04355557
212.00000000,1921.00000000,0.04355327
212.00000000,1922.00000000,0.04355160
212.00000000,1923.00000000,0.04355024
212.00000000,1924.00000000,0.04354895
212.00000000,1925.00000000,0.04354761
212.00000000,1926.00000000,0.04354612
212.00000000,1927.00000000,0.04354464
212.00000000,1928.00000000,0.04354322
212.00000000,1929.00000000,0.04354176
212.00000000,1930.00000000,0.04354034
212.00000000,1931.00000000,0.04353952
212.00000000,1932.00000000,0.04353945
212.00000000,1933.00000000,0.04353974
212.00000000,1934.00000000,0.04354035
212.00000000,1935.00000000,0.04354088
212.00000000,1936.00000000,0.04354110
212.00000000,1937.00000000,0.04354075
212.00000000,1938.00000000,0.04353969
212.00000000,1939.00000000,0.04353807
212.00000000,1940.00000000,0.04353607
212.00000000,1941.00000000,0.04353346
212.00000000,1942.00000000,0.04353023
212.00000000,1943.00000000,0.04352660
212.00000000,1944.00000000,0.04352264
212.00000000,1945.00000000,0.04351866
212.00000000,1946.00000000,0.04351518
212.00000000,1947.00000000,0.04351265
212.00000000,1948.00000000,0.04351059
212.00000000,1949.00000000,0.04350848
212.00000000,1950.00000000,0.04350636
212.00000000,1951.00000000,0.04350414
212.00000000,1952.00000000,0.04350227
212.00000000,1953.00000000,0.04350054
212.00000000,1954.00000000,0.04349876
212.00000000,1955.00000000,0.04349716
212.00000000,1956.00000000,0.04349555
212.00000000,1957.00000000,0.04349375
212.00000000,1958.00000000,0.04349169
212.00000000,1959.00000000,0.04348928
212.00000000,1960.00000000,0.04348581
212.00000000,1961.00000000,0.04348133
212.00000000,1962.00000000,0.04347633
212.00000000,1963.00000000,0.04347081
212.00000000,1964.00000000,0.04346468
212.00000000,1965.00000000,0.04345775
212.00000000,1966.00000000,0.04345001
212.00000000,1967.00000000,0.04344151
212.00000000,1968.00000000,0.04343214
212.00000000,1969.00000000,0.04342154
212.00000000,1970.00000000,0.04340954
212.00000000,1971.00000000,0.04339565
212.00000000,1972.00000000,0.04337939
212.00000000,1973.00000000,0.04336111
212.00000000,1974.00000000,0.04334116
212.00000000,1975.00000000,0.04332023
212.00000000,1976.00000000,0.04329905
212.00000000,1977.00000000,0.04327797
212.00000000,1978.00000000,0.04326077
212.00000000,1979.00000000,0.04323941
212.00000000,1980.00000000,0.04321763
212.00000000,1981.00000000,0.04319581
212.00000000,1982.00000000,0.04317511
212.00000000,1983.00000000,0.04315813
212.00000000,1984.00000000,0.04314213
212.00000000,1985.00000000,0.04312796
212.00000000,1986.00000000,0.04311474
212.00000000,1987.00000000,0.04310209
212.00000000,1988.00000000,0.04308952
212.00000000,1989.00000000,0.04307672
212.00000000,1990.00000000,0.04306368
212.00000000,1991.00000000,0.04305046
212.00000000,1992.00000000,0.04303751
212.00000000,1993.00000000,0.04302621
212.00000000,1994.00000000,0.04301420
212.00000000,1995.00000000,0.04300265
212.00000000,1996.00000000,0.04299118
212.00000000,1997.00000000,0.04297939
212.00000000,1998.00000000,0.04296715
212.00000000,1999.00000000,0.04295488
212.00000000,2000.00000000,0.04294263
212.00000000,2001.00000000,0.04293020
212.00000000,2002.00000000,0.04291750
212.00000000,2003.00000000,0.04290614
212.00000000,2004.00000000,0.04289277
212.00000000,2005.00000000,0.04287787
212.00000000,2006.00000000,0.04286078
212.00000000,2007.00000000,0.04284140
212.00000000,2008.00000000,0.04282003
212.00000000,2009.00000000,0.04279819
212.00000000,2010.00000000,0.04277340
212.00000000,2011.00000000,0.04274703
212.00000000,2012.00000000,0.04272059
212.00000000,2013.00000000,0.04269128
212.00000000,2014.00000000,0.04266305
212.00000000,2015.00000000,0.04262939
212.00000000,2016.00000000,0.04259551
212.00000000,2017.00000000,0.04256027
212.00000000,2018.00000000,0.04252500
212.00000000,2019.00000000,0.04248708
212.00000000,2020.00000000,0.04244799
212.00000000,2021.00000000,0.04240778
212.00000000,2022.00000000,0.04236653
212.00000000,2023.00000000,0.04232576
212.00000000,2024.00000000,0.04228295
212.00000000,2025.00000000,0.04223944
212.00000000,2026.00000000,0.04219539
212.00000000,2027.00000000,0.04215210
212.00000000,2028.00000000,0.04210837
212.00000000,2029.00000000,0.04206420
212.00000000,2030.00000000,0.04201830
212.00000000,2031.00000000,0.04197203
212.00000000,2032.00000000,0.04192527
212.00000000,2033.00000000,0.04187788
212.00000000,2034.00000000,0.04183112
212.00000000,2035.00000000,0.04178361
212.00000000,2036.00000000,0.04173400
212.00000000,2037.00000000,0.04168497
212.00000000,2038.00000000,0.04163393
212.00000000,2039.00000000,0.04158343
212.00000000,2040.00000000,0.04153099
212.00000000,2041.00000000,0.04147784
212.00000000,2042.00000000,0.04143164
212.00000000,2043.00000000,0.04137563
212.00000000,2044.00000000,0.04131994
212.00000000,2045.00000000,0.04126464
212.00000000,2046.00000000,0.04120714
212.00000000,2047.00000000,0.04114996
212.00000000,2048.00000000,0.04109574
212.00000000,2049.00000000,0.04103562
212.00000000,2050.00000000,0.04097594
212.00000000,2051.00000000,0.04091556
212.00000000,2052.00000000,0.04085567
212.00000000,2053.00000000,0.04079393
212.00000000,2054.00000000,0.04073284
212.00000000,2055.00000000,0.04066990
212.00000000,2056.00000000,0.04060771
212.00000000,2057.00000000,0.04054753
212.00000000,2058.00000000,0.04048185
212.00000000,2059.00000000,0.04041953
212.00000000,2060.00000000,0.04035433
212.00000000,2061.00000000,0.04029127
212.00000000,2062.00000000,0.04022944
212.00000000,2063.00000000,0.04016291
212.00000000,2064.00000000,0.04010060
212.00000000,2065.00000000,0.04003762
212.00000000,2066.00000000,0.03998504
212.00000000,2067.00000000,0.03992326
212.00000000,2068.00000000,0.03986578
212.00000000,2069.00000000,0.03980398
212.00000000,2070.00000000,0.03974279
212.00000000,2071.00000000,0.03968711
212.00000000,2072.00000000,0.03963584
212.00000000,2073.00000000,0.03958069
212.00000000,2074.00000000,0.03952423
212.00000000,2075.00000000,0.03947496
212.00000000,2076.00000000,0.03942815
212.00000000,2077.00000000,0.03938131
212.00000000,2078.00000000,0.03933083
212.00000000,2079.00000000,0.03928780
212.00000000,2080.00000000,0.03924197
212.00000000,2081.00000000,0.03919968
212.00000000,2082.00000000,0.03915617
212.00000000,2083.00000000,0.03911869
212.00000000,2084.00000000,0.03909212
212.00000000,2085.00000000,0.03905957
212.00000000,2086.00000000,0.03900304
212.00000000,2087.00000000,0.03897629
212.00000000,2088.00000000,0.03893745
212.00000000,2089.00000000,0.03889965
212.00000000,2090.00000000,0.03886098
212.00000000,2091.00000000,0.03883809
212.00000000,2092.00000000,0.03883047
212.00000000,2093.00000000,0.03880140
212.00000000,2094.00000000,0.03878049
212.00000000,2095.00000000,0.03876428
212.00000000,2096.00000000,0.03873380
212.00000000,2097.00000000,0.03870322
212.00000000,2098.00000000,0.03867608
212.00000000,2099.00000000,0.03866179
212.00000000,2100.00000000,0.03866961
212.00000000,2101.00000000,0.03864084
212.00000000,2102.00000000,0.03864717
212.00000000,2103.00000000,0.03863943
212.00000000,2104.00000000,0.03861645
212.00000000,2105.00000000,0.03858764
212.00000000,2106.00000000,0.03857997
212.00000000,2107.00000000,0.03858519
212.00000000,2108.00000000,0.03857983
212.00000000,2109.00000000,0.03858497
212.00000000,2110.00000000,0.03859587
212.00000000,2111.00000000,0.03862764
212.00000000,2112.00000000,0.03864297
212.00000000,2113.00000000,0.03864878
212.00000000,2114.00000000,0.03865093
212.00000000,2115.00000000,0.03869705
212.00000000,2116.00000000,0.03869283
212.00000000,2117.00000000,0.03872665
212.00000000,2118.00000000,0.03876703
212.00000000,2119.00000000,0.03884635
212.00000000,2120.00000000,0.03879744
212.00000000,2121.00000000,0.03882916
212.00000000,2122.00000000,0.03886022
212.00000000,2123.00000000,0.03887206
212.00000000,2124.00000000,0.03891449
212.00000000,2125.00000000,0.03898164
212.00000000,2126.00000000,0.03886755
212.00000000,2127.00000000,0.03884772
212.00000000,2128.00000000,0.03891527
212.00000000,2129.00000000,0.03897295
212.00000000,2130.00000000,0.03894675
212.00000000,2131.00000000,0.03879289
212.00000000,2132.00000000,0.03893533
212.00000000,2133.00000000,0.03878394
212.00000000,2134.00000000,0.03883068
212.00000000,2135.00000000,0.03897386
212.00000000,2136.00000000,0.03896536
212.00000000,2137.00000000,0.03897942
212.00000000,2138.00000000,0.03898946
212.00000000,2139.00000000,0.03908199
212.00000000,2140.00000000,0.03908747
212.00000000,2141.00000000,0.03918213
212.00000000,2142.00000000,0.03907909
212.00000000,2143.00000000,0.03895226
212.00000000,2144.00000000,0.03884894
212.00000000,2145.00000000,0.03890638
212.00000000,2146.00000000,0.03900377
212.00000000,2147.00000000,0.03907208
212.00000000,2148.00000000,0.03919763
212.00000000,2149.00000000,0.03929631
212.00000000,2150.00000000,0.03922779
212.00000000,2151.00000000,0.03929488
212.00000000,2152.00000000,0.03942916
212.00000000,2153.00000000,0.03948285
212.00000000,2154.00000000,0.03950797
212.00000000,2155.00000000,0.03958282
212.00000000,2156.00000000,0.03959477
212.00000000,2157.00000000,0.03936200
212.00000000,2158.00000000,0.03947848
212.00000000,2159.00000000,0.03968555
212.00000000,2160.00000000,0.03980696
212.00000000,2161.00000000,0.03978491
212.00000000,2162.00000000,0.04006664
212.00000000,2163.00000000,0.04026722
212.00000000,2164.00000000,0.04034364
212.00000000,2165.00000000,0.04044217
212.00000000,2166.00000000,0.04051892
212.00000000,2167.00000000,0.04077627
212.00000000,2168.00000000,0.04098652
212.00000000,2169.00000000,0.04114943
212.00000000,2170.00000000,0.04127755
212.00000000,2171.00000000,0.04149135
212.00000000,2172.00000000,0.04168774
212.00000000,2173.00000000,0.04177266
212.00000000,2174.00000000,0.04196322
212.00000000,2175.00000000,0.04220509
212.00000000,2176.00000000,0.04246344
212.00000000,2177.00000000,0.04269743
212.00000000,2178.00000000,0.04296067
212.00000000,2179.00000000,0.04316321
212.00000000,2180.00000000,0.04345098
212.00000000,2181.00000000,0.04378216
212.00000000,2182.00000000,0.04419078
212.00000000,2183.00000000,0.04445993
212.00000000,2184.00000000,0.04474653
212.00000000,2185.00000000,0.04511528
212.00000000,2186.00000000,0.04521907
212.00000000,2187.00000000,0.04527977
212.00000000,2188.00000000,0.04569259
212.00000000,2189.00000000,0.04596376
212.00000000,2190.00000000,0.04615407
212.00000000,2191.00000000,0.04659008
212.00000000,2192.00000000,0.04662856
212.00000000,2193.00000000,0.04653871
212.00000000,2194.00000000,0.04659614
212.00000000,2195.00000000,0.04668372
212.00000000,2196.00000000,0.04700800
212.00000000,2197.00000000,0.04730359
212.00000000,2198.00000000,0.04761580
212.00000000,2199.00000000,0.04790267
212.00000000,2200.00000000,0.04827322
212.00000000,2201.00000000,0.04854263
212.00000000,2202.00000000,0.04872954
212.00000000,2203.00000000,0.04896135
212.00000000,2204.00000000,0.04894359
212.00000000,2205.00000000,0.04907546
212.00000000,2206.00000000,0.04934461
212.00000000,2207.00000000,0.04963042
212.00000000,2208.00000000,0.04992810
212.00000000,2209.00000000,0.05019269
212.00000000,2210.00000000,0.05028864
212.00000000,2211.00000000,0.05040093
212.00000000,2212.00000000,0.05074160
212.00000000,2213.00000000,0.05107893
212.00000000,2214.00000000,0.05128686
212.00000000,2215.00000000,0.05184678
212.00000000,2216.00000000,0.05247080
212.00000000,2217.00000000,0.05299155
212.00000000,2218.00000000,0.05338132
212.00000000,2219.00000000,0.05377429
212.00000000,2220.00000000,0.05417057
212.00000000,2221.00000000,0.05456981
212.00000000,2222.00000000,0.05497206
212.00000000,2223.00000000,0.05546498
212.00000000,2224.00000000,0.05596136
212.00000000,2225.00000000,0.05646122
212.00000000,2226.00000000,0.05696454
212.00000000,2227.00000000,0.05747126
212.00000000,2228.00000000,0.05798144
212.00000000,2229.00000000,0.05849503
212.00000000,2230.00000000,0.05901200
212.00000000,2231.00000000,0.05953237
212.00000000,2232.00000000,0.06005610
212.00000000,2233.00000000,0.06054359
212.00000000,2234.00000000,0.06103428
212.00000000,2235.00000000,0.06152811
212.00000000,2236.00000000,0.06202518
212.00000000,2237.00000000,0.06252547
212.00000000,2238.00000000,0.06302898
212.00000000,2239.00000000,0.06353579
212.00000000,2240.00000000,0.06404590
212.00000000,2241.00000000,0.06455933
212.00000000,2242.00000000,0.06507619
212.00000000,2243.00000000,0.06568067
212.00000000,2244.00000000,0.06628897
212.00000000,2245.00000000,0.06690115
212.00000000,2246.00000000,0.06751718
212.00000000,2247.00000000,0.06813701
212.00000000,2248.00000000,0.06876071
212.00000000,2249.00000000,0.06938813
212.00000000,2250.00000000,0.07001886
212.00000000,2251.00000000,0.07065197
212.00000000,2252.00000000,0.07128656
212.00000000,2253.00000000,0.07198492
212.00000000,2254.00000000,0.07268428
212.00000000,2255.00000000,0.07338444
212.00000000,2256.00000000,0.07408536
212.00000000,2257.00000000,0.07478689
212.00000000,2258.00000000,0.07548893
212.00000000,2259.00000000,0.07619147
212.00000000,2260.00000000,0.07689439
212.00000000,2261.00000000,0.07759775
212.00000000,2262.00000000,0.07830152
212.00000000,2263.00000000,0.07900207
212.00000000,2264.00000000,0.07970304
212.00000000,2265.00000000,0.08040437
212.00000000,2266.00000000,0.08110598
212.00000000,2267.00000000,0.08180790
212.00000000,2268.00000000,0.08251004
212.00000000,2269.00000000,0.08321230
212.00000000,2270.00000000,0.08391470
212.00000000,2271.00000000,0.08461712
212.00000000,2272.00000000,0.08531944
212.00000000,2273.00000000,0.08587932
212.00000000,2274.00000000,0.08643845
212.00000000,2275.00000000,0.08699690
212.00000000,2276.00000000,0.08755461
212.00000000,2277.00000000,0.08811152
212.00000000,2278.00000000,0.08866769
212.00000000,2279.00000000,0.08922306
212.00000000,2280.00000000,0.08977756
212.00000000,2281.00000000,0.09033122
212.00000000,2282.00000000,0.09088395
212.00000000,2283.00000000,0.09130551
212.00000000,2284.00000000,0.09172570
212.00000000,2285.00000000,0.09214443
212.00000000,2286.00000000,0.09256180
212.00000000,2287.00000000,0.09297777
212.00000000,2288.00000000,0.09339230
212.00000000,2289.00000000,0.09380546
212.00000000,2290.00000000,0.09421723
212.00000000,2291.00000000,0.09462752
212.00000000,2292.00000000,0.09503644
212.00000000,2293.00000000,0.09537036
212.00000000,2294.00000000,0.09570258
212.00000000,2295.00000000,0.09603319
212.00000000,2296.00000000,0.09636210
212.00000000,2297.00000000,0.09668944
212.00000000,2298.00000000,0.09701515
212.00000000,2299.00000000,0.09733919
212.00000000,2300.00000000,0.09766167
212.00000000,2301.00000000,0.09798250
212.00000000,2302.00000000,0.09830166
212.00000000,2303.00000000,0.09854264
212.00000000,2304.00000000,0.09878178
212.00000000,2305.00000000,0.09901903
212.00000000,2306.00000000,0.09925450
212.00000000,2307.00000000,0.09948818
212.00000000,2308.00000000,0.09972001
212.00000000,2309.00000000,0.09995011
212.00000000,2310.00000000,0.10017840
212.00000000,2311.00000000,0.10040499
212.00000000,2312.00000000,0.10062981
212.00000000,2313.00000000,0.10079358
212.00000000,2314.00000000,0.10095554
212.00000000,2315.00000000,0.10111563
212.00000000,2316.00000000,0.10127383
212.00000000,2317.00000000,0.10143028
212.00000000,2318.00000000,0.10158491
212.00000000,2319.00000000,0.10173767
212.00000000,2320.00000000,0.10188873
212.00000000,2321.00000000,0.10203796
212.00000000,2322.00000000,0.10218550
212.00000000,2323.00000000,0.10233129
212.00000000,2324.00000000,0.10247529
212.00000000,2325.00000000,0.10261764
212.00000000,2326.00000000,0.10275829
212.00000000,2327.00000000,0.10289714
212.00000000,2328.00000000,0.10303439
212.00000000,2329.00000000,0.10316996
212.00000000,2330.00000000,0.10330378
212.00000000,2331.00000000,0.10343600
212.00000000,2332.00000000,0.10356653
212.00000000,2333.00000000,0.10369535
212.00000000,2334.00000000,0.10382259
212.00000000,2335.00000000,0.10394810
212.00000000,2336.00000000,0.10407205
212.00000000,2337.00000000,0.10419436
212.00000000,2338.00000000,0.10431494
212.00000000,2339.00000000,0.10443396
212.00000000,2340.00000000,0.10455138
212.00000000,2341.00000000,0.10466706
212.00000000,2342.00000000,0.10478121
212.00000000,2343.00000000,0.10489374
212.00000000,2344.00000000,0.10500453
212.00000000,2345.00000000,0.10511380
212.00000000,2346.00000000,0.10522134
212.00000000,2347.00000000,0.10532735
212.00000000,2348.00000000,0.10543173
212.00000000,2349.00000000,0.10553438
212.00000000,2350.00000000,0.10563550
212.00000000,2351.00000000,0.10573497
212.00000000,2352.00000000,0.10583271
212.00000000,2353.00000000,0.10592889
212.00000000,2354.00000000,0.10602343
212.00000000,2355.00000000,0.10611622
212.00000000,2356.00000000,0.10620743
212.00000000,2357.00000000,0.10629689
212.00000000,2358.00000000,0.10638474
212.00000000,2359.00000000,0.10647089
212.00000000,2360.00000000,0.10655523
212.00000000,2361.00000000,0.10663789
212.00000000,2362.00000000,0.10671871
212.00000000,2363.00000000,0.10638509
212.00000000,2364.00000000,0.10604925
212.00000000,2365.00000000,0.10571115
212.00000000,2366.00000000,0.10537078
212.00000000,2367.00000000,0.10502831
212.00000000,2368.00000000,0.10468372
212.00000000,2369.00000000,0.10433697
212.00000000,2370.00000000,0.10398826
212.00000000,2371.00000000,0.10363748
212.00000000,2372.00000000,0.10328484
212.00000000,2373.00000000,0.10293027
212.00000000,2374.00000000,0.10257375
212.00000000,2375.00000000,0.10221546
212.00000000,2376.00000000,0.10185538
212.00000000,2377.00000000,0.10149347
212.00000000,2378.00000000,0.10112990
212.00000000,2379.00000000,0.10076463
212.00000000,2380.00000000,0.10039762
212.00000000,2381.00000000,0.10002908
212.00000000,2382.00000000,0.09965886
212.00000000,2383.00000000,0.09928716
212.00000000,2384.00000000,0.09891394
212.00000000,2385.00000000,0.09853914
212.00000000,2386.00000000,0.09816294
212.00000000,2387.00000000,0.09778533
212.00000000,2388.00000000,0.09740623
212.00000000,2389.00000000,0.09702582
212.00000000,2390.00000000,0.09664408
212.00000000,2391.00000000,0.09626093
212.00000000,2392.00000000,0.09587658
212.00000000,2393.00000000,0.09549095
212.00000000,2394.00000000,0.09510403
212.00000000,2395.00000000,0.09471595
212.00000000,2396.00000000,0.09432664
212.00000000,2397.00000000,0.09393622
212.00000000,2398.00000000,0.09354467
212.00000000,2399.00000000,0.09315195
212.00000000,2400.00000000,0.09275822
212.00000000,2401.00000000,0.09236341
212.00000000,2402.00000000,0.09196752
212.00000000,2403.00000000,0.09157067
212.00000000,2404.00000000,0.09117285
212.00000000,2405.00000000,0.09077399
212.00000000,2406.00000000,0.09037426
212.00000000,2407.00000000,0.08997355
212.00000000,2408.00000000,0.08957199
212.00000000,2409.00000000,0.08916958
212.00000000,2410.00000000,0.08876624
212.00000000,2411.00000000,0.08836211
212.00000000,2412.00000000,0.08795719
212.00000000,2413.00000000,0.08755141
212.00000000,2414.00000000,0.08714491
212.00000000,2415.00000000,0.08673765
212.00000000,2416.00000000,0.08632959
212.00000000,2417.00000000,0.08592089
212.00000000,2418.00000000,0.08551148
212.00000000,2419.00000000,0.08510132
212.00000000,2420.00000000,0.08469056
212.00000000,2421.00000000,0.08427909
212.00000000,2422.00000000,0.08386706
212.00000000,2423.00000000,0.08345442
212.00000000,2424.00000000,0.08304112
212.00000000,2425.00000000,0.08262731
212.00000000,2426.00000000,0.08221294
212.00000000,2427.00000000,0.08179795
212.00000000,2428.00000000,0.08138250
212.00000000,2429.00000000,0.08096655
212.00000000,2430.00000000,0.08055002
212.00000000,2431.00000000,0.08013309
212.00000000,2432.00000000,0.07971562
212.00000000,2433.00000000,0.07929777
212.00000000,2434.00000000,0.07887949
212.00000000,2435.00000000,0.07846072
212.00000000,2436.00000000,0.07804161
212.00000000,2437.00000000,0.07762212
212.00000000,2438.00000000,0.07720219
212.00000000,2439.00000000,0.07678196
212.00000000,2440.00000000,0.07636139
212.00000000,2441.00000000,0.07594041
212.00000000,2442.00000000,0.07551918
212.00000000,2443.00000000,0.07509759
212.00000000,2444.00000000,0.07467578
212.00000000,2445.00000000,0.07425368
212.00000000,2446.00000000,0.07383127
212.00000000,2447.00000000,0.07340866
212.00000000,2448.00000000,0.07298582
212.00000000,2449.00000000,0.07256270
212.00000000,2450.00000000,0.07213943
212.00000000,2451.00000000,0.07171598
212.00000000,2452.00000000,0.07129225
212.00000000,2453.00000000,0.07086844
212.00000000,2454.00000000,0.07044447
212.00000000,2455.00000000,0.07002028
212.00000000,2456.00000000,0.06959603
212.00000000,2457.00000000,0.06917161
212.00000000,2458.00000000,0.06874717
212.00000000,2459.00000000,0.06832266
212.00000000,2460.00000000,0.06789807
212.00000000,2461.00000000,0.06756267
212.00000000,2462.00000000,0.06748963
212.00000000,2463.00000000,0.06748833
212.00000000,2464.00000000,0.06748720
212.00000000,2465.00000000,0.06748620
212.00000000,2466.00000000,0.06748522
212.00000000,2467.00000000,0.06748443
212.00000000,2468.00000000,0.06749491
212.00000000,2469.00000000,0.06750556
212.00000000,2470.00000000,0.06751630
212.00000000,2471.00000000,0.06752708
212.00000000,2472.00000000,0.06753801
212.00000000,2473.00000000,0.06752682
212.00000000,2474.00000000,0.06751564
212.00000000,2475.00000000,0.06750461
212.00000000,2476.00000000,0.06749366
212.00000000,2477.00000000,0.06748270
212.00000000,2478.00000000,0.06747189
212.00000000,2479.00000000,0.06746116
212.00000000,2480.00000000,0.06745041
212.00000000,2481.00000000,0.06743981
212.00000000,2482.00000000,0.06742919
212.00000000,2483.00000000,0.06741872
212.00000000,2484.00000000,0.06740831
212.00000000,2485.00000000,0.06739788
212.00000000,2486.00000000,0.06738758
212.00000000,2487.00000000,0.06737736
212.00000000,2488.00000000,0.06736613
212.00000000,2489.00000000,0.06735504
212.00000000,2490.00000000,0.06734401
212.00000000,2491.00000000,0.06733295
212.00000000,2492.00000000,0.06732201
212.00000000,2493.00000000,0.06731104
212.00000000,2494.00000000,0.06730021
212.00000000,2495.00000000,0.06728941
212.00000000,2496.00000000,0.06727858
212.00000000,2497.00000000,0.06726788
212.00000000,2498.00000000,0.06725722
212.00000000,2499.00000000,0.06724652
212.00000000,2500.00000000,0.06723593
213.00000000,1765.00000000,0.04315966
213.00000000,1766.00000000,0.04315968
213.00000000,1767.00000000,0.04315977
213.00000000,1768.00000000,0.04315987
213.00000000,1769.00000000,0.04316003
213.00000000,1770.00000000,0.04316033
213.00000000,1771.00000000,0.04316050
213.00000000,1772.00000000,0.04316084
213.00000000,1773.00000000,0.04316141
213.00000000,1774.00000000,0.04316194
213.00000000,1775.00000000,0.04316247
213.00000000,1776.00000000,0.04316332
213.00000000,1777.00000000,0.04316403
213.00000000,1778.00000000,0.04316498
213.00000000,1779.00000000,0.04316596
213.00000000,1780.00000000,0.04316695
213.00000000,1781.00000000,0.04316812
213.00000000,1782.00000000,0.04316928
213.00000000,1783.00000000,0.04317060
213.00000000,1784.00000000,0.04317194
213.00000000,1785.00000000,0.04317315
213.00000000,1786.00000000,0.04317470
213.00000000,1787.00000000,0.04317617
213.00000000,1788.00000000,0.04317770
213.00000000,1789.00000000,0.04317921
213.00000000,1790.00000000,0.04318081
213.00000000,1791.00000000,0.04318260
213.00000000,1792.00000000,0.04318427
213.00000000,1793.00000000,0.04318606
213.00000000,1794.00000000,0.04318782
213.00000000,1795.00000000,0.04318976
213.00000000,1796.00000000,0.04319160
213.00000000,1797.00000000,0.04319345
213.00000000,1798.00000000,0.04319543
213.00000000,1799.00000000,0.04319734
213.00000000,1800.00000000,0.04319943
213.00000000,1801.00000000,0.04320144
213.00000000,1802.00000000,0.04320340
213.00000000,1803.00000000,0.04320554
213.00000000,1804.00000000,0.04320753
213.00000000,1805.00000000,0.04320969
213.00000000,1806.00000000,0.04321183
213.00000000,1807.00000000,0.04321395
213.00000000,1808.00000000,0.04321607
213.00000000,1809.00000000,0.04321816
213.00000000,1810.00000000,0.04322032
213.00000000,1811.00000000,0.04322251
213.00000000,1812.00000000,0.04322471
213.00000000,1813.00000000,0.04322702
213.00000000,1814.00000000,0.04322920
213.00000000,1815.00000000,0.04323137
213.00000000,1816.00000000,0.04323360
213.00000000,1817.00000000,0.04323589
213.00000000,1818.00000000,0.04323805
213.00000000,1819.00000000,0.04324036
213.00000000,1820.00000000,0.04324252
213.00000000,1821.00000000,0.04324476
213.00000000,1822.00000000,0.04324706
213.00000000,1823.00000000,0.04324933
213.00000000,1824.00000000,0.04325154
213.00000000,1825.00000000,0.04325375
213.00000000,1826.00000000,0.04325599
213.00000000,1827.00000000,0.04325826
213.00000000,1828.00000000,0.04326050
213.00000000,1829.00000000,0.04326272
213.00000000,1830.00000000,0.04326492
213.00000000,1831.00000000,0.04326716
213.00000000,1832.00000000,0.04326932
213.00000000,1833.00000000,0.04327159
213.00000000,1834.00000000,0.04327362
213.00000000,1835.00000000,0.04327578
213.00000000,1836.00000000,0.04327796
213.00000000,1837.00000000,0.04328014
213.00000000,1838.00000000,0.04328223
213.00000000,1839.00000000,0.04328429
213.00000000,1840.00000000,0.04328643
213.00000000,1841.00000000,0.04328849
213.00000000,1842.00000000,0.04329056
213.00000000,1843.00000000,0.04329257
213.00000000,1844.00000000,0.04329464
213.00000000,1845.00000000,0.04329659
213.00000000,1846.00000000,0.04329860
213.00000000,1847.00000000,0.04330061
213.00000000,1848.00000000,0.04330248
213.00000000,1849.00000000,0.04330448
213.00000000,1850.00000000,0.04330644
213.00000000,1851.00000000,0.04330823
213.00000000,1852.00000000,0.04331011
213.00000000,1853.00000000,0.04331214
213.00000000,1854.00000000,0.04331418
213.00000000,1855.00000000,0.04331632
213.00000000,1856.00000000,0.04331841
213.00000000,1857.00000000,0.04332025
213.00000000,1858.00000000,0.04332215
213.00000000,1859.00000000,0.04332402
213.00000000,1860.00000000,0.04332585
213.00000000,1861.00000000,0.04332762
213.00000000,1862.00000000,0.04332935
213.00000000,1863.00000000,0.04333060
213.00000000,1864.00000000,0.04333165
213.00000000,1865.00000000,0.04333228
213.00000000,1866.00000000,0.04333278
213.00000000,1867.00000000,0.04333314
213.00000000,1868.00000000,0.04333344
213.00000000,1869.00000000,0.04333342
213.00000000,1870.00000000,0.04333332
213.00000000,1871.00000000,0.04333311
213.00000000,1872.00000000,0.04333295
213.00000000,1873.00000000,0.04333323
213.00000000,1874.00000000,0.04333383
213.00000000,1875.00000000,0.04333445
213.00000000,1876.00000000,0.04333537
213.00000000,1877.00000000,0.04333636
213.00000000,1878.00000000,0.04333740
213.00000000,1879.00000000,0.04333854
213.00000000,1880.00000000,0.04333972
213.00000000,1881.00000000,0.04334093
213.00000000,1882.00000000,0.04334209
213.00000000,1883.00000000,0.04334298
213.00000000,1884.00000000,0.04334359
213.00000000,1885.00000000,0.04334412
213.00000000,1886.00000000,0.04334450
213.00000000,1887.00000000,0.04334483
213.00000000,1888.00000000,0.04334502
213.00000000,1889.00000000,0.04334507
213.00000000,1890.00000000,0.04334486
213.00000000,1891.00000000,0.04334449
213.00000000,1892.00000000,0.04334399
213.00000000,1893.00000000,0.04334334
213.00000000,1894.00000000,0.04334265
213.00000000,1895.00000000,0.04334203
213.00000000,1896.00000000,0.04334147
213.00000000,1897.00000000,0.04334080
213.00000000,1898.00000000,0.04334008
213.00000000,1899.00000000,0.04333923
213.00000000,1900.00000000,0.04333825
213.00000000,1901.00000000,0.04333706
213.00000000,1902.00000000,0.04333593
213.00000000,1903.00000000,0.04333486
213.00000000,1904.00000000,0.04333383
213.00000000,1905.00000000,0.04333290
213.00000000,1906.00000000,0.04333208
213.00000000,1907.00000000,0.04333136
213.00000000,1908.00000000,0.04333058
213.00000000,1909.00000000,0.04332974
213.00000000,1910.00000000,0.04332891
213.00000000,1911.00000000,0.04332798
213.00000000,1912.00000000,0.04332666
213.00000000,1913.00000000,0.04332482
213.00000000,1914.00000000,0.04332248
213.00000000,1915.00000000,0.04331981
213.00000000,1916.00000000,0.04331707
213.00000000,1917.00000000,0.04331439
213.00000000,1918.00000000,0.04331146
213.00000000,1919.00000000,0.04330862
213.00000000,1920.00000000,0.04330608
213.00000000,1921.00000000,0.04330389
213.00000000,1922.00000000,0.04330210
213.00000000,1923.00000000,0.04330081
213.00000000,1924.00000000,0.04329951
213.00000000,1925.00000000,0.04329814
213.00000000,1926.00000000,0.04329673
213.00000000,1927.00000000,0.04329523
213.00000000,1928.00000000,0.04329380
213.00000000,1929.00000000,0.04329233
213.00000000,1930.00000000,0.04329097
213.00000000,1931.00000000,0.04329012
213.00000000,1932.00000000,0.04329002
213.00000000,1933.00000000,0.04329033
213.00000000,1934.00000000,0.04329092
213.00000000,1935.00000000,0.04329148
213.00000000,1936.00000000,0.04329167
213.00000000,1937.00000000,0.04329134
213.00000000,1938.00000000,0.04329025
213.00000000,1939.00000000,0.04328866
213.00000000,1940.00000000,0.04328664
213.00000000,1941.00000000,0.04328407
213.00000000,1942.00000000,0.04328083
213.00000000,1943.00000000,0.04327722
213.00000000,1944.00000000,0.04327329
213.00000000,1945.00000000,0.04326931
213.00000000,1946.00000000,0.04326587
213.00000000,1947.00000000,0.04326332
213.00000000,1948.00000000,0.04326125
213.00000000,1949.00000000,0.04325921
213.00000000,1950.00000000,0.04325703
213.00000000,1951.00000000,0.04325481
213.00000000,1952.00000000,0.04325298
213.00000000,1953.00000000,0.04325122
213.00000000,1954.00000000,0.04324947
213.00000000,1955.00000000,0.04324783
213.00000000,1956.00000000,0.04324623
213.00000000,1957.00000000,0.04324444
213.00000000,1958.00000000,0.04324236
213.00000000,1959.00000000,0.04323996
213.00000000,1960.00000000,0.04323648
213.00000000,1961.00000000,0.04323202
213.00000000,1962.00000000,0.04322703
213.00000000,1963.00000000,0.04322152
213.00000000,1964.00000000,0.04321538
213.00000000,1965.00000000,0.04320849
213.00000000,1966.00000000,0.04320076
213.00000000,1967.00000000,0.04319229
213.00000000,1968.00000000,0.04318293
213.00000000,1969.00000000,0.04317236
213.00000000,1970.00000000,0.04316040
213.00000000,1971.00000000,0.04314655
213.00000000,1972.00000000,0.04313035
213.00000000,1973.00000000,0.04311212
213.00000000,1974.00000000,0.04309224
213.00000000,1975.00000000,0.04307138
213.00000000,1976.00000000,0.04305025
213.00000000,1977.00000000,0.04302923
213.00000000,1978.00000000,0.04300811
213.00000000,1979.00000000,0.04299078
213.00000000,1980.00000000,0.04296909
213.00000000,1981.00000000,0.04294730
213.00000000,1982.00000000,0.04292666
213.00000000,1983.00000000,0.04290837
213.00000000,1984.00000000,0.04289374
213.00000000,1985.00000000,0.04287956
213.00000000,1986.00000000,0.04286643
213.00000000,1987.00000000,0.04285371
213.00000000,1988.00000000,0.04284117
213.00000000,1989.00000000,0.04282847
213.00000000,1990.00000000,0.04281538
213.00000000,1991.00000000,0.04280220
213.00000000,1992.00000000,0.04278929
213.00000000,1993.00000000,0.04277666
213.00000000,1994.00000000,0.04276600
213.00000000,1995.00000000,0.04275448
213.00000000,1996.00000000,0.04274300
213.00000000,1997.00000000,0.04273126
213.00000000,1998.00000000,0.04271908
213.00000000,1999.00000000,0.04270677
213.00000000,2000.00000000,0.04269458
213.00000000,2001.00000000,0.04268220
213.00000000,2002.00000000,0.04266951
213.00000000,2003.00000000,0.04265685
213.00000000,2004.00000000,0.04264484
213.00000000,2005.00000000,0.04263001
213.00000000,2006.00000000,0.04261293
213.00000000,2007.00000000,0.04259366
213.00000000,2008.00000000,0.04257237
213.00000000,2009.00000000,0.04254928
213.00000000,2010.00000000,0.04252591
213.00000000,2011.00000000,0.04249972
213.00000000,2012.00000000,0.04247201
213.00000000,2013.00000000,0.04244418
213.00000000,2014.00000000,0.04241348
213.00000000,2015.00000000,0.04238387
213.00000000,2016.00000000,0.04234891
213.00000000,2017.00000000,0.04231377
213.00000000,2018.00000000,0.04227736
213.00000000,2019.00000000,0.04224099
213.00000000,2020.00000000,0.04220205
213.00000000,2021.00000000,0.04216204
213.00000000,2022.00000000,0.04212103
213.00000000,2023.00000000,0.04207913
213.00000000,2024.00000000,0.04203782
213.00000000,2025.00000000,0.04199458
213.00000000,2026.00000000,0.04195072
213.00000000,2027.00000000,0.04190638
213.00000000,2028.00000000,0.04186284
213.00000000,2029.00000000,0.04181889
213.00000000,2030.00000000,0.04177454
213.00000000,2031.00000000,0.04172847
213.00000000,2032.00000000,0.04168197
213.00000000,2033.00000000,0.04163485
213.00000000,2034.00000000,0.04158700
213.00000000,2035.00000000,0.04153974
213.00000000,2036.00000000,0.04149171
213.00000000,2037.00000000,0.04144161
213.00000000,2038.00000000,0.04139210
213.00000000,2039.00000000,0.04134062
213.00000000,2040.00000000,0.04128970
213.00000000,2041.00000000,0.04123685
213.00000000,2042.00000000,0.04118322
213.00000000,2043.00000000,0.04113638
213.00000000,2044.00000000,0.04107975
213.00000000,2045.00000000,0.04102342
213.00000000,2046.00000000,0.04096748
213.00000000,2047.00000000,0.04090937
213.00000000,2048.00000000,0.04085161
213.00000000,2049.00000000,0.04079683
213.00000000,2050.00000000,0.04073625
213.00000000,2051.00000000,0.04067613
213.00000000,2052.00000000,0.04061535
213.00000000,2053.00000000,0.04055512
213.00000000,2054.00000000,0.04049309
213.00000000,2055.00000000,0.04043174
213.00000000,2056.00000000,0.04036860
213.00000000,2057.00000000,0.04030624
213.00000000,2058.00000000,0.04024591
213.00000000,2059.00000000,0.04018014
213.00000000,2060.00000000,0.04011772
213.00000000,2061.00000000,0.04005255
213.00000000,2062.00000000,0.03998977
213.00000000,2063.00000000,0.03992851
213.00000000,2064.00000000,0.03986277
213.00000000,2065.00000000,0.03980133
213.00000000,2066.00000000,0.03973929
213.00000000,2067.00000000,0.03968759
213.00000000,2068.00000000,0.03962676
213.00000000,2069.00000000,0.03957018
213.00000000,2070.00000000,0.03950929
213.00000000,2071.00000000,0.03944906
213.00000000,2072.00000000,0.03939446
213.00000000,2073.00000000,0.03934444
213.00000000,2074.00000000,0.03929071
213.00000000,2075.00000000,0.03923568
213.00000000,2076.00000000,0.03918782
213.00000000,2077.00000000,0.03914239
213.00000000,2078.00000000,0.03909687
213.00000000,2079.00000000,0.03904771
213.00000000,2080.00000000,0.03900588
213.00000000,2081.00000000,0.03896125
213.00000000,2082.00000000,0.03892019
213.00000000,2083.00000000,0.03887799
213.00000000,2084.00000000,0.03884182
213.00000000,2085.00000000,0.03881646
213.00000000,2086.00000000,0.03878515
213.00000000,2087.00000000,0.03872998
213.00000000,2088.00000000,0.03870435
213.00000000,2089.00000000,0.03866665
213.00000000,2090.00000000,0.03862993
213.00000000,2091.00000000,0.03859234
213.00000000,2092.00000000,0.03857050
213.00000000,2093.00000000,0.03856391
213.00000000,2094.00000000,0.03853604
213.00000000,2095.00000000,0.03851630
213.00000000,2096.00000000,0.03850117
213.00000000,2097.00000000,0.03847186
213.00000000,2098.00000000,0.03844241
213.00000000,2099.00000000,0.03841635
213.00000000,2100.00000000,0.03840298
213.00000000,2101.00000000,0.03841159
213.00000000,2102.00000000,0.03838392
213.00000000,2103.00000000,0.03839120
213.00000000,2104.00000000,0.03838452
213.00000000,2105.00000000,0.03836271
213.00000000,2106.00000000,0.03833508
213.00000000,2107.00000000,0.03832843
213.00000000,2108.00000000,0.03833452
213.00000000,2109.00000000,0.03833010
213.00000000,2110.00000000,0.03833605
213.00000000,2111.00000000,0.03834770
213.00000000,2112.00000000,0.03838005
213.00000000,2113.00000000,0.03839603
213.00000000,2114.00000000,0.03840252
213.00000000,2115.00000000,0.03840535
213.00000000,2116.00000000,0.03845184
213.00000000,2117.00000000,0.03844828
213.00000000,2118.00000000,0.03848250
213.00000000,2119.00000000,0.03852322
213.00000000,2120.00000000,0.03860261
213.00000000,2121.00000000,0.03855455
213.00000000,2122.00000000,0.03858661
213.00000000,2123.00000000,0.03861799
213.00000000,2124.00000000,0.03863025
213.00000000,2125.00000000,0.03867291
213.00000000,2126.00000000,0.03874012
213.00000000,2127.00000000,0.03862720
213.00000000,2128.00000000,0.03860796
213.00000000,2129.00000000,0.03867555
213.00000000,2130.00000000,0.03873332
213.00000000,2131.00000000,0.03870771
213.00000000,2132.00000000,0.03855522
213.00000000,2133.00000000,0.03869721
213.00000000,2134.00000000,0.03854716
213.00000000,2135.00000000,0.03859401
213.00000000,2136.00000000,0.03873671
213.00000000,2137.00000000,0.03872864
213.00000000,2138.00000000,0.03874300
213.00000000,2139.00000000,0.03875335
213.00000000,2140.00000000,0.03884569
213.00000000,2141.00000000,0.03885150
213.00000000,2142.00000000,0.03894595
213.00000000,2143.00000000,0.03884388
213.00000000,2144.00000000,0.03871816
213.00000000,2145.00000000,0.03861580
213.00000000,2146.00000000,0.03867323
213.00000000,2147.00000000,0.03877038
213.00000000,2148.00000000,0.03883861
213.00000000,2149.00000000,0.03896374
213.00000000,2150.00000000,0.03906216
213.00000000,2151.00000000,0.03899458
213.00000000,2152.00000000,0.03906241
213.00000000,2153.00000000,0.03919758
213.00000000,2154.00000000,0.03925292
213.00000000,2155.00000000,0.03927996
213.00000000,2156.00000000,0.03935649
213.00000000,2157.00000000,0.03937045
213.00000000,2158.00000000,0.03914102
213.00000000,2159.00000000,0.03925881
213.00000000,2160.00000000,0.03946665
213.00000000,2161.00000000,0.03958925
213.00000000,2162.00000000,0.03956911
213.00000000,2163.00000000,0.03985107
213.00000000,2164.00000000,0.04005227
213.00000000,2165.00000000,0.04012993
213.00000000,2166.00000000,0.04022954
213.00000000,2167.00000000,0.04030744
213.00000000,2168.00000000,0.04056495
213.00000000,2169.00000000,0.04077560
213.00000000,2170.00000000,0.04093911
213.00000000,2171.00000000,0.04106798
213.00000000,2172.00000000,0.04128206
213.00000000,2173.00000000,0.04147879
213.00000000,2174.00000000,0.04156458
213.00000000,2175.00000000,0.04175548
213.00000000,2176.00000000,0.04199741
213.00000000,2177.00000000,0.04225571
213.00000000,2178.00000000,0.04248977
213.00000000,2179.00000000,0.04275291
213.00000000,2180.00000000,0.04295563
213.00000000,2181.00000000,0.04324317
213.00000000,2182.00000000,0.04357390
213.00000000,2183.00000000,0.04398170
213.00000000,2184.00000000,0.04425067
213.00000000,2185.00000000,0.04453701
213.00000000,2186.00000000,0.04490512
213.00000000,2187.00000000,0.04500948
213.00000000,2188.00000000,0.04507094
213.00000000,2189.00000000,0.04548290
213.00000000,2190.00000000,0.04575385
213.00000000,2191.00000000,0.04594430
213.00000000,2192.00000000,0.04637934
213.00000000,2193.00000000,0.04641863
213.00000000,2194.00000000,0.04633016
213.00000000,2195.00000000,0.04638829
213.00000000,2196.00000000,0.04647643
213.00000000,2197.00000000,0.04680022
213.00000000,2198.00000000,0.04709544
213.00000000,2199.00000000,0.04740722
213.00000000,2200.00000000,0.04769376
213.00000000,2201.00000000,0.04806361
213.00000000,2202.00000000,0.04833277
213.00000000,2203.00000000,0.04851979
213.00000000,2204.00000000,0.04875151
213.00000000,2205.00000000,0.04873472
213.00000000,2206.00000000,0.04886692
213.00000000,2207.00000000,0.04913582
213.00000000,2208.00000000,0.04942131
213.00000000,2209.00000000,0.04971861
213.00000000,2210.00000000,0.04998298
213.00000000,2211.00000000,0.05007940
213.00000000,2212.00000000,0.05019210
213.00000000,2213.00000000,0.05053223
213.00000000,2214.00000000,0.05086903
213.00000000,2215.00000000,0.05107697
213.00000000,2216.00000000,0.05163547
213.00000000,2217.00000000,0.05225782
213.00000000,2218.00000000,0.05277734
213.00000000,2219.00000000,0.05316640
213.00000000,2220.00000000,0.05355868
213.00000000,2221.00000000,0.05395425
213.00000000,2222.00000000,0.05435278
213.00000000,2223.00000000,0.05475430
213.00000000,2224.00000000,0.05524617
213.00000000,2225.00000000,0.05574147
213.00000000,2226.00000000,0.05624026
213.00000000,2227.00000000,0.05674251
213.00000000,2228.00000000,0.05724816
213.00000000,2229.00000000,0.05775726
213.00000000,2230.00000000,0.05826978
213.00000000,2231.00000000,0.05878567
213.00000000,2232.00000000,0.05930496
213.00000000,2233.00000000,0.05982762
213.00000000,2234.00000000,0.06031418
213.00000000,2235.00000000,0.06080393
213.00000000,2236.00000000,0.06129684
213.00000000,2237.00000000,0.06179297
213.00000000,2238.00000000,0.06229234
213.00000000,2239.00000000,0.06279491
213.00000000,2240.00000000,0.06330079
213.00000000,2241.00000000,0.06380998
213.00000000,2242.00000000,0.06432247
213.00000000,2243.00000000,0.06483840
213.00000000,2244.00000000,0.06544164
213.00000000,2245.00000000,0.06604870
213.00000000,2246.00000000,0.06665965
213.00000000,2247.00000000,0.06727445
213.00000000,2248.00000000,0.06789304
213.00000000,2249.00000000,0.06851543
213.00000000,2250.00000000,0.06914109
213.00000000,2251.00000000,0.06976916
213.00000000,2252.00000000,0.07039877
213.00000000,2253.00000000,0.07102936
213.00000000,2254.00000000,0.07172327
213.00000000,2255.00000000,0.07241809
213.00000000,2256.00000000,0.07311366
213.00000000,2257.00000000,0.07380996
213.00000000,2258.00000000,0.07450686
213.00000000,2259.00000000,0.07520428
213.00000000,2260.00000000,0.07590223
213.00000000,2261.00000000,0.07660061
213.00000000,2262.00000000,0.07729952
213.00000000,2263.00000000,0.07799892
213.00000000,2264.00000000,0.07869517
213.00000000,2265.00000000,0.07939189
213.00000000,2266.00000000,0.08008901
213.00000000,2267.00000000,0.08078644
213.00000000,2268.00000000,0.08148421
213.00000000,2269.00000000,0.08218223
213.00000000,2270.00000000,0.08288041
213.00000000,2271.00000000,0.08357874
213.00000000,2272.00000000,0.08427712
213.00000000,2273.00000000,0.08497543
213.00000000,2274.00000000,0.08553190
213.00000000,2275.00000000,0.08608765
213.00000000,2276.00000000,0.08664275
213.00000000,2277.00000000,0.08719715
213.00000000,2278.00000000,0.08775078
213.00000000,2279.00000000,0.08830370
213.00000000,2280.00000000,0.08885584
213.00000000,2281.00000000,0.08940715
213.00000000,2282.00000000,0.08995763
213.00000000,2283.00000000,0.09050723
213.00000000,2284.00000000,0.09092621
213.00000000,2285.00000000,0.09134385
213.00000000,2286.00000000,0.09176007
213.00000000,2287.00000000,0.09217494
213.00000000,2288.00000000,0.09258844
213.00000000,2289.00000000,0.09300054
213.00000000,2290.00000000,0.09341130
213.00000000,2291.00000000,0.09382067
213.00000000,2292.00000000,0.09422861
213.00000000,2293.00000000,0.09463518
213.00000000,2294.00000000,0.09496711
213.00000000,2295.00000000,0.09529734
213.00000000,2296.00000000,0.09562600
213.00000000,2297.00000000,0.09595299
213.00000000,2298.00000000,0.09627841
213.00000000,2299.00000000,0.09660224
213.00000000,2300.00000000,0.09692441
213.00000000,2301.00000000,0.09724504
213.00000000,2302.00000000,0.09756407
213.00000000,2303.00000000,0.09788139
213.00000000,2304.00000000,0.09812091
213.00000000,2305.00000000,0.09835858
213.00000000,2306.00000000,0.09859440
213.00000000,2307.00000000,0.09882847
213.00000000,2308.00000000,0.09906074
213.00000000,2309.00000000,0.09929120
213.00000000,2310.00000000,0.09951996
213.00000000,2311.00000000,0.09974691
213.00000000,2312.00000000,0.09997217
213.00000000,2313.00000000,0.10019572
213.00000000,2314.00000000,0.10035846
213.00000000,2315.00000000,0.10051940
213.00000000,2316.00000000,0.10067851
213.00000000,2317.00000000,0.10083574
213.00000000,2318.00000000,0.10099121
213.00000000,2319.00000000,0.10114490
213.00000000,2320.00000000,0.10129675
213.00000000,2321.00000000,0.10144690
213.00000000,2322.00000000,0.10159522
213.00000000,2323.00000000,0.10174189
213.00000000,2324.00000000,0.10188682
213.00000000,2325.00000000,0.10202998
213.00000000,2326.00000000,0.10217148
213.00000000,2327.00000000,0.10231130
213.00000000,2328.00000000,0.10244937
213.00000000,2329.00000000,0.10258582
213.00000000,2330.00000000,0.10272061
213.00000000,2331.00000000,0.10285364
213.00000000,2332.00000000,0.10298510
213.00000000,2333.00000000,0.10311491
213.00000000,2334.00000000,0.10324299
213.00000000,2335.00000000,0.10336951
213.00000000,2336.00000000,0.10349431
213.00000000,2337.00000000,0.10361756
213.00000000,2338.00000000,0.10373917
213.00000000,2339.00000000,0.10385907
213.00000000,2340.00000000,0.10397745
213.00000000,2341.00000000,0.10409421
213.00000000,2342.00000000,0.10420925
213.00000000,2343.00000000,0.10432277
213.00000000,2344.00000000,0.10443467
213.00000000,2345.00000000,0.10454485
213.00000000,2346.00000000,0.10465352
213.00000000,2347.00000000,0.10476047
213.00000000,2348.00000000,0.10486589
213.00000000,2349.00000000,0.10496969
213.00000000,2350.00000000,0.10507180
213.00000000,2351.00000000,0.10517234
213.00000000,2352.00000000,0.10527127
213.00000000,2353.00000000,0.10536850
213.00000000,2354.00000000,0.10546415
213.00000000,2355.00000000,0.10555817
213.00000000,2356.00000000,0.10565048
213.00000000,2357.00000000,0.10574121
213.00000000,2358.00000000,0.10583018
213.00000000,2359.00000000,0.10591756
213.00000000,2360.00000000,0.10600325
213.00000000,2361.00000000,0.10608714
213.00000000,2362.00000000,0.10616935
213.00000000,2363.00000000,0.10624974
213.00000000,2364.00000000,0.10591750
213.00000000,2365.00000000,0.10558306
213.00000000,2366.00000000,0.10524637
213.00000000,2367.00000000,0.10490740
213.00000000,2368.00000000,0.10456638
213.00000000,2369.00000000,0.10422323
213.00000000,2370.00000000,0.10387793
213.00000000,2371.00000000,0.10353069
213.00000000,2372.00000000,0.10318139
213.00000000,2373.00000000,0.10283022
213.00000000,2374.00000000,0.10247716
213.00000000,2375.00000000,0.10212214
213.00000000,2376.00000000,0.10176537
213.00000000,2377.00000000,0.10140681
213.00000000,2378.00000000,0.10104643
213.00000000,2379.00000000,0.10068439
213.00000000,2380.00000000,0.10032067
213.00000000,2381.00000000,0.09995524
213.00000000,2382.00000000,0.09958825
213.00000000,2383.00000000,0.09921960
213.00000000,2384.00000000,0.09884948
213.00000000,2385.00000000,0.09847785
213.00000000,2386.00000000,0.09810464
213.00000000,2387.00000000,0.09773005
213.00000000,2388.00000000,0.09735405
213.00000000,2389.00000000,0.09697656
213.00000000,2390.00000000,0.09659779
213.00000000,2391.00000000,0.09621766
213.00000000,2392.00000000,0.09583615
213.00000000,2393.00000000,0.09545345
213.00000000,2394.00000000,0.09506947
213.00000000,2395.00000000,0.09468420
213.00000000,2396.00000000,0.09429779
213.00000000,2397.00000000,0.09391014
213.00000000,2398.00000000,0.09352139
213.00000000,2399.00000000,0.09313153
213.00000000,2400.00000000,0.09274048
213.00000000,2401.00000000,0.09234844
213.00000000,2402.00000000,0.09195533
213.00000000,2403.00000000,0.09156114
213.00000000,2404.00000000,0.09116602
213.00000000,2405.00000000,0.09076990
213.00000000,2406.00000000,0.09037277
213.00000000,2407.00000000,0.08997475
213.00000000,2408.00000000,0.08957577
213.00000000,2409.00000000,0.08917597
213.00000000,2410.00000000,0.08877528
213.00000000,2411.00000000,0.08837368
213.00000000,2412.00000000,0.08797131
213.00000000,2413.00000000,0.08756813
213.00000000,2414.00000000,0.08716410
213.00000000,2415.00000000,0.08675936
213.00000000,2416.00000000,0.08635387
213.00000000,2417.00000000,0.08594758
213.00000000,2418.00000000,0.08554063
213.00000000,2419.00000000,0.08513300
213.00000000,2420.00000000,0.08472461
213.00000000,2421.00000000,0.08431563
213.00000000,2422.00000000,0.08390595
213.00000000,2423.00000000,0.08349570
213.00000000,2424.00000000,0.08308484
213.00000000,2425.00000000,0.08267333
213.00000000,2426.00000000,0.08226130
213.00000000,2427.00000000,0.08184873
213.00000000,2428.00000000,0.08143554
213.00000000,2429.00000000,0.08102189
213.00000000,2430.00000000,0.08060774
213.00000000,2431.00000000,0.08019302
213.00000000,2432.00000000,0.07977790
213.00000000,2433.00000000,0.07936225
213.00000000,2434.00000000,0.07894621
213.00000000,2435.00000000,0.07852975
213.00000000,2436.00000000,0.07811279
213.00000000,2437.00000000,0.07769551
213.00000000,2438.00000000,0.07727783
213.00000000,2439.00000000,0.07685971
213.00000000,2440.00000000,0.07644131
213.00000000,2441.00000000,0.07602257
213.00000000,2442.00000000,0.07560342
213.00000000,2443.00000000,0.07518403
213.00000000,2444.00000000,0.07476427
213.00000000,2445.00000000,0.07434429
213.00000000,2446.00000000,0.07392403
213.00000000,2447.00000000,0.07350345
213.00000000,2448.00000000,0.07308268
213.00000000,2449.00000000,0.07266168
213.00000000,2450.00000000,0.07224039
213.00000000,2451.00000000,0.07181897
213.00000000,2452.00000000,0.07139736
213.00000000,2453.00000000,0.07097547
213.00000000,2454.00000000,0.07055351
213.00000000,2455.00000000,0.07013138
213.00000000,2456.00000000,0.06970903
213.00000000,2457.00000000,0.06928663
213.00000000,2458.00000000,0.06886405
213.00000000,2459.00000000,0.06844146
213.00000000,2460.00000000,0.06801880
213.00000000,2461.00000000,0.06759605
213.00000000,2462.00000000,0.06726210
213.00000000,2463.00000000,0.06718935
213.00000000,2464.00000000,0.06718802
213.00000000,2465.00000000,0.06718686
213.00000000,2466.00000000,0.06718582
213.00000000,2467.00000000,0.06718480
213.00000000,2468.00000000,0.06718398
213.00000000,2469.00000000,0.06719436
213.00000000,2470.00000000,0.06720493
213.00000000,2471.00000000,0.06721560
213.00000000,2472.00000000,0.06722628
213.00000000,2473.00000000,0.06723712
213.00000000,2474.00000000,0.06722595
213.00000000,2475.00000000,0.06721477
213.00000000,2476.00000000,0.06720375
213.00000000,2477.00000000,0.06719281
213.00000000,2478.00000000,0.06718186
213.00000000,2479.00000000,0.06717106
213.00000000,2480.00000000,0.06716034
213.00000000,2481.00000000,0.06714959
213.00000000,2482.00000000,0.06713900
213.00000000,2483.00000000,0.06712839
213.00000000,2484.00000000,0.06711793
213.00000000,2485.00000000,0.06710752
213.00000000,2486.00000000,0.06709710
213.00000000,2487.00000000,0.06708681
213.00000000,2488.00000000,0.06707658
213.00000000,2489.00000000,0.06706536
213.00000000,2490.00000000,0.06705429
213.00000000,2491.00000000,0.06704327
213.00000000,2492.00000000,0.06703220
213.00000000,2493.00000000,0.06702129
213.00000000,2494.00000000,0.06701032
213.00000000,2495.00000000,0.06699950
213.00000000,2496.00000000,0.06698871
213.00000000,2497.00000000,0.06697789
213.00000000,2498.00000000,0.06696719
213.00000000,2499.00000000,0.06695654
213.00000000,2500.00000000,0.06694583
214.00000000,1765.00000000,0.04291252
214.00000000,1766.00000000,0.04291248
214.00000000,1767.00000000,0.04291253
214.00000000,1768.00000000,0.04291267
214.00000000,1769.00000000,0.04291283
214.00000000,1770.00000000,0.04291307
214.00000000,1771.00000000,0.04291345
214.00000000,1772.00000000,0.04291370
214.00000000,1773.00000000,0.04291412
214.00000000,1774.00000000,0.04291477
214.00000000,1775.00000000,0.04291538
214.00000000,1776.00000000,0.04291599
214.00000000,1777.00000000,0.04291692
214.00000000,1778.00000000,0.04291771
214.00000000,1779.00000000,0.04291872
214.00000000,1780.00000000,0.04291978
214.00000000,1781.00000000,0.04292084
214.00000000,1782.00000000,0.04292206
214.00000000,1783.00000000,0.04292329
214.00000000,1784.00000000,0.04292466
214.00000000,1785.00000000,0.04292604
214.00000000,1786.00000000,0.04292731
214.00000000,1787.00000000,0.04292890
214.00000000,1788.00000000,0.04293042
214.00000000,1789.00000000,0.04293199
214.00000000,1790.00000000,0.04293354
214.00000000,1791.00000000,0.04293518
214.00000000,1792.00000000,0.04293700
214.00000000,1793.00000000,0.04293870
214.00000000,1794.00000000,0.04294052
214.00000000,1795.00000000,0.04294230
214.00000000,1796.00000000,0.04294427
214.00000000,1797.00000000,0.04294613
214.00000000,1798.00000000,0.04294800
214.00000000,1799.00000000,0.04294999
214.00000000,1800.00000000,0.04295193
214.00000000,1801.00000000,0.04295403
214.00000000,1802.00000000,0.04295603
214.00000000,1803.00000000,0.04295801
214.00000000,1804.00000000,0.04296015
214.00000000,1805.00000000,0.04296215
214.00000000,1806.00000000,0.04296432
214.00000000,1807.00000000,0.04296646
214.00000000,1808.00000000,0.04296858
214.00000000,1809.00000000,0.04297071
214.00000000,1810.00000000,0.04297280
214.00000000,1811.00000000,0.04297497
214.00000000,1812.00000000,0.04297715
214.00000000,1813.00000000,0.04297935
214.00000000,1814.00000000,0.04298165
214.00000000,1815.00000000,0.04298383
214.00000000,1816.00000000,0.04298599
214.00000000,1817.00000000,0.04298821
214.00000000,1818.00000000,0.04299049
214.00000000,1819.00000000,0.04299264
214.00000000,1820.00000000,0.04299494
214.00000000,1821.00000000,0.04299708
214.00000000,1822.00000000,0.04299932
214.00000000,1823.00000000,0.04300161
214.00000000,1824.00000000,0.04300386
214.00000000,1825.00000000,0.04300606
214.00000000,1826.00000000,0.04300825
214.00000000,1827.00000000,0.04301048
214.00000000,1828.00000000,0.04301273
214.00000000,1829.00000000,0.04301495
214.00000000,1830.00000000,0.04301716
214.00000000,1831.00000000,0.04301933
214.00000000,1832.00000000,0.04302153
214.00000000,1833.00000000,0.04302367
214.00000000,1834.00000000,0.04302592
214.00000000,1835.00000000,0.04302793
214.00000000,1836.00000000,0.04303007
214.00000000,1837.00000000,0.04303223
214.00000000,1838.00000000,0.04303437
214.00000000,1839.00000000,0.04303644
214.00000000,1840.00000000,0.04303847
214.00000000,1841.00000000,0.04304059
214.00000000,1842.00000000,0.04304262
214.00000000,1843.00000000,0.04304466
214.00000000,1844.00000000,0.04304664
214.00000000,1845.00000000,0.04304869
214.00000000,1846.00000000,0.04305060
214.00000000,1847.00000000,0.04305258
214.00000000,1848.00000000,0.04305455
214.00000000,1849.00000000,0.04305640
214.00000000,1850.00000000,0.04305836
214.00000000,1851.00000000,0.04306027
214.00000000,1852.00000000,0.04306201
214.00000000,1853.00000000,0.04306408
214.00000000,1854.00000000,0.04306618
214.00000000,1855.00000000,0.04306818
214.00000000,1856.00000000,0.04307024
214.00000000,1857.00000000,0.04307225
214.00000000,1858.00000000,0.04307404
214.00000000,1859.00000000,0.04307589
214.00000000,1860.00000000,0.04307771
214.00000000,1861.00000000,0.04307948
214.00000000,1862.00000000,0.04308113
214.00000000,1863.00000000,0.04308247
214.00000000,1864.00000000,0.04308341
214.00000000,1865.00000000,0.04308422
214.00000000,1866.00000000,0.04308464
214.00000000,1867.00000000,0.04308496
214.00000000,1868.00000000,0.04308516
214.00000000,1869.00000000,0.04308529
214.00000000,1870.00000000,0.04308513
214.00000000,1871.00000000,0.04308493
214.00000000,1872.00000000,0.04308478
214.00000000,1873.00000000,0.04308503
214.00000000,1874.00000000,0.04308559
214.00000000,1875.00000000,0.04308637
214.00000000,1876.00000000,0.04308714
214.00000000,1877.00000000,0.04308816
214.00000000,1878.00000000,0.04308922
214.00000000,1879.00000000,0.04309033
214.00000000,1880.00000000,0.04309149
214.00000000,1881.00000000,0.04309266
214.00000000,1882.00000000,0.04309388
214.00000000,1883.00000000,0.04309475
214.00000000,1884.00000000,0.04309541
214.00000000,1885.00000000,0.04309585
214.00000000,1886.00000000,0.04309627
214.00000000,1887.00000000,0.04309655
214.00000000,1888.00000000,0.04309677
214.00000000,1889.00000000,0.04309679
214.00000000,1890.00000000,0.04309665
214.00000000,1891.00000000,0.04309625
214.00000000,1892.00000000,0.04309569
214.00000000,1893.00000000,0.04309511
214.00000000,1894.00000000,0.04309445
214.00000000,1895.00000000,0.04309381
214.00000000,1896.00000000,0.04309320
214.00000000,1897.00000000,0.04309260
214.00000000,1898.00000000,0.04309187
214.00000000,1899.00000000,0.04309102
214.00000000,1900.00000000,0.04309000
214.00000000,1901.00000000,0.04308886
214.00000000,1902.00000000,0.04308775
214.00000000,1903.00000000,0.04308665
214.00000000,1904.00000000,0.04308565
214.00000000,1905.00000000,0.04308472
214.00000000,1906.00000000,0.04308392
214.00000000,1907.00000000,0.04308317
214.00000000,1908.00000000,0.04308240
214.00000000,1909.00000000,0.04308157
214.00000000,1910.00000000,0.04308075
214.00000000,1911.00000000,0.04307982
214.00000000,1912.00000000,0.04307853
214.00000000,1913.00000000,0.04307669
214.00000000,1914.00000000,0.04307430
214.00000000,1915.00000000,0.04307170
214.00000000,1916.00000000,0.04306900
214.00000000,1917.00000000,0.04306623
214.00000000,1918.00000000,0.04306346
214.00000000,1919.00000000,0.04306055
214.00000000,1920.00000000,0.04305801
214.00000000,1921.00000000,0.04305584
214.00000000,1922.00000000,0.04305416
214.00000000,1923.00000000,0.04305275
214.00000000,1924.00000000,0.04305151
214.00000000,1925.00000000,0.04305013
214.00000000,1926.00000000,0.04304870
214.00000000,1927.00000000,0.04304727
214.00000000,1928.00000000,0.04304582
214.00000000,1929.00000000,0.04304435
214.00000000,1930.00000000,0.04304297
214.00000000,1931.00000000,0.04304218
214.00000000,1932.00000000,0.04304205
214.00000000,1933.00000000,0.04304234
214.00000000,1934.00000000,0.04304294
214.00000000,1935.00000000,0.04304347
214.00000000,1936.00000000,0.04304370
214.00000000,1937.00000000,0.04304334
214.00000000,1938.00000000,0.04304227
214.00000000,1939.00000000,0.04304066
214.00000000,1940.00000000,0.04303867
214.00000000,1941.00000000,0.04303608
214.00000000,1942.00000000,0.04303289
214.00000000,1943.00000000,0.04302927
214.00000000,1944.00000000,0.04302537
214.00000000,1945.00000000,0.04302141
214.00000000,1946.00000000,0.04301796
214.00000000,1947.00000000,0.04301546
214.00000000,1948.00000000,0.04301336
214.00000000,1949.00000000,0.04301130
214.00000000,1950.00000000,0.04300919
214.00000000,1951.00000000,0.04300692
214.00000000,1952.00000000,0.04300509
214.00000000,1953.00000000,0.04300337
214.00000000,1954.00000000,0.04300159
214.00000000,1955.00000000,0.04299998
214.00000000,1956.00000000,0.04299834
214.00000000,1957.00000000,0.04299656
214.00000000,1958.00000000,0.04299449
214.00000000,1959.00000000,0.04299208
214.00000000,1960.00000000,0.04298861
214.00000000,1961.00000000,0.04298414
214.00000000,1962.00000000,0.04297918
214.00000000,1963.00000000,0.04297368
214.00000000,1964.00000000,0.04296755
214.00000000,1965.00000000,0.04296065
214.00000000,1966.00000000,0.04295297
214.00000000,1967.00000000,0.04294452
214.00000000,1968.00000000,0.04293520
214.00000000,1969.00000000,0.04292465
214.00000000,1970.00000000,0.04291272
214.00000000,1971.00000000,0.04289892
214.00000000,1972.00000000,0.04288277
214.00000000,1973.00000000,0.04286461
214.00000000,1974.00000000,0.04284480
214.00000000,1975.00000000,0.04282400
214.00000000,1976.00000000,0.04280295
214.00000000,1977.00000000,0.04278198
214.00000000,1978.00000000,0.04276092
214.00000000,1979.00000000,0.04273970
214.00000000,1980.00000000,0.04272202
214.00000000,1981.00000000,0.04270030
214.00000000,1982.00000000,0.04267970
214.00000000,1983.00000000,0.04266147
214.00000000,1984.00000000,0.04264554
214.00000000,1985.00000000,0.04263267
214.00000000,1986.00000000,0.04261954
214.00000000,1987.00000000,0.04260692
214.00000000,1988.00000000,0.04259431
214.00000000,1989.00000000,0.04258162
214.00000000,1990.00000000,0.04256863
214.00000000,1991.00000000,0.04255541
214.00000000,1992.00000000,0.04254255
214.00000000,1993.00000000,0.04252995
214.00000000,1994.00000000,0.04251795
214.00000000,1995.00000000,0.04250777
214.00000000,1996.00000000,0.04249633
214.00000000,1997.00000000,0.04248459
214.00000000,1998.00000000,0.04247245
214.00000000,1999.00000000,0.04246019
214.00000000,2000.00000000,0.04244798
214.00000000,2001.00000000,0.04243565
214.00000000,2002.00000000,0.04242301
214.00000000,2003.00000000,0.04241036
214.00000000,2004.00000000,0.04239707
214.00000000,2005.00000000,0.04238358
214.00000000,2006.00000000,0.04236660
214.00000000,2007.00000000,0.04234737
214.00000000,2008.00000000,0.04232619
214.00000000,2009.00000000,0.04230319
214.00000000,2010.00000000,0.04227858
214.00000000,2011.00000000,0.04225382
214.00000000,2012.00000000,0.04222629
214.00000000,2013.00000000,0.04219721
214.00000000,2014.00000000,0.04216798
214.00000000,2015.00000000,0.04213593
214.00000000,2016.00000000,0.04210500
214.00000000,2017.00000000,0.04206880
214.00000000,2018.00000000,0.04203250
214.00000000,2019.00000000,0.04199500
214.00000000,2020.00000000,0.04195761
214.00000000,2021.00000000,0.04191776
214.00000000,2022.00000000,0.04187695
214.00000000,2023.00000000,0.04183530
214.00000000,2024.00000000,0.04179288
214.00000000,2025.00000000,0.04175113
214.00000000,2026.00000000,0.04170754
214.00000000,2027.00000000,0.04166338
214.00000000,2028.00000000,0.04161880
214.00000000,2029.00000000,0.04157505
214.00000000,2030.00000000,0.04153093
214.00000000,2031.00000000,0.04148640
214.00000000,2032.00000000,0.04144010
214.00000000,2033.00000000,0.04139323
214.00000000,2034.00000000,0.04134566
214.00000000,2035.00000000,0.04129733
214.00000000,2036.00000000,0.04124955
214.00000000,2037.00000000,0.04120103
214.00000000,2038.00000000,0.04115045
214.00000000,2039.00000000,0.04110048
214.00000000,2040.00000000,0.04104859
214.00000000,2041.00000000,0.04099726
214.00000000,2042.00000000,0.04094394
214.00000000,2043.00000000,0.04088973
214.00000000,2044.00000000,0.04084222
214.00000000,2045.00000000,0.04078496
214.00000000,2046.00000000,0.04072800
214.00000000,2047.00000000,0.04067145
214.00000000,2048.00000000,0.04061277
214.00000000,2049.00000000,0.04055449
214.00000000,2050.00000000,0.04049920
214.00000000,2051.00000000,0.04043818
214.00000000,2052.00000000,0.04037768
214.00000000,2053.00000000,0.04031657
214.00000000,2054.00000000,0.04025604
214.00000000,2055.00000000,0.04019377
214.00000000,2056.00000000,0.04013222
214.00000000,2057.00000000,0.04006891
214.00000000,2058.00000000,0.04000640
214.00000000,2059.00000000,0.03994594
214.00000000,2060.00000000,0.03988012
214.00000000,2061.00000000,0.03981773
214.00000000,2062.00000000,0.03975284
214.00000000,2063.00000000,0.03969063
214.00000000,2064.00000000,0.03963011
214.00000000,2065.00000000,0.03956526
214.00000000,2066.00000000,0.03950475
214.00000000,2067.00000000,0.03944366
214.00000000,2068.00000000,0.03939284
214.00000000,2069.00000000,0.03933294
214.00000000,2070.00000000,0.03927724
214.00000000,2071.00000000,0.03921728
214.00000000,2072.00000000,0.03915815
214.00000000,2073.00000000,0.03910483
214.00000000,2074.00000000,0.03905617
214.00000000,2075.00000000,0.03900387
214.00000000,2076.00000000,0.03895030
214.00000000,2077.00000000,0.03890381
214.00000000,2078.00000000,0.03885969
214.00000000,2079.00000000,0.03881544
214.00000000,2080.00000000,0.03876751
214.00000000,2081.00000000,0.03872684
214.00000000,2082.00000000,0.03868345
214.00000000,2083.00000000,0.03864369
214.00000000,2084.00000000,0.03860283
214.00000000,2085.00000000,0.03856794
214.00000000,2086.00000000,0.03854376
214.00000000,2087.00000000,0.03851362
214.00000000,2088.00000000,0.03845976
214.00000000,2089.00000000,0.03843517
214.00000000,2090.00000000,0.03839855
214.00000000,2091.00000000,0.03836289
214.00000000,2092.00000000,0.03832644
214.00000000,2093.00000000,0.03830572
214.00000000,2094.00000000,0.03830018
214.00000000,2095.00000000,0.03827352
214.00000000,2096.00000000,0.03825489
214.00000000,2097.00000000,0.03824082
214.00000000,2098.00000000,0.03821262
214.00000000,2099.00000000,0.03818424
214.00000000,2100.00000000,0.03815919
214.00000000,2101.00000000,0.03814674
214.00000000,2102.00000000,0.03815619
214.00000000,2103.00000000,0.03812969
214.00000000,2104.00000000,0.03813793
214.00000000,2105.00000000,0.03813230
214.00000000,2106.00000000,0.03811161
214.00000000,2107.00000000,0.03808512
214.00000000,2108.00000000,0.03807943
214.00000000,2109.00000000,0.03808638
214.00000000,2110.00000000,0.03808282
214.00000000,2111.00000000,0.03808956
214.00000000,2112.00000000,0.03810191
214.00000000,2113.00000000,0.03813479
214.00000000,2114.00000000,0.03815139
214.00000000,2115.00000000,0.03815852
214.00000000,2116.00000000,0.03816199
214.00000000,2117.00000000,0.03820882
214.00000000,2118.00000000,0.03820589
214.00000000,2119.00000000,0.03824048
214.00000000,2120.00000000,0.03828151
214.00000000,2121.00000000,0.03836094
214.00000000,2122.00000000,0.03831372
214.00000000,2123.00000000,0.03834609
214.00000000,2124.00000000,0.03837777
214.00000000,2125.00000000,0.03839044
214.00000000,2126.00000000,0.03843329
214.00000000,2127.00000000,0.03850056
214.00000000,2128.00000000,0.03838880
214.00000000,2129.00000000,0.03837013
214.00000000,2130.00000000,0.03843774
214.00000000,2131.00000000,0.03849559
214.00000000,2132.00000000,0.03847057
214.00000000,2133.00000000,0.03831942
214.00000000,2134.00000000,0.03846095
214.00000000,2135.00000000,0.03831221
214.00000000,2136.00000000,0.03835916
214.00000000,2137.00000000,0.03850138
214.00000000,2138.00000000,0.03849374
214.00000000,2139.00000000,0.03850838
214.00000000,2140.00000000,0.03851904
214.00000000,2141.00000000,0.03861117
214.00000000,2142.00000000,0.03861730
214.00000000,2143.00000000,0.03871154
214.00000000,2144.00000000,0.03861043
214.00000000,2145.00000000,0.03848580
214.00000000,2146.00000000,0.03838440
214.00000000,2147.00000000,0.03844182
214.00000000,2148.00000000,0.03853872
214.00000000,2149.00000000,0.03860687
214.00000000,2150.00000000,0.03873158
214.00000000,2151.00000000,0.03882995
214.00000000,2152.00000000,0.03876389
214.00000000,2153.00000000,0.03883298
214.00000000,2154.00000000,0.03896930
214.00000000,2155.00000000,0.03902638
214.00000000,2156.00000000,0.03905536
214.00000000,2157.00000000,0.03913352
214.00000000,2158.00000000,0.03914943
214.00000000,2159.00000000,0.03892323
214.00000000,2160.00000000,0.03904227
214.00000000,2161.00000000,0.03925080
214.00000000,2162.00000000,0.03937453
214.00000000,2163.00000000,0.03935622
214.00000000,2164.00000000,0.03963834
214.00000000,2165.00000000,0.03984011
214.00000000,2166.00000000,0.03991894
214.00000000,2167.00000000,0.04001957
214.00000000,2168.00000000,0.04009856
214.00000000,2169.00000000,0.04035620
214.00000000,2170.00000000,0.04056719
214.00000000,2171.00000000,0.04073125
214.00000000,2172.00000000,0.04086082
214.00000000,2173.00000000,0.04107515
214.00000000,2174.00000000,0.04127219
214.00000000,2175.00000000,0.04135882
214.00000000,2176.00000000,0.04155001
214.00000000,2177.00000000,0.04179197
214.00000000,2178.00000000,0.04205020
214.00000000,2179.00000000,0.04228430
214.00000000,2180.00000000,0.04254733
214.00000000,2181.00000000,0.04275020
214.00000000,2182.00000000,0.04303749
214.00000000,2183.00000000,0.04336775
214.00000000,2184.00000000,0.04377471
214.00000000,2185.00000000,0.04404349
214.00000000,2186.00000000,0.04432955
214.00000000,2187.00000000,0.04469700
214.00000000,2188.00000000,0.04480192
214.00000000,2189.00000000,0.04486411
214.00000000,2190.00000000,0.04527520
214.00000000,2191.00000000,0.04554591
214.00000000,2192.00000000,0.04573649
214.00000000,2193.00000000,0.04617054
214.00000000,2194.00000000,0.04621063
214.00000000,2195.00000000,0.04612351
214.00000000,2196.00000000,0.04618233
214.00000000,2197.00000000,0.04627101
214.00000000,2198.00000000,0.04659430
214.00000000,2199.00000000,0.04688915
214.00000000,2200.00000000,0.04720048
214.00000000,2201.00000000,0.04748668
214.00000000,2202.00000000,0.04785584
214.00000000,2203.00000000,0.04812474
214.00000000,2204.00000000,0.04831185
214.00000000,2205.00000000,0.04854347
214.00000000,2206.00000000,0.04852765
214.00000000,2207.00000000,0.04866017
214.00000000,2208.00000000,0.04892880
214.00000000,2209.00000000,0.04921396
214.00000000,2210.00000000,0.04951089
214.00000000,2211.00000000,0.04977502
214.00000000,2212.00000000,0.04987191
214.00000000,2213.00000000,0.04998500
214.00000000,2214.00000000,0.05032459
214.00000000,2215.00000000,0.05066086
214.00000000,2216.00000000,0.05086881
214.00000000,2217.00000000,0.05142589
214.00000000,2218.00000000,0.05204658
214.00000000,2219.00000000,0.05256487
214.00000000,2220.00000000,0.05295324
214.00000000,2221.00000000,0.05334481
214.00000000,2222.00000000,0.05373968
214.00000000,2223.00000000,0.05413749
214.00000000,2224.00000000,0.05453831
214.00000000,2225.00000000,0.05502911
214.00000000,2226.00000000,0.05552335
214.00000000,2227.00000000,0.05602108
214.00000000,2228.00000000,0.05652225
214.00000000,2229.00000000,0.05702684
214.00000000,2230.00000000,0.05753488
214.00000000,2231.00000000,0.05804632
214.00000000,2232.00000000,0.05856114
214.00000000,2233.00000000,0.05907936
214.00000000,2234.00000000,0.05960094
214.00000000,2235.00000000,0.06008657
214.00000000,2236.00000000,0.06057540
214.00000000,2237.00000000,0.06106738
214.00000000,2238.00000000,0.06156259
214.00000000,2239.00000000,0.06206103
214.00000000,2240.00000000,0.06256268
214.00000000,2241.00000000,0.06306763
214.00000000,2242.00000000,0.06357589
214.00000000,2243.00000000,0.06408746
214.00000000,2244.00000000,0.06460246
214.00000000,2245.00000000,0.06520447
214.00000000,2246.00000000,0.06581031
214.00000000,2247.00000000,0.06642002
214.00000000,2248.00000000,0.06703360
214.00000000,2249.00000000,0.06765089
214.00000000,2250.00000000,0.06827153
214.00000000,2251.00000000,0.06889455
214.00000000,2252.00000000,0.06951915
214.00000000,2253.00000000,0.07014481
214.00000000,2254.00000000,0.07077123
214.00000000,2255.00000000,0.07146064
214.00000000,2256.00000000,0.07215091
214.00000000,2257.00000000,0.07284190
214.00000000,2258.00000000,0.07353362
214.00000000,2259.00000000,0.07422595
214.00000000,2260.00000000,0.07491882
214.00000000,2261.00000000,0.07561227
214.00000000,2262.00000000,0.07630624
214.00000000,2263.00000000,0.07700082
214.00000000,2264.00000000,0.07769596
214.00000000,2265.00000000,0.07838800
214.00000000,2266.00000000,0.07908055
214.00000000,2267.00000000,0.07977352
214.00000000,2268.00000000,0.08046684
214.00000000,2269.00000000,0.08116053
214.00000000,2270.00000000,0.08185449
214.00000000,2271.00000000,0.08254863
214.00000000,2272.00000000,0.08324296
214.00000000,2273.00000000,0.08393736
214.00000000,2274.00000000,0.08463171
214.00000000,2275.00000000,0.08518483
214.00000000,2276.00000000,0.08573726
214.00000000,2277.00000000,0.08628907
214.00000000,2278.00000000,0.08684020
214.00000000,2279.00000000,0.08739060
214.00000000,2280.00000000,0.08794032
214.00000000,2281.00000000,0.08848929
214.00000000,2282.00000000,0.08903744
214.00000000,2283.00000000,0.08958481
214.00000000,2284.00000000,0.09013130
214.00000000,2285.00000000,0.09054775
214.00000000,2286.00000000,0.09096288
214.00000000,2287.00000000,0.09137662
214.00000000,2288.00000000,0.09178904
214.00000000,2289.00000000,0.09220012
214.00000000,2290.00000000,0.09260981
214.00000000,2291.00000000,0.09301820
214.00000000,2292.00000000,0.09342522
214.00000000,2293.00000000,0.09383083
214.00000000,2294.00000000,0.09423511
214.00000000,2295.00000000,0.09456505
214.00000000,2296.00000000,0.09489334
214.00000000,2297.00000000,0.09522007
214.00000000,2298.00000000,0.09554516
214.00000000,2299.00000000,0.09586871
214.00000000,2300.00000000,0.09619067
214.00000000,2301.00000000,0.09651102
214.00000000,2302.00000000,0.09682981
214.00000000,2303.00000000,0.09714702
214.00000000,2304.00000000,0.09746256
214.00000000,2305.00000000,0.09770062
214.00000000,2306.00000000,0.09793687
214.00000000,2307.00000000,0.09817128
214.00000000,2308.00000000,0.09840394
214.00000000,2309.00000000,0.09863486
214.00000000,2310.00000000,0.09886396
214.00000000,2311.00000000,0.09909138
214.00000000,2312.00000000,0.09931701
214.00000000,2313.00000000,0.09954099
214.00000000,2314.00000000,0.09976323
214.00000000,2315.00000000,0.09992496
214.00000000,2316.00000000,0.10008493
214.00000000,2317.00000000,0.10024305
214.00000000,2318.00000000,0.10039932
214.00000000,2319.00000000,0.10055386
214.00000000,2320.00000000,0.10070663
214.00000000,2321.00000000,0.10085755
214.00000000,2322.00000000,0.10100681
214.00000000,2323.00000000,0.10115427
214.00000000,2324.00000000,0.10130006
214.00000000,2325.00000000,0.10144413
214.00000000,2326.00000000,0.10158645
214.00000000,2327.00000000,0.10172714
214.00000000,2328.00000000,0.10186615
214.00000000,2329.00000000,0.10200342
214.00000000,2330.00000000,0.10213907
214.00000000,2331.00000000,0.10227309
214.00000000,2332.00000000,0.10240537
214.00000000,2333.00000000,0.10253609
214.00000000,2334.00000000,0.10266516
214.00000000,2335.00000000,0.10279252
214.00000000,2336.00000000,0.10291832
214.00000000,2337.00000000,0.10304241
214.00000000,2338.00000000,0.10316497
214.00000000,2339.00000000,0.10328592
214.00000000,2340.00000000,0.10340515
214.00000000,2341.00000000,0.10352288
214.00000000,2342.00000000,0.10363899
214.00000000,2343.00000000,0.10375339
214.00000000,2344.00000000,0.10386628
214.00000000,2345.00000000,0.10397755
214.00000000,2346.00000000,0.10408713
214.00000000,2347.00000000,0.10419520
214.00000000,2348.00000000,0.10430156
214.00000000,2349.00000000,0.10440641
214.00000000,2350.00000000,0.10450966
214.00000000,2351.00000000,0.10461119
214.00000000,2352.00000000,0.10471121
214.00000000,2353.00000000,0.10480961
214.00000000,2354.00000000,0.10490629
214.00000000,2355.00000000,0.10500145
214.00000000,2356.00000000,0.10509497
214.00000000,2357.00000000,0.10518676
214.00000000,2358.00000000,0.10527700
214.00000000,2359.00000000,0.10536550
214.00000000,2360.00000000,0.10545241
214.00000000,2361.00000000,0.10553766
214.00000000,2362.00000000,0.10562110
214.00000000,2363.00000000,0.10570286
214.00000000,2364.00000000,0.10578282
214.00000000,2365.00000000,0.10545197
214.00000000,2366.00000000,0.10511892
214.00000000,2367.00000000,0.10478363
214.00000000,2368.00000000,0.10444608
214.00000000,2369.00000000,0.10410647
214.00000000,2370.00000000,0.10376478
214.00000000,2371.00000000,0.10342093
214.00000000,2372.00000000,0.10307515
214.00000000,2373.00000000,0.10272732
214.00000000,2374.00000000,0.10237762
214.00000000,2375.00000000,0.10202605
214.00000000,2376.00000000,0.10167253
214.00000000,2377.00000000,0.10131727
214.00000000,2378.00000000,0.10096022
214.00000000,2379.00000000,0.10060137
214.00000000,2380.00000000,0.10024087
214.00000000,2381.00000000,0.09987869
214.00000000,2382.00000000,0.09951480
214.00000000,2383.00000000,0.09914937
214.00000000,2384.00000000,0.09878229
214.00000000,2385.00000000,0.09841374
214.00000000,2386.00000000,0.09804369
214.00000000,2387.00000000,0.09767208
214.00000000,2388.00000000,0.09729909
214.00000000,2389.00000000,0.09692468
214.00000000,2390.00000000,0.09654880
214.00000000,2391.00000000,0.09617165
214.00000000,2392.00000000,0.09579315
214.00000000,2393.00000000,0.09541328
214.00000000,2394.00000000,0.09503220
214.00000000,2395.00000000,0.09464986
214.00000000,2396.00000000,0.09426624
214.00000000,2397.00000000,0.09388148
214.00000000,2398.00000000,0.09349549
214.00000000,2399.00000000,0.09310841
214.00000000,2400.00000000,0.09272023
214.00000000,2401.00000000,0.09233087
214.00000000,2402.00000000,0.09194050
214.00000000,2403.00000000,0.09154910
214.00000000,2404.00000000,0.09115659
214.00000000,2405.00000000,0.09076317
214.00000000,2406.00000000,0.09036876
214.00000000,2407.00000000,0.08997334
214.00000000,2408.00000000,0.08957706
214.00000000,2409.00000000,0.08917978
214.00000000,2410.00000000,0.08878170
214.00000000,2411.00000000,0.08838275
214.00000000,2412.00000000,0.08798287
214.00000000,2413.00000000,0.08758225
214.00000000,2414.00000000,0.08718082
214.00000000,2415.00000000,0.08677853
214.00000000,2416.00000000,0.08637553
214.00000000,2417.00000000,0.08597180
214.00000000,2418.00000000,0.08556726
214.00000000,2419.00000000,0.08516208
214.00000000,2420.00000000,0.08475620
214.00000000,2421.00000000,0.08434958
214.00000000,2422.00000000,0.08394238
214.00000000,2423.00000000,0.08353446
214.00000000,2424.00000000,0.08312599
214.00000000,2425.00000000,0.08271692
214.00000000,2426.00000000,0.08230718
214.00000000,2427.00000000,0.08189695
214.00000000,2428.00000000,0.08148616
214.00000000,2429.00000000,0.08107476
214.00000000,2430.00000000,0.08066291
214.00000000,2431.00000000,0.08025055
214.00000000,2432.00000000,0.07983763
214.00000000,2433.00000000,0.07942430
214.00000000,2434.00000000,0.07901045
214.00000000,2435.00000000,0.07859621
214.00000000,2436.00000000,0.07818156
214.00000000,2437.00000000,0.07776642
214.00000000,2438.00000000,0.07735094
214.00000000,2439.00000000,0.07693509
214.00000000,2440.00000000,0.07651878
214.00000000,2441.00000000,0.07610219
214.00000000,2442.00000000,0.07568527
214.00000000,2443.00000000,0.07526794
214.00000000,2444.00000000,0.07485037
214.00000000,2445.00000000,0.07443243
214.00000000,2446.00000000,0.07401428
214.00000000,2447.00000000,0.07359585
214.00000000,2448.00000000,0.07317709
214.00000000,2449.00000000,0.07275816
214.00000000,2450.00000000,0.07233899
214.00000000,2451.00000000,0.07191953
214.00000000,2452.00000000,0.07149994
214.00000000,2453.00000000,0.07108015
214.00000000,2454.00000000,0.07066011
214.00000000,2455.00000000,0.07023998
214.00000000,2456.00000000,0.06981968
214.00000000,2457.00000000,0.06939917
214.00000000,2458.00000000,0.06897861
214.00000000,2459.00000000,0.06855787
214.00000000,2460.00000000,0.06813711
214.00000000,2461.00000000,0.06771629
214.00000000,2462.00000000,0.06729538
214.00000000,2463.00000000,0.06696288
214.00000000,2464.00000000,0.06689042
214.00000000,2465.00000000,0.06688905
214.00000000,2466.00000000,0.06688785
214.00000000,2467.00000000,0.06688678
214.00000000,2468.00000000,0.06688573
214.00000000,2469.00000000,0.06688487
214.00000000,2470.00000000,0.06689517
214.00000000,2471.00000000,0.06690565
214.00000000,2472.00000000,0.06691623
214.00000000,2473.00000000,0.06692682
214.00000000,2474.00000000,0.06693758
214.00000000,2475.00000000,0.06692641
214.00000000,2476.00000000,0.06691524
214.00000000,2477.00000000,0.06690423
214.00000000,2478.00000000,0.06689330
214.00000000,2479.00000000,0.06688236
214.00000000,2480.00000000,0.06687157
214.00000000,2481.00000000,0.06686086
214.00000000,2482.00000000,0.06685012
214.00000000,2483.00000000,0.06683954
214.00000000,2484.00000000,0.06682893
214.00000000,2485.00000000,0.06681847
214.00000000,2486.00000000,0.06680807
214.00000000,2487.00000000,0.06679765
214.00000000,2488.00000000,0.06678737
214.00000000,2489.00000000,0.06677716
214.00000000,2490.00000000,0.06676595
214.00000000,2491.00000000,0.06675488
214.00000000,2492.00000000,0.06674386
214.00000000,2493.00000000,0.06673282
214.00000000,2494.00000000,0.06672190
214.00000000,2495.00000000,0.06671095
214.00000000,2496.00000000,0.06670012
214.00000000,2497.00000000,0.06668935
214.00000000,2498.00000000,0.06667853
214.00000000,2499.00000000,0.06666784
214.00000000,2500.00000000,0.06665719
215.00000000,1765.00000000,0.04266670
215.00000000,1766.00000000,0.04266676
215.00000000,1767.00000000,0.04266674
215.00000000,1768.00000000,0.04266684
215.00000000,1769.00000000,0.04266705
215.00000000,1770.00000000,0.04266729
215.00000000,1771.00000000,0.04266760
215.00000000,1772.00000000,0.04266806
215.00000000,1773.00000000,0.04266839
215.00000000,1774.00000000,0.04266889
215.00000000,1775.00000000,0.04266962
215.00000000,1776.00000000,0.04267032
215.00000000,1777.00000000,0.04267100
215.00000000,1778.00000000,0.04267201
215.00000000,1779.00000000,0.04267286
215.00000000,1780.00000000,0.04267395
215.00000000,1781.00000000,0.04267507
215.00000000,1782.00000000,0.04267619
215.00000000,1783.00000000,0.04267747
215.00000000,1784.00000000,0.04267875
215.00000000,1785.00000000,0.04268017
215.00000000,1786.00000000,0.04268161
215.00000000,1787.00000000,0.04268293
215.00000000,1788.00000000,0.04268456
215.00000000,1789.00000000,0.04268612
215.00000000,1790.00000000,0.04268773
215.00000000,1791.00000000,0.04268932
215.00000000,1792.00000000,0.04269099
215.00000000,1793.00000000,0.04269284
215.00000000,1794.00000000,0.04269457
215.00000000,1795.00000000,0.04269641
215.00000000,1796.00000000,0.04269822
215.00000000,1797.00000000,0.04270020
215.00000000,1798.00000000,0.04270209
215.00000000,1799.00000000,0.04270397
215.00000000,1800.00000000,0.04270598
215.00000000,1801.00000000,0.04270793
215.00000000,1802.00000000,0.04271003
215.00000000,1803.00000000,0.04271205
215.00000000,1804.00000000,0.04271403
215.00000000,1805.00000000,0.04271618
215.00000000,1806.00000000,0.04271819
215.00000000,1807.00000000,0.04272035
215.00000000,1808.00000000,0.04272250
215.00000000,1809.00000000,0.04272463
215.00000000,1810.00000000,0.04272676
215.00000000,1811.00000000,0.04272885
215.00000000,1812.00000000,0.04273102
215.00000000,1813.00000000,0.04273319
215.00000000,1814.00000000,0.04273539
215.00000000,1815.00000000,0.04273768
215.00000000,1816.00000000,0.04273986
215.00000000,1817.00000000,0.04274201
215.00000000,1818.00000000,0.04274422
215.00000000,1819.00000000,0.04274648
215.00000000,1820.00000000,0.04274862
215.00000000,1821.00000000,0.04275092
215.00000000,1822.00000000,0.04275305
215.00000000,1823.00000000,0.04275528
215.00000000,1824.00000000,0.04275755
215.00000000,1825.00000000,0.04275979
215.00000000,1826.00000000,0.04276196
215.00000000,1827.00000000,0.04276415
215.00000000,1828.00000000,0.04276635
215.00000000,1829.00000000,0.04276859
215.00000000,1830.00000000,0.04277079
215.00000000,1831.00000000,0.04277297
215.00000000,1832.00000000,0.04277511
215.00000000,1833.00000000,0.04277730
215.00000000,1834.00000000,0.04277941
215.00000000,1835.00000000,0.04278164
215.00000000,1836.00000000,0.04278363
215.00000000,1837.00000000,0.04278575
215.00000000,1838.00000000,0.04278787
215.00000000,1839.00000000,0.04278999
215.00000000,1840.00000000,0.04279203
215.00000000,1841.00000000,0.04279403
215.00000000,1842.00000000,0.04279612
215.00000000,1843.00000000,0.04279813
215.00000000,1844.00000000,0.04280014
215.00000000,1845.00000000,0.04280210
215.00000000,1846.00000000,0.04280411
215.00000000,1847.00000000,0.04280599
215.00000000,1848.00000000,0.04280793
215.00000000,1849.00000000,0.04280988
215.00000000,1850.00000000,0.04281169
215.00000000,1851.00000000,0.04281360
215.00000000,1852.00000000,0.04281547
215.00000000,1853.00000000,0.04281739
215.00000000,1854.00000000,0.04281953
215.00000000,1855.00000000,0.04282159
215.00000000,1856.00000000,0.04282351
215.00000000,1857.00000000,0.04282550
215.00000000,1858.00000000,0.04282745
215.00000000,1859.00000000,0.04282918
215.00000000,1860.00000000,0.04283099
215.00000000,1861.00000000,0.04283275
215.00000000,1862.00000000,0.04283440
215.00000000,1863.00000000,0.04283567
215.00000000,1864.00000000,0.04283670
215.00000000,1865.00000000,0.04283740
215.00000000,1866.00000000,0.04283800
215.00000000,1867.00000000,0.04283824
215.00000000,1868.00000000,0.04283839
215.00000000,1869.00000000,0.04283843
215.00000000,1870.00000000,0.04283842
215.00000000,1871.00000000,0.04283815
215.00000000,1872.00000000,0.04283803
215.00000000,1873.00000000,0.04283828
215.00000000,1874.00000000,0.04283881
215.00000000,1875.00000000,0.04283955
215.00000000,1876.00000000,0.04284047
215.00000000,1877.00000000,0.04284134
215.00000000,1878.00000000,0.04284244
215.00000000,1879.00000000,0.04284357
215.00000000,1880.00000000,0.04284470
215.00000000,1881.00000000,0.04284585
215.00000000,1882.00000000,0.04284702
215.00000000,1883.00000000,0.04284796
215.00000000,1884.00000000,0.04284860
215.00000000,1885.00000000,0.04284909
215.00000000,1886.00000000,0.04284942
215.00000000,1887.00000000,0.04284975
215.00000000,1888.00000000,0.04284992
215.00000000,1889.00000000,0.04284997
215.00000000,1890.00000000,0.04284980
215.00000000,1891.00000000,0.04284947
215.00000000,1892.00000000,0.04284888
215.00000000,1893.00000000,0.04284825
215.00000000,1894.00000000,0.04284765
215.00000000,1895.00000000,0.04284703
215.00000000,1896.00000000,0.04284641
215.00000000,1897.00000000,0.04284576
215.00000000,1898.00000000,0.04284510
215.00000000,1899.00000000,0.04284424
215.00000000,1900.00000000,0.04284322
215.00000000,1901.00000000,0.04284204
215.00000000,1902.00000000,0.04284097
215.00000000,1903.00000000,0.04283989
215.00000000,1904.00000000,0.04283887
215.00000000,1905.00000000,0.04283797
215.00000000,1906.00000000,0.04283717
215.00000000,1907.00000000,0.04283644
215.00000000,1908.00000000,0.04283564
215.00000000,1909.00000000,0.04283482
215.00000000,1910.00000000,0.04283401
215.00000000,1911.00000000,0.04283309
215.00000000,1912.00000000,0.04283180
215.00000000,1913.00000000,0.04282999
215.00000000,1914.00000000,0.04282761
215.00000000,1915.00000000,0.04282496
215.00000000,1916.00000000,0.04282233
215.00000000,1917.00000000,0.04281960
215.00000000,1918.00000000,0.04281674
215.00000000,1919.00000000,0.04281399
215.00000000,1920.00000000,0.04281138
215.00000000,1921.00000000,0.04280920
215.00000000,1922.00000000,0.04280754
215.00000000,1923.00000000,0.04280624
215.00000000,1924.00000000,0.04280488
215.00000000,1925.00000000,0.04280356
215.00000000,1926.00000000,0.04280212
215.00000000,1927.00000000,0.04280067
215.00000000,1928.00000000,0.04279930
215.00000000,1929.00000000,0.04279781
215.00000000,1930.00000000,0.04279643
215.00000000,1931.00000000,0.04279562
215.00000000,1932.00000000,0.04279554
215.00000000,1933.00000000,0.04279579
215.00000000,1934.00000000,0.04279636
215.00000000,1935.00000000,0.04279691
215.00000000,1936.00000000,0.04279711
215.00000000,1937.00000000,0.04279679
215.00000000,1938.00000000,0.04279570
215.00000000,1939.00000000,0.04279411
215.00000000,1940.00000000,0.04279211
215.00000000,1941.00000000,0.04278955
215.00000000,1942.00000000,0.04278635
215.00000000,1943.00000000,0.04278278
215.00000000,1944.00000000,0.04277886
215.00000000,1945.00000000,0.04277493
215.00000000,1946.00000000,0.04277151
215.00000000,1947.00000000,0.04276899
215.00000000,1948.00000000,0.04276693
215.00000000,1949.00000000,0.04276485
215.00000000,1950.00000000,0.04276272
215.00000000,1951.00000000,0.04276052
215.00000000,1952.00000000,0.04275864
215.00000000,1953.00000000,0.04275691
215.00000000,1954.00000000,0.04275517
215.00000000,1955.00000000,0.04275353
215.00000000,1956.00000000,0.04275192
215.00000000,1957.00000000,0.04275010
215.00000000,1958.00000000,0.04274805
215.00000000,1959.00000000,0.04274564
215.00000000,1960.00000000,0.04274217
215.00000000,1961.00000000,0.04273772
215.00000000,1962.00000000,0.04273275
215.00000000,1963.00000000,0.04272728
215.00000000,1964.00000000,0.04272117
215.00000000,1965.00000000,0.04271429
215.00000000,1966.00000000,0.04270660
215.00000000,1967.00000000,0.04269820
215.00000000,1968.00000000,0.04268891
215.00000000,1969.00000000,0.04267840
215.00000000,1970.00000000,0.04266650
215.00000000,1971.00000000,0.04265275
215.00000000,1972.00000000,0.04263666
215.00000000,1973.00000000,0.04261856
215.00000000,1974.00000000,0.04259883
215.00000000,1975.00000000,0.04257810
215.00000000,1976.00000000,0.04255712
215.00000000,1977.00000000,0.04253622
215.00000000,1978.00000000,0.04251522
215.00000000,1979.00000000,0.04249405
215.00000000,1980.00000000,0.04247251
215.00000000,1981.00000000,0.04245478
215.00000000,1982.00000000,0.04243424
215.00000000,1983.00000000,0.04241605
215.00000000,1984.00000000,0.04240012
215.00000000,1985.00000000,0.04238598
215.00000000,1986.00000000,0.04237416
215.00000000,1987.00000000,0.04236152
215.00000000,1988.00000000,0.04234901
215.00000000,1989.00000000,0.04233626
215.00000000,1990.00000000,0.04232329
215.00000000,1991.00000000,0.04231017
215.00000000,1992.00000000,0.04229725
215.00000000,1993.00000000,0.04228470
215.00000000,1994.00000000,0.04227273
215.00000000,1995.00000000,0.04226123
215.00000000,1996.00000000,0.04225112
215.00000000,1997.00000000,0.04223941
215.00000000,1998.00000000,0.04222727
215.00000000,1999.00000000,0.04221506
215.00000000,2000.00000000,0.04220290
215.00000000,2001.00000000,0.04219055
215.00000000,2002.00000000,0.04217797
215.00000000,2003.00000000,0.04216536
215.00000000,2004.00000000,0.04215209
215.00000000,2005.00000000,0.04213734
215.00000000,2006.00000000,0.04212171
215.00000000,2007.00000000,0.04210258
215.00000000,2008.00000000,0.04208144
215.00000000,2009.00000000,0.04205857
215.00000000,2010.00000000,0.04203406
215.00000000,2011.00000000,0.04200808
215.00000000,2012.00000000,0.04198197
215.00000000,2013.00000000,0.04195308
215.00000000,2014.00000000,0.04192263
215.00000000,2015.00000000,0.04189204
215.00000000,2016.00000000,0.04185869
215.00000000,2017.00000000,0.04182651
215.00000000,2018.00000000,0.04178916
215.00000000,2019.00000000,0.04175178
215.00000000,2020.00000000,0.04171328
215.00000000,2021.00000000,0.04167497
215.00000000,2022.00000000,0.04163433
215.00000000,2023.00000000,0.04159288
215.00000000,2024.00000000,0.04155071
215.00000000,2025.00000000,0.04150786
215.00000000,2026.00000000,0.04146575
215.00000000,2027.00000000,0.04142187
215.00000000,2028.00000000,0.04137747
215.00000000,2029.00000000,0.04133270
215.00000000,2030.00000000,0.04128877
215.00000000,2031.00000000,0.04124447
215.00000000,2032.00000000,0.04119970
215.00000000,2033.00000000,0.04115304
215.00000000,2034.00000000,0.04110573
215.00000000,2035.00000000,0.04105767
215.00000000,2036.00000000,0.04100884
215.00000000,2037.00000000,0.04096056
215.00000000,2038.00000000,0.04091156
215.00000000,2039.00000000,0.04086054
215.00000000,2040.00000000,0.04081017
215.00000000,2041.00000000,0.04075787
215.00000000,2042.00000000,0.04070605
215.00000000,2043.00000000,0.04065216
215.00000000,2044.00000000,0.04059733
215.00000000,2045.00000000,0.04054913
215.00000000,2046.00000000,0.04049126
215.00000000,2047.00000000,0.04043370
215.00000000,2048.00000000,0.04037658
215.00000000,2049.00000000,0.04031738
215.00000000,2050.00000000,0.04025862
215.00000000,2051.00000000,0.04020287
215.00000000,2052.00000000,0.04014148
215.00000000,2053.00000000,0.04008065
215.00000000,2054.00000000,0.04001926
215.00000000,2055.00000000,0.03995848
215.00000000,2056.00000000,0.03989601
215.00000000,2057.00000000,0.03983428
215.00000000,2058.00000000,0.03977084
215.00000000,2059.00000000,0.03970824
215.00000000,2060.00000000,0.03964768
215.00000000,2061.00000000,0.03958190
215.00000000,2062.00000000,0.03951977
215.00000000,2063.00000000,0.03945547
215.00000000,2064.00000000,0.03939401
215.00000000,2065.00000000,0.03933436
215.00000000,2066.00000000,0.03927046
215.00000000,2067.00000000,0.03921088
215.00000000,2068.00000000,0.03915073
215.00000000,2069.00000000,0.03910076
215.00000000,2070.00000000,0.03904174
215.00000000,2071.00000000,0.03898694
215.00000000,2072.00000000,0.03892809
215.00000000,2073.00000000,0.03887027
215.00000000,2074.00000000,0.03881833
215.00000000,2075.00000000,0.03877106
215.00000000,2076.00000000,0.03872018
215.00000000,2077.00000000,0.03866800
215.00000000,2078.00000000,0.03862284
215.00000000,2079.00000000,0.03857995
215.00000000,2080.00000000,0.03853689
215.00000000,2081.00000000,0.03849018
215.00000000,2082.00000000,0.03845073
215.00000000,2083.00000000,0.03840865
215.00000000,2084.00000000,0.03837020
215.00000000,2085.00000000,0.03833064
215.00000000,2086.00000000,0.03829698
215.00000000,2087.00000000,0.03827392
215.00000000,2088.00000000,0.03824490
215.00000000,2089.00000000,0.03819227
215.00000000,2090.00000000,0.03816866
215.00000000,2091.00000000,0.03813310
215.00000000,2092.00000000,0.03809858
215.00000000,2093.00000000,0.03806334
215.00000000,2094.00000000,0.03804376
215.00000000,2095.00000000,0.03803926
215.00000000,2096.00000000,0.03801376
215.00000000,2097.00000000,0.03799620
215.00000000,2098.00000000,0.03798314
215.00000000,2099.00000000,0.03795599
215.00000000,2100.00000000,0.03792863
215.00000000,2101.00000000,0.03790456
215.00000000,2102.00000000,0.03789310
215.00000000,2103.00000000,0.03790347
215.00000000,2104.00000000,0.03787814
215.00000000,2105.00000000,0.03788733
215.00000000,2106.00000000,0.03788272
215.00000000,2107.00000000,0.03786312
215.00000000,2108.00000000,0.03783772
215.00000000,2109.00000000,0.03783294
215.00000000,2110.00000000,0.03784069
215.00000000,2111.00000000,0.03783796
215.00000000,2112.00000000,0.03784543
215.00000000,2113.00000000,0.03785844
215.00000000,2114.00000000,0.03789182
215.00000000,2115.00000000,0.03790898
215.00000000,2116.00000000,0.03791672
215.00000000,2117.00000000,0.03792080
215.00000000,2118.00000000,0.03796793
215.00000000,2119.00000000,0.03796560
215.00000000,2120.00000000,0.03800054
215.00000000,2121.00000000,0.03804185
215.00000000,2122.00000000,0.03812131
215.00000000,2123.00000000,0.03807490
215.00000000,2124.00000000,0.03810756
215.00000000,2125.00000000,0.03813952
215.00000000,2126.00000000,0.03815258
215.00000000,2127.00000000,0.03819564
215.00000000,2128.00000000,0.03826295
215.00000000,2129.00000000,0.03815233
215.00000000,2130.00000000,0.03813420
215.00000000,2131.00000000,0.03820183
215.00000000,2132.00000000,0.03825975
215.00000000,2133.00000000,0.03823529
215.00000000,2134.00000000,0.03808547
215.00000000,2135.00000000,0.03822653
215.00000000,2136.00000000,0.03807908
215.00000000,2137.00000000,0.03812614
215.00000000,2138.00000000,0.03826786
215.00000000,2139.00000000,0.03826064
215.00000000,2140.00000000,0.03827555
215.00000000,2141.00000000,0.03828650
215.00000000,2142.00000000,0.03837843
215.00000000,2143.00000000,0.03838488
215.00000000,2144.00000000,0.03847889
215.00000000,2145.00000000,0.03837873
215.00000000,2146.00000000,0.03825519
215.00000000,2147.00000000,0.03815472
215.00000000,2148.00000000,0.03821212
215.00000000,2149.00000000,0.03830877
215.00000000,2150.00000000,0.03837683
215.00000000,2151.00000000,0.03850133
215.00000000,2152.00000000,0.03860023
215.00000000,2153.00000000,0.03853622
215.00000000,2154.00000000,0.03860683
215.00000000,2155.00000000,0.03874441
215.00000000,2156.00000000,0.03880324
215.00000000,2157.00000000,0.03883410
215.00000000,2158.00000000,0.03891383
215.00000000,2159.00000000,0.03893160
215.00000000,2160.00000000,0.03870855
215.00000000,2161.00000000,0.03882875
215.00000000,2162.00000000,0.03903792
215.00000000,2163.00000000,0.03916269
215.00000000,2164.00000000,0.03914615
215.00000000,2165.00000000,0.03942838
215.00000000,2166.00000000,0.03963065
215.00000000,2167.00000000,0.03971060
215.00000000,2168.00000000,0.03981218
215.00000000,2169.00000000,0.03989221
215.00000000,2170.00000000,0.04014994
215.00000000,2171.00000000,0.04036122
215.00000000,2172.00000000,0.04052580
215.00000000,2173.00000000,0.04065603
215.00000000,2174.00000000,0.04087057
215.00000000,2175.00000000,0.04106788
215.00000000,2176.00000000,0.04115532
215.00000000,2177.00000000,0.04134676
215.00000000,2178.00000000,0.04158872
215.00000000,2179.00000000,0.04184686
215.00000000,2180.00000000,0.04208096
215.00000000,2181.00000000,0.04234385
215.00000000,2182.00000000,0.04254687
215.00000000,2183.00000000,0.04283387
215.00000000,2184.00000000,0.04316365
215.00000000,2185.00000000,0.04356976
215.00000000,2186.00000000,0.04383833
215.00000000,2187.00000000,0.04412410
215.00000000,2188.00000000,0.04449087
215.00000000,2189.00000000,0.04459633
215.00000000,2190.00000000,0.04465924
215.00000000,2191.00000000,0.04506944
215.00000000,2192.00000000,0.04533990
215.00000000,2193.00000000,0.04553059
215.00000000,2194.00000000,0.04596365
215.00000000,2195.00000000,0.04600452
215.00000000,2196.00000000,0.04591873
215.00000000,2197.00000000,0.04597821
215.00000000,2198.00000000,0.04606743
215.00000000,2199.00000000,0.04639021
215.00000000,2200.00000000,0.04668467
215.00000000,2201.00000000,0.04699555
215.00000000,2202.00000000,0.04728141
215.00000000,2203.00000000,0.04764987
215.00000000,2204.00000000,0.04791850
215.00000000,2205.00000000,0.04810571
215.00000000,2206.00000000,0.04833722
215.00000000,2207.00000000,0.04832234
215.00000000,2208.00000000,0.04845517
215.00000000,2209.00000000,0.04872353
215.00000000,2210.00000000,0.04900836
215.00000000,2211.00000000,0.04930491
215.00000000,2212.00000000,0.04956881
215.00000000,2213.00000000,0.04966614
215.00000000,2214.00000000,0.04977962
215.00000000,2215.00000000,0.05011866
215.00000000,2216.00000000,0.05045441
215.00000000,2217.00000000,0.05066236
215.00000000,2218.00000000,0.05121803
215.00000000,2219.00000000,0.05183707
215.00000000,2220.00000000,0.05235413
215.00000000,2221.00000000,0.05274181
215.00000000,2222.00000000,0.05313267
215.00000000,2223.00000000,0.05352684
215.00000000,2224.00000000,0.05392395
215.00000000,2225.00000000,0.05432405
215.00000000,2226.00000000,0.05481379
215.00000000,2227.00000000,0.05530698
215.00000000,2228.00000000,0.05580364
215.00000000,2229.00000000,0.05630376
215.00000000,2230.00000000,0.05680728
215.00000000,2231.00000000,0.05731425
215.00000000,2232.00000000,0.05782463
215.00000000,2233.00000000,0.05833838
215.00000000,2234.00000000,0.05885553
215.00000000,2235.00000000,0.05937604
215.00000000,2236.00000000,0.05986075
215.00000000,2237.00000000,0.06034866
215.00000000,2238.00000000,0.06083972
215.00000000,2239.00000000,0.06133402
215.00000000,2240.00000000,0.06183153
215.00000000,2241.00000000,0.06233226
215.00000000,2242.00000000,0.06283630
215.00000000,2243.00000000,0.06334363
215.00000000,2244.00000000,0.06385428
215.00000000,2245.00000000,0.06436836
215.00000000,2246.00000000,0.06496915
215.00000000,2247.00000000,0.06557376
215.00000000,2248.00000000,0.06618227
215.00000000,2249.00000000,0.06679454
215.00000000,2250.00000000,0.06741009
215.00000000,2251.00000000,0.06802813
215.00000000,2252.00000000,0.06864771
215.00000000,2253.00000000,0.06926840
215.00000000,2254.00000000,0.06988992
215.00000000,2255.00000000,0.07051211
215.00000000,2256.00000000,0.07119702
215.00000000,2257.00000000,0.07188276
215.00000000,2258.00000000,0.07256922
215.00000000,2259.00000000,0.07325641
215.00000000,2260.00000000,0.07394424
215.00000000,2261.00000000,0.07463265
215.00000000,2262.00000000,0.07532173
215.00000000,2263.00000000,0.07601142
215.00000000,2264.00000000,0.07670178
215.00000000,2265.00000000,0.07739273
215.00000000,2266.00000000,0.07808063
215.00000000,2267.00000000,0.07876908
215.00000000,2268.00000000,0.07945798
215.00000000,2269.00000000,0.08014724
215.00000000,2270.00000000,0.08083691
215.00000000,2271.00000000,0.08152687
215.00000000,2272.00000000,0.08221704
215.00000000,2273.00000000,0.08290742
215.00000000,2274.00000000,0.08359789
215.00000000,2275.00000000,0.08428835
215.00000000,2276.00000000,0.08483816
215.00000000,2277.00000000,0.08538732
215.00000000,2278.00000000,0.08593589
215.00000000,2279.00000000,0.08648381
215.00000000,2280.00000000,0.08703103
215.00000000,2281.00000000,0.08757759
215.00000000,2282.00000000,0.08812343
215.00000000,2283.00000000,0.08866848
215.00000000,2284.00000000,0.08921277
215.00000000,2285.00000000,0.08975620
215.00000000,2286.00000000,0.09017016
215.00000000,2287.00000000,0.09058283
215.00000000,2288.00000000,0.09099411
215.00000000,2289.00000000,0.09140413
215.00000000,2290.00000000,0.09181282
215.00000000,2291.00000000,0.09222015
215.00000000,2292.00000000,0.09262618
215.00000000,2293.00000000,0.09303090
215.00000000,2294.00000000,0.09343421
215.00000000,2295.00000000,0.09383621
215.00000000,2296.00000000,0.09416422
215.00000000,2297.00000000,0.09449058
215.00000000,2298.00000000,0.09481543
215.00000000,2299.00000000,0.09513863
215.00000000,2300.00000000,0.09546033
215.00000000,2301.00000000,0.09578047
215.00000000,2302.00000000,0.09609898
215.00000000,2303.00000000,0.09641598
215.00000000,2304.00000000,0.09673138
215.00000000,2305.00000000,0.09704515
215.00000000,2306.00000000,0.09728179
215.00000000,2307.00000000,0.09751663
215.00000000,2308.00000000,0.09774964
215.00000000,2309.00000000,0.09798095
215.00000000,2310.00000000,0.09821050
215.00000000,2311.00000000,0.09843827
215.00000000,2312.00000000,0.09866438
215.00000000,2313.00000000,0.09888872
215.00000000,2314.00000000,0.09911140
215.00000000,2315.00000000,0.09933240
215.00000000,2316.00000000,0.09949314
215.00000000,2317.00000000,0.09965211
215.00000000,2318.00000000,0.09980929
215.00000000,2319.00000000,0.09996461
215.00000000,2320.00000000,0.10011821
215.00000000,2321.00000000,0.10027007
215.00000000,2322.00000000,0.10042011
215.00000000,2323.00000000,0.10056848
215.00000000,2324.00000000,0.10071507
215.00000000,2325.00000000,0.10086000
215.00000000,2326.00000000,0.10100324
215.00000000,2327.00000000,0.10114473
215.00000000,2328.00000000,0.10128461
215.00000000,2329.00000000,0.10142281
215.00000000,2330.00000000,0.10155928
215.00000000,2331.00000000,0.10169418
215.00000000,2332.00000000,0.10182743
215.00000000,2333.00000000,0.10195897
215.00000000,2334.00000000,0.10208893
215.00000000,2335.00000000,0.10221728
215.00000000,2336.00000000,0.10234392
215.00000000,2337.00000000,0.10246903
215.00000000,2338.00000000,0.10259243
215.00000000,2339.00000000,0.10271431
215.00000000,2340.00000000,0.10283459
215.00000000,2341.00000000,0.10295316
215.00000000,2342.00000000,0.10307023
215.00000000,2343.00000000,0.10318569
215.00000000,2344.00000000,0.10329946
215.00000000,2345.00000000,0.10341173
215.00000000,2346.00000000,0.10352241
215.00000000,2347.00000000,0.10363138
215.00000000,2348.00000000,0.10373887
215.00000000,2349.00000000,0.10384465
215.00000000,2350.00000000,0.10394893
215.00000000,2351.00000000,0.10405162
215.00000000,2352.00000000,0.10415260
215.00000000,2353.00000000,0.10425208
215.00000000,2354.00000000,0.10434995
215.00000000,2355.00000000,0.10444612
215.00000000,2356.00000000,0.10454076
215.00000000,2357.00000000,0.10463379
215.00000000,2358.00000000,0.10472509
215.00000000,2359.00000000,0.10481485
215.00000000,2360.00000000,0.10490287
215.00000000,2361.00000000,0.10498932
215.00000000,2362.00000000,0.10507409
215.00000000,2363.00000000,0.10515710
215.00000000,2364.00000000,0.10523843
215.00000000,2365.00000000,0.10531796
215.00000000,2366.00000000,0.10498848
215.00000000,2367.00000000,0.10465682
215.00000000,2368.00000000,0.10432294
215.00000000,2369.00000000,0.10398680
215.00000000,2370.00000000,0.10364861
215.00000000,2371.00000000,0.10330833
215.00000000,2372.00000000,0.10296595
215.00000000,2373.00000000,0.10262162
215.00000000,2374.00000000,0.10227525
215.00000000,2375.00000000,0.10192703
215.00000000,2376.00000000,0.10157694
215.00000000,2377.00000000,0.10122491
215.00000000,2378.00000000,0.10087115
215.00000000,2379.00000000,0.10051561
215.00000000,2380.00000000,0.10015828
215.00000000,2381.00000000,0.09979931
215.00000000,2382.00000000,0.09943866
215.00000000,2383.00000000,0.09907632
215.00000000,2384.00000000,0.09871245
215.00000000,2385.00000000,0.09834692
215.00000000,2386.00000000,0.09797995
215.00000000,2387.00000000,0.09761147
215.00000000,2388.00000000,0.09724143
215.00000000,2389.00000000,0.09687004
215.00000000,2390.00000000,0.09649722
215.00000000,2391.00000000,0.09612295
215.00000000,2392.00000000,0.09574740
215.00000000,2393.00000000,0.09537052
215.00000000,2394.00000000,0.09499228
215.00000000,2395.00000000,0.09461282
215.00000000,2396.00000000,0.09423212
215.00000000,2397.00000000,0.09385014
215.00000000,2398.00000000,0.09346704
215.00000000,2399.00000000,0.09308269
215.00000000,2400.00000000,0.09269729
215.00000000,2401.00000000,0.09231075
215.00000000,2402.00000000,0.09192307
215.00000000,2403.00000000,0.09153438
215.00000000,2404.00000000,0.09114466
215.00000000,2405.00000000,0.09075384
215.00000000,2406.00000000,0.09036212
215.00000000,2407.00000000,0.08996942
215.00000000,2408.00000000,0.08957569
215.00000000,2409.00000000,0.08918112
215.00000000,2410.00000000,0.08878558
215.00000000,2411.00000000,0.08838920
215.00000000,2412.00000000,0.08799197
215.00000000,2413.00000000,0.08759383
215.00000000,2414.00000000,0.08719493
215.00000000,2415.00000000,0.08679523
215.00000000,2416.00000000,0.08639468
215.00000000,2417.00000000,0.08599344
215.00000000,2418.00000000,0.08559143
215.00000000,2419.00000000,0.08518864
215.00000000,2420.00000000,0.08478522
215.00000000,2421.00000000,0.08438110
215.00000000,2422.00000000,0.08397624
215.00000000,2423.00000000,0.08357080
215.00000000,2424.00000000,0.08316465
215.00000000,2425.00000000,0.08275794
215.00000000,2426.00000000,0.08235063
215.00000000,2427.00000000,0.08194267
215.00000000,2428.00000000,0.08153421
215.00000000,2429.00000000,0.08112520
215.00000000,2430.00000000,0.08071558
215.00000000,2431.00000000,0.08030552
215.00000000,2432.00000000,0.07989495
215.00000000,2433.00000000,0.07948381
215.00000000,2434.00000000,0.07907228
215.00000000,2435.00000000,0.07866023
215.00000000,2436.00000000,0.07824779
215.00000000,2437.00000000,0.07783493
215.00000000,2438.00000000,0.07742158
215.00000000,2439.00000000,0.07700791
215.00000000,2440.00000000,0.07659386
215.00000000,2441.00000000,0.07617937
215.00000000,2442.00000000,0.07576459
215.00000000,2443.00000000,0.07534948
215.00000000,2444.00000000,0.07493395
215.00000000,2445.00000000,0.07451821
215.00000000,2446.00000000,0.07410208
215.00000000,2447.00000000,0.07368573
215.00000000,2448.00000000,0.07326913
215.00000000,2449.00000000,0.07285219
215.00000000,2450.00000000,0.07243508
215.00000000,2451.00000000,0.07201774
215.00000000,2452.00000000,0.07160011
215.00000000,2453.00000000,0.07118233
215.00000000,2454.00000000,0.07076437
215.00000000,2455.00000000,0.07034615
215.00000000,2456.00000000,0.06992784
215.00000000,2457.00000000,0.06950938
215.00000000,2458.00000000,0.06909070
215.00000000,2459.00000000,0.06867196
215.00000000,2460.00000000,0.06825305
215.00000000,2461.00000000,0.06783413
215.00000000,2462.00000000,0.06741514
215.00000000,2463.00000000,0.06699606
215.00000000,2464.00000000,0.06666500
215.00000000,2465.00000000,0.06659281
215.00000000,2466.00000000,0.06659141
215.00000000,2467.00000000,0.06659018
215.00000000,2468.00000000,0.06658908
215.00000000,2469.00000000,0.06658799
215.00000000,2470.00000000,0.06658710
215.00000000,2471.00000000,0.06659731
215.00000000,2472.00000000,0.06660770
215.00000000,2473.00000000,0.06661820
215.00000000,2474.00000000,0.06662870
215.00000000,2475.00000000,0.06663937
215.00000000,2476.00000000,0.06662822
215.00000000,2477.00000000,0.06661707
215.00000000,2478.00000000,0.06660606
215.00000000,2479.00000000,0.06659513
215.00000000,2480.00000000,0.06658420
215.00000000,2481.00000000,0.06657342
215.00000000,2482.00000000,0.06656271
215.00000000,2483.00000000,0.06655198
215.00000000,2484.00000000,0.06654141
215.00000000,2485.00000000,0.06653081
215.00000000,2486.00000000,0.06652036
215.00000000,2487.00000000,0.06650997
215.00000000,2488.00000000,0.06649955
215.00000000,2489.00000000,0.06648928
215.00000000,2490.00000000,0.06647906
215.00000000,2491.00000000,0.06646787
215.00000000,2492.00000000,0.06645681
215.00000000,2493.00000000,0.06644581
215.00000000,2494.00000000,0.06643476
215.00000000,2495.00000000,0.06642386
215.00000000,2496.00000000,0.06641291
215.00000000,2497.00000000,0.06640210
215.00000000,2498.00000000,0.06639133
215.00000000,2499.00000000,0.06638052
215.00000000,2500.00000000,0.06636983
216.00000000,1765.00000000,0.04242239
216.00000000,1766.00000000,0.04242235
216.00000000,1767.00000000,0.04242243
216.00000000,1768.00000000,0.04242247
216.00000000,1769.00000000,0.04242263
216.00000000,1770.00000000,0.04242291
216.00000000,1771.00000000,0.04242323
216.00000000,1772.00000000,0.04242362
216.00000000,1773.00000000,0.04242416
216.00000000,1774.00000000,0.04242457
216.00000000,1775.00000000,0.04242515
216.00000000,1776.00000000,0.04242596
216.00000000,1777.00000000,0.04242673
216.00000000,1778.00000000,0.04242749
216.00000000,1779.00000000,0.04242856
216.00000000,1780.00000000,0.04242949
216.00000000,1781.00000000,0.04243065
216.00000000,1782.00000000,0.04243182
216.00000000,1783.00000000,0.04243300
216.00000000,1784.00000000,0.04243434
216.00000000,1785.00000000,0.04243567
216.00000000,1786.00000000,0.04243714
216.00000000,1787.00000000,0.04243863
216.00000000,1788.00000000,0.04243998
216.00000000,1789.00000000,0.04244166
216.00000000,1790.00000000,0.04244326
216.00000000,1791.00000000,0.04244491
216.00000000,1792.00000000,0.04244653
216.00000000,1793.00000000,0.04244822
216.00000000,1794.00000000,0.04245010
216.00000000,1795.00000000,0.04245186
216.00000000,1796.00000000,0.04245373
216.00000000,1797.00000000,0.04245555
216.00000000,1798.00000000,0.04245756
216.00000000,1799.00000000,0.04245946
216.00000000,1800.00000000,0.04246136
216.00000000,1801.00000000,0.04246338
216.00000000,1802.00000000,0.04246533
216.00000000,1803.00000000,0.04246745
216.00000000,1804.00000000,0.04246947
216.00000000,1805.00000000,0.04247145
216.00000000,1806.00000000,0.04247362
216.00000000,1807.00000000,0.04247562
216.00000000,1808.00000000,0.04247779
216.00000000,1809.00000000,0.04247994
216.00000000,1810.00000000,0.04248207
216.00000000,1811.00000000,0.04248421
216.00000000,1812.00000000,0.04248630
216.00000000,1813.00000000,0.04248846
216.00000000,1814.00000000,0.04249063
216.00000000,1815.00000000,0.04249282
216.00000000,1816.00000000,0.04249511
216.00000000,1817.00000000,0.04249728
216.00000000,1818.00000000,0.04249942
216.00000000,1819.00000000,0.04250161
216.00000000,1820.00000000,0.04250387
216.00000000,1821.00000000,0.04250600
216.00000000,1822.00000000,0.04250828
216.00000000,1823.00000000,0.04251040
216.00000000,1824.00000000,0.04251261
216.00000000,1825.00000000,0.04251488
216.00000000,1826.00000000,0.04251710
216.00000000,1827.00000000,0.04251925
216.00000000,1828.00000000,0.04252142
216.00000000,1829.00000000,0.04252361
216.00000000,1830.00000000,0.04252583
216.00000000,1831.00000000,0.04252800
216.00000000,1832.00000000,0.04253015
216.00000000,1833.00000000,0.04253228
216.00000000,1834.00000000,0.04253444
216.00000000,1835.00000000,0.04253653
216.00000000,1836.00000000,0.04253874
216.00000000,1837.00000000,0.04254070
216.00000000,1838.00000000,0.04254279
216.00000000,1839.00000000,0.04254489
216.00000000,1840.00000000,0.04254698
216.00000000,1841.00000000,0.04254899
216.00000000,1842.00000000,0.04255097
216.00000000,1843.00000000,0.04255304
216.00000000,1844.00000000,0.04255501
216.00000000,1845.00000000,0.04255700
216.00000000,1846.00000000,0.04255892
216.00000000,1847.00000000,0.04256090
216.00000000,1848.00000000,0.04256275
216.00000000,1849.00000000,0.04256466
216.00000000,1850.00000000,0.04256657
216.00000000,1851.00000000,0.04256834
216.00000000,1852.00000000,0.04257020
216.00000000,1853.00000000,0.04257225
216.00000000,1854.00000000,0.04257424
216.00000000,1855.00000000,0.04257634
216.00000000,1856.00000000,0.04257832
216.00000000,1857.00000000,0.04258017
216.00000000,1858.00000000,0.04258210
216.00000000,1859.00000000,0.04258400
216.00000000,1860.00000000,0.04258569
216.00000000,1861.00000000,0.04258743
216.00000000,1862.00000000,0.04258908
216.00000000,1863.00000000,0.04259035
216.00000000,1864.00000000,0.04259131
216.00000000,1865.00000000,0.04259210
216.00000000,1866.00000000,0.04259259
216.00000000,1867.00000000,0.04259301
216.00000000,1868.00000000,0.04259309
216.00000000,1869.00000000,0.04259309
216.00000000,1870.00000000,0.04259298
216.00000000,1871.00000000,0.04259287
216.00000000,1872.00000000,0.04259267
216.00000000,1873.00000000,0.04259294
216.00000000,1874.00000000,0.04259347
216.00000000,1875.00000000,0.04259418
216.00000000,1876.00000000,0.04259506
216.00000000,1877.00000000,0.04259608
216.00000000,1878.00000000,0.04259703
216.00000000,1879.00000000,0.04259819
216.00000000,1880.00000000,0.04259934
216.00000000,1881.00000000,0.04260047
216.00000000,1882.00000000,0.04260162
216.00000000,1883.00000000,0.04260251
216.00000000,1884.00000000,0.04260321
216.00000000,1885.00000000,0.04260369
216.00000000,1886.00000000,0.04260407
216.00000000,1887.00000000,0.04260431
216.00000000,1888.00000000,0.04260452
216.00000000,1889.00000000,0.04260453
216.00000000,1890.00000000,0.04260440
216.00000000,1891.00000000,0.04260404
216.00000000,1892.00000000,0.04260352
216.00000000,1893.00000000,0.04260285
216.00000000,1894.00000000,0.04260220
216.00000000,1895.00000000,0.04260165
216.00000000,1896.00000000,0.04260105
216.00000000,1897.00000000,0.04260039
216.00000000,1898.00000000,0.04259967
216.00000000,1899.00000000,0.04259889
216.00000000,1900.00000000,0.04259785
216.00000000,1901.00000000,0.04259668
216.00000000,1902.00000000,0.04259557
216.00000000,1903.00000000,0.04259454
216.00000000,1904.00000000,0.04259353
216.00000000,1905.00000000,0.04259260
216.00000000,1906.00000000,0.04259183
216.00000000,1907.00000000,0.04259111
216.00000000,1908.00000000,0.04259032
216.00000000,1909.00000000,0.04258948
216.00000000,1910.00000000,0.04258868
216.00000000,1911.00000000,0.04258777
216.00000000,1912.00000000,0.04258649
216.00000000,1913.00000000,0.04258468
216.00000000,1914.00000000,0.04258234
216.00000000,1915.00000000,0.04257970
216.00000000,1916.00000000,0.04257702
216.00000000,1917.00000000,0.04257436
216.00000000,1918.00000000,0.04257154
216.00000000,1919.00000000,0.04256870
216.00000000,1920.00000000,0.04256624
216.00000000,1921.00000000,0.04256400
216.00000000,1922.00000000,0.04256233
216.00000000,1923.00000000,0.04256104
216.00000000,1924.00000000,0.04255979
216.00000000,1925.00000000,0.04255835
216.00000000,1926.00000000,0.04255698
216.00000000,1927.00000000,0.04255552
216.00000000,1928.00000000,0.04255412
216.00000000,1929.00000000,0.04255270
216.00000000,1930.00000000,0.04255130
216.00000000,1931.00000000,0.04255049
216.00000000,1932.00000000,0.04255039
216.00000000,1933.00000000,0.04255069
216.00000000,1934.00000000,0.04255122
216.00000000,1935.00000000,0.04255174
216.00000000,1936.00000000,0.04255196
216.00000000,1937.00000000,0.04255162
216.00000000,1938.00000000,0.04255057
216.00000000,1939.00000000,0.04254897
216.00000000,1940.00000000,0.04254698
216.00000000,1941.00000000,0.04254441
216.00000000,1942.00000000,0.04254124
216.00000000,1943.00000000,0.04253767
216.00000000,1944.00000000,0.04253380
216.00000000,1945.00000000,0.04252986
216.00000000,1946.00000000,0.04252646
216.00000000,1947.00000000,0.04252396
216.00000000,1948.00000000,0.04252189
216.00000000,1949.00000000,0.04251984
216.00000000,1950.00000000,0.04251769
216.00000000,1951.00000000,0.04251548
216.00000000,1952.00000000,0.04251366
216.00000000,1953.00000000,0.04251188
216.00000000,1954.00000000,0.04251014
216.00000000,1955.00000000,0.04250854
216.00000000,1956.00000000,0.04250689
216.00000000,1957.00000000,0.04250511
216.00000000,1958.00000000,0.04250302
216.00000000,1959.00000000,0.04250063
216.00000000,1960.00000000,0.04249717
216.00000000,1961.00000000,0.04249272
216.00000000,1962.00000000,0.04248777
216.00000000,1963.00000000,0.04248230
216.00000000,1964.00000000,0.04247622
216.00000000,1965.00000000,0.04246936
216.00000000,1966.00000000,0.04246170
216.00000000,1967.00000000,0.04245329
216.00000000,1968.00000000,0.04244405
216.00000000,1969.00000000,0.04243358
216.00000000,1970.00000000,0.04242174
216.00000000,1971.00000000,0.04240802
216.00000000,1972.00000000,0.04239199
216.00000000,1973.00000000,0.04237397
216.00000000,1974.00000000,0.04235430
216.00000000,1975.00000000,0.04233366
216.00000000,1976.00000000,0.04231275
216.00000000,1977.00000000,0.04229192
216.00000000,1978.00000000,0.04227099
216.00000000,1979.00000000,0.04224988
216.00000000,1980.00000000,0.04222840
216.00000000,1981.00000000,0.04220682
216.00000000,1982.00000000,0.04219024
216.00000000,1983.00000000,0.04217207
216.00000000,1984.00000000,0.04215621
216.00000000,1985.00000000,0.04214207
216.00000000,1986.00000000,0.04212896
216.00000000,1987.00000000,0.04211762
216.00000000,1988.00000000,0.04210510
216.00000000,1989.00000000,0.04209245
216.00000000,1990.00000000,0.04207941
216.00000000,1991.00000000,0.04206632
216.00000000,1992.00000000,0.04205350
216.00000000,1993.00000000,0.04204090
216.00000000,1994.00000000,0.04202897
216.00000000,1995.00000000,0.04201748
216.00000000,1996.00000000,0.04200607
216.00000000,1997.00000000,0.04199569
216.00000000,1998.00000000,0.04198358
216.00000000,1999.00000000,0.04197137
216.00000000,2000.00000000,0.04195925
216.00000000,2001.00000000,0.04194696
216.00000000,2002.00000000,0.04193434
216.00000000,2003.00000000,0.04192181
216.00000000,2004.00000000,0.04190858
216.00000000,2005.00000000,0.04189386
216.00000000,2006.00000000,0.04187698
216.00000000,2007.00000000,0.04185921
216.00000000,2008.00000000,0.04183819
216.00000000,2009.00000000,0.04181537
216.00000000,2010.00000000,0.04179100
216.00000000,2011.00000000,0.04176512
216.00000000,2012.00000000,0.04173781
216.00000000,2013.00000000,0.04171035
216.00000000,2014.00000000,0.04168009
216.00000000,2015.00000000,0.04164830
216.00000000,2016.00000000,0.04161641
216.00000000,2017.00000000,0.04158182
216.00000000,2018.00000000,0.04154847
216.00000000,2019.00000000,0.04151006
216.00000000,2020.00000000,0.04147169
216.00000000,2021.00000000,0.04143228
216.00000000,2022.00000000,0.04139318
216.00000000,2023.00000000,0.04135190
216.00000000,2024.00000000,0.04130994
216.00000000,2025.00000000,0.04126734
216.00000000,2026.00000000,0.04122414
216.00000000,2027.00000000,0.04118174
216.00000000,2028.00000000,0.04113762
216.00000000,2029.00000000,0.04109302
216.00000000,2030.00000000,0.04104808
216.00000000,2031.00000000,0.04100398
216.00000000,2032.00000000,0.04095945
216.00000000,2033.00000000,0.04091431
216.00000000,2034.00000000,0.04086721
216.00000000,2035.00000000,0.04081940
216.00000000,2036.00000000,0.04077085
216.00000000,2037.00000000,0.04072153
216.00000000,2038.00000000,0.04067279
216.00000000,2039.00000000,0.04062333
216.00000000,2040.00000000,0.04057191
216.00000000,2041.00000000,0.04052113
216.00000000,2042.00000000,0.04046837
216.00000000,2043.00000000,0.04041597
216.00000000,2044.00000000,0.04036147
216.00000000,2045.00000000,0.04030601
216.00000000,2046.00000000,0.04025712
216.00000000,2047.00000000,0.04019866
216.00000000,2048.00000000,0.04014055
216.00000000,2049.00000000,0.04008291
216.00000000,2050.00000000,0.04002325
216.00000000,2051.00000000,0.03996405
216.00000000,2052.00000000,0.03990790
216.00000000,2053.00000000,0.03984619
216.00000000,2054.00000000,0.03978507
216.00000000,2055.00000000,0.03972344
216.00000000,2056.00000000,0.03966246
216.00000000,2057.00000000,0.03959983
216.00000000,2058.00000000,0.03953796
216.00000000,2059.00000000,0.03947443
216.00000000,2060.00000000,0.03941174
216.00000000,2061.00000000,0.03935119
216.00000000,2062.00000000,0.03928571
216.00000000,2063.00000000,0.03922415
216.00000000,2064.00000000,0.03916062
216.00000000,2065.00000000,0.03910002
216.00000000,2066.00000000,0.03904127
216.00000000,2067.00000000,0.03897833
216.00000000,2068.00000000,0.03891967
216.00000000,2069.00000000,0.03886043
216.00000000,2070.00000000,0.03881128
216.00000000,2071.00000000,0.03875319
216.00000000,2072.00000000,0.03869945
216.00000000,2073.00000000,0.03864191
216.00000000,2074.00000000,0.03858549
216.00000000,2075.00000000,0.03853495
216.00000000,2076.00000000,0.03848905
216.00000000,2077.00000000,0.03843954
216.00000000,2078.00000000,0.03838873
216.00000000,2079.00000000,0.03834481
216.00000000,2080.00000000,0.03830311
216.00000000,2081.00000000,0.03826122
216.00000000,2082.00000000,0.03821576
216.00000000,2083.00000000,0.03817758
216.00000000,2084.00000000,0.03813681
216.00000000,2085.00000000,0.03809963
216.00000000,2086.00000000,0.03806134
216.00000000,2087.00000000,0.03802886
216.00000000,2088.00000000,0.03800688
216.00000000,2089.00000000,0.03797891
216.00000000,2090.00000000,0.03792746
216.00000000,2091.00000000,0.03790482
216.00000000,2092.00000000,0.03787038
216.00000000,2093.00000000,0.03783705
216.00000000,2094.00000000,0.03780305
216.00000000,2095.00000000,0.03778459
216.00000000,2096.00000000,0.03778108
216.00000000,2097.00000000,0.03775669
216.00000000,2098.00000000,0.03774016
216.00000000,2099.00000000,0.03772805
216.00000000,2100.00000000,0.03770191
216.00000000,2101.00000000,0.03767555
216.00000000,2102.00000000,0.03765254
216.00000000,2103.00000000,0.03764212
216.00000000,2104.00000000,0.03765342
216.00000000,2105.00000000,0.03762926
216.00000000,2106.00000000,0.03763936
216.00000000,2107.00000000,0.03763573
216.00000000,2108.00000000,0.03761716
216.00000000,2109.00000000,0.03759280
216.00000000,2110.00000000,0.03758889
216.00000000,2111.00000000,0.03759738
216.00000000,2112.00000000,0.03759544
216.00000000,2113.00000000,0.03760358
216.00000000,2114.00000000,0.03761721
216.00000000,2115.00000000,0.03765106
216.00000000,2116.00000000,0.03766876
216.00000000,2117.00000000,0.03767708
216.00000000,2118.00000000,0.03768173
216.00000000,2119.00000000,0.03772915
216.00000000,2120.00000000,0.03772739
216.00000000,2121.00000000,0.03776265
216.00000000,2122.00000000,0.03780422
216.00000000,2123.00000000,0.03788370
216.00000000,2124.00000000,0.03783806
216.00000000,2125.00000000,0.03787099
216.00000000,2126.00000000,0.03790322
216.00000000,2127.00000000,0.03791666
216.00000000,2128.00000000,0.03795991
216.00000000,2129.00000000,0.03802725
216.00000000,2130.00000000,0.03791775
216.00000000,2131.00000000,0.03790016
216.00000000,2132.00000000,0.03796780
216.00000000,2133.00000000,0.03802577
216.00000000,2134.00000000,0.03800186
216.00000000,2135.00000000,0.03785335
216.00000000,2136.00000000,0.03799394
216.00000000,2137.00000000,0.03784776
216.00000000,2138.00000000,0.03789490
216.00000000,2139.00000000,0.03803613
216.00000000,2140.00000000,0.03802931
216.00000000,2141.00000000,0.03804449
216.00000000,2142.00000000,0.03805572
216.00000000,2143.00000000,0.03814744
216.00000000,2144.00000000,0.03815420
216.00000000,2145.00000000,0.03824798
216.00000000,2146.00000000,0.03814875
216.00000000,2147.00000000,0.03802628
216.00000000,2148.00000000,0.03792674
216.00000000,2149.00000000,0.03798413
216.00000000,2150.00000000,0.03808051
216.00000000,2151.00000000,0.03814870
216.00000000,2152.00000000,0.03827356
216.00000000,2153.00000000,0.03837352
216.00000000,2154.00000000,0.03831180
216.00000000,2155.00000000,0.03838403
216.00000000,2156.00000000,0.03852287
216.00000000,2157.00000000,0.03858340
216.00000000,2158.00000000,0.03861608
216.00000000,2159.00000000,0.03869731
216.00000000,2160.00000000,0.03871687
216.00000000,2161.00000000,0.03849686
216.00000000,2162.00000000,0.03861816
216.00000000,2163.00000000,0.03882790
216.00000000,2164.00000000,0.03895365
216.00000000,2165.00000000,0.03893880
216.00000000,2166.00000000,0.03922109
216.00000000,2167.00000000,0.03942382
216.00000000,2168.00000000,0.03950482
216.00000000,2169.00000000,0.03960731
216.00000000,2170.00000000,0.03968832
216.00000000,2171.00000000,0.03994609
216.00000000,2172.00000000,0.04015764
216.00000000,2173.00000000,0.04032269
216.00000000,2174.00000000,0.04045354
216.00000000,2175.00000000,0.04066825
216.00000000,2176.00000000,0.04086581
216.00000000,2177.00000000,0.04095400
216.00000000,2178.00000000,0.04114569
216.00000000,2179.00000000,0.04138761
216.00000000,2180.00000000,0.04164563
216.00000000,2181.00000000,0.04187972
216.00000000,2182.00000000,0.04214245
216.00000000,2183.00000000,0.04234558
216.00000000,2184.00000000,0.04263229
216.00000000,2185.00000000,0.04296156
216.00000000,2186.00000000,0.04336682
216.00000000,2187.00000000,0.04363517
216.00000000,2188.00000000,0.04392063
216.00000000,2189.00000000,0.04428672
216.00000000,2190.00000000,0.04439268
216.00000000,2191.00000000,0.04445628
216.00000000,2192.00000000,0.04486559
216.00000000,2193.00000000,0.04513580
216.00000000,2194.00000000,0.04532659
216.00000000,2195.00000000,0.04575865
216.00000000,2196.00000000,0.04580027
216.00000000,2197.00000000,0.04571579
216.00000000,2198.00000000,0.04577593
216.00000000,2199.00000000,0.04586565
216.00000000,2200.00000000,0.04618792
216.00000000,2201.00000000,0.04648199
216.00000000,2202.00000000,0.04679241
216.00000000,2203.00000000,0.04707791
216.00000000,2204.00000000,0.04744568
216.00000000,2205.00000000,0.04771404
216.00000000,2206.00000000,0.04790132
216.00000000,2207.00000000,0.04813273
216.00000000,2208.00000000,0.04811877
216.00000000,2209.00000000,0.04825190
216.00000000,2210.00000000,0.04851999
216.00000000,2211.00000000,0.04880448
216.00000000,2212.00000000,0.04910065
216.00000000,2213.00000000,0.04936430
216.00000000,2214.00000000,0.04946209
216.00000000,2215.00000000,0.04957594
216.00000000,2216.00000000,0.04991443
216.00000000,2217.00000000,0.05024966
216.00000000,2218.00000000,0.05045760
216.00000000,2219.00000000,0.05101187
216.00000000,2220.00000000,0.05162926
216.00000000,2221.00000000,0.05214511
216.00000000,2222.00000000,0.05253208
216.00000000,2223.00000000,0.05292225
216.00000000,2224.00000000,0.05331572
216.00000000,2225.00000000,0.05371211
216.00000000,2226.00000000,0.05411150
216.00000000,2227.00000000,0.05460020
216.00000000,2228.00000000,0.05509233
216.00000000,2229.00000000,0.05558794
216.00000000,2230.00000000,0.05608700
216.00000000,2231.00000000,0.05658946
216.00000000,2232.00000000,0.05709537
216.00000000,2233.00000000,0.05760469
216.00000000,2234.00000000,0.05811737
216.00000000,2235.00000000,0.05863347
216.00000000,2236.00000000,0.05915292
216.00000000,2237.00000000,0.05963671
216.00000000,2238.00000000,0.06012370
216.00000000,2239.00000000,0.06061386
216.00000000,2240.00000000,0.06110723
216.00000000,2241.00000000,0.06160382
216.00000000,2242.00000000,0.06210364
216.00000000,2243.00000000,0.06260676
216.00000000,2244.00000000,0.06311317
216.00000000,2245.00000000,0.06362291
216.00000000,2246.00000000,0.06413608
216.00000000,2247.00000000,0.06473565
216.00000000,2248.00000000,0.06533905
216.00000000,2249.00000000,0.06594627
216.00000000,2250.00000000,0.06655681
216.00000000,2251.00000000,0.06716979
216.00000000,2252.00000000,0.06778441
216.00000000,2253.00000000,0.06840012
216.00000000,2254.00000000,0.06901672
216.00000000,2255.00000000,0.06963405
216.00000000,2256.00000000,0.07025202
216.00000000,2257.00000000,0.07093245
216.00000000,2258.00000000,0.07161370
216.00000000,2259.00000000,0.07229568
216.00000000,2260.00000000,0.07297841
216.00000000,2261.00000000,0.07366183
216.00000000,2262.00000000,0.07434592
216.00000000,2263.00000000,0.07503076
216.00000000,2264.00000000,0.07571626
216.00000000,2265.00000000,0.07640246
216.00000000,2266.00000000,0.07708930
216.00000000,2267.00000000,0.07777314
216.00000000,2268.00000000,0.07845754
216.00000000,2269.00000000,0.07914242
216.00000000,2270.00000000,0.07982770
216.00000000,2271.00000000,0.08051340
216.00000000,2272.00000000,0.08119942
216.00000000,2273.00000000,0.08188567
216.00000000,2274.00000000,0.08257216
216.00000000,2275.00000000,0.08325876
216.00000000,2276.00000000,0.08394537
216.00000000,2277.00000000,0.08449194
216.00000000,2278.00000000,0.08503788
216.00000000,2279.00000000,0.08558326
216.00000000,2280.00000000,0.08612803
216.00000000,2281.00000000,0.08667210
216.00000000,2282.00000000,0.08721556
216.00000000,2283.00000000,0.08775831
216.00000000,2284.00000000,0.08830029
216.00000000,2285.00000000,0.08884154
216.00000000,2286.00000000,0.08938197
216.00000000,2287.00000000,0.08979346
216.00000000,2288.00000000,0.09020370
216.00000000,2289.00000000,0.09061259
216.00000000,2290.00000000,0.09102022
216.00000000,2291.00000000,0.09142657
216.00000000,2292.00000000,0.09183155
216.00000000,2293.00000000,0.09223529
216.00000000,2294.00000000,0.09263771
216.00000000,2295.00000000,0.09303877
216.00000000,2296.00000000,0.09343852
216.00000000,2297.00000000,0.09376462
216.00000000,2298.00000000,0.09408910
216.00000000,2299.00000000,0.09441206
216.00000000,2300.00000000,0.09473344
216.00000000,2301.00000000,0.09505330
216.00000000,2302.00000000,0.09537162
216.00000000,2303.00000000,0.09568834
216.00000000,2304.00000000,0.09600354
216.00000000,2305.00000000,0.09631719
216.00000000,2306.00000000,0.09662921
216.00000000,2307.00000000,0.09686442
216.00000000,2308.00000000,0.09709789
216.00000000,2309.00000000,0.09732953
216.00000000,2310.00000000,0.09755947
216.00000000,2311.00000000,0.09778771
216.00000000,2312.00000000,0.09801416
216.00000000,2313.00000000,0.09823896
216.00000000,2314.00000000,0.09846202
216.00000000,2315.00000000,0.09868345
216.00000000,2316.00000000,0.09890318
216.00000000,2317.00000000,0.09906294
216.00000000,2318.00000000,0.09922097
216.00000000,2319.00000000,0.09937719
216.00000000,2320.00000000,0.09953158
216.00000000,2321.00000000,0.09968428
216.00000000,2322.00000000,0.09983524
216.00000000,2323.00000000,0.09998439
216.00000000,2324.00000000,0.10013188
216.00000000,2325.00000000,0.10027761
216.00000000,2326.00000000,0.10042172
216.00000000,2327.00000000,0.10056413
216.00000000,2328.00000000,0.10070479
216.00000000,2329.00000000,0.10084387
216.00000000,2330.00000000,0.10098129
216.00000000,2331.00000000,0.10111699
216.00000000,2332.00000000,0.10125112
216.00000000,2333.00000000,0.10138360
216.00000000,2334.00000000,0.10151440
216.00000000,2335.00000000,0.10164364
216.00000000,2336.00000000,0.10177127
216.00000000,2337.00000000,0.10189721
216.00000000,2338.00000000,0.10202162
216.00000000,2339.00000000,0.10214434
216.00000000,2340.00000000,0.10226553
216.00000000,2341.00000000,0.10238514
216.00000000,2342.00000000,0.10250306
216.00000000,2343.00000000,0.10261949
216.00000000,2344.00000000,0.10273433
216.00000000,2345.00000000,0.10284748
216.00000000,2346.00000000,0.10295914
216.00000000,2347.00000000,0.10306921
216.00000000,2348.00000000,0.10317760
216.00000000,2349.00000000,0.10328449
216.00000000,2350.00000000,0.10338970
216.00000000,2351.00000000,0.10349342
216.00000000,2352.00000000,0.10359555
216.00000000,2353.00000000,0.10369599
216.00000000,2354.00000000,0.10379494
216.00000000,2355.00000000,0.10389229
216.00000000,2356.00000000,0.10398795
216.00000000,2357.00000000,0.10408209
216.00000000,2358.00000000,0.10417462
216.00000000,2359.00000000,0.10426543
216.00000000,2360.00000000,0.10435471
216.00000000,2361.00000000,0.10444227
216.00000000,2362.00000000,0.10452825
216.00000000,2363.00000000,0.10461258
216.00000000,2364.00000000,0.10469512
216.00000000,2365.00000000,0.10477602
216.00000000,2366.00000000,0.10485512
216.00000000,2367.00000000,0.10452704
216.00000000,2368.00000000,0.10419676
216.00000000,2369.00000000,0.10386427
216.00000000,2370.00000000,0.10352954
216.00000000,2371.00000000,0.10319277
216.00000000,2372.00000000,0.10285392
216.00000000,2373.00000000,0.10251297
216.00000000,2374.00000000,0.10217009
216.00000000,2375.00000000,0.10182518
216.00000000,2376.00000000,0.10147843
216.00000000,2377.00000000,0.10112980
216.00000000,2378.00000000,0.10077927
216.00000000,2379.00000000,0.10042701
216.00000000,2380.00000000,0.10007297
216.00000000,2381.00000000,0.09971716
216.00000000,2382.00000000,0.09935970
216.00000000,2383.00000000,0.09900059
216.00000000,2384.00000000,0.09863979
216.00000000,2385.00000000,0.09827745
216.00000000,2386.00000000,0.09791349
216.00000000,2387.00000000,0.09754808
216.00000000,2388.00000000,0.09718116
216.00000000,2389.00000000,0.09681270
216.00000000,2390.00000000,0.09644289
216.00000000,2391.00000000,0.09607166
216.00000000,2392.00000000,0.09569900
216.00000000,2393.00000000,0.09532504
216.00000000,2394.00000000,0.09494977
216.00000000,2395.00000000,0.09457314
216.00000000,2396.00000000,0.09419531
216.00000000,2397.00000000,0.09381625
216.00000000,2398.00000000,0.09343589
216.00000000,2399.00000000,0.09305444
216.00000000,2400.00000000,0.09267173
216.00000000,2401.00000000,0.09228798
216.00000000,2402.00000000,0.09190310
216.00000000,2403.00000000,0.09151708
216.00000000,2404.00000000,0.09113007
216.00000000,2405.00000000,0.09074203
216.00000000,2406.00000000,0.09035291
216.00000000,2407.00000000,0.08996286
216.00000000,2408.00000000,0.08957186
216.00000000,2409.00000000,0.08917984
216.00000000,2410.00000000,0.08878696
216.00000000,2411.00000000,0.08839312
216.00000000,2412.00000000,0.08799846
216.00000000,2413.00000000,0.08760294
216.00000000,2414.00000000,0.08720652
216.00000000,2415.00000000,0.08680935
216.00000000,2416.00000000,0.08641136
216.00000000,2417.00000000,0.08601254
216.00000000,2418.00000000,0.08561303
216.00000000,2419.00000000,0.08521278
216.00000000,2420.00000000,0.08481173
216.00000000,2421.00000000,0.08441003
216.00000000,2422.00000000,0.08400767
216.00000000,2423.00000000,0.08360456
216.00000000,2424.00000000,0.08320087
216.00000000,2425.00000000,0.08279647
216.00000000,2426.00000000,0.08239153
216.00000000,2427.00000000,0.08198599
216.00000000,2428.00000000,0.08157979
216.00000000,2429.00000000,0.08117310
216.00000000,2430.00000000,0.08076587
216.00000000,2431.00000000,0.08035802
216.00000000,2432.00000000,0.07994973
216.00000000,2433.00000000,0.07954094
216.00000000,2434.00000000,0.07913159
216.00000000,2435.00000000,0.07872184
216.00000000,2436.00000000,0.07831156
216.00000000,2437.00000000,0.07790091
216.00000000,2438.00000000,0.07748984
216.00000000,2439.00000000,0.07707830
216.00000000,2440.00000000,0.07666642
216.00000000,2441.00000000,0.07625417
216.00000000,2442.00000000,0.07584147
216.00000000,2443.00000000,0.07542849
216.00000000,2444.00000000,0.07501518
216.00000000,2445.00000000,0.07460147
216.00000000,2446.00000000,0.07418751
216.00000000,2447.00000000,0.07377320
216.00000000,2448.00000000,0.07335867
216.00000000,2449.00000000,0.07294387
216.00000000,2450.00000000,0.07252874
216.00000000,2451.00000000,0.07211344
216.00000000,2452.00000000,0.07169792
216.00000000,2453.00000000,0.07128209
216.00000000,2454.00000000,0.07086614
216.00000000,2455.00000000,0.07045000
216.00000000,2456.00000000,0.07003359
216.00000000,2457.00000000,0.06961710
216.00000000,2458.00000000,0.06920046
216.00000000,2459.00000000,0.06878360
216.00000000,2460.00000000,0.06836668
216.00000000,2461.00000000,0.06794959
216.00000000,2462.00000000,0.06753249
216.00000000,2463.00000000,0.06711532
216.00000000,2464.00000000,0.06669807
216.00000000,2465.00000000,0.06636844
216.00000000,2466.00000000,0.06629654
216.00000000,2467.00000000,0.06629510
216.00000000,2468.00000000,0.06629384
216.00000000,2469.00000000,0.06629270
216.00000000,2470.00000000,0.06629158
216.00000000,2471.00000000,0.06629065
216.00000000,2472.00000000,0.06630078
216.00000000,2473.00000000,0.06631109
216.00000000,2474.00000000,0.06632149
216.00000000,2475.00000000,0.06633191
216.00000000,2476.00000000,0.06634250
216.00000000,2477.00000000,0.06633135
216.00000000,2478.00000000,0.06632021
216.00000000,2479.00000000,0.06630922
216.00000000,2480.00000000,0.06629831
216.00000000,2481.00000000,0.06628737
216.00000000,2482.00000000,0.06627660
216.00000000,2483.00000000,0.06626591
216.00000000,2484.00000000,0.06625518
216.00000000,2485.00000000,0.06624462
216.00000000,2486.00000000,0.06623402
216.00000000,2487.00000000,0.06622358
216.00000000,2488.00000000,0.06621320
216.00000000,2489.00000000,0.06620279
216.00000000,2490.00000000,0.06619252
216.00000000,2491.00000000,0.06618230
216.00000000,2492.00000000,0.06617113
216.00000000,2493.00000000,0.06616007
216.00000000,2494.00000000,0.06614907
216.00000000,2495.00000000,0.06613805
216.00000000,2496.00000000,0.06612714
216.00000000,2497.00000000,0.06611621
216.00000000,2498.00000000,0.06610540
216.00000000,2499.00000000,0.06609465
216.00000000,2500.00000000,0.06608384
217.00000000,1765.00000000,0.04217940
217.00000000,1766.00000000,0.04217944
217.00000000,1767.00000000,0.04217942
217.00000000,1768.00000000,0.04217955
217.00000000,1769.00000000,0.04217965
217.00000000,1770.00000000,0.04217989
217.00000000,1771.00000000,0.04218025
217.00000000,1772.00000000,0.04218065
217.00000000,1773.00000000,0.04218112
217.00000000,1774.00000000,0.04218174
217.00000000,1775.00000000,0.04218223
217.00000000,1776.00000000,0.04218289
217.00000000,1777.00000000,0.04218377
217.00000000,1778.00000000,0.04218462
217.00000000,1779.00000000,0.04218544
217.00000000,1780.00000000,0.04218659
217.00000000,1781.00000000,0.04218759
217.00000000,1782.00000000,0.04218879
217.00000000,1783.00000000,0.04219003
217.00000000,1784.00000000,0.04219127
217.00000000,1785.00000000,0.04219265
217.00000000,1786.00000000,0.04219403
217.00000000,1787.00000000,0.04219555
217.00000000,1788.00000000,0.04219708
217.00000000,1789.00000000,0.04219848
217.00000000,1790.00000000,0.04220019
217.00000000,1791.00000000,0.04220183
217.00000000,1792.00000000,0.04220351
217.00000000,1793.00000000,0.04220516
217.00000000,1794.00000000,0.04220688
217.00000000,1795.00000000,0.04220878
217.00000000,1796.00000000,0.04221056
217.00000000,1797.00000000,0.04221245
217.00000000,1798.00000000,0.04221430
217.00000000,1799.00000000,0.04221632
217.00000000,1800.00000000,0.04221824
217.00000000,1801.00000000,0.04222015
217.00000000,1802.00000000,0.04222218
217.00000000,1803.00000000,0.04222414
217.00000000,1804.00000000,0.04222625
217.00000000,1805.00000000,0.04222828
217.00000000,1806.00000000,0.04223028
217.00000000,1807.00000000,0.04223244
217.00000000,1808.00000000,0.04223445
217.00000000,1809.00000000,0.04223663
217.00000000,1810.00000000,0.04223877
217.00000000,1811.00000000,0.04224091
217.00000000,1812.00000000,0.04224304
217.00000000,1813.00000000,0.04224513
217.00000000,1814.00000000,0.04224729
217.00000000,1815.00000000,0.04224945
217.00000000,1816.00000000,0.04225164
217.00000000,1817.00000000,0.04225392
217.00000000,1818.00000000,0.04225607
217.00000000,1819.00000000,0.04225820
217.00000000,1820.00000000,0.04226039
217.00000000,1821.00000000,0.04226263
217.00000000,1822.00000000,0.04226475
217.00000000,1823.00000000,0.04226702
217.00000000,1824.00000000,0.04226913
217.00000000,1825.00000000,0.04227133
217.00000000,1826.00000000,0.04227357
217.00000000,1827.00000000,0.04227578
217.00000000,1828.00000000,0.04227792
217.00000000,1829.00000000,0.04228007
217.00000000,1830.00000000,0.04228224
217.00000000,1831.00000000,0.04228443
217.00000000,1832.00000000,0.04228658
217.00000000,1833.00000000,0.04228871
217.00000000,1834.00000000,0.04229081
217.00000000,1835.00000000,0.04229295
217.00000000,1836.00000000,0.04229502
217.00000000,1837.00000000,0.04229720
217.00000000,1838.00000000,0.04229913
217.00000000,1839.00000000,0.04230120
217.00000000,1840.00000000,0.04230327
217.00000000,1841.00000000,0.04230534
217.00000000,1842.00000000,0.04230733
217.00000000,1843.00000000,0.04230928
217.00000000,1844.00000000,0.04231131
217.00000000,1845.00000000,0.04231326
217.00000000,1846.00000000,0.04231521
217.00000000,1847.00000000,0.04231710
217.00000000,1848.00000000,0.04231905
217.00000000,1849.00000000,0.04232087
217.00000000,1850.00000000,0.04232275
217.00000000,1851.00000000,0.04232461
217.00000000,1852.00000000,0.04232633
217.00000000,1853.00000000,0.04232838
217.00000000,1854.00000000,0.04233049
217.00000000,1855.00000000,0.04233245
217.00000000,1856.00000000,0.04233446
217.00000000,1857.00000000,0.04233637
217.00000000,1858.00000000,0.04233816
217.00000000,1859.00000000,0.04234004
217.00000000,1860.00000000,0.04234190
217.00000000,1861.00000000,0.04234353
217.00000000,1862.00000000,0.04234516
217.00000000,1863.00000000,0.04234642
217.00000000,1864.00000000,0.04234738
217.00000000,1865.00000000,0.04234810
217.00000000,1866.00000000,0.04234869
217.00000000,1867.00000000,0.04234900
217.00000000,1868.00000000,0.04234926
217.00000000,1869.00000000,0.04234919
217.00000000,1870.00000000,0.04234904
217.00000000,1871.00000000,0.04234883
217.00000000,1872.00000000,0.04234879
217.00000000,1873.00000000,0.04234899
217.00000000,1874.00000000,0.04234953
217.00000000,1875.00000000,0.04235024
217.00000000,1876.00000000,0.04235109
217.00000000,1877.00000000,0.04235207
217.00000000,1878.00000000,0.04235317
217.00000000,1879.00000000,0.04235418
217.00000000,1880.00000000,0.04235537
217.00000000,1881.00000000,0.04235651
217.00000000,1882.00000000,0.04235764
217.00000000,1883.00000000,0.04235851
217.00000000,1884.00000000,0.04235917
217.00000000,1885.00000000,0.04235971
217.00000000,1886.00000000,0.04236008
217.00000000,1887.00000000,0.04236037
217.00000000,1888.00000000,0.04236049
217.00000000,1889.00000000,0.04236054
217.00000000,1890.00000000,0.04236036
217.00000000,1891.00000000,0.04236004
217.00000000,1892.00000000,0.04235949
217.00000000,1893.00000000,0.04235890
217.00000000,1894.00000000,0.04235822
217.00000000,1895.00000000,0.04235761
217.00000000,1896.00000000,0.04235708
217.00000000,1897.00000000,0.04235643
217.00000000,1898.00000000,0.04235571
217.00000000,1899.00000000,0.04235487
217.00000000,1900.00000000,0.04235391
217.00000000,1901.00000000,0.04235273
217.00000000,1902.00000000,0.04235163
217.00000000,1903.00000000,0.04235056
217.00000000,1904.00000000,0.04234959
217.00000000,1905.00000000,0.04234868
217.00000000,1906.00000000,0.04234788
217.00000000,1907.00000000,0.04234718
217.00000000,1908.00000000,0.04234640
217.00000000,1909.00000000,0.04234558
217.00000000,1910.00000000,0.04234475
217.00000000,1911.00000000,0.04234385
217.00000000,1912.00000000,0.04234258
217.00000000,1913.00000000,0.04234079
217.00000000,1914.00000000,0.04233846
217.00000000,1915.00000000,0.04233585
217.00000000,1916.00000000,0.04233318
217.00000000,1917.00000000,0.04233047
217.00000000,1918.00000000,0.04232772
217.00000000,1919.00000000,0.04232492
217.00000000,1920.00000000,0.04232237
217.00000000,1921.00000000,0.04232028
217.00000000,1922.00000000,0.04231854
217.00000000,1923.00000000,0.04231724
217.00000000,1924.00000000,0.04231601
217.00000000,1925.00000000,0.04231468
217.00000000,1926.00000000,0.04231318
217.00000000,1927.00000000,0.04231179
217.00000000,1928.00000000,0.04231038
217.00000000,1929.00000000,0.04230894
217.00000000,1930.00000000,0.04230761
217.00000000,1931.00000000,0.04230677
217.00000000,1932.00000000,0.04230666
217.00000000,1933.00000000,0.04230694
217.00000000,1934.00000000,0.04230752
217.00000000,1935.00000000,0.04230800
217.00000000,1936.00000000,0.04230820
217.00000000,1937.00000000,0.04230788
217.00000000,1938.00000000,0.04230681
217.00000000,1939.00000000,0.04230525
217.00000000,1940.00000000,0.04230326
217.00000000,1941.00000000,0.04230071
217.00000000,1942.00000000,0.04229753
217.00000000,1943.00000000,0.04229399
217.00000000,1944.00000000,0.04229012
217.00000000,1945.00000000,0.04228623
217.00000000,1946.00000000,0.04228282
217.00000000,1947.00000000,0.04228033
217.00000000,1948.00000000,0.04227827
217.00000000,1949.00000000,0.04227622
217.00000000,1950.00000000,0.04227410
217.00000000,1951.00000000,0.04227187
217.00000000,1952.00000000,0.04227003
217.00000000,1953.00000000,0.04226832
217.00000000,1954.00000000,0.04226653
217.00000000,1955.00000000,0.04226492
217.00000000,1956.00000000,0.04226331
217.00000000,1957.00000000,0.04226149
217.00000000,1958.00000000,0.04225944
217.00000000,1959.00000000,0.04225702
217.00000000,1960.00000000,0.04225358
217.00000000,1961.00000000,0.04224915
217.00000000,1962.00000000,0.04224420
217.00000000,1963.00000000,0.04223875
217.00000000,1964.00000000,0.04223268
217.00000000,1965.00000000,0.04222586
217.00000000,1966.00000000,0.04221822
217.00000000,1967.00000000,0.04220984
217.00000000,1968.00000000,0.04220061
217.00000000,1969.00000000,0.04219019
217.00000000,1970.00000000,0.04217839
217.00000000,1971.00000000,0.04216474
217.00000000,1972.00000000,0.04214876
217.00000000,1973.00000000,0.04213081
217.00000000,1974.00000000,0.04211123
217.00000000,1975.00000000,0.04209066
217.00000000,1976.00000000,0.04206983
217.00000000,1977.00000000,0.04204907
217.00000000,1978.00000000,0.04202821
217.00000000,1979.00000000,0.04200718
217.00000000,1980.00000000,0.04198576
217.00000000,1981.00000000,0.04196424
217.00000000,1982.00000000,0.04194385
217.00000000,1983.00000000,0.04192962
217.00000000,1984.00000000,0.04191373
217.00000000,1985.00000000,0.04189964
217.00000000,1986.00000000,0.04188652
217.00000000,1987.00000000,0.04187392
217.00000000,1988.00000000,0.04186268
217.00000000,1989.00000000,0.04185001
217.00000000,1990.00000000,0.04183708
217.00000000,1991.00000000,0.04182393
217.00000000,1992.00000000,0.04181114
217.00000000,1993.00000000,0.04179862
217.00000000,1994.00000000,0.04178664
217.00000000,1995.00000000,0.04177519
217.00000000,1996.00000000,0.04176380
217.00000000,1997.00000000,0.04175211
217.00000000,1998.00000000,0.04174133
217.00000000,1999.00000000,0.04172916
217.00000000,2000.00000000,0.04171704
217.00000000,2001.00000000,0.04170478
217.00000000,2002.00000000,0.04169223
217.00000000,2003.00000000,0.04167966
217.00000000,2004.00000000,0.04166652
217.00000000,2005.00000000,0.04165183
217.00000000,2006.00000000,0.04163501
217.00000000,2007.00000000,0.04161601
217.00000000,2008.00000000,0.04159635
217.00000000,2009.00000000,0.04157366
217.00000000,2010.00000000,0.04154934
217.00000000,2011.00000000,0.04152361
217.00000000,2012.00000000,0.04149642
217.00000000,2013.00000000,0.04146777
217.00000000,2014.00000000,0.04143893
217.00000000,2015.00000000,0.04140735
217.00000000,2016.00000000,0.04137427
217.00000000,2017.00000000,0.04134115
217.00000000,2018.00000000,0.04130543
217.00000000,2019.00000000,0.04127099
217.00000000,2020.00000000,0.04123159
217.00000000,2021.00000000,0.04119232
217.00000000,2022.00000000,0.04115213
217.00000000,2023.00000000,0.04111239
217.00000000,2024.00000000,0.04107060
217.00000000,2025.00000000,0.04102822
217.00000000,2026.00000000,0.04098527
217.00000000,2027.00000000,0.04094178
217.00000000,2028.00000000,0.04089914
217.00000000,2029.00000000,0.04085482
217.00000000,2030.00000000,0.04081006
217.00000000,2031.00000000,0.04076496
217.00000000,2032.00000000,0.04072062
217.00000000,2033.00000000,0.04067572
217.00000000,2034.00000000,0.04063013
217.00000000,2035.00000000,0.04058254
217.00000000,2036.00000000,0.04053426
217.00000000,2037.00000000,0.04048521
217.00000000,2038.00000000,0.04043543
217.00000000,2039.00000000,0.04038625
217.00000000,2040.00000000,0.04033639
217.00000000,2041.00000000,0.04028457
217.00000000,2042.00000000,0.04023331
217.00000000,2043.00000000,0.04017998
217.00000000,2044.00000000,0.04012696
217.00000000,2045.00000000,0.04007183
217.00000000,2046.00000000,0.04001575
217.00000000,2047.00000000,0.03996623
217.00000000,2048.00000000,0.03990723
217.00000000,2049.00000000,0.03984860
217.00000000,2050.00000000,0.03979048
217.00000000,2051.00000000,0.03973040
217.00000000,2052.00000000,0.03967083
217.00000000,2053.00000000,0.03961433
217.00000000,2054.00000000,0.03955235
217.00000000,2055.00000000,0.03949099
217.00000000,2056.00000000,0.03942917
217.00000000,2057.00000000,0.03936802
217.00000000,2058.00000000,0.03930525
217.00000000,2059.00000000,0.03924328
217.00000000,2060.00000000,0.03917968
217.00000000,2061.00000000,0.03911703
217.00000000,2062.00000000,0.03905674
217.00000000,2063.00000000,0.03899184
217.00000000,2064.00000000,0.03893101
217.00000000,2065.00000000,0.03886836
217.00000000,2066.00000000,0.03880867
217.00000000,2067.00000000,0.03875084
217.00000000,2068.00000000,0.03868884
217.00000000,2069.00000000,0.03863110
217.00000000,2070.00000000,0.03857274
217.00000000,2071.00000000,0.03852444
217.00000000,2072.00000000,0.03846743
217.00000000,2073.00000000,0.03841494
217.00000000,2074.00000000,0.03835879
217.00000000,2075.00000000,0.03830381
217.00000000,2076.00000000,0.03825467
217.00000000,2077.00000000,0.03821011
217.00000000,2078.00000000,0.03816193
217.00000000,2079.00000000,0.03811240
217.00000000,2080.00000000,0.03806966
217.00000000,2081.00000000,0.03802910
217.00000000,2082.00000000,0.03798843
217.00000000,2083.00000000,0.03794426
217.00000000,2084.00000000,0.03790737
217.00000000,2085.00000000,0.03786790
217.00000000,2086.00000000,0.03783197
217.00000000,2087.00000000,0.03779489
217.00000000,2088.00000000,0.03776353
217.00000000,2089.00000000,0.03774255
217.00000000,2090.00000000,0.03771559
217.00000000,2091.00000000,0.03766528
217.00000000,2092.00000000,0.03764366
217.00000000,2093.00000000,0.03761041
217.00000000,2094.00000000,0.03757829
217.00000000,2095.00000000,0.03754551
217.00000000,2096.00000000,0.03752815
217.00000000,2097.00000000,0.03752561
217.00000000,2098.00000000,0.03750228
217.00000000,2099.00000000,0.03748671
217.00000000,2100.00000000,0.03747550
217.00000000,2101.00000000,0.03745035
217.00000000,2102.00000000,0.03742505
217.00000000,2103.00000000,0.03740316
217.00000000,2104.00000000,0.03739379
217.00000000,2105.00000000,0.03740602
217.00000000,2106.00000000,0.03738297
217.00000000,2107.00000000,0.03739395
217.00000000,2108.00000000,0.03739124
217.00000000,2109.00000000,0.03737366
217.00000000,2110.00000000,0.03735028
217.00000000,2111.00000000,0.03734720
217.00000000,2112.00000000,0.03735640
217.00000000,2113.00000000,0.03735520
217.00000000,2114.00000000,0.03736399
217.00000000,2115.00000000,0.03737821
217.00000000,2116.00000000,0.03741248
217.00000000,2117.00000000,0.03743070
217.00000000,2118.00000000,0.03743955
217.00000000,2119.00000000,0.03744474
217.00000000,2120.00000000,0.03749242
217.00000000,2121.00000000,0.03749121
217.00000000,2122.00000000,0.03752677
217.00000000,2123.00000000,0.03756859
217.00000000,2124.00000000,0.03764805
217.00000000,2125.00000000,0.03760317
217.00000000,2126.00000000,0.03763636
217.00000000,2127.00000000,0.03766885
217.00000000,2128.00000000,0.03768266
217.00000000,2129.00000000,0.03772608
217.00000000,2130.00000000,0.03779344
217.00000000,2131.00000000,0.03768504
217.00000000,2132.00000000,0.03766798
217.00000000,2133.00000000,0.03773560
217.00000000,2134.00000000,0.03779362
217.00000000,2135.00000000,0.03777025
217.00000000,2136.00000000,0.03762302
217.00000000,2137.00000000,0.03776313
217.00000000,2138.00000000,0.03761821
217.00000000,2139.00000000,0.03766542
217.00000000,2140.00000000,0.03780616
217.00000000,2141.00000000,0.03779973
217.00000000,2142.00000000,0.03781517
217.00000000,2143.00000000,0.03782668
217.00000000,2144.00000000,0.03791819
217.00000000,2145.00000000,0.03792524
217.00000000,2146.00000000,0.03801879
217.00000000,2147.00000000,0.03792049
217.00000000,2148.00000000,0.03779908
217.00000000,2149.00000000,0.03770045
217.00000000,2150.00000000,0.03775781
217.00000000,2151.00000000,0.03785415
217.00000000,2152.00000000,0.03792302
217.00000000,2153.00000000,0.03804878
217.00000000,2154.00000000,0.03815006
217.00000000,2155.00000000,0.03809071
217.00000000,2156.00000000,0.03816457
217.00000000,2157.00000000,0.03830464
217.00000000,2158.00000000,0.03836680
217.00000000,2159.00000000,0.03840123
217.00000000,2160.00000000,0.03848387
217.00000000,2161.00000000,0.03850513
217.00000000,2162.00000000,0.03828806
217.00000000,2163.00000000,0.03841040
217.00000000,2164.00000000,0.03862065
217.00000000,2165.00000000,0.03874732
217.00000000,2166.00000000,0.03873409
217.00000000,2167.00000000,0.03901640
217.00000000,2168.00000000,0.03921953
217.00000000,2169.00000000,0.03930154
217.00000000,2170.00000000,0.03940489
217.00000000,2171.00000000,0.03948683
217.00000000,2172.00000000,0.03974461
217.00000000,2173.00000000,0.03995638
217.00000000,2174.00000000,0.04012186
217.00000000,2175.00000000,0.04025329
217.00000000,2176.00000000,0.04046815
217.00000000,2177.00000000,0.04066592
217.00000000,2178.00000000,0.04075484
217.00000000,2179.00000000,0.04094673
217.00000000,2180.00000000,0.04118860
217.00000000,2181.00000000,0.04144649
217.00000000,2182.00000000,0.04168054
217.00000000,2183.00000000,0.04194308
217.00000000,2184.00000000,0.04214630
217.00000000,2185.00000000,0.04243270
217.00000000,2186.00000000,0.04276146
217.00000000,2187.00000000,0.04316584
217.00000000,2188.00000000,0.04343396
217.00000000,2189.00000000,0.04371910
217.00000000,2190.00000000,0.04408449
217.00000000,2191.00000000,0.04419094
217.00000000,2192.00000000,0.04425522
217.00000000,2193.00000000,0.04466363
217.00000000,2194.00000000,0.04493356
217.00000000,2195.00000000,0.04512443
217.00000000,2196.00000000,0.04555551
217.00000000,2197.00000000,0.04559786
217.00000000,2198.00000000,0.04551466
217.00000000,2199.00000000,0.04557544
217.00000000,2200.00000000,0.04566566
217.00000000,2201.00000000,0.04598740
217.00000000,2202.00000000,0.04628108
217.00000000,2203.00000000,0.04659103
217.00000000,2204.00000000,0.04687618
217.00000000,2205.00000000,0.04724324
217.00000000,2206.00000000,0.04751133
217.00000000,2207.00000000,0.04769868
217.00000000,2208.00000000,0.04792996
217.00000000,2209.00000000,0.04791692
217.00000000,2210.00000000,0.04805034
217.00000000,2211.00000000,0.04831815
217.00000000,2212.00000000,0.04860230
217.00000000,2213.00000000,0.04889809
217.00000000,2214.00000000,0.04916150
217.00000000,2215.00000000,0.04925971
217.00000000,2216.00000000,0.04937393
217.00000000,2217.00000000,0.04971188
217.00000000,2218.00000000,0.05004657
217.00000000,2219.00000000,0.05025450
217.00000000,2220.00000000,0.05080738
217.00000000,2221.00000000,0.05142314
217.00000000,2222.00000000,0.05193777
217.00000000,2223.00000000,0.05232405
217.00000000,2224.00000000,0.05271353
217.00000000,2225.00000000,0.05310629
217.00000000,2226.00000000,0.05350198
217.00000000,2227.00000000,0.05390066
217.00000000,2228.00000000,0.05438830
217.00000000,2229.00000000,0.05487939
217.00000000,2230.00000000,0.05537395
217.00000000,2231.00000000,0.05587196
217.00000000,2232.00000000,0.05637337
217.00000000,2233.00000000,0.05687822
217.00000000,2234.00000000,0.05738649
217.00000000,2235.00000000,0.05789811
217.00000000,2236.00000000,0.05841315
217.00000000,2237.00000000,0.05893155
217.00000000,2238.00000000,0.05941443
217.00000000,2239.00000000,0.05990051
217.00000000,2240.00000000,0.06038975
217.00000000,2241.00000000,0.06088222
217.00000000,2242.00000000,0.06137790
217.00000000,2243.00000000,0.06187681
217.00000000,2244.00000000,0.06237901
217.00000000,2245.00000000,0.06288451
217.00000000,2246.00000000,0.06339334
217.00000000,2247.00000000,0.06390560
217.00000000,2248.00000000,0.06450396
217.00000000,2249.00000000,0.06510609
217.00000000,2250.00000000,0.06571159
217.00000000,2251.00000000,0.06631957
217.00000000,2252.00000000,0.06692918
217.00000000,2253.00000000,0.06753997
217.00000000,2254.00000000,0.06815163
217.00000000,2255.00000000,0.06876408
217.00000000,2256.00000000,0.06937723
217.00000000,2257.00000000,0.06999099
217.00000000,2258.00000000,0.07066698
217.00000000,2259.00000000,0.07134380
217.00000000,2260.00000000,0.07202136
217.00000000,2261.00000000,0.07269972
217.00000000,2262.00000000,0.07337886
217.00000000,2263.00000000,0.07405874
217.00000000,2264.00000000,0.07473943
217.00000000,2265.00000000,0.07542082
217.00000000,2266.00000000,0.07610296
217.00000000,2267.00000000,0.07678575
217.00000000,2268.00000000,0.07746557
217.00000000,2269.00000000,0.07814600
217.00000000,2270.00000000,0.07882692
217.00000000,2271.00000000,0.07950827
217.00000000,2272.00000000,0.08019006
217.00000000,2273.00000000,0.08087220
217.00000000,2274.00000000,0.08155459
217.00000000,2275.00000000,0.08223723
217.00000000,2276.00000000,0.08292002
217.00000000,2277.00000000,0.08360283
217.00000000,2278.00000000,0.08414621
217.00000000,2279.00000000,0.08468898
217.00000000,2280.00000000,0.08523123
217.00000000,2281.00000000,0.08577287
217.00000000,2282.00000000,0.08631386
217.00000000,2283.00000000,0.08685424
217.00000000,2284.00000000,0.08739396
217.00000000,2285.00000000,0.08793291
217.00000000,2286.00000000,0.08847117
217.00000000,2287.00000000,0.08900861
217.00000000,2288.00000000,0.08941770
217.00000000,2289.00000000,0.08982554
217.00000000,2290.00000000,0.09023206
217.00000000,2291.00000000,0.09063735
217.00000000,2292.00000000,0.09104137
217.00000000,2293.00000000,0.09144407
217.00000000,2294.00000000,0.09184552
217.00000000,2295.00000000,0.09224570
217.00000000,2296.00000000,0.09264451
217.00000000,2297.00000000,0.09304206
217.00000000,2298.00000000,0.09336627
217.00000000,2299.00000000,0.09368889
217.00000000,2300.00000000,0.09401002
217.00000000,2301.00000000,0.09432956
217.00000000,2302.00000000,0.09464762
217.00000000,2303.00000000,0.09496413
217.00000000,2304.00000000,0.09527907
217.00000000,2305.00000000,0.09559252
217.00000000,2306.00000000,0.09590441
217.00000000,2307.00000000,0.09621470
217.00000000,2308.00000000,0.09644854
217.00000000,2309.00000000,0.09668062
217.00000000,2310.00000000,0.09691091
217.00000000,2311.00000000,0.09713954
217.00000000,2312.00000000,0.09736645
217.00000000,2313.00000000,0.09759160
217.00000000,2314.00000000,0.09781514
217.00000000,2315.00000000,0.09803693
217.00000000,2316.00000000,0.09825710
217.00000000,2317.00000000,0.09847562
217.00000000,2318.00000000,0.09863442
217.00000000,2319.00000000,0.09879148
217.00000000,2320.00000000,0.09894679
217.00000000,2321.00000000,0.09910026
217.00000000,2322.00000000,0.09925206
217.00000000,2323.00000000,0.09940212
217.00000000,2324.00000000,0.09955040
217.00000000,2325.00000000,0.09969705
217.00000000,2326.00000000,0.09984193
217.00000000,2327.00000000,0.09998519
217.00000000,2328.00000000,0.10012678
217.00000000,2329.00000000,0.10026665
217.00000000,2330.00000000,0.10040494
217.00000000,2331.00000000,0.10054158
217.00000000,2332.00000000,0.10067650
217.00000000,2333.00000000,0.10080987
217.00000000,2334.00000000,0.10094163
217.00000000,2335.00000000,0.10107169
217.00000000,2336.00000000,0.10120021
217.00000000,2337.00000000,0.10132713
217.00000000,2338.00000000,0.10145237
217.00000000,2339.00000000,0.10157608
217.00000000,2340.00000000,0.10169812
217.00000000,2341.00000000,0.10181866
217.00000000,2342.00000000,0.10193761
217.00000000,2343.00000000,0.10205489
217.00000000,2344.00000000,0.10217068
217.00000000,2345.00000000,0.10228489
217.00000000,2346.00000000,0.10239742
217.00000000,2347.00000000,0.10250848
217.00000000,2348.00000000,0.10261796
217.00000000,2349.00000000,0.10272575
217.00000000,2350.00000000,0.10283207
217.00000000,2351.00000000,0.10293671
217.00000000,2352.00000000,0.10303987
217.00000000,2353.00000000,0.10314144
217.00000000,2354.00000000,0.10324137
217.00000000,2355.00000000,0.10333979
217.00000000,2356.00000000,0.10343660
217.00000000,2357.00000000,0.10353177
217.00000000,2358.00000000,0.10362541
217.00000000,2359.00000000,0.10371745
217.00000000,2360.00000000,0.10380778
217.00000000,2361.00000000,0.10389659
217.00000000,2362.00000000,0.10398368
217.00000000,2363.00000000,0.10406921
217.00000000,2364.00000000,0.10415308
217.00000000,2365.00000000,0.10423519
217.00000000,2366.00000000,0.10431565
217.00000000,2367.00000000,0.10439433
217.00000000,2368.00000000,0.10406761
217.00000000,2369.00000000,0.10373872
217.00000000,2370.00000000,0.10340762
217.00000000,2371.00000000,0.10307429
217.00000000,2372.00000000,0.10273893
217.00000000,2373.00000000,0.10240150
217.00000000,2374.00000000,0.10206199
217.00000000,2375.00000000,0.10172055
217.00000000,2376.00000000,0.10137709
217.00000000,2377.00000000,0.10103180
217.00000000,2378.00000000,0.10068465
217.00000000,2379.00000000,0.10033560
217.00000000,2380.00000000,0.09998482
217.00000000,2381.00000000,0.09963229
217.00000000,2382.00000000,0.09927798
217.00000000,2383.00000000,0.09892204
217.00000000,2384.00000000,0.09856445
217.00000000,2385.00000000,0.09820518
217.00000000,2386.00000000,0.09784439
217.00000000,2387.00000000,0.09748197
217.00000000,2388.00000000,0.09711811
217.00000000,2389.00000000,0.09675276
217.00000000,2390.00000000,0.09638587
217.00000000,2391.00000000,0.09601763
217.00000000,2392.00000000,0.09564799
217.00000000,2393.00000000,0.09527692
217.00000000,2394.00000000,0.09490456
217.00000000,2395.00000000,0.09453089
217.00000000,2396.00000000,0.09415587
217.00000000,2397.00000000,0.09377965
217.00000000,2398.00000000,0.09340222
217.00000000,2399.00000000,0.09302348
217.00000000,2400.00000000,0.09264366
217.00000000,2401.00000000,0.09226261
217.00000000,2402.00000000,0.09188049
217.00000000,2403.00000000,0.09149727
217.00000000,2404.00000000,0.09111291
217.00000000,2405.00000000,0.09072757
217.00000000,2406.00000000,0.09034119
217.00000000,2407.00000000,0.08995375
217.00000000,2408.00000000,0.08956538
217.00000000,2409.00000000,0.08917606
217.00000000,2410.00000000,0.08878573
217.00000000,2411.00000000,0.08839455
217.00000000,2412.00000000,0.08800240
217.00000000,2413.00000000,0.08760945
217.00000000,2414.00000000,0.08721565
217.00000000,2415.00000000,0.08682093
217.00000000,2416.00000000,0.08642547
217.00000000,2417.00000000,0.08602922
217.00000000,2418.00000000,0.08563212
217.00000000,2419.00000000,0.08523432
217.00000000,2420.00000000,0.08483580
217.00000000,2421.00000000,0.08443648
217.00000000,2422.00000000,0.08403654
217.00000000,2423.00000000,0.08363591
217.00000000,2424.00000000,0.08323454
217.00000000,2425.00000000,0.08283258
217.00000000,2426.00000000,0.08242995
217.00000000,2427.00000000,0.08202675
217.00000000,2428.00000000,0.08162296
217.00000000,2429.00000000,0.08121852
217.00000000,2430.00000000,0.08081360
217.00000000,2431.00000000,0.08040812
217.00000000,2432.00000000,0.08000204
217.00000000,2433.00000000,0.07959552
217.00000000,2434.00000000,0.07918850
217.00000000,2435.00000000,0.07878093
217.00000000,2436.00000000,0.07837296
217.00000000,2437.00000000,0.07796446
217.00000000,2438.00000000,0.07755559
217.00000000,2439.00000000,0.07714631
217.00000000,2440.00000000,0.07673653
217.00000000,2441.00000000,0.07632644
217.00000000,2442.00000000,0.07591599
217.00000000,2443.00000000,0.07550508
217.00000000,2444.00000000,0.07509389
217.00000000,2445.00000000,0.07468237
217.00000000,2446.00000000,0.07427046
217.00000000,2447.00000000,0.07385831
217.00000000,2448.00000000,0.07344579
217.00000000,2449.00000000,0.07303306
217.00000000,2450.00000000,0.07262006
217.00000000,2451.00000000,0.07220674
217.00000000,2452.00000000,0.07179324
217.00000000,2453.00000000,0.07137952
217.00000000,2454.00000000,0.07096550
217.00000000,2455.00000000,0.07055136
217.00000000,2456.00000000,0.07013702
217.00000000,2457.00000000,0.06972243
217.00000000,2458.00000000,0.06930774
217.00000000,2459.00000000,0.06889291
217.00000000,2460.00000000,0.06847786
217.00000000,2461.00000000,0.06806276
217.00000000,2462.00000000,0.06764748
217.00000000,2463.00000000,0.06723219
217.00000000,2464.00000000,0.06681684
217.00000000,2465.00000000,0.06640141
217.00000000,2466.00000000,0.06607320
217.00000000,2467.00000000,0.06600159
217.00000000,2468.00000000,0.06600012
217.00000000,2469.00000000,0.06599882
217.00000000,2470.00000000,0.06599765
217.00000000,2471.00000000,0.06599649
217.00000000,2472.00000000,0.06599553
217.00000000,2473.00000000,0.06600558
217.00000000,2474.00000000,0.06601579
217.00000000,2475.00000000,0.06602611
217.00000000,2476.00000000,0.06603645
217.00000000,2477.00000000,0.06604695
217.00000000,2478.00000000,0.06603581
217.00000000,2479.00000000,0.06602468
217.00000000,2480.00000000,0.06601370
217.00000000,2481.00000000,0.06600279
217.00000000,2482.00000000,0.06599188
217.00000000,2483.00000000,0.06598111
217.00000000,2484.00000000,0.06597042
217.00000000,2485.00000000,0.06595971
217.00000000,2486.00000000,0.06594914
217.00000000,2487.00000000,0.06593856
217.00000000,2488.00000000,0.06592812
217.00000000,2489.00000000,0.06591774
217.00000000,2490.00000000,0.06590734
217.00000000,2491.00000000,0.06589708
217.00000000,2492.00000000,0.06588688
217.00000000,2493.00000000,0.06587570
217.00000000,2494.00000000,0.06586466
217.00000000,2495.00000000,0.06585368
217.00000000,2496.00000000,0.06584265
217.00000000,2497.00000000,0.06583176
217.00000000,2498.00000000,0.06582083
217.00000000,2499.00000000,0.06581004
217.00000000,2500.00000000,0.06579928
218.00000000,1765.00000000,0.04193785
218.00000000,1766.00000000,0.04193784
218.00000000,1767.00000000,0.04193790
218.00000000,1768.00000000,0.04193793
218.00000000,1769.00000000,0.04193813
218.00000000,1770.00000000,0.04193831
218.00000000,1771.00000000,0.04193862
218.00000000,1772.00000000,0.04193906
218.00000000,1773.00000000,0.04193954
218.00000000,1774.00000000,0.04194008
218.00000000,1775.00000000,0.04194078
218.00000000,1776.00000000,0.04194135
218.00000000,1777.00000000,0.04194208
218.00000000,1778.00000000,0.04194304
218.00000000,1779.00000000,0.04194396
218.00000000,1780.00000000,0.04194486
218.00000000,1781.00000000,0.04194607
218.00000000,1782.00000000,0.04194712
218.00000000,1783.00000000,0.04194839
218.00000000,1784.00000000,0.04194968
218.00000000,1785.00000000,0.04195096
218.00000000,1786.00000000,0.04195239
218.00000000,1787.00000000,0.04195383
218.00000000,1788.00000000,0.04195538
218.00000000,1789.00000000,0.04195695
218.00000000,1790.00000000,0.04195839
218.00000000,1791.00000000,0.04196015
218.00000000,1792.00000000,0.04196181
218.00000000,1793.00000000,0.04196352
218.00000000,1794.00000000,0.04196520
218.00000000,1795.00000000,0.04196695
218.00000000,1796.00000000,0.04196887
218.00000000,1797.00000000,0.04197067
218.00000000,1798.00000000,0.04197258
218.00000000,1799.00000000,0.04197444
218.00000000,1800.00000000,0.04197648
218.00000000,1801.00000000,0.04197841
218.00000000,1802.00000000,0.04198033
218.00000000,1803.00000000,0.04198236
218.00000000,1804.00000000,0.04198433
218.00000000,1805.00000000,0.04198645
218.00000000,1806.00000000,0.04198849
218.00000000,1807.00000000,0.04199049
218.00000000,1808.00000000,0.04199265
218.00000000,1809.00000000,0.04199467
218.00000000,1810.00000000,0.04199684
218.00000000,1811.00000000,0.04199900
218.00000000,1812.00000000,0.04200113
218.00000000,1813.00000000,0.04200325
218.00000000,1814.00000000,0.04200534
218.00000000,1815.00000000,0.04200749
218.00000000,1816.00000000,0.04200966
218.00000000,1817.00000000,0.04201183
218.00000000,1818.00000000,0.04201410
218.00000000,1819.00000000,0.04201624
218.00000000,1820.00000000,0.04201836
218.00000000,1821.00000000,0.04202053
218.00000000,1822.00000000,0.04202277
218.00000000,1823.00000000,0.04202488
218.00000000,1824.00000000,0.04202714
218.00000000,1825.00000000,0.04202923
218.00000000,1826.00000000,0.04203141
218.00000000,1827.00000000,0.04203364
218.00000000,1828.00000000,0.04203583
218.00000000,1829.00000000,0.04203795
218.00000000,1830.00000000,0.04204008
218.00000000,1831.00000000,0.04204223
218.00000000,1832.00000000,0.04204439
218.00000000,1833.00000000,0.04204652
218.00000000,1834.00000000,0.04204862
218.00000000,1835.00000000,0.04205070
218.00000000,1836.00000000,0.04205282
218.00000000,1837.00000000,0.04205487
218.00000000,1838.00000000,0.04205702
218.00000000,1839.00000000,0.04205893
218.00000000,1840.00000000,0.04206097
218.00000000,1841.00000000,0.04206302
218.00000000,1842.00000000,0.04206505
218.00000000,1843.00000000,0.04206702
218.00000000,1844.00000000,0.04206894
218.00000000,1845.00000000,0.04207095
218.00000000,1846.00000000,0.04207286
218.00000000,1847.00000000,0.04207478
218.00000000,1848.00000000,0.04207664
218.00000000,1849.00000000,0.04207856
218.00000000,1850.00000000,0.04208035
218.00000000,1851.00000000,0.04208218
218.00000000,1852.00000000,0.04208400
218.00000000,1853.00000000,0.04208589
218.00000000,1854.00000000,0.04208801
218.00000000,1855.00000000,0.04209008
218.00000000,1856.00000000,0.04209196
218.00000000,1857.00000000,0.04209390
218.00000000,1858.00000000,0.04209576
218.00000000,1859.00000000,0.04209750
218.00000000,1860.00000000,0.04209933
218.00000000,1861.00000000,0.04210113
218.00000000,1862.00000000,0.04210264
218.00000000,1863.00000000,0.04210389
218.00000000,1864.00000000,0.04210485
218.00000000,1865.00000000,0.04210558
218.00000000,1866.00000000,0.04210609
218.00000000,1867.00000000,0.04210650
218.00000000,1868.00000000,0.04210666
218.00000000,1869.00000000,0.04210676
218.00000000,1870.00000000,0.04210654
218.00000000,1871.00000000,0.04210629
218.00000000,1872.00000000,0.04210616
218.00000000,1873.00000000,0.04210650
218.00000000,1874.00000000,0.04210698
218.00000000,1875.00000000,0.04210770
218.00000000,1876.00000000,0.04210856
218.00000000,1877.00000000,0.04210950
218.00000000,1878.00000000,0.04211056
218.00000000,1879.00000000,0.04211172
218.00000000,1880.00000000,0.04211275
218.00000000,1881.00000000,0.04211393
218.00000000,1882.00000000,0.04211507
218.00000000,1883.00000000,0.04211592
218.00000000,1884.00000000,0.04211656
218.00000000,1885.00000000,0.04211707
218.00000000,1886.00000000,0.04211749
218.00000000,1887.00000000,0.04211777
218.00000000,1888.00000000,0.04211795
218.00000000,1889.00000000,0.04211791
218.00000000,1890.00000000,0.04211777
218.00000000,1891.00000000,0.04211740
218.00000000,1892.00000000,0.04211690
218.00000000,1893.00000000,0.04211628
218.00000000,1894.00000000,0.04211567
218.00000000,1895.00000000,0.04211503
218.00000000,1896.00000000,0.04211444
218.00000000,1897.00000000,0.04211387
218.00000000,1898.00000000,0.04211316
218.00000000,1899.00000000,0.04211231
218.00000000,1900.00000000,0.04211130
218.00000000,1901.00000000,0.04211019
218.00000000,1902.00000000,0.04210908
218.00000000,1903.00000000,0.04210801
218.00000000,1904.00000000,0.04210701
218.00000000,1905.00000000,0.04210614
218.00000000,1906.00000000,0.04210536
218.00000000,1907.00000000,0.04210463
218.00000000,1908.00000000,0.04210388
218.00000000,1909.00000000,0.04210306
218.00000000,1910.00000000,0.04210225
218.00000000,1911.00000000,0.04210132
218.00000000,1912.00000000,0.04210007
218.00000000,1913.00000000,0.04209829
218.00000000,1914.00000000,0.04209598
218.00000000,1915.00000000,0.04209338
218.00000000,1916.00000000,0.04209074
218.00000000,1917.00000000,0.04208805
218.00000000,1918.00000000,0.04208524
218.00000000,1919.00000000,0.04208251
218.00000000,1920.00000000,0.04208000
218.00000000,1921.00000000,0.04207782
218.00000000,1922.00000000,0.04207623
218.00000000,1923.00000000,0.04207486
218.00000000,1924.00000000,0.04207361
218.00000000,1925.00000000,0.04207230
218.00000000,1926.00000000,0.04207091
218.00000000,1927.00000000,0.04206939
218.00000000,1928.00000000,0.04206805
218.00000000,1929.00000000,0.04206660
218.00000000,1930.00000000,0.04206525
218.00000000,1931.00000000,0.04206448
218.00000000,1932.00000000,0.04206434
218.00000000,1933.00000000,0.04206461
218.00000000,1934.00000000,0.04206517
218.00000000,1935.00000000,0.04206570
218.00000000,1936.00000000,0.04206586
218.00000000,1937.00000000,0.04206551
218.00000000,1938.00000000,0.04206447
218.00000000,1939.00000000,0.04206290
218.00000000,1940.00000000,0.04206095
218.00000000,1941.00000000,0.04205839
218.00000000,1942.00000000,0.04205524
218.00000000,1943.00000000,0.04205169
218.00000000,1944.00000000,0.04204786
218.00000000,1945.00000000,0.04204396
218.00000000,1946.00000000,0.04204060
218.00000000,1947.00000000,0.04203810
218.00000000,1948.00000000,0.04203606
218.00000000,1949.00000000,0.04203401
218.00000000,1950.00000000,0.04203189
218.00000000,1951.00000000,0.04202968
218.00000000,1952.00000000,0.04202783
218.00000000,1953.00000000,0.04202610
218.00000000,1954.00000000,0.04202437
218.00000000,1955.00000000,0.04202271
218.00000000,1956.00000000,0.04202110
218.00000000,1957.00000000,0.04201932
218.00000000,1958.00000000,0.04201724
218.00000000,1959.00000000,0.04201485
218.00000000,1960.00000000,0.04201138
218.00000000,1961.00000000,0.04200699
218.00000000,1962.00000000,0.04200206
218.00000000,1963.00000000,0.04199662
218.00000000,1964.00000000,0.04199057
218.00000000,1965.00000000,0.04198376
218.00000000,1966.00000000,0.04197615
218.00000000,1967.00000000,0.04196781
218.00000000,1968.00000000,0.04195861
218.00000000,1969.00000000,0.04194821
218.00000000,1970.00000000,0.04193647
218.00000000,1971.00000000,0.04192286
218.00000000,1972.00000000,0.04190697
218.00000000,1973.00000000,0.04188908
218.00000000,1974.00000000,0.04186957
218.00000000,1975.00000000,0.04184910
218.00000000,1976.00000000,0.04182835
218.00000000,1977.00000000,0.04180768
218.00000000,1978.00000000,0.04178688
218.00000000,1979.00000000,0.04176592
218.00000000,1980.00000000,0.04174457
218.00000000,1981.00000000,0.04172312
218.00000000,1982.00000000,0.04170278
218.00000000,1983.00000000,0.04168472
218.00000000,1984.00000000,0.04167276
218.00000000,1985.00000000,0.04165864
218.00000000,1986.00000000,0.04164557
218.00000000,1987.00000000,0.04163294
218.00000000,1988.00000000,0.04162044
218.00000000,1989.00000000,0.04160906
218.00000000,1990.00000000,0.04159612
218.00000000,1991.00000000,0.04158306
218.00000000,1992.00000000,0.04157021
218.00000000,1993.00000000,0.04155773
218.00000000,1994.00000000,0.04154584
218.00000000,1995.00000000,0.04153434
218.00000000,1996.00000000,0.04152297
218.00000000,1997.00000000,0.04151131
218.00000000,1998.00000000,0.04149924
218.00000000,1999.00000000,0.04148838
218.00000000,2000.00000000,0.04147629
218.00000000,2001.00000000,0.04146405
218.00000000,2002.00000000,0.04145154
218.00000000,2003.00000000,0.04143902
218.00000000,2004.00000000,0.04142585
218.00000000,2005.00000000,0.04141127
218.00000000,2006.00000000,0.04139448
218.00000000,2007.00000000,0.04137554
218.00000000,2008.00000000,0.04135467
218.00000000,2009.00000000,0.04133335
218.00000000,2010.00000000,0.04130917
218.00000000,2011.00000000,0.04128350
218.00000000,2012.00000000,0.04125647
218.00000000,2013.00000000,0.04122794
218.00000000,2014.00000000,0.04119794
218.00000000,2015.00000000,0.04116777
218.00000000,2016.00000000,0.04113490
218.00000000,2017.00000000,0.04110061
218.00000000,2018.00000000,0.04106635
218.00000000,2019.00000000,0.04102956
218.00000000,2020.00000000,0.04099412
218.00000000,2021.00000000,0.04095384
218.00000000,2022.00000000,0.04091380
218.00000000,2023.00000000,0.04087298
218.00000000,2024.00000000,0.04083271
218.00000000,2025.00000000,0.04079051
218.00000000,2026.00000000,0.04074778
218.00000000,2027.00000000,0.04070455
218.00000000,2028.00000000,0.04066083
218.00000000,2029.00000000,0.04061799
218.00000000,2030.00000000,0.04057350
218.00000000,2031.00000000,0.04052858
218.00000000,2032.00000000,0.04048325
218.00000000,2033.00000000,0.04043854
218.00000000,2034.00000000,0.04039320
218.00000000,2035.00000000,0.04034712
218.00000000,2036.00000000,0.04029905
218.00000000,2037.00000000,0.04025028
218.00000000,2038.00000000,0.04020078
218.00000000,2039.00000000,0.04015057
218.00000000,2040.00000000,0.04010098
218.00000000,2041.00000000,0.04005071
218.00000000,2042.00000000,0.03999843
218.00000000,2043.00000000,0.03994660
218.00000000,2044.00000000,0.03989266
218.00000000,2045.00000000,0.03983901
218.00000000,2046.00000000,0.03978327
218.00000000,2047.00000000,0.03972660
218.00000000,2048.00000000,0.03967647
218.00000000,2049.00000000,0.03961697
218.00000000,2050.00000000,0.03955788
218.00000000,2051.00000000,0.03949935
218.00000000,2052.00000000,0.03943890
218.00000000,2053.00000000,0.03937901
218.00000000,2054.00000000,0.03932220
218.00000000,2055.00000000,0.03925998
218.00000000,2056.00000000,0.03919843
218.00000000,2057.00000000,0.03913645
218.00000000,2058.00000000,0.03907516
218.00000000,2059.00000000,0.03901231
218.00000000,2060.00000000,0.03895027
218.00000000,2061.00000000,0.03888670
218.00000000,2062.00000000,0.03882431
218.00000000,2063.00000000,0.03876457
218.00000000,2064.00000000,0.03870044
218.00000000,2065.00000000,0.03864048
218.00000000,2066.00000000,0.03857875
218.00000000,2067.00000000,0.03851998
218.00000000,2068.00000000,0.03846306
218.00000000,2069.00000000,0.03840199
218.00000000,2070.00000000,0.03834510
218.00000000,2071.00000000,0.03828766
218.00000000,2072.00000000,0.03824035
218.00000000,2073.00000000,0.03818463
218.00000000,2074.00000000,0.03813350
218.00000000,2075.00000000,0.03807877
218.00000000,2076.00000000,0.03802521
218.00000000,2077.00000000,0.03797742
218.00000000,2078.00000000,0.03793415
218.00000000,2079.00000000,0.03788721
218.00000000,2080.00000000,0.03783891
218.00000000,2081.00000000,0.03779732
218.00000000,2082.00000000,0.03775797
218.00000000,2083.00000000,0.03771856
218.00000000,2084.00000000,0.03767572
218.00000000,2085.00000000,0.03764009
218.00000000,2086.00000000,0.03760187
218.00000000,2087.00000000,0.03756712
218.00000000,2088.00000000,0.03753118
218.00000000,2089.00000000,0.03750089
218.00000000,2090.00000000,0.03748085
218.00000000,2091.00000000,0.03745487
218.00000000,2092.00000000,0.03740578
218.00000000,2093.00000000,0.03738526
218.00000000,2094.00000000,0.03735321
218.00000000,2095.00000000,0.03732229
218.00000000,2096.00000000,0.03729070
218.00000000,2097.00000000,0.03727438
218.00000000,2098.00000000,0.03727275
218.00000000,2099.00000000,0.03725043
218.00000000,2100.00000000,0.03723578
218.00000000,2101.00000000,0.03722544
218.00000000,2102.00000000,0.03720134
218.00000000,2103.00000000,0.03717717
218.00000000,2104.00000000,0.03715641
218.00000000,2105.00000000,0.03714810
218.00000000,2106.00000000,0.03716119
218.00000000,2107.00000000,0.03713924
218.00000000,2108.00000000,0.03715104
218.00000000,2109.00000000,0.03714921
218.00000000,2110.00000000,0.03713257
218.00000000,2111.00000000,0.03711014
218.00000000,2112.00000000,0.03710783
218.00000000,2113.00000000,0.03711769
218.00000000,2114.00000000,0.03711719
218.00000000,2115.00000000,0.03712660
218.00000000,2116.00000000,0.03714136
218.00000000,2117.00000000,0.03717604
218.00000000,2118.00000000,0.03719472
218.00000000,2119.00000000,0.03720410
218.00000000,2120.00000000,0.03720981
218.00000000,2121.00000000,0.03725771
218.00000000,2122.00000000,0.03725703
218.00000000,2123.00000000,0.03729285
218.00000000,2124.00000000,0.03733489
218.00000000,2125.00000000,0.03741434
218.00000000,2126.00000000,0.03737019
218.00000000,2127.00000000,0.03740363
218.00000000,2128.00000000,0.03743636
218.00000000,2129.00000000,0.03745053
218.00000000,2130.00000000,0.03749412
218.00000000,2131.00000000,0.03756149
218.00000000,2132.00000000,0.03745416
218.00000000,2133.00000000,0.03743761
218.00000000,2134.00000000,0.03750522
218.00000000,2135.00000000,0.03756327
218.00000000,2136.00000000,0.03754042
218.00000000,2137.00000000,0.03739447
218.00000000,2138.00000000,0.03753409
218.00000000,2139.00000000,0.03739041
218.00000000,2140.00000000,0.03743769
218.00000000,2141.00000000,0.03757793
218.00000000,2142.00000000,0.03757189
218.00000000,2143.00000000,0.03758757
218.00000000,2144.00000000,0.03759935
218.00000000,2145.00000000,0.03769065
218.00000000,2146.00000000,0.03769798
218.00000000,2147.00000000,0.03779131
218.00000000,2148.00000000,0.03769392
218.00000000,2149.00000000,0.03757355
218.00000000,2150.00000000,0.03747583
218.00000000,2151.00000000,0.03753336
218.00000000,2152.00000000,0.03763021
218.00000000,2153.00000000,0.03770030
218.00000000,2154.00000000,0.03782721
218.00000000,2155.00000000,0.03792990
218.00000000,2156.00000000,0.03787292
218.00000000,2157.00000000,0.03794836
218.00000000,2158.00000000,0.03808961
218.00000000,2159.00000000,0.03815334
218.00000000,2160.00000000,0.03818943
218.00000000,2161.00000000,0.03827342
218.00000000,2162.00000000,0.03829630
218.00000000,2163.00000000,0.03808208
218.00000000,2164.00000000,0.03820538
218.00000000,2165.00000000,0.03841608
218.00000000,2166.00000000,0.03854362
218.00000000,2167.00000000,0.03853194
218.00000000,2168.00000000,0.03881423
218.00000000,2169.00000000,0.03901772
218.00000000,2170.00000000,0.03910068
218.00000000,2171.00000000,0.03920484
218.00000000,2172.00000000,0.03928767
218.00000000,2173.00000000,0.03954543
218.00000000,2174.00000000,0.03975738
218.00000000,2175.00000000,0.03992326
218.00000000,2176.00000000,0.04005523
218.00000000,2177.00000000,0.04027020
218.00000000,2178.00000000,0.04046816
218.00000000,2179.00000000,0.04055778
218.00000000,2180.00000000,0.04074984
218.00000000,2181.00000000,0.04099164
218.00000000,2182.00000000,0.04124936
218.00000000,2183.00000000,0.04148336
218.00000000,2184.00000000,0.04174570
218.00000000,2185.00000000,0.04194899
218.00000000,2186.00000000,0.04223506
218.00000000,2187.00000000,0.04256329
218.00000000,2188.00000000,0.04296680
218.00000000,2189.00000000,0.04323466
218.00000000,2190.00000000,0.04351947
218.00000000,2191.00000000,0.04388417
218.00000000,2192.00000000,0.04399108
218.00000000,2193.00000000,0.04405601
218.00000000,2194.00000000,0.04446352
218.00000000,2195.00000000,0.04473317
218.00000000,2196.00000000,0.04492411
218.00000000,2197.00000000,0.04535419
218.00000000,2198.00000000,0.04539726
218.00000000,2199.00000000,0.04531532
218.00000000,2200.00000000,0.04537671
218.00000000,2201.00000000,0.04546742
218.00000000,2202.00000000,0.04578863
218.00000000,2203.00000000,0.04608191
218.00000000,2204.00000000,0.04639139
218.00000000,2205.00000000,0.04667618
218.00000000,2206.00000000,0.04704254
218.00000000,2207.00000000,0.04731035
218.00000000,2208.00000000,0.04749776
218.00000000,2209.00000000,0.04772891
218.00000000,2210.00000000,0.04771677
218.00000000,2211.00000000,0.04785046
218.00000000,2212.00000000,0.04811800
218.00000000,2213.00000000,0.04840181
218.00000000,2214.00000000,0.04869721
218.00000000,2215.00000000,0.04896036
218.00000000,2216.00000000,0.04905901
218.00000000,2217.00000000,0.04917358
218.00000000,2218.00000000,0.04951098
218.00000000,2219.00000000,0.04984515
218.00000000,2220.00000000,0.05005306
218.00000000,2221.00000000,0.05060455
218.00000000,2222.00000000,0.05121869
218.00000000,2223.00000000,0.05173211
218.00000000,2224.00000000,0.05211770
218.00000000,2225.00000000,0.05250648
218.00000000,2226.00000000,0.05289853
218.00000000,2227.00000000,0.05329352
218.00000000,2228.00000000,0.05369149
218.00000000,2229.00000000,0.05417810
218.00000000,2230.00000000,0.05466814
218.00000000,2231.00000000,0.05516166
218.00000000,2232.00000000,0.05565862
218.00000000,2233.00000000,0.05615898
218.00000000,2234.00000000,0.05666278
218.00000000,2235.00000000,0.05717000
218.00000000,2236.00000000,0.05768058
218.00000000,2237.00000000,0.05819456
218.00000000,2238.00000000,0.05871191
218.00000000,2239.00000000,0.05919388
218.00000000,2240.00000000,0.05967906
218.00000000,2241.00000000,0.06016740
218.00000000,2242.00000000,0.06065895
218.00000000,2243.00000000,0.06115373
218.00000000,2244.00000000,0.06165173
218.00000000,2245.00000000,0.06215303
218.00000000,2246.00000000,0.06265763
218.00000000,2247.00000000,0.06316556
218.00000000,2248.00000000,0.06367690
218.00000000,2249.00000000,0.06427400
218.00000000,2250.00000000,0.06487442
218.00000000,2251.00000000,0.06547738
218.00000000,2252.00000000,0.06608203
218.00000000,2253.00000000,0.06668784
218.00000000,2254.00000000,0.06729463
218.00000000,2255.00000000,0.06790218
218.00000000,2256.00000000,0.06851050
218.00000000,2257.00000000,0.06911948
218.00000000,2258.00000000,0.06972907
218.00000000,2259.00000000,0.07040067
218.00000000,2260.00000000,0.07107312
218.00000000,2261.00000000,0.07174636
218.00000000,2262.00000000,0.07242048
218.00000000,2263.00000000,0.07309545
218.00000000,2264.00000000,0.07377122
218.00000000,2265.00000000,0.07444784
218.00000000,2266.00000000,0.07512520
218.00000000,2267.00000000,0.07580332
218.00000000,2268.00000000,0.07648212
218.00000000,2269.00000000,0.07715801
218.00000000,2270.00000000,0.07783451
218.00000000,2271.00000000,0.07851153
218.00000000,2272.00000000,0.07918901
218.00000000,2273.00000000,0.07986694
218.00000000,2274.00000000,0.08054525
218.00000000,2275.00000000,0.08122382
218.00000000,2276.00000000,0.08190268
218.00000000,2277.00000000,0.08258171
218.00000000,2278.00000000,0.08326078
218.00000000,2279.00000000,0.08380101
218.00000000,2280.00000000,0.08434066
218.00000000,2281.00000000,0.08487981
218.00000000,2282.00000000,0.08541838
218.00000000,2283.00000000,0.08595632
218.00000000,2284.00000000,0.08649368
218.00000000,2285.00000000,0.08703039
218.00000000,2286.00000000,0.08756637
218.00000000,2287.00000000,0.08810167
218.00000000,2288.00000000,0.08863618
218.00000000,2289.00000000,0.08904288
218.00000000,2290.00000000,0.08944837
218.00000000,2291.00000000,0.08985255
218.00000000,2292.00000000,0.09025554
218.00000000,2293.00000000,0.09065726
218.00000000,2294.00000000,0.09105770
218.00000000,2295.00000000,0.09145691
218.00000000,2296.00000000,0.09185486
218.00000000,2297.00000000,0.09225148
218.00000000,2298.00000000,0.09264683
218.00000000,2299.00000000,0.09296920
218.00000000,2300.00000000,0.09328997
218.00000000,2301.00000000,0.09360928
218.00000000,2302.00000000,0.09392702
218.00000000,2303.00000000,0.09424328
218.00000000,2304.00000000,0.09455803
218.00000000,2305.00000000,0.09487121
218.00000000,2306.00000000,0.09518290
218.00000000,2307.00000000,0.09549308
218.00000000,2308.00000000,0.09580166
218.00000000,2309.00000000,0.09603413
218.00000000,2310.00000000,0.09626487
218.00000000,2311.00000000,0.09649383
218.00000000,2312.00000000,0.09672114
218.00000000,2313.00000000,0.09694676
218.00000000,2314.00000000,0.09717064
218.00000000,2315.00000000,0.09739290
218.00000000,2316.00000000,0.09761345
218.00000000,2317.00000000,0.09783240
218.00000000,2318.00000000,0.09804969
218.00000000,2319.00000000,0.09820754
218.00000000,2320.00000000,0.09836368
218.00000000,2321.00000000,0.09851807
218.00000000,2322.00000000,0.09867062
218.00000000,2323.00000000,0.09882153
218.00000000,2324.00000000,0.09897073
218.00000000,2325.00000000,0.09911815
218.00000000,2326.00000000,0.09926394
218.00000000,2327.00000000,0.09940799
218.00000000,2328.00000000,0.09955044
218.00000000,2329.00000000,0.09969123
218.00000000,2330.00000000,0.09983030
218.00000000,2331.00000000,0.09996779
218.00000000,2332.00000000,0.10010366
218.00000000,2333.00000000,0.10023784
218.00000000,2334.00000000,0.10037047
218.00000000,2335.00000000,0.10050149
218.00000000,2336.00000000,0.10063082
218.00000000,2337.00000000,0.10075862
218.00000000,2338.00000000,0.10088484
218.00000000,2339.00000000,0.10100938
218.00000000,2340.00000000,0.10113243
218.00000000,2341.00000000,0.10125380
218.00000000,2342.00000000,0.10137368
218.00000000,2343.00000000,0.10149198
218.00000000,2344.00000000,0.10160862
218.00000000,2345.00000000,0.10172378
218.00000000,2346.00000000,0.10183736
218.00000000,2347.00000000,0.10194928
218.00000000,2348.00000000,0.10205973
218.00000000,2349.00000000,0.10216862
218.00000000,2350.00000000,0.10227583
218.00000000,2351.00000000,0.10238158
218.00000000,2352.00000000,0.10248566
218.00000000,2353.00000000,0.10258827
218.00000000,2354.00000000,0.10268932
218.00000000,2355.00000000,0.10278869
218.00000000,2356.00000000,0.10288659
218.00000000,2357.00000000,0.10298291
218.00000000,2358.00000000,0.10307756
218.00000000,2359.00000000,0.10317070
218.00000000,2360.00000000,0.10326225
218.00000000,2361.00000000,0.10335212
218.00000000,2362.00000000,0.10344046
218.00000000,2363.00000000,0.10352709
218.00000000,2364.00000000,0.10361217
218.00000000,2365.00000000,0.10369560
218.00000000,2366.00000000,0.10377726
218.00000000,2367.00000000,0.10385730
218.00000000,2368.00000000,0.10393557
218.00000000,2369.00000000,0.10361019
218.00000000,2370.00000000,0.10328268
218.00000000,2371.00000000,0.10295298
218.00000000,2372.00000000,0.10262104
218.00000000,2373.00000000,0.10228709
218.00000000,2374.00000000,0.10195108
218.00000000,2375.00000000,0.10161299
218.00000000,2376.00000000,0.10127299
218.00000000,2377.00000000,0.10093098
218.00000000,2378.00000000,0.10058715
218.00000000,2379.00000000,0.10024146
218.00000000,2380.00000000,0.09989389
218.00000000,2381.00000000,0.09954459
218.00000000,2382.00000000,0.09919356
218.00000000,2383.00000000,0.09884074
218.00000000,2384.00000000,0.09848631
218.00000000,2385.00000000,0.09813024
218.00000000,2386.00000000,0.09777250
218.00000000,2387.00000000,0.09741324
218.00000000,2388.00000000,0.09705236
218.00000000,2389.00000000,0.09669005
218.00000000,2390.00000000,0.09632625
218.00000000,2391.00000000,0.09596092
218.00000000,2392.00000000,0.09559426
218.00000000,2393.00000000,0.09522619
218.00000000,2394.00000000,0.09485670
218.00000000,2395.00000000,0.09448593
218.00000000,2396.00000000,0.09411386
218.00000000,2397.00000000,0.09374044
218.00000000,2398.00000000,0.09336583
218.00000000,2399.00000000,0.09299001
218.00000000,2400.00000000,0.09261292
218.00000000,2401.00000000,0.09223471
218.00000000,2402.00000000,0.09185529
218.00000000,2403.00000000,0.09147481
218.00000000,2404.00000000,0.09109325
218.00000000,2405.00000000,0.09071054
218.00000000,2406.00000000,0.09032686
218.00000000,2407.00000000,0.08994214
218.00000000,2408.00000000,0.08955637
218.00000000,2409.00000000,0.08916968
218.00000000,2410.00000000,0.08878203
218.00000000,2411.00000000,0.08839339
218.00000000,2412.00000000,0.08800390
218.00000000,2413.00000000,0.08761345
218.00000000,2414.00000000,0.08722218
218.00000000,2415.00000000,0.08683007
218.00000000,2416.00000000,0.08643707
218.00000000,2417.00000000,0.08604330
218.00000000,2418.00000000,0.08564877
218.00000000,2419.00000000,0.08525338
218.00000000,2420.00000000,0.08485731
218.00000000,2421.00000000,0.08446050
218.00000000,2422.00000000,0.08406292
218.00000000,2423.00000000,0.08366469
218.00000000,2424.00000000,0.08326579
218.00000000,2425.00000000,0.08286616
218.00000000,2426.00000000,0.08246595
218.00000000,2427.00000000,0.08206505
218.00000000,2428.00000000,0.08166360
218.00000000,2429.00000000,0.08126157
218.00000000,2430.00000000,0.08085888
218.00000000,2431.00000000,0.08045570
218.00000000,2432.00000000,0.08005198
218.00000000,2433.00000000,0.07964766
218.00000000,2434.00000000,0.07924290
218.00000000,2435.00000000,0.07883764
218.00000000,2436.00000000,0.07843183
218.00000000,2437.00000000,0.07802562
218.00000000,2438.00000000,0.07761890
218.00000000,2439.00000000,0.07721181
218.00000000,2440.00000000,0.07680430
218.00000000,2441.00000000,0.07639630
218.00000000,2442.00000000,0.07598799
218.00000000,2443.00000000,0.07557930
218.00000000,2444.00000000,0.07517019
218.00000000,2445.00000000,0.07476079
218.00000000,2446.00000000,0.07435105
218.00000000,2447.00000000,0.07394093
218.00000000,2448.00000000,0.07353057
218.00000000,2449.00000000,0.07311983
218.00000000,2450.00000000,0.07270890
218.00000000,2451.00000000,0.07229770
218.00000000,2452.00000000,0.07188617
218.00000000,2453.00000000,0.07147447
218.00000000,2454.00000000,0.07106254
218.00000000,2455.00000000,0.07065032
218.00000000,2456.00000000,0.07023797
218.00000000,2457.00000000,0.06982544
218.00000000,2458.00000000,0.06941264
218.00000000,2459.00000000,0.06899976
218.00000000,2460.00000000,0.06858672
218.00000000,2461.00000000,0.06817348
218.00000000,2462.00000000,0.06776019
218.00000000,2463.00000000,0.06734672
218.00000000,2464.00000000,0.06693324
218.00000000,2465.00000000,0.06651969
218.00000000,2466.00000000,0.06610606
218.00000000,2467.00000000,0.06577928
218.00000000,2468.00000000,0.06570794
218.00000000,2469.00000000,0.06570644
218.00000000,2470.00000000,0.06570511
218.00000000,2471.00000000,0.06570390
218.00000000,2472.00000000,0.06570271
218.00000000,2473.00000000,0.06570171
218.00000000,2474.00000000,0.06571168
218.00000000,2475.00000000,0.06572181
218.00000000,2476.00000000,0.06573205
218.00000000,2477.00000000,0.06574230
218.00000000,2478.00000000,0.06575271
218.00000000,2479.00000000,0.06574159
218.00000000,2480.00000000,0.06573046
218.00000000,2481.00000000,0.06571949
218.00000000,2482.00000000,0.06570859
218.00000000,2483.00000000,0.06569769
218.00000000,2484.00000000,0.06568693
218.00000000,2485.00000000,0.06567625
218.00000000,2486.00000000,0.06566554
218.00000000,2487.00000000,0.06565499
218.00000000,2488.00000000,0.06564441
218.00000000,2489.00000000,0.06563398
218.00000000,2490.00000000,0.06562362
218.00000000,2491.00000000,0.06561322
218.00000000,2492.00000000,0.06560296
218.00000000,2493.00000000,0.06559276
218.00000000,2494.00000000,0.06558160
218.00000000,2495.00000000,0.06557056
218.00000000,2496.00000000,0.06555958
218.00000000,2497.00000000,0.06554857
218.00000000,2498.00000000,0.06553769
218.00000000,2499.00000000,0.06552677
218.00000000,2500.00000000,0.06551598
219.00000000,1765.00000000,0.04169761
219.00000000,1766.00000000,0.04169767
219.00000000,1767.00000000,0.04169769
219.00000000,1768.00000000,0.04169780
219.00000000,1769.00000000,0.04169790
219.00000000,1770.00000000,0.04169817
219.00000000,1771.00000000,0.04169842
219.00000000,1772.00000000,0.04169882
219.00000000,1773.00000000,0.04169933
219.00000000,1774.00000000,0.04169988
219.00000000,1775.00000000,0.04170051
219.00000000,1776.00000000,0.04170128
219.00000000,1777.00000000,0.04170193
219.00000000,1778.00000000,0.04170274
219.00000000,1779.00000000,0.04170376
219.00000000,1780.00000000,0.04170475
219.00000000,1781.00000000,0.04170572
219.00000000,1782.00000000,0.04170698
219.00000000,1783.00000000,0.04170809
219.00000000,1784.00000000,0.04170941
219.00000000,1785.00000000,0.04171075
219.00000000,1786.00000000,0.04171209
219.00000000,1787.00000000,0.04171357
219.00000000,1788.00000000,0.04171504
219.00000000,1789.00000000,0.04171664
219.00000000,1790.00000000,0.04171824
219.00000000,1791.00000000,0.04171972
219.00000000,1792.00000000,0.04172151
219.00000000,1793.00000000,0.04172320
219.00000000,1794.00000000,0.04172493
219.00000000,1795.00000000,0.04172664
219.00000000,1796.00000000,0.04172841
219.00000000,1797.00000000,0.04173036
219.00000000,1798.00000000,0.04173218
219.00000000,1799.00000000,0.04173410
219.00000000,1800.00000000,0.04173598
219.00000000,1801.00000000,0.04173803
219.00000000,1802.00000000,0.04173996
219.00000000,1803.00000000,0.04174189
219.00000000,1804.00000000,0.04174393
219.00000000,1805.00000000,0.04174590
219.00000000,1806.00000000,0.04174803
219.00000000,1807.00000000,0.04175007
219.00000000,1808.00000000,0.04175207
219.00000000,1809.00000000,0.04175424
219.00000000,1810.00000000,0.04175626
219.00000000,1811.00000000,0.04175844
219.00000000,1812.00000000,0.04176059
219.00000000,1813.00000000,0.04176271
219.00000000,1814.00000000,0.04176484
219.00000000,1815.00000000,0.04176692
219.00000000,1816.00000000,0.04176907
219.00000000,1817.00000000,0.04177122
219.00000000,1818.00000000,0.04177339
219.00000000,1819.00000000,0.04177564
219.00000000,1820.00000000,0.04177777
219.00000000,1821.00000000,0.04177988
219.00000000,1822.00000000,0.04178205
219.00000000,1823.00000000,0.04178427
219.00000000,1824.00000000,0.04178637
219.00000000,1825.00000000,0.04178861
219.00000000,1826.00000000,0.04179069
219.00000000,1827.00000000,0.04179286
219.00000000,1828.00000000,0.04179506
219.00000000,1829.00000000,0.04179723
219.00000000,1830.00000000,0.04179934
219.00000000,1831.00000000,0.04180145
219.00000000,1832.00000000,0.04180357
219.00000000,1833.00000000,0.04180571
219.00000000,1834.00000000,0.04180781
219.00000000,1835.00000000,0.04180990
219.00000000,1836.00000000,0.04181195
219.00000000,1837.00000000,0.04181405
219.00000000,1838.00000000,0.04181607
219.00000000,1839.00000000,0.04181819
219.00000000,1840.00000000,0.04182008
219.00000000,1841.00000000,0.04182209
219.00000000,1842.00000000,0.04182411
219.00000000,1843.00000000,0.04182612
219.00000000,1844.00000000,0.04182806
219.00000000,1845.00000000,0.04182996
219.00000000,1846.00000000,0.04183193
219.00000000,1847.00000000,0.04183381
219.00000000,1848.00000000,0.04183570
219.00000000,1849.00000000,0.04183753
219.00000000,1850.00000000,0.04183941
219.00000000,1851.00000000,0.04184115
219.00000000,1852.00000000,0.04184294
219.00000000,1853.00000000,0.04184493
219.00000000,1854.00000000,0.04184690
219.00000000,1855.00000000,0.04184897
219.00000000,1856.00000000,0.04185097
219.00000000,1857.00000000,0.04185278
219.00000000,1858.00000000,0.04185467
219.00000000,1859.00000000,0.04185647
219.00000000,1860.00000000,0.04185817
219.00000000,1861.00000000,0.04185994
219.00000000,1862.00000000,0.04186162
219.00000000,1863.00000000,0.04186276
219.00000000,1864.00000000,0.04186371
219.00000000,1865.00000000,0.04186443
219.00000000,1866.00000000,0.04186495
219.00000000,1867.00000000,0.04186529
219.00000000,1868.00000000,0.04186554
219.00000000,1869.00000000,0.04186554
219.00000000,1870.00000000,0.04186550
219.00000000,1871.00000000,0.04186518
219.00000000,1872.00000000,0.04186501
219.00000000,1873.00000000,0.04186526
219.00000000,1874.00000000,0.04186588
219.00000000,1875.00000000,0.04186653
219.00000000,1876.00000000,0.04186739
219.00000000,1877.00000000,0.04186835
219.00000000,1878.00000000,0.04186937
219.00000000,1879.00000000,0.04187049
219.00000000,1880.00000000,0.04187167
219.00000000,1881.00000000,0.04187270
219.00000000,1882.00000000,0.04187387
219.00000000,1883.00000000,0.04187474
219.00000000,1884.00000000,0.04187536
219.00000000,1885.00000000,0.04187584
219.00000000,1886.00000000,0.04187624
219.00000000,1887.00000000,0.04187657
219.00000000,1888.00000000,0.04187674
219.00000000,1889.00000000,0.04187675
219.00000000,1890.00000000,0.04187653
219.00000000,1891.00000000,0.04187621
219.00000000,1892.00000000,0.04187566
219.00000000,1893.00000000,0.04187508
219.00000000,1894.00000000,0.04187444
219.00000000,1895.00000000,0.04187388
219.00000000,1896.00000000,0.04187326
219.00000000,1897.00000000,0.04187262
219.00000000,1898.00000000,0.04187198
219.00000000,1899.00000000,0.04187116
219.00000000,1900.00000000,0.04187014
219.00000000,1901.00000000,0.04186898
219.00000000,1902.00000000,0.04186794
219.00000000,1903.00000000,0.04186686
219.00000000,1904.00000000,0.04186586
219.00000000,1905.00000000,0.04186496
219.00000000,1906.00000000,0.04186421
219.00000000,1907.00000000,0.04186350
219.00000000,1908.00000000,0.04186272
219.00000000,1909.00000000,0.04186193
219.00000000,1910.00000000,0.04186112
219.00000000,1911.00000000,0.04186022
219.00000000,1912.00000000,0.04185894
219.00000000,1913.00000000,0.04185718
219.00000000,1914.00000000,0.04185488
219.00000000,1915.00000000,0.04185230
219.00000000,1916.00000000,0.04184967
219.00000000,1917.00000000,0.04184702
219.00000000,1918.00000000,0.04184422
219.00000000,1919.00000000,0.04184144
219.00000000,1920.00000000,0.04183900
219.00000000,1921.00000000,0.04183685
219.00000000,1922.00000000,0.04183517
219.00000000,1923.00000000,0.04183394
219.00000000,1924.00000000,0.04183263
219.00000000,1925.00000000,0.04183130
219.00000000,1926.00000000,0.04182993
219.00000000,1927.00000000,0.04182852
219.00000000,1928.00000000,0.04182706
219.00000000,1929.00000000,0.04182567
219.00000000,1930.00000000,0.04182431
219.00000000,1931.00000000,0.04182351
219.00000000,1932.00000000,0.04182344
219.00000000,1933.00000000,0.04182368
219.00000000,1934.00000000,0.04182422
219.00000000,1935.00000000,0.04182473
219.00000000,1936.00000000,0.04182494
219.00000000,1937.00000000,0.04182456
219.00000000,1938.00000000,0.04182350
219.00000000,1939.00000000,0.04182196
219.00000000,1940.00000000,0.04182000
219.00000000,1941.00000000,0.04181749
219.00000000,1942.00000000,0.04181433
219.00000000,1943.00000000,0.04181082
219.00000000,1944.00000000,0.04180698
219.00000000,1945.00000000,0.04180312
219.00000000,1946.00000000,0.04179975
219.00000000,1947.00000000,0.04179728
219.00000000,1948.00000000,0.04179522
219.00000000,1949.00000000,0.04179320
219.00000000,1950.00000000,0.04179108
219.00000000,1951.00000000,0.04178887
219.00000000,1952.00000000,0.04178705
219.00000000,1953.00000000,0.04178530
219.00000000,1954.00000000,0.04178355
219.00000000,1955.00000000,0.04178195
219.00000000,1956.00000000,0.04178029
219.00000000,1957.00000000,0.04177851
219.00000000,1958.00000000,0.04177647
219.00000000,1959.00000000,0.04177405
219.00000000,1960.00000000,0.04177062
219.00000000,1961.00000000,0.04176620
219.00000000,1962.00000000,0.04176131
219.00000000,1963.00000000,0.04175589
219.00000000,1964.00000000,0.04174986
219.00000000,1965.00000000,0.04174307
219.00000000,1966.00000000,0.04173548
219.00000000,1967.00000000,0.04172718
219.00000000,1968.00000000,0.04171802
219.00000000,1969.00000000,0.04170765
219.00000000,1970.00000000,0.04169594
219.00000000,1971.00000000,0.04168241
219.00000000,1972.00000000,0.04166658
219.00000000,1973.00000000,0.04164878
219.00000000,1974.00000000,0.04162934
219.00000000,1975.00000000,0.04160895
219.00000000,1976.00000000,0.04158829
219.00000000,1977.00000000,0.04156769
219.00000000,1978.00000000,0.04154699
219.00000000,1979.00000000,0.04152609
219.00000000,1980.00000000,0.04150482
219.00000000,1981.00000000,0.04148344
219.00000000,1982.00000000,0.04146315
219.00000000,1983.00000000,0.04144514
219.00000000,1984.00000000,0.04142937
219.00000000,1985.00000000,0.04141913
219.00000000,1986.00000000,0.04140603
219.00000000,1987.00000000,0.04139345
219.00000000,1988.00000000,0.04138093
219.00000000,1989.00000000,0.04136830
219.00000000,1990.00000000,0.04135663
219.00000000,1991.00000000,0.04134357
219.00000000,1992.00000000,0.04133081
219.00000000,1993.00000000,0.04131826
219.00000000,1994.00000000,0.04130640
219.00000000,1995.00000000,0.04129498
219.00000000,1996.00000000,0.04128357
219.00000000,1997.00000000,0.04127194
219.00000000,1998.00000000,0.04125989
219.00000000,1999.00000000,0.04124775
219.00000000,2000.00000000,0.04123697
219.00000000,2001.00000000,0.04122477
219.00000000,2002.00000000,0.04121226
219.00000000,2003.00000000,0.04119979
219.00000000,2004.00000000,0.04118667
219.00000000,2005.00000000,0.04117207
219.00000000,2006.00000000,0.04115540
219.00000000,2007.00000000,0.04113651
219.00000000,2008.00000000,0.04111572
219.00000000,2009.00000000,0.04109320
219.00000000,2010.00000000,0.04107039
219.00000000,2011.00000000,0.04104487
219.00000000,2012.00000000,0.04101790
219.00000000,2013.00000000,0.04098954
219.00000000,2014.00000000,0.04095967
219.00000000,2015.00000000,0.04092835
219.00000000,2016.00000000,0.04089690
219.00000000,2017.00000000,0.04086283
219.00000000,2018.00000000,0.04082741
219.00000000,2019.00000000,0.04079209
219.00000000,2020.00000000,0.04075432
219.00000000,2021.00000000,0.04071798
219.00000000,2022.00000000,0.04067693
219.00000000,2023.00000000,0.04063626
219.00000000,2024.00000000,0.04059494
219.00000000,2025.00000000,0.04055425
219.00000000,2026.00000000,0.04051170
219.00000000,2027.00000000,0.04046869
219.00000000,2028.00000000,0.04042522
219.00000000,2029.00000000,0.04038131
219.00000000,2030.00000000,0.04033829
219.00000000,2031.00000000,0.04029365
219.00000000,2032.00000000,0.04024850
219.00000000,2033.00000000,0.04020281
219.00000000,2034.00000000,0.04015766
219.00000000,2035.00000000,0.04011184
219.00000000,2036.00000000,0.04006528
219.00000000,2037.00000000,0.04001672
219.00000000,2038.00000000,0.03996750
219.00000000,2039.00000000,0.03991757
219.00000000,2040.00000000,0.03986696
219.00000000,2041.00000000,0.03981697
219.00000000,2042.00000000,0.03976624
219.00000000,2043.00000000,0.03971340
219.00000000,2044.00000000,0.03966096
219.00000000,2045.00000000,0.03960639
219.00000000,2046.00000000,0.03955212
219.00000000,2047.00000000,0.03949580
219.00000000,2048.00000000,0.03943858
219.00000000,2049.00000000,0.03938790
219.00000000,2050.00000000,0.03932795
219.00000000,2051.00000000,0.03926845
219.00000000,2052.00000000,0.03920954
219.00000000,2053.00000000,0.03914878
219.00000000,2054.00000000,0.03908861
219.00000000,2055.00000000,0.03903154
219.00000000,2056.00000000,0.03896914
219.00000000,2057.00000000,0.03890743
219.00000000,2058.00000000,0.03884533
219.00000000,2059.00000000,0.03878394
219.00000000,2060.00000000,0.03872102
219.00000000,2061.00000000,0.03865900
219.00000000,2062.00000000,0.03859572
219.00000000,2063.00000000,0.03853390
219.00000000,2064.00000000,0.03847489
219.00000000,2065.00000000,0.03841164
219.00000000,2066.00000000,0.03835257
219.00000000,2067.00000000,0.03829176
219.00000000,2068.00000000,0.03823390
219.00000000,2069.00000000,0.03817786
219.00000000,2070.00000000,0.03811768
219.00000000,2071.00000000,0.03806170
219.00000000,2072.00000000,0.03800533
219.00000000,2073.00000000,0.03795923
219.00000000,2074.00000000,0.03790487
219.00000000,2075.00000000,0.03785511
219.00000000,2076.00000000,0.03780180
219.00000000,2077.00000000,0.03774962
219.00000000,2078.00000000,0.03770313
219.00000000,2079.00000000,0.03766108
219.00000000,2080.00000000,0.03761535
219.00000000,2081.00000000,0.03756823
219.00000000,2082.00000000,0.03752784
219.00000000,2083.00000000,0.03748974
219.00000000,2084.00000000,0.03745161
219.00000000,2085.00000000,0.03741005
219.00000000,2086.00000000,0.03737564
219.00000000,2087.00000000,0.03733862
219.00000000,2088.00000000,0.03730501
219.00000000,2089.00000000,0.03727017
219.00000000,2090.00000000,0.03724088
219.00000000,2091.00000000,0.03722176
219.00000000,2092.00000000,0.03719682
219.00000000,2093.00000000,0.03714901
219.00000000,2094.00000000,0.03712960
219.00000000,2095.00000000,0.03709875
219.00000000,2096.00000000,0.03706900
219.00000000,2097.00000000,0.03703853
219.00000000,2098.00000000,0.03702321
219.00000000,2099.00000000,0.03702243
219.00000000,2100.00000000,0.03700107
219.00000000,2101.00000000,0.03698732
219.00000000,2102.00000000,0.03697794
219.00000000,2103.00000000,0.03695495
219.00000000,2104.00000000,0.03693192
219.00000000,2105.00000000,0.03691227
219.00000000,2106.00000000,0.03690497
219.00000000,2107.00000000,0.03691890
219.00000000,2108.00000000,0.03689799
219.00000000,2109.00000000,0.03691056
219.00000000,2110.00000000,0.03690957
219.00000000,2111.00000000,0.03689383
219.00000000,2112.00000000,0.03687228
219.00000000,2113.00000000,0.03687071
219.00000000,2114.00000000,0.03688120
219.00000000,2115.00000000,0.03688136
219.00000000,2116.00000000,0.03689134
219.00000000,2117.00000000,0.03690662
219.00000000,2118.00000000,0.03694166
219.00000000,2119.00000000,0.03696080
219.00000000,2120.00000000,0.03697066
219.00000000,2121.00000000,0.03697686
219.00000000,2122.00000000,0.03702499
219.00000000,2123.00000000,0.03702480
219.00000000,2124.00000000,0.03706089
219.00000000,2125.00000000,0.03710313
219.00000000,2126.00000000,0.03718254
219.00000000,2127.00000000,0.03713912
219.00000000,2128.00000000,0.03717280
219.00000000,2129.00000000,0.03720577
219.00000000,2130.00000000,0.03722027
219.00000000,2131.00000000,0.03726401
219.00000000,2132.00000000,0.03733138
219.00000000,2133.00000000,0.03722511
219.00000000,2134.00000000,0.03720906
219.00000000,2135.00000000,0.03727664
219.00000000,2136.00000000,0.03733471
219.00000000,2137.00000000,0.03731238
219.00000000,2138.00000000,0.03716767
219.00000000,2139.00000000,0.03730681
219.00000000,2140.00000000,0.03716435
219.00000000,2141.00000000,0.03721170
219.00000000,2142.00000000,0.03735143
219.00000000,2143.00000000,0.03734576
219.00000000,2144.00000000,0.03736169
219.00000000,2145.00000000,0.03737372
219.00000000,2146.00000000,0.03746480
219.00000000,2147.00000000,0.03747242
219.00000000,2148.00000000,0.03756550
219.00000000,2149.00000000,0.03746902
219.00000000,2150.00000000,0.03734968
219.00000000,2151.00000000,0.03725305
219.00000000,2152.00000000,0.03731132
219.00000000,2153.00000000,0.03740920
219.00000000,2154.00000000,0.03748076
219.00000000,2155.00000000,0.03760892
219.00000000,2156.00000000,0.03771304
219.00000000,2157.00000000,0.03765837
219.00000000,2158.00000000,0.03773534
219.00000000,2159.00000000,0.03787769
219.00000000,2160.00000000,0.03794292
219.00000000,2161.00000000,0.03798059
219.00000000,2162.00000000,0.03806585
219.00000000,2163.00000000,0.03809028
219.00000000,2164.00000000,0.03787882
219.00000000,2165.00000000,0.03800302
219.00000000,2166.00000000,0.03821413
219.00000000,2167.00000000,0.03834247
219.00000000,2168.00000000,0.03833227
219.00000000,2169.00000000,0.03861450
219.00000000,2170.00000000,0.03881831
219.00000000,2171.00000000,0.03890218
219.00000000,2172.00000000,0.03900710
219.00000000,2173.00000000,0.03909078
219.00000000,2174.00000000,0.03934848
219.00000000,2175.00000000,0.03956059
219.00000000,2176.00000000,0.03972683
219.00000000,2177.00000000,0.03985931
219.00000000,2178.00000000,0.04007437
219.00000000,2179.00000000,0.04027248
219.00000000,2180.00000000,0.04036276
219.00000000,2181.00000000,0.04055499
219.00000000,2182.00000000,0.04079669
219.00000000,2183.00000000,0.04105423
219.00000000,2184.00000000,0.04128815
219.00000000,2185.00000000,0.04155027
219.00000000,2186.00000000,0.04175361
219.00000000,2187.00000000,0.04203934
219.00000000,2188.00000000,0.04236703
219.00000000,2189.00000000,0.04276965
219.00000000,2190.00000000,0.04303725
219.00000000,2191.00000000,0.04332171
219.00000000,2192.00000000,0.04368570
219.00000000,2193.00000000,0.04379307
219.00000000,2194.00000000,0.04385862
219.00000000,2195.00000000,0.04426523
219.00000000,2196.00000000,0.04453459
219.00000000,2197.00000000,0.04472559
219.00000000,2198.00000000,0.04515467
219.00000000,2199.00000000,0.04519844
219.00000000,2200.00000000,0.04511774
219.00000000,2201.00000000,0.04517973
219.00000000,2202.00000000,0.04527090
219.00000000,2203.00000000,0.04559159
219.00000000,2204.00000000,0.04588446
219.00000000,2205.00000000,0.04619347
219.00000000,2206.00000000,0.04647790
219.00000000,2207.00000000,0.04684355
219.00000000,2208.00000000,0.04711107
219.00000000,2209.00000000,0.04729853
219.00000000,2210.00000000,0.04752955
219.00000000,2211.00000000,0.04751829
219.00000000,2212.00000000,0.04765225
219.00000000,2213.00000000,0.04791951
219.00000000,2214.00000000,0.04820297
219.00000000,2215.00000000,0.04849798
219.00000000,2216.00000000,0.04876089
219.00000000,2217.00000000,0.04885994
219.00000000,2218.00000000,0.04897487
219.00000000,2219.00000000,0.04931172
219.00000000,2220.00000000,0.04964536
219.00000000,2221.00000000,0.04985326
219.00000000,2222.00000000,0.05040336
219.00000000,2223.00000000,0.05101588
219.00000000,2224.00000000,0.05152810
219.00000000,2225.00000000,0.05191300
219.00000000,2226.00000000,0.05230108
219.00000000,2227.00000000,0.05269244
219.00000000,2228.00000000,0.05308673
219.00000000,2229.00000000,0.05348400
219.00000000,2230.00000000,0.05396957
219.00000000,2231.00000000,0.05445857
219.00000000,2232.00000000,0.05495105
219.00000000,2233.00000000,0.05544696
219.00000000,2234.00000000,0.05594628
219.00000000,2235.00000000,0.05644905
219.00000000,2236.00000000,0.05695521
219.00000000,2237.00000000,0.05746475
219.00000000,2238.00000000,0.05797769
219.00000000,2239.00000000,0.05849399
219.00000000,2240.00000000,0.05897507
219.00000000,2241.00000000,0.05945934
219.00000000,2242.00000000,0.05994677
219.00000000,2243.00000000,0.06043743
219.00000000,2244.00000000,0.06093130
219.00000000,2245.00000000,0.06142841
219.00000000,2246.00000000,0.06192880
219.00000000,2247.00000000,0.06243250
219.00000000,2248.00000000,0.06293953
219.00000000,2249.00000000,0.06344991
219.00000000,2250.00000000,0.06404531
219.00000000,2251.00000000,0.06464323
219.00000000,2252.00000000,0.06524288
219.00000000,2253.00000000,0.06584378
219.00000000,2254.00000000,0.06644562
219.00000000,2255.00000000,0.06704834
219.00000000,2256.00000000,0.06765180
219.00000000,2257.00000000,0.06825599
219.00000000,2258.00000000,0.06886085
219.00000000,2259.00000000,0.06946632
219.00000000,2260.00000000,0.07013359
219.00000000,2261.00000000,0.07080176
219.00000000,2262.00000000,0.07147080
219.00000000,2263.00000000,0.07214080
219.00000000,2264.00000000,0.07281170
219.00000000,2265.00000000,0.07348344
219.00000000,2266.00000000,0.07415606
219.00000000,2267.00000000,0.07482944
219.00000000,2268.00000000,0.07550361
219.00000000,2269.00000000,0.07617849
219.00000000,2270.00000000,0.07685049
219.00000000,2271.00000000,0.07752312
219.00000000,2272.00000000,0.07819631
219.00000000,2273.00000000,0.07886996
219.00000000,2274.00000000,0.07954409
219.00000000,2275.00000000,0.08021862
219.00000000,2276.00000000,0.08089344
219.00000000,2277.00000000,0.08156856
219.00000000,2278.00000000,0.08224388
219.00000000,2279.00000000,0.08291926
219.00000000,2280.00000000,0.08345638
219.00000000,2281.00000000,0.08399296
219.00000000,2282.00000000,0.08452905
219.00000000,2283.00000000,0.08506460
219.00000000,2284.00000000,0.08559953
219.00000000,2285.00000000,0.08613391
219.00000000,2286.00000000,0.08666766
219.00000000,2287.00000000,0.08720070
219.00000000,2288.00000000,0.08773307
219.00000000,2289.00000000,0.08826469
219.00000000,2290.00000000,0.08866904
219.00000000,2291.00000000,0.08907221
219.00000000,2292.00000000,0.08947410
219.00000000,2293.00000000,0.08987480
219.00000000,2294.00000000,0.09027428
219.00000000,2295.00000000,0.09067246
219.00000000,2296.00000000,0.09106947
219.00000000,2297.00000000,0.09146521
219.00000000,2298.00000000,0.09185966
219.00000000,2299.00000000,0.09225287
219.00000000,2300.00000000,0.09257339
219.00000000,2301.00000000,0.09289236
219.00000000,2302.00000000,0.09320986
219.00000000,2303.00000000,0.09352582
219.00000000,2304.00000000,0.09384032
219.00000000,2305.00000000,0.09415330
219.00000000,2306.00000000,0.09446474
219.00000000,2307.00000000,0.09477473
219.00000000,2308.00000000,0.09508319
219.00000000,2309.00000000,0.09539009
219.00000000,2310.00000000,0.09562122
219.00000000,2311.00000000,0.09585062
219.00000000,2312.00000000,0.09607827
219.00000000,2313.00000000,0.09630429
219.00000000,2314.00000000,0.09652862
219.00000000,2315.00000000,0.09675124
219.00000000,2316.00000000,0.09697227
219.00000000,2317.00000000,0.09719157
219.00000000,2318.00000000,0.09740931
219.00000000,2319.00000000,0.09762541
219.00000000,2320.00000000,0.09778232
219.00000000,2321.00000000,0.09793753
219.00000000,2322.00000000,0.09809101
219.00000000,2323.00000000,0.09824269
219.00000000,2324.00000000,0.09839273
219.00000000,2325.00000000,0.09854105
219.00000000,2326.00000000,0.09868762
219.00000000,2327.00000000,0.09883258
219.00000000,2328.00000000,0.09897581
219.00000000,2329.00000000,0.09911745
219.00000000,2330.00000000,0.09925743
219.00000000,2331.00000000,0.09939572
219.00000000,2332.00000000,0.09953245
219.00000000,2333.00000000,0.09966756
219.00000000,2334.00000000,0.09980099
219.00000000,2335.00000000,0.09993286
219.00000000,2336.00000000,0.10006315
219.00000000,2337.00000000,0.10019177
219.00000000,2338.00000000,0.10031888
219.00000000,2339.00000000,0.10044441
219.00000000,2340.00000000,0.10056827
219.00000000,2341.00000000,0.10069064
219.00000000,2342.00000000,0.10081135
219.00000000,2343.00000000,0.10093056
219.00000000,2344.00000000,0.10104822
219.00000000,2345.00000000,0.10116422
219.00000000,2346.00000000,0.10127876
219.00000000,2347.00000000,0.10139174
219.00000000,2348.00000000,0.10150306
219.00000000,2349.00000000,0.10161292
219.00000000,2350.00000000,0.10172122
219.00000000,2351.00000000,0.10182786
219.00000000,2352.00000000,0.10193304
219.00000000,2353.00000000,0.10203656
219.00000000,2354.00000000,0.10213863
219.00000000,2355.00000000,0.10223915
219.00000000,2356.00000000,0.10233800
219.00000000,2357.00000000,0.10243538
219.00000000,2358.00000000,0.10253119
219.00000000,2359.00000000,0.10262533
219.00000000,2360.00000000,0.10271799
219.00000000,2361.00000000,0.10280906
219.00000000,2362.00000000,0.10289844
219.00000000,2363.00000000,0.10298631
219.00000000,2364.00000000,0.10307249
219.00000000,2365.00000000,0.10315712
219.00000000,2366.00000000,0.10324011
219.00000000,2367.00000000,0.10332135
219.00000000,2368.00000000,0.10340096
219.00000000,2369.00000000,0.10347881
219.00000000,2370.00000000,0.10315479
219.00000000,2371.00000000,0.10282864
219.00000000,2372.00000000,0.10250033
219.00000000,2373.00000000,0.10216979
219.00000000,2374.00000000,0.10183724
219.00000000,2375.00000000,0.10150264
219.00000000,2376.00000000,0.10116596
219.00000000,2377.00000000,0.10082740
219.00000000,2378.00000000,0.10048683
219.00000000,2379.00000000,0.10014445
219.00000000,2380.00000000,0.09980022
219.00000000,2381.00000000,0.09945412
219.00000000,2382.00000000,0.09910631
219.00000000,2383.00000000,0.09875675
219.00000000,2384.00000000,0.09840544
219.00000000,2385.00000000,0.09805251
219.00000000,2386.00000000,0.09769795
219.00000000,2387.00000000,0.09734172
219.00000000,2388.00000000,0.09698399
219.00000000,2389.00000000,0.09662465
219.00000000,2390.00000000,0.09626388
219.00000000,2391.00000000,0.09590163
219.00000000,2392.00000000,0.09553787
219.00000000,2393.00000000,0.09517276
219.00000000,2394.00000000,0.09480626
219.00000000,2395.00000000,0.09443835
219.00000000,2396.00000000,0.09406916
219.00000000,2397.00000000,0.09369869
219.00000000,2398.00000000,0.09332686
219.00000000,2399.00000000,0.09295386
219.00000000,2400.00000000,0.09257964
219.00000000,2401.00000000,0.09220415
219.00000000,2402.00000000,0.09182756
219.00000000,2403.00000000,0.09144978
219.00000000,2404.00000000,0.09107094
219.00000000,2405.00000000,0.09069102
219.00000000,2406.00000000,0.09030996
219.00000000,2407.00000000,0.08992792
219.00000000,2408.00000000,0.08954488
219.00000000,2409.00000000,0.08916075
219.00000000,2410.00000000,0.08877573
219.00000000,2411.00000000,0.08838977
219.00000000,2412.00000000,0.08800278
219.00000000,2413.00000000,0.08761497
219.00000000,2414.00000000,0.08722621
219.00000000,2415.00000000,0.08683663
219.00000000,2416.00000000,0.08644621
219.00000000,2417.00000000,0.08605490
219.00000000,2418.00000000,0.08566285
219.00000000,2419.00000000,0.08527000
219.00000000,2420.00000000,0.08487632
219.00000000,2421.00000000,0.08448197
219.00000000,2422.00000000,0.08408688
219.00000000,2423.00000000,0.08369100
219.00000000,2424.00000000,0.08329451
219.00000000,2425.00000000,0.08289732
219.00000000,2426.00000000,0.08249943
219.00000000,2427.00000000,0.08210094
219.00000000,2428.00000000,0.08170178
219.00000000,2429.00000000,0.08130206
219.00000000,2430.00000000,0.08090176
219.00000000,2431.00000000,0.08050081
219.00000000,2432.00000000,0.08009938
219.00000000,2433.00000000,0.07969741
219.00000000,2434.00000000,0.07929484
219.00000000,2435.00000000,0.07889183
219.00000000,2436.00000000,0.07848833
219.00000000,2437.00000000,0.07808428
219.00000000,2438.00000000,0.07767984
219.00000000,2439.00000000,0.07727487
219.00000000,2440.00000000,0.07686954
219.00000000,2441.00000000,0.07646380
219.00000000,2442.00000000,0.07605758
219.00000000,2443.00000000,0.07565104
219.00000000,2444.00000000,0.07524413
219.00000000,2445.00000000,0.07483677
219.00000000,2446.00000000,0.07442915
219.00000000,2447.00000000,0.07402121
219.00000000,2448.00000000,0.07361285
219.00000000,2449.00000000,0.07320427
219.00000000,2450.00000000,0.07279533
219.00000000,2451.00000000,0.07238617
219.00000000,2452.00000000,0.07197677
219.00000000,2453.00000000,0.07156701
219.00000000,2454.00000000,0.07115711
219.00000000,2455.00000000,0.07074697
219.00000000,2456.00000000,0.07033654
219.00000000,2457.00000000,0.06992597
219.00000000,2458.00000000,0.06951523
219.00000000,2459.00000000,0.06910422
219.00000000,2460.00000000,0.06869314
219.00000000,2461.00000000,0.06828190
219.00000000,2462.00000000,0.06787045
219.00000000,2463.00000000,0.06745896
219.00000000,2464.00000000,0.06704729
219.00000000,2465.00000000,0.06663560
219.00000000,2466.00000000,0.06622386
219.00000000,2467.00000000,0.06581203
219.00000000,2468.00000000,0.06548666
219.00000000,2469.00000000,0.06541560
219.00000000,2470.00000000,0.06541407
219.00000000,2471.00000000,0.06541271
219.00000000,2472.00000000,0.06541147
219.00000000,2473.00000000,0.06541025
219.00000000,2474.00000000,0.06540921
219.00000000,2475.00000000,0.06541909
219.00000000,2476.00000000,0.06542915
219.00000000,2477.00000000,0.06543929
219.00000000,2478.00000000,0.06544946
219.00000000,2479.00000000,0.06545979
219.00000000,2480.00000000,0.06544867
219.00000000,2481.00000000,0.06543755
219.00000000,2482.00000000,0.06542659
219.00000000,2483.00000000,0.06541570
219.00000000,2484.00000000,0.06540481
219.00000000,2485.00000000,0.06539406
219.00000000,2486.00000000,0.06538338
219.00000000,2487.00000000,0.06537269
219.00000000,2488.00000000,0.06536215
219.00000000,2489.00000000,0.06535158
219.00000000,2490.00000000,0.06534115
219.00000000,2491.00000000,0.06533079
219.00000000,2492.00000000,0.06532040
219.00000000,2493.00000000,0.06531014
219.00000000,2494.00000000,0.06529996
219.00000000,2495.00000000,0.06528880
219.00000000,2496.00000000,0.06527778
219.00000000,2497.00000000,0.06526681
219.00000000,2498.00000000,0.06525580
219.00000000,2499.00000000,0.06524493
219.00000000,2500.00000000,0.06523401
220.00000000,1765.00000000,0.04145896
220.00000000,1766.00000000,0.04145881
220.00000000,1767.00000000,0.04145889
220.00000000,1768.00000000,0.04145897
220.00000000,1769.00000000,0.04145914
220.00000000,1770.00000000,0.04145931
220.00000000,1771.00000000,0.04145966
220.00000000,1772.00000000,0.04145999
220.00000000,1773.00000000,0.04146046
220.00000000,1774.00000000,0.04146105
220.00000000,1775.00000000,0.04146168
220.00000000,1776.00000000,0.04146238
220.00000000,1777.00000000,0.04146323
220.00000000,1778.00000000,0.04146395
220.00000000,1779.00000000,0.04146483
220.00000000,1780.00000000,0.04146592
220.00000000,1781.00000000,0.04146698
220.00000000,1782.00000000,0.04146800
220.00000000,1783.00000000,0.04146932
220.00000000,1784.00000000,0.04147049
220.00000000,1785.00000000,0.04147185
220.00000000,1786.00000000,0.04147325
220.00000000,1787.00000000,0.04147463
220.00000000,1788.00000000,0.04147614
220.00000000,1789.00000000,0.04147766
220.00000000,1790.00000000,0.04147930
220.00000000,1791.00000000,0.04148094
220.00000000,1792.00000000,0.04148245
220.00000000,1793.00000000,0.04148426
220.00000000,1794.00000000,0.04148598
220.00000000,1795.00000000,0.04148774
220.00000000,1796.00000000,0.04148947
220.00000000,1797.00000000,0.04149126
220.00000000,1798.00000000,0.04149323
220.00000000,1799.00000000,0.04149506
220.00000000,1800.00000000,0.04149700
220.00000000,1801.00000000,0.04149889
220.00000000,1802.00000000,0.04150094
220.00000000,1803.00000000,0.04150289
220.00000000,1804.00000000,0.04150482
220.00000000,1805.00000000,0.04150687
220.00000000,1806.00000000,0.04150885
220.00000000,1807.00000000,0.04151098
220.00000000,1808.00000000,0.04151303
220.00000000,1809.00000000,0.04151503
220.00000000,1810.00000000,0.04151720
220.00000000,1811.00000000,0.04151922
220.00000000,1812.00000000,0.04152140
220.00000000,1813.00000000,0.04152354
220.00000000,1814.00000000,0.04152567
220.00000000,1815.00000000,0.04152778
220.00000000,1816.00000000,0.04152986
220.00000000,1817.00000000,0.04153200
220.00000000,1818.00000000,0.04153414
220.00000000,1819.00000000,0.04153630
220.00000000,1820.00000000,0.04153854
220.00000000,1821.00000000,0.04154066
220.00000000,1822.00000000,0.04154276
220.00000000,1823.00000000,0.04154492
220.00000000,1824.00000000,0.04154712
220.00000000,1825.00000000,0.04154921
220.00000000,1826.00000000,0.04155144
220.00000000,1827.00000000,0.04155350
220.00000000,1828.00000000,0.04155565
220.00000000,1829.00000000,0.04155784
220.00000000,1830.00000000,0.04155999
220.00000000,1831.00000000,0.04156208
220.00000000,1832.00000000,0.04156415
220.00000000,1833.00000000,0.04156625
220.00000000,1834.00000000,0.04156837
220.00000000,1835.00000000,0.04157045
220.00000000,1836.00000000,0.04157252
220.00000000,1837.00000000,0.04157455
220.00000000,1838.00000000,0.04157661
220.00000000,1839.00000000,0.04157861
220.00000000,1840.00000000,0.04158071
220.00000000,1841.00000000,0.04158257
220.00000000,1842.00000000,0.04158456
220.00000000,1843.00000000,0.04158655
220.00000000,1844.00000000,0.04158853
220.00000000,1845.00000000,0.04159044
220.00000000,1846.00000000,0.04159231
220.00000000,1847.00000000,0.04159425
220.00000000,1848.00000000,0.04159610
220.00000000,1849.00000000,0.04159796
220.00000000,1850.00000000,0.04159975
220.00000000,1851.00000000,0.04160159
220.00000000,1852.00000000,0.04160329
220.00000000,1853.00000000,0.04160525
220.00000000,1854.00000000,0.04160731
220.00000000,1855.00000000,0.04160924
220.00000000,1856.00000000,0.04161123
220.00000000,1857.00000000,0.04161316
220.00000000,1858.00000000,0.04161491
220.00000000,1859.00000000,0.04161675
220.00000000,1860.00000000,0.04161851
220.00000000,1861.00000000,0.04162015
220.00000000,1862.00000000,0.04162181
220.00000000,1863.00000000,0.04162312
220.00000000,1864.00000000,0.04162395
220.00000000,1865.00000000,0.04162467
220.00000000,1866.00000000,0.04162519
220.00000000,1867.00000000,0.04162553
220.00000000,1868.00000000,0.04162572
220.00000000,1869.00000000,0.04162581
220.00000000,1870.00000000,0.04162567
220.00000000,1871.00000000,0.04162553
220.00000000,1872.00000000,0.04162528
220.00000000,1873.00000000,0.04162549
220.00000000,1874.00000000,0.04162601
220.00000000,1875.00000000,0.04162681
220.00000000,1876.00000000,0.04162760
220.00000000,1877.00000000,0.04162856
220.00000000,1878.00000000,0.04162959
220.00000000,1879.00000000,0.04163067
220.00000000,1880.00000000,0.04163181
220.00000000,1881.00000000,0.04163299
220.00000000,1882.00000000,0.04163402
220.00000000,1883.00000000,0.04163492
220.00000000,1884.00000000,0.04163556
220.00000000,1885.00000000,0.04163603
220.00000000,1886.00000000,0.04163640
220.00000000,1887.00000000,0.04163670
220.00000000,1888.00000000,0.04163692
220.00000000,1889.00000000,0.04163693
220.00000000,1890.00000000,0.04163676
220.00000000,1891.00000000,0.04163635
220.00000000,1892.00000000,0.04163585
220.00000000,1893.00000000,0.04163522
220.00000000,1894.00000000,0.04163462
220.00000000,1895.00000000,0.04163403
220.00000000,1896.00000000,0.04163348
220.00000000,1897.00000000,0.04163282
220.00000000,1898.00000000,0.04163213
220.00000000,1899.00000000,0.04163137
220.00000000,1900.00000000,0.04163037
220.00000000,1901.00000000,0.04162921
220.00000000,1902.00000000,0.04162812
220.00000000,1903.00000000,0.04162711
220.00000000,1904.00000000,0.04162610
220.00000000,1905.00000000,0.04162520
220.00000000,1906.00000000,0.04162442
220.00000000,1907.00000000,0.04162375
220.00000000,1908.00000000,0.04162298
220.00000000,1909.00000000,0.04162216
220.00000000,1910.00000000,0.04162138
220.00000000,1911.00000000,0.04162048
220.00000000,1912.00000000,0.04161922
220.00000000,1913.00000000,0.04161744
220.00000000,1914.00000000,0.04161516
220.00000000,1915.00000000,0.04161260
220.00000000,1916.00000000,0.04160999
220.00000000,1917.00000000,0.04160734
220.00000000,1918.00000000,0.04160459
220.00000000,1919.00000000,0.04160182
220.00000000,1920.00000000,0.04159933
220.00000000,1921.00000000,0.04159724
220.00000000,1922.00000000,0.04159559
220.00000000,1923.00000000,0.04159427
220.00000000,1924.00000000,0.04159310
220.00000000,1925.00000000,0.04159170
220.00000000,1926.00000000,0.04159032
220.00000000,1927.00000000,0.04158893
220.00000000,1928.00000000,0.04158757
220.00000000,1929.00000000,0.04158607
220.00000000,1930.00000000,0.04158477
220.00000000,1931.00000000,0.04158396
220.00000000,1932.00000000,0.04158386
220.00000000,1933.00000000,0.04158416
220.00000000,1934.00000000,0.04158467
220.00000000,1935.00000000,0.04158516
220.00000000,1936.00000000,0.04158535
220.00000000,1937.00000000,0.04158503
220.00000000,1938.00000000,0.04158394
220.00000000,1939.00000000,0.04158238
220.00000000,1940.00000000,0.04158045
220.00000000,1941.00000000,0.04157793
220.00000000,1942.00000000,0.04157483
220.00000000,1943.00000000,0.04157131
220.00000000,1944.00000000,0.04156750
220.00000000,1945.00000000,0.04156363
220.00000000,1946.00000000,0.04156030
220.00000000,1947.00000000,0.04155783
220.00000000,1948.00000000,0.04155580
220.00000000,1949.00000000,0.04155375
220.00000000,1950.00000000,0.04155166
220.00000000,1951.00000000,0.04154946
220.00000000,1952.00000000,0.04154762
220.00000000,1953.00000000,0.04154591
220.00000000,1954.00000000,0.04154414
220.00000000,1955.00000000,0.04154252
220.00000000,1956.00000000,0.04154092
220.00000000,1957.00000000,0.04153909
220.00000000,1958.00000000,0.04153705
220.00000000,1959.00000000,0.04153467
220.00000000,1960.00000000,0.04153122
220.00000000,1961.00000000,0.04152685
220.00000000,1962.00000000,0.04152194
220.00000000,1963.00000000,0.04151656
220.00000000,1964.00000000,0.04151055
220.00000000,1965.00000000,0.04150378
220.00000000,1966.00000000,0.04149622
220.00000000,1967.00000000,0.04148794
220.00000000,1968.00000000,0.04147882
220.00000000,1969.00000000,0.04146850
220.00000000,1970.00000000,0.04145683
220.00000000,1971.00000000,0.04144334
220.00000000,1972.00000000,0.04142759
220.00000000,1973.00000000,0.04140987
220.00000000,1974.00000000,0.04139053
220.00000000,1975.00000000,0.04137022
220.00000000,1976.00000000,0.04134964
220.00000000,1977.00000000,0.04132914
220.00000000,1978.00000000,0.04130851
220.00000000,1979.00000000,0.04128770
220.00000000,1980.00000000,0.04126650
220.00000000,1981.00000000,0.04124519
220.00000000,1982.00000000,0.04122497
220.00000000,1983.00000000,0.04120699
220.00000000,1984.00000000,0.04119126
220.00000000,1985.00000000,0.04117724
220.00000000,1986.00000000,0.04116798
220.00000000,1987.00000000,0.04115536
220.00000000,1988.00000000,0.04114289
220.00000000,1989.00000000,0.04113024
220.00000000,1990.00000000,0.04111733
220.00000000,1991.00000000,0.04110554
220.00000000,1992.00000000,0.04109277
220.00000000,1993.00000000,0.04108030
220.00000000,1994.00000000,0.04106838
220.00000000,1995.00000000,0.04105700
220.00000000,1996.00000000,0.04104565
220.00000000,1997.00000000,0.04103398
220.00000000,1998.00000000,0.04102197
220.00000000,1999.00000000,0.04100986
220.00000000,2000.00000000,0.04099781
220.00000000,2001.00000000,0.04098689
220.00000000,2002.00000000,0.04097443
220.00000000,2003.00000000,0.04096197
220.00000000,2004.00000000,0.04094891
220.00000000,2005.00000000,0.04093436
220.00000000,2006.00000000,0.04091768
220.00000000,2007.00000000,0.04089894
220.00000000,2008.00000000,0.04087819
220.00000000,2009.00000000,0.04085576
220.00000000,2010.00000000,0.04083178
220.00000000,2011.00000000,0.04080762
220.00000000,2012.00000000,0.04078081
220.00000000,2013.00000000,0.04075252
220.00000000,2014.00000000,0.04072282
220.00000000,2015.00000000,0.04069164
220.00000000,2016.00000000,0.04065906
220.00000000,2017.00000000,0.04062641
220.00000000,2018.00000000,0.04059122
220.00000000,2019.00000000,0.04055475
220.00000000,2020.00000000,0.04051844
220.00000000,2021.00000000,0.04047979
220.00000000,2022.00000000,0.04044266
220.00000000,2023.00000000,0.04040100
220.00000000,2024.00000000,0.04035983
220.00000000,2025.00000000,0.04031810
220.00000000,2026.00000000,0.04027706
220.00000000,2027.00000000,0.04023423
220.00000000,2028.00000000,0.04019098
220.00000000,2029.00000000,0.04014733
220.00000000,2030.00000000,0.04010326
220.00000000,2031.00000000,0.04006007
220.00000000,2032.00000000,0.04001520
220.00000000,2033.00000000,0.03996970
220.00000000,2034.00000000,0.03992359
220.00000000,2035.00000000,0.03987796
220.00000000,2036.00000000,0.03983164
220.00000000,2037.00000000,0.03978459
220.00000000,2038.00000000,0.03973558
220.00000000,2039.00000000,0.03968593
220.00000000,2040.00000000,0.03963561
220.00000000,2041.00000000,0.03958462
220.00000000,2042.00000000,0.03953415
220.00000000,2043.00000000,0.03948285
220.00000000,2044.00000000,0.03942942
220.00000000,2045.00000000,0.03937635
220.00000000,2046.00000000,0.03932118
220.00000000,2047.00000000,0.03926633
220.00000000,2048.00000000,0.03920946
220.00000000,2049.00000000,0.03915174
220.00000000,2050.00000000,0.03910055
220.00000000,2051.00000000,0.03904020
220.00000000,2052.00000000,0.03898034
220.00000000,2053.00000000,0.03892111
220.00000000,2054.00000000,0.03886008
220.00000000,2055.00000000,0.03879968
220.00000000,2056.00000000,0.03874239
220.00000000,2057.00000000,0.03867984
220.00000000,2058.00000000,0.03861801
220.00000000,2059.00000000,0.03855581
220.00000000,2060.00000000,0.03849435
220.00000000,2061.00000000,0.03843147
220.00000000,2062.00000000,0.03836973
220.00000000,2063.00000000,0.03830701
220.00000000,2064.00000000,0.03824593
220.00000000,2065.00000000,0.03818775
220.00000000,2066.00000000,0.03812542
220.00000000,2067.00000000,0.03806727
220.00000000,2068.00000000,0.03800739
220.00000000,2069.00000000,0.03795042
220.00000000,2070.00000000,0.03789523
220.00000000,2071.00000000,0.03783597
220.00000000,2072.00000000,0.03778105
220.00000000,2073.00000000,0.03772592
220.00000000,2074.00000000,0.03768111
220.00000000,2075.00000000,0.03762816
220.00000000,2076.00000000,0.03757978
220.00000000,2077.00000000,0.03752784
220.00000000,2078.00000000,0.03747699
220.00000000,2079.00000000,0.03743174
220.00000000,2080.00000000,0.03739084
220.00000000,2081.00000000,0.03734626
220.00000000,2082.00000000,0.03730037
220.00000000,2083.00000000,0.03726124
220.00000000,2084.00000000,0.03722441
220.00000000,2085.00000000,0.03718753
220.00000000,2086.00000000,0.03714724
220.00000000,2087.00000000,0.03711399
220.00000000,2088.00000000,0.03707811
220.00000000,2089.00000000,0.03704557
220.00000000,2090.00000000,0.03701176
220.00000000,2091.00000000,0.03698346
220.00000000,2092.00000000,0.03696531
220.00000000,2093.00000000,0.03694148
220.00000000,2094.00000000,0.03689496
220.00000000,2095.00000000,0.03687666
220.00000000,2096.00000000,0.03684696
220.00000000,2097.00000000,0.03681833
220.00000000,2098.00000000,0.03678896
220.00000000,2099.00000000,0.03677458
220.00000000,2100.00000000,0.03677461
220.00000000,2101.00000000,0.03675419
220.00000000,2102.00000000,0.03674140
220.00000000,2103.00000000,0.03673303
220.00000000,2104.00000000,0.03671117
220.00000000,2105.00000000,0.03668926
220.00000000,2106.00000000,0.03667069
220.00000000,2107.00000000,0.03666435
220.00000000,2108.00000000,0.03667907
220.00000000,2109.00000000,0.03665914
220.00000000,2110.00000000,0.03667246
220.00000000,2111.00000000,0.03667225
220.00000000,2112.00000000,0.03665736
220.00000000,2113.00000000,0.03663667
220.00000000,2114.00000000,0.03663579
220.00000000,2115.00000000,0.03664687
220.00000000,2116.00000000,0.03664767
220.00000000,2117.00000000,0.03665819
220.00000000,2118.00000000,0.03667396
220.00000000,2119.00000000,0.03670934
220.00000000,2120.00000000,0.03672890
220.00000000,2121.00000000,0.03673923
220.00000000,2122.00000000,0.03674590
220.00000000,2123.00000000,0.03679421
220.00000000,2124.00000000,0.03679450
220.00000000,2125.00000000,0.03683083
220.00000000,2126.00000000,0.03687326
220.00000000,2127.00000000,0.03695263
220.00000000,2128.00000000,0.03690992
220.00000000,2129.00000000,0.03694382
220.00000000,2130.00000000,0.03697701
220.00000000,2131.00000000,0.03699185
220.00000000,2132.00000000,0.03703573
220.00000000,2133.00000000,0.03710308
220.00000000,2134.00000000,0.03699786
220.00000000,2135.00000000,0.03698228
220.00000000,2136.00000000,0.03704983
220.00000000,2137.00000000,0.03710792
220.00000000,2138.00000000,0.03708608
220.00000000,2139.00000000,0.03694261
220.00000000,2140.00000000,0.03708126
220.00000000,2141.00000000,0.03694001
220.00000000,2142.00000000,0.03698741
220.00000000,2143.00000000,0.03712663
220.00000000,2144.00000000,0.03712133
220.00000000,2145.00000000,0.03713749
220.00000000,2146.00000000,0.03714978
220.00000000,2147.00000000,0.03724064
220.00000000,2148.00000000,0.03724853
220.00000000,2149.00000000,0.03734137
220.00000000,2150.00000000,0.03724578
220.00000000,2151.00000000,0.03712767
220.00000000,2152.00000000,0.03703268
220.00000000,2153.00000000,0.03709220
220.00000000,2154.00000000,0.03719136
220.00000000,2155.00000000,0.03726447
220.00000000,2156.00000000,0.03739389
220.00000000,2157.00000000,0.03749938
220.00000000,2158.00000000,0.03744697
220.00000000,2159.00000000,0.03752538
220.00000000,2160.00000000,0.03766878
220.00000000,2161.00000000,0.03773542
220.00000000,2162.00000000,0.03777461
220.00000000,2163.00000000,0.03786107
220.00000000,2164.00000000,0.03788698
220.00000000,2165.00000000,0.03767820
220.00000000,2166.00000000,0.03780324
220.00000000,2167.00000000,0.03801470
220.00000000,2168.00000000,0.03814380
220.00000000,2169.00000000,0.03813503
220.00000000,2170.00000000,0.03841716
220.00000000,2171.00000000,0.03862124
220.00000000,2172.00000000,0.03870596
220.00000000,2173.00000000,0.03881162
220.00000000,2174.00000000,0.03889610
220.00000000,2175.00000000,0.03915371
220.00000000,2176.00000000,0.03936595
220.00000000,2177.00000000,0.03953252
220.00000000,2178.00000000,0.03966549
220.00000000,2179.00000000,0.03988061
220.00000000,2180.00000000,0.04007885
220.00000000,2181.00000000,0.04016976
220.00000000,2182.00000000,0.04036211
220.00000000,2183.00000000,0.04060370
220.00000000,2184.00000000,0.04086104
220.00000000,2185.00000000,0.04109486
220.00000000,2186.00000000,0.04135676
220.00000000,2187.00000000,0.04156013
220.00000000,2188.00000000,0.04184550
220.00000000,2189.00000000,0.04217264
220.00000000,2190.00000000,0.04257437
220.00000000,2191.00000000,0.04284169
220.00000000,2192.00000000,0.04312580
220.00000000,2193.00000000,0.04348907
220.00000000,2194.00000000,0.04359687
220.00000000,2195.00000000,0.04366304
220.00000000,2196.00000000,0.04406873
220.00000000,2197.00000000,0.04433779
220.00000000,2198.00000000,0.04452884
220.00000000,2199.00000000,0.04495692
220.00000000,2200.00000000,0.04500138
220.00000000,2201.00000000,0.04492189
220.00000000,2202.00000000,0.04498447
220.00000000,2203.00000000,0.04507609
220.00000000,2204.00000000,0.04539625
220.00000000,2205.00000000,0.04568871
220.00000000,2206.00000000,0.04599724
220.00000000,2207.00000000,0.04628130
220.00000000,2208.00000000,0.04664624
220.00000000,2209.00000000,0.04691347
220.00000000,2210.00000000,0.04710098
220.00000000,2211.00000000,0.04733186
220.00000000,2212.00000000,0.04732147
220.00000000,2213.00000000,0.04745569
220.00000000,2214.00000000,0.04772267
220.00000000,2215.00000000,0.04800578
220.00000000,2216.00000000,0.04830040
220.00000000,2217.00000000,0.04856304
220.00000000,2218.00000000,0.04866251
220.00000000,2219.00000000,0.04877777
220.00000000,2220.00000000,0.04911408
220.00000000,2221.00000000,0.04944719
220.00000000,2222.00000000,0.04965507
220.00000000,2223.00000000,0.05020380
220.00000000,2224.00000000,0.05081471
220.00000000,2225.00000000,0.05132573
220.00000000,2226.00000000,0.05170994
220.00000000,2227.00000000,0.05209733
220.00000000,2228.00000000,0.05248799
220.00000000,2229.00000000,0.05288158
220.00000000,2230.00000000,0.05327815
220.00000000,2231.00000000,0.05376269
220.00000000,2232.00000000,0.05425066
220.00000000,2233.00000000,0.05474210
220.00000000,2234.00000000,0.05523697
220.00000000,2235.00000000,0.05573525
220.00000000,2236.00000000,0.05623698
220.00000000,2237.00000000,0.05674211
220.00000000,2238.00000000,0.05725061
220.00000000,2239.00000000,0.05776251
220.00000000,2240.00000000,0.05827777
220.00000000,2241.00000000,0.05875796
220.00000000,2242.00000000,0.05924133
220.00000000,2243.00000000,0.05972787
220.00000000,2244.00000000,0.06021763
220.00000000,2245.00000000,0.06071061
220.00000000,2246.00000000,0.06120681
220.00000000,2247.00000000,0.06170631
220.00000000,2248.00000000,0.06220913
220.00000000,2249.00000000,0.06271518
220.00000000,2250.00000000,0.06322418
220.00000000,2251.00000000,0.06381709
220.00000000,2252.00000000,0.06441173
220.00000000,2253.00000000,0.06500768
220.00000000,2254.00000000,0.06560464
220.00000000,2255.00000000,0.06620246
220.00000000,2256.00000000,0.06680113
220.00000000,2257.00000000,0.06740051
220.00000000,2258.00000000,0.06800062
220.00000000,2259.00000000,0.06860140
220.00000000,2260.00000000,0.06920281
220.00000000,2261.00000000,0.06986585
220.00000000,2262.00000000,0.07052986
220.00000000,2263.00000000,0.07119482
220.00000000,2264.00000000,0.07186079
220.00000000,2265.00000000,0.07252769
220.00000000,2266.00000000,0.07319547
220.00000000,2267.00000000,0.07386415
220.00000000,2268.00000000,0.07453362
220.00000000,2269.00000000,0.07520390
220.00000000,2270.00000000,0.07587491
220.00000000,2271.00000000,0.07654307
220.00000000,2272.00000000,0.07721190
220.00000000,2273.00000000,0.07788130
220.00000000,2274.00000000,0.07855117
220.00000000,2275.00000000,0.07922156
220.00000000,2276.00000000,0.07989236
220.00000000,2277.00000000,0.08056347
220.00000000,2278.00000000,0.08123491
220.00000000,2279.00000000,0.08190656
220.00000000,2280.00000000,0.08257830
220.00000000,2281.00000000,0.08311236
220.00000000,2282.00000000,0.08364591
220.00000000,2283.00000000,0.08417900
220.00000000,2284.00000000,0.08471156
220.00000000,2285.00000000,0.08524353
220.00000000,2286.00000000,0.08577496
220.00000000,2287.00000000,0.08630578
220.00000000,2288.00000000,0.08683592
220.00000000,2289.00000000,0.08736542
220.00000000,2290.00000000,0.08789416
220.00000000,2291.00000000,0.08829621
220.00000000,2292.00000000,0.08869708
220.00000000,2293.00000000,0.08909670
220.00000000,2294.00000000,0.08949515
220.00000000,2295.00000000,0.08989240
220.00000000,2296.00000000,0.09028840
220.00000000,2297.00000000,0.09068320
220.00000000,2298.00000000,0.09107680
220.00000000,2299.00000000,0.09146908
220.00000000,2300.00000000,0.09186017
220.00000000,2301.00000000,0.09217889
220.00000000,2302.00000000,0.09249606
220.00000000,2303.00000000,0.09281179
220.00000000,2304.00000000,0.09312597
220.00000000,2305.00000000,0.09343871
220.00000000,2306.00000000,0.09374997
220.00000000,2307.00000000,0.09405968
220.00000000,2308.00000000,0.09436797
220.00000000,2309.00000000,0.09467477
220.00000000,2310.00000000,0.09497999
220.00000000,2311.00000000,0.09520979
220.00000000,2312.00000000,0.09543789
220.00000000,2313.00000000,0.09566423
220.00000000,2314.00000000,0.09588898
220.00000000,2315.00000000,0.09611206
220.00000000,2316.00000000,0.09633343
220.00000000,2317.00000000,0.09655322
220.00000000,2318.00000000,0.09677132
220.00000000,2319.00000000,0.09698786
220.00000000,2320.00000000,0.09720276
220.00000000,2321.00000000,0.09735875
220.00000000,2322.00000000,0.09751307
220.00000000,2323.00000000,0.09766566
220.00000000,2324.00000000,0.09781644
220.00000000,2325.00000000,0.09796561
220.00000000,2326.00000000,0.09811310
220.00000000,2327.00000000,0.09825883
220.00000000,2328.00000000,0.09840295
220.00000000,2329.00000000,0.09854537
220.00000000,2330.00000000,0.09868621
220.00000000,2331.00000000,0.09882542
220.00000000,2332.00000000,0.09896293
220.00000000,2333.00000000,0.09909890
220.00000000,2334.00000000,0.09923324
220.00000000,2335.00000000,0.09936592
220.00000000,2336.00000000,0.09949709
220.00000000,2337.00000000,0.09962666
220.00000000,2338.00000000,0.09975457
220.00000000,2339.00000000,0.09988099
220.00000000,2340.00000000,0.10000581
220.00000000,2341.00000000,0.10012899
220.00000000,2342.00000000,0.10025070
220.00000000,2343.00000000,0.10037075
220.00000000,2344.00000000,0.10048933
220.00000000,2345.00000000,0.10060636
220.00000000,2346.00000000,0.10072173
220.00000000,2347.00000000,0.10083565
220.00000000,2348.00000000,0.10094803
220.00000000,2349.00000000,0.10105875
220.00000000,2350.00000000,0.10116802
220.00000000,2351.00000000,0.10127574
220.00000000,2352.00000000,0.10138181
220.00000000,2353.00000000,0.10148643
220.00000000,2354.00000000,0.10158941
220.00000000,2355.00000000,0.10169094
220.00000000,2356.00000000,0.10179092
220.00000000,2357.00000000,0.10188925
220.00000000,2358.00000000,0.10198612
220.00000000,2359.00000000,0.10208143
220.00000000,2360.00000000,0.10217508
220.00000000,2361.00000000,0.10226725
220.00000000,2362.00000000,0.10235784
220.00000000,2363.00000000,0.10244675
220.00000000,2364.00000000,0.10253415
220.00000000,2365.00000000,0.10261987
220.00000000,2366.00000000,0.10270405
220.00000000,2367.00000000,0.10278662
220.00000000,2368.00000000,0.10286742
220.00000000,2369.00000000,0.10294662
220.00000000,2370.00000000,0.10302405
220.00000000,2371.00000000,0.10270139
220.00000000,2372.00000000,0.10237660
220.00000000,2373.00000000,0.10204965
220.00000000,2374.00000000,0.10172051
220.00000000,2375.00000000,0.10138936
220.00000000,2376.00000000,0.10105617
220.00000000,2377.00000000,0.10072090
220.00000000,2378.00000000,0.10038377
220.00000000,2379.00000000,0.10004464
220.00000000,2380.00000000,0.09970370
220.00000000,2381.00000000,0.09936093
220.00000000,2382.00000000,0.09901629
220.00000000,2383.00000000,0.09866995
220.00000000,2384.00000000,0.09832188
220.00000000,2385.00000000,0.09797205
220.00000000,2386.00000000,0.09762062
220.00000000,2387.00000000,0.09726756
220.00000000,2388.00000000,0.09691285
220.00000000,2389.00000000,0.09655664
220.00000000,2390.00000000,0.09619882
220.00000000,2391.00000000,0.09583959
220.00000000,2392.00000000,0.09547888
220.00000000,2393.00000000,0.09511668
220.00000000,2394.00000000,0.09475312
220.00000000,2395.00000000,0.09438819
220.00000000,2396.00000000,0.09402184
220.00000000,2397.00000000,0.09365423
220.00000000,2398.00000000,0.09328534
220.00000000,2399.00000000,0.09291510
220.00000000,2400.00000000,0.09254370
220.00000000,2401.00000000,0.09217108
220.00000000,2402.00000000,0.09179720
220.00000000,2403.00000000,0.09142223
220.00000000,2404.00000000,0.09104607
220.00000000,2405.00000000,0.09066887
220.00000000,2406.00000000,0.09029057
220.00000000,2407.00000000,0.08991116
220.00000000,2408.00000000,0.08953076
220.00000000,2409.00000000,0.08914937
220.00000000,2410.00000000,0.08876691
220.00000000,2411.00000000,0.08838353
220.00000000,2412.00000000,0.08799923
220.00000000,2413.00000000,0.08761393
220.00000000,2414.00000000,0.08722778
220.00000000,2415.00000000,0.08684068
220.00000000,2416.00000000,0.08645280
220.00000000,2417.00000000,0.08606406
220.00000000,2418.00000000,0.08567443
220.00000000,2419.00000000,0.08528407
220.00000000,2420.00000000,0.08489293
220.00000000,2421.00000000,0.08450095
220.00000000,2422.00000000,0.08410829
220.00000000,2423.00000000,0.08371491
220.00000000,2424.00000000,0.08332074
220.00000000,2425.00000000,0.08292596
220.00000000,2426.00000000,0.08253050
220.00000000,2427.00000000,0.08213431
220.00000000,2428.00000000,0.08173756
220.00000000,2429.00000000,0.08134011
220.00000000,2430.00000000,0.08094213
220.00000000,2431.00000000,0.08054357
220.00000000,2432.00000000,0.08014435
220.00000000,2433.00000000,0.07974466
220.00000000,2434.00000000,0.07934443
220.00000000,2435.00000000,0.07894360
220.00000000,2436.00000000,0.07854234
220.00000000,2437.00000000,0.07814058
220.00000000,2438.00000000,0.07773827
220.00000000,2439.00000000,0.07733558
220.00000000,2440.00000000,0.07693238
220.00000000,2441.00000000,0.07652881
220.00000000,2442.00000000,0.07612482
220.00000000,2443.00000000,0.07572036
220.00000000,2444.00000000,0.07531558
220.00000000,2445.00000000,0.07491043
220.00000000,2446.00000000,0.07450485
220.00000000,2447.00000000,0.07409900
220.00000000,2448.00000000,0.07369281
220.00000000,2449.00000000,0.07328624
220.00000000,2450.00000000,0.07287943
220.00000000,2451.00000000,0.07247227
220.00000000,2452.00000000,0.07206489
220.00000000,2453.00000000,0.07165725
220.00000000,2454.00000000,0.07124928
220.00000000,2455.00000000,0.07084114
220.00000000,2456.00000000,0.07043279
220.00000000,2457.00000000,0.07002414
220.00000000,2458.00000000,0.06961536
220.00000000,2459.00000000,0.06920640
220.00000000,2460.00000000,0.06879718
220.00000000,2461.00000000,0.06838788
220.00000000,2462.00000000,0.06797843
220.00000000,2463.00000000,0.06756877
220.00000000,2464.00000000,0.06715907
220.00000000,2465.00000000,0.06674918
220.00000000,2466.00000000,0.06633928
220.00000000,2467.00000000,0.06592934
220.00000000,2468.00000000,0.06551930
220.00000000,2469.00000000,0.06519535
220.00000000,2470.00000000,0.06512456
220.00000000,2471.00000000,0.06512299
220.00000000,2472.00000000,0.06512160
220.00000000,2473.00000000,0.06512033
220.00000000,2474.00000000,0.06511908
220.00000000,2475.00000000,0.06511800
220.00000000,2476.00000000,0.06512780
220.00000000,2477.00000000,0.06513777
220.00000000,2478.00000000,0.06514784
220.00000000,2479.00000000,0.06515791
220.00000000,2480.00000000,0.06516816
220.00000000,2481.00000000,0.06515706
220.00000000,2482.00000000,0.06514595
220.00000000,2483.00000000,0.06513500
220.00000000,2484.00000000,0.06512412
220.00000000,2485.00000000,0.06511323
220.00000000,2486.00000000,0.06510250
220.00000000,2487.00000000,0.06509183
220.00000000,2488.00000000,0.06508114
220.00000000,2489.00000000,0.06507060
220.00000000,2490.00000000,0.06506004
220.00000000,2491.00000000,0.06504962
220.00000000,2492.00000000,0.06503926
220.00000000,2493.00000000,0.06502889
220.00000000,2494.00000000,0.06501864
220.00000000,2495.00000000,0.06500845
220.00000000,2496.00000000,0.06499731
220.00000000,2497.00000000,0.06498629
220.00000000,2498.00000000,0.06497533
220.00000000,2499.00000000,0.06496434
220.00000000,2500.00000000,0.06495347
221.00000000,1765.00000000,0.04122135
221.00000000,1766.00000000,0.04122153
221.00000000,1767.00000000,0.04122140
221.00000000,1768.00000000,0.04122154
221.00000000,1769.00000000,0.04122168
221.00000000,1770.00000000,0.04122192
221.00000000,1771.00000000,0.04122216
221.00000000,1772.00000000,0.04122259
221.00000000,1773.00000000,0.04122300
221.00000000,1774.00000000,0.04122355
221.00000000,1775.00000000,0.04122422
221.00000000,1776.00000000,0.04122493
221.00000000,1777.00000000,0.04122570
221.00000000,1778.00000000,0.04122662
221.00000000,1779.00000000,0.04122740
221.00000000,1780.00000000,0.04122835
221.00000000,1781.00000000,0.04122951
221.00000000,1782.00000000,0.04123062
221.00000000,1783.00000000,0.04123170
221.00000000,1784.00000000,0.04123308
221.00000000,1785.00000000,0.04123429
221.00000000,1786.00000000,0.04123571
221.00000000,1787.00000000,0.04123715
221.00000000,1788.00000000,0.04123857
221.00000000,1789.00000000,0.04124013
221.00000000,1790.00000000,0.04124168
221.00000000,1791.00000000,0.04124335
221.00000000,1792.00000000,0.04124503
221.00000000,1793.00000000,0.04124657
221.00000000,1794.00000000,0.04124840
221.00000000,1795.00000000,0.04125015
221.00000000,1796.00000000,0.04125193
221.00000000,1797.00000000,0.04125368
221.00000000,1798.00000000,0.04125549
221.00000000,1799.00000000,0.04125747
221.00000000,1800.00000000,0.04125932
221.00000000,1801.00000000,0.04126128
221.00000000,1802.00000000,0.04126317
221.00000000,1803.00000000,0.04126523
221.00000000,1804.00000000,0.04126718
221.00000000,1805.00000000,0.04126912
221.00000000,1806.00000000,0.04127118
221.00000000,1807.00000000,0.04127316
221.00000000,1808.00000000,0.04127529
221.00000000,1809.00000000,0.04127734
221.00000000,1810.00000000,0.04127934
221.00000000,1811.00000000,0.04128152
221.00000000,1812.00000000,0.04128354
221.00000000,1813.00000000,0.04128571
221.00000000,1814.00000000,0.04128785
221.00000000,1815.00000000,0.04128997
221.00000000,1816.00000000,0.04129209
221.00000000,1817.00000000,0.04129415
221.00000000,1818.00000000,0.04129628
221.00000000,1819.00000000,0.04129841
221.00000000,1820.00000000,0.04130055
221.00000000,1821.00000000,0.04130279
221.00000000,1822.00000000,0.04130490
221.00000000,1823.00000000,0.04130699
221.00000000,1824.00000000,0.04130913
221.00000000,1825.00000000,0.04131133
221.00000000,1826.00000000,0.04131339
221.00000000,1827.00000000,0.04131560
221.00000000,1828.00000000,0.04131765
221.00000000,1829.00000000,0.04131978
221.00000000,1830.00000000,0.04132196
221.00000000,1831.00000000,0.04132408
221.00000000,1832.00000000,0.04132614
221.00000000,1833.00000000,0.04132820
221.00000000,1834.00000000,0.04133027
221.00000000,1835.00000000,0.04133237
221.00000000,1836.00000000,0.04133443
221.00000000,1837.00000000,0.04133647
221.00000000,1838.00000000,0.04133847
221.00000000,1839.00000000,0.04134052
221.00000000,1840.00000000,0.04134249
221.00000000,1841.00000000,0.04134456
221.00000000,1842.00000000,0.04134639
221.00000000,1843.00000000,0.04134836
221.00000000,1844.00000000,0.04135032
221.00000000,1845.00000000,0.04135228
221.00000000,1846.00000000,0.04135415
221.00000000,1847.00000000,0.04135599
221.00000000,1848.00000000,0.04135789
221.00000000,1849.00000000,0.04135972
221.00000000,1850.00000000,0.04136155
221.00000000,1851.00000000,0.04136329
221.00000000,1852.00000000,0.04136509
221.00000000,1853.00000000,0.04136696
221.00000000,1854.00000000,0.04136899
221.00000000,1855.00000000,0.04137101
221.00000000,1856.00000000,0.04137286
221.00000000,1857.00000000,0.04137479
221.00000000,1858.00000000,0.04137666
221.00000000,1859.00000000,0.04137836
221.00000000,1860.00000000,0.04138015
221.00000000,1861.00000000,0.04138185
221.00000000,1862.00000000,0.04138338
221.00000000,1863.00000000,0.04138467
221.00000000,1864.00000000,0.04138568
221.00000000,1865.00000000,0.04138628
221.00000000,1866.00000000,0.04138679
221.00000000,1867.00000000,0.04138714
221.00000000,1868.00000000,0.04138733
221.00000000,1869.00000000,0.04138736
221.00000000,1870.00000000,0.04138731
221.00000000,1871.00000000,0.04138707
221.00000000,1872.00000000,0.04138700
221.00000000,1873.00000000,0.04138714
221.00000000,1874.00000000,0.04138761
221.00000000,1875.00000000,0.04138831
221.00000000,1876.00000000,0.04138925
221.00000000,1877.00000000,0.04139014
221.00000000,1878.00000000,0.04139117
221.00000000,1879.00000000,0.04139226
221.00000000,1880.00000000,0.04139337
221.00000000,1881.00000000,0.04139450
221.00000000,1882.00000000,0.04139568
221.00000000,1883.00000000,0.04139643
221.00000000,1884.00000000,0.04139711
221.00000000,1885.00000000,0.04139759
221.00000000,1886.00000000,0.04139795
221.00000000,1887.00000000,0.04139823
221.00000000,1888.00000000,0.04139842
221.00000000,1889.00000000,0.04139849
221.00000000,1890.00000000,0.04139831
221.00000000,1891.00000000,0.04139796
221.00000000,1892.00000000,0.04139737
221.00000000,1893.00000000,0.04139679
221.00000000,1894.00000000,0.04139614
221.00000000,1895.00000000,0.04139560
221.00000000,1896.00000000,0.04139502
221.00000000,1897.00000000,0.04139443
221.00000000,1898.00000000,0.04139371
221.00000000,1899.00000000,0.04139290
221.00000000,1900.00000000,0.04139197
221.00000000,1901.00000000,0.04139082
221.00000000,1902.00000000,0.04138973
221.00000000,1903.00000000,0.04138867
221.00000000,1904.00000000,0.04138773
221.00000000,1905.00000000,0.04138681
221.00000000,1906.00000000,0.04138604
221.00000000,1907.00000000,0.04138533
221.00000000,1908.00000000,0.04138460
221.00000000,1909.00000000,0.04138380
221.00000000,1910.00000000,0.04138299
221.00000000,1911.00000000,0.04138211
221.00000000,1912.00000000,0.04138087
221.00000000,1913.00000000,0.04137911
221.00000000,1914.00000000,0.04137681
221.00000000,1915.00000000,0.04137427
221.00000000,1916.00000000,0.04137168
221.00000000,1917.00000000,0.04136905
221.00000000,1918.00000000,0.04136630
221.00000000,1919.00000000,0.04136357
221.00000000,1920.00000000,0.04136109
221.00000000,1921.00000000,0.04135895
221.00000000,1922.00000000,0.04135736
221.00000000,1923.00000000,0.04135607
221.00000000,1924.00000000,0.04135481
221.00000000,1925.00000000,0.04135355
221.00000000,1926.00000000,0.04135210
221.00000000,1927.00000000,0.04135070
221.00000000,1928.00000000,0.04134936
221.00000000,1929.00000000,0.04134796
221.00000000,1930.00000000,0.04134655
221.00000000,1931.00000000,0.04134580
221.00000000,1932.00000000,0.04134568
221.00000000,1933.00000000,0.04134594
221.00000000,1934.00000000,0.04134652
221.00000000,1935.00000000,0.04134698
221.00000000,1936.00000000,0.04134716
221.00000000,1937.00000000,0.04134682
221.00000000,1938.00000000,0.04134579
221.00000000,1939.00000000,0.04134420
221.00000000,1940.00000000,0.04134225
221.00000000,1941.00000000,0.04133977
221.00000000,1942.00000000,0.04133666
221.00000000,1943.00000000,0.04133319
221.00000000,1944.00000000,0.04132939
221.00000000,1945.00000000,0.04132556
221.00000000,1946.00000000,0.04132221
221.00000000,1947.00000000,0.04131977
221.00000000,1948.00000000,0.04131773
221.00000000,1949.00000000,0.04131572
221.00000000,1950.00000000,0.04131360
221.00000000,1951.00000000,0.04131142
221.00000000,1952.00000000,0.04130960
221.00000000,1953.00000000,0.04130787
221.00000000,1954.00000000,0.04130613
221.00000000,1955.00000000,0.04130449
221.00000000,1956.00000000,0.04130287
221.00000000,1957.00000000,0.04130110
221.00000000,1958.00000000,0.04129901
221.00000000,1959.00000000,0.04129664
221.00000000,1960.00000000,0.04129324
221.00000000,1961.00000000,0.04128885
221.00000000,1962.00000000,0.04128399
221.00000000,1963.00000000,0.04127859
221.00000000,1964.00000000,0.04127262
221.00000000,1965.00000000,0.04126588
221.00000000,1966.00000000,0.04125834
221.00000000,1967.00000000,0.04125010
221.00000000,1968.00000000,0.04124100
221.00000000,1969.00000000,0.04123074
221.00000000,1970.00000000,0.04121912
221.00000000,1971.00000000,0.04120568
221.00000000,1972.00000000,0.04118998
221.00000000,1973.00000000,0.04117235
221.00000000,1974.00000000,0.04115310
221.00000000,1975.00000000,0.04113290
221.00000000,1976.00000000,0.04111240
221.00000000,1977.00000000,0.04109197
221.00000000,1978.00000000,0.04107144
221.00000000,1979.00000000,0.04105070
221.00000000,1980.00000000,0.04102959
221.00000000,1981.00000000,0.04100836
221.00000000,1982.00000000,0.04098821
221.00000000,1983.00000000,0.04097029
221.00000000,1984.00000000,0.04095458
221.00000000,1985.00000000,0.04094058
221.00000000,1986.00000000,0.04092755
221.00000000,1987.00000000,0.04091875
221.00000000,1988.00000000,0.04090625
221.00000000,1989.00000000,0.04089364
221.00000000,1990.00000000,0.04088071
221.00000000,1991.00000000,0.04086769
221.00000000,1992.00000000,0.04085619
221.00000000,1993.00000000,0.04084373
221.00000000,1994.00000000,0.04083186
221.00000000,1995.00000000,0.04082041
221.00000000,1996.00000000,0.04080911
221.00000000,1997.00000000,0.04079751
221.00000000,1998.00000000,0.04078546
221.00000000,1999.00000000,0.04077337
221.00000000,2000.00000000,0.04076135
221.00000000,2001.00000000,0.04074918
221.00000000,2002.00000000,0.04073801
221.00000000,2003.00000000,0.04072559
221.00000000,2004.00000000,0.04071253
221.00000000,2005.00000000,0.04069805
221.00000000,2006.00000000,0.04068143
221.00000000,2007.00000000,0.04066269
221.00000000,2008.00000000,0.04064211
221.00000000,2009.00000000,0.04061973
221.00000000,2010.00000000,0.04059585
221.00000000,2011.00000000,0.04057053
221.00000000,2012.00000000,0.04054508
221.00000000,2013.00000000,0.04051696
221.00000000,2014.00000000,0.04048734
221.00000000,2015.00000000,0.04045634
221.00000000,2016.00000000,0.04042391
221.00000000,2017.00000000,0.04039014
221.00000000,2018.00000000,0.04035636
221.00000000,2019.00000000,0.04032012
221.00000000,2020.00000000,0.04028269
221.00000000,2021.00000000,0.04024549
221.00000000,2022.00000000,0.04020609
221.00000000,2023.00000000,0.04016833
221.00000000,2024.00000000,0.04012617
221.00000000,2025.00000000,0.04008459
221.00000000,2026.00000000,0.04004252
221.00000000,2027.00000000,0.04000120
221.00000000,2028.00000000,0.03995813
221.00000000,2029.00000000,0.03991470
221.00000000,2030.00000000,0.03987088
221.00000000,2031.00000000,0.03982665
221.00000000,2032.00000000,0.03978323
221.00000000,2033.00000000,0.03973802
221.00000000,2034.00000000,0.03969209
221.00000000,2035.00000000,0.03964551
221.00000000,2036.00000000,0.03959939
221.00000000,2037.00000000,0.03955259
221.00000000,2038.00000000,0.03950508
221.00000000,2039.00000000,0.03945565
221.00000000,2040.00000000,0.03940561
221.00000000,2041.00000000,0.03935490
221.00000000,2042.00000000,0.03930345
221.00000000,2043.00000000,0.03925243
221.00000000,2044.00000000,0.03920053
221.00000000,2045.00000000,0.03914647
221.00000000,2046.00000000,0.03909280
221.00000000,2047.00000000,0.03903705
221.00000000,2048.00000000,0.03898165
221.00000000,2049.00000000,0.03892428
221.00000000,2050.00000000,0.03886611
221.00000000,2051.00000000,0.03881447
221.00000000,2052.00000000,0.03875376
221.00000000,2053.00000000,0.03869359
221.00000000,2054.00000000,0.03863409
221.00000000,2055.00000000,0.03857284
221.00000000,2056.00000000,0.03851224
221.00000000,2057.00000000,0.03845477
221.00000000,2058.00000000,0.03839212
221.00000000,2059.00000000,0.03833020
221.00000000,2060.00000000,0.03826794
221.00000000,2061.00000000,0.03820650
221.00000000,2062.00000000,0.03814389
221.00000000,2063.00000000,0.03808271
221.00000000,2064.00000000,0.03802074
221.00000000,2065.00000000,0.03796051
221.00000000,2066.00000000,0.03790322
221.00000000,2067.00000000,0.03784181
221.00000000,2068.00000000,0.03778456
221.00000000,2069.00000000,0.03772558
221.00000000,2070.00000000,0.03766946
221.00000000,2071.00000000,0.03761515
221.00000000,2072.00000000,0.03755697
221.00000000,2073.00000000,0.03750329
221.00000000,2074.00000000,0.03744953
221.00000000,2075.00000000,0.03740605
221.00000000,2076.00000000,0.03735448
221.00000000,2077.00000000,0.03730743
221.00000000,2078.00000000,0.03725681
221.00000000,2079.00000000,0.03720721
221.00000000,2080.00000000,0.03716314
221.00000000,2081.00000000,0.03712335
221.00000000,2082.00000000,0.03708000
221.00000000,2083.00000000,0.03703540
221.00000000,2084.00000000,0.03699753
221.00000000,2085.00000000,0.03696194
221.00000000,2086.00000000,0.03692628
221.00000000,2087.00000000,0.03688719
221.00000000,2088.00000000,0.03685504
221.00000000,2089.00000000,0.03682025
221.00000000,2090.00000000,0.03678871
221.00000000,2091.00000000,0.03675591
221.00000000,2092.00000000,0.03672865
221.00000000,2093.00000000,0.03671157
221.00000000,2094.00000000,0.03668886
221.00000000,2095.00000000,0.03664362
221.00000000,2096.00000000,0.03662639
221.00000000,2097.00000000,0.03659780
221.00000000,2098.00000000,0.03657024
221.00000000,2099.00000000,0.03654190
221.00000000,2100.00000000,0.03652842
221.00000000,2101.00000000,0.03652924
221.00000000,2102.00000000,0.03650981
221.00000000,2103.00000000,0.03649805
221.00000000,2104.00000000,0.03649071
221.00000000,2105.00000000,0.03646995
221.00000000,2106.00000000,0.03644913
221.00000000,2107.00000000,0.03643160
221.00000000,2108.00000000,0.03642618
221.00000000,2109.00000000,0.03644166
221.00000000,2110.00000000,0.03642267
221.00000000,2111.00000000,0.03643667
221.00000000,2112.00000000,0.03643721
221.00000000,2113.00000000,0.03642312
221.00000000,2114.00000000,0.03640324
221.00000000,2115.00000000,0.03640303
221.00000000,2116.00000000,0.03641466
221.00000000,2117.00000000,0.03641606
221.00000000,2118.00000000,0.03642710
221.00000000,2119.00000000,0.03644332
221.00000000,2120.00000000,0.03647902
221.00000000,2121.00000000,0.03649898
221.00000000,2122.00000000,0.03650975
221.00000000,2123.00000000,0.03651686
221.00000000,2124.00000000,0.03656534
221.00000000,2125.00000000,0.03656609
221.00000000,2126.00000000,0.03660264
221.00000000,2127.00000000,0.03664526
221.00000000,2128.00000000,0.03672458
221.00000000,2129.00000000,0.03668256
221.00000000,2130.00000000,0.03671668
221.00000000,2131.00000000,0.03675008
221.00000000,2132.00000000,0.03676523
221.00000000,2133.00000000,0.03680923
221.00000000,2134.00000000,0.03687657
221.00000000,2135.00000000,0.03677236
221.00000000,2136.00000000,0.03675726
221.00000000,2137.00000000,0.03682476
221.00000000,2138.00000000,0.03688286
221.00000000,2139.00000000,0.03686151
221.00000000,2140.00000000,0.03671926
221.00000000,2141.00000000,0.03685741
221.00000000,2142.00000000,0.03671735
221.00000000,2143.00000000,0.03676480
221.00000000,2144.00000000,0.03690352
221.00000000,2145.00000000,0.03689858
221.00000000,2146.00000000,0.03691497
221.00000000,2147.00000000,0.03692750
221.00000000,2148.00000000,0.03701814
221.00000000,2149.00000000,0.03702629
221.00000000,2150.00000000,0.03711890
221.00000000,2151.00000000,0.03702438
221.00000000,2152.00000000,0.03690804
221.00000000,2153.00000000,0.03681519
221.00000000,2154.00000000,0.03687621
221.00000000,2155.00000000,0.03697675
221.00000000,2156.00000000,0.03705141
221.00000000,2157.00000000,0.03718206
221.00000000,2158.00000000,0.03728889
221.00000000,2159.00000000,0.03723863
221.00000000,2160.00000000,0.03731842
221.00000000,2161.00000000,0.03746279
221.00000000,2162.00000000,0.03753077
221.00000000,2163.00000000,0.03757139
221.00000000,2164.00000000,0.03765899
221.00000000,2165.00000000,0.03768631
221.00000000,2166.00000000,0.03748012
221.00000000,2167.00000000,0.03760596
221.00000000,2168.00000000,0.03781773
221.00000000,2169.00000000,0.03794753
221.00000000,2170.00000000,0.03794015
221.00000000,2171.00000000,0.03822213
221.00000000,2172.00000000,0.03842645
221.00000000,2173.00000000,0.03851199
221.00000000,2174.00000000,0.03861833
221.00000000,2175.00000000,0.03870357
221.00000000,2176.00000000,0.03896108
221.00000000,2177.00000000,0.03917341
221.00000000,2178.00000000,0.03934029
221.00000000,2179.00000000,0.03947370
221.00000000,2180.00000000,0.03968886
221.00000000,2181.00000000,0.03988720
221.00000000,2182.00000000,0.03997872
221.00000000,2183.00000000,0.04017118
221.00000000,2184.00000000,0.04041263
221.00000000,2185.00000000,0.04066976
221.00000000,2186.00000000,0.04090347
221.00000000,2187.00000000,0.04116511
221.00000000,2188.00000000,0.04136850
221.00000000,2189.00000000,0.04165351
221.00000000,2190.00000000,0.04198009
221.00000000,2191.00000000,0.04238092
221.00000000,2192.00000000,0.04264795
221.00000000,2193.00000000,0.04293169
221.00000000,2194.00000000,0.04329423
221.00000000,2195.00000000,0.04340246
221.00000000,2196.00000000,0.04346922
221.00000000,2197.00000000,0.04387400
221.00000000,2198.00000000,0.04414275
221.00000000,2199.00000000,0.04433383
221.00000000,2200.00000000,0.04476091
221.00000000,2201.00000000,0.04480604
221.00000000,2202.00000000,0.04472775
221.00000000,2203.00000000,0.04479090
221.00000000,2204.00000000,0.04488296
221.00000000,2205.00000000,0.04520259
221.00000000,2206.00000000,0.04549463
221.00000000,2207.00000000,0.04580269
221.00000000,2208.00000000,0.04608637
221.00000000,2209.00000000,0.04645060
221.00000000,2210.00000000,0.04671753
221.00000000,2211.00000000,0.04690507
221.00000000,2212.00000000,0.04713582
221.00000000,2213.00000000,0.04712628
221.00000000,2214.00000000,0.04726076
221.00000000,2215.00000000,0.04752745
221.00000000,2216.00000000,0.04781021
221.00000000,2217.00000000,0.04810443
221.00000000,2218.00000000,0.04836682
221.00000000,2219.00000000,0.04846668
221.00000000,2220.00000000,0.04858228
221.00000000,2221.00000000,0.04891804
221.00000000,2222.00000000,0.04925062
221.00000000,2223.00000000,0.04945847
221.00000000,2224.00000000,0.05000583
221.00000000,2225.00000000,0.05061515
221.00000000,2226.00000000,0.05112498
221.00000000,2227.00000000,0.05150850
221.00000000,2228.00000000,0.05189520
221.00000000,2229.00000000,0.05228517
221.00000000,2230.00000000,0.05267807
221.00000000,2231.00000000,0.05307393
221.00000000,2232.00000000,0.05355744
221.00000000,2233.00000000,0.05404438
221.00000000,2234.00000000,0.05453479
221.00000000,2235.00000000,0.05502863
221.00000000,2236.00000000,0.05552589
221.00000000,2237.00000000,0.05602658
221.00000000,2238.00000000,0.05653068
221.00000000,2239.00000000,0.05703814
221.00000000,2240.00000000,0.05754902
221.00000000,2241.00000000,0.05806324
221.00000000,2242.00000000,0.05854253
221.00000000,2243.00000000,0.05902502
221.00000000,2244.00000000,0.05951066
221.00000000,2245.00000000,0.05999953
221.00000000,2246.00000000,0.06049163
221.00000000,2247.00000000,0.06098693
221.00000000,2248.00000000,0.06148555
221.00000000,2249.00000000,0.06198740
221.00000000,2250.00000000,0.06249209
221.00000000,2251.00000000,0.06299890
221.00000000,2252.00000000,0.06358858
221.00000000,2253.00000000,0.06417954
221.00000000,2254.00000000,0.06477160
221.00000000,2255.00000000,0.06536458
221.00000000,2256.00000000,0.06595840
221.00000000,2257.00000000,0.06655302
221.00000000,2258.00000000,0.06714835
221.00000000,2259.00000000,0.06774443
221.00000000,2260.00000000,0.06834120
221.00000000,2261.00000000,0.06893865
221.00000000,2262.00000000,0.06959757
221.00000000,2263.00000000,0.07025754
221.00000000,2264.00000000,0.07091850
221.00000000,2265.00000000,0.07158051
221.00000000,2266.00000000,0.07224349
221.00000000,2267.00000000,0.07290737
221.00000000,2268.00000000,0.07357217
221.00000000,2269.00000000,0.07423778
221.00000000,2270.00000000,0.07490423
221.00000000,2271.00000000,0.07557143
221.00000000,2272.00000000,0.07623581
221.00000000,2273.00000000,0.07690088
221.00000000,2274.00000000,0.07756654
221.00000000,2275.00000000,0.07823270
221.00000000,2276.00000000,0.07889939
221.00000000,2277.00000000,0.07956651
221.00000000,2278.00000000,0.08023396
221.00000000,2279.00000000,0.08090177
221.00000000,2280.00000000,0.08156980
221.00000000,2281.00000000,0.08223793
221.00000000,2282.00000000,0.08276900
221.00000000,2283.00000000,0.08329955
221.00000000,2284.00000000,0.08382967
221.00000000,2285.00000000,0.08435928
221.00000000,2286.00000000,0.08488832
221.00000000,2287.00000000,0.08541684
221.00000000,2288.00000000,0.08594479
221.00000000,2289.00000000,0.08647206
221.00000000,2290.00000000,0.08699870
221.00000000,2291.00000000,0.08752462
221.00000000,2292.00000000,0.08792438
221.00000000,2293.00000000,0.08832301
221.00000000,2294.00000000,0.08872038
221.00000000,2295.00000000,0.08911663
221.00000000,2296.00000000,0.08951167
221.00000000,2297.00000000,0.08990549
221.00000000,2298.00000000,0.09029815
221.00000000,2299.00000000,0.09068960
221.00000000,2300.00000000,0.09107978
221.00000000,2301.00000000,0.09146874
221.00000000,2302.00000000,0.09178568
221.00000000,2303.00000000,0.09210108
221.00000000,2304.00000000,0.09241503
221.00000000,2305.00000000,0.09272747
221.00000000,2306.00000000,0.09303849
221.00000000,2307.00000000,0.09334803
221.00000000,2308.00000000,0.09365606
221.00000000,2309.00000000,0.09396266
221.00000000,2310.00000000,0.09426780
221.00000000,2311.00000000,0.09457138
221.00000000,2312.00000000,0.09479986
221.00000000,2313.00000000,0.09502667
221.00000000,2314.00000000,0.09525175
221.00000000,2315.00000000,0.09547523
221.00000000,2316.00000000,0.09569706
221.00000000,2317.00000000,0.09591720
221.00000000,2318.00000000,0.09613578
221.00000000,2319.00000000,0.09635267
221.00000000,2320.00000000,0.09656803
221.00000000,2321.00000000,0.09678177
221.00000000,2322.00000000,0.09693685
221.00000000,2323.00000000,0.09709026
221.00000000,2324.00000000,0.09724197
221.00000000,2325.00000000,0.09739190
221.00000000,2326.00000000,0.09754022
221.00000000,2327.00000000,0.09768684
221.00000000,2328.00000000,0.09783175
221.00000000,2329.00000000,0.09797508
221.00000000,2330.00000000,0.09811669
221.00000000,2331.00000000,0.09825674
221.00000000,2332.00000000,0.09839516
221.00000000,2333.00000000,0.09853190
221.00000000,2334.00000000,0.09866711
221.00000000,2335.00000000,0.09880073
221.00000000,2336.00000000,0.09893268
221.00000000,2337.00000000,0.09906312
221.00000000,2338.00000000,0.09919197
221.00000000,2339.00000000,0.09931918
221.00000000,2340.00000000,0.09944491
221.00000000,2341.00000000,0.09956907
221.00000000,2342.00000000,0.09969158
221.00000000,2343.00000000,0.09981263
221.00000000,2344.00000000,0.09993203
221.00000000,2345.00000000,0.10004997
221.00000000,2346.00000000,0.10016637
221.00000000,2347.00000000,0.10028112
221.00000000,2348.00000000,0.10039443
221.00000000,2349.00000000,0.10050619
221.00000000,2350.00000000,0.10061633
221.00000000,2351.00000000,0.10072500
221.00000000,2352.00000000,0.10083215
221.00000000,2353.00000000,0.10093767
221.00000000,2354.00000000,0.10104173
221.00000000,2355.00000000,0.10114418
221.00000000,2356.00000000,0.10124518
221.00000000,2357.00000000,0.10134462
221.00000000,2358.00000000,0.10144245
221.00000000,2359.00000000,0.10153882
221.00000000,2360.00000000,0.10163362
221.00000000,2361.00000000,0.10172678
221.00000000,2362.00000000,0.10181846
221.00000000,2363.00000000,0.10190858
221.00000000,2364.00000000,0.10199702
221.00000000,2365.00000000,0.10208397
221.00000000,2366.00000000,0.10216923
221.00000000,2367.00000000,0.10225297
221.00000000,2368.00000000,0.10233509
221.00000000,2369.00000000,0.10241548
221.00000000,2370.00000000,0.10249426
221.00000000,2371.00000000,0.10257128
221.00000000,2372.00000000,0.10224997
221.00000000,2373.00000000,0.10192654
221.00000000,2374.00000000,0.10160096
221.00000000,2375.00000000,0.10127320
221.00000000,2376.00000000,0.10094344
221.00000000,2377.00000000,0.10061165
221.00000000,2378.00000000,0.10027780
221.00000000,2379.00000000,0.09994208
221.00000000,2380.00000000,0.09960439
221.00000000,2381.00000000,0.09926489
221.00000000,2382.00000000,0.09892357
221.00000000,2383.00000000,0.09858039
221.00000000,2384.00000000,0.09823551
221.00000000,2385.00000000,0.09788891
221.00000000,2386.00000000,0.09754057
221.00000000,2387.00000000,0.09719063
221.00000000,2388.00000000,0.09683907
221.00000000,2389.00000000,0.09648587
221.00000000,2390.00000000,0.09613117
221.00000000,2391.00000000,0.09577487
221.00000000,2392.00000000,0.09541718
221.00000000,2393.00000000,0.09505800
221.00000000,2394.00000000,0.09469734
221.00000000,2395.00000000,0.09433533
221.00000000,2396.00000000,0.09397196
221.00000000,2397.00000000,0.09360717
221.00000000,2398.00000000,0.09324113
221.00000000,2399.00000000,0.09287382
221.00000000,2400.00000000,0.09250516
221.00000000,2401.00000000,0.09213535
221.00000000,2402.00000000,0.09176432
221.00000000,2403.00000000,0.09139205
221.00000000,2404.00000000,0.09101869
221.00000000,2405.00000000,0.09064415
221.00000000,2406.00000000,0.09026857
221.00000000,2407.00000000,0.08989190
221.00000000,2408.00000000,0.08951412
221.00000000,2409.00000000,0.08913536
221.00000000,2410.00000000,0.08875561
221.00000000,2411.00000000,0.08837479
221.00000000,2412.00000000,0.08799307
221.00000000,2413.00000000,0.08761043
221.00000000,2414.00000000,0.08722678
221.00000000,2415.00000000,0.08684231
221.00000000,2416.00000000,0.08645687
221.00000000,2417.00000000,0.08607066
221.00000000,2418.00000000,0.08568361
221.00000000,2419.00000000,0.08529566
221.00000000,2420.00000000,0.08490698
221.00000000,2421.00000000,0.08451752
221.00000000,2422.00000000,0.08412724
221.00000000,2423.00000000,0.08373628
221.00000000,2424.00000000,0.08334460
221.00000000,2425.00000000,0.08295213
221.00000000,2426.00000000,0.08255904
221.00000000,2427.00000000,0.08216530
221.00000000,2428.00000000,0.08177082
221.00000000,2429.00000000,0.08137578
221.00000000,2430.00000000,0.08098005
221.00000000,2431.00000000,0.08058379
221.00000000,2432.00000000,0.08018695
221.00000000,2433.00000000,0.07978946
221.00000000,2434.00000000,0.07939150
221.00000000,2435.00000000,0.07899300
221.00000000,2436.00000000,0.07859391
221.00000000,2437.00000000,0.07819438
221.00000000,2438.00000000,0.07779437
221.00000000,2439.00000000,0.07739381
221.00000000,2440.00000000,0.07699286
221.00000000,2441.00000000,0.07659139
221.00000000,2442.00000000,0.07618957
221.00000000,2443.00000000,0.07578734
221.00000000,2444.00000000,0.07538464
221.00000000,2445.00000000,0.07498161
221.00000000,2446.00000000,0.07457822
221.00000000,2447.00000000,0.07417440
221.00000000,2448.00000000,0.07377031
221.00000000,2449.00000000,0.07336589
221.00000000,2450.00000000,0.07296108
221.00000000,2451.00000000,0.07255604
221.00000000,2452.00000000,0.07215064
221.00000000,2453.00000000,0.07174503
221.00000000,2454.00000000,0.07133915
221.00000000,2455.00000000,0.07093296
221.00000000,2456.00000000,0.07052659
221.00000000,2457.00000000,0.07012001
221.00000000,2458.00000000,0.06971312
221.00000000,2459.00000000,0.06930613
221.00000000,2460.00000000,0.06889894
221.00000000,2461.00000000,0.06849150
221.00000000,2462.00000000,0.06808398
221.00000000,2463.00000000,0.06767631
221.00000000,2464.00000000,0.06726842
221.00000000,2465.00000000,0.06686051
221.00000000,2466.00000000,0.06645240
221.00000000,2467.00000000,0.06604429
221.00000000,2468.00000000,0.06563613
221.00000000,2469.00000000,0.06522787
221.00000000,2470.00000000,0.06490532
221.00000000,2471.00000000,0.06483481
221.00000000,2472.00000000,0.06483321
221.00000000,2473.00000000,0.06483179
221.00000000,2474.00000000,0.06483048
221.00000000,2475.00000000,0.06482920
221.00000000,2476.00000000,0.06482809
221.00000000,2477.00000000,0.06483780
221.00000000,2478.00000000,0.06484769
221.00000000,2479.00000000,0.06485768
221.00000000,2480.00000000,0.06486766
221.00000000,2481.00000000,0.06487782
221.00000000,2482.00000000,0.06486673
221.00000000,2483.00000000,0.06485564
221.00000000,2484.00000000,0.06484470
221.00000000,2485.00000000,0.06483383
221.00000000,2486.00000000,0.06482295
221.00000000,2487.00000000,0.06481222
221.00000000,2488.00000000,0.06480156
221.00000000,2489.00000000,0.06479088
221.00000000,2490.00000000,0.06478035
221.00000000,2491.00000000,0.06476979
221.00000000,2492.00000000,0.06475939
221.00000000,2493.00000000,0.06474904
221.00000000,2494.00000000,0.06473866
221.00000000,2495.00000000,0.06472842
221.00000000,2496.00000000,0.06471825
221.00000000,2497.00000000,0.06470710
221.00000000,2498.00000000,0.06469611
221.00000000,2499.00000000,0.06468516
221.00000000,2500.00000000,0.06467416
222.00000000,1765.00000000,0.04098525
222.00000000,1766.00000000,0.04098528
222.00000000,1767.00000000,0.04098548
222.00000000,1768.00000000,0.04098541
222.00000000,1769.00000000,0.04098560
222.00000000,1770.00000000,0.04098581
222.00000000,1771.00000000,0.04098613
222.00000000,1772.00000000,0.04098645
222.00000000,1773.00000000,0.04098696
222.00000000,1774.00000000,0.04098744
222.00000000,1775.00000000,0.04098807
222.00000000,1776.00000000,0.04098881
222.00000000,1777.00000000,0.04098959
222.00000000,1778.00000000,0.04099044
222.00000000,1779.00000000,0.04099143
222.00000000,1780.00000000,0.04099229
222.00000000,1781.00000000,0.04099330
222.00000000,1782.00000000,0.04099451
222.00000000,1783.00000000,0.04099568
222.00000000,1784.00000000,0.04099681
222.00000000,1785.00000000,0.04099824
222.00000000,1786.00000000,0.04099950
222.00000000,1787.00000000,0.04100096
222.00000000,1788.00000000,0.04100244
222.00000000,1789.00000000,0.04100390
222.00000000,1790.00000000,0.04100550
222.00000000,1791.00000000,0.04100709
222.00000000,1792.00000000,0.04100879
222.00000000,1793.00000000,0.04101049
222.00000000,1794.00000000,0.04101206
222.00000000,1795.00000000,0.04101392
222.00000000,1796.00000000,0.04101569
222.00000000,1797.00000000,0.04101749
222.00000000,1798.00000000,0.04101926
222.00000000,1799.00000000,0.04102109
222.00000000,1800.00000000,0.04102308
222.00000000,1801.00000000,0.04102495
222.00000000,1802.00000000,0.04102690
222.00000000,1803.00000000,0.04102881
222.00000000,1804.00000000,0.04103087
222.00000000,1805.00000000,0.04103283
222.00000000,1806.00000000,0.04103477
222.00000000,1807.00000000,0.04103683
222.00000000,1808.00000000,0.04103882
222.00000000,1809.00000000,0.04104096
222.00000000,1810.00000000,0.04104300
222.00000000,1811.00000000,0.04104502
222.00000000,1812.00000000,0.04104719
222.00000000,1813.00000000,0.04104920
222.00000000,1814.00000000,0.04105137
222.00000000,1815.00000000,0.04105351
222.00000000,1816.00000000,0.04105562
222.00000000,1817.00000000,0.04105773
222.00000000,1818.00000000,0.04105978
222.00000000,1819.00000000,0.04106190
222.00000000,1820.00000000,0.04106402
222.00000000,1821.00000000,0.04106615
222.00000000,1822.00000000,0.04106838
222.00000000,1823.00000000,0.04107048
222.00000000,1824.00000000,0.04107255
222.00000000,1825.00000000,0.04107468
222.00000000,1826.00000000,0.04107686
222.00000000,1827.00000000,0.04107891
222.00000000,1828.00000000,0.04108111
222.00000000,1829.00000000,0.04108314
222.00000000,1830.00000000,0.04108525
222.00000000,1831.00000000,0.04108740
222.00000000,1832.00000000,0.04108950
222.00000000,1833.00000000,0.04109153
222.00000000,1834.00000000,0.04109357
222.00000000,1835.00000000,0.04109562
222.00000000,1836.00000000,0.04109770
222.00000000,1837.00000000,0.04109974
222.00000000,1838.00000000,0.04110175
222.00000000,1839.00000000,0.04110373
222.00000000,1840.00000000,0.04110575
222.00000000,1841.00000000,0.04110769
222.00000000,1842.00000000,0.04110974
222.00000000,1843.00000000,0.04111155
222.00000000,1844.00000000,0.04111348
222.00000000,1845.00000000,0.04111542
222.00000000,1846.00000000,0.04111734
222.00000000,1847.00000000,0.04111918
222.00000000,1848.00000000,0.04112099
222.00000000,1849.00000000,0.04112287
222.00000000,1850.00000000,0.04112466
222.00000000,1851.00000000,0.04112644
222.00000000,1852.00000000,0.04112815
222.00000000,1853.00000000,0.04113011
222.00000000,1854.00000000,0.04113205
222.00000000,1855.00000000,0.04113404
222.00000000,1856.00000000,0.04113599
222.00000000,1857.00000000,0.04113777
222.00000000,1858.00000000,0.04113964
222.00000000,1859.00000000,0.04114146
222.00000000,1860.00000000,0.04114312
222.00000000,1861.00000000,0.04114485
222.00000000,1862.00000000,0.04114644
222.00000000,1863.00000000,0.04114760
222.00000000,1864.00000000,0.04114859
222.00000000,1865.00000000,0.04114936
222.00000000,1866.00000000,0.04114977
222.00000000,1867.00000000,0.04115011
222.00000000,1868.00000000,0.04115030
222.00000000,1869.00000000,0.04115033
222.00000000,1870.00000000,0.04115022
222.00000000,1871.00000000,0.04115008
222.00000000,1872.00000000,0.04114991
222.00000000,1873.00000000,0.04115022
222.00000000,1874.00000000,0.04115062
222.00000000,1875.00000000,0.04115128
222.00000000,1876.00000000,0.04115212
222.00000000,1877.00000000,0.04115315
222.00000000,1878.00000000,0.04115411
222.00000000,1879.00000000,0.04115521
222.00000000,1880.00000000,0.04115632
222.00000000,1881.00000000,0.04115742
222.00000000,1882.00000000,0.04115855
222.00000000,1883.00000000,0.04115945
222.00000000,1884.00000000,0.04115999
222.00000000,1885.00000000,0.04116051
222.00000000,1886.00000000,0.04116088
222.00000000,1887.00000000,0.04116115
222.00000000,1888.00000000,0.04116132
222.00000000,1889.00000000,0.04116135
222.00000000,1890.00000000,0.04116124
222.00000000,1891.00000000,0.04116088
222.00000000,1892.00000000,0.04116034
222.00000000,1893.00000000,0.04115968
222.00000000,1894.00000000,0.04115908
222.00000000,1895.00000000,0.04115849
222.00000000,1896.00000000,0.04115795
222.00000000,1897.00000000,0.04115734
222.00000000,1898.00000000,0.04115668
222.00000000,1899.00000000,0.04115584
222.00000000,1900.00000000,0.04115486
222.00000000,1901.00000000,0.04115379
222.00000000,1902.00000000,0.04115271
222.00000000,1903.00000000,0.04115165
222.00000000,1904.00000000,0.04115066
222.00000000,1905.00000000,0.04114982
222.00000000,1906.00000000,0.04114902
222.00000000,1907.00000000,0.04114832
222.00000000,1908.00000000,0.04114756
222.00000000,1909.00000000,0.04114679
222.00000000,1910.00000000,0.04114600
222.00000000,1911.00000000,0.04114510
222.00000000,1912.00000000,0.04114387
222.00000000,1913.00000000,0.04114213
222.00000000,1914.00000000,0.04113986
222.00000000,1915.00000000,0.04113730
222.00000000,1916.00000000,0.04113473
222.00000000,1917.00000000,0.04113212
222.00000000,1918.00000000,0.04112940
222.00000000,1919.00000000,0.04112667
222.00000000,1920.00000000,0.04112423
222.00000000,1921.00000000,0.04112210
222.00000000,1922.00000000,0.04112045
222.00000000,1923.00000000,0.04111922
222.00000000,1924.00000000,0.04111798
222.00000000,1925.00000000,0.04111664
222.00000000,1926.00000000,0.04111532
222.00000000,1927.00000000,0.04111386
222.00000000,1928.00000000,0.04111251
222.00000000,1929.00000000,0.04111113
222.00000000,1930.00000000,0.04110982
222.00000000,1931.00000000,0.04110895
222.00000000,1932.00000000,0.04110888
222.00000000,1933.00000000,0.04110913
222.00000000,1934.00000000,0.04110967
222.00000000,1935.00000000,0.04111019
222.00000000,1936.00000000,0.04111034
222.00000000,1937.00000000,0.04110999
222.00000000,1938.00000000,0.04110894
222.00000000,1939.00000000,0.04110742
222.00000000,1940.00000000,0.04110545
222.00000000,1941.00000000,0.04110296
222.00000000,1942.00000000,0.04109988
222.00000000,1943.00000000,0.04109642
222.00000000,1944.00000000,0.04109266
222.00000000,1945.00000000,0.04108883
222.00000000,1946.00000000,0.04108551
222.00000000,1947.00000000,0.04108305
222.00000000,1948.00000000,0.04108104
222.00000000,1949.00000000,0.04107902
222.00000000,1950.00000000,0.04107694
222.00000000,1951.00000000,0.04107474
222.00000000,1952.00000000,0.04107293
222.00000000,1953.00000000,0.04107121
222.00000000,1954.00000000,0.04106946
222.00000000,1955.00000000,0.04106785
222.00000000,1956.00000000,0.04106622
222.00000000,1957.00000000,0.04106443
222.00000000,1958.00000000,0.04106240
222.00000000,1959.00000000,0.04105998
222.00000000,1960.00000000,0.04105659
222.00000000,1961.00000000,0.04105225
222.00000000,1962.00000000,0.04104738
222.00000000,1963.00000000,0.04104203
222.00000000,1964.00000000,0.04103605
222.00000000,1965.00000000,0.04102935
222.00000000,1966.00000000,0.04102186
222.00000000,1967.00000000,0.04101363
222.00000000,1968.00000000,0.04100458
222.00000000,1969.00000000,0.04099434
222.00000000,1970.00000000,0.04098279
222.00000000,1971.00000000,0.04096941
222.00000000,1972.00000000,0.04095378
222.00000000,1973.00000000,0.04093621
222.00000000,1974.00000000,0.04091707
222.00000000,1975.00000000,0.04089695
222.00000000,1976.00000000,0.04087655
222.00000000,1977.00000000,0.04085621
222.00000000,1978.00000000,0.04083575
222.00000000,1979.00000000,0.04081511
222.00000000,1980.00000000,0.04079408
222.00000000,1981.00000000,0.04077294
222.00000000,1982.00000000,0.04075285
222.00000000,1983.00000000,0.04073498
222.00000000,1984.00000000,0.04071932
222.00000000,1985.00000000,0.04070533
222.00000000,1986.00000000,0.04069232
222.00000000,1987.00000000,0.04067979
222.00000000,1988.00000000,0.04067107
222.00000000,1989.00000000,0.04065844
222.00000000,1990.00000000,0.04064555
222.00000000,1991.00000000,0.04063251
222.00000000,1992.00000000,0.04061977
222.00000000,1993.00000000,0.04060856
222.00000000,1994.00000000,0.04059672
222.00000000,1995.00000000,0.04058532
222.00000000,1996.00000000,0.04057396
222.00000000,1997.00000000,0.04056240
222.00000000,1998.00000000,0.04055042
222.00000000,1999.00000000,0.04053831
222.00000000,2000.00000000,0.04052631
222.00000000,2001.00000000,0.04051416
222.00000000,2002.00000000,0.04050174
222.00000000,2003.00000000,0.04049060
222.00000000,2004.00000000,0.04047758
222.00000000,2005.00000000,0.04046311
222.00000000,2006.00000000,0.04044660
222.00000000,2007.00000000,0.04042792
222.00000000,2008.00000000,0.04040735
222.00000000,2009.00000000,0.04038514
222.00000000,2010.00000000,0.04036132
222.00000000,2011.00000000,0.04033611
222.00000000,2012.00000000,0.04030952
222.00000000,2013.00000000,0.04028276
222.00000000,2014.00000000,0.04025332
222.00000000,2015.00000000,0.04022241
222.00000000,2016.00000000,0.04019017
222.00000000,2017.00000000,0.04015655
222.00000000,2018.00000000,0.04012166
222.00000000,2019.00000000,0.04008684
222.00000000,2020.00000000,0.04004965
222.00000000,2021.00000000,0.04001134
222.00000000,2022.00000000,0.03997338
222.00000000,2023.00000000,0.03993335
222.00000000,2024.00000000,0.03989508
222.00000000,2025.00000000,0.03985253
222.00000000,2026.00000000,0.03981061
222.00000000,2027.00000000,0.03976826
222.00000000,2028.00000000,0.03972670
222.00000000,2029.00000000,0.03968344
222.00000000,2030.00000000,0.03963985
222.00000000,2031.00000000,0.03959588
222.00000000,2032.00000000,0.03955143
222.00000000,2033.00000000,0.03950765
222.00000000,2034.00000000,0.03946202
222.00000000,2035.00000000,0.03941562
222.00000000,2036.00000000,0.03936856
222.00000000,2037.00000000,0.03932197
222.00000000,2038.00000000,0.03927472
222.00000000,2039.00000000,0.03922677
222.00000000,2040.00000000,0.03917695
222.00000000,2041.00000000,0.03912653
222.00000000,2042.00000000,0.03907537
222.00000000,2043.00000000,0.03902337
222.00000000,2044.00000000,0.03897175
222.00000000,2045.00000000,0.03891922
222.00000000,2046.00000000,0.03886457
222.00000000,2047.00000000,0.03881031
222.00000000,2048.00000000,0.03875404
222.00000000,2049.00000000,0.03869813
222.00000000,2050.00000000,0.03864032
222.00000000,2051.00000000,0.03858175
222.00000000,2052.00000000,0.03852968
222.00000000,2053.00000000,0.03846868
222.00000000,2054.00000000,0.03840825
222.00000000,2055.00000000,0.03834852
222.00000000,2056.00000000,0.03828710
222.00000000,2057.00000000,0.03822634
222.00000000,2058.00000000,0.03816873
222.00000000,2059.00000000,0.03810599
222.00000000,2060.00000000,0.03804400
222.00000000,2061.00000000,0.03798177
222.00000000,2062.00000000,0.03792061
222.00000000,2063.00000000,0.03785857
222.00000000,2064.00000000,0.03779812
222.00000000,2065.00000000,0.03773701
222.00000000,2066.00000000,0.03767767
222.00000000,2067.00000000,0.03762126
222.00000000,2068.00000000,0.03756078
222.00000000,2069.00000000,0.03750440
222.00000000,2070.00000000,0.03744630
222.00000000,2071.00000000,0.03739106
222.00000000,2072.00000000,0.03733779
222.00000000,2073.00000000,0.03728087
222.00000000,2074.00000000,0.03722853
222.00000000,2075.00000000,0.03717614
222.00000000,2076.00000000,0.03713397
222.00000000,2077.00000000,0.03708375
222.00000000,2078.00000000,0.03703799
222.00000000,2079.00000000,0.03698862
222.00000000,2080.00000000,0.03694023
222.00000000,2081.00000000,0.03689730
222.00000000,2082.00000000,0.03685869
222.00000000,2083.00000000,0.03681659
222.00000000,2084.00000000,0.03677328
222.00000000,2085.00000000,0.03673666
222.00000000,2086.00000000,0.03670226
222.00000000,2087.00000000,0.03666777
222.00000000,2088.00000000,0.03662982
222.00000000,2089.00000000,0.03659873
222.00000000,2090.00000000,0.03656495
222.00000000,2091.00000000,0.03653441
222.00000000,2092.00000000,0.03650268
222.00000000,2093.00000000,0.03647653
222.00000000,2094.00000000,0.03646053
222.00000000,2095.00000000,0.03643893
222.00000000,2096.00000000,0.03639494
222.00000000,2097.00000000,0.03637871
222.00000000,2098.00000000,0.03635120
222.00000000,2099.00000000,0.03632465
222.00000000,2100.00000000,0.03629729
222.00000000,2101.00000000,0.03628468
222.00000000,2102.00000000,0.03628636
222.00000000,2103.00000000,0.03626801
222.00000000,2104.00000000,0.03625729
222.00000000,2105.00000000,0.03625095
222.00000000,2106.00000000,0.03623127
222.00000000,2107.00000000,0.03621149
222.00000000,2108.00000000,0.03619494
222.00000000,2109.00000000,0.03619040
222.00000000,2110.00000000,0.03620659
222.00000000,2111.00000000,0.03618849
222.00000000,2112.00000000,0.03620314
222.00000000,2113.00000000,0.03620438
222.00000000,2114.00000000,0.03619105
222.00000000,2115.00000000,0.03617196
222.00000000,2116.00000000,0.03617236
222.00000000,2117.00000000,0.03618452
222.00000000,2118.00000000,0.03618648
222.00000000,2119.00000000,0.03619801
222.00000000,2120.00000000,0.03621467
222.00000000,2121.00000000,0.03625066
222.00000000,2122.00000000,0.03627100
222.00000000,2123.00000000,0.03628218
222.00000000,2124.00000000,0.03628972
222.00000000,2125.00000000,0.03633836
222.00000000,2126.00000000,0.03633954
222.00000000,2127.00000000,0.03637631
222.00000000,2128.00000000,0.03641911
222.00000000,2129.00000000,0.03649836
222.00000000,2130.00000000,0.03645703
222.00000000,2131.00000000,0.03649135
222.00000000,2132.00000000,0.03652495
222.00000000,2133.00000000,0.03654040
222.00000000,2134.00000000,0.03658452
222.00000000,2135.00000000,0.03665182
222.00000000,2136.00000000,0.03654863
222.00000000,2137.00000000,0.03653397
222.00000000,2138.00000000,0.03660142
222.00000000,2139.00000000,0.03665953
222.00000000,2140.00000000,0.03663865
222.00000000,2141.00000000,0.03649760
222.00000000,2142.00000000,0.03663526
222.00000000,2143.00000000,0.03649637
222.00000000,2144.00000000,0.03654386
222.00000000,2145.00000000,0.03668208
222.00000000,2146.00000000,0.03667748
222.00000000,2147.00000000,0.03669409
222.00000000,2148.00000000,0.03670687
222.00000000,2149.00000000,0.03679727
222.00000000,2150.00000000,0.03680569
222.00000000,2151.00000000,0.03689826
222.00000000,2152.00000000,0.03680536
222.00000000,2153.00000000,0.03669128
222.00000000,2154.00000000,0.03660082
222.00000000,2155.00000000,0.03666341
222.00000000,2156.00000000,0.03676534
222.00000000,2157.00000000,0.03684152
222.00000000,2158.00000000,0.03697334
222.00000000,2159.00000000,0.03708143
222.00000000,2160.00000000,0.03703326
222.00000000,2161.00000000,0.03711436
222.00000000,2162.00000000,0.03725962
222.00000000,2163.00000000,0.03732887
222.00000000,2164.00000000,0.03737087
222.00000000,2165.00000000,0.03745953
222.00000000,2166.00000000,0.03748819
222.00000000,2167.00000000,0.03728453
222.00000000,2168.00000000,0.03741111
222.00000000,2169.00000000,0.03762314
222.00000000,2170.00000000,0.03775360
222.00000000,2171.00000000,0.03774755
222.00000000,2172.00000000,0.03802936
222.00000000,2173.00000000,0.03823389
222.00000000,2174.00000000,0.03832020
222.00000000,2175.00000000,0.03842718
222.00000000,2176.00000000,0.03851315
222.00000000,2177.00000000,0.03877052
222.00000000,2178.00000000,0.03898292
222.00000000,2179.00000000,0.03915008
222.00000000,2180.00000000,0.03928391
222.00000000,2181.00000000,0.03949909
222.00000000,2182.00000000,0.03969752
222.00000000,2183.00000000,0.03978961
222.00000000,2184.00000000,0.03998215
222.00000000,2185.00000000,0.04022345
222.00000000,2186.00000000,0.04048035
222.00000000,2187.00000000,0.04071394
222.00000000,2188.00000000,0.04097532
222.00000000,2189.00000000,0.04117870
222.00000000,2190.00000000,0.04146333
222.00000000,2191.00000000,0.04178934
222.00000000,2192.00000000,0.04218926
222.00000000,2193.00000000,0.04245600
222.00000000,2194.00000000,0.04273936
222.00000000,2195.00000000,0.04310117
222.00000000,2196.00000000,0.04320980
222.00000000,2197.00000000,0.04327714
222.00000000,2198.00000000,0.04368100
222.00000000,2199.00000000,0.04394944
222.00000000,2200.00000000,0.04414054
222.00000000,2201.00000000,0.04456662
222.00000000,2202.00000000,0.04461240
222.00000000,2203.00000000,0.04453529
222.00000000,2204.00000000,0.04459900
222.00000000,2205.00000000,0.04469150
222.00000000,2206.00000000,0.04501058
222.00000000,2207.00000000,0.04530221
222.00000000,2208.00000000,0.04560978
222.00000000,2209.00000000,0.04589308
222.00000000,2210.00000000,0.04625660
222.00000000,2211.00000000,0.04652323
222.00000000,2212.00000000,0.04671081
222.00000000,2213.00000000,0.04694141
222.00000000,2214.00000000,0.04693271
222.00000000,2215.00000000,0.04706744
222.00000000,2216.00000000,0.04733383
222.00000000,2217.00000000,0.04761624
222.00000000,2218.00000000,0.04791007
222.00000000,2219.00000000,0.04817219
222.00000000,2220.00000000,0.04827245
222.00000000,2221.00000000,0.04838837
222.00000000,2222.00000000,0.04872359
222.00000000,2223.00000000,0.04905564
222.00000000,2224.00000000,0.04926346
222.00000000,2225.00000000,0.04980946
222.00000000,2226.00000000,0.05041718
222.00000000,2227.00000000,0.05092582
222.00000000,2228.00000000,0.05130867
222.00000000,2229.00000000,0.05169468
222.00000000,2230.00000000,0.05208395
222.00000000,2231.00000000,0.05247616
222.00000000,2232.00000000,0.05287132
222.00000000,2233.00000000,0.05335381
222.00000000,2234.00000000,0.05383973
222.00000000,2235.00000000,0.05432911
222.00000000,2236.00000000,0.05482193
222.00000000,2237.00000000,0.05531816
222.00000000,2238.00000000,0.05581783
222.00000000,2239.00000000,0.05632090
222.00000000,2240.00000000,0.05682734
222.00000000,2241.00000000,0.05733718
222.00000000,2242.00000000,0.05785038
222.00000000,2243.00000000,0.05832879
222.00000000,2244.00000000,0.05881039
222.00000000,2245.00000000,0.05929514
222.00000000,2246.00000000,0.05978313
222.00000000,2247.00000000,0.06027434
222.00000000,2248.00000000,0.06076876
222.00000000,2249.00000000,0.06126642
222.00000000,2250.00000000,0.06176691
222.00000000,2251.00000000,0.06226944
222.00000000,2252.00000000,0.06277334
222.00000000,2253.00000000,0.06335938
222.00000000,2254.00000000,0.06394649
222.00000000,2255.00000000,0.06453461
222.00000000,2256.00000000,0.06512362
222.00000000,2257.00000000,0.06571344
222.00000000,2258.00000000,0.06630406
222.00000000,2259.00000000,0.06689540
222.00000000,2260.00000000,0.06748750
222.00000000,2261.00000000,0.06808035
222.00000000,2262.00000000,0.06867395
222.00000000,2263.00000000,0.06932887
222.00000000,2264.00000000,0.06998488
222.00000000,2265.00000000,0.07064193
222.00000000,2266.00000000,0.07130005
222.00000000,2267.00000000,0.07195916
222.00000000,2268.00000000,0.07261920
222.00000000,2269.00000000,0.07328018
222.00000000,2270.00000000,0.07394199
222.00000000,2271.00000000,0.07460466
222.00000000,2272.00000000,0.07526810
222.00000000,2273.00000000,0.07592875
222.00000000,2274.00000000,0.07659012
222.00000000,2275.00000000,0.07725209
222.00000000,2276.00000000,0.07791458
222.00000000,2277.00000000,0.07857762
222.00000000,2278.00000000,0.07924111
222.00000000,2279.00000000,0.07990496
222.00000000,2280.00000000,0.08056917
222.00000000,2281.00000000,0.08123363
222.00000000,2282.00000000,0.08189821
222.00000000,2283.00000000,0.08242630
222.00000000,2284.00000000,0.08295391
222.00000000,2285.00000000,0.08348109
222.00000000,2286.00000000,0.08400780
222.00000000,2287.00000000,0.08453395
222.00000000,2288.00000000,0.08505961
222.00000000,2289.00000000,0.08558470
222.00000000,2290.00000000,0.08610914
222.00000000,2291.00000000,0.08663297
222.00000000,2292.00000000,0.08715610
222.00000000,2293.00000000,0.08755361
222.00000000,2294.00000000,0.08795000
222.00000000,2295.00000000,0.08834518
222.00000000,2296.00000000,0.08873923
222.00000000,2297.00000000,0.08913212
222.00000000,2298.00000000,0.08952378
222.00000000,2299.00000000,0.08991431
222.00000000,2300.00000000,0.09030364
222.00000000,2301.00000000,0.09069172
222.00000000,2302.00000000,0.09107862
222.00000000,2303.00000000,0.09139377
222.00000000,2304.00000000,0.09170741
222.00000000,2305.00000000,0.09201963
222.00000000,2306.00000000,0.09233034
222.00000000,2307.00000000,0.09263965
222.00000000,2308.00000000,0.09294751
222.00000000,2309.00000000,0.09325385
222.00000000,2310.00000000,0.09355881
222.00000000,2311.00000000,0.09386229
222.00000000,2312.00000000,0.09416425
222.00000000,2313.00000000,0.09439145
222.00000000,2314.00000000,0.09461699
222.00000000,2315.00000000,0.09484079
222.00000000,2316.00000000,0.09506303
222.00000000,2317.00000000,0.09528364
222.00000000,2318.00000000,0.09550255
222.00000000,2319.00000000,0.09571994
222.00000000,2320.00000000,0.09593565
222.00000000,2321.00000000,0.09614984
222.00000000,2322.00000000,0.09636241
222.00000000,2323.00000000,0.09651660
222.00000000,2324.00000000,0.09666914
222.00000000,2325.00000000,0.09681997
222.00000000,2326.00000000,0.09696904
222.00000000,2327.00000000,0.09711651
222.00000000,2328.00000000,0.09726232
222.00000000,2329.00000000,0.09740641
222.00000000,2330.00000000,0.09754893
222.00000000,2331.00000000,0.09768974
222.00000000,2332.00000000,0.09782901
222.00000000,2333.00000000,0.09796667
222.00000000,2334.00000000,0.09810266
222.00000000,2335.00000000,0.09823713
222.00000000,2336.00000000,0.09836999
222.00000000,2337.00000000,0.09850122
222.00000000,2338.00000000,0.09863095
222.00000000,2339.00000000,0.09875911
222.00000000,2340.00000000,0.09888563
222.00000000,2341.00000000,0.09901067
222.00000000,2342.00000000,0.09913416
222.00000000,2343.00000000,0.09925601
222.00000000,2344.00000000,0.09937641
222.00000000,2345.00000000,0.09949517
222.00000000,2346.00000000,0.09961246
222.00000000,2347.00000000,0.09972823
222.00000000,2348.00000000,0.09984237
222.00000000,2349.00000000,0.09995507
222.00000000,2350.00000000,0.10006625
222.00000000,2351.00000000,0.10017579
222.00000000,2352.00000000,0.10028390
222.00000000,2353.00000000,0.10039049
222.00000000,2354.00000000,0.10049544
222.00000000,2355.00000000,0.10059897
222.00000000,2356.00000000,0.10070087
222.00000000,2357.00000000,0.10080133
222.00000000,2358.00000000,0.10090027
222.00000000,2359.00000000,0.10099757
222.00000000,2360.00000000,0.10109343
222.00000000,2361.00000000,0.10118774
222.00000000,2362.00000000,0.10128043
222.00000000,2363.00000000,0.10137163
222.00000000,2364.00000000,0.10146127
222.00000000,2365.00000000,0.10154925
222.00000000,2366.00000000,0.10163574
222.00000000,2367.00000000,0.10172056
222.00000000,2368.00000000,0.10180386
222.00000000,2369.00000000,0.10188554
222.00000000,2370.00000000,0.10196550
222.00000000,2371.00000000,0.10204387
222.00000000,2372.00000000,0.10212049
222.00000000,2373.00000000,0.10180053
222.00000000,2374.00000000,0.10147845
222.00000000,2375.00000000,0.10115424
222.00000000,2376.00000000,0.10082785
222.00000000,2377.00000000,0.10049948
222.00000000,2378.00000000,0.10016909
222.00000000,2379.00000000,0.09983664
222.00000000,2380.00000000,0.09950233
222.00000000,2381.00000000,0.09916607
222.00000000,2382.00000000,0.09882801
222.00000000,2383.00000000,0.09848813
222.00000000,2384.00000000,0.09814640
222.00000000,2385.00000000,0.09780298
222.00000000,2386.00000000,0.09745785
222.00000000,2387.00000000,0.09711099
222.00000000,2388.00000000,0.09676253
222.00000000,2389.00000000,0.09641247
222.00000000,2390.00000000,0.09606077
222.00000000,2391.00000000,0.09570758
222.00000000,2392.00000000,0.09535281
222.00000000,2393.00000000,0.09499662
222.00000000,2394.00000000,0.09463898
222.00000000,2395.00000000,0.09427985
222.00000000,2396.00000000,0.09391939
222.00000000,2397.00000000,0.09355756
222.00000000,2398.00000000,0.09319434
222.00000000,2399.00000000,0.09282986
222.00000000,2400.00000000,0.09246412
222.00000000,2401.00000000,0.09209704
222.00000000,2402.00000000,0.09172880
222.00000000,2403.00000000,0.09135937
222.00000000,2404.00000000,0.09098870
222.00000000,2405.00000000,0.09061696
222.00000000,2406.00000000,0.09024401
222.00000000,2407.00000000,0.08987005
222.00000000,2408.00000000,0.08949500
222.00000000,2409.00000000,0.08911884
222.00000000,2410.00000000,0.08874172
222.00000000,2411.00000000,0.08836359
222.00000000,2412.00000000,0.08798442
222.00000000,2413.00000000,0.08760436
222.00000000,2414.00000000,0.08722334
222.00000000,2415.00000000,0.08684135
222.00000000,2416.00000000,0.08645854
222.00000000,2417.00000000,0.08607477
222.00000000,2418.00000000,0.08569021
222.00000000,2419.00000000,0.08530483
222.00000000,2420.00000000,0.08491856
222.00000000,2421.00000000,0.08453156
222.00000000,2422.00000000,0.08414378
222.00000000,2423.00000000,0.08375517
222.00000000,2424.00000000,0.08336590
222.00000000,2425.00000000,0.08297591
222.00000000,2426.00000000,0.08258514
222.00000000,2427.00000000,0.08219376
222.00000000,2428.00000000,0.08180172
222.00000000,2429.00000000,0.08140894
222.00000000,2430.00000000,0.08101562
222.00000000,2431.00000000,0.08062160
222.00000000,2432.00000000,0.08022705
222.00000000,2433.00000000,0.07983192
222.00000000,2434.00000000,0.07943616
222.00000000,2435.00000000,0.07903991
222.00000000,2436.00000000,0.07864314
222.00000000,2437.00000000,0.07824577
222.00000000,2438.00000000,0.07784797
222.00000000,2439.00000000,0.07744969
222.00000000,2440.00000000,0.07705086
222.00000000,2441.00000000,0.07665165
222.00000000,2442.00000000,0.07625193
222.00000000,2443.00000000,0.07585185
222.00000000,2444.00000000,0.07545136
222.00000000,2445.00000000,0.07505039
222.00000000,2446.00000000,0.07464913
222.00000000,2447.00000000,0.07424749
222.00000000,2448.00000000,0.07384541
222.00000000,2449.00000000,0.07344307
222.00000000,2450.00000000,0.07304041
222.00000000,2451.00000000,0.07263735
222.00000000,2452.00000000,0.07223407
222.00000000,2453.00000000,0.07183042
222.00000000,2454.00000000,0.07142658
222.00000000,2455.00000000,0.07102246
222.00000000,2456.00000000,0.07061803
222.00000000,2457.00000000,0.07021342
222.00000000,2458.00000000,0.06980860
222.00000000,2459.00000000,0.06940349
222.00000000,2460.00000000,0.06899826
222.00000000,2461.00000000,0.06859284
222.00000000,2462.00000000,0.06818717
222.00000000,2463.00000000,0.06778141
222.00000000,2464.00000000,0.06737552
222.00000000,2465.00000000,0.06696941
222.00000000,2466.00000000,0.06656326
222.00000000,2467.00000000,0.06615694
222.00000000,2468.00000000,0.06575059
222.00000000,2469.00000000,0.06534421
222.00000000,2470.00000000,0.06493773
222.00000000,2471.00000000,0.06461657
222.00000000,2472.00000000,0.06454634
222.00000000,2473.00000000,0.06454471
222.00000000,2474.00000000,0.06454326
222.00000000,2475.00000000,0.06454191
222.00000000,2476.00000000,0.06454060
222.00000000,2477.00000000,0.06453946
222.00000000,2478.00000000,0.06454909
222.00000000,2479.00000000,0.06455889
222.00000000,2480.00000000,0.06456880
222.00000000,2481.00000000,0.06457870
222.00000000,2482.00000000,0.06458878
222.00000000,2483.00000000,0.06457770
222.00000000,2484.00000000,0.06456661
222.00000000,2485.00000000,0.06455568
222.00000000,2486.00000000,0.06454482
222.00000000,2487.00000000,0.06453395
222.00000000,2488.00000000,0.06452323
222.00000000,2489.00000000,0.06451258
222.00000000,2490.00000000,0.06450191
222.00000000,2491.00000000,0.06449139
222.00000000,2492.00000000,0.06448084
222.00000000,2493.00000000,0.06447044
222.00000000,2494.00000000,0.06446009
222.00000000,2495.00000000,0.06444972
222.00000000,2496.00000000,0.06443950
222.00000000,2497.00000000,0.06442932
222.00000000,2498.00000000,0.06441820
222.00000000,2499.00000000,0.06440720
222.00000000,2500.00000000,0.06439626
223.00000000,1765.00000000,0.04075074
223.00000000,1766.00000000,0.04075053
223.00000000,1767.00000000,0.04075059
223.00000000,1768.00000000,0.04075084
223.00000000,1769.00000000,0.04075083
223.00000000,1770.00000000,0.04075109
223.00000000,1771.00000000,0.04075138
223.00000000,1772.00000000,0.04075178
223.00000000,1773.00000000,0.04075217
223.00000000,1774.00000000,0.04075275
223.00000000,1775.00000000,0.04075331
223.00000000,1776.00000000,0.04075402
223.00000000,1777.00000000,0.04075483
223.00000000,1778.00000000,0.04075569
223.00000000,1779.00000000,0.04075660
223.00000000,1780.00000000,0.04075766
223.00000000,1781.00000000,0.04075858
223.00000000,1782.00000000,0.04075964
223.00000000,1783.00000000,0.04076092
223.00000000,1784.00000000,0.04076214
223.00000000,1785.00000000,0.04076332
223.00000000,1786.00000000,0.04076479
223.00000000,1787.00000000,0.04076610
223.00000000,1788.00000000,0.04076760
223.00000000,1789.00000000,0.04076912
223.00000000,1790.00000000,0.04077062
223.00000000,1791.00000000,0.04077225
223.00000000,1792.00000000,0.04077387
223.00000000,1793.00000000,0.04077560
223.00000000,1794.00000000,0.04077733
223.00000000,1795.00000000,0.04077892
223.00000000,1796.00000000,0.04078080
223.00000000,1797.00000000,0.04078259
223.00000000,1798.00000000,0.04078442
223.00000000,1799.00000000,0.04078620
223.00000000,1800.00000000,0.04078804
223.00000000,1801.00000000,0.04079005
223.00000000,1802.00000000,0.04079192
223.00000000,1803.00000000,0.04079388
223.00000000,1804.00000000,0.04079579
223.00000000,1805.00000000,0.04079786
223.00000000,1806.00000000,0.04079983
223.00000000,1807.00000000,0.04080177
223.00000000,1808.00000000,0.04080384
223.00000000,1809.00000000,0.04080583
223.00000000,1810.00000000,0.04080797
223.00000000,1811.00000000,0.04081002
223.00000000,1812.00000000,0.04081203
223.00000000,1813.00000000,0.04081419
223.00000000,1814.00000000,0.04081621
223.00000000,1815.00000000,0.04081837
223.00000000,1816.00000000,0.04082050
223.00000000,1817.00000000,0.04082261
223.00000000,1818.00000000,0.04082470
223.00000000,1819.00000000,0.04082674
223.00000000,1820.00000000,0.04082885
223.00000000,1821.00000000,0.04083096
223.00000000,1822.00000000,0.04083308
223.00000000,1823.00000000,0.04083530
223.00000000,1824.00000000,0.04083739
223.00000000,1825.00000000,0.04083945
223.00000000,1826.00000000,0.04084156
223.00000000,1827.00000000,0.04084372
223.00000000,1828.00000000,0.04084576
223.00000000,1829.00000000,0.04084794
223.00000000,1830.00000000,0.04084995
223.00000000,1831.00000000,0.04085204
223.00000000,1832.00000000,0.04085416
223.00000000,1833.00000000,0.04085624
223.00000000,1834.00000000,0.04085825
223.00000000,1835.00000000,0.04086027
223.00000000,1836.00000000,0.04086230
223.00000000,1837.00000000,0.04086435
223.00000000,1838.00000000,0.04086636
223.00000000,1839.00000000,0.04086835
223.00000000,1840.00000000,0.04087031
223.00000000,1841.00000000,0.04087229
223.00000000,1842.00000000,0.04087422
223.00000000,1843.00000000,0.04087624
223.00000000,1844.00000000,0.04087802
223.00000000,1845.00000000,0.04087992
223.00000000,1846.00000000,0.04088183
223.00000000,1847.00000000,0.04088372
223.00000000,1848.00000000,0.04088553
223.00000000,1849.00000000,0.04088731
223.00000000,1850.00000000,0.04088916
223.00000000,1851.00000000,0.04089090
223.00000000,1852.00000000,0.04089264
223.00000000,1853.00000000,0.04089452
223.00000000,1854.00000000,0.04089655
223.00000000,1855.00000000,0.04089845
223.00000000,1856.00000000,0.04090036
223.00000000,1857.00000000,0.04090225
223.00000000,1858.00000000,0.04090397
223.00000000,1859.00000000,0.04090579
223.00000000,1860.00000000,0.04090757
223.00000000,1861.00000000,0.04090917
223.00000000,1862.00000000,0.04091079
223.00000000,1863.00000000,0.04091201
223.00000000,1864.00000000,0.04091287
223.00000000,1865.00000000,0.04091363
223.00000000,1866.00000000,0.04091421
223.00000000,1867.00000000,0.04091444
223.00000000,1868.00000000,0.04091463
223.00000000,1869.00000000,0.04091467
223.00000000,1870.00000000,0.04091456
223.00000000,1871.00000000,0.04091435
223.00000000,1872.00000000,0.04091428
223.00000000,1873.00000000,0.04091449
223.00000000,1874.00000000,0.04091506
223.00000000,1875.00000000,0.04091564
223.00000000,1876.00000000,0.04091644
223.00000000,1877.00000000,0.04091737
223.00000000,1878.00000000,0.04091847
223.00000000,1879.00000000,0.04091949
223.00000000,1880.00000000,0.04092061
223.00000000,1881.00000000,0.04092172
223.00000000,1882.00000000,0.04092281
223.00000000,1883.00000000,0.04092368
223.00000000,1884.00000000,0.04092436
223.00000000,1885.00000000,0.04092474
223.00000000,1886.00000000,0.04092515
223.00000000,1887.00000000,0.04092544
223.00000000,1888.00000000,0.04092560
223.00000000,1889.00000000,0.04092561
223.00000000,1890.00000000,0.04092546
223.00000000,1891.00000000,0.04092516
223.00000000,1892.00000000,0.04092463
223.00000000,1893.00000000,0.04092402
223.00000000,1894.00000000,0.04092334
223.00000000,1895.00000000,0.04092279
223.00000000,1896.00000000,0.04092221
223.00000000,1897.00000000,0.04092163
223.00000000,1898.00000000,0.04092095
223.00000000,1899.00000000,0.04092018
223.00000000,1900.00000000,0.04091917
223.00000000,1901.00000000,0.04091805
223.00000000,1902.00000000,0.04091704
223.00000000,1903.00000000,0.04091600
223.00000000,1904.00000000,0.04091500
223.00000000,1905.00000000,0.04091411
223.00000000,1906.00000000,0.04091339
223.00000000,1907.00000000,0.04091267
223.00000000,1908.00000000,0.04091191
223.00000000,1909.00000000,0.04091111
223.00000000,1910.00000000,0.04091035
223.00000000,1911.00000000,0.04090947
223.00000000,1912.00000000,0.04090822
223.00000000,1913.00000000,0.04090650
223.00000000,1914.00000000,0.04090425
223.00000000,1915.00000000,0.04090172
223.00000000,1916.00000000,0.04089914
223.00000000,1917.00000000,0.04089654
223.00000000,1918.00000000,0.04089384
223.00000000,1919.00000000,0.04089114
223.00000000,1920.00000000,0.04088869
223.00000000,1921.00000000,0.04088660
223.00000000,1922.00000000,0.04088496
223.00000000,1923.00000000,0.04088367
223.00000000,1924.00000000,0.04088250
223.00000000,1925.00000000,0.04088118
223.00000000,1926.00000000,0.04087977
223.00000000,1927.00000000,0.04087844
223.00000000,1928.00000000,0.04087703
223.00000000,1929.00000000,0.04087564
223.00000000,1930.00000000,0.04087434
223.00000000,1931.00000000,0.04087357
223.00000000,1932.00000000,0.04087339
223.00000000,1933.00000000,0.04087369
223.00000000,1934.00000000,0.04087421
223.00000000,1935.00000000,0.04087470
223.00000000,1936.00000000,0.04087491
223.00000000,1937.00000000,0.04087453
223.00000000,1938.00000000,0.04087348
223.00000000,1939.00000000,0.04087194
223.00000000,1940.00000000,0.04087003
223.00000000,1941.00000000,0.04086752
223.00000000,1942.00000000,0.04086444
223.00000000,1943.00000000,0.04086101
223.00000000,1944.00000000,0.04085726
223.00000000,1945.00000000,0.04085348
223.00000000,1946.00000000,0.04085016
223.00000000,1947.00000000,0.04084773
223.00000000,1948.00000000,0.04084570
223.00000000,1949.00000000,0.04084370
223.00000000,1950.00000000,0.04084161
223.00000000,1951.00000000,0.04083945
223.00000000,1952.00000000,0.04083762
223.00000000,1953.00000000,0.04083592
223.00000000,1954.00000000,0.04083417
223.00000000,1955.00000000,0.04083255
223.00000000,1956.00000000,0.04083095
223.00000000,1957.00000000,0.04082914
223.00000000,1958.00000000,0.04082710
223.00000000,1959.00000000,0.04082474
223.00000000,1960.00000000,0.04082131
223.00000000,1961.00000000,0.04081699
223.00000000,1962.00000000,0.04081217
223.00000000,1963.00000000,0.04080681
223.00000000,1964.00000000,0.04080088
223.00000000,1965.00000000,0.04079418
223.00000000,1966.00000000,0.04078673
223.00000000,1967.00000000,0.04077855
223.00000000,1968.00000000,0.04076952
223.00000000,1969.00000000,0.04075934
223.00000000,1970.00000000,0.04074782
223.00000000,1971.00000000,0.04073451
223.00000000,1972.00000000,0.04071895
223.00000000,1973.00000000,0.04070146
223.00000000,1974.00000000,0.04068239
223.00000000,1975.00000000,0.04066238
223.00000000,1976.00000000,0.04064207
223.00000000,1977.00000000,0.04062183
223.00000000,1978.00000000,0.04060146
223.00000000,1979.00000000,0.04058090
223.00000000,1980.00000000,0.04055996
223.00000000,1981.00000000,0.04053890
223.00000000,1982.00000000,0.04051890
223.00000000,1983.00000000,0.04050108
223.00000000,1984.00000000,0.04048546
223.00000000,1985.00000000,0.04047151
223.00000000,1986.00000000,0.04045850
223.00000000,1987.00000000,0.04044598
223.00000000,1988.00000000,0.04043355
223.00000000,1989.00000000,0.04042468
223.00000000,1990.00000000,0.04041178
223.00000000,1991.00000000,0.04039878
223.00000000,1992.00000000,0.04038603
223.00000000,1993.00000000,0.04037361
223.00000000,1994.00000000,0.04036299
223.00000000,1995.00000000,0.04035159
223.00000000,1996.00000000,0.04034029
223.00000000,1997.00000000,0.04032867
223.00000000,1998.00000000,0.04031673
223.00000000,1999.00000000,0.04030468
223.00000000,2000.00000000,0.04029266
223.00000000,2001.00000000,0.04028054
223.00000000,2002.00000000,0.04026815
223.00000000,2003.00000000,0.04025577
223.00000000,2004.00000000,0.04024402
223.00000000,2005.00000000,0.04022961
223.00000000,2006.00000000,0.04021311
223.00000000,2007.00000000,0.04019454
223.00000000,2008.00000000,0.04017405
223.00000000,2009.00000000,0.04015187
223.00000000,2010.00000000,0.04012823
223.00000000,2011.00000000,0.04010309
223.00000000,2012.00000000,0.04007661
223.00000000,2013.00000000,0.04004872
223.00000000,2014.00000000,0.04002065
223.00000000,2015.00000000,0.03998991
223.00000000,2016.00000000,0.03995777
223.00000000,2017.00000000,0.03992434
223.00000000,2018.00000000,0.03988962
223.00000000,2019.00000000,0.03985371
223.00000000,2020.00000000,0.03981792
223.00000000,2021.00000000,0.03977986
223.00000000,2022.00000000,0.03974080
223.00000000,2023.00000000,0.03970223
223.00000000,2024.00000000,0.03966171
223.00000000,2025.00000000,0.03962301
223.00000000,2026.00000000,0.03958013
223.00000000,2027.00000000,0.03953794
223.00000000,2028.00000000,0.03949536
223.00000000,2029.00000000,0.03945361
223.00000000,2030.00000000,0.03941020
223.00000000,2031.00000000,0.03936645
223.00000000,2032.00000000,0.03932225
223.00000000,2033.00000000,0.03927746
223.00000000,2034.00000000,0.03923326
223.00000000,2035.00000000,0.03918716
223.00000000,2036.00000000,0.03914029
223.00000000,2037.00000000,0.03909276
223.00000000,2038.00000000,0.03904571
223.00000000,2039.00000000,0.03899803
223.00000000,2040.00000000,0.03894970
223.00000000,2041.00000000,0.03889950
223.00000000,2042.00000000,0.03884862
223.00000000,2043.00000000,0.03879691
223.00000000,2044.00000000,0.03874432
223.00000000,2045.00000000,0.03869209
223.00000000,2046.00000000,0.03863896
223.00000000,2047.00000000,0.03858375
223.00000000,2048.00000000,0.03852895
223.00000000,2049.00000000,0.03847218
223.00000000,2050.00000000,0.03841581
223.00000000,2051.00000000,0.03835760
223.00000000,2052.00000000,0.03829867
223.00000000,2053.00000000,0.03824626
223.00000000,2054.00000000,0.03818501
223.00000000,2055.00000000,0.03812436
223.00000000,2056.00000000,0.03806443
223.00000000,2057.00000000,0.03800286
223.00000000,2058.00000000,0.03794199
223.00000000,2059.00000000,0.03788426
223.00000000,2060.00000000,0.03782147
223.00000000,2061.00000000,0.03775952
223.00000000,2062.00000000,0.03769757
223.00000000,2063.00000000,0.03763696
223.00000000,2064.00000000,0.03757565
223.00000000,2065.00000000,0.03751604
223.00000000,2066.00000000,0.03745582
223.00000000,2067.00000000,0.03739739
223.00000000,2068.00000000,0.03734187
223.00000000,2069.00000000,0.03728229
223.00000000,2070.00000000,0.03722676
223.00000000,2071.00000000,0.03716953
223.00000000,2072.00000000,0.03711535
223.00000000,2073.00000000,0.03706329
223.00000000,2074.00000000,0.03700773
223.00000000,2075.00000000,0.03695676
223.00000000,2076.00000000,0.03690576
223.00000000,2077.00000000,0.03686486
223.00000000,2078.00000000,0.03681593
223.00000000,2079.00000000,0.03677138
223.00000000,2080.00000000,0.03672321
223.00000000,2081.00000000,0.03667598
223.00000000,2082.00000000,0.03663422
223.00000000,2083.00000000,0.03659684
223.00000000,2084.00000000,0.03655602
223.00000000,2085.00000000,0.03651400
223.00000000,2086.00000000,0.03647857
223.00000000,2087.00000000,0.03644533
223.00000000,2088.00000000,0.03641194
223.00000000,2089.00000000,0.03637508
223.00000000,2090.00000000,0.03634498
223.00000000,2091.00000000,0.03631220
223.00000000,2092.00000000,0.03628270
223.00000000,2093.00000000,0.03625210
223.00000000,2094.00000000,0.03622709
223.00000000,2095.00000000,0.03621214
223.00000000,2096.00000000,0.03619162
223.00000000,2097.00000000,0.03614883
223.00000000,2098.00000000,0.03613359
223.00000000,2099.00000000,0.03610708
223.00000000,2100.00000000,0.03608150
223.00000000,2101.00000000,0.03605511
223.00000000,2102.00000000,0.03604344
223.00000000,2103.00000000,0.03604604
223.00000000,2104.00000000,0.03602876
223.00000000,2105.00000000,0.03601907
223.00000000,2106.00000000,0.03601369
223.00000000,2107.00000000,0.03599504
223.00000000,2108.00000000,0.03597627
223.00000000,2109.00000000,0.03596066
223.00000000,2110.00000000,0.03595695
223.00000000,2111.00000000,0.03597379
223.00000000,2112.00000000,0.03595654
223.00000000,2113.00000000,0.03597180
223.00000000,2114.00000000,0.03597371
223.00000000,2115.00000000,0.03596112
223.00000000,2116.00000000,0.03594276
223.00000000,2117.00000000,0.03594376
223.00000000,2118.00000000,0.03595641
223.00000000,2119.00000000,0.03595891
223.00000000,2120.00000000,0.03597090
223.00000000,2121.00000000,0.03598797
223.00000000,2122.00000000,0.03602423
223.00000000,2123.00000000,0.03604492
223.00000000,2124.00000000,0.03605650
223.00000000,2125.00000000,0.03606445
223.00000000,2126.00000000,0.03611323
223.00000000,2127.00000000,0.03611485
223.00000000,2128.00000000,0.03615182
223.00000000,2129.00000000,0.03619478
223.00000000,2130.00000000,0.03627396
223.00000000,2131.00000000,0.03623329
223.00000000,2132.00000000,0.03626780
223.00000000,2133.00000000,0.03630158
223.00000000,2134.00000000,0.03631733
223.00000000,2135.00000000,0.03636156
223.00000000,2136.00000000,0.03642882
223.00000000,2137.00000000,0.03632661
223.00000000,2138.00000000,0.03631240
223.00000000,2139.00000000,0.03637980
223.00000000,2140.00000000,0.03643789
223.00000000,2141.00000000,0.03641748
223.00000000,2142.00000000,0.03627762
223.00000000,2143.00000000,0.03641478
223.00000000,2144.00000000,0.03627705
223.00000000,2145.00000000,0.03632458
223.00000000,2146.00000000,0.03646228
223.00000000,2147.00000000,0.03645804
223.00000000,2148.00000000,0.03647486
223.00000000,2149.00000000,0.03648787
223.00000000,2150.00000000,0.03657804
223.00000000,2151.00000000,0.03658692
223.00000000,2152.00000000,0.03667998
223.00000000,2153.00000000,0.03658921
223.00000000,2154.00000000,0.03647762
223.00000000,2155.00000000,0.03638960
223.00000000,2156.00000000,0.03645378
223.00000000,2157.00000000,0.03655706
223.00000000,2158.00000000,0.03663472
223.00000000,2159.00000000,0.03676764
223.00000000,2160.00000000,0.03687693
223.00000000,2161.00000000,0.03683075
223.00000000,2162.00000000,0.03691308
223.00000000,2163.00000000,0.03705919
223.00000000,2164.00000000,0.03712964
223.00000000,2165.00000000,0.03717294
223.00000000,2166.00000000,0.03726261
223.00000000,2167.00000000,0.03729256
223.00000000,2168.00000000,0.03709134
223.00000000,2169.00000000,0.03721861
223.00000000,2170.00000000,0.03743087
223.00000000,2171.00000000,0.03756194
223.00000000,2172.00000000,0.03755717
223.00000000,2173.00000000,0.03783879
223.00000000,2174.00000000,0.03804348
223.00000000,2175.00000000,0.03813053
223.00000000,2176.00000000,0.03823813
223.00000000,2177.00000000,0.03832479
223.00000000,2178.00000000,0.03858199
223.00000000,2179.00000000,0.03879444
223.00000000,2180.00000000,0.03896185
223.00000000,2181.00000000,0.03909607
223.00000000,2182.00000000,0.03931125
223.00000000,2183.00000000,0.03950974
223.00000000,2184.00000000,0.03960238
223.00000000,2185.00000000,0.03979500
223.00000000,2186.00000000,0.04003613
223.00000000,2187.00000000,0.04029278
223.00000000,2188.00000000,0.04052622
223.00000000,2189.00000000,0.04078732
223.00000000,2190.00000000,0.04099070
223.00000000,2191.00000000,0.04127494
223.00000000,2192.00000000,0.04160037
223.00000000,2193.00000000,0.04199938
223.00000000,2194.00000000,0.04226580
223.00000000,2195.00000000,0.04254877
223.00000000,2196.00000000,0.04290986
223.00000000,2197.00000000,0.04301887
223.00000000,2198.00000000,0.04308678
223.00000000,2199.00000000,0.04348972
223.00000000,2200.00000000,0.04375784
223.00000000,2201.00000000,0.04394895
223.00000000,2202.00000000,0.04437403
223.00000000,2203.00000000,0.04442044
223.00000000,2204.00000000,0.04434449
223.00000000,2205.00000000,0.04440875
223.00000000,2206.00000000,0.04450167
223.00000000,2207.00000000,0.04482021
223.00000000,2208.00000000,0.04511141
223.00000000,2209.00000000,0.04541850
223.00000000,2210.00000000,0.04570142
223.00000000,2211.00000000,0.04606423
223.00000000,2212.00000000,0.04633055
223.00000000,2213.00000000,0.04651815
223.00000000,2214.00000000,0.04674860
223.00000000,2215.00000000,0.04674073
223.00000000,2216.00000000,0.04687570
223.00000000,2217.00000000,0.04714180
223.00000000,2218.00000000,0.04742385
223.00000000,2219.00000000,0.04771728
223.00000000,2220.00000000,0.04797914
223.00000000,2221.00000000,0.04807978
223.00000000,2222.00000000,0.04819603
223.00000000,2223.00000000,0.04853070
223.00000000,2224.00000000,0.04886222
223.00000000,2225.00000000,0.04907001
223.00000000,2226.00000000,0.04961466
223.00000000,2227.00000000,0.05022080
223.00000000,2228.00000000,0.05072826
223.00000000,2229.00000000,0.05111042
223.00000000,2230.00000000,0.05149575
223.00000000,2231.00000000,0.05188433
223.00000000,2232.00000000,0.05227584
223.00000000,2233.00000000,0.05267031
223.00000000,2234.00000000,0.05315179
223.00000000,2235.00000000,0.05363669
223.00000000,2236.00000000,0.05412505
223.00000000,2237.00000000,0.05461685
223.00000000,2238.00000000,0.05511206
223.00000000,2239.00000000,0.05561071
223.00000000,2240.00000000,0.05611276
223.00000000,2241.00000000,0.05661818
223.00000000,2242.00000000,0.05712700
223.00000000,2243.00000000,0.05763918
223.00000000,2244.00000000,0.05811670
223.00000000,2245.00000000,0.05859742
223.00000000,2246.00000000,0.05908129
223.00000000,2247.00000000,0.05956840
223.00000000,2248.00000000,0.06005873
223.00000000,2249.00000000,0.06055220
223.00000000,2250.00000000,0.06104852
223.00000000,2251.00000000,0.06154686
223.00000000,2252.00000000,0.06204650
223.00000000,2253.00000000,0.06254709
223.00000000,2254.00000000,0.06312932
223.00000000,2255.00000000,0.06371254
223.00000000,2256.00000000,0.06429673
223.00000000,2257.00000000,0.06488179
223.00000000,2258.00000000,0.06546763
223.00000000,2259.00000000,0.06605431
223.00000000,2260.00000000,0.06664172
223.00000000,2261.00000000,0.06722993
223.00000000,2262.00000000,0.06781897
223.00000000,2263.00000000,0.06840884
223.00000000,2264.00000000,0.06905984
223.00000000,2265.00000000,0.06971198
223.00000000,2266.00000000,0.07036517
223.00000000,2267.00000000,0.07101946
223.00000000,2268.00000000,0.07167477
223.00000000,2269.00000000,0.07233101
223.00000000,2270.00000000,0.07298823
223.00000000,2271.00000000,0.07364629
223.00000000,2272.00000000,0.07430524
223.00000000,2273.00000000,0.07496497
223.00000000,2274.00000000,0.07562195
223.00000000,2275.00000000,0.07627965
223.00000000,2276.00000000,0.07693798
223.00000000,2277.00000000,0.07759686
223.00000000,2278.00000000,0.07825630
223.00000000,2279.00000000,0.07891621
223.00000000,2280.00000000,0.07957649
223.00000000,2281.00000000,0.08023716
223.00000000,2282.00000000,0.08089809
223.00000000,2283.00000000,0.08155916
223.00000000,2284.00000000,0.08208431
223.00000000,2285.00000000,0.08260901
223.00000000,2286.00000000,0.08313330
223.00000000,2287.00000000,0.08365714
223.00000000,2288.00000000,0.08418044
223.00000000,2289.00000000,0.08470327
223.00000000,2290.00000000,0.08522554
223.00000000,2291.00000000,0.08574718
223.00000000,2292.00000000,0.08626824
223.00000000,2293.00000000,0.08678860
223.00000000,2294.00000000,0.08718390
223.00000000,2295.00000000,0.08757809
223.00000000,2296.00000000,0.08797109
223.00000000,2297.00000000,0.08836298
223.00000000,2298.00000000,0.08875373
223.00000000,2299.00000000,0.08914328
223.00000000,2300.00000000,0.08953169
223.00000000,2301.00000000,0.08991895
223.00000000,2302.00000000,0.09030495
223.00000000,2303.00000000,0.09068977
223.00000000,2304.00000000,0.09100318
223.00000000,2305.00000000,0.09131507
223.00000000,2306.00000000,0.09162558
223.00000000,2307.00000000,0.09193459
223.00000000,2308.00000000,0.09224220
223.00000000,2309.00000000,0.09254840
223.00000000,2310.00000000,0.09285310
223.00000000,2311.00000000,0.09315640
223.00000000,2312.00000000,0.09345828
223.00000000,2313.00000000,0.09375863
223.00000000,2314.00000000,0.09398454
223.00000000,2315.00000000,0.09420882
223.00000000,2316.00000000,0.09443139
223.00000000,2317.00000000,0.09465239
223.00000000,2318.00000000,0.09487178
223.00000000,2319.00000000,0.09508951
223.00000000,2320.00000000,0.09530571
223.00000000,2321.00000000,0.09552024
223.00000000,2322.00000000,0.09573327
223.00000000,2323.00000000,0.09594471
223.00000000,2324.00000000,0.09609801
223.00000000,2325.00000000,0.09624966
223.00000000,2326.00000000,0.09639964
223.00000000,2327.00000000,0.09654788
223.00000000,2328.00000000,0.09669452
223.00000000,2329.00000000,0.09683950
223.00000000,2330.00000000,0.09698278
223.00000000,2331.00000000,0.09712451
223.00000000,2332.00000000,0.09726455
223.00000000,2333.00000000,0.09740305
223.00000000,2334.00000000,0.09753995
223.00000000,2335.00000000,0.09767519
223.00000000,2336.00000000,0.09780890
223.00000000,2337.00000000,0.09794106
223.00000000,2338.00000000,0.09807157
223.00000000,2339.00000000,0.09820059
223.00000000,2340.00000000,0.09832806
223.00000000,2341.00000000,0.09845389
223.00000000,2342.00000000,0.09857826
223.00000000,2343.00000000,0.09870106
223.00000000,2344.00000000,0.09882226
223.00000000,2345.00000000,0.09894201
223.00000000,2346.00000000,0.09906013
223.00000000,2347.00000000,0.09917681
223.00000000,2348.00000000,0.09929197
223.00000000,2349.00000000,0.09940550
223.00000000,2350.00000000,0.09951760
223.00000000,2351.00000000,0.09962819
223.00000000,2352.00000000,0.09973715
223.00000000,2353.00000000,0.09984469
223.00000000,2354.00000000,0.09995072
223.00000000,2355.00000000,0.10005512
223.00000000,2356.00000000,0.10015811
223.00000000,2357.00000000,0.10025948
223.00000000,2358.00000000,0.10035942
223.00000000,2359.00000000,0.10045784
223.00000000,2360.00000000,0.10055463
223.00000000,2361.00000000,0.10064999
223.00000000,2362.00000000,0.10074381
223.00000000,2363.00000000,0.10083600
223.00000000,2364.00000000,0.10092672
223.00000000,2365.00000000,0.10101590
223.00000000,2366.00000000,0.10110343
223.00000000,2367.00000000,0.10118947
223.00000000,2368.00000000,0.10127384
223.00000000,2369.00000000,0.10135671
223.00000000,2370.00000000,0.10143796
223.00000000,2371.00000000,0.10151750
223.00000000,2372.00000000,0.10159544
223.00000000,2373.00000000,0.10167166
223.00000000,2374.00000000,0.10135305
223.00000000,2375.00000000,0.10103232
223.00000000,2376.00000000,0.10070947
223.00000000,2377.00000000,0.10038444
223.00000000,2378.00000000,0.10005746
223.00000000,2379.00000000,0.09972846
223.00000000,2380.00000000,0.09939741
223.00000000,2381.00000000,0.09906452
223.00000000,2382.00000000,0.09872968
223.00000000,2383.00000000,0.09839304
223.00000000,2384.00000000,0.09805460
223.00000000,2385.00000000,0.09771432
223.00000000,2386.00000000,0.09737235
223.00000000,2387.00000000,0.09702869
223.00000000,2388.00000000,0.09668329
223.00000000,2389.00000000,0.09633632
223.00000000,2390.00000000,0.09598774
223.00000000,2391.00000000,0.09563753
223.00000000,2392.00000000,0.09528584
223.00000000,2393.00000000,0.09493259
223.00000000,2394.00000000,0.09457791
223.00000000,2395.00000000,0.09422179
223.00000000,2396.00000000,0.09386420
223.00000000,2397.00000000,0.09350527
223.00000000,2398.00000000,0.09314500
223.00000000,2399.00000000,0.09278331
223.00000000,2400.00000000,0.09242041
223.00000000,2401.00000000,0.09205622
223.00000000,2402.00000000,0.09169072
223.00000000,2403.00000000,0.09132406
223.00000000,2404.00000000,0.09095622
223.00000000,2405.00000000,0.09058713
223.00000000,2406.00000000,0.09021698
223.00000000,2407.00000000,0.08984565
223.00000000,2408.00000000,0.08947328
223.00000000,2409.00000000,0.08909986
223.00000000,2410.00000000,0.08872531
223.00000000,2411.00000000,0.08834982
223.00000000,2412.00000000,0.08797331
223.00000000,2413.00000000,0.08759577
223.00000000,2414.00000000,0.08721735
223.00000000,2415.00000000,0.08683798
223.00000000,2416.00000000,0.08645763
223.00000000,2417.00000000,0.08607646
223.00000000,2418.00000000,0.08569435
223.00000000,2419.00000000,0.08531146
223.00000000,2420.00000000,0.08492773
223.00000000,2421.00000000,0.08454312
223.00000000,2422.00000000,0.08415780
223.00000000,2423.00000000,0.08377170
223.00000000,2424.00000000,0.08338477
223.00000000,2425.00000000,0.08299718
223.00000000,2426.00000000,0.08260886
223.00000000,2427.00000000,0.08221978
223.00000000,2428.00000000,0.08183009
223.00000000,2429.00000000,0.08143974
223.00000000,2430.00000000,0.08104866
223.00000000,2431.00000000,0.08065703
223.00000000,2432.00000000,0.08026471
223.00000000,2433.00000000,0.07987188
223.00000000,2434.00000000,0.07947846
223.00000000,2435.00000000,0.07908440
223.00000000,2436.00000000,0.07868987
223.00000000,2437.00000000,0.07829482
223.00000000,2438.00000000,0.07789918
223.00000000,2439.00000000,0.07750309
223.00000000,2440.00000000,0.07710654
223.00000000,2441.00000000,0.07670944
223.00000000,2442.00000000,0.07631196
223.00000000,2443.00000000,0.07591396
223.00000000,2444.00000000,0.07551561
223.00000000,2445.00000000,0.07511687
223.00000000,2446.00000000,0.07471764
223.00000000,2447.00000000,0.07431810
223.00000000,2448.00000000,0.07391820
223.00000000,2449.00000000,0.07351788
223.00000000,2450.00000000,0.07311728
223.00000000,2451.00000000,0.07271636
223.00000000,2452.00000000,0.07231506
223.00000000,2453.00000000,0.07191352
223.00000000,2454.00000000,0.07151163
223.00000000,2455.00000000,0.07110953
223.00000000,2456.00000000,0.07070717
223.00000000,2457.00000000,0.07030448
223.00000000,2458.00000000,0.06990164
223.00000000,2459.00000000,0.06949857
223.00000000,2460.00000000,0.06909522
223.00000000,2461.00000000,0.06869174
223.00000000,2462.00000000,0.06828809
223.00000000,2463.00000000,0.06788418
223.00000000,2464.00000000,0.06748019
223.00000000,2465.00000000,0.06707606
223.00000000,2466.00000000,0.06667171
223.00000000,2467.00000000,0.06626733
223.00000000,2468.00000000,0.06586277
223.00000000,2469.00000000,0.06545820
223.00000000,2470.00000000,0.06505359
223.00000000,2471.00000000,0.06464888
223.00000000,2472.00000000,0.06432911
223.00000000,2473.00000000,0.06425915
223.00000000,2474.00000000,0.06425749
223.00000000,2475.00000000,0.06425601
223.00000000,2476.00000000,0.06425463
223.00000000,2477.00000000,0.06425328
223.00000000,2478.00000000,0.06425211
223.00000000,2479.00000000,0.06426165
223.00000000,2480.00000000,0.06427138
223.00000000,2481.00000000,0.06428120
223.00000000,2482.00000000,0.06429103
223.00000000,2483.00000000,0.06430102
223.00000000,2484.00000000,0.06428995
223.00000000,2485.00000000,0.06427886
223.00000000,2486.00000000,0.06426794
223.00000000,2487.00000000,0.06425709
223.00000000,2488.00000000,0.06424623
223.00000000,2489.00000000,0.06423552
223.00000000,2490.00000000,0.06422489
223.00000000,2491.00000000,0.06421422
223.00000000,2492.00000000,0.06420370
223.00000000,2493.00000000,0.06419317
223.00000000,2494.00000000,0.06418277
223.00000000,2495.00000000,0.06417244
223.00000000,2496.00000000,0.06416207
223.00000000,2497.00000000,0.06415185
223.00000000,2498.00000000,0.06414168
223.00000000,2499.00000000,0.06413056
223.00000000,2500.00000000,0.06411957
224.00000000,1765.00000000,0.04051715
224.00000000,1766.00000000,0.04051737
224.00000000,1767.00000000,0.04051718
224.00000000,1768.00000000,0.04051729
224.00000000,1769.00000000,0.04051760
224.00000000,1770.00000000,0.04051766
224.00000000,1771.00000000,0.04051800
224.00000000,1772.00000000,0.04051836
224.00000000,1773.00000000,0.04051884
224.00000000,1774.00000000,0.04051931
224.00000000,1775.00000000,0.04051997
224.00000000,1776.00000000,0.04052060
224.00000000,1777.00000000,0.04052138
224.00000000,1778.00000000,0.04052227
224.00000000,1779.00000000,0.04052319
224.00000000,1780.00000000,0.04052417
224.00000000,1781.00000000,0.04052529
224.00000000,1782.00000000,0.04052626
224.00000000,1783.00000000,0.04052739
224.00000000,1784.00000000,0.04052871
224.00000000,1785.00000000,0.04052998
224.00000000,1786.00000000,0.04053121
224.00000000,1787.00000000,0.04053273
224.00000000,1788.00000000,0.04053408
224.00000000,1789.00000000,0.04053562
224.00000000,1790.00000000,0.04053717
224.00000000,1791.00000000,0.04053871
224.00000000,1792.00000000,0.04054037
224.00000000,1793.00000000,0.04054202
224.00000000,1794.00000000,0.04054378
224.00000000,1795.00000000,0.04054553
224.00000000,1796.00000000,0.04054714
224.00000000,1797.00000000,0.04054905
224.00000000,1798.00000000,0.04055085
224.00000000,1799.00000000,0.04055269
224.00000000,1800.00000000,0.04055449
224.00000000,1801.00000000,0.04055635
224.00000000,1802.00000000,0.04055835
224.00000000,1803.00000000,0.04056023
224.00000000,1804.00000000,0.04056220
224.00000000,1805.00000000,0.04056412
224.00000000,1806.00000000,0.04056620
224.00000000,1807.00000000,0.04056816
224.00000000,1808.00000000,0.04057012
224.00000000,1809.00000000,0.04057218
224.00000000,1810.00000000,0.04057417
224.00000000,1811.00000000,0.04057632
224.00000000,1812.00000000,0.04057837
224.00000000,1813.00000000,0.04058037
224.00000000,1814.00000000,0.04058253
224.00000000,1815.00000000,0.04058454
224.00000000,1816.00000000,0.04058670
224.00000000,1817.00000000,0.04058882
224.00000000,1818.00000000,0.04059091
224.00000000,1819.00000000,0.04059300
224.00000000,1820.00000000,0.04059503
224.00000000,1821.00000000,0.04059713
224.00000000,1822.00000000,0.04059923
224.00000000,1823.00000000,0.04060134
224.00000000,1824.00000000,0.04060354
224.00000000,1825.00000000,0.04060562
224.00000000,1826.00000000,0.04060767
224.00000000,1827.00000000,0.04060976
224.00000000,1828.00000000,0.04061191
224.00000000,1829.00000000,0.04061393
224.00000000,1830.00000000,0.04061608
224.00000000,1831.00000000,0.04061807
224.00000000,1832.00000000,0.04062014
224.00000000,1833.00000000,0.04062224
224.00000000,1834.00000000,0.04062429
224.00000000,1835.00000000,0.04062629
224.00000000,1836.00000000,0.04062828
224.00000000,1837.00000000,0.04063029
224.00000000,1838.00000000,0.04063231
224.00000000,1839.00000000,0.04063430
224.00000000,1840.00000000,0.04063626
224.00000000,1841.00000000,0.04063819
224.00000000,1842.00000000,0.04064016
224.00000000,1843.00000000,0.04064205
224.00000000,1844.00000000,0.04064405
224.00000000,1845.00000000,0.04064580
224.00000000,1846.00000000,0.04064768
224.00000000,1847.00000000,0.04064955
224.00000000,1848.00000000,0.04065141
224.00000000,1849.00000000,0.04065320
224.00000000,1850.00000000,0.04065494
224.00000000,1851.00000000,0.04065674
224.00000000,1852.00000000,0.04065844
224.00000000,1853.00000000,0.04066035
224.00000000,1854.00000000,0.04066229
224.00000000,1855.00000000,0.04066429
224.00000000,1856.00000000,0.04066611
224.00000000,1857.00000000,0.04066796
224.00000000,1858.00000000,0.04066978
224.00000000,1859.00000000,0.04067146
224.00000000,1860.00000000,0.04067324
224.00000000,1861.00000000,0.04067496
224.00000000,1862.00000000,0.04067645
224.00000000,1863.00000000,0.04067771
224.00000000,1864.00000000,0.04067863
224.00000000,1865.00000000,0.04067926
224.00000000,1866.00000000,0.04067982
224.00000000,1867.00000000,0.04068023
224.00000000,1868.00000000,0.04068031
224.00000000,1869.00000000,0.04068034
224.00000000,1870.00000000,0.04068024
224.00000000,1871.00000000,0.04068004
224.00000000,1872.00000000,0.04067990
224.00000000,1873.00000000,0.04068020
224.00000000,1874.00000000,0.04068068
224.00000000,1875.00000000,0.04068142
224.00000000,1876.00000000,0.04068214
224.00000000,1877.00000000,0.04068303
224.00000000,1878.00000000,0.04068404
224.00000000,1879.00000000,0.04068520
224.00000000,1880.00000000,0.04068625
224.00000000,1881.00000000,0.04068736
224.00000000,1882.00000000,0.04068846
224.00000000,1883.00000000,0.04068929
224.00000000,1884.00000000,0.04068994
224.00000000,1885.00000000,0.04069046
224.00000000,1886.00000000,0.04069073
224.00000000,1887.00000000,0.04069106
224.00000000,1888.00000000,0.04069123
224.00000000,1889.00000000,0.04069123
224.00000000,1890.00000000,0.04069107
224.00000000,1891.00000000,0.04069074
224.00000000,1892.00000000,0.04069026
224.00000000,1893.00000000,0.04068965
224.00000000,1894.00000000,0.04068903
224.00000000,1895.00000000,0.04068840
224.00000000,1896.00000000,0.04068786
224.00000000,1897.00000000,0.04068724
224.00000000,1898.00000000,0.04068660
224.00000000,1899.00000000,0.04068581
224.00000000,1900.00000000,0.04068487
224.00000000,1901.00000000,0.04068372
224.00000000,1902.00000000,0.04068266
224.00000000,1903.00000000,0.04068168
224.00000000,1904.00000000,0.04068071
224.00000000,1905.00000000,0.04067981
224.00000000,1906.00000000,0.04067903
224.00000000,1907.00000000,0.04067838
224.00000000,1908.00000000,0.04067761
224.00000000,1909.00000000,0.04067681
224.00000000,1910.00000000,0.04067602
224.00000000,1911.00000000,0.04067518
224.00000000,1912.00000000,0.04067395
224.00000000,1913.00000000,0.04067221
224.00000000,1914.00000000,0.04066999
224.00000000,1915.00000000,0.04066748
224.00000000,1916.00000000,0.04066492
224.00000000,1917.00000000,0.04066231
224.00000000,1918.00000000,0.04065963
224.00000000,1919.00000000,0.04065694
224.00000000,1920.00000000,0.04065452
224.00000000,1921.00000000,0.04065243
224.00000000,1922.00000000,0.04065082
224.00000000,1923.00000000,0.04064954
224.00000000,1924.00000000,0.04064830
224.00000000,1925.00000000,0.04064705
224.00000000,1926.00000000,0.04064567
224.00000000,1927.00000000,0.04064425
224.00000000,1928.00000000,0.04064297
224.00000000,1929.00000000,0.04064151
224.00000000,1930.00000000,0.04064021
224.00000000,1931.00000000,0.04063946
224.00000000,1932.00000000,0.04063937
224.00000000,1933.00000000,0.04063954
224.00000000,1934.00000000,0.04064011
224.00000000,1935.00000000,0.04064058
224.00000000,1936.00000000,0.04064076
224.00000000,1937.00000000,0.04064045
224.00000000,1938.00000000,0.04063938
224.00000000,1939.00000000,0.04063784
224.00000000,1940.00000000,0.04063592
224.00000000,1941.00000000,0.04063347
224.00000000,1942.00000000,0.04063038
224.00000000,1943.00000000,0.04062694
224.00000000,1944.00000000,0.04062323
224.00000000,1945.00000000,0.04061945
224.00000000,1946.00000000,0.04061618
224.00000000,1947.00000000,0.04061374
224.00000000,1948.00000000,0.04061173
224.00000000,1949.00000000,0.04060972
224.00000000,1950.00000000,0.04060766
224.00000000,1951.00000000,0.04060548
224.00000000,1952.00000000,0.04060369
224.00000000,1953.00000000,0.04060196
224.00000000,1954.00000000,0.04060024
224.00000000,1955.00000000,0.04059862
224.00000000,1956.00000000,0.04059701
224.00000000,1957.00000000,0.04059523
224.00000000,1958.00000000,0.04059317
224.00000000,1959.00000000,0.04059080
224.00000000,1960.00000000,0.04058744
224.00000000,1961.00000000,0.04058308
224.00000000,1962.00000000,0.04057828
224.00000000,1963.00000000,0.04057298
224.00000000,1964.00000000,0.04056704
224.00000000,1965.00000000,0.04056040
224.00000000,1966.00000000,0.04055295
224.00000000,1967.00000000,0.04054482
224.00000000,1968.00000000,0.04053584
224.00000000,1969.00000000,0.04052568
224.00000000,1970.00000000,0.04051422
224.00000000,1971.00000000,0.04050096
224.00000000,1972.00000000,0.04048549
224.00000000,1973.00000000,0.04046808
224.00000000,1974.00000000,0.04044910
224.00000000,1975.00000000,0.04042916
224.00000000,1976.00000000,0.04040897
224.00000000,1977.00000000,0.04038881
224.00000000,1978.00000000,0.04036854
224.00000000,1979.00000000,0.04034807
224.00000000,1980.00000000,0.04032722
224.00000000,1981.00000000,0.04030625
224.00000000,1982.00000000,0.04028632
224.00000000,1983.00000000,0.04026857
224.00000000,1984.00000000,0.04025299
224.00000000,1985.00000000,0.04023907
224.00000000,1986.00000000,0.04022610
224.00000000,1987.00000000,0.04021358
224.00000000,1988.00000000,0.04020116
224.00000000,1989.00000000,0.04018859
224.00000000,1990.00000000,0.04017943
224.00000000,1991.00000000,0.04016643
224.00000000,1992.00000000,0.04015370
224.00000000,1993.00000000,0.04014127
224.00000000,1994.00000000,0.04012944
224.00000000,1995.00000000,0.04011927
224.00000000,1996.00000000,0.04010797
224.00000000,1997.00000000,0.04009641
224.00000000,1998.00000000,0.04008442
224.00000000,1999.00000000,0.04007242
224.00000000,2000.00000000,0.04006046
224.00000000,2001.00000000,0.04004832
224.00000000,2002.00000000,0.04003595
224.00000000,2003.00000000,0.04002360
224.00000000,2004.00000000,0.04001063
224.00000000,2005.00000000,0.03999749
224.00000000,2006.00000000,0.03998104
224.00000000,2007.00000000,0.03996251
224.00000000,2008.00000000,0.03994214
224.00000000,2009.00000000,0.03992005
224.00000000,2010.00000000,0.03989643
224.00000000,2011.00000000,0.03987148
224.00000000,2012.00000000,0.03984509
224.00000000,2013.00000000,0.03981732
224.00000000,2014.00000000,0.03978813
224.00000000,2015.00000000,0.03975876
224.00000000,2016.00000000,0.03972680
224.00000000,2017.00000000,0.03969349
224.00000000,2018.00000000,0.03965897
224.00000000,2019.00000000,0.03962322
224.00000000,2020.00000000,0.03958636
224.00000000,2021.00000000,0.03954970
224.00000000,2022.00000000,0.03951090
224.00000000,2023.00000000,0.03947123
224.00000000,2024.00000000,0.03943215
224.00000000,2025.00000000,0.03939123
224.00000000,2026.00000000,0.03935219
224.00000000,2027.00000000,0.03930905
224.00000000,2028.00000000,0.03926663
224.00000000,2029.00000000,0.03922386
224.00000000,2030.00000000,0.03918194
224.00000000,2031.00000000,0.03913837
224.00000000,2032.00000000,0.03909441
224.00000000,2033.00000000,0.03904988
224.00000000,2034.00000000,0.03900466
224.00000000,2035.00000000,0.03895998
224.00000000,2036.00000000,0.03891341
224.00000000,2037.00000000,0.03886608
224.00000000,2038.00000000,0.03881811
224.00000000,2039.00000000,0.03877064
224.00000000,2040.00000000,0.03872257
224.00000000,2041.00000000,0.03867384
224.00000000,2042.00000000,0.03862320
224.00000000,2043.00000000,0.03857178
224.00000000,2044.00000000,0.03851949
224.00000000,2045.00000000,0.03846630
224.00000000,2046.00000000,0.03841347
224.00000000,2047.00000000,0.03835976
224.00000000,2048.00000000,0.03830402
224.00000000,2049.00000000,0.03824872
224.00000000,2050.00000000,0.03819151
224.00000000,2051.00000000,0.03813474
224.00000000,2052.00000000,0.03807617
224.00000000,2053.00000000,0.03801695
224.00000000,2054.00000000,0.03796422
224.00000000,2055.00000000,0.03790276
224.00000000,2056.00000000,0.03784193
224.00000000,2057.00000000,0.03778186
224.00000000,2058.00000000,0.03772018
224.00000000,2059.00000000,0.03765922
224.00000000,2060.00000000,0.03760140
224.00000000,2061.00000000,0.03753865
224.00000000,2062.00000000,0.03747697
224.00000000,2063.00000000,0.03741558
224.00000000,2064.00000000,0.03735570
224.00000000,2065.00000000,0.03729524
224.00000000,2066.00000000,0.03723651
224.00000000,2067.00000000,0.03717720
224.00000000,2068.00000000,0.03711966
224.00000000,2069.00000000,0.03706499
224.00000000,2070.00000000,0.03700628
224.00000000,2071.00000000,0.03695163
224.00000000,2072.00000000,0.03689546
224.00000000,2073.00000000,0.03684250
224.00000000,2074.00000000,0.03679176
224.00000000,2075.00000000,0.03673758
224.00000000,2076.00000000,0.03668796
224.00000000,2077.00000000,0.03663829
224.00000000,2078.00000000,0.03659862
224.00000000,2079.00000000,0.03655091
224.00000000,2080.00000000,0.03650752
224.00000000,2081.00000000,0.03646050
224.00000000,2082.00000000,0.03641449
224.00000000,2083.00000000,0.03637399
224.00000000,2084.00000000,0.03633784
224.00000000,2085.00000000,0.03629828
224.00000000,2086.00000000,0.03625748
224.00000000,2087.00000000,0.03622321
224.00000000,2088.00000000,0.03619104
224.00000000,2089.00000000,0.03615871
224.00000000,2090.00000000,0.03612287
224.00000000,2091.00000000,0.03609374
224.00000000,2092.00000000,0.03606202
224.00000000,2093.00000000,0.03603364
224.00000000,2094.00000000,0.03600420
224.00000000,2095.00000000,0.03598030
224.00000000,2096.00000000,0.03596638
224.00000000,2097.00000000,0.03594690
224.00000000,2098.00000000,0.03590525
224.00000000,2099.00000000,0.03589094
224.00000000,2100.00000000,0.03586539
224.00000000,2101.00000000,0.03584075
224.00000000,2102.00000000,0.03581538
224.00000000,2103.00000000,0.03580472
224.00000000,2104.00000000,0.03580825
224.00000000,2105.00000000,0.03579203
224.00000000,2106.00000000,0.03578332
224.00000000,2107.00000000,0.03577889
224.00000000,2108.00000000,0.03576123
224.00000000,2109.00000000,0.03574340
224.00000000,2110.00000000,0.03572869
224.00000000,2111.00000000,0.03572576
224.00000000,2112.00000000,0.03574323
224.00000000,2113.00000000,0.03572679
224.00000000,2114.00000000,0.03574262
224.00000000,2115.00000000,0.03574515
224.00000000,2116.00000000,0.03573326
224.00000000,2117.00000000,0.03571561
224.00000000,2118.00000000,0.03571717
224.00000000,2119.00000000,0.03573029
224.00000000,2120.00000000,0.03573331
224.00000000,2121.00000000,0.03574572
224.00000000,2122.00000000,0.03576318
224.00000000,2123.00000000,0.03579970
224.00000000,2124.00000000,0.03582072
224.00000000,2125.00000000,0.03583268
224.00000000,2126.00000000,0.03584102
224.00000000,2127.00000000,0.03588994
224.00000000,2128.00000000,0.03589197
224.00000000,2129.00000000,0.03592914
224.00000000,2130.00000000,0.03597224
224.00000000,2131.00000000,0.03605135
224.00000000,2132.00000000,0.03601132
224.00000000,2133.00000000,0.03604601
224.00000000,2134.00000000,0.03607997
224.00000000,2135.00000000,0.03609599
224.00000000,2136.00000000,0.03614031
224.00000000,2137.00000000,0.03620753
224.00000000,2138.00000000,0.03610630
224.00000000,2139.00000000,0.03609253
224.00000000,2140.00000000,0.03615985
224.00000000,2141.00000000,0.03621794
224.00000000,2142.00000000,0.03619799
224.00000000,2143.00000000,0.03605929
224.00000000,2144.00000000,0.03619595
224.00000000,2145.00000000,0.03605937
224.00000000,2146.00000000,0.03610693
224.00000000,2147.00000000,0.03624412
224.00000000,2148.00000000,0.03624022
224.00000000,2149.00000000,0.03625724
224.00000000,2150.00000000,0.03627048
224.00000000,2151.00000000,0.03636062
224.00000000,2152.00000000,0.03637049
224.00000000,2153.00000000,0.03646458
224.00000000,2154.00000000,0.03637616
224.00000000,2155.00000000,0.03626714
224.00000000,2156.00000000,0.03618156
224.00000000,2157.00000000,0.03624729
224.00000000,2158.00000000,0.03635186
224.00000000,2159.00000000,0.03643089
224.00000000,2160.00000000,0.03656486
224.00000000,2161.00000000,0.03667527
224.00000000,2162.00000000,0.03663101
224.00000000,2163.00000000,0.03671451
224.00000000,2164.00000000,0.03686140
224.00000000,2165.00000000,0.03693300
224.00000000,2166.00000000,0.03697753
224.00000000,2167.00000000,0.03706816
224.00000000,2168.00000000,0.03709934
224.00000000,2169.00000000,0.03690050
224.00000000,2170.00000000,0.03702841
224.00000000,2171.00000000,0.03724086
224.00000000,2172.00000000,0.03737251
224.00000000,2173.00000000,0.03736896
224.00000000,2174.00000000,0.03765035
224.00000000,2175.00000000,0.03785519
224.00000000,2176.00000000,0.03794294
224.00000000,2177.00000000,0.03805112
224.00000000,2178.00000000,0.03813844
224.00000000,2179.00000000,0.03839546
224.00000000,2180.00000000,0.03860793
224.00000000,2181.00000000,0.03877555
224.00000000,2182.00000000,0.03891015
224.00000000,2183.00000000,0.03912530
224.00000000,2184.00000000,0.03932383
224.00000000,2185.00000000,0.03941701
224.00000000,2186.00000000,0.03960967
224.00000000,2187.00000000,0.03985062
224.00000000,2188.00000000,0.04010701
224.00000000,2189.00000000,0.04034029
224.00000000,2190.00000000,0.04060111
224.00000000,2191.00000000,0.04080445
224.00000000,2192.00000000,0.04108829
224.00000000,2193.00000000,0.04141314
224.00000000,2194.00000000,0.04181123
224.00000000,2195.00000000,0.04207733
224.00000000,2196.00000000,0.04235991
224.00000000,2197.00000000,0.04272026
224.00000000,2198.00000000,0.04282965
224.00000000,2199.00000000,0.04289810
224.00000000,2200.00000000,0.04330013
224.00000000,2201.00000000,0.04356791
224.00000000,2202.00000000,0.04375903
224.00000000,2203.00000000,0.04418310
224.00000000,2204.00000000,0.04423015
224.00000000,2205.00000000,0.04415533
224.00000000,2206.00000000,0.04422013
224.00000000,2207.00000000,0.04431346
224.00000000,2208.00000000,0.04463145
224.00000000,2209.00000000,0.04492223
224.00000000,2210.00000000,0.04522882
224.00000000,2211.00000000,0.04551136
224.00000000,2212.00000000,0.04587345
224.00000000,2213.00000000,0.04613947
224.00000000,2214.00000000,0.04632709
224.00000000,2215.00000000,0.04655739
224.00000000,2216.00000000,0.04655034
224.00000000,2217.00000000,0.04668554
224.00000000,2218.00000000,0.04695134
224.00000000,2219.00000000,0.04723303
224.00000000,2220.00000000,0.04752607
224.00000000,2221.00000000,0.04778766
224.00000000,2222.00000000,0.04788868
224.00000000,2223.00000000,0.04800524
224.00000000,2224.00000000,0.04833936
224.00000000,2225.00000000,0.04867035
224.00000000,2226.00000000,0.04887811
224.00000000,2227.00000000,0.04942141
224.00000000,2228.00000000,0.05002598
224.00000000,2229.00000000,0.05053226
224.00000000,2230.00000000,0.05091375
224.00000000,2231.00000000,0.05129840
224.00000000,2232.00000000,0.05168629
224.00000000,2233.00000000,0.05207711
224.00000000,2234.00000000,0.05247089
224.00000000,2235.00000000,0.05295135
224.00000000,2236.00000000,0.05343524
224.00000000,2237.00000000,0.05392259
224.00000000,2238.00000000,0.05441338
224.00000000,2239.00000000,0.05490757
224.00000000,2240.00000000,0.05540520
224.00000000,2241.00000000,0.05590624
224.00000000,2242.00000000,0.05641064
224.00000000,2243.00000000,0.05691845
224.00000000,2244.00000000,0.05742961
224.00000000,2245.00000000,0.05790626
224.00000000,2246.00000000,0.05838610
224.00000000,2247.00000000,0.05886910
224.00000000,2248.00000000,0.05935534
224.00000000,2249.00000000,0.05984472
224.00000000,2250.00000000,0.06033685
224.00000000,2251.00000000,0.06083104
224.00000000,2252.00000000,0.06132653
224.00000000,2253.00000000,0.06182289
224.00000000,2254.00000000,0.06232000
224.00000000,2255.00000000,0.06289838
224.00000000,2256.00000000,0.06347770
224.00000000,2257.00000000,0.06405798
224.00000000,2258.00000000,0.06463912
224.00000000,2259.00000000,0.06522105
224.00000000,2260.00000000,0.06580383
224.00000000,2261.00000000,0.06638739
224.00000000,2262.00000000,0.06697184
224.00000000,2263.00000000,0.06755718
224.00000000,2264.00000000,0.06814341
224.00000000,2265.00000000,0.06879056
224.00000000,2266.00000000,0.06943888
224.00000000,2267.00000000,0.07008828
224.00000000,2268.00000000,0.07073880
224.00000000,2269.00000000,0.07139036
224.00000000,2270.00000000,0.07204287
224.00000000,2271.00000000,0.07269637
224.00000000,2272.00000000,0.07335074
224.00000000,2273.00000000,0.07400601
224.00000000,2274.00000000,0.07466208
224.00000000,2275.00000000,0.07531544
224.00000000,2276.00000000,0.07596953
224.00000000,2277.00000000,0.07662427
224.00000000,2278.00000000,0.07727957
224.00000000,2279.00000000,0.07793547
224.00000000,2280.00000000,0.07859184
224.00000000,2281.00000000,0.07924860
224.00000000,2282.00000000,0.07990576
224.00000000,2283.00000000,0.08056320
224.00000000,2284.00000000,0.08122080
224.00000000,2285.00000000,0.08174307
224.00000000,2286.00000000,0.08226489
224.00000000,2287.00000000,0.08278634
224.00000000,2288.00000000,0.08330733
224.00000000,2289.00000000,0.08382782
224.00000000,2290.00000000,0.08434784
224.00000000,2291.00000000,0.08486734
224.00000000,2292.00000000,0.08538621
224.00000000,2293.00000000,0.08590452
224.00000000,2294.00000000,0.08642215
224.00000000,2295.00000000,0.08681526
224.00000000,2296.00000000,0.08720730
224.00000000,2297.00000000,0.08759814
224.00000000,2298.00000000,0.08798791
224.00000000,2299.00000000,0.08837653
224.00000000,2300.00000000,0.08876398
224.00000000,2301.00000000,0.08915033
224.00000000,2302.00000000,0.08953550
224.00000000,2303.00000000,0.08991945
224.00000000,2304.00000000,0.09030222
224.00000000,2305.00000000,0.09061389
224.00000000,2306.00000000,0.09092408
224.00000000,2307.00000000,0.09123288
224.00000000,2308.00000000,0.09154021
224.00000000,2309.00000000,0.09184617
224.00000000,2310.00000000,0.09215070
224.00000000,2311.00000000,0.09245377
224.00000000,2312.00000000,0.09275547
224.00000000,2313.00000000,0.09305573
224.00000000,2314.00000000,0.09335449
224.00000000,2315.00000000,0.09357916
224.00000000,2316.00000000,0.09380218
224.00000000,2317.00000000,0.09402352
224.00000000,2318.00000000,0.09424332
224.00000000,2319.00000000,0.09446152
224.00000000,2320.00000000,0.09467804
224.00000000,2321.00000000,0.09489307
224.00000000,2322.00000000,0.09510646
224.00000000,2323.00000000,0.09531834
224.00000000,2324.00000000,0.09552864
224.00000000,2325.00000000,0.09568107
224.00000000,2326.00000000,0.09583187
224.00000000,2327.00000000,0.09598101
224.00000000,2328.00000000,0.09612841
224.00000000,2329.00000000,0.09627422
224.00000000,2330.00000000,0.09641840
224.00000000,2331.00000000,0.09656088
224.00000000,2332.00000000,0.09670183
224.00000000,2333.00000000,0.09684109
224.00000000,2334.00000000,0.09697881
224.00000000,2335.00000000,0.09711496
224.00000000,2336.00000000,0.09724946
224.00000000,2337.00000000,0.09738246
224.00000000,2338.00000000,0.09751390
224.00000000,2339.00000000,0.09764370
224.00000000,2340.00000000,0.09777201
224.00000000,2341.00000000,0.09789879
224.00000000,2342.00000000,0.09802394
224.00000000,2343.00000000,0.09814764
224.00000000,2344.00000000,0.09826981
224.00000000,2345.00000000,0.09839035
224.00000000,2346.00000000,0.09850946
224.00000000,2347.00000000,0.09862696
224.00000000,2348.00000000,0.09874302
224.00000000,2349.00000000,0.09885756
224.00000000,2350.00000000,0.09897049
224.00000000,2351.00000000,0.09908200
224.00000000,2352.00000000,0.09919200
224.00000000,2353.00000000,0.09930039
224.00000000,2354.00000000,0.09940737
224.00000000,2355.00000000,0.09951285
224.00000000,2356.00000000,0.09961670
224.00000000,2357.00000000,0.09971916
224.00000000,2358.00000000,0.09981999
224.00000000,2359.00000000,0.09991941
224.00000000,2360.00000000,0.10001732
224.00000000,2361.00000000,0.10011361
224.00000000,2362.00000000,0.10020847
224.00000000,2363.00000000,0.10030181
224.00000000,2364.00000000,0.10039351
224.00000000,2365.00000000,0.10048376
224.00000000,2366.00000000,0.10057247
224.00000000,2367.00000000,0.10065953
224.00000000,2368.00000000,0.10074512
224.00000000,2369.00000000,0.10082907
224.00000000,2370.00000000,0.10091150
224.00000000,2371.00000000,0.10099233
224.00000000,2372.00000000,0.10107145
224.00000000,2373.00000000,0.10114899
224.00000000,2374.00000000,0.10122480
224.00000000,2375.00000000,0.10090752
224.00000000,2376.00000000,0.10058814
224.00000000,2377.00000000,0.10026665
224.00000000,2378.00000000,0.09994298
224.00000000,2379.00000000,0.09961737
224.00000000,2380.00000000,0.09928977
224.00000000,2381.00000000,0.09896011
224.00000000,2382.00000000,0.09862862
224.00000000,2383.00000000,0.09829519
224.00000000,2384.00000000,0.09795998
224.00000000,2385.00000000,0.09762297
224.00000000,2386.00000000,0.09728413
224.00000000,2387.00000000,0.09694362
224.00000000,2388.00000000,0.09660141
224.00000000,2389.00000000,0.09625747
224.00000000,2390.00000000,0.09591197
224.00000000,2391.00000000,0.09556488
224.00000000,2392.00000000,0.09521616
224.00000000,2393.00000000,0.09486597
224.00000000,2394.00000000,0.09451421
224.00000000,2395.00000000,0.09416105
224.00000000,2396.00000000,0.09380645
224.00000000,2397.00000000,0.09345037
224.00000000,2398.00000000,0.09309298
224.00000000,2399.00000000,0.09273425
224.00000000,2400.00000000,0.09237410
224.00000000,2401.00000000,0.09201275
224.00000000,2402.00000000,0.09165012
224.00000000,2403.00000000,0.09128618
224.00000000,2404.00000000,0.09092109
224.00000000,2405.00000000,0.09055484
224.00000000,2406.00000000,0.09018733
224.00000000,2407.00000000,0.08981878
224.00000000,2408.00000000,0.08944904
224.00000000,2409.00000000,0.08907828
224.00000000,2410.00000000,0.08870646
224.00000000,2411.00000000,0.08833353
224.00000000,2412.00000000,0.08795964
224.00000000,2413.00000000,0.08758477
224.00000000,2414.00000000,0.08720885
224.00000000,2415.00000000,0.08683205
224.00000000,2416.00000000,0.08645432
224.00000000,2417.00000000,0.08607561
224.00000000,2418.00000000,0.08569608
224.00000000,2419.00000000,0.08531562
224.00000000,2420.00000000,0.08493438
224.00000000,2421.00000000,0.08455231
224.00000000,2422.00000000,0.08416936
224.00000000,2423.00000000,0.08378568
224.00000000,2424.00000000,0.08340125
224.00000000,2425.00000000,0.08301599
224.00000000,2426.00000000,0.08263007
224.00000000,2427.00000000,0.08224345
224.00000000,2428.00000000,0.08185604
224.00000000,2429.00000000,0.08146804
224.00000000,2430.00000000,0.08107936
224.00000000,2431.00000000,0.08068998
224.00000000,2432.00000000,0.08030003
224.00000000,2433.00000000,0.07990942
224.00000000,2434.00000000,0.07951828
224.00000000,2435.00000000,0.07912655
224.00000000,2436.00000000,0.07873421
224.00000000,2437.00000000,0.07834139
224.00000000,2438.00000000,0.07794805
224.00000000,2439.00000000,0.07755410
224.00000000,2440.00000000,0.07715974
224.00000000,2441.00000000,0.07676491
224.00000000,2442.00000000,0.07636952
224.00000000,2443.00000000,0.07597376
224.00000000,2444.00000000,0.07557749
224.00000000,2445.00000000,0.07518087
224.00000000,2446.00000000,0.07478384
224.00000000,2447.00000000,0.07438636
224.00000000,2448.00000000,0.07398855
224.00000000,2449.00000000,0.07359039
224.00000000,2450.00000000,0.07319180
224.00000000,2451.00000000,0.07279294
224.00000000,2452.00000000,0.07239376
224.00000000,2453.00000000,0.07199419
224.00000000,2454.00000000,0.07159439
224.00000000,2455.00000000,0.07119424
224.00000000,2456.00000000,0.07079388
224.00000000,2457.00000000,0.07039327
224.00000000,2458.00000000,0.06999233
224.00000000,2459.00000000,0.06959124
224.00000000,2460.00000000,0.06918992
224.00000000,2461.00000000,0.06878831
224.00000000,2462.00000000,0.06838659
224.00000000,2463.00000000,0.06798469
224.00000000,2464.00000000,0.06758253
224.00000000,2465.00000000,0.06718030
224.00000000,2466.00000000,0.06677793
224.00000000,2467.00000000,0.06637534
224.00000000,2468.00000000,0.06597271
224.00000000,2469.00000000,0.06556991
224.00000000,2470.00000000,0.06516710
224.00000000,2471.00000000,0.06476425
224.00000000,2472.00000000,0.06436130
224.00000000,2473.00000000,0.06404291
224.00000000,2474.00000000,0.06397323
224.00000000,2475.00000000,0.06397153
224.00000000,2476.00000000,0.06397002
224.00000000,2477.00000000,0.06396861
224.00000000,2478.00000000,0.06396723
224.00000000,2479.00000000,0.06396603
224.00000000,2480.00000000,0.06397549
224.00000000,2481.00000000,0.06398513
224.00000000,2482.00000000,0.06399487
224.00000000,2483.00000000,0.06400461
224.00000000,2484.00000000,0.06401452
224.00000000,2485.00000000,0.06400346
224.00000000,2486.00000000,0.06399240
224.00000000,2487.00000000,0.06398149
224.00000000,2488.00000000,0.06397065
224.00000000,2489.00000000,0.06395979
224.00000000,2490.00000000,0.06394909
224.00000000,2491.00000000,0.06393846
224.00000000,2492.00000000,0.06392780
224.00000000,2493.00000000,0.06391729
224.00000000,2494.00000000,0.06390676
224.00000000,2495.00000000,0.06389638
224.00000000,2496.00000000,0.06388605
224.00000000,2497.00000000,0.06387569
224.00000000,2498.00000000,0.06386548
224.00000000,2499.00000000,0.06385531
224.00000000,2500.00000000,0.06384420
225.00000000,1765.00000000,0.04028531
225.00000000,1766.00000000,0.04028511
225.00000000,1767.00000000,0.04028536
225.00000000,1768.00000000,0.04028522
225.00000000,1769.00000000,0.04028539
225.00000000,1770.00000000,0.04028577
225.00000000,1771.00000000,0.04028591
225.00000000,1772.00000000,0.04028632
225.00000000,1773.00000000,0.04028676
225.00000000,1774.00000000,0.04028731
225.00000000,1775.00000000,0.04028785
225.00000000,1776.00000000,0.04028859
225.00000000,1777.00000000,0.04028929
225.00000000,1778.00000000,0.04029014
225.00000000,1779.00000000,0.04029110
225.00000000,1780.00000000,0.04029209
225.00000000,1781.00000000,0.04029313
225.00000000,1782.00000000,0.04029430
225.00000000,1783.00000000,0.04029534
225.00000000,1784.00000000,0.04029651
225.00000000,1785.00000000,0.04029788
225.00000000,1786.00000000,0.04029920
225.00000000,1787.00000000,0.04030048
225.00000000,1788.00000000,0.04030203
225.00000000,1789.00000000,0.04030342
225.00000000,1790.00000000,0.04030500
225.00000000,1791.00000000,0.04030659
225.00000000,1792.00000000,0.04030816
225.00000000,1793.00000000,0.04030985
225.00000000,1794.00000000,0.04031152
225.00000000,1795.00000000,0.04031330
225.00000000,1796.00000000,0.04031507
225.00000000,1797.00000000,0.04031671
225.00000000,1798.00000000,0.04031863
225.00000000,1799.00000000,0.04032045
225.00000000,1800.00000000,0.04032231
225.00000000,1801.00000000,0.04032412
225.00000000,1802.00000000,0.04032598
225.00000000,1803.00000000,0.04032800
225.00000000,1804.00000000,0.04032988
225.00000000,1805.00000000,0.04033186
225.00000000,1806.00000000,0.04033378
225.00000000,1807.00000000,0.04033586
225.00000000,1808.00000000,0.04033783
225.00000000,1809.00000000,0.04033979
225.00000000,1810.00000000,0.04034185
225.00000000,1811.00000000,0.04034385
225.00000000,1812.00000000,0.04034599
225.00000000,1813.00000000,0.04034803
225.00000000,1814.00000000,0.04035004
225.00000000,1815.00000000,0.04035219
225.00000000,1816.00000000,0.04035420
225.00000000,1817.00000000,0.04035635
225.00000000,1818.00000000,0.04035846
225.00000000,1819.00000000,0.04036054
225.00000000,1820.00000000,0.04036261
225.00000000,1821.00000000,0.04036464
225.00000000,1822.00000000,0.04036673
225.00000000,1823.00000000,0.04036882
225.00000000,1824.00000000,0.04037091
225.00000000,1825.00000000,0.04037310
225.00000000,1826.00000000,0.04037516
225.00000000,1827.00000000,0.04037719
225.00000000,1828.00000000,0.04037927
225.00000000,1829.00000000,0.04038140
225.00000000,1830.00000000,0.04038340
225.00000000,1831.00000000,0.04038554
225.00000000,1832.00000000,0.04038750
225.00000000,1833.00000000,0.04038954
225.00000000,1834.00000000,0.04039162
225.00000000,1835.00000000,0.04039365
225.00000000,1836.00000000,0.04039563
225.00000000,1837.00000000,0.04039760
225.00000000,1838.00000000,0.04039958
225.00000000,1839.00000000,0.04040158
225.00000000,1840.00000000,0.04040354
225.00000000,1841.00000000,0.04040548
225.00000000,1842.00000000,0.04040739
225.00000000,1843.00000000,0.04040932
225.00000000,1844.00000000,0.04041119
225.00000000,1845.00000000,0.04041316
225.00000000,1846.00000000,0.04041488
225.00000000,1847.00000000,0.04041673
225.00000000,1848.00000000,0.04041857
225.00000000,1849.00000000,0.04042040
225.00000000,1850.00000000,0.04042216
225.00000000,1851.00000000,0.04042385
225.00000000,1852.00000000,0.04042561
225.00000000,1853.00000000,0.04042748
225.00000000,1854.00000000,0.04042946
225.00000000,1855.00000000,0.04043137
225.00000000,1856.00000000,0.04043328
225.00000000,1857.00000000,0.04043504
225.00000000,1858.00000000,0.04043683
225.00000000,1859.00000000,0.04043861
225.00000000,1860.00000000,0.04044024
225.00000000,1861.00000000,0.04044196
225.00000000,1862.00000000,0.04044357
225.00000000,1863.00000000,0.04044470
225.00000000,1864.00000000,0.04044566
225.00000000,1865.00000000,0.04044636
225.00000000,1866.00000000,0.04044679
225.00000000,1867.00000000,0.04044718
225.00000000,1868.00000000,0.04044744
225.00000000,1869.00000000,0.04044737
225.00000000,1870.00000000,0.04044726
225.00000000,1871.00000000,0.04044706
225.00000000,1872.00000000,0.04044693
225.00000000,1873.00000000,0.04044717
225.00000000,1874.00000000,0.04044773
225.00000000,1875.00000000,0.04044838
225.00000000,1876.00000000,0.04044926
225.00000000,1877.00000000,0.04045008
225.00000000,1878.00000000,0.04045104
225.00000000,1879.00000000,0.04045210
225.00000000,1880.00000000,0.04045329
225.00000000,1881.00000000,0.04045433
225.00000000,1882.00000000,0.04045544
225.00000000,1883.00000000,0.04045628
225.00000000,1884.00000000,0.04045689
225.00000000,1885.00000000,0.04045738
225.00000000,1886.00000000,0.04045780
225.00000000,1887.00000000,0.04045798
225.00000000,1888.00000000,0.04045819
225.00000000,1889.00000000,0.04045822
225.00000000,1890.00000000,0.04045804
225.00000000,1891.00000000,0.04045769
225.00000000,1892.00000000,0.04045719
225.00000000,1893.00000000,0.04045664
225.00000000,1894.00000000,0.04045601
225.00000000,1895.00000000,0.04045543
225.00000000,1896.00000000,0.04045482
225.00000000,1897.00000000,0.04045424
225.00000000,1898.00000000,0.04045355
225.00000000,1899.00000000,0.04045280
225.00000000,1900.00000000,0.04045184
225.00000000,1901.00000000,0.04045076
225.00000000,1902.00000000,0.04044968
225.00000000,1903.00000000,0.04044865
225.00000000,1904.00000000,0.04044774
225.00000000,1905.00000000,0.04044686
225.00000000,1906.00000000,0.04044608
225.00000000,1907.00000000,0.04044538
225.00000000,1908.00000000,0.04044468
225.00000000,1909.00000000,0.04044386
225.00000000,1910.00000000,0.04044308
225.00000000,1911.00000000,0.04044219
225.00000000,1912.00000000,0.04044101
225.00000000,1913.00000000,0.04043929
225.00000000,1914.00000000,0.04043705
225.00000000,1915.00000000,0.04043457
225.00000000,1916.00000000,0.04043203
225.00000000,1917.00000000,0.04042945
225.00000000,1918.00000000,0.04042675
225.00000000,1919.00000000,0.04042409
225.00000000,1920.00000000,0.04042169
225.00000000,1921.00000000,0.04041961
225.00000000,1922.00000000,0.04041801
225.00000000,1923.00000000,0.04041675
225.00000000,1924.00000000,0.04041552
225.00000000,1925.00000000,0.04041420
225.00000000,1926.00000000,0.04041289
225.00000000,1927.00000000,0.04041150
225.00000000,1928.00000000,0.04041013
225.00000000,1929.00000000,0.04040881
225.00000000,1930.00000000,0.04040744
225.00000000,1931.00000000,0.04040667
225.00000000,1932.00000000,0.04040659
225.00000000,1933.00000000,0.04040686
225.00000000,1934.00000000,0.04040730
225.00000000,1935.00000000,0.04040782
225.00000000,1936.00000000,0.04040799
225.00000000,1937.00000000,0.04040764
225.00000000,1938.00000000,0.04040664
225.00000000,1939.00000000,0.04040508
225.00000000,1940.00000000,0.04040317
225.00000000,1941.00000000,0.04040071
225.00000000,1942.00000000,0.04039769
225.00000000,1943.00000000,0.04039424
225.00000000,1944.00000000,0.04039052
225.00000000,1945.00000000,0.04038678
225.00000000,1946.00000000,0.04038351
225.00000000,1947.00000000,0.04038111
225.00000000,1948.00000000,0.04037910
225.00000000,1949.00000000,0.04037711
225.00000000,1950.00000000,0.04037503
225.00000000,1951.00000000,0.04037288
225.00000000,1952.00000000,0.04037107
225.00000000,1953.00000000,0.04036938
225.00000000,1954.00000000,0.04036763
225.00000000,1955.00000000,0.04036604
225.00000000,1956.00000000,0.04036443
225.00000000,1957.00000000,0.04036264
225.00000000,1958.00000000,0.04036061
225.00000000,1959.00000000,0.04035822
225.00000000,1960.00000000,0.04035486
225.00000000,1961.00000000,0.04035057
225.00000000,1962.00000000,0.04034574
225.00000000,1963.00000000,0.04034046
225.00000000,1964.00000000,0.04033459
225.00000000,1965.00000000,0.04032794
225.00000000,1966.00000000,0.04032055
225.00000000,1967.00000000,0.04031242
225.00000000,1968.00000000,0.04030350
225.00000000,1969.00000000,0.04029340
225.00000000,1970.00000000,0.04028198
225.00000000,1971.00000000,0.04026878
225.00000000,1972.00000000,0.04025337
225.00000000,1973.00000000,0.04023606
225.00000000,1974.00000000,0.04021716
225.00000000,1975.00000000,0.04019732
225.00000000,1976.00000000,0.04017720
225.00000000,1977.00000000,0.04015716
225.00000000,1978.00000000,0.04013698
225.00000000,1979.00000000,0.04011661
225.00000000,1980.00000000,0.04009584
225.00000000,1981.00000000,0.04007496
225.00000000,1982.00000000,0.04005511
225.00000000,1983.00000000,0.04003743
225.00000000,1984.00000000,0.04002190
225.00000000,1985.00000000,0.04000801
225.00000000,1986.00000000,0.03999507
225.00000000,1987.00000000,0.03998258
225.00000000,1988.00000000,0.03997016
225.00000000,1989.00000000,0.03995761
225.00000000,1990.00000000,0.03994479
225.00000000,1991.00000000,0.03993550
225.00000000,1992.00000000,0.03992277
225.00000000,1993.00000000,0.03991034
225.00000000,1994.00000000,0.03989851
225.00000000,1995.00000000,0.03988715
225.00000000,1996.00000000,0.03987706
225.00000000,1997.00000000,0.03986550
225.00000000,1998.00000000,0.03985357
225.00000000,1999.00000000,0.03984151
225.00000000,2000.00000000,0.03982960
225.00000000,2001.00000000,0.03981752
225.00000000,2002.00000000,0.03980513
225.00000000,2003.00000000,0.03979281
225.00000000,2004.00000000,0.03977987
225.00000000,2005.00000000,0.03976552
225.00000000,2006.00000000,0.03975036
225.00000000,2007.00000000,0.03973190
225.00000000,2008.00000000,0.03971157
225.00000000,2009.00000000,0.03968961
225.00000000,2010.00000000,0.03966609
225.00000000,2011.00000000,0.03964118
225.00000000,2012.00000000,0.03961498
225.00000000,2013.00000000,0.03958729
225.00000000,2014.00000000,0.03955824
225.00000000,2015.00000000,0.03952777
225.00000000,2016.00000000,0.03949718
225.00000000,2017.00000000,0.03946405
225.00000000,2018.00000000,0.03942964
225.00000000,2019.00000000,0.03939411
225.00000000,2020.00000000,0.03935742
225.00000000,2021.00000000,0.03931970
225.00000000,2022.00000000,0.03928229
225.00000000,2023.00000000,0.03924288
225.00000000,2024.00000000,0.03920273
225.00000000,2025.00000000,0.03916324
225.00000000,2026.00000000,0.03912199
225.00000000,2027.00000000,0.03908266
225.00000000,2028.00000000,0.03903930
225.00000000,2029.00000000,0.03899670
225.00000000,2030.00000000,0.03895378
225.00000000,2031.00000000,0.03891170
225.00000000,2032.00000000,0.03886792
225.00000000,2033.00000000,0.03882360
225.00000000,2034.00000000,0.03877865
225.00000000,2035.00000000,0.03873298
225.00000000,2036.00000000,0.03868783
225.00000000,2037.00000000,0.03864079
225.00000000,2038.00000000,0.03859303
225.00000000,2039.00000000,0.03854465
225.00000000,2040.00000000,0.03849678
225.00000000,2041.00000000,0.03844832
225.00000000,2042.00000000,0.03839915
225.00000000,2043.00000000,0.03834797
225.00000000,2044.00000000,0.03829597
225.00000000,2045.00000000,0.03824308
225.00000000,2046.00000000,0.03818930
225.00000000,2047.00000000,0.03813589
225.00000000,2048.00000000,0.03808167
225.00000000,2049.00000000,0.03802544
225.00000000,2050.00000000,0.03796969
225.00000000,2051.00000000,0.03791208
225.00000000,2052.00000000,0.03785495
225.00000000,2053.00000000,0.03779608
225.00000000,2054.00000000,0.03773659
225.00000000,2055.00000000,0.03768361
225.00000000,2056.00000000,0.03762198
225.00000000,2057.00000000,0.03756101
225.00000000,2058.00000000,0.03750081
225.00000000,2059.00000000,0.03743905
225.00000000,2060.00000000,0.03737803
225.00000000,2061.00000000,0.03732022
225.00000000,2062.00000000,0.03725776
225.00000000,2063.00000000,0.03719664
225.00000000,2064.00000000,0.03713598
225.00000000,2065.00000000,0.03707693
225.00000000,2066.00000000,0.03701734
225.00000000,2067.00000000,0.03695951
225.00000000,2068.00000000,0.03690110
225.00000000,2069.00000000,0.03684444
225.00000000,2070.00000000,0.03679061
225.00000000,2071.00000000,0.03673279
225.00000000,2072.00000000,0.03667916
225.00000000,2073.00000000,0.03662423
225.00000000,2074.00000000,0.03657258
225.00000000,2075.00000000,0.03652318
225.00000000,2076.00000000,0.03647037
225.00000000,2077.00000000,0.03642207
225.00000000,2078.00000000,0.03637368
225.00000000,2079.00000000,0.03633517
225.00000000,2080.00000000,0.03628865
225.00000000,2081.00000000,0.03624637
225.00000000,2082.00000000,0.03620056
225.00000000,2083.00000000,0.03615582
225.00000000,2084.00000000,0.03611655
225.00000000,2085.00000000,0.03608162
225.00000000,2086.00000000,0.03604326
225.00000000,2087.00000000,0.03600365
225.00000000,2088.00000000,0.03597047
225.00000000,2089.00000000,0.03593936
225.00000000,2090.00000000,0.03590801
225.00000000,2091.00000000,0.03587318
225.00000000,2092.00000000,0.03584508
225.00000000,2093.00000000,0.03581448
225.00000000,2094.00000000,0.03578724
225.00000000,2095.00000000,0.03575894
225.00000000,2096.00000000,0.03573612
225.00000000,2097.00000000,0.03572317
225.00000000,2098.00000000,0.03570468
225.00000000,2099.00000000,0.03566413
225.00000000,2100.00000000,0.03565068
225.00000000,2101.00000000,0.03562608
225.00000000,2102.00000000,0.03560246
225.00000000,2103.00000000,0.03557818
225.00000000,2104.00000000,0.03556853
225.00000000,2105.00000000,0.03557297
225.00000000,2106.00000000,0.03555779
225.00000000,2107.00000000,0.03555002
225.00000000,2108.00000000,0.03554648
225.00000000,2109.00000000,0.03552976
225.00000000,2110.00000000,0.03551283
225.00000000,2111.00000000,0.03549898
225.00000000,2112.00000000,0.03549679
225.00000000,2113.00000000,0.03551484
225.00000000,2114.00000000,0.03549917
225.00000000,2115.00000000,0.03551553
225.00000000,2116.00000000,0.03551866
225.00000000,2117.00000000,0.03550743
225.00000000,2118.00000000,0.03549045
225.00000000,2119.00000000,0.03549254
225.00000000,2120.00000000,0.03550611
225.00000000,2121.00000000,0.03550961
225.00000000,2122.00000000,0.03552245
225.00000000,2123.00000000,0.03554027
225.00000000,2124.00000000,0.03557702
225.00000000,2125.00000000,0.03559836
225.00000000,2126.00000000,0.03561068
225.00000000,2127.00000000,0.03561940
225.00000000,2128.00000000,0.03566845
225.00000000,2129.00000000,0.03567089
225.00000000,2130.00000000,0.03570824
225.00000000,2131.00000000,0.03575149
225.00000000,2132.00000000,0.03583049
225.00000000,2133.00000000,0.03579110
225.00000000,2134.00000000,0.03582596
225.00000000,2135.00000000,0.03586008
225.00000000,2136.00000000,0.03587636
225.00000000,2137.00000000,0.03592078
225.00000000,2138.00000000,0.03598794
225.00000000,2139.00000000,0.03588767
225.00000000,2140.00000000,0.03587432
225.00000000,2141.00000000,0.03594157
225.00000000,2142.00000000,0.03599964
225.00000000,2143.00000000,0.03598013
225.00000000,2144.00000000,0.03584259
225.00000000,2145.00000000,0.03597875
225.00000000,2146.00000000,0.03584331
225.00000000,2147.00000000,0.03589089
225.00000000,2148.00000000,0.03602757
225.00000000,2149.00000000,0.03602400
225.00000000,2150.00000000,0.03604123
225.00000000,2151.00000000,0.03605489
225.00000000,2152.00000000,0.03614553
225.00000000,2153.00000000,0.03615690
225.00000000,2154.00000000,0.03625224
225.00000000,2155.00000000,0.03616625
225.00000000,2156.00000000,0.03605979
225.00000000,2157.00000000,0.03597660
225.00000000,2158.00000000,0.03604382
225.00000000,2159.00000000,0.03614962
225.00000000,2160.00000000,0.03622998
225.00000000,2161.00000000,0.03636491
225.00000000,2162.00000000,0.03647638
225.00000000,2163.00000000,0.03643396
225.00000000,2164.00000000,0.03651856
225.00000000,2165.00000000,0.03666617
225.00000000,2166.00000000,0.03673885
225.00000000,2167.00000000,0.03678457
225.00000000,2168.00000000,0.03687610
225.00000000,2169.00000000,0.03690846
225.00000000,2170.00000000,0.03671193
225.00000000,2171.00000000,0.03684045
225.00000000,2172.00000000,0.03705304
225.00000000,2173.00000000,0.03718523
225.00000000,2174.00000000,0.03718287
225.00000000,2175.00000000,0.03746400
225.00000000,2176.00000000,0.03766895
225.00000000,2177.00000000,0.03775737
225.00000000,2178.00000000,0.03786609
225.00000000,2179.00000000,0.03795405
225.00000000,2180.00000000,0.03821086
225.00000000,2181.00000000,0.03842333
225.00000000,2182.00000000,0.03859116
225.00000000,2183.00000000,0.03872610
225.00000000,2184.00000000,0.03894120
225.00000000,2185.00000000,0.03913976
225.00000000,2186.00000000,0.03923344
225.00000000,2187.00000000,0.03942614
225.00000000,2188.00000000,0.03966689
225.00000000,2189.00000000,0.03992301
225.00000000,2190.00000000,0.04015612
225.00000000,2191.00000000,0.04041663
225.00000000,2192.00000000,0.04061994
225.00000000,2193.00000000,0.04090337
225.00000000,2194.00000000,0.04122762
225.00000000,2195.00000000,0.04162480
225.00000000,2196.00000000,0.04189057
225.00000000,2197.00000000,0.04217275
225.00000000,2198.00000000,0.04253235
225.00000000,2199.00000000,0.04264211
225.00000000,2200.00000000,0.04271109
225.00000000,2201.00000000,0.04311219
225.00000000,2202.00000000,0.04337964
225.00000000,2203.00000000,0.04357075
225.00000000,2204.00000000,0.04399382
225.00000000,2205.00000000,0.04404148
225.00000000,2206.00000000,0.04396779
225.00000000,2207.00000000,0.04403311
225.00000000,2208.00000000,0.04412684
225.00000000,2209.00000000,0.04444428
225.00000000,2210.00000000,0.04473463
225.00000000,2211.00000000,0.04504073
225.00000000,2212.00000000,0.04532288
225.00000000,2213.00000000,0.04568427
225.00000000,2214.00000000,0.04594998
225.00000000,2215.00000000,0.04613761
225.00000000,2216.00000000,0.04636775
225.00000000,2217.00000000,0.04636150
225.00000000,2218.00000000,0.04649693
225.00000000,2219.00000000,0.04676243
225.00000000,2220.00000000,0.04704376
225.00000000,2221.00000000,0.04733640
225.00000000,2222.00000000,0.04759772
225.00000000,2223.00000000,0.04769911
225.00000000,2224.00000000,0.04781598
225.00000000,2225.00000000,0.04814956
225.00000000,2226.00000000,0.04848002
225.00000000,2227.00000000,0.04868774
225.00000000,2228.00000000,0.04922970
225.00000000,2229.00000000,0.04983271
225.00000000,2230.00000000,0.05033783
225.00000000,2231.00000000,0.05071864
225.00000000,2232.00000000,0.05110260
225.00000000,2233.00000000,0.05148981
225.00000000,2234.00000000,0.05187994
225.00000000,2235.00000000,0.05227303
225.00000000,2236.00000000,0.05275248
225.00000000,2237.00000000,0.05323536
225.00000000,2238.00000000,0.05372171
225.00000000,2239.00000000,0.05421149
225.00000000,2240.00000000,0.05470468
225.00000000,2241.00000000,0.05520130
225.00000000,2242.00000000,0.05570133
225.00000000,2243.00000000,0.05620472
225.00000000,2244.00000000,0.05671151
225.00000000,2245.00000000,0.05722167
225.00000000,2246.00000000,0.05769745
225.00000000,2247.00000000,0.05817642
225.00000000,2248.00000000,0.05865855
225.00000000,2249.00000000,0.05914384
225.00000000,2250.00000000,0.05963189
225.00000000,2251.00000000,0.06012193
225.00000000,2252.00000000,0.06061329
225.00000000,2253.00000000,0.06110553
225.00000000,2254.00000000,0.06159844
225.00000000,2255.00000000,0.06209203
225.00000000,2256.00000000,0.06266656
225.00000000,2257.00000000,0.06324202
225.00000000,2258.00000000,0.06381841
225.00000000,2259.00000000,0.06439567
225.00000000,2260.00000000,0.06497375
225.00000000,2261.00000000,0.06555273
225.00000000,2262.00000000,0.06613255
225.00000000,2263.00000000,0.06671334
225.00000000,2264.00000000,0.06729507
225.00000000,2265.00000000,0.06787772
225.00000000,2266.00000000,0.06852110
225.00000000,2267.00000000,0.06916566
225.00000000,2268.00000000,0.06981132
225.00000000,2269.00000000,0.07045812
225.00000000,2270.00000000,0.07110598
225.00000000,2271.00000000,0.07175482
225.00000000,2272.00000000,0.07240466
225.00000000,2273.00000000,0.07305538
225.00000000,2274.00000000,0.07370702
225.00000000,2275.00000000,0.07435949
225.00000000,2276.00000000,0.07500926
225.00000000,2277.00000000,0.07565979
225.00000000,2278.00000000,0.07631100
225.00000000,2279.00000000,0.07696277
225.00000000,2280.00000000,0.07761515
225.00000000,2281.00000000,0.07826804
225.00000000,2282.00000000,0.07892132
225.00000000,2283.00000000,0.07957502
225.00000000,2284.00000000,0.08022902
225.00000000,2285.00000000,0.08088317
225.00000000,2286.00000000,0.08140258
225.00000000,2287.00000000,0.08192157
225.00000000,2288.00000000,0.08244020
225.00000000,2289.00000000,0.08295839
225.00000000,2290.00000000,0.08347610
225.00000000,2291.00000000,0.08399336
225.00000000,2292.00000000,0.08451011
225.00000000,2293.00000000,0.08502626
225.00000000,2294.00000000,0.08554184
225.00000000,2295.00000000,0.08605679
225.00000000,2296.00000000,0.08644773
225.00000000,2297.00000000,0.08683762
225.00000000,2298.00000000,0.08722635
225.00000000,2299.00000000,0.08761400
225.00000000,2300.00000000,0.08800055
225.00000000,2301.00000000,0.08838592
225.00000000,2302.00000000,0.08877020
225.00000000,2303.00000000,0.08915334
225.00000000,2304.00000000,0.08953523
225.00000000,2305.00000000,0.08991599
225.00000000,2306.00000000,0.09022594
225.00000000,2307.00000000,0.09053443
225.00000000,2308.00000000,0.09084157
225.00000000,2309.00000000,0.09114724
225.00000000,2310.00000000,0.09145154
225.00000000,2311.00000000,0.09175446
225.00000000,2312.00000000,0.09205591
225.00000000,2313.00000000,0.09235599
225.00000000,2314.00000000,0.09265468
225.00000000,2315.00000000,0.09295187
225.00000000,2316.00000000,0.09317528
225.00000000,2317.00000000,0.09339709
225.00000000,2318.00000000,0.09361722
225.00000000,2319.00000000,0.09383580
225.00000000,2320.00000000,0.09405281
225.00000000,2321.00000000,0.09426819
225.00000000,2322.00000000,0.09448206
225.00000000,2323.00000000,0.09469428
225.00000000,2324.00000000,0.09490503
225.00000000,2325.00000000,0.09511423
225.00000000,2326.00000000,0.09526579
225.00000000,2327.00000000,0.09541574
225.00000000,2328.00000000,0.09556404
225.00000000,2329.00000000,0.09571061
225.00000000,2330.00000000,0.09585562
225.00000000,2331.00000000,0.09599900
225.00000000,2332.00000000,0.09614069
225.00000000,2333.00000000,0.09628085
225.00000000,2334.00000000,0.09641935
225.00000000,2335.00000000,0.09655634
225.00000000,2336.00000000,0.09669175
225.00000000,2337.00000000,0.09682551
225.00000000,2338.00000000,0.09695777
225.00000000,2339.00000000,0.09708850
225.00000000,2340.00000000,0.09721760
225.00000000,2341.00000000,0.09734524
225.00000000,2342.00000000,0.09747133
225.00000000,2343.00000000,0.09759582
225.00000000,2344.00000000,0.09771885
225.00000000,2345.00000000,0.09784037
225.00000000,2346.00000000,0.09796027
225.00000000,2347.00000000,0.09807874
225.00000000,2348.00000000,0.09819562
225.00000000,2349.00000000,0.09831104
225.00000000,2350.00000000,0.09842498
225.00000000,2351.00000000,0.09853731
225.00000000,2352.00000000,0.09864824
225.00000000,2353.00000000,0.09875767
225.00000000,2354.00000000,0.09886549
225.00000000,2355.00000000,0.09897191
225.00000000,2356.00000000,0.09907684
225.00000000,2357.00000000,0.09918015
225.00000000,2358.00000000,0.09928207
225.00000000,2359.00000000,0.09938240
225.00000000,2360.00000000,0.09948129
225.00000000,2361.00000000,0.09957869
225.00000000,2362.00000000,0.09967450
225.00000000,2363.00000000,0.09976887
225.00000000,2364.00000000,0.09986171
225.00000000,2365.00000000,0.09995294
225.00000000,2366.00000000,0.10004273
225.00000000,2367.00000000,0.10013097
225.00000000,2368.00000000,0.10021758
225.00000000,2369.00000000,0.10030273
225.00000000,2370.00000000,0.10038623
225.00000000,2371.00000000,0.10046824
225.00000000,2372.00000000,0.10054864
225.00000000,2373.00000000,0.10062734
225.00000000,2374.00000000,0.10070448
225.00000000,2375.00000000,0.10077989
225.00000000,2376.00000000,0.10046394
225.00000000,2377.00000000,0.10014591
225.00000000,2378.00000000,0.09982576
225.00000000,2379.00000000,0.09950346
225.00000000,2380.00000000,0.09917921
225.00000000,2381.00000000,0.09885299
225.00000000,2382.00000000,0.09852473
225.00000000,2383.00000000,0.09819464
225.00000000,2384.00000000,0.09786261
225.00000000,2385.00000000,0.09752882
225.00000000,2386.00000000,0.09719324
225.00000000,2387.00000000,0.09685583
225.00000000,2388.00000000,0.09651676
225.00000000,2389.00000000,0.09617600
225.00000000,2390.00000000,0.09583353
225.00000000,2391.00000000,0.09548949
225.00000000,2392.00000000,0.09514387
225.00000000,2393.00000000,0.09479663
225.00000000,2394.00000000,0.09444793
225.00000000,2395.00000000,0.09409768
225.00000000,2396.00000000,0.09374602
225.00000000,2397.00000000,0.09339292
225.00000000,2398.00000000,0.09303837
225.00000000,2399.00000000,0.09268250
225.00000000,2400.00000000,0.09232530
225.00000000,2401.00000000,0.09196669
225.00000000,2402.00000000,0.09160688
225.00000000,2403.00000000,0.09124580
225.00000000,2404.00000000,0.09088343
225.00000000,2405.00000000,0.09051991
225.00000000,2406.00000000,0.09015523
225.00000000,2407.00000000,0.08978932
225.00000000,2408.00000000,0.08942233
225.00000000,2409.00000000,0.08905418
225.00000000,2410.00000000,0.08868501
225.00000000,2411.00000000,0.08831480
225.00000000,2412.00000000,0.08794347
225.00000000,2413.00000000,0.08757119
225.00000000,2414.00000000,0.08719794
225.00000000,2415.00000000,0.08682363
225.00000000,2416.00000000,0.08644845
225.00000000,2417.00000000,0.08607235
225.00000000,2418.00000000,0.08569527
225.00000000,2419.00000000,0.08531738
225.00000000,2420.00000000,0.08493856
225.00000000,2421.00000000,0.08455895
225.00000000,2422.00000000,0.08417853
225.00000000,2423.00000000,0.08379724
225.00000000,2424.00000000,0.08341523
225.00000000,2425.00000000,0.08303244
225.00000000,2426.00000000,0.08264885
225.00000000,2427.00000000,0.08226459
225.00000000,2428.00000000,0.08187963
225.00000000,2429.00000000,0.08149390
225.00000000,2430.00000000,0.08110757
225.00000000,2431.00000000,0.08072058
225.00000000,2432.00000000,0.08033287
225.00000000,2433.00000000,0.07994462
225.00000000,2434.00000000,0.07955569
225.00000000,2435.00000000,0.07916624
225.00000000,2436.00000000,0.07877622
225.00000000,2437.00000000,0.07838556
225.00000000,2438.00000000,0.07799444
225.00000000,2439.00000000,0.07760279
225.00000000,2440.00000000,0.07721057
225.00000000,2441.00000000,0.07681791
225.00000000,2442.00000000,0.07642478
225.00000000,2443.00000000,0.07603111
225.00000000,2444.00000000,0.07563706
225.00000000,2445.00000000,0.07524251
225.00000000,2446.00000000,0.07484761
225.00000000,2447.00000000,0.07445230
225.00000000,2448.00000000,0.07405652
225.00000000,2449.00000000,0.07366045
225.00000000,2450.00000000,0.07326402
225.00000000,2451.00000000,0.07286715
225.00000000,2452.00000000,0.07247002
225.00000000,2453.00000000,0.07207258
225.00000000,2454.00000000,0.07167473
225.00000000,2455.00000000,0.07127667
225.00000000,2456.00000000,0.07087825
225.00000000,2457.00000000,0.07047963
225.00000000,2458.00000000,0.07008075
225.00000000,2459.00000000,0.06968155
225.00000000,2460.00000000,0.06928219
225.00000000,2461.00000000,0.06888262
225.00000000,2462.00000000,0.06848276
225.00000000,2463.00000000,0.06808278
225.00000000,2464.00000000,0.06768262
225.00000000,2465.00000000,0.06728222
225.00000000,2466.00000000,0.06688173
225.00000000,2467.00000000,0.06648110
225.00000000,2468.00000000,0.06608026
225.00000000,2469.00000000,0.06567938
225.00000000,2470.00000000,0.06527834
225.00000000,2471.00000000,0.06487728
225.00000000,2472.00000000,0.06447618
225.00000000,2473.00000000,0.06407499
225.00000000,2474.00000000,0.06375798
225.00000000,2475.00000000,0.06368857
225.00000000,2476.00000000,0.06368684
225.00000000,2477.00000000,0.06368530
225.00000000,2478.00000000,0.06368385
225.00000000,2479.00000000,0.06368244
225.00000000,2480.00000000,0.06368121
225.00000000,2481.00000000,0.06369059
225.00000000,2482.00000000,0.06370015
225.00000000,2483.00000000,0.06370980
225.00000000,2484.00000000,0.06371947
225.00000000,2485.00000000,0.06372929
225.00000000,2486.00000000,0.06371825
225.00000000,2487.00000000,0.06370719
225.00000000,2488.00000000,0.06369629
225.00000000,2489.00000000,0.06368546
225.00000000,2490.00000000,0.06367462
225.00000000,2491.00000000,0.06366392
225.00000000,2492.00000000,0.06365330
225.00000000,2493.00000000,0.06364265
225.00000000,2494.00000000,0.06363216
225.00000000,2495.00000000,0.06362163
225.00000000,2496.00000000,0.06361125
225.00000000,2497.00000000,0.06360093
225.00000000,2498.00000000,0.06359058
225.00000000,2499.00000000,0.06358037
225.00000000,2500.00000000,0.06357021
226.00000000,1765.00000000,0.04005448
226.00000000,1766.00000000,0.04005460
226.00000000,1767.00000000,0.04005444
226.00000000,1768.00000000,0.04005472
226.00000000,1769.00000000,0.04005465
226.00000000,1770.00000000,0.04005489
226.00000000,1771.00000000,0.04005535
226.00000000,1772.00000000,0.04005555
226.00000000,1773.00000000,0.04005604
226.00000000,1774.00000000,0.04005656
226.00000000,1775.00000000,0.04005718
226.00000000,1776.00000000,0.04005780
226.00000000,1777.00000000,0.04005861
226.00000000,1778.00000000,0.04005938
226.00000000,1779.00000000,0.04006030
226.00000000,1780.00000000,0.04006132
226.00000000,1781.00000000,0.04006237
226.00000000,1782.00000000,0.04006347
226.00000000,1783.00000000,0.04006470
226.00000000,1784.00000000,0.04006578
226.00000000,1785.00000000,0.04006701
226.00000000,1786.00000000,0.04006843
226.00000000,1787.00000000,0.04006979
226.00000000,1788.00000000,0.04007110
226.00000000,1789.00000000,0.04007270
226.00000000,1790.00000000,0.04007413
226.00000000,1791.00000000,0.04007574
226.00000000,1792.00000000,0.04007736
226.00000000,1793.00000000,0.04007895
226.00000000,1794.00000000,0.04008067
226.00000000,1795.00000000,0.04008237
226.00000000,1796.00000000,0.04008417
226.00000000,1797.00000000,0.04008597
226.00000000,1798.00000000,0.04008762
226.00000000,1799.00000000,0.04008955
226.00000000,1800.00000000,0.04009139
226.00000000,1801.00000000,0.04009326
226.00000000,1802.00000000,0.04009507
226.00000000,1803.00000000,0.04009694
226.00000000,1804.00000000,0.04009896
226.00000000,1805.00000000,0.04010086
226.00000000,1806.00000000,0.04010284
226.00000000,1807.00000000,0.04010477
226.00000000,1808.00000000,0.04010685
226.00000000,1809.00000000,0.04010882
226.00000000,1810.00000000,0.04011078
226.00000000,1811.00000000,0.04011285
226.00000000,1812.00000000,0.04011484
226.00000000,1813.00000000,0.04011698
226.00000000,1814.00000000,0.04011902
226.00000000,1815.00000000,0.04012102
226.00000000,1816.00000000,0.04012317
226.00000000,1817.00000000,0.04012517
226.00000000,1818.00000000,0.04012730
226.00000000,1819.00000000,0.04012940
226.00000000,1820.00000000,0.04013147
226.00000000,1821.00000000,0.04013354
226.00000000,1822.00000000,0.04013555
226.00000000,1823.00000000,0.04013763
226.00000000,1824.00000000,0.04013971
226.00000000,1825.00000000,0.04014180
226.00000000,1826.00000000,0.04014396
226.00000000,1827.00000000,0.04014601
226.00000000,1828.00000000,0.04014802
226.00000000,1829.00000000,0.04015009
226.00000000,1830.00000000,0.04015220
226.00000000,1831.00000000,0.04015418
226.00000000,1832.00000000,0.04015628
226.00000000,1833.00000000,0.04015823
226.00000000,1834.00000000,0.04016025
226.00000000,1835.00000000,0.04016230
226.00000000,1836.00000000,0.04016432
226.00000000,1837.00000000,0.04016627
226.00000000,1838.00000000,0.04016821
226.00000000,1839.00000000,0.04017017
226.00000000,1840.00000000,0.04017215
226.00000000,1841.00000000,0.04017408
226.00000000,1842.00000000,0.04017599
226.00000000,1843.00000000,0.04017787
226.00000000,1844.00000000,0.04017979
226.00000000,1845.00000000,0.04018163
226.00000000,1846.00000000,0.04018356
226.00000000,1847.00000000,0.04018525
226.00000000,1848.00000000,0.04018707
226.00000000,1849.00000000,0.04018889
226.00000000,1850.00000000,0.04019069
226.00000000,1851.00000000,0.04019239
226.00000000,1852.00000000,0.04019405
226.00000000,1853.00000000,0.04019598
226.00000000,1854.00000000,0.04019791
226.00000000,1855.00000000,0.04019985
226.00000000,1856.00000000,0.04020168
226.00000000,1857.00000000,0.04020353
226.00000000,1858.00000000,0.04020524
226.00000000,1859.00000000,0.04020698
226.00000000,1860.00000000,0.04020871
226.00000000,1861.00000000,0.04021029
226.00000000,1862.00000000,0.04021190
226.00000000,1863.00000000,0.04021315
226.00000000,1864.00000000,0.04021398
226.00000000,1865.00000000,0.04021472
226.00000000,1866.00000000,0.04021522
226.00000000,1867.00000000,0.04021549
226.00000000,1868.00000000,0.04021573
226.00000000,1869.00000000,0.04021583
226.00000000,1870.00000000,0.04021562
226.00000000,1871.00000000,0.04021542
226.00000000,1872.00000000,0.04021529
226.00000000,1873.00000000,0.04021553
226.00000000,1874.00000000,0.04021603
226.00000000,1875.00000000,0.04021676
226.00000000,1876.00000000,0.04021755
226.00000000,1877.00000000,0.04021853
226.00000000,1878.00000000,0.04021941
226.00000000,1879.00000000,0.04022043
226.00000000,1880.00000000,0.04022152
226.00000000,1881.00000000,0.04022270
226.00000000,1882.00000000,0.04022374
226.00000000,1883.00000000,0.04022458
226.00000000,1884.00000000,0.04022520
226.00000000,1885.00000000,0.04022566
226.00000000,1886.00000000,0.04022604
226.00000000,1887.00000000,0.04022638
226.00000000,1888.00000000,0.04022645
226.00000000,1889.00000000,0.04022651
226.00000000,1890.00000000,0.04022636
226.00000000,1891.00000000,0.04022600
226.00000000,1892.00000000,0.04022548
226.00000000,1893.00000000,0.04022490
226.00000000,1894.00000000,0.04022433
226.00000000,1895.00000000,0.04022375
226.00000000,1896.00000000,0.04022319
226.00000000,1897.00000000,0.04022253
226.00000000,1898.00000000,0.04022189
226.00000000,1899.00000000,0.04022110
226.00000000,1900.00000000,0.04022018
226.00000000,1901.00000000,0.04021907
226.00000000,1902.00000000,0.04021806
226.00000000,1903.00000000,0.04021701
226.00000000,1904.00000000,0.04021605
226.00000000,1905.00000000,0.04021523
226.00000000,1906.00000000,0.04021447
226.00000000,1907.00000000,0.04021376
226.00000000,1908.00000000,0.04021301
226.00000000,1909.00000000,0.04021227
226.00000000,1910.00000000,0.04021146
226.00000000,1911.00000000,0.04021059
226.00000000,1912.00000000,0.04020937
226.00000000,1913.00000000,0.04020770
226.00000000,1914.00000000,0.04020548
226.00000000,1915.00000000,0.04020299
226.00000000,1916.00000000,0.04020048
226.00000000,1917.00000000,0.04019791
226.00000000,1918.00000000,0.04019524
226.00000000,1919.00000000,0.04019256
226.00000000,1920.00000000,0.04019018
226.00000000,1921.00000000,0.04018812
226.00000000,1922.00000000,0.04018653
226.00000000,1923.00000000,0.04018527
226.00000000,1924.00000000,0.04018407
226.00000000,1925.00000000,0.04018276
226.00000000,1926.00000000,0.04018139
226.00000000,1927.00000000,0.04018006
226.00000000,1928.00000000,0.04017872
226.00000000,1929.00000000,0.04017731
226.00000000,1930.00000000,0.04017607
226.00000000,1931.00000000,0.04017524
226.00000000,1932.00000000,0.04017514
226.00000000,1933.00000000,0.04017541
226.00000000,1934.00000000,0.04017595
226.00000000,1935.00000000,0.04017635
226.00000000,1936.00000000,0.04017656
226.00000000,1937.00000000,0.04017621
226.00000000,1938.00000000,0.04017518
226.00000000,1939.00000000,0.04017369
226.00000000,1940.00000000,0.04017176
226.00000000,1941.00000000,0.04016931
226.00000000,1942.00000000,0.04016628
226.00000000,1943.00000000,0.04016290
226.00000000,1944.00000000,0.04015917
226.00000000,1945.00000000,0.04015543
226.00000000,1946.00000000,0.04015220
226.00000000,1947.00000000,0.04014979
226.00000000,1948.00000000,0.04014782
226.00000000,1949.00000000,0.04014582
226.00000000,1950.00000000,0.04014376
226.00000000,1951.00000000,0.04014160
226.00000000,1952.00000000,0.04013981
226.00000000,1953.00000000,0.04013811
226.00000000,1954.00000000,0.04013639
226.00000000,1955.00000000,0.04013478
226.00000000,1956.00000000,0.04013318
226.00000000,1957.00000000,0.04013140
226.00000000,1958.00000000,0.04012936
226.00000000,1959.00000000,0.04012701
226.00000000,1960.00000000,0.04012363
226.00000000,1961.00000000,0.04011935
226.00000000,1962.00000000,0.04011459
226.00000000,1963.00000000,0.04010928
226.00000000,1964.00000000,0.04010344
226.00000000,1965.00000000,0.04009685
226.00000000,1966.00000000,0.04008946
226.00000000,1967.00000000,0.04008140
226.00000000,1968.00000000,0.04007249
226.00000000,1969.00000000,0.04006245
226.00000000,1970.00000000,0.04005109
226.00000000,1971.00000000,0.04003795
226.00000000,1972.00000000,0.04002261
226.00000000,1973.00000000,0.04000537
226.00000000,1974.00000000,0.03998658
226.00000000,1975.00000000,0.03996684
226.00000000,1976.00000000,0.03994681
226.00000000,1977.00000000,0.03992684
226.00000000,1978.00000000,0.03990677
226.00000000,1979.00000000,0.03988649
226.00000000,1980.00000000,0.03986583
226.00000000,1981.00000000,0.03984503
226.00000000,1982.00000000,0.03982527
226.00000000,1983.00000000,0.03980766
226.00000000,1984.00000000,0.03979218
226.00000000,1985.00000000,0.03977833
226.00000000,1986.00000000,0.03976542
226.00000000,1987.00000000,0.03975295
226.00000000,1988.00000000,0.03974056
226.00000000,1989.00000000,0.03972802
226.00000000,1990.00000000,0.03971521
226.00000000,1991.00000000,0.03970227
226.00000000,1992.00000000,0.03969324
226.00000000,1993.00000000,0.03968082
226.00000000,1994.00000000,0.03966898
226.00000000,1995.00000000,0.03965760
226.00000000,1996.00000000,0.03964633
226.00000000,1997.00000000,0.03963598
226.00000000,1998.00000000,0.03962406
226.00000000,1999.00000000,0.03961206
226.00000000,2000.00000000,0.03960009
226.00000000,2001.00000000,0.03958806
226.00000000,2002.00000000,0.03957574
226.00000000,2003.00000000,0.03956339
226.00000000,2004.00000000,0.03955049
226.00000000,2005.00000000,0.03953618
226.00000000,2006.00000000,0.03951982
226.00000000,2007.00000000,0.03950265
226.00000000,2008.00000000,0.03948240
226.00000000,2009.00000000,0.03946049
226.00000000,2010.00000000,0.03943711
226.00000000,2011.00000000,0.03941230
226.00000000,2012.00000000,0.03938615
226.00000000,2013.00000000,0.03935867
226.00000000,2014.00000000,0.03932971
226.00000000,2015.00000000,0.03929939
226.00000000,2016.00000000,0.03926770
226.00000000,2017.00000000,0.03923594
226.00000000,2018.00000000,0.03920174
226.00000000,2019.00000000,0.03916632
226.00000000,2020.00000000,0.03912984
226.00000000,2021.00000000,0.03909230
226.00000000,2022.00000000,0.03905384
226.00000000,2023.00000000,0.03901583
226.00000000,2024.00000000,0.03897593
226.00000000,2025.00000000,0.03893538
226.00000000,2026.00000000,0.03889556
226.00000000,2027.00000000,0.03885404
226.00000000,2028.00000000,0.03881447
226.00000000,2029.00000000,0.03877094
226.00000000,2030.00000000,0.03872818
226.00000000,2031.00000000,0.03868510
226.00000000,2032.00000000,0.03864279
226.00000000,2033.00000000,0.03859868
226.00000000,2034.00000000,0.03855396
226.00000000,2035.00000000,0.03850855
226.00000000,2036.00000000,0.03846241
226.00000000,2037.00000000,0.03841680
226.00000000,2038.00000000,0.03836933
226.00000000,2039.00000000,0.03832115
226.00000000,2040.00000000,0.03827239
226.00000000,2041.00000000,0.03822414
226.00000000,2042.00000000,0.03817523
226.00000000,2043.00000000,0.03812552
226.00000000,2044.00000000,0.03807375
226.00000000,2045.00000000,0.03802116
226.00000000,2046.00000000,0.03796769
226.00000000,2047.00000000,0.03791336
226.00000000,2048.00000000,0.03785942
226.00000000,2049.00000000,0.03780470
226.00000000,2050.00000000,0.03774803
226.00000000,2051.00000000,0.03769188
226.00000000,2052.00000000,0.03763392
226.00000000,2053.00000000,0.03757649
226.00000000,2054.00000000,0.03751737
226.00000000,2055.00000000,0.03745767
226.00000000,2056.00000000,0.03740444
226.00000000,2057.00000000,0.03734268
226.00000000,2058.00000000,0.03728160
226.00000000,2059.00000000,0.03722133
226.00000000,2060.00000000,0.03715952
226.00000000,2061.00000000,0.03709853
226.00000000,2062.00000000,0.03704097
226.00000000,2063.00000000,0.03697906
226.00000000,2064.00000000,0.03691867
226.00000000,2065.00000000,0.03685884
226.00000000,2066.00000000,0.03680066
226.00000000,2067.00000000,0.03674199
226.00000000,2068.00000000,0.03668504
226.00000000,2069.00000000,0.03662750
226.00000000,2070.00000000,0.03657168
226.00000000,2071.00000000,0.03651869
226.00000000,2072.00000000,0.03646192
226.00000000,2073.00000000,0.03640951
226.00000000,2074.00000000,0.03635591
226.00000000,2075.00000000,0.03630560
226.00000000,2076.00000000,0.03625754
226.00000000,2077.00000000,0.03620607
226.00000000,2078.00000000,0.03615903
226.00000000,2079.00000000,0.03611186
226.00000000,2080.00000000,0.03607444
226.00000000,2081.00000000,0.03602905
226.00000000,2082.00000000,0.03598794
226.00000000,2083.00000000,0.03594339
226.00000000,2084.00000000,0.03589993
226.00000000,2085.00000000,0.03586190
226.00000000,2086.00000000,0.03582814
226.00000000,2087.00000000,0.03579094
226.00000000,2088.00000000,0.03575246
226.00000000,2089.00000000,0.03572032
226.00000000,2090.00000000,0.03569018
226.00000000,2091.00000000,0.03565980
226.00000000,2092.00000000,0.03562603
226.00000000,2093.00000000,0.03559902
226.00000000,2094.00000000,0.03556956
226.00000000,2095.00000000,0.03554344
226.00000000,2096.00000000,0.03551625
226.00000000,2097.00000000,0.03549447
226.00000000,2098.00000000,0.03548247
226.00000000,2099.00000000,0.03546491
226.00000000,2100.00000000,0.03542540
226.00000000,2101.00000000,0.03541282
226.00000000,2102.00000000,0.03538922
226.00000000,2103.00000000,0.03536667
226.00000000,2104.00000000,0.03534349
226.00000000,2105.00000000,0.03533483
226.00000000,2106.00000000,0.03534016
226.00000000,2107.00000000,0.03532595
226.00000000,2108.00000000,0.03531910
226.00000000,2109.00000000,0.03531639
226.00000000,2110.00000000,0.03530056
226.00000000,2111.00000000,0.03528450
226.00000000,2112.00000000,0.03527145
226.00000000,2113.00000000,0.03526997
226.00000000,2114.00000000,0.03528856
226.00000000,2115.00000000,0.03527362
226.00000000,2116.00000000,0.03529049
226.00000000,2117.00000000,0.03529419
226.00000000,2118.00000000,0.03528359
226.00000000,2119.00000000,0.03526726
226.00000000,2120.00000000,0.03526986
226.00000000,2121.00000000,0.03528385
226.00000000,2122.00000000,0.03528782
226.00000000,2123.00000000,0.03530104
226.00000000,2124.00000000,0.03531921
226.00000000,2125.00000000,0.03535618
226.00000000,2126.00000000,0.03537782
226.00000000,2127.00000000,0.03539049
226.00000000,2128.00000000,0.03539959
226.00000000,2129.00000000,0.03544875
226.00000000,2130.00000000,0.03545158
226.00000000,2131.00000000,0.03548910
226.00000000,2132.00000000,0.03553247
226.00000000,2133.00000000,0.03561138
226.00000000,2134.00000000,0.03557261
226.00000000,2135.00000000,0.03560762
226.00000000,2136.00000000,0.03564189
226.00000000,2137.00000000,0.03565844
226.00000000,2138.00000000,0.03570294
226.00000000,2139.00000000,0.03577003
226.00000000,2140.00000000,0.03567070
226.00000000,2141.00000000,0.03565777
226.00000000,2142.00000000,0.03572495
226.00000000,2143.00000000,0.03578299
226.00000000,2144.00000000,0.03576392
226.00000000,2145.00000000,0.03562752
226.00000000,2146.00000000,0.03576318
226.00000000,2147.00000000,0.03562885
226.00000000,2148.00000000,0.03567646
226.00000000,2149.00000000,0.03581263
226.00000000,2150.00000000,0.03580938
226.00000000,2151.00000000,0.03582700
226.00000000,2152.00000000,0.03584160
226.00000000,2153.00000000,0.03593325
226.00000000,2154.00000000,0.03594635
226.00000000,2155.00000000,0.03604306
226.00000000,2156.00000000,0.03595948
226.00000000,2157.00000000,0.03585552
226.00000000,2158.00000000,0.03577466
226.00000000,2159.00000000,0.03584330
226.00000000,2160.00000000,0.03595026
226.00000000,2161.00000000,0.03603187
226.00000000,2162.00000000,0.03616771
226.00000000,2163.00000000,0.03628016
226.00000000,2164.00000000,0.03623951
226.00000000,2165.00000000,0.03632515
226.00000000,2166.00000000,0.03647343
226.00000000,2167.00000000,0.03654713
226.00000000,2168.00000000,0.03659398
226.00000000,2169.00000000,0.03668637
226.00000000,2170.00000000,0.03671985
226.00000000,2171.00000000,0.03652557
226.00000000,2172.00000000,0.03665465
226.00000000,2173.00000000,0.03686737
226.00000000,2174.00000000,0.03700005
226.00000000,2175.00000000,0.03699884
226.00000000,2176.00000000,0.03727969
226.00000000,2177.00000000,0.03748472
226.00000000,2178.00000000,0.03757378
226.00000000,2179.00000000,0.03768302
226.00000000,2180.00000000,0.03777158
226.00000000,2181.00000000,0.03802817
226.00000000,2182.00000000,0.03824061
226.00000000,2183.00000000,0.03840862
226.00000000,2184.00000000,0.03854389
226.00000000,2185.00000000,0.03875893
226.00000000,2186.00000000,0.03895749
226.00000000,2187.00000000,0.03905166
226.00000000,2188.00000000,0.03924437
226.00000000,2189.00000000,0.03948491
226.00000000,2190.00000000,0.03974074
226.00000000,2191.00000000,0.03997367
226.00000000,2192.00000000,0.04023388
226.00000000,2193.00000000,0.04043713
226.00000000,2194.00000000,0.04072014
226.00000000,2195.00000000,0.04104379
226.00000000,2196.00000000,0.04144005
226.00000000,2197.00000000,0.04170549
226.00000000,2198.00000000,0.04198726
226.00000000,2199.00000000,0.04234611
226.00000000,2200.00000000,0.04245621
226.00000000,2201.00000000,0.04252572
226.00000000,2202.00000000,0.04292590
226.00000000,2203.00000000,0.04319301
226.00000000,2204.00000000,0.04338410
226.00000000,2205.00000000,0.04380616
226.00000000,2206.00000000,0.04385443
226.00000000,2207.00000000,0.04378185
226.00000000,2208.00000000,0.04384768
226.00000000,2209.00000000,0.04394179
226.00000000,2210.00000000,0.04425868
226.00000000,2211.00000000,0.04454860
226.00000000,2212.00000000,0.04485421
226.00000000,2213.00000000,0.04513597
226.00000000,2214.00000000,0.04549664
226.00000000,2215.00000000,0.04576204
226.00000000,2216.00000000,0.04594968
226.00000000,2217.00000000,0.04617966
226.00000000,2218.00000000,0.04617421
226.00000000,2219.00000000,0.04630985
226.00000000,2220.00000000,0.04657505
226.00000000,2221.00000000,0.04685603
226.00000000,2222.00000000,0.04714826
226.00000000,2223.00000000,0.04740931
226.00000000,2224.00000000,0.04751107
226.00000000,2225.00000000,0.04762824
226.00000000,2226.00000000,0.04796127
226.00000000,2227.00000000,0.04829121
226.00000000,2228.00000000,0.04849888
226.00000000,2229.00000000,0.04903951
226.00000000,2230.00000000,0.04964097
226.00000000,2231.00000000,0.05014493
226.00000000,2232.00000000,0.05052506
226.00000000,2233.00000000,0.05090834
226.00000000,2234.00000000,0.05129487
226.00000000,2235.00000000,0.05168432
226.00000000,2236.00000000,0.05207672
226.00000000,2237.00000000,0.05255518
226.00000000,2238.00000000,0.05303706
226.00000000,2239.00000000,0.05352240
226.00000000,2240.00000000,0.05401118
226.00000000,2241.00000000,0.05450336
226.00000000,2242.00000000,0.05499898
226.00000000,2243.00000000,0.05549801
226.00000000,2244.00000000,0.05600039
226.00000000,2245.00000000,0.05650618
226.00000000,2246.00000000,0.05701534
226.00000000,2247.00000000,0.05749025
226.00000000,2248.00000000,0.05796836
226.00000000,2249.00000000,0.05844955
226.00000000,2250.00000000,0.05893353
226.00000000,2251.00000000,0.05941950
226.00000000,2252.00000000,0.05990673
226.00000000,2253.00000000,0.06039487
226.00000000,2254.00000000,0.06088371
226.00000000,2255.00000000,0.06137313
226.00000000,2256.00000000,0.06186321
226.00000000,2257.00000000,0.06243390
226.00000000,2258.00000000,0.06300551
226.00000000,2259.00000000,0.06357807
226.00000000,2260.00000000,0.06415152
226.00000000,2261.00000000,0.06472583
226.00000000,2262.00000000,0.06530111
226.00000000,2263.00000000,0.06587731
226.00000000,2264.00000000,0.06645452
226.00000000,2265.00000000,0.06703271
226.00000000,2266.00000000,0.06761185
226.00000000,2267.00000000,0.06825151
226.00000000,2268.00000000,0.06889237
226.00000000,2269.00000000,0.06953435
226.00000000,2270.00000000,0.07017749
226.00000000,2271.00000000,0.07082170
226.00000000,2272.00000000,0.07146691
226.00000000,2273.00000000,0.07211313
226.00000000,2274.00000000,0.07276027
226.00000000,2275.00000000,0.07340832
226.00000000,2276.00000000,0.07405723
226.00000000,2277.00000000,0.07470347
226.00000000,2278.00000000,0.07535049
226.00000000,2279.00000000,0.07599819
226.00000000,2280.00000000,0.07664649
226.00000000,2281.00000000,0.07729540
226.00000000,2282.00000000,0.07794483
226.00000000,2283.00000000,0.07859468
226.00000000,2284.00000000,0.07924496
226.00000000,2285.00000000,0.07989554
226.00000000,2286.00000000,0.08054631
226.00000000,2287.00000000,0.08106289
226.00000000,2288.00000000,0.08157909
226.00000000,2289.00000000,0.08209492
226.00000000,2290.00000000,0.08261036
226.00000000,2291.00000000,0.08312531
226.00000000,2292.00000000,0.08363984
226.00000000,2293.00000000,0.08415387
226.00000000,2294.00000000,0.08466732
226.00000000,2295.00000000,0.08518023
226.00000000,2296.00000000,0.08569249
226.00000000,2297.00000000,0.08608131
226.00000000,2298.00000000,0.08646908
226.00000000,2299.00000000,0.08685571
226.00000000,2300.00000000,0.08724130
226.00000000,2301.00000000,0.08762578
226.00000000,2302.00000000,0.08800910
226.00000000,2303.00000000,0.08839133
226.00000000,2304.00000000,0.08877243
226.00000000,2305.00000000,0.08915232
226.00000000,2306.00000000,0.08953106
226.00000000,2307.00000000,0.08983934
226.00000000,2308.00000000,0.09014616
226.00000000,2309.00000000,0.09045162
226.00000000,2310.00000000,0.09075565
226.00000000,2311.00000000,0.09105834
226.00000000,2312.00000000,0.09135963
226.00000000,2313.00000000,0.09165948
226.00000000,2314.00000000,0.09195800
226.00000000,2315.00000000,0.09225510
226.00000000,2316.00000000,0.09255074
226.00000000,2317.00000000,0.09277294
226.00000000,2318.00000000,0.09299352
226.00000000,2319.00000000,0.09321245
226.00000000,2320.00000000,0.09342986
226.00000000,2321.00000000,0.09364571
226.00000000,2322.00000000,0.09385990
226.00000000,2323.00000000,0.09407263
226.00000000,2324.00000000,0.09428374
226.00000000,2325.00000000,0.09449337
226.00000000,2326.00000000,0.09470145
226.00000000,2327.00000000,0.09485216
226.00000000,2328.00000000,0.09500128
226.00000000,2329.00000000,0.09514875
226.00000000,2330.00000000,0.09529451
226.00000000,2331.00000000,0.09543871
226.00000000,2332.00000000,0.09558130
226.00000000,2333.00000000,0.09572222
226.00000000,2334.00000000,0.09586162
226.00000000,2335.00000000,0.09599936
226.00000000,2336.00000000,0.09613560
226.00000000,2337.00000000,0.09627026
226.00000000,2338.00000000,0.09640330
226.00000000,2339.00000000,0.09653486
226.00000000,2340.00000000,0.09666489
226.00000000,2341.00000000,0.09679329
226.00000000,2342.00000000,0.09692024
226.00000000,2343.00000000,0.09704567
226.00000000,2344.00000000,0.09716949
226.00000000,2345.00000000,0.09729185
226.00000000,2346.00000000,0.09741272
226.00000000,2347.00000000,0.09753199
226.00000000,2348.00000000,0.09764983
226.00000000,2349.00000000,0.09776609
226.00000000,2350.00000000,0.09788092
226.00000000,2351.00000000,0.09799426
226.00000000,2352.00000000,0.09810600
226.00000000,2353.00000000,0.09821635
226.00000000,2354.00000000,0.09832520
226.00000000,2355.00000000,0.09843246
226.00000000,2356.00000000,0.09853834
226.00000000,2357.00000000,0.09864272
226.00000000,2358.00000000,0.09874550
226.00000000,2359.00000000,0.09884689
226.00000000,2360.00000000,0.09894668
226.00000000,2361.00000000,0.09904508
226.00000000,2362.00000000,0.09914197
226.00000000,2363.00000000,0.09923727
226.00000000,2364.00000000,0.09933115
226.00000000,2365.00000000,0.09942351
226.00000000,2366.00000000,0.09951428
226.00000000,2367.00000000,0.09960360
226.00000000,2368.00000000,0.09969139
226.00000000,2369.00000000,0.09977755
226.00000000,2370.00000000,0.09986225
226.00000000,2371.00000000,0.09994531
226.00000000,2372.00000000,0.10002688
226.00000000,2373.00000000,0.10010688
226.00000000,2374.00000000,0.10018518
226.00000000,2375.00000000,0.10026190
226.00000000,2376.00000000,0.10033692
226.00000000,2377.00000000,0.10002228
226.00000000,2378.00000000,0.09970560
226.00000000,2379.00000000,0.09938679
226.00000000,2380.00000000,0.09906585
226.00000000,2381.00000000,0.09874297
226.00000000,2382.00000000,0.09841811
226.00000000,2383.00000000,0.09809124
226.00000000,2384.00000000,0.09776255
226.00000000,2385.00000000,0.09743193
226.00000000,2386.00000000,0.09709955
226.00000000,2387.00000000,0.09676538
226.00000000,2388.00000000,0.09642940
226.00000000,2389.00000000,0.09609177
226.00000000,2390.00000000,0.09575246
226.00000000,2391.00000000,0.09541144
226.00000000,2392.00000000,0.09506886
226.00000000,2393.00000000,0.09472471
226.00000000,2394.00000000,0.09437895
226.00000000,2395.00000000,0.09403173
226.00000000,2396.00000000,0.09368297
226.00000000,2397.00000000,0.09333280
226.00000000,2398.00000000,0.09298122
226.00000000,2399.00000000,0.09262817
226.00000000,2400.00000000,0.09227382
226.00000000,2401.00000000,0.09191815
226.00000000,2402.00000000,0.09156107
226.00000000,2403.00000000,0.09120281
226.00000000,2404.00000000,0.09084328
226.00000000,2405.00000000,0.09048246
226.00000000,2406.00000000,0.09012050
226.00000000,2407.00000000,0.08975739
226.00000000,2408.00000000,0.08939304
226.00000000,2409.00000000,0.08902764
226.00000000,2410.00000000,0.08866107
226.00000000,2411.00000000,0.08829350
226.00000000,2412.00000000,0.08792486
226.00000000,2413.00000000,0.08755513
226.00000000,2414.00000000,0.08718446
226.00000000,2415.00000000,0.08681280
226.00000000,2416.00000000,0.08644011
226.00000000,2417.00000000,0.08606656
226.00000000,2418.00000000,0.08569207
226.00000000,2419.00000000,0.08531661
226.00000000,2420.00000000,0.08494035
226.00000000,2421.00000000,0.08456316
226.00000000,2422.00000000,0.08418520
226.00000000,2423.00000000,0.08380641
226.00000000,2424.00000000,0.08342675
226.00000000,2425.00000000,0.08304639
226.00000000,2426.00000000,0.08266527
226.00000000,2427.00000000,0.08228332
226.00000000,2428.00000000,0.08190073
226.00000000,2429.00000000,0.08151742
226.00000000,2430.00000000,0.08113336
226.00000000,2431.00000000,0.08074869
226.00000000,2432.00000000,0.08036338
226.00000000,2433.00000000,0.07997734
226.00000000,2434.00000000,0.07959077
226.00000000,2435.00000000,0.07920353
226.00000000,2436.00000000,0.07881575
226.00000000,2437.00000000,0.07842741
226.00000000,2438.00000000,0.07803846
226.00000000,2439.00000000,0.07764902
226.00000000,2440.00000000,0.07725907
226.00000000,2441.00000000,0.07686853
226.00000000,2442.00000000,0.07647758
226.00000000,2443.00000000,0.07608615
226.00000000,2444.00000000,0.07569419
226.00000000,2445.00000000,0.07530185
226.00000000,2446.00000000,0.07490900
226.00000000,2447.00000000,0.07451581
226.00000000,2448.00000000,0.07412221
226.00000000,2449.00000000,0.07372816
226.00000000,2450.00000000,0.07333380
226.00000000,2451.00000000,0.07293908
226.00000000,2452.00000000,0.07254394
226.00000000,2453.00000000,0.07214853
226.00000000,2454.00000000,0.07175280
226.00000000,2455.00000000,0.07135668
226.00000000,2456.00000000,0.07096034
226.00000000,2457.00000000,0.07056365
226.00000000,2458.00000000,0.07016676
226.00000000,2459.00000000,0.06976961
226.00000000,2460.00000000,0.06937215
226.00000000,2461.00000000,0.06897452
226.00000000,2462.00000000,0.06857667
226.00000000,2463.00000000,0.06817855
226.00000000,2464.00000000,0.06778031
226.00000000,2465.00000000,0.06738188
226.00000000,2466.00000000,0.06698321
226.00000000,2467.00000000,0.06658447
226.00000000,2468.00000000,0.06618558
226.00000000,2469.00000000,0.06578649
226.00000000,2470.00000000,0.06538736
226.00000000,2471.00000000,0.06498805
226.00000000,2472.00000000,0.06458874
226.00000000,2473.00000000,0.06418939
226.00000000,2474.00000000,0.06378994
226.00000000,2475.00000000,0.06347430
226.00000000,2476.00000000,0.06340516
226.00000000,2477.00000000,0.06340341
226.00000000,2478.00000000,0.06340183
226.00000000,2479.00000000,0.06340036
226.00000000,2480.00000000,0.06339891
226.00000000,2481.00000000,0.06339764
226.00000000,2482.00000000,0.06340695
226.00000000,2483.00000000,0.06341642
226.00000000,2484.00000000,0.06342600
226.00000000,2485.00000000,0.06343558
226.00000000,2486.00000000,0.06344532
226.00000000,2487.00000000,0.06343429
226.00000000,2488.00000000,0.06342324
226.00000000,2489.00000000,0.06341235
226.00000000,2490.00000000,0.06340153
226.00000000,2491.00000000,0.06339070
226.00000000,2492.00000000,0.06338001
226.00000000,2493.00000000,0.06336940
226.00000000,2494.00000000,0.06335876
226.00000000,2495.00000000,0.06334827
226.00000000,2496.00000000,0.06333776
226.00000000,2497.00000000,0.06332738
226.00000000,2498.00000000,0.06331707
226.00000000,2499.00000000,0.06330673
226.00000000,2500.00000000,0.06329652
227.00000000,1765.00000000,0.03982516
227.00000000,1766.00000000,0.03982509
227.00000000,1767.00000000,0.03982524
227.00000000,1768.00000000,0.03982513
227.00000000,1769.00000000,0.03982547
227.00000000,1770.00000000,0.03982547
227.00000000,1771.00000000,0.03982578
227.00000000,1772.00000000,0.03982631
227.00000000,1773.00000000,0.03982659
227.00000000,1774.00000000,0.03982716
227.00000000,1775.00000000,0.03982775
227.00000000,1776.00000000,0.03982845
227.00000000,1777.00000000,0.03982914
227.00000000,1778.00000000,0.03983001
227.00000000,1779.00000000,0.03983086
227.00000000,1780.00000000,0.03983184
227.00000000,1781.00000000,0.03983292
227.00000000,1782.00000000,0.03983403
227.00000000,1783.00000000,0.03983518
227.00000000,1784.00000000,0.03983646
227.00000000,1785.00000000,0.03983759
227.00000000,1786.00000000,0.03983887
227.00000000,1787.00000000,0.03984033
227.00000000,1788.00000000,0.03984173
227.00000000,1789.00000000,0.03984309
227.00000000,1790.00000000,0.03984471
227.00000000,1791.00000000,0.03984618
227.00000000,1792.00000000,0.03984782
227.00000000,1793.00000000,0.03984947
227.00000000,1794.00000000,0.03985109
227.00000000,1795.00000000,0.03985283
227.00000000,1796.00000000,0.03985455
227.00000000,1797.00000000,0.03985637
227.00000000,1798.00000000,0.03985819
227.00000000,1799.00000000,0.03985986
227.00000000,1800.00000000,0.03986180
227.00000000,1801.00000000,0.03986365
227.00000000,1802.00000000,0.03986552
227.00000000,1803.00000000,0.03986735
227.00000000,1804.00000000,0.03986922
227.00000000,1805.00000000,0.03987125
227.00000000,1806.00000000,0.03987315
227.00000000,1807.00000000,0.03987513
227.00000000,1808.00000000,0.03987707
227.00000000,1809.00000000,0.03987915
227.00000000,1810.00000000,0.03988112
227.00000000,1811.00000000,0.03988309
227.00000000,1812.00000000,0.03988516
227.00000000,1813.00000000,0.03988714
227.00000000,1814.00000000,0.03988927
227.00000000,1815.00000000,0.03989131
227.00000000,1816.00000000,0.03989331
227.00000000,1817.00000000,0.03989545
227.00000000,1818.00000000,0.03989743
227.00000000,1819.00000000,0.03989956
227.00000000,1820.00000000,0.03990165
227.00000000,1821.00000000,0.03990371
227.00000000,1822.00000000,0.03990577
227.00000000,1823.00000000,0.03990777
227.00000000,1824.00000000,0.03990984
227.00000000,1825.00000000,0.03991190
227.00000000,1826.00000000,0.03991397
227.00000000,1827.00000000,0.03991612
227.00000000,1828.00000000,0.03991815
227.00000000,1829.00000000,0.03992015
227.00000000,1830.00000000,0.03992220
227.00000000,1831.00000000,0.03992429
227.00000000,1832.00000000,0.03992624
227.00000000,1833.00000000,0.03992832
227.00000000,1834.00000000,0.03993024
227.00000000,1835.00000000,0.03993225
227.00000000,1836.00000000,0.03993428
227.00000000,1837.00000000,0.03993627
227.00000000,1838.00000000,0.03993820
227.00000000,1839.00000000,0.03994012
227.00000000,1840.00000000,0.03994205
227.00000000,1841.00000000,0.03994400
227.00000000,1842.00000000,0.03994591
227.00000000,1843.00000000,0.03994780
227.00000000,1844.00000000,0.03994965
227.00000000,1845.00000000,0.03995154
227.00000000,1846.00000000,0.03995335
227.00000000,1847.00000000,0.03995525
227.00000000,1848.00000000,0.03995691
227.00000000,1849.00000000,0.03995870
227.00000000,1850.00000000,0.03996049
227.00000000,1851.00000000,0.03996224
227.00000000,1852.00000000,0.03996391
227.00000000,1853.00000000,0.03996573
227.00000000,1854.00000000,0.03996772
227.00000000,1855.00000000,0.03996962
227.00000000,1856.00000000,0.03997148
227.00000000,1857.00000000,0.03997325
227.00000000,1858.00000000,0.03997504
227.00000000,1859.00000000,0.03997670
227.00000000,1860.00000000,0.03997840
227.00000000,1861.00000000,0.03998008
227.00000000,1862.00000000,0.03998155
227.00000000,1863.00000000,0.03998280
227.00000000,1864.00000000,0.03998375
227.00000000,1865.00000000,0.03998436
227.00000000,1866.00000000,0.03998491
227.00000000,1867.00000000,0.03998524
227.00000000,1868.00000000,0.03998536
227.00000000,1869.00000000,0.03998545
227.00000000,1870.00000000,0.03998541
227.00000000,1871.00000000,0.03998511
227.00000000,1872.00000000,0.03998498
227.00000000,1873.00000000,0.03998522
227.00000000,1874.00000000,0.03998572
227.00000000,1875.00000000,0.03998639
227.00000000,1876.00000000,0.03998726
227.00000000,1877.00000000,0.03998813
227.00000000,1878.00000000,0.03998918
227.00000000,1879.00000000,0.03999013
227.00000000,1880.00000000,0.03999117
227.00000000,1881.00000000,0.03999225
227.00000000,1882.00000000,0.03999343
227.00000000,1883.00000000,0.03999421
227.00000000,1884.00000000,0.03999483
227.00000000,1885.00000000,0.03999530
227.00000000,1886.00000000,0.03999565
227.00000000,1887.00000000,0.03999595
227.00000000,1888.00000000,0.03999618
227.00000000,1889.00000000,0.03999610
227.00000000,1890.00000000,0.03999598
227.00000000,1891.00000000,0.03999565
227.00000000,1892.00000000,0.03999512
227.00000000,1893.00000000,0.03999452
227.00000000,1894.00000000,0.03999393
227.00000000,1895.00000000,0.03999341
227.00000000,1896.00000000,0.03999284
227.00000000,1897.00000000,0.03999223
227.00000000,1898.00000000,0.03999152
227.00000000,1899.00000000,0.03999077
227.00000000,1900.00000000,0.03998981
227.00000000,1901.00000000,0.03998874
227.00000000,1902.00000000,0.03998771
227.00000000,1903.00000000,0.03998673
227.00000000,1904.00000000,0.03998574
227.00000000,1905.00000000,0.03998487
227.00000000,1906.00000000,0.03998418
227.00000000,1907.00000000,0.03998348
227.00000000,1908.00000000,0.03998272
227.00000000,1909.00000000,0.03998193
227.00000000,1910.00000000,0.03998120
227.00000000,1911.00000000,0.03998031
227.00000000,1912.00000000,0.03997910
227.00000000,1913.00000000,0.03997739
227.00000000,1914.00000000,0.03997522
227.00000000,1915.00000000,0.03997275
227.00000000,1916.00000000,0.03997023
227.00000000,1917.00000000,0.03996770
227.00000000,1918.00000000,0.03996505
227.00000000,1919.00000000,0.03996240
227.00000000,1920.00000000,0.03996000
227.00000000,1921.00000000,0.03995795
227.00000000,1922.00000000,0.03995638
227.00000000,1923.00000000,0.03995513
227.00000000,1924.00000000,0.03995393
227.00000000,1925.00000000,0.03995265
227.00000000,1926.00000000,0.03995128
227.00000000,1927.00000000,0.03994989
227.00000000,1928.00000000,0.03994861
227.00000000,1929.00000000,0.03994723
227.00000000,1930.00000000,0.03994591
227.00000000,1931.00000000,0.03994520
227.00000000,1932.00000000,0.03994503
227.00000000,1933.00000000,0.03994529
227.00000000,1934.00000000,0.03994583
227.00000000,1935.00000000,0.03994632
227.00000000,1936.00000000,0.03994641
227.00000000,1937.00000000,0.03994611
227.00000000,1938.00000000,0.03994507
227.00000000,1939.00000000,0.03994356
227.00000000,1940.00000000,0.03994170
227.00000000,1941.00000000,0.03993924
227.00000000,1942.00000000,0.03993622
227.00000000,1943.00000000,0.03993284
227.00000000,1944.00000000,0.03992918
227.00000000,1945.00000000,0.03992542
227.00000000,1946.00000000,0.03992219
227.00000000,1947.00000000,0.03991982
227.00000000,1948.00000000,0.03991783
227.00000000,1949.00000000,0.03991587
227.00000000,1950.00000000,0.03991381
227.00000000,1951.00000000,0.03991167
227.00000000,1952.00000000,0.03990987
227.00000000,1953.00000000,0.03990818
227.00000000,1954.00000000,0.03990646
227.00000000,1955.00000000,0.03990487
227.00000000,1956.00000000,0.03990326
227.00000000,1957.00000000,0.03990149
227.00000000,1958.00000000,0.03989946
227.00000000,1959.00000000,0.03989711
227.00000000,1960.00000000,0.03989377
227.00000000,1961.00000000,0.03988948
227.00000000,1962.00000000,0.03988472
227.00000000,1963.00000000,0.03987949
227.00000000,1964.00000000,0.03987362
227.00000000,1965.00000000,0.03986706
227.00000000,1966.00000000,0.03985975
227.00000000,1967.00000000,0.03985169
227.00000000,1968.00000000,0.03984284
227.00000000,1969.00000000,0.03983282
227.00000000,1970.00000000,0.03982153
227.00000000,1971.00000000,0.03980846
227.00000000,1972.00000000,0.03979319
227.00000000,1973.00000000,0.03977604
227.00000000,1974.00000000,0.03975732
227.00000000,1975.00000000,0.03973769
227.00000000,1976.00000000,0.03971776
227.00000000,1977.00000000,0.03969789
227.00000000,1978.00000000,0.03967789
227.00000000,1979.00000000,0.03965772
227.00000000,1980.00000000,0.03963715
227.00000000,1981.00000000,0.03961646
227.00000000,1982.00000000,0.03959677
227.00000000,1983.00000000,0.03957923
227.00000000,1984.00000000,0.03956381
227.00000000,1985.00000000,0.03955001
227.00000000,1986.00000000,0.03953713
227.00000000,1987.00000000,0.03952469
227.00000000,1988.00000000,0.03951233
227.00000000,1989.00000000,0.03949981
227.00000000,1990.00000000,0.03948701
227.00000000,1991.00000000,0.03947408
227.00000000,1992.00000000,0.03946143
227.00000000,1993.00000000,0.03945266
227.00000000,1994.00000000,0.03944084
227.00000000,1995.00000000,0.03942946
227.00000000,1996.00000000,0.03941818
227.00000000,1997.00000000,0.03940665
227.00000000,1998.00000000,0.03939592
227.00000000,1999.00000000,0.03938394
227.00000000,2000.00000000,0.03937203
227.00000000,2001.00000000,0.03935995
227.00000000,2002.00000000,0.03934767
227.00000000,2003.00000000,0.03933538
227.00000000,2004.00000000,0.03932247
227.00000000,2005.00000000,0.03930820
227.00000000,2006.00000000,0.03929190
227.00000000,2007.00000000,0.03927355
227.00000000,2008.00000000,0.03925460
227.00000000,2009.00000000,0.03923277
227.00000000,2010.00000000,0.03920946
227.00000000,2011.00000000,0.03918480
227.00000000,2012.00000000,0.03915875
227.00000000,2013.00000000,0.03913133
227.00000000,2014.00000000,0.03910257
227.00000000,2015.00000000,0.03907235
227.00000000,2016.00000000,0.03904082
227.00000000,2017.00000000,0.03900799
227.00000000,2018.00000000,0.03897514
227.00000000,2019.00000000,0.03893993
227.00000000,2020.00000000,0.03890358
227.00000000,2021.00000000,0.03886626
227.00000000,2022.00000000,0.03882798
227.00000000,2023.00000000,0.03878893
227.00000000,2024.00000000,0.03875042
227.00000000,2025.00000000,0.03871014
227.00000000,2026.00000000,0.03866926
227.00000000,2027.00000000,0.03862916
227.00000000,2028.00000000,0.03858742
227.00000000,2029.00000000,0.03854765
227.00000000,2030.00000000,0.03850397
227.00000000,2031.00000000,0.03846106
227.00000000,2032.00000000,0.03841778
227.00000000,2033.00000000,0.03837512
227.00000000,2034.00000000,0.03833059
227.00000000,2035.00000000,0.03828542
227.00000000,2036.00000000,0.03823955
227.00000000,2037.00000000,0.03819296
227.00000000,2038.00000000,0.03814691
227.00000000,2039.00000000,0.03809902
227.00000000,2040.00000000,0.03805047
227.00000000,2041.00000000,0.03800134
227.00000000,2042.00000000,0.03795265
227.00000000,2043.00000000,0.03790320
227.00000000,2044.00000000,0.03785290
227.00000000,2045.00000000,0.03780055
227.00000000,2046.00000000,0.03774737
227.00000000,2047.00000000,0.03769335
227.00000000,2048.00000000,0.03763849
227.00000000,2049.00000000,0.03758407
227.00000000,2050.00000000,0.03752890
227.00000000,2051.00000000,0.03747184
227.00000000,2052.00000000,0.03741534
227.00000000,2053.00000000,0.03735708
227.00000000,2054.00000000,0.03729939
227.00000000,2055.00000000,0.03724005
227.00000000,2056.00000000,0.03718018
227.00000000,2057.00000000,0.03712677
227.00000000,2058.00000000,0.03706491
227.00000000,2059.00000000,0.03700375
227.00000000,2060.00000000,0.03694342
227.00000000,2061.00000000,0.03688165
227.00000000,2062.00000000,0.03682093
227.00000000,2063.00000000,0.03676389
227.00000000,2064.00000000,0.03670273
227.00000000,2065.00000000,0.03664316
227.00000000,2066.00000000,0.03658421
227.00000000,2067.00000000,0.03652691
227.00000000,2068.00000000,0.03646913
227.00000000,2069.00000000,0.03641303
227.00000000,2070.00000000,0.03635634
227.00000000,2071.00000000,0.03630139
227.00000000,2072.00000000,0.03624942
227.00000000,2073.00000000,0.03619388
227.00000000,2074.00000000,0.03614277
227.00000000,2075.00000000,0.03609052
227.00000000,2076.00000000,0.03604154
227.00000000,2077.00000000,0.03599476
227.00000000,2078.00000000,0.03594459
227.00000000,2079.00000000,0.03589874
227.00000000,2080.00000000,0.03585273
227.00000000,2081.00000000,0.03581638
227.00000000,2082.00000000,0.03577219
227.00000000,2083.00000000,0.03573230
227.00000000,2084.00000000,0.03568902
227.00000000,2085.00000000,0.03564680
227.00000000,2086.00000000,0.03560997
227.00000000,2087.00000000,0.03557733
227.00000000,2088.00000000,0.03554123
227.00000000,2089.00000000,0.03550381
227.00000000,2090.00000000,0.03547265
227.00000000,2091.00000000,0.03544347
227.00000000,2092.00000000,0.03541412
227.00000000,2093.00000000,0.03538148
227.00000000,2094.00000000,0.03535558
227.00000000,2095.00000000,0.03532726
227.00000000,2096.00000000,0.03530222
227.00000000,2097.00000000,0.03527609
227.00000000,2098.00000000,0.03525531
227.00000000,2099.00000000,0.03524420
227.00000000,2100.00000000,0.03522751
227.00000000,2101.00000000,0.03518904
227.00000000,2102.00000000,0.03517737
227.00000000,2103.00000000,0.03515484
227.00000000,2104.00000000,0.03513336
227.00000000,2105.00000000,0.03511126
227.00000000,2106.00000000,0.03510357
227.00000000,2107.00000000,0.03510975
227.00000000,2108.00000000,0.03509649
227.00000000,2109.00000000,0.03509049
227.00000000,2110.00000000,0.03508858
227.00000000,2111.00000000,0.03507360
227.00000000,2112.00000000,0.03505836
227.00000000,2113.00000000,0.03504608
227.00000000,2114.00000000,0.03504526
227.00000000,2115.00000000,0.03506436
227.00000000,2116.00000000,0.03505012
227.00000000,2117.00000000,0.03506747
227.00000000,2118.00000000,0.03507170
227.00000000,2119.00000000,0.03506170
227.00000000,2120.00000000,0.03504600
227.00000000,2121.00000000,0.03504908
227.00000000,2122.00000000,0.03506347
227.00000000,2123.00000000,0.03506788
227.00000000,2124.00000000,0.03508147
227.00000000,2125.00000000,0.03509997
227.00000000,2126.00000000,0.03513714
227.00000000,2127.00000000,0.03515908
227.00000000,2128.00000000,0.03517209
227.00000000,2129.00000000,0.03518154
227.00000000,2130.00000000,0.03523080
227.00000000,2131.00000000,0.03523402
227.00000000,2132.00000000,0.03527170
227.00000000,2133.00000000,0.03531519
227.00000000,2134.00000000,0.03539399
227.00000000,2135.00000000,0.03535582
227.00000000,2136.00000000,0.03539097
227.00000000,2137.00000000,0.03542539
227.00000000,2138.00000000,0.03544218
227.00000000,2139.00000000,0.03548675
227.00000000,2140.00000000,0.03555378
227.00000000,2141.00000000,0.03545538
227.00000000,2142.00000000,0.03544285
227.00000000,2143.00000000,0.03550995
227.00000000,2144.00000000,0.03556796
227.00000000,2145.00000000,0.03554932
227.00000000,2146.00000000,0.03541406
227.00000000,2147.00000000,0.03554921
227.00000000,2148.00000000,0.03541599
227.00000000,2149.00000000,0.03546362
227.00000000,2150.00000000,0.03559928
227.00000000,2151.00000000,0.03559653
227.00000000,2152.00000000,0.03561508
227.00000000,2153.00000000,0.03563113
227.00000000,2154.00000000,0.03572402
227.00000000,2155.00000000,0.03573894
227.00000000,2156.00000000,0.03583699
227.00000000,2157.00000000,0.03575578
227.00000000,2158.00000000,0.03565425
227.00000000,2159.00000000,0.03557563
227.00000000,2160.00000000,0.03564563
227.00000000,2161.00000000,0.03575368
227.00000000,2162.00000000,0.03583648
227.00000000,2163.00000000,0.03597316
227.00000000,2164.00000000,0.03608654
227.00000000,2165.00000000,0.03604758
227.00000000,2166.00000000,0.03613421
227.00000000,2167.00000000,0.03628310
227.00000000,2168.00000000,0.03635778
227.00000000,2169.00000000,0.03640570
227.00000000,2170.00000000,0.03649889
227.00000000,2171.00000000,0.03653345
227.00000000,2172.00000000,0.03634136
227.00000000,2173.00000000,0.03647098
227.00000000,2174.00000000,0.03668378
227.00000000,2175.00000000,0.03681693
227.00000000,2176.00000000,0.03681682
227.00000000,2177.00000000,0.03709737
227.00000000,2178.00000000,0.03730246
227.00000000,2179.00000000,0.03739213
227.00000000,2180.00000000,0.03750185
227.00000000,2181.00000000,0.03759098
227.00000000,2182.00000000,0.03784733
227.00000000,2183.00000000,0.03805974
227.00000000,2184.00000000,0.03822791
227.00000000,2185.00000000,0.03836348
227.00000000,2186.00000000,0.03857843
227.00000000,2187.00000000,0.03877698
227.00000000,2188.00000000,0.03887162
227.00000000,2189.00000000,0.03906433
227.00000000,2190.00000000,0.03930465
227.00000000,2191.00000000,0.03956019
227.00000000,2192.00000000,0.03979292
227.00000000,2193.00000000,0.04005281
227.00000000,2194.00000000,0.04025599
227.00000000,2195.00000000,0.04053858
227.00000000,2196.00000000,0.04086162
227.00000000,2197.00000000,0.04125696
227.00000000,2198.00000000,0.04152205
227.00000000,2199.00000000,0.04180341
227.00000000,2200.00000000,0.04216152
227.00000000,2201.00000000,0.04227195
227.00000000,2202.00000000,0.04234196
227.00000000,2203.00000000,0.04274121
227.00000000,2204.00000000,0.04300798
227.00000000,2205.00000000,0.04319906
227.00000000,2206.00000000,0.04362012
227.00000000,2207.00000000,0.04366897
227.00000000,2208.00000000,0.04359748
227.00000000,2209.00000000,0.04366381
227.00000000,2210.00000000,0.04375829
227.00000000,2211.00000000,0.04407464
227.00000000,2212.00000000,0.04436412
227.00000000,2213.00000000,0.04466924
227.00000000,2214.00000000,0.04495061
227.00000000,2215.00000000,0.04531057
227.00000000,2216.00000000,0.04557565
227.00000000,2217.00000000,0.04576330
227.00000000,2218.00000000,0.04599310
227.00000000,2219.00000000,0.04598844
227.00000000,2220.00000000,0.04612430
227.00000000,2221.00000000,0.04638919
227.00000000,2222.00000000,0.04666981
227.00000000,2223.00000000,0.04696164
227.00000000,2224.00000000,0.04722242
227.00000000,2225.00000000,0.04732453
227.00000000,2226.00000000,0.04744200
227.00000000,2227.00000000,0.04777448
227.00000000,2228.00000000,0.04810390
227.00000000,2229.00000000,0.04831152
227.00000000,2230.00000000,0.04885083
227.00000000,2231.00000000,0.04945075
227.00000000,2232.00000000,0.04995355
227.00000000,2233.00000000,0.05033301
227.00000000,2234.00000000,0.05071561
227.00000000,2235.00000000,0.05110147
227.00000000,2236.00000000,0.05149023
227.00000000,2237.00000000,0.05188195
227.00000000,2238.00000000,0.05235941
227.00000000,2239.00000000,0.05284030
227.00000000,2240.00000000,0.05332465
227.00000000,2241.00000000,0.05381243
227.00000000,2242.00000000,0.05430361
227.00000000,2243.00000000,0.05479823
227.00000000,2244.00000000,0.05529626
227.00000000,2245.00000000,0.05579765
227.00000000,2246.00000000,0.05630245
227.00000000,2247.00000000,0.05681061
227.00000000,2248.00000000,0.05728466
227.00000000,2249.00000000,0.05776184
227.00000000,2250.00000000,0.05824172
227.00000000,2251.00000000,0.05872363
227.00000000,2252.00000000,0.05920682
227.00000000,2253.00000000,0.05969087
227.00000000,2254.00000000,0.06017564
227.00000000,2255.00000000,0.06066103
227.00000000,2256.00000000,0.06114697
227.00000000,2257.00000000,0.06163354
227.00000000,2258.00000000,0.06220044
227.00000000,2259.00000000,0.06276825
227.00000000,2260.00000000,0.06333704
227.00000000,2261.00000000,0.06390675
227.00000000,2262.00000000,0.06447741
227.00000000,2263.00000000,0.06504909
227.00000000,2264.00000000,0.06562175
227.00000000,2265.00000000,0.06619546
227.00000000,2266.00000000,0.06677017
227.00000000,2267.00000000,0.06734586
227.00000000,2268.00000000,0.06798185
227.00000000,2269.00000000,0.06861906
227.00000000,2270.00000000,0.06925741
227.00000000,2271.00000000,0.06989694
227.00000000,2272.00000000,0.07053755
227.00000000,2273.00000000,0.07117918
227.00000000,2274.00000000,0.07182184
227.00000000,2275.00000000,0.07246542
227.00000000,2276.00000000,0.07310995
227.00000000,2277.00000000,0.07375534
227.00000000,2278.00000000,0.07439809
227.00000000,2279.00000000,0.07504165
227.00000000,2280.00000000,0.07568589
227.00000000,2281.00000000,0.07633075
227.00000000,2282.00000000,0.07697623
227.00000000,2283.00000000,0.07762226
227.00000000,2284.00000000,0.07826870
227.00000000,2285.00000000,0.07891560
227.00000000,2286.00000000,0.07956281
227.00000000,2287.00000000,0.08021022
227.00000000,2288.00000000,0.08072402
227.00000000,2289.00000000,0.08123745
227.00000000,2290.00000000,0.08175054
227.00000000,2291.00000000,0.08226324
227.00000000,2292.00000000,0.08277548
227.00000000,2293.00000000,0.08328731
227.00000000,2294.00000000,0.08379866
227.00000000,2295.00000000,0.08430943
227.00000000,2296.00000000,0.08481968
227.00000000,2297.00000000,0.08532931
227.00000000,2298.00000000,0.08571602
227.00000000,2299.00000000,0.08610171
227.00000000,2300.00000000,0.08648626
227.00000000,2301.00000000,0.08686979
227.00000000,2302.00000000,0.08725222
227.00000000,2303.00000000,0.08763351
227.00000000,2304.00000000,0.08801373
227.00000000,2305.00000000,0.08839280
227.00000000,2306.00000000,0.08877069
227.00000000,2307.00000000,0.08914747
227.00000000,2308.00000000,0.08945406
227.00000000,2309.00000000,0.08975923
227.00000000,2310.00000000,0.09006307
227.00000000,2311.00000000,0.09036546
227.00000000,2312.00000000,0.09066655
227.00000000,2313.00000000,0.09096626
227.00000000,2314.00000000,0.09126452
227.00000000,2315.00000000,0.09156147
227.00000000,2316.00000000,0.09185704
227.00000000,2317.00000000,0.09215113
227.00000000,2318.00000000,0.09237211
227.00000000,2319.00000000,0.09259150
227.00000000,2320.00000000,0.09280925
227.00000000,2321.00000000,0.09302548
227.00000000,2322.00000000,0.09324016
227.00000000,2323.00000000,0.09345323
227.00000000,2324.00000000,0.09366483
227.00000000,2325.00000000,0.09387480
227.00000000,2326.00000000,0.09408333
227.00000000,2327.00000000,0.09429032
227.00000000,2328.00000000,0.09444019
227.00000000,2329.00000000,0.09458847
227.00000000,2330.00000000,0.09473513
227.00000000,2331.00000000,0.09488008
227.00000000,2332.00000000,0.09502350
227.00000000,2333.00000000,0.09516531
227.00000000,2334.00000000,0.09530546
227.00000000,2335.00000000,0.09544408
227.00000000,2336.00000000,0.09558108
227.00000000,2337.00000000,0.09571658
227.00000000,2338.00000000,0.09585053
227.00000000,2339.00000000,0.09598285
227.00000000,2340.00000000,0.09611371
227.00000000,2341.00000000,0.09624302
227.00000000,2342.00000000,0.09637074
227.00000000,2343.00000000,0.09649702
227.00000000,2344.00000000,0.09662177
227.00000000,2345.00000000,0.09674493
227.00000000,2346.00000000,0.09686666
227.00000000,2347.00000000,0.09698689
227.00000000,2348.00000000,0.09710553
227.00000000,2349.00000000,0.09722276
227.00000000,2350.00000000,0.09733839
227.00000000,2351.00000000,0.09745262
227.00000000,2352.00000000,0.09756537
227.00000000,2353.00000000,0.09767653
227.00000000,2354.00000000,0.09778630
227.00000000,2355.00000000,0.09789460
227.00000000,2356.00000000,0.09800130
227.00000000,2357.00000000,0.09810663
227.00000000,2358.00000000,0.09821047
227.00000000,2359.00000000,0.09831272
227.00000000,2360.00000000,0.09841358
227.00000000,2361.00000000,0.09851286
227.00000000,2362.00000000,0.09861075
227.00000000,2363.00000000,0.09870714
227.00000000,2364.00000000,0.09880194
227.00000000,2365.00000000,0.09889534
227.00000000,2366.00000000,0.09898723
227.00000000,2367.00000000,0.09907751
227.00000000,2368.00000000,0.09916637
227.00000000,2369.00000000,0.09925372
227.00000000,2370.00000000,0.09933943
227.00000000,2371.00000000,0.09942369
227.00000000,2372.00000000,0.09950631
227.00000000,2373.00000000,0.09958746
227.00000000,2374.00000000,0.09966703
227.00000000,2375.00000000,0.09974493
227.00000000,2376.00000000,0.09982126
227.00000000,2377.00000000,0.09989588
227.00000000,2378.00000000,0.09958256
227.00000000,2379.00000000,0.09926719
227.00000000,2380.00000000,0.09894975
227.00000000,2381.00000000,0.09863015
227.00000000,2382.00000000,0.09830863
227.00000000,2383.00000000,0.09798514
227.00000000,2384.00000000,0.09765966
227.00000000,2385.00000000,0.09733235
227.00000000,2386.00000000,0.09700312
227.00000000,2387.00000000,0.09667215
227.00000000,2388.00000000,0.09633940
227.00000000,2389.00000000,0.09600483
227.00000000,2390.00000000,0.09566864
227.00000000,2391.00000000,0.09533077
227.00000000,2392.00000000,0.09499119
227.00000000,2393.00000000,0.09465008
227.00000000,2394.00000000,0.09430739
227.00000000,2395.00000000,0.09396310
227.00000000,2396.00000000,0.09361736
227.00000000,2397.00000000,0.09327007
227.00000000,2398.00000000,0.09292140
227.00000000,2399.00000000,0.09257132
227.00000000,2400.00000000,0.09221978
227.00000000,2401.00000000,0.09186694
227.00000000,2402.00000000,0.09151279
227.00000000,2403.00000000,0.09115725
227.00000000,2404.00000000,0.09080051
227.00000000,2405.00000000,0.09044252
227.00000000,2406.00000000,0.09008325
227.00000000,2407.00000000,0.08972286
227.00000000,2408.00000000,0.08936129
227.00000000,2409.00000000,0.08899851
227.00000000,2410.00000000,0.08863468
227.00000000,2411.00000000,0.08826968
227.00000000,2412.00000000,0.08790369
227.00000000,2413.00000000,0.08753664
227.00000000,2414.00000000,0.08716850
227.00000000,2415.00000000,0.08679943
227.00000000,2416.00000000,0.08642937
227.00000000,2417.00000000,0.08605828
227.00000000,2418.00000000,0.08568633
227.00000000,2419.00000000,0.08531346
227.00000000,2420.00000000,0.08493962
227.00000000,2421.00000000,0.08456498
227.00000000,2422.00000000,0.08418941
227.00000000,2423.00000000,0.08381308
227.00000000,2424.00000000,0.08343593
227.00000000,2425.00000000,0.08305791
227.00000000,2426.00000000,0.08267918
227.00000000,2427.00000000,0.08229970
227.00000000,2428.00000000,0.08191940
227.00000000,2429.00000000,0.08153846
227.00000000,2430.00000000,0.08115682
227.00000000,2431.00000000,0.08077441
227.00000000,2432.00000000,0.08039141
227.00000000,2433.00000000,0.08000776
227.00000000,2434.00000000,0.07962339
227.00000000,2435.00000000,0.07923849
227.00000000,2436.00000000,0.07885290
227.00000000,2437.00000000,0.07846681
227.00000000,2438.00000000,0.07808016
227.00000000,2439.00000000,0.07769287
227.00000000,2440.00000000,0.07730512
227.00000000,2441.00000000,0.07691686
227.00000000,2442.00000000,0.07652802
227.00000000,2443.00000000,0.07613876
227.00000000,2444.00000000,0.07574902
227.00000000,2445.00000000,0.07535875
227.00000000,2446.00000000,0.07496811
227.00000000,2447.00000000,0.07457697
227.00000000,2448.00000000,0.07418548
227.00000000,2449.00000000,0.07379359
227.00000000,2450.00000000,0.07340124
227.00000000,2451.00000000,0.07300859
227.00000000,2452.00000000,0.07261558
227.00000000,2453.00000000,0.07222215
227.00000000,2454.00000000,0.07182845
227.00000000,2455.00000000,0.07143444
227.00000000,2456.00000000,0.07104004
227.00000000,2457.00000000,0.07064541
227.00000000,2458.00000000,0.07025044
227.00000000,2459.00000000,0.06985526
227.00000000,2460.00000000,0.06945984
227.00000000,2461.00000000,0.06906410
227.00000000,2462.00000000,0.06866820
227.00000000,2463.00000000,0.06827208
227.00000000,2464.00000000,0.06787568
227.00000000,2465.00000000,0.06747917
227.00000000,2466.00000000,0.06708248
227.00000000,2467.00000000,0.06668554
227.00000000,2468.00000000,0.06628853
227.00000000,2469.00000000,0.06589137
227.00000000,2470.00000000,0.06549402
227.00000000,2471.00000000,0.06509662
227.00000000,2472.00000000,0.06469904
227.00000000,2473.00000000,0.06430148
227.00000000,2474.00000000,0.06390386
227.00000000,2475.00000000,0.06350615
227.00000000,2476.00000000,0.06319188
227.00000000,2477.00000000,0.06312301
227.00000000,2478.00000000,0.06312122
227.00000000,2479.00000000,0.06311962
227.00000000,2480.00000000,0.06311812
227.00000000,2481.00000000,0.06311663
227.00000000,2482.00000000,0.06311533
227.00000000,2483.00000000,0.06312456
227.00000000,2484.00000000,0.06313396
227.00000000,2485.00000000,0.06314344
227.00000000,2486.00000000,0.06315295
227.00000000,2487.00000000,0.06316261
227.00000000,2488.00000000,0.06315158
227.00000000,2489.00000000,0.06314055
227.00000000,2490.00000000,0.06312966
227.00000000,2491.00000000,0.06311886
227.00000000,2492.00000000,0.06310803
227.00000000,2493.00000000,0.06309736
227.00000000,2494.00000000,0.06308676
227.00000000,2495.00000000,0.06307612
227.00000000,2496.00000000,0.06306564
227.00000000,2497.00000000,0.06305513
227.00000000,2498.00000000,0.06304477
227.00000000,2499.00000000,0.06303447
227.00000000,2500.00000000,0.06302412
228.00000000,1765.00000000,0.03959721
228.00000000,1766.00000000,0.03959709
228.00000000,1767.00000000,0.03959705
228.00000000,1768.00000000,0.03959724
228.00000000,1769.00000000,0.03959719
228.00000000,1770.00000000,0.03959760
228.00000000,1771.00000000,0.03959767
228.00000000,1772.00000000,0.03959806
228.00000000,1773.00000000,0.03959867
228.00000000,1774.00000000,0.03959902
228.00000000,1775.00000000,0.03959966
228.00000000,1776.00000000,0.03960032
228.00000000,1777.00000000,0.03960109
228.00000000,1778.00000000,0.03960185
228.00000000,1779.00000000,0.03960279
228.00000000,1780.00000000,0.03960371
228.00000000,1781.00000000,0.03960475
228.00000000,1782.00000000,0.03960589
228.00000000,1783.00000000,0.03960705
228.00000000,1784.00000000,0.03960825
228.00000000,1785.00000000,0.03960958
228.00000000,1786.00000000,0.03961076
228.00000000,1787.00000000,0.03961208
228.00000000,1788.00000000,0.03961358
228.00000000,1789.00000000,0.03961502
228.00000000,1790.00000000,0.03961641
228.00000000,1791.00000000,0.03961808
228.00000000,1792.00000000,0.03961957
228.00000000,1793.00000000,0.03962123
228.00000000,1794.00000000,0.03962291
228.00000000,1795.00000000,0.03962456
228.00000000,1796.00000000,0.03962632
228.00000000,1797.00000000,0.03962806
228.00000000,1798.00000000,0.03962990
228.00000000,1799.00000000,0.03963172
228.00000000,1800.00000000,0.03963341
228.00000000,1801.00000000,0.03963537
228.00000000,1802.00000000,0.03963722
228.00000000,1803.00000000,0.03963910
228.00000000,1804.00000000,0.03964093
228.00000000,1805.00000000,0.03964281
228.00000000,1806.00000000,0.03964485
228.00000000,1807.00000000,0.03964675
228.00000000,1808.00000000,0.03964874
228.00000000,1809.00000000,0.03965068
228.00000000,1810.00000000,0.03965276
228.00000000,1811.00000000,0.03965474
228.00000000,1812.00000000,0.03965670
228.00000000,1813.00000000,0.03965876
228.00000000,1814.00000000,0.03966075
228.00000000,1815.00000000,0.03966287
228.00000000,1816.00000000,0.03966491
228.00000000,1817.00000000,0.03966689
228.00000000,1818.00000000,0.03966902
228.00000000,1819.00000000,0.03967099
228.00000000,1820.00000000,0.03967311
228.00000000,1821.00000000,0.03967519
228.00000000,1822.00000000,0.03967724
228.00000000,1823.00000000,0.03967929
228.00000000,1824.00000000,0.03968128
228.00000000,1825.00000000,0.03968333
228.00000000,1826.00000000,0.03968538
228.00000000,1827.00000000,0.03968744
228.00000000,1828.00000000,0.03968957
228.00000000,1829.00000000,0.03969159
228.00000000,1830.00000000,0.03969357
228.00000000,1831.00000000,0.03969559
228.00000000,1832.00000000,0.03969765
228.00000000,1833.00000000,0.03969958
228.00000000,1834.00000000,0.03970165
228.00000000,1835.00000000,0.03970355
228.00000000,1836.00000000,0.03970553
228.00000000,1837.00000000,0.03970754
228.00000000,1838.00000000,0.03970951
228.00000000,1839.00000000,0.03971141
228.00000000,1840.00000000,0.03971330
228.00000000,1841.00000000,0.03971521
228.00000000,1842.00000000,0.03971714
228.00000000,1843.00000000,0.03971902
228.00000000,1844.00000000,0.03972088
228.00000000,1845.00000000,0.03972271
228.00000000,1846.00000000,0.03972456
228.00000000,1847.00000000,0.03972634
228.00000000,1848.00000000,0.03972822
228.00000000,1849.00000000,0.03972985
228.00000000,1850.00000000,0.03973161
228.00000000,1851.00000000,0.03973335
228.00000000,1852.00000000,0.03973506
228.00000000,1853.00000000,0.03973689
228.00000000,1854.00000000,0.03973878
228.00000000,1855.00000000,0.03974074
228.00000000,1856.00000000,0.03974256
228.00000000,1857.00000000,0.03974436
228.00000000,1858.00000000,0.03974607
228.00000000,1859.00000000,0.03974782
228.00000000,1860.00000000,0.03974943
228.00000000,1861.00000000,0.03975108
228.00000000,1862.00000000,0.03975264
228.00000000,1863.00000000,0.03975376
228.00000000,1864.00000000,0.03975472
228.00000000,1865.00000000,0.03975545
228.00000000,1866.00000000,0.03975587
228.00000000,1867.00000000,0.03975624
228.00000000,1868.00000000,0.03975643
228.00000000,1869.00000000,0.03975640
228.00000000,1870.00000000,0.03975635
228.00000000,1871.00000000,0.03975622
228.00000000,1872.00000000,0.03975599
228.00000000,1873.00000000,0.03975622
228.00000000,1874.00000000,0.03975672
228.00000000,1875.00000000,0.03975739
228.00000000,1876.00000000,0.03975820
228.00000000,1877.00000000,0.03975915
228.00000000,1878.00000000,0.03976010
228.00000000,1879.00000000,0.03976121
228.00000000,1880.00000000,0.03976218
228.00000000,1881.00000000,0.03976322
228.00000000,1882.00000000,0.03976430
228.00000000,1883.00000000,0.03976521
228.00000000,1884.00000000,0.03976577
228.00000000,1885.00000000,0.03976625
228.00000000,1886.00000000,0.03976661
228.00000000,1887.00000000,0.03976688
228.00000000,1888.00000000,0.03976707
228.00000000,1889.00000000,0.03976714
228.00000000,1890.00000000,0.03976689
228.00000000,1891.00000000,0.03976659
228.00000000,1892.00000000,0.03976609
228.00000000,1893.00000000,0.03976548
228.00000000,1894.00000000,0.03976487
228.00000000,1895.00000000,0.03976433
228.00000000,1896.00000000,0.03976382
228.00000000,1897.00000000,0.03976321
228.00000000,1898.00000000,0.03976254
228.00000000,1899.00000000,0.03976172
228.00000000,1900.00000000,0.03976080
228.00000000,1901.00000000,0.03975970
228.00000000,1902.00000000,0.03975871
228.00000000,1903.00000000,0.03975770
228.00000000,1904.00000000,0.03975678
228.00000000,1905.00000000,0.03975589
228.00000000,1906.00000000,0.03975514
228.00000000,1907.00000000,0.03975451
228.00000000,1908.00000000,0.03975377
228.00000000,1909.00000000,0.03975297
228.00000000,1910.00000000,0.03975219
228.00000000,1911.00000000,0.03975137
228.00000000,1912.00000000,0.03975014
228.00000000,1913.00000000,0.03974845
228.00000000,1914.00000000,0.03974625
228.00000000,1915.00000000,0.03974383
228.00000000,1916.00000000,0.03974133
228.00000000,1917.00000000,0.03973879
228.00000000,1918.00000000,0.03973617
228.00000000,1919.00000000,0.03973353
228.00000000,1920.00000000,0.03973116
228.00000000,1921.00000000,0.03972910
228.00000000,1922.00000000,0.03972753
228.00000000,1923.00000000,0.03972630
228.00000000,1924.00000000,0.03972511
228.00000000,1925.00000000,0.03972383
228.00000000,1926.00000000,0.03972249
228.00000000,1927.00000000,0.03972111
228.00000000,1928.00000000,0.03971977
228.00000000,1929.00000000,0.03971845
228.00000000,1930.00000000,0.03971716
228.00000000,1931.00000000,0.03971636
228.00000000,1932.00000000,0.03971631
228.00000000,1933.00000000,0.03971649
228.00000000,1934.00000000,0.03971702
228.00000000,1935.00000000,0.03971751
228.00000000,1936.00000000,0.03971770
228.00000000,1937.00000000,0.03971728
228.00000000,1938.00000000,0.03971630
228.00000000,1939.00000000,0.03971478
228.00000000,1940.00000000,0.03971290
228.00000000,1941.00000000,0.03971052
228.00000000,1942.00000000,0.03970748
228.00000000,1943.00000000,0.03970411
228.00000000,1944.00000000,0.03970046
228.00000000,1945.00000000,0.03969677
228.00000000,1946.00000000,0.03969352
228.00000000,1947.00000000,0.03969114
228.00000000,1948.00000000,0.03968918
228.00000000,1949.00000000,0.03968722
228.00000000,1950.00000000,0.03968519
228.00000000,1951.00000000,0.03968304
228.00000000,1952.00000000,0.03968126
228.00000000,1953.00000000,0.03967956
228.00000000,1954.00000000,0.03967786
228.00000000,1955.00000000,0.03967626
228.00000000,1956.00000000,0.03967468
228.00000000,1957.00000000,0.03967289
228.00000000,1958.00000000,0.03967089
228.00000000,1959.00000000,0.03966854
228.00000000,1960.00000000,0.03966520
228.00000000,1961.00000000,0.03966095
228.00000000,1962.00000000,0.03965620
228.00000000,1963.00000000,0.03965097
228.00000000,1964.00000000,0.03964518
228.00000000,1965.00000000,0.03963860
228.00000000,1966.00000000,0.03963132
228.00000000,1967.00000000,0.03962333
228.00000000,1968.00000000,0.03961450
228.00000000,1969.00000000,0.03960455
228.00000000,1970.00000000,0.03959328
228.00000000,1971.00000000,0.03958029
228.00000000,1972.00000000,0.03956510
228.00000000,1973.00000000,0.03954802
228.00000000,1974.00000000,0.03952941
228.00000000,1975.00000000,0.03950986
228.00000000,1976.00000000,0.03949004
228.00000000,1977.00000000,0.03947026
228.00000000,1978.00000000,0.03945036
228.00000000,1979.00000000,0.03943027
228.00000000,1980.00000000,0.03940981
228.00000000,1981.00000000,0.03938921
228.00000000,1982.00000000,0.03936962
228.00000000,1983.00000000,0.03935214
228.00000000,1984.00000000,0.03933678
228.00000000,1985.00000000,0.03932303
228.00000000,1986.00000000,0.03931019
228.00000000,1987.00000000,0.03929779
228.00000000,1988.00000000,0.03928544
228.00000000,1989.00000000,0.03927296
228.00000000,1990.00000000,0.03926018
228.00000000,1991.00000000,0.03924727
228.00000000,1992.00000000,0.03923463
228.00000000,1993.00000000,0.03922227
228.00000000,1994.00000000,0.03921408
228.00000000,1995.00000000,0.03920270
228.00000000,1996.00000000,0.03919141
228.00000000,1997.00000000,0.03917987
228.00000000,1998.00000000,0.03916799
228.00000000,1999.00000000,0.03915719
228.00000000,2000.00000000,0.03914530
228.00000000,2001.00000000,0.03913327
228.00000000,2002.00000000,0.03912094
228.00000000,2003.00000000,0.03910871
228.00000000,2004.00000000,0.03909584
228.00000000,2005.00000000,0.03908158
228.00000000,2006.00000000,0.03906533
228.00000000,2007.00000000,0.03904705
228.00000000,2008.00000000,0.03902693
228.00000000,2009.00000000,0.03900641
228.00000000,2010.00000000,0.03898319
228.00000000,2011.00000000,0.03895860
228.00000000,2012.00000000,0.03893271
228.00000000,2013.00000000,0.03890540
228.00000000,2014.00000000,0.03887671
228.00000000,2015.00000000,0.03884670
228.00000000,2016.00000000,0.03881528
228.00000000,2017.00000000,0.03878261
228.00000000,2018.00000000,0.03874870
228.00000000,2019.00000000,0.03871485
228.00000000,2020.00000000,0.03867871
228.00000000,2021.00000000,0.03864152
228.00000000,2022.00000000,0.03860347
228.00000000,2023.00000000,0.03856461
228.00000000,2024.00000000,0.03852507
228.00000000,2025.00000000,0.03848616
228.00000000,2026.00000000,0.03844555
228.00000000,2027.00000000,0.03840441
228.00000000,2028.00000000,0.03836408
228.00000000,2029.00000000,0.03832217
228.00000000,2030.00000000,0.03828223
228.00000000,2031.00000000,0.03823840
228.00000000,2032.00000000,0.03819528
228.00000000,2033.00000000,0.03815166
228.00000000,2034.00000000,0.03810859
228.00000000,2035.00000000,0.03806361
228.00000000,2036.00000000,0.03801799
228.00000000,2037.00000000,0.03797166
228.00000000,2038.00000000,0.03792464
228.00000000,2039.00000000,0.03787817
228.00000000,2040.00000000,0.03782992
228.00000000,2041.00000000,0.03778099
228.00000000,2042.00000000,0.03773143
228.00000000,2043.00000000,0.03768220
228.00000000,2044.00000000,0.03763217
228.00000000,2045.00000000,0.03758128
228.00000000,2046.00000000,0.03752834
228.00000000,2047.00000000,0.03747462
228.00000000,2048.00000000,0.03742008
228.00000000,2049.00000000,0.03736475
228.00000000,2050.00000000,0.03730988
228.00000000,2051.00000000,0.03725432
228.00000000,2052.00000000,0.03719692
228.00000000,2053.00000000,0.03714011
228.00000000,2054.00000000,0.03708161
228.00000000,2055.00000000,0.03702369
228.00000000,2056.00000000,0.03696418
228.00000000,2057.00000000,0.03690417
228.00000000,2058.00000000,0.03685060
228.00000000,2059.00000000,0.03678867
228.00000000,2060.00000000,0.03672747
228.00000000,2061.00000000,0.03666717
228.00000000,2062.00000000,0.03660568
228.00000000,2063.00000000,0.03654551
228.00000000,2064.00000000,0.03648917
228.00000000,2065.00000000,0.03642882
228.00000000,2066.00000000,0.03637013
228.00000000,2067.00000000,0.03631207
228.00000000,2068.00000000,0.03625564
228.00000000,2069.00000000,0.03619873
228.00000000,2070.00000000,0.03614348
228.00000000,2071.00000000,0.03608766
228.00000000,2072.00000000,0.03603372
228.00000000,2073.00000000,0.03598293
228.00000000,2074.00000000,0.03592872
228.00000000,2075.00000000,0.03587892
228.00000000,2076.00000000,0.03582801
228.00000000,2077.00000000,0.03578033
228.00000000,2078.00000000,0.03573481
228.00000000,2079.00000000,0.03568585
228.00000000,2080.00000000,0.03564115
228.00000000,2081.00000000,0.03559627
228.00000000,2082.00000000,0.03556104
228.00000000,2083.00000000,0.03551808
228.00000000,2084.00000000,0.03547940
228.00000000,2085.00000000,0.03543737
228.00000000,2086.00000000,0.03539637
228.00000000,2087.00000000,0.03536068
228.00000000,2088.00000000,0.03532910
228.00000000,2089.00000000,0.03529406
228.00000000,2090.00000000,0.03525766
228.00000000,2091.00000000,0.03522745
228.00000000,2092.00000000,0.03519929
228.00000000,2093.00000000,0.03517103
228.00000000,2094.00000000,0.03513954
228.00000000,2095.00000000,0.03511474
228.00000000,2096.00000000,0.03508751
228.00000000,2097.00000000,0.03506351
228.00000000,2098.00000000,0.03503839
228.00000000,2099.00000000,0.03501855
228.00000000,2100.00000000,0.03500827
228.00000000,2101.00000000,0.03499247
228.00000000,2102.00000000,0.03495508
228.00000000,2103.00000000,0.03494440
228.00000000,2104.00000000,0.03492293
228.00000000,2105.00000000,0.03490253
228.00000000,2106.00000000,0.03488147
228.00000000,2107.00000000,0.03487471
228.00000000,2108.00000000,0.03488169
228.00000000,2109.00000000,0.03486932
228.00000000,2110.00000000,0.03486414
228.00000000,2111.00000000,0.03486299
228.00000000,2112.00000000,0.03484882
228.00000000,2113.00000000,0.03483435
228.00000000,2114.00000000,0.03482279
228.00000000,2115.00000000,0.03482260
228.00000000,2116.00000000,0.03484219
228.00000000,2117.00000000,0.03482861
228.00000000,2118.00000000,0.03484640
228.00000000,2119.00000000,0.03485114
228.00000000,2120.00000000,0.03484172
228.00000000,2121.00000000,0.03482661
228.00000000,2122.00000000,0.03483016
228.00000000,2123.00000000,0.03484492
228.00000000,2124.00000000,0.03484975
228.00000000,2125.00000000,0.03486370
228.00000000,2126.00000000,0.03488252
228.00000000,2127.00000000,0.03491988
228.00000000,2128.00000000,0.03494210
228.00000000,2129.00000000,0.03495545
228.00000000,2130.00000000,0.03496524
228.00000000,2131.00000000,0.03501460
228.00000000,2132.00000000,0.03501818
228.00000000,2133.00000000,0.03505600
228.00000000,2134.00000000,0.03509960
228.00000000,2135.00000000,0.03517828
228.00000000,2136.00000000,0.03514070
228.00000000,2137.00000000,0.03517599
228.00000000,2138.00000000,0.03521055
228.00000000,2139.00000000,0.03522757
228.00000000,2140.00000000,0.03527221
228.00000000,2141.00000000,0.03533916
228.00000000,2142.00000000,0.03524168
228.00000000,2143.00000000,0.03522955
228.00000000,2144.00000000,0.03529656
228.00000000,2145.00000000,0.03535453
228.00000000,2146.00000000,0.03533633
228.00000000,2147.00000000,0.03520217
228.00000000,2148.00000000,0.03533682
228.00000000,2149.00000000,0.03520470
228.00000000,2150.00000000,0.03525234
228.00000000,2151.00000000,0.03538768
228.00000000,2152.00000000,0.03538597
228.00000000,2153.00000000,0.03540593
228.00000000,2154.00000000,0.03542366
228.00000000,2155.00000000,0.03551789
228.00000000,2156.00000000,0.03553461
228.00000000,2157.00000000,0.03563399
228.00000000,2158.00000000,0.03555508
228.00000000,2159.00000000,0.03545590
228.00000000,2160.00000000,0.03537944
228.00000000,2161.00000000,0.03545071
228.00000000,2162.00000000,0.03555979
228.00000000,2163.00000000,0.03564370
228.00000000,2164.00000000,0.03578116
228.00000000,2165.00000000,0.03589542
228.00000000,2166.00000000,0.03585810
228.00000000,2167.00000000,0.03594565
228.00000000,2168.00000000,0.03609512
228.00000000,2169.00000000,0.03617072
228.00000000,2170.00000000,0.03621967
228.00000000,2171.00000000,0.03631362
228.00000000,2172.00000000,0.03634921
228.00000000,2173.00000000,0.03615926
228.00000000,2174.00000000,0.03628936
228.00000000,2175.00000000,0.03650222
228.00000000,2176.00000000,0.03663581
228.00000000,2177.00000000,0.03663677
228.00000000,2178.00000000,0.03691700
228.00000000,2179.00000000,0.03712212
228.00000000,2180.00000000,0.03721236
228.00000000,2181.00000000,0.03732256
228.00000000,2182.00000000,0.03741223
228.00000000,2183.00000000,0.03766831
228.00000000,2184.00000000,0.03788066
228.00000000,2185.00000000,0.03804898
228.00000000,2186.00000000,0.03818483
228.00000000,2187.00000000,0.03839969
228.00000000,2188.00000000,0.03859822
228.00000000,2189.00000000,0.03869329
228.00000000,2190.00000000,0.03888599
228.00000000,2191.00000000,0.03912608
228.00000000,2192.00000000,0.03938131
228.00000000,2193.00000000,0.03961384
228.00000000,2194.00000000,0.03987340
228.00000000,2195.00000000,0.04007650
228.00000000,2196.00000000,0.04035865
228.00000000,2197.00000000,0.04068109
228.00000000,2198.00000000,0.04107550
228.00000000,2199.00000000,0.04134024
228.00000000,2200.00000000,0.04162118
228.00000000,2201.00000000,0.04197854
228.00000000,2202.00000000,0.04208929
228.00000000,2203.00000000,0.04215979
228.00000000,2204.00000000,0.04255812
228.00000000,2205.00000000,0.04282454
228.00000000,2206.00000000,0.04301559
228.00000000,2207.00000000,0.04343565
228.00000000,2208.00000000,0.04348507
228.00000000,2209.00000000,0.04341466
228.00000000,2210.00000000,0.04348148
228.00000000,2211.00000000,0.04357634
228.00000000,2212.00000000,0.04389213
228.00000000,2213.00000000,0.04418117
228.00000000,2214.00000000,0.04448579
228.00000000,2215.00000000,0.04476677
228.00000000,2216.00000000,0.04512602
228.00000000,2217.00000000,0.04539079
228.00000000,2218.00000000,0.04557843
228.00000000,2219.00000000,0.04580806
228.00000000,2220.00000000,0.04580417
228.00000000,2221.00000000,0.04594024
228.00000000,2222.00000000,0.04620483
228.00000000,2223.00000000,0.04648509
228.00000000,2224.00000000,0.04677651
228.00000000,2225.00000000,0.04703702
228.00000000,2226.00000000,0.04713948
228.00000000,2227.00000000,0.04725724
228.00000000,2228.00000000,0.04758918
228.00000000,2229.00000000,0.04791807
228.00000000,2230.00000000,0.04812565
228.00000000,2231.00000000,0.04866364
228.00000000,2232.00000000,0.04926203
228.00000000,2233.00000000,0.04976368
228.00000000,2234.00000000,0.05014247
228.00000000,2235.00000000,0.05052440
228.00000000,2236.00000000,0.05090958
228.00000000,2237.00000000,0.05129766
228.00000000,2238.00000000,0.05168870
228.00000000,2239.00000000,0.05216518
228.00000000,2240.00000000,0.05264507
228.00000000,2241.00000000,0.05312843
228.00000000,2242.00000000,0.05361522
228.00000000,2243.00000000,0.05410541
228.00000000,2244.00000000,0.05459904
228.00000000,2245.00000000,0.05509608
228.00000000,2246.00000000,0.05559648
228.00000000,2247.00000000,0.05610028
228.00000000,2248.00000000,0.05660746
228.00000000,2249.00000000,0.05708058
228.00000000,2250.00000000,0.05755646
228.00000000,2251.00000000,0.05803430
228.00000000,2252.00000000,0.05851346
228.00000000,2253.00000000,0.05899350
228.00000000,2254.00000000,0.05947421
228.00000000,2255.00000000,0.05995556
228.00000000,2256.00000000,0.06043750
228.00000000,2257.00000000,0.06091998
228.00000000,2258.00000000,0.06140309
228.00000000,2259.00000000,0.06196622
228.00000000,2260.00000000,0.06253030
228.00000000,2261.00000000,0.06309539
228.00000000,2262.00000000,0.06366149
228.00000000,2263.00000000,0.06422859
228.00000000,2264.00000000,0.06479677
228.00000000,2265.00000000,0.06536596
228.00000000,2266.00000000,0.06593621
228.00000000,2267.00000000,0.06650751
228.00000000,2268.00000000,0.06707980
228.00000000,2269.00000000,0.06771217
228.00000000,2270.00000000,0.06834579
228.00000000,2271.00000000,0.06898056
228.00000000,2272.00000000,0.06961652
228.00000000,2273.00000000,0.07025359
228.00000000,2274.00000000,0.07089168
228.00000000,2275.00000000,0.07153083
228.00000000,2276.00000000,0.07217090
228.00000000,2277.00000000,0.07281195
228.00000000,2278.00000000,0.07345386
228.00000000,2279.00000000,0.07409318
228.00000000,2280.00000000,0.07473330
228.00000000,2281.00000000,0.07537414
228.00000000,2282.00000000,0.07601559
228.00000000,2283.00000000,0.07665770
228.00000000,2284.00000000,0.07730035
228.00000000,2285.00000000,0.07794343
228.00000000,2286.00000000,0.07858697
228.00000000,2287.00000000,0.07923086
228.00000000,2288.00000000,0.07987494
228.00000000,2289.00000000,0.08038600
228.00000000,2290.00000000,0.08089669
228.00000000,2291.00000000,0.08140707
228.00000000,2292.00000000,0.08191707
228.00000000,2293.00000000,0.08242662
228.00000000,2294.00000000,0.08293577
228.00000000,2295.00000000,0.08344447
228.00000000,2296.00000000,0.08395261
228.00000000,2297.00000000,0.08446023
228.00000000,2298.00000000,0.08496725
228.00000000,2299.00000000,0.08535187
228.00000000,2300.00000000,0.08573550
228.00000000,2301.00000000,0.08611801
228.00000000,2302.00000000,0.08649949
228.00000000,2303.00000000,0.08687991
228.00000000,2304.00000000,0.08725918
228.00000000,2305.00000000,0.08763738
228.00000000,2306.00000000,0.08801448
228.00000000,2307.00000000,0.08839039
228.00000000,2308.00000000,0.08876520
228.00000000,2309.00000000,0.08907016
228.00000000,2310.00000000,0.08937368
228.00000000,2311.00000000,0.08967590
228.00000000,2312.00000000,0.08997670
228.00000000,2313.00000000,0.09027618
228.00000000,2314.00000000,0.09057432
228.00000000,2315.00000000,0.09087103
228.00000000,2316.00000000,0.09116642
228.00000000,2317.00000000,0.09146045
228.00000000,2318.00000000,0.09175304
228.00000000,2319.00000000,0.09197282
228.00000000,2320.00000000,0.09219101
228.00000000,2321.00000000,0.09240759
228.00000000,2322.00000000,0.09262268
228.00000000,2323.00000000,0.09283620
228.00000000,2324.00000000,0.09304814
228.00000000,2325.00000000,0.09325861
228.00000000,2326.00000000,0.09346750
228.00000000,2327.00000000,0.09367493
228.00000000,2328.00000000,0.09388082
228.00000000,2329.00000000,0.09402986
228.00000000,2330.00000000,0.09417734
228.00000000,2331.00000000,0.09432319
228.00000000,2332.00000000,0.09446735
228.00000000,2333.00000000,0.09460996
228.00000000,2334.00000000,0.09475101
228.00000000,2335.00000000,0.09489039
228.00000000,2336.00000000,0.09502828
228.00000000,2337.00000000,0.09516454
228.00000000,2338.00000000,0.09529931
228.00000000,2339.00000000,0.09543252
228.00000000,2340.00000000,0.09556414
228.00000000,2341.00000000,0.09569430
228.00000000,2342.00000000,0.09582293
228.00000000,2343.00000000,0.09594997
228.00000000,2344.00000000,0.09607558
228.00000000,2345.00000000,0.09619967
228.00000000,2346.00000000,0.09632218
228.00000000,2347.00000000,0.09644327
228.00000000,2348.00000000,0.09656285
228.00000000,2349.00000000,0.09668088
228.00000000,2350.00000000,0.09679747
228.00000000,2351.00000000,0.09691251
228.00000000,2352.00000000,0.09702613
228.00000000,2353.00000000,0.09713829
228.00000000,2354.00000000,0.09724887
228.00000000,2355.00000000,0.09735808
228.00000000,2356.00000000,0.09746582
228.00000000,2357.00000000,0.09757197
228.00000000,2358.00000000,0.09767675
228.00000000,2359.00000000,0.09778006
228.00000000,2360.00000000,0.09788179
228.00000000,2361.00000000,0.09798214
228.00000000,2362.00000000,0.09808091
228.00000000,2363.00000000,0.09817829
228.00000000,2364.00000000,0.09827419
228.00000000,2365.00000000,0.09836850
228.00000000,2366.00000000,0.09846141
228.00000000,2367.00000000,0.09855283
228.00000000,2368.00000000,0.09864264
228.00000000,2369.00000000,0.09873104
228.00000000,2370.00000000,0.09881793
228.00000000,2371.00000000,0.09890321
228.00000000,2372.00000000,0.09898703
228.00000000,2373.00000000,0.09906923
228.00000000,2374.00000000,0.09914996
228.00000000,2375.00000000,0.09922911
228.00000000,2376.00000000,0.09930660
228.00000000,2377.00000000,0.09938253
228.00000000,2378.00000000,0.09945677
228.00000000,2379.00000000,0.09914476
228.00000000,2380.00000000,0.09883071
228.00000000,2381.00000000,0.09851459
228.00000000,2382.00000000,0.09819635
228.00000000,2383.00000000,0.09787619
228.00000000,2384.00000000,0.09755406
228.00000000,2385.00000000,0.09722995
228.00000000,2386.00000000,0.09690403
228.00000000,2387.00000000,0.09657618
228.00000000,2388.00000000,0.09624662
228.00000000,2389.00000000,0.09591528
228.00000000,2390.00000000,0.09558212
228.00000000,2391.00000000,0.09524736
228.00000000,2392.00000000,0.09491093
228.00000000,2393.00000000,0.09457279
228.00000000,2394.00000000,0.09423313
228.00000000,2395.00000000,0.09389190
228.00000000,2396.00000000,0.09354907
228.00000000,2397.00000000,0.09320480
228.00000000,2398.00000000,0.09285899
228.00000000,2399.00000000,0.09251181
228.00000000,2400.00000000,0.09216321
228.00000000,2401.00000000,0.09181317
228.00000000,2402.00000000,0.09146185
228.00000000,2403.00000000,0.09110920
228.00000000,2404.00000000,0.09075520
228.00000000,2405.00000000,0.09039998
228.00000000,2406.00000000,0.09004354
228.00000000,2407.00000000,0.08968580
228.00000000,2408.00000000,0.08932696
228.00000000,2409.00000000,0.08896694
228.00000000,2410.00000000,0.08860572
228.00000000,2411.00000000,0.08824346
228.00000000,2412.00000000,0.08788002
228.00000000,2413.00000000,0.08751561
228.00000000,2414.00000000,0.08715013
228.00000000,2415.00000000,0.08678357
228.00000000,2416.00000000,0.08641609
228.00000000,2417.00000000,0.08604763
228.00000000,2418.00000000,0.08567814
228.00000000,2419.00000000,0.08530778
228.00000000,2420.00000000,0.08493653
228.00000000,2421.00000000,0.08456429
228.00000000,2422.00000000,0.08419126
228.00000000,2423.00000000,0.08381731
228.00000000,2424.00000000,0.08344260
228.00000000,2425.00000000,0.08306708
228.00000000,2426.00000000,0.08269069
228.00000000,2427.00000000,0.08231360
228.00000000,2428.00000000,0.08193574
228.00000000,2429.00000000,0.08155710
228.00000000,2430.00000000,0.08117779
228.00000000,2431.00000000,0.08079779
228.00000000,2432.00000000,0.08041703
228.00000000,2433.00000000,0.08003568
228.00000000,2434.00000000,0.07965369
228.00000000,2435.00000000,0.07927098
228.00000000,2436.00000000,0.07888774
228.00000000,2437.00000000,0.07850384
228.00000000,2438.00000000,0.07811940
228.00000000,2439.00000000,0.07773442
228.00000000,2440.00000000,0.07734882
228.00000000,2441.00000000,0.07696275
228.00000000,2442.00000000,0.07657616
228.00000000,2443.00000000,0.07618899
228.00000000,2444.00000000,0.07580142
228.00000000,2445.00000000,0.07541337
228.00000000,2446.00000000,0.07502479
228.00000000,2447.00000000,0.07463584
228.00000000,2448.00000000,0.07424639
228.00000000,2449.00000000,0.07385659
228.00000000,2450.00000000,0.07346641
228.00000000,2451.00000000,0.07307576
228.00000000,2452.00000000,0.07268480
228.00000000,2453.00000000,0.07229351
228.00000000,2454.00000000,0.07190177
228.00000000,2455.00000000,0.07150977
228.00000000,2456.00000000,0.07111747
228.00000000,2457.00000000,0.07072478
228.00000000,2458.00000000,0.07033187
228.00000000,2459.00000000,0.06993861
228.00000000,2460.00000000,0.06954514
228.00000000,2461.00000000,0.06915143
228.00000000,2462.00000000,0.06875740
228.00000000,2463.00000000,0.06836322
228.00000000,2464.00000000,0.06796882
228.00000000,2465.00000000,0.06757414
228.00000000,2466.00000000,0.06717936
228.00000000,2467.00000000,0.06678439
228.00000000,2468.00000000,0.06638917
228.00000000,2469.00000000,0.06599389
228.00000000,2470.00000000,0.06559846
228.00000000,2471.00000000,0.06520282
228.00000000,2472.00000000,0.06480716
228.00000000,2473.00000000,0.06441131
228.00000000,2474.00000000,0.06401547
228.00000000,2475.00000000,0.06361959
228.00000000,2476.00000000,0.06322361
228.00000000,2477.00000000,0.06291070
228.00000000,2478.00000000,0.06284210
228.00000000,2479.00000000,0.06284028
228.00000000,2480.00000000,0.06283864
228.00000000,2481.00000000,0.06283711
228.00000000,2482.00000000,0.06283559
228.00000000,2483.00000000,0.06283426
228.00000000,2484.00000000,0.06284341
228.00000000,2485.00000000,0.06285273
228.00000000,2486.00000000,0.06286215
228.00000000,2487.00000000,0.06287156
228.00000000,2488.00000000,0.06288114
228.00000000,2489.00000000,0.06287012
228.00000000,2490.00000000,0.06285910
228.00000000,2491.00000000,0.06284823
228.00000000,2492.00000000,0.06283744
228.00000000,2493.00000000,0.06282662
228.00000000,2494.00000000,0.06281596
228.00000000,2495.00000000,0.06280536
228.00000000,2496.00000000,0.06279473
228.00000000,2497.00000000,0.06278426
228.00000000,2498.00000000,0.06277376
228.00000000,2499.00000000,0.06276340
228.00000000,2500.00000000,0.06275310
229.00000000,1765.00000000,0.03937034
229.00000000,1766.00000000,0.03937044
229.00000000,1767.00000000,0.03937035
229.00000000,1768.00000000,0.03937036
229.00000000,1769.00000000,0.03937061
229.00000000,1770.00000000,0.03937063
229.00000000,1771.00000000,0.03937111
229.00000000,1772.00000000,0.03937126
229.00000000,1773.00000000,0.03937172
229.00000000,1774.00000000,0.03937240
229.00000000,1775.00000000,0.03937283
229.00000000,1776.00000000,0.03937354
229.00000000,1777.00000000,0.03937427
229.00000000,1778.00000000,0.03937511
229.00000000,1779.00000000,0.03937594
229.00000000,1780.00000000,0.03937695
229.00000000,1781.00000000,0.03937792
229.00000000,1782.00000000,0.03937901
229.00000000,1783.00000000,0.03938021
229.00000000,1784.00000000,0.03938142
229.00000000,1785.00000000,0.03938266
229.00000000,1786.00000000,0.03938404
229.00000000,1787.00000000,0.03938527
229.00000000,1788.00000000,0.03938662
229.00000000,1789.00000000,0.03938816
229.00000000,1790.00000000,0.03938964
229.00000000,1791.00000000,0.03939107
229.00000000,1792.00000000,0.03939276
229.00000000,1793.00000000,0.03939428
229.00000000,1794.00000000,0.03939597
229.00000000,1795.00000000,0.03939767
229.00000000,1796.00000000,0.03939934
229.00000000,1797.00000000,0.03940112
229.00000000,1798.00000000,0.03940288
229.00000000,1799.00000000,0.03940473
229.00000000,1800.00000000,0.03940658
229.00000000,1801.00000000,0.03940827
229.00000000,1802.00000000,0.03941024
229.00000000,1803.00000000,0.03941210
229.00000000,1804.00000000,0.03941398
229.00000000,1805.00000000,0.03941582
229.00000000,1806.00000000,0.03941771
229.00000000,1807.00000000,0.03941974
229.00000000,1808.00000000,0.03942165
229.00000000,1809.00000000,0.03942365
229.00000000,1810.00000000,0.03942558
229.00000000,1811.00000000,0.03942767
229.00000000,1812.00000000,0.03942964
229.00000000,1813.00000000,0.03943160
229.00000000,1814.00000000,0.03943366
229.00000000,1815.00000000,0.03943564
229.00000000,1816.00000000,0.03943776
229.00000000,1817.00000000,0.03943979
229.00000000,1818.00000000,0.03944176
229.00000000,1819.00000000,0.03944388
229.00000000,1820.00000000,0.03944585
229.00000000,1821.00000000,0.03944795
229.00000000,1822.00000000,0.03945002
229.00000000,1823.00000000,0.03945207
229.00000000,1824.00000000,0.03945410
229.00000000,1825.00000000,0.03945608
229.00000000,1826.00000000,0.03945811
229.00000000,1827.00000000,0.03946015
229.00000000,1828.00000000,0.03946218
229.00000000,1829.00000000,0.03946431
229.00000000,1830.00000000,0.03946630
229.00000000,1831.00000000,0.03946826
229.00000000,1832.00000000,0.03947026
229.00000000,1833.00000000,0.03947230
229.00000000,1834.00000000,0.03947421
229.00000000,1835.00000000,0.03947625
229.00000000,1836.00000000,0.03947814
229.00000000,1837.00000000,0.03948009
229.00000000,1838.00000000,0.03948208
229.00000000,1839.00000000,0.03948402
229.00000000,1840.00000000,0.03948589
229.00000000,1841.00000000,0.03948776
229.00000000,1842.00000000,0.03948965
229.00000000,1843.00000000,0.03949155
229.00000000,1844.00000000,0.03949341
229.00000000,1845.00000000,0.03949524
229.00000000,1846.00000000,0.03949704
229.00000000,1847.00000000,0.03949886
229.00000000,1848.00000000,0.03950061
229.00000000,1849.00000000,0.03950246
229.00000000,1850.00000000,0.03950406
229.00000000,1851.00000000,0.03950577
229.00000000,1852.00000000,0.03950747
229.00000000,1853.00000000,0.03950935
229.00000000,1854.00000000,0.03951125
229.00000000,1855.00000000,0.03951310
229.00000000,1856.00000000,0.03951498
229.00000000,1857.00000000,0.03951674
229.00000000,1858.00000000,0.03951848
229.00000000,1859.00000000,0.03952015
229.00000000,1860.00000000,0.03952185
229.00000000,1861.00000000,0.03952341
229.00000000,1862.00000000,0.03952495
229.00000000,1863.00000000,0.03952616
229.00000000,1864.00000000,0.03952699
229.00000000,1865.00000000,0.03952772
229.00000000,1866.00000000,0.03952826
229.00000000,1867.00000000,0.03952852
229.00000000,1868.00000000,0.03952874
229.00000000,1869.00000000,0.03952878
229.00000000,1870.00000000,0.03952861
229.00000000,1871.00000000,0.03952847
229.00000000,1872.00000000,0.03952841
229.00000000,1873.00000000,0.03952854
229.00000000,1874.00000000,0.03952903
229.00000000,1875.00000000,0.03952970
229.00000000,1876.00000000,0.03953051
229.00000000,1877.00000000,0.03953140
229.00000000,1878.00000000,0.03953243
229.00000000,1879.00000000,0.03953344
229.00000000,1880.00000000,0.03953457
229.00000000,1881.00000000,0.03953553
229.00000000,1882.00000000,0.03953657
229.00000000,1883.00000000,0.03953739
229.00000000,1884.00000000,0.03953809
229.00000000,1885.00000000,0.03953850
229.00000000,1886.00000000,0.03953887
229.00000000,1887.00000000,0.03953915
229.00000000,1888.00000000,0.03953931
229.00000000,1889.00000000,0.03953934
229.00000000,1890.00000000,0.03953924
229.00000000,1891.00000000,0.03953882
229.00000000,1892.00000000,0.03953835
229.00000000,1893.00000000,0.03953777
229.00000000,1894.00000000,0.03953715
229.00000000,1895.00000000,0.03953659
229.00000000,1896.00000000,0.03953605
229.00000000,1897.00000000,0.03953550
229.00000000,1898.00000000,0.03953484
229.00000000,1899.00000000,0.03953406
229.00000000,1900.00000000,0.03953307
229.00000000,1901.00000000,0.03953201
229.00000000,1902.00000000,0.03953098
229.00000000,1903.00000000,0.03953001
229.00000000,1904.00000000,0.03952907
229.00000000,1905.00000000,0.03952825
229.00000000,1906.00000000,0.03952747
229.00000000,1907.00000000,0.03952679
229.00000000,1908.00000000,0.03952612
229.00000000,1909.00000000,0.03952533
229.00000000,1910.00000000,0.03952454
229.00000000,1911.00000000,0.03952368
229.00000000,1912.00000000,0.03952252
229.00000000,1913.00000000,0.03952082
229.00000000,1914.00000000,0.03951863
229.00000000,1915.00000000,0.03951619
229.00000000,1916.00000000,0.03951374
229.00000000,1917.00000000,0.03951122
229.00000000,1918.00000000,0.03950858
229.00000000,1919.00000000,0.03950598
229.00000000,1920.00000000,0.03950362
229.00000000,1921.00000000,0.03950159
229.00000000,1922.00000000,0.03950000
229.00000000,1923.00000000,0.03949878
229.00000000,1924.00000000,0.03949760
229.00000000,1925.00000000,0.03949633
229.00000000,1926.00000000,0.03949499
229.00000000,1927.00000000,0.03949364
229.00000000,1928.00000000,0.03949231
229.00000000,1929.00000000,0.03949093
229.00000000,1930.00000000,0.03948969
229.00000000,1931.00000000,0.03948892
229.00000000,1932.00000000,0.03948878
229.00000000,1933.00000000,0.03948909
229.00000000,1934.00000000,0.03948954
229.00000000,1935.00000000,0.03949001
229.00000000,1936.00000000,0.03949020
229.00000000,1937.00000000,0.03948988
229.00000000,1938.00000000,0.03948879
229.00000000,1939.00000000,0.03948733
229.00000000,1940.00000000,0.03948545
229.00000000,1941.00000000,0.03948304
229.00000000,1942.00000000,0.03948009
229.00000000,1943.00000000,0.03947671
229.00000000,1944.00000000,0.03947307
229.00000000,1945.00000000,0.03946938
229.00000000,1946.00000000,0.03946620
229.00000000,1947.00000000,0.03946380
229.00000000,1948.00000000,0.03946183
229.00000000,1949.00000000,0.03945989
229.00000000,1950.00000000,0.03945786
229.00000000,1951.00000000,0.03945575
229.00000000,1952.00000000,0.03945396
229.00000000,1953.00000000,0.03945228
229.00000000,1954.00000000,0.03945056
229.00000000,1955.00000000,0.03944898
229.00000000,1956.00000000,0.03944738
229.00000000,1957.00000000,0.03944564
229.00000000,1958.00000000,0.03944361
229.00000000,1959.00000000,0.03944128
229.00000000,1960.00000000,0.03943796
229.00000000,1961.00000000,0.03943372
229.00000000,1962.00000000,0.03942901
229.00000000,1963.00000000,0.03942378
229.00000000,1964.00000000,0.03941800
229.00000000,1965.00000000,0.03941151
229.00000000,1966.00000000,0.03940421
229.00000000,1967.00000000,0.03939626
229.00000000,1968.00000000,0.03938750
229.00000000,1969.00000000,0.03937757
229.00000000,1970.00000000,0.03936638
229.00000000,1971.00000000,0.03935342
229.00000000,1972.00000000,0.03933833
229.00000000,1973.00000000,0.03932134
229.00000000,1974.00000000,0.03930281
229.00000000,1975.00000000,0.03928336
229.00000000,1976.00000000,0.03926363
229.00000000,1977.00000000,0.03924396
229.00000000,1978.00000000,0.03922416
229.00000000,1979.00000000,0.03920416
229.00000000,1980.00000000,0.03918378
229.00000000,1981.00000000,0.03916329
229.00000000,1982.00000000,0.03914379
229.00000000,1983.00000000,0.03912640
229.00000000,1984.00000000,0.03911109
229.00000000,1985.00000000,0.03909738
229.00000000,1986.00000000,0.03908459
229.00000000,1987.00000000,0.03907222
229.00000000,1988.00000000,0.03905992
229.00000000,1989.00000000,0.03904745
229.00000000,1990.00000000,0.03903471
229.00000000,1991.00000000,0.03902182
229.00000000,1992.00000000,0.03900919
229.00000000,1993.00000000,0.03899685
229.00000000,1994.00000000,0.03898507
229.00000000,1995.00000000,0.03897731
229.00000000,1996.00000000,0.03896603
229.00000000,1997.00000000,0.03895448
229.00000000,1998.00000000,0.03894258
229.00000000,1999.00000000,0.03893064
229.00000000,2000.00000000,0.03891992
229.00000000,2001.00000000,0.03890791
229.00000000,2002.00000000,0.03889564
229.00000000,2003.00000000,0.03888336
229.00000000,2004.00000000,0.03887056
229.00000000,2005.00000000,0.03885634
229.00000000,2006.00000000,0.03884011
229.00000000,2007.00000000,0.03882189
229.00000000,2008.00000000,0.03880186
229.00000000,2009.00000000,0.03878019
229.00000000,2010.00000000,0.03875826
229.00000000,2011.00000000,0.03873377
229.00000000,2012.00000000,0.03870797
229.00000000,2013.00000000,0.03868082
229.00000000,2014.00000000,0.03865225
229.00000000,2015.00000000,0.03862232
229.00000000,2016.00000000,0.03859112
229.00000000,2017.00000000,0.03855856
229.00000000,2018.00000000,0.03852482
229.00000000,2019.00000000,0.03848992
229.00000000,2020.00000000,0.03845514
229.00000000,2021.00000000,0.03841817
229.00000000,2022.00000000,0.03838025
229.00000000,2023.00000000,0.03834161
229.00000000,2024.00000000,0.03830227
229.00000000,2025.00000000,0.03826235
229.00000000,2026.00000000,0.03822312
229.00000000,2027.00000000,0.03818224
229.00000000,2028.00000000,0.03814088
229.00000000,2029.00000000,0.03810036
229.00000000,2030.00000000,0.03805829
229.00000000,2031.00000000,0.03801819
229.00000000,2032.00000000,0.03797416
229.00000000,2033.00000000,0.03793071
229.00000000,2034.00000000,0.03788669
229.00000000,2035.00000000,0.03784316
229.00000000,2036.00000000,0.03779772
229.00000000,2037.00000000,0.03775165
229.00000000,2038.00000000,0.03770490
229.00000000,2039.00000000,0.03765747
229.00000000,2040.00000000,0.03761063
229.00000000,2041.00000000,0.03756200
229.00000000,2042.00000000,0.03751264
229.00000000,2043.00000000,0.03746255
229.00000000,2044.00000000,0.03741275
229.00000000,2045.00000000,0.03736213
229.00000000,2046.00000000,0.03731066
229.00000000,2047.00000000,0.03725718
229.00000000,2048.00000000,0.03720294
229.00000000,2049.00000000,0.03714793
229.00000000,2050.00000000,0.03709216
229.00000000,2051.00000000,0.03703690
229.00000000,2052.00000000,0.03698100
229.00000000,2053.00000000,0.03692330
229.00000000,2054.00000000,0.03686623
229.00000000,2055.00000000,0.03680752
229.00000000,2056.00000000,0.03674942
229.00000000,2057.00000000,0.03668977
229.00000000,2058.00000000,0.03662966
229.00000000,2059.00000000,0.03657596
229.00000000,2060.00000000,0.03651399
229.00000000,2061.00000000,0.03645283
229.00000000,2062.00000000,0.03639280
229.00000000,2063.00000000,0.03633186
229.00000000,2064.00000000,0.03627241
229.00000000,2065.00000000,0.03621686
229.00000000,2066.00000000,0.03615740
229.00000000,2067.00000000,0.03609959
229.00000000,2068.00000000,0.03604241
229.00000000,2069.00000000,0.03598684
229.00000000,2070.00000000,0.03593076
229.00000000,2071.00000000,0.03587635
229.00000000,2072.00000000,0.03582155
229.00000000,2073.00000000,0.03576881
229.00000000,2074.00000000,0.03571931
229.00000000,2075.00000000,0.03566644
229.00000000,2076.00000000,0.03561797
229.00000000,2077.00000000,0.03556837
229.00000000,2078.00000000,0.03552193
229.00000000,2079.00000000,0.03547759
229.00000000,2080.00000000,0.03542979
229.00000000,2081.00000000,0.03538620
229.00000000,2082.00000000,0.03534248
229.00000000,2083.00000000,0.03530841
229.00000000,2084.00000000,0.03526670
229.00000000,2085.00000000,0.03522925
229.00000000,2086.00000000,0.03518842
229.00000000,2087.00000000,0.03514858
229.00000000,2088.00000000,0.03511397
229.00000000,2089.00000000,0.03508341
229.00000000,2090.00000000,0.03504936
229.00000000,2091.00000000,0.03501394
229.00000000,2092.00000000,0.03498476
229.00000000,2093.00000000,0.03495766
229.00000000,2094.00000000,0.03493051
229.00000000,2095.00000000,0.03490015
229.00000000,2096.00000000,0.03487643
229.00000000,2097.00000000,0.03485025
229.00000000,2098.00000000,0.03482725
229.00000000,2099.00000000,0.03480310
229.00000000,2100.00000000,0.03478415
229.00000000,2101.00000000,0.03477470
229.00000000,2102.00000000,0.03475982
229.00000000,2103.00000000,0.03472358
229.00000000,2104.00000000,0.03471388
229.00000000,2105.00000000,0.03469348
229.00000000,2106.00000000,0.03467410
229.00000000,2107.00000000,0.03465405
229.00000000,2108.00000000,0.03464817
229.00000000,2109.00000000,0.03465590
229.00000000,2110.00000000,0.03464439
229.00000000,2111.00000000,0.03463998
229.00000000,2112.00000000,0.03463954
229.00000000,2113.00000000,0.03462614
229.00000000,2114.00000000,0.03461241
229.00000000,2115.00000000,0.03460155
229.00000000,2116.00000000,0.03460196
229.00000000,2117.00000000,0.03462199
229.00000000,2118.00000000,0.03460906
229.00000000,2119.00000000,0.03462726
229.00000000,2120.00000000,0.03463248
229.00000000,2121.00000000,0.03462362
229.00000000,2122.00000000,0.03460908
229.00000000,2123.00000000,0.03461307
229.00000000,2124.00000000,0.03462819
229.00000000,2125.00000000,0.03463343
229.00000000,2126.00000000,0.03464772
229.00000000,2127.00000000,0.03466684
229.00000000,2128.00000000,0.03470438
229.00000000,2129.00000000,0.03472688
229.00000000,2130.00000000,0.03474054
229.00000000,2131.00000000,0.03475067
229.00000000,2132.00000000,0.03480010
229.00000000,2133.00000000,0.03480404
229.00000000,2134.00000000,0.03484200
229.00000000,2135.00000000,0.03488569
229.00000000,2136.00000000,0.03496425
229.00000000,2137.00000000,0.03492724
229.00000000,2138.00000000,0.03496266
229.00000000,2139.00000000,0.03499735
229.00000000,2140.00000000,0.03501460
229.00000000,2141.00000000,0.03505930
229.00000000,2142.00000000,0.03512617
229.00000000,2143.00000000,0.03502960
229.00000000,2144.00000000,0.03501785
229.00000000,2145.00000000,0.03508477
229.00000000,2146.00000000,0.03514270
229.00000000,2147.00000000,0.03512490
229.00000000,2148.00000000,0.03499186
229.00000000,2149.00000000,0.03512600
229.00000000,2150.00000000,0.03499496
229.00000000,2151.00000000,0.03504280
229.00000000,2152.00000000,0.03517835
229.00000000,2153.00000000,0.03517817
229.00000000,2154.00000000,0.03519976
229.00000000,2155.00000000,0.03521925
229.00000000,2156.00000000,0.03531483
229.00000000,2157.00000000,0.03533333
229.00000000,2158.00000000,0.03543397
229.00000000,2159.00000000,0.03535728
229.00000000,2160.00000000,0.03526037
229.00000000,2161.00000000,0.03518598
229.00000000,2162.00000000,0.03525847
229.00000000,2163.00000000,0.03536851
229.00000000,2164.00000000,0.03545347
229.00000000,2165.00000000,0.03559167
229.00000000,2166.00000000,0.03570673
229.00000000,2167.00000000,0.03567098
229.00000000,2168.00000000,0.03575941
229.00000000,2169.00000000,0.03590941
229.00000000,2170.00000000,0.03598588
229.00000000,2171.00000000,0.03603581
229.00000000,2172.00000000,0.03613049
229.00000000,2173.00000000,0.03616707
229.00000000,2174.00000000,0.03597920
229.00000000,2175.00000000,0.03610976
229.00000000,2176.00000000,0.03632265
229.00000000,2177.00000000,0.03645664
229.00000000,2178.00000000,0.03645863
229.00000000,2179.00000000,0.03673852
229.00000000,2180.00000000,0.03694366
229.00000000,2181.00000000,0.03703445
229.00000000,2182.00000000,0.03714508
229.00000000,2183.00000000,0.03723527
229.00000000,2184.00000000,0.03749109
229.00000000,2185.00000000,0.03770336
229.00000000,2186.00000000,0.03787179
229.00000000,2187.00000000,0.03800791
229.00000000,2188.00000000,0.03822266
229.00000000,2189.00000000,0.03842115
229.00000000,2190.00000000,0.03851665
229.00000000,2191.00000000,0.03870933
229.00000000,2192.00000000,0.03894917
229.00000000,2193.00000000,0.03920408
229.00000000,2194.00000000,0.03943640
229.00000000,2195.00000000,0.03969561
229.00000000,2196.00000000,0.03989863
229.00000000,2197.00000000,0.04018035
229.00000000,2198.00000000,0.04050217
229.00000000,2199.00000000,0.04089565
229.00000000,2200.00000000,0.04116004
229.00000000,2201.00000000,0.04144055
229.00000000,2202.00000000,0.04179715
229.00000000,2203.00000000,0.04190821
229.00000000,2204.00000000,0.04197919
229.00000000,2205.00000000,0.04237661
229.00000000,2206.00000000,0.04264267
229.00000000,2207.00000000,0.04283369
229.00000000,2208.00000000,0.04325275
229.00000000,2209.00000000,0.04330273
229.00000000,2210.00000000,0.04323337
229.00000000,2211.00000000,0.04330067
229.00000000,2212.00000000,0.04339589
229.00000000,2213.00000000,0.04371113
229.00000000,2214.00000000,0.04399974
229.00000000,2215.00000000,0.04430386
229.00000000,2216.00000000,0.04458444
229.00000000,2217.00000000,0.04494298
229.00000000,2218.00000000,0.04520743
229.00000000,2219.00000000,0.04539507
229.00000000,2220.00000000,0.04562453
229.00000000,2221.00000000,0.04562140
229.00000000,2222.00000000,0.04575767
229.00000000,2223.00000000,0.04602196
229.00000000,2224.00000000,0.04630185
229.00000000,2225.00000000,0.04659287
229.00000000,2226.00000000,0.04685310
229.00000000,2227.00000000,0.04695591
229.00000000,2228.00000000,0.04707395
229.00000000,2229.00000000,0.04740535
229.00000000,2230.00000000,0.04773372
229.00000000,2231.00000000,0.04794125
229.00000000,2232.00000000,0.04847794
229.00000000,2233.00000000,0.04907480
229.00000000,2234.00000000,0.04957530
229.00000000,2235.00000000,0.04995342
229.00000000,2236.00000000,0.05033468
229.00000000,2237.00000000,0.05071919
229.00000000,2238.00000000,0.05110660
229.00000000,2239.00000000,0.05149696
229.00000000,2240.00000000,0.05197246
229.00000000,2241.00000000,0.05245136
229.00000000,2242.00000000,0.05293374
229.00000000,2243.00000000,0.05341955
229.00000000,2244.00000000,0.05390875
229.00000000,2245.00000000,0.05440139
229.00000000,2246.00000000,0.05489745
229.00000000,2247.00000000,0.05539686
229.00000000,2248.00000000,0.05589968
229.00000000,2249.00000000,0.05640581
229.00000000,2250.00000000,0.05687764
229.00000000,2251.00000000,0.05735149
229.00000000,2252.00000000,0.05782661
229.00000000,2253.00000000,0.05830265
229.00000000,2254.00000000,0.05877939
229.00000000,2255.00000000,0.05925671
229.00000000,2256.00000000,0.05973465
229.00000000,2257.00000000,0.06021315
229.00000000,2258.00000000,0.06069220
229.00000000,2259.00000000,0.06117189
229.00000000,2260.00000000,0.06173133
229.00000000,2261.00000000,0.06229176
229.00000000,2262.00000000,0.06285326
229.00000000,2263.00000000,0.06341583
229.00000000,2264.00000000,0.06397946
229.00000000,2265.00000000,0.06454420
229.00000000,2266.00000000,0.06510998
229.00000000,2267.00000000,0.06567685
229.00000000,2268.00000000,0.06624477
229.00000000,2269.00000000,0.06681372
229.00000000,2270.00000000,0.06744253
229.00000000,2271.00000000,0.06807260
229.00000000,2272.00000000,0.06870384
229.00000000,2273.00000000,0.06933628
229.00000000,2274.00000000,0.06996985
229.00000000,2275.00000000,0.07060445
229.00000000,2276.00000000,0.07124013
229.00000000,2277.00000000,0.07187674
229.00000000,2278.00000000,0.07251435
229.00000000,2279.00000000,0.07315283
229.00000000,2280.00000000,0.07378875
229.00000000,2281.00000000,0.07442549
229.00000000,2282.00000000,0.07506296
229.00000000,2283.00000000,0.07570105
229.00000000,2284.00000000,0.07633981
229.00000000,2285.00000000,0.07697912
229.00000000,2286.00000000,0.07761888
229.00000000,2287.00000000,0.07825911
229.00000000,2288.00000000,0.07889970
229.00000000,2289.00000000,0.07954049
229.00000000,2290.00000000,0.08004884
229.00000000,2291.00000000,0.08055683
229.00000000,2292.00000000,0.08106452
229.00000000,2293.00000000,0.08157186
229.00000000,2294.00000000,0.08207875
229.00000000,2295.00000000,0.08258527
229.00000000,2296.00000000,0.08309133
229.00000000,2297.00000000,0.08359685
229.00000000,2298.00000000,0.08410188
229.00000000,2299.00000000,0.08460631
229.00000000,2300.00000000,0.08498889
229.00000000,2301.00000000,0.08537047
229.00000000,2302.00000000,0.08575095
229.00000000,2303.00000000,0.08613042
229.00000000,2304.00000000,0.08650881
229.00000000,2305.00000000,0.08688609
229.00000000,2306.00000000,0.08726231
229.00000000,2307.00000000,0.08763745
229.00000000,2308.00000000,0.08801141
229.00000000,2309.00000000,0.08838427
229.00000000,2310.00000000,0.08868760
229.00000000,2311.00000000,0.08898952
229.00000000,2312.00000000,0.08929013
229.00000000,2313.00000000,0.08958934
229.00000000,2314.00000000,0.08988726
229.00000000,2315.00000000,0.09018383
229.00000000,2316.00000000,0.09047899
229.00000000,2317.00000000,0.09077287
229.00000000,2318.00000000,0.09106538
229.00000000,2319.00000000,0.09135644
229.00000000,2320.00000000,0.09157505
229.00000000,2321.00000000,0.09179208
229.00000000,2322.00000000,0.09200750
229.00000000,2323.00000000,0.09222143
229.00000000,2324.00000000,0.09243384
229.00000000,2325.00000000,0.09264465
229.00000000,2326.00000000,0.09285402
229.00000000,2327.00000000,0.09306179
229.00000000,2328.00000000,0.09326814
229.00000000,2329.00000000,0.09347298
229.00000000,2330.00000000,0.09362120
229.00000000,2331.00000000,0.09376785
229.00000000,2332.00000000,0.09391290
229.00000000,2333.00000000,0.09405627
229.00000000,2334.00000000,0.09419813
229.00000000,2335.00000000,0.09433841
229.00000000,2336.00000000,0.09447704
229.00000000,2337.00000000,0.09461417
229.00000000,2338.00000000,0.09474970
229.00000000,2339.00000000,0.09488375
229.00000000,2340.00000000,0.09501626
229.00000000,2341.00000000,0.09514718
229.00000000,2342.00000000,0.09527664
229.00000000,2343.00000000,0.09540460
229.00000000,2344.00000000,0.09553096
229.00000000,2345.00000000,0.09565590
229.00000000,2346.00000000,0.09577933
229.00000000,2347.00000000,0.09590119
229.00000000,2348.00000000,0.09602164
229.00000000,2349.00000000,0.09614061
229.00000000,2350.00000000,0.09625800
229.00000000,2351.00000000,0.09637400
229.00000000,2352.00000000,0.09648843
229.00000000,2353.00000000,0.09660148
229.00000000,2354.00000000,0.09671306
229.00000000,2355.00000000,0.09682307
229.00000000,2356.00000000,0.09693171
229.00000000,2357.00000000,0.09703889
229.00000000,2358.00000000,0.09714450
229.00000000,2359.00000000,0.09724874
229.00000000,2360.00000000,0.09735152
229.00000000,2361.00000000,0.09745271
229.00000000,2362.00000000,0.09755255
229.00000000,2363.00000000,0.09765080
229.00000000,2364.00000000,0.09774768
229.00000000,2365.00000000,0.09784309
229.00000000,2366.00000000,0.09793693
229.00000000,2367.00000000,0.09802936
229.00000000,2368.00000000,0.09812031
229.00000000,2369.00000000,0.09820966
229.00000000,2370.00000000,0.09829760
229.00000000,2371.00000000,0.09838404
229.00000000,2372.00000000,0.09846886
229.00000000,2373.00000000,0.09855226
229.00000000,2374.00000000,0.09863404
229.00000000,2375.00000000,0.09871435
229.00000000,2376.00000000,0.09879310
229.00000000,2377.00000000,0.09887017
229.00000000,2378.00000000,0.09894571
229.00000000,2379.00000000,0.09901956
229.00000000,2380.00000000,0.09870887
229.00000000,2381.00000000,0.09839614
229.00000000,2382.00000000,0.09808134
229.00000000,2383.00000000,0.09776445
229.00000000,2384.00000000,0.09744563
229.00000000,2385.00000000,0.09712487
229.00000000,2386.00000000,0.09680212
229.00000000,2387.00000000,0.09647758
229.00000000,2388.00000000,0.09615112
229.00000000,2389.00000000,0.09582295
229.00000000,2390.00000000,0.09549301
229.00000000,2391.00000000,0.09516127
229.00000000,2392.00000000,0.09482793
229.00000000,2393.00000000,0.09449292
229.00000000,2394.00000000,0.09415622
229.00000000,2395.00000000,0.09381800
229.00000000,2396.00000000,0.09347822
229.00000000,2397.00000000,0.09313685
229.00000000,2398.00000000,0.09279404
229.00000000,2399.00000000,0.09244971
229.00000000,2400.00000000,0.09210400
229.00000000,2401.00000000,0.09175690
229.00000000,2402.00000000,0.09140835
229.00000000,2403.00000000,0.09105854
229.00000000,2404.00000000,0.09070740
229.00000000,2405.00000000,0.09035491
229.00000000,2406.00000000,0.09000122
229.00000000,2407.00000000,0.08964631
229.00000000,2408.00000000,0.08929010
229.00000000,2409.00000000,0.08893280
229.00000000,2410.00000000,0.08857433
229.00000000,2411.00000000,0.08821465
229.00000000,2412.00000000,0.08785395
229.00000000,2413.00000000,0.08749209
229.00000000,2414.00000000,0.08712923
229.00000000,2415.00000000,0.08676534
229.00000000,2416.00000000,0.08640035
229.00000000,2417.00000000,0.08603444
229.00000000,2418.00000000,0.08566757
229.00000000,2419.00000000,0.08529967
229.00000000,2420.00000000,0.08493090
229.00000000,2421.00000000,0.08456124
229.00000000,2422.00000000,0.08419061
229.00000000,2423.00000000,0.08381919
229.00000000,2424.00000000,0.08344685
229.00000000,2425.00000000,0.08307375
229.00000000,2426.00000000,0.08269984
229.00000000,2427.00000000,0.08232508
229.00000000,2428.00000000,0.08194961
229.00000000,2429.00000000,0.08157340
229.00000000,2430.00000000,0.08119638
229.00000000,2431.00000000,0.08081871
229.00000000,2432.00000000,0.08044034
229.00000000,2433.00000000,0.08006124
229.00000000,2434.00000000,0.07968154
229.00000000,2435.00000000,0.07930118
229.00000000,2436.00000000,0.07892014
229.00000000,2437.00000000,0.07853855
229.00000000,2438.00000000,0.07815630
229.00000000,2439.00000000,0.07777353
229.00000000,2440.00000000,0.07739021
229.00000000,2441.00000000,0.07700627
229.00000000,2442.00000000,0.07662187
229.00000000,2443.00000000,0.07623695
229.00000000,2444.00000000,0.07585147
229.00000000,2445.00000000,0.07546557
229.00000000,2446.00000000,0.07507920
229.00000000,2447.00000000,0.07469230
229.00000000,2448.00000000,0.07430503
229.00000000,2449.00000000,0.07391727
229.00000000,2450.00000000,0.07352917
229.00000000,2451.00000000,0.07314067
229.00000000,2452.00000000,0.07275171
229.00000000,2453.00000000,0.07236245
229.00000000,2454.00000000,0.07197283
229.00000000,2455.00000000,0.07158280
229.00000000,2456.00000000,0.07119250
229.00000000,2457.00000000,0.07080189
229.00000000,2458.00000000,0.07041090
229.00000000,2459.00000000,0.07001970
229.00000000,2460.00000000,0.06962813
229.00000000,2461.00000000,0.06923638
229.00000000,2462.00000000,0.06884438
229.00000000,2463.00000000,0.06845206
229.00000000,2464.00000000,0.06805958
229.00000000,2465.00000000,0.06766690
229.00000000,2466.00000000,0.06727393
229.00000000,2467.00000000,0.06688085
229.00000000,2468.00000000,0.06648761
229.00000000,2469.00000000,0.06609411
229.00000000,2470.00000000,0.06570054
229.00000000,2471.00000000,0.06530683
229.00000000,2472.00000000,0.06491291
229.00000000,2473.00000000,0.06451897
229.00000000,2474.00000000,0.06412485
229.00000000,2475.00000000,0.06373073
229.00000000,2476.00000000,0.06333657
229.00000000,2477.00000000,0.06294231
229.00000000,2478.00000000,0.06263075
229.00000000,2479.00000000,0.06256242
229.00000000,2480.00000000,0.06256057
229.00000000,2481.00000000,0.06255891
229.00000000,2482.00000000,0.06255735
229.00000000,2483.00000000,0.06255579
229.00000000,2484.00000000,0.06255443
229.00000000,2485.00000000,0.06256350
229.00000000,2486.00000000,0.06257274
229.00000000,2487.00000000,0.06258208
229.00000000,2488.00000000,0.06259142
229.00000000,2489.00000000,0.06260092
229.00000000,2490.00000000,0.06258991
229.00000000,2491.00000000,0.06257890
229.00000000,2492.00000000,0.06256804
229.00000000,2493.00000000,0.06255725
229.00000000,2494.00000000,0.06254644
229.00000000,2495.00000000,0.06253578
229.00000000,2496.00000000,0.06252520
229.00000000,2497.00000000,0.06251459
229.00000000,2498.00000000,0.06250412
229.00000000,2499.00000000,0.06249363
229.00000000,2500.00000000,0.06248327
230.00000000,1765.00000000,0.03914485
230.00000000,1766.00000000,0.03914487
230.00000000,1767.00000000,0.03914501
230.00000000,1768.00000000,0.03914496
230.00000000,1769.00000000,0.03914503
230.00000000,1770.00000000,0.03914534
230.00000000,1771.00000000,0.03914543
230.00000000,1772.00000000,0.03914599
230.00000000,1773.00000000,0.03914621
230.00000000,1774.00000000,0.03914675
230.00000000,1775.00000000,0.03914750
230.00000000,1776.00000000,0.03914800
230.00000000,1777.00000000,0.03914878
230.00000000,1778.00000000,0.03914959
230.00000000,1779.00000000,0.03915049
230.00000000,1780.00000000,0.03915138
230.00000000,1781.00000000,0.03915245
230.00000000,1782.00000000,0.03915348
230.00000000,1783.00000000,0.03915463
230.00000000,1784.00000000,0.03915587
230.00000000,1785.00000000,0.03915713
230.00000000,1786.00000000,0.03915842
230.00000000,1787.00000000,0.03915984
230.00000000,1788.00000000,0.03916111
230.00000000,1789.00000000,0.03916250
230.00000000,1790.00000000,0.03916408
230.00000000,1791.00000000,0.03916559
230.00000000,1792.00000000,0.03916705
230.00000000,1793.00000000,0.03916876
230.00000000,1794.00000000,0.03917032
230.00000000,1795.00000000,0.03917203
230.00000000,1796.00000000,0.03917375
230.00000000,1797.00000000,0.03917543
230.00000000,1798.00000000,0.03917724
230.00000000,1799.00000000,0.03917901
230.00000000,1800.00000000,0.03918088
230.00000000,1801.00000000,0.03918273
230.00000000,1802.00000000,0.03918443
230.00000000,1803.00000000,0.03918641
230.00000000,1804.00000000,0.03918827
230.00000000,1805.00000000,0.03919016
230.00000000,1806.00000000,0.03919201
230.00000000,1807.00000000,0.03919390
230.00000000,1808.00000000,0.03919594
230.00000000,1809.00000000,0.03919785
230.00000000,1810.00000000,0.03919984
230.00000000,1811.00000000,0.03920178
230.00000000,1812.00000000,0.03920386
230.00000000,1813.00000000,0.03920583
230.00000000,1814.00000000,0.03920779
230.00000000,1815.00000000,0.03920984
230.00000000,1816.00000000,0.03921182
230.00000000,1817.00000000,0.03921394
230.00000000,1818.00000000,0.03921595
230.00000000,1819.00000000,0.03921791
230.00000000,1820.00000000,0.03922002
230.00000000,1821.00000000,0.03922197
230.00000000,1822.00000000,0.03922407
230.00000000,1823.00000000,0.03922613
230.00000000,1824.00000000,0.03922816
230.00000000,1825.00000000,0.03923018
230.00000000,1826.00000000,0.03923215
230.00000000,1827.00000000,0.03923417
230.00000000,1828.00000000,0.03923619
230.00000000,1829.00000000,0.03923821
230.00000000,1830.00000000,0.03924031
230.00000000,1831.00000000,0.03924228
230.00000000,1832.00000000,0.03924422
230.00000000,1833.00000000,0.03924619
230.00000000,1834.00000000,0.03924821
230.00000000,1835.00000000,0.03925010
230.00000000,1836.00000000,0.03925213
230.00000000,1837.00000000,0.03925399
230.00000000,1838.00000000,0.03925592
230.00000000,1839.00000000,0.03925788
230.00000000,1840.00000000,0.03925980
230.00000000,1841.00000000,0.03926165
230.00000000,1842.00000000,0.03926349
230.00000000,1843.00000000,0.03926535
230.00000000,1844.00000000,0.03926723
230.00000000,1845.00000000,0.03926906
230.00000000,1846.00000000,0.03927086
230.00000000,1847.00000000,0.03927263
230.00000000,1848.00000000,0.03927442
230.00000000,1849.00000000,0.03927615
230.00000000,1850.00000000,0.03927796
230.00000000,1851.00000000,0.03927952
230.00000000,1852.00000000,0.03928119
230.00000000,1853.00000000,0.03928305
230.00000000,1854.00000000,0.03928500
230.00000000,1855.00000000,0.03928686
230.00000000,1856.00000000,0.03928864
230.00000000,1857.00000000,0.03929045
230.00000000,1858.00000000,0.03929216
230.00000000,1859.00000000,0.03929385
230.00000000,1860.00000000,0.03929548
230.00000000,1861.00000000,0.03929713
230.00000000,1862.00000000,0.03929858
230.00000000,1863.00000000,0.03929976
230.00000000,1864.00000000,0.03930069
230.00000000,1865.00000000,0.03930129
230.00000000,1866.00000000,0.03930184
230.00000000,1867.00000000,0.03930221
230.00000000,1868.00000000,0.03930232
230.00000000,1869.00000000,0.03930240
230.00000000,1870.00000000,0.03930230
230.00000000,1871.00000000,0.03930204
230.00000000,1872.00000000,0.03930197
230.00000000,1873.00000000,0.03930227
230.00000000,1874.00000000,0.03930266
230.00000000,1875.00000000,0.03930332
230.00000000,1876.00000000,0.03930412
230.00000000,1877.00000000,0.03930501
230.00000000,1878.00000000,0.03930598
230.00000000,1879.00000000,0.03930707
230.00000000,1880.00000000,0.03930810
230.00000000,1881.00000000,0.03930922
230.00000000,1882.00000000,0.03931018
230.00000000,1883.00000000,0.03931096
230.00000000,1884.00000000,0.03931156
230.00000000,1885.00000000,0.03931211
230.00000000,1886.00000000,0.03931242
230.00000000,1887.00000000,0.03931271
230.00000000,1888.00000000,0.03931288
230.00000000,1889.00000000,0.03931289
230.00000000,1890.00000000,0.03931276
230.00000000,1891.00000000,0.03931248
230.00000000,1892.00000000,0.03931188
230.00000000,1893.00000000,0.03931134
230.00000000,1894.00000000,0.03931074
230.00000000,1895.00000000,0.03931017
230.00000000,1896.00000000,0.03930962
230.00000000,1897.00000000,0.03930905
230.00000000,1898.00000000,0.03930844
230.00000000,1899.00000000,0.03930766
230.00000000,1900.00000000,0.03930672
230.00000000,1901.00000000,0.03930559
230.00000000,1902.00000000,0.03930460
230.00000000,1903.00000000,0.03930360
230.00000000,1904.00000000,0.03930269
230.00000000,1905.00000000,0.03930185
230.00000000,1906.00000000,0.03930114
230.00000000,1907.00000000,0.03930043
230.00000000,1908.00000000,0.03929970
230.00000000,1909.00000000,0.03929899
230.00000000,1910.00000000,0.03929822
230.00000000,1911.00000000,0.03929734
230.00000000,1912.00000000,0.03929614
230.00000000,1913.00000000,0.03929451
230.00000000,1914.00000000,0.03929232
230.00000000,1915.00000000,0.03928988
230.00000000,1916.00000000,0.03928741
230.00000000,1917.00000000,0.03928494
230.00000000,1918.00000000,0.03928233
230.00000000,1919.00000000,0.03927971
230.00000000,1920.00000000,0.03927739
230.00000000,1921.00000000,0.03927537
230.00000000,1922.00000000,0.03927380
230.00000000,1923.00000000,0.03927256
230.00000000,1924.00000000,0.03927139
230.00000000,1925.00000000,0.03927013
230.00000000,1926.00000000,0.03926881
230.00000000,1927.00000000,0.03926745
230.00000000,1928.00000000,0.03926615
230.00000000,1929.00000000,0.03926478
230.00000000,1930.00000000,0.03926348
230.00000000,1931.00000000,0.03926277
230.00000000,1932.00000000,0.03926265
230.00000000,1933.00000000,0.03926286
230.00000000,1934.00000000,0.03926343
230.00000000,1935.00000000,0.03926383
230.00000000,1936.00000000,0.03926400
230.00000000,1937.00000000,0.03926369
230.00000000,1938.00000000,0.03926270
230.00000000,1939.00000000,0.03926113
230.00000000,1940.00000000,0.03925931
230.00000000,1941.00000000,0.03925690
230.00000000,1942.00000000,0.03925393
230.00000000,1943.00000000,0.03925064
230.00000000,1944.00000000,0.03924699
230.00000000,1945.00000000,0.03924331
230.00000000,1946.00000000,0.03924013
230.00000000,1947.00000000,0.03923779
230.00000000,1948.00000000,0.03923580
230.00000000,1949.00000000,0.03923385
230.00000000,1950.00000000,0.03923185
230.00000000,1951.00000000,0.03922973
230.00000000,1952.00000000,0.03922798
230.00000000,1953.00000000,0.03922629
230.00000000,1954.00000000,0.03922459
230.00000000,1955.00000000,0.03922299
230.00000000,1956.00000000,0.03922142
230.00000000,1957.00000000,0.03921966
230.00000000,1958.00000000,0.03921766
230.00000000,1959.00000000,0.03921532
230.00000000,1960.00000000,0.03921202
230.00000000,1961.00000000,0.03920780
230.00000000,1962.00000000,0.03920310
230.00000000,1963.00000000,0.03919793
230.00000000,1964.00000000,0.03919215
230.00000000,1965.00000000,0.03918567
230.00000000,1966.00000000,0.03917846
230.00000000,1967.00000000,0.03917050
230.00000000,1968.00000000,0.03916178
230.00000000,1969.00000000,0.03915193
230.00000000,1970.00000000,0.03914077
230.00000000,1971.00000000,0.03912790
230.00000000,1972.00000000,0.03911285
230.00000000,1973.00000000,0.03909597
230.00000000,1974.00000000,0.03907754
230.00000000,1975.00000000,0.03905818
230.00000000,1976.00000000,0.03903855
230.00000000,1977.00000000,0.03901897
230.00000000,1978.00000000,0.03899927
230.00000000,1979.00000000,0.03897937
230.00000000,1980.00000000,0.03895908
230.00000000,1981.00000000,0.03893867
230.00000000,1982.00000000,0.03891928
230.00000000,1983.00000000,0.03890196
230.00000000,1984.00000000,0.03888673
230.00000000,1985.00000000,0.03887306
230.00000000,1986.00000000,0.03886031
230.00000000,1987.00000000,0.03884799
230.00000000,1988.00000000,0.03883571
230.00000000,1989.00000000,0.03882329
230.00000000,1990.00000000,0.03881057
230.00000000,1991.00000000,0.03879771
230.00000000,1992.00000000,0.03878511
230.00000000,1993.00000000,0.03877278
230.00000000,1994.00000000,0.03876101
230.00000000,1995.00000000,0.03874968
230.00000000,1996.00000000,0.03874198
230.00000000,1997.00000000,0.03873046
230.00000000,1998.00000000,0.03871855
230.00000000,1999.00000000,0.03870660
230.00000000,2000.00000000,0.03869474
230.00000000,2001.00000000,0.03868390
230.00000000,2002.00000000,0.03867166
230.00000000,2003.00000000,0.03865943
230.00000000,2004.00000000,0.03864658
230.00000000,2005.00000000,0.03863244
230.00000000,2006.00000000,0.03861627
230.00000000,2007.00000000,0.03859808
230.00000000,2008.00000000,0.03857811
230.00000000,2009.00000000,0.03855653
230.00000000,2010.00000000,0.03853348
230.00000000,2011.00000000,0.03851029
230.00000000,2012.00000000,0.03848459
230.00000000,2013.00000000,0.03845753
230.00000000,2014.00000000,0.03842913
230.00000000,2015.00000000,0.03839933
230.00000000,2016.00000000,0.03836821
230.00000000,2017.00000000,0.03833588
230.00000000,2018.00000000,0.03830226
230.00000000,2019.00000000,0.03826754
230.00000000,2020.00000000,0.03823173
230.00000000,2021.00000000,0.03819610
230.00000000,2022.00000000,0.03815841
230.00000000,2023.00000000,0.03811991
230.00000000,2024.00000000,0.03808080
230.00000000,2025.00000000,0.03804107
230.00000000,2026.00000000,0.03800084
230.00000000,2027.00000000,0.03796132
230.00000000,2028.00000000,0.03792023
230.00000000,2029.00000000,0.03787869
230.00000000,2030.00000000,0.03783802
230.00000000,2031.00000000,0.03779580
230.00000000,2032.00000000,0.03775547
230.00000000,2033.00000000,0.03771112
230.00000000,2034.00000000,0.03766727
230.00000000,2035.00000000,0.03762280
230.00000000,2036.00000000,0.03757881
230.00000000,2037.00000000,0.03753293
230.00000000,2038.00000000,0.03748643
230.00000000,2039.00000000,0.03743927
230.00000000,2040.00000000,0.03739148
230.00000000,2041.00000000,0.03734426
230.00000000,2042.00000000,0.03729521
230.00000000,2043.00000000,0.03724533
230.00000000,2044.00000000,0.03719468
230.00000000,2045.00000000,0.03714428
230.00000000,2046.00000000,0.03709308
230.00000000,2047.00000000,0.03704106
230.00000000,2048.00000000,0.03698707
230.00000000,2049.00000000,0.03693236
230.00000000,2050.00000000,0.03687693
230.00000000,2051.00000000,0.03682078
230.00000000,2052.00000000,0.03676517
230.00000000,2053.00000000,0.03670896
230.00000000,2054.00000000,0.03665102
230.00000000,2055.00000000,0.03659374
230.00000000,2056.00000000,0.03653486
230.00000000,2057.00000000,0.03647661
230.00000000,2058.00000000,0.03641686
230.00000000,2059.00000000,0.03635667
230.00000000,2060.00000000,0.03630287
230.00000000,2061.00000000,0.03624095
230.00000000,2062.00000000,0.03618006
230.00000000,2063.00000000,0.03612058
230.00000000,2064.00000000,0.03606036
230.00000000,2065.00000000,0.03600173
230.00000000,2066.00000000,0.03594701
230.00000000,2067.00000000,0.03588843
230.00000000,2068.00000000,0.03583149
230.00000000,2069.00000000,0.03577517
230.00000000,2070.00000000,0.03572042
230.00000000,2071.00000000,0.03566520
230.00000000,2072.00000000,0.03561182
230.00000000,2073.00000000,0.03555821
230.00000000,2074.00000000,0.03550677
230.00000000,2075.00000000,0.03545857
230.00000000,2076.00000000,0.03540703
230.00000000,2077.00000000,0.03535983
230.00000000,2078.00000000,0.03531148
230.00000000,2079.00000000,0.03526623
230.00000000,2080.00000000,0.03522302
230.00000000,2081.00000000,0.03517634
230.00000000,2082.00000000,0.03513392
230.00000000,2083.00000000,0.03509142
230.00000000,2084.00000000,0.03505853
230.00000000,2085.00000000,0.03501805
230.00000000,2086.00000000,0.03498176
230.00000000,2087.00000000,0.03494209
230.00000000,2088.00000000,0.03490335
230.00000000,2089.00000000,0.03486977
230.00000000,2090.00000000,0.03484016
230.00000000,2091.00000000,0.03480708
230.00000000,2092.00000000,0.03477272
230.00000000,2093.00000000,0.03474461
230.00000000,2094.00000000,0.03471862
230.00000000,2095.00000000,0.03469257
230.00000000,2096.00000000,0.03466331
230.00000000,2097.00000000,0.03464060
230.00000000,2098.00000000,0.03461543
230.00000000,2099.00000000,0.03459338
230.00000000,2100.00000000,0.03457013
230.00000000,2101.00000000,0.03455206
230.00000000,2102.00000000,0.03454349
230.00000000,2103.00000000,0.03452961
230.00000000,2104.00000000,0.03449451
230.00000000,2105.00000000,0.03448580
230.00000000,2106.00000000,0.03446642
230.00000000,2107.00000000,0.03444803
230.00000000,2108.00000000,0.03442895
230.00000000,2109.00000000,0.03442390
230.00000000,2110.00000000,0.03443236
230.00000000,2111.00000000,0.03442165
230.00000000,2112.00000000,0.03441797
230.00000000,2113.00000000,0.03441821
230.00000000,2114.00000000,0.03440553
230.00000000,2115.00000000,0.03439251
230.00000000,2116.00000000,0.03438231
230.00000000,2117.00000000,0.03438329
230.00000000,2118.00000000,0.03440374
230.00000000,2119.00000000,0.03439141
230.00000000,2120.00000000,0.03441002
230.00000000,2121.00000000,0.03441569
230.00000000,2122.00000000,0.03440736
230.00000000,2123.00000000,0.03439337
230.00000000,2124.00000000,0.03439778
230.00000000,2125.00000000,0.03441324
230.00000000,2126.00000000,0.03441887
230.00000000,2127.00000000,0.03443349
230.00000000,2128.00000000,0.03445290
230.00000000,2129.00000000,0.03449062
230.00000000,2130.00000000,0.03451338
230.00000000,2131.00000000,0.03452735
230.00000000,2132.00000000,0.03453779
230.00000000,2133.00000000,0.03458729
230.00000000,2134.00000000,0.03459157
230.00000000,2135.00000000,0.03462966
230.00000000,2136.00000000,0.03467344
230.00000000,2137.00000000,0.03475187
230.00000000,2138.00000000,0.03471542
230.00000000,2139.00000000,0.03475097
230.00000000,2140.00000000,0.03478577
230.00000000,2141.00000000,0.03480325
230.00000000,2142.00000000,0.03484799
230.00000000,2143.00000000,0.03491478
230.00000000,2144.00000000,0.03481910
230.00000000,2145.00000000,0.03480773
230.00000000,2146.00000000,0.03487456
230.00000000,2147.00000000,0.03493245
230.00000000,2148.00000000,0.03491505
230.00000000,2149.00000000,0.03478310
230.00000000,2150.00000000,0.03491673
230.00000000,2151.00000000,0.03478696
230.00000000,2152.00000000,0.03483552
230.00000000,2153.00000000,0.03497177
230.00000000,2154.00000000,0.03497333
230.00000000,2155.00000000,0.03499665
230.00000000,2156.00000000,0.03501789
230.00000000,2157.00000000,0.03511478
230.00000000,2158.00000000,0.03513499
230.00000000,2159.00000000,0.03523685
230.00000000,2160.00000000,0.03516230
230.00000000,2161.00000000,0.03506757
230.00000000,2162.00000000,0.03499518
230.00000000,2163.00000000,0.03506882
230.00000000,2164.00000000,0.03517976
230.00000000,2165.00000000,0.03526571
230.00000000,2166.00000000,0.03540459
230.00000000,2167.00000000,0.03552041
230.00000000,2168.00000000,0.03548617
230.00000000,2169.00000000,0.03557543
230.00000000,2170.00000000,0.03572591
230.00000000,2171.00000000,0.03580321
230.00000000,2172.00000000,0.03585408
230.00000000,2173.00000000,0.03594945
230.00000000,2174.00000000,0.03598697
230.00000000,2175.00000000,0.03580114
230.00000000,2176.00000000,0.03593212
230.00000000,2177.00000000,0.03614502
230.00000000,2178.00000000,0.03627939
230.00000000,2179.00000000,0.03628237
230.00000000,2180.00000000,0.03656190
230.00000000,2181.00000000,0.03676703
230.00000000,2182.00000000,0.03685835
230.00000000,2183.00000000,0.03696939
230.00000000,2184.00000000,0.03706009
230.00000000,2185.00000000,0.03731561
230.00000000,2186.00000000,0.03752779
230.00000000,2187.00000000,0.03769632
230.00000000,2188.00000000,0.03783269
230.00000000,2189.00000000,0.03804732
230.00000000,2190.00000000,0.03824575
230.00000000,2191.00000000,0.03834167
230.00000000,2192.00000000,0.03853430
230.00000000,2193.00000000,0.03877389
230.00000000,2194.00000000,0.03902848
230.00000000,2195.00000000,0.03926057
230.00000000,2196.00000000,0.03951944
230.00000000,2197.00000000,0.03972236
230.00000000,2198.00000000,0.04000363
230.00000000,2199.00000000,0.04032483
230.00000000,2200.00000000,0.04071738
230.00000000,2201.00000000,0.04098141
230.00000000,2202.00000000,0.04126149
230.00000000,2203.00000000,0.04161733
230.00000000,2204.00000000,0.04172870
230.00000000,2205.00000000,0.04180015
230.00000000,2206.00000000,0.04219664
230.00000000,2207.00000000,0.04246234
230.00000000,2208.00000000,0.04265332
230.00000000,2209.00000000,0.04307138
230.00000000,2210.00000000,0.04312192
230.00000000,2211.00000000,0.04305361
230.00000000,2212.00000000,0.04312137
230.00000000,2213.00000000,0.04321695
230.00000000,2214.00000000,0.04353163
230.00000000,2215.00000000,0.04381980
230.00000000,2216.00000000,0.04412342
230.00000000,2217.00000000,0.04440361
230.00000000,2218.00000000,0.04476144
230.00000000,2219.00000000,0.04502556
230.00000000,2220.00000000,0.04521319
230.00000000,2221.00000000,0.04544248
230.00000000,2222.00000000,0.04544010
230.00000000,2223.00000000,0.04557657
230.00000000,2224.00000000,0.04584055
230.00000000,2225.00000000,0.04612008
230.00000000,2226.00000000,0.04641070
230.00000000,2227.00000000,0.04667065
230.00000000,2228.00000000,0.04677379
230.00000000,2229.00000000,0.04689212
230.00000000,2230.00000000,0.04722298
230.00000000,2231.00000000,0.04755083
230.00000000,2232.00000000,0.04775830
230.00000000,2233.00000000,0.04829369
230.00000000,2234.00000000,0.04888903
230.00000000,2235.00000000,0.04938840
230.00000000,2236.00000000,0.04976586
230.00000000,2237.00000000,0.05014645
230.00000000,2238.00000000,0.05053028
230.00000000,2239.00000000,0.05091702
230.00000000,2240.00000000,0.05130671
230.00000000,2241.00000000,0.05178123
230.00000000,2242.00000000,0.05225916
230.00000000,2243.00000000,0.05274056
230.00000000,2244.00000000,0.05322539
230.00000000,2245.00000000,0.05371361
230.00000000,2246.00000000,0.05420527
230.00000000,2247.00000000,0.05470035
230.00000000,2248.00000000,0.05519878
230.00000000,2249.00000000,0.05570056
230.00000000,2250.00000000,0.05620527
230.00000000,2251.00000000,0.05667510
230.00000000,2252.00000000,0.05714626
230.00000000,2253.00000000,0.05761828
230.00000000,2254.00000000,0.05809105
230.00000000,2255.00000000,0.05856444
230.00000000,2256.00000000,0.05903839
230.00000000,2257.00000000,0.05951293
230.00000000,2258.00000000,0.05998803
230.00000000,2259.00000000,0.06046370
230.00000000,2260.00000000,0.06094002
230.00000000,2261.00000000,0.06149584
230.00000000,2262.00000000,0.06205272
230.00000000,2263.00000000,0.06261073
230.00000000,2264.00000000,0.06316987
230.00000000,2265.00000000,0.06373010
230.00000000,2266.00000000,0.06429146
230.00000000,2267.00000000,0.06485388
230.00000000,2268.00000000,0.06541741
230.00000000,2269.00000000,0.06598202
230.00000000,2270.00000000,0.06654767
230.00000000,2271.00000000,0.06717297
230.00000000,2272.00000000,0.06779954
230.00000000,2273.00000000,0.06842729
230.00000000,2274.00000000,0.06905627
230.00000000,2275.00000000,0.06968637
230.00000000,2276.00000000,0.07031754
230.00000000,2277.00000000,0.07094978
230.00000000,2278.00000000,0.07158299
230.00000000,2279.00000000,0.07221719
230.00000000,2280.00000000,0.07285230
230.00000000,2281.00000000,0.07348485
230.00000000,2282.00000000,0.07411825
230.00000000,2283.00000000,0.07475238
230.00000000,2284.00000000,0.07538716
230.00000000,2285.00000000,0.07602260
230.00000000,2286.00000000,0.07665861
230.00000000,2287.00000000,0.07729509
230.00000000,2288.00000000,0.07793205
230.00000000,2289.00000000,0.07856936
230.00000000,2290.00000000,0.07920691
230.00000000,2291.00000000,0.07971257
230.00000000,2292.00000000,0.08021789
230.00000000,2293.00000000,0.08072292
230.00000000,2294.00000000,0.08122762
230.00000000,2295.00000000,0.08173189
230.00000000,2296.00000000,0.08223579
230.00000000,2297.00000000,0.08273926
230.00000000,2298.00000000,0.08324219
230.00000000,2299.00000000,0.08374465
230.00000000,2300.00000000,0.08424652
230.00000000,2301.00000000,0.08462707
230.00000000,2302.00000000,0.08500664
230.00000000,2303.00000000,0.08538509
230.00000000,2304.00000000,0.08576256
230.00000000,2305.00000000,0.08613897
230.00000000,2306.00000000,0.08651427
230.00000000,2307.00000000,0.08688854
230.00000000,2308.00000000,0.08726172
230.00000000,2309.00000000,0.08763375
230.00000000,2310.00000000,0.08800471
230.00000000,2311.00000000,0.08830641
230.00000000,2312.00000000,0.08860673
230.00000000,2313.00000000,0.08890577
230.00000000,2314.00000000,0.08920342
230.00000000,2315.00000000,0.08949977
230.00000000,2316.00000000,0.08979481
230.00000000,2317.00000000,0.09008845
230.00000000,2318.00000000,0.09038079
230.00000000,2319.00000000,0.09067180
230.00000000,2320.00000000,0.09096139
230.00000000,2321.00000000,0.09117880
230.00000000,2322.00000000,0.09139468
230.00000000,2323.00000000,0.09160896
230.00000000,2324.00000000,0.09182176
230.00000000,2325.00000000,0.09203304
230.00000000,2326.00000000,0.09224275
230.00000000,2327.00000000,0.09245102
230.00000000,2328.00000000,0.09265772
230.00000000,2329.00000000,0.09286299
230.00000000,2330.00000000,0.09306676
230.00000000,2331.00000000,0.09321416
230.00000000,2332.00000000,0.09336003
230.00000000,2333.00000000,0.09350429
230.00000000,2334.00000000,0.09364689
230.00000000,2335.00000000,0.09378796
230.00000000,2336.00000000,0.09392749
230.00000000,2337.00000000,0.09406538
230.00000000,2338.00000000,0.09420179
230.00000000,2339.00000000,0.09433659
230.00000000,2340.00000000,0.09446992
230.00000000,2341.00000000,0.09460173
230.00000000,2342.00000000,0.09473195
230.00000000,2343.00000000,0.09486072
230.00000000,2344.00000000,0.09498799
230.00000000,2345.00000000,0.09511369
230.00000000,2346.00000000,0.09523797
230.00000000,2347.00000000,0.09536077
230.00000000,2348.00000000,0.09548199
230.00000000,2349.00000000,0.09560181
230.00000000,2350.00000000,0.09572016
230.00000000,2351.00000000,0.09583693
230.00000000,2352.00000000,0.09595233
230.00000000,2353.00000000,0.09606617
230.00000000,2354.00000000,0.09617863
230.00000000,2355.00000000,0.09628964
230.00000000,2356.00000000,0.09639908
230.00000000,2357.00000000,0.09650717
230.00000000,2358.00000000,0.09661380
230.00000000,2359.00000000,0.09671886
230.00000000,2360.00000000,0.09682257
230.00000000,2361.00000000,0.09692482
230.00000000,2362.00000000,0.09702549
230.00000000,2363.00000000,0.09712482
230.00000000,2364.00000000,0.09722256
230.00000000,2365.00000000,0.09731895
230.00000000,2366.00000000,0.09741387
230.00000000,2367.00000000,0.09750721
230.00000000,2368.00000000,0.09759917
230.00000000,2369.00000000,0.09768966
230.00000000,2370.00000000,0.09777855
230.00000000,2371.00000000,0.09786604
230.00000000,2372.00000000,0.09795203
230.00000000,2373.00000000,0.09803642
230.00000000,2374.00000000,0.09811938
230.00000000,2375.00000000,0.09820074
230.00000000,2376.00000000,0.09828063
230.00000000,2377.00000000,0.09835897
230.00000000,2378.00000000,0.09843564
230.00000000,2379.00000000,0.09851078
230.00000000,2380.00000000,0.09858426
230.00000000,2381.00000000,0.09827487
230.00000000,2382.00000000,0.09796346
230.00000000,2383.00000000,0.09764998
230.00000000,2384.00000000,0.09733442
230.00000000,2385.00000000,0.09701695
230.00000000,2386.00000000,0.09669754
230.00000000,2387.00000000,0.09637616
230.00000000,2388.00000000,0.09605299
230.00000000,2389.00000000,0.09572791
230.00000000,2390.00000000,0.09540113
230.00000000,2391.00000000,0.09507259
230.00000000,2392.00000000,0.09474225
230.00000000,2393.00000000,0.09441033
230.00000000,2394.00000000,0.09407674
230.00000000,2395.00000000,0.09374147
230.00000000,2396.00000000,0.09340468
230.00000000,2397.00000000,0.09306635
230.00000000,2398.00000000,0.09272643
230.00000000,2399.00000000,0.09238508
230.00000000,2400.00000000,0.09204222
230.00000000,2401.00000000,0.09169799
230.00000000,2402.00000000,0.09135237
230.00000000,2403.00000000,0.09100531
230.00000000,2404.00000000,0.09065699
230.00000000,2405.00000000,0.09030736
230.00000000,2406.00000000,0.08995638
230.00000000,2407.00000000,0.08960420
230.00000000,2408.00000000,0.08925082
230.00000000,2409.00000000,0.08889615
230.00000000,2410.00000000,0.08854037
230.00000000,2411.00000000,0.08818344
230.00000000,2412.00000000,0.08782531
230.00000000,2413.00000000,0.08746616
230.00000000,2414.00000000,0.08710585
230.00000000,2415.00000000,0.08674454
230.00000000,2416.00000000,0.08638222
230.00000000,2417.00000000,0.08601881
230.00000000,2418.00000000,0.08565446
230.00000000,2419.00000000,0.08528917
230.00000000,2420.00000000,0.08492285
230.00000000,2421.00000000,0.08455568
230.00000000,2422.00000000,0.08418760
230.00000000,2423.00000000,0.08381857
230.00000000,2424.00000000,0.08344875
230.00000000,2425.00000000,0.08307802
230.00000000,2426.00000000,0.08270653
230.00000000,2427.00000000,0.08233422
230.00000000,2428.00000000,0.08196108
230.00000000,2429.00000000,0.08158723
230.00000000,2430.00000000,0.08121264
230.00000000,2431.00000000,0.08083724
230.00000000,2432.00000000,0.08046121
230.00000000,2433.00000000,0.08008448
230.00000000,2434.00000000,0.07970700
230.00000000,2435.00000000,0.07932894
230.00000000,2436.00000000,0.07895024
230.00000000,2437.00000000,0.07857082
230.00000000,2438.00000000,0.07819089
230.00000000,2439.00000000,0.07781028
230.00000000,2440.00000000,0.07742917
230.00000000,2441.00000000,0.07704751
230.00000000,2442.00000000,0.07666523
230.00000000,2443.00000000,0.07628250
230.00000000,2444.00000000,0.07589925
230.00000000,2445.00000000,0.07551542
230.00000000,2446.00000000,0.07513119
230.00000000,2447.00000000,0.07474650
230.00000000,2448.00000000,0.07436127
230.00000000,2449.00000000,0.07397568
230.00000000,2450.00000000,0.07358959
230.00000000,2451.00000000,0.07320318
230.00000000,2452.00000000,0.07281636
230.00000000,2453.00000000,0.07242908
230.00000000,2454.00000000,0.07204151
230.00000000,2455.00000000,0.07165358
230.00000000,2456.00000000,0.07126523
230.00000000,2457.00000000,0.07087663
230.00000000,2458.00000000,0.07048771
230.00000000,2459.00000000,0.07009841
230.00000000,2460.00000000,0.06970889
230.00000000,2461.00000000,0.06931903
230.00000000,2462.00000000,0.06892897
230.00000000,2463.00000000,0.06853867
230.00000000,2464.00000000,0.06814805
230.00000000,2465.00000000,0.06775728
230.00000000,2466.00000000,0.06736631
230.00000000,2467.00000000,0.06697504
230.00000000,2468.00000000,0.06658367
230.00000000,2469.00000000,0.06619213
230.00000000,2470.00000000,0.06580034
230.00000000,2471.00000000,0.06540847
230.00000000,2472.00000000,0.06501648
230.00000000,2473.00000000,0.06462428
230.00000000,2474.00000000,0.06423205
230.00000000,2475.00000000,0.06383964
230.00000000,2476.00000000,0.06344724
230.00000000,2477.00000000,0.06305479
230.00000000,2478.00000000,0.06266225
230.00000000,2479.00000000,0.06235204
230.00000000,2480.00000000,0.06228397
230.00000000,2481.00000000,0.06228209
230.00000000,2482.00000000,0.06228040
230.00000000,2483.00000000,0.06227881
230.00000000,2484.00000000,0.06227723
230.00000000,2485.00000000,0.06227583
230.00000000,2486.00000000,0.06228482
230.00000000,2487.00000000,0.06229398
230.00000000,2488.00000000,0.06230324
230.00000000,2489.00000000,0.06231250
230.00000000,2490.00000000,0.06232192
230.00000000,2491.00000000,0.06231093
230.00000000,2492.00000000,0.06229992
230.00000000,2493.00000000,0.06228907
230.00000000,2494.00000000,0.06227830
230.00000000,2495.00000000,0.06226750
230.00000000,2496.00000000,0.06225685
230.00000000,2497.00000000,0.06224628
230.00000000,2498.00000000,0.06223567
230.00000000,2499.00000000,0.06222521
230.00000000,2500.00000000,0.06221472
231.00000000,1765.00000000,0.03892057
231.00000000,1766.00000000,0.03892067
231.00000000,1767.00000000,0.03892073
231.00000000,1768.00000000,0.03892090
231.00000000,1769.00000000,0.03892092
231.00000000,1770.00000000,0.03892105
231.00000000,1771.00000000,0.03892144
231.00000000,1772.00000000,0.03892161
231.00000000,1773.00000000,0.03892223
231.00000000,1774.00000000,0.03892253
231.00000000,1775.00000000,0.03892314
231.00000000,1776.00000000,0.03892396
231.00000000,1777.00000000,0.03892453
231.00000000,1778.00000000,0.03892538
231.00000000,1779.00000000,0.03892625
231.00000000,1780.00000000,0.03892722
231.00000000,1781.00000000,0.03892817
231.00000000,1782.00000000,0.03892930
231.00000000,1783.00000000,0.03893038
231.00000000,1784.00000000,0.03893158
231.00000000,1785.00000000,0.03893286
231.00000000,1786.00000000,0.03893417
231.00000000,1787.00000000,0.03893551
231.00000000,1788.00000000,0.03893696
231.00000000,1789.00000000,0.03893827
231.00000000,1790.00000000,0.03893970
231.00000000,1791.00000000,0.03894131
231.00000000,1792.00000000,0.03894285
231.00000000,1793.00000000,0.03894433
231.00000000,1794.00000000,0.03894608
231.00000000,1795.00000000,0.03894765
231.00000000,1796.00000000,0.03894938
231.00000000,1797.00000000,0.03895113
231.00000000,1798.00000000,0.03895283
231.00000000,1799.00000000,0.03895464
231.00000000,1800.00000000,0.03895643
231.00000000,1801.00000000,0.03895831
231.00000000,1802.00000000,0.03896017
231.00000000,1803.00000000,0.03896188
231.00000000,1804.00000000,0.03896386
231.00000000,1805.00000000,0.03896573
231.00000000,1806.00000000,0.03896763
231.00000000,1807.00000000,0.03896948
231.00000000,1808.00000000,0.03897137
231.00000000,1809.00000000,0.03897341
231.00000000,1810.00000000,0.03897532
231.00000000,1811.00000000,0.03897732
231.00000000,1812.00000000,0.03897926
231.00000000,1813.00000000,0.03898134
231.00000000,1814.00000000,0.03898331
231.00000000,1815.00000000,0.03898526
231.00000000,1816.00000000,0.03898731
231.00000000,1817.00000000,0.03898928
231.00000000,1818.00000000,0.03899138
231.00000000,1819.00000000,0.03899338
231.00000000,1820.00000000,0.03899533
231.00000000,1821.00000000,0.03899743
231.00000000,1822.00000000,0.03899938
231.00000000,1823.00000000,0.03900146
231.00000000,1824.00000000,0.03900351
231.00000000,1825.00000000,0.03900553
231.00000000,1826.00000000,0.03900753
231.00000000,1827.00000000,0.03900948
231.00000000,1828.00000000,0.03901149
231.00000000,1829.00000000,0.03901349
231.00000000,1830.00000000,0.03901550
231.00000000,1831.00000000,0.03901758
231.00000000,1832.00000000,0.03901952
231.00000000,1833.00000000,0.03902144
231.00000000,1834.00000000,0.03902339
231.00000000,1835.00000000,0.03902539
231.00000000,1836.00000000,0.03902726
231.00000000,1837.00000000,0.03902926
231.00000000,1838.00000000,0.03903110
231.00000000,1839.00000000,0.03903300
231.00000000,1840.00000000,0.03903494
231.00000000,1841.00000000,0.03903683
231.00000000,1842.00000000,0.03903866
231.00000000,1843.00000000,0.03904048
231.00000000,1844.00000000,0.03904232
231.00000000,1845.00000000,0.03904416
231.00000000,1846.00000000,0.03904597
231.00000000,1847.00000000,0.03904774
231.00000000,1848.00000000,0.03904948
231.00000000,1849.00000000,0.03905124
231.00000000,1850.00000000,0.03905294
231.00000000,1851.00000000,0.03905470
231.00000000,1852.00000000,0.03905623
231.00000000,1853.00000000,0.03905806
231.00000000,1854.00000000,0.03905998
231.00000000,1855.00000000,0.03906189
231.00000000,1856.00000000,0.03906368
231.00000000,1857.00000000,0.03906540
231.00000000,1858.00000000,0.03906716
231.00000000,1859.00000000,0.03906882
231.00000000,1860.00000000,0.03907047
231.00000000,1861.00000000,0.03907204
231.00000000,1862.00000000,0.03907358
231.00000000,1863.00000000,0.03907468
231.00000000,1864.00000000,0.03907558
231.00000000,1865.00000000,0.03907629
231.00000000,1866.00000000,0.03907670
231.00000000,1867.00000000,0.03907708
231.00000000,1868.00000000,0.03907731
231.00000000,1869.00000000,0.03907727
231.00000000,1870.00000000,0.03907722
231.00000000,1871.00000000,0.03907702
231.00000000,1872.00000000,0.03907683
231.00000000,1873.00000000,0.03907712
231.00000000,1874.00000000,0.03907767
231.00000000,1875.00000000,0.03907823
231.00000000,1876.00000000,0.03907902
231.00000000,1877.00000000,0.03907992
231.00000000,1878.00000000,0.03908088
231.00000000,1879.00000000,0.03908190
231.00000000,1880.00000000,0.03908301
231.00000000,1881.00000000,0.03908404
231.00000000,1882.00000000,0.03908516
231.00000000,1883.00000000,0.03908586
231.00000000,1884.00000000,0.03908643
231.00000000,1885.00000000,0.03908689
231.00000000,1886.00000000,0.03908733
231.00000000,1887.00000000,0.03908755
231.00000000,1888.00000000,0.03908774
231.00000000,1889.00000000,0.03908776
231.00000000,1890.00000000,0.03908760
231.00000000,1891.00000000,0.03908729
231.00000000,1892.00000000,0.03908684
231.00000000,1893.00000000,0.03908617
231.00000000,1894.00000000,0.03908561
231.00000000,1895.00000000,0.03908506
231.00000000,1896.00000000,0.03908450
231.00000000,1897.00000000,0.03908392
231.00000000,1898.00000000,0.03908328
231.00000000,1899.00000000,0.03908256
231.00000000,1900.00000000,0.03908163
231.00000000,1901.00000000,0.03908055
231.00000000,1902.00000000,0.03907948
231.00000000,1903.00000000,0.03907852
231.00000000,1904.00000000,0.03907758
231.00000000,1905.00000000,0.03907677
231.00000000,1906.00000000,0.03907604
231.00000000,1907.00000000,0.03907540
231.00000000,1908.00000000,0.03907465
231.00000000,1909.00000000,0.03907388
231.00000000,1910.00000000,0.03907317
231.00000000,1911.00000000,0.03907231
231.00000000,1912.00000000,0.03907111
231.00000000,1913.00000000,0.03906943
231.00000000,1914.00000000,0.03906732
231.00000000,1915.00000000,0.03906488
231.00000000,1916.00000000,0.03906242
231.00000000,1917.00000000,0.03905992
231.00000000,1918.00000000,0.03905736
231.00000000,1919.00000000,0.03905477
231.00000000,1920.00000000,0.03905243
231.00000000,1921.00000000,0.03905044
231.00000000,1922.00000000,0.03904888
231.00000000,1923.00000000,0.03904766
231.00000000,1924.00000000,0.03904647
231.00000000,1925.00000000,0.03904522
231.00000000,1926.00000000,0.03904391
231.00000000,1927.00000000,0.03904257
231.00000000,1928.00000000,0.03904126
231.00000000,1929.00000000,0.03903992
231.00000000,1930.00000000,0.03903863
231.00000000,1931.00000000,0.03903786
231.00000000,1932.00000000,0.03903779
231.00000000,1933.00000000,0.03903802
231.00000000,1934.00000000,0.03903849
231.00000000,1935.00000000,0.03903901
231.00000000,1936.00000000,0.03903911
231.00000000,1937.00000000,0.03903879
231.00000000,1938.00000000,0.03903781
231.00000000,1939.00000000,0.03903634
231.00000000,1940.00000000,0.03903441
231.00000000,1941.00000000,0.03903207
231.00000000,1942.00000000,0.03902911
231.00000000,1943.00000000,0.03902580
231.00000000,1944.00000000,0.03902223
231.00000000,1945.00000000,0.03901855
231.00000000,1946.00000000,0.03901537
231.00000000,1947.00000000,0.03901303
231.00000000,1948.00000000,0.03901110
231.00000000,1949.00000000,0.03900912
231.00000000,1950.00000000,0.03900711
231.00000000,1951.00000000,0.03900503
231.00000000,1952.00000000,0.03900327
231.00000000,1953.00000000,0.03900161
231.00000000,1954.00000000,0.03899990
231.00000000,1955.00000000,0.03899833
231.00000000,1956.00000000,0.03899674
231.00000000,1957.00000000,0.03899500
231.00000000,1958.00000000,0.03899299
231.00000000,1959.00000000,0.03899068
231.00000000,1960.00000000,0.03898738
231.00000000,1961.00000000,0.03898319
231.00000000,1962.00000000,0.03897851
231.00000000,1963.00000000,0.03897334
231.00000000,1964.00000000,0.03896762
231.00000000,1965.00000000,0.03896115
231.00000000,1966.00000000,0.03895395
231.00000000,1967.00000000,0.03894609
231.00000000,1968.00000000,0.03893736
231.00000000,1969.00000000,0.03892756
231.00000000,1970.00000000,0.03891649
231.00000000,1971.00000000,0.03890366
231.00000000,1972.00000000,0.03888871
231.00000000,1973.00000000,0.03887188
231.00000000,1974.00000000,0.03885356
231.00000000,1975.00000000,0.03883430
231.00000000,1976.00000000,0.03881477
231.00000000,1977.00000000,0.03879529
231.00000000,1978.00000000,0.03877568
231.00000000,1979.00000000,0.03875588
231.00000000,1980.00000000,0.03873570
231.00000000,1981.00000000,0.03871538
231.00000000,1982.00000000,0.03869606
231.00000000,1983.00000000,0.03867884
231.00000000,1984.00000000,0.03866366
231.00000000,1985.00000000,0.03865007
231.00000000,1986.00000000,0.03863735
231.00000000,1987.00000000,0.03862507
231.00000000,1988.00000000,0.03861284
231.00000000,1989.00000000,0.03860044
231.00000000,1990.00000000,0.03858777
231.00000000,1991.00000000,0.03857494
231.00000000,1992.00000000,0.03856236
231.00000000,1993.00000000,0.03855006
231.00000000,1994.00000000,0.03853830
231.00000000,1995.00000000,0.03852698
231.00000000,1996.00000000,0.03851574
231.00000000,1997.00000000,0.03850778
231.00000000,1998.00000000,0.03849589
231.00000000,1999.00000000,0.03848392
231.00000000,2000.00000000,0.03847206
231.00000000,2001.00000000,0.03846009
231.00000000,2002.00000000,0.03844900
231.00000000,2003.00000000,0.03843680
231.00000000,2004.00000000,0.03842401
231.00000000,2005.00000000,0.03840984
231.00000000,2006.00000000,0.03839374
231.00000000,2007.00000000,0.03837562
231.00000000,2008.00000000,0.03835570
231.00000000,2009.00000000,0.03833420
231.00000000,2010.00000000,0.03831125
231.00000000,2011.00000000,0.03828695
231.00000000,2012.00000000,0.03826254
231.00000000,2013.00000000,0.03823560
231.00000000,2014.00000000,0.03820730
231.00000000,2015.00000000,0.03817767
231.00000000,2016.00000000,0.03814668
231.00000000,2017.00000000,0.03811444
231.00000000,2018.00000000,0.03808106
231.00000000,2019.00000000,0.03804646
231.00000000,2020.00000000,0.03801083
231.00000000,2021.00000000,0.03797420
231.00000000,2022.00000000,0.03793785
231.00000000,2023.00000000,0.03789957
231.00000000,2024.00000000,0.03786061
231.00000000,2025.00000000,0.03782111
231.00000000,2026.00000000,0.03778106
231.00000000,2027.00000000,0.03774056
231.00000000,2028.00000000,0.03770083
231.00000000,2029.00000000,0.03765956
231.00000000,2030.00000000,0.03761788
231.00000000,2031.00000000,0.03757704
231.00000000,2032.00000000,0.03753462
231.00000000,2033.00000000,0.03749394
231.00000000,2034.00000000,0.03744920
231.00000000,2035.00000000,0.03740491
231.00000000,2036.00000000,0.03735998
231.00000000,2037.00000000,0.03731555
231.00000000,2038.00000000,0.03726924
231.00000000,2039.00000000,0.03722234
231.00000000,2040.00000000,0.03717483
231.00000000,2041.00000000,0.03712667
231.00000000,2042.00000000,0.03707901
231.00000000,2043.00000000,0.03702944
231.00000000,2044.00000000,0.03697900
231.00000000,2045.00000000,0.03692777
231.00000000,2046.00000000,0.03687680
231.00000000,2047.00000000,0.03682506
231.00000000,2048.00000000,0.03677253
231.00000000,2049.00000000,0.03671807
231.00000000,2050.00000000,0.03666293
231.00000000,2051.00000000,0.03660711
231.00000000,2052.00000000,0.03655063
231.00000000,2053.00000000,0.03649473
231.00000000,2054.00000000,0.03643827
231.00000000,2055.00000000,0.03638012
231.00000000,2056.00000000,0.03632265
231.00000000,2057.00000000,0.03626364
231.00000000,2058.00000000,0.03620528
231.00000000,2059.00000000,0.03614545
231.00000000,2060.00000000,0.03608521
231.00000000,2061.00000000,0.03603141
231.00000000,2062.00000000,0.03596978
231.00000000,2063.00000000,0.03590944
231.00000000,2064.00000000,0.03585065
231.00000000,2065.00000000,0.03579125
231.00000000,2066.00000000,0.03573347
231.00000000,2067.00000000,0.03567961
231.00000000,2068.00000000,0.03562191
231.00000000,2069.00000000,0.03556583
231.00000000,2070.00000000,0.03551033
231.00000000,2071.00000000,0.03545644
231.00000000,2072.00000000,0.03540223
231.00000000,2073.00000000,0.03535001
231.00000000,2074.00000000,0.03529770
231.00000000,2075.00000000,0.03524757
231.00000000,2076.00000000,0.03520067
231.00000000,2077.00000000,0.03515042
231.00000000,2078.00000000,0.03510447
231.00000000,2079.00000000,0.03505731
231.00000000,2080.00000000,0.03501318
231.00000000,2081.00000000,0.03497106
231.00000000,2082.00000000,0.03492556
231.00000000,2083.00000000,0.03488434
231.00000000,2084.00000000,0.03484307
231.00000000,2085.00000000,0.03481133
231.00000000,2086.00000000,0.03477203
231.00000000,2087.00000000,0.03473687
231.00000000,2088.00000000,0.03469830
231.00000000,2089.00000000,0.03466062
231.00000000,2090.00000000,0.03462801
231.00000000,2091.00000000,0.03459934
231.00000000,2092.00000000,0.03456729
231.00000000,2093.00000000,0.03453403
231.00000000,2094.00000000,0.03450702
231.00000000,2095.00000000,0.03448210
231.00000000,2096.00000000,0.03445712
231.00000000,2097.00000000,0.03442891
231.00000000,2098.00000000,0.03440718
231.00000000,2099.00000000,0.03438297
231.00000000,2100.00000000,0.03436181
231.00000000,2101.00000000,0.03433948
231.00000000,2102.00000000,0.03432234
231.00000000,2103.00000000,0.03431472
231.00000000,2104.00000000,0.03430183
231.00000000,2105.00000000,0.03426788
231.00000000,2106.00000000,0.03426010
231.00000000,2107.00000000,0.03424171
231.00000000,2108.00000000,0.03422427
231.00000000,2109.00000000,0.03420611
231.00000000,2110.00000000,0.03420186
231.00000000,2111.00000000,0.03421099
231.00000000,2112.00000000,0.03420104
231.00000000,2113.00000000,0.03419805
231.00000000,2114.00000000,0.03419893
231.00000000,2115.00000000,0.03418694
231.00000000,2116.00000000,0.03417459
231.00000000,2117.00000000,0.03416502
231.00000000,2118.00000000,0.03416654
231.00000000,2119.00000000,0.03418738
231.00000000,2120.00000000,0.03417564
231.00000000,2121.00000000,0.03419461
231.00000000,2122.00000000,0.03420073
231.00000000,2123.00000000,0.03419290
231.00000000,2124.00000000,0.03417945
231.00000000,2125.00000000,0.03418426
231.00000000,2126.00000000,0.03420004
231.00000000,2127.00000000,0.03420605
231.00000000,2128.00000000,0.03422099
231.00000000,2129.00000000,0.03424069
231.00000000,2130.00000000,0.03427857
231.00000000,2131.00000000,0.03430157
231.00000000,2132.00000000,0.03431583
231.00000000,2133.00000000,0.03432658
231.00000000,2134.00000000,0.03437615
231.00000000,2135.00000000,0.03438076
231.00000000,2136.00000000,0.03441897
231.00000000,2137.00000000,0.03446282
231.00000000,2138.00000000,0.03454111
231.00000000,2139.00000000,0.03450522
231.00000000,2140.00000000,0.03454087
231.00000000,2141.00000000,0.03457579
231.00000000,2142.00000000,0.03459348
231.00000000,2143.00000000,0.03463827
231.00000000,2144.00000000,0.03470497
231.00000000,2145.00000000,0.03461017
231.00000000,2146.00000000,0.03459918
231.00000000,2147.00000000,0.03466591
231.00000000,2148.00000000,0.03472375
231.00000000,2149.00000000,0.03470676
231.00000000,2150.00000000,0.03457588
231.00000000,2151.00000000,0.03470919
231.00000000,2152.00000000,0.03458119
231.00000000,2153.00000000,0.03463095
231.00000000,2154.00000000,0.03476814
231.00000000,2155.00000000,0.03477153
231.00000000,2156.00000000,0.03479658
231.00000000,2157.00000000,0.03481954
231.00000000,2158.00000000,0.03491769
231.00000000,2159.00000000,0.03493954
231.00000000,2160.00000000,0.03504252
231.00000000,2161.00000000,0.03497002
231.00000000,2162.00000000,0.03487740
231.00000000,2163.00000000,0.03480693
231.00000000,2164.00000000,0.03488166
231.00000000,2165.00000000,0.03499345
231.00000000,2166.00000000,0.03508035
231.00000000,2167.00000000,0.03521984
231.00000000,2168.00000000,0.03533638
231.00000000,2169.00000000,0.03530360
231.00000000,2170.00000000,0.03539364
231.00000000,2171.00000000,0.03554456
231.00000000,2172.00000000,0.03562266
231.00000000,2173.00000000,0.03567442
231.00000000,2174.00000000,0.03577043
231.00000000,2175.00000000,0.03580887
231.00000000,2176.00000000,0.03562502
231.00000000,2177.00000000,0.03575640
231.00000000,2178.00000000,0.03596928
231.00000000,2179.00000000,0.03610400
231.00000000,2180.00000000,0.03610795
231.00000000,2181.00000000,0.03638710
231.00000000,2182.00000000,0.03659220
231.00000000,2183.00000000,0.03668401
231.00000000,2184.00000000,0.03679546
231.00000000,2185.00000000,0.03688663
231.00000000,2186.00000000,0.03714185
231.00000000,2187.00000000,0.03735392
231.00000000,2188.00000000,0.03752254
231.00000000,2189.00000000,0.03765914
231.00000000,2190.00000000,0.03787363
231.00000000,2191.00000000,0.03807200
231.00000000,2192.00000000,0.03816831
231.00000000,2193.00000000,0.03836089
231.00000000,2194.00000000,0.03860021
231.00000000,2195.00000000,0.03885447
231.00000000,2196.00000000,0.03908632
231.00000000,2197.00000000,0.03934484
231.00000000,2198.00000000,0.03954766
231.00000000,2199.00000000,0.03982848
231.00000000,2200.00000000,0.04014906
231.00000000,2201.00000000,0.04054068
231.00000000,2202.00000000,0.04080433
231.00000000,2203.00000000,0.04108398
231.00000000,2204.00000000,0.04143907
231.00000000,2205.00000000,0.04155073
231.00000000,2206.00000000,0.04162264
231.00000000,2207.00000000,0.04201820
231.00000000,2208.00000000,0.04228354
231.00000000,2209.00000000,0.04247447
231.00000000,2210.00000000,0.04289154
231.00000000,2211.00000000,0.04294262
231.00000000,2212.00000000,0.04287533
231.00000000,2213.00000000,0.04294356
231.00000000,2214.00000000,0.04303948
231.00000000,2215.00000000,0.04335361
231.00000000,2216.00000000,0.04364134
231.00000000,2217.00000000,0.04394446
231.00000000,2218.00000000,0.04422424
231.00000000,2219.00000000,0.04458138
231.00000000,2220.00000000,0.04484517
231.00000000,2221.00000000,0.04503278
231.00000000,2222.00000000,0.04526190
231.00000000,2223.00000000,0.04526026
231.00000000,2224.00000000,0.04539692
231.00000000,2225.00000000,0.04566059
231.00000000,2226.00000000,0.04593975
231.00000000,2227.00000000,0.04622997
231.00000000,2228.00000000,0.04648965
231.00000000,2229.00000000,0.04659313
231.00000000,2230.00000000,0.04671173
231.00000000,2231.00000000,0.04704205
231.00000000,2232.00000000,0.04736938
231.00000000,2233.00000000,0.04757680
231.00000000,2234.00000000,0.04811089
231.00000000,2235.00000000,0.04870473
231.00000000,2236.00000000,0.04920296
231.00000000,2237.00000000,0.04957976
231.00000000,2238.00000000,0.04995969
231.00000000,2239.00000000,0.05034286
231.00000000,2240.00000000,0.05072893
231.00000000,2241.00000000,0.05111795
231.00000000,2242.00000000,0.05159149
231.00000000,2243.00000000,0.05206845
231.00000000,2244.00000000,0.05254887
231.00000000,2245.00000000,0.05303273
231.00000000,2246.00000000,0.05351998
231.00000000,2247.00000000,0.05401067
231.00000000,2248.00000000,0.05450477
231.00000000,2249.00000000,0.05500217
231.00000000,2250.00000000,0.05550255
231.00000000,2251.00000000,0.05600514
231.00000000,2252.00000000,0.05647229
231.00000000,2253.00000000,0.05694039
231.00000000,2254.00000000,0.05740918
231.00000000,2255.00000000,0.05787863
231.00000000,2256.00000000,0.05834867
231.00000000,2257.00000000,0.05881926
231.00000000,2258.00000000,0.05929044
231.00000000,2259.00000000,0.05976219
231.00000000,2260.00000000,0.06023453
231.00000000,2261.00000000,0.06070756
231.00000000,2262.00000000,0.06125987
231.00000000,2263.00000000,0.06181330
231.00000000,2264.00000000,0.06236791
231.00000000,2265.00000000,0.06292368
231.00000000,2266.00000000,0.06348055
231.00000000,2267.00000000,0.06403859
231.00000000,2268.00000000,0.06459771
231.00000000,2269.00000000,0.06515796
231.00000000,2270.00000000,0.06571930
231.00000000,2271.00000000,0.06628170
231.00000000,2272.00000000,0.06690353
231.00000000,2273.00000000,0.06752665
231.00000000,2274.00000000,0.06815096
231.00000000,2275.00000000,0.06877651
231.00000000,2276.00000000,0.06940321
231.00000000,2277.00000000,0.07003097
231.00000000,2278.00000000,0.07065983
231.00000000,2279.00000000,0.07128967
231.00000000,2280.00000000,0.07192052
231.00000000,2281.00000000,0.07255228
231.00000000,2282.00000000,0.07318151
231.00000000,2283.00000000,0.07381160
231.00000000,2284.00000000,0.07444243
231.00000000,2285.00000000,0.07507392
231.00000000,2286.00000000,0.07570609
231.00000000,2287.00000000,0.07633885
231.00000000,2288.00000000,0.07697207
231.00000000,2289.00000000,0.07760579
231.00000000,2290.00000000,0.07823987
231.00000000,2291.00000000,0.07887420
231.00000000,2292.00000000,0.07937720
231.00000000,2293.00000000,0.07987988
231.00000000,2294.00000000,0.08038230
231.00000000,2295.00000000,0.08088438
231.00000000,2296.00000000,0.08138605
231.00000000,2297.00000000,0.08188737
231.00000000,2298.00000000,0.08238827
231.00000000,2299.00000000,0.08288865
231.00000000,2300.00000000,0.08338855
231.00000000,2301.00000000,0.08388790
231.00000000,2302.00000000,0.08426642
231.00000000,2303.00000000,0.08464398
231.00000000,2304.00000000,0.08502046
231.00000000,2305.00000000,0.08539594
231.00000000,2306.00000000,0.08577039
231.00000000,2307.00000000,0.08614373
231.00000000,2308.00000000,0.08651606
231.00000000,2309.00000000,0.08688732
231.00000000,2310.00000000,0.08725744
231.00000000,2311.00000000,0.08762649
231.00000000,2312.00000000,0.08792661
231.00000000,2313.00000000,0.08822535
231.00000000,2314.00000000,0.08852281
231.00000000,2315.00000000,0.08881890
231.00000000,2316.00000000,0.08911373
231.00000000,2317.00000000,0.08940723
231.00000000,2318.00000000,0.08969936
231.00000000,2319.00000000,0.08999022
231.00000000,2320.00000000,0.09027972
231.00000000,2321.00000000,0.09056783
231.00000000,2322.00000000,0.09078410
231.00000000,2323.00000000,0.09099884
231.00000000,2324.00000000,0.09121197
231.00000000,2325.00000000,0.09142365
231.00000000,2326.00000000,0.09163384
231.00000000,2327.00000000,0.09184245
231.00000000,2328.00000000,0.09204962
231.00000000,2329.00000000,0.09225525
231.00000000,2330.00000000,0.09245946
231.00000000,2331.00000000,0.09266219
231.00000000,2332.00000000,0.09280879
231.00000000,2333.00000000,0.09295386
231.00000000,2334.00000000,0.09309733
231.00000000,2335.00000000,0.09323916
231.00000000,2336.00000000,0.09337949
231.00000000,2337.00000000,0.09351827
231.00000000,2338.00000000,0.09365542
231.00000000,2339.00000000,0.09379110
231.00000000,2340.00000000,0.09392518
231.00000000,2341.00000000,0.09405780
231.00000000,2342.00000000,0.09418891
231.00000000,2343.00000000,0.09431844
231.00000000,2344.00000000,0.09444654
231.00000000,2345.00000000,0.09457315
231.00000000,2346.00000000,0.09469819
231.00000000,2347.00000000,0.09482182
231.00000000,2348.00000000,0.09494397
231.00000000,2349.00000000,0.09506456
231.00000000,2350.00000000,0.09518375
231.00000000,2351.00000000,0.09530147
231.00000000,2352.00000000,0.09541765
231.00000000,2353.00000000,0.09553244
231.00000000,2354.00000000,0.09564571
231.00000000,2355.00000000,0.09575758
231.00000000,2356.00000000,0.09586801
231.00000000,2357.00000000,0.09597691
231.00000000,2358.00000000,0.09608443
231.00000000,2359.00000000,0.09619051
231.00000000,2360.00000000,0.09629505
231.00000000,2361.00000000,0.09639823
231.00000000,2362.00000000,0.09649994
231.00000000,2363.00000000,0.09660011
231.00000000,2364.00000000,0.09669893
231.00000000,2365.00000000,0.09679617
231.00000000,2366.00000000,0.09689207
231.00000000,2367.00000000,0.09698650
231.00000000,2368.00000000,0.09707936
231.00000000,2369.00000000,0.09717085
231.00000000,2370.00000000,0.09726086
231.00000000,2371.00000000,0.09734931
231.00000000,2372.00000000,0.09743635
231.00000000,2373.00000000,0.09752190
231.00000000,2374.00000000,0.09760585
231.00000000,2375.00000000,0.09768838
231.00000000,2376.00000000,0.09776931
231.00000000,2377.00000000,0.09784880
231.00000000,2378.00000000,0.09792673
231.00000000,2379.00000000,0.09800300
231.00000000,2380.00000000,0.09807775
231.00000000,2381.00000000,0.09815083
231.00000000,2382.00000000,0.09784276
231.00000000,2383.00000000,0.09753266
231.00000000,2384.00000000,0.09722050
231.00000000,2385.00000000,0.09690627
231.00000000,2386.00000000,0.09659014
231.00000000,2387.00000000,0.09627208
231.00000000,2388.00000000,0.09595205
231.00000000,2389.00000000,0.09563025
231.00000000,2390.00000000,0.09530654
231.00000000,2391.00000000,0.09498115
231.00000000,2392.00000000,0.09465400
231.00000000,2393.00000000,0.09432506
231.00000000,2394.00000000,0.09399455
231.00000000,2395.00000000,0.09366238
231.00000000,2396.00000000,0.09332853
231.00000000,2397.00000000,0.09299318
231.00000000,2398.00000000,0.09265628
231.00000000,2399.00000000,0.09231780
231.00000000,2400.00000000,0.09197791
231.00000000,2401.00000000,0.09163651
231.00000000,2402.00000000,0.09129375
231.00000000,2403.00000000,0.09094961
231.00000000,2404.00000000,0.09060403
231.00000000,2405.00000000,0.09025721
231.00000000,2406.00000000,0.08990907
231.00000000,2407.00000000,0.08955959
231.00000000,2408.00000000,0.08920893
231.00000000,2409.00000000,0.08885706
231.00000000,2410.00000000,0.08850392
231.00000000,2411.00000000,0.08814966
231.00000000,2412.00000000,0.08779428
231.00000000,2413.00000000,0.08743768
231.00000000,2414.00000000,0.08708006
231.00000000,2415.00000000,0.08672130
231.00000000,2416.00000000,0.08636155
231.00000000,2417.00000000,0.08600078
231.00000000,2418.00000000,0.08563893
231.00000000,2419.00000000,0.08527617
231.00000000,2420.00000000,0.08491244
231.00000000,2421.00000000,0.08454769
231.00000000,2422.00000000,0.08418211
231.00000000,2423.00000000,0.08381561
231.00000000,2424.00000000,0.08344817
231.00000000,2425.00000000,0.08307994
231.00000000,2426.00000000,0.08271080
231.00000000,2427.00000000,0.08234091
231.00000000,2428.00000000,0.08197022
231.00000000,2429.00000000,0.08159868
231.00000000,2430.00000000,0.08122645
231.00000000,2431.00000000,0.08085346
231.00000000,2432.00000000,0.08047969
231.00000000,2433.00000000,0.08010527
231.00000000,2434.00000000,0.07973017
231.00000000,2435.00000000,0.07935433
231.00000000,2436.00000000,0.07897788
231.00000000,2437.00000000,0.07860082
231.00000000,2438.00000000,0.07822306
231.00000000,2439.00000000,0.07784475
231.00000000,2440.00000000,0.07746580
231.00000000,2441.00000000,0.07708634
231.00000000,2442.00000000,0.07670632
231.00000000,2443.00000000,0.07632569
231.00000000,2444.00000000,0.07594460
231.00000000,2445.00000000,0.07556302
231.00000000,2446.00000000,0.07518086
231.00000000,2447.00000000,0.07479829
231.00000000,2448.00000000,0.07441526
231.00000000,2449.00000000,0.07403169
231.00000000,2450.00000000,0.07364777
231.00000000,2451.00000000,0.07326336
231.00000000,2452.00000000,0.07287861
231.00000000,2453.00000000,0.07249347
231.00000000,2454.00000000,0.07210787
231.00000000,2455.00000000,0.07172197
231.00000000,2456.00000000,0.07133572
231.00000000,2457.00000000,0.07094905
231.00000000,2458.00000000,0.07056213
231.00000000,2459.00000000,0.07017490
231.00000000,2460.00000000,0.06978729
231.00000000,2461.00000000,0.06939946
231.00000000,2462.00000000,0.06901128
231.00000000,2463.00000000,0.06862292
231.00000000,2464.00000000,0.06823431
231.00000000,2465.00000000,0.06784538
231.00000000,2466.00000000,0.06745631
231.00000000,2467.00000000,0.06706702
231.00000000,2468.00000000,0.06667746
231.00000000,2469.00000000,0.06628779
231.00000000,2470.00000000,0.06589795
231.00000000,2471.00000000,0.06550786
231.00000000,2472.00000000,0.06511770
231.00000000,2473.00000000,0.06472741
231.00000000,2474.00000000,0.06433691
231.00000000,2475.00000000,0.06394639
231.00000000,2476.00000000,0.06355568
231.00000000,2477.00000000,0.06316499
231.00000000,2478.00000000,0.06277424
231.00000000,2479.00000000,0.06238342
231.00000000,2480.00000000,0.06207455
231.00000000,2481.00000000,0.06200675
231.00000000,2482.00000000,0.06200484
231.00000000,2483.00000000,0.06200312
231.00000000,2484.00000000,0.06200150
231.00000000,2485.00000000,0.06199988
231.00000000,2486.00000000,0.06199846
231.00000000,2487.00000000,0.06200737
231.00000000,2488.00000000,0.06201645
231.00000000,2489.00000000,0.06202563
231.00000000,2490.00000000,0.06203481
231.00000000,2491.00000000,0.06204415
231.00000000,2492.00000000,0.06203317
231.00000000,2493.00000000,0.06202217
231.00000000,2494.00000000,0.06201134
231.00000000,2495.00000000,0.06200057
231.00000000,2496.00000000,0.06198978
231.00000000,2497.00000000,0.06197915
231.00000000,2498.00000000,0.06196858
231.00000000,2499.00000000,0.06195798
231.00000000,2500.00000000,0.06194753
232.00000000,1765.00000000,0.03869783
232.00000000,1766.00000000,0.03869768
232.00000000,1767.00000000,0.03869781
232.00000000,1768.00000000,0.03869791
232.00000000,1769.00000000,0.03869814
232.00000000,1770.00000000,0.03869822
232.00000000,1771.00000000,0.03869843
232.00000000,1772.00000000,0.03869889
232.00000000,1773.00000000,0.03869913
232.00000000,1774.00000000,0.03869983
232.00000000,1775.00000000,0.03870020
232.00000000,1776.00000000,0.03870088
232.00000000,1777.00000000,0.03870177
232.00000000,1778.00000000,0.03870242
232.00000000,1779.00000000,0.03870332
232.00000000,1780.00000000,0.03870426
232.00000000,1781.00000000,0.03870529
232.00000000,1782.00000000,0.03870630
232.00000000,1783.00000000,0.03870747
232.00000000,1784.00000000,0.03870860
232.00000000,1785.00000000,0.03870985
232.00000000,1786.00000000,0.03871118
232.00000000,1787.00000000,0.03871253
232.00000000,1788.00000000,0.03871390
232.00000000,1789.00000000,0.03871540
232.00000000,1790.00000000,0.03871674
232.00000000,1791.00000000,0.03871821
232.00000000,1792.00000000,0.03871985
232.00000000,1793.00000000,0.03872141
232.00000000,1794.00000000,0.03872292
232.00000000,1795.00000000,0.03872469
232.00000000,1796.00000000,0.03872628
232.00000000,1797.00000000,0.03872804
232.00000000,1798.00000000,0.03872980
232.00000000,1799.00000000,0.03873151
232.00000000,1800.00000000,0.03873334
232.00000000,1801.00000000,0.03873514
232.00000000,1802.00000000,0.03873703
232.00000000,1803.00000000,0.03873889
232.00000000,1804.00000000,0.03874061
232.00000000,1805.00000000,0.03874259
232.00000000,1806.00000000,0.03874447
232.00000000,1807.00000000,0.03874637
232.00000000,1808.00000000,0.03874823
232.00000000,1809.00000000,0.03875012
232.00000000,1810.00000000,0.03875216
232.00000000,1811.00000000,0.03875408
232.00000000,1812.00000000,0.03875608
232.00000000,1813.00000000,0.03875801
232.00000000,1814.00000000,0.03876008
232.00000000,1815.00000000,0.03876205
232.00000000,1816.00000000,0.03876399
232.00000000,1817.00000000,0.03876604
232.00000000,1818.00000000,0.03876799
232.00000000,1819.00000000,0.03877008
232.00000000,1820.00000000,0.03877208
232.00000000,1821.00000000,0.03877402
232.00000000,1822.00000000,0.03877611
232.00000000,1823.00000000,0.03877805
232.00000000,1824.00000000,0.03878012
232.00000000,1825.00000000,0.03878216
232.00000000,1826.00000000,0.03878416
232.00000000,1827.00000000,0.03878615
232.00000000,1828.00000000,0.03878808
232.00000000,1829.00000000,0.03879007
232.00000000,1830.00000000,0.03879206
232.00000000,1831.00000000,0.03879404
232.00000000,1832.00000000,0.03879609
232.00000000,1833.00000000,0.03879802
232.00000000,1834.00000000,0.03879991
232.00000000,1835.00000000,0.03880185
232.00000000,1836.00000000,0.03880383
232.00000000,1837.00000000,0.03880568
232.00000000,1838.00000000,0.03880765
232.00000000,1839.00000000,0.03880946
232.00000000,1840.00000000,0.03881134
232.00000000,1841.00000000,0.03881326
232.00000000,1842.00000000,0.03881513
232.00000000,1843.00000000,0.03881693
232.00000000,1844.00000000,0.03881873
232.00000000,1845.00000000,0.03882053
232.00000000,1846.00000000,0.03882235
232.00000000,1847.00000000,0.03882412
232.00000000,1848.00000000,0.03882586
232.00000000,1849.00000000,0.03882758
232.00000000,1850.00000000,0.03882931
232.00000000,1851.00000000,0.03883096
232.00000000,1852.00000000,0.03883269
232.00000000,1853.00000000,0.03883437
232.00000000,1854.00000000,0.03883627
232.00000000,1855.00000000,0.03883816
232.00000000,1856.00000000,0.03883999
232.00000000,1857.00000000,0.03884172
232.00000000,1858.00000000,0.03884338
232.00000000,1859.00000000,0.03884509
232.00000000,1860.00000000,0.03884671
232.00000000,1861.00000000,0.03884831
232.00000000,1862.00000000,0.03884977
232.00000000,1863.00000000,0.03885096
232.00000000,1864.00000000,0.03885178
232.00000000,1865.00000000,0.03885246
232.00000000,1866.00000000,0.03885298
232.00000000,1867.00000000,0.03885324
232.00000000,1868.00000000,0.03885347
232.00000000,1869.00000000,0.03885355
232.00000000,1870.00000000,0.03885338
232.00000000,1871.00000000,0.03885323
232.00000000,1872.00000000,0.03885311
232.00000000,1873.00000000,0.03885328
232.00000000,1874.00000000,0.03885381
232.00000000,1875.00000000,0.03885453
232.00000000,1876.00000000,0.03885522
232.00000000,1877.00000000,0.03885610
232.00000000,1878.00000000,0.03885707
232.00000000,1879.00000000,0.03885809
232.00000000,1880.00000000,0.03885913
232.00000000,1881.00000000,0.03886024
232.00000000,1882.00000000,0.03886126
232.00000000,1883.00000000,0.03886213
232.00000000,1884.00000000,0.03886262
232.00000000,1885.00000000,0.03886304
232.00000000,1886.00000000,0.03886339
232.00000000,1887.00000000,0.03886375
232.00000000,1888.00000000,0.03886387
232.00000000,1889.00000000,0.03886391
232.00000000,1890.00000000,0.03886376
232.00000000,1891.00000000,0.03886342
232.00000000,1892.00000000,0.03886294
232.00000000,1893.00000000,0.03886242
232.00000000,1894.00000000,0.03886174
232.00000000,1895.00000000,0.03886123
232.00000000,1896.00000000,0.03886069
232.00000000,1897.00000000,0.03886009
232.00000000,1898.00000000,0.03885944
232.00000000,1899.00000000,0.03885870
232.00000000,1900.00000000,0.03885782
232.00000000,1901.00000000,0.03885675
232.00000000,1902.00000000,0.03885573
232.00000000,1903.00000000,0.03885470
232.00000000,1904.00000000,0.03885380
232.00000000,1905.00000000,0.03885295
232.00000000,1906.00000000,0.03885226
232.00000000,1907.00000000,0.03885160
232.00000000,1908.00000000,0.03885091
232.00000000,1909.00000000,0.03885011
232.00000000,1910.00000000,0.03884935
232.00000000,1911.00000000,0.03884856
232.00000000,1912.00000000,0.03884738
232.00000000,1913.00000000,0.03884570
232.00000000,1914.00000000,0.03884354
232.00000000,1915.00000000,0.03884118
232.00000000,1916.00000000,0.03883872
232.00000000,1917.00000000,0.03883623
232.00000000,1918.00000000,0.03883365
232.00000000,1919.00000000,0.03883111
232.00000000,1920.00000000,0.03882879
232.00000000,1921.00000000,0.03882678
232.00000000,1922.00000000,0.03882525
232.00000000,1923.00000000,0.03882404
232.00000000,1924.00000000,0.03882287
232.00000000,1925.00000000,0.03882160
232.00000000,1926.00000000,0.03882030
232.00000000,1927.00000000,0.03881897
232.00000000,1928.00000000,0.03881768
232.00000000,1929.00000000,0.03881633
232.00000000,1930.00000000,0.03881507
232.00000000,1931.00000000,0.03881430
232.00000000,1932.00000000,0.03881417
232.00000000,1933.00000000,0.03881445
232.00000000,1934.00000000,0.03881494
232.00000000,1935.00000000,0.03881536
232.00000000,1936.00000000,0.03881559
232.00000000,1937.00000000,0.03881519
232.00000000,1938.00000000,0.03881420
232.00000000,1939.00000000,0.03881275
232.00000000,1940.00000000,0.03881092
232.00000000,1941.00000000,0.03880848
232.00000000,1942.00000000,0.03880558
232.00000000,1943.00000000,0.03880228
232.00000000,1944.00000000,0.03879870
232.00000000,1945.00000000,0.03879510
232.00000000,1946.00000000,0.03879192
232.00000000,1947.00000000,0.03878957
232.00000000,1948.00000000,0.03878764
232.00000000,1949.00000000,0.03878572
232.00000000,1950.00000000,0.03878369
232.00000000,1951.00000000,0.03878159
232.00000000,1952.00000000,0.03877986
232.00000000,1953.00000000,0.03877820
232.00000000,1954.00000000,0.03877652
232.00000000,1955.00000000,0.03877494
232.00000000,1956.00000000,0.03877337
232.00000000,1957.00000000,0.03877161
232.00000000,1958.00000000,0.03876963
232.00000000,1959.00000000,0.03876731
232.00000000,1960.00000000,0.03876405
232.00000000,1961.00000000,0.03875985
232.00000000,1962.00000000,0.03875521
232.00000000,1963.00000000,0.03875007
232.00000000,1964.00000000,0.03874436
232.00000000,1965.00000000,0.03873794
232.00000000,1966.00000000,0.03873076
232.00000000,1967.00000000,0.03872291
232.00000000,1968.00000000,0.03871429
232.00000000,1969.00000000,0.03870449
232.00000000,1970.00000000,0.03869347
232.00000000,1971.00000000,0.03868073
232.00000000,1972.00000000,0.03866583
232.00000000,1973.00000000,0.03864912
232.00000000,1974.00000000,0.03863086
232.00000000,1975.00000000,0.03861172
232.00000000,1976.00000000,0.03859229
232.00000000,1977.00000000,0.03857290
232.00000000,1978.00000000,0.03855339
232.00000000,1979.00000000,0.03853368
232.00000000,1980.00000000,0.03851361
232.00000000,1981.00000000,0.03849340
232.00000000,1982.00000000,0.03847416
232.00000000,1983.00000000,0.03845700
232.00000000,1984.00000000,0.03844191
232.00000000,1985.00000000,0.03842836
232.00000000,1986.00000000,0.03841571
232.00000000,1987.00000000,0.03840346
232.00000000,1988.00000000,0.03839127
232.00000000,1989.00000000,0.03837892
232.00000000,1990.00000000,0.03836627
232.00000000,1991.00000000,0.03835349
232.00000000,1992.00000000,0.03834093
232.00000000,1993.00000000,0.03832866
232.00000000,1994.00000000,0.03831692
232.00000000,1995.00000000,0.03830561
232.00000000,1996.00000000,0.03829438
232.00000000,1997.00000000,0.03828289
232.00000000,1998.00000000,0.03827456
232.00000000,1999.00000000,0.03826262
232.00000000,2000.00000000,0.03825074
232.00000000,2001.00000000,0.03823875
232.00000000,2002.00000000,0.03822655
232.00000000,2003.00000000,0.03821550
232.00000000,2004.00000000,0.03820274
232.00000000,2005.00000000,0.03818863
232.00000000,2006.00000000,0.03817252
232.00000000,2007.00000000,0.03815449
232.00000000,2008.00000000,0.03813465
232.00000000,2009.00000000,0.03811320
232.00000000,2010.00000000,0.03809034
232.00000000,2011.00000000,0.03806614
232.00000000,2012.00000000,0.03804064
232.00000000,2013.00000000,0.03801499
232.00000000,2014.00000000,0.03798681
232.00000000,2015.00000000,0.03795729
232.00000000,2016.00000000,0.03792648
232.00000000,2017.00000000,0.03789438
232.00000000,2018.00000000,0.03786110
232.00000000,2019.00000000,0.03782674
232.00000000,2020.00000000,0.03779125
232.00000000,2021.00000000,0.03775479
232.00000000,2022.00000000,0.03771744
232.00000000,2023.00000000,0.03768051
232.00000000,2024.00000000,0.03764176
232.00000000,2025.00000000,0.03760241
232.00000000,2026.00000000,0.03756261
232.00000000,2027.00000000,0.03752230
232.00000000,2028.00000000,0.03748158
232.00000000,2029.00000000,0.03744167
232.00000000,2030.00000000,0.03740025
232.00000000,2031.00000000,0.03735842
232.00000000,2032.00000000,0.03731738
232.00000000,2033.00000000,0.03727462
232.00000000,2034.00000000,0.03723353
232.00000000,2035.00000000,0.03718836
232.00000000,2036.00000000,0.03714362
232.00000000,2037.00000000,0.03709826
232.00000000,2038.00000000,0.03705340
232.00000000,2039.00000000,0.03700670
232.00000000,2040.00000000,0.03695943
232.00000000,2041.00000000,0.03691155
232.00000000,2042.00000000,0.03686297
232.00000000,2043.00000000,0.03681479
232.00000000,2044.00000000,0.03676467
232.00000000,2045.00000000,0.03671365
232.00000000,2046.00000000,0.03666186
232.00000000,2047.00000000,0.03661034
232.00000000,2048.00000000,0.03655809
232.00000000,2049.00000000,0.03650508
232.00000000,2050.00000000,0.03645020
232.00000000,2051.00000000,0.03639469
232.00000000,2052.00000000,0.03633854
232.00000000,2053.00000000,0.03628177
232.00000000,2054.00000000,0.03622561
232.00000000,2055.00000000,0.03616893
232.00000000,2056.00000000,0.03611061
232.00000000,2057.00000000,0.03605301
232.00000000,2058.00000000,0.03599389
232.00000000,2059.00000000,0.03593545
232.00000000,2060.00000000,0.03587558
232.00000000,2061.00000000,0.03581538
232.00000000,2062.00000000,0.03576180
232.00000000,2063.00000000,0.03570072
232.00000000,2064.00000000,0.03564109
232.00000000,2065.00000000,0.03558312
232.00000000,2066.00000000,0.03552458
232.00000000,2067.00000000,0.03546767
232.00000000,2068.00000000,0.03541465
232.00000000,2069.00000000,0.03535779
232.00000000,2070.00000000,0.03530253
232.00000000,2071.00000000,0.03524789
232.00000000,2072.00000000,0.03519498
232.00000000,2073.00000000,0.03514197
232.00000000,2074.00000000,0.03509103
232.00000000,2075.00000000,0.03504004
232.00000000,2076.00000000,0.03499121
232.00000000,2077.00000000,0.03494557
232.00000000,2078.00000000,0.03489657
232.00000000,2079.00000000,0.03485177
232.00000000,2080.00000000,0.03480575
232.00000000,2081.00000000,0.03476272
232.00000000,2082.00000000,0.03472173
232.00000000,2083.00000000,0.03467745
232.00000000,2084.00000000,0.03463745
232.00000000,2085.00000000,0.03459740
232.00000000,2086.00000000,0.03456678
232.00000000,2087.00000000,0.03452862
232.00000000,2088.00000000,0.03449452
232.00000000,2089.00000000,0.03445700
232.00000000,2090.00000000,0.03442031
232.00000000,2091.00000000,0.03438864
232.00000000,2092.00000000,0.03436096
232.00000000,2093.00000000,0.03433000
232.00000000,2094.00000000,0.03429788
232.00000000,2095.00000000,0.03427195
232.00000000,2096.00000000,0.03424810
232.00000000,2097.00000000,0.03422413
232.00000000,2098.00000000,0.03419693
232.00000000,2099.00000000,0.03417613
232.00000000,2100.00000000,0.03415282
232.00000000,2101.00000000,0.03413255
232.00000000,2102.00000000,0.03411118
232.00000000,2103.00000000,0.03409503
232.00000000,2104.00000000,0.03408836
232.00000000,2105.00000000,0.03407645
232.00000000,2106.00000000,0.03404361
232.00000000,2107.00000000,0.03403673
232.00000000,2108.00000000,0.03401929
232.00000000,2109.00000000,0.03400275
232.00000000,2110.00000000,0.03398546
232.00000000,2111.00000000,0.03398196
232.00000000,2112.00000000,0.03399172
232.00000000,2113.00000000,0.03398251
232.00000000,2114.00000000,0.03398017
232.00000000,2115.00000000,0.03398165
232.00000000,2116.00000000,0.03397033
232.00000000,2117.00000000,0.03395862
232.00000000,2118.00000000,0.03394965
232.00000000,2119.00000000,0.03395168
232.00000000,2120.00000000,0.03397290
232.00000000,2121.00000000,0.03396171
232.00000000,2122.00000000,0.03398104
232.00000000,2123.00000000,0.03398756
232.00000000,2124.00000000,0.03398023
232.00000000,2125.00000000,0.03396729
232.00000000,2126.00000000,0.03397248
232.00000000,2127.00000000,0.03398858
232.00000000,2128.00000000,0.03399496
232.00000000,2129.00000000,0.03401021
232.00000000,2130.00000000,0.03403018
232.00000000,2131.00000000,0.03406821
232.00000000,2132.00000000,0.03409145
232.00000000,2133.00000000,0.03410599
232.00000000,2134.00000000,0.03411704
232.00000000,2135.00000000,0.03416665
232.00000000,2136.00000000,0.03417158
232.00000000,2137.00000000,0.03420990
232.00000000,2138.00000000,0.03425382
232.00000000,2139.00000000,0.03433197
232.00000000,2140.00000000,0.03429662
232.00000000,2141.00000000,0.03433238
232.00000000,2142.00000000,0.03436740
232.00000000,2143.00000000,0.03438530
232.00000000,2144.00000000,0.03443013
232.00000000,2145.00000000,0.03449673
232.00000000,2146.00000000,0.03440281
232.00000000,2147.00000000,0.03439217
232.00000000,2148.00000000,0.03445879
232.00000000,2149.00000000,0.03451659
232.00000000,2150.00000000,0.03449999
232.00000000,2151.00000000,0.03437036
232.00000000,2152.00000000,0.03450388
232.00000000,2153.00000000,0.03437811
232.00000000,2154.00000000,0.03442930
232.00000000,2155.00000000,0.03456752
232.00000000,2156.00000000,0.03457274
232.00000000,2157.00000000,0.03459948
232.00000000,2158.00000000,0.03462410
232.00000000,2159.00000000,0.03472344
232.00000000,2160.00000000,0.03474686
232.00000000,2161.00000000,0.03485091
232.00000000,2162.00000000,0.03478039
232.00000000,2163.00000000,0.03468980
232.00000000,2164.00000000,0.03462117
232.00000000,2165.00000000,0.03469692
232.00000000,2166.00000000,0.03480950
232.00000000,2167.00000000,0.03489729
232.00000000,2168.00000000,0.03503737
232.00000000,2169.00000000,0.03515458
232.00000000,2170.00000000,0.03512320
232.00000000,2171.00000000,0.03521399
232.00000000,2172.00000000,0.03536532
232.00000000,2173.00000000,0.03544416
232.00000000,2174.00000000,0.03549678
232.00000000,2175.00000000,0.03559340
232.00000000,2176.00000000,0.03563271
232.00000000,2177.00000000,0.03545080
232.00000000,2178.00000000,0.03558255
232.00000000,2179.00000000,0.03579539
232.00000000,2180.00000000,0.03593043
232.00000000,2181.00000000,0.03593532
232.00000000,2182.00000000,0.03621408
232.00000000,2183.00000000,0.03641913
232.00000000,2184.00000000,0.03651142
232.00000000,2185.00000000,0.03662323
232.00000000,2186.00000000,0.03671486
232.00000000,2187.00000000,0.03696977
232.00000000,2188.00000000,0.03718172
232.00000000,2189.00000000,0.03735042
232.00000000,2190.00000000,0.03748722
232.00000000,2191.00000000,0.03770157
232.00000000,2192.00000000,0.03789986
232.00000000,2193.00000000,0.03799654
232.00000000,2194.00000000,0.03818907
232.00000000,2195.00000000,0.03842811
232.00000000,2196.00000000,0.03868203
232.00000000,2197.00000000,0.03891364
232.00000000,2198.00000000,0.03917181
232.00000000,2199.00000000,0.03937450
232.00000000,2200.00000000,0.03965487
232.00000000,2201.00000000,0.03997482
232.00000000,2202.00000000,0.04036551
232.00000000,2203.00000000,0.04062879
232.00000000,2204.00000000,0.04090800
232.00000000,2205.00000000,0.04126234
232.00000000,2206.00000000,0.04137428
232.00000000,2207.00000000,0.04144663
232.00000000,2208.00000000,0.04184128
232.00000000,2209.00000000,0.04210625
232.00000000,2210.00000000,0.04229713
232.00000000,2211.00000000,0.04271320
232.00000000,2212.00000000,0.04276481
232.00000000,2213.00000000,0.04269854
232.00000000,2214.00000000,0.04276722
232.00000000,2215.00000000,0.04286348
232.00000000,2216.00000000,0.04317705
232.00000000,2217.00000000,0.04346433
232.00000000,2218.00000000,0.04376696
232.00000000,2219.00000000,0.04404634
232.00000000,2220.00000000,0.04440277
232.00000000,2221.00000000,0.04466624
232.00000000,2222.00000000,0.04485383
232.00000000,2223.00000000,0.04508277
232.00000000,2224.00000000,0.04508187
232.00000000,2225.00000000,0.04521871
232.00000000,2226.00000000,0.04548207
232.00000000,2227.00000000,0.04576087
232.00000000,2228.00000000,0.04605069
232.00000000,2229.00000000,0.04631009
232.00000000,2230.00000000,0.04641389
232.00000000,2231.00000000,0.04653276
232.00000000,2232.00000000,0.04686255
232.00000000,2233.00000000,0.04718936
232.00000000,2234.00000000,0.04739672
232.00000000,2235.00000000,0.04792952
232.00000000,2236.00000000,0.04852186
232.00000000,2237.00000000,0.04901898
232.00000000,2238.00000000,0.04939512
232.00000000,2239.00000000,0.04977439
232.00000000,2240.00000000,0.05015689
232.00000000,2241.00000000,0.05054230
232.00000000,2242.00000000,0.05093065
232.00000000,2243.00000000,0.05140323
232.00000000,2244.00000000,0.05187922
232.00000000,2245.00000000,0.05235867
232.00000000,2246.00000000,0.05284156
232.00000000,2247.00000000,0.05332784
232.00000000,2248.00000000,0.05381757
232.00000000,2249.00000000,0.05431064
232.00000000,2250.00000000,0.05480664
232.00000000,2251.00000000,0.05530492
232.00000000,2252.00000000,0.05580474
232.00000000,2253.00000000,0.05626887
232.00000000,2254.00000000,0.05673376
232.00000000,2255.00000000,0.05719927
232.00000000,2256.00000000,0.05766541
232.00000000,2257.00000000,0.05813212
232.00000000,2258.00000000,0.05859938
232.00000000,2259.00000000,0.05906723
232.00000000,2260.00000000,0.05953569
232.00000000,2261.00000000,0.06000477
232.00000000,2262.00000000,0.06047463
232.00000000,2263.00000000,0.06102352
232.00000000,2264.00000000,0.06157358
232.00000000,2265.00000000,0.06212485
232.00000000,2266.00000000,0.06267731
232.00000000,2267.00000000,0.06323089
232.00000000,2268.00000000,0.06378566
232.00000000,2269.00000000,0.06434152
232.00000000,2270.00000000,0.06489853
232.00000000,2271.00000000,0.06545666
232.00000000,2272.00000000,0.06601585
232.00000000,2273.00000000,0.06663427
232.00000000,2274.00000000,0.06725397
232.00000000,2275.00000000,0.06787489
232.00000000,2276.00000000,0.06849706
232.00000000,2277.00000000,0.06912038
232.00000000,2278.00000000,0.06974479
232.00000000,2279.00000000,0.07037032
232.00000000,2280.00000000,0.07099682
232.00000000,2281.00000000,0.07162435
232.00000000,2282.00000000,0.07225281
232.00000000,2283.00000000,0.07287877
232.00000000,2284.00000000,0.07350558
232.00000000,2285.00000000,0.07413315
232.00000000,2286.00000000,0.07476139
232.00000000,2287.00000000,0.07539032
232.00000000,2288.00000000,0.07601984
232.00000000,2289.00000000,0.07664985
232.00000000,2290.00000000,0.07728036
232.00000000,2291.00000000,0.07791125
232.00000000,2292.00000000,0.07854238
232.00000000,2293.00000000,0.07904277
232.00000000,2294.00000000,0.07954283
232.00000000,2295.00000000,0.08004266
232.00000000,2296.00000000,0.08054215
232.00000000,2297.00000000,0.08104125
232.00000000,2298.00000000,0.08154002
232.00000000,2299.00000000,0.08203837
232.00000000,2300.00000000,0.08253622
232.00000000,2301.00000000,0.08303360
232.00000000,2302.00000000,0.08353043
232.00000000,2303.00000000,0.08390697
232.00000000,2304.00000000,0.08428253
232.00000000,2305.00000000,0.08465703
232.00000000,2306.00000000,0.08503056
232.00000000,2307.00000000,0.08540305
232.00000000,2308.00000000,0.08577447
232.00000000,2309.00000000,0.08614489
232.00000000,2310.00000000,0.08651423
232.00000000,2311.00000000,0.08688246
232.00000000,2312.00000000,0.08724964
232.00000000,2313.00000000,0.08754818
232.00000000,2314.00000000,0.08784535
232.00000000,2315.00000000,0.08814128
232.00000000,2316.00000000,0.08843582
232.00000000,2317.00000000,0.08872913
232.00000000,2318.00000000,0.08902113
232.00000000,2319.00000000,0.08931176
232.00000000,2320.00000000,0.08960112
232.00000000,2321.00000000,0.08988917
232.00000000,2322.00000000,0.09017581
232.00000000,2323.00000000,0.09039093
232.00000000,2324.00000000,0.09060453
232.00000000,2325.00000000,0.09081655
232.00000000,2326.00000000,0.09102713
232.00000000,2327.00000000,0.09123620
232.00000000,2328.00000000,0.09144372
232.00000000,2329.00000000,0.09164984
232.00000000,2330.00000000,0.09185440
232.00000000,2331.00000000,0.09205756
232.00000000,2332.00000000,0.09225923
232.00000000,2333.00000000,0.09240504
232.00000000,2334.00000000,0.09254933
232.00000000,2335.00000000,0.09269205
232.00000000,2336.00000000,0.09283311
232.00000000,2337.00000000,0.09297270
232.00000000,2338.00000000,0.09311072
232.00000000,2339.00000000,0.09324714
232.00000000,2340.00000000,0.09338210
232.00000000,2341.00000000,0.09351547
232.00000000,2342.00000000,0.09364740
232.00000000,2343.00000000,0.09377782
232.00000000,2344.00000000,0.09390667
232.00000000,2345.00000000,0.09403410
232.00000000,2346.00000000,0.09416003
232.00000000,2347.00000000,0.09428441
232.00000000,2348.00000000,0.09440740
232.00000000,2349.00000000,0.09452891
232.00000000,2350.00000000,0.09464887
232.00000000,2351.00000000,0.09476745
232.00000000,2352.00000000,0.09488457
232.00000000,2353.00000000,0.09500014
232.00000000,2354.00000000,0.09511435
232.00000000,2355.00000000,0.09522702
232.00000000,2356.00000000,0.09533833
232.00000000,2357.00000000,0.09544821
232.00000000,2358.00000000,0.09555653
232.00000000,2359.00000000,0.09566351
232.00000000,2360.00000000,0.09576905
232.00000000,2361.00000000,0.09587304
232.00000000,2362.00000000,0.09597569
232.00000000,2363.00000000,0.09607690
232.00000000,2364.00000000,0.09617655
232.00000000,2365.00000000,0.09627485
232.00000000,2366.00000000,0.09637162
232.00000000,2367.00000000,0.09646702
232.00000000,2368.00000000,0.09656097
232.00000000,2369.00000000,0.09665336
232.00000000,2370.00000000,0.09674438
232.00000000,2371.00000000,0.09683393
232.00000000,2372.00000000,0.09692191
232.00000000,2373.00000000,0.09700850
232.00000000,2374.00000000,0.09709361
232.00000000,2375.00000000,0.09717715
232.00000000,2376.00000000,0.09725926
232.00000000,2377.00000000,0.09733976
232.00000000,2378.00000000,0.09741883
232.00000000,2379.00000000,0.09749637
232.00000000,2380.00000000,0.09757225
232.00000000,2381.00000000,0.09764661
232.00000000,2382.00000000,0.09771931
232.00000000,2383.00000000,0.09741252
232.00000000,2384.00000000,0.09710373
232.00000000,2385.00000000,0.09679289
232.00000000,2386.00000000,0.09647997
232.00000000,2387.00000000,0.09616519
232.00000000,2388.00000000,0.09584847
232.00000000,2389.00000000,0.09552978
232.00000000,2390.00000000,0.09520935
232.00000000,2391.00000000,0.09488701
232.00000000,2392.00000000,0.09456299
232.00000000,2393.00000000,0.09423724
232.00000000,2394.00000000,0.09390970
232.00000000,2395.00000000,0.09358058
232.00000000,2396.00000000,0.09324982
232.00000000,2397.00000000,0.09291739
232.00000000,2398.00000000,0.09258346
232.00000000,2399.00000000,0.09224800
232.00000000,2400.00000000,0.09191096
232.00000000,2401.00000000,0.09157252
232.00000000,2402.00000000,0.09123257
232.00000000,2403.00000000,0.09089128
232.00000000,2404.00000000,0.09054862
232.00000000,2405.00000000,0.09020451
232.00000000,2406.00000000,0.08985918
232.00000000,2407.00000000,0.08951253
232.00000000,2408.00000000,0.08916455
232.00000000,2409.00000000,0.08881539
232.00000000,2410.00000000,0.08846503
232.00000000,2411.00000000,0.08811340
232.00000000,2412.00000000,0.08776067
232.00000000,2413.00000000,0.08740681
232.00000000,2414.00000000,0.08705175
232.00000000,2415.00000000,0.08669566
232.00000000,2416.00000000,0.08633844
232.00000000,2417.00000000,0.08598025
232.00000000,2418.00000000,0.08562102
232.00000000,2419.00000000,0.08526072
232.00000000,2420.00000000,0.08489952
232.00000000,2421.00000000,0.08453735
232.00000000,2422.00000000,0.08417418
232.00000000,2423.00000000,0.08381016
232.00000000,2424.00000000,0.08344526
232.00000000,2425.00000000,0.08307939
232.00000000,2426.00000000,0.08271274
232.00000000,2427.00000000,0.08234520
232.00000000,2428.00000000,0.08197690
232.00000000,2429.00000000,0.08160781
232.00000000,2430.00000000,0.08123786
232.00000000,2431.00000000,0.08086723
232.00000000,2432.00000000,0.08049587
232.00000000,2433.00000000,0.08012370
232.00000000,2434.00000000,0.07975090
232.00000000,2435.00000000,0.07937742
232.00000000,2436.00000000,0.07900319
232.00000000,2437.00000000,0.07862838
232.00000000,2438.00000000,0.07825295
232.00000000,2439.00000000,0.07787680
232.00000000,2440.00000000,0.07750014
232.00000000,2441.00000000,0.07712281
232.00000000,2442.00000000,0.07674499
232.00000000,2443.00000000,0.07636662
232.00000000,2444.00000000,0.07598764
232.00000000,2445.00000000,0.07560821
232.00000000,2446.00000000,0.07522827
232.00000000,2447.00000000,0.07484775
232.00000000,2448.00000000,0.07446684
232.00000000,2449.00000000,0.07408547
232.00000000,2450.00000000,0.07370357
232.00000000,2451.00000000,0.07332131
232.00000000,2452.00000000,0.07293857
232.00000000,2453.00000000,0.07255548
232.00000000,2454.00000000,0.07217200
232.00000000,2455.00000000,0.07178806
232.00000000,2456.00000000,0.07140384
232.00000000,2457.00000000,0.07101926
232.00000000,2458.00000000,0.07063426
232.00000000,2459.00000000,0.07024901
232.00000000,2460.00000000,0.06986345
232.00000000,2461.00000000,0.06947752
232.00000000,2462.00000000,0.06909138
232.00000000,2463.00000000,0.06870489
232.00000000,2464.00000000,0.06831820
232.00000000,2465.00000000,0.06793127
232.00000000,2466.00000000,0.06754403
232.00000000,2467.00000000,0.06715665
232.00000000,2468.00000000,0.06676905
232.00000000,2469.00000000,0.06638118
232.00000000,2470.00000000,0.06599321
232.00000000,2471.00000000,0.06560505
232.00000000,2472.00000000,0.06521667
232.00000000,2473.00000000,0.06482820
232.00000000,2474.00000000,0.06443961
232.00000000,2475.00000000,0.06405081
232.00000000,2476.00000000,0.06366198
232.00000000,2477.00000000,0.06327298
232.00000000,2478.00000000,0.06288398
232.00000000,2479.00000000,0.06249493
232.00000000,2480.00000000,0.06210581
232.00000000,2481.00000000,0.06179828
232.00000000,2482.00000000,0.06173075
232.00000000,2483.00000000,0.06172881
232.00000000,2484.00000000,0.06172705
232.00000000,2485.00000000,0.06172541
232.00000000,2486.00000000,0.06172376
232.00000000,2487.00000000,0.06172230
232.00000000,2488.00000000,0.06173114
232.00000000,2489.00000000,0.06174014
232.00000000,2490.00000000,0.06174924
232.00000000,2491.00000000,0.06175834
232.00000000,2492.00000000,0.06176760
232.00000000,2493.00000000,0.06175663
232.00000000,2494.00000000,0.06174565
232.00000000,2495.00000000,0.06173482
232.00000000,2496.00000000,0.06172407
232.00000000,2497.00000000,0.06171329
232.00000000,2498.00000000,0.06170266
232.00000000,2499.00000000,0.06169210
232.00000000,2500.00000000,0.06168151
233.00000000,1765.00000000,0.03847625
233.00000000,1766.00000000,0.03847622
233.00000000,1767.00000000,0.03847609
233.00000000,1768.00000000,0.03847627
233.00000000,1769.00000000,0.03847642
233.00000000,1770.00000000,0.03847673
233.00000000,1771.00000000,0.03847688
233.00000000,1772.00000000,0.03847716
233.00000000,1773.00000000,0.03847769
233.00000000,1774.00000000,0.03847800
233.00000000,1775.00000000,0.03847877
233.00000000,1776.00000000,0.03847922
233.00000000,1777.00000000,0.03847996
233.00000000,1778.00000000,0.03848092
233.00000000,1779.00000000,0.03848163
233.00000000,1780.00000000,0.03848260
233.00000000,1781.00000000,0.03848360
233.00000000,1782.00000000,0.03848469
233.00000000,1783.00000000,0.03848574
233.00000000,1784.00000000,0.03848697
233.00000000,1785.00000000,0.03848814
233.00000000,1786.00000000,0.03848944
233.00000000,1787.00000000,0.03849082
233.00000000,1788.00000000,0.03849220
233.00000000,1789.00000000,0.03849361
233.00000000,1790.00000000,0.03849514
233.00000000,1791.00000000,0.03849652
233.00000000,1792.00000000,0.03849802
233.00000000,1793.00000000,0.03849968
233.00000000,1794.00000000,0.03850127
233.00000000,1795.00000000,0.03850281
233.00000000,1796.00000000,0.03850459
233.00000000,1797.00000000,0.03850621
233.00000000,1798.00000000,0.03850798
233.00000000,1799.00000000,0.03850975
233.00000000,1800.00000000,0.03851148
233.00000000,1801.00000000,0.03851332
233.00000000,1802.00000000,0.03851512
233.00000000,1803.00000000,0.03851702
233.00000000,1804.00000000,0.03851889
233.00000000,1805.00000000,0.03852061
233.00000000,1806.00000000,0.03852260
233.00000000,1807.00000000,0.03852448
233.00000000,1808.00000000,0.03852639
233.00000000,1809.00000000,0.03852824
233.00000000,1810.00000000,0.03853014
233.00000000,1811.00000000,0.03853219
233.00000000,1812.00000000,0.03853410
233.00000000,1813.00000000,0.03853609
233.00000000,1814.00000000,0.03853802
233.00000000,1815.00000000,0.03854009
233.00000000,1816.00000000,0.03854205
233.00000000,1817.00000000,0.03854399
233.00000000,1818.00000000,0.03854602
233.00000000,1819.00000000,0.03854797
233.00000000,1820.00000000,0.03855005
233.00000000,1821.00000000,0.03855203
233.00000000,1822.00000000,0.03855397
233.00000000,1823.00000000,0.03855605
233.00000000,1824.00000000,0.03855797
233.00000000,1825.00000000,0.03856003
233.00000000,1826.00000000,0.03856205
233.00000000,1827.00000000,0.03856404
233.00000000,1828.00000000,0.03856601
233.00000000,1829.00000000,0.03856793
233.00000000,1830.00000000,0.03856991
233.00000000,1831.00000000,0.03857187
233.00000000,1832.00000000,0.03857382
233.00000000,1833.00000000,0.03857586
233.00000000,1834.00000000,0.03857776
233.00000000,1835.00000000,0.03857964
233.00000000,1836.00000000,0.03858155
233.00000000,1837.00000000,0.03858351
233.00000000,1838.00000000,0.03858533
233.00000000,1839.00000000,0.03858728
233.00000000,1840.00000000,0.03858907
233.00000000,1841.00000000,0.03859093
233.00000000,1842.00000000,0.03859282
233.00000000,1843.00000000,0.03859466
233.00000000,1844.00000000,0.03859644
233.00000000,1845.00000000,0.03859821
233.00000000,1846.00000000,0.03859999
233.00000000,1847.00000000,0.03860177
233.00000000,1848.00000000,0.03860352
233.00000000,1849.00000000,0.03860524
233.00000000,1850.00000000,0.03860692
233.00000000,1851.00000000,0.03860861
233.00000000,1852.00000000,0.03861021
233.00000000,1853.00000000,0.03861210
233.00000000,1854.00000000,0.03861385
233.00000000,1855.00000000,0.03861571
233.00000000,1856.00000000,0.03861753
233.00000000,1857.00000000,0.03861930
233.00000000,1858.00000000,0.03862097
233.00000000,1859.00000000,0.03862259
233.00000000,1860.00000000,0.03862426
233.00000000,1861.00000000,0.03862583
233.00000000,1862.00000000,0.03862732
233.00000000,1863.00000000,0.03862843
233.00000000,1864.00000000,0.03862934
233.00000000,1865.00000000,0.03862995
233.00000000,1866.00000000,0.03863044
233.00000000,1867.00000000,0.03863080
233.00000000,1868.00000000,0.03863090
233.00000000,1869.00000000,0.03863099
233.00000000,1870.00000000,0.03863094
233.00000000,1871.00000000,0.03863068
233.00000000,1872.00000000,0.03863060
233.00000000,1873.00000000,0.03863083
233.00000000,1874.00000000,0.03863125
233.00000000,1875.00000000,0.03863195
233.00000000,1876.00000000,0.03863280
233.00000000,1877.00000000,0.03863358
233.00000000,1878.00000000,0.03863453
233.00000000,1879.00000000,0.03863555
233.00000000,1880.00000000,0.03863660
233.00000000,1881.00000000,0.03863763
233.00000000,1882.00000000,0.03863874
233.00000000,1883.00000000,0.03863950
233.00000000,1884.00000000,0.03864016
233.00000000,1885.00000000,0.03864051
233.00000000,1886.00000000,0.03864082
233.00000000,1887.00000000,0.03864110
233.00000000,1888.00000000,0.03864135
233.00000000,1889.00000000,0.03864132
233.00000000,1890.00000000,0.03864119
233.00000000,1891.00000000,0.03864086
233.00000000,1892.00000000,0.03864036
233.00000000,1893.00000000,0.03863981
233.00000000,1894.00000000,0.03863927
233.00000000,1895.00000000,0.03863864
233.00000000,1896.00000000,0.03863814
233.00000000,1897.00000000,0.03863756
233.00000000,1898.00000000,0.03863691
233.00000000,1899.00000000,0.03863615
233.00000000,1900.00000000,0.03863525
233.00000000,1901.00000000,0.03863423
233.00000000,1902.00000000,0.03863322
233.00000000,1903.00000000,0.03863224
233.00000000,1904.00000000,0.03863127
233.00000000,1905.00000000,0.03863046
233.00000000,1906.00000000,0.03862973
233.00000000,1907.00000000,0.03862910
233.00000000,1908.00000000,0.03862839
233.00000000,1909.00000000,0.03862766
233.00000000,1910.00000000,0.03862688
233.00000000,1911.00000000,0.03862603
233.00000000,1912.00000000,0.03862491
233.00000000,1913.00000000,0.03862326
233.00000000,1914.00000000,0.03862110
233.00000000,1915.00000000,0.03861871
233.00000000,1916.00000000,0.03861632
233.00000000,1917.00000000,0.03861383
233.00000000,1918.00000000,0.03861126
233.00000000,1919.00000000,0.03860869
233.00000000,1920.00000000,0.03860642
233.00000000,1921.00000000,0.03860443
233.00000000,1922.00000000,0.03860289
233.00000000,1923.00000000,0.03860169
233.00000000,1924.00000000,0.03860053
233.00000000,1925.00000000,0.03859928
233.00000000,1926.00000000,0.03859796
233.00000000,1927.00000000,0.03859664
233.00000000,1928.00000000,0.03859537
233.00000000,1929.00000000,0.03859403
233.00000000,1930.00000000,0.03859277
233.00000000,1931.00000000,0.03859202
233.00000000,1932.00000000,0.03859189
233.00000000,1933.00000000,0.03859211
233.00000000,1934.00000000,0.03859265
233.00000000,1935.00000000,0.03859309
233.00000000,1936.00000000,0.03859322
233.00000000,1937.00000000,0.03859295
233.00000000,1938.00000000,0.03859189
233.00000000,1939.00000000,0.03859043
233.00000000,1940.00000000,0.03858862
233.00000000,1941.00000000,0.03858629
233.00000000,1942.00000000,0.03858329
233.00000000,1943.00000000,0.03858005
233.00000000,1944.00000000,0.03857648
233.00000000,1945.00000000,0.03857287
233.00000000,1946.00000000,0.03856977
233.00000000,1947.00000000,0.03856741
233.00000000,1948.00000000,0.03856547
233.00000000,1949.00000000,0.03856355
233.00000000,1950.00000000,0.03856158
233.00000000,1951.00000000,0.03855946
233.00000000,1952.00000000,0.03855771
233.00000000,1953.00000000,0.03855608
233.00000000,1954.00000000,0.03855440
233.00000000,1955.00000000,0.03855285
233.00000000,1956.00000000,0.03855126
233.00000000,1957.00000000,0.03854953
233.00000000,1958.00000000,0.03854753
233.00000000,1959.00000000,0.03854524
233.00000000,1960.00000000,0.03854197
233.00000000,1961.00000000,0.03853783
233.00000000,1962.00000000,0.03853318
233.00000000,1963.00000000,0.03852808
233.00000000,1964.00000000,0.03852240
233.00000000,1965.00000000,0.03851600
233.00000000,1966.00000000,0.03850888
233.00000000,1967.00000000,0.03850105
233.00000000,1968.00000000,0.03849244
233.00000000,1969.00000000,0.03848275
233.00000000,1970.00000000,0.03847173
233.00000000,1971.00000000,0.03845906
233.00000000,1972.00000000,0.03844428
233.00000000,1973.00000000,0.03842762
233.00000000,1974.00000000,0.03840948
233.00000000,1975.00000000,0.03839041
233.00000000,1976.00000000,0.03837109
233.00000000,1977.00000000,0.03835181
233.00000000,1978.00000000,0.03833239
233.00000000,1979.00000000,0.03831278
233.00000000,1980.00000000,0.03829280
233.00000000,1981.00000000,0.03827270
233.00000000,1982.00000000,0.03825356
233.00000000,1983.00000000,0.03823647
233.00000000,1984.00000000,0.03822143
233.00000000,1985.00000000,0.03820796
233.00000000,1986.00000000,0.03819535
233.00000000,1987.00000000,0.03818316
233.00000000,1988.00000000,0.03817100
233.00000000,1989.00000000,0.03815869
233.00000000,1990.00000000,0.03814609
233.00000000,1991.00000000,0.03813334
233.00000000,1992.00000000,0.03812083
233.00000000,1993.00000000,0.03810858
233.00000000,1994.00000000,0.03809687
233.00000000,1995.00000000,0.03808557
233.00000000,1996.00000000,0.03807435
233.00000000,1997.00000000,0.03806287
233.00000000,1998.00000000,0.03805104
233.00000000,1999.00000000,0.03804262
233.00000000,2000.00000000,0.03803077
233.00000000,2001.00000000,0.03801877
233.00000000,2002.00000000,0.03800657
233.00000000,2003.00000000,0.03799440
233.00000000,2004.00000000,0.03798279
233.00000000,2005.00000000,0.03796872
233.00000000,2006.00000000,0.03795268
233.00000000,2007.00000000,0.03793465
233.00000000,2008.00000000,0.03791490
233.00000000,2009.00000000,0.03789354
233.00000000,2010.00000000,0.03787074
233.00000000,2011.00000000,0.03784664
233.00000000,2012.00000000,0.03782125
233.00000000,2013.00000000,0.03779452
233.00000000,2014.00000000,0.03776764
233.00000000,2015.00000000,0.03773824
233.00000000,2016.00000000,0.03770756
233.00000000,2017.00000000,0.03767565
233.00000000,2018.00000000,0.03764251
233.00000000,2019.00000000,0.03760826
233.00000000,2020.00000000,0.03757299
233.00000000,2021.00000000,0.03753668
233.00000000,2022.00000000,0.03749952
233.00000000,2023.00000000,0.03746160
233.00000000,2024.00000000,0.03742420
233.00000000,2025.00000000,0.03738506
233.00000000,2026.00000000,0.03734541
233.00000000,2027.00000000,0.03730534
233.00000000,2028.00000000,0.03726482
233.00000000,2029.00000000,0.03722393
233.00000000,2030.00000000,0.03718386
233.00000000,2031.00000000,0.03714229
233.00000000,2032.00000000,0.03710026
233.00000000,2033.00000000,0.03705888
233.00000000,2034.00000000,0.03701574
233.00000000,2035.00000000,0.03697420
233.00000000,2036.00000000,0.03692859
233.00000000,2037.00000000,0.03688342
233.00000000,2038.00000000,0.03683763
233.00000000,2039.00000000,0.03679237
233.00000000,2040.00000000,0.03674530
233.00000000,2041.00000000,0.03669768
233.00000000,2042.00000000,0.03664939
233.00000000,2043.00000000,0.03660029
233.00000000,2044.00000000,0.03655155
233.00000000,2045.00000000,0.03650085
233.00000000,2046.00000000,0.03644928
233.00000000,2047.00000000,0.03639695
233.00000000,2048.00000000,0.03634493
233.00000000,2049.00000000,0.03629221
233.00000000,2050.00000000,0.03623876
233.00000000,2051.00000000,0.03618352
233.00000000,2052.00000000,0.03612767
233.00000000,2053.00000000,0.03607123
233.00000000,2054.00000000,0.03601422
233.00000000,2055.00000000,0.03595785
233.00000000,2056.00000000,0.03590100
233.00000000,2057.00000000,0.03584255
233.00000000,2058.00000000,0.03578483
233.00000000,2059.00000000,0.03572564
233.00000000,2060.00000000,0.03566715
233.00000000,2061.00000000,0.03560731
233.00000000,2062.00000000,0.03554739
233.00000000,2063.00000000,0.03549430
233.00000000,2064.00000000,0.03543394
233.00000000,2065.00000000,0.03537512
233.00000000,2066.00000000,0.03531798
233.00000000,2067.00000000,0.03526032
233.00000000,2068.00000000,0.03520427
233.00000000,2069.00000000,0.03515206
233.00000000,2070.00000000,0.03509605
233.00000000,2071.00000000,0.03504164
233.00000000,2072.00000000,0.03498799
233.00000000,2073.00000000,0.03493626
233.00000000,2074.00000000,0.03488451
233.00000000,2075.00000000,0.03483487
233.00000000,2076.00000000,0.03478519
233.00000000,2077.00000000,0.03473762
233.00000000,2078.00000000,0.03469319
233.00000000,2079.00000000,0.03464537
233.00000000,2080.00000000,0.03460170
233.00000000,2081.00000000,0.03455678
233.00000000,2082.00000000,0.03451488
233.00000000,2083.00000000,0.03447508
233.00000000,2084.00000000,0.03443204
233.00000000,2085.00000000,0.03439323
233.00000000,2086.00000000,0.03435434
233.00000000,2087.00000000,0.03432481
233.00000000,2088.00000000,0.03428771
233.00000000,2089.00000000,0.03425462
233.00000000,2090.00000000,0.03421809
233.00000000,2091.00000000,0.03418239
233.00000000,2092.00000000,0.03415173
233.00000000,2093.00000000,0.03412511
233.00000000,2094.00000000,0.03409525
233.00000000,2095.00000000,0.03406424
233.00000000,2096.00000000,0.03403937
233.00000000,2097.00000000,0.03401652
233.00000000,2098.00000000,0.03399353
233.00000000,2099.00000000,0.03396729
233.00000000,2100.00000000,0.03394736
233.00000000,2101.00000000,0.03392495
233.00000000,2102.00000000,0.03390562
233.00000000,2103.00000000,0.03388526
233.00000000,2104.00000000,0.03387012
233.00000000,2105.00000000,0.03386439
233.00000000,2106.00000000,0.03385344
233.00000000,2107.00000000,0.03382165
233.00000000,2108.00000000,0.03381565
233.00000000,2109.00000000,0.03379910
233.00000000,2110.00000000,0.03378342
233.00000000,2111.00000000,0.03376696
233.00000000,2112.00000000,0.03376417
233.00000000,2113.00000000,0.03377453
233.00000000,2114.00000000,0.03376600
233.00000000,2115.00000000,0.03376429
233.00000000,2116.00000000,0.03376634
233.00000000,2117.00000000,0.03375565
233.00000000,2118.00000000,0.03374455
233.00000000,2119.00000000,0.03373616
233.00000000,2120.00000000,0.03373867
233.00000000,2121.00000000,0.03376024
233.00000000,2122.00000000,0.03374959
233.00000000,2123.00000000,0.03376924
233.00000000,2124.00000000,0.03377617
233.00000000,2125.00000000,0.03376931
233.00000000,2126.00000000,0.03375686
233.00000000,2127.00000000,0.03376243
233.00000000,2128.00000000,0.03377884
233.00000000,2129.00000000,0.03378558
233.00000000,2130.00000000,0.03380112
233.00000000,2131.00000000,0.03382134
233.00000000,2132.00000000,0.03385952
233.00000000,2133.00000000,0.03388298
233.00000000,2134.00000000,0.03389779
233.00000000,2135.00000000,0.03390912
233.00000000,2136.00000000,0.03395878
233.00000000,2137.00000000,0.03396401
233.00000000,2138.00000000,0.03400243
233.00000000,2139.00000000,0.03404641
233.00000000,2140.00000000,0.03412441
233.00000000,2141.00000000,0.03408960
233.00000000,2142.00000000,0.03412546
233.00000000,2143.00000000,0.03416058
233.00000000,2144.00000000,0.03417868
233.00000000,2145.00000000,0.03422354
233.00000000,2146.00000000,0.03429004
233.00000000,2147.00000000,0.03419698
233.00000000,2148.00000000,0.03418670
233.00000000,2149.00000000,0.03425322
233.00000000,2150.00000000,0.03431096
233.00000000,2151.00000000,0.03429493
233.00000000,2152.00000000,0.03416706
233.00000000,2153.00000000,0.03430126
233.00000000,2154.00000000,0.03417793
233.00000000,2155.00000000,0.03423064
233.00000000,2156.00000000,0.03436990
233.00000000,2157.00000000,0.03437690
233.00000000,2158.00000000,0.03440526
233.00000000,2159.00000000,0.03443149
233.00000000,2160.00000000,0.03453195
233.00000000,2161.00000000,0.03455687
233.00000000,2162.00000000,0.03466193
233.00000000,2163.00000000,0.03459331
233.00000000,2164.00000000,0.03450467
233.00000000,2165.00000000,0.03443783
233.00000000,2166.00000000,0.03451455
233.00000000,2167.00000000,0.03462787
233.00000000,2168.00000000,0.03471649
233.00000000,2169.00000000,0.03485710
233.00000000,2170.00000000,0.03497494
233.00000000,2171.00000000,0.03494492
233.00000000,2172.00000000,0.03503641
233.00000000,2173.00000000,0.03518811
233.00000000,2174.00000000,0.03526767
233.00000000,2175.00000000,0.03532111
233.00000000,2176.00000000,0.03541831
233.00000000,2177.00000000,0.03545846
233.00000000,2178.00000000,0.03527843
233.00000000,2179.00000000,0.03541053
233.00000000,2180.00000000,0.03562331
233.00000000,2181.00000000,0.03575865
233.00000000,2182.00000000,0.03576445
233.00000000,2183.00000000,0.03604280
233.00000000,2184.00000000,0.03624779
233.00000000,2185.00000000,0.03634053
233.00000000,2186.00000000,0.03645270
233.00000000,2187.00000000,0.03654476
233.00000000,2188.00000000,0.03679934
233.00000000,2189.00000000,0.03701116
233.00000000,2190.00000000,0.03717992
233.00000000,2191.00000000,0.03731692
233.00000000,2192.00000000,0.03753111
233.00000000,2193.00000000,0.03772931
233.00000000,2194.00000000,0.03782635
233.00000000,2195.00000000,0.03801881
233.00000000,2196.00000000,0.03825757
233.00000000,2197.00000000,0.03851114
233.00000000,2198.00000000,0.03874250
233.00000000,2199.00000000,0.03900030
233.00000000,2200.00000000,0.03920288
233.00000000,2201.00000000,0.03948279
233.00000000,2202.00000000,0.03980211
233.00000000,2203.00000000,0.04019187
233.00000000,2204.00000000,0.04045477
233.00000000,2205.00000000,0.04073354
233.00000000,2206.00000000,0.04108711
233.00000000,2207.00000000,0.04119932
233.00000000,2208.00000000,0.04127212
233.00000000,2209.00000000,0.04166584
233.00000000,2210.00000000,0.04193044
233.00000000,2211.00000000,0.04212126
233.00000000,2212.00000000,0.04253635
233.00000000,2213.00000000,0.04258848
233.00000000,2214.00000000,0.04252321
233.00000000,2215.00000000,0.04259233
233.00000000,2216.00000000,0.04268892
233.00000000,2217.00000000,0.04300194
233.00000000,2218.00000000,0.04328878
233.00000000,2219.00000000,0.04359090
233.00000000,2220.00000000,0.04386988
233.00000000,2221.00000000,0.04422561
233.00000000,2222.00000000,0.04448875
233.00000000,2223.00000000,0.04467632
233.00000000,2224.00000000,0.04490508
233.00000000,2225.00000000,0.04490490
233.00000000,2226.00000000,0.04504193
233.00000000,2227.00000000,0.04530498
233.00000000,2228.00000000,0.04558341
233.00000000,2229.00000000,0.04587283
233.00000000,2230.00000000,0.04613194
233.00000000,2231.00000000,0.04623607
233.00000000,2232.00000000,0.04635521
233.00000000,2233.00000000,0.04668446
233.00000000,2234.00000000,0.04701075
233.00000000,2235.00000000,0.04721805
233.00000000,2236.00000000,0.04774957
233.00000000,2237.00000000,0.04834043
233.00000000,2238.00000000,0.04883643
233.00000000,2239.00000000,0.04921191
233.00000000,2240.00000000,0.04959053
233.00000000,2241.00000000,0.04997237
233.00000000,2242.00000000,0.05035711
233.00000000,2243.00000000,0.05074480
233.00000000,2244.00000000,0.05121642
233.00000000,2245.00000000,0.05169145
233.00000000,2246.00000000,0.05216994
233.00000000,2247.00000000,0.05265187
233.00000000,2248.00000000,0.05313719
233.00000000,2249.00000000,0.05362589
233.00000000,2250.00000000,0.05411758
233.00000000,2251.00000000,0.05461151
233.00000000,2252.00000000,0.05510704
233.00000000,2253.00000000,0.05560373
233.00000000,2254.00000000,0.05606468
233.00000000,2255.00000000,0.05652632
233.00000000,2256.00000000,0.05698856
233.00000000,2257.00000000,0.05745140
233.00000000,2258.00000000,0.05791481
233.00000000,2259.00000000,0.05837878
233.00000000,2260.00000000,0.05884338
233.00000000,2261.00000000,0.05930861
233.00000000,2262.00000000,0.05977455
233.00000000,2263.00000000,0.06024132
233.00000000,2264.00000000,0.06078688
233.00000000,2265.00000000,0.06133363
233.00000000,2266.00000000,0.06188162
233.00000000,2267.00000000,0.06243082
233.00000000,2268.00000000,0.06298116
233.00000000,2269.00000000,0.06353270
233.00000000,2270.00000000,0.06408536
233.00000000,2271.00000000,0.06463918
233.00000000,2272.00000000,0.06519414
233.00000000,2273.00000000,0.06575017
233.00000000,2274.00000000,0.06636521
233.00000000,2275.00000000,0.06698155
233.00000000,2276.00000000,0.06759912
233.00000000,2277.00000000,0.06821794
233.00000000,2278.00000000,0.06883795
233.00000000,2279.00000000,0.06945904
233.00000000,2280.00000000,0.07008127
233.00000000,2281.00000000,0.07070448
233.00000000,2282.00000000,0.07132873
233.00000000,2283.00000000,0.07195391
233.00000000,2284.00000000,0.07257663
233.00000000,2285.00000000,0.07320020
233.00000000,2286.00000000,0.07382456
233.00000000,2287.00000000,0.07444957
233.00000000,2288.00000000,0.07507531
233.00000000,2289.00000000,0.07570163
233.00000000,2290.00000000,0.07632845
233.00000000,2291.00000000,0.07695578
233.00000000,2292.00000000,0.07758351
233.00000000,2293.00000000,0.07821149
233.00000000,2294.00000000,0.07870928
233.00000000,2295.00000000,0.07920677
233.00000000,2296.00000000,0.07970401
233.00000000,2297.00000000,0.08020096
233.00000000,2298.00000000,0.08069751
233.00000000,2299.00000000,0.08119375
233.00000000,2300.00000000,0.08168959
233.00000000,2301.00000000,0.08218492
233.00000000,2302.00000000,0.08267981
233.00000000,2303.00000000,0.08317413
233.00000000,2304.00000000,0.08354868
233.00000000,2305.00000000,0.08392229
233.00000000,2306.00000000,0.08429483
233.00000000,2307.00000000,0.08466643
233.00000000,2308.00000000,0.08503700
233.00000000,2309.00000000,0.08540649
233.00000000,2310.00000000,0.08577501
233.00000000,2311.00000000,0.08614249
233.00000000,2312.00000000,0.08650882
233.00000000,2313.00000000,0.08687414
233.00000000,2314.00000000,0.08717114
233.00000000,2315.00000000,0.08746676
233.00000000,2316.00000000,0.08776115
233.00000000,2317.00000000,0.08805419
233.00000000,2318.00000000,0.08834597
233.00000000,2319.00000000,0.08863648
233.00000000,2320.00000000,0.08892562
233.00000000,2321.00000000,0.08921353
233.00000000,2322.00000000,0.08950010
233.00000000,2323.00000000,0.08978530
233.00000000,2324.00000000,0.08999929
233.00000000,2325.00000000,0.09021176
233.00000000,2326.00000000,0.09042267
233.00000000,2327.00000000,0.09063216
233.00000000,2328.00000000,0.09084016
233.00000000,2329.00000000,0.09104661
233.00000000,2330.00000000,0.09125164
233.00000000,2331.00000000,0.09145515
233.00000000,2332.00000000,0.09165727
233.00000000,2333.00000000,0.09185793
233.00000000,2334.00000000,0.09200295
233.00000000,2335.00000000,0.09214647
233.00000000,2336.00000000,0.09228840
233.00000000,2337.00000000,0.09242872
233.00000000,2338.00000000,0.09256756
233.00000000,2339.00000000,0.09270486
233.00000000,2340.00000000,0.09284056
233.00000000,2341.00000000,0.09297481
233.00000000,2342.00000000,0.09310748
233.00000000,2343.00000000,0.09323869
233.00000000,2344.00000000,0.09336843
233.00000000,2345.00000000,0.09349660
233.00000000,2346.00000000,0.09362337
233.00000000,2347.00000000,0.09374865
233.00000000,2348.00000000,0.09387239
233.00000000,2349.00000000,0.09399473
233.00000000,2350.00000000,0.09411562
233.00000000,2351.00000000,0.09423495
233.00000000,2352.00000000,0.09435292
233.00000000,2353.00000000,0.09446944
233.00000000,2354.00000000,0.09458442
233.00000000,2355.00000000,0.09469804
233.00000000,2356.00000000,0.09481014
233.00000000,2357.00000000,0.09492088
233.00000000,2358.00000000,0.09503019
233.00000000,2359.00000000,0.09513796
233.00000000,2360.00000000,0.09524440
233.00000000,2361.00000000,0.09534940
233.00000000,2362.00000000,0.09545286
233.00000000,2363.00000000,0.09555499
233.00000000,2364.00000000,0.09565568
233.00000000,2365.00000000,0.09575482
233.00000000,2366.00000000,0.09585263
233.00000000,2367.00000000,0.09594888
233.00000000,2368.00000000,0.09604380
233.00000000,2369.00000000,0.09613727
233.00000000,2370.00000000,0.09622919
233.00000000,2371.00000000,0.09631975
233.00000000,2372.00000000,0.09640885
233.00000000,2373.00000000,0.09649637
233.00000000,2374.00000000,0.09658252
233.00000000,2375.00000000,0.09666720
233.00000000,2376.00000000,0.09675030
233.00000000,2377.00000000,0.09683199
233.00000000,2378.00000000,0.09691208
233.00000000,2379.00000000,0.09699074
233.00000000,2380.00000000,0.09706786
233.00000000,2381.00000000,0.09714336
233.00000000,2382.00000000,0.09721733
233.00000000,2383.00000000,0.09728965
233.00000000,2384.00000000,0.09698416
233.00000000,2385.00000000,0.09667667
233.00000000,2386.00000000,0.09636714
233.00000000,2387.00000000,0.09605554
233.00000000,2388.00000000,0.09574208
233.00000000,2389.00000000,0.09542670
233.00000000,2390.00000000,0.09510936
233.00000000,2391.00000000,0.09479029
233.00000000,2392.00000000,0.09446931
233.00000000,2393.00000000,0.09414666
233.00000000,2394.00000000,0.09382229
233.00000000,2395.00000000,0.09349614
233.00000000,2396.00000000,0.09316842
233.00000000,2397.00000000,0.09283906
233.00000000,2398.00000000,0.09250803
233.00000000,2399.00000000,0.09217554
233.00000000,2400.00000000,0.09184150
233.00000000,2401.00000000,0.09150590
233.00000000,2402.00000000,0.09116890
233.00000000,2403.00000000,0.09083041
233.00000000,2404.00000000,0.09049057
233.00000000,2405.00000000,0.09014938
233.00000000,2406.00000000,0.08980675
233.00000000,2407.00000000,0.08946289
233.00000000,2408.00000000,0.08911773
233.00000000,2409.00000000,0.08877124
233.00000000,2410.00000000,0.08842360
233.00000000,2411.00000000,0.08807473
233.00000000,2412.00000000,0.08772460
233.00000000,2413.00000000,0.08737338
233.00000000,2414.00000000,0.08702104
233.00000000,2415.00000000,0.08666751
233.00000000,2416.00000000,0.08631295
233.00000000,2417.00000000,0.08595726
233.00000000,2418.00000000,0.08560061
233.00000000,2419.00000000,0.08524292
233.00000000,2420.00000000,0.08488418
233.00000000,2421.00000000,0.08452453
233.00000000,2422.00000000,0.08416393
233.00000000,2423.00000000,0.08380231
233.00000000,2424.00000000,0.08343985
233.00000000,2425.00000000,0.08307652
233.00000000,2426.00000000,0.08271223
233.00000000,2427.00000000,0.08234717
233.00000000,2428.00000000,0.08198120
233.00000000,2429.00000000,0.08161449
233.00000000,2430.00000000,0.08124698
233.00000000,2431.00000000,0.08087864
233.00000000,2432.00000000,0.08050960
233.00000000,2433.00000000,0.08013983
233.00000000,2434.00000000,0.07976927
233.00000000,2435.00000000,0.07939808
233.00000000,2436.00000000,0.07902621
233.00000000,2437.00000000,0.07865359
233.00000000,2438.00000000,0.07828040
233.00000000,2439.00000000,0.07790659
233.00000000,2440.00000000,0.07753207
233.00000000,2441.00000000,0.07715703
233.00000000,2442.00000000,0.07678135
233.00000000,2443.00000000,0.07640516
233.00000000,2444.00000000,0.07602842
233.00000000,2445.00000000,0.07565107
233.00000000,2446.00000000,0.07527327
233.00000000,2447.00000000,0.07489498
233.00000000,2448.00000000,0.07451612
233.00000000,2449.00000000,0.07413685
233.00000000,2450.00000000,0.07375713
233.00000000,2451.00000000,0.07337688
233.00000000,2452.00000000,0.07299628
233.00000000,2453.00000000,0.07261518
233.00000000,2454.00000000,0.07223375
233.00000000,2455.00000000,0.07185193
233.00000000,2456.00000000,0.07146965
233.00000000,2457.00000000,0.07108708
233.00000000,2458.00000000,0.07070418
233.00000000,2459.00000000,0.07032085
233.00000000,2460.00000000,0.06993727
233.00000000,2461.00000000,0.06955338
233.00000000,2462.00000000,0.06916912
233.00000000,2463.00000000,0.06878464
233.00000000,2464.00000000,0.06839982
233.00000000,2465.00000000,0.06801483
233.00000000,2466.00000000,0.06762957
233.00000000,2467.00000000,0.06724401
233.00000000,2468.00000000,0.06685831
233.00000000,2469.00000000,0.06647240
233.00000000,2470.00000000,0.06608621
233.00000000,2471.00000000,0.06569992
233.00000000,2472.00000000,0.06531345
233.00000000,2473.00000000,0.06492674
233.00000000,2474.00000000,0.06453997
233.00000000,2475.00000000,0.06415307
233.00000000,2476.00000000,0.06376596
233.00000000,2477.00000000,0.06337882
233.00000000,2478.00000000,0.06299151
233.00000000,2479.00000000,0.06260421
233.00000000,2480.00000000,0.06221685
233.00000000,2481.00000000,0.06182942
233.00000000,2482.00000000,0.06152323
233.00000000,2483.00000000,0.06145595
233.00000000,2484.00000000,0.06145399
233.00000000,2485.00000000,0.06145220
233.00000000,2486.00000000,0.06145052
233.00000000,2487.00000000,0.06144885
233.00000000,2488.00000000,0.06144736
233.00000000,2489.00000000,0.06145612
233.00000000,2490.00000000,0.06146504
233.00000000,2491.00000000,0.06147406
233.00000000,2492.00000000,0.06148309
233.00000000,2493.00000000,0.06149227
233.00000000,2494.00000000,0.06148131
233.00000000,2495.00000000,0.06147034
233.00000000,2496.00000000,0.06145953
233.00000000,2497.00000000,0.06144878
233.00000000,2498.00000000,0.06143801
233.00000000,2499.00000000,0.06142739
233.00000000,2500.00000000,0.06141684
234.00000000,1765.00000000,0.03825577
234.00000000,1766.00000000,0.03825591
234.00000000,1767.00000000,0.03825590
234.00000000,1768.00000000,0.03825582
234.00000000,1769.00000000,0.03825605
234.00000000,1770.00000000,0.03825628
234.00000000,1771.00000000,0.03825665
234.00000000,1772.00000000,0.03825687
234.00000000,1773.00000000,0.03825723
234.00000000,1774.00000000,0.03825783
234.00000000,1775.00000000,0.03825822
234.00000000,1776.00000000,0.03825905
234.00000000,1777.00000000,0.03825957
234.00000000,1778.00000000,0.03826038
234.00000000,1779.00000000,0.03826140
234.00000000,1780.00000000,0.03826218
234.00000000,1781.00000000,0.03826321
234.00000000,1782.00000000,0.03826426
234.00000000,1783.00000000,0.03826540
234.00000000,1784.00000000,0.03826650
234.00000000,1785.00000000,0.03826777
234.00000000,1786.00000000,0.03826900
234.00000000,1787.00000000,0.03827033
234.00000000,1788.00000000,0.03827175
234.00000000,1789.00000000,0.03827317
234.00000000,1790.00000000,0.03827462
234.00000000,1791.00000000,0.03827618
234.00000000,1792.00000000,0.03827759
234.00000000,1793.00000000,0.03827911
234.00000000,1794.00000000,0.03828079
234.00000000,1795.00000000,0.03828241
234.00000000,1796.00000000,0.03828397
234.00000000,1797.00000000,0.03828577
234.00000000,1798.00000000,0.03828741
234.00000000,1799.00000000,0.03828919
234.00000000,1800.00000000,0.03829098
234.00000000,1801.00000000,0.03829272
234.00000000,1802.00000000,0.03829456
234.00000000,1803.00000000,0.03829638
234.00000000,1804.00000000,0.03829827
234.00000000,1805.00000000,0.03830015
234.00000000,1806.00000000,0.03830188
234.00000000,1807.00000000,0.03830387
234.00000000,1808.00000000,0.03830576
234.00000000,1809.00000000,0.03830766
234.00000000,1810.00000000,0.03830952
234.00000000,1811.00000000,0.03831143
234.00000000,1812.00000000,0.03831347
234.00000000,1813.00000000,0.03831537
234.00000000,1814.00000000,0.03831736
234.00000000,1815.00000000,0.03831929
234.00000000,1816.00000000,0.03832136
234.00000000,1817.00000000,0.03832331
234.00000000,1818.00000000,0.03832524
234.00000000,1819.00000000,0.03832726
234.00000000,1820.00000000,0.03832920
234.00000000,1821.00000000,0.03833126
234.00000000,1822.00000000,0.03833324
234.00000000,1823.00000000,0.03833517
234.00000000,1824.00000000,0.03833723
234.00000000,1825.00000000,0.03833915
234.00000000,1826.00000000,0.03834119
234.00000000,1827.00000000,0.03834319
234.00000000,1828.00000000,0.03834516
234.00000000,1829.00000000,0.03834712
234.00000000,1830.00000000,0.03834903
234.00000000,1831.00000000,0.03835098
234.00000000,1832.00000000,0.03835291
234.00000000,1833.00000000,0.03835485
234.00000000,1834.00000000,0.03835686
234.00000000,1835.00000000,0.03835875
234.00000000,1836.00000000,0.03836060
234.00000000,1837.00000000,0.03836249
234.00000000,1838.00000000,0.03836442
234.00000000,1839.00000000,0.03836623
234.00000000,1840.00000000,0.03836815
234.00000000,1841.00000000,0.03836992
234.00000000,1842.00000000,0.03837175
234.00000000,1843.00000000,0.03837362
234.00000000,1844.00000000,0.03837544
234.00000000,1845.00000000,0.03837719
234.00000000,1846.00000000,0.03837893
234.00000000,1847.00000000,0.03838067
234.00000000,1848.00000000,0.03838243
234.00000000,1849.00000000,0.03838415
234.00000000,1850.00000000,0.03838584
234.00000000,1851.00000000,0.03838747
234.00000000,1852.00000000,0.03838913
234.00000000,1853.00000000,0.03839089
234.00000000,1854.00000000,0.03839284
234.00000000,1855.00000000,0.03839456
234.00000000,1856.00000000,0.03839635
234.00000000,1857.00000000,0.03839810
234.00000000,1858.00000000,0.03839982
234.00000000,1859.00000000,0.03840144
234.00000000,1860.00000000,0.03840302
234.00000000,1861.00000000,0.03840464
234.00000000,1862.00000000,0.03840610
234.00000000,1863.00000000,0.03840725
234.00000000,1864.00000000,0.03840808
234.00000000,1865.00000000,0.03840878
234.00000000,1866.00000000,0.03840919
234.00000000,1867.00000000,0.03840953
234.00000000,1868.00000000,0.03840974
234.00000000,1869.00000000,0.03840970
234.00000000,1870.00000000,0.03840966
234.00000000,1871.00000000,0.03840952
234.00000000,1872.00000000,0.03840932
234.00000000,1873.00000000,0.03840959
234.00000000,1874.00000000,0.03841007
234.00000000,1875.00000000,0.03841066
234.00000000,1876.00000000,0.03841149
234.00000000,1877.00000000,0.03841243
234.00000000,1878.00000000,0.03841328
234.00000000,1879.00000000,0.03841429
234.00000000,1880.00000000,0.03841533
234.00000000,1881.00000000,0.03841637
234.00000000,1882.00000000,0.03841740
234.00000000,1883.00000000,0.03841825
234.00000000,1884.00000000,0.03841881
234.00000000,1885.00000000,0.03841932
234.00000000,1886.00000000,0.03841957
234.00000000,1887.00000000,0.03841980
234.00000000,1888.00000000,0.03841997
234.00000000,1889.00000000,0.03842008
234.00000000,1890.00000000,0.03841988
234.00000000,1891.00000000,0.03841957
234.00000000,1892.00000000,0.03841908
234.00000000,1893.00000000,0.03841851
234.00000000,1894.00000000,0.03841794
234.00000000,1895.00000000,0.03841745
234.00000000,1896.00000000,0.03841683
234.00000000,1897.00000000,0.03841629
234.00000000,1898.00000000,0.03841566
234.00000000,1899.00000000,0.03841489
234.00000000,1900.00000000,0.03841398
234.00000000,1901.00000000,0.03841294
234.00000000,1902.00000000,0.03841199
234.00000000,1903.00000000,0.03841100
234.00000000,1904.00000000,0.03841008
234.00000000,1905.00000000,0.03840920
234.00000000,1906.00000000,0.03840851
234.00000000,1907.00000000,0.03840784
234.00000000,1908.00000000,0.03840717
234.00000000,1909.00000000,0.03840642
234.00000000,1910.00000000,0.03840570
234.00000000,1911.00000000,0.03840483
234.00000000,1912.00000000,0.03840367
234.00000000,1913.00000000,0.03840208
234.00000000,1914.00000000,0.03839995
234.00000000,1915.00000000,0.03839755
234.00000000,1916.00000000,0.03839513
234.00000000,1917.00000000,0.03839272
234.00000000,1918.00000000,0.03839014
234.00000000,1919.00000000,0.03838759
234.00000000,1920.00000000,0.03838529
234.00000000,1921.00000000,0.03838335
234.00000000,1922.00000000,0.03838182
234.00000000,1923.00000000,0.03838061
234.00000000,1924.00000000,0.03837947
234.00000000,1925.00000000,0.03837823
234.00000000,1926.00000000,0.03837693
234.00000000,1927.00000000,0.03837559
234.00000000,1928.00000000,0.03837432
234.00000000,1929.00000000,0.03837300
234.00000000,1930.00000000,0.03837175
234.00000000,1931.00000000,0.03837100
234.00000000,1932.00000000,0.03837089
234.00000000,1933.00000000,0.03837110
234.00000000,1934.00000000,0.03837158
234.00000000,1935.00000000,0.03837207
234.00000000,1936.00000000,0.03837222
234.00000000,1937.00000000,0.03837185
234.00000000,1938.00000000,0.03837092
234.00000000,1939.00000000,0.03836940
234.00000000,1940.00000000,0.03836759
234.00000000,1941.00000000,0.03836527
234.00000000,1942.00000000,0.03836238
234.00000000,1943.00000000,0.03835905
234.00000000,1944.00000000,0.03835555
234.00000000,1945.00000000,0.03835195
234.00000000,1946.00000000,0.03834883
234.00000000,1947.00000000,0.03834655
234.00000000,1948.00000000,0.03834460
234.00000000,1949.00000000,0.03834267
234.00000000,1950.00000000,0.03834069
234.00000000,1951.00000000,0.03833863
234.00000000,1952.00000000,0.03833686
234.00000000,1953.00000000,0.03833522
234.00000000,1954.00000000,0.03833356
234.00000000,1955.00000000,0.03833200
234.00000000,1956.00000000,0.03833046
234.00000000,1957.00000000,0.03832871
234.00000000,1958.00000000,0.03832674
234.00000000,1959.00000000,0.03832443
234.00000000,1960.00000000,0.03832120
234.00000000,1961.00000000,0.03831705
234.00000000,1962.00000000,0.03831245
234.00000000,1963.00000000,0.03830735
234.00000000,1964.00000000,0.03830171
234.00000000,1965.00000000,0.03829535
234.00000000,1966.00000000,0.03828824
234.00000000,1967.00000000,0.03828048
234.00000000,1968.00000000,0.03827189
234.00000000,1969.00000000,0.03826223
234.00000000,1970.00000000,0.03825133
234.00000000,1971.00000000,0.03823867
234.00000000,1972.00000000,0.03822396
234.00000000,1973.00000000,0.03820743
234.00000000,1974.00000000,0.03818935
234.00000000,1975.00000000,0.03817041
234.00000000,1976.00000000,0.03815116
234.00000000,1977.00000000,0.03813199
234.00000000,1978.00000000,0.03811268
234.00000000,1979.00000000,0.03809316
234.00000000,1980.00000000,0.03807328
234.00000000,1981.00000000,0.03805327
234.00000000,1982.00000000,0.03803423
234.00000000,1983.00000000,0.03801723
234.00000000,1984.00000000,0.03800225
234.00000000,1985.00000000,0.03798882
234.00000000,1986.00000000,0.03797628
234.00000000,1987.00000000,0.03796413
234.00000000,1988.00000000,0.03795203
234.00000000,1989.00000000,0.03793976
234.00000000,1990.00000000,0.03792720
234.00000000,1991.00000000,0.03791450
234.00000000,1992.00000000,0.03790202
234.00000000,1993.00000000,0.03788981
234.00000000,1994.00000000,0.03787812
234.00000000,1995.00000000,0.03786684
234.00000000,1996.00000000,0.03785564
234.00000000,1997.00000000,0.03784417
234.00000000,1998.00000000,0.03783235
234.00000000,1999.00000000,0.03782046
234.00000000,2000.00000000,0.03781211
234.00000000,2001.00000000,0.03780014
234.00000000,2002.00000000,0.03778792
234.00000000,2003.00000000,0.03777575
234.00000000,2004.00000000,0.03776303
234.00000000,2005.00000000,0.03775011
234.00000000,2006.00000000,0.03773413
234.00000000,2007.00000000,0.03771618
234.00000000,2008.00000000,0.03769645
234.00000000,2009.00000000,0.03767518
234.00000000,2010.00000000,0.03765248
234.00000000,2011.00000000,0.03762845
234.00000000,2012.00000000,0.03760316
234.00000000,2013.00000000,0.03757656
234.00000000,2014.00000000,0.03754861
234.00000000,2015.00000000,0.03752051
234.00000000,2016.00000000,0.03748996
234.00000000,2017.00000000,0.03745817
234.00000000,2018.00000000,0.03742522
234.00000000,2019.00000000,0.03739112
234.00000000,2020.00000000,0.03735597
234.00000000,2021.00000000,0.03731990
234.00000000,2022.00000000,0.03728289
234.00000000,2023.00000000,0.03724515
234.00000000,2024.00000000,0.03720677
234.00000000,2025.00000000,0.03716898
234.00000000,2026.00000000,0.03712955
234.00000000,2027.00000000,0.03708963
234.00000000,2028.00000000,0.03704935
234.00000000,2029.00000000,0.03700865
234.00000000,2030.00000000,0.03696762
234.00000000,2031.00000000,0.03692740
234.00000000,2032.00000000,0.03688563
234.00000000,2033.00000000,0.03684328
234.00000000,2034.00000000,0.03680150
234.00000000,2035.00000000,0.03675792
234.00000000,2036.00000000,0.03671592
234.00000000,2037.00000000,0.03666988
234.00000000,2038.00000000,0.03662429
234.00000000,2039.00000000,0.03657812
234.00000000,2040.00000000,0.03653249
234.00000000,2041.00000000,0.03648508
234.00000000,2042.00000000,0.03643703
234.00000000,2043.00000000,0.03638822
234.00000000,2044.00000000,0.03633858
234.00000000,2045.00000000,0.03628926
234.00000000,2046.00000000,0.03623802
234.00000000,2047.00000000,0.03618591
234.00000000,2048.00000000,0.03613309
234.00000000,2049.00000000,0.03608060
234.00000000,2050.00000000,0.03602745
234.00000000,2051.00000000,0.03597363
234.00000000,2052.00000000,0.03591804
234.00000000,2053.00000000,0.03586192
234.00000000,2054.00000000,0.03580523
234.00000000,2055.00000000,0.03574803
234.00000000,2056.00000000,0.03569148
234.00000000,2057.00000000,0.03563448
234.00000000,2058.00000000,0.03557593
234.00000000,2059.00000000,0.03551814
234.00000000,2060.00000000,0.03545890
234.00000000,2061.00000000,0.03540044
234.00000000,2062.00000000,0.03534088
234.00000000,2063.00000000,0.03528150
234.00000000,2064.00000000,0.03522906
234.00000000,2065.00000000,0.03516950
234.00000000,2066.00000000,0.03511154
234.00000000,2067.00000000,0.03505527
234.00000000,2068.00000000,0.03499847
234.00000000,2069.00000000,0.03494326
234.00000000,2070.00000000,0.03489184
234.00000000,2071.00000000,0.03483667
234.00000000,2072.00000000,0.03478325
234.00000000,2073.00000000,0.03473077
234.00000000,2074.00000000,0.03468030
234.00000000,2075.00000000,0.03462986
234.00000000,2076.00000000,0.03458151
234.00000000,2077.00000000,0.03453309
234.00000000,2078.00000000,0.03448675
234.00000000,2079.00000000,0.03444347
234.00000000,2080.00000000,0.03439678
234.00000000,2081.00000000,0.03435419
234.00000000,2082.00000000,0.03431040
234.00000000,2083.00000000,0.03426969
234.00000000,2084.00000000,0.03423109
234.00000000,2085.00000000,0.03418926
234.00000000,2086.00000000,0.03415161
234.00000000,2087.00000000,0.03411385
234.00000000,2088.00000000,0.03408533
234.00000000,2089.00000000,0.03404926
234.00000000,2090.00000000,0.03401713
234.00000000,2091.00000000,0.03398157
234.00000000,2092.00000000,0.03394689
234.00000000,2093.00000000,0.03391730
234.00000000,2094.00000000,0.03389175
234.00000000,2095.00000000,0.03386298
234.00000000,2096.00000000,0.03383306
234.00000000,2097.00000000,0.03380919
234.00000000,2098.00000000,0.03378731
234.00000000,2099.00000000,0.03376524
234.00000000,2100.00000000,0.03373992
234.00000000,2101.00000000,0.03372087
234.00000000,2102.00000000,0.03369940
234.00000000,2103.00000000,0.03368107
234.00000000,2104.00000000,0.03366174
234.00000000,2105.00000000,0.03364758
234.00000000,2106.00000000,0.03364276
234.00000000,2107.00000000,0.03363273
234.00000000,2108.00000000,0.03360196
234.00000000,2109.00000000,0.03359678
234.00000000,2110.00000000,0.03358108
234.00000000,2111.00000000,0.03356622
234.00000000,2112.00000000,0.03355055
234.00000000,2113.00000000,0.03354843
234.00000000,2114.00000000,0.03355935
234.00000000,2115.00000000,0.03355148
234.00000000,2116.00000000,0.03355035
234.00000000,2117.00000000,0.03355294
234.00000000,2118.00000000,0.03354285
234.00000000,2119.00000000,0.03353234
234.00000000,2120.00000000,0.03352450
234.00000000,2121.00000000,0.03352747
234.00000000,2122.00000000,0.03354937
234.00000000,2123.00000000,0.03353923
234.00000000,2124.00000000,0.03355920
234.00000000,2125.00000000,0.03356651
234.00000000,2126.00000000,0.03356010
234.00000000,2127.00000000,0.03354813
234.00000000,2128.00000000,0.03355408
234.00000000,2129.00000000,0.03357078
234.00000000,2130.00000000,0.03357786
234.00000000,2131.00000000,0.03359369
234.00000000,2132.00000000,0.03361416
234.00000000,2133.00000000,0.03365246
234.00000000,2134.00000000,0.03367613
234.00000000,2135.00000000,0.03369120
234.00000000,2136.00000000,0.03370281
234.00000000,2137.00000000,0.03375250
234.00000000,2138.00000000,0.03375804
234.00000000,2139.00000000,0.03379655
234.00000000,2140.00000000,0.03384058
234.00000000,2141.00000000,0.03391843
234.00000000,2142.00000000,0.03388414
234.00000000,2143.00000000,0.03392009
234.00000000,2144.00000000,0.03395531
234.00000000,2145.00000000,0.03397360
234.00000000,2146.00000000,0.03401849
234.00000000,2147.00000000,0.03408489
234.00000000,2148.00000000,0.03399268
234.00000000,2149.00000000,0.03398275
234.00000000,2150.00000000,0.03404916
234.00000000,2151.00000000,0.03410702
234.00000000,2152.00000000,0.03409207
234.00000000,2153.00000000,0.03396642
234.00000000,2154.00000000,0.03410154
234.00000000,2155.00000000,0.03398073
234.00000000,2156.00000000,0.03403495
234.00000000,2157.00000000,0.03417522
234.00000000,2158.00000000,0.03418395
234.00000000,2159.00000000,0.03421387
234.00000000,2160.00000000,0.03424160
234.00000000,2161.00000000,0.03434313
234.00000000,2162.00000000,0.03436947
234.00000000,2163.00000000,0.03447549
234.00000000,2164.00000000,0.03440870
234.00000000,2165.00000000,0.03432194
234.00000000,2166.00000000,0.03425681
234.00000000,2167.00000000,0.03433445
234.00000000,2168.00000000,0.03444847
234.00000000,2169.00000000,0.03453788
234.00000000,2170.00000000,0.03467899
234.00000000,2171.00000000,0.03479741
234.00000000,2172.00000000,0.03476869
234.00000000,2173.00000000,0.03486085
234.00000000,2174.00000000,0.03501289
234.00000000,2175.00000000,0.03509313
234.00000000,2176.00000000,0.03514736
234.00000000,2177.00000000,0.03524511
234.00000000,2178.00000000,0.03528606
234.00000000,2179.00000000,0.03510789
234.00000000,2180.00000000,0.03524030
234.00000000,2181.00000000,0.03545300
234.00000000,2182.00000000,0.03558862
234.00000000,2183.00000000,0.03559530
234.00000000,2184.00000000,0.03587323
234.00000000,2185.00000000,0.03607813
234.00000000,2186.00000000,0.03617132
234.00000000,2187.00000000,0.03628382
234.00000000,2188.00000000,0.03637629
234.00000000,2189.00000000,0.03663053
234.00000000,2190.00000000,0.03684220
234.00000000,2191.00000000,0.03701101
234.00000000,2192.00000000,0.03714820
234.00000000,2193.00000000,0.03736222
234.00000000,2194.00000000,0.03756032
234.00000000,2195.00000000,0.03765771
234.00000000,2196.00000000,0.03785008
234.00000000,2197.00000000,0.03808856
234.00000000,2198.00000000,0.03834178
234.00000000,2199.00000000,0.03857288
234.00000000,2200.00000000,0.03883031
234.00000000,2201.00000000,0.03903275
234.00000000,2202.00000000,0.03931220
234.00000000,2203.00000000,0.03963089
234.00000000,2204.00000000,0.04001971
234.00000000,2205.00000000,0.04028224
234.00000000,2206.00000000,0.04056056
234.00000000,2207.00000000,0.04091338
234.00000000,2208.00000000,0.04102586
234.00000000,2209.00000000,0.04109907
234.00000000,2210.00000000,0.04149188
234.00000000,2211.00000000,0.04175610
234.00000000,2212.00000000,0.04194686
234.00000000,2213.00000000,0.04236096
234.00000000,2214.00000000,0.04241361
234.00000000,2215.00000000,0.04234933
234.00000000,2216.00000000,0.04241888
234.00000000,2217.00000000,0.04251578
234.00000000,2218.00000000,0.04282825
234.00000000,2219.00000000,0.04311464
234.00000000,2220.00000000,0.04341627
234.00000000,2221.00000000,0.04369485
234.00000000,2222.00000000,0.04404987
234.00000000,2223.00000000,0.04431269
234.00000000,2224.00000000,0.04450024
234.00000000,2225.00000000,0.04472881
234.00000000,2226.00000000,0.04472934
234.00000000,2227.00000000,0.04486655
234.00000000,2228.00000000,0.04512929
234.00000000,2229.00000000,0.04540735
234.00000000,2230.00000000,0.04569637
234.00000000,2231.00000000,0.04595521
234.00000000,2232.00000000,0.04605966
234.00000000,2233.00000000,0.04617905
234.00000000,2234.00000000,0.04650777
234.00000000,2235.00000000,0.04683354
234.00000000,2236.00000000,0.04704078
234.00000000,2237.00000000,0.04757104
234.00000000,2238.00000000,0.04816041
234.00000000,2239.00000000,0.04865530
234.00000000,2240.00000000,0.04903014
234.00000000,2241.00000000,0.04940810
234.00000000,2242.00000000,0.04978928
234.00000000,2243.00000000,0.05017336
234.00000000,2244.00000000,0.05056039
234.00000000,2245.00000000,0.05103105
234.00000000,2246.00000000,0.05150513
234.00000000,2247.00000000,0.05198267
234.00000000,2248.00000000,0.05246364
234.00000000,2249.00000000,0.05294794
234.00000000,2250.00000000,0.05343528
234.00000000,2251.00000000,0.05392490
234.00000000,2252.00000000,0.05441611
234.00000000,2253.00000000,0.05490855
234.00000000,2254.00000000,0.05540196
234.00000000,2255.00000000,0.05585970
234.00000000,2256.00000000,0.05631810
234.00000000,2257.00000000,0.05677707
234.00000000,2258.00000000,0.05723664
234.00000000,2259.00000000,0.05769681
234.00000000,2260.00000000,0.05815755
234.00000000,2261.00000000,0.05861895
234.00000000,2262.00000000,0.05908107
234.00000000,2263.00000000,0.05954395
234.00000000,2264.00000000,0.06000772
234.00000000,2265.00000000,0.06055001
234.00000000,2266.00000000,0.06109351
234.00000000,2267.00000000,0.06163828
234.00000000,2268.00000000,0.06218426
234.00000000,2269.00000000,0.06273141
234.00000000,2270.00000000,0.06327978
234.00000000,2271.00000000,0.06382927
234.00000000,2272.00000000,0.06437996
234.00000000,2273.00000000,0.06493178
234.00000000,2274.00000000,0.06548470
234.00000000,2275.00000000,0.06609640
234.00000000,2276.00000000,0.06670942
234.00000000,2277.00000000,0.06732368
234.00000000,2278.00000000,0.06793921
234.00000000,2279.00000000,0.06855593
234.00000000,2280.00000000,0.06917375
234.00000000,2281.00000000,0.06979271
234.00000000,2282.00000000,0.07041267
234.00000000,2283.00000000,0.07103368
234.00000000,2284.00000000,0.07165563
234.00000000,2285.00000000,0.07227513
234.00000000,2286.00000000,0.07289551
234.00000000,2287.00000000,0.07351667
234.00000000,2288.00000000,0.07413851
234.00000000,2289.00000000,0.07476106
234.00000000,2290.00000000,0.07538423
234.00000000,2291.00000000,0.07600789
234.00000000,2292.00000000,0.07663209
234.00000000,2293.00000000,0.07725667
234.00000000,2294.00000000,0.07788152
234.00000000,2295.00000000,0.07837674
234.00000000,2296.00000000,0.07887168
234.00000000,2297.00000000,0.07936640
234.00000000,2298.00000000,0.07986081
234.00000000,2299.00000000,0.08035485
234.00000000,2300.00000000,0.08084857
234.00000000,2301.00000000,0.08134191
234.00000000,2302.00000000,0.08183476
234.00000000,2303.00000000,0.08232716
234.00000000,2304.00000000,0.08281901
234.00000000,2305.00000000,0.08319160
234.00000000,2306.00000000,0.08356327
234.00000000,2307.00000000,0.08393389
234.00000000,2308.00000000,0.08430355
234.00000000,2309.00000000,0.08467222
234.00000000,2310.00000000,0.08503983
234.00000000,2311.00000000,0.08540646
234.00000000,2312.00000000,0.08577206
234.00000000,2313.00000000,0.08613656
234.00000000,2314.00000000,0.08650002
234.00000000,2315.00000000,0.08679547
234.00000000,2316.00000000,0.08708958
234.00000000,2317.00000000,0.08738244
234.00000000,2318.00000000,0.08767397
234.00000000,2319.00000000,0.08796428
234.00000000,2320.00000000,0.08825331
234.00000000,2321.00000000,0.08854097
234.00000000,2322.00000000,0.08882741
234.00000000,2323.00000000,0.08911256
234.00000000,2324.00000000,0.08939632
234.00000000,2325.00000000,0.08960918
234.00000000,2326.00000000,0.08982056
234.00000000,2327.00000000,0.09003037
234.00000000,2328.00000000,0.09023877
234.00000000,2329.00000000,0.09044568
234.00000000,2330.00000000,0.09065106
234.00000000,2331.00000000,0.09085506
234.00000000,2332.00000000,0.09105753
234.00000000,2333.00000000,0.09125862
234.00000000,2334.00000000,0.09145823
234.00000000,2335.00000000,0.09160248
234.00000000,2336.00000000,0.09174523
234.00000000,2337.00000000,0.09188643
234.00000000,2338.00000000,0.09202600
234.00000000,2339.00000000,0.09216410
234.00000000,2340.00000000,0.09230066
234.00000000,2341.00000000,0.09243565
234.00000000,2342.00000000,0.09256919
234.00000000,2343.00000000,0.09270116
234.00000000,2344.00000000,0.09283171
234.00000000,2345.00000000,0.09296077
234.00000000,2346.00000000,0.09308827
234.00000000,2347.00000000,0.09321437
234.00000000,2348.00000000,0.09333901
234.00000000,2349.00000000,0.09346210
234.00000000,2350.00000000,0.09358381
234.00000000,2351.00000000,0.09370405
234.00000000,2352.00000000,0.09382279
234.00000000,2353.00000000,0.09394013
234.00000000,2354.00000000,0.09405605
234.00000000,2355.00000000,0.09417045
234.00000000,2356.00000000,0.09428350
234.00000000,2357.00000000,0.09439503
234.00000000,2358.00000000,0.09450520
234.00000000,2359.00000000,0.09461395
234.00000000,2360.00000000,0.09472119
234.00000000,2361.00000000,0.09482707
234.00000000,2362.00000000,0.09493154
234.00000000,2363.00000000,0.09503449
234.00000000,2364.00000000,0.09513609
234.00000000,2365.00000000,0.09523627
234.00000000,2366.00000000,0.09533491
234.00000000,2367.00000000,0.09543222
234.00000000,2368.00000000,0.09552798
234.00000000,2369.00000000,0.09562241
234.00000000,2370.00000000,0.09571540
234.00000000,2371.00000000,0.09580685
234.00000000,2372.00000000,0.09589696
234.00000000,2373.00000000,0.09598560
234.00000000,2374.00000000,0.09607268
234.00000000,2375.00000000,0.09615839
234.00000000,2376.00000000,0.09624263
234.00000000,2377.00000000,0.09632529
234.00000000,2378.00000000,0.09640657
234.00000000,2379.00000000,0.09648625
234.00000000,2380.00000000,0.09656450
234.00000000,2381.00000000,0.09664123
234.00000000,2382.00000000,0.09671633
234.00000000,2383.00000000,0.09678992
234.00000000,2384.00000000,0.09686187
234.00000000,2385.00000000,0.09655765
234.00000000,2386.00000000,0.09625146
234.00000000,2387.00000000,0.09594324
234.00000000,2388.00000000,0.09563295
234.00000000,2389.00000000,0.09532080
234.00000000,2390.00000000,0.09500677
234.00000000,2391.00000000,0.09469077
234.00000000,2392.00000000,0.09437305
234.00000000,2393.00000000,0.09405343
234.00000000,2394.00000000,0.09373215
234.00000000,2395.00000000,0.09340915
234.00000000,2396.00000000,0.09308438
234.00000000,2397.00000000,0.09275805
234.00000000,2398.00000000,0.09243010
234.00000000,2399.00000000,0.09210047
234.00000000,2400.00000000,0.09176939
234.00000000,2401.00000000,0.09143678
234.00000000,2402.00000000,0.09110261
234.00000000,2403.00000000,0.09076705
234.00000000,2404.00000000,0.09043000
234.00000000,2405.00000000,0.09009162
234.00000000,2406.00000000,0.08975189
234.00000000,2407.00000000,0.08941074
234.00000000,2408.00000000,0.08906834
234.00000000,2409.00000000,0.08872466
234.00000000,2410.00000000,0.08837966
234.00000000,2411.00000000,0.08803350
234.00000000,2412.00000000,0.08768613
234.00000000,2413.00000000,0.08733750
234.00000000,2414.00000000,0.08698780
234.00000000,2415.00000000,0.08663696
234.00000000,2416.00000000,0.08628494
234.00000000,2417.00000000,0.08593191
234.00000000,2418.00000000,0.08557775
234.00000000,2419.00000000,0.08522263
234.00000000,2420.00000000,0.08486650
234.00000000,2421.00000000,0.08450929
234.00000000,2422.00000000,0.08415117
234.00000000,2423.00000000,0.08379213
234.00000000,2424.00000000,0.08343207
234.00000000,2425.00000000,0.08307118
234.00000000,2426.00000000,0.08270939
234.00000000,2427.00000000,0.08234667
234.00000000,2428.00000000,0.08198318
234.00000000,2429.00000000,0.08161879
234.00000000,2430.00000000,0.08125366
234.00000000,2431.00000000,0.08088775
234.00000000,2432.00000000,0.08052098
234.00000000,2433.00000000,0.08015354
234.00000000,2434.00000000,0.07978536
234.00000000,2435.00000000,0.07941640
234.00000000,2436.00000000,0.07904681
234.00000000,2437.00000000,0.07867654
234.00000000,2438.00000000,0.07830554
234.00000000,2439.00000000,0.07793396
234.00000000,2440.00000000,0.07756175
234.00000000,2441.00000000,0.07718886
234.00000000,2442.00000000,0.07681544
234.00000000,2443.00000000,0.07644136
234.00000000,2444.00000000,0.07606680
234.00000000,2445.00000000,0.07569169
234.00000000,2446.00000000,0.07531598
234.00000000,2447.00000000,0.07493982
234.00000000,2448.00000000,0.07456316
234.00000000,2449.00000000,0.07418593
234.00000000,2450.00000000,0.07380830
234.00000000,2451.00000000,0.07343022
234.00000000,2452.00000000,0.07305162
234.00000000,2453.00000000,0.07267266
234.00000000,2454.00000000,0.07229322
234.00000000,2455.00000000,0.07191343
234.00000000,2456.00000000,0.07153326
234.00000000,2457.00000000,0.07115264
234.00000000,2458.00000000,0.07077173
234.00000000,2459.00000000,0.07039047
234.00000000,2460.00000000,0.07000880
234.00000000,2461.00000000,0.06962688
234.00000000,2462.00000000,0.06924467
234.00000000,2463.00000000,0.06886206
234.00000000,2464.00000000,0.06847926
234.00000000,2465.00000000,0.06809610
234.00000000,2466.00000000,0.06771277
234.00000000,2467.00000000,0.06732920
234.00000000,2468.00000000,0.06694531
234.00000000,2469.00000000,0.06656127
234.00000000,2470.00000000,0.06617704
234.00000000,2471.00000000,0.06579252
234.00000000,2472.00000000,0.06540790
234.00000000,2473.00000000,0.06502312
234.00000000,2474.00000000,0.06463809
234.00000000,2475.00000000,0.06425301
234.00000000,2476.00000000,0.06386778
234.00000000,2477.00000000,0.06348235
234.00000000,2478.00000000,0.06309689
234.00000000,2479.00000000,0.06271128
234.00000000,2480.00000000,0.06232566
234.00000000,2481.00000000,0.06193999
234.00000000,2482.00000000,0.06155424
234.00000000,2483.00000000,0.06124938
234.00000000,2484.00000000,0.06118237
234.00000000,2485.00000000,0.06118037
234.00000000,2486.00000000,0.06117856
234.00000000,2487.00000000,0.06117685
234.00000000,2488.00000000,0.06117515
234.00000000,2489.00000000,0.06117363
234.00000000,2490.00000000,0.06118230
234.00000000,2491.00000000,0.06119115
234.00000000,2492.00000000,0.06120010
234.00000000,2493.00000000,0.06120904
234.00000000,2494.00000000,0.06121814
234.00000000,2495.00000000,0.06120721
234.00000000,2496.00000000,0.06119624
234.00000000,2497.00000000,0.06118544
234.00000000,2498.00000000,0.06117470
234.00000000,2499.00000000,0.06116394
234.00000000,2500.00000000,0.06115332
235.00000000,1765.00000000,0.03803665
235.00000000,1766.00000000,0.03803669
235.00000000,1767.00000000,0.03803686
235.00000000,1768.00000000,0.03803689
235.00000000,1769.00000000,0.03803687
235.00000000,1770.00000000,0.03803716
235.00000000,1771.00000000,0.03803746
235.00000000,1772.00000000,0.03803790
235.00000000,1773.00000000,0.03803820
235.00000000,1774.00000000,0.03803862
235.00000000,1775.00000000,0.03803930
235.00000000,1776.00000000,0.03803976
235.00000000,1777.00000000,0.03804066
235.00000000,1778.00000000,0.03804124
235.00000000,1779.00000000,0.03804212
235.00000000,1780.00000000,0.03804321
235.00000000,1781.00000000,0.03804404
235.00000000,1782.00000000,0.03804512
235.00000000,1783.00000000,0.03804623
235.00000000,1784.00000000,0.03804741
235.00000000,1785.00000000,0.03804856
235.00000000,1786.00000000,0.03804988
235.00000000,1787.00000000,0.03805115
235.00000000,1788.00000000,0.03805252
235.00000000,1789.00000000,0.03805397
235.00000000,1790.00000000,0.03805543
235.00000000,1791.00000000,0.03805691
235.00000000,1792.00000000,0.03805851
235.00000000,1793.00000000,0.03805993
235.00000000,1794.00000000,0.03806148
235.00000000,1795.00000000,0.03806319
235.00000000,1796.00000000,0.03806482
235.00000000,1797.00000000,0.03806640
235.00000000,1798.00000000,0.03806823
235.00000000,1799.00000000,0.03806987
235.00000000,1800.00000000,0.03807167
235.00000000,1801.00000000,0.03807347
235.00000000,1802.00000000,0.03807522
235.00000000,1803.00000000,0.03807707
235.00000000,1804.00000000,0.03807888
235.00000000,1805.00000000,0.03808079
235.00000000,1806.00000000,0.03808267
235.00000000,1807.00000000,0.03808441
235.00000000,1808.00000000,0.03808640
235.00000000,1809.00000000,0.03808829
235.00000000,1810.00000000,0.03809019
235.00000000,1811.00000000,0.03809206
235.00000000,1812.00000000,0.03809396
235.00000000,1813.00000000,0.03809600
235.00000000,1814.00000000,0.03809790
235.00000000,1815.00000000,0.03809989
235.00000000,1816.00000000,0.03810181
235.00000000,1817.00000000,0.03810387
235.00000000,1818.00000000,0.03810581
235.00000000,1819.00000000,0.03810772
235.00000000,1820.00000000,0.03810974
235.00000000,1821.00000000,0.03811166
235.00000000,1822.00000000,0.03811372
235.00000000,1823.00000000,0.03811569
235.00000000,1824.00000000,0.03811760
235.00000000,1825.00000000,0.03811966
235.00000000,1826.00000000,0.03812156
235.00000000,1827.00000000,0.03812358
235.00000000,1828.00000000,0.03812557
235.00000000,1829.00000000,0.03812753
235.00000000,1830.00000000,0.03812947
235.00000000,1831.00000000,0.03813135
235.00000000,1832.00000000,0.03813328
235.00000000,1833.00000000,0.03813520
235.00000000,1834.00000000,0.03813711
235.00000000,1835.00000000,0.03813910
235.00000000,1836.00000000,0.03814097
235.00000000,1837.00000000,0.03814280
235.00000000,1838.00000000,0.03814467
235.00000000,1839.00000000,0.03814658
235.00000000,1840.00000000,0.03814836
235.00000000,1841.00000000,0.03815026
235.00000000,1842.00000000,0.03815200
235.00000000,1843.00000000,0.03815381
235.00000000,1844.00000000,0.03815565
235.00000000,1845.00000000,0.03815744
235.00000000,1846.00000000,0.03815916
235.00000000,1847.00000000,0.03816087
235.00000000,1848.00000000,0.03816259
235.00000000,1849.00000000,0.03816432
235.00000000,1850.00000000,0.03816601
235.00000000,1851.00000000,0.03816765
235.00000000,1852.00000000,0.03816925
235.00000000,1853.00000000,0.03817106
235.00000000,1854.00000000,0.03817289
235.00000000,1855.00000000,0.03817481
235.00000000,1856.00000000,0.03817645
235.00000000,1857.00000000,0.03817818
235.00000000,1858.00000000,0.03817988
235.00000000,1859.00000000,0.03818155
235.00000000,1860.00000000,0.03818313
235.00000000,1861.00000000,0.03818466
235.00000000,1862.00000000,0.03818617
235.00000000,1863.00000000,0.03818729
235.00000000,1864.00000000,0.03818816
235.00000000,1865.00000000,0.03818878
235.00000000,1866.00000000,0.03818929
235.00000000,1867.00000000,0.03818955
235.00000000,1868.00000000,0.03818973
235.00000000,1869.00000000,0.03818980
235.00000000,1870.00000000,0.03818964
235.00000000,1871.00000000,0.03818950
235.00000000,1872.00000000,0.03818943
235.00000000,1873.00000000,0.03818958
235.00000000,1874.00000000,0.03819010
235.00000000,1875.00000000,0.03819075
235.00000000,1876.00000000,0.03819146
235.00000000,1877.00000000,0.03819238
235.00000000,1878.00000000,0.03819339
235.00000000,1879.00000000,0.03819430
235.00000000,1880.00000000,0.03819533
235.00000000,1881.00000000,0.03819636
235.00000000,1882.00000000,0.03819740
235.00000000,1883.00000000,0.03819818
235.00000000,1884.00000000,0.03819882
235.00000000,1885.00000000,0.03819924
235.00000000,1886.00000000,0.03819965
235.00000000,1887.00000000,0.03819981
235.00000000,1888.00000000,0.03819994
235.00000000,1889.00000000,0.03819996
235.00000000,1890.00000000,0.03819991
235.00000000,1891.00000000,0.03819954
235.00000000,1892.00000000,0.03819906
235.00000000,1893.00000000,0.03819850
235.00000000,1894.00000000,0.03819791
235.00000000,1895.00000000,0.03819739
235.00000000,1896.00000000,0.03819691
235.00000000,1897.00000000,0.03819625
235.00000000,1898.00000000,0.03819565
235.00000000,1899.00000000,0.03819491
235.00000000,1900.00000000,0.03819399
235.00000000,1901.00000000,0.03819294
235.00000000,1902.00000000,0.03819196
235.00000000,1903.00000000,0.03819104
235.00000000,1904.00000000,0.03819012
235.00000000,1905.00000000,0.03818929
235.00000000,1906.00000000,0.03818853
235.00000000,1907.00000000,0.03818790
235.00000000,1908.00000000,0.03818719
235.00000000,1909.00000000,0.03818647
235.00000000,1910.00000000,0.03818573
235.00000000,1911.00000000,0.03818493
235.00000000,1912.00000000,0.03818374
235.00000000,1913.00000000,0.03818211
235.00000000,1914.00000000,0.03818005
235.00000000,1915.00000000,0.03817768
235.00000000,1916.00000000,0.03817526
235.00000000,1917.00000000,0.03817281
235.00000000,1918.00000000,0.03817031
235.00000000,1919.00000000,0.03816775
235.00000000,1920.00000000,0.03816547
235.00000000,1921.00000000,0.03816350
235.00000000,1922.00000000,0.03816201
235.00000000,1923.00000000,0.03816082
235.00000000,1924.00000000,0.03815966
235.00000000,1925.00000000,0.03815844
235.00000000,1926.00000000,0.03815715
235.00000000,1927.00000000,0.03815583
235.00000000,1928.00000000,0.03815454
235.00000000,1929.00000000,0.03815323
235.00000000,1930.00000000,0.03815200
235.00000000,1931.00000000,0.03815125
235.00000000,1932.00000000,0.03815114
235.00000000,1933.00000000,0.03815137
235.00000000,1934.00000000,0.03815184
235.00000000,1935.00000000,0.03815226
235.00000000,1936.00000000,0.03815246
235.00000000,1937.00000000,0.03815212
235.00000000,1938.00000000,0.03815110
235.00000000,1939.00000000,0.03814971
235.00000000,1940.00000000,0.03814784
235.00000000,1941.00000000,0.03814552
235.00000000,1942.00000000,0.03814265
235.00000000,1943.00000000,0.03813943
235.00000000,1944.00000000,0.03813583
235.00000000,1945.00000000,0.03813230
235.00000000,1946.00000000,0.03812919
235.00000000,1947.00000000,0.03812689
235.00000000,1948.00000000,0.03812501
235.00000000,1949.00000000,0.03812307
235.00000000,1950.00000000,0.03812109
235.00000000,1951.00000000,0.03811902
235.00000000,1952.00000000,0.03811731
235.00000000,1953.00000000,0.03811564
235.00000000,1954.00000000,0.03811397
235.00000000,1955.00000000,0.03811244
235.00000000,1956.00000000,0.03811089
235.00000000,1957.00000000,0.03810918
235.00000000,1958.00000000,0.03810719
235.00000000,1959.00000000,0.03810492
235.00000000,1960.00000000,0.03810167
235.00000000,1961.00000000,0.03809756
235.00000000,1962.00000000,0.03809297
235.00000000,1963.00000000,0.03808792
235.00000000,1964.00000000,0.03808228
235.00000000,1965.00000000,0.03807596
235.00000000,1966.00000000,0.03806889
235.00000000,1967.00000000,0.03806115
235.00000000,1968.00000000,0.03805264
235.00000000,1969.00000000,0.03804300
235.00000000,1970.00000000,0.03803214
235.00000000,1971.00000000,0.03801960
235.00000000,1972.00000000,0.03800492
235.00000000,1973.00000000,0.03798847
235.00000000,1974.00000000,0.03797053
235.00000000,1975.00000000,0.03795165
235.00000000,1976.00000000,0.03793253
235.00000000,1977.00000000,0.03791343
235.00000000,1978.00000000,0.03789423
235.00000000,1979.00000000,0.03787482
235.00000000,1980.00000000,0.03785503
235.00000000,1981.00000000,0.03783513
235.00000000,1982.00000000,0.03781618
235.00000000,1983.00000000,0.03779926
235.00000000,1984.00000000,0.03778436
235.00000000,1985.00000000,0.03777098
235.00000000,1986.00000000,0.03775847
235.00000000,1987.00000000,0.03774639
235.00000000,1988.00000000,0.03773433
235.00000000,1989.00000000,0.03772212
235.00000000,1990.00000000,0.03770960
235.00000000,1991.00000000,0.03769693
235.00000000,1992.00000000,0.03768450
235.00000000,1993.00000000,0.03767232
235.00000000,1994.00000000,0.03766067
235.00000000,1995.00000000,0.03764941
235.00000000,1996.00000000,0.03763823
235.00000000,1997.00000000,0.03762678
235.00000000,1998.00000000,0.03761498
235.00000000,1999.00000000,0.03760310
235.00000000,2000.00000000,0.03759129
235.00000000,2001.00000000,0.03758281
235.00000000,2002.00000000,0.03757062
235.00000000,2003.00000000,0.03755843
235.00000000,2004.00000000,0.03754573
235.00000000,2005.00000000,0.03753170
235.00000000,2006.00000000,0.03751687
235.00000000,2007.00000000,0.03749899
235.00000000,2008.00000000,0.03747935
235.00000000,2009.00000000,0.03745812
235.00000000,2010.00000000,0.03743551
235.00000000,2011.00000000,0.03741158
235.00000000,2012.00000000,0.03738638
235.00000000,2013.00000000,0.03735988
235.00000000,2014.00000000,0.03733206
235.00000000,2015.00000000,0.03730290
235.00000000,2016.00000000,0.03727365
235.00000000,2017.00000000,0.03724200
235.00000000,2018.00000000,0.03720919
235.00000000,2019.00000000,0.03717528
235.00000000,2020.00000000,0.03714029
235.00000000,2021.00000000,0.03710434
235.00000000,2022.00000000,0.03706757
235.00000000,2023.00000000,0.03702999
235.00000000,2024.00000000,0.03699180
235.00000000,2025.00000000,0.03695304
235.00000000,2026.00000000,0.03691494
235.00000000,2027.00000000,0.03687524
235.00000000,2028.00000000,0.03683512
235.00000000,2029.00000000,0.03679467
235.00000000,2030.00000000,0.03675383
235.00000000,2031.00000000,0.03671266
235.00000000,2032.00000000,0.03667222
235.00000000,2033.00000000,0.03663013
235.00000000,2034.00000000,0.03658739
235.00000000,2035.00000000,0.03654517
235.00000000,2036.00000000,0.03650115
235.00000000,2037.00000000,0.03645871
235.00000000,2038.00000000,0.03641226
235.00000000,2039.00000000,0.03636628
235.00000000,2040.00000000,0.03631976
235.00000000,2041.00000000,0.03627376
235.00000000,2042.00000000,0.03622593
235.00000000,2043.00000000,0.03617738
235.00000000,2044.00000000,0.03612802
235.00000000,2045.00000000,0.03607783
235.00000000,2046.00000000,0.03602795
235.00000000,2047.00000000,0.03597617
235.00000000,2048.00000000,0.03592357
235.00000000,2049.00000000,0.03587030
235.00000000,2050.00000000,0.03581739
235.00000000,2051.00000000,0.03576386
235.00000000,2052.00000000,0.03570970
235.00000000,2053.00000000,0.03565383
235.00000000,2054.00000000,0.03559747
235.00000000,2055.00000000,0.03554058
235.00000000,2056.00000000,0.03548321
235.00000000,2057.00000000,0.03542652
235.00000000,2058.00000000,0.03536943
235.00000000,2059.00000000,0.03531080
235.00000000,2060.00000000,0.03525295
235.00000000,2061.00000000,0.03519375
235.00000000,2062.00000000,0.03513555
235.00000000,2063.00000000,0.03507653
235.00000000,2064.00000000,0.03501784
235.00000000,2065.00000000,0.03496616
235.00000000,2066.00000000,0.03490747
235.00000000,2067.00000000,0.03485036
235.00000000,2068.00000000,0.03479494
235.00000000,2069.00000000,0.03473898
235.00000000,2070.00000000,0.03468457
235.00000000,2071.00000000,0.03463397
235.00000000,2072.00000000,0.03457980
235.00000000,2073.00000000,0.03452755
235.00000000,2074.00000000,0.03447633
235.00000000,2075.00000000,0.03442715
235.00000000,2076.00000000,0.03437799
235.00000000,2077.00000000,0.03433089
235.00000000,2078.00000000,0.03428370
235.00000000,2079.00000000,0.03423850
235.00000000,2080.00000000,0.03419631
235.00000000,2081.00000000,0.03415073
235.00000000,2082.00000000,0.03410926
235.00000000,2083.00000000,0.03406668
235.00000000,2084.00000000,0.03402717
235.00000000,2085.00000000,0.03398974
235.00000000,2086.00000000,0.03394908
235.00000000,2087.00000000,0.03391254
235.00000000,2088.00000000,0.03387585
235.00000000,2089.00000000,0.03384828
235.00000000,2090.00000000,0.03381319
235.00000000,2091.00000000,0.03378199
235.00000000,2092.00000000,0.03374745
235.00000000,2093.00000000,0.03371387
235.00000000,2094.00000000,0.03368537
235.00000000,2095.00000000,0.03366088
235.00000000,2096.00000000,0.03363318
235.00000000,2097.00000000,0.03360429
235.00000000,2098.00000000,0.03358139
235.00000000,2099.00000000,0.03356042
235.00000000,2100.00000000,0.03353923
235.00000000,2101.00000000,0.03351481
235.00000000,2102.00000000,0.03349668
235.00000000,2103.00000000,0.03347622
235.00000000,2104.00000000,0.03345889
235.00000000,2105.00000000,0.03344057
235.00000000,2106.00000000,0.03342737
235.00000000,2107.00000000,0.03342342
235.00000000,2108.00000000,0.03341426
235.00000000,2109.00000000,0.03338447
235.00000000,2110.00000000,0.03338006
235.00000000,2111.00000000,0.03336517
235.00000000,2112.00000000,0.03335108
235.00000000,2113.00000000,0.03333617
235.00000000,2114.00000000,0.03333468
235.00000000,2115.00000000,0.03334614
235.00000000,2116.00000000,0.03333889
235.00000000,2117.00000000,0.03333833
235.00000000,2118.00000000,0.03334143
235.00000000,2119.00000000,0.03333192
235.00000000,2120.00000000,0.03332196
235.00000000,2121.00000000,0.03331464
235.00000000,2122.00000000,0.03331807
235.00000000,2123.00000000,0.03334027
235.00000000,2124.00000000,0.03333063
235.00000000,2125.00000000,0.03335089
235.00000000,2126.00000000,0.03335856
235.00000000,2127.00000000,0.03335260
235.00000000,2128.00000000,0.03334111
235.00000000,2129.00000000,0.03334741
235.00000000,2130.00000000,0.03336439
235.00000000,2131.00000000,0.03337180
235.00000000,2132.00000000,0.03338790
235.00000000,2133.00000000,0.03340861
235.00000000,2134.00000000,0.03344703
235.00000000,2135.00000000,0.03347091
235.00000000,2136.00000000,0.03348622
235.00000000,2137.00000000,0.03349809
235.00000000,2138.00000000,0.03354781
235.00000000,2139.00000000,0.03355364
235.00000000,2140.00000000,0.03359223
235.00000000,2141.00000000,0.03363632
235.00000000,2142.00000000,0.03371400
235.00000000,2143.00000000,0.03368023
235.00000000,2144.00000000,0.03371626
235.00000000,2145.00000000,0.03375157
235.00000000,2146.00000000,0.03377005
235.00000000,2147.00000000,0.03381496
235.00000000,2148.00000000,0.03388125
235.00000000,2149.00000000,0.03378988
235.00000000,2150.00000000,0.03378030
235.00000000,2151.00000000,0.03384677
235.00000000,2152.00000000,0.03390527
235.00000000,2153.00000000,0.03389187
235.00000000,2154.00000000,0.03376865
235.00000000,2155.00000000,0.03390477
235.00000000,2156.00000000,0.03378647
235.00000000,2157.00000000,0.03384216
235.00000000,2158.00000000,0.03398339
235.00000000,2159.00000000,0.03399378
235.00000000,2160.00000000,0.03402519
235.00000000,2161.00000000,0.03405438
235.00000000,2162.00000000,0.03415690
235.00000000,2163.00000000,0.03418460
235.00000000,2164.00000000,0.03429149
235.00000000,2165.00000000,0.03422647
235.00000000,2166.00000000,0.03414152
235.00000000,2167.00000000,0.03407806
235.00000000,2168.00000000,0.03415657
235.00000000,2169.00000000,0.03427124
235.00000000,2170.00000000,0.03436140
235.00000000,2171.00000000,0.03450297
235.00000000,2172.00000000,0.03462194
235.00000000,2173.00000000,0.03459448
235.00000000,2174.00000000,0.03468726
235.00000000,2175.00000000,0.03483961
235.00000000,2176.00000000,0.03492050
235.00000000,2177.00000000,0.03497548
235.00000000,2178.00000000,0.03507375
235.00000000,2179.00000000,0.03511548
235.00000000,2180.00000000,0.03493912
235.00000000,2181.00000000,0.03507183
235.00000000,2182.00000000,0.03528442
235.00000000,2183.00000000,0.03542030
235.00000000,2184.00000000,0.03542783
235.00000000,2185.00000000,0.03570533
235.00000000,2186.00000000,0.03591014
235.00000000,2187.00000000,0.03600374
235.00000000,2188.00000000,0.03611655
235.00000000,2189.00000000,0.03620943
235.00000000,2190.00000000,0.03646332
235.00000000,2191.00000000,0.03667483
235.00000000,2192.00000000,0.03684368
235.00000000,2193.00000000,0.03698104
235.00000000,2194.00000000,0.03719488
235.00000000,2195.00000000,0.03739286
235.00000000,2196.00000000,0.03749059
235.00000000,2197.00000000,0.03768287
235.00000000,2198.00000000,0.03792105
235.00000000,2199.00000000,0.03817391
235.00000000,2200.00000000,0.03840476
235.00000000,2201.00000000,0.03866181
235.00000000,2202.00000000,0.03886411
235.00000000,2203.00000000,0.03914308
235.00000000,2204.00000000,0.03946114
235.00000000,2205.00000000,0.03984904
235.00000000,2206.00000000,0.04011119
235.00000000,2207.00000000,0.04038906
235.00000000,2208.00000000,0.04074111
235.00000000,2209.00000000,0.04085384
235.00000000,2210.00000000,0.04092748
235.00000000,2211.00000000,0.04131937
235.00000000,2212.00000000,0.04158322
235.00000000,2213.00000000,0.04177391
235.00000000,2214.00000000,0.04218702
235.00000000,2215.00000000,0.04224017
235.00000000,2216.00000000,0.04217687
235.00000000,2217.00000000,0.04224685
235.00000000,2218.00000000,0.04234406
235.00000000,2219.00000000,0.04265598
235.00000000,2220.00000000,0.04294193
235.00000000,2221.00000000,0.04324305
235.00000000,2222.00000000,0.04352123
235.00000000,2223.00000000,0.04387555
235.00000000,2224.00000000,0.04413805
235.00000000,2225.00000000,0.04432556
235.00000000,2226.00000000,0.04455394
235.00000000,2227.00000000,0.04455518
235.00000000,2228.00000000,0.04469256
235.00000000,2229.00000000,0.04495499
235.00000000,2230.00000000,0.04523270
235.00000000,2231.00000000,0.04552131
235.00000000,2232.00000000,0.04577987
235.00000000,2233.00000000,0.04588463
235.00000000,2234.00000000,0.04600428
235.00000000,2235.00000000,0.04633246
235.00000000,2236.00000000,0.04665772
235.00000000,2237.00000000,0.04686489
235.00000000,2238.00000000,0.04739389
235.00000000,2239.00000000,0.04798180
235.00000000,2240.00000000,0.04847559
235.00000000,2241.00000000,0.04884977
235.00000000,2242.00000000,0.04922708
235.00000000,2243.00000000,0.04960761
235.00000000,2244.00000000,0.04999104
235.00000000,2245.00000000,0.05037741
235.00000000,2246.00000000,0.05084712
235.00000000,2247.00000000,0.05132025
235.00000000,2248.00000000,0.05179684
235.00000000,2249.00000000,0.05227680
235.00000000,2250.00000000,0.05275975
235.00000000,2251.00000000,0.05324504
235.00000000,2252.00000000,0.05373197
235.00000000,2253.00000000,0.05422012
235.00000000,2254.00000000,0.05470932
235.00000000,2255.00000000,0.05519942
235.00000000,2256.00000000,0.05565394
235.00000000,2257.00000000,0.05610911
235.00000000,2258.00000000,0.05656485
235.00000000,2259.00000000,0.05702120
235.00000000,2260.00000000,0.05747817
235.00000000,2261.00000000,0.05793574
235.00000000,2262.00000000,0.05839406
235.00000000,2263.00000000,0.05885316
235.00000000,2264.00000000,0.05931307
235.00000000,2265.00000000,0.05977390
235.00000000,2266.00000000,0.06031297
235.00000000,2267.00000000,0.06085327
235.00000000,2268.00000000,0.06139486
235.00000000,2269.00000000,0.06193768
235.00000000,2270.00000000,0.06248169
235.00000000,2271.00000000,0.06302692
235.00000000,2272.00000000,0.06357330
235.00000000,2273.00000000,0.06412089
235.00000000,2274.00000000,0.06466963
235.00000000,2275.00000000,0.06521948
235.00000000,2276.00000000,0.06582788
235.00000000,2277.00000000,0.06643762
235.00000000,2278.00000000,0.06704861
235.00000000,2279.00000000,0.06766089
235.00000000,2280.00000000,0.06827436
235.00000000,2281.00000000,0.06888895
235.00000000,2282.00000000,0.06950468
235.00000000,2283.00000000,0.07012143
235.00000000,2284.00000000,0.07073922
235.00000000,2285.00000000,0.07135798
235.00000000,2286.00000000,0.07197430
235.00000000,2287.00000000,0.07259152
235.00000000,2288.00000000,0.07320952
235.00000000,2289.00000000,0.07382821
235.00000000,2290.00000000,0.07444762
235.00000000,2291.00000000,0.07506766
235.00000000,2292.00000000,0.07568820
235.00000000,2293.00000000,0.07630927
235.00000000,2294.00000000,0.07693075
235.00000000,2295.00000000,0.07755251
235.00000000,2296.00000000,0.07804520
235.00000000,2297.00000000,0.07853760
235.00000000,2298.00000000,0.07902980
235.00000000,2299.00000000,0.07952171
235.00000000,2300.00000000,0.08001326
235.00000000,2301.00000000,0.08050451
235.00000000,2302.00000000,0.08099536
235.00000000,2303.00000000,0.08148574
235.00000000,2304.00000000,0.08197567
235.00000000,2305.00000000,0.08246507
235.00000000,2306.00000000,0.08283573
235.00000000,2307.00000000,0.08320546
235.00000000,2308.00000000,0.08357417
235.00000000,2309.00000000,0.08394195
235.00000000,2310.00000000,0.08430872
235.00000000,2311.00000000,0.08467446
235.00000000,2312.00000000,0.08503924
235.00000000,2313.00000000,0.08540298
235.00000000,2314.00000000,0.08576564
235.00000000,2315.00000000,0.08612729
235.00000000,2316.00000000,0.08642120
235.00000000,2317.00000000,0.08671379
235.00000000,2318.00000000,0.08700517
235.00000000,2319.00000000,0.08729521
235.00000000,2320.00000000,0.08758403
235.00000000,2321.00000000,0.08787159
235.00000000,2322.00000000,0.08815781
235.00000000,2323.00000000,0.08844280
235.00000000,2324.00000000,0.08872651
235.00000000,2325.00000000,0.08900885
235.00000000,2326.00000000,0.08922062
235.00000000,2327.00000000,0.08943088
235.00000000,2328.00000000,0.08963961
235.00000000,2329.00000000,0.08984693
235.00000000,2330.00000000,0.09005279
235.00000000,2331.00000000,0.09025712
235.00000000,2332.00000000,0.09046006
235.00000000,2333.00000000,0.09066150
235.00000000,2334.00000000,0.09086156
235.00000000,2335.00000000,0.09106018
235.00000000,2336.00000000,0.09120366
235.00000000,2337.00000000,0.09134566
235.00000000,2338.00000000,0.09148609
235.00000000,2339.00000000,0.09162492
235.00000000,2340.00000000,0.09176230
235.00000000,2341.00000000,0.09189815
235.00000000,2342.00000000,0.09203243
235.00000000,2343.00000000,0.09216527
235.00000000,2344.00000000,0.09229655
235.00000000,2345.00000000,0.09242642
235.00000000,2346.00000000,0.09255479
235.00000000,2347.00000000,0.09268164
235.00000000,2348.00000000,0.09280708
235.00000000,2349.00000000,0.09293107
235.00000000,2350.00000000,0.09305352
235.00000000,2351.00000000,0.09317460
235.00000000,2352.00000000,0.09329424
235.00000000,2353.00000000,0.09341235
235.00000000,2354.00000000,0.09352912
235.00000000,2355.00000000,0.09364445
235.00000000,2356.00000000,0.09375826
235.00000000,2357.00000000,0.09387073
235.00000000,2358.00000000,0.09398168
235.00000000,2359.00000000,0.09409130
235.00000000,2360.00000000,0.09419951
235.00000000,2361.00000000,0.09430618
235.00000000,2362.00000000,0.09441154
235.00000000,2363.00000000,0.09451548
235.00000000,2364.00000000,0.09461789
235.00000000,2365.00000000,0.09471898
235.00000000,2366.00000000,0.09481865
235.00000000,2367.00000000,0.09491680
235.00000000,2368.00000000,0.09501361
235.00000000,2369.00000000,0.09510889
235.00000000,2370.00000000,0.09520284
235.00000000,2371.00000000,0.09529536
235.00000000,2372.00000000,0.09538634
235.00000000,2373.00000000,0.09547597
235.00000000,2374.00000000,0.09556416
235.00000000,2375.00000000,0.09565081
235.00000000,2376.00000000,0.09573608
235.00000000,2377.00000000,0.09581989
235.00000000,2378.00000000,0.09590213
235.00000000,2379.00000000,0.09598298
235.00000000,2380.00000000,0.09606226
235.00000000,2381.00000000,0.09614011
235.00000000,2382.00000000,0.09621644
235.00000000,2383.00000000,0.09629114
235.00000000,2384.00000000,0.09636437
235.00000000,2385.00000000,0.09643594
235.00000000,2386.00000000,0.09613300
235.00000000,2387.00000000,0.09582809
235.00000000,2388.00000000,0.09552118
235.00000000,2389.00000000,0.09521220
235.00000000,2390.00000000,0.09490137
235.00000000,2391.00000000,0.09458867
235.00000000,2392.00000000,0.09427400
235.00000000,2393.00000000,0.09395761
235.00000000,2394.00000000,0.09363936
235.00000000,2395.00000000,0.09331944
235.00000000,2396.00000000,0.09299781
235.00000000,2397.00000000,0.09267442
235.00000000,2398.00000000,0.09234946
235.00000000,2399.00000000,0.09202291
235.00000000,2400.00000000,0.09169469
235.00000000,2401.00000000,0.09136502
235.00000000,2402.00000000,0.09103382
235.00000000,2403.00000000,0.09070108
235.00000000,2404.00000000,0.09036695
235.00000000,2405.00000000,0.09003134
235.00000000,2406.00000000,0.08969441
235.00000000,2407.00000000,0.08935613
235.00000000,2408.00000000,0.08901644
235.00000000,2409.00000000,0.08867551
235.00000000,2410.00000000,0.08833331
235.00000000,2411.00000000,0.08798978
235.00000000,2412.00000000,0.08764511
235.00000000,2413.00000000,0.08729923
235.00000000,2414.00000000,0.08695210
235.00000000,2415.00000000,0.08660390
235.00000000,2416.00000000,0.08625457
235.00000000,2417.00000000,0.08590406
235.00000000,2418.00000000,0.08555255
235.00000000,2419.00000000,0.08519992
235.00000000,2420.00000000,0.08484631
235.00000000,2421.00000000,0.08449170
235.00000000,2422.00000000,0.08413603
235.00000000,2423.00000000,0.08377946
235.00000000,2424.00000000,0.08342195
235.00000000,2425.00000000,0.08306344
235.00000000,2426.00000000,0.08270411
235.00000000,2427.00000000,0.08234388
235.00000000,2428.00000000,0.08198273
235.00000000,2429.00000000,0.08162079
235.00000000,2430.00000000,0.08125797
235.00000000,2431.00000000,0.08089441
235.00000000,2432.00000000,0.08053007
235.00000000,2433.00000000,0.08016489
235.00000000,2434.00000000,0.07979903
235.00000000,2435.00000000,0.07943245
235.00000000,2436.00000000,0.07906507
235.00000000,2437.00000000,0.07869708
235.00000000,2438.00000000,0.07832841
235.00000000,2439.00000000,0.07795900
235.00000000,2440.00000000,0.07758902
235.00000000,2441.00000000,0.07721843
235.00000000,2442.00000000,0.07684713
235.00000000,2443.00000000,0.07647533
235.00000000,2444.00000000,0.07610288
235.00000000,2445.00000000,0.07572994
235.00000000,2446.00000000,0.07535645
235.00000000,2447.00000000,0.07498235
235.00000000,2448.00000000,0.07460782
235.00000000,2449.00000000,0.07423279
235.00000000,2450.00000000,0.07385719
235.00000000,2451.00000000,0.07348120
235.00000000,2452.00000000,0.07310476
235.00000000,2453.00000000,0.07272779
235.00000000,2454.00000000,0.07235047
235.00000000,2455.00000000,0.07197265
235.00000000,2456.00000000,0.07159452
235.00000000,2457.00000000,0.07121599
235.00000000,2458.00000000,0.07083702
235.00000000,2459.00000000,0.07045776
235.00000000,2460.00000000,0.07007815
235.00000000,2461.00000000,0.06969813
235.00000000,2462.00000000,0.06931786
235.00000000,2463.00000000,0.06893729
235.00000000,2464.00000000,0.06855635
235.00000000,2465.00000000,0.06817521
235.00000000,2466.00000000,0.06779371
235.00000000,2467.00000000,0.06741204
235.00000000,2468.00000000,0.06703013
235.00000000,2469.00000000,0.06664791
235.00000000,2470.00000000,0.06626554
235.00000000,2471.00000000,0.06588297
235.00000000,2472.00000000,0.06550013
235.00000000,2473.00000000,0.06511718
235.00000000,2474.00000000,0.06473407
235.00000000,2475.00000000,0.06435071
235.00000000,2476.00000000,0.06396730
235.00000000,2477.00000000,0.06358374
235.00000000,2478.00000000,0.06319999
235.00000000,2479.00000000,0.06281621
235.00000000,2480.00000000,0.06243227
235.00000000,2481.00000000,0.06204833
235.00000000,2482.00000000,0.06166434
235.00000000,2483.00000000,0.06128027
235.00000000,2484.00000000,0.06097673
235.00000000,2485.00000000,0.06090998
235.00000000,2486.00000000,0.06090795
235.00000000,2487.00000000,0.06090611
235.00000000,2488.00000000,0.06090437
235.00000000,2489.00000000,0.06090264
235.00000000,2490.00000000,0.06090110
235.00000000,2491.00000000,0.06090970
235.00000000,2492.00000000,0.06091847
235.00000000,2493.00000000,0.06092734
235.00000000,2494.00000000,0.06093620
235.00000000,2495.00000000,0.06094523
235.00000000,2496.00000000,0.06093430
235.00000000,2497.00000000,0.06092334
235.00000000,2498.00000000,0.06091255
235.00000000,2499.00000000,0.06090182
235.00000000,2500.00000000,0.06089106
236.00000000,1765.00000000,0.03781884
236.00000000,1766.00000000,0.03781883
236.00000000,1767.00000000,0.03781889
236.00000000,1768.00000000,0.03781910
236.00000000,1769.00000000,0.03781919
236.00000000,1770.00000000,0.03781923
236.00000000,1771.00000000,0.03781960
236.00000000,1772.00000000,0.03781997
236.00000000,1773.00000000,0.03782048
236.00000000,1774.00000000,0.03782085
236.00000000,1775.00000000,0.03782135
236.00000000,1776.00000000,0.03782209
236.00000000,1777.00000000,0.03782262
236.00000000,1778.00000000,0.03782358
236.00000000,1779.00000000,0.03782423
236.00000000,1780.00000000,0.03782518
236.00000000,1781.00000000,0.03782632
236.00000000,1782.00000000,0.03782721
236.00000000,1783.00000000,0.03782834
236.00000000,1784.00000000,0.03782949
236.00000000,1785.00000000,0.03783072
236.00000000,1786.00000000,0.03783192
236.00000000,1787.00000000,0.03783328
236.00000000,1788.00000000,0.03783458
236.00000000,1789.00000000,0.03783599
236.00000000,1790.00000000,0.03783748
236.00000000,1791.00000000,0.03783897
236.00000000,1792.00000000,0.03784048
236.00000000,1793.00000000,0.03784210
236.00000000,1794.00000000,0.03784355
236.00000000,1795.00000000,0.03784512
236.00000000,1796.00000000,0.03784685
236.00000000,1797.00000000,0.03784851
236.00000000,1798.00000000,0.03785010
236.00000000,1799.00000000,0.03785194
236.00000000,1800.00000000,0.03785360
236.00000000,1801.00000000,0.03785541
236.00000000,1802.00000000,0.03785721
236.00000000,1803.00000000,0.03785897
236.00000000,1804.00000000,0.03786082
236.00000000,1805.00000000,0.03786265
236.00000000,1806.00000000,0.03786456
236.00000000,1807.00000000,0.03786644
236.00000000,1808.00000000,0.03786818
236.00000000,1809.00000000,0.03787018
236.00000000,1810.00000000,0.03787207
236.00000000,1811.00000000,0.03787398
236.00000000,1812.00000000,0.03787584
236.00000000,1813.00000000,0.03787774
236.00000000,1814.00000000,0.03787977
236.00000000,1815.00000000,0.03788167
236.00000000,1816.00000000,0.03788365
236.00000000,1817.00000000,0.03788557
236.00000000,1818.00000000,0.03788761
236.00000000,1819.00000000,0.03788954
236.00000000,1820.00000000,0.03789145
236.00000000,1821.00000000,0.03789345
236.00000000,1822.00000000,0.03789537
236.00000000,1823.00000000,0.03789742
236.00000000,1824.00000000,0.03789937
236.00000000,1825.00000000,0.03790128
236.00000000,1826.00000000,0.03790332
236.00000000,1827.00000000,0.03790520
236.00000000,1828.00000000,0.03790721
236.00000000,1829.00000000,0.03790919
236.00000000,1830.00000000,0.03791113
236.00000000,1831.00000000,0.03791304
236.00000000,1832.00000000,0.03791490
236.00000000,1833.00000000,0.03791680
236.00000000,1834.00000000,0.03791870
236.00000000,1835.00000000,0.03792060
236.00000000,1836.00000000,0.03792257
236.00000000,1837.00000000,0.03792442
236.00000000,1838.00000000,0.03792622
236.00000000,1839.00000000,0.03792807
236.00000000,1840.00000000,0.03792995
236.00000000,1841.00000000,0.03793171
236.00000000,1842.00000000,0.03793358
236.00000000,1843.00000000,0.03793530
236.00000000,1844.00000000,0.03793709
236.00000000,1845.00000000,0.03793890
236.00000000,1846.00000000,0.03794066
236.00000000,1847.00000000,0.03794236
236.00000000,1848.00000000,0.03794404
236.00000000,1849.00000000,0.03794573
236.00000000,1850.00000000,0.03794743
236.00000000,1851.00000000,0.03794908
236.00000000,1852.00000000,0.03795068
236.00000000,1853.00000000,0.03795244
236.00000000,1854.00000000,0.03795431
236.00000000,1855.00000000,0.03795611
236.00000000,1856.00000000,0.03795795
236.00000000,1857.00000000,0.03795953
236.00000000,1858.00000000,0.03796121
236.00000000,1859.00000000,0.03796286
236.00000000,1860.00000000,0.03796449
236.00000000,1861.00000000,0.03796602
236.00000000,1862.00000000,0.03796744
236.00000000,1863.00000000,0.03796861
236.00000000,1864.00000000,0.03796945
236.00000000,1865.00000000,0.03797011
236.00000000,1866.00000000,0.03797055
236.00000000,1867.00000000,0.03797090
236.00000000,1868.00000000,0.03797101
236.00000000,1869.00000000,0.03797106
236.00000000,1870.00000000,0.03797100
236.00000000,1871.00000000,0.03797074
236.00000000,1872.00000000,0.03797067
236.00000000,1873.00000000,0.03797095
236.00000000,1874.00000000,0.03797135
236.00000000,1875.00000000,0.03797203
236.00000000,1876.00000000,0.03797281
236.00000000,1877.00000000,0.03797361
236.00000000,1878.00000000,0.03797459
236.00000000,1879.00000000,0.03797566
236.00000000,1880.00000000,0.03797659
236.00000000,1881.00000000,0.03797761
236.00000000,1882.00000000,0.03797864
236.00000000,1883.00000000,0.03797943
236.00000000,1884.00000000,0.03798001
236.00000000,1885.00000000,0.03798051
236.00000000,1886.00000000,0.03798082
236.00000000,1887.00000000,0.03798115
236.00000000,1888.00000000,0.03798121
236.00000000,1889.00000000,0.03798120
236.00000000,1890.00000000,0.03798105
236.00000000,1891.00000000,0.03798082
236.00000000,1892.00000000,0.03798029
236.00000000,1893.00000000,0.03797974
236.00000000,1894.00000000,0.03797917
236.00000000,1895.00000000,0.03797862
236.00000000,1896.00000000,0.03797811
236.00000000,1897.00000000,0.03797760
236.00000000,1898.00000000,0.03797688
236.00000000,1899.00000000,0.03797618
236.00000000,1900.00000000,0.03797528
236.00000000,1901.00000000,0.03797422
236.00000000,1902.00000000,0.03797323
236.00000000,1903.00000000,0.03797229
236.00000000,1904.00000000,0.03797143
236.00000000,1905.00000000,0.03797060
236.00000000,1906.00000000,0.03796988
236.00000000,1907.00000000,0.03796918
236.00000000,1908.00000000,0.03796851
236.00000000,1909.00000000,0.03796775
236.00000000,1910.00000000,0.03796705
236.00000000,1911.00000000,0.03796623
236.00000000,1912.00000000,0.03796510
236.00000000,1913.00000000,0.03796346
236.00000000,1914.00000000,0.03796135
236.00000000,1915.00000000,0.03795905
236.00000000,1916.00000000,0.03795666
236.00000000,1917.00000000,0.03795421
236.00000000,1918.00000000,0.03795167
236.00000000,1919.00000000,0.03794920
236.00000000,1920.00000000,0.03794691
236.00000000,1921.00000000,0.03794495
236.00000000,1922.00000000,0.03794343
236.00000000,1923.00000000,0.03794227
236.00000000,1924.00000000,0.03794113
236.00000000,1925.00000000,0.03793989
236.00000000,1926.00000000,0.03793863
236.00000000,1927.00000000,0.03793732
236.00000000,1928.00000000,0.03793605
236.00000000,1929.00000000,0.03793472
236.00000000,1930.00000000,0.03793349
236.00000000,1931.00000000,0.03793276
236.00000000,1932.00000000,0.03793265
236.00000000,1933.00000000,0.03793287
236.00000000,1934.00000000,0.03793336
236.00000000,1935.00000000,0.03793378
236.00000000,1936.00000000,0.03793391
236.00000000,1937.00000000,0.03793362
236.00000000,1938.00000000,0.03793263
236.00000000,1939.00000000,0.03793116
236.00000000,1940.00000000,0.03792942
236.00000000,1941.00000000,0.03792704
236.00000000,1942.00000000,0.03792417
236.00000000,1943.00000000,0.03792098
236.00000000,1944.00000000,0.03791749
236.00000000,1945.00000000,0.03791387
236.00000000,1946.00000000,0.03791082
236.00000000,1947.00000000,0.03790852
236.00000000,1948.00000000,0.03790662
236.00000000,1949.00000000,0.03790475
236.00000000,1950.00000000,0.03790276
236.00000000,1951.00000000,0.03790069
236.00000000,1952.00000000,0.03789897
236.00000000,1953.00000000,0.03789736
236.00000000,1954.00000000,0.03789567
236.00000000,1955.00000000,0.03789412
236.00000000,1956.00000000,0.03789259
236.00000000,1957.00000000,0.03789087
236.00000000,1958.00000000,0.03788893
236.00000000,1959.00000000,0.03788664
236.00000000,1960.00000000,0.03788343
236.00000000,1961.00000000,0.03787932
236.00000000,1962.00000000,0.03787476
236.00000000,1963.00000000,0.03786972
236.00000000,1964.00000000,0.03786413
236.00000000,1965.00000000,0.03785782
236.00000000,1966.00000000,0.03785081
236.00000000,1967.00000000,0.03784311
236.00000000,1968.00000000,0.03783462
236.00000000,1969.00000000,0.03782506
236.00000000,1970.00000000,0.03781423
236.00000000,1971.00000000,0.03780174
236.00000000,1972.00000000,0.03778719
236.00000000,1973.00000000,0.03777078
236.00000000,1974.00000000,0.03775293
236.00000000,1975.00000000,0.03773419
236.00000000,1976.00000000,0.03771514
236.00000000,1977.00000000,0.03769616
236.00000000,1978.00000000,0.03767703
236.00000000,1979.00000000,0.03765774
236.00000000,1980.00000000,0.03763806
236.00000000,1981.00000000,0.03761824
236.00000000,1982.00000000,0.03759939
236.00000000,1983.00000000,0.03758255
236.00000000,1984.00000000,0.03756772
236.00000000,1985.00000000,0.03755441
236.00000000,1986.00000000,0.03754195
236.00000000,1987.00000000,0.03752990
236.00000000,1988.00000000,0.03751791
236.00000000,1989.00000000,0.03750574
236.00000000,1990.00000000,0.03749328
236.00000000,1991.00000000,0.03748065
236.00000000,1992.00000000,0.03746826
236.00000000,1993.00000000,0.03745613
236.00000000,1994.00000000,0.03744450
236.00000000,1995.00000000,0.03743328
236.00000000,1996.00000000,0.03742211
236.00000000,1997.00000000,0.03741069
236.00000000,1998.00000000,0.03739891
236.00000000,1999.00000000,0.03738704
236.00000000,2000.00000000,0.03737524
236.00000000,2001.00000000,0.03736333
236.00000000,2002.00000000,0.03735460
236.00000000,2003.00000000,0.03734245
236.00000000,2004.00000000,0.03732972
236.00000000,2005.00000000,0.03731573
236.00000000,2006.00000000,0.03729981
236.00000000,2007.00000000,0.03728309
236.00000000,2008.00000000,0.03726352
236.00000000,2009.00000000,0.03724238
236.00000000,2010.00000000,0.03721983
236.00000000,2011.00000000,0.03719600
236.00000000,2012.00000000,0.03717091
236.00000000,2013.00000000,0.03714450
236.00000000,2014.00000000,0.03711679
236.00000000,2015.00000000,0.03708778
236.00000000,2016.00000000,0.03705748
236.00000000,2017.00000000,0.03702713
236.00000000,2018.00000000,0.03699446
236.00000000,2019.00000000,0.03696069
236.00000000,2020.00000000,0.03692590
236.00000000,2021.00000000,0.03689011
236.00000000,2022.00000000,0.03685347
236.00000000,2023.00000000,0.03681613
236.00000000,2024.00000000,0.03677810
236.00000000,2025.00000000,0.03673954
236.00000000,2026.00000000,0.03670047
236.00000000,2027.00000000,0.03666211
236.00000000,2028.00000000,0.03662221
236.00000000,2029.00000000,0.03658191
236.00000000,2030.00000000,0.03654131
236.00000000,2031.00000000,0.03650034
236.00000000,2032.00000000,0.03645896
236.00000000,2033.00000000,0.03641820
236.00000000,2034.00000000,0.03637573
236.00000000,2035.00000000,0.03633256
236.00000000,2036.00000000,0.03628989
236.00000000,2037.00000000,0.03624544
236.00000000,2038.00000000,0.03620257
236.00000000,2039.00000000,0.03615576
236.00000000,2040.00000000,0.03610942
236.00000000,2041.00000000,0.03606254
236.00000000,2042.00000000,0.03601612
236.00000000,2043.00000000,0.03596779
236.00000000,2044.00000000,0.03591870
236.00000000,2045.00000000,0.03586878
236.00000000,2046.00000000,0.03581803
236.00000000,2047.00000000,0.03576762
236.00000000,2048.00000000,0.03571535
236.00000000,2049.00000000,0.03566231
236.00000000,2050.00000000,0.03560861
236.00000000,2051.00000000,0.03555533
236.00000000,2052.00000000,0.03550146
236.00000000,2053.00000000,0.03544702
236.00000000,2054.00000000,0.03539092
236.00000000,2055.00000000,0.03533435
236.00000000,2056.00000000,0.03527730
236.00000000,2057.00000000,0.03521980
236.00000000,2058.00000000,0.03516300
236.00000000,2059.00000000,0.03510582
236.00000000,2060.00000000,0.03504715
236.00000000,2061.00000000,0.03498934
236.00000000,2062.00000000,0.03493042
236.00000000,2063.00000000,0.03487274
236.00000000,2064.00000000,0.03481440
236.00000000,2065.00000000,0.03475652
236.00000000,2066.00000000,0.03470563
236.00000000,2067.00000000,0.03464780
236.00000000,2068.00000000,0.03459155
236.00000000,2069.00000000,0.03453696
236.00000000,2070.00000000,0.03448181
236.00000000,2071.00000000,0.03442824
236.00000000,2072.00000000,0.03437860
236.00000000,2073.00000000,0.03432559
236.00000000,2074.00000000,0.03427460
236.00000000,2075.00000000,0.03422465
236.00000000,2076.00000000,0.03417675
236.00000000,2077.00000000,0.03412884
236.00000000,2078.00000000,0.03408296
236.00000000,2079.00000000,0.03403692
236.00000000,2080.00000000,0.03399283
236.00000000,2081.00000000,0.03395170
236.00000000,2082.00000000,0.03390726
236.00000000,2083.00000000,0.03386697
236.00000000,2084.00000000,0.03382558
236.00000000,2085.00000000,0.03378725
236.00000000,2086.00000000,0.03375095
236.00000000,2087.00000000,0.03371141
236.00000000,2088.00000000,0.03367593
236.00000000,2089.00000000,0.03364026
236.00000000,2090.00000000,0.03361360
236.00000000,2091.00000000,0.03357947
236.00000000,2092.00000000,0.03354926
236.00000000,2093.00000000,0.03351581
236.00000000,2094.00000000,0.03348333
236.00000000,2095.00000000,0.03345591
236.00000000,2096.00000000,0.03343244
236.00000000,2097.00000000,0.03340576
236.00000000,2098.00000000,0.03337786
236.00000000,2099.00000000,0.03335588
236.00000000,2100.00000000,0.03333577
236.00000000,2101.00000000,0.03331545
236.00000000,2102.00000000,0.03329198
236.00000000,2103.00000000,0.03327483
236.00000000,2104.00000000,0.03325539
236.00000000,2105.00000000,0.03323906
236.00000000,2106.00000000,0.03322172
236.00000000,2107.00000000,0.03320944
236.00000000,2108.00000000,0.03320632
236.00000000,2109.00000000,0.03319799
236.00000000,2110.00000000,0.03316913
236.00000000,2111.00000000,0.03316545
236.00000000,2112.00000000,0.03315134
236.00000000,2113.00000000,0.03313799
236.00000000,2114.00000000,0.03312378
236.00000000,2115.00000000,0.03312291
236.00000000,2116.00000000,0.03313486
236.00000000,2117.00000000,0.03312821
236.00000000,2118.00000000,0.03312817
236.00000000,2119.00000000,0.03313176
236.00000000,2120.00000000,0.03312280
236.00000000,2121.00000000,0.03311338
236.00000000,2122.00000000,0.03310657
236.00000000,2123.00000000,0.03311040
236.00000000,2124.00000000,0.03313290
236.00000000,2125.00000000,0.03312374
236.00000000,2126.00000000,0.03314428
236.00000000,2127.00000000,0.03315231
236.00000000,2128.00000000,0.03314678
236.00000000,2129.00000000,0.03313575
236.00000000,2130.00000000,0.03314239
236.00000000,2131.00000000,0.03315964
236.00000000,2132.00000000,0.03316738
236.00000000,2133.00000000,0.03318374
236.00000000,2134.00000000,0.03320466
236.00000000,2135.00000000,0.03324320
236.00000000,2136.00000000,0.03326727
236.00000000,2137.00000000,0.03328282
236.00000000,2138.00000000,0.03329495
236.00000000,2139.00000000,0.03334469
236.00000000,2140.00000000,0.03335079
236.00000000,2141.00000000,0.03338947
236.00000000,2142.00000000,0.03343359
236.00000000,2143.00000000,0.03351112
236.00000000,2144.00000000,0.03347784
236.00000000,2145.00000000,0.03351396
236.00000000,2146.00000000,0.03354935
236.00000000,2147.00000000,0.03356801
236.00000000,2148.00000000,0.03361295
236.00000000,2149.00000000,0.03367913
236.00000000,2150.00000000,0.03358858
236.00000000,2151.00000000,0.03357952
236.00000000,2152.00000000,0.03364657
236.00000000,2153.00000000,0.03370617
236.00000000,2154.00000000,0.03369453
236.00000000,2155.00000000,0.03357380
236.00000000,2156.00000000,0.03371094
236.00000000,2157.00000000,0.03359509
236.00000000,2158.00000000,0.03365221
236.00000000,2159.00000000,0.03379433
236.00000000,2160.00000000,0.03380632
236.00000000,2161.00000000,0.03383915
236.00000000,2162.00000000,0.03386972
236.00000000,2163.00000000,0.03397318
236.00000000,2164.00000000,0.03400217
236.00000000,2165.00000000,0.03410989
236.00000000,2166.00000000,0.03404657
236.00000000,2167.00000000,0.03396338
236.00000000,2168.00000000,0.03390150
236.00000000,2169.00000000,0.03398084
236.00000000,2170.00000000,0.03409611
236.00000000,2171.00000000,0.03418699
236.00000000,2172.00000000,0.03432898
236.00000000,2173.00000000,0.03444846
236.00000000,2174.00000000,0.03442222
236.00000000,2175.00000000,0.03451560
236.00000000,2176.00000000,0.03466823
236.00000000,2177.00000000,0.03474973
236.00000000,2178.00000000,0.03480543
236.00000000,2179.00000000,0.03490419
236.00000000,2180.00000000,0.03494667
236.00000000,2181.00000000,0.03477208
236.00000000,2182.00000000,0.03490506
236.00000000,2183.00000000,0.03511755
236.00000000,2184.00000000,0.03525366
236.00000000,2185.00000000,0.03526202
236.00000000,2186.00000000,0.03553907
236.00000000,2187.00000000,0.03574377
236.00000000,2188.00000000,0.03583777
236.00000000,2189.00000000,0.03595089
236.00000000,2190.00000000,0.03604414
236.00000000,2191.00000000,0.03629768
236.00000000,2192.00000000,0.03650902
236.00000000,2193.00000000,0.03667788
236.00000000,2194.00000000,0.03681540
236.00000000,2195.00000000,0.03702905
236.00000000,2196.00000000,0.03722692
236.00000000,2197.00000000,0.03732497
236.00000000,2198.00000000,0.03751715
236.00000000,2199.00000000,0.03775503
236.00000000,2200.00000000,0.03800752
236.00000000,2201.00000000,0.03823810
236.00000000,2202.00000000,0.03849477
236.00000000,2203.00000000,0.03869693
236.00000000,2204.00000000,0.03897543
236.00000000,2205.00000000,0.03929285
236.00000000,2206.00000000,0.03967983
236.00000000,2207.00000000,0.03994158
236.00000000,2208.00000000,0.04021900
236.00000000,2209.00000000,0.04057030
236.00000000,2210.00000000,0.04068327
236.00000000,2211.00000000,0.04075732
236.00000000,2212.00000000,0.04114830
236.00000000,2213.00000000,0.04141177
236.00000000,2214.00000000,0.04160238
236.00000000,2215.00000000,0.04201452
236.00000000,2216.00000000,0.04206816
236.00000000,2217.00000000,0.04200582
236.00000000,2218.00000000,0.04207622
236.00000000,2219.00000000,0.04217374
236.00000000,2220.00000000,0.04248510
236.00000000,2221.00000000,0.04277060
236.00000000,2222.00000000,0.04307123
236.00000000,2223.00000000,0.04334901
236.00000000,2224.00000000,0.04370263
236.00000000,2225.00000000,0.04396480
236.00000000,2226.00000000,0.04415228
236.00000000,2227.00000000,0.04438047
236.00000000,2228.00000000,0.04438241
236.00000000,2229.00000000,0.04451996
236.00000000,2230.00000000,0.04478208
236.00000000,2231.00000000,0.04505942
236.00000000,2232.00000000,0.04534763
236.00000000,2233.00000000,0.04560591
236.00000000,2234.00000000,0.04571097
236.00000000,2235.00000000,0.04583087
236.00000000,2236.00000000,0.04615853
236.00000000,2237.00000000,0.04648327
236.00000000,2238.00000000,0.04669038
236.00000000,2239.00000000,0.04721813
236.00000000,2240.00000000,0.04780458
236.00000000,2241.00000000,0.04829727
236.00000000,2242.00000000,0.04867081
236.00000000,2243.00000000,0.04904747
236.00000000,2244.00000000,0.04942735
236.00000000,2245.00000000,0.04981012
236.00000000,2246.00000000,0.05019584
236.00000000,2247.00000000,0.05066461
236.00000000,2248.00000000,0.05113680
236.00000000,2249.00000000,0.05161238
236.00000000,2250.00000000,0.05209099
236.00000000,2251.00000000,0.05257192
236.00000000,2252.00000000,0.05305455
236.00000000,2253.00000000,0.05353845
236.00000000,2254.00000000,0.05402339
236.00000000,2255.00000000,0.05450931
236.00000000,2256.00000000,0.05499610
236.00000000,2257.00000000,0.05544743
236.00000000,2258.00000000,0.05589940
236.00000000,2259.00000000,0.05635194
236.00000000,2260.00000000,0.05680513
236.00000000,2261.00000000,0.05725897
236.00000000,2262.00000000,0.05771349
236.00000000,2263.00000000,0.05816882
236.00000000,2264.00000000,0.05862497
236.00000000,2265.00000000,0.05908196
236.00000000,2266.00000000,0.05953991
236.00000000,2267.00000000,0.06007581
236.00000000,2268.00000000,0.06061296
236.00000000,2269.00000000,0.06115142
236.00000000,2270.00000000,0.06169113
236.00000000,2271.00000000,0.06223203
236.00000000,2272.00000000,0.06277418
236.00000000,2273.00000000,0.06331749
236.00000000,2274.00000000,0.06386202
236.00000000,2275.00000000,0.06440771
236.00000000,2276.00000000,0.06495453
236.00000000,2277.00000000,0.06555969
236.00000000,2278.00000000,0.06616620
236.00000000,2279.00000000,0.06677395
236.00000000,2280.00000000,0.06738301
236.00000000,2281.00000000,0.06799327
236.00000000,2282.00000000,0.06860466
236.00000000,2283.00000000,0.06921720
236.00000000,2284.00000000,0.06983077
236.00000000,2285.00000000,0.07044539
236.00000000,2286.00000000,0.07106099
236.00000000,2287.00000000,0.07167416
236.00000000,2288.00000000,0.07228825
236.00000000,2289.00000000,0.07290312
236.00000000,2290.00000000,0.07351870
236.00000000,2291.00000000,0.07413500
236.00000000,2292.00000000,0.07475194
236.00000000,2293.00000000,0.07536939
236.00000000,2294.00000000,0.07598737
236.00000000,2295.00000000,0.07660579
236.00000000,2296.00000000,0.07722446
236.00000000,2297.00000000,0.07771464
236.00000000,2298.00000000,0.07820456
236.00000000,2299.00000000,0.07869426
236.00000000,2300.00000000,0.07918370
236.00000000,2301.00000000,0.07967276
236.00000000,2302.00000000,0.08016155
236.00000000,2303.00000000,0.08064994
236.00000000,2304.00000000,0.08113787
236.00000000,2305.00000000,0.08162537
236.00000000,2306.00000000,0.08211232
236.00000000,2307.00000000,0.08248107
236.00000000,2308.00000000,0.08284891
236.00000000,2309.00000000,0.08321571
236.00000000,2310.00000000,0.08358161
236.00000000,2311.00000000,0.08394653
236.00000000,2312.00000000,0.08431040
236.00000000,2313.00000000,0.08467334
236.00000000,2314.00000000,0.08503526
236.00000000,2315.00000000,0.08539609
236.00000000,2316.00000000,0.08575593
236.00000000,2317.00000000,0.08604834
236.00000000,2318.00000000,0.08633944
236.00000000,2319.00000000,0.08662931
236.00000000,2320.00000000,0.08691788
236.00000000,2321.00000000,0.08720525
236.00000000,2322.00000000,0.08749134
236.00000000,2323.00000000,0.08777612
236.00000000,2324.00000000,0.08805970
236.00000000,2325.00000000,0.08834199
236.00000000,2326.00000000,0.08862290
236.00000000,2327.00000000,0.08883357
236.00000000,2328.00000000,0.08904276
236.00000000,2329.00000000,0.08925041
236.00000000,2330.00000000,0.08945666
236.00000000,2331.00000000,0.08966146
236.00000000,2332.00000000,0.08986475
236.00000000,2333.00000000,0.09006667
236.00000000,2334.00000000,0.09026709
236.00000000,2335.00000000,0.09046614
236.00000000,2336.00000000,0.09066374
236.00000000,2337.00000000,0.09080645
236.00000000,2338.00000000,0.09094770
236.00000000,2339.00000000,0.09108741
236.00000000,2340.00000000,0.09122550
236.00000000,2341.00000000,0.09136216
236.00000000,2342.00000000,0.09149729
236.00000000,2343.00000000,0.09163087
236.00000000,2344.00000000,0.09176302
236.00000000,2345.00000000,0.09189361
236.00000000,2346.00000000,0.09202281
236.00000000,2347.00000000,0.09215053
236.00000000,2348.00000000,0.09227671
236.00000000,2349.00000000,0.09240151
236.00000000,2350.00000000,0.09252486
236.00000000,2351.00000000,0.09264668
236.00000000,2352.00000000,0.09276714
236.00000000,2353.00000000,0.09288617
236.00000000,2354.00000000,0.09300368
236.00000000,2355.00000000,0.09311985
236.00000000,2356.00000000,0.09323459
236.00000000,2357.00000000,0.09334782
236.00000000,2358.00000000,0.09345972
236.00000000,2359.00000000,0.09357012
236.00000000,2360.00000000,0.09367918
236.00000000,2361.00000000,0.09378683
236.00000000,2362.00000000,0.09389297
236.00000000,2363.00000000,0.09399779
236.00000000,2364.00000000,0.09410121
236.00000000,2365.00000000,0.09420310
236.00000000,2366.00000000,0.09430368
236.00000000,2367.00000000,0.09440284
236.00000000,2368.00000000,0.09450047
236.00000000,2369.00000000,0.09459680
236.00000000,2370.00000000,0.09469161
236.00000000,2371.00000000,0.09478508
236.00000000,2372.00000000,0.09487713
236.00000000,2373.00000000,0.09496765
236.00000000,2374.00000000,0.09505683
236.00000000,2375.00000000,0.09514456
236.00000000,2376.00000000,0.09523076
236.00000000,2377.00000000,0.09531561
236.00000000,2378.00000000,0.09539899
236.00000000,2379.00000000,0.09548080
236.00000000,2380.00000000,0.09556124
236.00000000,2381.00000000,0.09564011
236.00000000,2382.00000000,0.09571756
236.00000000,2383.00000000,0.09579350
236.00000000,2384.00000000,0.09586781
236.00000000,2385.00000000,0.09594064
236.00000000,2386.00000000,0.09601186
236.00000000,2387.00000000,0.09571019
236.00000000,2388.00000000,0.09540656
236.00000000,2389.00000000,0.09510095
236.00000000,2390.00000000,0.09479328
236.00000000,2391.00000000,0.09448376
236.00000000,2392.00000000,0.09417238
236.00000000,2393.00000000,0.09385905
236.00000000,2394.00000000,0.09354399
236.00000000,2395.00000000,0.09322709
236.00000000,2396.00000000,0.09290852
236.00000000,2397.00000000,0.09258826
236.00000000,2398.00000000,0.09226624
236.00000000,2399.00000000,0.09194266
236.00000000,2400.00000000,0.09161750
236.00000000,2401.00000000,0.09129067
236.00000000,2402.00000000,0.09096241
236.00000000,2403.00000000,0.09063262
236.00000000,2404.00000000,0.09030130
236.00000000,2405.00000000,0.08996861
236.00000000,2406.00000000,0.08963443
236.00000000,2407.00000000,0.08929894
236.00000000,2408.00000000,0.08896211
236.00000000,2409.00000000,0.08862388
236.00000000,2410.00000000,0.08828441
236.00000000,2411.00000000,0.08794368
236.00000000,2412.00000000,0.08760162
236.00000000,2413.00000000,0.08725842
236.00000000,2414.00000000,0.08691402
236.00000000,2415.00000000,0.08656838
236.00000000,2416.00000000,0.08622168
236.00000000,2417.00000000,0.08587384
236.00000000,2418.00000000,0.08552484
236.00000000,2419.00000000,0.08517484
236.00000000,2420.00000000,0.08482372
236.00000000,2421.00000000,0.08447163
236.00000000,2422.00000000,0.08411855
236.00000000,2423.00000000,0.08376441
236.00000000,2424.00000000,0.08340938
236.00000000,2425.00000000,0.08305340
236.00000000,2426.00000000,0.08269643
236.00000000,2427.00000000,0.08233864
236.00000000,2428.00000000,0.08197997
236.00000000,2429.00000000,0.08162036
236.00000000,2430.00000000,0.08126000
236.00000000,2431.00000000,0.08089873
236.00000000,2432.00000000,0.08053673
236.00000000,2433.00000000,0.08017396
236.00000000,2434.00000000,0.07981035
236.00000000,2435.00000000,0.07944607
236.00000000,2436.00000000,0.07908107
236.00000000,2437.00000000,0.07871527
236.00000000,2438.00000000,0.07834887
236.00000000,2439.00000000,0.07798179
236.00000000,2440.00000000,0.07761397
236.00000000,2441.00000000,0.07724560
236.00000000,2442.00000000,0.07687660
236.00000000,2443.00000000,0.07650692
236.00000000,2444.00000000,0.07613672
236.00000000,2445.00000000,0.07576587
236.00000000,2446.00000000,0.07539454
236.00000000,2447.00000000,0.07502267
236.00000000,2448.00000000,0.07465019
236.00000000,2449.00000000,0.07427728
236.00000000,2450.00000000,0.07390387
236.00000000,2451.00000000,0.07352989
236.00000000,2452.00000000,0.07315552
236.00000000,2453.00000000,0.07278070
236.00000000,2454.00000000,0.07240537
236.00000000,2455.00000000,0.07202967
236.00000000,2456.00000000,0.07165350
236.00000000,2457.00000000,0.07127699
236.00000000,2458.00000000,0.07090010
236.00000000,2459.00000000,0.07052276
236.00000000,2460.00000000,0.07014514
236.00000000,2461.00000000,0.06976719
236.00000000,2462.00000000,0.06938881
236.00000000,2463.00000000,0.06901019
236.00000000,2464.00000000,0.06863127
236.00000000,2465.00000000,0.06825197
236.00000000,2466.00000000,0.06787248
236.00000000,2467.00000000,0.06749264
236.00000000,2468.00000000,0.06711263
236.00000000,2469.00000000,0.06673236
236.00000000,2470.00000000,0.06635180
236.00000000,2471.00000000,0.06597110
236.00000000,2472.00000000,0.06559018
236.00000000,2473.00000000,0.06520901
236.00000000,2474.00000000,0.06482772
236.00000000,2475.00000000,0.06444628
236.00000000,2476.00000000,0.06406459
236.00000000,2477.00000000,0.06368284
236.00000000,2478.00000000,0.06330095
236.00000000,2479.00000000,0.06291887
236.00000000,2480.00000000,0.06253676
236.00000000,2481.00000000,0.06215449
236.00000000,2482.00000000,0.06177222
236.00000000,2483.00000000,0.06138990
236.00000000,2484.00000000,0.06100750
236.00000000,2485.00000000,0.06070527
236.00000000,2486.00000000,0.06063878
236.00000000,2487.00000000,0.06063673
236.00000000,2488.00000000,0.06063486
236.00000000,2489.00000000,0.06063309
236.00000000,2490.00000000,0.06063133
236.00000000,2491.00000000,0.06062975
236.00000000,2492.00000000,0.06063828
236.00000000,2493.00000000,0.06064698
236.00000000,2494.00000000,0.06065577
236.00000000,2495.00000000,0.06066456
236.00000000,2496.00000000,0.06067350
236.00000000,2497.00000000,0.06066258
236.00000000,2498.00000000,0.06065164
236.00000000,2499.00000000,0.06064085
236.00000000,2500.00000000,0.06063013
237.00000000,1765.00000000,0.03760223
237.00000000,1766.00000000,0.03760227
237.00000000,1767.00000000,0.03760228
237.00000000,1768.00000000,0.03760238
237.00000000,1769.00000000,0.03760265
237.00000000,1770.00000000,0.03760280
237.00000000,1771.00000000,0.03760292
237.00000000,1772.00000000,0.03760335
237.00000000,1773.00000000,0.03760379
237.00000000,1774.00000000,0.03760437
237.00000000,1775.00000000,0.03760481
237.00000000,1776.00000000,0.03760538
237.00000000,1777.00000000,0.03760619
237.00000000,1778.00000000,0.03760679
237.00000000,1779.00000000,0.03760781
237.00000000,1780.00000000,0.03760853
237.00000000,1781.00000000,0.03760953
237.00000000,1782.00000000,0.03761072
237.00000000,1783.00000000,0.03761166
237.00000000,1784.00000000,0.03761284
237.00000000,1785.00000000,0.03761404
237.00000000,1786.00000000,0.03761532
237.00000000,1787.00000000,0.03761656
237.00000000,1788.00000000,0.03761795
237.00000000,1789.00000000,0.03761929
237.00000000,1790.00000000,0.03762074
237.00000000,1791.00000000,0.03762226
237.00000000,1792.00000000,0.03762378
237.00000000,1793.00000000,0.03762531
237.00000000,1794.00000000,0.03762696
237.00000000,1795.00000000,0.03762843
237.00000000,1796.00000000,0.03763002
237.00000000,1797.00000000,0.03763177
237.00000000,1798.00000000,0.03763345
237.00000000,1799.00000000,0.03763505
237.00000000,1800.00000000,0.03763690
237.00000000,1801.00000000,0.03763858
237.00000000,1802.00000000,0.03764039
237.00000000,1803.00000000,0.03764220
237.00000000,1804.00000000,0.03764396
237.00000000,1805.00000000,0.03764583
237.00000000,1806.00000000,0.03764766
237.00000000,1807.00000000,0.03764957
237.00000000,1808.00000000,0.03765146
237.00000000,1809.00000000,0.03765320
237.00000000,1810.00000000,0.03765519
237.00000000,1811.00000000,0.03765709
237.00000000,1812.00000000,0.03765900
237.00000000,1813.00000000,0.03766085
237.00000000,1814.00000000,0.03766275
237.00000000,1815.00000000,0.03766478
237.00000000,1816.00000000,0.03766667
237.00000000,1817.00000000,0.03766865
237.00000000,1818.00000000,0.03767055
237.00000000,1819.00000000,0.03767258
237.00000000,1820.00000000,0.03767451
237.00000000,1821.00000000,0.03767640
237.00000000,1822.00000000,0.03767840
237.00000000,1823.00000000,0.03768031
237.00000000,1824.00000000,0.03768234
237.00000000,1825.00000000,0.03768429
237.00000000,1826.00000000,0.03768617
237.00000000,1827.00000000,0.03768820
237.00000000,1828.00000000,0.03769006
237.00000000,1829.00000000,0.03769206
237.00000000,1830.00000000,0.03769402
237.00000000,1831.00000000,0.03769594
237.00000000,1832.00000000,0.03769783
237.00000000,1833.00000000,0.03769967
237.00000000,1834.00000000,0.03770155
237.00000000,1835.00000000,0.03770343
237.00000000,1836.00000000,0.03770531
237.00000000,1837.00000000,0.03770726
237.00000000,1838.00000000,0.03770908
237.00000000,1839.00000000,0.03771086
237.00000000,1840.00000000,0.03771268
237.00000000,1841.00000000,0.03771454
237.00000000,1842.00000000,0.03771628
237.00000000,1843.00000000,0.03771813
237.00000000,1844.00000000,0.03771982
237.00000000,1845.00000000,0.03772158
237.00000000,1846.00000000,0.03772337
237.00000000,1847.00000000,0.03772510
237.00000000,1848.00000000,0.03772676
237.00000000,1849.00000000,0.03772842
237.00000000,1850.00000000,0.03773008
237.00000000,1851.00000000,0.03773174
237.00000000,1852.00000000,0.03773335
237.00000000,1853.00000000,0.03773511
237.00000000,1854.00000000,0.03773693
237.00000000,1855.00000000,0.03773876
237.00000000,1856.00000000,0.03774049
237.00000000,1857.00000000,0.03774227
237.00000000,1858.00000000,0.03774380
237.00000000,1859.00000000,0.03774543
237.00000000,1860.00000000,0.03774704
237.00000000,1861.00000000,0.03774862
237.00000000,1862.00000000,0.03775005
237.00000000,1863.00000000,0.03775113
237.00000000,1864.00000000,0.03775203
237.00000000,1865.00000000,0.03775266
237.00000000,1866.00000000,0.03775313
237.00000000,1867.00000000,0.03775341
237.00000000,1868.00000000,0.03775362
237.00000000,1869.00000000,0.03775359
237.00000000,1870.00000000,0.03775351
237.00000000,1871.00000000,0.03775335
237.00000000,1872.00000000,0.03775316
237.00000000,1873.00000000,0.03775344
237.00000000,1874.00000000,0.03775396
237.00000000,1875.00000000,0.03775453
237.00000000,1876.00000000,0.03775534
237.00000000,1877.00000000,0.03775620
237.00000000,1878.00000000,0.03775707
237.00000000,1879.00000000,0.03775811
237.00000000,1880.00000000,0.03775920
237.00000000,1881.00000000,0.03776012
237.00000000,1882.00000000,0.03776114
237.00000000,1883.00000000,0.03776193
237.00000000,1884.00000000,0.03776251
237.00000000,1885.00000000,0.03776295
237.00000000,1886.00000000,0.03776334
237.00000000,1887.00000000,0.03776357
237.00000000,1888.00000000,0.03776380
237.00000000,1889.00000000,0.03776372
237.00000000,1890.00000000,0.03776354
237.00000000,1891.00000000,0.03776322
237.00000000,1892.00000000,0.03776283
237.00000000,1893.00000000,0.03776223
237.00000000,1894.00000000,0.03776167
237.00000000,1895.00000000,0.03776114
237.00000000,1896.00000000,0.03776060
237.00000000,1897.00000000,0.03776006
237.00000000,1898.00000000,0.03775948
237.00000000,1899.00000000,0.03775866
237.00000000,1900.00000000,0.03775780
237.00000000,1901.00000000,0.03775677
237.00000000,1902.00000000,0.03775577
237.00000000,1903.00000000,0.03775481
237.00000000,1904.00000000,0.03775393
237.00000000,1905.00000000,0.03775316
237.00000000,1906.00000000,0.03775244
237.00000000,1907.00000000,0.03775179
237.00000000,1908.00000000,0.03775104
237.00000000,1909.00000000,0.03775033
237.00000000,1910.00000000,0.03774959
237.00000000,1911.00000000,0.03774880
237.00000000,1912.00000000,0.03774766
237.00000000,1913.00000000,0.03774608
237.00000000,1914.00000000,0.03774396
237.00000000,1915.00000000,0.03774162
237.00000000,1916.00000000,0.03773929
237.00000000,1917.00000000,0.03773688
237.00000000,1918.00000000,0.03773434
237.00000000,1919.00000000,0.03773183
237.00000000,1920.00000000,0.03772961
237.00000000,1921.00000000,0.03772765
237.00000000,1922.00000000,0.03772614
237.00000000,1923.00000000,0.03772495
237.00000000,1924.00000000,0.03772385
237.00000000,1925.00000000,0.03772263
237.00000000,1926.00000000,0.03772134
237.00000000,1927.00000000,0.03772005
237.00000000,1928.00000000,0.03771879
237.00000000,1929.00000000,0.03771749
237.00000000,1930.00000000,0.03771624
237.00000000,1931.00000000,0.03771551
237.00000000,1932.00000000,0.03771541
237.00000000,1933.00000000,0.03771563
237.00000000,1934.00000000,0.03771611
237.00000000,1935.00000000,0.03771654
237.00000000,1936.00000000,0.03771668
237.00000000,1937.00000000,0.03771633
237.00000000,1938.00000000,0.03771539
237.00000000,1939.00000000,0.03771395
237.00000000,1940.00000000,0.03771212
237.00000000,1941.00000000,0.03770988
237.00000000,1942.00000000,0.03770696
237.00000000,1943.00000000,0.03770377
237.00000000,1944.00000000,0.03770031
237.00000000,1945.00000000,0.03769679
237.00000000,1946.00000000,0.03769365
237.00000000,1947.00000000,0.03769141
237.00000000,1948.00000000,0.03768951
237.00000000,1949.00000000,0.03768762
237.00000000,1950.00000000,0.03768570
237.00000000,1951.00000000,0.03768362
237.00000000,1952.00000000,0.03768190
237.00000000,1953.00000000,0.03768028
237.00000000,1954.00000000,0.03767864
237.00000000,1955.00000000,0.03767707
237.00000000,1956.00000000,0.03767553
237.00000000,1957.00000000,0.03767384
237.00000000,1958.00000000,0.03767189
237.00000000,1959.00000000,0.03766964
237.00000000,1960.00000000,0.03766643
237.00000000,1961.00000000,0.03766235
237.00000000,1962.00000000,0.03765779
237.00000000,1963.00000000,0.03765279
237.00000000,1964.00000000,0.03764722
237.00000000,1965.00000000,0.03764096
237.00000000,1966.00000000,0.03763396
237.00000000,1967.00000000,0.03762631
237.00000000,1968.00000000,0.03761787
237.00000000,1969.00000000,0.03760834
237.00000000,1970.00000000,0.03759760
237.00000000,1971.00000000,0.03758515
237.00000000,1972.00000000,0.03757066
237.00000000,1973.00000000,0.03755439
237.00000000,1974.00000000,0.03753659
237.00000000,1975.00000000,0.03751794
237.00000000,1976.00000000,0.03749903
237.00000000,1977.00000000,0.03748012
237.00000000,1978.00000000,0.03746112
237.00000000,1979.00000000,0.03744190
237.00000000,1980.00000000,0.03742233
237.00000000,1981.00000000,0.03740263
237.00000000,1982.00000000,0.03738386
237.00000000,1983.00000000,0.03736711
237.00000000,1984.00000000,0.03735234
237.00000000,1985.00000000,0.03733909
237.00000000,1986.00000000,0.03732669
237.00000000,1987.00000000,0.03731469
237.00000000,1988.00000000,0.03730273
237.00000000,1989.00000000,0.03729062
237.00000000,1990.00000000,0.03727821
237.00000000,1991.00000000,0.03726564
237.00000000,1992.00000000,0.03725329
237.00000000,1993.00000000,0.03724119
237.00000000,1994.00000000,0.03722961
237.00000000,1995.00000000,0.03721842
237.00000000,1996.00000000,0.03720728
237.00000000,1997.00000000,0.03719588
237.00000000,1998.00000000,0.03718412
237.00000000,1999.00000000,0.03717228
237.00000000,2000.00000000,0.03716049
237.00000000,2001.00000000,0.03714859
237.00000000,2002.00000000,0.03713646
237.00000000,2003.00000000,0.03712774
237.00000000,2004.00000000,0.03711507
237.00000000,2005.00000000,0.03710103
237.00000000,2006.00000000,0.03708518
237.00000000,2007.00000000,0.03706738
237.00000000,2008.00000000,0.03704897
237.00000000,2009.00000000,0.03702793
237.00000000,2010.00000000,0.03700547
237.00000000,2011.00000000,0.03698170
237.00000000,2012.00000000,0.03695671
237.00000000,2013.00000000,0.03693042
237.00000000,2014.00000000,0.03690281
237.00000000,2015.00000000,0.03687392
237.00000000,2016.00000000,0.03684377
237.00000000,2017.00000000,0.03681239
237.00000000,2018.00000000,0.03678101
237.00000000,2019.00000000,0.03674740
237.00000000,2020.00000000,0.03671276
237.00000000,2021.00000000,0.03667717
237.00000000,2022.00000000,0.03664069
237.00000000,2023.00000000,0.03660349
237.00000000,2024.00000000,0.03656570
237.00000000,2025.00000000,0.03652730
237.00000000,2026.00000000,0.03648843
237.00000000,2027.00000000,0.03644912
237.00000000,2028.00000000,0.03641053
237.00000000,2029.00000000,0.03637046
237.00000000,2030.00000000,0.03633002
237.00000000,2031.00000000,0.03628929
237.00000000,2032.00000000,0.03624811
237.00000000,2033.00000000,0.03620642
237.00000000,2034.00000000,0.03616526
237.00000000,2035.00000000,0.03612237
237.00000000,2036.00000000,0.03607876
237.00000000,2037.00000000,0.03603566
237.00000000,2038.00000000,0.03599081
237.00000000,2039.00000000,0.03594754
237.00000000,2040.00000000,0.03590037
237.00000000,2041.00000000,0.03585369
237.00000000,2042.00000000,0.03580640
237.00000000,2043.00000000,0.03575948
237.00000000,2044.00000000,0.03571060
237.00000000,2045.00000000,0.03566096
237.00000000,2046.00000000,0.03561049
237.00000000,2047.00000000,0.03555922
237.00000000,2048.00000000,0.03550832
237.00000000,2049.00000000,0.03545560
237.00000000,2050.00000000,0.03540214
237.00000000,2051.00000000,0.03534809
237.00000000,2052.00000000,0.03529447
237.00000000,2053.00000000,0.03524032
237.00000000,2054.00000000,0.03518563
237.00000000,2055.00000000,0.03512933
237.00000000,2056.00000000,0.03507260
237.00000000,2057.00000000,0.03501543
237.00000000,2058.00000000,0.03495782
237.00000000,2059.00000000,0.03490095
237.00000000,2060.00000000,0.03484372
237.00000000,2061.00000000,0.03478509
237.00000000,2062.00000000,0.03472753
237.00000000,2063.00000000,0.03466913
237.00000000,2064.00000000,0.03461214
237.00000000,2065.00000000,0.03455461
237.00000000,2066.00000000,0.03449755
237.00000000,2067.00000000,0.03444747
237.00000000,2068.00000000,0.03439050
237.00000000,2069.00000000,0.03433508
237.00000000,2070.00000000,0.03428128
237.00000000,2071.00000000,0.03422697
237.00000000,2072.00000000,0.03417437
237.00000000,2073.00000000,0.03412586
237.00000000,2074.00000000,0.03407412
237.00000000,2075.00000000,0.03402440
237.00000000,2076.00000000,0.03397574
237.00000000,2077.00000000,0.03392907
237.00000000,2078.00000000,0.03388237
237.00000000,2079.00000000,0.03383763
237.00000000,2080.00000000,0.03379269
237.00000000,2081.00000000,0.03374967
237.00000000,2082.00000000,0.03370964
237.00000000,2083.00000000,0.03366639
237.00000000,2084.00000000,0.03362728
237.00000000,2085.00000000,0.03358709
237.00000000,2086.00000000,0.03354989
237.00000000,2087.00000000,0.03351469
237.00000000,2088.00000000,0.03347622
237.00000000,2089.00000000,0.03344174
237.00000000,2090.00000000,0.03340703
237.00000000,2091.00000000,0.03338126
237.00000000,2092.00000000,0.03334813
237.00000000,2093.00000000,0.03331896
237.00000000,2094.00000000,0.03328661
237.00000000,2095.00000000,0.03325524
237.00000000,2096.00000000,0.03322886
237.00000000,2097.00000000,0.03320637
237.00000000,2098.00000000,0.03318067
237.00000000,2099.00000000,0.03315372
237.00000000,2100.00000000,0.03313261
237.00000000,2101.00000000,0.03311336
237.00000000,2102.00000000,0.03309396
237.00000000,2103.00000000,0.03307150
237.00000000,2104.00000000,0.03305534
237.00000000,2105.00000000,0.03303689
237.00000000,2106.00000000,0.03302152
237.00000000,2107.00000000,0.03300513
237.00000000,2108.00000000,0.03299373
237.00000000,2109.00000000,0.03299139
237.00000000,2110.00000000,0.03298384
237.00000000,2111.00000000,0.03295588
237.00000000,2112.00000000,0.03295289
237.00000000,2113.00000000,0.03293951
237.00000000,2114.00000000,0.03292686
237.00000000,2115.00000000,0.03291334
237.00000000,2116.00000000,0.03291303
237.00000000,2117.00000000,0.03292545
237.00000000,2118.00000000,0.03291937
237.00000000,2119.00000000,0.03291984
237.00000000,2120.00000000,0.03292390
237.00000000,2121.00000000,0.03291546
237.00000000,2122.00000000,0.03290655
237.00000000,2123.00000000,0.03290022
237.00000000,2124.00000000,0.03290446
237.00000000,2125.00000000,0.03292723
237.00000000,2126.00000000,0.03291853
237.00000000,2127.00000000,0.03293935
237.00000000,2128.00000000,0.03294772
237.00000000,2129.00000000,0.03294262
237.00000000,2130.00000000,0.03293203
237.00000000,2131.00000000,0.03293901
237.00000000,2132.00000000,0.03295651
237.00000000,2133.00000000,0.03296455
237.00000000,2134.00000000,0.03298116
237.00000000,2135.00000000,0.03300231
237.00000000,2136.00000000,0.03304094
237.00000000,2137.00000000,0.03306519
237.00000000,2138.00000000,0.03308098
237.00000000,2139.00000000,0.03309334
237.00000000,2140.00000000,0.03314310
237.00000000,2141.00000000,0.03314948
237.00000000,2142.00000000,0.03318823
237.00000000,2143.00000000,0.03323239
237.00000000,2144.00000000,0.03330975
237.00000000,2145.00000000,0.03327697
237.00000000,2146.00000000,0.03331316
237.00000000,2147.00000000,0.03334863
237.00000000,2148.00000000,0.03336746
237.00000000,2149.00000000,0.03341242
237.00000000,2150.00000000,0.03347849
237.00000000,2151.00000000,0.03338894
237.00000000,2152.00000000,0.03338090
237.00000000,2153.00000000,0.03344899
237.00000000,2154.00000000,0.03350992
237.00000000,2155.00000000,0.03350011
237.00000000,2156.00000000,0.03338186
237.00000000,2157.00000000,0.03352000
237.00000000,2158.00000000,0.03340652
237.00000000,2159.00000000,0.03346500
237.00000000,2160.00000000,0.03360798
237.00000000,2161.00000000,0.03362147
237.00000000,2162.00000000,0.03365565
237.00000000,2163.00000000,0.03368754
237.00000000,2164.00000000,0.03379188
237.00000000,2165.00000000,0.03382210
237.00000000,2166.00000000,0.03393061
237.00000000,2167.00000000,0.03386892
237.00000000,2168.00000000,0.03378742
237.00000000,2169.00000000,0.03372709
237.00000000,2170.00000000,0.03380721
237.00000000,2171.00000000,0.03392305
237.00000000,2172.00000000,0.03401459
237.00000000,2173.00000000,0.03415696
237.00000000,2174.00000000,0.03427693
237.00000000,2175.00000000,0.03425187
237.00000000,2176.00000000,0.03434581
237.00000000,2177.00000000,0.03449870
237.00000000,2178.00000000,0.03458079
237.00000000,2179.00000000,0.03463718
237.00000000,2180.00000000,0.03473640
237.00000000,2181.00000000,0.03477960
237.00000000,2182.00000000,0.03460675
237.00000000,2183.00000000,0.03473998
237.00000000,2184.00000000,0.03495233
237.00000000,2185.00000000,0.03508867
237.00000000,2186.00000000,0.03509783
237.00000000,2187.00000000,0.03537443
237.00000000,2188.00000000,0.03557900
237.00000000,2189.00000000,0.03567338
237.00000000,2190.00000000,0.03578678
237.00000000,2191.00000000,0.03588040
237.00000000,2192.00000000,0.03613357
237.00000000,2193.00000000,0.03634474
237.00000000,2194.00000000,0.03651360
237.00000000,2195.00000000,0.03665127
237.00000000,2196.00000000,0.03686472
237.00000000,2197.00000000,0.03706247
237.00000000,2198.00000000,0.03716083
237.00000000,2199.00000000,0.03735290
237.00000000,2200.00000000,0.03759047
237.00000000,2201.00000000,0.03784259
237.00000000,2202.00000000,0.03807290
237.00000000,2203.00000000,0.03832918
237.00000000,2204.00000000,0.03853119
237.00000000,2205.00000000,0.03880921
237.00000000,2206.00000000,0.03912600
237.00000000,2207.00000000,0.03951205
237.00000000,2208.00000000,0.03977341
237.00000000,2209.00000000,0.04005038
237.00000000,2210.00000000,0.04040092
237.00000000,2211.00000000,0.04051413
237.00000000,2212.00000000,0.04058857
237.00000000,2213.00000000,0.04097864
237.00000000,2214.00000000,0.04124174
237.00000000,2215.00000000,0.04143227
237.00000000,2216.00000000,0.04184343
237.00000000,2217.00000000,0.04189756
237.00000000,2218.00000000,0.04183617
237.00000000,2219.00000000,0.04190698
237.00000000,2220.00000000,0.04200480
237.00000000,2221.00000000,0.04231560
237.00000000,2222.00000000,0.04260066
237.00000000,2223.00000000,0.04290079
237.00000000,2224.00000000,0.04317816
237.00000000,2225.00000000,0.04353109
237.00000000,2226.00000000,0.04379293
237.00000000,2227.00000000,0.04398038
237.00000000,2228.00000000,0.04420838
237.00000000,2229.00000000,0.04421101
237.00000000,2230.00000000,0.04434872
237.00000000,2231.00000000,0.04461053
237.00000000,2232.00000000,0.04488750
237.00000000,2233.00000000,0.04517532
237.00000000,2234.00000000,0.04543331
237.00000000,2235.00000000,0.04553868
237.00000000,2236.00000000,0.04565883
237.00000000,2237.00000000,0.04598595
237.00000000,2238.00000000,0.04631019
237.00000000,2239.00000000,0.04651723
237.00000000,2240.00000000,0.04704373
237.00000000,2241.00000000,0.04762874
237.00000000,2242.00000000,0.04812034
237.00000000,2243.00000000,0.04849323
237.00000000,2244.00000000,0.04886925
237.00000000,2245.00000000,0.04924848
237.00000000,2246.00000000,0.04963060
237.00000000,2247.00000000,0.05001567
237.00000000,2248.00000000,0.05048351
237.00000000,2249.00000000,0.05095469
237.00000000,2250.00000000,0.05142895
237.00000000,2251.00000000,0.05190555
237.00000000,2252.00000000,0.05238385
237.00000000,2253.00000000,0.05286348
237.00000000,2254.00000000,0.05334421
237.00000000,2255.00000000,0.05382590
237.00000000,2256.00000000,0.05430854
237.00000000,2257.00000000,0.05479203
237.00000000,2258.00000000,0.05524019
237.00000000,2259.00000000,0.05568900
237.00000000,2260.00000000,0.05613841
237.00000000,2261.00000000,0.05658851
237.00000000,2262.00000000,0.05703932
237.00000000,2263.00000000,0.05749088
237.00000000,2264.00000000,0.05794328
237.00000000,2265.00000000,0.05839655
237.00000000,2266.00000000,0.05885069
237.00000000,2267.00000000,0.05930580
237.00000000,2268.00000000,0.05983858
237.00000000,2269.00000000,0.06037264
237.00000000,2270.00000000,0.06090801
237.00000000,2271.00000000,0.06144465
237.00000000,2272.00000000,0.06198249
237.00000000,2273.00000000,0.06252160
237.00000000,2274.00000000,0.06306188
237.00000000,2275.00000000,0.06360339
237.00000000,2276.00000000,0.06414608
237.00000000,2277.00000000,0.06468991
237.00000000,2278.00000000,0.06529186
237.00000000,2279.00000000,0.06589516
237.00000000,2280.00000000,0.06649974
237.00000000,2281.00000000,0.06710561
237.00000000,2282.00000000,0.06771270
237.00000000,2283.00000000,0.06832092
237.00000000,2284.00000000,0.06893031
237.00000000,2285.00000000,0.06954073
237.00000000,2286.00000000,0.07015222
237.00000000,2287.00000000,0.07076467
237.00000000,2288.00000000,0.07137475
237.00000000,2289.00000000,0.07198572
237.00000000,2290.00000000,0.07259751
237.00000000,2291.00000000,0.07320999
237.00000000,2292.00000000,0.07382323
237.00000000,2293.00000000,0.07443708
237.00000000,2294.00000000,0.07505147
237.00000000,2295.00000000,0.07566640
237.00000000,2296.00000000,0.07628176
237.00000000,2297.00000000,0.07689741
237.00000000,2298.00000000,0.07738510
237.00000000,2299.00000000,0.07787253
237.00000000,2300.00000000,0.07835977
237.00000000,2301.00000000,0.07884675
237.00000000,2302.00000000,0.07933338
237.00000000,2303.00000000,0.07981971
237.00000000,2304.00000000,0.08030567
237.00000000,2305.00000000,0.08079117
237.00000000,2306.00000000,0.08127623
237.00000000,2307.00000000,0.08176079
237.00000000,2308.00000000,0.08212763
237.00000000,2309.00000000,0.08249358
237.00000000,2310.00000000,0.08285853
237.00000000,2311.00000000,0.08322255
237.00000000,2312.00000000,0.08358563
237.00000000,2313.00000000,0.08394767
237.00000000,2314.00000000,0.08430877
237.00000000,2315.00000000,0.08466888
237.00000000,2316.00000000,0.08502791
237.00000000,2317.00000000,0.08538595
237.00000000,2318.00000000,0.08567687
237.00000000,2319.00000000,0.08596648
237.00000000,2320.00000000,0.08625490
237.00000000,2321.00000000,0.08654199
237.00000000,2322.00000000,0.08682791
237.00000000,2323.00000000,0.08711258
237.00000000,2324.00000000,0.08739593
237.00000000,2325.00000000,0.08767807
237.00000000,2326.00000000,0.08795896
237.00000000,2327.00000000,0.08823849
237.00000000,2328.00000000,0.08844807
237.00000000,2329.00000000,0.08865617
237.00000000,2330.00000000,0.08886276
237.00000000,2331.00000000,0.08906796
237.00000000,2332.00000000,0.08927172
237.00000000,2333.00000000,0.08947398
237.00000000,2334.00000000,0.08967486
237.00000000,2335.00000000,0.08987426
237.00000000,2336.00000000,0.09007230
237.00000000,2337.00000000,0.09026893
237.00000000,2338.00000000,0.09041089
237.00000000,2339.00000000,0.09055139
237.00000000,2340.00000000,0.09069035
237.00000000,2341.00000000,0.09082773
237.00000000,2342.00000000,0.09096367
237.00000000,2343.00000000,0.09109811
237.00000000,2344.00000000,0.09123099
237.00000000,2345.00000000,0.09136246
237.00000000,2346.00000000,0.09149237
237.00000000,2347.00000000,0.09162089
237.00000000,2348.00000000,0.09174796
237.00000000,2349.00000000,0.09187349
237.00000000,2350.00000000,0.09199764
237.00000000,2351.00000000,0.09212034
237.00000000,2352.00000000,0.09224154
237.00000000,2353.00000000,0.09236139
237.00000000,2354.00000000,0.09247981
237.00000000,2355.00000000,0.09259672
237.00000000,2356.00000000,0.09271230
237.00000000,2357.00000000,0.09282646
237.00000000,2358.00000000,0.09293912
237.00000000,2359.00000000,0.09305046
237.00000000,2360.00000000,0.09316029
237.00000000,2361.00000000,0.09326880
237.00000000,2362.00000000,0.09337591
237.00000000,2363.00000000,0.09348152
237.00000000,2364.00000000,0.09358582
237.00000000,2365.00000000,0.09368871
237.00000000,2366.00000000,0.09379008
237.00000000,2367.00000000,0.09389015
237.00000000,2368.00000000,0.09398882
237.00000000,2369.00000000,0.09408596
237.00000000,2370.00000000,0.09418179
237.00000000,2371.00000000,0.09427611
237.00000000,2372.00000000,0.09436911
237.00000000,2373.00000000,0.09446069
237.00000000,2374.00000000,0.09455076
237.00000000,2375.00000000,0.09463948
237.00000000,2376.00000000,0.09472678
237.00000000,2377.00000000,0.09481253
237.00000000,2378.00000000,0.09489693
237.00000000,2379.00000000,0.09497989
237.00000000,2380.00000000,0.09506130
237.00000000,2381.00000000,0.09514132
237.00000000,2382.00000000,0.09521977
237.00000000,2383.00000000,0.09529684
237.00000000,2384.00000000,0.09537239
237.00000000,2385.00000000,0.09544632
237.00000000,2386.00000000,0.09551877
237.00000000,2387.00000000,0.09558961
237.00000000,2388.00000000,0.09528922
237.00000000,2389.00000000,0.09498687
237.00000000,2390.00000000,0.09468254
237.00000000,2391.00000000,0.09437617
237.00000000,2392.00000000,0.09406797
237.00000000,2393.00000000,0.09375788
237.00000000,2394.00000000,0.09344589
237.00000000,2395.00000000,0.09313217
237.00000000,2396.00000000,0.09281661
237.00000000,2397.00000000,0.09249939
237.00000000,2398.00000000,0.09218048
237.00000000,2399.00000000,0.09185984
237.00000000,2400.00000000,0.09153763
237.00000000,2401.00000000,0.09121385
237.00000000,2402.00000000,0.09088842
237.00000000,2403.00000000,0.09056155
237.00000000,2404.00000000,0.09023318
237.00000000,2405.00000000,0.08990327
237.00000000,2406.00000000,0.08957200
237.00000000,2407.00000000,0.08923926
237.00000000,2408.00000000,0.08890520
237.00000000,2409.00000000,0.08856981
237.00000000,2410.00000000,0.08823303
237.00000000,2411.00000000,0.08789501
237.00000000,2412.00000000,0.08755575
237.00000000,2413.00000000,0.08721514
237.00000000,2414.00000000,0.08687342
237.00000000,2415.00000000,0.08653050
237.00000000,2416.00000000,0.08618634
237.00000000,2417.00000000,0.08584113
237.00000000,2418.00000000,0.08549478
237.00000000,2419.00000000,0.08514728
237.00000000,2420.00000000,0.08479878
237.00000000,2421.00000000,0.08444917
237.00000000,2422.00000000,0.08409860
237.00000000,2423.00000000,0.08374703
237.00000000,2424.00000000,0.08339440
237.00000000,2425.00000000,0.08304090
237.00000000,2426.00000000,0.08268645
237.00000000,2427.00000000,0.08233103
237.00000000,2428.00000000,0.08197477
237.00000000,2429.00000000,0.08161764
237.00000000,2430.00000000,0.08125958
237.00000000,2431.00000000,0.08090077
237.00000000,2432.00000000,0.08054106
237.00000000,2433.00000000,0.08018063
237.00000000,2434.00000000,0.07981942
237.00000000,2435.00000000,0.07945738
237.00000000,2436.00000000,0.07909467
237.00000000,2437.00000000,0.07873123
237.00000000,2438.00000000,0.07836702
237.00000000,2439.00000000,0.07800219
237.00000000,2440.00000000,0.07763669
237.00000000,2441.00000000,0.07727047
237.00000000,2442.00000000,0.07690368
237.00000000,2443.00000000,0.07653628
237.00000000,2444.00000000,0.07616818
237.00000000,2445.00000000,0.07579958
237.00000000,2446.00000000,0.07543034
237.00000000,2447.00000000,0.07506060
237.00000000,2448.00000000,0.07469034
237.00000000,2449.00000000,0.07431947
237.00000000,2450.00000000,0.07394817
237.00000000,2451.00000000,0.07357638
237.00000000,2452.00000000,0.07320402
237.00000000,2453.00000000,0.07283127
237.00000000,2454.00000000,0.07245807
237.00000000,2455.00000000,0.07208436
237.00000000,2456.00000000,0.07171029
237.00000000,2457.00000000,0.07133574
237.00000000,2458.00000000,0.07096086
237.00000000,2459.00000000,0.07058560
237.00000000,2460.00000000,0.07020989
237.00000000,2461.00000000,0.06983390
237.00000000,2462.00000000,0.06945757
237.00000000,2463.00000000,0.06908083
237.00000000,2464.00000000,0.06870385
237.00000000,2465.00000000,0.06832658
237.00000000,2466.00000000,0.06794893
237.00000000,2467.00000000,0.06757108
237.00000000,2468.00000000,0.06719289
237.00000000,2469.00000000,0.06681452
237.00000000,2470.00000000,0.06643591
237.00000000,2471.00000000,0.06605699
237.00000000,2472.00000000,0.06567795
237.00000000,2473.00000000,0.06529869
237.00000000,2474.00000000,0.06491916
237.00000000,2475.00000000,0.06453953
237.00000000,2476.00000000,0.06415975
237.00000000,2477.00000000,0.06377971
237.00000000,2478.00000000,0.06339961
237.00000000,2479.00000000,0.06301940
237.00000000,2480.00000000,0.06263898
237.00000000,2481.00000000,0.06225853
237.00000000,2482.00000000,0.06187792
237.00000000,2483.00000000,0.06149730
237.00000000,2484.00000000,0.06111666
237.00000000,2485.00000000,0.06073593
237.00000000,2486.00000000,0.06043500
237.00000000,2487.00000000,0.06036877
237.00000000,2488.00000000,0.06036669
237.00000000,2489.00000000,0.06036479
237.00000000,2490.00000000,0.06036300
237.00000000,2491.00000000,0.06036121
237.00000000,2492.00000000,0.06035960
237.00000000,2493.00000000,0.06036805
237.00000000,2494.00000000,0.06037668
237.00000000,2495.00000000,0.06038539
237.00000000,2496.00000000,0.06039410
237.00000000,2497.00000000,0.06040297
237.00000000,2498.00000000,0.06039206
237.00000000,2499.00000000,0.06038113
237.00000000,2500.00000000,0.06037035
238.00000000,1765.00000000,0.03738694
238.00000000,1766.00000000,0.03738689
238.00000000,1767.00000000,0.03738695
238.00000000,1768.00000000,0.03738701
238.00000000,1769.00000000,0.03738717
238.00000000,1770.00000000,0.03738750
238.00000000,1771.00000000,0.03738772
238.00000000,1772.00000000,0.03738791
238.00000000,1773.00000000,0.03738842
238.00000000,1774.00000000,0.03738893
238.00000000,1775.00000000,0.03738958
238.00000000,1776.00000000,0.03739009
238.00000000,1777.00000000,0.03739072
238.00000000,1778.00000000,0.03739159
238.00000000,1779.00000000,0.03739225
238.00000000,1780.00000000,0.03739335
238.00000000,1781.00000000,0.03739412
238.00000000,1782.00000000,0.03739517
238.00000000,1783.00000000,0.03739642
238.00000000,1784.00000000,0.03739741
238.00000000,1785.00000000,0.03739863
238.00000000,1786.00000000,0.03739987
238.00000000,1787.00000000,0.03740119
238.00000000,1788.00000000,0.03740247
238.00000000,1789.00000000,0.03740390
238.00000000,1790.00000000,0.03740527
238.00000000,1791.00000000,0.03740675
238.00000000,1792.00000000,0.03740830
238.00000000,1793.00000000,0.03740984
238.00000000,1794.00000000,0.03741140
238.00000000,1795.00000000,0.03741307
238.00000000,1796.00000000,0.03741456
238.00000000,1797.00000000,0.03741618
238.00000000,1798.00000000,0.03741794
238.00000000,1799.00000000,0.03741963
238.00000000,1800.00000000,0.03742125
238.00000000,1801.00000000,0.03742311
238.00000000,1802.00000000,0.03742479
238.00000000,1803.00000000,0.03742661
238.00000000,1804.00000000,0.03742842
238.00000000,1805.00000000,0.03743020
238.00000000,1806.00000000,0.03743206
238.00000000,1807.00000000,0.03743390
238.00000000,1808.00000000,0.03743581
238.00000000,1809.00000000,0.03743770
238.00000000,1810.00000000,0.03743945
238.00000000,1811.00000000,0.03744145
238.00000000,1812.00000000,0.03744334
238.00000000,1813.00000000,0.03744524
238.00000000,1814.00000000,0.03744710
238.00000000,1815.00000000,0.03744899
238.00000000,1816.00000000,0.03745101
238.00000000,1817.00000000,0.03745290
238.00000000,1818.00000000,0.03745486
238.00000000,1819.00000000,0.03745675
238.00000000,1820.00000000,0.03745878
238.00000000,1821.00000000,0.03746069
238.00000000,1822.00000000,0.03746258
238.00000000,1823.00000000,0.03746457
238.00000000,1824.00000000,0.03746646
238.00000000,1825.00000000,0.03746849
238.00000000,1826.00000000,0.03747041
238.00000000,1827.00000000,0.03747229
238.00000000,1828.00000000,0.03747430
238.00000000,1829.00000000,0.03747615
238.00000000,1830.00000000,0.03747813
238.00000000,1831.00000000,0.03748007
238.00000000,1832.00000000,0.03748196
238.00000000,1833.00000000,0.03748383
238.00000000,1834.00000000,0.03748565
238.00000000,1835.00000000,0.03748751
238.00000000,1836.00000000,0.03748938
238.00000000,1837.00000000,0.03749123
238.00000000,1838.00000000,0.03749315
238.00000000,1839.00000000,0.03749495
238.00000000,1840.00000000,0.03749671
238.00000000,1841.00000000,0.03749851
238.00000000,1842.00000000,0.03750035
238.00000000,1843.00000000,0.03750206
238.00000000,1844.00000000,0.03750388
238.00000000,1845.00000000,0.03750555
238.00000000,1846.00000000,0.03750728
238.00000000,1847.00000000,0.03750904
238.00000000,1848.00000000,0.03751074
238.00000000,1849.00000000,0.03751238
238.00000000,1850.00000000,0.03751401
238.00000000,1851.00000000,0.03751563
238.00000000,1852.00000000,0.03751725
238.00000000,1853.00000000,0.03751901
238.00000000,1854.00000000,0.03752083
238.00000000,1855.00000000,0.03752262
238.00000000,1856.00000000,0.03752438
238.00000000,1857.00000000,0.03752605
238.00000000,1858.00000000,0.03752778
238.00000000,1859.00000000,0.03752926
238.00000000,1860.00000000,0.03753085
238.00000000,1861.00000000,0.03753241
238.00000000,1862.00000000,0.03753389
238.00000000,1863.00000000,0.03753498
238.00000000,1864.00000000,0.03753579
238.00000000,1865.00000000,0.03753647
238.00000000,1866.00000000,0.03753692
238.00000000,1867.00000000,0.03753723
238.00000000,1868.00000000,0.03753737
238.00000000,1869.00000000,0.03753744
238.00000000,1870.00000000,0.03753728
238.00000000,1871.00000000,0.03753711
238.00000000,1872.00000000,0.03753702
238.00000000,1873.00000000,0.03753718
238.00000000,1874.00000000,0.03753770
238.00000000,1875.00000000,0.03753838
238.00000000,1876.00000000,0.03753908
238.00000000,1877.00000000,0.03753997
238.00000000,1878.00000000,0.03754090
238.00000000,1879.00000000,0.03754183
238.00000000,1880.00000000,0.03754289
238.00000000,1881.00000000,0.03754397
238.00000000,1882.00000000,0.03754489
238.00000000,1883.00000000,0.03754567
238.00000000,1884.00000000,0.03754625
238.00000000,1885.00000000,0.03754669
238.00000000,1886.00000000,0.03754702
238.00000000,1887.00000000,0.03754734
238.00000000,1888.00000000,0.03754747
238.00000000,1889.00000000,0.03754755
238.00000000,1890.00000000,0.03754731
238.00000000,1891.00000000,0.03754696
238.00000000,1892.00000000,0.03754648
238.00000000,1893.00000000,0.03754602
238.00000000,1894.00000000,0.03754540
238.00000000,1895.00000000,0.03754488
238.00000000,1896.00000000,0.03754436
238.00000000,1897.00000000,0.03754379
238.00000000,1898.00000000,0.03754319
238.00000000,1899.00000000,0.03754251
238.00000000,1900.00000000,0.03754153
238.00000000,1901.00000000,0.03754054
238.00000000,1902.00000000,0.03753957
238.00000000,1903.00000000,0.03753861
238.00000000,1904.00000000,0.03753771
238.00000000,1905.00000000,0.03753691
238.00000000,1906.00000000,0.03753625
238.00000000,1907.00000000,0.03753560
238.00000000,1908.00000000,0.03753490
238.00000000,1909.00000000,0.03753412
238.00000000,1910.00000000,0.03753342
238.00000000,1911.00000000,0.03753259
238.00000000,1912.00000000,0.03753149
238.00000000,1913.00000000,0.03752989
238.00000000,1914.00000000,0.03752784
238.00000000,1915.00000000,0.03752549
238.00000000,1916.00000000,0.03752312
238.00000000,1917.00000000,0.03752077
238.00000000,1918.00000000,0.03751827
238.00000000,1919.00000000,0.03751576
238.00000000,1920.00000000,0.03751350
238.00000000,1921.00000000,0.03751161
238.00000000,1922.00000000,0.03751009
238.00000000,1923.00000000,0.03750891
238.00000000,1924.00000000,0.03750777
238.00000000,1925.00000000,0.03750659
238.00000000,1926.00000000,0.03750532
238.00000000,1927.00000000,0.03750402
238.00000000,1928.00000000,0.03750278
238.00000000,1929.00000000,0.03750148
238.00000000,1930.00000000,0.03750025
238.00000000,1931.00000000,0.03749951
238.00000000,1932.00000000,0.03749940
238.00000000,1933.00000000,0.03749963
238.00000000,1934.00000000,0.03750011
238.00000000,1935.00000000,0.03750054
238.00000000,1936.00000000,0.03750069
238.00000000,1937.00000000,0.03750034
238.00000000,1938.00000000,0.03749935
238.00000000,1939.00000000,0.03749796
238.00000000,1940.00000000,0.03749617
238.00000000,1941.00000000,0.03749385
238.00000000,1942.00000000,0.03749107
238.00000000,1943.00000000,0.03748782
238.00000000,1944.00000000,0.03748437
238.00000000,1945.00000000,0.03748088
238.00000000,1946.00000000,0.03747784
238.00000000,1947.00000000,0.03747550
238.00000000,1948.00000000,0.03747366
238.00000000,1949.00000000,0.03747177
238.00000000,1950.00000000,0.03746983
238.00000000,1951.00000000,0.03746782
238.00000000,1952.00000000,0.03746608
238.00000000,1953.00000000,0.03746446
238.00000000,1954.00000000,0.03746282
238.00000000,1955.00000000,0.03746130
238.00000000,1956.00000000,0.03745973
238.00000000,1957.00000000,0.03745803
238.00000000,1958.00000000,0.03745611
238.00000000,1959.00000000,0.03745386
238.00000000,1960.00000000,0.03745069
238.00000000,1961.00000000,0.03744661
238.00000000,1962.00000000,0.03744209
238.00000000,1963.00000000,0.03743710
238.00000000,1964.00000000,0.03743157
238.00000000,1965.00000000,0.03742532
238.00000000,1966.00000000,0.03741838
238.00000000,1967.00000000,0.03741075
238.00000000,1968.00000000,0.03740237
238.00000000,1969.00000000,0.03739289
238.00000000,1970.00000000,0.03738218
238.00000000,1971.00000000,0.03736983
238.00000000,1972.00000000,0.03735539
238.00000000,1973.00000000,0.03733919
238.00000000,1974.00000000,0.03732154
238.00000000,1975.00000000,0.03730295
238.00000000,1976.00000000,0.03728413
238.00000000,1977.00000000,0.03726536
238.00000000,1978.00000000,0.03724643
238.00000000,1979.00000000,0.03722733
238.00000000,1980.00000000,0.03720784
238.00000000,1981.00000000,0.03718825
238.00000000,1982.00000000,0.03716958
238.00000000,1983.00000000,0.03715290
238.00000000,1984.00000000,0.03713821
238.00000000,1985.00000000,0.03712502
238.00000000,1986.00000000,0.03711268
238.00000000,1987.00000000,0.03710073
238.00000000,1988.00000000,0.03708882
238.00000000,1989.00000000,0.03707675
238.00000000,1990.00000000,0.03706440
238.00000000,1991.00000000,0.03705188
238.00000000,1992.00000000,0.03703958
238.00000000,1993.00000000,0.03702753
238.00000000,1994.00000000,0.03701598
238.00000000,1995.00000000,0.03700483
238.00000000,1996.00000000,0.03699372
238.00000000,1997.00000000,0.03698235
238.00000000,1998.00000000,0.03697061
238.00000000,1999.00000000,0.03695880
238.00000000,2000.00000000,0.03694703
238.00000000,2001.00000000,0.03693515
238.00000000,2002.00000000,0.03692303
238.00000000,2003.00000000,0.03691093
238.00000000,2004.00000000,0.03690166
238.00000000,2005.00000000,0.03688771
238.00000000,2006.00000000,0.03687180
238.00000000,2007.00000000,0.03685408
238.00000000,2008.00000000,0.03683462
238.00000000,2009.00000000,0.03681474
238.00000000,2010.00000000,0.03679237
238.00000000,2011.00000000,0.03676871
238.00000000,2012.00000000,0.03674379
238.00000000,2013.00000000,0.03671762
238.00000000,2014.00000000,0.03669013
238.00000000,2015.00000000,0.03666134
238.00000000,2016.00000000,0.03663132
238.00000000,2017.00000000,0.03660009
238.00000000,2018.00000000,0.03656771
238.00000000,2019.00000000,0.03653538
238.00000000,2020.00000000,0.03650089
238.00000000,2021.00000000,0.03646546
238.00000000,2022.00000000,0.03642919
238.00000000,2023.00000000,0.03639215
238.00000000,2024.00000000,0.03635450
238.00000000,2025.00000000,0.03631634
238.00000000,2026.00000000,0.03627764
238.00000000,2027.00000000,0.03623852
238.00000000,2028.00000000,0.03619900
238.00000000,2029.00000000,0.03616024
238.00000000,2030.00000000,0.03612003
238.00000000,2031.00000000,0.03607946
238.00000000,2032.00000000,0.03603852
238.00000000,2033.00000000,0.03599703
238.00000000,2034.00000000,0.03595495
238.00000000,2035.00000000,0.03591337
238.00000000,2036.00000000,0.03587004
238.00000000,2037.00000000,0.03582602
238.00000000,2038.00000000,0.03578250
238.00000000,2039.00000000,0.03573727
238.00000000,2040.00000000,0.03569363
238.00000000,2041.00000000,0.03564613
238.00000000,2042.00000000,0.03559904
238.00000000,2043.00000000,0.03555125
238.00000000,2044.00000000,0.03550378
238.00000000,2045.00000000,0.03545435
238.00000000,2046.00000000,0.03540417
238.00000000,2047.00000000,0.03535319
238.00000000,2048.00000000,0.03530143
238.00000000,2049.00000000,0.03525008
238.00000000,2050.00000000,0.03519695
238.00000000,2051.00000000,0.03514312
238.00000000,2052.00000000,0.03508875
238.00000000,2053.00000000,0.03503484
238.00000000,2054.00000000,0.03498045
238.00000000,2055.00000000,0.03492556
238.00000000,2056.00000000,0.03486910
238.00000000,2057.00000000,0.03481224
238.00000000,2058.00000000,0.03475496
238.00000000,2059.00000000,0.03469729
238.00000000,2060.00000000,0.03464037
238.00000000,2061.00000000,0.03458317
238.00000000,2062.00000000,0.03452480
238.00000000,2063.00000000,0.03446777
238.00000000,2064.00000000,0.03441006
238.00000000,2065.00000000,0.03435385
238.00000000,2066.00000000,0.03429714
238.00000000,2067.00000000,0.03424094
238.00000000,2068.00000000,0.03419165
238.00000000,2069.00000000,0.03413551
238.00000000,2070.00000000,0.03408090
238.00000000,2071.00000000,0.03402794
238.00000000,2072.00000000,0.03397460
238.00000000,2073.00000000,0.03392315
238.00000000,2074.00000000,0.03387586
238.00000000,2075.00000000,0.03382538
238.00000000,2076.00000000,0.03377694
238.00000000,2077.00000000,0.03372951
238.00000000,2078.00000000,0.03368403
238.00000000,2079.00000000,0.03363848
238.00000000,2080.00000000,0.03359483
238.00000000,2081.00000000,0.03355096
238.00000000,2082.00000000,0.03350906
238.00000000,2083.00000000,0.03347019
238.00000000,2084.00000000,0.03342813
238.00000000,2085.00000000,0.03339019
238.00000000,2086.00000000,0.03335113
238.00000000,2087.00000000,0.03331504
238.00000000,2088.00000000,0.03328086
238.00000000,2089.00000000,0.03324342
238.00000000,2090.00000000,0.03320988
238.00000000,2091.00000000,0.03317611
238.00000000,2092.00000000,0.03315128
238.00000000,2093.00000000,0.03311922
238.00000000,2094.00000000,0.03309113
238.00000000,2095.00000000,0.03305987
238.00000000,2096.00000000,0.03302955
238.00000000,2097.00000000,0.03300417
238.00000000,2098.00000000,0.03298263
238.00000000,2099.00000000,0.03295785
238.00000000,2100.00000000,0.03293180
238.00000000,2101.00000000,0.03291155
238.00000000,2102.00000000,0.03289320
238.00000000,2103.00000000,0.03287479
238.00000000,2104.00000000,0.03285334
238.00000000,2105.00000000,0.03283815
238.00000000,2106.00000000,0.03282068
238.00000000,2107.00000000,0.03280623
238.00000000,2108.00000000,0.03279073
238.00000000,2109.00000000,0.03278017
238.00000000,2110.00000000,0.03277858
238.00000000,2111.00000000,0.03277179
238.00000000,2112.00000000,0.03274466
238.00000000,2113.00000000,0.03274234
238.00000000,2114.00000000,0.03272965
238.00000000,2115.00000000,0.03271767
238.00000000,2116.00000000,0.03270480
238.00000000,2117.00000000,0.03270504
238.00000000,2118.00000000,0.03271790
238.00000000,2119.00000000,0.03271236
238.00000000,2120.00000000,0.03271330
238.00000000,2121.00000000,0.03271781
238.00000000,2122.00000000,0.03270988
238.00000000,2123.00000000,0.03270146
238.00000000,2124.00000000,0.03269559
238.00000000,2125.00000000,0.03270022
238.00000000,2126.00000000,0.03272325
238.00000000,2127.00000000,0.03271500
238.00000000,2128.00000000,0.03273608
238.00000000,2129.00000000,0.03274479
238.00000000,2130.00000000,0.03274009
238.00000000,2131.00000000,0.03272994
238.00000000,2132.00000000,0.03273723
238.00000000,2133.00000000,0.03275499
238.00000000,2134.00000000,0.03276333
238.00000000,2135.00000000,0.03278017
238.00000000,2136.00000000,0.03280152
238.00000000,2137.00000000,0.03284025
238.00000000,2138.00000000,0.03286467
238.00000000,2139.00000000,0.03288068
238.00000000,2140.00000000,0.03289328
238.00000000,2141.00000000,0.03294305
238.00000000,2142.00000000,0.03294969
238.00000000,2143.00000000,0.03298851
238.00000000,2144.00000000,0.03303270
238.00000000,2145.00000000,0.03310988
238.00000000,2146.00000000,0.03307759
238.00000000,2147.00000000,0.03311386
238.00000000,2148.00000000,0.03314939
238.00000000,2149.00000000,0.03316840
238.00000000,2150.00000000,0.03321337
238.00000000,2151.00000000,0.03327950
238.00000000,2152.00000000,0.03319144
238.00000000,2153.00000000,0.03318488
238.00000000,2154.00000000,0.03325424
238.00000000,2155.00000000,0.03331657
238.00000000,2156.00000000,0.03330860
238.00000000,2157.00000000,0.03319278
238.00000000,2158.00000000,0.03333185
238.00000000,2159.00000000,0.03322068
238.00000000,2160.00000000,0.03328046
238.00000000,2161.00000000,0.03342422
238.00000000,2162.00000000,0.03343916
238.00000000,2163.00000000,0.03347462
238.00000000,2164.00000000,0.03350775
238.00000000,2165.00000000,0.03361292
238.00000000,2166.00000000,0.03364432
238.00000000,2167.00000000,0.03375356
238.00000000,2168.00000000,0.03369345
238.00000000,2169.00000000,0.03361360
238.00000000,2170.00000000,0.03355476
238.00000000,2171.00000000,0.03363561
238.00000000,2172.00000000,0.03375199
238.00000000,2173.00000000,0.03384416
238.00000000,2174.00000000,0.03398689
238.00000000,2175.00000000,0.03410729
238.00000000,2176.00000000,0.03408338
238.00000000,2177.00000000,0.03417786
238.00000000,2178.00000000,0.03433098
238.00000000,2179.00000000,0.03441362
238.00000000,2180.00000000,0.03447067
238.00000000,2181.00000000,0.03457034
238.00000000,2182.00000000,0.03461423
238.00000000,2183.00000000,0.03444308
238.00000000,2184.00000000,0.03457654
238.00000000,2185.00000000,0.03478875
238.00000000,2186.00000000,0.03492529
238.00000000,2187.00000000,0.03493523
238.00000000,2188.00000000,0.03521136
238.00000000,2189.00000000,0.03541580
238.00000000,2190.00000000,0.03551054
238.00000000,2191.00000000,0.03562421
238.00000000,2192.00000000,0.03571818
238.00000000,2193.00000000,0.03597098
238.00000000,2194.00000000,0.03618195
238.00000000,2195.00000000,0.03635082
238.00000000,2196.00000000,0.03648862
238.00000000,2197.00000000,0.03670187
238.00000000,2198.00000000,0.03689948
238.00000000,2199.00000000,0.03699814
238.00000000,2200.00000000,0.03719009
238.00000000,2201.00000000,0.03742735
238.00000000,2202.00000000,0.03767910
238.00000000,2203.00000000,0.03790912
238.00000000,2204.00000000,0.03816501
238.00000000,2205.00000000,0.03836687
238.00000000,2206.00000000,0.03864442
238.00000000,2207.00000000,0.03896057
238.00000000,2208.00000000,0.03934569
238.00000000,2209.00000000,0.03960666
238.00000000,2210.00000000,0.03988317
238.00000000,2211.00000000,0.04023295
238.00000000,2212.00000000,0.04034639
238.00000000,2213.00000000,0.04042122
238.00000000,2214.00000000,0.04081038
238.00000000,2215.00000000,0.04107310
238.00000000,2216.00000000,0.04126356
238.00000000,2217.00000000,0.04167374
238.00000000,2218.00000000,0.04172834
238.00000000,2219.00000000,0.04166789
238.00000000,2220.00000000,0.04173910
238.00000000,2221.00000000,0.04183722
238.00000000,2222.00000000,0.04214747
238.00000000,2223.00000000,0.04243209
238.00000000,2224.00000000,0.04273172
238.00000000,2225.00000000,0.04300869
238.00000000,2226.00000000,0.04336093
238.00000000,2227.00000000,0.04362243
238.00000000,2228.00000000,0.04380984
238.00000000,2229.00000000,0.04403766
238.00000000,2230.00000000,0.04404097
238.00000000,2231.00000000,0.04417884
238.00000000,2232.00000000,0.04444034
238.00000000,2233.00000000,0.04471694
238.00000000,2234.00000000,0.04500436
238.00000000,2235.00000000,0.04526207
238.00000000,2236.00000000,0.04536773
238.00000000,2237.00000000,0.04548812
238.00000000,2238.00000000,0.04581472
238.00000000,2239.00000000,0.04613845
238.00000000,2240.00000000,0.04634543
238.00000000,2241.00000000,0.04687069
238.00000000,2242.00000000,0.04745425
238.00000000,2243.00000000,0.04794477
238.00000000,2244.00000000,0.04831703
238.00000000,2245.00000000,0.04869240
238.00000000,2246.00000000,0.04907099
238.00000000,2247.00000000,0.04945247
238.00000000,2248.00000000,0.04983690
238.00000000,2249.00000000,0.05030374
238.00000000,2250.00000000,0.05077360
238.00000000,2251.00000000,0.05124587
238.00000000,2252.00000000,0.05171987
238.00000000,2253.00000000,0.05219519
238.00000000,2254.00000000,0.05267168
238.00000000,2255.00000000,0.05314921
238.00000000,2256.00000000,0.05362766
238.00000000,2257.00000000,0.05410703
238.00000000,2258.00000000,0.05458725
238.00000000,2259.00000000,0.05503229
238.00000000,2260.00000000,0.05547800
238.00000000,2261.00000000,0.05592434
238.00000000,2262.00000000,0.05637144
238.00000000,2263.00000000,0.05681931
238.00000000,2264.00000000,0.05726798
238.00000000,2265.00000000,0.05771753
238.00000000,2266.00000000,0.05816797
238.00000000,2267.00000000,0.05861930
238.00000000,2268.00000000,0.05907162
238.00000000,2269.00000000,0.05960134
238.00000000,2270.00000000,0.06013234
238.00000000,2271.00000000,0.06066467
238.00000000,2272.00000000,0.06119827
238.00000000,2273.00000000,0.06173311
238.00000000,2274.00000000,0.06226921
238.00000000,2275.00000000,0.06280651
238.00000000,2276.00000000,0.06334504
238.00000000,2277.00000000,0.06388477
238.00000000,2278.00000000,0.06442564
238.00000000,2279.00000000,0.06502442
238.00000000,2280.00000000,0.06562456
238.00000000,2281.00000000,0.06622598
238.00000000,2282.00000000,0.06682871
238.00000000,2283.00000000,0.06743267
238.00000000,2284.00000000,0.06803776
238.00000000,2285.00000000,0.06864403
238.00000000,2286.00000000,0.06925133
238.00000000,2287.00000000,0.06985971
238.00000000,2288.00000000,0.07046907
238.00000000,2289.00000000,0.07107606
238.00000000,2290.00000000,0.07168397
238.00000000,2291.00000000,0.07229269
238.00000000,2292.00000000,0.07290212
238.00000000,2293.00000000,0.07351230
238.00000000,2294.00000000,0.07412312
238.00000000,2295.00000000,0.07473447
238.00000000,2296.00000000,0.07534638
238.00000000,2297.00000000,0.07595871
238.00000000,2298.00000000,0.07657135
238.00000000,2299.00000000,0.07705657
238.00000000,2300.00000000,0.07754155
238.00000000,2301.00000000,0.07802636
238.00000000,2302.00000000,0.07851089
238.00000000,2303.00000000,0.07899509
238.00000000,2304.00000000,0.07947900
238.00000000,2305.00000000,0.07996254
238.00000000,2306.00000000,0.08044562
238.00000000,2307.00000000,0.08092829
238.00000000,2308.00000000,0.08141046
238.00000000,2309.00000000,0.08177543
238.00000000,2310.00000000,0.08213950
238.00000000,2311.00000000,0.08250260
238.00000000,2312.00000000,0.08286479
238.00000000,2313.00000000,0.08322602
238.00000000,2314.00000000,0.08358625
238.00000000,2315.00000000,0.08394555
238.00000000,2316.00000000,0.08430385
238.00000000,2317.00000000,0.08466110
238.00000000,2318.00000000,0.08501737
238.00000000,2319.00000000,0.08530680
238.00000000,2320.00000000,0.08559494
238.00000000,2321.00000000,0.08588190
238.00000000,2322.00000000,0.08616756
238.00000000,2323.00000000,0.08645204
238.00000000,2324.00000000,0.08673527
238.00000000,2325.00000000,0.08701721
238.00000000,2326.00000000,0.08729796
238.00000000,2327.00000000,0.08757744
238.00000000,2328.00000000,0.08785559
238.00000000,2329.00000000,0.08806409
238.00000000,2330.00000000,0.08827114
238.00000000,2331.00000000,0.08847667
238.00000000,2332.00000000,0.08868081
238.00000000,2333.00000000,0.08888354
238.00000000,2334.00000000,0.08908477
238.00000000,2335.00000000,0.08928465
238.00000000,2336.00000000,0.08948305
238.00000000,2337.00000000,0.08968010
238.00000000,2338.00000000,0.08987572
238.00000000,2339.00000000,0.09001694
238.00000000,2340.00000000,0.09015670
238.00000000,2341.00000000,0.09029495
238.00000000,2342.00000000,0.09043161
238.00000000,2343.00000000,0.09056685
238.00000000,2344.00000000,0.09070059
238.00000000,2345.00000000,0.09083277
238.00000000,2346.00000000,0.09096355
238.00000000,2347.00000000,0.09109279
238.00000000,2348.00000000,0.09122065
238.00000000,2349.00000000,0.09134706
238.00000000,2350.00000000,0.09147194
238.00000000,2351.00000000,0.09159546
238.00000000,2352.00000000,0.09171755
238.00000000,2353.00000000,0.09183813
238.00000000,2354.00000000,0.09195737
238.00000000,2355.00000000,0.09207519
238.00000000,2356.00000000,0.09219151
238.00000000,2357.00000000,0.09230650
238.00000000,2358.00000000,0.09242009
238.00000000,2359.00000000,0.09253218
238.00000000,2360.00000000,0.09264295
238.00000000,2361.00000000,0.09275223
238.00000000,2362.00000000,0.09286019
238.00000000,2363.00000000,0.09296676
238.00000000,2364.00000000,0.09307183
238.00000000,2365.00000000,0.09317559
238.00000000,2366.00000000,0.09327797
238.00000000,2367.00000000,0.09337883
238.00000000,2368.00000000,0.09347839
238.00000000,2369.00000000,0.09357656
238.00000000,2370.00000000,0.09367322
238.00000000,2371.00000000,0.09376857
238.00000000,2372.00000000,0.09386241
238.00000000,2373.00000000,0.09395494
238.00000000,2374.00000000,0.09404606
238.00000000,2375.00000000,0.09413567
238.00000000,2376.00000000,0.09422394
238.00000000,2377.00000000,0.09431079
238.00000000,2378.00000000,0.09439611
238.00000000,2379.00000000,0.09448008
238.00000000,2380.00000000,0.09456261
238.00000000,2381.00000000,0.09464361
238.00000000,2382.00000000,0.09472322
238.00000000,2383.00000000,0.09480127
238.00000000,2384.00000000,0.09487793
238.00000000,2385.00000000,0.09495310
238.00000000,2386.00000000,0.09502665
238.00000000,2387.00000000,0.09509873
238.00000000,2388.00000000,0.09516919
238.00000000,2389.00000000,0.09487007
238.00000000,2390.00000000,0.09456900
238.00000000,2391.00000000,0.09426595
238.00000000,2392.00000000,0.09396088
238.00000000,2393.00000000,0.09365397
238.00000000,2394.00000000,0.09334520
238.00000000,2395.00000000,0.09303453
238.00000000,2396.00000000,0.09272214
238.00000000,2397.00000000,0.09240792
238.00000000,2398.00000000,0.09209204
238.00000000,2399.00000000,0.09177448
238.00000000,2400.00000000,0.09145520
238.00000000,2401.00000000,0.09113437
238.00000000,2402.00000000,0.09081197
238.00000000,2403.00000000,0.09048792
238.00000000,2404.00000000,0.09016245
238.00000000,2405.00000000,0.08983548
238.00000000,2406.00000000,0.08950698
238.00000000,2407.00000000,0.08917712
238.00000000,2408.00000000,0.08884580
238.00000000,2409.00000000,0.08851319
238.00000000,2410.00000000,0.08817923
238.00000000,2411.00000000,0.08784388
238.00000000,2412.00000000,0.08750731
238.00000000,2413.00000000,0.08716950
238.00000000,2414.00000000,0.08683037
238.00000000,2415.00000000,0.08649010
238.00000000,2416.00000000,0.08614866
238.00000000,2417.00000000,0.08580597
238.00000000,2418.00000000,0.08546223
238.00000000,2419.00000000,0.08511739
238.00000000,2420.00000000,0.08477138
238.00000000,2421.00000000,0.08442437
238.00000000,2422.00000000,0.08407625
238.00000000,2423.00000000,0.08372719
238.00000000,2424.00000000,0.08337713
238.00000000,2425.00000000,0.08302602
238.00000000,2426.00000000,0.08267404
238.00000000,2427.00000000,0.08232112
238.00000000,2428.00000000,0.08196722
238.00000000,2429.00000000,0.08161250
238.00000000,2430.00000000,0.08125690
238.00000000,2431.00000000,0.08090038
238.00000000,2432.00000000,0.08054311
238.00000000,2433.00000000,0.08018495
238.00000000,2434.00000000,0.07982607
238.00000000,2435.00000000,0.07946642
238.00000000,2436.00000000,0.07910593
238.00000000,2437.00000000,0.07874479
238.00000000,2438.00000000,0.07838292
238.00000000,2439.00000000,0.07802028
238.00000000,2440.00000000,0.07765702
238.00000000,2441.00000000,0.07729311
238.00000000,2442.00000000,0.07692845
238.00000000,2443.00000000,0.07656325
238.00000000,2444.00000000,0.07619743
238.00000000,2445.00000000,0.07583093
238.00000000,2446.00000000,0.07546392
238.00000000,2447.00000000,0.07509627
238.00000000,2448.00000000,0.07472814
238.00000000,2449.00000000,0.07435948
238.00000000,2450.00000000,0.07399021
238.00000000,2451.00000000,0.07362051
238.00000000,2452.00000000,0.07325033
238.00000000,2453.00000000,0.07287957
238.00000000,2454.00000000,0.07250843
238.00000000,2455.00000000,0.07213684
238.00000000,2456.00000000,0.07176474
238.00000000,2457.00000000,0.07139229
238.00000000,2458.00000000,0.07101935
238.00000000,2459.00000000,0.07064609
238.00000000,2460.00000000,0.07027247
238.00000000,2461.00000000,0.06989838
238.00000000,2462.00000000,0.06952402
238.00000000,2463.00000000,0.06914932
238.00000000,2464.00000000,0.06877421
238.00000000,2465.00000000,0.06839887
238.00000000,2466.00000000,0.06802322
238.00000000,2467.00000000,0.06764720
238.00000000,2468.00000000,0.06727100
238.00000000,2469.00000000,0.06689444
238.00000000,2470.00000000,0.06651771
238.00000000,2471.00000000,0.06614075
238.00000000,2472.00000000,0.06576348
238.00000000,2473.00000000,0.06538606
238.00000000,2474.00000000,0.06500846
238.00000000,2475.00000000,0.06463058
238.00000000,2476.00000000,0.06425261
238.00000000,2477.00000000,0.06387446
238.00000000,2478.00000000,0.06349608
238.00000000,2479.00000000,0.06311764
238.00000000,2480.00000000,0.06273908
238.00000000,2481.00000000,0.06236030
238.00000000,2482.00000000,0.06198151
238.00000000,2483.00000000,0.06160256
238.00000000,2484.00000000,0.06122360
238.00000000,2485.00000000,0.06084462
238.00000000,2486.00000000,0.06046554
238.00000000,2487.00000000,0.06016592
238.00000000,2488.00000000,0.06009995
238.00000000,2489.00000000,0.06009784
238.00000000,2490.00000000,0.06009591
238.00000000,2491.00000000,0.06009409
238.00000000,2492.00000000,0.06009227
238.00000000,2493.00000000,0.06009063
238.00000000,2494.00000000,0.06009901
238.00000000,2495.00000000,0.06010756
238.00000000,2496.00000000,0.06011619
238.00000000,2497.00000000,0.06012483
238.00000000,2498.00000000,0.06013362
238.00000000,2499.00000000,0.06012272
238.00000000,2500.00000000,0.06011180
239.00000000,1765.00000000,0.03717282
239.00000000,1766.00000000,0.03717283
239.00000000,1767.00000000,0.03717281
239.00000000,1768.00000000,0.03717292
239.00000000,1769.00000000,0.03717303
239.00000000,1770.00000000,0.03717326
239.00000000,1771.00000000,0.03717366
239.00000000,1772.00000000,0.03717395
239.00000000,1773.00000000,0.03717420
239.00000000,1774.00000000,0.03717478
239.00000000,1775.00000000,0.03717536
239.00000000,1776.00000000,0.03717608
239.00000000,1777.00000000,0.03717666
239.00000000,1778.00000000,0.03717736
239.00000000,1779.00000000,0.03717829
239.00000000,1780.00000000,0.03717902
239.00000000,1781.00000000,0.03718016
239.00000000,1782.00000000,0.03718099
239.00000000,1783.00000000,0.03718209
239.00000000,1784.00000000,0.03718338
239.00000000,1785.00000000,0.03718442
239.00000000,1786.00000000,0.03718568
239.00000000,1787.00000000,0.03718697
239.00000000,1788.00000000,0.03718832
239.00000000,1789.00000000,0.03718964
239.00000000,1790.00000000,0.03719110
239.00000000,1791.00000000,0.03719251
239.00000000,1792.00000000,0.03719402
239.00000000,1793.00000000,0.03719559
239.00000000,1794.00000000,0.03719716
239.00000000,1795.00000000,0.03719874
239.00000000,1796.00000000,0.03720042
239.00000000,1797.00000000,0.03720194
239.00000000,1798.00000000,0.03720357
239.00000000,1799.00000000,0.03720535
239.00000000,1800.00000000,0.03720705
239.00000000,1801.00000000,0.03720869
239.00000000,1802.00000000,0.03721055
239.00000000,1803.00000000,0.03721224
239.00000000,1804.00000000,0.03721406
239.00000000,1805.00000000,0.03721588
239.00000000,1806.00000000,0.03721766
239.00000000,1807.00000000,0.03721953
239.00000000,1808.00000000,0.03722137
239.00000000,1809.00000000,0.03722328
239.00000000,1810.00000000,0.03722517
239.00000000,1811.00000000,0.03722693
239.00000000,1812.00000000,0.03722892
239.00000000,1813.00000000,0.03723081
239.00000000,1814.00000000,0.03723271
239.00000000,1815.00000000,0.03723456
239.00000000,1816.00000000,0.03723645
239.00000000,1817.00000000,0.03723846
239.00000000,1818.00000000,0.03724034
239.00000000,1819.00000000,0.03724229
239.00000000,1820.00000000,0.03724418
239.00000000,1821.00000000,0.03724619
239.00000000,1822.00000000,0.03724809
239.00000000,1823.00000000,0.03724998
239.00000000,1824.00000000,0.03725194
239.00000000,1825.00000000,0.03725383
239.00000000,1826.00000000,0.03725584
239.00000000,1827.00000000,0.03725775
239.00000000,1828.00000000,0.03725961
239.00000000,1829.00000000,0.03726160
239.00000000,1830.00000000,0.03726344
239.00000000,1831.00000000,0.03726540
239.00000000,1832.00000000,0.03726731
239.00000000,1833.00000000,0.03726918
239.00000000,1834.00000000,0.03727104
239.00000000,1835.00000000,0.03727284
239.00000000,1836.00000000,0.03727468
239.00000000,1837.00000000,0.03727652
239.00000000,1838.00000000,0.03727835
239.00000000,1839.00000000,0.03728025
239.00000000,1840.00000000,0.03728203
239.00000000,1841.00000000,0.03728377
239.00000000,1842.00000000,0.03728554
239.00000000,1843.00000000,0.03728735
239.00000000,1844.00000000,0.03728904
239.00000000,1845.00000000,0.03729084
239.00000000,1846.00000000,0.03729248
239.00000000,1847.00000000,0.03729418
239.00000000,1848.00000000,0.03729591
239.00000000,1849.00000000,0.03729759
239.00000000,1850.00000000,0.03729920
239.00000000,1851.00000000,0.03730078
239.00000000,1852.00000000,0.03730236
239.00000000,1853.00000000,0.03730414
239.00000000,1854.00000000,0.03730596
239.00000000,1855.00000000,0.03730775
239.00000000,1856.00000000,0.03730946
239.00000000,1857.00000000,0.03731117
239.00000000,1858.00000000,0.03731278
239.00000000,1859.00000000,0.03731446
239.00000000,1860.00000000,0.03731591
239.00000000,1861.00000000,0.03731745
239.00000000,1862.00000000,0.03731891
239.00000000,1863.00000000,0.03732005
239.00000000,1864.00000000,0.03732087
239.00000000,1865.00000000,0.03732146
239.00000000,1866.00000000,0.03732197
239.00000000,1867.00000000,0.03732226
239.00000000,1868.00000000,0.03732243
239.00000000,1869.00000000,0.03732243
239.00000000,1870.00000000,0.03732237
239.00000000,1871.00000000,0.03732213
239.00000000,1872.00000000,0.03732202
239.00000000,1873.00000000,0.03732228
239.00000000,1874.00000000,0.03732268
239.00000000,1875.00000000,0.03732336
239.00000000,1876.00000000,0.03732417
239.00000000,1877.00000000,0.03732494
239.00000000,1878.00000000,0.03732591
239.00000000,1879.00000000,0.03732689
239.00000000,1880.00000000,0.03732784
239.00000000,1881.00000000,0.03732890
239.00000000,1882.00000000,0.03732997
239.00000000,1883.00000000,0.03733065
239.00000000,1884.00000000,0.03733122
239.00000000,1885.00000000,0.03733166
239.00000000,1886.00000000,0.03733200
239.00000000,1887.00000000,0.03733226
239.00000000,1888.00000000,0.03733247
239.00000000,1889.00000000,0.03733246
239.00000000,1890.00000000,0.03733238
239.00000000,1891.00000000,0.03733196
239.00000000,1892.00000000,0.03733145
239.00000000,1893.00000000,0.03733091
239.00000000,1894.00000000,0.03733043
239.00000000,1895.00000000,0.03732986
239.00000000,1896.00000000,0.03732935
239.00000000,1897.00000000,0.03732880
239.00000000,1898.00000000,0.03732817
239.00000000,1899.00000000,0.03732746
239.00000000,1900.00000000,0.03732663
239.00000000,1901.00000000,0.03732551
239.00000000,1902.00000000,0.03732459
239.00000000,1903.00000000,0.03732365
239.00000000,1904.00000000,0.03732274
239.00000000,1905.00000000,0.03732193
239.00000000,1906.00000000,0.03732125
239.00000000,1907.00000000,0.03732065
239.00000000,1908.00000000,0.03731995
239.00000000,1909.00000000,0.03731922
239.00000000,1910.00000000,0.03731845
239.00000000,1911.00000000,0.03731766
239.00000000,1912.00000000,0.03731652
239.00000000,1913.00000000,0.03731497
239.00000000,1914.00000000,0.03731290
239.00000000,1915.00000000,0.03731062
239.00000000,1916.00000000,0.03730824
239.00000000,1917.00000000,0.03730585
239.00000000,1918.00000000,0.03730342
239.00000000,1919.00000000,0.03730093
239.00000000,1920.00000000,0.03729868
239.00000000,1921.00000000,0.03729675
239.00000000,1922.00000000,0.03729530
239.00000000,1923.00000000,0.03729411
239.00000000,1924.00000000,0.03729298
239.00000000,1925.00000000,0.03729177
239.00000000,1926.00000000,0.03729054
239.00000000,1927.00000000,0.03728925
239.00000000,1928.00000000,0.03728799
239.00000000,1929.00000000,0.03728672
239.00000000,1930.00000000,0.03728550
239.00000000,1931.00000000,0.03728476
239.00000000,1932.00000000,0.03728464
239.00000000,1933.00000000,0.03728486
239.00000000,1934.00000000,0.03728535
239.00000000,1935.00000000,0.03728578
239.00000000,1936.00000000,0.03728592
239.00000000,1937.00000000,0.03728559
239.00000000,1938.00000000,0.03728460
239.00000000,1939.00000000,0.03728317
239.00000000,1940.00000000,0.03728143
239.00000000,1941.00000000,0.03727914
239.00000000,1942.00000000,0.03727629
239.00000000,1943.00000000,0.03727318
239.00000000,1944.00000000,0.03726967
239.00000000,1945.00000000,0.03726619
239.00000000,1946.00000000,0.03726318
239.00000000,1947.00000000,0.03726094
239.00000000,1948.00000000,0.03725900
239.00000000,1949.00000000,0.03725717
239.00000000,1950.00000000,0.03725522
239.00000000,1951.00000000,0.03725319
239.00000000,1952.00000000,0.03725153
239.00000000,1953.00000000,0.03724989
239.00000000,1954.00000000,0.03724824
239.00000000,1955.00000000,0.03724672
239.00000000,1956.00000000,0.03724521
239.00000000,1957.00000000,0.03724348
239.00000000,1958.00000000,0.03724155
239.00000000,1959.00000000,0.03723933
239.00000000,1960.00000000,0.03723616
239.00000000,1961.00000000,0.03723213
239.00000000,1962.00000000,0.03722762
239.00000000,1963.00000000,0.03722266
239.00000000,1964.00000000,0.03721714
239.00000000,1965.00000000,0.03721095
239.00000000,1966.00000000,0.03720402
239.00000000,1967.00000000,0.03719645
239.00000000,1968.00000000,0.03718809
239.00000000,1969.00000000,0.03717867
239.00000000,1970.00000000,0.03716803
239.00000000,1971.00000000,0.03715573
239.00000000,1972.00000000,0.03714139
239.00000000,1973.00000000,0.03712525
239.00000000,1974.00000000,0.03710768
239.00000000,1975.00000000,0.03708924
239.00000000,1976.00000000,0.03707048
239.00000000,1977.00000000,0.03705180
239.00000000,1978.00000000,0.03703300
239.00000000,1979.00000000,0.03701398
239.00000000,1980.00000000,0.03699462
239.00000000,1981.00000000,0.03697510
239.00000000,1982.00000000,0.03695654
239.00000000,1983.00000000,0.03693996
239.00000000,1984.00000000,0.03692532
239.00000000,1985.00000000,0.03691219
239.00000000,1986.00000000,0.03689991
239.00000000,1987.00000000,0.03688802
239.00000000,1988.00000000,0.03687616
239.00000000,1989.00000000,0.03686414
239.00000000,1990.00000000,0.03685182
239.00000000,1991.00000000,0.03683937
239.00000000,1992.00000000,0.03682712
239.00000000,1993.00000000,0.03681512
239.00000000,1994.00000000,0.03680360
239.00000000,1995.00000000,0.03679248
239.00000000,1996.00000000,0.03678142
239.00000000,1997.00000000,0.03677008
239.00000000,1998.00000000,0.03675838
239.00000000,1999.00000000,0.03674658
239.00000000,2000.00000000,0.03673484
239.00000000,2001.00000000,0.03672298
239.00000000,2002.00000000,0.03671087
239.00000000,2003.00000000,0.03669880
239.00000000,2004.00000000,0.03668617
239.00000000,2005.00000000,0.03667560
239.00000000,2006.00000000,0.03665980
239.00000000,2007.00000000,0.03664204
239.00000000,2008.00000000,0.03662266
239.00000000,2009.00000000,0.03660174
239.00000000,2010.00000000,0.03658054
239.00000000,2011.00000000,0.03655698
239.00000000,2012.00000000,0.03653217
239.00000000,2013.00000000,0.03650607
239.00000000,2014.00000000,0.03647870
239.00000000,2015.00000000,0.03645005
239.00000000,2016.00000000,0.03642014
239.00000000,2017.00000000,0.03638905
239.00000000,2018.00000000,0.03635682
239.00000000,2019.00000000,0.03632350
239.00000000,2020.00000000,0.03629030
239.00000000,2021.00000000,0.03625502
239.00000000,2022.00000000,0.03621891
239.00000000,2023.00000000,0.03618208
239.00000000,2024.00000000,0.03614460
239.00000000,2025.00000000,0.03610658
239.00000000,2026.00000000,0.03606813
239.00000000,2027.00000000,0.03602918
239.00000000,2028.00000000,0.03598985
239.00000000,2029.00000000,0.03595016
239.00000000,2030.00000000,0.03591126
239.00000000,2031.00000000,0.03587091
239.00000000,2032.00000000,0.03583014
239.00000000,2033.00000000,0.03578889
239.00000000,2034.00000000,0.03574702
239.00000000,2035.00000000,0.03570452
239.00000000,2036.00000000,0.03566251
239.00000000,2037.00000000,0.03561876
239.00000000,2038.00000000,0.03557432
239.00000000,2039.00000000,0.03553043
239.00000000,2040.00000000,0.03548484
239.00000000,2041.00000000,0.03544085
239.00000000,2042.00000000,0.03539295
239.00000000,2043.00000000,0.03534536
239.00000000,2044.00000000,0.03529704
239.00000000,2045.00000000,0.03524902
239.00000000,2046.00000000,0.03519905
239.00000000,2047.00000000,0.03514835
239.00000000,2048.00000000,0.03509689
239.00000000,2049.00000000,0.03504469
239.00000000,2050.00000000,0.03499292
239.00000000,2051.00000000,0.03493943
239.00000000,2052.00000000,0.03488529
239.00000000,2053.00000000,0.03483064
239.00000000,2054.00000000,0.03477650
239.00000000,2055.00000000,0.03472190
239.00000000,2056.00000000,0.03466684
239.00000000,2057.00000000,0.03461024
239.00000000,2058.00000000,0.03455329
239.00000000,2059.00000000,0.03449595
239.00000000,2060.00000000,0.03443823
239.00000000,2061.00000000,0.03438134
239.00000000,2062.00000000,0.03432439
239.00000000,2063.00000000,0.03426656
239.00000000,2064.00000000,0.03421020
239.00000000,2065.00000000,0.03415327
239.00000000,2066.00000000,0.03409788
239.00000000,2067.00000000,0.03404202
239.00000000,2068.00000000,0.03398666
239.00000000,2069.00000000,0.03393815
239.00000000,2070.00000000,0.03388282
239.00000000,2071.00000000,0.03382903
239.00000000,2072.00000000,0.03377702
239.00000000,2073.00000000,0.03372484
239.00000000,2074.00000000,0.03367462
239.00000000,2075.00000000,0.03362857
239.00000000,2076.00000000,0.03357937
239.00000000,2077.00000000,0.03353215
239.00000000,2078.00000000,0.03348592
239.00000000,2079.00000000,0.03344157
239.00000000,2080.00000000,0.03339711
239.00000000,2081.00000000,0.03335452
239.00000000,2082.00000000,0.03331177
239.00000000,2083.00000000,0.03327101
239.00000000,2084.00000000,0.03323331
239.00000000,2085.00000000,0.03319243
239.00000000,2086.00000000,0.03315561
239.00000000,2087.00000000,0.03311767
239.00000000,2088.00000000,0.03308260
239.00000000,2089.00000000,0.03304941
239.00000000,2090.00000000,0.03301293
239.00000000,2091.00000000,0.03298033
239.00000000,2092.00000000,0.03294755
239.00000000,2093.00000000,0.03292373
239.00000000,2094.00000000,0.03289275
239.00000000,2095.00000000,0.03286570
239.00000000,2096.00000000,0.03283551
239.00000000,2097.00000000,0.03280621
239.00000000,2098.00000000,0.03278178
239.00000000,2099.00000000,0.03276114
239.00000000,2100.00000000,0.03273724
239.00000000,2101.00000000,0.03271208
239.00000000,2102.00000000,0.03269273
239.00000000,2103.00000000,0.03267536
239.00000000,2104.00000000,0.03265793
239.00000000,2105.00000000,0.03263749
239.00000000,2106.00000000,0.03262324
239.00000000,2107.00000000,0.03260671
239.00000000,2108.00000000,0.03259314
239.00000000,2109.00000000,0.03257850
239.00000000,2110.00000000,0.03256873
239.00000000,2111.00000000,0.03256784
239.00000000,2112.00000000,0.03256176
239.00000000,2113.00000000,0.03253544
239.00000000,2114.00000000,0.03253374
239.00000000,2115.00000000,0.03252172
239.00000000,2116.00000000,0.03251038
239.00000000,2117.00000000,0.03249812
239.00000000,2118.00000000,0.03249887
239.00000000,2119.00000000,0.03251215
239.00000000,2120.00000000,0.03250712
239.00000000,2121.00000000,0.03250853
239.00000000,2122.00000000,0.03251346
239.00000000,2123.00000000,0.03250600
239.00000000,2124.00000000,0.03249807
239.00000000,2125.00000000,0.03249264
239.00000000,2126.00000000,0.03249764
239.00000000,2127.00000000,0.03252093
239.00000000,2128.00000000,0.03251311
239.00000000,2129.00000000,0.03253445
239.00000000,2130.00000000,0.03254348
239.00000000,2131.00000000,0.03253917
239.00000000,2132.00000000,0.03252945
239.00000000,2133.00000000,0.03253705
239.00000000,2134.00000000,0.03255503
239.00000000,2135.00000000,0.03256366
239.00000000,2136.00000000,0.03258074
239.00000000,2137.00000000,0.03260228
239.00000000,2138.00000000,0.03264109
239.00000000,2139.00000000,0.03266568
239.00000000,2140.00000000,0.03268191
239.00000000,2141.00000000,0.03269474
239.00000000,2142.00000000,0.03274450
239.00000000,2143.00000000,0.03275141
239.00000000,2144.00000000,0.03279028
239.00000000,2145.00000000,0.03283450
239.00000000,2146.00000000,0.03291151
239.00000000,2147.00000000,0.03287970
239.00000000,2148.00000000,0.03291603
239.00000000,2149.00000000,0.03295163
239.00000000,2150.00000000,0.03297080
239.00000000,2151.00000000,0.03301596
239.00000000,2152.00000000,0.03308265
239.00000000,2153.00000000,0.03299654
239.00000000,2154.00000000,0.03299165
239.00000000,2155.00000000,0.03306235
239.00000000,2156.00000000,0.03312610
239.00000000,2157.00000000,0.03311993
239.00000000,2158.00000000,0.03300647
239.00000000,2159.00000000,0.03314642
239.00000000,2160.00000000,0.03303749
239.00000000,2161.00000000,0.03309849
239.00000000,2162.00000000,0.03324298
239.00000000,2163.00000000,0.03325929
239.00000000,2164.00000000,0.03329598
239.00000000,2165.00000000,0.03333031
239.00000000,2166.00000000,0.03343624
239.00000000,2167.00000000,0.03346877
239.00000000,2168.00000000,0.03357869
239.00000000,2169.00000000,0.03352010
239.00000000,2170.00000000,0.03344184
239.00000000,2171.00000000,0.03338444
239.00000000,2172.00000000,0.03346600
239.00000000,2173.00000000,0.03358287
239.00000000,2174.00000000,0.03367564
239.00000000,2175.00000000,0.03381869
239.00000000,2176.00000000,0.03393952
239.00000000,2177.00000000,0.03391671
239.00000000,2178.00000000,0.03401169
239.00000000,2179.00000000,0.03416501
239.00000000,2180.00000000,0.03424819
239.00000000,2181.00000000,0.03430588
239.00000000,2182.00000000,0.03440597
239.00000000,2183.00000000,0.03445053
239.00000000,2184.00000000,0.03428104
239.00000000,2185.00000000,0.03441472
239.00000000,2186.00000000,0.03462676
239.00000000,2187.00000000,0.03476348
239.00000000,2188.00000000,0.03477419
239.00000000,2189.00000000,0.03504985
239.00000000,2190.00000000,0.03525414
239.00000000,2191.00000000,0.03534923
239.00000000,2192.00000000,0.03546315
239.00000000,2193.00000000,0.03555746
239.00000000,2194.00000000,0.03580987
239.00000000,2195.00000000,0.03602065
239.00000000,2196.00000000,0.03618951
239.00000000,2197.00000000,0.03632743
239.00000000,2198.00000000,0.03654047
239.00000000,2199.00000000,0.03673793
239.00000000,2200.00000000,0.03683688
239.00000000,2201.00000000,0.03702871
239.00000000,2202.00000000,0.03726565
239.00000000,2203.00000000,0.03751702
239.00000000,2204.00000000,0.03774676
239.00000000,2205.00000000,0.03800226
239.00000000,2206.00000000,0.03820396
239.00000000,2207.00000000,0.03848103
239.00000000,2208.00000000,0.03879653
239.00000000,2209.00000000,0.03918074
239.00000000,2210.00000000,0.03944131
239.00000000,2211.00000000,0.03971736
239.00000000,2212.00000000,0.04006638
239.00000000,2213.00000000,0.04018005
239.00000000,2214.00000000,0.04025526
239.00000000,2215.00000000,0.04064352
239.00000000,2216.00000000,0.04090585
239.00000000,2217.00000000,0.04109622
239.00000000,2218.00000000,0.04150543
239.00000000,2219.00000000,0.04156050
239.00000000,2220.00000000,0.04150098
239.00000000,2221.00000000,0.04157259
239.00000000,2222.00000000,0.04167099
239.00000000,2223.00000000,0.04198069
239.00000000,2224.00000000,0.04226486
239.00000000,2225.00000000,0.04256400
239.00000000,2226.00000000,0.04284056
239.00000000,2227.00000000,0.04319211
239.00000000,2228.00000000,0.04345328
239.00000000,2229.00000000,0.04364066
239.00000000,2230.00000000,0.04386828
239.00000000,2231.00000000,0.04387227
239.00000000,2232.00000000,0.04401029
239.00000000,2233.00000000,0.04427147
239.00000000,2234.00000000,0.04454772
239.00000000,2235.00000000,0.04483473
239.00000000,2236.00000000,0.04509216
239.00000000,2237.00000000,0.04519812
239.00000000,2238.00000000,0.04531875
239.00000000,2239.00000000,0.04564483
239.00000000,2240.00000000,0.04596806
239.00000000,2241.00000000,0.04617496
239.00000000,2242.00000000,0.04669899
239.00000000,2243.00000000,0.04728113
239.00000000,2244.00000000,0.04777057
239.00000000,2245.00000000,0.04814219
239.00000000,2246.00000000,0.04851692
239.00000000,2247.00000000,0.04889487
239.00000000,2248.00000000,0.04927571
239.00000000,2249.00000000,0.04965943
239.00000000,2250.00000000,0.05012497
239.00000000,2251.00000000,0.05059287
239.00000000,2252.00000000,0.05106255
239.00000000,2253.00000000,0.05153362
239.00000000,2254.00000000,0.05200583
239.00000000,2255.00000000,0.05247915
239.00000000,2256.00000000,0.05295346
239.00000000,2257.00000000,0.05342868
239.00000000,2258.00000000,0.05390482
239.00000000,2259.00000000,0.05438181
239.00000000,2260.00000000,0.05482378
239.00000000,2261.00000000,0.05526645
239.00000000,2262.00000000,0.05570982
239.00000000,2263.00000000,0.05615401
239.00000000,2264.00000000,0.05659903
239.00000000,2265.00000000,0.05704487
239.00000000,2266.00000000,0.05749162
239.00000000,2267.00000000,0.05793928
239.00000000,2268.00000000,0.05838784
239.00000000,2269.00000000,0.05883743
239.00000000,2270.00000000,0.05936412
239.00000000,2271.00000000,0.05989210
239.00000000,2272.00000000,0.06042143
239.00000000,2273.00000000,0.06095205
239.00000000,2274.00000000,0.06148391
239.00000000,2275.00000000,0.06201706
239.00000000,2276.00000000,0.06255140
239.00000000,2277.00000000,0.06308699
239.00000000,2278.00000000,0.06362380
239.00000000,2279.00000000,0.06416176
239.00000000,2280.00000000,0.06475741
239.00000000,2281.00000000,0.06535442
239.00000000,2282.00000000,0.06595273
239.00000000,2283.00000000,0.06655234
239.00000000,2284.00000000,0.06715320
239.00000000,2285.00000000,0.06775519
239.00000000,2286.00000000,0.06835837
239.00000000,2287.00000000,0.06896260
239.00000000,2288.00000000,0.06956790
239.00000000,2289.00000000,0.07017419
239.00000000,2290.00000000,0.07077813
239.00000000,2291.00000000,0.07138301
239.00000000,2292.00000000,0.07198869
239.00000000,2293.00000000,0.07259509
239.00000000,2294.00000000,0.07320225
239.00000000,2295.00000000,0.07381006
239.00000000,2296.00000000,0.07441839
239.00000000,2297.00000000,0.07502730
239.00000000,2298.00000000,0.07563664
239.00000000,2299.00000000,0.07624629
239.00000000,2300.00000000,0.07672909
239.00000000,2301.00000000,0.07721163
239.00000000,2302.00000000,0.07769401
239.00000000,2303.00000000,0.07817614
239.00000000,2304.00000000,0.07865791
239.00000000,2305.00000000,0.07913942
239.00000000,2306.00000000,0.07962056
239.00000000,2307.00000000,0.08010125
239.00000000,2308.00000000,0.08058156
239.00000000,2309.00000000,0.08106134
239.00000000,2310.00000000,0.08142445
239.00000000,2311.00000000,0.08178670
239.00000000,2312.00000000,0.08214794
239.00000000,2313.00000000,0.08250831
239.00000000,2314.00000000,0.08286774
239.00000000,2315.00000000,0.08322616
239.00000000,2316.00000000,0.08358366
239.00000000,2317.00000000,0.08394020
239.00000000,2318.00000000,0.08429567
239.00000000,2319.00000000,0.08465017
239.00000000,2320.00000000,0.08493815
239.00000000,2321.00000000,0.08522483
239.00000000,2322.00000000,0.08551034
239.00000000,2323.00000000,0.08579456
239.00000000,2324.00000000,0.08607762
239.00000000,2325.00000000,0.08635946
239.00000000,2326.00000000,0.08663999
239.00000000,2327.00000000,0.08691933
239.00000000,2328.00000000,0.08719744
239.00000000,2329.00000000,0.08747422
239.00000000,2330.00000000,0.08768165
239.00000000,2331.00000000,0.08788763
239.00000000,2332.00000000,0.08809212
239.00000000,2333.00000000,0.08829524
239.00000000,2334.00000000,0.08849695
239.00000000,2335.00000000,0.08869716
239.00000000,2336.00000000,0.08889602
239.00000000,2337.00000000,0.08909342
239.00000000,2338.00000000,0.08928948
239.00000000,2339.00000000,0.08948414
239.00000000,2340.00000000,0.08962462
239.00000000,2341.00000000,0.08976365
239.00000000,2342.00000000,0.08990117
239.00000000,2343.00000000,0.09003711
239.00000000,2344.00000000,0.09017165
239.00000000,2345.00000000,0.09030470
239.00000000,2346.00000000,0.09043620
239.00000000,2347.00000000,0.09056632
239.00000000,2348.00000000,0.09069490
239.00000000,2349.00000000,0.09082210
239.00000000,2350.00000000,0.09094786
239.00000000,2351.00000000,0.09107210
239.00000000,2352.00000000,0.09119499
239.00000000,2353.00000000,0.09131646
239.00000000,2354.00000000,0.09143643
239.00000000,2355.00000000,0.09155506
239.00000000,2356.00000000,0.09167227
239.00000000,2357.00000000,0.09178802
239.00000000,2358.00000000,0.09190243
239.00000000,2359.00000000,0.09201543
239.00000000,2360.00000000,0.09212697
239.00000000,2361.00000000,0.09223719
239.00000000,2362.00000000,0.09234591
239.00000000,2363.00000000,0.09245333
239.00000000,2364.00000000,0.09255936
239.00000000,2365.00000000,0.09266390
239.00000000,2366.00000000,0.09276714
239.00000000,2367.00000000,0.09286900
239.00000000,2368.00000000,0.09296935
239.00000000,2369.00000000,0.09306842
239.00000000,2370.00000000,0.09316609
239.00000000,2371.00000000,0.09326225
239.00000000,2372.00000000,0.09335713
239.00000000,2373.00000000,0.09345049
239.00000000,2374.00000000,0.09354256
239.00000000,2375.00000000,0.09363321
239.00000000,2376.00000000,0.09372235
239.00000000,2377.00000000,0.09381018
239.00000000,2378.00000000,0.09389659
239.00000000,2379.00000000,0.09398149
239.00000000,2380.00000000,0.09406503
239.00000000,2381.00000000,0.09414714
239.00000000,2382.00000000,0.09422771
239.00000000,2383.00000000,0.09430693
239.00000000,2384.00000000,0.09438458
239.00000000,2385.00000000,0.09446084
239.00000000,2386.00000000,0.09453561
239.00000000,2387.00000000,0.09460880
239.00000000,2388.00000000,0.09468050
239.00000000,2389.00000000,0.09475060
239.00000000,2390.00000000,0.09445274
239.00000000,2391.00000000,0.09415294
239.00000000,2392.00000000,0.09385117
239.00000000,2393.00000000,0.09354738
239.00000000,2394.00000000,0.09324178
239.00000000,2395.00000000,0.09293431
239.00000000,2396.00000000,0.09262496
239.00000000,2397.00000000,0.09231388
239.00000000,2398.00000000,0.09200100
239.00000000,2399.00000000,0.09168646
239.00000000,2400.00000000,0.09137025
239.00000000,2401.00000000,0.09105232
239.00000000,2402.00000000,0.09073285
239.00000000,2403.00000000,0.09041183
239.00000000,2404.00000000,0.09008916
239.00000000,2405.00000000,0.08976508
239.00000000,2406.00000000,0.08943951
239.00000000,2407.00000000,0.08911242
239.00000000,2408.00000000,0.08878397
239.00000000,2409.00000000,0.08845407
239.00000000,2410.00000000,0.08812288
239.00000000,2411.00000000,0.08779035
239.00000000,2412.00000000,0.08745644
239.00000000,2413.00000000,0.08712131
239.00000000,2414.00000000,0.08678495
239.00000000,2415.00000000,0.08644727
239.00000000,2416.00000000,0.08610846
239.00000000,2417.00000000,0.08576848
239.00000000,2418.00000000,0.08542727
239.00000000,2419.00000000,0.08508500
239.00000000,2420.00000000,0.08474164
239.00000000,2421.00000000,0.08439710
239.00000000,2422.00000000,0.08405158
239.00000000,2423.00000000,0.08370496
239.00000000,2424.00000000,0.08335740
239.00000000,2425.00000000,0.08300886
239.00000000,2426.00000000,0.08265926
239.00000000,2427.00000000,0.08230877
239.00000000,2428.00000000,0.08195738
239.00000000,2429.00000000,0.08160499
239.00000000,2430.00000000,0.08125180
239.00000000,2431.00000000,0.08089773
239.00000000,2432.00000000,0.08054276
239.00000000,2433.00000000,0.08018701
239.00000000,2434.00000000,0.07983041
239.00000000,2435.00000000,0.07947306
239.00000000,2436.00000000,0.07911496
239.00000000,2437.00000000,0.07875603
239.00000000,2438.00000000,0.07839644
239.00000000,2439.00000000,0.07803613
239.00000000,2440.00000000,0.07767505
239.00000000,2441.00000000,0.07731336
239.00000000,2442.00000000,0.07695101
239.00000000,2443.00000000,0.07658795
239.00000000,2444.00000000,0.07622431
239.00000000,2445.00000000,0.07586007
239.00000000,2446.00000000,0.07549515
239.00000000,2447.00000000,0.07512973
239.00000000,2448.00000000,0.07476366
239.00000000,2449.00000000,0.07439712
239.00000000,2450.00000000,0.07403005
239.00000000,2451.00000000,0.07366238
239.00000000,2452.00000000,0.07329428
239.00000000,2453.00000000,0.07292569
239.00000000,2454.00000000,0.07255654
239.00000000,2455.00000000,0.07218700
239.00000000,2456.00000000,0.07181702
239.00000000,2457.00000000,0.07144652
239.00000000,2458.00000000,0.07107568
239.00000000,2459.00000000,0.07070436
239.00000000,2460.00000000,0.07033271
239.00000000,2461.00000000,0.06996069
239.00000000,2462.00000000,0.06958823
239.00000000,2463.00000000,0.06921549
239.00000000,2464.00000000,0.06884242
239.00000000,2465.00000000,0.06846892
239.00000000,2466.00000000,0.06809521
239.00000000,2467.00000000,0.06772119
239.00000000,2468.00000000,0.06734680
239.00000000,2469.00000000,0.06697223
239.00000000,2470.00000000,0.06659730
239.00000000,2471.00000000,0.06622221
239.00000000,2472.00000000,0.06584688
239.00000000,2473.00000000,0.06547124
239.00000000,2474.00000000,0.06509547
239.00000000,2475.00000000,0.06471951
239.00000000,2476.00000000,0.06434326
239.00000000,2477.00000000,0.06396693
239.00000000,2478.00000000,0.06359043
239.00000000,2479.00000000,0.06321370
239.00000000,2480.00000000,0.06283690
239.00000000,2481.00000000,0.06245998
239.00000000,2482.00000000,0.06208285
239.00000000,2483.00000000,0.06170571
239.00000000,2484.00000000,0.06132841
239.00000000,2485.00000000,0.06095110
239.00000000,2486.00000000,0.06057376
239.00000000,2487.00000000,0.06019634
239.00000000,2488.00000000,0.05989801
239.00000000,2489.00000000,0.05983230
239.00000000,2490.00000000,0.05983016
239.00000000,2491.00000000,0.05982821
239.00000000,2492.00000000,0.05982635
239.00000000,2493.00000000,0.05982450
239.00000000,2494.00000000,0.05982284
239.00000000,2495.00000000,0.05983114
239.00000000,2496.00000000,0.05983961
239.00000000,2497.00000000,0.05984818
239.00000000,2498.00000000,0.05985673
239.00000000,2499.00000000,0.05986545
239.00000000,2500.00000000,0.05985456
240.00000000,1765.00000000,0.03695993
240.00000000,1766.00000000,0.03695994
240.00000000,1767.00000000,0.03695998
240.00000000,1768.00000000,0.03696000
240.00000000,1769.00000000,0.03696017
240.00000000,1770.00000000,0.03696034
240.00000000,1771.00000000,0.03696064
240.00000000,1772.00000000,0.03696111
240.00000000,1773.00000000,0.03696147
240.00000000,1774.00000000,0.03696179
240.00000000,1775.00000000,0.03696244
240.00000000,1776.00000000,0.03696309
240.00000000,1777.00000000,0.03696387
240.00000000,1778.00000000,0.03696451
240.00000000,1779.00000000,0.03696527
240.00000000,1780.00000000,0.03696627
240.00000000,1781.00000000,0.03696706
240.00000000,1782.00000000,0.03696825
240.00000000,1783.00000000,0.03696913
240.00000000,1784.00000000,0.03697028
240.00000000,1785.00000000,0.03697161
240.00000000,1786.00000000,0.03697269
240.00000000,1787.00000000,0.03697400
240.00000000,1788.00000000,0.03697532
240.00000000,1789.00000000,0.03697672
240.00000000,1790.00000000,0.03697806
240.00000000,1791.00000000,0.03697956
240.00000000,1792.00000000,0.03698100
240.00000000,1793.00000000,0.03698253
240.00000000,1794.00000000,0.03698412
240.00000000,1795.00000000,0.03698572
240.00000000,1796.00000000,0.03698731
240.00000000,1797.00000000,0.03698902
240.00000000,1798.00000000,0.03699056
240.00000000,1799.00000000,0.03699220
240.00000000,1800.00000000,0.03699399
240.00000000,1801.00000000,0.03699570
240.00000000,1802.00000000,0.03699734
240.00000000,1803.00000000,0.03699921
240.00000000,1804.00000000,0.03700090
240.00000000,1805.00000000,0.03700274
240.00000000,1806.00000000,0.03700456
240.00000000,1807.00000000,0.03700634
240.00000000,1808.00000000,0.03700822
240.00000000,1809.00000000,0.03701005
240.00000000,1810.00000000,0.03701197
240.00000000,1811.00000000,0.03701387
240.00000000,1812.00000000,0.03701562
240.00000000,1813.00000000,0.03701761
240.00000000,1814.00000000,0.03701949
240.00000000,1815.00000000,0.03702139
240.00000000,1816.00000000,0.03702324
240.00000000,1817.00000000,0.03702512
240.00000000,1818.00000000,0.03702712
240.00000000,1819.00000000,0.03702899
240.00000000,1820.00000000,0.03703093
240.00000000,1821.00000000,0.03703280
240.00000000,1822.00000000,0.03703481
240.00000000,1823.00000000,0.03703671
240.00000000,1824.00000000,0.03703857
240.00000000,1825.00000000,0.03704053
240.00000000,1826.00000000,0.03704240
240.00000000,1827.00000000,0.03704440
240.00000000,1828.00000000,0.03704629
240.00000000,1829.00000000,0.03704814
240.00000000,1830.00000000,0.03705012
240.00000000,1831.00000000,0.03705193
240.00000000,1832.00000000,0.03705386
240.00000000,1833.00000000,0.03705576
240.00000000,1834.00000000,0.03705761
240.00000000,1835.00000000,0.03705944
240.00000000,1836.00000000,0.03706123
240.00000000,1837.00000000,0.03706305
240.00000000,1838.00000000,0.03706486
240.00000000,1839.00000000,0.03706667
240.00000000,1840.00000000,0.03706855
240.00000000,1841.00000000,0.03707030
240.00000000,1842.00000000,0.03707202
240.00000000,1843.00000000,0.03707377
240.00000000,1844.00000000,0.03707555
240.00000000,1845.00000000,0.03707721
240.00000000,1846.00000000,0.03707899
240.00000000,1847.00000000,0.03708060
240.00000000,1848.00000000,0.03708227
240.00000000,1849.00000000,0.03708397
240.00000000,1850.00000000,0.03708562
240.00000000,1851.00000000,0.03708719
240.00000000,1852.00000000,0.03708874
240.00000000,1853.00000000,0.03709047
240.00000000,1854.00000000,0.03709231
240.00000000,1855.00000000,0.03709410
240.00000000,1856.00000000,0.03709582
240.00000000,1857.00000000,0.03709747
240.00000000,1858.00000000,0.03709912
240.00000000,1859.00000000,0.03710069
240.00000000,1860.00000000,0.03710233
240.00000000,1861.00000000,0.03710373
240.00000000,1862.00000000,0.03710517
240.00000000,1863.00000000,0.03710629
240.00000000,1864.00000000,0.03710716
240.00000000,1865.00000000,0.03710777
240.00000000,1866.00000000,0.03710819
240.00000000,1867.00000000,0.03710854
240.00000000,1868.00000000,0.03710869
240.00000000,1869.00000000,0.03710872
240.00000000,1870.00000000,0.03710860
240.00000000,1871.00000000,0.03710845
240.00000000,1872.00000000,0.03710827
240.00000000,1873.00000000,0.03710850
240.00000000,1874.00000000,0.03710900
240.00000000,1875.00000000,0.03710956
240.00000000,1876.00000000,0.03711037
240.00000000,1877.00000000,0.03711126
240.00000000,1878.00000000,0.03711210
240.00000000,1879.00000000,0.03711312
240.00000000,1880.00000000,0.03711413
240.00000000,1881.00000000,0.03711507
240.00000000,1882.00000000,0.03711613
240.00000000,1883.00000000,0.03711696
240.00000000,1884.00000000,0.03711743
240.00000000,1885.00000000,0.03711787
240.00000000,1886.00000000,0.03711821
240.00000000,1887.00000000,0.03711847
240.00000000,1888.00000000,0.03711862
240.00000000,1889.00000000,0.03711869
240.00000000,1890.00000000,0.03711852
240.00000000,1891.00000000,0.03711827
240.00000000,1892.00000000,0.03711770
240.00000000,1893.00000000,0.03711712
240.00000000,1894.00000000,0.03711656
240.00000000,1895.00000000,0.03711612
240.00000000,1896.00000000,0.03711556
240.00000000,1897.00000000,0.03711502
240.00000000,1898.00000000,0.03711441
240.00000000,1899.00000000,0.03711368
240.00000000,1900.00000000,0.03711282
240.00000000,1901.00000000,0.03711185
240.00000000,1902.00000000,0.03711080
240.00000000,1903.00000000,0.03710990
240.00000000,1904.00000000,0.03710902
240.00000000,1905.00000000,0.03710820
240.00000000,1906.00000000,0.03710751
240.00000000,1907.00000000,0.03710688
240.00000000,1908.00000000,0.03710624
240.00000000,1909.00000000,0.03710551
240.00000000,1910.00000000,0.03710478
240.00000000,1911.00000000,0.03710393
240.00000000,1912.00000000,0.03710283
240.00000000,1913.00000000,0.03710124
240.00000000,1914.00000000,0.03709922
240.00000000,1915.00000000,0.03709693
240.00000000,1916.00000000,0.03709462
240.00000000,1917.00000000,0.03709222
240.00000000,1918.00000000,0.03708974
240.00000000,1919.00000000,0.03708733
240.00000000,1920.00000000,0.03708510
240.00000000,1921.00000000,0.03708317
240.00000000,1922.00000000,0.03708168
240.00000000,1923.00000000,0.03708055
240.00000000,1924.00000000,0.03707941
240.00000000,1925.00000000,0.03707821
240.00000000,1926.00000000,0.03707695
240.00000000,1927.00000000,0.03707570
240.00000000,1928.00000000,0.03707446
240.00000000,1929.00000000,0.03707316
240.00000000,1930.00000000,0.03707197
240.00000000,1931.00000000,0.03707124
240.00000000,1932.00000000,0.03707112
240.00000000,1933.00000000,0.03707133
240.00000000,1934.00000000,0.03707181
240.00000000,1935.00000000,0.03707224
240.00000000,1936.00000000,0.03707239
240.00000000,1937.00000000,0.03707205
240.00000000,1938.00000000,0.03707109
240.00000000,1939.00000000,0.03706966
240.00000000,1940.00000000,0.03706787
240.00000000,1941.00000000,0.03706565
240.00000000,1942.00000000,0.03706283
240.00000000,1943.00000000,0.03705965
240.00000000,1944.00000000,0.03705628
240.00000000,1945.00000000,0.03705275
240.00000000,1946.00000000,0.03704974
240.00000000,1947.00000000,0.03704752
240.00000000,1948.00000000,0.03704567
240.00000000,1949.00000000,0.03704374
240.00000000,1950.00000000,0.03704186
240.00000000,1951.00000000,0.03703983
240.00000000,1952.00000000,0.03703814
240.00000000,1953.00000000,0.03703657
240.00000000,1954.00000000,0.03703491
240.00000000,1955.00000000,0.03703338
240.00000000,1956.00000000,0.03703186
240.00000000,1957.00000000,0.03703020
240.00000000,1958.00000000,0.03702824
240.00000000,1959.00000000,0.03702601
240.00000000,1960.00000000,0.03702287
240.00000000,1961.00000000,0.03701885
240.00000000,1962.00000000,0.03701439
240.00000000,1963.00000000,0.03700944
240.00000000,1964.00000000,0.03700396
240.00000000,1965.00000000,0.03699778
240.00000000,1966.00000000,0.03699091
240.00000000,1967.00000000,0.03698336
240.00000000,1968.00000000,0.03697507
240.00000000,1969.00000000,0.03696568
240.00000000,1970.00000000,0.03695510
240.00000000,1971.00000000,0.03694287
240.00000000,1972.00000000,0.03692859
240.00000000,1973.00000000,0.03691257
240.00000000,1974.00000000,0.03689506
240.00000000,1975.00000000,0.03687671
240.00000000,1976.00000000,0.03685810
240.00000000,1977.00000000,0.03683948
240.00000000,1978.00000000,0.03682078
240.00000000,1979.00000000,0.03680189
240.00000000,1980.00000000,0.03678260
240.00000000,1981.00000000,0.03676321
240.00000000,1982.00000000,0.03674472
240.00000000,1983.00000000,0.03672823
240.00000000,1984.00000000,0.03671368
240.00000000,1985.00000000,0.03670060
240.00000000,1986.00000000,0.03668837
240.00000000,1987.00000000,0.03667653
240.00000000,1988.00000000,0.03666474
240.00000000,1989.00000000,0.03665277
240.00000000,1990.00000000,0.03664050
240.00000000,1991.00000000,0.03662808
240.00000000,1992.00000000,0.03661590
240.00000000,1993.00000000,0.03660394
240.00000000,1994.00000000,0.03659248
240.00000000,1995.00000000,0.03658139
240.00000000,1996.00000000,0.03657036
240.00000000,1997.00000000,0.03655906
240.00000000,1998.00000000,0.03654739
240.00000000,1999.00000000,0.03653563
240.00000000,2000.00000000,0.03652392
240.00000000,2001.00000000,0.03651208
240.00000000,2002.00000000,0.03650000
240.00000000,2003.00000000,0.03648793
240.00000000,2004.00000000,0.03647533
240.00000000,2005.00000000,0.03646144
240.00000000,2006.00000000,0.03644900
240.00000000,2007.00000000,0.03643136
240.00000000,2008.00000000,0.03641195
240.00000000,2009.00000000,0.03639112
240.00000000,2010.00000000,0.03636890
240.00000000,2011.00000000,0.03634650
240.00000000,2012.00000000,0.03632180
240.00000000,2013.00000000,0.03629582
240.00000000,2014.00000000,0.03626854
240.00000000,2015.00000000,0.03624001
240.00000000,2016.00000000,0.03621023
240.00000000,2017.00000000,0.03617926
240.00000000,2018.00000000,0.03614717
240.00000000,2019.00000000,0.03611401
240.00000000,2020.00000000,0.03607983
240.00000000,2021.00000000,0.03604585
240.00000000,2022.00000000,0.03600990
240.00000000,2023.00000000,0.03597323
240.00000000,2024.00000000,0.03593597
240.00000000,2025.00000000,0.03589812
240.00000000,2026.00000000,0.03585980
240.00000000,2027.00000000,0.03582110
240.00000000,2028.00000000,0.03578194
240.00000000,2029.00000000,0.03574246
240.00000000,2030.00000000,0.03570263
240.00000000,2031.00000000,0.03566358
240.00000000,2032.00000000,0.03562303
240.00000000,2033.00000000,0.03558195
240.00000000,2034.00000000,0.03554033
240.00000000,2035.00000000,0.03549804
240.00000000,2036.00000000,0.03545512
240.00000000,2037.00000000,0.03541268
240.00000000,2038.00000000,0.03536852
240.00000000,2039.00000000,0.03532371
240.00000000,2040.00000000,0.03527947
240.00000000,2041.00000000,0.03523354
240.00000000,2042.00000000,0.03518913
240.00000000,2043.00000000,0.03514075
240.00000000,2044.00000000,0.03509263
240.00000000,2045.00000000,0.03504376
240.00000000,2046.00000000,0.03499519
240.00000000,2047.00000000,0.03494472
240.00000000,2048.00000000,0.03489354
240.00000000,2049.00000000,0.03484164
240.00000000,2050.00000000,0.03478903
240.00000000,2051.00000000,0.03473690
240.00000000,2052.00000000,0.03468309
240.00000000,2053.00000000,0.03462868
240.00000000,2054.00000000,0.03457380
240.00000000,2055.00000000,0.03451945
240.00000000,2056.00000000,0.03446469
240.00000000,2057.00000000,0.03440949
240.00000000,2058.00000000,0.03435280
240.00000000,2059.00000000,0.03429578
240.00000000,2060.00000000,0.03423839
240.00000000,2061.00000000,0.03418071
240.00000000,2062.00000000,0.03412408
240.00000000,2063.00000000,0.03406765
240.00000000,2064.00000000,0.03401049
240.00000000,2065.00000000,0.03395491
240.00000000,2066.00000000,0.03389881
240.00000000,2067.00000000,0.03384425
240.00000000,2068.00000000,0.03378921
240.00000000,2069.00000000,0.03373467
240.00000000,2070.00000000,0.03368691
240.00000000,2071.00000000,0.03363240
240.00000000,2072.00000000,0.03357958
240.00000000,2073.00000000,0.03352872
240.00000000,2074.00000000,0.03347777
240.00000000,2075.00000000,0.03342881
240.00000000,2076.00000000,0.03338399
240.00000000,2077.00000000,0.03333601
240.00000000,2078.00000000,0.03328998
240.00000000,2079.00000000,0.03324488
240.00000000,2080.00000000,0.03320161
240.00000000,2081.00000000,0.03315821
240.00000000,2082.00000000,0.03311672
240.00000000,2083.00000000,0.03307513
240.00000000,2084.00000000,0.03303556
240.00000000,2085.00000000,0.03299899
240.00000000,2086.00000000,0.03295926
240.00000000,2087.00000000,0.03292352
240.00000000,2088.00000000,0.03288662
240.00000000,2089.00000000,0.03285253
240.00000000,2090.00000000,0.03282027
240.00000000,2091.00000000,0.03278474
240.00000000,2092.00000000,0.03275311
240.00000000,2093.00000000,0.03272138
240.00000000,2094.00000000,0.03269858
240.00000000,2095.00000000,0.03266867
240.00000000,2096.00000000,0.03264267
240.00000000,2097.00000000,0.03261348
240.00000000,2098.00000000,0.03258517
240.00000000,2099.00000000,0.03256165
240.00000000,2100.00000000,0.03254185
240.00000000,2101.00000000,0.03251882
240.00000000,2102.00000000,0.03249460
240.00000000,2103.00000000,0.03247622
240.00000000,2104.00000000,0.03245983
240.00000000,2105.00000000,0.03244336
240.00000000,2106.00000000,0.03242390
240.00000000,2107.00000000,0.03241055
240.00000000,2108.00000000,0.03239491
240.00000000,2109.00000000,0.03238217
240.00000000,2110.00000000,0.03236835
240.00000000,2111.00000000,0.03235933
240.00000000,2112.00000000,0.03235911
240.00000000,2113.00000000,0.03235369
240.00000000,2114.00000000,0.03232815
240.00000000,2115.00000000,0.03232704
240.00000000,2116.00000000,0.03231566
240.00000000,2117.00000000,0.03230492
240.00000000,2118.00000000,0.03229326
240.00000000,2119.00000000,0.03229450
240.00000000,2120.00000000,0.03230817
240.00000000,2121.00000000,0.03230364
240.00000000,2122.00000000,0.03230548
240.00000000,2123.00000000,0.03231081
240.00000000,2124.00000000,0.03230383
240.00000000,2125.00000000,0.03229634
240.00000000,2126.00000000,0.03229135
240.00000000,2127.00000000,0.03229671
240.00000000,2128.00000000,0.03232024
240.00000000,2129.00000000,0.03231285
240.00000000,2130.00000000,0.03233443
240.00000000,2131.00000000,0.03234377
240.00000000,2132.00000000,0.03233985
240.00000000,2133.00000000,0.03233053
240.00000000,2134.00000000,0.03233842
240.00000000,2135.00000000,0.03235664
240.00000000,2136.00000000,0.03236554
240.00000000,2137.00000000,0.03238283
240.00000000,2138.00000000,0.03240457
240.00000000,2139.00000000,0.03244345
240.00000000,2140.00000000,0.03246820
240.00000000,2141.00000000,0.03248463
240.00000000,2142.00000000,0.03249769
240.00000000,2143.00000000,0.03254745
240.00000000,2144.00000000,0.03255460
240.00000000,2145.00000000,0.03259353
240.00000000,2146.00000000,0.03263777
240.00000000,2147.00000000,0.03271461
240.00000000,2148.00000000,0.03268327
240.00000000,2149.00000000,0.03271966
240.00000000,2150.00000000,0.03275533
240.00000000,2151.00000000,0.03277484
240.00000000,2152.00000000,0.03282067
240.00000000,2153.00000000,0.03288839
240.00000000,2154.00000000,0.03280442
240.00000000,2155.00000000,0.03280130
240.00000000,2156.00000000,0.03287335
240.00000000,2157.00000000,0.03293847
240.00000000,2158.00000000,0.03293403
240.00000000,2159.00000000,0.03282286
240.00000000,2160.00000000,0.03296364
240.00000000,2161.00000000,0.03285684
240.00000000,2162.00000000,0.03291900
240.00000000,2163.00000000,0.03306416
240.00000000,2164.00000000,0.03308181
240.00000000,2165.00000000,0.03311966
240.00000000,2166.00000000,0.03315512
240.00000000,2167.00000000,0.03326178
240.00000000,2168.00000000,0.03329538
240.00000000,2169.00000000,0.03340594
240.00000000,2170.00000000,0.03334883
240.00000000,2171.00000000,0.03327210
240.00000000,2172.00000000,0.03321609
240.00000000,2173.00000000,0.03329831
240.00000000,2174.00000000,0.03341565
240.00000000,2175.00000000,0.03350899
240.00000000,2176.00000000,0.03365234
240.00000000,2177.00000000,0.03377356
240.00000000,2178.00000000,0.03375182
240.00000000,2179.00000000,0.03384728
240.00000000,2180.00000000,0.03400078
240.00000000,2181.00000000,0.03408446
240.00000000,2182.00000000,0.03414276
240.00000000,2183.00000000,0.03424325
240.00000000,2184.00000000,0.03428846
240.00000000,2185.00000000,0.03412060
240.00000000,2186.00000000,0.03425448
240.00000000,2187.00000000,0.03446634
240.00000000,2188.00000000,0.03460324
240.00000000,2189.00000000,0.03461468
240.00000000,2190.00000000,0.03488986
240.00000000,2191.00000000,0.03509399
240.00000000,2192.00000000,0.03518941
240.00000000,2193.00000000,0.03530357
240.00000000,2194.00000000,0.03539820
240.00000000,2195.00000000,0.03565022
240.00000000,2196.00000000,0.03586080
240.00000000,2197.00000000,0.03602964
240.00000000,2198.00000000,0.03616768
240.00000000,2199.00000000,0.03638050
240.00000000,2200.00000000,0.03657781
240.00000000,2201.00000000,0.03667704
240.00000000,2202.00000000,0.03686874
240.00000000,2203.00000000,0.03710535
240.00000000,2204.00000000,0.03735634
240.00000000,2205.00000000,0.03758579
240.00000000,2206.00000000,0.03784089
240.00000000,2207.00000000,0.03804243
240.00000000,2208.00000000,0.03831901
240.00000000,2209.00000000,0.03863388
240.00000000,2210.00000000,0.03901716
240.00000000,2211.00000000,0.03927733
240.00000000,2212.00000000,0.03955293
240.00000000,2213.00000000,0.03990119
240.00000000,2214.00000000,0.04001508
240.00000000,2215.00000000,0.04009066
240.00000000,2216.00000000,0.04047802
240.00000000,2217.00000000,0.04073997
240.00000000,2218.00000000,0.04093025
240.00000000,2219.00000000,0.04133849
240.00000000,2220.00000000,0.04139402
240.00000000,2221.00000000,0.04133542
240.00000000,2222.00000000,0.04140742
240.00000000,2223.00000000,0.04150610
240.00000000,2224.00000000,0.04181525
240.00000000,2225.00000000,0.04209898
240.00000000,2226.00000000,0.04239762
240.00000000,2227.00000000,0.04267378
240.00000000,2228.00000000,0.04302464
240.00000000,2229.00000000,0.04328548
240.00000000,2230.00000000,0.04347281
240.00000000,2231.00000000,0.04370024
240.00000000,2232.00000000,0.04370489
240.00000000,2233.00000000,0.04384307
240.00000000,2234.00000000,0.04410394
240.00000000,2235.00000000,0.04437982
240.00000000,2236.00000000,0.04466644
240.00000000,2237.00000000,0.04492359
240.00000000,2238.00000000,0.04502983
240.00000000,2239.00000000,0.04515070
240.00000000,2240.00000000,0.04547626
240.00000000,2241.00000000,0.04579898
240.00000000,2242.00000000,0.04600582
240.00000000,2243.00000000,0.04652862
240.00000000,2244.00000000,0.04710934
240.00000000,2245.00000000,0.04759771
240.00000000,2246.00000000,0.04796870
240.00000000,2247.00000000,0.04834279
240.00000000,2248.00000000,0.04872011
240.00000000,2249.00000000,0.04910026
240.00000000,2250.00000000,0.04948296
240.00000000,2251.00000000,0.04994654
240.00000000,2252.00000000,0.05041189
240.00000000,2253.00000000,0.05087867
240.00000000,2254.00000000,0.05134666
240.00000000,2255.00000000,0.05181574
240.00000000,2256.00000000,0.05228588
240.00000000,2257.00000000,0.05275699
240.00000000,2258.00000000,0.05322901
240.00000000,2259.00000000,0.05370196
240.00000000,2260.00000000,0.05417577
240.00000000,2261.00000000,0.05461473
240.00000000,2262.00000000,0.05505447
240.00000000,2263.00000000,0.05549496
240.00000000,2264.00000000,0.05593632
240.00000000,2265.00000000,0.05637853
240.00000000,2266.00000000,0.05682160
240.00000000,2267.00000000,0.05726559
240.00000000,2268.00000000,0.05771051
240.00000000,2269.00000000,0.05815637
240.00000000,2270.00000000,0.05860326
240.00000000,2271.00000000,0.05912696
240.00000000,2272.00000000,0.05965197
240.00000000,2273.00000000,0.06017835
240.00000000,2274.00000000,0.06070602
240.00000000,2275.00000000,0.06123494
240.00000000,2276.00000000,0.06176517
240.00000000,2277.00000000,0.06229660
240.00000000,2278.00000000,0.06282930
240.00000000,2279.00000000,0.06336322
240.00000000,2280.00000000,0.06389831
240.00000000,2281.00000000,0.06449085
240.00000000,2282.00000000,0.06508478
240.00000000,2283.00000000,0.06567999
240.00000000,2284.00000000,0.06627654
240.00000000,2285.00000000,0.06687432
240.00000000,2286.00000000,0.06747325
240.00000000,2287.00000000,0.06807337
240.00000000,2288.00000000,0.06867454
240.00000000,2289.00000000,0.06927680
240.00000000,2290.00000000,0.06988006
240.00000000,2291.00000000,0.07048098
240.00000000,2292.00000000,0.07108284
240.00000000,2293.00000000,0.07168552
240.00000000,2294.00000000,0.07228892
240.00000000,2295.00000000,0.07289309
240.00000000,2296.00000000,0.07349791
240.00000000,2297.00000000,0.07410327
240.00000000,2298.00000000,0.07470920
240.00000000,2299.00000000,0.07531558
240.00000000,2300.00000000,0.07592226
240.00000000,2301.00000000,0.07640264
240.00000000,2302.00000000,0.07688279
240.00000000,2303.00000000,0.07736275
240.00000000,2304.00000000,0.07784247
240.00000000,2305.00000000,0.07832186
240.00000000,2306.00000000,0.07880097
240.00000000,2307.00000000,0.07927975
240.00000000,2308.00000000,0.07975807
240.00000000,2309.00000000,0.08023601
240.00000000,2310.00000000,0.08071347
240.00000000,2311.00000000,0.08107472
240.00000000,2312.00000000,0.08143514
240.00000000,2313.00000000,0.08179458
240.00000000,2314.00000000,0.08215313
240.00000000,2315.00000000,0.08251076
240.00000000,2316.00000000,0.08286740
240.00000000,2317.00000000,0.08322312
240.00000000,2318.00000000,0.08357789
240.00000000,2319.00000000,0.08393161
240.00000000,2320.00000000,0.08428438
240.00000000,2321.00000000,0.08457089
240.00000000,2322.00000000,0.08485613
240.00000000,2323.00000000,0.08514022
240.00000000,2324.00000000,0.08542303
240.00000000,2325.00000000,0.08570466
240.00000000,2326.00000000,0.08598509
240.00000000,2327.00000000,0.08626424
240.00000000,2328.00000000,0.08654221
240.00000000,2329.00000000,0.08681894
240.00000000,2330.00000000,0.08709435
240.00000000,2331.00000000,0.08730073
240.00000000,2332.00000000,0.08750568
240.00000000,2333.00000000,0.08770913
240.00000000,2334.00000000,0.08791121
240.00000000,2335.00000000,0.08811190
240.00000000,2336.00000000,0.08831110
240.00000000,2337.00000000,0.08850898
240.00000000,2338.00000000,0.08870539
240.00000000,2339.00000000,0.08890048
240.00000000,2340.00000000,0.08909415
240.00000000,2341.00000000,0.08923390
240.00000000,2342.00000000,0.08937221
240.00000000,2343.00000000,0.08950903
240.00000000,2344.00000000,0.08964427
240.00000000,2345.00000000,0.08977811
240.00000000,2346.00000000,0.08991048
240.00000000,2347.00000000,0.09004130
240.00000000,2348.00000000,0.09017075
240.00000000,2349.00000000,0.09029867
240.00000000,2350.00000000,0.09042520
240.00000000,2351.00000000,0.09055032
240.00000000,2352.00000000,0.09067393
240.00000000,2353.00000000,0.09079619
240.00000000,2354.00000000,0.09091705
240.00000000,2355.00000000,0.09103641
240.00000000,2356.00000000,0.09115445
240.00000000,2357.00000000,0.09127108
240.00000000,2358.00000000,0.09138623
240.00000000,2359.00000000,0.09150007
240.00000000,2360.00000000,0.09161251
240.00000000,2361.00000000,0.09172347
240.00000000,2362.00000000,0.09183314
240.00000000,2363.00000000,0.09194131
240.00000000,2364.00000000,0.09204820
240.00000000,2365.00000000,0.09215369
240.00000000,2366.00000000,0.09225772
240.00000000,2367.00000000,0.09236045
240.00000000,2368.00000000,0.09246179
240.00000000,2369.00000000,0.09256164
240.00000000,2370.00000000,0.09266020
240.00000000,2371.00000000,0.09275738
240.00000000,2372.00000000,0.09285305
240.00000000,2373.00000000,0.09294745
240.00000000,2374.00000000,0.09304035
240.00000000,2375.00000000,0.09313195
240.00000000,2376.00000000,0.09322215
240.00000000,2377.00000000,0.09331084
240.00000000,2378.00000000,0.09339822
240.00000000,2379.00000000,0.09348419
240.00000000,2380.00000000,0.09356865
240.00000000,2381.00000000,0.09365178
240.00000000,2382.00000000,0.09373347
240.00000000,2383.00000000,0.09381362
240.00000000,2384.00000000,0.09389242
240.00000000,2385.00000000,0.09396969
240.00000000,2386.00000000,0.09404556
240.00000000,2387.00000000,0.09411995
240.00000000,2388.00000000,0.09419275
240.00000000,2389.00000000,0.09426409
240.00000000,2390.00000000,0.09433382
240.00000000,2391.00000000,0.09403722
240.00000000,2392.00000000,0.09373868
240.00000000,2393.00000000,0.09343818
240.00000000,2394.00000000,0.09313568
240.00000000,2395.00000000,0.09283137
240.00000000,2396.00000000,0.09252521
240.00000000,2397.00000000,0.09221716
240.00000000,2398.00000000,0.09190740
240.00000000,2399.00000000,0.09159584
240.00000000,2400.00000000,0.09128264
240.00000000,2401.00000000,0.09096777
240.00000000,2402.00000000,0.09065120
240.00000000,2403.00000000,0.09033309
240.00000000,2404.00000000,0.09001344
240.00000000,2405.00000000,0.08969215
240.00000000,2406.00000000,0.08936945
240.00000000,2407.00000000,0.08904527
240.00000000,2408.00000000,0.08871958
240.00000000,2409.00000000,0.08839254
240.00000000,2410.00000000,0.08806404
240.00000000,2411.00000000,0.08773427
240.00000000,2412.00000000,0.08740316
240.00000000,2413.00000000,0.08707068
240.00000000,2414.00000000,0.08673699
240.00000000,2415.00000000,0.08640207
240.00000000,2416.00000000,0.08606584
240.00000000,2417.00000000,0.08572848
240.00000000,2418.00000000,0.08538996
240.00000000,2419.00000000,0.08505021
240.00000000,2420.00000000,0.08470941
240.00000000,2421.00000000,0.08436752
240.00000000,2422.00000000,0.08402447
240.00000000,2423.00000000,0.08368043
240.00000000,2424.00000000,0.08333529
240.00000000,2425.00000000,0.08298923
240.00000000,2426.00000000,0.08264218
240.00000000,2427.00000000,0.08229408
240.00000000,2428.00000000,0.08194510
240.00000000,2429.00000000,0.08159522
240.00000000,2430.00000000,0.08124435
240.00000000,2431.00000000,0.08089268
240.00000000,2432.00000000,0.08054014
240.00000000,2433.00000000,0.08018668
240.00000000,2434.00000000,0.07983248
240.00000000,2435.00000000,0.07947740
240.00000000,2436.00000000,0.07912160
240.00000000,2437.00000000,0.07876503
240.00000000,2438.00000000,0.07840766
240.00000000,2439.00000000,0.07804962
240.00000000,2440.00000000,0.07769085
240.00000000,2441.00000000,0.07733134
240.00000000,2442.00000000,0.07697121
240.00000000,2443.00000000,0.07661042
240.00000000,2444.00000000,0.07624891
240.00000000,2445.00000000,0.07588685
240.00000000,2446.00000000,0.07552419
240.00000000,2447.00000000,0.07516083
240.00000000,2448.00000000,0.07479699
240.00000000,2449.00000000,0.07443251
240.00000000,2450.00000000,0.07406756
240.00000000,2451.00000000,0.07370207
240.00000000,2452.00000000,0.07333598
240.00000000,2453.00000000,0.07296947
240.00000000,2454.00000000,0.07260247
240.00000000,2455.00000000,0.07223491
240.00000000,2456.00000000,0.07186697
240.00000000,2457.00000000,0.07149859
240.00000000,2458.00000000,0.07112969
240.00000000,2459.00000000,0.07076045
240.00000000,2460.00000000,0.07039073
240.00000000,2461.00000000,0.07002069
240.00000000,2462.00000000,0.06965029
240.00000000,2463.00000000,0.06927943
240.00000000,2464.00000000,0.06890830
240.00000000,2465.00000000,0.06853684
240.00000000,2466.00000000,0.06816497
240.00000000,2467.00000000,0.06779287
240.00000000,2468.00000000,0.06742048
240.00000000,2469.00000000,0.06704771
240.00000000,2470.00000000,0.06667475
240.00000000,2471.00000000,0.06630145
240.00000000,2472.00000000,0.06592799
240.00000000,2473.00000000,0.06555428
240.00000000,2474.00000000,0.06518029
240.00000000,2475.00000000,0.06480614
240.00000000,2476.00000000,0.06443181
240.00000000,2477.00000000,0.06405720
240.00000000,2478.00000000,0.06368249
240.00000000,2479.00000000,0.06330764
240.00000000,2480.00000000,0.06293253
240.00000000,2481.00000000,0.06255738
240.00000000,2482.00000000,0.06218210
240.00000000,2483.00000000,0.06180661
240.00000000,2484.00000000,0.06143112
240.00000000,2485.00000000,0.06105545
240.00000000,2486.00000000,0.06067978
240.00000000,2487.00000000,0.06030409
240.00000000,2488.00000000,0.05992831
240.00000000,2489.00000000,0.05963128
240.00000000,2490.00000000,0.05956582
240.00000000,2491.00000000,0.05956365
240.00000000,2492.00000000,0.05956167
240.00000000,2493.00000000,0.05955979
240.00000000,2494.00000000,0.05955791
240.00000000,2495.00000000,0.05955622
240.00000000,2496.00000000,0.05956445
240.00000000,2497.00000000,0.05957284
240.00000000,2498.00000000,0.05958133
240.00000000,2499.00000000,0.05958981
240.00000000,2500.00000000,0.05959845
241.00000000,1765.00000000,0.03674821
241.00000000,1766.00000000,0.03674828
241.00000000,1767.00000000,0.03674831
241.00000000,1768.00000000,0.03674838
241.00000000,1769.00000000,0.03674846
241.00000000,1770.00000000,0.03674870
241.00000000,1771.00000000,0.03674894
241.00000000,1772.00000000,0.03674930
241.00000000,1773.00000000,0.03674984
241.00000000,1774.00000000,0.03675027
241.00000000,1775.00000000,0.03675067
241.00000000,1776.00000000,0.03675138
241.00000000,1777.00000000,0.03675209
241.00000000,1778.00000000,0.03675294
241.00000000,1779.00000000,0.03675364
241.00000000,1780.00000000,0.03675447
241.00000000,1781.00000000,0.03675552
241.00000000,1782.00000000,0.03675636
241.00000000,1783.00000000,0.03675760
241.00000000,1784.00000000,0.03675853
241.00000000,1785.00000000,0.03675973
241.00000000,1786.00000000,0.03676110
241.00000000,1787.00000000,0.03676222
241.00000000,1788.00000000,0.03676357
241.00000000,1789.00000000,0.03676493
241.00000000,1790.00000000,0.03676635
241.00000000,1791.00000000,0.03676773
241.00000000,1792.00000000,0.03676926
241.00000000,1793.00000000,0.03677072
241.00000000,1794.00000000,0.03677227
241.00000000,1795.00000000,0.03677389
241.00000000,1796.00000000,0.03677550
241.00000000,1797.00000000,0.03677712
241.00000000,1798.00000000,0.03677884
241.00000000,1799.00000000,0.03678039
241.00000000,1800.00000000,0.03678205
241.00000000,1801.00000000,0.03678385
241.00000000,1802.00000000,0.03678557
241.00000000,1803.00000000,0.03678722
241.00000000,1804.00000000,0.03678909
241.00000000,1805.00000000,0.03679079
241.00000000,1806.00000000,0.03679263
241.00000000,1807.00000000,0.03679445
241.00000000,1808.00000000,0.03679624
241.00000000,1809.00000000,0.03679812
241.00000000,1810.00000000,0.03679995
241.00000000,1811.00000000,0.03680188
241.00000000,1812.00000000,0.03680377
241.00000000,1813.00000000,0.03680551
241.00000000,1814.00000000,0.03680750
241.00000000,1815.00000000,0.03680938
241.00000000,1816.00000000,0.03681127
241.00000000,1817.00000000,0.03681312
241.00000000,1818.00000000,0.03681498
241.00000000,1819.00000000,0.03681698
241.00000000,1820.00000000,0.03681884
241.00000000,1821.00000000,0.03682077
241.00000000,1822.00000000,0.03682263
241.00000000,1823.00000000,0.03682463
241.00000000,1824.00000000,0.03682651
241.00000000,1825.00000000,0.03682837
241.00000000,1826.00000000,0.03683031
241.00000000,1827.00000000,0.03683217
241.00000000,1828.00000000,0.03683415
241.00000000,1829.00000000,0.03683603
241.00000000,1830.00000000,0.03683786
241.00000000,1831.00000000,0.03683982
241.00000000,1832.00000000,0.03684161
241.00000000,1833.00000000,0.03684352
241.00000000,1834.00000000,0.03684539
241.00000000,1835.00000000,0.03684723
241.00000000,1836.00000000,0.03684904
241.00000000,1837.00000000,0.03685080
241.00000000,1838.00000000,0.03685260
241.00000000,1839.00000000,0.03685439
241.00000000,1840.00000000,0.03685618
241.00000000,1841.00000000,0.03685803
241.00000000,1842.00000000,0.03685976
241.00000000,1843.00000000,0.03686146
241.00000000,1844.00000000,0.03686318
241.00000000,1845.00000000,0.03686494
241.00000000,1846.00000000,0.03686658
241.00000000,1847.00000000,0.03686832
241.00000000,1848.00000000,0.03686990
241.00000000,1849.00000000,0.03687155
241.00000000,1850.00000000,0.03687323
241.00000000,1851.00000000,0.03687483
241.00000000,1852.00000000,0.03687636
241.00000000,1853.00000000,0.03687806
241.00000000,1854.00000000,0.03687986
241.00000000,1855.00000000,0.03688166
241.00000000,1856.00000000,0.03688338
241.00000000,1857.00000000,0.03688504
241.00000000,1858.00000000,0.03688664
241.00000000,1859.00000000,0.03688825
241.00000000,1860.00000000,0.03688978
241.00000000,1861.00000000,0.03689137
241.00000000,1862.00000000,0.03689266
241.00000000,1863.00000000,0.03689377
241.00000000,1864.00000000,0.03689463
241.00000000,1865.00000000,0.03689529
241.00000000,1866.00000000,0.03689572
241.00000000,1867.00000000,0.03689598
241.00000000,1868.00000000,0.03689619
241.00000000,1869.00000000,0.03689621
241.00000000,1870.00000000,0.03689612
241.00000000,1871.00000000,0.03689590
241.00000000,1872.00000000,0.03689581
241.00000000,1873.00000000,0.03689598
241.00000000,1874.00000000,0.03689645
241.00000000,1875.00000000,0.03689710
241.00000000,1876.00000000,0.03689779
241.00000000,1877.00000000,0.03689868
241.00000000,1878.00000000,0.03689964
241.00000000,1879.00000000,0.03690054
241.00000000,1880.00000000,0.03690158
241.00000000,1881.00000000,0.03690258
241.00000000,1882.00000000,0.03690352
241.00000000,1883.00000000,0.03690433
241.00000000,1884.00000000,0.03690496
241.00000000,1885.00000000,0.03690530
241.00000000,1886.00000000,0.03690563
241.00000000,1887.00000000,0.03690590
241.00000000,1888.00000000,0.03690606
241.00000000,1889.00000000,0.03690607
241.00000000,1890.00000000,0.03690598
241.00000000,1891.00000000,0.03690564
241.00000000,1892.00000000,0.03690523
241.00000000,1893.00000000,0.03690459
241.00000000,1894.00000000,0.03690400
241.00000000,1895.00000000,0.03690348
241.00000000,1896.00000000,0.03690305
241.00000000,1897.00000000,0.03690246
241.00000000,1898.00000000,0.03690186
241.00000000,1899.00000000,0.03690114
241.00000000,1900.00000000,0.03690026
241.00000000,1901.00000000,0.03689927
241.00000000,1902.00000000,0.03689836
241.00000000,1903.00000000,0.03689734
241.00000000,1904.00000000,0.03689650
241.00000000,1905.00000000,0.03689571
241.00000000,1906.00000000,0.03689500
241.00000000,1907.00000000,0.03689437
241.00000000,1908.00000000,0.03689370
241.00000000,1909.00000000,0.03689302
241.00000000,1910.00000000,0.03689230
241.00000000,1911.00000000,0.03689149
241.00000000,1912.00000000,0.03689032
241.00000000,1913.00000000,0.03688878
241.00000000,1914.00000000,0.03688673
241.00000000,1915.00000000,0.03688448
241.00000000,1916.00000000,0.03688216
241.00000000,1917.00000000,0.03687983
241.00000000,1918.00000000,0.03687734
241.00000000,1919.00000000,0.03687489
241.00000000,1920.00000000,0.03687273
241.00000000,1921.00000000,0.03687082
241.00000000,1922.00000000,0.03686933
241.00000000,1923.00000000,0.03686816
241.00000000,1924.00000000,0.03686709
241.00000000,1925.00000000,0.03686587
241.00000000,1926.00000000,0.03686462
241.00000000,1927.00000000,0.03686334
241.00000000,1928.00000000,0.03686214
241.00000000,1929.00000000,0.03686086
241.00000000,1930.00000000,0.03685964
241.00000000,1931.00000000,0.03685894
241.00000000,1932.00000000,0.03685883
241.00000000,1933.00000000,0.03685904
241.00000000,1934.00000000,0.03685949
241.00000000,1935.00000000,0.03685992
241.00000000,1936.00000000,0.03686007
241.00000000,1937.00000000,0.03685975
241.00000000,1938.00000000,0.03685878
241.00000000,1939.00000000,0.03685738
241.00000000,1940.00000000,0.03685560
241.00000000,1941.00000000,0.03685333
241.00000000,1942.00000000,0.03685057
241.00000000,1943.00000000,0.03684743
241.00000000,1944.00000000,0.03684399
241.00000000,1945.00000000,0.03684060
241.00000000,1946.00000000,0.03683753
241.00000000,1947.00000000,0.03683532
241.00000000,1948.00000000,0.03683349
241.00000000,1949.00000000,0.03683166
241.00000000,1950.00000000,0.03682967
241.00000000,1951.00000000,0.03682770
241.00000000,1952.00000000,0.03682601
241.00000000,1953.00000000,0.03682441
241.00000000,1954.00000000,0.03682282
241.00000000,1955.00000000,0.03682128
241.00000000,1956.00000000,0.03681976
241.00000000,1957.00000000,0.03681808
241.00000000,1958.00000000,0.03681619
241.00000000,1959.00000000,0.03681394
241.00000000,1960.00000000,0.03681080
241.00000000,1961.00000000,0.03680681
241.00000000,1962.00000000,0.03680236
241.00000000,1963.00000000,0.03679747
241.00000000,1964.00000000,0.03679200
241.00000000,1965.00000000,0.03678586
241.00000000,1966.00000000,0.03677900
241.00000000,1967.00000000,0.03677152
241.00000000,1968.00000000,0.03676325
241.00000000,1969.00000000,0.03675393
241.00000000,1970.00000000,0.03674339
241.00000000,1971.00000000,0.03673123
241.00000000,1972.00000000,0.03671704
241.00000000,1973.00000000,0.03670108
241.00000000,1974.00000000,0.03668370
241.00000000,1975.00000000,0.03666542
241.00000000,1976.00000000,0.03664689
241.00000000,1977.00000000,0.03662843
241.00000000,1978.00000000,0.03660978
241.00000000,1979.00000000,0.03659099
241.00000000,1980.00000000,0.03657183
241.00000000,1981.00000000,0.03655252
241.00000000,1982.00000000,0.03653415
241.00000000,1983.00000000,0.03651772
241.00000000,1984.00000000,0.03650325
241.00000000,1985.00000000,0.03649024
241.00000000,1986.00000000,0.03647806
241.00000000,1987.00000000,0.03646628
241.00000000,1988.00000000,0.03645453
241.00000000,1989.00000000,0.03644262
241.00000000,1990.00000000,0.03643041
241.00000000,1991.00000000,0.03641805
241.00000000,1992.00000000,0.03640589
241.00000000,1993.00000000,0.03639400
241.00000000,1994.00000000,0.03638258
241.00000000,1995.00000000,0.03637154
241.00000000,1996.00000000,0.03636054
241.00000000,1997.00000000,0.03634927
241.00000000,1998.00000000,0.03633765
241.00000000,1999.00000000,0.03632592
241.00000000,2000.00000000,0.03631424
241.00000000,2001.00000000,0.03630243
241.00000000,2002.00000000,0.03629038
241.00000000,2003.00000000,0.03627834
241.00000000,2004.00000000,0.03626575
241.00000000,2005.00000000,0.03625189
241.00000000,2006.00000000,0.03623617
241.00000000,2007.00000000,0.03622187
241.00000000,2008.00000000,0.03620260
241.00000000,2009.00000000,0.03618174
241.00000000,2010.00000000,0.03615961
241.00000000,2011.00000000,0.03613622
241.00000000,2012.00000000,0.03611268
241.00000000,2013.00000000,0.03608681
241.00000000,2014.00000000,0.03605965
241.00000000,2015.00000000,0.03603122
241.00000000,2016.00000000,0.03600158
241.00000000,2017.00000000,0.03597075
241.00000000,2018.00000000,0.03593878
241.00000000,2019.00000000,0.03590578
241.00000000,2020.00000000,0.03587176
241.00000000,2021.00000000,0.03583680
241.00000000,2022.00000000,0.03580214
241.00000000,2023.00000000,0.03576564
241.00000000,2024.00000000,0.03572853
241.00000000,2025.00000000,0.03569090
241.00000000,2026.00000000,0.03565276
241.00000000,2027.00000000,0.03561420
241.00000000,2028.00000000,0.03557529
241.00000000,2029.00000000,0.03553597
241.00000000,2030.00000000,0.03549635
241.00000000,2031.00000000,0.03545638
241.00000000,2032.00000000,0.03541713
241.00000000,2033.00000000,0.03537628
241.00000000,2034.00000000,0.03533482
241.00000000,2035.00000000,0.03529278
241.00000000,2036.00000000,0.03525007
241.00000000,2037.00000000,0.03520674
241.00000000,2038.00000000,0.03516389
241.00000000,2039.00000000,0.03511937
241.00000000,2040.00000000,0.03507422
241.00000000,2041.00000000,0.03502962
241.00000000,2042.00000000,0.03498329
241.00000000,2043.00000000,0.03493837
241.00000000,2044.00000000,0.03488947
241.00000000,2045.00000000,0.03484082
241.00000000,2046.00000000,0.03479142
241.00000000,2047.00000000,0.03474234
241.00000000,2048.00000000,0.03469138
241.00000000,2049.00000000,0.03463976
241.00000000,2050.00000000,0.03458746
241.00000000,2051.00000000,0.03453450
241.00000000,2052.00000000,0.03448204
241.00000000,2053.00000000,0.03442797
241.00000000,2054.00000000,0.03437333
241.00000000,2055.00000000,0.03431825
241.00000000,2056.00000000,0.03426374
241.00000000,2057.00000000,0.03420884
241.00000000,2058.00000000,0.03415354
241.00000000,2059.00000000,0.03409678
241.00000000,2060.00000000,0.03403972
241.00000000,2061.00000000,0.03398237
241.00000000,2062.00000000,0.03392496
241.00000000,2063.00000000,0.03386884
241.00000000,2064.00000000,0.03381307
241.00000000,2065.00000000,0.03375669
241.00000000,2066.00000000,0.03370191
241.00000000,2067.00000000,0.03364664
241.00000000,2068.00000000,0.03359291
241.00000000,2069.00000000,0.03353870
241.00000000,2070.00000000,0.03348494
241.00000000,2071.00000000,0.03343795
241.00000000,2072.00000000,0.03338442
241.00000000,2073.00000000,0.03333274
241.00000000,2074.00000000,0.03328308
241.00000000,2075.00000000,0.03323338
241.00000000,2076.00000000,0.03318567
241.00000000,2077.00000000,0.03314204
241.00000000,2078.00000000,0.03309526
241.00000000,2079.00000000,0.03305036
241.00000000,2080.00000000,0.03300634
241.00000000,2081.00000000,0.03296412
241.00000000,2082.00000000,0.03292182
241.00000000,2083.00000000,0.03288148
241.00000000,2084.00000000,0.03284106
241.00000000,2085.00000000,0.03280264
241.00000000,2086.00000000,0.03276717
241.00000000,2087.00000000,0.03272852
241.00000000,2088.00000000,0.03269381
241.00000000,2089.00000000,0.03265791
241.00000000,2090.00000000,0.03262476
241.00000000,2091.00000000,0.03259342
241.00000000,2092.00000000,0.03255887
241.00000000,2093.00000000,0.03252829
241.00000000,2094.00000000,0.03249764
241.00000000,2095.00000000,0.03247584
241.00000000,2096.00000000,0.03244698
241.00000000,2097.00000000,0.03242195
241.00000000,2098.00000000,0.03239374
241.00000000,2099.00000000,0.03236635
241.00000000,2100.00000000,0.03234369
241.00000000,2101.00000000,0.03232474
241.00000000,2102.00000000,0.03230262
241.00000000,2103.00000000,0.03227939
241.00000000,2104.00000000,0.03226199
241.00000000,2105.00000000,0.03224655
241.00000000,2106.00000000,0.03223103
241.00000000,2107.00000000,0.03221250
241.00000000,2108.00000000,0.03220003
241.00000000,2109.00000000,0.03218523
241.00000000,2110.00000000,0.03217330
241.00000000,2111.00000000,0.03216025
241.00000000,2112.00000000,0.03215194
241.00000000,2113.00000000,0.03215235
241.00000000,2114.00000000,0.03214757
241.00000000,2115.00000000,0.03212276
241.00000000,2116.00000000,0.03212222
241.00000000,2117.00000000,0.03211144
241.00000000,2118.00000000,0.03210128
241.00000000,2119.00000000,0.03209018
241.00000000,2120.00000000,0.03209189
241.00000000,2121.00000000,0.03210594
241.00000000,2122.00000000,0.03210188
241.00000000,2123.00000000,0.03210414
241.00000000,2124.00000000,0.03210985
241.00000000,2125.00000000,0.03210331
241.00000000,2126.00000000,0.03209627
241.00000000,2127.00000000,0.03209170
241.00000000,2128.00000000,0.03209741
241.00000000,2129.00000000,0.03212117
241.00000000,2130.00000000,0.03211420
241.00000000,2131.00000000,0.03213601
241.00000000,2132.00000000,0.03214564
241.00000000,2133.00000000,0.03214209
241.00000000,2134.00000000,0.03213317
241.00000000,2135.00000000,0.03214135
241.00000000,2136.00000000,0.03215978
241.00000000,2137.00000000,0.03216895
241.00000000,2138.00000000,0.03218645
241.00000000,2139.00000000,0.03220837
241.00000000,2140.00000000,0.03224732
241.00000000,2141.00000000,0.03227223
241.00000000,2142.00000000,0.03228885
241.00000000,2143.00000000,0.03230212
241.00000000,2144.00000000,0.03235187
241.00000000,2145.00000000,0.03235927
241.00000000,2146.00000000,0.03239826
241.00000000,2147.00000000,0.03244251
241.00000000,2148.00000000,0.03251916
241.00000000,2149.00000000,0.03248829
241.00000000,2150.00000000,0.03252474
241.00000000,2151.00000000,0.03256064
241.00000000,2152.00000000,0.03258097
241.00000000,2153.00000000,0.03262794
241.00000000,2154.00000000,0.03269690
241.00000000,2155.00000000,0.03261514
241.00000000,2156.00000000,0.03261378
241.00000000,2157.00000000,0.03268715
241.00000000,2158.00000000,0.03275359
241.00000000,2159.00000000,0.03275083
241.00000000,2160.00000000,0.03264186
241.00000000,2161.00000000,0.03278341
241.00000000,2162.00000000,0.03267868
241.00000000,2163.00000000,0.03274194
241.00000000,2164.00000000,0.03288772
241.00000000,2165.00000000,0.03290661
241.00000000,2166.00000000,0.03294557
241.00000000,2167.00000000,0.03298212
241.00000000,2168.00000000,0.03308946
241.00000000,2169.00000000,0.03312409
241.00000000,2170.00000000,0.03323525
241.00000000,2171.00000000,0.03317956
241.00000000,2172.00000000,0.03310432
241.00000000,2173.00000000,0.03304966
241.00000000,2174.00000000,0.03313251
241.00000000,2175.00000000,0.03325029
241.00000000,2176.00000000,0.03334415
241.00000000,2177.00000000,0.03348778
241.00000000,2178.00000000,0.03360936
241.00000000,2179.00000000,0.03358866
241.00000000,2180.00000000,0.03368457
241.00000000,2181.00000000,0.03383824
241.00000000,2182.00000000,0.03392240
241.00000000,2183.00000000,0.03398129
241.00000000,2184.00000000,0.03408215
241.00000000,2185.00000000,0.03412798
241.00000000,2186.00000000,0.03396173
241.00000000,2187.00000000,0.03409579
241.00000000,2188.00000000,0.03430747
241.00000000,2189.00000000,0.03444452
241.00000000,2190.00000000,0.03445668
241.00000000,2191.00000000,0.03473136
241.00000000,2192.00000000,0.03493533
241.00000000,2193.00000000,0.03503107
241.00000000,2194.00000000,0.03514546
241.00000000,2195.00000000,0.03524040
241.00000000,2196.00000000,0.03549202
241.00000000,2197.00000000,0.03570239
241.00000000,2198.00000000,0.03587120
241.00000000,2199.00000000,0.03600934
241.00000000,2200.00000000,0.03622194
241.00000000,2201.00000000,0.03641909
241.00000000,2202.00000000,0.03651858
241.00000000,2203.00000000,0.03671015
241.00000000,2204.00000000,0.03694644
241.00000000,2205.00000000,0.03719703
241.00000000,2206.00000000,0.03742619
241.00000000,2207.00000000,0.03768090
241.00000000,2208.00000000,0.03788226
241.00000000,2209.00000000,0.03815836
241.00000000,2210.00000000,0.03847259
241.00000000,2211.00000000,0.03885495
241.00000000,2212.00000000,0.03911472
241.00000000,2213.00000000,0.03938985
241.00000000,2214.00000000,0.03973737
241.00000000,2215.00000000,0.03985147
241.00000000,2216.00000000,0.03992742
241.00000000,2217.00000000,0.04031387
241.00000000,2218.00000000,0.04057544
241.00000000,2219.00000000,0.04076562
241.00000000,2220.00000000,0.04117290
241.00000000,2221.00000000,0.04122889
241.00000000,2222.00000000,0.04117119
241.00000000,2223.00000000,0.04124357
241.00000000,2224.00000000,0.04134253
241.00000000,2225.00000000,0.04165113
241.00000000,2226.00000000,0.04193442
241.00000000,2227.00000000,0.04223256
241.00000000,2228.00000000,0.04250832
241.00000000,2229.00000000,0.04285849
241.00000000,2230.00000000,0.04311900
241.00000000,2231.00000000,0.04330629
241.00000000,2232.00000000,0.04353353
241.00000000,2233.00000000,0.04353883
241.00000000,2234.00000000,0.04367716
241.00000000,2235.00000000,0.04393772
241.00000000,2236.00000000,0.04421323
241.00000000,2237.00000000,0.04449946
241.00000000,2238.00000000,0.04475633
241.00000000,2239.00000000,0.04486286
241.00000000,2240.00000000,0.04498396
241.00000000,2241.00000000,0.04530899
241.00000000,2242.00000000,0.04563122
241.00000000,2243.00000000,0.04583798
241.00000000,2244.00000000,0.04635957
241.00000000,2245.00000000,0.04693887
241.00000000,2246.00000000,0.04742618
241.00000000,2247.00000000,0.04779654
241.00000000,2248.00000000,0.04817001
241.00000000,2249.00000000,0.04854663
241.00000000,2250.00000000,0.04892577
241.00000000,2251.00000000,0.04930682
241.00000000,2252.00000000,0.04976788
241.00000000,2253.00000000,0.05023036
241.00000000,2254.00000000,0.05069410
241.00000000,2255.00000000,0.05115898
241.00000000,2256.00000000,0.05162492
241.00000000,2257.00000000,0.05209189
241.00000000,2258.00000000,0.05255984
241.00000000,2259.00000000,0.05302870
241.00000000,2260.00000000,0.05349850
241.00000000,2261.00000000,0.05396921
241.00000000,2262.00000000,0.05440525
241.00000000,2263.00000000,0.05484214
241.00000000,2264.00000000,0.05527983
241.00000000,2265.00000000,0.05571841
241.00000000,2266.00000000,0.05615788
241.00000000,2267.00000000,0.05659821
241.00000000,2268.00000000,0.05703950
241.00000000,2269.00000000,0.05748173
241.00000000,2270.00000000,0.05792491
241.00000000,2271.00000000,0.05836915
241.00000000,2272.00000000,0.05888991
241.00000000,2273.00000000,0.05941199
241.00000000,2274.00000000,0.05993545
241.00000000,2275.00000000,0.06046022
241.00000000,2276.00000000,0.06098624
241.00000000,2277.00000000,0.06151358
241.00000000,2278.00000000,0.06204214
241.00000000,2279.00000000,0.06257198
241.00000000,2280.00000000,0.06310305
241.00000000,2281.00000000,0.06363530
241.00000000,2282.00000000,0.06422478
241.00000000,2283.00000000,0.06481565
241.00000000,2284.00000000,0.06540781
241.00000000,2285.00000000,0.06600131
241.00000000,2286.00000000,0.06659605
241.00000000,2287.00000000,0.06719195
241.00000000,2288.00000000,0.06778904
241.00000000,2289.00000000,0.06838720
241.00000000,2290.00000000,0.06898644
241.00000000,2291.00000000,0.06958669
241.00000000,2292.00000000,0.07018463
241.00000000,2293.00000000,0.07078350
241.00000000,2294.00000000,0.07138321
241.00000000,2295.00000000,0.07198363
241.00000000,2296.00000000,0.07258484
241.00000000,2297.00000000,0.07318669
241.00000000,2298.00000000,0.07378910
241.00000000,2299.00000000,0.07439208
241.00000000,2300.00000000,0.07499552
241.00000000,2301.00000000,0.07559927
241.00000000,2302.00000000,0.07607725
241.00000000,2303.00000000,0.07655500
241.00000000,2304.00000000,0.07703258
241.00000000,2305.00000000,0.07750991
241.00000000,2306.00000000,0.07798693
241.00000000,2307.00000000,0.07846368
241.00000000,2308.00000000,0.07894010
241.00000000,2309.00000000,0.07941609
241.00000000,2310.00000000,0.07989168
241.00000000,2311.00000000,0.08036681
241.00000000,2312.00000000,0.08072626
241.00000000,2313.00000000,0.08108485
241.00000000,2314.00000000,0.08144248
241.00000000,2315.00000000,0.08179926
241.00000000,2316.00000000,0.08215510
241.00000000,2317.00000000,0.08250997
241.00000000,2318.00000000,0.08286394
241.00000000,2319.00000000,0.08321695
241.00000000,2320.00000000,0.08356893
241.00000000,2321.00000000,0.08391997
241.00000000,2322.00000000,0.08420506
241.00000000,2323.00000000,0.08448887
241.00000000,2324.00000000,0.08477152
241.00000000,2325.00000000,0.08505292
241.00000000,2326.00000000,0.08533317
241.00000000,2327.00000000,0.08561220
241.00000000,2328.00000000,0.08588997
241.00000000,2329.00000000,0.08616658
241.00000000,2330.00000000,0.08644195
241.00000000,2331.00000000,0.08671602
241.00000000,2332.00000000,0.08692134
241.00000000,2333.00000000,0.08712525
241.00000000,2334.00000000,0.08732767
241.00000000,2335.00000000,0.08752875
241.00000000,2336.00000000,0.08772843
241.00000000,2337.00000000,0.08792664
241.00000000,2338.00000000,0.08812352
241.00000000,2339.00000000,0.08831894
241.00000000,2340.00000000,0.08851306
241.00000000,2341.00000000,0.08870578
241.00000000,2342.00000000,0.08884481
241.00000000,2343.00000000,0.08898241
241.00000000,2344.00000000,0.08911850
241.00000000,2345.00000000,0.08925306
241.00000000,2346.00000000,0.08938620
241.00000000,2347.00000000,0.08951789
241.00000000,2348.00000000,0.08964804
241.00000000,2349.00000000,0.08977682
241.00000000,2350.00000000,0.08990408
241.00000000,2351.00000000,0.09002999
241.00000000,2352.00000000,0.09015447
241.00000000,2353.00000000,0.09027745
241.00000000,2354.00000000,0.09039910
241.00000000,2355.00000000,0.09051934
241.00000000,2356.00000000,0.09063810
241.00000000,2357.00000000,0.09075555
241.00000000,2358.00000000,0.09087160
241.00000000,2359.00000000,0.09098617
241.00000000,2360.00000000,0.09109943
241.00000000,2361.00000000,0.09121131
241.00000000,2362.00000000,0.09132172
241.00000000,2363.00000000,0.09143083
241.00000000,2364.00000000,0.09153846
241.00000000,2365.00000000,0.09164481
241.00000000,2366.00000000,0.09174978
241.00000000,2367.00000000,0.09185326
241.00000000,2368.00000000,0.09195547
241.00000000,2369.00000000,0.09205631
241.00000000,2370.00000000,0.09215567
241.00000000,2371.00000000,0.09225374
241.00000000,2372.00000000,0.09235043
241.00000000,2373.00000000,0.09244562
241.00000000,2374.00000000,0.09253954
241.00000000,2375.00000000,0.09263196
241.00000000,2376.00000000,0.09272309
241.00000000,2377.00000000,0.09281284
241.00000000,2378.00000000,0.09290109
241.00000000,2379.00000000,0.09298803
241.00000000,2380.00000000,0.09307357
241.00000000,2381.00000000,0.09315759
241.00000000,2382.00000000,0.09324030
241.00000000,2383.00000000,0.09332158
241.00000000,2384.00000000,0.09340132
241.00000000,2385.00000000,0.09347972
241.00000000,2386.00000000,0.09355659
241.00000000,2387.00000000,0.09363208
241.00000000,2388.00000000,0.09370608
241.00000000,2389.00000000,0.09377851
241.00000000,2390.00000000,0.09384948
241.00000000,2391.00000000,0.09391885
241.00000000,2392.00000000,0.09362350
241.00000000,2393.00000000,0.09332622
241.00000000,2394.00000000,0.09302699
241.00000000,2395.00000000,0.09272577
241.00000000,2396.00000000,0.09242274
241.00000000,2397.00000000,0.09211787
241.00000000,2398.00000000,0.09181113
241.00000000,2399.00000000,0.09150269
241.00000000,2400.00000000,0.09119244
241.00000000,2401.00000000,0.09088057
241.00000000,2402.00000000,0.09056704
241.00000000,2403.00000000,0.09025182
241.00000000,2404.00000000,0.08993507
241.00000000,2405.00000000,0.08961678
241.00000000,2406.00000000,0.08929686
241.00000000,2407.00000000,0.08897555
241.00000000,2408.00000000,0.08865275
241.00000000,2409.00000000,0.08832845
241.00000000,2410.00000000,0.08800281
241.00000000,2411.00000000,0.08767572
241.00000000,2412.00000000,0.08734736
241.00000000,2413.00000000,0.08701767
241.00000000,2414.00000000,0.08668661
241.00000000,2415.00000000,0.08635435
241.00000000,2416.00000000,0.08602086
241.00000000,2417.00000000,0.08568607
241.00000000,2418.00000000,0.08535016
241.00000000,2419.00000000,0.08501309
241.00000000,2420.00000000,0.08467480
241.00000000,2421.00000000,0.08433545
241.00000000,2422.00000000,0.08399503
241.00000000,2423.00000000,0.08365345
241.00000000,2424.00000000,0.08331090
241.00000000,2425.00000000,0.08296725
241.00000000,2426.00000000,0.08262266
241.00000000,2427.00000000,0.08227710
241.00000000,2428.00000000,0.08193050
241.00000000,2429.00000000,0.08158303
241.00000000,2430.00000000,0.08123464
241.00000000,2431.00000000,0.08088529
241.00000000,2432.00000000,0.08053512
241.00000000,2433.00000000,0.08018410
241.00000000,2434.00000000,0.07983216
241.00000000,2435.00000000,0.07947949
241.00000000,2436.00000000,0.07912593
241.00000000,2437.00000000,0.07877167
241.00000000,2438.00000000,0.07841664
241.00000000,2439.00000000,0.07806079
241.00000000,2440.00000000,0.07770430
241.00000000,2441.00000000,0.07734709
241.00000000,2442.00000000,0.07698911
241.00000000,2443.00000000,0.07663054
241.00000000,2444.00000000,0.07627131
241.00000000,2445.00000000,0.07591136
241.00000000,2446.00000000,0.07555086
241.00000000,2447.00000000,0.07518976
241.00000000,2448.00000000,0.07482799
241.00000000,2449.00000000,0.07446571
241.00000000,2450.00000000,0.07410280
241.00000000,2451.00000000,0.07373942
241.00000000,2452.00000000,0.07337551
241.00000000,2453.00000000,0.07301101
241.00000000,2454.00000000,0.07264607
241.00000000,2455.00000000,0.07228066
241.00000000,2456.00000000,0.07191469
241.00000000,2457.00000000,0.07154834
241.00000000,2458.00000000,0.07118154
241.00000000,2459.00000000,0.07081424
241.00000000,2460.00000000,0.07044659
241.00000000,2461.00000000,0.07007847
241.00000000,2462.00000000,0.06971003
241.00000000,2463.00000000,0.06934122
241.00000000,2464.00000000,0.06897197
241.00000000,2465.00000000,0.06860246
241.00000000,2466.00000000,0.06823260
241.00000000,2467.00000000,0.06786234
241.00000000,2468.00000000,0.06749185
241.00000000,2469.00000000,0.06712108
241.00000000,2470.00000000,0.06674992
241.00000000,2471.00000000,0.06637858
241.00000000,2472.00000000,0.06600690
241.00000000,2473.00000000,0.06563506
241.00000000,2474.00000000,0.06526297
241.00000000,2475.00000000,0.06489059
241.00000000,2476.00000000,0.06451808
241.00000000,2477.00000000,0.06414536
241.00000000,2478.00000000,0.06377239
241.00000000,2479.00000000,0.06339931
241.00000000,2480.00000000,0.06302608
241.00000000,2481.00000000,0.06265261
241.00000000,2482.00000000,0.06227908
241.00000000,2483.00000000,0.06190544
241.00000000,2484.00000000,0.06153158
241.00000000,2485.00000000,0.06115772
241.00000000,2486.00000000,0.06078368
241.00000000,2487.00000000,0.06040966
241.00000000,2488.00000000,0.06003560
241.00000000,2489.00000000,0.05966145
241.00000000,2490.00000000,0.05936571
241.00000000,2491.00000000,0.05930050
241.00000000,2492.00000000,0.05929831
241.00000000,2493.00000000,0.05929630
241.00000000,2494.00000000,0.05929439
241.00000000,2495.00000000,0.05929249
241.00000000,2496.00000000,0.05929076
241.00000000,2497.00000000,0.05929892
241.00000000,2498.00000000,0.05930724
241.00000000,2499.00000000,0.05931565
241.00000000,2500.00000000,0.05932405
242.00000000,1765.00000000,0.03653781
242.00000000,1766.00000000,0.03653776
242.00000000,1767.00000000,0.03653786
242.00000000,1768.00000000,0.03653793
242.00000000,1769.00000000,0.03653806
242.00000000,1770.00000000,0.03653821
242.00000000,1771.00000000,0.03653851
242.00000000,1772.00000000,0.03653882
242.00000000,1773.00000000,0.03653925
242.00000000,1774.00000000,0.03653986
242.00000000,1775.00000000,0.03654035
242.00000000,1776.00000000,0.03654082
242.00000000,1777.00000000,0.03654159
242.00000000,1778.00000000,0.03654237
242.00000000,1779.00000000,0.03654328
242.00000000,1780.00000000,0.03654405
242.00000000,1781.00000000,0.03654493
242.00000000,1782.00000000,0.03654603
242.00000000,1783.00000000,0.03654692
242.00000000,1784.00000000,0.03654821
242.00000000,1785.00000000,0.03654918
242.00000000,1786.00000000,0.03655042
242.00000000,1787.00000000,0.03655184
242.00000000,1788.00000000,0.03655300
242.00000000,1789.00000000,0.03655438
242.00000000,1790.00000000,0.03655577
242.00000000,1791.00000000,0.03655723
242.00000000,1792.00000000,0.03655863
242.00000000,1793.00000000,0.03656018
242.00000000,1794.00000000,0.03656167
242.00000000,1795.00000000,0.03656324
242.00000000,1796.00000000,0.03656488
242.00000000,1797.00000000,0.03656652
242.00000000,1798.00000000,0.03656815
242.00000000,1799.00000000,0.03656988
242.00000000,1800.00000000,0.03657145
242.00000000,1801.00000000,0.03657311
242.00000000,1802.00000000,0.03657492
242.00000000,1803.00000000,0.03657664
242.00000000,1804.00000000,0.03657830
242.00000000,1805.00000000,0.03658018
242.00000000,1806.00000000,0.03658189
242.00000000,1807.00000000,0.03658372
242.00000000,1808.00000000,0.03658556
242.00000000,1809.00000000,0.03658734
242.00000000,1810.00000000,0.03658922
242.00000000,1811.00000000,0.03659106
242.00000000,1812.00000000,0.03659298
242.00000000,1813.00000000,0.03659487
242.00000000,1814.00000000,0.03659661
242.00000000,1815.00000000,0.03659859
242.00000000,1816.00000000,0.03660047
242.00000000,1817.00000000,0.03660236
242.00000000,1818.00000000,0.03660418
242.00000000,1819.00000000,0.03660604
242.00000000,1820.00000000,0.03660803
242.00000000,1821.00000000,0.03660988
242.00000000,1822.00000000,0.03661180
242.00000000,1823.00000000,0.03661366
242.00000000,1824.00000000,0.03661564
242.00000000,1825.00000000,0.03661752
242.00000000,1826.00000000,0.03661936
242.00000000,1827.00000000,0.03662129
242.00000000,1828.00000000,0.03662313
242.00000000,1829.00000000,0.03662509
242.00000000,1830.00000000,0.03662696
242.00000000,1831.00000000,0.03662877
242.00000000,1832.00000000,0.03663070
242.00000000,1833.00000000,0.03663247
242.00000000,1834.00000000,0.03663436
242.00000000,1835.00000000,0.03663621
242.00000000,1836.00000000,0.03663803
242.00000000,1837.00000000,0.03663983
242.00000000,1838.00000000,0.03664156
242.00000000,1839.00000000,0.03664334
242.00000000,1840.00000000,0.03664511
242.00000000,1841.00000000,0.03664687
242.00000000,1842.00000000,0.03664870
242.00000000,1843.00000000,0.03665041
242.00000000,1844.00000000,0.03665208
242.00000000,1845.00000000,0.03665378
242.00000000,1846.00000000,0.03665551
242.00000000,1847.00000000,0.03665712
242.00000000,1848.00000000,0.03665883
242.00000000,1849.00000000,0.03666039
242.00000000,1850.00000000,0.03666201
242.00000000,1851.00000000,0.03666364
242.00000000,1852.00000000,0.03666521
242.00000000,1853.00000000,0.03666689
242.00000000,1854.00000000,0.03666865
242.00000000,1855.00000000,0.03667042
242.00000000,1856.00000000,0.03667215
242.00000000,1857.00000000,0.03667381
242.00000000,1858.00000000,0.03667542
242.00000000,1859.00000000,0.03667697
242.00000000,1860.00000000,0.03667854
242.00000000,1861.00000000,0.03668002
242.00000000,1862.00000000,0.03668151
242.00000000,1863.00000000,0.03668248
242.00000000,1864.00000000,0.03668332
242.00000000,1865.00000000,0.03668397
242.00000000,1866.00000000,0.03668445
242.00000000,1867.00000000,0.03668473
242.00000000,1868.00000000,0.03668485
242.00000000,1869.00000000,0.03668493
242.00000000,1870.00000000,0.03668481
242.00000000,1871.00000000,0.03668463
242.00000000,1872.00000000,0.03668448
242.00000000,1873.00000000,0.03668474
242.00000000,1874.00000000,0.03668514
242.00000000,1875.00000000,0.03668577
242.00000000,1876.00000000,0.03668655
242.00000000,1877.00000000,0.03668732
242.00000000,1878.00000000,0.03668827
242.00000000,1879.00000000,0.03668929
242.00000000,1880.00000000,0.03669021
242.00000000,1881.00000000,0.03669124
242.00000000,1882.00000000,0.03669224
242.00000000,1883.00000000,0.03669294
242.00000000,1884.00000000,0.03669355
242.00000000,1885.00000000,0.03669404
242.00000000,1886.00000000,0.03669428
242.00000000,1887.00000000,0.03669454
242.00000000,1888.00000000,0.03669470
242.00000000,1889.00000000,0.03669472
242.00000000,1890.00000000,0.03669458
242.00000000,1891.00000000,0.03669432
242.00000000,1892.00000000,0.03669382
242.00000000,1893.00000000,0.03669334
242.00000000,1894.00000000,0.03669269
242.00000000,1895.00000000,0.03669214
242.00000000,1896.00000000,0.03669163
242.00000000,1897.00000000,0.03669117
242.00000000,1898.00000000,0.03669052
242.00000000,1899.00000000,0.03668982
242.00000000,1900.00000000,0.03668895
242.00000000,1901.00000000,0.03668794
242.00000000,1902.00000000,0.03668700
242.00000000,1903.00000000,0.03668613
242.00000000,1904.00000000,0.03668517
242.00000000,1905.00000000,0.03668441
242.00000000,1906.00000000,0.03668373
242.00000000,1907.00000000,0.03668309
242.00000000,1908.00000000,0.03668241
242.00000000,1909.00000000,0.03668170
242.00000000,1910.00000000,0.03668103
242.00000000,1911.00000000,0.03668023
242.00000000,1912.00000000,0.03667911
242.00000000,1913.00000000,0.03667750
242.00000000,1914.00000000,0.03667550
242.00000000,1915.00000000,0.03667322
242.00000000,1916.00000000,0.03667094
242.00000000,1917.00000000,0.03666860
242.00000000,1918.00000000,0.03666619
242.00000000,1919.00000000,0.03666372
242.00000000,1920.00000000,0.03666152
242.00000000,1921.00000000,0.03665968
242.00000000,1922.00000000,0.03665821
242.00000000,1923.00000000,0.03665704
242.00000000,1924.00000000,0.03665592
242.00000000,1925.00000000,0.03665477
242.00000000,1926.00000000,0.03665351
242.00000000,1927.00000000,0.03665223
242.00000000,1928.00000000,0.03665100
242.00000000,1929.00000000,0.03664976
242.00000000,1930.00000000,0.03664857
242.00000000,1931.00000000,0.03664784
242.00000000,1932.00000000,0.03664774
242.00000000,1933.00000000,0.03664795
242.00000000,1934.00000000,0.03664841
242.00000000,1935.00000000,0.03664882
242.00000000,1936.00000000,0.03664897
242.00000000,1937.00000000,0.03664865
242.00000000,1938.00000000,0.03664770
242.00000000,1939.00000000,0.03664629
242.00000000,1940.00000000,0.03664454
242.00000000,1941.00000000,0.03664228
242.00000000,1942.00000000,0.03663948
242.00000000,1943.00000000,0.03663640
242.00000000,1944.00000000,0.03663301
242.00000000,1945.00000000,0.03662954
242.00000000,1946.00000000,0.03662662
242.00000000,1947.00000000,0.03662434
242.00000000,1948.00000000,0.03662251
242.00000000,1949.00000000,0.03662070
242.00000000,1950.00000000,0.03661881
242.00000000,1951.00000000,0.03661674
242.00000000,1952.00000000,0.03661511
242.00000000,1953.00000000,0.03661351
242.00000000,1954.00000000,0.03661189
242.00000000,1955.00000000,0.03661042
242.00000000,1956.00000000,0.03660888
242.00000000,1957.00000000,0.03660720
242.00000000,1958.00000000,0.03660530
242.00000000,1959.00000000,0.03660311
242.00000000,1960.00000000,0.03659995
242.00000000,1961.00000000,0.03659598
242.00000000,1962.00000000,0.03659157
242.00000000,1963.00000000,0.03658668
242.00000000,1964.00000000,0.03658127
242.00000000,1965.00000000,0.03657515
242.00000000,1966.00000000,0.03656834
242.00000000,1967.00000000,0.03656087
242.00000000,1968.00000000,0.03655266
242.00000000,1969.00000000,0.03654338
242.00000000,1970.00000000,0.03653291
242.00000000,1971.00000000,0.03652080
242.00000000,1972.00000000,0.03650669
242.00000000,1973.00000000,0.03649083
242.00000000,1974.00000000,0.03647353
242.00000000,1975.00000000,0.03645537
242.00000000,1976.00000000,0.03643692
242.00000000,1977.00000000,0.03641854
242.00000000,1978.00000000,0.03640004
242.00000000,1979.00000000,0.03638131
242.00000000,1980.00000000,0.03636225
242.00000000,1981.00000000,0.03634307
242.00000000,1982.00000000,0.03632477
242.00000000,1983.00000000,0.03630845
242.00000000,1984.00000000,0.03629403
242.00000000,1985.00000000,0.03628110
242.00000000,1986.00000000,0.03626898
242.00000000,1987.00000000,0.03625724
242.00000000,1988.00000000,0.03624555
242.00000000,1989.00000000,0.03623369
242.00000000,1990.00000000,0.03622154
242.00000000,1991.00000000,0.03620923
242.00000000,1992.00000000,0.03619713
242.00000000,1993.00000000,0.03618527
242.00000000,1994.00000000,0.03617391
242.00000000,1995.00000000,0.03616291
242.00000000,1996.00000000,0.03615196
242.00000000,1997.00000000,0.03614073
242.00000000,1998.00000000,0.03612913
242.00000000,1999.00000000,0.03611745
242.00000000,2000.00000000,0.03610580
242.00000000,2001.00000000,0.03609403
242.00000000,2002.00000000,0.03608200
242.00000000,2003.00000000,0.03606999
242.00000000,2004.00000000,0.03605743
242.00000000,2005.00000000,0.03604359
242.00000000,2006.00000000,0.03602791
242.00000000,2007.00000000,0.03601036
242.00000000,2008.00000000,0.03599442
242.00000000,2009.00000000,0.03597371
242.00000000,2010.00000000,0.03595157
242.00000000,2011.00000000,0.03592827
242.00000000,2012.00000000,0.03590374
242.00000000,2013.00000000,0.03587904
242.00000000,2014.00000000,0.03585201
242.00000000,2015.00000000,0.03582370
242.00000000,2016.00000000,0.03579416
242.00000000,2017.00000000,0.03576347
242.00000000,2018.00000000,0.03573166
242.00000000,2019.00000000,0.03569878
242.00000000,2020.00000000,0.03566491
242.00000000,2021.00000000,0.03563012
242.00000000,2022.00000000,0.03559450
242.00000000,2023.00000000,0.03555928
242.00000000,2024.00000000,0.03552235
242.00000000,2025.00000000,0.03548489
242.00000000,2026.00000000,0.03544696
242.00000000,2027.00000000,0.03540858
242.00000000,2028.00000000,0.03536982
242.00000000,2029.00000000,0.03533075
242.00000000,2030.00000000,0.03529129
242.00000000,2031.00000000,0.03525153
242.00000000,2032.00000000,0.03521137
242.00000000,2033.00000000,0.03517181
242.00000000,2034.00000000,0.03513059
242.00000000,2035.00000000,0.03508871
242.00000000,2036.00000000,0.03504626
242.00000000,2037.00000000,0.03500314
242.00000000,2038.00000000,0.03495940
242.00000000,2039.00000000,0.03491617
242.00000000,2040.00000000,0.03487131
242.00000000,2041.00000000,0.03482582
242.00000000,2042.00000000,0.03478081
242.00000000,2043.00000000,0.03473401
242.00000000,2044.00000000,0.03468855
242.00000000,2045.00000000,0.03463911
242.00000000,2046.00000000,0.03458993
242.00000000,2047.00000000,0.03454003
242.00000000,2048.00000000,0.03449046
242.00000000,2049.00000000,0.03443908
242.00000000,2050.00000000,0.03438706
242.00000000,2051.00000000,0.03433441
242.00000000,2052.00000000,0.03428114
242.00000000,2053.00000000,0.03422840
242.00000000,2054.00000000,0.03417409
242.00000000,2055.00000000,0.03411926
242.00000000,2056.00000000,0.03406403
242.00000000,2057.00000000,0.03400938
242.00000000,2058.00000000,0.03395438
242.00000000,2059.00000000,0.03389901
242.00000000,2060.00000000,0.03384221
242.00000000,2061.00000000,0.03378518
242.00000000,2062.00000000,0.03372810
242.00000000,2063.00000000,0.03367120
242.00000000,2064.00000000,0.03361574
242.00000000,2065.00000000,0.03356074
242.00000000,2066.00000000,0.03350518
242.00000000,2067.00000000,0.03345122
242.00000000,2068.00000000,0.03339678
242.00000000,2069.00000000,0.03334384
242.00000000,2070.00000000,0.03329041
242.00000000,2071.00000000,0.03323747
242.00000000,2072.00000000,0.03319139
242.00000000,2073.00000000,0.03313899
242.00000000,2074.00000000,0.03308853
242.00000000,2075.00000000,0.03304013
242.00000000,2076.00000000,0.03299168
242.00000000,2077.00000000,0.03294518
242.00000000,2078.00000000,0.03290270
242.00000000,2079.00000000,0.03285704
242.00000000,2080.00000000,0.03281321
242.00000000,2081.00000000,0.03277023
242.00000000,2082.00000000,0.03272910
242.00000000,2083.00000000,0.03268795
242.00000000,2084.00000000,0.03264877
242.00000000,2085.00000000,0.03260949
242.00000000,2086.00000000,0.03257219
242.00000000,2087.00000000,0.03253779
242.00000000,2088.00000000,0.03250019
242.00000000,2089.00000000,0.03246645
242.00000000,2090.00000000,0.03243149
242.00000000,2091.00000000,0.03239925
242.00000000,2092.00000000,0.03236887
242.00000000,2093.00000000,0.03233539
242.00000000,2094.00000000,0.03230586
242.00000000,2095.00000000,0.03227626
242.00000000,2096.00000000,0.03225544
242.00000000,2097.00000000,0.03222757
242.00000000,2098.00000000,0.03220349
242.00000000,2099.00000000,0.03217620
242.00000000,2100.00000000,0.03214970
242.00000000,2101.00000000,0.03212790
242.00000000,2102.00000000,0.03210983
242.00000000,2103.00000000,0.03208869
242.00000000,2104.00000000,0.03206647
242.00000000,2105.00000000,0.03205002
242.00000000,2106.00000000,0.03203552
242.00000000,2107.00000000,0.03202090
242.00000000,2108.00000000,0.03200327
242.00000000,2109.00000000,0.03199162
242.00000000,2110.00000000,0.03197763
242.00000000,2111.00000000,0.03196646
242.00000000,2112.00000000,0.03195414
242.00000000,2113.00000000,0.03194651
242.00000000,2114.00000000,0.03194751
242.00000000,2115.00000000,0.03194333
242.00000000,2116.00000000,0.03191924
242.00000000,2117.00000000,0.03191922
242.00000000,2118.00000000,0.03190902
242.00000000,2119.00000000,0.03189941
242.00000000,2120.00000000,0.03188885
242.00000000,2121.00000000,0.03189101
242.00000000,2122.00000000,0.03190541
242.00000000,2123.00000000,0.03190179
242.00000000,2124.00000000,0.03190446
242.00000000,2125.00000000,0.03191053
242.00000000,2126.00000000,0.03190443
242.00000000,2127.00000000,0.03189781
242.00000000,2128.00000000,0.03189365
242.00000000,2129.00000000,0.03189971
242.00000000,2130.00000000,0.03192369
242.00000000,2131.00000000,0.03191712
242.00000000,2132.00000000,0.03193915
242.00000000,2133.00000000,0.03194907
242.00000000,2134.00000000,0.03194588
242.00000000,2135.00000000,0.03193735
242.00000000,2136.00000000,0.03194580
242.00000000,2137.00000000,0.03196443
242.00000000,2138.00000000,0.03197387
242.00000000,2139.00000000,0.03199157
242.00000000,2140.00000000,0.03201365
242.00000000,2141.00000000,0.03205268
242.00000000,2142.00000000,0.03207773
242.00000000,2143.00000000,0.03209455
242.00000000,2144.00000000,0.03210803
242.00000000,2145.00000000,0.03215776
242.00000000,2146.00000000,0.03216540
242.00000000,2147.00000000,0.03220443
242.00000000,2148.00000000,0.03224870
242.00000000,2149.00000000,0.03232516
242.00000000,2150.00000000,0.03229475
242.00000000,2151.00000000,0.03233143
242.00000000,2152.00000000,0.03236805
242.00000000,2153.00000000,0.03238965
242.00000000,2154.00000000,0.03243797
242.00000000,2155.00000000,0.03250823
242.00000000,2156.00000000,0.03242868
242.00000000,2157.00000000,0.03242904
242.00000000,2158.00000000,0.03250367
242.00000000,2159.00000000,0.03257138
242.00000000,2160.00000000,0.03257023
242.00000000,2161.00000000,0.03246339
242.00000000,2162.00000000,0.03260564
242.00000000,2163.00000000,0.03250291
242.00000000,2164.00000000,0.03256722
242.00000000,2165.00000000,0.03271356
242.00000000,2166.00000000,0.03273365
242.00000000,2167.00000000,0.03277367
242.00000000,2168.00000000,0.03281125
242.00000000,2169.00000000,0.03291923
242.00000000,2170.00000000,0.03295484
242.00000000,2171.00000000,0.03306656
242.00000000,2172.00000000,0.03301225
242.00000000,2173.00000000,0.03293845
242.00000000,2174.00000000,0.03288510
242.00000000,2175.00000000,0.03296855
242.00000000,2176.00000000,0.03308673
242.00000000,2177.00000000,0.03318110
242.00000000,2178.00000000,0.03332497
242.00000000,2179.00000000,0.03344689
242.00000000,2180.00000000,0.03342720
242.00000000,2181.00000000,0.03352354
242.00000000,2182.00000000,0.03367735
242.00000000,2183.00000000,0.03376197
242.00000000,2184.00000000,0.03382143
242.00000000,2185.00000000,0.03392264
242.00000000,2186.00000000,0.03396907
242.00000000,2187.00000000,0.03380439
242.00000000,2188.00000000,0.03393862
242.00000000,2189.00000000,0.03415011
242.00000000,2190.00000000,0.03428729
242.00000000,2191.00000000,0.03430015
242.00000000,2192.00000000,0.03457435
242.00000000,2193.00000000,0.03477813
242.00000000,2194.00000000,0.03487418
242.00000000,2195.00000000,0.03498878
242.00000000,2196.00000000,0.03508402
242.00000000,2197.00000000,0.03533524
242.00000000,2198.00000000,0.03554539
242.00000000,2199.00000000,0.03571416
242.00000000,2200.00000000,0.03585240
242.00000000,2201.00000000,0.03606477
242.00000000,2202.00000000,0.03626176
242.00000000,2203.00000000,0.03636150
242.00000000,2204.00000000,0.03655292
242.00000000,2205.00000000,0.03678888
242.00000000,2206.00000000,0.03703909
242.00000000,2207.00000000,0.03726795
242.00000000,2208.00000000,0.03752226
242.00000000,2209.00000000,0.03772344
242.00000000,2210.00000000,0.03799906
242.00000000,2211.00000000,0.03831265
242.00000000,2212.00000000,0.03869410
242.00000000,2213.00000000,0.03895346
242.00000000,2214.00000000,0.03922813
242.00000000,2215.00000000,0.03957490
242.00000000,2216.00000000,0.03968920
242.00000000,2217.00000000,0.03976551
242.00000000,2218.00000000,0.04015106
242.00000000,2219.00000000,0.04041224
242.00000000,2220.00000000,0.04060233
242.00000000,2221.00000000,0.04100865
242.00000000,2222.00000000,0.04106509
242.00000000,2223.00000000,0.04100828
242.00000000,2224.00000000,0.04108104
242.00000000,2225.00000000,0.04118027
242.00000000,2226.00000000,0.04148832
242.00000000,2227.00000000,0.04177117
242.00000000,2228.00000000,0.04206881
242.00000000,2229.00000000,0.04234417
242.00000000,2230.00000000,0.04269366
242.00000000,2231.00000000,0.04295384
242.00000000,2232.00000000,0.04314109
242.00000000,2233.00000000,0.04336813
242.00000000,2234.00000000,0.04337408
242.00000000,2235.00000000,0.04351255
242.00000000,2236.00000000,0.04377280
242.00000000,2237.00000000,0.04404795
242.00000000,2238.00000000,0.04433378
242.00000000,2239.00000000,0.04459037
242.00000000,2240.00000000,0.04469718
242.00000000,2241.00000000,0.04481851
242.00000000,2242.00000000,0.04514303
242.00000000,2243.00000000,0.04546475
242.00000000,2244.00000000,0.04567144
242.00000000,2245.00000000,0.04619183
242.00000000,2246.00000000,0.04676973
242.00000000,2247.00000000,0.04725598
242.00000000,2248.00000000,0.04762572
242.00000000,2249.00000000,0.04799850
242.00000000,2250.00000000,0.04837412
242.00000000,2251.00000000,0.04875163
242.00000000,2252.00000000,0.04913046
242.00000000,2253.00000000,0.04958868
242.00000000,2254.00000000,0.05004814
242.00000000,2255.00000000,0.05050881
242.00000000,2256.00000000,0.05097059
242.00000000,2257.00000000,0.05143339
242.00000000,2258.00000000,0.05189723
242.00000000,2259.00000000,0.05236205
242.00000000,2260.00000000,0.05282780
242.00000000,2261.00000000,0.05329452
242.00000000,2262.00000000,0.05376221
242.00000000,2263.00000000,0.05419544
242.00000000,2264.00000000,0.05462954
242.00000000,2265.00000000,0.05506449
242.00000000,2266.00000000,0.05550034
242.00000000,2267.00000000,0.05593711
242.00000000,2268.00000000,0.05637476
242.00000000,2269.00000000,0.05681338
242.00000000,2270.00000000,0.05725297
242.00000000,2271.00000000,0.05769352
242.00000000,2272.00000000,0.05813514
242.00000000,2273.00000000,0.05865300
242.00000000,2274.00000000,0.05917220
242.00000000,2275.00000000,0.05969277
242.00000000,2276.00000000,0.06021467
242.00000000,2277.00000000,0.06073784
242.00000000,2278.00000000,0.06126233
242.00000000,2279.00000000,0.06178805
242.00000000,2280.00000000,0.06231507
242.00000000,2281.00000000,0.06284332
242.00000000,2282.00000000,0.06337276
242.00000000,2283.00000000,0.06395921
242.00000000,2284.00000000,0.06454706
242.00000000,2285.00000000,0.06513620
242.00000000,2286.00000000,0.06572669
242.00000000,2287.00000000,0.06631842
242.00000000,2288.00000000,0.06691132
242.00000000,2289.00000000,0.06750542
242.00000000,2290.00000000,0.06810058
242.00000000,2291.00000000,0.06869684
242.00000000,2292.00000000,0.06929411
242.00000000,2293.00000000,0.06988909
242.00000000,2294.00000000,0.07048500
242.00000000,2295.00000000,0.07108176
242.00000000,2296.00000000,0.07167924
242.00000000,2297.00000000,0.07227750
242.00000000,2298.00000000,0.07287643
242.00000000,2299.00000000,0.07347591
242.00000000,2300.00000000,0.07407597
242.00000000,2301.00000000,0.07467648
242.00000000,2302.00000000,0.07527732
242.00000000,2303.00000000,0.07575292
242.00000000,2304.00000000,0.07622828
242.00000000,2305.00000000,0.07670350
242.00000000,2306.00000000,0.07717847
242.00000000,2307.00000000,0.07765314
242.00000000,2308.00000000,0.07812756
242.00000000,2309.00000000,0.07860163
242.00000000,2310.00000000,0.07907529
242.00000000,2311.00000000,0.07954859
242.00000000,2312.00000000,0.08002139
242.00000000,2313.00000000,0.08037903
242.00000000,2314.00000000,0.08073584
242.00000000,2315.00000000,0.08109169
242.00000000,2316.00000000,0.08144668
242.00000000,2317.00000000,0.08180078
242.00000000,2318.00000000,0.08215389
242.00000000,2319.00000000,0.08250611
242.00000000,2320.00000000,0.08285739
242.00000000,2321.00000000,0.08320765
242.00000000,2322.00000000,0.08355696
242.00000000,2323.00000000,0.08384062
242.00000000,2324.00000000,0.08412301
242.00000000,2325.00000000,0.08440428
242.00000000,2326.00000000,0.08468428
242.00000000,2327.00000000,0.08496313
242.00000000,2328.00000000,0.08524080
242.00000000,2329.00000000,0.08551720
242.00000000,2330.00000000,0.08579243
242.00000000,2331.00000000,0.08606646
242.00000000,2332.00000000,0.08633918
242.00000000,2333.00000000,0.08654349
242.00000000,2334.00000000,0.08674637
242.00000000,2335.00000000,0.08694777
242.00000000,2336.00000000,0.08714783
242.00000000,2337.00000000,0.08734651
242.00000000,2338.00000000,0.08754373
242.00000000,2339.00000000,0.08773964
242.00000000,2340.00000000,0.08793410
242.00000000,2341.00000000,0.08812724
242.00000000,2342.00000000,0.08831900
242.00000000,2343.00000000,0.08845731
242.00000000,2344.00000000,0.08859420
242.00000000,2345.00000000,0.08872961
242.00000000,2346.00000000,0.08886346
242.00000000,2347.00000000,0.08899593
242.00000000,2348.00000000,0.08912694
242.00000000,2349.00000000,0.08925643
242.00000000,2350.00000000,0.08938456
242.00000000,2351.00000000,0.08951117
242.00000000,2352.00000000,0.08963644
242.00000000,2353.00000000,0.08976027
242.00000000,2354.00000000,0.08988265
242.00000000,2355.00000000,0.09000367
242.00000000,2356.00000000,0.09012331
242.00000000,2357.00000000,0.09024147
242.00000000,2358.00000000,0.09035833
242.00000000,2359.00000000,0.09047380
242.00000000,2360.00000000,0.09058779
242.00000000,2361.00000000,0.09070049
242.00000000,2362.00000000,0.09081181
242.00000000,2363.00000000,0.09092167
242.00000000,2364.00000000,0.09103024
242.00000000,2365.00000000,0.09113733
242.00000000,2366.00000000,0.09124315
242.00000000,2367.00000000,0.09134759
242.00000000,2368.00000000,0.09145055
242.00000000,2369.00000000,0.09155225
242.00000000,2370.00000000,0.09165258
242.00000000,2371.00000000,0.09175143
242.00000000,2372.00000000,0.09184901
242.00000000,2373.00000000,0.09194521
242.00000000,2374.00000000,0.09203994
242.00000000,2375.00000000,0.09213338
242.00000000,2376.00000000,0.09222534
242.00000000,2377.00000000,0.09231601
242.00000000,2378.00000000,0.09240531
242.00000000,2379.00000000,0.09249312
242.00000000,2380.00000000,0.09257962
242.00000000,2381.00000000,0.09266472
242.00000000,2382.00000000,0.09274831
242.00000000,2383.00000000,0.09283059
242.00000000,2384.00000000,0.09291145
242.00000000,2385.00000000,0.09299081
242.00000000,2386.00000000,0.09306880
242.00000000,2387.00000000,0.09314528
242.00000000,2388.00000000,0.09322038
242.00000000,2389.00000000,0.09329401
242.00000000,2390.00000000,0.09336604
242.00000000,2391.00000000,0.09343666
242.00000000,2392.00000000,0.09350567
242.00000000,2393.00000000,0.09321155
242.00000000,2394.00000000,0.09291555
242.00000000,2395.00000000,0.09261758
242.00000000,2396.00000000,0.09231762
242.00000000,2397.00000000,0.09201588
242.00000000,2398.00000000,0.09171231
242.00000000,2399.00000000,0.09140686
242.00000000,2400.00000000,0.09109973
242.00000000,2401.00000000,0.09079080
242.00000000,2402.00000000,0.09048025
242.00000000,2403.00000000,0.09016806
242.00000000,2404.00000000,0.08985418
242.00000000,2405.00000000,0.08953878
242.00000000,2406.00000000,0.08922185
242.00000000,2407.00000000,0.08890330
242.00000000,2408.00000000,0.08858335
242.00000000,2409.00000000,0.08826194
242.00000000,2410.00000000,0.08793902
242.00000000,2411.00000000,0.08761477
242.00000000,2412.00000000,0.08728908
242.00000000,2413.00000000,0.08696213
242.00000000,2414.00000000,0.08663385
242.00000000,2415.00000000,0.08630421
242.00000000,2416.00000000,0.08597338
242.00000000,2417.00000000,0.08564131
242.00000000,2418.00000000,0.08530796
242.00000000,2419.00000000,0.08497348
242.00000000,2420.00000000,0.08463786
242.00000000,2421.00000000,0.08430102
242.00000000,2422.00000000,0.08396314
242.00000000,2423.00000000,0.08362417
242.00000000,2424.00000000,0.08328405
242.00000000,2425.00000000,0.08294298
242.00000000,2426.00000000,0.08260080
242.00000000,2427.00000000,0.08225769
242.00000000,2428.00000000,0.08191361
242.00000000,2429.00000000,0.08156850
242.00000000,2430.00000000,0.08122253
242.00000000,2431.00000000,0.08087565
242.00000000,2432.00000000,0.08052778
242.00000000,2433.00000000,0.08017912
242.00000000,2434.00000000,0.07982961
242.00000000,2435.00000000,0.07947919
242.00000000,2436.00000000,0.07912803
242.00000000,2437.00000000,0.07877599
242.00000000,2438.00000000,0.07842326
242.00000000,2439.00000000,0.07806976
242.00000000,2440.00000000,0.07771545
242.00000000,2441.00000000,0.07736048
242.00000000,2442.00000000,0.07700482
242.00000000,2443.00000000,0.07664838
242.00000000,2444.00000000,0.07629136
242.00000000,2445.00000000,0.07593368
242.00000000,2446.00000000,0.07557529
242.00000000,2447.00000000,0.07521634
242.00000000,2448.00000000,0.07485680
242.00000000,2449.00000000,0.07449658
242.00000000,2450.00000000,0.07413587
242.00000000,2451.00000000,0.07377453
242.00000000,2452.00000000,0.07341272
242.00000000,2453.00000000,0.07305038
242.00000000,2454.00000000,0.07268744
242.00000000,2455.00000000,0.07232409
242.00000000,2456.00000000,0.07196025
242.00000000,2457.00000000,0.07159585
242.00000000,2458.00000000,0.07123108
242.00000000,2459.00000000,0.07086588
242.00000000,2460.00000000,0.07050015
242.00000000,2461.00000000,0.07013411
242.00000000,2462.00000000,0.06976757
242.00000000,2463.00000000,0.06940073
242.00000000,2464.00000000,0.06903352
242.00000000,2465.00000000,0.06866587
242.00000000,2466.00000000,0.06829794
242.00000000,2467.00000000,0.06792968
242.00000000,2468.00000000,0.06756103
242.00000000,2469.00000000,0.06719215
242.00000000,2470.00000000,0.06682297
242.00000000,2471.00000000,0.06645343
242.00000000,2472.00000000,0.06608370
242.00000000,2473.00000000,0.06571363
242.00000000,2474.00000000,0.06534339
242.00000000,2475.00000000,0.06497293
242.00000000,2476.00000000,0.06460216
242.00000000,2477.00000000,0.06423127
242.00000000,2478.00000000,0.06386017
242.00000000,2479.00000000,0.06348881
242.00000000,2480.00000000,0.06311736
242.00000000,2481.00000000,0.06274575
242.00000000,2482.00000000,0.06237390
242.00000000,2483.00000000,0.06200200
242.00000000,2484.00000000,0.06162997
242.00000000,2485.00000000,0.06125775
242.00000000,2486.00000000,0.06088551
242.00000000,2487.00000000,0.06051310
242.00000000,2488.00000000,0.06014071
242.00000000,2489.00000000,0.05976828
242.00000000,2490.00000000,0.05939576
242.00000000,2491.00000000,0.05910130
242.00000000,2492.00000000,0.05903635
242.00000000,2493.00000000,0.05903413
242.00000000,2494.00000000,0.05903209
242.00000000,2495.00000000,0.05903016
242.00000000,2496.00000000,0.05902822
242.00000000,2497.00000000,0.05902647
242.00000000,2498.00000000,0.05903455
242.00000000,2499.00000000,0.05904280
242.00000000,2500.00000000,0.05905113
243.00000000,1765.00000000,0.03632856
243.00000000,1766.00000000,0.03632857
243.00000000,1767.00000000,0.03632855
243.00000000,1768.00000000,0.03632868
243.00000000,1769.00000000,0.03632881
243.00000000,1770.00000000,0.03632900
243.00000000,1771.00000000,0.03632922
243.00000000,1772.00000000,0.03632959
243.00000000,1773.00000000,0.03632997
243.00000000,1774.00000000,0.03633047
243.00000000,1775.00000000,0.03633114
243.00000000,1776.00000000,0.03633170
243.00000000,1777.00000000,0.03633223
243.00000000,1778.00000000,0.03633308
243.00000000,1779.00000000,0.03633391
243.00000000,1780.00000000,0.03633488
243.00000000,1781.00000000,0.03633571
243.00000000,1782.00000000,0.03633664
243.00000000,1783.00000000,0.03633779
243.00000000,1784.00000000,0.03633873
243.00000000,1785.00000000,0.03634006
243.00000000,1786.00000000,0.03634108
243.00000000,1787.00000000,0.03634236
243.00000000,1788.00000000,0.03634381
243.00000000,1789.00000000,0.03634500
243.00000000,1790.00000000,0.03634641
243.00000000,1791.00000000,0.03634784
243.00000000,1792.00000000,0.03634933
243.00000000,1793.00000000,0.03635076
243.00000000,1794.00000000,0.03635233
243.00000000,1795.00000000,0.03635384
243.00000000,1796.00000000,0.03635543
243.00000000,1797.00000000,0.03635709
243.00000000,1798.00000000,0.03635874
243.00000000,1799.00000000,0.03636038
243.00000000,1800.00000000,0.03636213
243.00000000,1801.00000000,0.03636371
243.00000000,1802.00000000,0.03636538
243.00000000,1803.00000000,0.03636719
243.00000000,1804.00000000,0.03636892
243.00000000,1805.00000000,0.03637058
243.00000000,1806.00000000,0.03637247
243.00000000,1807.00000000,0.03637418
243.00000000,1808.00000000,0.03637602
243.00000000,1809.00000000,0.03637786
243.00000000,1810.00000000,0.03637964
243.00000000,1811.00000000,0.03638152
243.00000000,1812.00000000,0.03638336
243.00000000,1813.00000000,0.03638528
243.00000000,1814.00000000,0.03638716
243.00000000,1815.00000000,0.03638890
243.00000000,1816.00000000,0.03639088
243.00000000,1817.00000000,0.03639275
243.00000000,1818.00000000,0.03639462
243.00000000,1819.00000000,0.03639644
243.00000000,1820.00000000,0.03639829
243.00000000,1821.00000000,0.03640027
243.00000000,1822.00000000,0.03640211
243.00000000,1823.00000000,0.03640402
243.00000000,1824.00000000,0.03640587
243.00000000,1825.00000000,0.03640784
243.00000000,1826.00000000,0.03640970
243.00000000,1827.00000000,0.03641153
243.00000000,1828.00000000,0.03641344
243.00000000,1829.00000000,0.03641527
243.00000000,1830.00000000,0.03641722
243.00000000,1831.00000000,0.03641906
243.00000000,1832.00000000,0.03642085
243.00000000,1833.00000000,0.03642276
243.00000000,1834.00000000,0.03642451
243.00000000,1835.00000000,0.03642638
243.00000000,1836.00000000,0.03642822
243.00000000,1837.00000000,0.03643001
243.00000000,1838.00000000,0.03643178
243.00000000,1839.00000000,0.03643350
243.00000000,1840.00000000,0.03643525
243.00000000,1841.00000000,0.03643700
243.00000000,1842.00000000,0.03643874
243.00000000,1843.00000000,0.03644055
243.00000000,1844.00000000,0.03644223
243.00000000,1845.00000000,0.03644387
243.00000000,1846.00000000,0.03644555
243.00000000,1847.00000000,0.03644725
243.00000000,1848.00000000,0.03644883
243.00000000,1849.00000000,0.03645052
243.00000000,1850.00000000,0.03645205
243.00000000,1851.00000000,0.03645363
243.00000000,1852.00000000,0.03645522
243.00000000,1853.00000000,0.03645694
243.00000000,1854.00000000,0.03645868
243.00000000,1855.00000000,0.03646041
243.00000000,1856.00000000,0.03646210
243.00000000,1857.00000000,0.03646378
243.00000000,1858.00000000,0.03646538
243.00000000,1859.00000000,0.03646695
243.00000000,1860.00000000,0.03646847
243.00000000,1861.00000000,0.03646999
243.00000000,1862.00000000,0.03647137
243.00000000,1863.00000000,0.03647253
243.00000000,1864.00000000,0.03647323
243.00000000,1865.00000000,0.03647386
243.00000000,1866.00000000,0.03647434
243.00000000,1867.00000000,0.03647467
243.00000000,1868.00000000,0.03647481
243.00000000,1869.00000000,0.03647480
243.00000000,1870.00000000,0.03647474
243.00000000,1871.00000000,0.03647454
243.00000000,1872.00000000,0.03647443
243.00000000,1873.00000000,0.03647462
243.00000000,1874.00000000,0.03647510
243.00000000,1875.00000000,0.03647566
243.00000000,1876.00000000,0.03647642
243.00000000,1877.00000000,0.03647728
243.00000000,1878.00000000,0.03647811
243.00000000,1879.00000000,0.03647913
243.00000000,1880.00000000,0.03648016
243.00000000,1881.00000000,0.03648107
243.00000000,1882.00000000,0.03648211
243.00000000,1883.00000000,0.03648286
243.00000000,1884.00000000,0.03648337
243.00000000,1885.00000000,0.03648384
243.00000000,1886.00000000,0.03648423
243.00000000,1887.00000000,0.03648440
243.00000000,1888.00000000,0.03648455
243.00000000,1889.00000000,0.03648458
243.00000000,1890.00000000,0.03648444
243.00000000,1891.00000000,0.03648413
243.00000000,1892.00000000,0.03648371
243.00000000,1893.00000000,0.03648315
243.00000000,1894.00000000,0.03648265
243.00000000,1895.00000000,0.03648204
243.00000000,1896.00000000,0.03648150
243.00000000,1897.00000000,0.03648096
243.00000000,1898.00000000,0.03648044
243.00000000,1899.00000000,0.03647969
243.00000000,1900.00000000,0.03647884
243.00000000,1901.00000000,0.03647784
243.00000000,1902.00000000,0.03647689
243.00000000,1903.00000000,0.03647599
243.00000000,1904.00000000,0.03647517
243.00000000,1905.00000000,0.03647429
243.00000000,1906.00000000,0.03647365
243.00000000,1907.00000000,0.03647303
243.00000000,1908.00000000,0.03647234
243.00000000,1909.00000000,0.03647162
243.00000000,1910.00000000,0.03647093
243.00000000,1911.00000000,0.03647018
243.00000000,1912.00000000,0.03646907
243.00000000,1913.00000000,0.03646751
243.00000000,1914.00000000,0.03646544
243.00000000,1915.00000000,0.03646321
243.00000000,1916.00000000,0.03646091
243.00000000,1917.00000000,0.03645861
243.00000000,1918.00000000,0.03645618
243.00000000,1919.00000000,0.03645379
243.00000000,1920.00000000,0.03645158
243.00000000,1921.00000000,0.03644969
243.00000000,1922.00000000,0.03644829
243.00000000,1923.00000000,0.03644713
243.00000000,1924.00000000,0.03644601
243.00000000,1925.00000000,0.03644482
243.00000000,1926.00000000,0.03644362
243.00000000,1927.00000000,0.03644234
243.00000000,1928.00000000,0.03644111
243.00000000,1929.00000000,0.03643985
243.00000000,1930.00000000,0.03643868
243.00000000,1931.00000000,0.03643797
243.00000000,1932.00000000,0.03643785
243.00000000,1933.00000000,0.03643807
243.00000000,1934.00000000,0.03643853
243.00000000,1935.00000000,0.03643895
243.00000000,1936.00000000,0.03643907
243.00000000,1937.00000000,0.03643876
243.00000000,1938.00000000,0.03643781
243.00000000,1939.00000000,0.03643642
243.00000000,1940.00000000,0.03643468
243.00000000,1941.00000000,0.03643245
243.00000000,1942.00000000,0.03642966
243.00000000,1943.00000000,0.03642654
243.00000000,1944.00000000,0.03642321
243.00000000,1945.00000000,0.03641979
243.00000000,1946.00000000,0.03641679
243.00000000,1947.00000000,0.03641464
243.00000000,1948.00000000,0.03641275
243.00000000,1949.00000000,0.03641094
243.00000000,1950.00000000,0.03640906
243.00000000,1951.00000000,0.03640710
243.00000000,1952.00000000,0.03640536
243.00000000,1953.00000000,0.03640382
243.00000000,1954.00000000,0.03640220
243.00000000,1955.00000000,0.03640071
243.00000000,1956.00000000,0.03639923
243.00000000,1957.00000000,0.03639754
243.00000000,1958.00000000,0.03639564
243.00000000,1959.00000000,0.03639344
243.00000000,1960.00000000,0.03639035
243.00000000,1961.00000000,0.03638636
243.00000000,1962.00000000,0.03638196
243.00000000,1963.00000000,0.03637712
243.00000000,1964.00000000,0.03637172
243.00000000,1965.00000000,0.03636566
243.00000000,1966.00000000,0.03635887
243.00000000,1967.00000000,0.03635145
243.00000000,1968.00000000,0.03634327
243.00000000,1969.00000000,0.03633405
243.00000000,1970.00000000,0.03632362
243.00000000,1971.00000000,0.03631160
243.00000000,1972.00000000,0.03629755
243.00000000,1973.00000000,0.03628178
243.00000000,1974.00000000,0.03626458
243.00000000,1975.00000000,0.03624651
243.00000000,1976.00000000,0.03622818
243.00000000,1977.00000000,0.03620987
243.00000000,1978.00000000,0.03619146
243.00000000,1979.00000000,0.03617288
243.00000000,1980.00000000,0.03615388
243.00000000,1981.00000000,0.03613480
243.00000000,1982.00000000,0.03611663
243.00000000,1983.00000000,0.03610036
243.00000000,1984.00000000,0.03608604
243.00000000,1985.00000000,0.03607315
243.00000000,1986.00000000,0.03606111
243.00000000,1987.00000000,0.03604943
243.00000000,1988.00000000,0.03603778
243.00000000,1989.00000000,0.03602598
243.00000000,1990.00000000,0.03601388
243.00000000,1991.00000000,0.03600163
243.00000000,1992.00000000,0.03598958
243.00000000,1993.00000000,0.03597777
243.00000000,1994.00000000,0.03596644
243.00000000,1995.00000000,0.03595550
243.00000000,1996.00000000,0.03594459
243.00000000,1997.00000000,0.03593341
243.00000000,1998.00000000,0.03592185
243.00000000,1999.00000000,0.03591020
243.00000000,2000.00000000,0.03589860
243.00000000,2001.00000000,0.03588686
243.00000000,2002.00000000,0.03587487
243.00000000,2003.00000000,0.03586288
243.00000000,2004.00000000,0.03585035
243.00000000,2005.00000000,0.03583655
243.00000000,2006.00000000,0.03582090
243.00000000,2007.00000000,0.03580340
243.00000000,2008.00000000,0.03578425
243.00000000,2009.00000000,0.03576685
243.00000000,2010.00000000,0.03574486
243.00000000,2011.00000000,0.03572156
243.00000000,2012.00000000,0.03569714
243.00000000,2013.00000000,0.03567146
243.00000000,2014.00000000,0.03564558
243.00000000,2015.00000000,0.03561741
243.00000000,2016.00000000,0.03558801
243.00000000,2017.00000000,0.03555742
243.00000000,2018.00000000,0.03552576
243.00000000,2019.00000000,0.03549304
243.00000000,2020.00000000,0.03545931
243.00000000,2021.00000000,0.03542468
243.00000000,2022.00000000,0.03538923
243.00000000,2023.00000000,0.03535306
243.00000000,2024.00000000,0.03531740
243.00000000,2025.00000000,0.03528011
243.00000000,2026.00000000,0.03524235
243.00000000,2027.00000000,0.03520419
243.00000000,2028.00000000,0.03516561
243.00000000,2029.00000000,0.03512669
243.00000000,2030.00000000,0.03508747
243.00000000,2031.00000000,0.03504788
243.00000000,2032.00000000,0.03500793
243.00000000,2033.00000000,0.03496747
243.00000000,2034.00000000,0.03492754
243.00000000,2035.00000000,0.03488590
243.00000000,2036.00000000,0.03484362
243.00000000,2037.00000000,0.03480074
243.00000000,2038.00000000,0.03475723
243.00000000,2039.00000000,0.03471313
243.00000000,2040.00000000,0.03466955
243.00000000,2041.00000000,0.03462435
243.00000000,2042.00000000,0.03457847
243.00000000,2043.00000000,0.03453297
243.00000000,2044.00000000,0.03448564
243.00000000,2045.00000000,0.03443963
243.00000000,2046.00000000,0.03438968
243.00000000,2047.00000000,0.03434000
243.00000000,2048.00000000,0.03428963
243.00000000,2049.00000000,0.03423962
243.00000000,2050.00000000,0.03418784
243.00000000,2051.00000000,0.03413547
243.00000000,2052.00000000,0.03408251
243.00000000,2053.00000000,0.03402897
243.00000000,2054.00000000,0.03397600
243.00000000,2055.00000000,0.03392151
243.00000000,2056.00000000,0.03386651
243.00000000,2057.00000000,0.03381115
243.00000000,2058.00000000,0.03375641
243.00000000,2059.00000000,0.03370133
243.00000000,2060.00000000,0.03364591
243.00000000,2061.00000000,0.03358915
243.00000000,2062.00000000,0.03353239
243.00000000,2063.00000000,0.03347582
243.00000000,2064.00000000,0.03341959
243.00000000,2065.00000000,0.03336489
243.00000000,2066.00000000,0.03331068
243.00000000,2067.00000000,0.03325594
243.00000000,2068.00000000,0.03320280
243.00000000,2069.00000000,0.03314916
243.00000000,2070.00000000,0.03309700
243.00000000,2071.00000000,0.03304439
243.00000000,2072.00000000,0.03299239
243.00000000,2073.00000000,0.03294740
243.00000000,2074.00000000,0.03289622
243.00000000,2075.00000000,0.03284700
243.00000000,2076.00000000,0.03279982
243.00000000,2077.00000000,0.03275258
243.00000000,2078.00000000,0.03270724
243.00000000,2079.00000000,0.03266586
243.00000000,2080.00000000,0.03262128
243.00000000,2081.00000000,0.03257849
243.00000000,2082.00000000,0.03253661
243.00000000,2083.00000000,0.03249661
243.00000000,2084.00000000,0.03245662
243.00000000,2085.00000000,0.03241857
243.00000000,2086.00000000,0.03238042
243.00000000,2087.00000000,0.03234418
243.00000000,2088.00000000,0.03231078
243.00000000,2089.00000000,0.03227417
243.00000000,2090.00000000,0.03224135
243.00000000,2091.00000000,0.03220731
243.00000000,2092.00000000,0.03217604
243.00000000,2093.00000000,0.03214668
243.00000000,2094.00000000,0.03211427
243.00000000,2095.00000000,0.03208579
243.00000000,2096.00000000,0.03205722
243.00000000,2097.00000000,0.03203735
243.00000000,2098.00000000,0.03201043
243.00000000,2099.00000000,0.03198724
243.00000000,2100.00000000,0.03196083
243.00000000,2101.00000000,0.03193520
243.00000000,2102.00000000,0.03191430
243.00000000,2103.00000000,0.03189717
243.00000000,2104.00000000,0.03187702
243.00000000,2105.00000000,0.03185578
243.00000000,2106.00000000,0.03184027
243.00000000,2107.00000000,0.03182666
243.00000000,2108.00000000,0.03181291
243.00000000,2109.00000000,0.03179612
243.00000000,2110.00000000,0.03178525
243.00000000,2111.00000000,0.03177203
243.00000000,2112.00000000,0.03176158
243.00000000,2113.00000000,0.03174996
243.00000000,2114.00000000,0.03174297
243.00000000,2115.00000000,0.03174454
243.00000000,2116.00000000,0.03174094
243.00000000,2117.00000000,0.03171752
243.00000000,2118.00000000,0.03171801
243.00000000,2119.00000000,0.03170835
243.00000000,2120.00000000,0.03169928
243.00000000,2121.00000000,0.03168924
243.00000000,2122.00000000,0.03169182
243.00000000,2123.00000000,0.03170655
243.00000000,2124.00000000,0.03170338
243.00000000,2125.00000000,0.03170642
243.00000000,2126.00000000,0.03171285
243.00000000,2127.00000000,0.03170717
243.00000000,2128.00000000,0.03170098
243.00000000,2129.00000000,0.03169721
243.00000000,2130.00000000,0.03170360
243.00000000,2131.00000000,0.03172779
243.00000000,2132.00000000,0.03172161
243.00000000,2133.00000000,0.03174384
243.00000000,2134.00000000,0.03175404
243.00000000,2135.00000000,0.03175120
243.00000000,2136.00000000,0.03174304
243.00000000,2137.00000000,0.03175176
243.00000000,2138.00000000,0.03177059
243.00000000,2139.00000000,0.03178027
243.00000000,2140.00000000,0.03179817
243.00000000,2141.00000000,0.03182042
243.00000000,2142.00000000,0.03185950
243.00000000,2143.00000000,0.03188469
243.00000000,2144.00000000,0.03190169
243.00000000,2145.00000000,0.03191537
243.00000000,2146.00000000,0.03196509
243.00000000,2147.00000000,0.03197296
243.00000000,2148.00000000,0.03201203
243.00000000,2149.00000000,0.03205631
243.00000000,2150.00000000,0.03213260
243.00000000,2151.00000000,0.03210280
243.00000000,2152.00000000,0.03214019
243.00000000,2153.00000000,0.03217798
243.00000000,2154.00000000,0.03220107
243.00000000,2155.00000000,0.03225081
243.00000000,2156.00000000,0.03232239
243.00000000,2157.00000000,0.03224500
243.00000000,2158.00000000,0.03224703
243.00000000,2159.00000000,0.03232286
243.00000000,2160.00000000,0.03239177
243.00000000,2161.00000000,0.03239213
243.00000000,2162.00000000,0.03228735
243.00000000,2163.00000000,0.03243026
243.00000000,2164.00000000,0.03232946
243.00000000,2165.00000000,0.03239475
243.00000000,2166.00000000,0.03254161
243.00000000,2167.00000000,0.03256286
243.00000000,2168.00000000,0.03260389
243.00000000,2169.00000000,0.03264245
243.00000000,2170.00000000,0.03275102
243.00000000,2171.00000000,0.03278757
243.00000000,2172.00000000,0.03289981
243.00000000,2173.00000000,0.03284684
243.00000000,2174.00000000,0.03277444
243.00000000,2175.00000000,0.03272236
243.00000000,2176.00000000,0.03280638
243.00000000,2177.00000000,0.03292494
243.00000000,2178.00000000,0.03301978
243.00000000,2179.00000000,0.03316388
243.00000000,2180.00000000,0.03328611
243.00000000,2181.00000000,0.03326739
243.00000000,2182.00000000,0.03336414
243.00000000,2183.00000000,0.03351808
243.00000000,2184.00000000,0.03360314
243.00000000,2185.00000000,0.03366314
243.00000000,2186.00000000,0.03376470
243.00000000,2187.00000000,0.03381171
243.00000000,2188.00000000,0.03364857
243.00000000,2189.00000000,0.03378295
243.00000000,2190.00000000,0.03399423
243.00000000,2191.00000000,0.03413154
243.00000000,2192.00000000,0.03414509
243.00000000,2193.00000000,0.03441878
243.00000000,2194.00000000,0.03462237
243.00000000,2195.00000000,0.03471870
243.00000000,2196.00000000,0.03483351
243.00000000,2197.00000000,0.03492904
243.00000000,2198.00000000,0.03517985
243.00000000,2199.00000000,0.03538978
243.00000000,2200.00000000,0.03555851
243.00000000,2201.00000000,0.03569683
243.00000000,2202.00000000,0.03590896
243.00000000,2203.00000000,0.03610578
243.00000000,2204.00000000,0.03620577
243.00000000,2205.00000000,0.03639705
243.00000000,2206.00000000,0.03663268
243.00000000,2207.00000000,0.03688249
243.00000000,2208.00000000,0.03711105
243.00000000,2209.00000000,0.03736495
243.00000000,2210.00000000,0.03756596
243.00000000,2211.00000000,0.03784109
243.00000000,2212.00000000,0.03815404
243.00000000,2213.00000000,0.03853457
243.00000000,2214.00000000,0.03879353
243.00000000,2215.00000000,0.03906774
243.00000000,2216.00000000,0.03941375
243.00000000,2217.00000000,0.03952825
243.00000000,2218.00000000,0.03960492
243.00000000,2219.00000000,0.03998958
243.00000000,2220.00000000,0.04025037
243.00000000,2221.00000000,0.04044037
243.00000000,2222.00000000,0.04084573
243.00000000,2223.00000000,0.04090260
243.00000000,2224.00000000,0.04084668
243.00000000,2225.00000000,0.04091981
243.00000000,2226.00000000,0.04101931
243.00000000,2227.00000000,0.04132681
243.00000000,2228.00000000,0.04160921
243.00000000,2229.00000000,0.04190636
243.00000000,2230.00000000,0.04218132
243.00000000,2231.00000000,0.04253013
243.00000000,2232.00000000,0.04278998
243.00000000,2233.00000000,0.04297718
243.00000000,2234.00000000,0.04320402
243.00000000,2235.00000000,0.04321061
243.00000000,2236.00000000,0.04334923
243.00000000,2237.00000000,0.04360916
243.00000000,2238.00000000,0.04388396
243.00000000,2239.00000000,0.04416939
243.00000000,2240.00000000,0.04442571
243.00000000,2241.00000000,0.04453279
243.00000000,2242.00000000,0.04465435
243.00000000,2243.00000000,0.04497835
243.00000000,2244.00000000,0.04529957
243.00000000,2245.00000000,0.04550619
243.00000000,2246.00000000,0.04602538
243.00000000,2247.00000000,0.04660188
243.00000000,2248.00000000,0.04708709
243.00000000,2249.00000000,0.04745615
243.00000000,2250.00000000,0.04782794
243.00000000,2251.00000000,0.04820194
243.00000000,2252.00000000,0.04857725
243.00000000,2253.00000000,0.04895355
243.00000000,2254.00000000,0.04940879
243.00000000,2255.00000000,0.04986522
243.00000000,2256.00000000,0.05032281
243.00000000,2257.00000000,0.05078149
243.00000000,2258.00000000,0.05124119
243.00000000,2259.00000000,0.05170194
243.00000000,2260.00000000,0.05216368
243.00000000,2261.00000000,0.05262638
243.00000000,2262.00000000,0.05309012
243.00000000,2263.00000000,0.05355488
243.00000000,2264.00000000,0.05398536
243.00000000,2265.00000000,0.05441674
243.00000000,2266.00000000,0.05484898
243.00000000,2267.00000000,0.05528217
243.00000000,2268.00000000,0.05571627
243.00000000,2269.00000000,0.05615129
243.00000000,2270.00000000,0.05658729
243.00000000,2271.00000000,0.05702427
243.00000000,2272.00000000,0.05746224
243.00000000,2273.00000000,0.05790128
243.00000000,2274.00000000,0.05841628
243.00000000,2275.00000000,0.05893261
243.00000000,2276.00000000,0.05945035
243.00000000,2277.00000000,0.05996942
243.00000000,2278.00000000,0.06048977
243.00000000,2279.00000000,0.06101145
243.00000000,2280.00000000,0.06153438
243.00000000,2281.00000000,0.06205860
243.00000000,2282.00000000,0.06258406
243.00000000,2283.00000000,0.06311073
243.00000000,2284.00000000,0.06369419
243.00000000,2285.00000000,0.06427903
243.00000000,2286.00000000,0.06486519
243.00000000,2287.00000000,0.06545269
243.00000000,2288.00000000,0.06604146
243.00000000,2289.00000000,0.06663138
243.00000000,2290.00000000,0.06722251
243.00000000,2291.00000000,0.06781470
243.00000000,2292.00000000,0.06840801
243.00000000,2293.00000000,0.06900232
243.00000000,2294.00000000,0.06959437
243.00000000,2295.00000000,0.07018736
243.00000000,2296.00000000,0.07078119
243.00000000,2297.00000000,0.07137576
243.00000000,2298.00000000,0.07197110
243.00000000,2299.00000000,0.07256713
243.00000000,2300.00000000,0.07316369
243.00000000,2301.00000000,0.07376086
243.00000000,2302.00000000,0.07435848
243.00000000,2303.00000000,0.07495640
243.00000000,2304.00000000,0.07542964
243.00000000,2305.00000000,0.07590266
243.00000000,2306.00000000,0.07637552
243.00000000,2307.00000000,0.07684817
243.00000000,2308.00000000,0.07732049
243.00000000,2309.00000000,0.07779259
243.00000000,2310.00000000,0.07826437
243.00000000,2311.00000000,0.07873571
243.00000000,2312.00000000,0.07920670
243.00000000,2313.00000000,0.07967723
243.00000000,2314.00000000,0.08003307
243.00000000,2315.00000000,0.08038810
243.00000000,2316.00000000,0.08074219
243.00000000,2317.00000000,0.08109542
243.00000000,2318.00000000,0.08144776
243.00000000,2319.00000000,0.08179913
243.00000000,2320.00000000,0.08214964
243.00000000,2321.00000000,0.08249919
243.00000000,2322.00000000,0.08284773
243.00000000,2323.00000000,0.08319535
243.00000000,2324.00000000,0.08347759
243.00000000,2325.00000000,0.08375858
243.00000000,2326.00000000,0.08403845
243.00000000,2327.00000000,0.08431707
243.00000000,2328.00000000,0.08459456
243.00000000,2329.00000000,0.08487085
243.00000000,2330.00000000,0.08514589
243.00000000,2331.00000000,0.08541980
243.00000000,2332.00000000,0.08569249
243.00000000,2333.00000000,0.08596388
243.00000000,2334.00000000,0.08616714
243.00000000,2335.00000000,0.08636901
243.00000000,2336.00000000,0.08656940
243.00000000,2337.00000000,0.08676847
243.00000000,2338.00000000,0.08696615
243.00000000,2339.00000000,0.08716240
243.00000000,2340.00000000,0.08735732
243.00000000,2341.00000000,0.08755081
243.00000000,2342.00000000,0.08774301
243.00000000,2343.00000000,0.08793383
243.00000000,2344.00000000,0.08807143
243.00000000,2345.00000000,0.08820761
243.00000000,2346.00000000,0.08834231
243.00000000,2347.00000000,0.08847550
243.00000000,2348.00000000,0.08860728
243.00000000,2349.00000000,0.08873762
243.00000000,2350.00000000,0.08886645
243.00000000,2351.00000000,0.08899392
243.00000000,2352.00000000,0.08911989
243.00000000,2353.00000000,0.08924453
243.00000000,2354.00000000,0.08936776
243.00000000,2355.00000000,0.08948950
243.00000000,2356.00000000,0.08960993
243.00000000,2357.00000000,0.08972897
243.00000000,2358.00000000,0.08984654
243.00000000,2359.00000000,0.08996281
243.00000000,2360.00000000,0.09007770
243.00000000,2361.00000000,0.09019113
243.00000000,2362.00000000,0.09030326
243.00000000,2363.00000000,0.09041402
243.00000000,2364.00000000,0.09052332
243.00000000,2365.00000000,0.09063134
243.00000000,2366.00000000,0.09073790
243.00000000,2367.00000000,0.09084319
243.00000000,2368.00000000,0.09094711
243.00000000,2369.00000000,0.09104957
243.00000000,2370.00000000,0.09115076
243.00000000,2371.00000000,0.09125059
243.00000000,2372.00000000,0.09134894
243.00000000,2373.00000000,0.09144603
243.00000000,2374.00000000,0.09154175
243.00000000,2375.00000000,0.09163599
243.00000000,2376.00000000,0.09172896
243.00000000,2377.00000000,0.09182047
243.00000000,2378.00000000,0.09191069
243.00000000,2379.00000000,0.09199953
243.00000000,2380.00000000,0.09208688
243.00000000,2381.00000000,0.09217295
243.00000000,2382.00000000,0.09225763
243.00000000,2383.00000000,0.09234080
243.00000000,2384.00000000,0.09242266
243.00000000,2385.00000000,0.09250311
243.00000000,2386.00000000,0.09258206
243.00000000,2387.00000000,0.09265966
243.00000000,2388.00000000,0.09273573
243.00000000,2389.00000000,0.09281046
243.00000000,2390.00000000,0.09288371
243.00000000,2391.00000000,0.09295538
243.00000000,2392.00000000,0.09302561
243.00000000,2393.00000000,0.09309429
243.00000000,2394.00000000,0.09280140
243.00000000,2395.00000000,0.09250663
243.00000000,2396.00000000,0.09220994
243.00000000,2397.00000000,0.09191124
243.00000000,2398.00000000,0.09161079
243.00000000,2399.00000000,0.09130850
243.00000000,2400.00000000,0.09100434
243.00000000,2401.00000000,0.09069851
243.00000000,2402.00000000,0.09039090
243.00000000,2403.00000000,0.09008167
243.00000000,2404.00000000,0.08977081
243.00000000,2405.00000000,0.08945827
243.00000000,2406.00000000,0.08914422
243.00000000,2407.00000000,0.08882864
243.00000000,2408.00000000,0.08851145
243.00000000,2409.00000000,0.08819287
243.00000000,2410.00000000,0.08787283
243.00000000,2411.00000000,0.08755129
243.00000000,2412.00000000,0.08722843
243.00000000,2413.00000000,0.08690413
243.00000000,2414.00000000,0.08657858
243.00000000,2415.00000000,0.08625170
243.00000000,2416.00000000,0.08592347
243.00000000,2417.00000000,0.08559407
243.00000000,2418.00000000,0.08526342
243.00000000,2419.00000000,0.08493149
243.00000000,2420.00000000,0.08459846
243.00000000,2421.00000000,0.08426427
243.00000000,2422.00000000,0.08392887
243.00000000,2423.00000000,0.08359244
243.00000000,2424.00000000,0.08325492
243.00000000,2425.00000000,0.08291627
243.00000000,2426.00000000,0.08257665
243.00000000,2427.00000000,0.08223595
243.00000000,2428.00000000,0.08189432
243.00000000,2429.00000000,0.08155171
243.00000000,2430.00000000,0.08120808
243.00000000,2431.00000000,0.08086359
243.00000000,2432.00000000,0.08051820
243.00000000,2433.00000000,0.08017184
243.00000000,2434.00000000,0.07982468
243.00000000,2435.00000000,0.07947667
243.00000000,2436.00000000,0.07912776
243.00000000,2437.00000000,0.07877810
243.00000000,2438.00000000,0.07842759
243.00000000,2439.00000000,0.07807638
243.00000000,2440.00000000,0.07772439
243.00000000,2441.00000000,0.07737161
243.00000000,2442.00000000,0.07701818
243.00000000,2443.00000000,0.07666404
243.00000000,2444.00000000,0.07630915
243.00000000,2445.00000000,0.07595366
243.00000000,2446.00000000,0.07559753
243.00000000,2447.00000000,0.07524067
243.00000000,2448.00000000,0.07488328
243.00000000,2449.00000000,0.07452528
243.00000000,2450.00000000,0.07416663
243.00000000,2451.00000000,0.07380748
243.00000000,2452.00000000,0.07344768
243.00000000,2453.00000000,0.07308743
243.00000000,2454.00000000,0.07272665
243.00000000,2455.00000000,0.07236529
243.00000000,2456.00000000,0.07200350
243.00000000,2457.00000000,0.07164123
243.00000000,2458.00000000,0.07127842
243.00000000,2459.00000000,0.07091522
243.00000000,2460.00000000,0.07055159
243.00000000,2461.00000000,0.07018745
243.00000000,2462.00000000,0.06982297
243.00000000,2463.00000000,0.06945803
243.00000000,2464.00000000,0.06909277
243.00000000,2465.00000000,0.06872715
243.00000000,2466.00000000,0.06836108
243.00000000,2467.00000000,0.06799476
243.00000000,2468.00000000,0.06762809
243.00000000,2469.00000000,0.06726103
243.00000000,2470.00000000,0.06689374
243.00000000,2471.00000000,0.06652617
243.00000000,2472.00000000,0.06615823
243.00000000,2473.00000000,0.06579010
243.00000000,2474.00000000,0.06542164
243.00000000,2475.00000000,0.06505301
243.00000000,2476.00000000,0.06468416
243.00000000,2477.00000000,0.06431500
243.00000000,2478.00000000,0.06394570
243.00000000,2479.00000000,0.06357623
243.00000000,2480.00000000,0.06320647
243.00000000,2481.00000000,0.06283664
243.00000000,2482.00000000,0.06246665
243.00000000,2483.00000000,0.06209641
243.00000000,2484.00000000,0.06172613
243.00000000,2485.00000000,0.06135572
243.00000000,2486.00000000,0.06098512
243.00000000,2487.00000000,0.06061450
243.00000000,2488.00000000,0.06024370
243.00000000,2489.00000000,0.05987293
243.00000000,2490.00000000,0.05950213
243.00000000,2491.00000000,0.05913123
243.00000000,2492.00000000,0.05883804
243.00000000,2493.00000000,0.05877335
243.00000000,2494.00000000,0.05877110
243.00000000,2495.00000000,0.05876904
243.00000000,2496.00000000,0.05876707
243.00000000,2497.00000000,0.05876511
243.00000000,2498.00000000,0.05876333
243.00000000,2499.00000000,0.05877133
243.00000000,2500.00000000,0.05877951
244.00000000,1765.00000000,0.03612071
244.00000000,1766.00000000,0.03612052
244.00000000,1767.00000000,0.03612056
244.00000000,1768.00000000,0.03612057
244.00000000,1769.00000000,0.03612076
244.00000000,1770.00000000,0.03612095
244.00000000,1771.00000000,0.03612121
244.00000000,1772.00000000,0.03612150
244.00000000,1773.00000000,0.03612193
244.00000000,1774.00000000,0.03612238
244.00000000,1775.00000000,0.03612295
244.00000000,1776.00000000,0.03612369
244.00000000,1777.00000000,0.03612431
244.00000000,1778.00000000,0.03612491
244.00000000,1779.00000000,0.03612581
244.00000000,1780.00000000,0.03612671
244.00000000,1781.00000000,0.03612774
244.00000000,1782.00000000,0.03612861
244.00000000,1783.00000000,0.03612959
244.00000000,1784.00000000,0.03613079
244.00000000,1785.00000000,0.03613177
244.00000000,1786.00000000,0.03613314
244.00000000,1787.00000000,0.03613420
244.00000000,1788.00000000,0.03613552
244.00000000,1789.00000000,0.03613701
244.00000000,1790.00000000,0.03613823
244.00000000,1791.00000000,0.03613968
244.00000000,1792.00000000,0.03614113
244.00000000,1793.00000000,0.03614264
244.00000000,1794.00000000,0.03614409
244.00000000,1795.00000000,0.03614569
244.00000000,1796.00000000,0.03614722
244.00000000,1797.00000000,0.03614883
244.00000000,1798.00000000,0.03615051
244.00000000,1799.00000000,0.03615217
244.00000000,1800.00000000,0.03615383
244.00000000,1801.00000000,0.03615558
244.00000000,1802.00000000,0.03615716
244.00000000,1803.00000000,0.03615885
244.00000000,1804.00000000,0.03616066
244.00000000,1805.00000000,0.03616240
244.00000000,1806.00000000,0.03616407
244.00000000,1807.00000000,0.03616595
244.00000000,1808.00000000,0.03616767
244.00000000,1809.00000000,0.03616951
244.00000000,1810.00000000,0.03617134
244.00000000,1811.00000000,0.03617314
244.00000000,1812.00000000,0.03617501
244.00000000,1813.00000000,0.03617685
244.00000000,1814.00000000,0.03617876
244.00000000,1815.00000000,0.03618064
244.00000000,1816.00000000,0.03618238
244.00000000,1817.00000000,0.03618435
244.00000000,1818.00000000,0.03618621
244.00000000,1819.00000000,0.03618807
244.00000000,1820.00000000,0.03618988
244.00000000,1821.00000000,0.03619172
244.00000000,1822.00000000,0.03619369
244.00000000,1823.00000000,0.03619552
244.00000000,1824.00000000,0.03619742
244.00000000,1825.00000000,0.03619926
244.00000000,1826.00000000,0.03620121
244.00000000,1827.00000000,0.03620306
244.00000000,1828.00000000,0.03620487
244.00000000,1829.00000000,0.03620677
244.00000000,1830.00000000,0.03620859
244.00000000,1831.00000000,0.03621051
244.00000000,1832.00000000,0.03621233
244.00000000,1833.00000000,0.03621410
244.00000000,1834.00000000,0.03621598
244.00000000,1835.00000000,0.03621772
244.00000000,1836.00000000,0.03621958
244.00000000,1837.00000000,0.03622139
244.00000000,1838.00000000,0.03622316
244.00000000,1839.00000000,0.03622491
244.00000000,1840.00000000,0.03622660
244.00000000,1841.00000000,0.03622834
244.00000000,1842.00000000,0.03623006
244.00000000,1843.00000000,0.03623178
244.00000000,1844.00000000,0.03623356
244.00000000,1845.00000000,0.03623522
244.00000000,1846.00000000,0.03623683
244.00000000,1847.00000000,0.03623848
244.00000000,1848.00000000,0.03624016
244.00000000,1849.00000000,0.03624171
244.00000000,1850.00000000,0.03624337
244.00000000,1851.00000000,0.03624486
244.00000000,1852.00000000,0.03624640
244.00000000,1853.00000000,0.03624814
244.00000000,1854.00000000,0.03624992
244.00000000,1855.00000000,0.03625163
244.00000000,1856.00000000,0.03625329
244.00000000,1857.00000000,0.03625493
244.00000000,1858.00000000,0.03625655
244.00000000,1859.00000000,0.03625811
244.00000000,1860.00000000,0.03625964
244.00000000,1861.00000000,0.03626111
244.00000000,1862.00000000,0.03626253
244.00000000,1863.00000000,0.03626358
244.00000000,1864.00000000,0.03626448
244.00000000,1865.00000000,0.03626498
244.00000000,1866.00000000,0.03626543
244.00000000,1867.00000000,0.03626576
244.00000000,1868.00000000,0.03626595
244.00000000,1869.00000000,0.03626595
244.00000000,1870.00000000,0.03626582
244.00000000,1871.00000000,0.03626568
244.00000000,1872.00000000,0.03626554
244.00000000,1873.00000000,0.03626576
244.00000000,1874.00000000,0.03626618
244.00000000,1875.00000000,0.03626683
244.00000000,1876.00000000,0.03626751
244.00000000,1877.00000000,0.03626835
244.00000000,1878.00000000,0.03626927
244.00000000,1879.00000000,0.03627017
244.00000000,1880.00000000,0.03627120
244.00000000,1881.00000000,0.03627222
244.00000000,1882.00000000,0.03627314
244.00000000,1883.00000000,0.03627393
244.00000000,1884.00000000,0.03627449
244.00000000,1885.00000000,0.03627486
244.00000000,1886.00000000,0.03627523
244.00000000,1887.00000000,0.03627555
244.00000000,1888.00000000,0.03627561
244.00000000,1889.00000000,0.03627563
244.00000000,1890.00000000,0.03627550
244.00000000,1891.00000000,0.03627519
244.00000000,1892.00000000,0.03627473
244.00000000,1893.00000000,0.03627424
244.00000000,1894.00000000,0.03627366
244.00000000,1895.00000000,0.03627321
244.00000000,1896.00000000,0.03627261
244.00000000,1897.00000000,0.03627204
244.00000000,1898.00000000,0.03627144
244.00000000,1899.00000000,0.03627082
244.00000000,1900.00000000,0.03626992
244.00000000,1901.00000000,0.03626894
244.00000000,1902.00000000,0.03626800
244.00000000,1903.00000000,0.03626708
244.00000000,1904.00000000,0.03626623
244.00000000,1905.00000000,0.03626550
244.00000000,1906.00000000,0.03626474
244.00000000,1907.00000000,0.03626415
244.00000000,1908.00000000,0.03626349
244.00000000,1909.00000000,0.03626276
244.00000000,1910.00000000,0.03626206
244.00000000,1911.00000000,0.03626128
244.00000000,1912.00000000,0.03626023
244.00000000,1913.00000000,0.03625867
244.00000000,1914.00000000,0.03625666
244.00000000,1915.00000000,0.03625437
244.00000000,1916.00000000,0.03625212
244.00000000,1917.00000000,0.03624979
244.00000000,1918.00000000,0.03624741
244.00000000,1919.00000000,0.03624500
244.00000000,1920.00000000,0.03624286
244.00000000,1921.00000000,0.03624096
244.00000000,1922.00000000,0.03623951
244.00000000,1923.00000000,0.03623842
244.00000000,1924.00000000,0.03623731
244.00000000,1925.00000000,0.03623612
244.00000000,1926.00000000,0.03623488
244.00000000,1927.00000000,0.03623366
244.00000000,1928.00000000,0.03623243
244.00000000,1929.00000000,0.03623117
244.00000000,1930.00000000,0.03622997
244.00000000,1931.00000000,0.03622929
244.00000000,1932.00000000,0.03622918
244.00000000,1933.00000000,0.03622938
244.00000000,1934.00000000,0.03622985
244.00000000,1935.00000000,0.03623027
244.00000000,1936.00000000,0.03623040
244.00000000,1937.00000000,0.03623006
244.00000000,1938.00000000,0.03622913
244.00000000,1939.00000000,0.03622775
244.00000000,1940.00000000,0.03622602
244.00000000,1941.00000000,0.03622380
244.00000000,1942.00000000,0.03622104
244.00000000,1943.00000000,0.03621794
244.00000000,1944.00000000,0.03621457
244.00000000,1945.00000000,0.03621122
244.00000000,1946.00000000,0.03620825
244.00000000,1947.00000000,0.03620603
244.00000000,1948.00000000,0.03620427
244.00000000,1949.00000000,0.03620239
244.00000000,1950.00000000,0.03620052
244.00000000,1951.00000000,0.03619857
244.00000000,1952.00000000,0.03619693
244.00000000,1953.00000000,0.03619529
244.00000000,1954.00000000,0.03619373
244.00000000,1955.00000000,0.03619223
244.00000000,1956.00000000,0.03619073
244.00000000,1957.00000000,0.03618911
244.00000000,1958.00000000,0.03618719
244.00000000,1959.00000000,0.03618500
244.00000000,1960.00000000,0.03618190
244.00000000,1961.00000000,0.03617799
244.00000000,1962.00000000,0.03617357
244.00000000,1963.00000000,0.03616874
244.00000000,1964.00000000,0.03616339
244.00000000,1965.00000000,0.03615735
244.00000000,1966.00000000,0.03615062
244.00000000,1967.00000000,0.03614323
244.00000000,1968.00000000,0.03613510
244.00000000,1969.00000000,0.03612591
244.00000000,1970.00000000,0.03611556
244.00000000,1971.00000000,0.03610358
244.00000000,1972.00000000,0.03608963
244.00000000,1973.00000000,0.03607393
244.00000000,1974.00000000,0.03605682
244.00000000,1975.00000000,0.03603886
244.00000000,1976.00000000,0.03602062
244.00000000,1977.00000000,0.03600243
244.00000000,1978.00000000,0.03598410
244.00000000,1979.00000000,0.03596560
244.00000000,1980.00000000,0.03594675
244.00000000,1981.00000000,0.03592773
244.00000000,1982.00000000,0.03590966
244.00000000,1983.00000000,0.03589351
244.00000000,1984.00000000,0.03587923
244.00000000,1985.00000000,0.03586643
244.00000000,1986.00000000,0.03585441
244.00000000,1987.00000000,0.03584281
244.00000000,1988.00000000,0.03583122
244.00000000,1989.00000000,0.03581946
244.00000000,1990.00000000,0.03580743
244.00000000,1991.00000000,0.03579523
244.00000000,1992.00000000,0.03578324
244.00000000,1993.00000000,0.03577149
244.00000000,1994.00000000,0.03576020
244.00000000,1995.00000000,0.03574928
244.00000000,1996.00000000,0.03573843
244.00000000,1997.00000000,0.03572729
244.00000000,1998.00000000,0.03571579
244.00000000,1999.00000000,0.03570417
244.00000000,2000.00000000,0.03569261
244.00000000,2001.00000000,0.03568091
244.00000000,2002.00000000,0.03566895
244.00000000,2003.00000000,0.03565700
244.00000000,2004.00000000,0.03564450
244.00000000,2005.00000000,0.03563074
244.00000000,2006.00000000,0.03561514
244.00000000,2007.00000000,0.03559768
244.00000000,2008.00000000,0.03557858
244.00000000,2009.00000000,0.03555800
244.00000000,2010.00000000,0.03553932
244.00000000,2011.00000000,0.03551617
244.00000000,2012.00000000,0.03549175
244.00000000,2013.00000000,0.03546619
244.00000000,2014.00000000,0.03543936
244.00000000,2015.00000000,0.03541234
244.00000000,2016.00000000,0.03538308
244.00000000,2017.00000000,0.03535264
244.00000000,2018.00000000,0.03532108
244.00000000,2019.00000000,0.03528851
244.00000000,2020.00000000,0.03525494
244.00000000,2021.00000000,0.03522046
244.00000000,2022.00000000,0.03518517
244.00000000,2023.00000000,0.03514917
244.00000000,2024.00000000,0.03511258
244.00000000,2025.00000000,0.03507656
244.00000000,2026.00000000,0.03503898
244.00000000,2027.00000000,0.03500098
244.00000000,2028.00000000,0.03496262
244.00000000,2029.00000000,0.03492387
244.00000000,2030.00000000,0.03488482
244.00000000,2031.00000000,0.03484548
244.00000000,2032.00000000,0.03480570
244.00000000,2033.00000000,0.03476544
244.00000000,2034.00000000,0.03472461
244.00000000,2035.00000000,0.03468426
244.00000000,2036.00000000,0.03464221
244.00000000,2037.00000000,0.03459952
244.00000000,2038.00000000,0.03455626
244.00000000,2039.00000000,0.03451237
244.00000000,2040.00000000,0.03446794
244.00000000,2041.00000000,0.03442402
244.00000000,2042.00000000,0.03437843
244.00000000,2043.00000000,0.03433207
244.00000000,2044.00000000,0.03428605
244.00000000,2045.00000000,0.03423819
244.00000000,2046.00000000,0.03419164
244.00000000,2047.00000000,0.03414120
244.00000000,2048.00000000,0.03409105
244.00000000,2049.00000000,0.03404024
244.00000000,2050.00000000,0.03398984
244.00000000,2051.00000000,0.03393771
244.00000000,2052.00000000,0.03388503
244.00000000,2053.00000000,0.03383181
244.00000000,2054.00000000,0.03377804
244.00000000,2055.00000000,0.03372487
244.00000000,2056.00000000,0.03367022
244.00000000,2057.00000000,0.03361511
244.00000000,2058.00000000,0.03355966
244.00000000,2059.00000000,0.03350483
244.00000000,2060.00000000,0.03344971
244.00000000,2061.00000000,0.03339432
244.00000000,2062.00000000,0.03333782
244.00000000,2063.00000000,0.03328156
244.00000000,2064.00000000,0.03322566
244.00000000,2065.00000000,0.03317019
244.00000000,2066.00000000,0.03311629
244.00000000,2067.00000000,0.03306291
244.00000000,2068.00000000,0.03300898
244.00000000,2069.00000000,0.03295663
244.00000000,2070.00000000,0.03290377
244.00000000,2071.00000000,0.03285241
244.00000000,2072.00000000,0.03280072
244.00000000,2073.00000000,0.03274985
244.00000000,2074.00000000,0.03270601
244.00000000,2075.00000000,0.03265608
244.00000000,2076.00000000,0.03260809
244.00000000,2077.00000000,0.03256212
244.00000000,2078.00000000,0.03251605
244.00000000,2079.00000000,0.03247182
244.00000000,2080.00000000,0.03243148
244.00000000,2081.00000000,0.03238793
244.00000000,2082.00000000,0.03234623
244.00000000,2083.00000000,0.03230548
244.00000000,2084.00000000,0.03226664
244.00000000,2085.00000000,0.03222777
244.00000000,2086.00000000,0.03219083
244.00000000,2087.00000000,0.03215374
244.00000000,2088.00000000,0.03211852
244.00000000,2089.00000000,0.03208608
244.00000000,2090.00000000,0.03205041
244.00000000,2091.00000000,0.03201850
244.00000000,2092.00000000,0.03198543
244.00000000,2093.00000000,0.03195518
244.00000000,2094.00000000,0.03192687
244.00000000,2095.00000000,0.03189551
244.00000000,2096.00000000,0.03186805
244.00000000,2097.00000000,0.03184045
244.00000000,2098.00000000,0.03182148
244.00000000,2099.00000000,0.03179546
244.00000000,2100.00000000,0.03177312
244.00000000,2101.00000000,0.03174758
244.00000000,2102.00000000,0.03172288
244.00000000,2103.00000000,0.03170294
244.00000000,2104.00000000,0.03168676
244.00000000,2105.00000000,0.03166758
244.00000000,2106.00000000,0.03164730
244.00000000,2107.00000000,0.03163269
244.00000000,2108.00000000,0.03161993
244.00000000,2109.00000000,0.03160700
244.00000000,2110.00000000,0.03159103
244.00000000,2111.00000000,0.03158091
244.00000000,2112.00000000,0.03156841
244.00000000,2113.00000000,0.03155864
244.00000000,2114.00000000,0.03154769
244.00000000,2115.00000000,0.03154131
244.00000000,2116.00000000,0.03154341
244.00000000,2117.00000000,0.03154035
244.00000000,2118.00000000,0.03151758
244.00000000,2119.00000000,0.03151855
244.00000000,2120.00000000,0.03150943
244.00000000,2121.00000000,0.03150086
244.00000000,2122.00000000,0.03149132
244.00000000,2123.00000000,0.03149430
244.00000000,2124.00000000,0.03150935
244.00000000,2125.00000000,0.03150659
244.00000000,2126.00000000,0.03151000
244.00000000,2127.00000000,0.03151677
244.00000000,2128.00000000,0.03151151
244.00000000,2129.00000000,0.03150572
244.00000000,2130.00000000,0.03150235
244.00000000,2131.00000000,0.03150904
244.00000000,2132.00000000,0.03153344
244.00000000,2133.00000000,0.03152764
244.00000000,2134.00000000,0.03155007
244.00000000,2135.00000000,0.03156053
244.00000000,2136.00000000,0.03155803
244.00000000,2137.00000000,0.03155023
244.00000000,2138.00000000,0.03155921
244.00000000,2139.00000000,0.03157823
244.00000000,2140.00000000,0.03158815
244.00000000,2141.00000000,0.03160624
244.00000000,2142.00000000,0.03162864
244.00000000,2143.00000000,0.03166777
244.00000000,2144.00000000,0.03169310
244.00000000,2145.00000000,0.03171028
244.00000000,2146.00000000,0.03172416
244.00000000,2147.00000000,0.03177385
244.00000000,2148.00000000,0.03178195
244.00000000,2149.00000000,0.03182106
244.00000000,2150.00000000,0.03186534
244.00000000,2151.00000000,0.03194161
244.00000000,2152.00000000,0.03191291
244.00000000,2153.00000000,0.03195145
244.00000000,2154.00000000,0.03199063
244.00000000,2155.00000000,0.03201527
244.00000000,2156.00000000,0.03206643
244.00000000,2157.00000000,0.03213932
244.00000000,2158.00000000,0.03206402
244.00000000,2159.00000000,0.03206764
244.00000000,2160.00000000,0.03214462
244.00000000,2161.00000000,0.03221467
244.00000000,2162.00000000,0.03221649
244.00000000,2163.00000000,0.03211369
244.00000000,2164.00000000,0.03225720
244.00000000,2165.00000000,0.03215825
244.00000000,2166.00000000,0.03222448
244.00000000,2167.00000000,0.03237181
244.00000000,2168.00000000,0.03239416
244.00000000,2169.00000000,0.03243615
244.00000000,2170.00000000,0.03247566
244.00000000,2171.00000000,0.03258479
244.00000000,2172.00000000,0.03262224
244.00000000,2173.00000000,0.03273497
244.00000000,2174.00000000,0.03268329
244.00000000,2175.00000000,0.03261225
244.00000000,2176.00000000,0.03256140
244.00000000,2177.00000000,0.03264595
244.00000000,2178.00000000,0.03276487
244.00000000,2179.00000000,0.03286017
244.00000000,2180.00000000,0.03300446
244.00000000,2181.00000000,0.03312698
244.00000000,2182.00000000,0.03310922
244.00000000,2183.00000000,0.03320636
244.00000000,2184.00000000,0.03336039
244.00000000,2185.00000000,0.03344587
244.00000000,2186.00000000,0.03350640
244.00000000,2187.00000000,0.03360828
244.00000000,2188.00000000,0.03365585
244.00000000,2189.00000000,0.03349423
244.00000000,2190.00000000,0.03362874
244.00000000,2191.00000000,0.03383980
244.00000000,2192.00000000,0.03397723
244.00000000,2193.00000000,0.03399145
244.00000000,2194.00000000,0.03426463
244.00000000,2195.00000000,0.03446803
244.00000000,2196.00000000,0.03456464
244.00000000,2197.00000000,0.03467964
244.00000000,2198.00000000,0.03477544
244.00000000,2199.00000000,0.03502585
244.00000000,2200.00000000,0.03523554
244.00000000,2201.00000000,0.03540421
244.00000000,2202.00000000,0.03554261
244.00000000,2203.00000000,0.03575450
244.00000000,2204.00000000,0.03595115
244.00000000,2205.00000000,0.03605138
244.00000000,2206.00000000,0.03624251
244.00000000,2207.00000000,0.03647779
244.00000000,2208.00000000,0.03672721
244.00000000,2209.00000000,0.03695547
244.00000000,2210.00000000,0.03720896
244.00000000,2211.00000000,0.03740979
244.00000000,2212.00000000,0.03768443
244.00000000,2213.00000000,0.03799674
244.00000000,2214.00000000,0.03837637
244.00000000,2215.00000000,0.03863492
244.00000000,2216.00000000,0.03890867
244.00000000,2217.00000000,0.03925393
244.00000000,2218.00000000,0.03936862
244.00000000,2219.00000000,0.03944563
244.00000000,2220.00000000,0.03982940
244.00000000,2221.00000000,0.04008980
244.00000000,2222.00000000,0.04027970
244.00000000,2223.00000000,0.04068412
244.00000000,2224.00000000,0.04074142
244.00000000,2225.00000000,0.04068637
244.00000000,2226.00000000,0.04075986
244.00000000,2227.00000000,0.04085962
244.00000000,2228.00000000,0.04116658
244.00000000,2229.00000000,0.04144854
244.00000000,2230.00000000,0.04174520
244.00000000,2231.00000000,0.04201976
244.00000000,2232.00000000,0.04236789
244.00000000,2233.00000000,0.04262741
244.00000000,2234.00000000,0.04281455
244.00000000,2235.00000000,0.04304120
244.00000000,2236.00000000,0.04304842
244.00000000,2237.00000000,0.04318718
244.00000000,2238.00000000,0.04344680
244.00000000,2239.00000000,0.04372124
244.00000000,2240.00000000,0.04400628
244.00000000,2241.00000000,0.04426232
244.00000000,2242.00000000,0.04436968
244.00000000,2243.00000000,0.04449145
244.00000000,2244.00000000,0.04481494
244.00000000,2245.00000000,0.04513567
244.00000000,2246.00000000,0.04534221
244.00000000,2247.00000000,0.04586021
244.00000000,2248.00000000,0.04643534
244.00000000,2249.00000000,0.04691945
244.00000000,2250.00000000,0.04728752
244.00000000,2251.00000000,0.04765771
244.00000000,2252.00000000,0.04802954
244.00000000,2253.00000000,0.04840234
244.00000000,2254.00000000,0.04877598
244.00000000,2255.00000000,0.04922821
244.00000000,2256.00000000,0.04968159
244.00000000,2257.00000000,0.05013612
244.00000000,2258.00000000,0.05059174
244.00000000,2259.00000000,0.05104838
244.00000000,2260.00000000,0.05150608
244.00000000,2261.00000000,0.05196480
244.00000000,2262.00000000,0.05242455
244.00000000,2263.00000000,0.05288539
244.00000000,2264.00000000,0.05334729
244.00000000,2265.00000000,0.05377507
244.00000000,2266.00000000,0.05420378
244.00000000,2267.00000000,0.05463337
244.00000000,2268.00000000,0.05506393
244.00000000,2269.00000000,0.05549542
244.00000000,2270.00000000,0.05592783
244.00000000,2271.00000000,0.05636126
244.00000000,2272.00000000,0.05679568
244.00000000,2273.00000000,0.05723109
244.00000000,2274.00000000,0.05766760
244.00000000,2275.00000000,0.05817977
244.00000000,2276.00000000,0.05869329
244.00000000,2277.00000000,0.05920822
244.00000000,2278.00000000,0.05972449
244.00000000,2279.00000000,0.06024206
244.00000000,2280.00000000,0.06076096
244.00000000,2281.00000000,0.06128112
244.00000000,2282.00000000,0.06180258
244.00000000,2283.00000000,0.06232531
244.00000000,2284.00000000,0.06284922
244.00000000,2285.00000000,0.06342971
244.00000000,2286.00000000,0.06401160
244.00000000,2287.00000000,0.06459480
244.00000000,2288.00000000,0.06517934
244.00000000,2289.00000000,0.06576516
244.00000000,2290.00000000,0.06635214
244.00000000,2291.00000000,0.06694034
244.00000000,2292.00000000,0.06752960
244.00000000,2293.00000000,0.06811997
244.00000000,2294.00000000,0.06871137
244.00000000,2295.00000000,0.06930050
244.00000000,2296.00000000,0.06989059
244.00000000,2297.00000000,0.07048152
244.00000000,2298.00000000,0.07107319
244.00000000,2299.00000000,0.07166565
244.00000000,2300.00000000,0.07225879
244.00000000,2301.00000000,0.07285248
244.00000000,2302.00000000,0.07344676
244.00000000,2303.00000000,0.07404150
244.00000000,2304.00000000,0.07463655
244.00000000,2305.00000000,0.07510744
244.00000000,2306.00000000,0.07557812
244.00000000,2307.00000000,0.07604866
244.00000000,2308.00000000,0.07651899
244.00000000,2309.00000000,0.07698901
244.00000000,2310.00000000,0.07745880
244.00000000,2311.00000000,0.07792828
244.00000000,2312.00000000,0.07839734
244.00000000,2313.00000000,0.07886605
244.00000000,2314.00000000,0.07933430
244.00000000,2315.00000000,0.07968839
244.00000000,2316.00000000,0.08004164
244.00000000,2317.00000000,0.08039397
244.00000000,2318.00000000,0.08074548
244.00000000,2319.00000000,0.08109607
244.00000000,2320.00000000,0.08144572
244.00000000,2321.00000000,0.08179451
244.00000000,2322.00000000,0.08214237
244.00000000,2323.00000000,0.08248920
244.00000000,2324.00000000,0.08283514
244.00000000,2325.00000000,0.08311598
244.00000000,2326.00000000,0.08339559
244.00000000,2327.00000000,0.08367406
244.00000000,2328.00000000,0.08395131
244.00000000,2329.00000000,0.08422744
244.00000000,2330.00000000,0.08450239
244.00000000,2331.00000000,0.08477608
244.00000000,2332.00000000,0.08504864
244.00000000,2333.00000000,0.08532000
244.00000000,2334.00000000,0.08559008
244.00000000,2335.00000000,0.08579233
244.00000000,2336.00000000,0.08599317
244.00000000,2337.00000000,0.08619257
244.00000000,2338.00000000,0.08639065
244.00000000,2339.00000000,0.08658736
244.00000000,2340.00000000,0.08678262
244.00000000,2341.00000000,0.08697659
244.00000000,2342.00000000,0.08716913
244.00000000,2343.00000000,0.08736037
244.00000000,2344.00000000,0.08755024
244.00000000,2345.00000000,0.08768713
244.00000000,2346.00000000,0.08782262
244.00000000,2347.00000000,0.08795665
244.00000000,2348.00000000,0.08808914
244.00000000,2349.00000000,0.08822026
244.00000000,2350.00000000,0.08834994
244.00000000,2351.00000000,0.08847811
244.00000000,2352.00000000,0.08860494
244.00000000,2353.00000000,0.08873028
244.00000000,2354.00000000,0.08885429
244.00000000,2355.00000000,0.08897690
244.00000000,2356.00000000,0.08909804
244.00000000,2357.00000000,0.08921786
244.00000000,2358.00000000,0.08933631
244.00000000,2359.00000000,0.08945329
244.00000000,2360.00000000,0.08956898
244.00000000,2361.00000000,0.08968329
244.00000000,2362.00000000,0.08979615
244.00000000,2363.00000000,0.08990772
244.00000000,2364.00000000,0.09001794
244.00000000,2365.00000000,0.09012669
244.00000000,2366.00000000,0.09023417
244.00000000,2367.00000000,0.09034020
244.00000000,2368.00000000,0.09044495
244.00000000,2369.00000000,0.09054836
244.00000000,2370.00000000,0.09065029
244.00000000,2371.00000000,0.09075098
244.00000000,2372.00000000,0.09085031
244.00000000,2373.00000000,0.09094818
244.00000000,2374.00000000,0.09104478
244.00000000,2375.00000000,0.09114002
244.00000000,2376.00000000,0.09123379
244.00000000,2377.00000000,0.09132630
244.00000000,2378.00000000,0.09141734
244.00000000,2379.00000000,0.09150711
244.00000000,2380.00000000,0.09159550
244.00000000,2381.00000000,0.09168241
244.00000000,2382.00000000,0.09176804
244.00000000,2383.00000000,0.09185228
244.00000000,2384.00000000,0.09193505
244.00000000,2385.00000000,0.09201649
244.00000000,2386.00000000,0.09209654
244.00000000,2387.00000000,0.09217508
244.00000000,2388.00000000,0.09225229
244.00000000,2389.00000000,0.09232797
244.00000000,2390.00000000,0.09240230
244.00000000,2391.00000000,0.09247519
244.00000000,2392.00000000,0.09254649
244.00000000,2393.00000000,0.09261636
244.00000000,2394.00000000,0.09268468
244.00000000,2395.00000000,0.09239303
244.00000000,2396.00000000,0.09209951
244.00000000,2397.00000000,0.09180407
244.00000000,2398.00000000,0.09150663
244.00000000,2399.00000000,0.09120745
244.00000000,2400.00000000,0.09090644
244.00000000,2401.00000000,0.09060356
244.00000000,2402.00000000,0.09029904
244.00000000,2403.00000000,0.08999272
244.00000000,2404.00000000,0.08968483
244.00000000,2405.00000000,0.08937529
244.00000000,2406.00000000,0.08906408
244.00000000,2407.00000000,0.08875137
244.00000000,2408.00000000,0.08843714
244.00000000,2409.00000000,0.08812130
244.00000000,2410.00000000,0.08780409
244.00000000,2411.00000000,0.08748541
244.00000000,2412.00000000,0.08716525
244.00000000,2413.00000000,0.08684377
244.00000000,2414.00000000,0.08652086
244.00000000,2415.00000000,0.08619670
244.00000000,2416.00000000,0.08587122
244.00000000,2417.00000000,0.08554440
244.00000000,2418.00000000,0.08521640
244.00000000,2419.00000000,0.08488717
244.00000000,2420.00000000,0.08455666
244.00000000,2421.00000000,0.08422506
244.00000000,2422.00000000,0.08389230
244.00000000,2423.00000000,0.08355834
244.00000000,2424.00000000,0.08322336
244.00000000,2425.00000000,0.08288728
244.00000000,2426.00000000,0.08255008
244.00000000,2427.00000000,0.08221193
244.00000000,2428.00000000,0.08187268
244.00000000,2429.00000000,0.08153252
244.00000000,2430.00000000,0.08119138
244.00000000,2431.00000000,0.08084924
244.00000000,2432.00000000,0.08050622
244.00000000,2433.00000000,0.08016232
244.00000000,2434.00000000,0.07981744
244.00000000,2435.00000000,0.07947178
244.00000000,2436.00000000,0.07912527
244.00000000,2437.00000000,0.07877785
244.00000000,2438.00000000,0.07842971
244.00000000,2439.00000000,0.07808070
244.00000000,2440.00000000,0.07773099
244.00000000,2441.00000000,0.07738054
244.00000000,2442.00000000,0.07702927
244.00000000,2443.00000000,0.07667736
244.00000000,2444.00000000,0.07632475
244.00000000,2445.00000000,0.07597138
244.00000000,2446.00000000,0.07561743
244.00000000,2447.00000000,0.07526283
244.00000000,2448.00000000,0.07490752
244.00000000,2449.00000000,0.07455166
244.00000000,2450.00000000,0.07419521
244.00000000,2451.00000000,0.07383810
244.00000000,2452.00000000,0.07348050
244.00000000,2453.00000000,0.07312227
244.00000000,2454.00000000,0.07276357
244.00000000,2455.00000000,0.07240435
244.00000000,2456.00000000,0.07204453
244.00000000,2457.00000000,0.07168430
244.00000000,2458.00000000,0.07132361
244.00000000,2459.00000000,0.07096235
244.00000000,2460.00000000,0.07060073
244.00000000,2461.00000000,0.07023867
244.00000000,2462.00000000,0.06987610
244.00000000,2463.00000000,0.06951320
244.00000000,2464.00000000,0.06914983
244.00000000,2465.00000000,0.06878615
244.00000000,2466.00000000,0.06842211
244.00000000,2467.00000000,0.06805763
244.00000000,2468.00000000,0.06769288
244.00000000,2469.00000000,0.06732782
244.00000000,2470.00000000,0.06696235
244.00000000,2471.00000000,0.06659665
244.00000000,2472.00000000,0.06623067
244.00000000,2473.00000000,0.06586432
244.00000000,2474.00000000,0.06549779
244.00000000,2475.00000000,0.06513092
244.00000000,2476.00000000,0.06476389
244.00000000,2477.00000000,0.06439663
244.00000000,2478.00000000,0.06402908
244.00000000,2479.00000000,0.06366139
244.00000000,2480.00000000,0.06329352
244.00000000,2481.00000000,0.06292537
244.00000000,2482.00000000,0.06255714
244.00000000,2483.00000000,0.06218875
244.00000000,2484.00000000,0.06182013
244.00000000,2485.00000000,0.06145146
244.00000000,2486.00000000,0.06108266
244.00000000,2487.00000000,0.06071367
244.00000000,2488.00000000,0.06034466
244.00000000,2489.00000000,0.05997548
244.00000000,2490.00000000,0.05960633
244.00000000,2491.00000000,0.05923713
244.00000000,2492.00000000,0.05886785
244.00000000,2493.00000000,0.05857593
244.00000000,2494.00000000,0.05851149
244.00000000,2495.00000000,0.05850922
244.00000000,2496.00000000,0.05850713
244.00000000,2497.00000000,0.05850514
244.00000000,2498.00000000,0.05850315
244.00000000,2499.00000000,0.05850134
244.00000000,2500.00000000,0.05850926
245.00000000,1765.00000000,0.03591371
245.00000000,1766.00000000,0.03591386
245.00000000,1767.00000000,0.03591369
245.00000000,1768.00000000,0.03591377
245.00000000,1769.00000000,0.03591384
245.00000000,1770.00000000,0.03591410
245.00000000,1771.00000000,0.03591435
245.00000000,1772.00000000,0.03591468
245.00000000,1773.00000000,0.03591503
245.00000000,1774.00000000,0.03591553
245.00000000,1775.00000000,0.03591605
245.00000000,1776.00000000,0.03591668
245.00000000,1777.00000000,0.03591749
245.00000000,1778.00000000,0.03591818
245.00000000,1779.00000000,0.03591883
245.00000000,1780.00000000,0.03591980
245.00000000,1781.00000000,0.03592075
245.00000000,1782.00000000,0.03592182
245.00000000,1783.00000000,0.03592275
245.00000000,1784.00000000,0.03592378
245.00000000,1785.00000000,0.03592502
245.00000000,1786.00000000,0.03592604
245.00000000,1787.00000000,0.03592745
245.00000000,1788.00000000,0.03592855
245.00000000,1789.00000000,0.03592990
245.00000000,1790.00000000,0.03593142
245.00000000,1791.00000000,0.03593268
245.00000000,1792.00000000,0.03593415
245.00000000,1793.00000000,0.03593563
245.00000000,1794.00000000,0.03593716
245.00000000,1795.00000000,0.03593864
245.00000000,1796.00000000,0.03594025
245.00000000,1797.00000000,0.03594180
245.00000000,1798.00000000,0.03594343
245.00000000,1799.00000000,0.03594511
245.00000000,1800.00000000,0.03594679
245.00000000,1801.00000000,0.03594846
245.00000000,1802.00000000,0.03595022
245.00000000,1803.00000000,0.03595181
245.00000000,1804.00000000,0.03595349
245.00000000,1805.00000000,0.03595532
245.00000000,1806.00000000,0.03595706
245.00000000,1807.00000000,0.03595873
245.00000000,1808.00000000,0.03596062
245.00000000,1809.00000000,0.03596234
245.00000000,1810.00000000,0.03596418
245.00000000,1811.00000000,0.03596602
245.00000000,1812.00000000,0.03596781
245.00000000,1813.00000000,0.03596968
245.00000000,1814.00000000,0.03597152
245.00000000,1815.00000000,0.03597342
245.00000000,1816.00000000,0.03597530
245.00000000,1817.00000000,0.03597703
245.00000000,1818.00000000,0.03597899
245.00000000,1819.00000000,0.03598084
245.00000000,1820.00000000,0.03598269
245.00000000,1821.00000000,0.03598450
245.00000000,1822.00000000,0.03598633
245.00000000,1823.00000000,0.03598828
245.00000000,1824.00000000,0.03599011
245.00000000,1825.00000000,0.03599200
245.00000000,1826.00000000,0.03599382
245.00000000,1827.00000000,0.03599576
245.00000000,1828.00000000,0.03599759
245.00000000,1829.00000000,0.03599939
245.00000000,1830.00000000,0.03600127
245.00000000,1831.00000000,0.03600307
245.00000000,1832.00000000,0.03600496
245.00000000,1833.00000000,0.03600677
245.00000000,1834.00000000,0.03600851
245.00000000,1835.00000000,0.03601038
245.00000000,1836.00000000,0.03601210
245.00000000,1837.00000000,0.03601394
245.00000000,1838.00000000,0.03601572
245.00000000,1839.00000000,0.03601747
245.00000000,1840.00000000,0.03601920
245.00000000,1841.00000000,0.03602087
245.00000000,1842.00000000,0.03602258
245.00000000,1843.00000000,0.03602428
245.00000000,1844.00000000,0.03602597
245.00000000,1845.00000000,0.03602773
245.00000000,1846.00000000,0.03602936
245.00000000,1847.00000000,0.03603095
245.00000000,1848.00000000,0.03603257
245.00000000,1849.00000000,0.03603422
245.00000000,1850.00000000,0.03603575
245.00000000,1851.00000000,0.03603737
245.00000000,1852.00000000,0.03603882
245.00000000,1853.00000000,0.03604051
245.00000000,1854.00000000,0.03604231
245.00000000,1855.00000000,0.03604406
245.00000000,1856.00000000,0.03604570
245.00000000,1857.00000000,0.03604730
245.00000000,1858.00000000,0.03604889
245.00000000,1859.00000000,0.03605047
245.00000000,1860.00000000,0.03605199
245.00000000,1861.00000000,0.03605347
245.00000000,1862.00000000,0.03605483
245.00000000,1863.00000000,0.03605593
245.00000000,1864.00000000,0.03605672
245.00000000,1865.00000000,0.03605742
245.00000000,1866.00000000,0.03605774
245.00000000,1867.00000000,0.03605805
245.00000000,1868.00000000,0.03605823
245.00000000,1869.00000000,0.03605829
245.00000000,1870.00000000,0.03605817
245.00000000,1871.00000000,0.03605795
245.00000000,1872.00000000,0.03605788
245.00000000,1873.00000000,0.03605807
245.00000000,1874.00000000,0.03605853
245.00000000,1875.00000000,0.03605910
245.00000000,1876.00000000,0.03605987
245.00000000,1877.00000000,0.03606063
245.00000000,1878.00000000,0.03606153
245.00000000,1879.00000000,0.03606252
245.00000000,1880.00000000,0.03606343
245.00000000,1881.00000000,0.03606445
245.00000000,1882.00000000,0.03606547
245.00000000,1883.00000000,0.03606615
245.00000000,1884.00000000,0.03606675
245.00000000,1885.00000000,0.03606717
245.00000000,1886.00000000,0.03606744
245.00000000,1887.00000000,0.03606775
245.00000000,1888.00000000,0.03606796
245.00000000,1889.00000000,0.03606789
245.00000000,1890.00000000,0.03606775
245.00000000,1891.00000000,0.03606745
245.00000000,1892.00000000,0.03606699
245.00000000,1893.00000000,0.03606646
245.00000000,1894.00000000,0.03606596
245.00000000,1895.00000000,0.03606543
245.00000000,1896.00000000,0.03606498
245.00000000,1897.00000000,0.03606435
245.00000000,1898.00000000,0.03606372
245.00000000,1899.00000000,0.03606302
245.00000000,1900.00000000,0.03606225
245.00000000,1901.00000000,0.03606122
245.00000000,1902.00000000,0.03606030
245.00000000,1903.00000000,0.03605939
245.00000000,1904.00000000,0.03605853
245.00000000,1905.00000000,0.03605777
245.00000000,1906.00000000,0.03605714
245.00000000,1907.00000000,0.03605644
245.00000000,1908.00000000,0.03605581
245.00000000,1909.00000000,0.03605511
245.00000000,1910.00000000,0.03605440
245.00000000,1911.00000000,0.03605361
245.00000000,1912.00000000,0.03605253
245.00000000,1913.00000000,0.03605104
245.00000000,1914.00000000,0.03604904
245.00000000,1915.00000000,0.03604680
245.00000000,1916.00000000,0.03604449
245.00000000,1917.00000000,0.03604221
245.00000000,1918.00000000,0.03603980
245.00000000,1919.00000000,0.03603744
245.00000000,1920.00000000,0.03603528
245.00000000,1921.00000000,0.03603345
245.00000000,1922.00000000,0.03603198
245.00000000,1923.00000000,0.03603084
245.00000000,1924.00000000,0.03602980
245.00000000,1925.00000000,0.03602862
245.00000000,1926.00000000,0.03602738
245.00000000,1927.00000000,0.03602612
245.00000000,1928.00000000,0.03602495
245.00000000,1929.00000000,0.03602368
245.00000000,1930.00000000,0.03602250
245.00000000,1931.00000000,0.03602178
245.00000000,1932.00000000,0.03602170
245.00000000,1933.00000000,0.03602191
245.00000000,1934.00000000,0.03602236
245.00000000,1935.00000000,0.03602278
245.00000000,1936.00000000,0.03602292
245.00000000,1937.00000000,0.03602259
245.00000000,1938.00000000,0.03602164
245.00000000,1939.00000000,0.03602027
245.00000000,1940.00000000,0.03601855
245.00000000,1941.00000000,0.03601635
245.00000000,1942.00000000,0.03601360
245.00000000,1943.00000000,0.03601054
245.00000000,1944.00000000,0.03600719
245.00000000,1945.00000000,0.03600379
245.00000000,1946.00000000,0.03600089
245.00000000,1947.00000000,0.03599870
245.00000000,1948.00000000,0.03599686
245.00000000,1949.00000000,0.03599511
245.00000000,1950.00000000,0.03599318
245.00000000,1951.00000000,0.03599123
245.00000000,1952.00000000,0.03598960
245.00000000,1953.00000000,0.03598805
245.00000000,1954.00000000,0.03598640
245.00000000,1955.00000000,0.03598495
245.00000000,1956.00000000,0.03598345
245.00000000,1957.00000000,0.03598181
245.00000000,1958.00000000,0.03597996
245.00000000,1959.00000000,0.03597775
245.00000000,1960.00000000,0.03597467
245.00000000,1961.00000000,0.03597076
245.00000000,1962.00000000,0.03596641
245.00000000,1963.00000000,0.03596158
245.00000000,1964.00000000,0.03595624
245.00000000,1965.00000000,0.03595024
245.00000000,1966.00000000,0.03594354
245.00000000,1967.00000000,0.03593621
245.00000000,1968.00000000,0.03592811
245.00000000,1969.00000000,0.03591899
245.00000000,1970.00000000,0.03590867
245.00000000,1971.00000000,0.03589677
245.00000000,1972.00000000,0.03588288
245.00000000,1973.00000000,0.03586729
245.00000000,1974.00000000,0.03585026
245.00000000,1975.00000000,0.03583240
245.00000000,1976.00000000,0.03581426
245.00000000,1977.00000000,0.03579616
245.00000000,1978.00000000,0.03577795
245.00000000,1979.00000000,0.03575953
245.00000000,1980.00000000,0.03574077
245.00000000,1981.00000000,0.03572190
245.00000000,1982.00000000,0.03570388
245.00000000,1983.00000000,0.03568781
245.00000000,1984.00000000,0.03567364
245.00000000,1985.00000000,0.03566087
245.00000000,1986.00000000,0.03564895
245.00000000,1987.00000000,0.03563737
245.00000000,1988.00000000,0.03562586
245.00000000,1989.00000000,0.03561416
245.00000000,1990.00000000,0.03560217
245.00000000,1991.00000000,0.03559003
245.00000000,1992.00000000,0.03557809
245.00000000,1993.00000000,0.03556639
245.00000000,1994.00000000,0.03555516
245.00000000,1995.00000000,0.03554429
245.00000000,1996.00000000,0.03553346
245.00000000,1997.00000000,0.03552238
245.00000000,1998.00000000,0.03551092
245.00000000,1999.00000000,0.03549936
245.00000000,2000.00000000,0.03548783
245.00000000,2001.00000000,0.03547616
245.00000000,2002.00000000,0.03546425
245.00000000,2003.00000000,0.03545233
245.00000000,2004.00000000,0.03543987
245.00000000,2005.00000000,0.03542615
245.00000000,2006.00000000,0.03541060
245.00000000,2007.00000000,0.03539320
245.00000000,2008.00000000,0.03537416
245.00000000,2009.00000000,0.03535364
245.00000000,2010.00000000,0.03533180
245.00000000,2011.00000000,0.03531194
245.00000000,2012.00000000,0.03528769
245.00000000,2013.00000000,0.03526214
245.00000000,2014.00000000,0.03523542
245.00000000,2015.00000000,0.03520746
245.00000000,2016.00000000,0.03517936
245.00000000,2017.00000000,0.03514906
245.00000000,2018.00000000,0.03511766
245.00000000,2019.00000000,0.03508520
245.00000000,2020.00000000,0.03505179
245.00000000,2021.00000000,0.03501747
245.00000000,2022.00000000,0.03498232
245.00000000,2023.00000000,0.03494651
245.00000000,2024.00000000,0.03491008
245.00000000,2025.00000000,0.03487313
245.00000000,2026.00000000,0.03483682
245.00000000,2027.00000000,0.03479900
245.00000000,2028.00000000,0.03476081
245.00000000,2029.00000000,0.03472229
245.00000000,2030.00000000,0.03468341
245.00000000,2031.00000000,0.03464422
245.00000000,2032.00000000,0.03460469
245.00000000,2033.00000000,0.03456461
245.00000000,2034.00000000,0.03452399
245.00000000,2035.00000000,0.03448276
245.00000000,2036.00000000,0.03444199
245.00000000,2037.00000000,0.03439953
245.00000000,2038.00000000,0.03435644
245.00000000,2039.00000000,0.03431282
245.00000000,2040.00000000,0.03426861
245.00000000,2041.00000000,0.03422384
245.00000000,2042.00000000,0.03417953
245.00000000,2043.00000000,0.03413345
245.00000000,2044.00000000,0.03408657
245.00000000,2045.00000000,0.03404002
245.00000000,2046.00000000,0.03399164
245.00000000,2047.00000000,0.03394459
245.00000000,2048.00000000,0.03389369
245.00000000,2049.00000000,0.03384311
245.00000000,2050.00000000,0.03379192
245.00000000,2051.00000000,0.03374116
245.00000000,2052.00000000,0.03368872
245.00000000,2053.00000000,0.03363578
245.00000000,2054.00000000,0.03358232
245.00000000,2055.00000000,0.03352837
245.00000000,2056.00000000,0.03347504
245.00000000,2057.00000000,0.03342028
245.00000000,2058.00000000,0.03336507
245.00000000,2059.00000000,0.03330955
245.00000000,2060.00000000,0.03325467
245.00000000,2061.00000000,0.03319958
245.00000000,2062.00000000,0.03314445
245.00000000,2063.00000000,0.03308845
245.00000000,2064.00000000,0.03303286
245.00000000,2065.00000000,0.03297772
245.00000000,2066.00000000,0.03292305
245.00000000,2067.00000000,0.03286996
245.00000000,2068.00000000,0.03281737
245.00000000,2069.00000000,0.03276424
245.00000000,2070.00000000,0.03271266
245.00000000,2071.00000000,0.03266059
245.00000000,2072.00000000,0.03261016
245.00000000,2073.00000000,0.03255960
245.00000000,2074.00000000,0.03250993
245.00000000,2075.00000000,0.03246727
245.00000000,2076.00000000,0.03241858
245.00000000,2077.00000000,0.03237179
245.00000000,2078.00000000,0.03232695
245.00000000,2079.00000000,0.03228199
245.00000000,2080.00000000,0.03223882
245.00000000,2081.00000000,0.03219948
245.00000000,2082.00000000,0.03215703
245.00000000,2083.00000000,0.03211645
245.00000000,2084.00000000,0.03207685
245.00000000,2085.00000000,0.03203913
245.00000000,2086.00000000,0.03200137
245.00000000,2087.00000000,0.03196549
245.00000000,2088.00000000,0.03192942
245.00000000,2089.00000000,0.03189516
245.00000000,2090.00000000,0.03186362
245.00000000,2091.00000000,0.03182888
245.00000000,2092.00000000,0.03179791
245.00000000,2093.00000000,0.03176587
245.00000000,2094.00000000,0.03173666
245.00000000,2095.00000000,0.03170937
245.00000000,2096.00000000,0.03167905
245.00000000,2097.00000000,0.03165256
245.00000000,2098.00000000,0.03162592
245.00000000,2099.00000000,0.03160779
245.00000000,2100.00000000,0.03158264
245.00000000,2101.00000000,0.03156114
245.00000000,2102.00000000,0.03153652
245.00000000,2103.00000000,0.03151279
245.00000000,2104.00000000,0.03149382
245.00000000,2105.00000000,0.03147858
245.00000000,2106.00000000,0.03146034
245.00000000,2107.00000000,0.03144097
245.00000000,2108.00000000,0.03142722
245.00000000,2109.00000000,0.03141527
245.00000000,2110.00000000,0.03140313
245.00000000,2111.00000000,0.03138792
245.00000000,2112.00000000,0.03137850
245.00000000,2113.00000000,0.03136670
245.00000000,2114.00000000,0.03135758
245.00000000,2115.00000000,0.03134726
245.00000000,2116.00000000,0.03134146
245.00000000,2117.00000000,0.03134406
245.00000000,2118.00000000,0.03134153
245.00000000,2119.00000000,0.03131938
245.00000000,2120.00000000,0.03132081
245.00000000,2121.00000000,0.03131218
245.00000000,2122.00000000,0.03130410
245.00000000,2123.00000000,0.03129504
245.00000000,2124.00000000,0.03129841
245.00000000,2125.00000000,0.03131376
245.00000000,2126.00000000,0.03131141
245.00000000,2127.00000000,0.03131518
245.00000000,2128.00000000,0.03132228
245.00000000,2129.00000000,0.03131742
245.00000000,2130.00000000,0.03131203
245.00000000,2131.00000000,0.03130903
245.00000000,2132.00000000,0.03131603
245.00000000,2133.00000000,0.03134061
245.00000000,2134.00000000,0.03133518
245.00000000,2135.00000000,0.03135779
245.00000000,2136.00000000,0.03136851
245.00000000,2137.00000000,0.03136634
245.00000000,2138.00000000,0.03135890
245.00000000,2139.00000000,0.03136812
245.00000000,2140.00000000,0.03138733
245.00000000,2141.00000000,0.03139748
245.00000000,2142.00000000,0.03141575
245.00000000,2143.00000000,0.03143830
245.00000000,2144.00000000,0.03147749
245.00000000,2145.00000000,0.03150294
245.00000000,2146.00000000,0.03152029
245.00000000,2147.00000000,0.03153436
245.00000000,2148.00000000,0.03158404
245.00000000,2149.00000000,0.03159235
245.00000000,2150.00000000,0.03163149
245.00000000,2151.00000000,0.03167595
245.00000000,2152.00000000,0.03175268
245.00000000,2153.00000000,0.03172552
245.00000000,2154.00000000,0.03176542
245.00000000,2155.00000000,0.03180604
245.00000000,2156.00000000,0.03183225
245.00000000,2157.00000000,0.03188480
245.00000000,2158.00000000,0.03195892
245.00000000,2159.00000000,0.03188565
245.00000000,2160.00000000,0.03189081
245.00000000,2161.00000000,0.03196887
245.00000000,2162.00000000,0.03203999
245.00000000,2163.00000000,0.03204321
245.00000000,2164.00000000,0.03194231
245.00000000,2165.00000000,0.03208638
245.00000000,2166.00000000,0.03198923
245.00000000,2167.00000000,0.03205634
245.00000000,2168.00000000,0.03220411
245.00000000,2169.00000000,0.03222750
245.00000000,2170.00000000,0.03227041
245.00000000,2171.00000000,0.03231083
245.00000000,2172.00000000,0.03242048
245.00000000,2173.00000000,0.03245879
245.00000000,2174.00000000,0.03257198
245.00000000,2175.00000000,0.03252156
245.00000000,2176.00000000,0.03245184
245.00000000,2177.00000000,0.03240218
245.00000000,2178.00000000,0.03248724
245.00000000,2179.00000000,0.03260648
245.00000000,2180.00000000,0.03270221
245.00000000,2181.00000000,0.03284668
245.00000000,2182.00000000,0.03296948
245.00000000,2183.00000000,0.03295264
245.00000000,2184.00000000,0.03305014
245.00000000,2185.00000000,0.03320427
245.00000000,2186.00000000,0.03329015
245.00000000,2187.00000000,0.03335118
245.00000000,2188.00000000,0.03345336
245.00000000,2189.00000000,0.03350148
245.00000000,2190.00000000,0.03334135
245.00000000,2191.00000000,0.03347599
245.00000000,2192.00000000,0.03368682
245.00000000,2193.00000000,0.03382435
245.00000000,2194.00000000,0.03383921
245.00000000,2195.00000000,0.03411188
245.00000000,2196.00000000,0.03431508
245.00000000,2197.00000000,0.03441196
245.00000000,2198.00000000,0.03452714
245.00000000,2199.00000000,0.03462320
245.00000000,2200.00000000,0.03487319
245.00000000,2201.00000000,0.03508265
245.00000000,2202.00000000,0.03525126
245.00000000,2203.00000000,0.03538973
245.00000000,2204.00000000,0.03560137
245.00000000,2205.00000000,0.03579784
245.00000000,2206.00000000,0.03589831
245.00000000,2207.00000000,0.03608928
245.00000000,2208.00000000,0.03632422
245.00000000,2209.00000000,0.03657324
245.00000000,2210.00000000,0.03680120
245.00000000,2211.00000000,0.03705428
245.00000000,2212.00000000,0.03725492
245.00000000,2213.00000000,0.03752907
245.00000000,2214.00000000,0.03784074
245.00000000,2215.00000000,0.03821946
245.00000000,2216.00000000,0.03847761
245.00000000,2217.00000000,0.03875089
245.00000000,2218.00000000,0.03909541
245.00000000,2219.00000000,0.03921029
245.00000000,2220.00000000,0.03928763
245.00000000,2221.00000000,0.03967052
245.00000000,2222.00000000,0.03993053
245.00000000,2223.00000000,0.04012033
245.00000000,2224.00000000,0.04052380
245.00000000,2225.00000000,0.04058152
245.00000000,2226.00000000,0.04052734
245.00000000,2227.00000000,0.04060119
245.00000000,2228.00000000,0.04070121
245.00000000,2229.00000000,0.04100762
245.00000000,2230.00000000,0.04128914
245.00000000,2231.00000000,0.04158531
245.00000000,2232.00000000,0.04185946
245.00000000,2233.00000000,0.04220692
245.00000000,2234.00000000,0.04246611
245.00000000,2235.00000000,0.04265320
245.00000000,2236.00000000,0.04287965
245.00000000,2237.00000000,0.04288751
245.00000000,2238.00000000,0.04302640
245.00000000,2239.00000000,0.04328571
245.00000000,2240.00000000,0.04355979
245.00000000,2241.00000000,0.04384444
245.00000000,2242.00000000,0.04410020
245.00000000,2243.00000000,0.04420782
245.00000000,2244.00000000,0.04432982
245.00000000,2245.00000000,0.04465279
245.00000000,2246.00000000,0.04497303
245.00000000,2247.00000000,0.04517950
245.00000000,2248.00000000,0.04569631
245.00000000,2249.00000000,0.04627001
245.00000000,2250.00000000,0.04675273
245.00000000,2251.00000000,0.04711922
245.00000000,2252.00000000,0.04748726
245.00000000,2253.00000000,0.04785660
245.00000000,2254.00000000,0.04822677
245.00000000,2255.00000000,0.04859771
245.00000000,2256.00000000,0.04904694
245.00000000,2257.00000000,0.04949729
245.00000000,2258.00000000,0.04994879
245.00000000,2259.00000000,0.05040137
245.00000000,2260.00000000,0.05085500
245.00000000,2261.00000000,0.05130971
245.00000000,2262.00000000,0.05176551
245.00000000,2263.00000000,0.05222239
245.00000000,2264.00000000,0.05268040
245.00000000,2265.00000000,0.05313949
245.00000000,2266.00000000,0.05356462
245.00000000,2267.00000000,0.05399071
245.00000000,2268.00000000,0.05441770
245.00000000,2269.00000000,0.05484566
245.00000000,2270.00000000,0.05527458
245.00000000,2271.00000000,0.05570444
245.00000000,2272.00000000,0.05613532
245.00000000,2273.00000000,0.05656722
245.00000000,2274.00000000,0.05700011
245.00000000,2275.00000000,0.05743412
245.00000000,2276.00000000,0.05794351
245.00000000,2277.00000000,0.05845425
245.00000000,2278.00000000,0.05896641
245.00000000,2279.00000000,0.05947992
245.00000000,2280.00000000,0.05999474
245.00000000,2281.00000000,0.06051090
245.00000000,2282.00000000,0.06102833
245.00000000,2283.00000000,0.06154706
245.00000000,2284.00000000,0.06206706
245.00000000,2285.00000000,0.06258827
245.00000000,2286.00000000,0.06316582
245.00000000,2287.00000000,0.06374477
245.00000000,2288.00000000,0.06432504
245.00000000,2289.00000000,0.06490667
245.00000000,2290.00000000,0.06548956
245.00000000,2291.00000000,0.06607363
245.00000000,2292.00000000,0.06665891
245.00000000,2293.00000000,0.06724527
245.00000000,2294.00000000,0.06783274
245.00000000,2295.00000000,0.06842124
245.00000000,2296.00000000,0.06900748
245.00000000,2297.00000000,0.06959470
245.00000000,2298.00000000,0.07018275
245.00000000,2299.00000000,0.07077156
245.00000000,2300.00000000,0.07136116
245.00000000,2301.00000000,0.07195143
245.00000000,2302.00000000,0.07254226
245.00000000,2303.00000000,0.07313369
245.00000000,2304.00000000,0.07372555
245.00000000,2305.00000000,0.07431775
245.00000000,2306.00000000,0.07478631
245.00000000,2307.00000000,0.07525469
245.00000000,2308.00000000,0.07572293
245.00000000,2309.00000000,0.07619095
245.00000000,2310.00000000,0.07665868
245.00000000,2311.00000000,0.07712619
245.00000000,2312.00000000,0.07759339
245.00000000,2313.00000000,0.07806019
245.00000000,2314.00000000,0.07852664
245.00000000,2315.00000000,0.07899263
245.00000000,2316.00000000,0.07934496
245.00000000,2317.00000000,0.07969648
245.00000000,2318.00000000,0.08004708
245.00000000,2319.00000000,0.08039684
245.00000000,2320.00000000,0.08074573
245.00000000,2321.00000000,0.08109367
245.00000000,2322.00000000,0.08144075
245.00000000,2323.00000000,0.08178691
245.00000000,2324.00000000,0.08213208
245.00000000,2325.00000000,0.08247633
245.00000000,2326.00000000,0.08275578
245.00000000,2327.00000000,0.08303400
245.00000000,2328.00000000,0.08331112
245.00000000,2329.00000000,0.08358701
245.00000000,2330.00000000,0.08386177
245.00000000,2331.00000000,0.08413538
245.00000000,2332.00000000,0.08440774
245.00000000,2333.00000000,0.08467898
245.00000000,2334.00000000,0.08494902
245.00000000,2335.00000000,0.08521778
245.00000000,2336.00000000,0.08541903
245.00000000,2337.00000000,0.08561888
245.00000000,2338.00000000,0.08581728
245.00000000,2339.00000000,0.08601438
245.00000000,2340.00000000,0.08621010
245.00000000,2341.00000000,0.08640440
245.00000000,2342.00000000,0.08659741
245.00000000,2343.00000000,0.08678900
245.00000000,2344.00000000,0.08697930
245.00000000,2345.00000000,0.08716826
245.00000000,2346.00000000,0.08730445
245.00000000,2347.00000000,0.08743925
245.00000000,2348.00000000,0.08757259
245.00000000,2349.00000000,0.08770441
245.00000000,2350.00000000,0.08783485
245.00000000,2351.00000000,0.08796387
245.00000000,2352.00000000,0.08809140
245.00000000,2353.00000000,0.08821759
245.00000000,2354.00000000,0.08834230
245.00000000,2355.00000000,0.08846568
245.00000000,2356.00000000,0.08858768
245.00000000,2357.00000000,0.08870821
245.00000000,2358.00000000,0.08882744
245.00000000,2359.00000000,0.08894529
245.00000000,2360.00000000,0.08906169
245.00000000,2361.00000000,0.08917680
245.00000000,2362.00000000,0.08929055
245.00000000,2363.00000000,0.08940284
245.00000000,2364.00000000,0.08951386
245.00000000,2365.00000000,0.08962352
245.00000000,2366.00000000,0.08973173
245.00000000,2367.00000000,0.08983868
245.00000000,2368.00000000,0.08994419
245.00000000,2369.00000000,0.09004843
245.00000000,2370.00000000,0.09015131
245.00000000,2371.00000000,0.09025274
245.00000000,2372.00000000,0.09035292
245.00000000,2373.00000000,0.09045175
245.00000000,2374.00000000,0.09054912
245.00000000,2375.00000000,0.09064524
245.00000000,2376.00000000,0.09074001
245.00000000,2377.00000000,0.09083332
245.00000000,2378.00000000,0.09092536
245.00000000,2379.00000000,0.09101593
245.00000000,2380.00000000,0.09110525
245.00000000,2381.00000000,0.09119320
245.00000000,2382.00000000,0.09127969
245.00000000,2383.00000000,0.09136488
245.00000000,2384.00000000,0.09144870
245.00000000,2385.00000000,0.09153104
245.00000000,2386.00000000,0.09161208
245.00000000,2387.00000000,0.09169172
245.00000000,2388.00000000,0.09176985
245.00000000,2389.00000000,0.09184666
245.00000000,2390.00000000,0.09192197
245.00000000,2391.00000000,0.09199592
245.00000000,2392.00000000,0.09206842
245.00000000,2393.00000000,0.09213936
245.00000000,2394.00000000,0.09220888
245.00000000,2395.00000000,0.09227683
245.00000000,2396.00000000,0.09198643
245.00000000,2397.00000000,0.09169414
245.00000000,2398.00000000,0.09139993
245.00000000,2399.00000000,0.09110377
245.00000000,2400.00000000,0.09080584
245.00000000,2401.00000000,0.09050612
245.00000000,2402.00000000,0.09020452
245.00000000,2403.00000000,0.08990130
245.00000000,2404.00000000,0.08959628
245.00000000,2405.00000000,0.08928971
245.00000000,2406.00000000,0.08898149
245.00000000,2407.00000000,0.08867161
245.00000000,2408.00000000,0.08836023
245.00000000,2409.00000000,0.08804734
245.00000000,2410.00000000,0.08773285
245.00000000,2411.00000000,0.08741699
245.00000000,2412.00000000,0.08709968
245.00000000,2413.00000000,0.08678089
245.00000000,2414.00000000,0.08646078
245.00000000,2415.00000000,0.08613925
245.00000000,2416.00000000,0.08581648
245.00000000,2417.00000000,0.08549239
245.00000000,2418.00000000,0.08516697
245.00000000,2419.00000000,0.08484038
245.00000000,2420.00000000,0.08451255
245.00000000,2421.00000000,0.08418346
245.00000000,2422.00000000,0.08385329
245.00000000,2423.00000000,0.08352195
245.00000000,2424.00000000,0.08318942
245.00000000,2425.00000000,0.08285587
245.00000000,2426.00000000,0.08252126
245.00000000,2427.00000000,0.08218550
245.00000000,2428.00000000,0.08184878
245.00000000,2429.00000000,0.08151099
245.00000000,2430.00000000,0.08117230
245.00000000,2431.00000000,0.08083264
245.00000000,2432.00000000,0.08049195
245.00000000,2433.00000000,0.08015042
245.00000000,2434.00000000,0.07980798
245.00000000,2435.00000000,0.07946458
245.00000000,2436.00000000,0.07912041
245.00000000,2437.00000000,0.07877539
245.00000000,2438.00000000,0.07842947
245.00000000,2439.00000000,0.07808283
245.00000000,2440.00000000,0.07773532
245.00000000,2441.00000000,0.07738712
245.00000000,2442.00000000,0.07703817
245.00000000,2443.00000000,0.07668841
245.00000000,2444.00000000,0.07633802
245.00000000,2445.00000000,0.07598693
245.00000000,2446.00000000,0.07563509
245.00000000,2447.00000000,0.07528266
245.00000000,2448.00000000,0.07492958
245.00000000,2449.00000000,0.07457581
245.00000000,2450.00000000,0.07422150
245.00000000,2451.00000000,0.07386659
245.00000000,2452.00000000,0.07351101
245.00000000,2453.00000000,0.07315494
245.00000000,2454.00000000,0.07279826
245.00000000,2455.00000000,0.07244111
245.00000000,2456.00000000,0.07208343
245.00000000,2457.00000000,0.07172518
245.00000000,2458.00000000,0.07136650
245.00000000,2459.00000000,0.07100736
245.00000000,2460.00000000,0.07064766
245.00000000,2461.00000000,0.07028760
245.00000000,2462.00000000,0.06992710
245.00000000,2463.00000000,0.06956610
245.00000000,2464.00000000,0.06920477
245.00000000,2465.00000000,0.06884297
245.00000000,2466.00000000,0.06848086
245.00000000,2467.00000000,0.06811840
245.00000000,2468.00000000,0.06775550
245.00000000,2469.00000000,0.06739233
245.00000000,2470.00000000,0.06702884
245.00000000,2471.00000000,0.06666495
245.00000000,2472.00000000,0.06630084
245.00000000,2473.00000000,0.06593644
245.00000000,2474.00000000,0.06557168
245.00000000,2475.00000000,0.06520674
245.00000000,2476.00000000,0.06484147
245.00000000,2477.00000000,0.06447603
245.00000000,2478.00000000,0.06411037
245.00000000,2479.00000000,0.06374440
245.00000000,2480.00000000,0.06337832
245.00000000,2481.00000000,0.06301203
245.00000000,2482.00000000,0.06264549
245.00000000,2483.00000000,0.06227887
245.00000000,2484.00000000,0.06191207
245.00000000,2485.00000000,0.06154506
245.00000000,2486.00000000,0.06117798
245.00000000,2487.00000000,0.06081079
245.00000000,2488.00000000,0.06044341
245.00000000,2489.00000000,0.06007600
245.00000000,2490.00000000,0.05970843
245.00000000,2491.00000000,0.05934088
245.00000000,2492.00000000,0.05897330
245.00000000,2493.00000000,0.05860563
245.00000000,2494.00000000,0.05831497
245.00000000,2495.00000000,0.05825078
245.00000000,2496.00000000,0.05824848
245.00000000,2497.00000000,0.05824636
245.00000000,2498.00000000,0.05824435
245.00000000,2499.00000000,0.05824233
245.00000000,2500.00000000,0.05824048
246.00000000,1765.00000000,0.03570807
246.00000000,1766.00000000,0.03570805
246.00000000,1767.00000000,0.03570821
246.00000000,1768.00000000,0.03570809
246.00000000,1769.00000000,0.03570823
246.00000000,1770.00000000,0.03570836
246.00000000,1771.00000000,0.03570868
246.00000000,1772.00000000,0.03570900
246.00000000,1773.00000000,0.03570940
246.00000000,1774.00000000,0.03570981
246.00000000,1775.00000000,0.03571039
246.00000000,1776.00000000,0.03571097
246.00000000,1777.00000000,0.03571166
246.00000000,1778.00000000,0.03571253
246.00000000,1779.00000000,0.03571328
246.00000000,1780.00000000,0.03571400
246.00000000,1781.00000000,0.03571502
246.00000000,1782.00000000,0.03571602
246.00000000,1783.00000000,0.03571714
246.00000000,1784.00000000,0.03571811
246.00000000,1785.00000000,0.03571918
246.00000000,1786.00000000,0.03572047
246.00000000,1787.00000000,0.03572153
246.00000000,1788.00000000,0.03572298
246.00000000,1789.00000000,0.03572411
246.00000000,1790.00000000,0.03572549
246.00000000,1791.00000000,0.03572704
246.00000000,1792.00000000,0.03572833
246.00000000,1793.00000000,0.03572982
246.00000000,1794.00000000,0.03573132
246.00000000,1795.00000000,0.03573288
246.00000000,1796.00000000,0.03573437
246.00000000,1797.00000000,0.03573601
246.00000000,1798.00000000,0.03573757
246.00000000,1799.00000000,0.03573921
246.00000000,1800.00000000,0.03574091
246.00000000,1801.00000000,0.03574260
246.00000000,1802.00000000,0.03574427
246.00000000,1803.00000000,0.03574605
246.00000000,1804.00000000,0.03574764
246.00000000,1805.00000000,0.03574933
246.00000000,1806.00000000,0.03575116
246.00000000,1807.00000000,0.03575290
246.00000000,1808.00000000,0.03575458
246.00000000,1809.00000000,0.03575647
246.00000000,1810.00000000,0.03575819
246.00000000,1811.00000000,0.03576003
246.00000000,1812.00000000,0.03576187
246.00000000,1813.00000000,0.03576366
246.00000000,1814.00000000,0.03576553
246.00000000,1815.00000000,0.03576736
246.00000000,1816.00000000,0.03576926
246.00000000,1817.00000000,0.03577113
246.00000000,1818.00000000,0.03577285
246.00000000,1819.00000000,0.03577480
246.00000000,1820.00000000,0.03577664
246.00000000,1821.00000000,0.03577848
246.00000000,1822.00000000,0.03578028
246.00000000,1823.00000000,0.03578210
246.00000000,1824.00000000,0.03578404
246.00000000,1825.00000000,0.03578586
246.00000000,1826.00000000,0.03578773
246.00000000,1827.00000000,0.03578954
246.00000000,1828.00000000,0.03579146
246.00000000,1829.00000000,0.03579328
246.00000000,1830.00000000,0.03579506
246.00000000,1831.00000000,0.03579693
246.00000000,1832.00000000,0.03579870
246.00000000,1833.00000000,0.03580058
246.00000000,1834.00000000,0.03580236
246.00000000,1835.00000000,0.03580409
246.00000000,1836.00000000,0.03580594
246.00000000,1837.00000000,0.03580764
246.00000000,1838.00000000,0.03580945
246.00000000,1839.00000000,0.03581121
246.00000000,1840.00000000,0.03581294
246.00000000,1841.00000000,0.03581465
246.00000000,1842.00000000,0.03581629
246.00000000,1843.00000000,0.03581798
246.00000000,1844.00000000,0.03581966
246.00000000,1845.00000000,0.03582133
246.00000000,1846.00000000,0.03582306
246.00000000,1847.00000000,0.03582466
246.00000000,1848.00000000,0.03582622
246.00000000,1849.00000000,0.03582782
246.00000000,1850.00000000,0.03582944
246.00000000,1851.00000000,0.03583092
246.00000000,1852.00000000,0.03583251
246.00000000,1853.00000000,0.03583411
246.00000000,1854.00000000,0.03583586
246.00000000,1855.00000000,0.03583763
246.00000000,1856.00000000,0.03583931
246.00000000,1857.00000000,0.03584089
246.00000000,1858.00000000,0.03584244
246.00000000,1859.00000000,0.03584398
246.00000000,1860.00000000,0.03584552
246.00000000,1861.00000000,0.03584700
246.00000000,1862.00000000,0.03584838
246.00000000,1863.00000000,0.03584942
246.00000000,1864.00000000,0.03585026
246.00000000,1865.00000000,0.03585085
246.00000000,1866.00000000,0.03585137
246.00000000,1867.00000000,0.03585154
246.00000000,1868.00000000,0.03585171
246.00000000,1869.00000000,0.03585176
246.00000000,1870.00000000,0.03585170
246.00000000,1871.00000000,0.03585150
246.00000000,1872.00000000,0.03585134
246.00000000,1873.00000000,0.03585159
246.00000000,1874.00000000,0.03585202
246.00000000,1875.00000000,0.03585263
246.00000000,1876.00000000,0.03585333
246.00000000,1877.00000000,0.03585417
246.00000000,1878.00000000,0.03585500
246.00000000,1879.00000000,0.03585596
246.00000000,1880.00000000,0.03585696
246.00000000,1881.00000000,0.03585787
246.00000000,1882.00000000,0.03585889
246.00000000,1883.00000000,0.03585968
246.00000000,1884.00000000,0.03586016
246.00000000,1885.00000000,0.03586062
246.00000000,1886.00000000,0.03586095
246.00000000,1887.00000000,0.03586114
246.00000000,1888.00000000,0.03586135
246.00000000,1889.00000000,0.03586143
246.00000000,1890.00000000,0.03586120
246.00000000,1891.00000000,0.03586090
246.00000000,1892.00000000,0.03586044
246.00000000,1893.00000000,0.03585992
246.00000000,1894.00000000,0.03585937
246.00000000,1895.00000000,0.03585892
246.00000000,1896.00000000,0.03585839
246.00000000,1897.00000000,0.03585791
246.00000000,1898.00000000,0.03585722
246.00000000,1899.00000000,0.03585650
246.00000000,1900.00000000,0.03585565
246.00000000,1901.00000000,0.03585475
246.00000000,1902.00000000,0.03585378
246.00000000,1903.00000000,0.03585289
246.00000000,1904.00000000,0.03585204
246.00000000,1905.00000000,0.03585126
246.00000000,1906.00000000,0.03585061
246.00000000,1907.00000000,0.03585004
246.00000000,1908.00000000,0.03584930
246.00000000,1909.00000000,0.03584863
246.00000000,1910.00000000,0.03584794
246.00000000,1911.00000000,0.03584715
246.00000000,1912.00000000,0.03584606
246.00000000,1913.00000000,0.03584455
246.00000000,1914.00000000,0.03584260
246.00000000,1915.00000000,0.03584038
246.00000000,1916.00000000,0.03583811
246.00000000,1917.00000000,0.03583578
246.00000000,1918.00000000,0.03583342
246.00000000,1919.00000000,0.03583103
246.00000000,1920.00000000,0.03582892
246.00000000,1921.00000000,0.03582707
246.00000000,1922.00000000,0.03582567
246.00000000,1923.00000000,0.03582451
246.00000000,1924.00000000,0.03582342
246.00000000,1925.00000000,0.03582231
246.00000000,1926.00000000,0.03582108
246.00000000,1927.00000000,0.03581982
246.00000000,1928.00000000,0.03581861
246.00000000,1929.00000000,0.03581740
246.00000000,1930.00000000,0.03581621
246.00000000,1931.00000000,0.03581550
246.00000000,1932.00000000,0.03581538
246.00000000,1933.00000000,0.03581562
246.00000000,1934.00000000,0.03581607
246.00000000,1935.00000000,0.03581647
246.00000000,1936.00000000,0.03581662
246.00000000,1937.00000000,0.03581630
246.00000000,1938.00000000,0.03581536
246.00000000,1939.00000000,0.03581397
246.00000000,1940.00000000,0.03581227
246.00000000,1941.00000000,0.03581008
246.00000000,1942.00000000,0.03580736
246.00000000,1943.00000000,0.03580430
246.00000000,1944.00000000,0.03580099
246.00000000,1945.00000000,0.03579761
246.00000000,1946.00000000,0.03579467
246.00000000,1947.00000000,0.03579254
246.00000000,1948.00000000,0.03579073
246.00000000,1949.00000000,0.03578890
246.00000000,1950.00000000,0.03578710
246.00000000,1951.00000000,0.03578509
246.00000000,1952.00000000,0.03578346
246.00000000,1953.00000000,0.03578193
246.00000000,1954.00000000,0.03578036
246.00000000,1955.00000000,0.03577882
246.00000000,1956.00000000,0.03577738
246.00000000,1957.00000000,0.03577573
246.00000000,1958.00000000,0.03577386
246.00000000,1959.00000000,0.03577172
246.00000000,1960.00000000,0.03576863
246.00000000,1961.00000000,0.03576473
246.00000000,1962.00000000,0.03576040
246.00000000,1963.00000000,0.03575563
246.00000000,1964.00000000,0.03575029
246.00000000,1965.00000000,0.03574431
246.00000000,1966.00000000,0.03573766
246.00000000,1967.00000000,0.03573036
246.00000000,1968.00000000,0.03572233
246.00000000,1969.00000000,0.03571324
246.00000000,1970.00000000,0.03570299
246.00000000,1971.00000000,0.03569114
246.00000000,1972.00000000,0.03567734
246.00000000,1973.00000000,0.03566181
246.00000000,1974.00000000,0.03564490
246.00000000,1975.00000000,0.03562712
246.00000000,1976.00000000,0.03560909
246.00000000,1977.00000000,0.03559109
246.00000000,1978.00000000,0.03557297
246.00000000,1979.00000000,0.03555467
246.00000000,1980.00000000,0.03553599
246.00000000,1981.00000000,0.03551721
246.00000000,1982.00000000,0.03549933
246.00000000,1983.00000000,0.03548331
246.00000000,1984.00000000,0.03546921
246.00000000,1985.00000000,0.03545654
246.00000000,1986.00000000,0.03544464
246.00000000,1987.00000000,0.03543315
246.00000000,1988.00000000,0.03542166
246.00000000,1989.00000000,0.03541003
246.00000000,1990.00000000,0.03539811
246.00000000,1991.00000000,0.03538602
246.00000000,1992.00000000,0.03537414
246.00000000,1993.00000000,0.03536249
246.00000000,1994.00000000,0.03535131
246.00000000,1995.00000000,0.03534049
246.00000000,1996.00000000,0.03532970
246.00000000,1997.00000000,0.03531864
246.00000000,1998.00000000,0.03530725
246.00000000,1999.00000000,0.03529573
246.00000000,2000.00000000,0.03528425
246.00000000,2001.00000000,0.03527263
246.00000000,2002.00000000,0.03526075
246.00000000,2003.00000000,0.03524888
246.00000000,2004.00000000,0.03523645
246.00000000,2005.00000000,0.03522278
246.00000000,2006.00000000,0.03520727
246.00000000,2007.00000000,0.03518993
246.00000000,2008.00000000,0.03517096
246.00000000,2009.00000000,0.03515051
246.00000000,2010.00000000,0.03512874
246.00000000,2011.00000000,0.03510575
246.00000000,2012.00000000,0.03508478
246.00000000,2013.00000000,0.03505939
246.00000000,2014.00000000,0.03503269
246.00000000,2015.00000000,0.03500486
246.00000000,2016.00000000,0.03497583
246.00000000,2017.00000000,0.03494669
246.00000000,2018.00000000,0.03491544
246.00000000,2019.00000000,0.03488314
246.00000000,2020.00000000,0.03484985
246.00000000,2021.00000000,0.03481569
246.00000000,2022.00000000,0.03478071
246.00000000,2023.00000000,0.03474503
246.00000000,2024.00000000,0.03470879
246.00000000,2025.00000000,0.03467202
246.00000000,2026.00000000,0.03463479
246.00000000,2027.00000000,0.03459822
246.00000000,2028.00000000,0.03456022
246.00000000,2029.00000000,0.03452186
246.00000000,2030.00000000,0.03448320
246.00000000,2031.00000000,0.03444419
246.00000000,2032.00000000,0.03440482
246.00000000,2033.00000000,0.03436499
246.00000000,2034.00000000,0.03432456
246.00000000,2035.00000000,0.03428353
246.00000000,2036.00000000,0.03424188
246.00000000,2037.00000000,0.03420070
246.00000000,2038.00000000,0.03415786
246.00000000,2039.00000000,0.03411442
246.00000000,2040.00000000,0.03407047
246.00000000,2041.00000000,0.03402592
246.00000000,2042.00000000,0.03398076
246.00000000,2043.00000000,0.03393597
246.00000000,2044.00000000,0.03388939
246.00000000,2045.00000000,0.03384198
246.00000000,2046.00000000,0.03379491
246.00000000,2047.00000000,0.03374603
246.00000000,2048.00000000,0.03369850
246.00000000,2049.00000000,0.03364719
246.00000000,2050.00000000,0.03359622
246.00000000,2051.00000000,0.03354468
246.00000000,2052.00000000,0.03349361
246.00000000,2053.00000000,0.03344091
246.00000000,2054.00000000,0.03338775
246.00000000,2055.00000000,0.03333411
246.00000000,2056.00000000,0.03328000
246.00000000,2057.00000000,0.03322654
246.00000000,2058.00000000,0.03317168
246.00000000,2059.00000000,0.03311641
246.00000000,2060.00000000,0.03306085
246.00000000,2061.00000000,0.03300601
246.00000000,2062.00000000,0.03295118
246.00000000,2063.00000000,0.03289653
246.00000000,2064.00000000,0.03284120
246.00000000,2065.00000000,0.03278635
246.00000000,2066.00000000,0.03273200
246.00000000,2067.00000000,0.03267814
246.00000000,2068.00000000,0.03262585
246.00000000,2069.00000000,0.03257406
246.00000000,2070.00000000,0.03252170
246.00000000,2071.00000000,0.03247090
246.00000000,2072.00000000,0.03241976
246.00000000,2073.00000000,0.03237044
246.00000000,2074.00000000,0.03232106
246.00000000,2075.00000000,0.03227261
246.00000000,2076.00000000,0.03223113
246.00000000,2077.00000000,0.03218363
246.00000000,2078.00000000,0.03213799
246.00000000,2079.00000000,0.03209427
246.00000000,2080.00000000,0.03205036
246.00000000,2081.00000000,0.03200822
246.00000000,2082.00000000,0.03196993
246.00000000,2083.00000000,0.03192860
246.00000000,2084.00000000,0.03188916
246.00000000,2085.00000000,0.03185068
246.00000000,2086.00000000,0.03181406
246.00000000,2087.00000000,0.03177735
246.00000000,2088.00000000,0.03174247
246.00000000,2089.00000000,0.03170736
246.00000000,2090.00000000,0.03167402
246.00000000,2091.00000000,0.03164338
246.00000000,2092.00000000,0.03160959
246.00000000,2093.00000000,0.03157964
246.00000000,2094.00000000,0.03154866
246.00000000,2095.00000000,0.03152047
246.00000000,2096.00000000,0.03149419
246.00000000,2097.00000000,0.03146485
246.00000000,2098.00000000,0.03143929
246.00000000,2099.00000000,0.03141355
246.00000000,2100.00000000,0.03139623
246.00000000,2101.00000000,0.03137193
246.00000000,2102.00000000,0.03135130
246.00000000,2103.00000000,0.03132765
246.00000000,2104.00000000,0.03130492
246.00000000,2105.00000000,0.03128689
246.00000000,2106.00000000,0.03127256
246.00000000,2107.00000000,0.03125522
246.00000000,2108.00000000,0.03123675
246.00000000,2109.00000000,0.03122380
246.00000000,2110.00000000,0.03121263
246.00000000,2111.00000000,0.03120122
246.00000000,2112.00000000,0.03118676
246.00000000,2113.00000000,0.03117801
246.00000000,2114.00000000,0.03116686
246.00000000,2115.00000000,0.03115836
246.00000000,2116.00000000,0.03114865
246.00000000,2117.00000000,0.03114340
246.00000000,2118.00000000,0.03114648
246.00000000,2119.00000000,0.03114444
246.00000000,2120.00000000,0.03112289
246.00000000,2121.00000000,0.03112476
246.00000000,2122.00000000,0.03111662
246.00000000,2123.00000000,0.03110900
246.00000000,2124.00000000,0.03110040
246.00000000,2125.00000000,0.03110414
246.00000000,2126.00000000,0.03111978
246.00000000,2127.00000000,0.03111781
246.00000000,2128.00000000,0.03112193
246.00000000,2129.00000000,0.03112936
246.00000000,2130.00000000,0.03112489
246.00000000,2131.00000000,0.03111988
246.00000000,2132.00000000,0.03111724
246.00000000,2133.00000000,0.03112454
246.00000000,2134.00000000,0.03114929
246.00000000,2135.00000000,0.03114422
246.00000000,2136.00000000,0.03116702
246.00000000,2137.00000000,0.03117798
246.00000000,2138.00000000,0.03117613
246.00000000,2139.00000000,0.03116903
246.00000000,2140.00000000,0.03117849
246.00000000,2141.00000000,0.03119788
246.00000000,2142.00000000,0.03120825
246.00000000,2143.00000000,0.03122670
246.00000000,2144.00000000,0.03124940
246.00000000,2145.00000000,0.03128862
246.00000000,2146.00000000,0.03131419
246.00000000,2147.00000000,0.03133171
246.00000000,2148.00000000,0.03134597
246.00000000,2149.00000000,0.03139561
246.00000000,2150.00000000,0.03140415
246.00000000,2151.00000000,0.03144349
246.00000000,2152.00000000,0.03148859
246.00000000,2153.00000000,0.03156623
246.00000000,2154.00000000,0.03154080
246.00000000,2155.00000000,0.03158214
246.00000000,2156.00000000,0.03162422
246.00000000,2157.00000000,0.03165194
246.00000000,2158.00000000,0.03170584
246.00000000,2159.00000000,0.03178114
246.00000000,2160.00000000,0.03170982
246.00000000,2161.00000000,0.03171644
246.00000000,2162.00000000,0.03179552
246.00000000,2163.00000000,0.03186765
246.00000000,2164.00000000,0.03187222
246.00000000,2165.00000000,0.03177316
246.00000000,2166.00000000,0.03191773
246.00000000,2167.00000000,0.03182232
246.00000000,2168.00000000,0.03189028
246.00000000,2169.00000000,0.03203844
246.00000000,2170.00000000,0.03206284
246.00000000,2171.00000000,0.03210663
246.00000000,2172.00000000,0.03214790
246.00000000,2173.00000000,0.03225804
246.00000000,2174.00000000,0.03229717
246.00000000,2175.00000000,0.03241080
246.00000000,2176.00000000,0.03236159
246.00000000,2177.00000000,0.03229315
246.00000000,2178.00000000,0.03224465
246.00000000,2179.00000000,0.03233020
246.00000000,2180.00000000,0.03244975
246.00000000,2181.00000000,0.03254588
246.00000000,2182.00000000,0.03269051
246.00000000,2183.00000000,0.03281356
246.00000000,2184.00000000,0.03279762
246.00000000,2185.00000000,0.03289547
246.00000000,2186.00000000,0.03304967
246.00000000,2187.00000000,0.03313593
246.00000000,2188.00000000,0.03319745
246.00000000,2189.00000000,0.03329991
246.00000000,2190.00000000,0.03334856
246.00000000,2191.00000000,0.03318989
246.00000000,2192.00000000,0.03332465
246.00000000,2193.00000000,0.03353524
246.00000000,2194.00000000,0.03367287
246.00000000,2195.00000000,0.03368836
246.00000000,2196.00000000,0.03396051
246.00000000,2197.00000000,0.03416350
246.00000000,2198.00000000,0.03426064
246.00000000,2199.00000000,0.03437599
246.00000000,2200.00000000,0.03447230
246.00000000,2201.00000000,0.03472187
246.00000000,2202.00000000,0.03493109
246.00000000,2203.00000000,0.03509964
246.00000000,2204.00000000,0.03523817
246.00000000,2205.00000000,0.03544956
246.00000000,2206.00000000,0.03564585
246.00000000,2207.00000000,0.03574653
246.00000000,2208.00000000,0.03593734
246.00000000,2209.00000000,0.03617195
246.00000000,2210.00000000,0.03642056
246.00000000,2211.00000000,0.03664821
246.00000000,2212.00000000,0.03690088
246.00000000,2213.00000000,0.03710133
246.00000000,2214.00000000,0.03737499
246.00000000,2215.00000000,0.03768603
246.00000000,2216.00000000,0.03806384
246.00000000,2217.00000000,0.03832159
246.00000000,2218.00000000,0.03859441
246.00000000,2219.00000000,0.03893817
246.00000000,2220.00000000,0.03905324
246.00000000,2221.00000000,0.03913092
246.00000000,2222.00000000,0.03951291
246.00000000,2223.00000000,0.03977254
246.00000000,2224.00000000,0.03996223
246.00000000,2225.00000000,0.04036476
246.00000000,2226.00000000,0.04042291
246.00000000,2227.00000000,0.04036957
246.00000000,2228.00000000,0.04044378
246.00000000,2229.00000000,0.04054404
246.00000000,2230.00000000,0.04084992
246.00000000,2231.00000000,0.04113099
246.00000000,2232.00000000,0.04142668
246.00000000,2233.00000000,0.04170043
246.00000000,2234.00000000,0.04204722
246.00000000,2235.00000000,0.04230607
246.00000000,2236.00000000,0.04249312
246.00000000,2237.00000000,0.04271937
246.00000000,2238.00000000,0.04272784
246.00000000,2239.00000000,0.04286687
246.00000000,2240.00000000,0.04312587
246.00000000,2241.00000000,0.04339960
246.00000000,2242.00000000,0.04368385
246.00000000,2243.00000000,0.04393933
246.00000000,2244.00000000,0.04404722
246.00000000,2245.00000000,0.04416943
246.00000000,2246.00000000,0.04449190
246.00000000,2247.00000000,0.04481165
246.00000000,2248.00000000,0.04501804
246.00000000,2249.00000000,0.04553363
246.00000000,2250.00000000,0.04610561
246.00000000,2251.00000000,0.04658633
246.00000000,2252.00000000,0.04695069
246.00000000,2253.00000000,0.04731628
246.00000000,2254.00000000,0.04768302
246.00000000,2255.00000000,0.04805051
246.00000000,2256.00000000,0.04841876
246.00000000,2257.00000000,0.04886499
246.00000000,2258.00000000,0.04931234
246.00000000,2259.00000000,0.04976084
246.00000000,2260.00000000,0.05021044
246.00000000,2261.00000000,0.05066112
246.00000000,2262.00000000,0.05111294
246.00000000,2263.00000000,0.05156590
246.00000000,2264.00000000,0.05201997
246.00000000,2265.00000000,0.05247520
246.00000000,2266.00000000,0.05293154
246.00000000,2267.00000000,0.05335407
246.00000000,2268.00000000,0.05377758
246.00000000,2269.00000000,0.05420200
246.00000000,2270.00000000,0.05462742
246.00000000,2271.00000000,0.05505381
246.00000000,2272.00000000,0.05548115
246.00000000,2273.00000000,0.05590953
246.00000000,2274.00000000,0.05633893
246.00000000,2275.00000000,0.05676935
246.00000000,2276.00000000,0.05720090
246.00000000,2277.00000000,0.05770753
246.00000000,2278.00000000,0.05821553
246.00000000,2279.00000000,0.05872495
246.00000000,2280.00000000,0.05923574
246.00000000,2281.00000000,0.05974784
246.00000000,2282.00000000,0.06026129
246.00000000,2283.00000000,0.06077601
246.00000000,2284.00000000,0.06129206
246.00000000,2285.00000000,0.06180936
246.00000000,2286.00000000,0.06232789
246.00000000,2287.00000000,0.06290253
246.00000000,2288.00000000,0.06347858
246.00000000,2289.00000000,0.06405595
246.00000000,2290.00000000,0.06463468
246.00000000,2291.00000000,0.06521468
246.00000000,2292.00000000,0.06579586
246.00000000,2293.00000000,0.06637826
246.00000000,2294.00000000,0.06696173
246.00000000,2295.00000000,0.06754634
246.00000000,2296.00000000,0.06813195
246.00000000,2297.00000000,0.06871535
246.00000000,2298.00000000,0.06929971
246.00000000,2299.00000000,0.06988492
246.00000000,2300.00000000,0.07047088
246.00000000,2301.00000000,0.07105764
246.00000000,2302.00000000,0.07164506
246.00000000,2303.00000000,0.07223305
246.00000000,2304.00000000,0.07282163
246.00000000,2305.00000000,0.07341065
246.00000000,2306.00000000,0.07400001
246.00000000,2307.00000000,0.07446629
246.00000000,2308.00000000,0.07493236
246.00000000,2309.00000000,0.07539831
246.00000000,2310.00000000,0.07586407
246.00000000,2311.00000000,0.07632951
246.00000000,2312.00000000,0.07679477
246.00000000,2313.00000000,0.07725971
246.00000000,2314.00000000,0.07772425
246.00000000,2315.00000000,0.07818846
246.00000000,2316.00000000,0.07865223
246.00000000,2317.00000000,0.07900281
246.00000000,2318.00000000,0.07935260
246.00000000,2319.00000000,0.07970147
246.00000000,2320.00000000,0.08004953
246.00000000,2321.00000000,0.08039671
246.00000000,2322.00000000,0.08074295
246.00000000,2323.00000000,0.08108835
246.00000000,2324.00000000,0.08143283
246.00000000,2325.00000000,0.08177632
246.00000000,2326.00000000,0.08211892
246.00000000,2327.00000000,0.08239700
246.00000000,2328.00000000,0.08267386
246.00000000,2329.00000000,0.08294960
246.00000000,2330.00000000,0.08322414
246.00000000,2331.00000000,0.08349758
246.00000000,2332.00000000,0.08376985
246.00000000,2333.00000000,0.08404087
246.00000000,2334.00000000,0.08431080
246.00000000,2335.00000000,0.08457954
246.00000000,2336.00000000,0.08484701
246.00000000,2337.00000000,0.08504725
246.00000000,2338.00000000,0.08524610
246.00000000,2339.00000000,0.08544352
246.00000000,2340.00000000,0.08563964
246.00000000,2341.00000000,0.08583441
246.00000000,2342.00000000,0.08602775
246.00000000,2343.00000000,0.08621981
246.00000000,2344.00000000,0.08641046
246.00000000,2345.00000000,0.08659983
246.00000000,2346.00000000,0.08678784
246.00000000,2347.00000000,0.08692334
246.00000000,2348.00000000,0.08705745
246.00000000,2349.00000000,0.08719012
246.00000000,2350.00000000,0.08732127
246.00000000,2351.00000000,0.08745106
246.00000000,2352.00000000,0.08757944
246.00000000,2353.00000000,0.08770632
246.00000000,2354.00000000,0.08783188
246.00000000,2355.00000000,0.08795597
246.00000000,2356.00000000,0.08807874
246.00000000,2357.00000000,0.08820013
246.00000000,2358.00000000,0.08832005
246.00000000,2359.00000000,0.08843869
246.00000000,2360.00000000,0.08855596
246.00000000,2361.00000000,0.08867177
246.00000000,2362.00000000,0.08878631
246.00000000,2363.00000000,0.08889949
246.00000000,2364.00000000,0.08901122
246.00000000,2365.00000000,0.08912169
246.00000000,2366.00000000,0.08923081
246.00000000,2367.00000000,0.08933848
246.00000000,2368.00000000,0.08944489
246.00000000,2369.00000000,0.08954986
246.00000000,2370.00000000,0.08965358
246.00000000,2371.00000000,0.08975595
246.00000000,2372.00000000,0.08985689
246.00000000,2373.00000000,0.08995657
246.00000000,2374.00000000,0.09005491
246.00000000,2375.00000000,0.09015179
246.00000000,2376.00000000,0.09024743
246.00000000,2377.00000000,0.09034172
246.00000000,2378.00000000,0.09043456
246.00000000,2379.00000000,0.09052615
246.00000000,2380.00000000,0.09061627
246.00000000,2381.00000000,0.09070513
246.00000000,2382.00000000,0.09079264
246.00000000,2383.00000000,0.09087869
246.00000000,2384.00000000,0.09096346
246.00000000,2385.00000000,0.09104686
246.00000000,2386.00000000,0.09112877
246.00000000,2387.00000000,0.09120939
246.00000000,2388.00000000,0.09128864
246.00000000,2389.00000000,0.09136637
246.00000000,2390.00000000,0.09144279
246.00000000,2391.00000000,0.09151772
246.00000000,2392.00000000,0.09159129
246.00000000,2393.00000000,0.09166342
246.00000000,2394.00000000,0.09173400
246.00000000,2395.00000000,0.09180316
246.00000000,2396.00000000,0.09187075
246.00000000,2397.00000000,0.09158158
246.00000000,2398.00000000,0.09129053
246.00000000,2399.00000000,0.09099756
246.00000000,2400.00000000,0.09070265
246.00000000,2401.00000000,0.09040598
246.00000000,2402.00000000,0.09010753
246.00000000,2403.00000000,0.08980722
246.00000000,2404.00000000,0.08950529
246.00000000,2405.00000000,0.08920157
246.00000000,2406.00000000,0.08889630
246.00000000,2407.00000000,0.08858940
246.00000000,2408.00000000,0.08828084
246.00000000,2409.00000000,0.08797079
246.00000000,2410.00000000,0.08765924
246.00000000,2411.00000000,0.08734609
246.00000000,2412.00000000,0.08703158
246.00000000,2413.00000000,0.08671563
246.00000000,2414.00000000,0.08639820
246.00000000,2415.00000000,0.08607947
246.00000000,2416.00000000,0.08575931
246.00000000,2417.00000000,0.08543791
246.00000000,2418.00000000,0.08511522
246.00000000,2419.00000000,0.08479118
246.00000000,2420.00000000,0.08446599
246.00000000,2421.00000000,0.08413957
246.00000000,2422.00000000,0.08381189
246.00000000,2423.00000000,0.08348313
246.00000000,2424.00000000,0.08315321
246.00000000,2425.00000000,0.08282211
246.00000000,2426.00000000,0.08248999
246.00000000,2427.00000000,0.08215681
246.00000000,2428.00000000,0.08182249
246.00000000,2429.00000000,0.08148722
246.00000000,2430.00000000,0.08115088
246.00000000,2431.00000000,0.08081364
246.00000000,2432.00000000,0.08047544
246.00000000,2433.00000000,0.08013621
246.00000000,2434.00000000,0.07979615
246.00000000,2435.00000000,0.07945518
246.00000000,2436.00000000,0.07911328
246.00000000,2437.00000000,0.07877057
246.00000000,2438.00000000,0.07842704
246.00000000,2439.00000000,0.07808260
246.00000000,2440.00000000,0.07773745
246.00000000,2441.00000000,0.07739145
246.00000000,2442.00000000,0.07704473
246.00000000,2443.00000000,0.07669729
246.00000000,2444.00000000,0.07634905
246.00000000,2445.00000000,0.07600017
246.00000000,2446.00000000,0.07565058
246.00000000,2447.00000000,0.07530026
246.00000000,2448.00000000,0.07494935
246.00000000,2449.00000000,0.07459781
246.00000000,2450.00000000,0.07424554
246.00000000,2451.00000000,0.07389276
246.00000000,2452.00000000,0.07353938
246.00000000,2453.00000000,0.07318534
246.00000000,2454.00000000,0.07283082
246.00000000,2455.00000000,0.07247567
246.00000000,2456.00000000,0.07212005
246.00000000,2457.00000000,0.07176392
246.00000000,2458.00000000,0.07140720
246.00000000,2459.00000000,0.07105007
246.00000000,2460.00000000,0.07069249
246.00000000,2461.00000000,0.07033434
246.00000000,2462.00000000,0.06997584
246.00000000,2463.00000000,0.06961690
246.00000000,2464.00000000,0.06925745
246.00000000,2465.00000000,0.06889769
246.00000000,2466.00000000,0.06853745
246.00000000,2467.00000000,0.06817691
246.00000000,2468.00000000,0.06781601
246.00000000,2469.00000000,0.06745467
246.00000000,2470.00000000,0.06709309
246.00000000,2471.00000000,0.06673117
246.00000000,2472.00000000,0.06636885
246.00000000,2473.00000000,0.06600632
246.00000000,2474.00000000,0.06564351
246.00000000,2475.00000000,0.06528032
246.00000000,2476.00000000,0.06491697
246.00000000,2477.00000000,0.06455328
246.00000000,2478.00000000,0.06418942
246.00000000,2479.00000000,0.06382535
246.00000000,2480.00000000,0.06346097
246.00000000,2481.00000000,0.06309648
246.00000000,2482.00000000,0.06273178
246.00000000,2483.00000000,0.06236684
246.00000000,2484.00000000,0.06200179
246.00000000,2485.00000000,0.06163660
246.00000000,2486.00000000,0.06127118
246.00000000,2487.00000000,0.06090570
246.00000000,2488.00000000,0.06054011
246.00000000,2489.00000000,0.06017432
246.00000000,2490.00000000,0.05980851
246.00000000,2491.00000000,0.05944255
246.00000000,2492.00000000,0.05907660
246.00000000,2493.00000000,0.05871061
246.00000000,2494.00000000,0.05834454
246.00000000,2495.00000000,0.05805515
246.00000000,2496.00000000,0.05799121
246.00000000,2497.00000000,0.05798888
246.00000000,2498.00000000,0.05798674
246.00000000,2499.00000000,0.05798469
246.00000000,2500.00000000,0.05798264
247.00000000,1765.00000000,0.03550358
247.00000000,1766.00000000,0.03550359
247.00000000,1767.00000000,0.03550358
247.00000000,1768.00000000,0.03550379
247.00000000,1769.00000000,0.03550373
247.00000000,1770.00000000,0.03550392
247.00000000,1771.00000000,0.03550412
247.00000000,1772.00000000,0.03550450
247.00000000,1773.00000000,0.03550490
247.00000000,1774.00000000,0.03550535
247.00000000,1775.00000000,0.03550584
247.00000000,1776.00000000,0.03550648
247.00000000,1777.00000000,0.03550712
247.00000000,1778.00000000,0.03550788
247.00000000,1779.00000000,0.03550881
247.00000000,1780.00000000,0.03550962
247.00000000,1781.00000000,0.03551039
247.00000000,1782.00000000,0.03551146
247.00000000,1783.00000000,0.03551251
247.00000000,1784.00000000,0.03551368
247.00000000,1785.00000000,0.03551469
247.00000000,1786.00000000,0.03551581
247.00000000,1787.00000000,0.03551713
247.00000000,1788.00000000,0.03551823
247.00000000,1789.00000000,0.03551971
247.00000000,1790.00000000,0.03552087
247.00000000,1791.00000000,0.03552229
247.00000000,1792.00000000,0.03552386
247.00000000,1793.00000000,0.03552518
247.00000000,1794.00000000,0.03552669
247.00000000,1795.00000000,0.03552822
247.00000000,1796.00000000,0.03552979
247.00000000,1797.00000000,0.03553130
247.00000000,1798.00000000,0.03553296
247.00000000,1799.00000000,0.03553453
247.00000000,1800.00000000,0.03553618
247.00000000,1801.00000000,0.03553789
247.00000000,1802.00000000,0.03553958
247.00000000,1803.00000000,0.03554127
247.00000000,1804.00000000,0.03554304
247.00000000,1805.00000000,0.03554464
247.00000000,1806.00000000,0.03554634
247.00000000,1807.00000000,0.03554817
247.00000000,1808.00000000,0.03554991
247.00000000,1809.00000000,0.03555159
247.00000000,1810.00000000,0.03555348
247.00000000,1811.00000000,0.03555521
247.00000000,1812.00000000,0.03555705
247.00000000,1813.00000000,0.03555888
247.00000000,1814.00000000,0.03556067
247.00000000,1815.00000000,0.03556253
247.00000000,1816.00000000,0.03556436
247.00000000,1817.00000000,0.03556626
247.00000000,1818.00000000,0.03556811
247.00000000,1819.00000000,0.03556983
247.00000000,1820.00000000,0.03557177
247.00000000,1821.00000000,0.03557360
247.00000000,1822.00000000,0.03557543
247.00000000,1823.00000000,0.03557722
247.00000000,1824.00000000,0.03557903
247.00000000,1825.00000000,0.03558096
247.00000000,1826.00000000,0.03558276
247.00000000,1827.00000000,0.03558462
247.00000000,1828.00000000,0.03558641
247.00000000,1829.00000000,0.03558832
247.00000000,1830.00000000,0.03559013
247.00000000,1831.00000000,0.03559189
247.00000000,1832.00000000,0.03559373
247.00000000,1833.00000000,0.03559548
247.00000000,1834.00000000,0.03559734
247.00000000,1835.00000000,0.03559910
247.00000000,1836.00000000,0.03560082
247.00000000,1837.00000000,0.03560265
247.00000000,1838.00000000,0.03560432
247.00000000,1839.00000000,0.03560611
247.00000000,1840.00000000,0.03560785
247.00000000,1841.00000000,0.03560956
247.00000000,1842.00000000,0.03561124
247.00000000,1843.00000000,0.03561287
247.00000000,1844.00000000,0.03561453
247.00000000,1845.00000000,0.03561618
247.00000000,1846.00000000,0.03561782
247.00000000,1847.00000000,0.03561953
247.00000000,1848.00000000,0.03562110
247.00000000,1849.00000000,0.03562264
247.00000000,1850.00000000,0.03562421
247.00000000,1851.00000000,0.03562579
247.00000000,1852.00000000,0.03562724
247.00000000,1853.00000000,0.03562897
247.00000000,1854.00000000,0.03563063
247.00000000,1855.00000000,0.03563235
247.00000000,1856.00000000,0.03563405
247.00000000,1857.00000000,0.03563567
247.00000000,1858.00000000,0.03563720
247.00000000,1859.00000000,0.03563871
247.00000000,1860.00000000,0.03564021
247.00000000,1861.00000000,0.03564171
247.00000000,1862.00000000,0.03564308
247.00000000,1863.00000000,0.03564414
247.00000000,1864.00000000,0.03564493
247.00000000,1865.00000000,0.03564556
247.00000000,1866.00000000,0.03564598
247.00000000,1867.00000000,0.03564635
247.00000000,1868.00000000,0.03564639
247.00000000,1869.00000000,0.03564643
247.00000000,1870.00000000,0.03564636
247.00000000,1871.00000000,0.03564621
247.00000000,1872.00000000,0.03564607
247.00000000,1873.00000000,0.03564624
247.00000000,1874.00000000,0.03564672
247.00000000,1875.00000000,0.03564730
247.00000000,1876.00000000,0.03564803
247.00000000,1877.00000000,0.03564881
247.00000000,1878.00000000,0.03564972
247.00000000,1879.00000000,0.03565061
247.00000000,1880.00000000,0.03565158
247.00000000,1881.00000000,0.03565258
247.00000000,1882.00000000,0.03565348
247.00000000,1883.00000000,0.03565427
247.00000000,1884.00000000,0.03565487
247.00000000,1885.00000000,0.03565521
247.00000000,1886.00000000,0.03565558
247.00000000,1887.00000000,0.03565583
247.00000000,1888.00000000,0.03565593
247.00000000,1889.00000000,0.03565599
247.00000000,1890.00000000,0.03565592
247.00000000,1891.00000000,0.03565553
247.00000000,1892.00000000,0.03565507
247.00000000,1893.00000000,0.03565455
247.00000000,1894.00000000,0.03565401
247.00000000,1895.00000000,0.03565351
247.00000000,1896.00000000,0.03565306
247.00000000,1897.00000000,0.03565250
247.00000000,1898.00000000,0.03565197
247.00000000,1899.00000000,0.03565119
247.00000000,1900.00000000,0.03565031
247.00000000,1901.00000000,0.03564934
247.00000000,1902.00000000,0.03564850
247.00000000,1903.00000000,0.03564755
247.00000000,1904.00000000,0.03564672
247.00000000,1905.00000000,0.03564595
247.00000000,1906.00000000,0.03564528
247.00000000,1907.00000000,0.03564469
247.00000000,1908.00000000,0.03564408
247.00000000,1909.00000000,0.03564330
247.00000000,1910.00000000,0.03564264
247.00000000,1911.00000000,0.03564187
247.00000000,1912.00000000,0.03564078
247.00000000,1913.00000000,0.03563926
247.00000000,1914.00000000,0.03563730
247.00000000,1915.00000000,0.03563514
247.00000000,1916.00000000,0.03563289
247.00000000,1917.00000000,0.03563060
247.00000000,1918.00000000,0.03562819
247.00000000,1919.00000000,0.03562585
247.00000000,1920.00000000,0.03562371
247.00000000,1921.00000000,0.03562190
247.00000000,1922.00000000,0.03562048
247.00000000,1923.00000000,0.03561938
247.00000000,1924.00000000,0.03561827
247.00000000,1925.00000000,0.03561712
247.00000000,1926.00000000,0.03561595
247.00000000,1927.00000000,0.03561471
247.00000000,1928.00000000,0.03561350
247.00000000,1929.00000000,0.03561225
247.00000000,1930.00000000,0.03561112
247.00000000,1931.00000000,0.03561040
247.00000000,1932.00000000,0.03561028
247.00000000,1933.00000000,0.03561048
247.00000000,1934.00000000,0.03561096
247.00000000,1935.00000000,0.03561136
247.00000000,1936.00000000,0.03561149
247.00000000,1937.00000000,0.03561118
247.00000000,1938.00000000,0.03561025
247.00000000,1939.00000000,0.03560889
247.00000000,1940.00000000,0.03560717
247.00000000,1941.00000000,0.03560499
247.00000000,1942.00000000,0.03560229
247.00000000,1943.00000000,0.03559926
247.00000000,1944.00000000,0.03559596
247.00000000,1945.00000000,0.03559261
247.00000000,1946.00000000,0.03558969
247.00000000,1947.00000000,0.03558751
247.00000000,1948.00000000,0.03558576
247.00000000,1949.00000000,0.03558396
247.00000000,1950.00000000,0.03558208
247.00000000,1951.00000000,0.03558020
247.00000000,1952.00000000,0.03557851
247.00000000,1953.00000000,0.03557697
247.00000000,1954.00000000,0.03557542
247.00000000,1955.00000000,0.03557397
247.00000000,1956.00000000,0.03557243
247.00000000,1957.00000000,0.03557084
247.00000000,1958.00000000,0.03556897
247.00000000,1959.00000000,0.03556681
247.00000000,1960.00000000,0.03556380
247.00000000,1961.00000000,0.03555989
247.00000000,1962.00000000,0.03555558
247.00000000,1963.00000000,0.03555082
247.00000000,1964.00000000,0.03554555
247.00000000,1965.00000000,0.03553958
247.00000000,1966.00000000,0.03553295
247.00000000,1967.00000000,0.03552570
247.00000000,1968.00000000,0.03551770
247.00000000,1969.00000000,0.03550869
247.00000000,1970.00000000,0.03549848
247.00000000,1971.00000000,0.03548671
247.00000000,1972.00000000,0.03547296
247.00000000,1973.00000000,0.03545754
247.00000000,1974.00000000,0.03544070
247.00000000,1975.00000000,0.03542304
247.00000000,1976.00000000,0.03540509
247.00000000,1977.00000000,0.03538720
247.00000000,1978.00000000,0.03536918
247.00000000,1979.00000000,0.03535097
247.00000000,1980.00000000,0.03533241
247.00000000,1981.00000000,0.03531371
247.00000000,1982.00000000,0.03529591
247.00000000,1983.00000000,0.03528002
247.00000000,1984.00000000,0.03526595
247.00000000,1985.00000000,0.03525335
247.00000000,1986.00000000,0.03524154
247.00000000,1987.00000000,0.03523008
247.00000000,1988.00000000,0.03521867
247.00000000,1989.00000000,0.03520708
247.00000000,1990.00000000,0.03519522
247.00000000,1991.00000000,0.03518320
247.00000000,1992.00000000,0.03517136
247.00000000,1993.00000000,0.03515977
247.00000000,1994.00000000,0.03514863
247.00000000,1995.00000000,0.03513786
247.00000000,1996.00000000,0.03512712
247.00000000,1997.00000000,0.03511612
247.00000000,1998.00000000,0.03510475
247.00000000,1999.00000000,0.03509329
247.00000000,2000.00000000,0.03508186
247.00000000,2001.00000000,0.03507029
247.00000000,2002.00000000,0.03505845
247.00000000,2003.00000000,0.03504661
247.00000000,2004.00000000,0.03503423
247.00000000,2005.00000000,0.03502060
247.00000000,2006.00000000,0.03500516
247.00000000,2007.00000000,0.03498787
247.00000000,2008.00000000,0.03496897
247.00000000,2009.00000000,0.03494859
247.00000000,2010.00000000,0.03492689
247.00000000,2011.00000000,0.03490399
247.00000000,2012.00000000,0.03487991
247.00000000,2013.00000000,0.03485779
247.00000000,2014.00000000,0.03483127
247.00000000,2015.00000000,0.03480347
247.00000000,2016.00000000,0.03477456
247.00000000,2017.00000000,0.03474451
247.00000000,2018.00000000,0.03471441
247.00000000,2019.00000000,0.03468226
247.00000000,2020.00000000,0.03464914
247.00000000,2021.00000000,0.03461510
247.00000000,2022.00000000,0.03458029
247.00000000,2023.00000000,0.03454480
247.00000000,2024.00000000,0.03450869
247.00000000,2025.00000000,0.03447210
247.00000000,2026.00000000,0.03443504
247.00000000,2027.00000000,0.03439758
247.00000000,2028.00000000,0.03436082
247.00000000,2029.00000000,0.03432264
247.00000000,2030.00000000,0.03428416
247.00000000,2031.00000000,0.03424537
247.00000000,2032.00000000,0.03420618
247.00000000,2033.00000000,0.03416651
247.00000000,2034.00000000,0.03412632
247.00000000,2035.00000000,0.03408548
247.00000000,2036.00000000,0.03404406
247.00000000,2037.00000000,0.03400201
247.00000000,2038.00000000,0.03396043
247.00000000,2039.00000000,0.03391723
247.00000000,2040.00000000,0.03387346
247.00000000,2041.00000000,0.03382918
247.00000000,2042.00000000,0.03378425
247.00000000,2043.00000000,0.03373862
247.00000000,2044.00000000,0.03369332
247.00000000,2045.00000000,0.03364620
247.00000000,2046.00000000,0.03359829
247.00000000,2047.00000000,0.03355072
247.00000000,2048.00000000,0.03350139
247.00000000,2049.00000000,0.03345342
247.00000000,2050.00000000,0.03340173
247.00000000,2051.00000000,0.03335042
247.00000000,2052.00000000,0.03329858
247.00000000,2053.00000000,0.03324723
247.00000000,2054.00000000,0.03319431
247.00000000,2055.00000000,0.03314097
247.00000000,2056.00000000,0.03308718
247.00000000,2057.00000000,0.03303295
247.00000000,2058.00000000,0.03297940
247.00000000,2059.00000000,0.03292446
247.00000000,2060.00000000,0.03286916
247.00000000,2061.00000000,0.03281363
247.00000000,2062.00000000,0.03275904
247.00000000,2063.00000000,0.03270470
247.00000000,2064.00000000,0.03265070
247.00000000,2065.00000000,0.03259612
247.00000000,2066.00000000,0.03254207
247.00000000,2067.00000000,0.03248853
247.00000000,2068.00000000,0.03243548
247.00000000,2069.00000000,0.03238395
247.00000000,2070.00000000,0.03233291
247.00000000,2071.00000000,0.03228134
247.00000000,2072.00000000,0.03223147
247.00000000,2073.00000000,0.03218144
247.00000000,2074.00000000,0.03213329
247.00000000,2075.00000000,0.03208513
247.00000000,2076.00000000,0.03203789
247.00000000,2077.00000000,0.03199755
247.00000000,2078.00000000,0.03195121
247.00000000,2079.00000000,0.03190667
247.00000000,2080.00000000,0.03186398
247.00000000,2081.00000000,0.03182110
247.00000000,2082.00000000,0.03178001
247.00000000,2083.00000000,0.03174282
247.00000000,2084.00000000,0.03170264
247.00000000,2085.00000000,0.03166432
247.00000000,2086.00000000,0.03162694
247.00000000,2087.00000000,0.03159135
247.00000000,2088.00000000,0.03155565
247.00000000,2089.00000000,0.03152172
247.00000000,2090.00000000,0.03148753
247.00000000,2091.00000000,0.03145509
247.00000000,2092.00000000,0.03142537
247.00000000,2093.00000000,0.03139263
247.00000000,2094.00000000,0.03136369
247.00000000,2095.00000000,0.03133374
247.00000000,2096.00000000,0.03130656
247.00000000,2097.00000000,0.03128123
247.00000000,2098.00000000,0.03125284
247.00000000,2099.00000000,0.03122816
247.00000000,2100.00000000,0.03120328
247.00000000,2101.00000000,0.03118674
247.00000000,2102.00000000,0.03116335
247.00000000,2103.00000000,0.03114367
247.00000000,2104.00000000,0.03112101
247.00000000,2105.00000000,0.03109924
247.00000000,2106.00000000,0.03108214
247.00000000,2107.00000000,0.03106868
247.00000000,2108.00000000,0.03105221
247.00000000,2109.00000000,0.03103457
247.00000000,2110.00000000,0.03102241
247.00000000,2111.00000000,0.03101196
247.00000000,2112.00000000,0.03100126
247.00000000,2113.00000000,0.03098749
247.00000000,2114.00000000,0.03097938
247.00000000,2115.00000000,0.03096886
247.00000000,2116.00000000,0.03096095
247.00000000,2117.00000000,0.03095180
247.00000000,2118.00000000,0.03094708
247.00000000,2119.00000000,0.03095062
247.00000000,2120.00000000,0.03094905
247.00000000,2121.00000000,0.03092808
247.00000000,2122.00000000,0.03093035
247.00000000,2123.00000000,0.03092268
247.00000000,2124.00000000,0.03091551
247.00000000,2125.00000000,0.03090735
247.00000000,2126.00000000,0.03091145
247.00000000,2127.00000000,0.03092737
247.00000000,2128.00000000,0.03092578
247.00000000,2129.00000000,0.03093025
247.00000000,2130.00000000,0.03093798
247.00000000,2131.00000000,0.03093388
247.00000000,2132.00000000,0.03092925
247.00000000,2133.00000000,0.03092696
247.00000000,2134.00000000,0.03093454
247.00000000,2135.00000000,0.03095947
247.00000000,2136.00000000,0.03095474
247.00000000,2137.00000000,0.03097771
247.00000000,2138.00000000,0.03098891
247.00000000,2139.00000000,0.03098736
247.00000000,2140.00000000,0.03098060
247.00000000,2141.00000000,0.03099030
247.00000000,2142.00000000,0.03100985
247.00000000,2143.00000000,0.03102045
247.00000000,2144.00000000,0.03103906
247.00000000,2145.00000000,0.03106190
247.00000000,2146.00000000,0.03110116
247.00000000,2147.00000000,0.03112685
247.00000000,2148.00000000,0.03114454
247.00000000,2149.00000000,0.03115897
247.00000000,2150.00000000,0.03120858
247.00000000,2151.00000000,0.03121749
247.00000000,2152.00000000,0.03125750
247.00000000,2153.00000000,0.03130368
247.00000000,2154.00000000,0.03138243
247.00000000,2155.00000000,0.03135881
247.00000000,2156.00000000,0.03140159
247.00000000,2157.00000000,0.03144510
247.00000000,2158.00000000,0.03147429
247.00000000,2159.00000000,0.03152947
247.00000000,2160.00000000,0.03160589
247.00000000,2161.00000000,0.03153645
247.00000000,2162.00000000,0.03154446
247.00000000,2163.00000000,0.03162450
247.00000000,2164.00000000,0.03169759
247.00000000,2165.00000000,0.03170343
247.00000000,2166.00000000,0.03160616
247.00000000,2167.00000000,0.03175119
247.00000000,2168.00000000,0.03165746
247.00000000,2169.00000000,0.03172621
247.00000000,2170.00000000,0.03187474
247.00000000,2171.00000000,0.03190010
247.00000000,2172.00000000,0.03194473
247.00000000,2173.00000000,0.03198683
247.00000000,2174.00000000,0.03209743
247.00000000,2175.00000000,0.03213734
247.00000000,2176.00000000,0.03225136
247.00000000,2177.00000000,0.03220333
247.00000000,2178.00000000,0.03213615
247.00000000,2179.00000000,0.03208879
247.00000000,2180.00000000,0.03217479
247.00000000,2181.00000000,0.03229462
247.00000000,2182.00000000,0.03239114
247.00000000,2183.00000000,0.03253591
247.00000000,2184.00000000,0.03265919
247.00000000,2185.00000000,0.03264413
247.00000000,2186.00000000,0.03274231
247.00000000,2187.00000000,0.03289656
247.00000000,2188.00000000,0.03298319
247.00000000,2189.00000000,0.03304518
247.00000000,2190.00000000,0.03314792
247.00000000,2191.00000000,0.03319708
247.00000000,2192.00000000,0.03303985
247.00000000,2193.00000000,0.03317470
247.00000000,2194.00000000,0.03338506
247.00000000,2195.00000000,0.03352276
247.00000000,2196.00000000,0.03353887
247.00000000,2197.00000000,0.03381049
247.00000000,2198.00000000,0.03401327
247.00000000,2199.00000000,0.03411066
247.00000000,2200.00000000,0.03422618
247.00000000,2201.00000000,0.03432273
247.00000000,2202.00000000,0.03457187
247.00000000,2203.00000000,0.03478084
247.00000000,2204.00000000,0.03494932
247.00000000,2205.00000000,0.03508791
247.00000000,2206.00000000,0.03529905
247.00000000,2207.00000000,0.03549514
247.00000000,2208.00000000,0.03559604
247.00000000,2209.00000000,0.03578669
247.00000000,2210.00000000,0.03602094
247.00000000,2211.00000000,0.03626916
247.00000000,2212.00000000,0.03649649
247.00000000,2213.00000000,0.03674875
247.00000000,2214.00000000,0.03694902
247.00000000,2215.00000000,0.03722219
247.00000000,2216.00000000,0.03753258
247.00000000,2217.00000000,0.03790949
247.00000000,2218.00000000,0.03816683
247.00000000,2219.00000000,0.03843919
247.00000000,2220.00000000,0.03878221
247.00000000,2221.00000000,0.03889745
247.00000000,2222.00000000,0.03897546
247.00000000,2223.00000000,0.03935658
247.00000000,2224.00000000,0.03961582
247.00000000,2225.00000000,0.03980540
247.00000000,2226.00000000,0.04020699
247.00000000,2227.00000000,0.04026555
247.00000000,2228.00000000,0.04021306
247.00000000,2229.00000000,0.04028761
247.00000000,2230.00000000,0.04038813
247.00000000,2231.00000000,0.04069346
247.00000000,2232.00000000,0.04097410
247.00000000,2233.00000000,0.04126929
247.00000000,2234.00000000,0.04154264
247.00000000,2235.00000000,0.04188876
247.00000000,2236.00000000,0.04214729
247.00000000,2237.00000000,0.04233428
247.00000000,2238.00000000,0.04256033
247.00000000,2239.00000000,0.04256942
247.00000000,2240.00000000,0.04270857
247.00000000,2241.00000000,0.04296728
247.00000000,2242.00000000,0.04324064
247.00000000,2243.00000000,0.04352451
247.00000000,2244.00000000,0.04377971
247.00000000,2245.00000000,0.04388786
247.00000000,2246.00000000,0.04401028
247.00000000,2247.00000000,0.04433225
247.00000000,2248.00000000,0.04465151
247.00000000,2249.00000000,0.04485777
247.00000000,2250.00000000,0.04537184
247.00000000,2251.00000000,0.04594152
247.00000000,2252.00000000,0.04641972
247.00000000,2253.00000000,0.04678165
247.00000000,2254.00000000,0.04714465
247.00000000,2255.00000000,0.04750875
247.00000000,2256.00000000,0.04787358
247.00000000,2257.00000000,0.04823915
247.00000000,2258.00000000,0.04868241
247.00000000,2259.00000000,0.04912680
247.00000000,2260.00000000,0.04957235
247.00000000,2261.00000000,0.05001903
247.00000000,2262.00000000,0.05046684
247.00000000,2263.00000000,0.05091585
247.00000000,2264.00000000,0.05136603
247.00000000,2265.00000000,0.05181736
247.00000000,2266.00000000,0.05226986
247.00000000,2267.00000000,0.05272349
247.00000000,2268.00000000,0.05314346
247.00000000,2269.00000000,0.05356443
247.00000000,2270.00000000,0.05398633
247.00000000,2271.00000000,0.05440923
247.00000000,2272.00000000,0.05483313
247.00000000,2273.00000000,0.05525799
247.00000000,2274.00000000,0.05568390
247.00000000,2275.00000000,0.05611085
247.00000000,2276.00000000,0.05653883
247.00000000,2277.00000000,0.05696795
247.00000000,2278.00000000,0.05747186
247.00000000,2279.00000000,0.05797715
247.00000000,2280.00000000,0.05848388
247.00000000,2281.00000000,0.05899198
247.00000000,2282.00000000,0.05950138
247.00000000,2283.00000000,0.06001217
247.00000000,2284.00000000,0.06052421
247.00000000,2285.00000000,0.06103758
247.00000000,2286.00000000,0.06155223
247.00000000,2287.00000000,0.06206810
247.00000000,2288.00000000,0.06263986
247.00000000,2289.00000000,0.06321304
247.00000000,2290.00000000,0.06378753
247.00000000,2291.00000000,0.06436340
247.00000000,2292.00000000,0.06494053
247.00000000,2293.00000000,0.06551885
247.00000000,2294.00000000,0.06609840
247.00000000,2295.00000000,0.06667901
247.00000000,2296.00000000,0.06726076
247.00000000,2297.00000000,0.06784353
247.00000000,2298.00000000,0.06842410
247.00000000,2299.00000000,0.06900562
247.00000000,2300.00000000,0.06958802
247.00000000,2301.00000000,0.07017116
247.00000000,2302.00000000,0.07075508
247.00000000,2303.00000000,0.07133969
247.00000000,2304.00000000,0.07192485
247.00000000,2305.00000000,0.07251060
247.00000000,2306.00000000,0.07309682
247.00000000,2307.00000000,0.07368335
247.00000000,2308.00000000,0.07414735
247.00000000,2309.00000000,0.07461116
247.00000000,2310.00000000,0.07507483
247.00000000,2311.00000000,0.07553833
247.00000000,2312.00000000,0.07600154
247.00000000,2313.00000000,0.07646453
247.00000000,2314.00000000,0.07692724
247.00000000,2315.00000000,0.07738955
247.00000000,2316.00000000,0.07785153
247.00000000,2317.00000000,0.07831308
247.00000000,2318.00000000,0.07866194
247.00000000,2319.00000000,0.07901000
247.00000000,2320.00000000,0.07935717
247.00000000,2321.00000000,0.07970353
247.00000000,2322.00000000,0.08004903
247.00000000,2323.00000000,0.08039358
247.00000000,2324.00000000,0.08073731
247.00000000,2325.00000000,0.08108013
247.00000000,2326.00000000,0.08142197
247.00000000,2327.00000000,0.08176290
247.00000000,2328.00000000,0.08203962
247.00000000,2329.00000000,0.08231512
247.00000000,2330.00000000,0.08258954
247.00000000,2331.00000000,0.08286273
247.00000000,2332.00000000,0.08313482
247.00000000,2333.00000000,0.08340578
247.00000000,2334.00000000,0.08367550
247.00000000,2335.00000000,0.08394412
247.00000000,2336.00000000,0.08421155
247.00000000,2337.00000000,0.08447773
247.00000000,2338.00000000,0.08467698
247.00000000,2339.00000000,0.08487486
247.00000000,2340.00000000,0.08507130
247.00000000,2341.00000000,0.08526646
247.00000000,2342.00000000,0.08546025
247.00000000,2343.00000000,0.08565263
247.00000000,2344.00000000,0.08584376
247.00000000,2345.00000000,0.08603347
247.00000000,2346.00000000,0.08622191
247.00000000,2347.00000000,0.08640902
247.00000000,2348.00000000,0.08654383
247.00000000,2349.00000000,0.08667726
247.00000000,2350.00000000,0.08680926
247.00000000,2351.00000000,0.08693974
247.00000000,2352.00000000,0.08706889
247.00000000,2353.00000000,0.08719660
247.00000000,2354.00000000,0.08732287
247.00000000,2355.00000000,0.08744779
247.00000000,2356.00000000,0.08757127
247.00000000,2357.00000000,0.08769341
247.00000000,2358.00000000,0.08781420
247.00000000,2359.00000000,0.08793353
247.00000000,2360.00000000,0.08805157
247.00000000,2361.00000000,0.08816826
247.00000000,2362.00000000,0.08828351
247.00000000,2363.00000000,0.08839747
247.00000000,2364.00000000,0.08851008
247.00000000,2365.00000000,0.08862128
247.00000000,2366.00000000,0.08873119
247.00000000,2367.00000000,0.08883975
247.00000000,2368.00000000,0.08894690
247.00000000,2369.00000000,0.08905279
247.00000000,2370.00000000,0.08915724
247.00000000,2371.00000000,0.08926044
247.00000000,2372.00000000,0.08936230
247.00000000,2373.00000000,0.08946272
247.00000000,2374.00000000,0.08956191
247.00000000,2375.00000000,0.08965976
247.00000000,2376.00000000,0.08975617
247.00000000,2377.00000000,0.08985133
247.00000000,2378.00000000,0.08994515
247.00000000,2379.00000000,0.09003751
247.00000000,2380.00000000,0.09012864
247.00000000,2381.00000000,0.09021832
247.00000000,2382.00000000,0.09030674
247.00000000,2383.00000000,0.09039381
247.00000000,2384.00000000,0.09047941
247.00000000,2385.00000000,0.09056375
247.00000000,2386.00000000,0.09064674
247.00000000,2387.00000000,0.09072824
247.00000000,2388.00000000,0.09080846
247.00000000,2389.00000000,0.09088729
247.00000000,2390.00000000,0.09096464
247.00000000,2391.00000000,0.09104067
247.00000000,2392.00000000,0.09111522
247.00000000,2393.00000000,0.09118841
247.00000000,2394.00000000,0.09126017
247.00000000,2395.00000000,0.09133039
247.00000000,2396.00000000,0.09139919
247.00000000,2397.00000000,0.09146643
247.00000000,2398.00000000,0.09117848
247.00000000,2399.00000000,0.09088866
247.00000000,2400.00000000,0.09059693
247.00000000,2401.00000000,0.09030327
247.00000000,2402.00000000,0.09000786
247.00000000,2403.00000000,0.08971068
247.00000000,2404.00000000,0.08941165
247.00000000,2405.00000000,0.08911100
247.00000000,2406.00000000,0.08880858
247.00000000,2407.00000000,0.08850461
247.00000000,2408.00000000,0.08819901
247.00000000,2409.00000000,0.08789177
247.00000000,2410.00000000,0.08758305
247.00000000,2411.00000000,0.08727282
247.00000000,2412.00000000,0.08696102
247.00000000,2413.00000000,0.08664785
247.00000000,2414.00000000,0.08633324
247.00000000,2415.00000000,0.08601717
247.00000000,2416.00000000,0.08569981
247.00000000,2417.00000000,0.08538101
247.00000000,2418.00000000,0.08506099
247.00000000,2419.00000000,0.08473968
247.00000000,2420.00000000,0.08441703
247.00000000,2421.00000000,0.08409323
247.00000000,2422.00000000,0.08376821
247.00000000,2423.00000000,0.08344193
247.00000000,2424.00000000,0.08311458
247.00000000,2425.00000000,0.08278609
247.00000000,2426.00000000,0.08245640
247.00000000,2427.00000000,0.08212570
247.00000000,2428.00000000,0.08179395
247.00000000,2429.00000000,0.08146106
247.00000000,2430.00000000,0.08112724
247.00000000,2431.00000000,0.08079235
247.00000000,2432.00000000,0.08045654
247.00000000,2433.00000000,0.08011979
247.00000000,2434.00000000,0.07978202
247.00000000,2435.00000000,0.07944342
247.00000000,2436.00000000,0.07910393
247.00000000,2437.00000000,0.07876348
247.00000000,2438.00000000,0.07842226
247.00000000,2439.00000000,0.07808020
247.00000000,2440.00000000,0.07773725
247.00000000,2441.00000000,0.07739359
247.00000000,2442.00000000,0.07704906
247.00000000,2443.00000000,0.07670385
247.00000000,2444.00000000,0.07635791
247.00000000,2445.00000000,0.07601115
247.00000000,2446.00000000,0.07566378
247.00000000,2447.00000000,0.07531571
247.00000000,2448.00000000,0.07496689
247.00000000,2449.00000000,0.07461749
247.00000000,2450.00000000,0.07426746
247.00000000,2451.00000000,0.07391673
247.00000000,2452.00000000,0.07356546
247.00000000,2453.00000000,0.07321361
247.00000000,2454.00000000,0.07286108
247.00000000,2455.00000000,0.07250808
247.00000000,2456.00000000,0.07215446
247.00000000,2457.00000000,0.07180038
247.00000000,2458.00000000,0.07144579
247.00000000,2459.00000000,0.07109062
247.00000000,2460.00000000,0.07073503
247.00000000,2461.00000000,0.07037898
247.00000000,2462.00000000,0.07002238
247.00000000,2463.00000000,0.06966542
247.00000000,2464.00000000,0.06930803
247.00000000,2465.00000000,0.06895014
247.00000000,2466.00000000,0.06859193
247.00000000,2467.00000000,0.06823325
247.00000000,2468.00000000,0.06787428
247.00000000,2469.00000000,0.06751494
247.00000000,2470.00000000,0.06715517
247.00000000,2471.00000000,0.06679514
247.00000000,2472.00000000,0.06643480
247.00000000,2473.00000000,0.06607405
247.00000000,2474.00000000,0.06571308
247.00000000,2475.00000000,0.06535184
247.00000000,2476.00000000,0.06499024
247.00000000,2477.00000000,0.06462845
247.00000000,2478.00000000,0.06426633
247.00000000,2479.00000000,0.06390406
247.00000000,2480.00000000,0.06354157
247.00000000,2481.00000000,0.06317877
247.00000000,2482.00000000,0.06281585
247.00000000,2483.00000000,0.06245275
247.00000000,2484.00000000,0.06208939
247.00000000,2485.00000000,0.06172593
247.00000000,2486.00000000,0.06136233
247.00000000,2487.00000000,0.06099849
247.00000000,2488.00000000,0.06063461
247.00000000,2489.00000000,0.06027061
247.00000000,2490.00000000,0.05990641
247.00000000,2491.00000000,0.05954219
247.00000000,2492.00000000,0.05917782
247.00000000,2493.00000000,0.05881346
247.00000000,2494.00000000,0.05844908
247.00000000,2495.00000000,0.05808460
247.00000000,2496.00000000,0.05779645
247.00000000,2497.00000000,0.05773276
247.00000000,2498.00000000,0.05773041
247.00000000,2499.00000000,0.05772824
247.00000000,2500.00000000,0.05772616
248.00000000,1765.00000000,0.03530016
248.00000000,1766.00000000,0.03530026
248.00000000,1767.00000000,0.03530029
248.00000000,1768.00000000,0.03530033
248.00000000,1769.00000000,0.03530059
248.00000000,1770.00000000,0.03530059
248.00000000,1771.00000000,0.03530085
248.00000000,1772.00000000,0.03530112
248.00000000,1773.00000000,0.03530157
248.00000000,1774.00000000,0.03530203
248.00000000,1775.00000000,0.03530255
248.00000000,1776.00000000,0.03530310
248.00000000,1777.00000000,0.03530380
248.00000000,1778.00000000,0.03530451
248.00000000,1779.00000000,0.03530533
248.00000000,1780.00000000,0.03530631
248.00000000,1781.00000000,0.03530718
248.00000000,1782.00000000,0.03530800
248.00000000,1783.00000000,0.03530911
248.00000000,1784.00000000,0.03531021
248.00000000,1785.00000000,0.03531142
248.00000000,1786.00000000,0.03531247
248.00000000,1787.00000000,0.03531363
248.00000000,1788.00000000,0.03531498
248.00000000,1789.00000000,0.03531612
248.00000000,1790.00000000,0.03531763
248.00000000,1791.00000000,0.03531883
248.00000000,1792.00000000,0.03532028
248.00000000,1793.00000000,0.03532187
248.00000000,1794.00000000,0.03532321
248.00000000,1795.00000000,0.03532475
248.00000000,1796.00000000,0.03532629
248.00000000,1797.00000000,0.03532788
248.00000000,1798.00000000,0.03532941
248.00000000,1799.00000000,0.03533107
248.00000000,1800.00000000,0.03533266
248.00000000,1801.00000000,0.03533433
248.00000000,1802.00000000,0.03533604
248.00000000,1803.00000000,0.03533774
248.00000000,1804.00000000,0.03533942
248.00000000,1805.00000000,0.03534120
248.00000000,1806.00000000,0.03534281
248.00000000,1807.00000000,0.03534451
248.00000000,1808.00000000,0.03534635
248.00000000,1809.00000000,0.03534809
248.00000000,1810.00000000,0.03534977
248.00000000,1811.00000000,0.03535167
248.00000000,1812.00000000,0.03535339
248.00000000,1813.00000000,0.03535523
248.00000000,1814.00000000,0.03535706
248.00000000,1815.00000000,0.03535884
248.00000000,1816.00000000,0.03536070
248.00000000,1817.00000000,0.03536252
248.00000000,1818.00000000,0.03536441
248.00000000,1819.00000000,0.03536625
248.00000000,1820.00000000,0.03536796
248.00000000,1821.00000000,0.03536989
248.00000000,1822.00000000,0.03537171
248.00000000,1823.00000000,0.03537354
248.00000000,1824.00000000,0.03537531
248.00000000,1825.00000000,0.03537711
248.00000000,1826.00000000,0.03537903
248.00000000,1827.00000000,0.03538081
248.00000000,1828.00000000,0.03538266
248.00000000,1829.00000000,0.03538444
248.00000000,1830.00000000,0.03538633
248.00000000,1831.00000000,0.03538811
248.00000000,1832.00000000,0.03538985
248.00000000,1833.00000000,0.03539167
248.00000000,1834.00000000,0.03539340
248.00000000,1835.00000000,0.03539525
248.00000000,1836.00000000,0.03539700
248.00000000,1837.00000000,0.03539869
248.00000000,1838.00000000,0.03540049
248.00000000,1839.00000000,0.03540215
248.00000000,1840.00000000,0.03540391
248.00000000,1841.00000000,0.03540563
248.00000000,1842.00000000,0.03540732
248.00000000,1843.00000000,0.03540898
248.00000000,1844.00000000,0.03541058
248.00000000,1845.00000000,0.03541222
248.00000000,1846.00000000,0.03541385
248.00000000,1847.00000000,0.03541546
248.00000000,1848.00000000,0.03541713
248.00000000,1849.00000000,0.03541869
248.00000000,1850.00000000,0.03542020
248.00000000,1851.00000000,0.03542172
248.00000000,1852.00000000,0.03542327
248.00000000,1853.00000000,0.03542486
248.00000000,1854.00000000,0.03542665
248.00000000,1855.00000000,0.03542828
248.00000000,1856.00000000,0.03542993
248.00000000,1857.00000000,0.03543158
248.00000000,1858.00000000,0.03543315
248.00000000,1859.00000000,0.03543464
248.00000000,1860.00000000,0.03543611
248.00000000,1861.00000000,0.03543756
248.00000000,1862.00000000,0.03543896
248.00000000,1863.00000000,0.03544002
248.00000000,1864.00000000,0.03544082
248.00000000,1865.00000000,0.03544141
248.00000000,1866.00000000,0.03544187
248.00000000,1867.00000000,0.03544214
248.00000000,1868.00000000,0.03544237
248.00000000,1869.00000000,0.03544228
248.00000000,1870.00000000,0.03544220
248.00000000,1871.00000000,0.03544204
248.00000000,1872.00000000,0.03544195
248.00000000,1873.00000000,0.03544214
248.00000000,1874.00000000,0.03544254
248.00000000,1875.00000000,0.03544318
248.00000000,1876.00000000,0.03544388
248.00000000,1877.00000000,0.03544469
248.00000000,1878.00000000,0.03544553
248.00000000,1879.00000000,0.03544650
248.00000000,1880.00000000,0.03544740
248.00000000,1881.00000000,0.03544837
248.00000000,1882.00000000,0.03544936
248.00000000,1883.00000000,0.03545004
248.00000000,1884.00000000,0.03545063
248.00000000,1885.00000000,0.03545109
248.00000000,1886.00000000,0.03545135
248.00000000,1887.00000000,0.03545164
248.00000000,1888.00000000,0.03545179
248.00000000,1889.00000000,0.03545175
248.00000000,1890.00000000,0.03545167
248.00000000,1891.00000000,0.03545143
248.00000000,1892.00000000,0.03545088
248.00000000,1893.00000000,0.03545036
248.00000000,1894.00000000,0.03544983
248.00000000,1895.00000000,0.03544933
248.00000000,1896.00000000,0.03544884
248.00000000,1897.00000000,0.03544836
248.00000000,1898.00000000,0.03544774
248.00000000,1899.00000000,0.03544711
248.00000000,1900.00000000,0.03544618
248.00000000,1901.00000000,0.03544518
248.00000000,1902.00000000,0.03544427
248.00000000,1903.00000000,0.03544345
248.00000000,1904.00000000,0.03544257
248.00000000,1905.00000000,0.03544182
248.00000000,1906.00000000,0.03544116
248.00000000,1907.00000000,0.03544054
248.00000000,1908.00000000,0.03543991
248.00000000,1909.00000000,0.03543926
248.00000000,1910.00000000,0.03543849
248.00000000,1911.00000000,0.03543776
248.00000000,1912.00000000,0.03543669
248.00000000,1913.00000000,0.03543517
248.00000000,1914.00000000,0.03543320
248.00000000,1915.00000000,0.03543103
248.00000000,1916.00000000,0.03542884
248.00000000,1917.00000000,0.03542656
248.00000000,1918.00000000,0.03542420
248.00000000,1919.00000000,0.03542180
248.00000000,1920.00000000,0.03541971
248.00000000,1921.00000000,0.03541787
248.00000000,1922.00000000,0.03541649
248.00000000,1923.00000000,0.03541538
248.00000000,1924.00000000,0.03541433
248.00000000,1925.00000000,0.03541315
248.00000000,1926.00000000,0.03541194
248.00000000,1927.00000000,0.03541076
248.00000000,1928.00000000,0.03540957
248.00000000,1929.00000000,0.03540832
248.00000000,1930.00000000,0.03540714
248.00000000,1931.00000000,0.03540648
248.00000000,1932.00000000,0.03540635
248.00000000,1933.00000000,0.03540655
248.00000000,1934.00000000,0.03540699
248.00000000,1935.00000000,0.03540742
248.00000000,1936.00000000,0.03540756
248.00000000,1937.00000000,0.03540723
248.00000000,1938.00000000,0.03540632
248.00000000,1939.00000000,0.03540496
248.00000000,1940.00000000,0.03540326
248.00000000,1941.00000000,0.03540108
248.00000000,1942.00000000,0.03539839
248.00000000,1943.00000000,0.03539538
248.00000000,1944.00000000,0.03539210
248.00000000,1945.00000000,0.03538877
248.00000000,1946.00000000,0.03538588
248.00000000,1947.00000000,0.03538372
248.00000000,1948.00000000,0.03538192
248.00000000,1949.00000000,0.03538018
248.00000000,1950.00000000,0.03537832
248.00000000,1951.00000000,0.03537636
248.00000000,1952.00000000,0.03537480
248.00000000,1953.00000000,0.03537321
248.00000000,1954.00000000,0.03537165
248.00000000,1955.00000000,0.03537022
248.00000000,1956.00000000,0.03536877
248.00000000,1957.00000000,0.03536708
248.00000000,1958.00000000,0.03536526
248.00000000,1959.00000000,0.03536311
248.00000000,1960.00000000,0.03536008
248.00000000,1961.00000000,0.03535626
248.00000000,1962.00000000,0.03535194
248.00000000,1963.00000000,0.03534720
248.00000000,1964.00000000,0.03534195
248.00000000,1965.00000000,0.03533605
248.00000000,1966.00000000,0.03532943
248.00000000,1967.00000000,0.03532220
248.00000000,1968.00000000,0.03531426
248.00000000,1969.00000000,0.03530528
248.00000000,1970.00000000,0.03529516
248.00000000,1971.00000000,0.03528343
248.00000000,1972.00000000,0.03526978
248.00000000,1973.00000000,0.03525442
248.00000000,1974.00000000,0.03523769
248.00000000,1975.00000000,0.03522011
248.00000000,1976.00000000,0.03520228
248.00000000,1977.00000000,0.03518447
248.00000000,1978.00000000,0.03516656
248.00000000,1979.00000000,0.03514845
248.00000000,1980.00000000,0.03512998
248.00000000,1981.00000000,0.03511141
248.00000000,1982.00000000,0.03509368
248.00000000,1983.00000000,0.03507786
248.00000000,1984.00000000,0.03506392
248.00000000,1985.00000000,0.03505133
248.00000000,1986.00000000,0.03503959
248.00000000,1987.00000000,0.03502821
248.00000000,1988.00000000,0.03501683
248.00000000,1989.00000000,0.03500532
248.00000000,1990.00000000,0.03499349
248.00000000,1991.00000000,0.03498154
248.00000000,1992.00000000,0.03496977
248.00000000,1993.00000000,0.03495822
248.00000000,1994.00000000,0.03494714
248.00000000,1995.00000000,0.03493641
248.00000000,1996.00000000,0.03492573
248.00000000,1997.00000000,0.03491477
248.00000000,1998.00000000,0.03490345
248.00000000,1999.00000000,0.03489202
248.00000000,2000.00000000,0.03488065
248.00000000,2001.00000000,0.03486912
248.00000000,2002.00000000,0.03485734
248.00000000,2003.00000000,0.03484554
248.00000000,2004.00000000,0.03483320
248.00000000,2005.00000000,0.03481962
248.00000000,2006.00000000,0.03480423
248.00000000,2007.00000000,0.03478702
248.00000000,2008.00000000,0.03476818
248.00000000,2009.00000000,0.03474788
248.00000000,2010.00000000,0.03472627
248.00000000,2011.00000000,0.03470344
248.00000000,2012.00000000,0.03467945
248.00000000,2013.00000000,0.03465425
248.00000000,2014.00000000,0.03463098
248.00000000,2015.00000000,0.03460336
248.00000000,2016.00000000,0.03457449
248.00000000,2017.00000000,0.03454457
248.00000000,2018.00000000,0.03451357
248.00000000,2019.00000000,0.03448258
248.00000000,2020.00000000,0.03444961
248.00000000,2021.00000000,0.03441575
248.00000000,2022.00000000,0.03438106
248.00000000,2023.00000000,0.03434573
248.00000000,2024.00000000,0.03430981
248.00000000,2025.00000000,0.03427336
248.00000000,2026.00000000,0.03423649
248.00000000,2027.00000000,0.03419920
248.00000000,2028.00000000,0.03416155
248.00000000,2029.00000000,0.03412461
248.00000000,2030.00000000,0.03408631
248.00000000,2031.00000000,0.03404770
248.00000000,2032.00000000,0.03400873
248.00000000,2033.00000000,0.03396925
248.00000000,2034.00000000,0.03392922
248.00000000,2035.00000000,0.03388863
248.00000000,2036.00000000,0.03384738
248.00000000,2037.00000000,0.03380556
248.00000000,2038.00000000,0.03376314
248.00000000,2039.00000000,0.03372120
248.00000000,2040.00000000,0.03367767
248.00000000,2041.00000000,0.03363357
248.00000000,2042.00000000,0.03358890
248.00000000,2043.00000000,0.03354351
248.00000000,2044.00000000,0.03349737
248.00000000,2045.00000000,0.03345154
248.00000000,2046.00000000,0.03340393
248.00000000,2047.00000000,0.03335553
248.00000000,2048.00000000,0.03330750
248.00000000,2049.00000000,0.03325774
248.00000000,2050.00000000,0.03320937
248.00000000,2051.00000000,0.03315735
248.00000000,2052.00000000,0.03310574
248.00000000,2053.00000000,0.03305364
248.00000000,2054.00000000,0.03300207
248.00000000,2055.00000000,0.03294897
248.00000000,2056.00000000,0.03289547
248.00000000,2057.00000000,0.03284155
248.00000000,2058.00000000,0.03278724
248.00000000,2059.00000000,0.03273361
248.00000000,2060.00000000,0.03267864
248.00000000,2061.00000000,0.03262337
248.00000000,2062.00000000,0.03256811
248.00000000,2063.00000000,0.03251401
248.00000000,2064.00000000,0.03246031
248.00000000,2065.00000000,0.03240704
248.00000000,2066.00000000,0.03235326
248.00000000,2067.00000000,0.03230000
248.00000000,2068.00000000,0.03224726
248.00000000,2069.00000000,0.03219499
248.00000000,2070.00000000,0.03214423
248.00000000,2071.00000000,0.03209397
248.00000000,2072.00000000,0.03204332
248.00000000,2073.00000000,0.03199454
248.00000000,2074.00000000,0.03194567
248.00000000,2075.00000000,0.03189873
248.00000000,2076.00000000,0.03185177
248.00000000,2077.00000000,0.03180571
248.00000000,2078.00000000,0.03176646
248.00000000,2079.00000000,0.03172122
248.00000000,2080.00000000,0.03167772
248.00000000,2081.00000000,0.03163605
248.00000000,2082.00000000,0.03159424
248.00000000,2083.00000000,0.03155427
248.00000000,2084.00000000,0.03151818
248.00000000,2085.00000000,0.03147912
248.00000000,2086.00000000,0.03144188
248.00000000,2087.00000000,0.03140553
248.00000000,2088.00000000,0.03137095
248.00000000,2089.00000000,0.03133620
248.00000000,2090.00000000,0.03130317
248.00000000,2091.00000000,0.03126988
248.00000000,2092.00000000,0.03123838
248.00000000,2093.00000000,0.03120967
248.00000000,2094.00000000,0.03117796
248.00000000,2095.00000000,0.03115005
248.00000000,2096.00000000,0.03112110
248.00000000,2097.00000000,0.03109488
248.00000000,2098.00000000,0.03107046
248.00000000,2099.00000000,0.03104297
248.00000000,2100.00000000,0.03101914
248.00000000,2101.00000000,0.03099509
248.00000000,2102.00000000,0.03097941
248.00000000,2103.00000000,0.03095697
248.00000000,2104.00000000,0.03093823
248.00000000,2105.00000000,0.03091654
248.00000000,2106.00000000,0.03089571
248.00000000,2107.00000000,0.03087949
248.00000000,2108.00000000,0.03086687
248.00000000,2109.00000000,0.03085122
248.00000000,2110.00000000,0.03083438
248.00000000,2111.00000000,0.03082295
248.00000000,2112.00000000,0.03081320
248.00000000,2113.00000000,0.03080318
248.00000000,2114.00000000,0.03079007
248.00000000,2115.00000000,0.03078256
248.00000000,2116.00000000,0.03077264
248.00000000,2117.00000000,0.03076529
248.00000000,2118.00000000,0.03075669
248.00000000,2119.00000000,0.03075247
248.00000000,2120.00000000,0.03075644
248.00000000,2121.00000000,0.03075532
248.00000000,2122.00000000,0.03073490
248.00000000,2123.00000000,0.03073758
248.00000000,2124.00000000,0.03073035
248.00000000,2125.00000000,0.03072361
248.00000000,2126.00000000,0.03071588
248.00000000,2127.00000000,0.03072033
248.00000000,2128.00000000,0.03073652
248.00000000,2129.00000000,0.03073531
248.00000000,2130.00000000,0.03074009
248.00000000,2131.00000000,0.03074813
248.00000000,2132.00000000,0.03074440
248.00000000,2133.00000000,0.03074012
248.00000000,2134.00000000,0.03073817
248.00000000,2135.00000000,0.03074602
248.00000000,2136.00000000,0.03077111
248.00000000,2137.00000000,0.03076672
248.00000000,2138.00000000,0.03078985
248.00000000,2139.00000000,0.03080127
248.00000000,2140.00000000,0.03080004
248.00000000,2141.00000000,0.03079360
248.00000000,2142.00000000,0.03080352
248.00000000,2143.00000000,0.03082324
248.00000000,2144.00000000,0.03083406
248.00000000,2145.00000000,0.03085282
248.00000000,2146.00000000,0.03087580
248.00000000,2147.00000000,0.03091510
248.00000000,2148.00000000,0.03094090
248.00000000,2149.00000000,0.03095874
248.00000000,2150.00000000,0.03097335
248.00000000,2151.00000000,0.03102310
248.00000000,2152.00000000,0.03103285
248.00000000,2153.00000000,0.03107396
248.00000000,2154.00000000,0.03112142
248.00000000,2155.00000000,0.03120136
248.00000000,2156.00000000,0.03117954
248.00000000,2157.00000000,0.03122373
248.00000000,2158.00000000,0.03126860
248.00000000,2159.00000000,0.03129921
248.00000000,2160.00000000,0.03135560
248.00000000,2161.00000000,0.03143308
248.00000000,2162.00000000,0.03136544
248.00000000,2163.00000000,0.03137480
248.00000000,2164.00000000,0.03145574
248.00000000,2165.00000000,0.03152973
248.00000000,2166.00000000,0.03153680
248.00000000,2167.00000000,0.03144125
248.00000000,2168.00000000,0.03158670
248.00000000,2169.00000000,0.03149459
248.00000000,2170.00000000,0.03156411
248.00000000,2171.00000000,0.03171295
248.00000000,2172.00000000,0.03173925
248.00000000,2173.00000000,0.03178467
248.00000000,2174.00000000,0.03182756
248.00000000,2175.00000000,0.03193859
248.00000000,2176.00000000,0.03197926
248.00000000,2177.00000000,0.03209366
248.00000000,2178.00000000,0.03204678
248.00000000,2179.00000000,0.03198081
248.00000000,2180.00000000,0.03193454
248.00000000,2181.00000000,0.03202098
248.00000000,2182.00000000,0.03214107
248.00000000,2183.00000000,0.03223795
248.00000000,2184.00000000,0.03238285
248.00000000,2185.00000000,0.03250635
248.00000000,2186.00000000,0.03249213
248.00000000,2187.00000000,0.03259063
248.00000000,2188.00000000,0.03274493
248.00000000,2189.00000000,0.03283191
248.00000000,2190.00000000,0.03289435
248.00000000,2191.00000000,0.03299735
248.00000000,2192.00000000,0.03304700
248.00000000,2193.00000000,0.03289118
248.00000000,2194.00000000,0.03302613
248.00000000,2195.00000000,0.03323623
248.00000000,2196.00000000,0.03337400
248.00000000,2197.00000000,0.03339072
248.00000000,2198.00000000,0.03366182
248.00000000,2199.00000000,0.03386437
248.00000000,2200.00000000,0.03396199
248.00000000,2201.00000000,0.03407767
248.00000000,2202.00000000,0.03417445
248.00000000,2203.00000000,0.03442317
248.00000000,2204.00000000,0.03463188
248.00000000,2205.00000000,0.03480029
248.00000000,2206.00000000,0.03493893
248.00000000,2207.00000000,0.03514981
248.00000000,2208.00000000,0.03534571
248.00000000,2209.00000000,0.03544681
248.00000000,2210.00000000,0.03563729
248.00000000,2211.00000000,0.03587120
248.00000000,2212.00000000,0.03611901
248.00000000,2213.00000000,0.03634603
248.00000000,2214.00000000,0.03659789
248.00000000,2215.00000000,0.03679795
248.00000000,2216.00000000,0.03707063
248.00000000,2217.00000000,0.03738040
248.00000000,2218.00000000,0.03775641
248.00000000,2219.00000000,0.03801334
248.00000000,2220.00000000,0.03828523
248.00000000,2221.00000000,0.03862751
248.00000000,2222.00000000,0.03874292
248.00000000,2223.00000000,0.03882125
248.00000000,2224.00000000,0.03920150
248.00000000,2225.00000000,0.03946035
248.00000000,2226.00000000,0.03964981
248.00000000,2227.00000000,0.04005047
248.00000000,2228.00000000,0.04010944
248.00000000,2229.00000000,0.04005779
248.00000000,2230.00000000,0.04013268
248.00000000,2231.00000000,0.04023344
248.00000000,2232.00000000,0.04053823
248.00000000,2233.00000000,0.04081843
248.00000000,2234.00000000,0.04111313
248.00000000,2235.00000000,0.04138610
248.00000000,2236.00000000,0.04173155
248.00000000,2237.00000000,0.04198975
248.00000000,2238.00000000,0.04217668
248.00000000,2239.00000000,0.04240253
248.00000000,2240.00000000,0.04241223
248.00000000,2241.00000000,0.04255151
248.00000000,2242.00000000,0.04280991
248.00000000,2243.00000000,0.04308292
248.00000000,2244.00000000,0.04336639
248.00000000,2245.00000000,0.04362132
248.00000000,2246.00000000,0.04372973
248.00000000,2247.00000000,0.04385236
248.00000000,2248.00000000,0.04417383
248.00000000,2249.00000000,0.04449255
248.00000000,2250.00000000,0.04469839
248.00000000,2251.00000000,0.04521037
248.00000000,2252.00000000,0.04577721
248.00000000,2253.00000000,0.04625259
248.00000000,2254.00000000,0.04661197
248.00000000,2255.00000000,0.04697236
248.00000000,2256.00000000,0.04733382
248.00000000,2257.00000000,0.04769600
248.00000000,2258.00000000,0.04805892
248.00000000,2259.00000000,0.04849924
248.00000000,2260.00000000,0.04894071
248.00000000,2261.00000000,0.04938337
248.00000000,2262.00000000,0.04982721
248.00000000,2263.00000000,0.05027224
248.00000000,2264.00000000,0.05071850
248.00000000,2265.00000000,0.05116597
248.00000000,2266.00000000,0.05161459
248.00000000,2267.00000000,0.05206441
248.00000000,2268.00000000,0.05251537
248.00000000,2269.00000000,0.05293283
248.00000000,2270.00000000,0.05335129
248.00000000,2271.00000000,0.05377071
248.00000000,2272.00000000,0.05419114
248.00000000,2273.00000000,0.05461258
248.00000000,2274.00000000,0.05503500
248.00000000,2275.00000000,0.05545848
248.00000000,2276.00000000,0.05588301
248.00000000,2277.00000000,0.05630858
248.00000000,2278.00000000,0.05673531
248.00000000,2279.00000000,0.05723654
248.00000000,2280.00000000,0.05773915
248.00000000,2281.00000000,0.05824321
248.00000000,2282.00000000,0.05874865
248.00000000,2283.00000000,0.05925540
248.00000000,2284.00000000,0.05976353
248.00000000,2285.00000000,0.06027293
248.00000000,2286.00000000,0.06078367
248.00000000,2287.00000000,0.06129568
248.00000000,2288.00000000,0.06180892
248.00000000,2289.00000000,0.06237783
248.00000000,2290.00000000,0.06294816
248.00000000,2291.00000000,0.06351982
248.00000000,2292.00000000,0.06409284
248.00000000,2293.00000000,0.06466714
248.00000000,2294.00000000,0.06524261
248.00000000,2295.00000000,0.06581933
248.00000000,2296.00000000,0.06639711
248.00000000,2297.00000000,0.06697604
248.00000000,2298.00000000,0.06755598
248.00000000,2299.00000000,0.06813374
248.00000000,2300.00000000,0.06871247
248.00000000,2301.00000000,0.06929205
248.00000000,2302.00000000,0.06987239
248.00000000,2303.00000000,0.07045351
248.00000000,2304.00000000,0.07103531
248.00000000,2305.00000000,0.07161767
248.00000000,2306.00000000,0.07220062
248.00000000,2307.00000000,0.07278404
248.00000000,2308.00000000,0.07336779
248.00000000,2309.00000000,0.07382952
248.00000000,2310.00000000,0.07429107
248.00000000,2311.00000000,0.07475251
248.00000000,2312.00000000,0.07521375
248.00000000,2313.00000000,0.07567472
248.00000000,2314.00000000,0.07613550
248.00000000,2315.00000000,0.07659597
248.00000000,2316.00000000,0.07705608
248.00000000,2317.00000000,0.07751586
248.00000000,2318.00000000,0.07797519
248.00000000,2319.00000000,0.07832234
248.00000000,2320.00000000,0.07866872
248.00000000,2321.00000000,0.07901419
248.00000000,2322.00000000,0.07935886
248.00000000,2323.00000000,0.07970268
248.00000000,2324.00000000,0.08004557
248.00000000,2325.00000000,0.08038763
248.00000000,2326.00000000,0.08072880
248.00000000,2327.00000000,0.08106899
248.00000000,2328.00000000,0.08140830
248.00000000,2329.00000000,0.08168365
248.00000000,2330.00000000,0.08195781
248.00000000,2331.00000000,0.08223088
248.00000000,2332.00000000,0.08250275
248.00000000,2333.00000000,0.08277354
248.00000000,2334.00000000,0.08304317
248.00000000,2335.00000000,0.08331159
248.00000000,2336.00000000,0.08357891
248.00000000,2337.00000000,0.08384507
248.00000000,2338.00000000,0.08410997
248.00000000,2339.00000000,0.08430823
248.00000000,2340.00000000,0.08450512
248.00000000,2341.00000000,0.08470059
248.00000000,2342.00000000,0.08489479
248.00000000,2343.00000000,0.08508764
248.00000000,2344.00000000,0.08527909
248.00000000,2345.00000000,0.08546927
248.00000000,2346.00000000,0.08565805
248.00000000,2347.00000000,0.08584558
248.00000000,2348.00000000,0.08603176
248.00000000,2349.00000000,0.08616588
248.00000000,2350.00000000,0.08629865
248.00000000,2351.00000000,0.08642998
248.00000000,2352.00000000,0.08655981
248.00000000,2353.00000000,0.08668831
248.00000000,2354.00000000,0.08681540
248.00000000,2355.00000000,0.08694102
248.00000000,2356.00000000,0.08706533
248.00000000,2357.00000000,0.08718818
248.00000000,2358.00000000,0.08730973
248.00000000,2359.00000000,0.08742992
248.00000000,2360.00000000,0.08754866
248.00000000,2361.00000000,0.08766612
248.00000000,2362.00000000,0.08778222
248.00000000,2363.00000000,0.08789689
248.00000000,2364.00000000,0.08801029
248.00000000,2365.00000000,0.08812235
248.00000000,2366.00000000,0.08823298
248.00000000,2367.00000000,0.08834235
248.00000000,2368.00000000,0.08845039
248.00000000,2369.00000000,0.08855699
248.00000000,2370.00000000,0.08866235
248.00000000,2371.00000000,0.08876629
248.00000000,2372.00000000,0.08886898
248.00000000,2373.00000000,0.08897034
248.00000000,2374.00000000,0.08907026
248.00000000,2375.00000000,0.08916895
248.00000000,2376.00000000,0.08926631
248.00000000,2377.00000000,0.08936223
248.00000000,2378.00000000,0.08945693
248.00000000,2379.00000000,0.08955028
248.00000000,2380.00000000,0.08964218
248.00000000,2381.00000000,0.08973285
248.00000000,2382.00000000,0.08982207
248.00000000,2383.00000000,0.08991006
248.00000000,2384.00000000,0.08999669
248.00000000,2385.00000000,0.09008187
248.00000000,2386.00000000,0.09016578
248.00000000,2387.00000000,0.09024834
248.00000000,2388.00000000,0.09032944
248.00000000,2389.00000000,0.09040925
248.00000000,2390.00000000,0.09048768
248.00000000,2391.00000000,0.09056464
248.00000000,2392.00000000,0.09064029
248.00000000,2393.00000000,0.09071443
248.00000000,2394.00000000,0.09078727
248.00000000,2395.00000000,0.09085866
248.00000000,2396.00000000,0.09092850
248.00000000,2397.00000000,0.09099696
248.00000000,2398.00000000,0.09106386
248.00000000,2399.00000000,0.09077712
248.00000000,2400.00000000,0.09048853
248.00000000,2401.00000000,0.09019804
248.00000000,2402.00000000,0.08990562
248.00000000,2403.00000000,0.08961147
248.00000000,2404.00000000,0.08931553
248.00000000,2405.00000000,0.08901779
248.00000000,2406.00000000,0.08871841
248.00000000,2407.00000000,0.08841729
248.00000000,2408.00000000,0.08811461
248.00000000,2409.00000000,0.08781032
248.00000000,2410.00000000,0.08750439
248.00000000,2411.00000000,0.08719698
248.00000000,2412.00000000,0.08688809
248.00000000,2413.00000000,0.08657761
248.00000000,2414.00000000,0.08626578
248.00000000,2415.00000000,0.08595252
248.00000000,2416.00000000,0.08563780
248.00000000,2417.00000000,0.08532179
248.00000000,2418.00000000,0.08500436
248.00000000,2419.00000000,0.08468571
248.00000000,2420.00000000,0.08436577
248.00000000,2421.00000000,0.08404450
248.00000000,2422.00000000,0.08372209
248.00000000,2423.00000000,0.08339846
248.00000000,2424.00000000,0.08307358
248.00000000,2425.00000000,0.08274763
248.00000000,2426.00000000,0.08242055
248.00000000,2427.00000000,0.08209227
248.00000000,2428.00000000,0.08176299
248.00000000,2429.00000000,0.08143266
248.00000000,2430.00000000,0.08110120
248.00000000,2431.00000000,0.08076882
248.00000000,2432.00000000,0.08043536
248.00000000,2433.00000000,0.08010100
248.00000000,2434.00000000,0.07976569
248.00000000,2435.00000000,0.07942937
248.00000000,2436.00000000,0.07909223
248.00000000,2437.00000000,0.07875420
248.00000000,2438.00000000,0.07841521
248.00000000,2439.00000000,0.07807546
248.00000000,2440.00000000,0.07773488
248.00000000,2441.00000000,0.07739340
248.00000000,2442.00000000,0.07705121
248.00000000,2443.00000000,0.07670817
248.00000000,2444.00000000,0.07636444
248.00000000,2445.00000000,0.07601999
248.00000000,2446.00000000,0.07567473
248.00000000,2447.00000000,0.07532884
248.00000000,2448.00000000,0.07498228
248.00000000,2449.00000000,0.07463497
248.00000000,2450.00000000,0.07428708
248.00000000,2451.00000000,0.07393855
248.00000000,2452.00000000,0.07358933
248.00000000,2453.00000000,0.07323957
248.00000000,2454.00000000,0.07288923
248.00000000,2455.00000000,0.07253824
248.00000000,2456.00000000,0.07218676
248.00000000,2457.00000000,0.07183465
248.00000000,2458.00000000,0.07148210
248.00000000,2459.00000000,0.07112905
248.00000000,2460.00000000,0.07077540
248.00000000,2461.00000000,0.07042134
248.00000000,2462.00000000,0.07006684
248.00000000,2463.00000000,0.06971177
248.00000000,2464.00000000,0.06935636
248.00000000,2465.00000000,0.06900052
248.00000000,2466.00000000,0.06864417
248.00000000,2467.00000000,0.06828751
248.00000000,2468.00000000,0.06793038
248.00000000,2469.00000000,0.06757295
248.00000000,2470.00000000,0.06721518
248.00000000,2471.00000000,0.06685696
248.00000000,2472.00000000,0.06649849
248.00000000,2473.00000000,0.06613970
248.00000000,2474.00000000,0.06578052
248.00000000,2475.00000000,0.06542112
248.00000000,2476.00000000,0.06506144
248.00000000,2477.00000000,0.06470140
248.00000000,2478.00000000,0.06434119
248.00000000,2479.00000000,0.06398064
248.00000000,2480.00000000,0.06361995
248.00000000,2481.00000000,0.06325902
248.00000000,2482.00000000,0.06289781
248.00000000,2483.00000000,0.06253646
248.00000000,2484.00000000,0.06217494
248.00000000,2485.00000000,0.06181314
248.00000000,2486.00000000,0.06145128
248.00000000,2487.00000000,0.06108926
248.00000000,2488.00000000,0.06072699
248.00000000,2489.00000000,0.06036469
248.00000000,2490.00000000,0.06000228
248.00000000,2491.00000000,0.05963965
248.00000000,2492.00000000,0.05927703
248.00000000,2493.00000000,0.05891425
248.00000000,2494.00000000,0.05855148
248.00000000,2495.00000000,0.05818868
248.00000000,2496.00000000,0.05782579
248.00000000,2497.00000000,0.05753889
248.00000000,2498.00000000,0.05747545
248.00000000,2499.00000000,0.05747307
248.00000000,2500.00000000,0.05747087
249.00000000,1765.00000000,0.03509802
249.00000000,1766.00000000,0.03509801
249.00000000,1767.00000000,0.03509813
249.00000000,1768.00000000,0.03509821
249.00000000,1769.00000000,0.03509830
249.00000000,1770.00000000,0.03509862
249.00000000,1771.00000000,0.03509868
249.00000000,1772.00000000,0.03509901
249.00000000,1773.00000000,0.03509935
249.00000000,1774.00000000,0.03509986
249.00000000,1775.00000000,0.03510038
249.00000000,1776.00000000,0.03510097
249.00000000,1777.00000000,0.03510159
249.00000000,1778.00000000,0.03510235
249.00000000,1779.00000000,0.03510311
249.00000000,1780.00000000,0.03510399
249.00000000,1781.00000000,0.03510503
249.00000000,1782.00000000,0.03510594
249.00000000,1783.00000000,0.03510681
249.00000000,1784.00000000,0.03510797
249.00000000,1785.00000000,0.03510911
249.00000000,1786.00000000,0.03511036
249.00000000,1787.00000000,0.03511146
249.00000000,1788.00000000,0.03511265
249.00000000,1789.00000000,0.03511404
249.00000000,1790.00000000,0.03511521
249.00000000,1791.00000000,0.03511675
249.00000000,1792.00000000,0.03511798
249.00000000,1793.00000000,0.03511944
249.00000000,1794.00000000,0.03512106
249.00000000,1795.00000000,0.03512242
249.00000000,1796.00000000,0.03512397
249.00000000,1797.00000000,0.03512553
249.00000000,1798.00000000,0.03512714
249.00000000,1799.00000000,0.03512869
249.00000000,1800.00000000,0.03513036
249.00000000,1801.00000000,0.03513196
249.00000000,1802.00000000,0.03513363
249.00000000,1803.00000000,0.03513535
249.00000000,1804.00000000,0.03513705
249.00000000,1805.00000000,0.03513875
249.00000000,1806.00000000,0.03514053
249.00000000,1807.00000000,0.03514214
249.00000000,1808.00000000,0.03514385
249.00000000,1809.00000000,0.03514568
249.00000000,1810.00000000,0.03514743
249.00000000,1811.00000000,0.03514912
249.00000000,1812.00000000,0.03515101
249.00000000,1813.00000000,0.03515272
249.00000000,1814.00000000,0.03515456
249.00000000,1815.00000000,0.03515639
249.00000000,1816.00000000,0.03515816
249.00000000,1817.00000000,0.03516002
249.00000000,1818.00000000,0.03516183
249.00000000,1819.00000000,0.03516370
249.00000000,1820.00000000,0.03516554
249.00000000,1821.00000000,0.03516724
249.00000000,1822.00000000,0.03516916
249.00000000,1823.00000000,0.03517097
249.00000000,1824.00000000,0.03517279
249.00000000,1825.00000000,0.03517455
249.00000000,1826.00000000,0.03517634
249.00000000,1827.00000000,0.03517824
249.00000000,1828.00000000,0.03518001
249.00000000,1829.00000000,0.03518184
249.00000000,1830.00000000,0.03518361
249.00000000,1831.00000000,0.03518548
249.00000000,1832.00000000,0.03518724
249.00000000,1833.00000000,0.03518896
249.00000000,1834.00000000,0.03519076
249.00000000,1835.00000000,0.03519247
249.00000000,1836.00000000,0.03519430
249.00000000,1837.00000000,0.03519602
249.00000000,1838.00000000,0.03519769
249.00000000,1839.00000000,0.03519948
249.00000000,1840.00000000,0.03520111
249.00000000,1841.00000000,0.03520285
249.00000000,1842.00000000,0.03520455
249.00000000,1843.00000000,0.03520621
249.00000000,1844.00000000,0.03520785
249.00000000,1845.00000000,0.03520943
249.00000000,1846.00000000,0.03521104
249.00000000,1847.00000000,0.03521264
249.00000000,1848.00000000,0.03521423
249.00000000,1849.00000000,0.03521588
249.00000000,1850.00000000,0.03521740
249.00000000,1851.00000000,0.03521887
249.00000000,1852.00000000,0.03522036
249.00000000,1853.00000000,0.03522205
249.00000000,1854.00000000,0.03522371
249.00000000,1855.00000000,0.03522546
249.00000000,1856.00000000,0.03522703
249.00000000,1857.00000000,0.03522862
249.00000000,1858.00000000,0.03523021
249.00000000,1859.00000000,0.03523174
249.00000000,1860.00000000,0.03523320
249.00000000,1861.00000000,0.03523462
249.00000000,1862.00000000,0.03523598
249.00000000,1863.00000000,0.03523705
249.00000000,1864.00000000,0.03523786
249.00000000,1865.00000000,0.03523846
249.00000000,1866.00000000,0.03523888
249.00000000,1867.00000000,0.03523919
249.00000000,1868.00000000,0.03523933
249.00000000,1869.00000000,0.03523943
249.00000000,1870.00000000,0.03523922
249.00000000,1871.00000000,0.03523905
249.00000000,1872.00000000,0.03523896
249.00000000,1873.00000000,0.03523919
249.00000000,1874.00000000,0.03523961
249.00000000,1875.00000000,0.03524016
249.00000000,1876.00000000,0.03524092
249.00000000,1877.00000000,0.03524170
249.00000000,1878.00000000,0.03524257
249.00000000,1879.00000000,0.03524347
249.00000000,1880.00000000,0.03524445
249.00000000,1881.00000000,0.03524535
249.00000000,1882.00000000,0.03524632
249.00000000,1883.00000000,0.03524708
249.00000000,1884.00000000,0.03524756
249.00000000,1885.00000000,0.03524803
249.00000000,1886.00000000,0.03524839
249.00000000,1887.00000000,0.03524857
249.00000000,1888.00000000,0.03524877
249.00000000,1889.00000000,0.03524878
249.00000000,1890.00000000,0.03524859
249.00000000,1891.00000000,0.03524834
249.00000000,1892.00000000,0.03524796
249.00000000,1893.00000000,0.03524735
249.00000000,1894.00000000,0.03524681
249.00000000,1895.00000000,0.03524632
249.00000000,1896.00000000,0.03524583
249.00000000,1897.00000000,0.03524530
249.00000000,1898.00000000,0.03524477
249.00000000,1899.00000000,0.03524406
249.00000000,1900.00000000,0.03524328
249.00000000,1901.00000000,0.03524222
249.00000000,1902.00000000,0.03524128
249.00000000,1903.00000000,0.03524040
249.00000000,1904.00000000,0.03523964
249.00000000,1905.00000000,0.03523884
249.00000000,1906.00000000,0.03523819
249.00000000,1907.00000000,0.03523759
249.00000000,1908.00000000,0.03523694
249.00000000,1909.00000000,0.03523627
249.00000000,1910.00000000,0.03523563
249.00000000,1911.00000000,0.03523478
249.00000000,1912.00000000,0.03523375
249.00000000,1913.00000000,0.03523226
249.00000000,1914.00000000,0.03523029
249.00000000,1915.00000000,0.03522811
249.00000000,1916.00000000,0.03522591
249.00000000,1917.00000000,0.03522370
249.00000000,1918.00000000,0.03522134
249.00000000,1919.00000000,0.03521900
249.00000000,1920.00000000,0.03521685
249.00000000,1921.00000000,0.03521506
249.00000000,1922.00000000,0.03521364
249.00000000,1923.00000000,0.03521256
249.00000000,1924.00000000,0.03521150
249.00000000,1925.00000000,0.03521038
249.00000000,1926.00000000,0.03520915
249.00000000,1927.00000000,0.03520793
249.00000000,1928.00000000,0.03520679
249.00000000,1929.00000000,0.03520556
249.00000000,1930.00000000,0.03520439
249.00000000,1931.00000000,0.03520368
249.00000000,1932.00000000,0.03520361
249.00000000,1933.00000000,0.03520379
249.00000000,1934.00000000,0.03520423
249.00000000,1935.00000000,0.03520462
249.00000000,1936.00000000,0.03520479
249.00000000,1937.00000000,0.03520447
249.00000000,1938.00000000,0.03520354
249.00000000,1939.00000000,0.03520220
249.00000000,1940.00000000,0.03520052
249.00000000,1941.00000000,0.03519835
249.00000000,1942.00000000,0.03519566
249.00000000,1943.00000000,0.03519267
249.00000000,1944.00000000,0.03518941
249.00000000,1945.00000000,0.03518611
249.00000000,1946.00000000,0.03518322
249.00000000,1947.00000000,0.03518109
249.00000000,1948.00000000,0.03517930
249.00000000,1949.00000000,0.03517751
249.00000000,1950.00000000,0.03517571
249.00000000,1951.00000000,0.03517379
249.00000000,1952.00000000,0.03517215
249.00000000,1953.00000000,0.03517067
249.00000000,1954.00000000,0.03516906
249.00000000,1955.00000000,0.03516762
249.00000000,1956.00000000,0.03516619
249.00000000,1957.00000000,0.03516459
249.00000000,1958.00000000,0.03516268
249.00000000,1959.00000000,0.03516058
249.00000000,1960.00000000,0.03515756
249.00000000,1961.00000000,0.03515373
249.00000000,1962.00000000,0.03514949
249.00000000,1963.00000000,0.03514476
249.00000000,1964.00000000,0.03513952
249.00000000,1965.00000000,0.03513364
249.00000000,1966.00000000,0.03512710
249.00000000,1967.00000000,0.03511989
249.00000000,1968.00000000,0.03511198
249.00000000,1969.00000000,0.03510306
249.00000000,1970.00000000,0.03509298
249.00000000,1971.00000000,0.03508135
249.00000000,1972.00000000,0.03506775
249.00000000,1973.00000000,0.03505249
249.00000000,1974.00000000,0.03503583
249.00000000,1975.00000000,0.03501836
249.00000000,1976.00000000,0.03500062
249.00000000,1977.00000000,0.03498293
249.00000000,1978.00000000,0.03496509
249.00000000,1979.00000000,0.03494709
249.00000000,1980.00000000,0.03492873
249.00000000,1981.00000000,0.03491024
249.00000000,1982.00000000,0.03489264
249.00000000,1983.00000000,0.03487688
249.00000000,1984.00000000,0.03486299
249.00000000,1985.00000000,0.03485052
249.00000000,1986.00000000,0.03483879
249.00000000,1987.00000000,0.03482748
249.00000000,1988.00000000,0.03481619
249.00000000,1989.00000000,0.03480470
249.00000000,1990.00000000,0.03479296
249.00000000,1991.00000000,0.03478104
249.00000000,1992.00000000,0.03476934
249.00000000,1993.00000000,0.03475785
249.00000000,1994.00000000,0.03474681
249.00000000,1995.00000000,0.03473614
249.00000000,1996.00000000,0.03472549
249.00000000,1997.00000000,0.03471459
249.00000000,1998.00000000,0.03470332
249.00000000,1999.00000000,0.03469194
249.00000000,2000.00000000,0.03468060
249.00000000,2001.00000000,0.03466913
249.00000000,2002.00000000,0.03465739
249.00000000,2003.00000000,0.03464565
249.00000000,2004.00000000,0.03463335
249.00000000,2005.00000000,0.03461982
249.00000000,2006.00000000,0.03460450
249.00000000,2007.00000000,0.03458734
249.00000000,2008.00000000,0.03456859
249.00000000,2009.00000000,0.03454836
249.00000000,2010.00000000,0.03452683
249.00000000,2011.00000000,0.03450409
249.00000000,2012.00000000,0.03448019
249.00000000,2013.00000000,0.03445508
249.00000000,2014.00000000,0.03442877
249.00000000,2015.00000000,0.03440438
249.00000000,2016.00000000,0.03437570
249.00000000,2017.00000000,0.03434582
249.00000000,2018.00000000,0.03431496
249.00000000,2019.00000000,0.03428307
249.00000000,2020.00000000,0.03425127
249.00000000,2021.00000000,0.03421756
249.00000000,2022.00000000,0.03418306
249.00000000,2023.00000000,0.03414785
249.00000000,2024.00000000,0.03411210
249.00000000,2025.00000000,0.03407584
249.00000000,2026.00000000,0.03403911
249.00000000,2027.00000000,0.03400201
249.00000000,2028.00000000,0.03396453
249.00000000,2029.00000000,0.03392671
249.00000000,2030.00000000,0.03388965
249.00000000,2031.00000000,0.03385122
249.00000000,2032.00000000,0.03381243
249.00000000,2033.00000000,0.03377316
249.00000000,2034.00000000,0.03373332
249.00000000,2035.00000000,0.03369290
249.00000000,2036.00000000,0.03365191
249.00000000,2037.00000000,0.03361027
249.00000000,2038.00000000,0.03356806
249.00000000,2039.00000000,0.03352529
249.00000000,2040.00000000,0.03348302
249.00000000,2041.00000000,0.03343917
249.00000000,2042.00000000,0.03339469
249.00000000,2043.00000000,0.03334956
249.00000000,2044.00000000,0.03330366
249.00000000,2045.00000000,0.03325702
249.00000000,2046.00000000,0.03321066
249.00000000,2047.00000000,0.03316257
249.00000000,2048.00000000,0.03311371
249.00000000,2049.00000000,0.03306525
249.00000000,2050.00000000,0.03301513
249.00000000,2051.00000000,0.03296640
249.00000000,2052.00000000,0.03291409
249.00000000,2053.00000000,0.03286222
249.00000000,2054.00000000,0.03280990
249.00000000,2055.00000000,0.03275814
249.00000000,2056.00000000,0.03270489
249.00000000,2057.00000000,0.03265127
249.00000000,2058.00000000,0.03259727
249.00000000,2059.00000000,0.03254289
249.00000000,2060.00000000,0.03248922
249.00000000,2061.00000000,0.03243428
249.00000000,2062.00000000,0.03237927
249.00000000,2063.00000000,0.03232450
249.00000000,2064.00000000,0.03227104
249.00000000,2065.00000000,0.03221807
249.00000000,2066.00000000,0.03216559
249.00000000,2067.00000000,0.03211259
249.00000000,2068.00000000,0.03206014
249.00000000,2069.00000000,0.03200818
249.00000000,2070.00000000,0.03195666
249.00000000,2071.00000000,0.03190666
249.00000000,2072.00000000,0.03185732
249.00000000,2073.00000000,0.03180775
249.00000000,2074.00000000,0.03176013
249.00000000,2075.00000000,0.03171249
249.00000000,2076.00000000,0.03166672
249.00000000,2077.00000000,0.03162094
249.00000000,2078.00000000,0.03157601
249.00000000,2079.00000000,0.03153782
249.00000000,2080.00000000,0.03149361
249.00000000,2081.00000000,0.03145113
249.00000000,2082.00000000,0.03141050
249.00000000,2083.00000000,0.03136980
249.00000000,2084.00000000,0.03133095
249.00000000,2085.00000000,0.03129595
249.00000000,2086.00000000,0.03125797
249.00000000,2087.00000000,0.03122177
249.00000000,2088.00000000,0.03118643
249.00000000,2089.00000000,0.03115278
249.00000000,2090.00000000,0.03111895
249.00000000,2091.00000000,0.03108681
249.00000000,2092.00000000,0.03105446
249.00000000,2093.00000000,0.03102396
249.00000000,2094.00000000,0.03099626
249.00000000,2095.00000000,0.03096558
249.00000000,2096.00000000,0.03093866
249.00000000,2097.00000000,0.03091067
249.00000000,2098.00000000,0.03088536
249.00000000,2099.00000000,0.03086181
249.00000000,2100.00000000,0.03083518
249.00000000,2101.00000000,0.03081218
249.00000000,2102.00000000,0.03078902
249.00000000,2103.00000000,0.03077424
249.00000000,2104.00000000,0.03075276
249.00000000,2105.00000000,0.03073497
249.00000000,2106.00000000,0.03071421
249.00000000,2107.00000000,0.03069429
249.00000000,2108.00000000,0.03067892
249.00000000,2109.00000000,0.03066709
249.00000000,2110.00000000,0.03065222
249.00000000,2111.00000000,0.03063615
249.00000000,2112.00000000,0.03062541
249.00000000,2113.00000000,0.03061633
249.00000000,2114.00000000,0.03060693
249.00000000,2115.00000000,0.03059446
249.00000000,2116.00000000,0.03058753
249.00000000,2117.00000000,0.03057817
249.00000000,2118.00000000,0.03057135
249.00000000,2119.00000000,0.03056328
249.00000000,2120.00000000,0.03055954
249.00000000,2121.00000000,0.03056392
249.00000000,2122.00000000,0.03056323
249.00000000,2123.00000000,0.03054335
249.00000000,2124.00000000,0.03054640
249.00000000,2125.00000000,0.03053961
249.00000000,2126.00000000,0.03053329
249.00000000,2127.00000000,0.03052597
249.00000000,2128.00000000,0.03053076
249.00000000,2129.00000000,0.03054721
249.00000000,2130.00000000,0.03054636
249.00000000,2131.00000000,0.03055146
249.00000000,2132.00000000,0.03055978
249.00000000,2133.00000000,0.03055640
249.00000000,2134.00000000,0.03055248
249.00000000,2135.00000000,0.03055086
249.00000000,2136.00000000,0.03055897
249.00000000,2137.00000000,0.03058421
249.00000000,2138.00000000,0.03058014
249.00000000,2139.00000000,0.03060342
249.00000000,2140.00000000,0.03061508
249.00000000,2141.00000000,0.03061413
249.00000000,2142.00000000,0.03060801
249.00000000,2143.00000000,0.03061816
249.00000000,2144.00000000,0.03063803
249.00000000,2145.00000000,0.03064905
249.00000000,2146.00000000,0.03066798
249.00000000,2147.00000000,0.03069108
249.00000000,2148.00000000,0.03073040
249.00000000,2149.00000000,0.03075631
249.00000000,2150.00000000,0.03077431
249.00000000,2151.00000000,0.03078926
249.00000000,2152.00000000,0.03083959
249.00000000,2153.00000000,0.03085062
249.00000000,2154.00000000,0.03089303
249.00000000,2155.00000000,0.03094186
249.00000000,2156.00000000,0.03102300
249.00000000,2157.00000000,0.03100294
249.00000000,2158.00000000,0.03104849
249.00000000,2159.00000000,0.03109467
249.00000000,2160.00000000,0.03112661
249.00000000,2161.00000000,0.03118417
249.00000000,2162.00000000,0.03126264
249.00000000,2163.00000000,0.03119673
249.00000000,2164.00000000,0.03120736
249.00000000,2165.00000000,0.03128916
249.00000000,2166.00000000,0.03136401
249.00000000,2167.00000000,0.03137225
249.00000000,2168.00000000,0.03127837
249.00000000,2169.00000000,0.03142420
249.00000000,2170.00000000,0.03133367
249.00000000,2171.00000000,0.03140390
249.00000000,2172.00000000,0.03155304
249.00000000,2173.00000000,0.03158022
249.00000000,2174.00000000,0.03162641
249.00000000,2175.00000000,0.03167006
249.00000000,2176.00000000,0.03178149
249.00000000,2177.00000000,0.03182289
249.00000000,2178.00000000,0.03193764
249.00000000,2179.00000000,0.03189187
249.00000000,2180.00000000,0.03182708
249.00000000,2181.00000000,0.03178187
249.00000000,2182.00000000,0.03186874
249.00000000,2183.00000000,0.03198907
249.00000000,2184.00000000,0.03208630
249.00000000,2185.00000000,0.03223130
249.00000000,2186.00000000,0.03235500
249.00000000,2187.00000000,0.03234162
249.00000000,2188.00000000,0.03244040
249.00000000,2189.00000000,0.03259473
249.00000000,2190.00000000,0.03268205
249.00000000,2191.00000000,0.03274493
249.00000000,2192.00000000,0.03284817
249.00000000,2193.00000000,0.03289831
249.00000000,2194.00000000,0.03274388
249.00000000,2195.00000000,0.03287890
249.00000000,2196.00000000,0.03308874
249.00000000,2197.00000000,0.03322658
249.00000000,2198.00000000,0.03324389
249.00000000,2199.00000000,0.03351446
249.00000000,2200.00000000,0.03371678
249.00000000,2201.00000000,0.03381463
249.00000000,2202.00000000,0.03393045
249.00000000,2203.00000000,0.03402746
249.00000000,2204.00000000,0.03427575
249.00000000,2205.00000000,0.03448421
249.00000000,2206.00000000,0.03465253
249.00000000,2207.00000000,0.03479121
249.00000000,2208.00000000,0.03500183
249.00000000,2209.00000000,0.03519754
249.00000000,2210.00000000,0.03529884
249.00000000,2211.00000000,0.03548915
249.00000000,2212.00000000,0.03572270
249.00000000,2213.00000000,0.03597012
249.00000000,2214.00000000,0.03619682
249.00000000,2215.00000000,0.03644826
249.00000000,2216.00000000,0.03664812
249.00000000,2217.00000000,0.03692032
249.00000000,2218.00000000,0.03722945
249.00000000,2219.00000000,0.03760456
249.00000000,2220.00000000,0.03786108
249.00000000,2221.00000000,0.03813251
249.00000000,2222.00000000,0.03847406
249.00000000,2223.00000000,0.03858964
249.00000000,2224.00000000,0.03866827
249.00000000,2225.00000000,0.03904765
249.00000000,2226.00000000,0.03930612
249.00000000,2227.00000000,0.03949547
249.00000000,2228.00000000,0.03989520
249.00000000,2229.00000000,0.03995457
249.00000000,2230.00000000,0.03990375
249.00000000,2231.00000000,0.03997897
249.00000000,2232.00000000,0.04007997
249.00000000,2233.00000000,0.04038423
249.00000000,2234.00000000,0.04066398
249.00000000,2235.00000000,0.04095820
249.00000000,2236.00000000,0.04123077
249.00000000,2237.00000000,0.04157557
249.00000000,2238.00000000,0.04183343
249.00000000,2239.00000000,0.04202030
249.00000000,2240.00000000,0.04224597
249.00000000,2241.00000000,0.04225626
249.00000000,2242.00000000,0.04239567
249.00000000,2243.00000000,0.04265376
249.00000000,2244.00000000,0.04292641
249.00000000,2245.00000000,0.04320950
249.00000000,2246.00000000,0.04346415
249.00000000,2247.00000000,0.04357281
249.00000000,2248.00000000,0.04369565
249.00000000,2249.00000000,0.04401657
249.00000000,2250.00000000,0.04433446
249.00000000,2251.00000000,0.04453932
249.00000000,2252.00000000,0.04504868
249.00000000,2253.00000000,0.04561240
249.00000000,2254.00000000,0.04608483
249.00000000,2255.00000000,0.04644163
249.00000000,2256.00000000,0.04679941
249.00000000,2257.00000000,0.04715825
249.00000000,2258.00000000,0.04751780
249.00000000,2259.00000000,0.04787810
249.00000000,2260.00000000,0.04831554
249.00000000,2261.00000000,0.04875414
249.00000000,2262.00000000,0.04919399
249.00000000,2263.00000000,0.04963509
249.00000000,2264.00000000,0.05007740
249.00000000,2265.00000000,0.05052096
249.00000000,2266.00000000,0.05096576
249.00000000,2267.00000000,0.05141172
249.00000000,2268.00000000,0.05185889
249.00000000,2269.00000000,0.05230723
249.00000000,2270.00000000,0.05272221
249.00000000,2271.00000000,0.05313822
249.00000000,2272.00000000,0.05355518
249.00000000,2273.00000000,0.05397318
249.00000000,2274.00000000,0.05439220
249.00000000,2275.00000000,0.05481221
249.00000000,2276.00000000,0.05523329
249.00000000,2277.00000000,0.05565544
249.00000000,2278.00000000,0.05607864
249.00000000,2279.00000000,0.05650301
249.00000000,2280.00000000,0.05700158
249.00000000,2281.00000000,0.05750156
249.00000000,2282.00000000,0.05800297
249.00000000,2283.00000000,0.05850578
249.00000000,2284.00000000,0.05900991
249.00000000,2285.00000000,0.05951542
249.00000000,2286.00000000,0.06002221
249.00000000,2287.00000000,0.06053033
249.00000000,2288.00000000,0.06103974
249.00000000,2289.00000000,0.06155038
249.00000000,2290.00000000,0.06211647
249.00000000,2291.00000000,0.06268397
249.00000000,2292.00000000,0.06325281
249.00000000,2293.00000000,0.06382301
249.00000000,2294.00000000,0.06439450
249.00000000,2295.00000000,0.06496717
249.00000000,2296.00000000,0.06554107
249.00000000,2297.00000000,0.06611606
249.00000000,2298.00000000,0.06669217
249.00000000,2299.00000000,0.06726932
249.00000000,2300.00000000,0.06784429
249.00000000,2301.00000000,0.06842024
249.00000000,2302.00000000,0.06899704
249.00000000,2303.00000000,0.06957459
249.00000000,2304.00000000,0.07015293
249.00000000,2305.00000000,0.07073194
249.00000000,2306.00000000,0.07131151
249.00000000,2307.00000000,0.07189169
249.00000000,2308.00000000,0.07247233
249.00000000,2309.00000000,0.07305331
249.00000000,2310.00000000,0.07351279
249.00000000,2311.00000000,0.07397210
249.00000000,2312.00000000,0.07443132
249.00000000,2313.00000000,0.07489033
249.00000000,2314.00000000,0.07534909
249.00000000,2315.00000000,0.07580766
249.00000000,2316.00000000,0.07626593
249.00000000,2317.00000000,0.07672383
249.00000000,2318.00000000,0.07718142
249.00000000,2319.00000000,0.07763859
249.00000000,2320.00000000,0.07798403
249.00000000,2321.00000000,0.07832872
249.00000000,2322.00000000,0.07867251
249.00000000,2323.00000000,0.07901552
249.00000000,2324.00000000,0.07935766
249.00000000,2325.00000000,0.07969890
249.00000000,2326.00000000,0.08003932
249.00000000,2327.00000000,0.08037884
249.00000000,2328.00000000,0.08071740
249.00000000,2329.00000000,0.08105509
249.00000000,2330.00000000,0.08132911
249.00000000,2331.00000000,0.08160193
249.00000000,2332.00000000,0.08187366
249.00000000,2333.00000000,0.08214421
249.00000000,2334.00000000,0.08241369
249.00000000,2335.00000000,0.08268203
249.00000000,2336.00000000,0.08294916
249.00000000,2337.00000000,0.08321518
249.00000000,2338.00000000,0.08348006
249.00000000,2339.00000000,0.08374369
249.00000000,2340.00000000,0.08394097
249.00000000,2341.00000000,0.08413691
249.00000000,2342.00000000,0.08433142
249.00000000,2343.00000000,0.08452466
249.00000000,2344.00000000,0.08471656
249.00000000,2345.00000000,0.08490706
249.00000000,2346.00000000,0.08509632
249.00000000,2347.00000000,0.08528418
249.00000000,2348.00000000,0.08547080
249.00000000,2349.00000000,0.08565609
249.00000000,2350.00000000,0.08578953
249.00000000,2351.00000000,0.08592163
249.00000000,2352.00000000,0.08605230
249.00000000,2353.00000000,0.08618148
249.00000000,2354.00000000,0.08630934
249.00000000,2355.00000000,0.08643579
249.00000000,2356.00000000,0.08656080
249.00000000,2357.00000000,0.08668447
249.00000000,2358.00000000,0.08680673
249.00000000,2359.00000000,0.08692768
249.00000000,2360.00000000,0.08704725
249.00000000,2361.00000000,0.08716542
249.00000000,2362.00000000,0.08728229
249.00000000,2363.00000000,0.08739781
249.00000000,2364.00000000,0.08751193
249.00000000,2365.00000000,0.08762477
249.00000000,2366.00000000,0.08773627
249.00000000,2367.00000000,0.08784635
249.00000000,2368.00000000,0.08795518
249.00000000,2369.00000000,0.08806268
249.00000000,2370.00000000,0.08816875
249.00000000,2371.00000000,0.08827359
249.00000000,2372.00000000,0.08837701
249.00000000,2373.00000000,0.08847918
249.00000000,2374.00000000,0.08858004
249.00000000,2375.00000000,0.08867948
249.00000000,2376.00000000,0.08877768
249.00000000,2377.00000000,0.08887456
249.00000000,2378.00000000,0.08896999
249.00000000,2379.00000000,0.08906421
249.00000000,2380.00000000,0.08915710
249.00000000,2381.00000000,0.08924855
249.00000000,2382.00000000,0.08933877
249.00000000,2383.00000000,0.08942754
249.00000000,2384.00000000,0.08951508
249.00000000,2385.00000000,0.08960127
249.00000000,2386.00000000,0.08968603
249.00000000,2387.00000000,0.08976953
249.00000000,2388.00000000,0.08985167
249.00000000,2389.00000000,0.08993236
249.00000000,2390.00000000,0.09001177
249.00000000,2391.00000000,0.09008980
249.00000000,2392.00000000,0.09016637
249.00000000,2393.00000000,0.09024163
249.00000000,2394.00000000,0.09031540
249.00000000,2395.00000000,0.09038785
249.00000000,2396.00000000,0.09045889
249.00000000,2397.00000000,0.09052837
249.00000000,2398.00000000,0.09059647
249.00000000,2399.00000000,0.09066303
249.00000000,2400.00000000,0.09037749
249.00000000,2401.00000000,0.09009013
249.00000000,2402.00000000,0.08980087
249.00000000,2403.00000000,0.08950969
249.00000000,2404.00000000,0.08921679
249.00000000,2405.00000000,0.08892212
249.00000000,2406.00000000,0.08862564
249.00000000,2407.00000000,0.08832753
249.00000000,2408.00000000,0.08802770
249.00000000,2409.00000000,0.08772631
249.00000000,2410.00000000,0.08742332
249.00000000,2411.00000000,0.08711869
249.00000000,2412.00000000,0.08681260
249.00000000,2413.00000000,0.08650501
249.00000000,2414.00000000,0.08619587
249.00000000,2415.00000000,0.08588537
249.00000000,2416.00000000,0.08557345
249.00000000,2417.00000000,0.08526007
249.00000000,2418.00000000,0.08494542
249.00000000,2419.00000000,0.08462935
249.00000000,2420.00000000,0.08431206
249.00000000,2421.00000000,0.08399350
249.00000000,2422.00000000,0.08367359
249.00000000,2423.00000000,0.08335256
249.00000000,2424.00000000,0.08303033
249.00000000,2425.00000000,0.08270684
249.00000000,2426.00000000,0.08238227
249.00000000,2427.00000000,0.08205659
249.00000000,2428.00000000,0.08172973
249.00000000,2429.00000000,0.08140186
249.00000000,2430.00000000,0.08107294
249.00000000,2431.00000000,0.08074291
249.00000000,2432.00000000,0.08041195
249.00000000,2433.00000000,0.08007992
249.00000000,2434.00000000,0.07974700
249.00000000,2435.00000000,0.07941313
249.00000000,2436.00000000,0.07907827
249.00000000,2437.00000000,0.07874256
249.00000000,2438.00000000,0.07840598
249.00000000,2439.00000000,0.07806845
249.00000000,2440.00000000,0.07773016
249.00000000,2441.00000000,0.07739104
249.00000000,2442.00000000,0.07705103
249.00000000,2443.00000000,0.07671032
249.00000000,2444.00000000,0.07636875
249.00000000,2445.00000000,0.07602651
249.00000000,2446.00000000,0.07568354
249.00000000,2447.00000000,0.07533977
249.00000000,2448.00000000,0.07499538
249.00000000,2449.00000000,0.07465030
249.00000000,2450.00000000,0.07430449
249.00000000,2451.00000000,0.07395810
249.00000000,2452.00000000,0.07361108
249.00000000,2453.00000000,0.07326335
249.00000000,2454.00000000,0.07291510
249.00000000,2455.00000000,0.07256627
249.00000000,2456.00000000,0.07221679
249.00000000,2457.00000000,0.07186682
249.00000000,2458.00000000,0.07151625
249.00000000,2459.00000000,0.07116521
249.00000000,2460.00000000,0.07081367
249.00000000,2461.00000000,0.07046155
249.00000000,2462.00000000,0.07010903
249.00000000,2463.00000000,0.06975604
249.00000000,2464.00000000,0.06940252
249.00000000,2465.00000000,0.06904864
249.00000000,2466.00000000,0.06869433
249.00000000,2467.00000000,0.06833952
249.00000000,2468.00000000,0.06798441
249.00000000,2469.00000000,0.06762883
249.00000000,2470.00000000,0.06727295
249.00000000,2471.00000000,0.06691671
249.00000000,2472.00000000,0.06656004
249.00000000,2473.00000000,0.06620313
249.00000000,2474.00000000,0.06584590
249.00000000,2475.00000000,0.06548827
249.00000000,2476.00000000,0.06513042
249.00000000,2477.00000000,0.06477231
249.00000000,2478.00000000,0.06441383
249.00000000,2479.00000000,0.06405518
249.00000000,2480.00000000,0.06369620
249.00000000,2481.00000000,0.06333706
249.00000000,2482.00000000,0.06297771
249.00000000,2483.00000000,0.06261805
249.00000000,2484.00000000,0.06225828
249.00000000,2485.00000000,0.06189833
249.00000000,2486.00000000,0.06153811
249.00000000,2487.00000000,0.06117781
249.00000000,2488.00000000,0.06081737
249.00000000,2489.00000000,0.06045668
249.00000000,2490.00000000,0.06009596
249.00000000,2491.00000000,0.05973512
249.00000000,2492.00000000,0.05937407
249.00000000,2493.00000000,0.05901303
249.00000000,2494.00000000,0.05865182
249.00000000,2495.00000000,0.05829063
249.00000000,2496.00000000,0.05792941
249.00000000,2497.00000000,0.05756810
249.00000000,2498.00000000,0.05728245
249.00000000,2499.00000000,0.05721926
249.00000000,2500.00000000,0.05721684
250.00000000,1765.00000000,0.03489711
250.00000000,1766.00000000,0.03489703
250.00000000,1767.00000000,0.03489704
250.00000000,1768.00000000,0.03489720
250.00000000,1769.00000000,0.03489733
250.00000000,1770.00000000,0.03489748
250.00000000,1771.00000000,0.03489787
250.00000000,1772.00000000,0.03489800
250.00000000,1773.00000000,0.03489839
250.00000000,1774.00000000,0.03489879
250.00000000,1775.00000000,0.03489937
250.00000000,1776.00000000,0.03489996
250.00000000,1777.00000000,0.03490060
250.00000000,1778.00000000,0.03490129
250.00000000,1779.00000000,0.03490210
250.00000000,1780.00000000,0.03490293
250.00000000,1781.00000000,0.03490386
250.00000000,1782.00000000,0.03490495
250.00000000,1783.00000000,0.03490591
250.00000000,1784.00000000,0.03490683
250.00000000,1785.00000000,0.03490802
250.00000000,1786.00000000,0.03490920
250.00000000,1787.00000000,0.03491049
250.00000000,1788.00000000,0.03491162
250.00000000,1789.00000000,0.03491285
250.00000000,1790.00000000,0.03491427
250.00000000,1791.00000000,0.03491547
250.00000000,1792.00000000,0.03491704
250.00000000,1793.00000000,0.03491829
250.00000000,1794.00000000,0.03491978
250.00000000,1795.00000000,0.03492142
250.00000000,1796.00000000,0.03492280
250.00000000,1797.00000000,0.03492437
250.00000000,1798.00000000,0.03492595
250.00000000,1799.00000000,0.03492757
250.00000000,1800.00000000,0.03492912
250.00000000,1801.00000000,0.03493081
250.00000000,1802.00000000,0.03493241
250.00000000,1803.00000000,0.03493409
250.00000000,1804.00000000,0.03493582
250.00000000,1805.00000000,0.03493752
250.00000000,1806.00000000,0.03493922
250.00000000,1807.00000000,0.03494101
250.00000000,1808.00000000,0.03494262
250.00000000,1809.00000000,0.03494433
250.00000000,1810.00000000,0.03494616
250.00000000,1811.00000000,0.03494792
250.00000000,1812.00000000,0.03494960
250.00000000,1813.00000000,0.03495149
250.00000000,1814.00000000,0.03495321
250.00000000,1815.00000000,0.03495504
250.00000000,1816.00000000,0.03495686
250.00000000,1817.00000000,0.03495863
250.00000000,1818.00000000,0.03496047
250.00000000,1819.00000000,0.03496227
250.00000000,1820.00000000,0.03496414
250.00000000,1821.00000000,0.03496597
250.00000000,1822.00000000,0.03496766
250.00000000,1823.00000000,0.03496957
250.00000000,1824.00000000,0.03497137
250.00000000,1825.00000000,0.03497318
250.00000000,1826.00000000,0.03497492
250.00000000,1827.00000000,0.03497670
250.00000000,1828.00000000,0.03497859
250.00000000,1829.00000000,0.03498034
250.00000000,1830.00000000,0.03498216
250.00000000,1831.00000000,0.03498390
250.00000000,1832.00000000,0.03498575
250.00000000,1833.00000000,0.03498749
250.00000000,1834.00000000,0.03498919
250.00000000,1835.00000000,0.03499098
250.00000000,1836.00000000,0.03499268
250.00000000,1837.00000000,0.03499448
250.00000000,1838.00000000,0.03499618
250.00000000,1839.00000000,0.03499783
250.00000000,1840.00000000,0.03499959
250.00000000,1841.00000000,0.03500120
250.00000000,1842.00000000,0.03500292
250.00000000,1843.00000000,0.03500460
250.00000000,1844.00000000,0.03500624
250.00000000,1845.00000000,0.03500785
250.00000000,1846.00000000,0.03500940
250.00000000,1847.00000000,0.03501099
250.00000000,1848.00000000,0.03501256
250.00000000,1849.00000000,0.03501413
250.00000000,1850.00000000,0.03501575
250.00000000,1851.00000000,0.03501723
250.00000000,1852.00000000,0.03501867
250.00000000,1853.00000000,0.03502030
250.00000000,1854.00000000,0.03502205
250.00000000,1855.00000000,0.03502367
250.00000000,1856.00000000,0.03502536
250.00000000,1857.00000000,0.03502687
250.00000000,1858.00000000,0.03502841
250.00000000,1859.00000000,0.03502996
250.00000000,1860.00000000,0.03503146
250.00000000,1861.00000000,0.03503286
250.00000000,1862.00000000,0.03503419
250.00000000,1863.00000000,0.03503523
250.00000000,1864.00000000,0.03503605
250.00000000,1865.00000000,0.03503666
250.00000000,1866.00000000,0.03503709
250.00000000,1867.00000000,0.03503736
250.00000000,1868.00000000,0.03503754
250.00000000,1869.00000000,0.03503755
250.00000000,1870.00000000,0.03503753
250.00000000,1871.00000000,0.03503724
250.00000000,1872.00000000,0.03503713
250.00000000,1873.00000000,0.03503736
250.00000000,1874.00000000,0.03503782
250.00000000,1875.00000000,0.03503839
250.00000000,1876.00000000,0.03503906
250.00000000,1877.00000000,0.03503990
250.00000000,1878.00000000,0.03504074
250.00000000,1879.00000000,0.03504167
250.00000000,1880.00000000,0.03504258
250.00000000,1881.00000000,0.03504356
250.00000000,1882.00000000,0.03504446
250.00000000,1883.00000000,0.03504520
250.00000000,1884.00000000,0.03504577
250.00000000,1885.00000000,0.03504612
250.00000000,1886.00000000,0.03504649
250.00000000,1887.00000000,0.03504677
250.00000000,1888.00000000,0.03504686
250.00000000,1889.00000000,0.03504692
250.00000000,1890.00000000,0.03504679
250.00000000,1891.00000000,0.03504644
250.00000000,1892.00000000,0.03504604
250.00000000,1893.00000000,0.03504558
250.00000000,1894.00000000,0.03504496
250.00000000,1895.00000000,0.03504447
250.00000000,1896.00000000,0.03504399
250.00000000,1897.00000000,0.03504347
250.00000000,1898.00000000,0.03504288
250.00000000,1899.00000000,0.03504225
250.00000000,1900.00000000,0.03504139
250.00000000,1901.00000000,0.03504049
250.00000000,1902.00000000,0.03503949
250.00000000,1903.00000000,0.03503858
250.00000000,1904.00000000,0.03503775
250.00000000,1905.00000000,0.03503708
250.00000000,1906.00000000,0.03503638
250.00000000,1907.00000000,0.03503579
250.00000000,1908.00000000,0.03503515
250.00000000,1909.00000000,0.03503446
250.00000000,1910.00000000,0.03503380
250.00000000,1911.00000000,0.03503308
250.00000000,1912.00000000,0.03503194
250.00000000,1913.00000000,0.03503049
250.00000000,1914.00000000,0.03502855
250.00000000,1915.00000000,0.03502637
250.00000000,1916.00000000,0.03502416
250.00000000,1917.00000000,0.03502194
250.00000000,1918.00000000,0.03501965
250.00000000,1919.00000000,0.03501732
250.00000000,1920.00000000,0.03501521
250.00000000,1921.00000000,0.03501336
250.00000000,1922.00000000,0.03501199
250.00000000,1923.00000000,0.03501088
250.00000000,1924.00000000,0.03500985
250.00000000,1925.00000000,0.03500872
250.00000000,1926.00000000,0.03500755
250.00000000,1927.00000000,0.03500631
250.00000000,1928.00000000,0.03500513
250.00000000,1929.00000000,0.03500396
250.00000000,1930.00000000,0.03500280
250.00000000,1931.00000000,0.03500209
250.00000000,1932.00000000,0.03500197
250.00000000,1933.00000000,0.03500221
250.00000000,1934.00000000,0.03500263
250.00000000,1935.00000000,0.03500302
250.00000000,1936.00000000,0.03500314
250.00000000,1937.00000000,0.03500286
250.00000000,1938.00000000,0.03500194
250.00000000,1939.00000000,0.03500059
250.00000000,1940.00000000,0.03499893
250.00000000,1941.00000000,0.03499678
250.00000000,1942.00000000,0.03499411
250.00000000,1943.00000000,0.03499111
250.00000000,1944.00000000,0.03498788
250.00000000,1945.00000000,0.03498460
250.00000000,1946.00000000,0.03498174
250.00000000,1947.00000000,0.03497961
250.00000000,1948.00000000,0.03497784
250.00000000,1949.00000000,0.03497606
250.00000000,1950.00000000,0.03497422
250.00000000,1951.00000000,0.03497235
250.00000000,1952.00000000,0.03497074
250.00000000,1953.00000000,0.03496919
250.00000000,1954.00000000,0.03496770
250.00000000,1955.00000000,0.03496620
250.00000000,1956.00000000,0.03496476
250.00000000,1957.00000000,0.03496318
250.00000000,1958.00000000,0.03496136
250.00000000,1959.00000000,0.03495917
250.00000000,1960.00000000,0.03495621
250.00000000,1961.00000000,0.03495239
250.00000000,1962.00000000,0.03494815
250.00000000,1963.00000000,0.03494349
250.00000000,1964.00000000,0.03493827
250.00000000,1965.00000000,0.03493241
250.00000000,1966.00000000,0.03492589
250.00000000,1967.00000000,0.03491877
250.00000000,1968.00000000,0.03491086
250.00000000,1969.00000000,0.03490198
250.00000000,1970.00000000,0.03489197
250.00000000,1971.00000000,0.03488039
250.00000000,1972.00000000,0.03486689
250.00000000,1973.00000000,0.03485170
250.00000000,1974.00000000,0.03483515
250.00000000,1975.00000000,0.03481776
250.00000000,1976.00000000,0.03480013
250.00000000,1977.00000000,0.03478252
250.00000000,1978.00000000,0.03476481
250.00000000,1979.00000000,0.03474688
250.00000000,1980.00000000,0.03472863
250.00000000,1981.00000000,0.03471025
250.00000000,1982.00000000,0.03469273
250.00000000,1983.00000000,0.03467708
250.00000000,1984.00000000,0.03466324
250.00000000,1985.00000000,0.03465082
250.00000000,1986.00000000,0.03463921
250.00000000,1987.00000000,0.03462790
250.00000000,1988.00000000,0.03461667
250.00000000,1989.00000000,0.03460527
250.00000000,1990.00000000,0.03459356
250.00000000,1991.00000000,0.03458172
250.00000000,1992.00000000,0.03457005
250.00000000,1993.00000000,0.03455864
250.00000000,1994.00000000,0.03454766
250.00000000,1995.00000000,0.03453702
250.00000000,1996.00000000,0.03452643
250.00000000,1997.00000000,0.03451557
250.00000000,1998.00000000,0.03450435
250.00000000,1999.00000000,0.03449303
250.00000000,2000.00000000,0.03448173
250.00000000,2001.00000000,0.03447029
250.00000000,2002.00000000,0.03445862
250.00000000,2003.00000000,0.03444692
250.00000000,2004.00000000,0.03443468
250.00000000,2005.00000000,0.03442119
250.00000000,2006.00000000,0.03440593
250.00000000,2007.00000000,0.03438885
250.00000000,2008.00000000,0.03437017
250.00000000,2009.00000000,0.03435003
250.00000000,2010.00000000,0.03432858
250.00000000,2011.00000000,0.03430593
250.00000000,2012.00000000,0.03428212
250.00000000,2013.00000000,0.03425711
250.00000000,2014.00000000,0.03423089
250.00000000,2015.00000000,0.03420349
250.00000000,2016.00000000,0.03417803
250.00000000,2017.00000000,0.03414835
250.00000000,2018.00000000,0.03411753
250.00000000,2019.00000000,0.03408580
250.00000000,2020.00000000,0.03405311
250.00000000,2021.00000000,0.03402055
250.00000000,2022.00000000,0.03398621
250.00000000,2023.00000000,0.03395119
250.00000000,2024.00000000,0.03391557
250.00000000,2025.00000000,0.03387948
250.00000000,2026.00000000,0.03384294
250.00000000,2027.00000000,0.03380599
250.00000000,2028.00000000,0.03376870
250.00000000,2029.00000000,0.03373106
250.00000000,2030.00000000,0.03369311
250.00000000,2031.00000000,0.03365591
250.00000000,2032.00000000,0.03361730
250.00000000,2033.00000000,0.03357822
250.00000000,2034.00000000,0.03353861
250.00000000,2035.00000000,0.03349837
250.00000000,2036.00000000,0.03345754
250.00000000,2037.00000000,0.03341617
250.00000000,2038.00000000,0.03337415
250.00000000,2039.00000000,0.03333160
250.00000000,2040.00000000,0.03328849
250.00000000,2041.00000000,0.03324590
250.00000000,2042.00000000,0.03320166
250.00000000,2043.00000000,0.03315672
250.00000000,2044.00000000,0.03311109
250.00000000,2045.00000000,0.03306468
250.00000000,2046.00000000,0.03301754
250.00000000,2047.00000000,0.03297070
250.00000000,2048.00000000,0.03292216
250.00000000,2049.00000000,0.03287289
250.00000000,2050.00000000,0.03282404
250.00000000,2051.00000000,0.03277357
250.00000000,2052.00000000,0.03272454
250.00000000,2053.00000000,0.03267198
250.00000000,2054.00000000,0.03261989
250.00000000,2055.00000000,0.03256739
250.00000000,2056.00000000,0.03251548
250.00000000,2057.00000000,0.03246211
250.00000000,2058.00000000,0.03240840
250.00000000,2059.00000000,0.03235434
250.00000000,2060.00000000,0.03229991
250.00000000,2061.00000000,0.03224628
250.00000000,2062.00000000,0.03219160
250.00000000,2063.00000000,0.03213707
250.00000000,2064.00000000,0.03208296
250.00000000,2065.00000000,0.03203023
250.00000000,2066.00000000,0.03197803
250.00000000,2067.00000000,0.03192632
250.00000000,2068.00000000,0.03187411
250.00000000,2069.00000000,0.03182243
250.00000000,2070.00000000,0.03177122
250.00000000,2071.00000000,0.03172048
250.00000000,2072.00000000,0.03167140
250.00000000,2073.00000000,0.03162313
250.00000000,2074.00000000,0.03157474
250.00000000,2075.00000000,0.03152830
250.00000000,2076.00000000,0.03148183
250.00000000,2077.00000000,0.03143724
250.00000000,2078.00000000,0.03139257
250.00000000,2079.00000000,0.03134872
250.00000000,2080.00000000,0.03131151
250.00000000,2081.00000000,0.03126833
250.00000000,2082.00000000,0.03122690
250.00000000,2083.00000000,0.03118738
250.00000000,2084.00000000,0.03114780
250.00000000,2085.00000000,0.03111005
250.00000000,2086.00000000,0.03107610
250.00000000,2087.00000000,0.03103916
250.00000000,2088.00000000,0.03100395
250.00000000,2089.00000000,0.03096955
250.00000000,2090.00000000,0.03093679
250.00000000,2091.00000000,0.03090384
250.00000000,2092.00000000,0.03087263
250.00000000,2093.00000000,0.03084129
250.00000000,2094.00000000,0.03081181
250.00000000,2095.00000000,0.03078511
250.00000000,2096.00000000,0.03075542
250.00000000,2097.00000000,0.03072946
250.00000000,2098.00000000,0.03070240
250.00000000,2099.00000000,0.03067796
250.00000000,2100.00000000,0.03065524
250.00000000,2101.00000000,0.03062945
250.00000000,2102.00000000,0.03060733
250.00000000,2103.00000000,0.03058512
250.00000000,2104.00000000,0.03057124
250.00000000,2105.00000000,0.03055072
250.00000000,2106.00000000,0.03053383
250.00000000,2107.00000000,0.03051397
250.00000000,2108.00000000,0.03049492
250.00000000,2109.00000000,0.03048035
250.00000000,2110.00000000,0.03046928
250.00000000,2111.00000000,0.03045515
250.00000000,2112.00000000,0.03043980
250.00000000,2113.00000000,0.03042973
250.00000000,2114.00000000,0.03042127
250.00000000,2115.00000000,0.03041249
250.00000000,2116.00000000,0.03040061
250.00000000,2117.00000000,0.03039422
250.00000000,2118.00000000,0.03038541
250.00000000,2119.00000000,0.03037910
250.00000000,2120.00000000,0.03037153
250.00000000,2121.00000000,0.03036825
250.00000000,2122.00000000,0.03037302
250.00000000,2123.00000000,0.03037274
250.00000000,2124.00000000,0.03035338
250.00000000,2125.00000000,0.03035679
250.00000000,2126.00000000,0.03035041
250.00000000,2127.00000000,0.03034450
250.00000000,2128.00000000,0.03033760
250.00000000,2129.00000000,0.03034271
250.00000000,2130.00000000,0.03035940
250.00000000,2131.00000000,0.03035890
250.00000000,2132.00000000,0.03036431
250.00000000,2133.00000000,0.03037291
250.00000000,2134.00000000,0.03036987
250.00000000,2135.00000000,0.03036628
250.00000000,2136.00000000,0.03036498
250.00000000,2137.00000000,0.03037335
250.00000000,2138.00000000,0.03039874
250.00000000,2139.00000000,0.03039499
250.00000000,2140.00000000,0.03041842
250.00000000,2141.00000000,0.03043029
250.00000000,2142.00000000,0.03042962
250.00000000,2143.00000000,0.03042382
250.00000000,2144.00000000,0.03043418
250.00000000,2145.00000000,0.03045420
250.00000000,2146.00000000,0.03046542
250.00000000,2147.00000000,0.03048450
250.00000000,2148.00000000,0.03050773
250.00000000,2149.00000000,0.03054708
250.00000000,2150.00000000,0.03057309
250.00000000,2151.00000000,0.03059140
250.00000000,2152.00000000,0.03060715
250.00000000,2153.00000000,0.03065851
250.00000000,2154.00000000,0.03067099
250.00000000,2155.00000000,0.03071478
250.00000000,2156.00000000,0.03076497
250.00000000,2157.00000000,0.03084728
250.00000000,2158.00000000,0.03082892
250.00000000,2159.00000000,0.03087576
250.00000000,2160.00000000,0.03092320
250.00000000,2161.00000000,0.03095643
250.00000000,2162.00000000,0.03101507
250.00000000,2163.00000000,0.03109449
250.00000000,2164.00000000,0.03103026
250.00000000,2165.00000000,0.03104210
250.00000000,2166.00000000,0.03112470
250.00000000,2167.00000000,0.03120036
250.00000000,2168.00000000,0.03120972
250.00000000,2169.00000000,0.03111745
250.00000000,2170.00000000,0.03126364
250.00000000,2171.00000000,0.03117464
250.00000000,2172.00000000,0.03124555
250.00000000,2173.00000000,0.03139495
250.00000000,2174.00000000,0.03142298
250.00000000,2175.00000000,0.03146991
250.00000000,2176.00000000,0.03151428
250.00000000,2177.00000000,0.03162608
250.00000000,2178.00000000,0.03166818
250.00000000,2179.00000000,0.03178325
250.00000000,2180.00000000,0.03173857
250.00000000,2181.00000000,0.03167494
250.00000000,2182.00000000,0.03163077
250.00000000,2183.00000000,0.03171803
250.00000000,2184.00000000,0.03183859
250.00000000,2185.00000000,0.03193613
250.00000000,2186.00000000,0.03208123
250.00000000,2187.00000000,0.03220512
250.00000000,2188.00000000,0.03219254
250.00000000,2189.00000000,0.03229161
250.00000000,2190.00000000,0.03244596
250.00000000,2191.00000000,0.03253359
250.00000000,2192.00000000,0.03259690
250.00000000,2193.00000000,0.03270038
250.00000000,2194.00000000,0.03275097
250.00000000,2195.00000000,0.03259792
250.00000000,2196.00000000,0.03273300
250.00000000,2197.00000000,0.03294259
250.00000000,2198.00000000,0.03308047
250.00000000,2199.00000000,0.03309836
250.00000000,2200.00000000,0.03336840
250.00000000,2201.00000000,0.03357049
250.00000000,2202.00000000,0.03366855
250.00000000,2203.00000000,0.03378451
250.00000000,2204.00000000,0.03388174
250.00000000,2205.00000000,0.03412960
250.00000000,2206.00000000,0.03433780
250.00000000,2207.00000000,0.03450603
250.00000000,2208.00000000,0.03464475
250.00000000,2209.00000000,0.03485510
250.00000000,2210.00000000,0.03505060
250.00000000,2211.00000000,0.03515210
250.00000000,2212.00000000,0.03534223
250.00000000,2213.00000000,0.03557544
250.00000000,2214.00000000,0.03582245
250.00000000,2215.00000000,0.03604883
250.00000000,2216.00000000,0.03629986
250.00000000,2217.00000000,0.03649952
250.00000000,2218.00000000,0.03677123
250.00000000,2219.00000000,0.03707972
250.00000000,2220.00000000,0.03745395
250.00000000,2221.00000000,0.03771006
250.00000000,2222.00000000,0.03798102
250.00000000,2223.00000000,0.03832184
250.00000000,2224.00000000,0.03843758
250.00000000,2225.00000000,0.03851652
250.00000000,2226.00000000,0.03889503
250.00000000,2227.00000000,0.03915311
250.00000000,2228.00000000,0.03934235
250.00000000,2229.00000000,0.03974116
250.00000000,2230.00000000,0.03980093
250.00000000,2231.00000000,0.03975092
250.00000000,2232.00000000,0.03982648
250.00000000,2233.00000000,0.03992770
250.00000000,2234.00000000,0.04023143
250.00000000,2235.00000000,0.04051075
250.00000000,2236.00000000,0.04080449
250.00000000,2237.00000000,0.04107666
250.00000000,2238.00000000,0.04142080
250.00000000,2239.00000000,0.04167834
250.00000000,2240.00000000,0.04186515
250.00000000,2241.00000000,0.04209061
250.00000000,2242.00000000,0.04210150
250.00000000,2243.00000000,0.04224103
250.00000000,2244.00000000,0.04249881
250.00000000,2245.00000000,0.04277111
250.00000000,2246.00000000,0.04305382
250.00000000,2247.00000000,0.04330819
250.00000000,2248.00000000,0.04341711
250.00000000,2249.00000000,0.04354010
250.00000000,2250.00000000,0.04386018
250.00000000,2251.00000000,0.04417669
250.00000000,2252.00000000,0.04438003
250.00000000,2253.00000000,0.04488649
250.00000000,2254.00000000,0.04544697
250.00000000,2255.00000000,0.04591642
250.00000000,2256.00000000,0.04627063
250.00000000,2257.00000000,0.04662582
250.00000000,2258.00000000,0.04698205
250.00000000,2259.00000000,0.04733902
250.00000000,2260.00000000,0.04769674
250.00000000,2261.00000000,0.04813135
250.00000000,2262.00000000,0.04856718
250.00000000,2263.00000000,0.04900431
250.00000000,2264.00000000,0.04944272
250.00000000,2265.00000000,0.04988236
250.00000000,2266.00000000,0.05032328
250.00000000,2267.00000000,0.05076544
250.00000000,2268.00000000,0.05120879
250.00000000,2269.00000000,0.05165336
250.00000000,2270.00000000,0.05209911
250.00000000,2271.00000000,0.05251165
250.00000000,2272.00000000,0.05292523
250.00000000,2273.00000000,0.05333979
250.00000000,2274.00000000,0.05375539
250.00000000,2275.00000000,0.05417202
250.00000000,2276.00000000,0.05458965
250.00000000,2277.00000000,0.05500837
250.00000000,2278.00000000,0.05542817
250.00000000,2279.00000000,0.05584904
250.00000000,2280.00000000,0.05627107
250.00000000,2281.00000000,0.05676703
250.00000000,2282.00000000,0.05726439
250.00000000,2283.00000000,0.05776320
250.00000000,2284.00000000,0.05826340
250.00000000,2285.00000000,0.05876493
250.00000000,2286.00000000,0.05926785
250.00000000,2287.00000000,0.05977205
250.00000000,2288.00000000,0.06027759
250.00000000,2289.00000000,0.06078442
250.00000000,2290.00000000,0.06129248
250.00000000,2291.00000000,0.06185578
250.00000000,2292.00000000,0.06242049
250.00000000,2293.00000000,0.06298653
250.00000000,2294.00000000,0.06355394
250.00000000,2295.00000000,0.06412265
250.00000000,2296.00000000,0.06469253
250.00000000,2297.00000000,0.06526364
250.00000000,2298.00000000,0.06583585
250.00000000,2299.00000000,0.06640918
250.00000000,2300.00000000,0.06698356
250.00000000,2301.00000000,0.06755578
250.00000000,2302.00000000,0.06812895
250.00000000,2303.00000000,0.06870299
250.00000000,2304.00000000,0.06927776
250.00000000,2305.00000000,0.06985333
250.00000000,2306.00000000,0.07042959
250.00000000,2307.00000000,0.07100639
250.00000000,2308.00000000,0.07158382
250.00000000,2309.00000000,0.07216170
250.00000000,2310.00000000,0.07273992
250.00000000,2311.00000000,0.07319719
250.00000000,2312.00000000,0.07365429
250.00000000,2313.00000000,0.07411128
250.00000000,2314.00000000,0.07456810
250.00000000,2315.00000000,0.07502466
250.00000000,2316.00000000,0.07548102
250.00000000,2317.00000000,0.07593712
250.00000000,2318.00000000,0.07639284
250.00000000,2319.00000000,0.07684824
250.00000000,2320.00000000,0.07730324
250.00000000,2321.00000000,0.07764701
250.00000000,2322.00000000,0.07799001
250.00000000,2323.00000000,0.07833214
250.00000000,2324.00000000,0.07867349
250.00000000,2325.00000000,0.07901400
250.00000000,2326.00000000,0.07935359
250.00000000,2327.00000000,0.07969237
250.00000000,2328.00000000,0.08003027
250.00000000,2329.00000000,0.08036721
250.00000000,2330.00000000,0.08070327
250.00000000,2331.00000000,0.08097596
250.00000000,2332.00000000,0.08124746
250.00000000,2333.00000000,0.08151789
250.00000000,2334.00000000,0.08178713
250.00000000,2335.00000000,0.08205530
250.00000000,2336.00000000,0.08232234
250.00000000,2337.00000000,0.08258818
250.00000000,2338.00000000,0.08285295
250.00000000,2339.00000000,0.08311656
250.00000000,2340.00000000,0.08337892
250.00000000,2341.00000000,0.08357522
250.00000000,2342.00000000,0.08377019
250.00000000,2343.00000000,0.08396375
250.00000000,2344.00000000,0.08415605
250.00000000,2345.00000000,0.08434702
250.00000000,2346.00000000,0.08453660
250.00000000,2347.00000000,0.08472494
250.00000000,2348.00000000,0.08491188
250.00000000,2349.00000000,0.08509759
250.00000000,2350.00000000,0.08528197
250.00000000,2351.00000000,0.08541474
250.00000000,2352.00000000,0.08554618
250.00000000,2353.00000000,0.08567620
250.00000000,2354.00000000,0.08580473
250.00000000,2355.00000000,0.08593196
250.00000000,2356.00000000,0.08605779
250.00000000,2357.00000000,0.08618216
250.00000000,2358.00000000,0.08630525
250.00000000,2359.00000000,0.08642688
250.00000000,2360.00000000,0.08654723
250.00000000,2361.00000000,0.08666623
250.00000000,2362.00000000,0.08678379
250.00000000,2363.00000000,0.08690009
250.00000000,2364.00000000,0.08701505
250.00000000,2365.00000000,0.08712858
250.00000000,2366.00000000,0.08724087
250.00000000,2367.00000000,0.08735182
250.00000000,2368.00000000,0.08746135
250.00000000,2369.00000000,0.08756965
250.00000000,2370.00000000,0.08767662
250.00000000,2371.00000000,0.08778218
250.00000000,2372.00000000,0.08788650
250.00000000,2373.00000000,0.08798940
250.00000000,2374.00000000,0.08809107
250.00000000,2375.00000000,0.08819143
250.00000000,2376.00000000,0.08829036
250.00000000,2377.00000000,0.08838807
250.00000000,2378.00000000,0.08848447
250.00000000,2379.00000000,0.08857944
250.00000000,2380.00000000,0.08867319
250.00000000,2381.00000000,0.08876562
250.00000000,2382.00000000,0.08885660
250.00000000,2383.00000000,0.08894636
250.00000000,2384.00000000,0.08903471
250.00000000,2385.00000000,0.08912180
250.00000000,2386.00000000,0.08920757
250.00000000,2387.00000000,0.08929190
250.00000000,2388.00000000,0.08937498
250.00000000,2389.00000000,0.08945670
250.00000000,2390.00000000,0.08953697
250.00000000,2391.00000000,0.08961599
250.00000000,2392.00000000,0.08969363
250.00000000,2393.00000000,0.08976980
250.00000000,2394.00000000,0.08984469
250.00000000,2395.00000000,0.08991808
250.00000000,2396.00000000,0.08999016
250.00000000,2397.00000000,0.09006084
250.00000000,2398.00000000,0.09012996
250.00000000,2399.00000000,0.09019770
250.00000000,2400.00000000,0.09026393
250.00000000,2401.00000000,0.08997959
250.00000000,2402.00000000,0.08969345
250.00000000,2403.00000000,0.08940542
250.00000000,2404.00000000,0.08911548
250.00000000,2405.00000000,0.08882382
250.00000000,2406.00000000,0.08853041
250.00000000,2407.00000000,0.08823519
250.00000000,2408.00000000,0.08793836
250.00000000,2409.00000000,0.08763980
250.00000000,2410.00000000,0.08733968
250.00000000,2411.00000000,0.08703800
250.00000000,2412.00000000,0.08673467
250.00000000,2413.00000000,0.08642988
250.00000000,2414.00000000,0.08612360
250.00000000,2415.00000000,0.08581578
250.00000000,2416.00000000,0.08550661
250.00000000,2417.00000000,0.08519603
250.00000000,2418.00000000,0.08488398
250.00000000,2419.00000000,0.08457068
250.00000000,2420.00000000,0.08425596
250.00000000,2421.00000000,0.08394002
250.00000000,2422.00000000,0.08362283
250.00000000,2423.00000000,0.08330430
250.00000000,2424.00000000,0.08298463
250.00000000,2425.00000000,0.08266378
250.00000000,2426.00000000,0.08234168
250.00000000,2427.00000000,0.08201850
250.00000000,2428.00000000,0.08169422
250.00000000,2429.00000000,0.08136876
250.00000000,2430.00000000,0.08104230
250.00000000,2431.00000000,0.08071479
250.00000000,2432.00000000,0.08038617
250.00000000,2433.00000000,0.08005663
250.00000000,2434.00000000,0.07972602
250.00000000,2435.00000000,0.07939454
250.00000000,2436.00000000,0.07906211
250.00000000,2437.00000000,0.07872868
250.00000000,2438.00000000,0.07839442
250.00000000,2439.00000000,0.07805928
250.00000000,2440.00000000,0.07772321
250.00000000,2441.00000000,0.07738636
250.00000000,2442.00000000,0.07704871
250.00000000,2443.00000000,0.07671017
250.00000000,2444.00000000,0.07637091
250.00000000,2445.00000000,0.07603082
250.00000000,2446.00000000,0.07569005
250.00000000,2447.00000000,0.07534855
250.00000000,2448.00000000,0.07500626
250.00000000,2449.00000000,0.07466336
250.00000000,2450.00000000,0.07431977
250.00000000,2451.00000000,0.07397544
250.00000000,2452.00000000,0.07363054
250.00000000,2453.00000000,0.07328501
250.00000000,2454.00000000,0.07293879
250.00000000,2455.00000000,0.07259205
250.00000000,2456.00000000,0.07224472
250.00000000,2457.00000000,0.07189674
250.00000000,2458.00000000,0.07154828
250.00000000,2459.00000000,0.07119921
250.00000000,2460.00000000,0.07084969
250.00000000,2461.00000000,0.07049966
250.00000000,2462.00000000,0.07014906
250.00000000,2463.00000000,0.06979806
250.00000000,2464.00000000,0.06944661
250.00000000,2465.00000000,0.06909460
250.00000000,2466.00000000,0.06874226
250.00000000,2467.00000000,0.06838948
250.00000000,2468.00000000,0.06803621
250.00000000,2469.00000000,0.06768262
250.00000000,2470.00000000,0.06732857
250.00000000,2471.00000000,0.06697423
250.00000000,2472.00000000,0.06661955
250.00000000,2473.00000000,0.06626443
250.00000000,2474.00000000,0.06590905
250.00000000,2475.00000000,0.06555337
250.00000000,2476.00000000,0.06519729
250.00000000,2477.00000000,0.06484100
250.00000000,2478.00000000,0.06448444
250.00000000,2479.00000000,0.06412751
250.00000000,2480.00000000,0.06377041
250.00000000,2481.00000000,0.06341299
250.00000000,2482.00000000,0.06305541
250.00000000,2483.00000000,0.06269762
250.00000000,2484.00000000,0.06233952
250.00000000,2485.00000000,0.06198132
250.00000000,2486.00000000,0.06162292
250.00000000,2487.00000000,0.06126427
250.00000000,2488.00000000,0.06090554
250.00000000,2489.00000000,0.06054665
250.00000000,2490.00000000,0.06018754
250.00000000,2491.00000000,0.05982839
250.00000000,2492.00000000,0.05946911
250.00000000,2493.00000000,0.05910964
250.00000000,2494.00000000,0.05875017
250.00000000,2495.00000000,0.05839054
250.00000000,2496.00000000,0.05803092
250.00000000,2497.00000000,0.05767127
250.00000000,2498.00000000,0.05731154
250.00000000,2499.00000000,0.05702712
250.00000000,2500.00000000,0.05696417
